0,0.048178,0.078421,0.10022,0.044346,0.071145,0.039979,0.054444,0.11005,0.053318,0.0582,0.0775,0.079418,0.049279,0.042362,0.063815,0.05673,0.056742,0.90328,0.062059,0.07196,0.049676,0.043747,0.087476,0.05343,0.068525,0.045559,0.095595,0.080837,0.075655,0.07817,0.065993,0.04867,0.057028,0.045146,0.097265,0.058286,0.065825,0.097656,0.048787,0.077133,0.088526,0.13356,0.12075,0.040388,0.040803,0.038268,0.058177,0.080359,0.078336,0.049119,0.051084,0.13755,0.044696,0.046609,0.050525,0.078887,0.10132,0.062206,0.097467,0.062597,0.051317,0.040198,0.063516,0.060809,0.063499,0.036782,0.065055,0.075269,0.04838,0.051712,0.044008,0.040787,0.10951,0.040694,0.072299,0.083342,0.049262,0.052256,0.052759,0.092384,0.057416,0.089733,0.066161,0.066267
0.048178,0,0.07506,0.098135,0.05907,0.066829,0.06014,0.054448,0.1018,0.073746,0.071308,0.070813,0.08544,0.050527,0.06088,0.05591,0.062147,0.057706,0.90989,0.065032,0.079852,0.049455,0.063589,0.084154,0.067664,0.067446,0.058425,0.090358,0.088392,0.077848,0.086327,0.065236,0.058979,0.055054,0.060108,0.086914,0.063249,0.071829,0.095041,0.062158,0.083053,0.089808,0.12826,0.13425,0.057024,0.045603,0.059839,0.070871,0.079758,0.06994,0.049255,0.060857,0.14561,0.06154,0.060506,0.049134,0.07606,0.098812,0.07577,0.10515,0.053742,0.070501,0.049608,0.054624,0.050743,0.06961,0.059128,0.060869,0.071847,0.049523,0.065676,0.050237,0.051472,0.10531,0.065015,0.077001,0.08762,0.057634,0.05214,0.068971,0.093534,0.059549,0.092304,0.070683,0.079249
0.078421,0.07506,0,0.084294,0.065881,0.07351,0.065799,0.064724,0.10408,0.070698,0.061065,0.064432,0.065843,0.065028,0.058813,0.064057,0.082832,0.065041,0.90931,0.072236,0.078953,0.049416,0.072944,0.090467,0.069373,0.052465,0.062383,0.067146,0.075919,0.073563,0.082512,0.051606,0.0758,0.062741,0.071007,0.082778,0.061803,0.06162,0.062553,0.075477,0.070105,0.11288,0.15889,0.13009,0.053366,0.067541,0.070143,0.061758,0.087481,0.069074,0.067779,0.074576,0.14009,0.06467,0.06449,0.058351,0.067229,0.072095,0.062214,0.078578,0.059041,0.07528,0.0541,0.061973,0.060988,0.076723,0.067057,0.07797,0.083239,0.066417,0.082563,0.054608,0.056224,0.10245,0.086284,0.088111,0.070696,0.06951,0.056726,0.090077,0.070818,0.052624,0.092389,0.069775,0.078865
0.10022,0.098135,0.084294,0,0.075763,0.072539,0.096841,0.066378,0.11645,0.092275,0.067311,0.066634,0.049187,0.078242,0.082238,0.096842,0.091461,0.07647,0.89738,0.077626,0.082211,0.077159,0.090551,0.097694,0.092318,0.095596,0.089449,0.080344,0.089325,0.087781,0.11386,0.072615,0.097132,0.083389,0.091646,0.086265,0.083875,0.072717,0.048879,0.088283,0.086397,0.11282,0.1681,0.12039,0.083793,0.094616,0.077906,0.082088,0.096407,0.084374,0.07499,0.092113,0.15072,0.085919,0.084306,0.080032,0.096993,0.062835,0.072964,0.082655,0.083602,0.086892,0.083104,0.082423,0.084308,0.10633,0.080627,0.092816,0.098673,0.0751,0.089266,0.080993,0.080429,0.093115,0.10336,0.090373,0.080039,0.091395,0.083256,0.10127,0.05406,0.079826,0.10342,0.082052,0.069634
0.044346,0.05907,0.065881,0.075763,0,0.06464,0.049159,0.051029,0.098454,0.033462,0.042312,0.063883,0.053049,0.046355,0.031139,0.068708,0.063002,0.042265,0.90567,0.049905,0.065211,0.04537,0.048462,0.079104,0.052638,0.065053,0.049622,0.075411,0.068332,0.052671,0.07577,0.047249,0.045311,0.052063,0.043086,0.09225,0.048836,0.059595,0.070424,0.055141,0.072683,0.096912,0.14012,0.12172,0.039888,0.051634,0.036193,0.045097,0.079097,0.065293,0.046587,0.054289,0.13584,0.031743,0.033966,0.047013,0.063296,0.071205,0.052666,0.071461,0.054682,0.056176,0.049761,0.045899,0.045764,0.068204,0.044927,0.060921,0.071705,0.041871,0.055744,0.047808,0.042265,0.086238,0.060055,0.074845,0.073335,0.052968,0.045764,0.068989,0.06682,0.048097,0.073368,0.058697,0.06398
0.071145,0.066829,0.07351,0.072539,0.06464,0,0.072617,0.066152,0.090646,0.086738,0.057451,0.058531,0.063247,0.066918,0.061253,0.06745,0.055069,0.066662,0.90851,0.076375,0.078406,0.054399,0.074873,0.078347,0.077519,0.081783,0.064539,0.082238,0.077893,0.065921,0.0852,0.053534,0.071554,0.060144,0.064233,0.070862,0.073758,0.059953,0.076297,0.063523,0.065559,0.08728,0.13935,0.10862,0.067975,0.068543,0.066886,0.063702,0.065733,0.045029,0.064966,0.072618,0.11969,0.057105,0.053138,0.066641,0.076641,0.084315,0.062389,0.10018,0.065042,0.079254,0.05546,0.074891,0.074151,0.0913,0.055947,0.08503,0.075146,0.055709,0.072983,0.063123,0.057671,0.078809,0.078351,0.076065,0.077968,0.058945,0.059099,0.073653,0.068638,0.071273,0.083595,0.077848,0.056044
0.039979,0.06014,0.065799,0.096841,0.049159,0.072617,0,0.05409,0.11373,0.045716,0.059238,0.076854,0.073686,0.048768,0.044524,0.065619,0.061989,0.049155,0.91534,0.054308,0.062834,0.044648,0.037928,0.092911,0.04374,0.058949,0.03331,0.089135,0.080556,0.079354,0.076029,0.063618,0.055876,0.063808,0.036386,0.095393,0.041322,0.048819,0.087304,0.054374,0.074557,0.099489,0.14068,0.1294,0.034923,0.050967,0.048205,0.058962,0.091629,0.08195,0.055649,0.046933,0.13852,0.043801,0.04604,0.040762,0.069797,0.090098,0.05335,0.097712,0.061994,0.04289,0.044871,0.058018,0.055456,0.055361,0.042905,0.065,0.073074,0.046769,0.051197,0.044724,0.039587,0.11587,0.050316,0.07072,0.075612,0.053395,0.039085,0.058278,0.08275,0.04342,0.079421,0.062296,0.067946
0.054444,0.054448,0.064724,0.066378,0.051029,0.066152,0.05409,0,0.11607,0.059606,0.053825,0.063444,0.052352,0.044546,0.047971,0.059518,0.060296,0.05064,0.90003,0.03916,0.059276,0.041378,0.049494,0.087881,0.056709,0.054296,0.052482,0.082293,0.076612,0.081913,0.086217,0.066076,0.061513,0.057017,0.050698,0.084489,0.049166,0.059319,0.066911,0.060746,0.0762,0.10292,0.15607,0.12636,0.044324,0.054661,0.053419,0.055349,0.076201,0.077648,0.033058,0.049783,0.14927,0.058878,0.05928,0.039402,0.075409,0.072924,0.047216,0.088192,0.063373,0.041941,0.050134,0.057888,0.056661,0.064732,0.04559,0.051749,0.08383,0.039784,0.049114,0.037941,0.043773,0.10566,0.062426,0.065861,0.063603,0.058944,0.049154,0.054117,0.058534,0.044196,0.08332,0.049905,0.061803
0.11005,0.1018,0.10408,0.11645,0.098454,0.090646,0.11373,0.11607,0,0.113,0.10127,0.1116,0.1122,0.098188,0.10712,0.10134,0.10651,0.1048,0.8987,0.11653,0.11724,0.097973,0.10981,0.060965,0.11289,0.11762,0.097227,0.11167,0.090405,0.073549,0.081688,0.07439,0.10706,0.080831,0.11519,0.11925,0.11099,0.10341,0.10022,0.085529,0.10975,0.0909,0.10485,0.13631,0.10864,0.094027,0.11075,0.10254,0.081259,0.072434,0.10203,0.11267,0.12327,0.10119,0.10098,0.11019,0.088874,0.13054,0.10189,0.12179,0.086295,0.1151,0.095284,0.10726,0.10657,0.09946,0.10612,0.10782,0.072043,0.093937,0.11416,0.09668,0.099935,0.09465,0.11688,0.11047,0.12902,0.086069,0.10361,0.12486,0.11565,0.10487,0.10592,0.1135,0.11212
0.053318,0.073746,0.070698,0.092275,0.033462,0.086738,0.045716,0.059606,0.113,0,0.059862,0.084189,0.065164,0.056397,0.041271,0.080555,0.078796,0.054861,0.90776,0.050819,0.06705,0.055215,0.047292,0.094353,0.052276,0.065474,0.049483,0.090185,0.074077,0.066804,0.079634,0.066911,0.050864,0.063015,0.044947,0.10736,0.049498,0.068712,0.081184,0.068777,0.087905,0.10997,0.14874,0.13065,0.039561,0.06263,0.051181,0.050772,0.098328,0.089328,0.056305,0.05674,0.14784,0.045156,0.049961,0.050759,0.072621,0.083157,0.057772,0.07791,0.070626,0.056216,0.061588,0.051868,0.051932,0.061511,0.055941,0.064327,0.083728,0.055101,0.052687,0.056901,0.053023,0.10361,0.065182,0.082875,0.07684,0.066417,0.050922,0.074653,0.075772,0.049829,0.084548,0.063661,0.072937
0.0582,0.071308,0.061065,0.067311,0.042312,0.057451,0.059238,0.053825,0.10127,0.059862,0,0.06488,0.042531,0.05648,0.035163,0.069191,0.065748,0.055307,0.89544,0.067638,0.06292,0.050509,0.051064,0.080136,0.067917,0.063213,0.055416,0.072103,0.066338,0.059499,0.078856,0.048189,0.066702,0.060108,0.062555,0.080447,0.052607,0.05426,0.060029,0.060634,0.071256,0.091663,0.15129,0.11457,0.054284,0.053595,0.047442,0.051802,0.06865,0.06024,0.051981,0.066979,0.12609,0.043562,0.046215,0.05119,0.074016,0.062915,0.053733,0.061098,0.058629,0.062813,0.045507,0.056154,0.056086,0.078123,0.037908,0.074183,0.073397,0.05701,0.068116,0.048445,0.044965,0.087318,0.059013,0.071185,0.064964,0.049591,0.052339,0.072729,0.064106,0.057658,0.08197,0.067446,0.060531
0.0775,0.070813,0.064432,0.066634,0.063883,0.058531,0.076854,0.063444,0.1116,0.084189,0.06488,0,0.061356,0.066931,0.069894,0.0743,0.071812,0.060108,0.89769,0.067011,0.088885,0.056557,0.078967,0.089876,0.075576,0.079671,0.078577,0.046972,0.080478,0.079641,0.096989,0.052631,0.079175,0.073527,0.069762,0.061452,0.073853,0.058791,0.069703,0.077337,0.045166,0.1,0.15369,0.12285,0.063165,0.072432,0.064402,0.064086,0.089664,0.061132,0.068441,0.07392,0.12783,0.068822,0.066263,0.063715,0.078845,0.070711,0.062009,0.092573,0.062707,0.081294,0.062604,0.065781,0.065939,0.096333,0.067226,0.083129,0.07997,0.056135,0.08117,0.063784,0.066624,0.087728,0.092734,0.098186,0.078491,0.074459,0.063582,0.085599,0.072746,0.063912,0.086778,0.075936,0.071192
0.079418,0.08544,0.065843,0.049187,0.053049,0.063247,0.073686,0.052352,0.1122,0.065164,0.042531,0.061356,0,0.059957,0.053836,0.080116,0.072311,0.056228,0.89704,0.063143,0.064536,0.052346,0.060746,0.094269,0.07607,0.07121,0.07159,0.067692,0.076245,0.071789,0.092483,0.059532,0.07261,0.066562,0.065128,0.082211,0.060493,0.057596,0.047547,0.074863,0.073817,0.10434,0.16384,0.12158,0.062495,0.07455,0.062488,0.054026,0.081834,0.072213,0.059988,0.066517,0.13152,0.060761,0.061176,0.057742,0.074391,0.050691,0.052059,0.064335,0.070584,0.067203,0.063649,0.063224,0.064418,0.085996,0.059025,0.075342,0.086403,0.061949,0.067251,0.062672,0.061425,0.082164,0.078747,0.082472,0.07201,0.069023,0.055834,0.075392,0.03653,0.063756,0.084262,0.067084,0.05725
0.049279,0.050527,0.065028,0.078242,0.046355,0.066918,0.048768,0.044546,0.098188,0.056397,0.05648,0.066931,0.059957,0,0.051477,0.064954,0.054722,0.038165,0.9047,0.054239,0.060792,0.030249,0.040831,0.085614,0.051065,0.053916,0.053238,0.075816,0.081958,0.079161,0.076593,0.05293,0.052255,0.039429,0.049885,0.08754,0.050983,0.051851,0.068788,0.049026,0.067143,0.081204,0.13686,0.13353,0.044626,0.044287,0.052842,0.054795,0.076776,0.069164,0.041457,0.041761,0.13762,0.055562,0.056409,0.039368,0.052927,0.084886,0.053887,0.085728,0.047104,0.047823,0.036364,0.05262,0.049866,0.053218,0.054887,0.049046,0.061727,0.048522,0.054401,0.041521,0.046135,0.1011,0.054597,0.057891,0.09044,0.048605,0.038644,0.058829,0.068709,0.056209,0.076919,0.047754,0.057271
0.042362,0.06088,0.058813,0.082238,0.031139,0.061253,0.044524,0.047971,0.10712,0.041271,0.035163,0.069894,0.053836,0.051477,0,0.063384,0.063147,0.053285,0.90734,0.055162,0.061506,0.040534,0.043265,0.08588,0.057637,0.056398,0.043724,0.082515,0.067138,0.058862,0.072624,0.055146,0.050326,0.054006,0.039783,0.093707,0.040751,0.061287,0.074851,0.061268,0.075415,0.10209,0.15346,0.12061,0.039067,0.051427,0.045386,0.041895,0.076482,0.066678,0.047069,0.05717,0.14224,0.025885,0.028568,0.046418,0.070396,0.070899,0.051298,0.073192,0.062733,0.055155,0.042524,0.051969,0.051328,0.067492,0.034406,0.065361,0.079282,0.048634,0.055393,0.04115,0.036838,0.097226,0.053397,0.069237,0.059395,0.045442,0.044275,0.061363,0.068132,0.047454,0.079961,0.061675,0.061798
0.063815,0.05591,0.064057,0.096842,0.068708,0.06745,0.065619,0.059518,0.10134,0.080555,0.069191,0.0743,0.080116,0.064954,0.063384,0,0.058697,0.06374,0.90373,0.070338,0.068779,0.052563,0.069432,0.083054,0.068126,0.063656,0.055612,0.095638,0.072513,0.071387,0.076074,0.06102,0.067682,0.067133,0.063254,0.09577,0.062275,0.06752,0.089466,0.062148,0.091331,0.1115,0.13939,0.12747,0.056306,0.059439,0.070258,0.068343,0.082204,0.074159,0.063205,0.067102,0.13423,0.066653,0.062538,0.063331,0.077145,0.08945,0.063715,0.10051,0.063481,0.070875,0.057021,0.067902,0.066076,0.068824,0.061775,0.05747,0.084361,0.056902,0.073863,0.053703,0.056677,0.1007,0.074389,0.082965,0.075742,0.066244,0.057751,0.063894,0.091975,0.050811,0.086149,0.068701,0.083185
0.05673,0.062147,0.082832,0.091461,0.063002,0.055069,0.061989,0.060296,0.10651,0.078796,0.065748,0.071812,0.072311,0.054722,0.063147,0.058697,0,0.05857,0.90385,0.069383,0.061264,0.054518,0.066843,0.095537,0.059148,0.06961,0.066651,0.094982,0.092538,0.085223,0.087207,0.06596,0.056243,0.064335,0.0505,0.094551,0.073358,0.067838,0.088337,0.060791,0.070873,0.095852,0.13719,0.12717,0.057781,0.058668,0.066744,0.068966,0.080114,0.065763,0.059999,0.053887,0.12591,0.061657,0.060604,0.060843,0.071922,0.091462,0.061642,0.10073,0.067801,0.067168,0.055206,0.077104,0.074628,0.078006,0.054212,0.064504,0.081164,0.058062,0.064324,0.053665,0.056517,0.091909,0.062861,0.063132,0.092938,0.065928,0.055343,0.043551,0.077341,0.06728,0.075062,0.054123,0.05906
0.056742,0.057706,0.065041,0.07647,0.042265,0.066662,0.049155,0.05064,0.1048,0.054861,0.055307,0.060108,0.056228,0.038165,0.053285,0.06374,0.05857,0,0.90061,0.050464,0.059003,0.041821,0.049214,0.090903,0.04918,0.062735,0.058629,0.071052,0.083751,0.073519,0.084885,0.054173,0.056333,0.059018,0.051507,0.078265,0.043534,0.044276,0.064663,0.060938,0.072115,0.096765,0.14249,0.13827,0.048349,0.062514,0.048719,0.055112,0.085501,0.069068,0.046881,0.041588,0.13701,0.057026,0.055582,0.035836,0.060549,0.075721,0.052456,0.086456,0.043078,0.048628,0.054754,0.046647,0.045361,0.066525,0.057178,0.055527,0.073069,0.045634,0.05145,0.051449,0.03955,0.098779,0.059822,0.068012,0.086783,0.064508,0.036578,0.064028,0.063726,0.046156,0.074808,0.053599,0.063007
0.90328,0.90989,0.90931,0.89738,0.90567,0.90851,0.91534,0.90003,0.8987,0.90776,0.89544,0.89769,0.89704,0.9047,0.90734,0.90373,0.90385,0.90061,0,0.89574,0.89978,0.90607,0.9029,0.90611,0.90065,0.90956,0.91572,0.90628,0.89174,0.89811,0.87705,0.9081,0.89408,0.90696,0.9146,0.89108,0.90807,0.9062,0.88839,0.89987,0.8987,0.8975,0.90562,0.9218,0.90862,0.90188,0.90645,0.887,0.89165,0.90258,0.89292,0.9019,0.87437,0.91519,0.91917,0.90389,0.92279,0.90499,0.89851,0.89688,0.91068,0.89845,0.90161,0.9127,0.91261,0.89589,0.90259,0.90309,0.91309,0.89989,0.90016,0.89734,0.90091,0.90409,0.90083,0.89168,0.8993,0.89988,0.9177,0.8936,0.89946,0.90333,0.91186,0.8923,0.89973
0.062059,0.065032,0.072236,0.077626,0.049905,0.076375,0.054308,0.03916,0.11653,0.050819,0.067638,0.067011,0.063143,0.054239,0.055162,0.070338,0.069383,0.050464,0.89574,0,0.065426,0.052788,0.060617,0.091747,0.047933,0.066714,0.058632,0.08594,0.075469,0.07967,0.080853,0.071251,0.054782,0.068442,0.045532,0.091453,0.053946,0.061867,0.073644,0.072056,0.079366,0.11386,0.15375,0.13775,0.043948,0.066571,0.063501,0.056992,0.093968,0.081364,0.042818,0.056292,0.15293,0.056851,0.058143,0.044808,0.077586,0.075676,0.046823,0.093994,0.066818,0.047843,0.065643,0.061651,0.061651,0.061074,0.061706,0.057468,0.090736,0.036461,0.051986,0.053207,0.05617,0.10767,0.080615,0.075451,0.070475,0.070622,0.054303,0.066365,0.064729,0.04209,0.076519,0.054251,0.073403
0.07196,0.079852,0.078953,0.082211,0.065211,0.078406,0.062834,0.059276,0.11724,0.06705,0.06292,0.088885,0.064536,0.060792,0.061506,0.068779,0.061264,0.059003,0.89978,0.065426,0,0.060435,0.062799,0.11033,0.065794,0.065884,0.067558,0.10013,0.082355,0.084867,0.093924,0.073571,0.062338,0.068465,0.059951,0.10518,0.056336,0.067666,0.073903,0.0691,0.097192,0.1154,0.14531,0.145,0.059508,0.068999,0.06897,0.069058,0.098399,0.091607,0.055159,0.057895,0.14995,0.069191,0.069473,0.061725,0.078673,0.079907,0.064845,0.077006,0.075654,0.06516,0.064471,0.073729,0.072991,0.074047,0.061734,0.060789,0.096731,0.065227,0.060391,0.062906,0.055393,0.11039,0.06511,0.057301,0.079287,0.078453,0.06226,0.060134,0.071571,0.060362,0.089618,0.052931,0.073222
0.049676,0.049455,0.049416,0.077159,0.04537,0.054399,0.044648,0.041378,0.097973,0.055215,0.050509,0.056557,0.052346,0.030249,0.040534,0.052563,0.054518,0.041821,0.90607,0.052788,0.060435,0,0.039823,0.081389,0.051159,0.045936,0.044891,0.068245,0.071042,0.06813,0.0708,0.043625,0.048973,0.040661,0.042423,0.078397,0.043204,0.044438,0.067668,0.049309,0.06159,0.089749,0.14186,0.1271,0.039607,0.045129,0.050543,0.039376,0.070867,0.062647,0.041966,0.038245,0.13193,0.045902,0.045433,0.035569,0.051323,0.075302,0.043372,0.082722,0.049611,0.049355,0.029768,0.046534,0.044274,0.060664,0.047218,0.048663,0.061595,0.040145,0.050118,0.036307,0.039098,0.093787,0.055212,0.067329,0.072737,0.041715,0.031562,0.056275,0.063435,0.044966,0.07235,0.049763,0.055097
0.043747,0.063589,0.072944,0.090551,0.048462,0.074873,0.037928,0.049494,0.10981,0.047292,0.051064,0.078967,0.060746,0.040831,0.043265,0.069432,0.066843,0.049214,0.9029,0.060617,0.062799,0.039823,0,0.088465,0.060907,0.061092,0.042678,0.084472,0.073813,0.077223,0.073849,0.064017,0.061957,0.055163,0.047762,0.094656,0.037929,0.053046,0.080736,0.052397,0.079295,0.085616,0.14327,0.12728,0.046421,0.048357,0.049996,0.050005,0.079536,0.083374,0.050061,0.042261,0.13313,0.052403,0.054946,0.043317,0.068438,0.090913,0.051198,0.090135,0.064171,0.040333,0.042941,0.055545,0.053631,0.05385,0.041457,0.059199,0.066293,0.051297,0.043612,0.044151,0.043817,0.11015,0.039402,0.073169,0.081138,0.043227,0.040342,0.053212,0.078116,0.053706,0.083391,0.066183,0.063764
0.087476,0.084154,0.090467,0.097694,0.079104,0.078347,0.092911,0.087881,0.060965,0.094353,0.080136,0.089876,0.094269,0.085614,0.08588,0.083054,0.095537,0.090903,0.90611,0.091747,0.11033,0.081389,0.088465,0,0.09259,0.09842,0.071259,0.092749,0.068363,0.066695,0.080218,0.060829,0.099861,0.075344,0.097779,0.097149,0.092612,0.082186,0.09211,0.072055,0.094183,0.087519,0.12821,0.11042,0.086954,0.076127,0.086656,0.085421,0.063394,0.066976,0.079936,0.095947,0.12639,0.08093,0.080634,0.086589,0.083431,0.11243,0.072921,0.11267,0.070391,0.088106,0.080691,0.085023,0.085285,0.090304,0.081501,0.087796,0.057288,0.068017,0.092994,0.076118,0.083345,0.088766,0.10072,0.10882,0.10198,0.069167,0.084771,0.1101,0.10328,0.080819,0.087456,0.10125,0.097635
0.05343,0.067664,0.069373,0.092318,0.052638,0.077519,0.04374,0.056709,0.11289,0.052276,0.067917,0.075576,0.07607,0.051065,0.057637,0.068126,0.059148,0.04918,0.90065,0.047933,0.065794,0.051159,0.060907,0.09259,0,0.052962,0.05232,0.089875,0.084982,0.083611,0.081308,0.063507,0.048487,0.067006,0.049221,0.09198,0.063309,0.057162,0.081848,0.061828,0.074094,0.11042,0.14824,0.13754,0.042013,0.062254,0.057584,0.055392,0.093374,0.082953,0.051404,0.04546,0.14352,0.057423,0.059584,0.043894,0.066653,0.088305,0.047677,0.094297,0.062131,0.048257,0.057787,0.060177,0.058719,0.067562,0.062788,0.051823,0.080316,0.050654,0.05604,0.054487,0.052629,0.10588,0.065212,0.067193,0.084506,0.071016,0.052133,0.068365,0.077664,0.050109,0.067222,0.038595,0.065907
0.068525,0.067446,0.052465,0.095596,0.065053,0.081783,0.058949,0.054296,0.11762,0.065474,0.063213,0.079671,0.07121,0.053916,0.056398,0.063656,0.06961,0.062735,0.90956,0.066714,0.065884,0.045936,0.061092,0.09842,0.052962,0,0.061231,0.08043,0.082707,0.090466,0.086883,0.064227,0.064966,0.05936,0.062314,0.09159,0.061192,0.069958,0.075025,0.071392,0.080311,0.11455,0.16395,0.14833,0.053667,0.056062,0.072191,0.056046,0.084364,0.084075,0.052976,0.05321,0.14961,0.067707,0.070076,0.048231,0.0562,0.081465,0.05859,0.081679,0.065541,0.064081,0.053967,0.056814,0.054534,0.074191,0.067218,0.049264,0.082812,0.066808,0.070371,0.053632,0.058347,0.10938,0.06674,0.073365,0.081229,0.067907,0.053163,0.074347,0.076059,0.059998,0.073631,0.045235,0.079929
0.045559,0.058425,0.062383,0.089449,0.049622,0.064539,0.03331,0.052482,0.097227,0.049483,0.055416,0.078577,0.07159,0.053238,0.043724,0.055612,0.066651,0.058629,0.91572,0.058632,0.067558,0.044891,0.042678,0.071259,0.05232,0.061231,0,0.092282,0.062966,0.062355,0.067885,0.055473,0.062213,0.055255,0.04662,0.094213,0.045249,0.052034,0.08296,0.049407,0.082389,0.093469,0.13578,0.1089,0.037324,0.049614,0.050644,0.055691,0.080769,0.07648,0.054369,0.057636,0.1342,0.043606,0.043893,0.046931,0.071731,0.090672,0.048869,0.095869,0.060749,0.05036,0.043871,0.053956,0.052589,0.052685,0.040558,0.062466,0.065092,0.044524,0.052694,0.043179,0.042557,0.10226,0.057068,0.07449,0.065667,0.047809,0.041069,0.06668,0.082854,0.041141,0.082295,0.068269,0.06432
0.095595,0.090358,0.067146,0.080344,0.075411,0.082238,0.089135,0.082293,0.11167,0.090185,0.072103,0.046972,0.067692,0.075816,0.082515,0.095638,0.094982,0.071052,0.90628,0.08594,0.10013,0.068245,0.084472,0.092749,0.089875,0.08043,0.092282,0,0.085742,0.091174,0.10773,0.055182,0.097168,0.078592,0.090105,0.064852,0.083094,0.066911,0.067222,0.08864,0.055023,0.10084,0.16059,0.1425,0.079915,0.08061,0.079191,0.073915,0.092044,0.072129,0.079266,0.081832,0.1306,0.08354,0.083523,0.073284,0.067348,0.080159,0.071148,0.084992,0.063527,0.091136,0.075656,0.070389,0.071113,0.10709,0.084919,0.090461,0.074308,0.075242,0.093828,0.079192,0.081071,0.095218,0.10197,0.11359,0.10055,0.083587,0.073289,0.10833,0.079772,0.080396,0.086793,0.088745,0.091819
0.080837,0.088392,0.075919,0.089325,0.068332,0.077893,0.080556,0.076612,0.090405,0.074077,0.066338,0.080478,0.076245,0.081958,0.067138,0.072513,0.092538,0.083751,0.89174,0.075469,0.082355,0.071042,0.073813,0.068363,0.084982,0.082707,0.062966,0.085742,0,0.056348,0.069488,0.059886,0.083911,0.06664,0.077125,0.097642,0.072212,0.077286,0.07908,0.069702,0.092,0.10405,0.14024,0.11718,0.066468,0.068561,0.07786,0.057627,0.083533,0.082101,0.070002,0.084757,0.12774,0.070365,0.070344,0.081535,0.082426,0.09533,0.059243,0.088707,0.0791,0.083601,0.070447,0.07719,0.078768,0.07941,0.069002,0.08033,0.082134,0.063208,0.079369,0.07142,0.073949,0.093871,0.092822,0.1023,0.071141,0.069248,0.077357,0.093531,0.092879,0.067581,0.089962,0.088472,0.092142
0.075655,0.077848,0.073563,0.087781,0.052671,0.065921,0.079354,0.081913,0.073549,0.066804,0.059499,0.079641,0.071789,0.079161,0.058862,0.071387,0.085223,0.073519,0.89811,0.07967,0.084867,0.06813,0.077223,0.066695,0.083611,0.090466,0.062355,0.091174,0.056348,0,0.069655,0.050832,0.069647,0.067226,0.074159,0.099749,0.070789,0.07574,0.081083,0.071026,0.094362,0.10223,0.12807,0.10959,0.068628,0.0724,0.067652,0.062012,0.08309,0.063937,0.074318,0.086798,0.12282,0.05366,0.052697,0.07631,0.083425,0.084383,0.072498,0.081339,0.070698,0.089365,0.069421,0.064841,0.06604,0.082979,0.06657,0.085074,0.076928,0.062958,0.081318,0.07072,0.066274,0.070102,0.088282,0.097443,0.075062,0.065861,0.069211,0.095313,0.087023,0.064656,0.092579,0.089643,0.082218
0.07817,0.086327,0.082512,0.11386,0.07577,0.0852,0.076029,0.086217,0.081688,0.079634,0.078856,0.096989,0.092483,0.076593,0.072624,0.076074,0.087207,0.084885,0.87705,0.080853,0.093924,0.0708,0.073849,0.080218,0.081308,0.086883,0.067885,0.10773,0.069488,0.069655,0,0.074065,0.074164,0.074143,0.076337,0.11869,0.075568,0.0857,0.092589,0.067676,0.092708,0.10587,0.13578,0.13997,0.076902,0.070546,0.092712,0.066206,0.081088,0.077922,0.082043,0.086428,0.12305,0.072364,0.075273,0.085614,0.083234,0.10775,0.074676,0.11273,0.088456,0.080124,0.069263,0.091764,0.090145,0.056962,0.078853,0.086187,0.081466,0.070749,0.090139,0.066162,0.076347,0.11435,0.088928,0.086765,0.092615,0.052539,0.08203,0.084085,0.1003,0.075078,0.084418,0.08538,0.096929
0.065993,0.065236,0.051606,0.072615,0.047249,0.053534,0.063618,0.066076,0.07439,0.066911,0.048189,0.052631,0.059532,0.05293,0.055146,0.06102,0.06596,0.054173,0.9081,0.071251,0.073571,0.043625,0.064017,0.060829,0.063507,0.064227,0.055473,0.055182,0.059886,0.050832,0.074065,0,0.066164,0.049077,0.0655,0.075642,0.062802,0.048561,0.061725,0.050544,0.059661,0.085633,0.12843,0.11734,0.054388,0.051861,0.054195,0.053545,0.06903,0.048069,0.05909,0.064435,0.11638,0.051062,0.049917,0.057574,0.048971,0.074372,0.051992,0.072795,0.04234,0.072014,0.045318,0.052486,0.052264,0.078521,0.058097,0.065545,0.048451,0.050074,0.074186,0.053056,0.053615,0.072943,0.075048,0.083748,0.080179,0.05302,0.051522,0.085138,0.073668,0.05557,0.0689,0.066221,0.068916
0.04867,0.058979,0.0758,0.097132,0.045311,0.071554,0.055876,0.061513,0.10706,0.050864,0.066702,0.079175,0.07261,0.052255,0.050326,0.067682,0.056243,0.056333,0.89408,0.054782,0.062338,0.048973,0.061957,0.099861,0.048487,0.064966,0.062213,0.097168,0.083911,0.069647,0.074164,0.066164,0,0.057237,0.042556,0.10117,0.066993,0.071948,0.090208,0.059216,0.081884,0.10674,0.13332,0.13954,0.047877,0.054478,0.056943,0.050898,0.089796,0.078634,0.052144,0.051311,0.13666,0.047771,0.05091,0.0548,0.071042,0.088592,0.066302,0.085757,0.069564,0.066317,0.053166,0.064214,0.062088,0.067797,0.061797,0.059715,0.087371,0.053313,0.059336,0.059341,0.055531,0.096106,0.063995,0.069029,0.08544,0.063518,0.056797,0.059781,0.079505,0.062352,0.080597,0.050635,0.069567
0.057028,0.055054,0.062741,0.083389,0.052063,0.060144,0.063808,0.057017,0.080831,0.063015,0.060108,0.073527,0.066562,0.039429,0.054006,0.067133,0.064335,0.059018,0.90696,0.068442,0.068465,0.040661,0.055163,0.075344,0.067006,0.05936,0.055255,0.078592,0.06664,0.067226,0.074143,0.049077,0.057237,0,0.059408,0.086956,0.06422,0.067724,0.070448,0.048009,0.072195,0.07505,0.12777,0.12433,0.050993,0.043428,0.059955,0.050783,0.063366,0.06348,0.044665,0.054471,0.13278,0.059605,0.060036,0.057039,0.051481,0.096942,0.059598,0.085146,0.052001,0.066413,0.038965,0.061892,0.060068,0.062764,0.056951,0.060707,0.063026,0.053995,0.059094,0.049593,0.049849,0.090734,0.063344,0.068023,0.090119,0.049797,0.051546,0.070778,0.072796,0.066261,0.085925,0.061385,0.063979
0.045146,0.060108,0.071007,0.091646,0.043086,0.064233,0.036386,0.050698,0.11519,0.044947,0.062555,0.069762,0.065128,0.049885,0.039783,0.063254,0.0505,0.051507,0.9146,0.045532,0.059951,0.042423,0.047762,0.097779,0.049221,0.062314,0.04662,0.090105,0.077125,0.074159,0.076337,0.0655,0.042556,0.059408,0,0.10024,0.048142,0.062262,0.086733,0.062386,0.073368,0.10625,0.14636,0.12789,0.033255,0.056787,0.055439,0.049771,0.093046,0.077389,0.055107,0.046963,0.14032,0.038756,0.038575,0.049626,0.068803,0.082745,0.051976,0.09542,0.070296,0.055235,0.051207,0.060744,0.059255,0.061633,0.046965,0.06189,0.083997,0.045088,0.048832,0.049256,0.048466,0.10244,0.061946,0.072574,0.07246,0.05824,0.040599,0.046849,0.073149,0.048869,0.075032,0.057007,0.062401
0.097265,0.086914,0.082778,0.086265,0.09225,0.070862,0.095393,0.084489,0.11925,0.10736,0.080447,0.061452,0.082211,0.08754,0.093707,0.09577,0.094551,0.078265,0.89108,0.091453,0.10518,0.078397,0.094656,0.097149,0.09198,0.09159,0.094213,0.064852,0.097642,0.099749,0.11869,0.075642,0.10117,0.086956,0.10024,0,0.096391,0.065792,0.084592,0.093478,0.071884,0.094654,0.15887,0.13384,0.08905,0.089432,0.082743,0.083802,0.08957,0.078135,0.076804,0.086381,0.12858,0.094143,0.093133,0.070942,0.094812,0.10183,0.078576,0.10906,0.066453,0.094116,0.081229,0.080664,0.080815,0.11563,0.086614,0.10103,0.088893,0.079113,0.089221,0.089455,0.081752,0.10022,0.10137,0.10935,0.10323,0.093856,0.078263,0.10851,0.088204,0.08987,0.10689,0.097655,0.083707
0.058286,0.063249,0.061803,0.083875,0.048836,0.073758,0.041322,0.049166,0.11099,0.049498,0.052607,0.073853,0.060493,0.050983,0.040751,0.062275,0.073358,0.043534,0.90807,0.053946,0.056336,0.043204,0.037929,0.092612,0.063309,0.061192,0.045249,0.083094,0.072212,0.070789,0.075568,0.062802,0.066993,0.06422,0.048142,0.096391,0,0.054295,0.070737,0.066848,0.086108,0.10713,0.15252,0.13653,0.048631,0.062797,0.058302,0.054711,0.089859,0.079711,0.053543,0.054909,0.1498,0.052183,0.051512,0.044859,0.07229,0.073779,0.055162,0.088036,0.063914,0.049816,0.054038,0.049794,0.049003,0.057954,0.049135,0.061245,0.078298,0.049222,0.053808,0.044363,0.038687,0.11424,0.058491,0.071213,0.06406,0.054705,0.041968,0.063673,0.072471,0.035884,0.083283,0.066234,0.073583
0.065825,0.071829,0.06162,0.072717,0.059595,0.059953,0.048819,0.059319,0.10341,0.068712,0.05426,0.058791,0.057596,0.051851,0.061287,0.06752,0.067838,0.044276,0.9062,0.061867,0.067666,0.044438,0.053046,0.082186,0.057162,0.069958,0.052034,0.066911,0.077286,0.07574,0.0857,0.048561,0.071948,0.067724,0.062262,0.065792,0.054295,0,0.069131,0.05765,0.064736,0.089225,0.13963,0.12166,0.053009,0.063883,0.052144,0.062801,0.08545,0.07036,0.059175,0.056331,0.12187,0.057119,0.055817,0.042868,0.068212,0.077959,0.045366,0.089469,0.047343,0.053019,0.050758,0.05759,0.05714,0.073956,0.05612,0.070962,0.06331,0.04913,0.0615,0.05809,0.051669,0.098426,0.069892,0.080577,0.080804,0.061876,0.0418,0.075933,0.071239,0.051502,0.079053,0.070118,0.060098
0.097656,0.095041,0.062553,0.048879,0.070424,0.076297,0.087304,0.066911,0.10022,0.081184,0.060029,0.069703,0.047547,0.068788,0.074851,0.089466,0.088337,0.064663,0.88839,0.073644,0.073903,0.067668,0.080736,0.09211,0.081848,0.075025,0.08296,0.067222,0.07908,0.081083,0.092589,0.061725,0.090208,0.070448,0.086733,0.084592,0.070737,0.069131,0,0.082773,0.078347,0.11012,0.16493,0.1386,0.077078,0.085542,0.082458,0.068065,0.08466,0.072902,0.067901,0.081148,0.14286,0.083295,0.083908,0.071282,0.074038,0.063,0.063214,0.074503,0.071841,0.078134,0.075541,0.075288,0.076271,0.088872,0.079044,0.08255,0.08813,0.072298,0.085069,0.068719,0.069131,0.096558,0.095443,0.078754,0.083338,0.081023,0.074094,0.09712,0.043474,0.069761,0.087602,0.068168,0.076341
0.048787,0.062158,0.075477,0.088283,0.055141,0.063523,0.054374,0.060746,0.085529,0.068777,0.060634,0.077337,0.074863,0.049026,0.061268,0.062148,0.060791,0.060938,0.89987,0.072056,0.0691,0.049309,0.052397,0.072055,0.061828,0.071392,0.049407,0.08864,0.069702,0.071026,0.067676,0.050544,0.059216,0.048009,0.062386,0.093478,0.066848,0.05765,0.082773,0,0.074577,0.079404,0.11297,0.12206,0.05596,0.040503,0.05,0.059926,0.063852,0.073903,0.055824,0.054023,0.11539,0.060092,0.060965,0.063539,0.063101,0.10081,0.059362,0.096334,0.061147,0.05589,0.040106,0.073569,0.07119,0.064643,0.052471,0.063631,0.059063,0.047938,0.064616,0.051936,0.050586,0.10141,0.05416,0.071417,0.089612,0.044387,0.062012,0.064583,0.086494,0.064412,0.07879,0.064473,0.071787
0.077133,0.083053,0.070105,0.086397,0.072683,0.065559,0.074557,0.0762,0.10975,0.087905,0.071256,0.045166,0.073817,0.067143,0.075415,0.091331,0.070873,0.072115,0.8987,0.079366,0.097192,0.06159,0.079295,0.094183,0.074094,0.080311,0.082389,0.055023,0.092,0.094362,0.092708,0.059661,0.081884,0.072195,0.073368,0.071884,0.086108,0.064736,0.078347,0.074577,0,0.088464,0.15231,0.12738,0.067987,0.070414,0.073191,0.068455,0.084622,0.061533,0.07605,0.073819,0.1189,0.072521,0.073787,0.07114,0.072693,0.092408,0.064268,0.102,0.069961,0.080265,0.059265,0.083895,0.082495,0.095833,0.069859,0.093445,0.073957,0.067075,0.085783,0.064682,0.07144,0.09989,0.089818,0.094163,0.097741,0.069699,0.070761,0.086525,0.078094,0.07905,0.084263,0.076681,0.069949
0.088526,0.089808,0.11288,0.11282,0.096912,0.08728,0.099489,0.10292,0.0909,0.10997,0.091663,0.1,0.10434,0.081204,0.10209,0.1115,0.095852,0.096765,0.8975,0.11386,0.1154,0.089749,0.085616,0.087519,0.11042,0.11455,0.093469,0.10084,0.10405,0.10223,0.10587,0.085633,0.10674,0.07505,0.10625,0.094654,0.10713,0.089225,0.11012,0.079404,0.088464,0,0.11342,0.11877,0.098307,0.076907,0.090529,0.10039,0.08558,0.086612,0.091481,0.096949,0.11236,0.098875,0.10022,0.09362,0.099254,0.13922,0.099115,0.12512,0.081049,0.10197,0.076405,0.10048,0.098627,0.098558,0.086547,0.11143,0.063484,0.093144,0.095928,0.090456,0.092953,0.1094,0.091276,0.10708,0.1336,0.077582,0.089394,0.1059,0.11727,0.11094,0.12309,0.11499,0.087098
0.13356,0.12826,0.15889,0.1681,0.14012,0.13935,0.14068,0.15607,0.10485,0.14874,0.15129,0.15369,0.16384,0.13686,0.15346,0.13939,0.13719,0.14249,0.90562,0.15375,0.14531,0.14186,0.14327,0.12821,0.14824,0.16395,0.13578,0.16059,0.14024,0.12807,0.13578,0.12843,0.13332,0.12777,0.14636,0.15887,0.15252,0.13963,0.16493,0.11297,0.15231,0.11342,0,0.17019,0.14196,0.12141,0.13584,0.15223,0.1438,0.13848,0.14151,0.14189,0.13541,0.14178,0.14222,0.14721,0.13996,0.18341,0.15263,0.16669,0.12934,0.15223,0.13182,0.14796,0.14585,0.13357,0.141,0.14534,0.11671,0.13083,0.14393,0.14192,0.13972,0.14634,0.14263,0.15203,0.1736,0.13326,0.14282,0.14952,0.17349,0.14582,0.15773,0.15454,0.15414
0.12075,0.13425,0.13009,0.12039,0.12172,0.10862,0.1294,0.12636,0.13631,0.13065,0.11457,0.12285,0.12158,0.13353,0.12061,0.12747,0.12717,0.13827,0.9218,0.13775,0.145,0.1271,0.12728,0.11042,0.13754,0.14833,0.1089,0.1425,0.11718,0.10959,0.13997,0.11734,0.13954,0.12433,0.12789,0.13384,0.13653,0.12166,0.1386,0.12206,0.12738,0.11877,0.17019,0,0.11599,0.12577,0.11161,0.12789,0.13091,0.12288,0.13329,0.1425,0.13903,0.11539,0.11328,0.13081,0.15151,0.14371,0.1194,0.143,0.12956,0.13533,0.1173,0.12975,0.13072,0.13793,0.10427,0.14925,0.12534,0.12343,0.12792,0.12157,0.12415,0.11049,0.13461,0.15053,0.11966,0.12288,0.12202,0.13625,0.13649,0.12599,0.15998,0.14875,0.10126
0.040388,0.057024,0.053366,0.083793,0.039888,0.067975,0.034923,0.044324,0.10864,0.039561,0.054284,0.063165,0.062495,0.044626,0.039067,0.056306,0.057781,0.048349,0.90862,0.043948,0.059508,0.039607,0.046421,0.086954,0.042013,0.053667,0.037324,0.079915,0.066468,0.068628,0.076902,0.054388,0.047877,0.050993,0.033255,0.08905,0.048631,0.053009,0.077078,0.05596,0.067987,0.098307,0.14196,0.11599,0,0.046289,0.042111,0.048841,0.089531,0.075085,0.046194,0.049498,0.13704,0.041145,0.041848,0.040384,0.067829,0.08154,0.044642,0.082411,0.054773,0.050367,0.040136,0.05169,0.050489,0.054611,0.040348,0.058822,0.077495,0.042711,0.049399,0.040042,0.040727,0.098695,0.061888,0.074596,0.068014,0.059079,0.037262,0.059156,0.07361,0.038138,0.084071,0.054582,0.059001
0.040803,0.045603,0.067541,0.094616,0.051634,0.068543,0.050967,0.054661,0.094027,0.06263,0.053595,0.072432,0.07455,0.044287,0.051427,0.059439,0.058668,0.062514,0.90188,0.066571,0.068999,0.045129,0.048357,0.076127,0.062254,0.056062,0.049614,0.08061,0.068561,0.0724,0.070546,0.051861,0.054478,0.043428,0.056787,0.089432,0.062797,0.063883,0.085542,0.040503,0.070414,0.076907,0.12141,0.12577,0.046289,0,0.051884,0.059455,0.068697,0.068977,0.046307,0.056377,0.12355,0.051948,0.055697,0.051475,0.062944,0.095005,0.062692,0.084928,0.053891,0.062678,0.029825,0.060321,0.057055,0.059469,0.045838,0.059801,0.05924,0.050011,0.065841,0.042114,0.050759,0.099538,0.054908,0.074277,0.084497,0.04058,0.052793,0.064724,0.089669,0.061041,0.082127,0.063792,0.075697
0.038268,0.059839,0.070143,0.077906,0.036193,0.066886,0.048205,0.053419,0.11075,0.051181,0.047442,0.064402,0.062488,0.052842,0.045386,0.070258,0.066744,0.048719,0.90645,0.063501,0.06897,0.050543,0.049996,0.086656,0.057584,0.072191,0.050644,0.079191,0.07786,0.067652,0.092712,0.054195,0.056943,0.059955,0.055439,0.082743,0.058302,0.052144,0.082458,0.05,0.073191,0.090529,0.13584,0.11161,0.042111,0.051884,0,0.057763,0.084463,0.07818,0.051463,0.055053,0.13224,0.045916,0.04618,0.047909,0.078081,0.08458,0.059847,0.079279,0.055329,0.056393,0.045157,0.053052,0.052148,0.078822,0.039366,0.070416,0.07446,0.048671,0.055601,0.05379,0.040938,0.096489,0.051797,0.081598,0.076585,0.061083,0.050848,0.070261,0.079757,0.054803,0.092851,0.068485,0.059736
0.058177,0.070871,0.061758,0.082088,0.045097,0.063702,0.058962,0.055349,0.10254,0.050772,0.051802,0.064086,0.054026,0.054795,0.041895,0.068343,0.068966,0.055112,0.887,0.056992,0.069058,0.039376,0.050005,0.085421,0.055392,0.056046,0.055691,0.073915,0.057627,0.062012,0.066206,0.053545,0.050898,0.050783,0.049771,0.083802,0.054711,0.062801,0.068065,0.059926,0.068455,0.10039,0.15223,0.12789,0.048841,0.059455,0.057763,0,0.074052,0.072566,0.04962,0.048117,0.12927,0.052673,0.054496,0.053644,0.063511,0.080082,0.042886,0.080827,0.069189,0.059798,0.049773,0.056495,0.056565,0.072928,0.054405,0.059943,0.076399,0.049793,0.052526,0.052221,0.050004,0.089929,0.062905,0.077805,0.069233,0.053474,0.053441,0.065872,0.065488,0.055904,0.072851,0.055077,0.061682
0.080359,0.079758,0.087481,0.096407,0.079097,0.065733,0.091629,0.076201,0.081259,0.098328,0.06865,0.089664,0.081834,0.076776,0.076482,0.082204,0.080114,0.085501,0.89165,0.093968,0.098399,0.070867,0.079536,0.063394,0.093374,0.084364,0.080769,0.092044,0.083533,0.08309,0.081088,0.06903,0.089796,0.063366,0.093046,0.08957,0.089859,0.08545,0.08466,0.063852,0.084622,0.08558,0.1438,0.13091,0.089531,0.068697,0.084463,0.074052,0,0.060575,0.067439,0.080428,0.12548,0.081957,0.083066,0.082181,0.075901,0.10962,0.073172,0.10796,0.074784,0.078512,0.068894,0.093195,0.091611,0.09421,0.07217,0.084917,0.072768,0.070469,0.08534,0.067635,0.070535,0.10002,0.078722,0.086569,0.10344,0.055802,0.084011,0.087621,0.085398,0.088811,0.08533,0.087067,0.088736
0.078336,0.06994,0.069074,0.084374,0.065293,0.045029,0.08195,0.077648,0.072434,0.089328,0.06024,0.061132,0.072213,0.069164,0.066678,0.074159,0.065763,0.069068,0.90258,0.081364,0.091607,0.062647,0.083374,0.066976,0.082953,0.084075,0.07648,0.072129,0.082101,0.063937,0.077922,0.048069,0.078634,0.06348,0.077389,0.078135,0.079711,0.07036,0.072902,0.073903,0.061533,0.086612,0.13848,0.12288,0.075085,0.068977,0.07818,0.072566,0.060575,0,0.069949,0.083621,0.12185,0.061577,0.060214,0.071696,0.06952,0.085522,0.06931,0.095526,0.054812,0.085974,0.062814,0.077427,0.076436,0.089397,0.067784,0.088749,0.068046,0.062503,0.087978,0.061559,0.06443,0.078524,0.090367,0.08369,0.093457,0.059372,0.066721,0.089488,0.075453,0.073985,0.079213,0.082908,0.076474
0.049119,0.049255,0.067779,0.07499,0.046587,0.064966,0.055649,0.033058,0.10203,0.056305,0.051981,0.068441,0.059988,0.041457,0.047069,0.063205,0.059999,0.046881,0.89292,0.042818,0.055159,0.041966,0.050061,0.079936,0.051404,0.052976,0.054369,0.079266,0.070002,0.074318,0.082043,0.05909,0.052144,0.044665,0.055107,0.076804,0.053543,0.059175,0.067901,0.055824,0.07605,0.091481,0.14151,0.13329,0.046194,0.046307,0.051463,0.04962,0.067439,0.069949,0,0.043192,0.14611,0.056415,0.058302,0.035449,0.066319,0.083892,0.046819,0.081297,0.049933,0.045159,0.047167,0.054131,0.052979,0.064666,0.048128,0.045772,0.074877,0.036749,0.041574,0.041606,0.039026,0.099712,0.056684,0.059814,0.075764,0.056596,0.049462,0.061184,0.065008,0.049619,0.078941,0.047437,0.064414
0.051084,0.060857,0.074576,0.092113,0.054289,0.072618,0.046933,0.049783,0.11267,0.05674,0.066979,0.07392,0.066517,0.041761,0.05717,0.067102,0.053887,0.041588,0.9019,0.056292,0.057895,0.038245,0.042261,0.095947,0.04546,0.05321,0.057636,0.081832,0.084757,0.086798,0.086428,0.064435,0.051311,0.054471,0.046963,0.086381,0.054909,0.056331,0.081148,0.054023,0.073819,0.096949,0.14189,0.1425,0.049498,0.056377,0.055053,0.048117,0.080428,0.083621,0.043192,0,0.13729,0.063931,0.064853,0.04163,0.056276,0.094234,0.04794,0.095899,0.061424,0.041971,0.052225,0.059449,0.057184,0.069272,0.056421,0.042643,0.07294,0.046986,0.034615,0.051332,0.045184,0.10602,0.046176,0.069838,0.091271,0.062518,0.044648,0.049449,0.071659,0.055669,0.071235,0.04488,0.063809
0.13755,0.14561,0.14009,0.15072,0.13584,0.11969,0.13852,0.14927,0.12327,0.14784,0.12609,0.12783,0.13152,0.13762,0.14224,0.13423,0.12591,0.13701,0.87437,0.15293,0.14995,0.13193,0.13313,0.12639,0.14352,0.14961,0.1342,0.1306,0.12774,0.12282,0.12305,0.11638,0.13666,0.13278,0.14032,0.12858,0.1498,0.12187,0.14286,0.11539,0.1189,0.11236,0.13541,0.13903,0.13704,0.12355,0.13224,0.12927,0.12548,0.12185,0.14611,0.13729,0,0.13342,0.13474,0.1406,0.13298,0.1555,0.13058,0.15077,0.13169,0.14647,0.1242,0.14363,0.14247,0.14275,0.12927,0.15196,0.11528,0.1337,0.14579,0.13744,0.13901,0.11311,0.1395,0.15922,0.15772,0.12311,0.13205,0.13924,0.14839,0.14488,0.13766,0.14943,0.13252
0.044696,0.06154,0.06467,0.085919,0.031743,0.057105,0.043801,0.058878,0.10119,0.045156,0.043562,0.068822,0.060761,0.055562,0.025885,0.066653,0.061657,0.057026,0.91519,0.056851,0.069191,0.045902,0.052403,0.08093,0.057423,0.067707,0.043606,0.08354,0.070365,0.05366,0.072364,0.051062,0.047771,0.059605,0.038756,0.094143,0.052183,0.057119,0.083295,0.060092,0.072521,0.098875,0.14178,0.11539,0.041145,0.051948,0.045916,0.052673,0.081957,0.061577,0.056415,0.063931,0.13342,0,0.010955,0.050454,0.070344,0.073592,0.05533,0.078601,0.060375,0.062757,0.046227,0.054817,0.054176,0.070208,0.04136,0.072289,0.073809,0.047049,0.062958,0.050531,0.047668,0.08979,0.064494,0.077444,0.067164,0.047512,0.044499,0.069258,0.075313,0.051783,0.076234,0.069578,0.064351
