0,0.095245,0.11823,0.19427,0.076666,0.27273,0.10391,0.1002,0.31738,0.10959,0.10364,0.25508,0.15842,0.15608,0.084921,0.15156,0.16546,0.13564,0.13948,0.094751,0.13861,0.092387,0.080965,0.25762,0.14569,0.10166,0.11548,0.22507,0.16855,0.20412,0.21635,0.25116,0.15277,0.29386,0.095169,0.23153,0.11928,0.1624,0.30892,0.1433,0.22308,0.29178,0.3477,0.20409,0.13394,0.11293,0.10619,0.16162,0.25865,0.20041,0.11476,0.094842,0.35978,0.085403,0.089393,0.099248,0.13461,0.24075,0.12911,0.21221,0.1363,0.083743,0.074254,0.17382,0.17439,0.1002,0.106,0.13103,0.1825,0.1018,0.15425,0.094821,0.10691,0.24214,0.11775,0.2238,0.13979,0.095545,0.10052,0.099705,0.34588,0.1075,9.6515,0.12506,0.11074
0.095245,0,0.11216,0.19155,0.099458,0.28874,0.11841,0.12689,0.31337,0.1235,0.11364,0.228,0.16014,0.19948,0.082126,0.16963,0.15522,0.15135,0.14526,0.084163,0.11402,0.10596,0.10683,0.25494,0.14967,0.10375,0.13363,0.20715,0.14938,0.20524,0.20578,0.24431,0.1686,0.28633,0.11072,0.21876,0.10997,0.1501,0.31158,0.13362,0.20525,0.31816,0.33954,0.20267,0.10694,0.12756,0.10927,0.16329,0.25188,0.22615,0.12552,0.11686,0.35733,0.10293,0.1186,0.14392,0.13749,0.23154,0.14533,0.21929,0.11543,0.11385,0.10236,0.15758,0.15921,0.087565,0.10491,0.12889,0.17405,0.093218,0.12952,0.099681,0.10312,0.25086,0.08471,0.2093,0.10796,0.10631,0.11443,0.09121,0.34776,0.096475,9.674,0.1338,0.13737
0.11823,0.11216,0,0.12007,0.095271,0.2473,0.13221,0.15261,0.25437,0.14117,0.096545,0.19227,0.090412,0.16705,0.0944,0.16298,0.11386,0.16534,0.09873,0.10454,0.10692,0.11483,0.10622,0.20975,0.099544,0.088843,0.14181,0.16125,0.14418,0.15302,0.18624,0.18721,0.14166,0.24839,0.13315,0.15363,0.10042,0.09548,0.24431,0.11386,0.15422,0.24475,0.29081,0.14424,0.10412,0.12678,0.13637,0.13207,0.16958,0.17999,0.12238,0.12689,0.30429,0.095124,0.099986,0.15329,0.10254,0.16743,0.11555,0.21684,0.14233,0.094921,0.11701,0.14553,0.14623,0.098167,0.12951,0.13497,0.14603,0.10047,0.10072,0.090608,0.13824,0.17628,0.13232,0.2015,0.11179,0.11893,0.14056,0.11441,0.26201,0.12256,9.6401,0.11118,0.091871
0.19427,0.19155,0.12007,0,0.15802,0.23258,0.19019,0.21854,0.22572,0.22971,0.14309,0.20769,0.10895,0.21481,0.16442,0.20569,0.15231,0.22549,0.15094,0.17159,0.18367,0.18901,0.1637,0.19584,0.15317,0.15154,0.20375,0.18157,0.2108,0.15008,0.20376,0.17882,0.18627,0.22783,0.22644,0.18369,0.16811,0.13025,0.17468,0.16903,0.16258,0.18718,0.26687,0.15549,0.16898,0.20332,0.19804,0.15802,0.15507,0.16096,0.1704,0.20285,0.26687,0.15925,0.16132,0.217,0.13177,0.15006,0.14465,0.26853,0.1962,0.14885,0.18786,0.13403,0.13474,0.17573,0.20214,0.191,0.161,0.15469,0.19075,0.15999,0.19775,0.16112,0.19106,0.20833,0.13298,0.20903,0.21553,0.17834,0.19039,0.18574,9.6262,0.13101,0.15256
0.076666,0.099458,0.095271,0.15802,0,0.25085,0.089475,0.11571,0.2711,0.10713,0.064702,0.21645,0.12538,0.15509,0.078269,0.14038,0.13884,0.13206,0.11585,0.095267,0.11032,0.073707,0.05899,0.22751,0.1249,0.073771,0.10668,0.1818,0.16881,0.15735,0.20671,0.22463,0.1411,0.27138,0.11332,0.19915,0.10125,0.13087,0.28029,0.12501,0.18047,0.26387,0.31231,0.17052,0.10028,0.11571,0.094005,0.12565,0.22671,0.17147,0.078484,0.084472,0.32968,0.068018,0.071616,0.11786,0.098176,0.204,0.10581,0.2118,0.11999,0.053729,0.080823,0.14719,0.14798,0.10105,0.089855,0.10437,0.14859,0.084377,0.13693,0.081236,0.096817,0.20444,0.11075,0.20414,0.11018,0.10939,0.1123,0.078269,0.3149,0.10132,9.6568,0.098368,0.097664
0.27273,0.28874,0.2473,0.23258,0.25085,0,0.25238,0.2856,0.22103,0.31196,0.23663,0.26459,0.25713,0.29116,0.25575,0.20381,0.23817,0.29684,0.25885,0.26773,0.30361,0.2793,0.26985,0.23321,0.25832,0.2568,0.27148,0.28305,0.31176,0.26998,0.26084,0.23972,0.23171,0.31562,0.28847,0.29897,0.26351,0.24161,0.2901,0.24449,0.27535,0.21007,0.20333,0.22901,0.27795,0.30678,0.28016,0.26791,0.20968,0.17394,0.24963,0.2837,0.22168,0.25533,0.25278,0.25316,0.23761,0.27648,0.21159,0.36025,0.29846,0.24953,0.28364,0.232,0.23268,0.29314,0.27576,0.26727,0.18511,0.23137,0.30239,0.2586,0.26785,0.26595,0.27256,0.27684,0.24478,0.32427,0.30049,0.27379,0.29231,0.25574,9.633,0.20566,0.23579
0.10391,0.11841,0.13221,0.19019,0.089475,0.25238,0,0.11559,0.31107,0.12543,0.10492,0.24352,0.16434,0.16838,0.075647,0.14367,0.18624,0.11546,0.13641,0.11291,0.1068,0.1057,0.094847,0.26247,0.14884,0.10168,0.081828,0.21743,0.18699,0.19668,0.24752,0.24136,0.177,0.32188,0.11829,0.21788,0.12095,0.15111,0.31204,0.16977,0.2168,0.27529,0.3355,0.19962,0.14312,0.12644,0.092476,0.16535,0.23869,0.19097,0.11384,0.091981,0.36635,0.082699,0.088305,0.12553,0.14885,0.23389,0.15088,0.18993,0.10101,0.10274,0.0899,0.17186,0.17254,0.12314,0.090511,0.13237,0.14853,0.11386,0.14947,0.08749,0.09979,0.25675,0.1103,0.24862,0.13948,0.12736,0.11073,0.088062,0.35029,0.088778,9.6773,0.13026,0.13624
0.1002,0.12689,0.15261,0.21854,0.11571,0.2856,0.11559,0,0.34706,0.095915,0.1283,0.2883,0.19007,0.16512,0.10995,0.17124,0.20599,0.14388,0.16061,0.098859,0.1597,0.11996,0.10011,0.29726,0.18844,0.11791,0.11704,0.26025,0.19957,0.22285,0.25955,0.28664,0.20493,0.34683,0.09098,0.2541,0.12799,0.19381,0.34107,0.1777,0.25009,0.32834,0.37761,0.25507,0.15973,0.1281,0.095029,0.20175,0.284,0.22906,0.12864,0.075248,0.38906,0.12439,0.12982,0.081102,0.17196,0.27229,0.15996,0.20424,0.11885,0.11485,0.099074,0.20417,0.20426,0.1322,0.11396,0.12717,0.212,0.12554,0.16366,0.11873,0.11387,0.28629,0.12873,0.26174,0.15959,0.12005,0.087208,0.11065,0.38198,0.11923,9.6807,0.17031,0.15198
0.31738,0.31337,0.25437,0.22572,0.2711,0.22103,0.31107,0.34706,0,0.34579,0.26078,0.2246,0.25344,0.3414,0.29439,0.26587,0.21749,0.34392,0.27434,0.31574,0.30158,0.31078,0.3016,0.20512,0.27709,0.28613,0.33582,0.22012,0.3312,0.22083,0.2786,0.21514,0.23722,0.24959,0.34053,0.2725,0.29189,0.26307,0.22886,0.26544,0.22439,0.23173,0.17313,0.1781,0.26748,0.3436,0.32707,0.2495,0.22516,0.20785,0.27666,0.32852,0.22063,0.29109,0.28959,0.32875,0.24108,0.25191,0.24805,0.41568,0.33325,0.2769,0.3174,0.2614,0.26238,0.30666,0.30798,0.28966,0.21681,0.2786,0.31417,0.29165,0.3209,0.2125,0.30984,0.25263,0.26115,0.35263,0.3535,0.30691,0.2169,0.31017,9.6185,0.24146,0.26667
0.10959,0.1235,0.14117,0.22971,0.10713,0.31196,0.12543,0.095915,0.34579,0,0.13374,0.27281,0.1849,0.16443,0.11748,0.18676,0.19633,0.13155,0.1603,0.11766,0.12827,0.087416,0.093218,0.30575,0.17524,0.11582,0.11825,0.24235,0.18828,0.22409,0.26245,0.28712,0.20608,0.34279,0.062363,0.24269,0.1307,0.18831,0.35765,0.16807,0.23696,0.33576,0.38238,0.23884,0.14058,0.094405,0.096516,0.17632,0.27453,0.24556,0.12878,0.068349,0.39287,0.1138,0.11762,0.12251,0.16657,0.26355,0.16821,0.18977,0.1208,0.10769,0.086763,0.22055,0.22062,0.1148,0.10408,0.096461,0.22036,0.13002,0.12962,0.11057,0.11177,0.27504,0.1317,0.27569,0.17122,0.094245,0.080197,0.10264,0.39181,0.11924,9.68,0.17051,0.13966
0.10364,0.11364,0.096545,0.14309,0.064702,0.23663,0.10492,0.1283,0.26078,0.13374,0,0.212,0.10758,0.15191,0.074878,0.13803,0.12636,0.14851,0.082886,0.098767,0.12673,0.098133,0.089505,0.20542,0.1193,0.081655,0.12486,0.18344,0.16893,0.14479,0.21458,0.21174,0.13417,0.2566,0.12865,0.18308,0.089005,0.12989,0.26243,0.13596,0.17515,0.2468,0.30423,0.16782,0.11438,0.1259,0.12635,0.13774,0.21114,0.16085,0.072222,0.11264,0.31387,0.066904,0.069907,0.11937,0.11543,0.20833,0.097538,0.22589,0.14382,0.073059,0.10008,0.13636,0.1372,0.10983,0.11028,0.11889,0.15121,0.099305,0.15576,0.089138,0.12005,0.19999,0.11752,0.18896,0.096758,0.13392,0.13155,0.1056,0.30471,0.11794,9.6481,0.10374,0.093931
0.25508,0.228,0.19227,0.20769,0.21645,0.26459,0.24352,0.2883,0.2246,0.27281,0.212,0,0.18596,0.29012,0.22591,0.21111,0.17281,0.27984,0.22864,0.23045,0.22936,0.25508,0.24888,0.17355,0.17476,0.2131,0.27026,0.1212,0.2379,0.16001,0.20088,0.18839,0.208,0.23682,0.27229,0.17937,0.18327,0.1798,0.25108,0.21092,0.11239,0.24606,0.24608,0.19249,0.18813,0.25305,0.26024,0.21817,0.20232,0.23313,0.21318,0.2695,0.27542,0.22461,0.23213,0.28566,0.17649,0.23475,0.18755,0.35788,0.26455,0.23281,0.24278,0.20924,0.21001,0.24793,0.24339,0.24709,0.1709,0.23209,0.23149,0.22938,0.25799,0.16284,0.24324,0.23716,0.21645,0.25758,0.29219,0.23579,0.26341,0.22823,9.5855,0.19267,0.22747
0.15842,0.16014,0.090412,0.10895,0.12538,0.25713,0.16434,0.19007,0.25344,0.1849,0.10758,0.18596,0,0.19852,0.13075,0.18942,0.1334,0.2141,0.12616,0.14396,0.15515,0.15398,0.14764,0.16833,0.12877,0.13344,0.18394,0.15367,0.16368,0.12242,0.20593,0.1719,0.15493,0.2209,0.18364,0.15064,0.12471,0.11645,0.20503,0.14771,0.14046,0.21692,0.29588,0.1504,0.11692,0.14345,0.18036,0.14245,0.18202,0.17707,0.14196,0.17346,0.30445,0.11724,0.12059,0.19583,0.12685,0.14882,0.11649,0.24746,0.18664,0.13434,0.15453,0.1494,0.14992,0.14382,0.17237,0.17495,0.15168,0.14672,0.15868,0.1379,0.18588,0.13819,0.18641,0.21908,0.13341,0.15468,0.18989,0.16716,0.23999,0.16865,9.587,0.13605,0.12309
0.15608,0.19948,0.16705,0.21481,0.15509,0.29116,0.16838,0.16512,0.3414,0.16443,0.15191,0.29012,0.19852,0,0.16105,0.19973,0.2077,0.17057,0.13694,0.1508,0.18741,0.15079,0.1433,0.3114,0.1457,0.15416,0.16007,0.24854,0.2401,0.23989,0.27686,0.29514,0.23117,0.33351,0.1647,0.24366,0.15758,0.19788,0.35289,0.19672,0.2437,0.28001,0.3699,0.26666,0.22,0.17347,0.17157,0.20879,0.24973,0.25814,0.13832,0.14613,0.3683,0.14882,0.14065,0.1466,0.18001,0.27648,0.20842,0.19565,0.1826,0.14008,0.15379,0.23565,0.23563,0.16793,0.18619,0.17682,0.24802,0.1696,0.19117,0.14978,0.16985,0.27449,0.17378,0.27326,0.20425,0.1746,0.15023,0.15904,0.35985,0.18875,9.6925,0.1776,0.16475
0.084921,0.082126,0.0944,0.16442,0.078269,0.25575,0.075647,0.10995,0.29439,0.11748,0.074878,0.22591,0.13075,0.16105,0,0.14542,0.14757,0.13532,0.10613,0.088235,0.10803,0.084063,0.090773,0.24366,0.12878,0.082455,0.10782,0.20474,0.16127,0.17777,0.22392,0.23752,0.15642,0.29591,0.10577,0.20499,0.088814,0.13169,0.28781,0.13692,0.1975,0.27494,0.3237,0.18476,0.10665,0.11157,0.099714,0.14067,0.22436,0.19117,0.09688,0.10135,0.33645,0.044171,0.057314,0.12174,0.13413,0.21132,0.13038,0.18558,0.11046,0.083846,0.073857,0.15919,0.16005,0.082522,0.089232,0.12002,0.15682,0.094961,0.12904,0.074708,0.10738,0.23226,0.095726,0.21973,0.092551,0.1032,0.11033,0.085348,0.32768,0.087749,9.6662,0.11377,0.10721
0.15156,0.16963,0.16298,0.20569,0.14038,0.20381,0.14367,0.17124,0.26587,0.18676,0.13803,0.21111,0.18942,0.19973,0.14542,0,0.17699,0.14489,0.17841,0.16934,0.185,0.17762,0.15068,0.21131,0.16716,0.14823,0.15054,0.22112,0.23629,0.19223,0.23399,0.2102,0.18365,0.30604,0.17167,0.24324,0.13223,0.19791,0.30387,0.21367,0.20802,0.24684,0.26671,0.20849,0.18183,0.18049,0.14522,0.21979,0.23161,0.18436,0.12941,0.17172,0.29801,0.15631,0.15716,0.14219,0.13439,0.27668,0.13675,0.28399,0.19354,0.15178,0.14179,0.17763,0.17922,0.1808,0.14869,0.14955,0.14703,0.1564,0.19996,0.15385,0.14043,0.23915,0.14485,0.24406,0.17153,0.18944,0.18685,0.14695,0.3363,0.12267,9.6516,0.13086,0.18638
0.16546,0.15522,0.11386,0.15231,0.13884,0.23817,0.18624,0.20599,0.21749,0.19633,0.12636,0.17281,0.1334,0.2077,0.14757,0.17699,0,0.21236,0.13934,0.15757,0.1735,0.16348,0.16656,0.19233,0.14183,0.13538,0.21541,0.17272,0.18972,0.15391,0.14674,0.20481,0.10144,0.19989,0.18444,0.18112,0.15115,0.14519,0.24737,0.13302,0.15442,0.24917,0.25873,0.1537,0.1266,0.19567,0.20113,0.1376,0.18872,0.17299,0.14964,0.19356,0.27962,0.14557,0.14996,0.18669,0.14031,0.19688,0.13131,0.28045,0.19334,0.13988,0.16875,0.1742,0.17518,0.15889,0.1595,0.17172,0.15703,0.13733,0.16841,0.13539,0.19639,0.17506,0.16915,0.15016,0.11524,0.19411,0.20979,0.16698,0.25909,0.17547,9.6465,0.12886,0.12671
0.13564,0.15135,0.16534,0.22549,0.13206,0.29684,0.11546,0.14388,0.34392,0.13155,0.14851,0.27984,0.2141,0.17057,0.13532,0.14489,0.21236,0,0.1619,0.15505,0.12812,0.13071,0.10626,0.30469,0.17689,0.11955,0.10019,0.26152,0.21972,0.23122,0.27096,0.27847,0.21951,0.34937,0.13689,0.25385,0.15087,0.20077,0.35281,0.2224,0.25392,0.31543,0.35754,0.24392,0.18831,0.1427,0.10032,0.21292,0.27194,0.23489,0.13613,0.11657,0.38074,0.14127,0.14077,0.12387,0.16941,0.29072,0.18684,0.21209,0.13669,0.13064,0.10274,0.2153,0.2164,0.14624,0.10454,0.12838,0.20828,0.14578,0.17001,0.12147,0.10057,0.2944,0.11007,0.27116,0.18048,0.1374,0.12265,0.096421,0.38728,0.10763,9.7058,0.16306,0.18496
0.13948,0.14526,0.09873,0.15094,0.11585,0.25885,0.13641,0.16061,0.27434,0.1603,0.082886,0.22864,0.12616,0.13694,0.10613,0.17841,0.13934,0.1619,0,0.12694,0.12517,0.1185,0.12358,0.23399,0.10676,0.093323,0.15201,0.19355,0.15844,0.16392,0.22484,0.23035,0.15423,0.25892,0.14999,0.16875,0.11551,0.12591,0.26767,0.14414,0.19455,0.25716,0.31291,0.17619,0.14384,0.14328,0.1602,0.14573,0.20062,0.18912,0.10094,0.13402,0.31756,0.10149,0.098563,0.13937,0.14516,0.2107,0.15234,0.21312,0.16865,0.10553,0.12984,0.18235,0.18303,0.11281,0.13343,0.15761,0.17588,0.12574,0.15866,0.10504,0.15396,0.21459,0.13723,0.19283,0.13318,0.14792,0.14756,0.12872,0.29575,0.15408,9.6523,0.13426,0.11111
0.094751,0.084163,0.10454,0.17159,0.095267,0.26773,0.11291,0.098859,0.31574,0.11766,0.098767,0.23045,0.14396,0.1508,0.088235,0.16934,0.15757,0.15505,0.12694,0,0.1311,0.10614,0.096374,0.25805,0.13429,0.091597,0.1257,0.19865,0.15682,0.19867,0.20483,0.23991,0.17469,0.2861,0.11069,0.20029,0.090863,0.13756,0.30171,0.12037,0.19373,0.29445,0.34725,0.21974,0.12898,0.12237,0.11216,0.16632,0.23574,0.21848,0.11381,0.09862,0.35715,0.094145,0.10655,0.12047,0.13795,0.22116,0.13286,0.2008,0.10415,0.10158,0.10505,0.15787,0.15856,0.10994,0.12686,0.1296,0.18023,0.088356,0.13768,0.088537,0.11017,0.24083,0.11046,0.2195,0.11927,0.10864,0.10581,0.10277,0.33339,0.11095,9.6735,0.13136,0.11771
0.13861,0.11402,0.10692,0.18367,0.11032,0.30361,0.1068,0.1597,0.30158,0.12827,0.12673,0.22936,0.15515,0.18741,0.10803,0.185,0.1735,0.12812,0.12517,0.1311,0,0.11278,0.1099,0.26873,0.14088,0.10608,0.12615,0.18324,0.15946,0.18994,0.2467,0.22661,0.18565,0.30001,0.13506,0.18861,0.1279,0.14818,0.30184,0.16933,0.19358,0.30125,0.34526,0.18204,0.12122,0.12205,0.11627,0.15015,0.22611,0.22614,0.13637,0.116,0.37629,0.11314,0.12032,0.17111,0.14708,0.21039,0.17793,0.19614,0.11189,0.11958,0.1072,0.1925,0.19393,0.097112,0.10572,0.13033,0.16701,0.13312,0.10674,0.086382,0.12359,0.24365,0.11487,0.24466,0.14815,0.11637,0.12699,0.096036,0.33218,0.11964,9.6836,0.14825,0.14988
0.092387,0.10596,0.11483,0.18901,0.073707,0.2793,0.1057,0.11996,0.31078,0.087416,0.098133,0.25508,0.15398,0.15079,0.084063,0.17762,0.16348,0.13071,0.1185,0.10614,0.11278,0,0.075422,0.27765,0.14575,0.09149,0.12128,0.2184,0.16995,0.20234,0.22953,0.27049,0.16924,0.29649,0.0989,0.23439,0.12612,0.14621,0.31437,0.12751,0.22035,0.30507,0.3454,0.20347,0.1152,0.10531,0.10019,0.12744,0.24685,0.2091,0.1026,0.086757,0.34935,0.067208,0.066889,0.12102,0.14654,0.21486,0.14964,0.16047,0.1209,0.067605,0.085849,0.19518,0.19656,0.090113,0.096598,0.10559,0.18615,0.092183,0.13411,0.083044,0.10892,0.24114,0.11416,0.24018,0.12432,0.10212,0.086535,0.08864,0.35067,0.11724,9.674,0.12347,0.11003
0.080965,0.10683,0.10622,0.1637,0.05899,0.26985,0.094847,0.10011,0.3016,0.093218,0.089505,0.24888,0.14764,0.1433,0.090773,0.15068,0.16656,0.10626,0.12358,0.096374,0.1099,0.075422,0,0.25972,0.13754,0.071149,0.09223,0.21402,0.18789,0.18461,0.22274,0.24147,0.17715,0.29522,0.099029,0.22049,0.11349,0.15207,0.30054,0.15149,0.20955,0.27783,0.33223,0.19729,0.13277,0.1095,0.071804,0.15238,0.24021,0.18833,0.087357,0.065255,0.34806,0.086395,0.087642,0.10374,0.10847,0.22949,0.12719,0.19468,0.10731,0.04996,0.071233,0.15871,0.15939,0.097564,0.096655,0.091973,0.17447,0.086251,0.13772,0.081458,0.07683,0.23347,0.10063,0.23232,0.12599,0.10537,0.079449,0.067578,0.33353,0.087754,9.6757,0.11452,0.11974
0.25762,0.25494,0.20975,0.19584,0.22751,0.23321,0.26247,0.29726,0.20512,0.30575,0.20542,0.17355,0.16833,0.3114,0.24366,0.21131,0.19233,0.30469,0.23399,0.25805,0.26873,0.27765,0.25972,0,0.2159,0.2404,0.28099,0.19407,0.25668,0.16336,0.22671,0.14014,0.18988,0.19601,0.29173,0.20653,0.22094,0.21215,0.19391,0.24476,0.18201,0.20276,0.22453,0.17333,0.22078,0.26976,0.28508,0.25163,0.22175,0.18475,0.23039,0.28819,0.25871,0.24133,0.24385,0.28092,0.19045,0.24222,0.1671,0.39399,0.30743,0.24505,0.26721,0.17809,0.17904,0.26546,0.26691,0.27513,0.17142,0.24417,0.27711,0.2551,0.27603,0.14628,0.2742,0.22135,0.22578,0.28233,0.30842,0.2696,0.22583,0.25532,9.523,0.20837,0.23193
0.14569,0.14967,0.099544,0.15317,0.1249,0.25832,0.14884,0.18844,0.27709,0.17524,0.1193,0.17476,0.12877,0.1457,0.12878,0.16716,0.14183,0.17689,0.10676,0.13429,0.14088,0.14575,0.13754,0.2159,0,0.11604,0.15795,0.15495,0.17166,0.15942,0.19607,0.21291,0.16269,0.2515,0.16942,0.16117,0.098424,0.10103,0.26948,0.14778,0.14692,0.23162,0.2998,0.18227,0.15193,0.1544,0.16694,0.16264,0.17172,0.2041,0.12042,0.15972,0.30116,0.12239,0.12395,0.17507,0.10707,0.21313,0.1431,0.24136,0.18303,0.11933,0.14073,0.15923,0.16013,0.14339,0.16022,0.17573,0.16872,0.14687,0.14091,0.12569,0.16123,0.17583,0.14648,0.2056,0.1555,0.15566,0.16547,0.12941,0.28039,0.1519,9.6251,0.11675,0.13178
0.10166,0.10375,0.088843,0.15154,0.073771,0.2568,0.10168,0.11791,0.28613,0.11582,0.081655,0.2131,0.13344,0.15416,0.082455,0.14823,0.13538,0.11955,0.093323,0.091597,0.10608,0.09149,0.071149,0.2404,0.11604,0,0.1141,0.19794,0.15715,0.16086,0.18734,0.23138,0.15307,0.27687,0.10962,0.18307,0.09437,0.12673,0.28029,0.13113,0.19377,0.27135,0.31096,0.17985,0.11197,0.11761,0.10193,0.13803,0.22035,0.17302,0.078779,0.088634,0.32635,0.085493,0.090383,0.10836,0.11177,0.21629,0.11654,0.20777,0.12095,0.070381,0.083371,0.16037,0.1605,0.099582,0.082208,0.1156,0.15407,0.084974,0.13712,0.07583,0.10208,0.21716,0.10364,0.19628,0.10841,0.10869,0.11857,0.077721,0.31267,0.085564,9.6705,0.11116,0.1074
0.11548,0.13363,0.14181,0.20375,0.10668,0.27148,0.081828,0.11704,0.33582,0.11825,0.12486,0.27026,0.18394,0.16007,0.10782,0.15054,0.21541,0.10019,0.15201,0.1257,0.12615,0.12128,0.09223,0.28099,0.15795,0.1141,0,0.24696,0.19685,0.2251,0.26986,0.25704,0.21404,0.35388,0.11447,0.22971,0.13007,0.1734,0.33899,0.19287,0.2417,0.2896,0.3544,0.22444,0.17418,0.12334,0.078495,0.20133,0.24521,0.2208,0.12766,0.081076,0.37138,0.11521,0.1171,0.12197,0.14909,0.25935,0.16371,0.19958,0.1255,0.117,0.1021,0.17136,0.17126,0.13187,0.11177,0.13086,0.19055,0.12869,0.14788,0.11698,0.071339,0.27463,0.11463,0.26327,0.16644,0.11874,0.10008,0.088631,0.36806,0.090705,9.6872,0.15307,0.15125
0.22507,0.20715,0.16125,0.18157,0.1818,0.28305,0.21743,0.26025,0.22012,0.24235,0.18344,0.1212,0.15367,0.24854,0.20474,0.22112,0.17272,0.26152,0.19355,0.19865,0.18324,0.2184,0.21402,0.19407,0.15495,0.19794,0.24696,0,0.21171,0.14927,0.22851,0.17082,0.19714,0.21478,0.25145,0.16541,0.16807,0.15964,0.23403,0.18175,0.080988,0.24862,0.29067,0.17615,0.16455,0.22133,0.23387,0.17992,0.2,0.23633,0.19243,0.23463,0.31781,0.19564,0.2015,0.26727,0.15758,0.18753,0.18861,0.31438,0.23004,0.19977,0.21746,0.20456,0.20632,0.21027,0.23058,0.21978,0.16866,0.20985,0.20267,0.19526,0.23543,0.15253,0.22444,0.243,0.20673,0.22705,0.25247,0.21199,0.25042,0.22664,9.5967,0.17456,0.20039
0.16855,0.14938,0.14418,0.2108,0.16881,0.31176,0.18699,0.19957,0.3312,0.18828,0.16893,0.2379,0.16368,0.2401,0.16127,0.23629,0.18972,0.21972,0.15844,0.15682,0.15946,0.16995,0.18789,0.25668,0.17166,0.15715,0.19685,0.21171,0,0.22233,0.22653,0.24537,0.17512,0.27452,0.17828,0.19708,0.16161,0.15548,0.28765,0.14625,0.22204,0.32551,0.37368,0.20097,0.13281,0.13899,0.19377,0.16661,0.2352,0.25152,0.19011,0.18163,0.36409,0.16151,0.17141,0.2014,0.19162,0.20339,0.18525,0.26223,0.20712,0.17934,0.16712,0.22013,0.22105,0.13803,0.16449,0.20202,0.19654,0.16656,0.17038,0.15142,0.18849,0.2422,0.1798,0.21954,0.18829,0.14523,0.18949,0.17153,0.32422,0.18826,9.5951,0.17795,0.15026
0.20412,0.20524,0.15302,0.15008,0.15735,0.26998,0.19668,0.22285,0.22083,0.22409,0.14479,0.16001,0.12242,0.23989,0.17777,0.19223,0.15391,0.23122,0.16392,0.19867,0.18994,0.20234,0.18461,0.16336,0.15942,0.16086,0.2251,0.14927,0.22233,0,0.22557,0.20056,0.16947,0.22627,0.23427,0.15758,0.15098,0.15012,0.19627,0.20193,0.12176,0.22683,0.27294,0.16999,0.15226,0.20656,0.21644,0.18157,0.22214,0.16943,0.15797,0.21021,0.29656,0.17228,0.17374,0.22515,0.14694,0.21516,0.13838,0.31323,0.22301,0.1678,0.19013,0.18107,0.18126,0.20457,0.19122,0.20876,0.16993,0.19767,0.20959,0.18773,0.22676,0.13507,0.21611,0.21198,0.17285,0.20927,0.23807,0.19206,0.24473,0.20418,9.573,0.17233,0.18092
0.21635,0.20578,0.18624,0.20376,0.20671,0.26084,0.24752,0.25955,0.2786,0.26245,0.21458,0.20088,0.20593,0.27686,0.22392,0.23399,0.14674,0.27096,0.22484,0.20483,0.2467,0.22953,0.22274,0.22671,0.19607,0.18734,0.26986,0.22851,0.22653,0.22557,0,0.24458,0.16678,0.20604,0.24281,0.2396,0.21863,0.18896,0.26863,0.16814,0.22394,0.29359,0.27093,0.21695,0.19562,0.25749,0.25115,0.21068,0.24488,0.20411,0.21959,0.25052,0.29065,0.22393,0.22979,0.23694,0.18556,0.23651,0.17285,0.33271,0.25392,0.20578,0.23714,0.20605,0.20694,0.23299,0.22823,0.2495,0.19041,0.18532,0.23687,0.20946,0.24345,0.20275,0.23248,0.18163,0.18686,0.24582,0.26414,0.22665,0.26972,0.21628,9.6318,0.18049,0.20064
0.25116,0.24431,0.18721,0.17882,0.22463,0.23972,0.24136,0.28664,0.21514,0.28712,0.21174,0.18839,0.1719,0.29514,0.23752,0.2102,0.20481,0.27847,0.23035,0.23991,0.22661,0.27049,0.24147,0.14014,0.21291,0.23138,0.25704,0.17082,0.24537,0.20056,0.24458,0,0.2141,0.23047,0.27197,0.19079,0.21922,0.21497,0.21269,0.24218,0.17939,0.19658,0.25403,0.15419,0.22271,0.24951,0.26057,0.24185,0.18432,0.2032,0.23702,0.26774,0.30953,0.23638,0.2406,0.27804,0.18284,0.21936,0.18878,0.36463,0.27071,0.23844,0.25035,0.18306,0.18414,0.24228,0.26027,0.24602,0.15094,0.22997,0.24631,0.22573,0.24997,0.18784,0.25487,0.26258,0.23312,0.26763,0.28559,0.25368,0.22347,0.23252,9.5807,0.19994,0.22666
0.15277,0.1686,0.14166,0.18627,0.1411,0.23171,0.177,0.20493,0.23722,0.20608,0.13417,0.208,0.15493,0.23117,0.15642,0.18365,0.10144,0.21951,0.15423,0.17469,0.18565,0.16924,0.17715,0.18988,0.16269,0.15307,0.21404,0.19714,0.17512,0.16947,0.16678,0.2141,0,0.20903,0.18942,0.20229,0.17218,0.15403,0.24121,0.14775,0.1912,0.26439,0.28922,0.15014,0.13806,0.19906,0.21179,0.15068,0.2154,0.14448,0.17279,0.19704,0.30625,0.15171,0.15407,0.17872,0.16896,0.20787,0.12329,0.29834,0.21762,0.14499,0.17399,0.18382,0.18513,0.17766,0.15874,0.19859,0.15091,0.15898,0.19431,0.14431,0.20737,0.18186,0.18948,0.15247,0.14809,0.20036,0.21158,0.17917,0.27737,0.18847,9.6099,0.13935,0.12129
0.29386,0.28633,0.24839,0.22783,0.27138,0.31562,0.32188,0.34683,0.24959,0.34279,0.2566,0.23682,0.2209,0.33351,0.29591,0.30604,0.19989,0.34937,0.25892,0.2861,0.30001,0.29649,0.29522,0.19601,0.2515,0.27687,0.35388,0.21478,0.27452,0.22627,0.20604,0.23047,0.20903,0,0.33525,0.25723,0.2833,0.23891,0.21655,0.24163,0.22106,0.28423,0.29034,0.22462,0.25434,0.31406,0.34044,0.2484,0.27512,0.24897,0.27673,0.33207,0.30578,0.28253,0.28457,0.32515,0.24584,0.25075,0.23698,0.4071,0.33715,0.27354,0.31186,0.25598,0.25826,0.29106,0.31362,0.31575,0.24478,0.26704,0.31656,0.28152,0.3298,0.18925,0.31036,0.22331,0.25929,0.32238,0.33784,0.3102,0.23318,0.32076,9.5316,0.24264,0.26083
0.095169,0.11072,0.13315,0.22644,0.11332,0.28847,0.11829,0.09098,0.34053,0.062363,0.12865,0.27229,0.18364,0.1647,0.10577,0.17167,0.18444,0.13689,0.14999,0.11069,0.13506,0.0989,0.099029,0.29173,0.16942,0.10962,0.11447,0.25145,0.17828,0.23427,0.24281,0.27197,0.18942,0.33525,0,0.24151,0.13111,0.18904,0.35513,0.15913,0.24898,0.32484,0.36499,0.22606,0.14539,0.10188,0.10215,0.1803,0.26317,0.23014,0.12631,0.074717,0.38075,0.11267,0.11749,0.098762,0.163,0.26589,0.16087,0.1984,0.13162,0.10998,0.08859,0.20884,0.2088,0.10246,0.098911,0.10794,0.20249,0.11475,0.13495,0.10188,0.10299,0.27881,0.12,0.2582,0.16209,0.10577,0.081409,0.10694,0.38467,0.10155,9.6833,0.16097,0.12924
0.23153,0.21876,0.15363,0.18369,0.19915,0.29897,0.21788,0.2541,0.2725,0.24269,0.18308,0.17937,0.15064,0.24366,0.20499,0.24324,0.18112,0.25385,0.16875,0.20029,0.18861,0.23439,0.22049,0.20653,0.16117,0.18307,0.22971,0.16541,0.19708,0.15758,0.2396,0.19079,0.20229,0.25723,0.24151,0,0.17904,0.15114,0.25127,0.20568,0.15754,0.24925,0.31397,0.18429,0.19925,0.22299,0.25183,0.22076,0.20225,0.23039,0.20849,0.22276,0.35007,0.20085,0.20476,0.25474,0.1943,0.22652,0.19002,0.31895,0.23366,0.21416,0.22799,0.19779,0.19588,0.21974,0.22419,0.24962,0.20774,0.21605,0.2032,0.20459,0.24544,0.19346,0.24103,0.21906,0.21607,0.21464,0.25648,0.22312,0.25701,0.22728,9.6004,0.22381,0.18191
0.11928,0.10997,0.10042,0.16811,0.10125,0.26351,0.12095,0.12799,0.29189,0.1307,0.089005,0.18327,0.12471,0.15758,0.088814,0.13223,0.15115,0.15087,0.11551,0.090863,0.1279,0.12612,0.11349,0.22094,0.098424,0.09437,0.13007,0.16807,0.16161,0.15098,0.21863,0.21922,0.17218,0.2833,0.13111,0.17904,0,0.13119,0.28156,0.15349,0.15321,0.2691,0.32261,0.20445,0.11732,0.11342,0.1198,0.17198,0.21357,0.21096,0.091387,0.12475,0.32602,0.097856,0.10733,0.13844,0.11377,0.22867,0.11914,0.23106,0.14606,0.10904,0.096984,0.15827,0.15926,0.12034,0.12513,0.1307,0.16663,0.13049,0.13323,0.10637,0.12581,0.20572,0.11582,0.22305,0.13126,0.11556,0.13553,0.10379,0.3203,0.11029,9.6359,0.12281,0.136
0.1624,0.1501,0.09548,0.13025,0.13087,0.24161,0.15111,0.19381,0.26307,0.18831,0.12989,0.1798,0.11645,0.19788,0.13169,0.19791,0.14519,0.20077,0.12591,0.13756,0.14818,0.14621,0.15207,0.21215,0.10103,0.12673,0.1734,0.15964,0.15548,0.15012,0.18896,0.21497,0.15403,0.23891,0.18904,0.15114,0.13119,0,0.23285,0.12063,0.14566,0.2396,0.2874,0.16398,0.13662,0.17059,0.18011,0.14846,0.16629,0.18452,0.1533,0.16733,0.29005,0.12403,0.12826,0.19437,0.13644,0.16575,0.13448,0.23686,0.1731,0.13149,0.16642,0.14895,0.14992,0.15839,0.16502,0.19079,0.15472,0.13302,0.14341,0.13849,0.18036,0.16726,0.16757,0.20271,0.13803,0.16439,0.17722,0.14464,0.25234,0.16635,9.6066,0.13047,0.12007
0.30892,0.31158,0.24431,0.17468,0.28029,0.2901,0.31204,0.34107,0.22886,0.35765,0.26243,0.25108,0.20503,0.35289,0.28781,0.30387,0.24737,0.35281,0.26767,0.30171,0.30184,0.31437,0.30054,0.19391,0.26948,0.28029,0.33899,0.23403,0.28765,0.19627,0.26863,0.21269,0.24121,0.21655,0.35513,0.25127,0.28156,0.23285,0,0.2765,0.22506,0.23713,0.29364,0.21071,0.25962,0.31812,0.33218,0.2582,0.24095,0.20994,0.29738,0.3368,0.28509,0.28182,0.28275,0.33668,0.25765,0.1999,0.23198,0.39792,0.33659,0.27825,0.31079,0.24529,0.24662,0.30408,0.32055,0.3242,0.23476,0.29287,0.31604,0.28871,0.33782,0.16398,0.32806,0.27265,0.25573,0.32392,0.35059,0.31498,0.13785,0.31493,9.5172,0.24992,0.26682
0.1433,0.13362,0.11386,0.16903,0.12501,0.24449,0.16977,0.1777,0.26544,0.16807,0.13596,0.21092,0.14771,0.19672,0.13692,0.21367,0.13302,0.2224,0.14414,0.12037,0.16933,0.12751,0.15149,0.24476,0.14778,0.13113,0.19287,0.18175,0.14625,0.20193,0.16814,0.24218,0.14775,0.24163,0.15913,0.20568,0.15349,0.12063,0.2765,0,0.19239,0.2822,0.30618,0.17337,0.11979,0.16969,0.17724,0.11052,0.20877,0.20163,0.14906,0.15662,0.30244,0.12691,0.13332,0.17817,0.14872,0.17134,0.14764,0.23299,0.17359,0.12747,0.16298,0.1854,0.18597,0.13532,0.16388,0.16633,0.17002,0.10302,0.16406,0.13329,0.1708,0.20659,0.16539,0.19265,0.13647,0.16624,0.17015,0.15404,0.29051,0.17083,9.6429,0.12852,0.095887
0.22308,0.20525,0.15422,0.16258,0.18047,0.27535,0.2168,0.25009,0.22439,0.23696,0.17515,0.11239,0.14046,0.2437,0.1975,0.20802,0.15442,0.25392,0.19455,0.19373,0.19358,0.22035,0.20955,0.18201,0.14692,0.19377,0.2417,0.080988,0.22204,0.12176,0.22394,0.17939,0.1912,0.22106,0.24898,0.15754,0.15321,0.14566,0.22506,0.19239,0,0.23279,0.28481,0.18985,0.16457,0.21992,0.23108,0.19154,0.1824,0.22834,0.19134,0.23454,0.30169,0.19129,0.19787,0.25944,0.15019,0.19887,0.16717,0.31949,0.22256,0.19303,0.21154,0.18172,0.18312,0.21574,0.22394,0.21438,0.17997,0.20809,0.18745,0.19292,0.23604,0.13845,0.21797,0.23396,0.18954,0.22483,0.24928,0.20358,0.24152,0.22024,9.5871,0.17138,0.19465
0.29178,0.31816,0.24475,0.18718,0.26387,0.21007,0.27529,0.32834,0.23173,0.33576,0.2468,0.24606,0.21692,0.28001,0.27494,0.24684,0.24917,0.31543,0.25716,0.29445,0.30125,0.30507,0.27783,0.20276,0.23162,0.27135,0.2896,0.24862,0.32551,0.22683,0.29359,0.19658,0.26439,0.28423,0.32484,0.24925,0.2691,0.2396,0.23713,0.2822,0.23279,0,0.23717,0.20775,0.29477,0.30396,0.30826,0.26529,0.18733,0.20088,0.25896,0.30836,0.25823,0.26188,0.25675,0.30825,0.2203,0.26236,0.23213,0.37664,0.3189,0.26236,0.29109,0.22484,0.22373,0.29823,0.30817,0.29628,0.21938,0.2716,0.30986,0.27694,0.2994,0.21015,0.30499,0.29864,0.27362,0.3252,0.32849,0.29367,0.21515,0.28575,9.5636,0.22431,0.24893
0.3477,0.33954,0.29081,0.26687,0.31231,0.20333,0.3355,0.37761,0.17313,0.38238,0.30423,0.24608,0.29588,0.3699,0.3237,0.26671,0.25873,0.35754,0.31291,0.34725,0.34526,0.3454,0.33223,0.22453,0.2998,0.31096,0.3544,0.29067,0.37368,0.27294,0.27093,0.25403,0.28922,0.29034,0.36499,0.31397,0.32261,0.2874,0.29364,0.30618,0.28481,0.23717,0,0.23517,0.31841,0.3762,0.35004,0.31447,0.25802,0.23611,0.30043,0.35923,0.17746,0.32609,0.32388,0.3473,0.26426,0.31679,0.27788,0.43403,0.36439,0.31692,0.35182,0.28019,0.28094,0.34441,0.33555,0.33219,0.23259,0.29529,0.34875,0.33309,0.33922,0.26404,0.33191,0.29452,0.29339,0.38128,0.38081,0.33463,0.26243,0.31789,9.6139,0.27193,0.31594
0.20409,0.20267,0.14424,0.15549,0.17052,0.22901,0.19962,0.25507,0.1781,0.23884,0.16782,0.19249,0.1504,0.26666,0.18476,0.20849,0.1537,0.24392,0.17619,0.21974,0.18204,0.20347,0.19729,0.17333,0.18227,0.17985,0.22444,0.17615,0.20097,0.16999,0.21695,0.15419,0.15014,0.22462,0.22606,0.18429,0.20445,0.16398,0.21071,0.17337,0.18985,0.20775,0.23517,0,0.16403,0.21683,0.22725,0.14563,0.17606,0.14358,0.1934,0.22056,0.27232,0.17761,0.17799,0.24104,0.15798,0.17707,0.16277,0.31352,0.23764,0.17841,0.20494,0.18106,0.1812,0.1845,0.19813,0.2061,0.13125,0.17889,0.21114,0.183,0.21745,0.172,0.21571,0.20542,0.18139,0.22782,0.24457,0.20497,0.22673,0.20072,9.6011,0.15606,0.15193
0.13394,0.10694,0.10412,0.16898,0.10028,0.27795,0.14312,0.15973,0.26748,0.14058,0.11438,0.18813,0.11692,0.22,0.10665,0.18183,0.1266,0.18831,0.14384,0.12898,0.12122,0.1152,0.13277,0.22078,0.15193,0.11197,0.17418,0.16455,0.13281,0.15226,0.19562,0.22271,0.13806,0.25434,0.14539,0.19925,0.11732,0.13662,0.25962,0.11979,0.16457,0.29477,0.31841,0.16403,0,0.12494,0.14023,0.10539,0.22428,0.19834,0.13129,0.1465,0.32812,0.10757,0.11951,0.17544,0.13382,0.17077,0.13065,0.23416,0.15167,0.11769,0.11732,0.18283,0.18442,0.10806,0.1126,0.13289,0.14446,0.12433,0.12994,0.10728,0.15433,0.19193,0.14234,0.2096,0.11151,0.12739,0.16242,0.12421,0.30344,0.13636,9.6293,0.124,0.12687
0.11293,0.12756,0.12678,0.20332,0.11571,0.30678,0.12644,0.1281,0.3436,0.094405,0.1259,0.25305,0.14345,0.17347,0.11157,0.18049,0.19567,0.1427,0.14328,0.12237,0.12205,0.10531,0.1095,0.26976,0.1544,0.11761,0.12334,0.22133,0.13899,0.20656,0.25749,0.24951,0.19906,0.31406,0.10188,0.22299,0.11342,0.17059,0.31812,0.16969,0.21992,0.30396,0.3762,0.21683,0.12494,0,0.10904,0.16399,0.24886,0.23869,0.12751,0.10722,0.37636,0.10252,0.10799,0.14273,0.15319,0.23163,0.1581,0.19641,0.14997,0.12061,0.079289,0.20853,0.20924,0.094195,0.11725,0.12017,0.19497,0.1367,0.13733,0.10648,0.12041,0.24729,0.13808,0.2744,0.17206,0.074544,0.10867,0.11598,0.36067,0.12259,9.6227,0.1508,0.13927
0.10619,0.10927,0.13637,0.19804,0.094005,0.28016,0.092476,0.095029,0.32707,0.096516,0.12635,0.26024,0.18036,0.17157,0.099714,0.14522,0.20113,0.10032,0.1602,0.11216,0.11627,0.10019,0.071804,0.28508,0.16694,0.10193,0.078495,0.23387,0.19377,0.21644,0.25115,0.26057,0.21179,0.34044,0.10215,0.25183,0.1198,0.18011,0.33218,0.17724,0.23108,0.30826,0.35004,0.22725,0.14023,0.10904,0,0.17828,0.25677,0.22507,0.11184,0.077157,0.36537,0.11235,0.11864,0.11695,0.13245,0.24633,0.16067,0.18754,0.099425,0.10113,0.074117,0.18499,0.18622,0.10685,0.092722,0.088733,0.17898,0.10937,0.13589,0.099218,0.053526,0.26951,0.088844,0.26595,0.1455,0.10718,0.084985,0.063631,0.36673,0.071161,9.6938,0.13295,0.16077
0.16162,0.16329,0.13207,0.15802,0.12565,0.26791,0.16535,0.20175,0.2495,0.17632,0.13774,0.21817,0.14245,0.20879,0.14067,0.21979,0.1376,0.21292,0.14573,0.16632,0.15015,0.12744,0.15238,0.25163,0.16264,0.13803,0.20133,0.17992,0.16661,0.18157,0.21068,0.24185,0.15068,0.2484,0.1803,0.22076,0.17198,0.14846,0.2582,0.11052,0.19154,0.26529,0.31447,0.14563,0.10539,0.16399,0.17828,0,0.20769,0.18865,0.15036,0.17225,0.31299,0.12157,0.12436,0.20181,0.15434,0.15048,0.16832,0.22835,0.17714,0.12308,0.14858,0.20959,0.21051,0.12862,0.1512,0.15336,0.16244,0.13684,0.17269,0.12367,0.18263,0.20104,0.17173,0.21441,0.13921,0.17805,0.18818,0.15313,0.28453,0.17875,9.6441,0.11932,0.11464
0.25865,0.25188,0.16958,0.15507,0.22671,0.20968,0.23869,0.284,0.22516,0.27453,0.21114,0.20232,0.18202,0.24973,0.22436,0.23161,0.18872,0.27194,0.20062,0.23574,0.22611,0.24685,0.24021,0.22175,0.17172,0.22035,0.24521,0.2,0.2352,0.22214,0.24488,0.18432,0.2154,0.27512,0.26317,0.20225,0.21357,0.16629,0.24095,0.20877,0.1824,0.18733,0.25802,0.17606,0.22428,0.24886,0.25677,0.20769,0,0.21634,0.2345,0.2602,0.2453,0.2203,0.22113,0.26901,0.18974,0.18506,0.20669,0.31332,0.26094,0.21737,0.24627,0.20235,0.2032,0.23287,0.25052,0.23731,0.18497,0.21944,0.20126,0.20734,0.24928,0.19343,0.23694,0.25467,0.21424,0.26953,0.2673,0.23065,0.21154,0.23718,9.6182,0.17645,0.19291
0.20041,0.22615,0.17999,0.16096,0.17147,0.17394,0.19097,0.22906,0.20785,0.24556,0.16085,0.23313,0.17707,0.25814,0.19117,0.18436,0.17299,0.23489,0.18912,0.21848,0.22614,0.2091,0.18833,0.18475,0.2041,0.17302,0.2208,0.23633,0.25152,0.16943,0.20411,0.2032,0.14448,0.24897,0.23014,0.23039,0.21096,0.18452,0.20994,0.20163,0.22834,0.20088,0.23611,0.14358,0.19834,0.23869,0.22507,0.18865,0.21634,0,0.18676,0.21739,0.26664,0.18438,0.18084,0.20192,0.17618,0.22658,0.12683,0.32042,0.24235,0.16524,0.20835,0.17284,0.17266,0.22537,0.19927,0.21513,0.14166,0.18188,0.25039,0.19075,0.22078,0.18827,0.22683,0.20945,0.17554,0.2496,0.24254,0.21002,0.25221,0.19532,9.6116,0.15635,0.16362
0.11476,0.12552,0.12238,0.1704,0.078484,0.24963,0.11384,0.12864,0.27666,0.12878,0.072222,0.21318,0.14196,0.13832,0.09688,0.12941,0.14964,0.13613,0.10094,0.11381,0.13637,0.1026,0.087357,0.23039,0.12042,0.078779,0.12766,0.19243,0.19011,0.15797,0.21959,0.23702,0.17279,0.27673,0.12631,0.20849,0.091387,0.1533,0.29738,0.14906,0.19134,0.25896,0.30043,0.1934,0.13129,0.12751,0.11184,0.15036,0.2345,0.18676,0,0.10581,0.31406,0.093083,0.093338,0.11493,0.10293,0.24041,0.12966,0.22235,0.14791,0.084506,0.096365,0.16985,0.17052,0.11333,0.10881,0.11178,0.16071,0.10321,0.16937,0.10854,0.10699,0.22218,0.10924,0.21213,0.12965,0.13804,0.12903,0.096901,0.33031,0.11246,9.6585,0.1097,0.13284
0.094842,0.11686,0.12689,0.20285,0.084472,0.2837,0.091981,0.075248,0.32852,0.068349,0.11264,0.2695,0.17346,0.14613,0.10135,0.17172,0.19356,0.11657,0.13402,0.09862,0.116,0.086757,0.065255,0.28819,0.15972,0.088634,0.081076,0.23463,0.18163,0.21021,0.25052,0.26774,0.19704,0.33207,0.074717,0.22276,0.12475,0.16733,0.3368,0.15662,0.23454,0.30836,0.35923,0.22056,0.1465,0.10722,0.077157,0.17225,0.2602,0.21739,0.10581,0,0.37857,0.10301,0.10527,0.096658,0.14589,0.25081,0.15665,0.18587,0.103,0.090224,0.086672,0.19168,0.19137,0.1073,0.092347,0.10826,0.1946,0.1022,0.13886,0.098896,0.083517,0.26819,0.11545,0.25071,0.15742,0.098666,0.067707,0.082067,0.36668,0.10292,9.6853,0.15449,0.12731
0.35978,0.35733,0.30429,0.26687,0.32968,0.22168,0.36635,0.38906,0.22063,0.39287,0.31387,0.27542,0.30445,0.3683,0.33645,0.29801,0.27962,0.38074,0.31756,0.35715,0.37629,0.34935,0.34806,0.25871,0.30116,0.32635,0.37138,0.31781,0.36409,0.29656,0.29065,0.30953,0.30625,0.30578,0.38075,0.35007,0.32602,0.29005,0.28509,0.30244,0.30169,0.25823,0.17746,0.27232,0.32812,0.37636,0.36537,0.31299,0.2453,0.26664,0.31406,0.37857,0,0.33355,0.33035,0.35628,0.28092,0.31263,0.28418,0.43853,0.39698,0.32078,0.36039,0.29832,0.29954,0.3517,0.35825,0.34069,0.2844,0.31388,0.36191,0.34742,0.35486,0.25857,0.34371,0.3021,0.30227,0.38977,0.38778,0.34573,0.2662,0.34317,9.568,0.26903,0.31362
0.085403,0.10293,0.095124,0.15925,0.068018,0.25533,0.082699,0.12439,0.29109,0.1138,0.066904,0.22461,0.11724,0.14882,0.044171,0.15631,0.14557,0.14127,0.10149,0.094145,0.11314,0.067208,0.086395,0.24133,0.12239,0.085493,0.11521,0.19564,0.16151,0.17228,0.22393,0.23638,0.15171,0.28253,0.11267,0.20085,0.097856,0.12403,0.28182,0.12691,0.19129,0.26188,0.32609,0.17761,0.10757,0.10252,0.11235,0.12157,0.2203,0.18438,0.093083,0.10301,0.33355,0,0.020328,0.12988,0.13324,0.19901,0.124,0.17972,0.12183,0.072105,0.077939,0.16423,0.16491,0.090544,0.10278,0.11938,0.16074,0.09628,0.13842,0.076273,0.11773,0.21696,0.11754,0.22598,0.10508,0.10417,0.11413,0.09766,0.32225,0.10639,9.6517,0.10764,0.088648
0.089393,0.1186,0.099986,0.16132,0.071616,0.25278,0.088305,0.12982,0.28959,0.11762,0.069907,0.23213,0.12059,0.14065,0.057314,0.15716,0.14996,0.14077,0.098563,0.10655,0.12032,0.066889,0.087642,0.24385,0.12395,0.090383,0.1171,0.2015,0.17141,0.17374,0.22979,0.2406,0.15407,0.28457,0.11749,0.20476,0.10733,0.12826,0.28275,0.13332,0.19787,0.25675,0.32388,0.17799,0.11951,0.10799,0.11864,0.12436,0.22113,0.18084,0.093338,0.10527,0.33035,0.020328,0,0.12849,0.1368,0.20217,0.12789,0.177,0.1323,0.071052,0.084234,0.17177,0.17235,0.098634,0.10924,0.12391,0.16614,0.10257,0.14615,0.084382,0.12405,0.21622,0.1274,0.23107,0.11518,0.11081,0.11733,0.10528,0.32177,0.11545,9.6501,0.1112,0.088819
0.099248,0.14392,0.15329,0.217,0.11786,0.25316,0.12553,0.081102,0.32875,0.12251,0.11937,0.28566,0.19583,0.1466,0.12174,0.14219,0.18669,0.12387,0.13937,0.12047,0.17111,0.12102,0.10374,0.28092,0.17507,0.10836,0.12197,0.26727,0.2014,0.22515,0.23694,0.27804,0.17872,0.32515,0.098762,0.25474,0.13844,0.19437,0.33668,0.17817,0.25944,0.30825,0.3473,0.24104,0.17544,0.14273,0.11695,0.20181,0.26901,0.20192,0.11493,0.096658,0.35628,0.12988,0.12849,0,0.16545,0.28116,0.14923,0.22333,0.15714,0.1078,0.10769,0.20438,0.20484,0.1401,0.10998,0.13306,0.20078,0.11776,0.18317,0.11672,0.11417,0.27868,0.12556,0.23419,0.16211,0.14334,0.1074,0.11667,0.37187,0.12249,9.6799,0.15186,0.14305
0.13461,0.13749,0.10254,0.13177,0.098176,0.23761,0.14885,0.17196,0.24108,0.16657,0.11543,0.17649,0.12685,0.18001,0.13413,0.13439,0.14031,0.16941,0.14516,0.13795,0.14708,0.14654,0.10847,0.19045,0.10707,0.11177,0.14909,0.15758,0.19162,0.14694,0.18556,0.18284,0.16896,0.24584,0.163,0.1943,0.11377,0.13644,0.25765,0.14872,0.15019,0.2203,0.26426,0.15798,0.13382,0.15319,0.13245,0.15434,0.18974,0.17618,0.10293,0.14589,0.28092,0.13324,0.1368,0.16545,0,0.2088,0.11361,0.26475,0.16971,0.10602,0.12978,0.12626,0.12737,0.13417,0.14673,0.13366,0.13636,0.11693,0.15263,0.13006,0.12595,0.17216,0.13188,0.20281,0.14049,0.15922,0.16203,0.11424,0.27034,0.12526,9.6297,0.088973,0.14233
0.24075,0.23154,0.16743,0.15006,0.204,0.27648,0.23389,0.27229,0.25191,0.26355,0.20833,0.23475,0.14882,0.27648,0.21132,0.27668,0.19688,0.29072,0.2107,0.22116,0.21039,0.21486,0.22949,0.24222,0.21313,0.21629,0.25935,0.18753,0.20339,0.21516,0.23651,0.21936,0.20787,0.25075,0.26589,0.22652,0.22867,0.16575,0.1999,0.17134,0.19887,0.26236,0.31679,0.17707,0.17077,0.23163,0.24633,0.15048,0.18506,0.22658,0.24041,0.25081,0.31263,0.19901,0.20217,0.28116,0.2088,0,0.21252,0.26491,0.23765,0.20937,0.23912,0.22485,0.22655,0.21118,0.24392,0.24081,0.18562,0.20699,0.20569,0.20015,0.2561,0.17906,0.25403,0.26614,0.18845,0.23667,0.26257,0.2356,0.2105,0.2462,9.6111,0.18629,0.18746
0.12911,0.14533,0.11555,0.14465,0.10581,0.21159,0.15088,0.15996,0.24805,0.16821,0.097538,0.18755,0.11649,0.20842,0.13038,0.13675,0.13131,0.18684,0.15234,0.13286,0.17793,0.14964,0.12719,0.1671,0.1431,0.11654,0.16371,0.18861,0.18525,0.13838,0.17285,0.18878,0.12329,0.23698,0.16087,0.19002,0.11914,0.13448,0.23198,0.14764,0.16717,0.23213,0.27788,0.16277,0.13065,0.1581,0.16067,0.16832,0.20669,0.12683,0.12966,0.15665,0.28418,0.124,0.12789,0.14923,0.11361,0.21252,0,0.28233,0.18743,0.11084,0.14076,0.11836,0.11868,0.16524,0.15018,0.1526,0.14261,0.12694,0.18006,0.13706,0.15693,0.16056,0.16608,0.19342,0.12766,0.16477,0.17542,0.1475,0.27853,0.13378,9.6004,0.11339,0.11372
