0,0.069987,0.082389,0.089023,0.046476,0.092446,0.070978,0.055131,0.066895,0.057717,0.10221,0.092601,0.08931,0.055498,0.066371,0.071528,0.091408,0.078037,0.10934,0.053765,0.077871,0.055467,0.056924,0.13354,0.072027,0.059964,0.068279,0.08418,0.11622,0.070842,0.12261,0.084558,0.090696,0.086321,0.062501,0.1359,0.066523,0.07858,0.10473,0.076372,0.075787,0.10906,0.068864,0.087719,0.086896,0.057827,0.055777,0.097464,0.071512,0.07187,0.074351,0.059533,0.088702,0.064512,0.06519,0.065217,0.080483,0.091691,0.056907,0.12625,0.069868,0.051401,0.054794,0.078509,0.076302,0.069189,0.073467,0.076417,0.077031,0.080469,0.060039,0.056098,0.061124,0.077786,0.051355,0.10133,0.13625,0.058559,0.057245,0.048831,0.10241,0.057376,0.13337,0.061813,0.1724
0.069987,0,0.059277,0.093586,0.051391,0.085344,0.076875,0.065887,0.050259,0.05908,0.06362,0.10128,0.075131,0.051048,0.064459,0.086444,0.087845,0.063377,0.071709,0.066512,0.075051,0.051567,0.073563,0.13506,0.068013,0.053358,0.075581,0.099209,0.13428,0.075492,0.091792,0.089672,0.086,0.087935,0.063537,0.14166,0.048802,0.070463,0.0967,0.10227,0.074179,0.11043,0.085615,0.055124,0.08246,0.0703,0.047851,0.10325,0.083022,0.064764,0.072687,0.06858,0.1025,0.072378,0.073301,0.066565,0.075935,0.080739,0.076797,0.13252,0.077521,0.072131,0.070451,0.062517,0.062131,0.051097,0.069213,0.070573,0.067849,0.096402,0.039789,0.051109,0.062336,0.054919,0.056707,0.078575,0.1139,0.069522,0.081796,0.056694,0.094566,0.064155,0.13829,0.047363,0.20052
0.082389,0.059277,0,0.085227,0.058398,0.10049,0.075792,0.079281,0.05957,0.067395,0.066059,0.092479,0.060192,0.06731,0.056041,0.080237,0.079849,0.063915,0.076977,0.06824,0.094303,0.064697,0.078381,0.15025,0.084214,0.071998,0.087886,0.085966,0.14269,0.076133,0.097396,0.09674,0.091575,0.07815,0.079121,0.11261,0.073385,0.049755,0.088377,0.11854,0.064946,0.12103,0.094084,0.081299,0.096613,0.072347,0.060022,0.11509,0.084183,0.091871,0.084868,0.077855,0.086583,0.065966,0.068215,0.065966,0.081898,0.070714,0.081819,0.12118,0.091046,0.066164,0.07617,0.061638,0.062011,0.07838,0.065988,0.08631,0.09367,0.11017,0.069209,0.069901,0.071663,0.07287,0.050378,0.077633,0.11563,0.084523,0.097563,0.065255,0.090345,0.06527,0.11725,0.069128,0.20069
0.089023,0.093586,0.085227,0,0.079345,0.11609,0.086904,0.096518,0.089186,0.10347,0.10585,0.10854,0.072799,0.08845,0.072819,0.098282,0.10587,0.11661,0.11642,0.077064,0.10564,0.087258,0.086087,0.15008,0.092997,0.097174,0.11004,0.10729,0.13568,0.087719,0.11049,0.088708,0.076782,0.080724,0.10961,0.13062,0.097281,0.077625,0.079925,0.095088,0.096605,0.1316,0.07592,0.09012,0.088461,0.096685,0.10454,0.10055,0.090788,0.11414,0.098779,0.096962,0.099394,0.074188,0.082888,0.098303,0.10955,0.073482,0.1017,0.11119,0.10355,0.077299,0.087544,0.0834,0.081608,0.094261,0.10153,0.12301,0.10668,0.12903,0.10361,0.083015,0.098043,0.093464,0.084905,0.12837,0.12214,0.10108,0.10217,0.099817,0.10973,0.092002,0.13451,0.10461,0.18623
0.046476,0.051391,0.058398,0.079345,0,0.085505,0.047597,0.061032,0.054748,0.043281,0.085096,0.082425,0.070249,0.043392,0.038775,0.070459,0.076771,0.061264,0.10042,0.051869,0.075198,0.048176,0.044482,0.14678,0.057397,0.040164,0.049081,0.078579,0.11172,0.050153,0.11474,0.074296,0.081852,0.077473,0.055976,0.12079,0.054508,0.066522,0.10114,0.081857,0.058711,0.11176,0.074447,0.072695,0.072445,0.050802,0.04851,0.083677,0.067162,0.066608,0.056687,0.052353,0.091601,0.051244,0.049118,0.052562,0.068767,0.081149,0.058814,0.12619,0.069391,0.042048,0.050769,0.071562,0.06978,0.063636,0.046783,0.060112,0.069231,0.10046,0.053437,0.044891,0.051274,0.067635,0.047358,0.08702,0.11565,0.060937,0.058077,0.045263,0.097804,0.045654,0.12788,0.046127,0.18806
0.092446,0.085344,0.10049,0.11609,0.085505,0,0.09585,0.099478,0.084984,0.091096,0.11742,0.11178,0.10905,0.098392,0.099253,0.1108,0.10785,0.091067,0.10855,0.094259,0.080191,0.09887,0.097536,0.13504,0.098294,0.092924,0.099103,0.11469,0.15092,0.10107,0.12912,0.10778,0.1252,0.11153,0.090378,0.14643,0.10087,0.11273,0.13453,0.10798,0.1068,0.070128,0.11649,0.091211,0.12169,0.10747,0.087123,0.12771,0.088077,0.091005,0.098565,0.093548,0.11364,0.10495,0.10961,0.10349,0.099236,0.11216,0.10422,0.14727,0.075656,0.098827,0.11115,0.095089,0.09553,0.083227,0.089511,0.095609,0.089755,0.085404,0.091767,0.099939,0.08781,0.11135,0.08737,0.12435,0.14378,0.09982,0.10227,0.088473,0.1154,0.10648,0.12448,0.084822,0.19979
0.070978,0.076875,0.075792,0.086904,0.047597,0.09585,0,0.073595,0.068037,0.052908,0.101,0.093921,0.081102,0.061258,0.047398,0.083658,0.10143,0.06975,0.11538,0.061973,0.077402,0.064247,0.041047,0.14648,0.047123,0.05822,0.045779,0.091981,0.13187,0.072242,0.13899,0.089094,0.097964,0.086293,0.061124,0.13074,0.078118,0.079109,0.12287,0.084073,0.076361,0.11895,0.094114,0.093714,0.080908,0.05415,0.061408,0.098887,0.08481,0.097281,0.056138,0.040443,0.10897,0.057455,0.05429,0.068158,0.091161,0.09618,0.088859,0.14743,0.077118,0.061496,0.053954,0.099175,0.097033,0.070656,0.061878,0.067675,0.082227,0.10649,0.077563,0.057878,0.047647,0.084799,0.062061,0.10291,0.14323,0.059683,0.051137,0.064133,0.12633,0.067176,0.13114,0.06478,0.19491
0.055131,0.065887,0.079281,0.096518,0.061032,0.099478,0.073595,0,0.068101,0.063822,0.09927,0.10994,0.086052,0.056293,0.065559,0.087213,0.10167,0.075341,0.091424,0.057261,0.075073,0.061032,0.072558,0.12417,0.075565,0.065635,0.07421,0.10647,0.1522,0.075541,0.12793,0.10706,0.10982,0.089757,0.064522,0.14216,0.070628,0.076502,0.11302,0.10172,0.091632,0.11478,0.085864,0.096639,0.10168,0.069462,0.052182,0.12404,0.080636,0.076373,0.080272,0.060138,0.081728,0.060832,0.070952,0.079679,0.096838,0.092092,0.075374,0.13444,0.060136,0.060263,0.069528,0.082073,0.080646,0.055168,0.068064,0.07282,0.072821,0.079431,0.065546,0.050852,0.052029,0.068319,0.058491,0.10447,0.14711,0.059217,0.06756,0.054218,0.12439,0.071017,0.14734,0.076705,0.20382
0.066895,0.050259,0.05957,0.089186,0.054748,0.084984,0.068037,0.068101,0,0.056399,0.079508,0.094558,0.0815,0.05734,0.060767,0.08066,0.088479,0.074764,0.091687,0.073387,0.089052,0.058634,0.075013,0.13866,0.072812,0.062016,0.075803,0.089128,0.13224,0.074317,0.10911,0.078089,0.096341,0.085523,0.067561,0.13149,0.071361,0.072621,0.11128,0.099686,0.074963,0.10401,0.07725,0.072877,0.092789,0.071412,0.058184,0.10185,0.069831,0.079127,0.082715,0.061997,0.099898,0.067578,0.070634,0.07429,0.089918,0.09282,0.069079,0.14491,0.0719,0.069697,0.074551,0.070664,0.070104,0.057088,0.078607,0.080353,0.075208,0.096634,0.050449,0.05908,0.067723,0.065505,0.047786,0.075774,0.13241,0.069649,0.077131,0.057542,0.10616,0.076766,0.12053,0.06204,0.19403
0.057717,0.05908,0.067395,0.10347,0.043281,0.091096,0.052908,0.063822,0.056399,0,0.085205,0.087219,0.084021,0.056512,0.053073,0.077083,0.093617,0.059989,0.099446,0.066332,0.070843,0.044536,0.043013,0.14607,0.056279,0.050396,0.040467,0.08865,0.12579,0.068717,0.12178,0.096109,0.10095,0.095992,0.042192,0.1412,0.06456,0.075643,0.1169,0.092501,0.068011,0.11102,0.086264,0.084192,0.091375,0.063197,0.039495,0.10449,0.078035,0.069257,0.061521,0.045675,0.098507,0.058985,0.054914,0.043518,0.072291,0.093859,0.059554,0.15127,0.061092,0.056983,0.050521,0.080682,0.07936,0.062102,0.059851,0.05184,0.072065,0.088641,0.052802,0.053698,0.050012,0.069021,0.045496,0.082025,0.13663,0.050223,0.052729,0.041458,0.11225,0.052057,0.1324,0.048515,0.18966
0.10221,0.06362,0.066059,0.10585,0.085096,0.11742,0.101,0.09927,0.079508,0.085205,0,0.096818,0.064598,0.080809,0.083571,0.10061,0.10213,0.087718,0.066727,0.090747,0.092654,0.066522,0.097705,0.14766,0.10339,0.087495,0.10065,0.10287,0.14791,0.099144,0.099151,0.10205,0.083454,0.092938,0.096066,0.13296,0.091042,0.077593,0.085991,0.12083,0.087403,0.12971,0.10599,0.086766,0.095512,0.10102,0.077778,0.10534,0.11208,0.097373,0.097908,0.08933,0.1059,0.090348,0.087449,0.075936,0.09707,0.077897,0.10011,0.13707,0.10811,0.086081,0.086418,0.085466,0.085236,0.073022,0.09958,0.10303,0.10488,0.12371,0.075325,0.081733,0.087259,0.08489,0.076106,0.090678,0.1229,0.087296,0.11022,0.086029,0.096288,0.087379,0.1451,0.078799,0.19176
0.092601,0.10128,0.092479,0.10854,0.082425,0.11178,0.093921,0.10994,0.094558,0.087219,0.096818,0,0.098202,0.09626,0.080321,0.092038,0.11497,0.099115,0.12603,0.10431,0.11592,0.082012,0.089079,0.17402,0.11998,0.095195,0.088228,0.045451,0.13429,0.079469,0.12468,0.10305,0.11983,0.096615,0.11377,0.09934,0.11243,0.1005,0.12162,0.098137,0.056539,0.13064,0.11189,0.10926,0.11207,0.1056,0.089964,0.099889,0.105,0.11176,0.11019,0.094516,0.10995,0.086429,0.086208,0.083115,0.10184,0.10663,0.088123,0.14666,0.11281,0.070597,0.088432,0.091143,0.090699,0.10052,0.090717,0.12178,0.11033,0.13105,0.09533,0.097035,0.092982,0.12142,0.080993,0.104,0.15325,0.091189,0.10709,0.088076,0.11939,0.093494,0.12443,0.10173,0.19821
0.08931,0.075131,0.060192,0.072799,0.070249,0.10905,0.081102,0.086052,0.0815,0.084021,0.064598,0.098202,0,0.08359,0.074597,0.10407,0.093812,0.089013,0.090653,0.072063,0.089447,0.074068,0.082227,0.13795,0.08771,0.081512,0.095031,0.095762,0.15027,0.079168,0.11076,0.080884,0.066626,0.067839,0.091526,0.11974,0.086462,0.062162,0.064823,0.10705,0.082497,0.1252,0.080801,0.088471,0.081395,0.088913,0.083887,0.0967,0.091408,0.096564,0.083687,0.081176,0.090956,0.076219,0.078151,0.076842,0.10529,0.039471,0.097774,0.10232,0.093726,0.072343,0.083221,0.082261,0.081634,0.082502,0.089662,0.097761,0.10875,0.1215,0.089486,0.07379,0.082438,0.084532,0.074592,0.10597,0.11549,0.088246,0.10142,0.086628,0.096471,0.077482,0.12982,0.08229,0.17622
0.055498,0.051048,0.06731,0.08845,0.043392,0.098392,0.061258,0.056293,0.05734,0.056512,0.080809,0.09626,0.08359,0,0.051009,0.068051,0.089029,0.073863,0.091064,0.049299,0.074415,0.04082,0.060367,0.13239,0.064743,0.054543,0.063766,0.092867,0.12662,0.06084,0.11564,0.087983,0.086708,0.085207,0.062843,0.13963,0.057273,0.067564,0.10531,0.093504,0.076678,0.10689,0.08548,0.075401,0.08427,0.051728,0.045945,0.096699,0.078156,0.068524,0.073644,0.051248,0.093301,0.058906,0.057177,0.070439,0.081593,0.089402,0.064873,0.13267,0.082751,0.047722,0.053266,0.077592,0.075393,0.053537,0.0631,0.070274,0.060829,0.10168,0.053354,0.039434,0.051981,0.051862,0.04716,0.096685,0.13011,0.046047,0.054972,0.047597,0.10105,0.055666,0.13242,0.05864,0.20231
0.066371,0.064459,0.056041,0.072819,0.038775,0.099253,0.047398,0.065559,0.060767,0.053073,0.083571,0.080321,0.074597,0.051009,0,0.068851,0.082674,0.06826,0.09462,0.0612,0.083051,0.045509,0.050965,0.15791,0.066552,0.051023,0.053419,0.083311,0.12355,0.065684,0.1179,0.092431,0.092989,0.080055,0.065963,0.11636,0.071113,0.060936,0.10712,0.090728,0.067435,0.12306,0.091914,0.088092,0.085515,0.059562,0.054976,0.10129,0.075302,0.090344,0.065566,0.055075,0.091549,0.029291,0.032733,0.056665,0.075455,0.088496,0.075467,0.13786,0.074396,0.042345,0.047741,0.072599,0.07047,0.062225,0.045389,0.072188,0.074196,0.1066,0.062423,0.050339,0.050155,0.07744,0.049678,0.086232,0.12852,0.065972,0.064257,0.052489,0.11234,0.053857,0.13194,0.068359,0.201
0.071528,0.086444,0.080237,0.098282,0.070459,0.1108,0.083658,0.087213,0.08066,0.077083,0.10061,0.092038,0.10407,0.068051,0.068851,0,0.094409,0.081272,0.10417,0.076959,0.10129,0.071942,0.071302,0.16139,0.091664,0.084822,0.089268,0.098503,0.11864,0.081885,0.13394,0.11401,0.10836,0.11633,0.086725,0.11892,0.098539,0.07622,0.12536,0.10856,0.083471,0.13068,0.098851,0.091897,0.11425,0.084852,0.071228,0.10713,0.088507,0.11071,0.086521,0.085126,0.096956,0.071675,0.069443,0.078568,0.10075,0.10809,0.077249,0.15196,0.1011,0.057286,0.078362,0.089428,0.086938,0.086251,0.081464,0.095923,0.1052,0.11868,0.083354,0.077217,0.079211,0.10111,0.057966,0.098769,0.12687,0.086534,0.078154,0.06826,0.11041,0.083067,0.15062,0.084193,0.19485
0.091408,0.087845,0.079849,0.10587,0.076771,0.10785,0.10143,0.10167,0.088479,0.093617,0.10213,0.11497,0.093812,0.089029,0.082674,0.094409,0,0.089574,0.1016,0.095406,0.11732,0.087454,0.10068,0.16285,0.10332,0.089667,0.10307,0.1073,0.14284,0.10413,0.13114,0.10185,0.10264,0.11626,0.089701,0.12424,0.090855,0.086118,0.11483,0.12527,0.095242,0.13611,0.11257,0.11007,0.10043,0.096135,0.090594,0.11912,0.061758,0.10961,0.10179,0.10227,0.11406,0.079806,0.077987,0.091114,0.11466,0.093986,0.10571,0.12893,0.10944,0.082068,0.1022,0.09854,0.096817,0.10185,0.084607,0.093919,0.11583,0.13033,0.094581,0.095069,0.097139,0.10731,0.089859,0.095264,0.13713,0.10676,0.10571,0.096202,0.083856,0.078541,0.15661,0.082986,0.1934
0.078037,0.063377,0.063915,0.11661,0.061264,0.091067,0.06975,0.075341,0.074764,0.059989,0.087718,0.099115,0.089013,0.073863,0.06826,0.081272,0.089574,0,0.084155,0.078505,0.088264,0.072058,0.074734,0.15033,0.076631,0.063075,0.068677,0.096027,0.14448,0.093575,0.13256,0.11214,0.11743,0.094303,0.065597,0.12418,0.068927,0.071073,0.12518,0.11492,0.070661,0.1265,0.11549,0.099364,0.099335,0.068006,0.040394,0.12725,0.095729,0.095943,0.075748,0.06698,0.10801,0.077143,0.075905,0.070992,0.082502,0.1011,0.097948,0.15056,0.084752,0.074432,0.075143,0.087675,0.086654,0.074314,0.057872,0.064516,0.098946,0.098636,0.063287,0.077092,0.049046,0.095667,0.060949,0.083166,0.13425,0.080269,0.087843,0.05837,0.1189,0.068142,0.14746,0.053095,0.20497
0.10934,0.071709,0.076977,0.11642,0.10042,0.10855,0.11538,0.091424,0.091687,0.099446,0.066727,0.12603,0.090653,0.091064,0.09462,0.10417,0.1016,0.084155,0,0.099257,0.093332,0.084791,0.11517,0.13836,0.11172,0.10292,0.11848,0.12839,0.17924,0.1191,0.10528,0.13627,0.11587,0.11267,0.10129,0.14603,0.093876,0.07968,0.10669,0.14555,0.11032,0.12458,0.12757,0.10637,0.12075,0.11339,0.080229,0.14784,0.11192,0.10835,0.11262,0.099349,0.10915,0.097339,0.10177,0.098932,0.10482,0.096131,0.11737,0.14723,0.10365,0.099626,0.10618,0.085795,0.085129,0.076351,0.10027,0.1057,0.11139,0.10794,0.081664,0.092021,0.086983,0.095778,0.085113,0.10162,0.13516,0.10111,0.12044,0.091452,0.1108,0.10185,0.162,0.090288,0.20561
0.053765,0.066512,0.06824,0.077064,0.051869,0.094259,0.061973,0.057261,0.073387,0.066332,0.090747,0.10431,0.072063,0.049299,0.0612,0.076959,0.095406,0.078505,0.099257,0,0.060072,0.053686,0.056057,0.12641,0.062244,0.064421,0.074382,0.099881,0.12556,0.072685,0.1221,0.093126,0.075356,0.081677,0.064539,0.13923,0.066018,0.068086,0.08764,0.083539,0.087355,0.10461,0.077296,0.078269,0.081212,0.056764,0.057316,0.10232,0.083273,0.079396,0.058536,0.06354,0.079968,0.062345,0.065913,0.065263,0.088213,0.069671,0.076655,0.11378,0.079564,0.053859,0.056567,0.080946,0.079386,0.06086,0.064713,0.077431,0.068138,0.089431,0.078139,0.058465,0.059802,0.061786,0.054822,0.11286,0.13109,0.059815,0.062167,0.064075,0.09812,0.054384,0.12821,0.064124,0.19363
0.077871,0.075051,0.094303,0.10564,0.075198,0.080191,0.077402,0.075073,0.089052,0.070843,0.092654,0.11592,0.089447,0.074415,0.083051,0.10129,0.11732,0.088264,0.093332,0.060072,0,0.069355,0.070214,0.11976,0.071462,0.08029,0.079733,0.12263,0.14226,0.096526,0.12624,0.11463,0.095067,0.10619,0.067435,0.15862,0.085596,0.10026,0.11055,0.095592,0.10944,0.092836,0.10269,0.090941,0.095933,0.090044,0.06913,0.11326,0.10593,0.080101,0.067921,0.066139,0.10051,0.087952,0.08849,0.072255,0.082982,0.094605,0.0924,0.14442,0.069988,0.081987,0.073191,0.10114,0.099536,0.05722,0.084037,0.077081,0.071873,0.071476,0.083475,0.073484,0.063459,0.082185,0.075437,0.12483,0.14038,0.064654,0.069514,0.07541,0.11539,0.084817,0.14524,0.068016,0.18533
0.055467,0.051567,0.064697,0.087258,0.048176,0.09887,0.064247,0.061032,0.058634,0.044536,0.066522,0.082012,0.074068,0.04082,0.045509,0.071942,0.087454,0.072058,0.084791,0.053686,0.069355,0,0.053264,0.14176,0.065705,0.047501,0.054897,0.084001,0.12444,0.070537,0.11002,0.091094,0.080153,0.084697,0.056442,0.13883,0.059846,0.060733,0.094628,0.086543,0.072803,0.11047,0.083825,0.079005,0.082692,0.059946,0.042401,0.098832,0.07647,0.073691,0.064395,0.050462,0.092404,0.045385,0.042947,0.046169,0.078556,0.079438,0.066714,0.13496,0.074951,0.045835,0.039845,0.066638,0.06441,0.047173,0.061883,0.068993,0.064332,0.093776,0.049871,0.044277,0.052215,0.061541,0.043831,0.082401,0.13461,0.04646,0.056867,0.046782,0.098445,0.042345,0.13095,0.057591,0.19163
0.056924,0.073563,0.078381,0.086087,0.044482,0.097536,0.041047,0.072558,0.075013,0.043013,0.097705,0.089079,0.082227,0.060367,0.050965,0.071302,0.10068,0.074734,0.11517,0.056057,0.070214,0.053264,0,0.14735,0.045351,0.052225,0.045829,0.093599,0.11464,0.065894,0.12865,0.089979,0.089126,0.094933,0.049571,0.13782,0.077104,0.078987,0.11401,0.076017,0.0751,0.12161,0.081956,0.080102,0.086358,0.055837,0.057169,0.091477,0.081228,0.08751,0.048884,0.050742,0.097565,0.054178,0.046911,0.050272,0.080233,0.09058,0.071016,0.13997,0.070756,0.051623,0.040903,0.08875,0.086482,0.072323,0.064125,0.062807,0.080772,0.098676,0.073179,0.050931,0.053982,0.082175,0.053497,0.10127,0.13006,0.057438,0.041336,0.052666,0.11309,0.055502,0.13658,0.064472,0.18516
0.13354,0.13506,0.15025,0.15008,0.14678,0.13504,0.14648,0.12417,0.13866,0.14607,0.14766,0.17402,0.13795,0.13239,0.15791,0.16139,0.16285,0.15033,0.13836,0.12641,0.11976,0.14176,0.14735,0,0.13443,0.15471,0.15931,0.17373,0.21806,0.15186,0.15554,0.14781,0.15287,0.13995,0.13625,0.20832,0.13966,0.14909,0.14706,0.15612,0.15577,0.12564,0.14714,0.14254,0.15096,0.14378,0.13179,0.16888,0.14959,0.13805,0.16163,0.12691,0.14899,0.15297,0.15782,0.15683,0.1624,0.13256,0.15397,0.16183,0.13765,0.14094,0.14375,0.15393,0.15296,0.13026,0.16584,0.15464,0.14797,0.11562,0.14316,0.13651,0.12713,0.12845,0.13102,0.18491,0.19217,0.1187,0.13899,0.1407,0.15427,0.14928,0.1704,0.14194,0.21204
0.072027,0.068013,0.084214,0.092997,0.057397,0.098294,0.047123,0.075565,0.072812,0.056279,0.10339,0.11998,0.08771,0.064743,0.066552,0.091664,0.10332,0.076631,0.11172,0.062244,0.071462,0.065705,0.045351,0.13443,0,0.056037,0.06126,0.11954,0.13335,0.086536,0.13176,0.095829,0.091675,0.10139,0.043839,0.16025,0.066357,0.081614,0.11989,0.09745,0.09413,0.12315,0.092722,0.082505,0.083709,0.056227,0.062218,0.10709,0.088543,0.093899,0.054688,0.051109,0.12055,0.069598,0.06482,0.069331,0.092618,0.096576,0.093792,0.15161,0.076238,0.075283,0.056341,0.097394,0.094689,0.074655,0.078413,0.059582,0.086281,0.098684,0.074848,0.058097,0.056684,0.074903,0.065838,0.10459,0.12961,0.069188,0.04961,0.066507,0.12116,0.065075,0.14422,0.061591,0.19475
0.059964,0.053358,0.071998,0.097174,0.040164,0.092924,0.05822,0.065635,0.062016,0.050396,0.087495,0.095195,0.081512,0.054543,0.051023,0.084822,0.089667,0.063075,0.10292,0.064421,0.08029,0.047501,0.052225,0.15471,0.056037,0,0.047585,0.092886,0.11936,0.071101,0.12614,0.081801,0.090561,0.084868,0.046966,0.13568,0.059395,0.071995,0.11455,0.092299,0.07987,0.1242,0.090019,0.080645,0.085627,0.045055,0.047637,0.10017,0.076707,0.078058,0.055083,0.054057,0.1033,0.057594,0.051744,0.060712,0.079541,0.095728,0.077224,0.13815,0.070544,0.060687,0.052443,0.074408,0.072221,0.061751,0.053345,0.050093,0.074252,0.10038,0.052038,0.04559,0.052389,0.079258,0.055114,0.078937,0.12534,0.069361,0.061312,0.04285,0.11013,0.053261,0.13823,0.057572,0.2017
0.068279,0.075581,0.087886,0.11004,0.049081,0.099103,0.045779,0.07421,0.075803,0.040467,0.10065,0.088228,0.095031,0.063766,0.053419,0.089268,0.10307,0.068677,0.11848,0.074382,0.079733,0.054897,0.045829,0.15931,0.06126,0.047585,0,0.092531,0.12408,0.074837,0.14461,0.097022,0.10957,0.097108,0.053576,0.1439,0.07732,0.090184,0.13285,0.081638,0.078131,0.12048,0.10435,0.099421,0.094094,0.062331,0.054853,0.10399,0.088818,0.084862,0.057655,0.046276,0.11433,0.058735,0.052668,0.05869,0.084837,0.1088,0.082878,0.15994,0.069927,0.061558,0.051551,0.1002,0.09873,0.068495,0.05578,0.052105,0.073878,0.10378,0.065704,0.062269,0.049825,0.089288,0.067358,0.099359,0.1488,0.058517,0.048005,0.055526,0.13292,0.057172,0.13986,0.063558,0.20044
0.08418,0.099209,0.085966,0.10729,0.078579,0.11469,0.091981,0.10647,0.089128,0.08865,0.10287,0.045451,0.095762,0.092867,0.083311,0.098503,0.1073,0.096027,0.12839,0.099881,0.12263,0.084001,0.093599,0.17373,0.11954,0.092886,0.092531,0,0.13974,0.080773,0.12459,0.093922,0.11339,0.085897,0.11358,0.10036,0.10192,0.093552,0.11413,0.099398,0.052496,0.12954,0.10316,0.11302,0.10313,0.092821,0.08954,0.10592,0.095754,0.10733,0.1107,0.093378,0.1101,0.089027,0.088228,0.088407,0.10363,0.10132,0.087495,0.12933,0.11676,0.077563,0.090535,0.088813,0.088621,0.10377,0.088885,0.11986,0.10878,0.131,0.092113,0.094047,0.095769,0.11486,0.082547,0.097804,0.1607,0.090194,0.10993,0.088296,0.11001,0.087366,0.1142,0.094517,0.19037
0.11622,0.13428,0.14269,0.13568,0.11172,0.15092,0.13187,0.1522,0.13224,0.12579,0.14791,0.13429,0.15027,0.12662,0.12355,0.11864,0.14284,0.14448,0.17924,0.12556,0.14226,0.12444,0.11464,0.21806,0.13335,0.11936,0.12408,0.13974,0,0.13171,0.17473,0.11939,0.1218,0.14679,0.13309,0.16894,0.13451,0.14585,0.15385,0.10673,0.13457,0.17175,0.12055,0.12403,0.12508,0.12954,0.13633,0.10058,0.14299,0.13155,0.11944,0.14147,0.1448,0.13466,0.12805,0.11951,0.11895,0.15378,0.11438,0.18023,0.14507,0.12216,0.11876,0.14158,0.14034,0.1362,0.13385,0.13893,0.13325,0.16657,0.13296,0.13622,0.1432,0.14256,0.12728,0.15582,0.14253,0.13999,0.12616,0.12811,0.14097,0.12388,0.18378,0.12067,0.20644
0.070842,0.075492,0.076133,0.087719,0.050153,0.10107,0.072242,0.075541,0.074317,0.068717,0.099144,0.079469,0.079168,0.06084,0.065684,0.081885,0.10413,0.093575,0.1191,0.072685,0.096526,0.070537,0.065894,0.15186,0.086536,0.071101,0.074837,0.080773,0.13171,0,0.11795,0.083083,0.098054,0.089259,0.087853,0.12425,0.085818,0.082491,0.10909,0.097545,0.068116,0.1136,0.075842,0.075126,0.10273,0.079703,0.076034,0.086343,0.077789,0.074301,0.085125,0.076609,0.091408,0.071853,0.073164,0.080515,0.097307,0.086889,0.055126,0.12351,0.087084,0.051739,0.080165,0.077817,0.07737,0.085938,0.071297,0.089582,0.083402,0.12352,0.079602,0.057794,0.079908,0.078262,0.064885,0.10654,0.12066,0.075643,0.078026,0.065367,0.10916,0.075637,0.11948,0.085751,0.202
0.12261,0.091792,0.097396,0.11049,0.11474,0.12912,0.13899,0.12793,0.10911,0.12178,0.099151,0.12468,0.11076,0.11564,0.1179,0.13394,0.13114,0.13256,0.10528,0.1221,0.12624,0.11002,0.12865,0.15554,0.13176,0.12614,0.14461,0.12459,0.17473,0.11795,0,0.13135,0.11601,0.12254,0.13214,0.16271,0.11013,0.11667,0.09483,0.14869,0.10495,0.14246,0.12009,0.092176,0.12703,0.13171,0.11697,0.13815,0.12942,0.115,0.14187,0.13125,0.13381,0.12314,0.1262,0.11213,0.10352,0.10472,0.11266,0.13427,0.13372,0.12174,0.12088,0.082213,0.083458,0.1215,0.13148,0.14682,0.1212,0.13193,0.10391,0.11073,0.12769,0.10332,0.10779,0.11802,0.12769,0.12479,0.14523,0.11727,0.098042,0.11881,0.14124,0.11834,0.20803
0.084558,0.089672,0.09674,0.088708,0.074296,0.10778,0.089094,0.10706,0.078089,0.096109,0.10205,0.10305,0.080884,0.087983,0.092431,0.11401,0.10185,0.11214,0.13627,0.093126,0.11463,0.091094,0.089979,0.14781,0.095829,0.081801,0.097022,0.093922,0.11939,0.083083,0.13135,0,0.079698,0.07616,0.098582,0.13613,0.098508,0.10037,0.10688,0.084671,0.091468,0.12472,0.075788,0.086901,0.086989,0.086017,0.10123,0.07012,0.085749,0.095024,0.1017,0.090347,0.11365,0.096556,0.092971,0.10261,0.11384,0.092861,0.094872,0.11781,0.10371,0.087458,0.094188,0.10269,0.10213,0.09732,0.10975,0.10725,0.10891,0.13402,0.092272,0.085229,0.10132,0.10026,0.088226,0.12067,0.13058,0.095732,0.099694,0.093007,0.10423,0.094307,0.12482,0.091685,0.17606
0.090696,0.086,0.091575,0.076782,0.081852,0.1252,0.097964,0.10982,0.096341,0.10095,0.083454,0.11983,0.066626,0.086708,0.092989,0.10836,0.10264,0.11743,0.11587,0.075356,0.095067,0.080153,0.089126,0.15287,0.091675,0.090561,0.10957,0.11339,0.1218,0.098054,0.11601,0.079698,0,0.097625,0.10122,0.14846,0.091526,0.088321,0.063922,0.099518,0.10765,0.13484,0.074698,0.084571,0.068025,0.094579,0.10423,0.075568,0.10284,0.10318,0.08383,0.098847,0.11484,0.095742,0.090142,0.085286,0.11096,0.066555,0.10208,0.10697,0.11783,0.091098,0.086707,0.099927,0.097851,0.09482,0.11074,0.11107,0.10875,0.13571,0.10126,0.083427,0.10672,0.087923,0.094304,0.1201,0.11488,0.099051,0.10084,0.10417,0.080793,0.085744,0.14654,0.084761,0.16255
0.086321,0.087935,0.07815,0.080724,0.077473,0.11153,0.086293,0.089757,0.085523,0.095992,0.092938,0.096615,0.067839,0.085207,0.080055,0.11633,0.11626,0.094303,0.11267,0.081677,0.10619,0.084697,0.094933,0.13995,0.10139,0.084868,0.097108,0.085897,0.14679,0.089259,0.12254,0.07616,0.097625,0,0.10614,0.12849,0.084907,0.074327,0.088594,0.098748,0.08163,0.1217,0.096447,0.10601,0.092742,0.079507,0.086221,0.11458,0.10685,0.096745,0.10844,0.081601,0.096035,0.087891,0.093374,0.10121,0.096209,0.082662,0.10404,0.11096,0.099693,0.079845,0.083017,0.083655,0.083799,0.0877,0.095312,0.1131,0.10453,0.11783,0.086983,0.086863,0.081545,0.093521,0.077013,0.12548,0.13884,0.088607,0.11007,0.083886,0.12083,0.084618,0.11175,0.095223,0.19703
0.062501,0.063537,0.079121,0.10961,0.055976,0.090378,0.061124,0.064522,0.067561,0.042192,0.096066,0.11377,0.091526,0.062843,0.065963,0.086725,0.089701,0.065597,0.10129,0.064539,0.067435,0.056442,0.049571,0.13625,0.043839,0.046966,0.053576,0.11358,0.13309,0.087853,0.13214,0.098582,0.10122,0.10614,0,0.1544,0.071518,0.085132,0.12485,0.098969,0.093475,0.11718,0.097599,0.087236,0.098639,0.056113,0.046361,0.11487,0.077229,0.082546,0.056758,0.051268,0.10559,0.063807,0.057603,0.057763,0.08571,0.10052,0.082355,0.14978,0.059032,0.070541,0.057454,0.093513,0.091746,0.065359,0.067725,0.034021,0.078757,0.079761,0.061578,0.05585,0.051122,0.078302,0.057401,0.091192,0.13828,0.062901,0.048481,0.04931,0.11359,0.058752,0.14496,0.056245,0.19247
0.1359,0.14166,0.11261,0.13062,0.12079,0.14643,0.13074,0.14216,0.13149,0.1412,0.13296,0.09934,0.11974,0.13963,0.11636,0.11892,0.12424,0.12418,0.14603,0.13923,0.15862,0.13883,0.13782,0.20832,0.16025,0.13568,0.1439,0.10036,0.16894,0.12425,0.16271,0.13613,0.14846,0.12849,0.1544,0,0.15528,0.12718,0.14994,0.15334,0.10898,0.18102,0.14663,0.15246,0.14164,0.14004,0.13552,0.13429,0.13459,0.16442,0.14368,0.14098,0.12782,0.12471,0.12575,0.13202,0.14501,0.13612,0.13803,0.15174,0.15294,0.11533,0.14052,0.13293,0.13192,0.14432,0.12187,0.15645,0.16456,0.17226,0.14265,0.13643,0.13266,0.16767,0.12469,0.12716,0.15988,0.14972,0.15639,0.13329,0.14235,0.14346,0.17031,0.14021,0.21289
0.066523,0.048802,0.073385,0.097281,0.054508,0.10087,0.078118,0.070628,0.071361,0.06456,0.091042,0.11243,0.086462,0.057273,0.071113,0.098539,0.090855,0.068927,0.093876,0.066018,0.085596,0.059846,0.077104,0.13966,0.066357,0.059395,0.07732,0.10192,0.13451,0.085818,0.11013,0.098508,0.091526,0.084907,0.071518,0.15528,0,0.067628,0.096843,0.10738,0.078914,0.12004,0.090495,0.085746,0.070486,0.063113,0.055498,0.11633,0.088914,0.067239,0.082053,0.070754,0.11252,0.079493,0.080363,0.076222,0.077564,0.085938,0.084255,0.13295,0.091943,0.074917,0.067016,0.07124,0.069001,0.072916,0.071781,0.078177,0.077829,0.10307,0.060495,0.066567,0.0667,0.057062,0.067233,0.095785,0.12876,0.071726,0.083639,0.067175,0.10081,0.051085,0.1428,0.050256,0.20575
0.07858,0.070463,0.049755,0.077625,0.066522,0.11273,0.079109,0.076502,0.072621,0.075643,0.077593,0.1005,0.062162,0.067564,0.060936,0.07622,0.086118,0.071073,0.07968,0.068086,0.10026,0.060733,0.078987,0.14909,0.081614,0.071995,0.090184,0.093552,0.14585,0.082491,0.11667,0.10037,0.088321,0.074327,0.085132,0.12718,0.067628,0,0.085134,0.11817,0.077942,0.12762,0.090752,0.094069,0.09543,0.071397,0.064852,0.12125,0.082744,0.10006,0.087333,0.075491,0.092127,0.062558,0.066277,0.079004,0.09907,0.068828,0.091934,0.12314,0.09597,0.060822,0.073384,0.060293,0.057993,0.079346,0.076142,0.091878,0.10544,0.11809,0.07557,0.069672,0.071818,0.078446,0.053976,0.090649,0.12073,0.085012,0.093648,0.06835,0.10157,0.061676,0.13095,0.078754,0.19781
0.10473,0.0967,0.088377,0.079925,0.10114,0.13453,0.12287,0.11302,0.11128,0.1169,0.085991,0.12162,0.064823,0.10531,0.10712,0.12536,0.11483,0.12518,0.10669,0.08764,0.11055,0.094628,0.11401,0.14706,0.11989,0.11455,0.13285,0.11413,0.15385,0.10909,0.09483,0.10688,0.063922,0.088594,0.12485,0.14994,0.096843,0.085134,0,0.12188,0.10677,0.13728,0.088406,0.10097,0.092449,0.11561,0.11272,0.1162,0.11731,0.10768,0.11653,0.11923,0.10377,0.10747,0.11129,0.10043,0.11549,0.047232,0.11139,0.085285,0.12798,0.10012,0.10502,0.086771,0.086636,0.1087,0.12071,0.13651,0.12138,0.13537,0.11333,0.10464,0.11905,0.092103,0.10156,0.13315,0.12504,0.11252,0.1316,0.11644,0.083236,0.094231,0.1398,0.1064,0.17985
0.076372,0.10227,0.11854,0.095088,0.081857,0.10798,0.084073,0.10172,0.099686,0.092501,0.12083,0.098137,0.10705,0.093504,0.090728,0.10856,0.12527,0.11492,0.14555,0.083539,0.095592,0.086543,0.076017,0.15612,0.09745,0.092299,0.081638,0.099398,0.10673,0.097545,0.14869,0.084671,0.099518,0.098748,0.098969,0.15334,0.10738,0.11817,0.12188,0,0.099853,0.11972,0.08818,0.099195,0.093138,0.096093,0.10009,0.089281,0.10329,0.10051,0.085367,0.091239,0.11227,0.08997,0.091415,0.092863,0.1085,0.10714,0.099485,0.13998,0.09415,0.087193,0.082572,0.11729,0.11697,0.085261,0.10174,0.10924,0.086966,0.1154,0.10056,0.093234,0.095466,0.10882,0.097538,0.14269,0.16277,0.08222,0.082859,0.09792,0.13251,0.091306,0.14531,0.093981,0.17867
0.075787,0.074179,0.064946,0.096605,0.058711,0.1068,0.076361,0.091632,0.074963,0.068011,0.087403,0.056539,0.082497,0.076678,0.067435,0.083471,0.095242,0.070661,0.11032,0.087355,0.10944,0.072803,0.0751,0.15577,0.09413,0.07987,0.078131,0.052496,0.13457,0.068116,0.10495,0.091468,0.10765,0.08163,0.093475,0.10898,0.078914,0.077942,0.10677,0.099853,0,0.12999,0.096609,0.089872,0.090418,0.079461,0.067248,0.099568,0.092847,0.094702,0.097464,0.079293,0.10903,0.07592,0.075391,0.070018,0.084326,0.088711,0.07887,0.13407,0.10345,0.063159,0.073528,0.07768,0.07744,0.093864,0.077024,0.10192,0.10213,0.12077,0.072282,0.07926,0.075205,0.093754,0.064001,0.0876,0.1327,0.079003,0.096748,0.071921,0.10613,0.068137,0.12297,0.074177,0.19476
0.10906,0.11043,0.12103,0.1316,0.11176,0.070128,0.11895,0.11478,0.10401,0.11102,0.12971,0.13064,0.1252,0.10689,0.12306,0.13068,0.13611,0.1265,0.12458,0.10461,0.092836,0.11047,0.12161,0.12564,0.12315,0.1242,0.12048,0.12954,0.17175,0.1136,0.14246,0.12472,0.13484,0.1217,0.11718,0.18102,0.12004,0.12762,0.13728,0.11972,0.12999,0,0.12667,0.11252,0.14357,0.12835,0.10978,0.14427,0.11056,0.093541,0.12583,0.10805,0.123,0.12539,0.13124,0.12565,0.12306,0.12174,0.11308,0.15553,0.098926,0.11478,0.12823,0.11623,0.11756,0.097236,0.11919,0.12232,0.092462,0.10042,0.11179,0.11871,0.11259,0.10853,0.1059,0.15718,0.17191,0.10249,0.11502,0.11052,0.13054,0.12168,0.10563,0.10974,0.20234
0.068864,0.085615,0.094084,0.07592,0.074447,0.11649,0.094114,0.085864,0.07725,0.086264,0.10599,0.11189,0.080801,0.08548,0.091914,0.098851,0.11257,0.11549,0.12757,0.077296,0.10269,0.083825,0.081956,0.14714,0.092722,0.090019,0.10435,0.10316,0.12055,0.075842,0.12009,0.075788,0.074698,0.096447,0.097599,0.14663,0.090495,0.090752,0.088406,0.08818,0.096609,0.12667,0,0.07876,0.088154,0.096163,0.098278,0.085217,0.083744,0.083242,0.092069,0.096115,0.091188,0.09179,0.094681,0.091414,0.11214,0.077822,0.066693,0.11617,0.093615,0.082643,0.091625,0.087781,0.086916,0.0905,0.10871,0.11011,0.10007,0.12132,0.094232,0.076134,0.10498,0.077897,0.081585,0.11865,0.12843,0.089868,0.093529,0.090509,0.10258,0.091402,0.14293,0.089711,0.16856
0.087719,0.055124,0.081299,0.09012,0.072695,0.091211,0.093714,0.096639,0.072877,0.084192,0.086766,0.10926,0.088471,0.075401,0.088092,0.091897,0.11007,0.099364,0.10637,0.078269,0.090941,0.079005,0.080102,0.14254,0.082505,0.080645,0.099421,0.11302,0.12403,0.075126,0.092176,0.086901,0.084571,0.10601,0.087236,0.15246,0.085746,0.094069,0.10097,0.099195,0.089872,0.11252,0.07876,0,0.10218,0.093028,0.08359,0.091825,0.093071,0.081472,0.08447,0.097208,0.10737,0.093783,0.094033,0.086186,0.09644,0.085329,0.081587,0.12823,0.095307,0.087686,0.092862,0.075979,0.077,0.080526,0.095695,0.098143,0.083666,0.11749,0.078497,0.073417,0.095723,0.073382,0.075636,0.10827,0.10145,0.092756,0.095717,0.082388,0.092876,0.08923,0.13344,0.079727,0.20222
0.086896,0.08246,0.096613,0.088461,0.072445,0.12169,0.080908,0.10168,0.092789,0.091375,0.095512,0.11207,0.081395,0.08427,0.085515,0.11425,0.10043,0.099335,0.12075,0.081212,0.095933,0.082692,0.086358,0.15096,0.083709,0.085627,0.094094,0.10313,0.12508,0.10273,0.12703,0.086989,0.068025,0.092742,0.098639,0.14164,0.070486,0.09543,0.092449,0.093138,0.090418,0.14357,0.088154,0.10218,0,0.087428,0.093805,0.083419,0.10731,0.10118,0.086209,0.086834,0.12745,0.0951,0.091448,0.086128,0.10192,0.084821,0.10672,0.13068,0.11839,0.090085,0.078124,0.10905,0.10604,0.09118,0.10009,0.10814,0.1044,0.1318,0.097163,0.086286,0.090499,0.09049,0.096362,0.11585,0.13977,0.086451,0.096532,0.10351,0.10392,0.081539,0.1625,0.068056,0.18112
0.057827,0.0703,0.072347,0.096685,0.050802,0.10747,0.05415,0.069462,0.071412,0.063197,0.10102,0.1056,0.088913,0.051728,0.059562,0.084852,0.096135,0.068006,0.11339,0.056764,0.090044,0.059946,0.055837,0.14378,0.056227,0.045055,0.062331,0.092821,0.12954,0.079703,0.13171,0.086017,0.094579,0.079507,0.056113,0.14004,0.063113,0.071397,0.11561,0.096093,0.079461,0.12835,0.096163,0.093028,0.087428,0,0.051511,0.11055,0.085713,0.092377,0.070376,0.052051,0.10632,0.064133,0.05754,0.073163,0.086129,0.098764,0.086518,0.13143,0.088527,0.064621,0.048241,0.088059,0.085802,0.077772,0.065577,0.066208,0.084236,0.10162,0.065785,0.053794,0.052967,0.079166,0.055857,0.095328,0.1394,0.06503,0.061979,0.051412,0.11238,0.052721,0.12991,0.065601,0.20154
0.055777,0.047851,0.060022,0.10454,0.04851,0.087123,0.061408,0.052182,0.058184,0.039495,0.077778,0.089964,0.083887,0.045945,0.054976,0.071228,0.090594,0.040394,0.080229,0.057316,0.06913,0.042401,0.057169,0.13179,0.062218,0.047637,0.054853,0.08954,0.13633,0.076034,0.11697,0.10123,0.10423,0.086221,0.046361,0.13552,0.055498,0.064852,0.11272,0.10009,0.067248,0.10978,0.098278,0.08359,0.093805,0.051511,0,0.11594,0.083623,0.074584,0.069537,0.045949,0.093575,0.059992,0.059425,0.056087,0.072265,0.091853,0.073225,0.14252,0.069618,0.054221,0.050546,0.07196,0.070459,0.052792,0.054036,0.057294,0.072399,0.079042,0.044091,0.052537,0.032046,0.069499,0.035629,0.081244,0.13557,0.049786,0.062822,0.032287,0.10811,0.050631,0.13348,0.049,0.20239
0.097464,0.10325,0.11509,0.10055,0.083677,0.12771,0.098887,0.12404,0.10185,0.10449,0.10534,0.099889,0.0967,0.096699,0.10129,0.10713,0.11912,0.12725,0.14784,0.10232,0.11326,0.098832,0.091477,0.16888,0.10709,0.10017,0.10399,0.10592,0.10058,0.086343,0.13815,0.07012,0.075568,0.11458,0.11487,0.13429,0.11633,0.12125,0.1162,0.089281,0.099568,0.14427,0.085217,0.091825,0.083419,0.11055,0.11594,0,0.11386,0.10987,0.098789,0.10496,0.13086,0.10948,0.10144,0.097387,0.11865,0.10719,0.095276,0.14245,0.12553,0.092344,0.098509,0.12371,0.12183,0.10981,0.12021,0.12191,0.11855,0.1535,0.10974,0.09556,0.11479,0.11404,0.10489,0.12984,0.12234,0.10478,0.10073,0.1102,0.11149,0.10851,0.15614,0.097516,0.16882
0.071512,0.083022,0.084183,0.090788,0.067162,0.088077,0.08481,0.080636,0.069831,0.078035,0.11208,0.105,0.091408,0.078156,0.075302,0.088507,0.061758,0.095729,0.11192,0.083273,0.10593,0.07647,0.081228,0.14959,0.088543,0.076707,0.088818,0.095754,0.14299,0.077789,0.12942,0.085749,0.10284,0.10685,0.077229,0.13459,0.088914,0.082744,0.11731,0.10329,0.092847,0.11056,0.083744,0.093071,0.10731,0.085713,0.083623,0.11386,0,0.091949,0.091162,0.086143,0.097161,0.066053,0.069794,0.090976,0.11596,0.089539,0.082248,0.12332,0.080375,0.070616,0.094965,0.082309,0.081103,0.086565,0.078933,0.085054,0.094324,0.11258,0.086129,0.073488,0.088996,0.09359,0.075019,0.098144,0.14596,0.08823,0.08312,0.078973,0.095379,0.077872,0.13395,0.0865,0.19039
0.07187,0.064764,0.091871,0.11414,0.066608,0.091005,0.097281,0.076373,0.079127,0.069257,0.097373,0.11176,0.096564,0.068524,0.090344,0.11071,0.10961,0.095943,0.10835,0.079396,0.080101,0.073691,0.08751,0.13805,0.093899,0.078058,0.084862,0.10733,0.13155,0.074301,0.115,0.095024,0.10318,0.096745,0.082546,0.16442,0.067239,0.10006,0.10768,0.10051,0.094702,0.093541,0.083242,0.081472,0.10118,0.092377,0.074584,0.10987,0.091949,0,0.095867,0.085382,0.094063,0.097818,0.099603,0.088022,0.079362,0.096327,0.060401,0.13128,0.077616,0.083004,0.089898,0.084189,0.084973,0.073558,0.086168,0.082921,0.063892,0.099593,0.069388,0.075174,0.087092,0.060387,0.078433,0.12025,0.13441,0.072103,0.090057,0.070925,0.10452,0.078309,0.13567,0.06998,0.19912
0.074351,0.072687,0.084868,0.098779,0.056687,0.098565,0.056138,0.080272,0.082715,0.061521,0.097908,0.11019,0.083687,0.073644,0.065566,0.086521,0.10179,0.075748,0.11262,0.058536,0.067921,0.064395,0.048884,0.16163,0.054688,0.055083,0.057655,0.1107,0.11944,0.085125,0.14187,0.1017,0.08383,0.10844,0.056758,0.14368,0.082053,0.087333,0.11653,0.085367,0.097464,0.12583,0.092069,0.08447,0.086209,0.070376,0.069537,0.098789,0.091162,0.095867,0,0.069058,0.11119,0.068213,0.063022,0.056106,0.096058,0.092644,0.093208,0.14467,0.077866,0.075639,0.065958,0.10067,0.099085,0.069595,0.063171,0.056725,0.081174,0.10714,0.081663,0.064867,0.068741,0.089166,0.076948,0.10152,0.13024,0.080114,0.060078,0.073785,0.11925,0.066637,0.15115,0.059846,0.18891
0.059533,0.06858,0.077855,0.096962,0.052353,0.093548,0.040443,0.060138,0.061997,0.045675,0.08933,0.094516,0.081176,0.051248,0.055075,0.085126,0.10227,0.06698,0.099349,0.06354,0.066139,0.050462,0.050742,0.12691,0.051109,0.054057,0.046276,0.093378,0.14147,0.076609,0.13125,0.090347,0.098847,0.081601,0.051268,0.14098,0.070754,0.075491,0.11923,0.091239,0.079293,0.10805,0.096115,0.097208,0.086834,0.052051,0.045949,0.10496,0.086143,0.085382,0.069058,0,0.10723,0.059573,0.055538,0.065655,0.084443,0.097999,0.082578,0.14977,0.066961,0.058117,0.044407,0.092947,0.090336,0.057918,0.071107,0.06166,0.07905,0.086665,0.057875,0.047901,0.030466,0.077346,0.050485,0.097578,0.14548,0.040989,0.044422,0.047057,0.12335,0.064139,0.12942,0.060278,0.18527
0.088702,0.1025,0.086583,0.099394,0.091601,0.11364,0.10897,0.081728,0.099898,0.098507,0.1059,0.10995,0.090956,0.093301,0.091549,0.096956,0.11406,0.10801,0.10915,0.079968,0.10051,0.092404,0.097565,0.14899,0.12055,0.1033,0.11433,0.1101,0.1448,0.091408,0.13381,0.11365,0.11484,0.096035,0.10559,0.12782,0.11252,0.092127,0.10377,0.11227,0.10903,0.123,0.091188,0.10737,0.12745,0.10632,0.093575,0.13086,0.097161,0.094063,0.11119,0.10723,0,0.092006,0.10017,0.10322,0.10756,0.089754,0.082324,0.10781,0.091516,0.078748,0.10324,0.089536,0.090388,0.089544,0.094872,0.11313,0.10402,0.10999,0.10757,0.093444,0.099687,0.099853,0.079033,0.13479,0.14707,0.095221,0.11189,0.086656,0.11014,0.10045,0.14473,0.11038,0.20433
0.064512,0.072378,0.065966,0.074188,0.051244,0.10495,0.057455,0.060832,0.067578,0.058985,0.090348,0.086429,0.076219,0.058906,0.029291,0.071675,0.079806,0.077143,0.097339,0.062345,0.087952,0.045385,0.054178,0.15297,0.069598,0.057594,0.058735,0.089027,0.13466,0.071853,0.12314,0.096556,0.095742,0.087891,0.063807,0.12471,0.079493,0.062558,0.10747,0.08997,0.07592,0.12539,0.09179,0.093783,0.0951,0.064133,0.059992,0.10948,0.066053,0.097818,0.068213,0.059573,0.092006,0,0.022608,0.059022,0.093551,0.085001,0.081826,0.13509,0.071655,0.04237,0.052227,0.076608,0.074646,0.065892,0.054819,0.074065,0.080422,0.10347,0.068859,0.052218,0.055791,0.082487,0.055223,0.089654,0.13939,0.06764,0.061633,0.058614,0.11532,0.051989,0.1357,0.079,0.19741
0.06519,0.073301,0.068215,0.082888,0.049118,0.10961,0.05429,0.070952,0.070634,0.054914,0.087449,0.086208,0.078151,0.057177,0.032733,0.069443,0.077987,0.075905,0.10177,0.065913,0.08849,0.042947,0.046911,0.15782,0.06482,0.051744,0.052668,0.088228,0.12805,0.073164,0.1262,0.092971,0.090142,0.093374,0.057603,0.12575,0.080363,0.066277,0.11129,0.091415,0.075391,0.13124,0.094681,0.094033,0.091448,0.05754,0.059425,0.10144,0.069794,0.099603,0.063022,0.055538,0.10017,0.022608,0,0.052201,0.091103,0.089837,0.081644,0.13867,0.078914,0.044979,0.045084,0.08393,0.081381,0.071279,0.057874,0.06695,0.085682,0.10933,0.067518,0.04923,0.05624,0.086082,0.056242,0.083734,0.1364,0.066371,0.055329,0.056468,0.11107,0.049044,0.13898,0.073692,0.19112
