0,0.077876,0.057222,0.11191,0.060375,0.089305,0.095539,0.07959,0.14618,0.061305,0.068557,0.068219,0.098892,0.054993,0.13937,0.088402,0.07104,0.063888,0.085005,0.075724,0.053989,0.06977,0.045226,0.086988,0.067803,0.065335,0.064209,0.065702,0.058948,0.085383,0.075943,0.10888,0.10584,0.076575,0.095437,0.069431,0.071857,0.053552,0.11626,0.072595,0.077459,0.083175,0.12097,0.097604,0.089458,0.08271,0.079486,0.068415,0.072652,0.088964,0.08501,0.069089,0.12698,0.063907,0.068038,0.082867,0.064605,0.11624,0.084307,0.10233,0.065051,0.06446,0.077363,0.082112,0.082112,0.052696,0.081667,0.081735,0.070366,0.060213,0.10797,0.081666,0.055052,0.078919,0.079045,0.095214,0.098189,0.078044,0.070659,0.081269,0.11309,0.059226,0.085046,0.072618,0.073916
0.077876,0,0.043824,0.09365,0.057528,0.076734,0.090519,0.058768,0.14059,0.072177,0.055509,0.056799,0.067324,0.067302,0.14703,0.091801,0.062403,0.059741,0.060637,0.077507,0.062793,0.082367,0.059491,0.070328,0.078462,0.073447,0.075839,0.054562,0.057595,0.060141,0.077532,0.093387,0.097841,0.073458,0.098102,0.053629,0.050945,0.061888,0.10142,0.060309,0.051439,0.069987,0.11797,0.11122,0.07259,0.0667,0.054629,0.061306,0.065618,0.095847,0.086952,0.074925,0.12136,0.060742,0.063887,0.075019,0.078715,0.086265,0.069451,0.094189,0.049821,0.062934,0.071289,0.065336,0.065336,0.061564,0.084404,0.080479,0.063344,0.051897,0.11149,0.097804,0.073656,0.076923,0.062629,0.096546,0.082101,0.066036,0.075416,0.07713,0.079621,0.058878,0.079289,0.058912,0.067163
0.057222,0.043824,0,0.093643,0.043969,0.068222,0.074033,0.057883,0.14265,0.053764,0.042472,0.044671,0.073541,0.049696,0.13923,0.083552,0.053955,0.049162,0.048845,0.05356,0.045732,0.061635,0.043284,0.076221,0.058357,0.048213,0.050681,0.04393,0.045244,0.053513,0.078259,0.08435,0.096772,0.066554,0.085478,0.056646,0.050111,0.04544,0.10491,0.062386,0.051859,0.07319,0.11569,0.091985,0.059376,0.060629,0.059274,0.050621,0.065303,0.084916,0.081785,0.066824,0.1252,0.046392,0.051065,0.064682,0.06751,0.094056,0.058954,0.089407,0.045796,0.044459,0.069453,0.05977,0.05977,0.047163,0.068188,0.070156,0.055875,0.03691,0.089979,0.075429,0.06377,0.06502,0.057518,0.092938,0.084466,0.054619,0.062023,0.068485,0.088224,0.047166,0.066867,0.053766,0.053091
0.11191,0.09365,0.093643,0,0.1002,0.092898,0.11395,0.10953,0.14823,0.11595,0.11538,0.11031,0.065548,0.10933,0.15513,0.11488,0.089496,0.1105,0.085501,0.10891,0.10653,0.13702,0.10722,0.10691,0.11589,0.1294,0.1084,0.099539,0.092647,0.08964,0.088585,0.11038,0.11225,0.1127,0.14552,0.10073,0.11086,0.089193,0.078708,0.1071,0.094233,0.076643,0.13175,0.12358,0.10717,0.111,0.12226,0.097153,0.086839,0.11188,0.12993,0.10012,0.12999,0.094034,0.096559,0.11887,0.099243,0.076011,0.099391,0.14184,0.1084,0.10519,0.12099,0.095524,0.095524,0.10425,0.10877,0.13404,0.093572,0.095242,0.1472,0.14199,0.12924,0.10406,0.12555,0.10868,0.11504,0.12057,0.10215,0.12567,0.073927,0.097864,0.11335,0.10893,0.10813
0.060375,0.057528,0.043969,0.1002,0,0.065615,0.061108,0.044757,0.13346,0.038455,0.053141,0.039711,0.07571,0.044761,0.12619,0.078159,0.056091,0.047675,0.061306,0.061192,0.04729,0.058271,0.033651,0.065251,0.055432,0.0519,0.053092,0.037721,0.043745,0.060596,0.082762,0.081553,0.092691,0.061891,0.070891,0.051545,0.042622,0.046428,0.11784,0.050263,0.046975,0.062863,0.1169,0.082569,0.061424,0.049348,0.049192,0.052727,0.056458,0.077628,0.071377,0.060955,0.11317,0.041995,0.049135,0.06038,0.071314,0.095338,0.060647,0.087305,0.03468,0.042149,0.059447,0.04971,0.04971,0.043997,0.052016,0.054606,0.050014,0.036357,0.091794,0.078248,0.064348,0.066781,0.057969,0.092315,0.077754,0.046593,0.052658,0.068901,0.093409,0.042551,0.062309,0.052619,0.045355
0.089305,0.076734,0.068222,0.092898,0.065615,0,0.075598,0.076231,0.11055,0.093027,0.087249,0.069424,0.079816,0.08111,0.1403,0.080647,0.069415,0.078754,0.077394,0.094113,0.078679,0.081412,0.078942,0.069935,0.098773,0.081056,0.094827,0.067205,0.063945,0.05536,0.08765,0.086705,0.11349,0.071842,0.12137,0.081524,0.07138,0.062796,0.093153,0.075744,0.062557,0.064818,0.093136,0.08496,0.080187,0.08598,0.077503,0.070815,0.045606,0.070491,0.083664,0.096297,0.10136,0.063002,0.063857,0.081744,0.10244,0.089352,0.080916,0.12337,0.071185,0.074133,0.0922,0.062538,0.062538,0.077163,0.086727,0.099931,0.055196,0.074535,0.11141,0.10363,0.086569,0.059978,0.1036,0.082739,0.090954,0.075455,0.096223,0.11136,0.084599,0.068436,0.08092,0.069225,0.073472
0.095539,0.090519,0.074033,0.11395,0.061108,0.075598,0,0.065112,0.14455,0.074835,0.08832,0.071642,0.085439,0.072843,0.15788,0.082429,0.085645,0.076209,0.087138,0.089823,0.087082,0.082144,0.072943,0.083713,0.080762,0.077554,0.069041,0.075622,0.074912,0.072545,0.11677,0.086434,0.12502,0.077375,0.087862,0.083336,0.079957,0.076346,0.12768,0.079152,0.074789,0.08559,0.12825,0.071503,0.086156,0.07493,0.081513,0.083166,0.08456,0.06627,0.10303,0.091608,0.12538,0.065151,0.070504,0.070145,0.1045,0.099275,0.079213,0.099461,0.063586,0.073042,0.087083,0.070751,0.070751,0.08517,0.043699,0.069337,0.061548,0.070037,0.071532,0.095806,0.085423,0.07294,0.086521,0.10369,0.11314,0.062852,0.084299,0.089696,0.1022,0.069967,0.09612,0.081277,0.073454
0.07959,0.058768,0.057883,0.10953,0.044757,0.076231,0.065112,0,0.15079,0.062493,0.066314,0.056461,0.086208,0.065378,0.1373,0.070625,0.073916,0.051433,0.073026,0.069176,0.06419,0.070953,0.060273,0.069525,0.059613,0.058534,0.07042,0.062358,0.05978,0.074551,0.10188,0.075386,0.10574,0.068359,0.07259,0.062425,0.057019,0.063189,0.12585,0.055645,0.05564,0.079554,0.13288,0.095411,0.066718,0.054215,0.055263,0.069989,0.075596,0.088534,0.088187,0.068027,0.12525,0.061957,0.066165,0.061672,0.086171,0.10378,0.072558,0.095664,0.043545,0.061993,0.060268,0.063968,0.063968,0.075547,0.065281,0.067226,0.058325,0.05667,0.095382,0.085164,0.068433,0.08035,0.065753,0.10121,0.09452,0.044006,0.072012,0.081342,0.10083,0.04997,0.068754,0.065347,0.065129
0.14618,0.14059,0.14265,0.14823,0.13346,0.11055,0.14455,0.15079,0,0.15246,0.14818,0.13174,0.13208,0.14581,0.19728,0.14155,0.13136,0.15085,0.1302,0.16591,0.15322,0.15129,0.14321,0.12773,0.17322,0.16037,0.15979,0.12811,0.13187,0.11845,0.12685,0.13805,0.17885,0.10501,0.1851,0.13261,0.13304,0.13345,0.13435,0.14103,0.11454,0.11872,0.082095,0.12731,0.16865,0.1577,0.13351,0.15024,0.10375,0.12408,0.15363,0.17097,0.077989,0.13545,0.13687,0.15139,0.16308,0.14206,0.14159,0.17627,0.12959,0.14406,0.14315,0.13321,0.13321,0.13236,0.15537,0.15734,0.12094,0.14306,0.17542,0.1701,0.14977,0.10712,0.15654,0.1519,0.11803,0.15479,0.15733,0.15765,0.12553,0.14405,0.14358,0.15153,0.15696
0.061305,0.072177,0.053764,0.11595,0.038455,0.093027,0.074835,0.062493,0.15246,0,0.053356,0.055384,0.087592,0.043272,0.13922,0.090562,0.06023,0.060458,0.076284,0.068303,0.056122,0.060273,0.042658,0.08143,0.057407,0.054683,0.048946,0.059397,0.05023,0.080966,0.099712,0.097382,0.092322,0.079652,0.059341,0.064815,0.058032,0.058313,0.13399,0.062655,0.067585,0.082477,0.13688,0.095208,0.072258,0.056121,0.063121,0.059786,0.083585,0.099668,0.08335,0.066495,0.1369,0.062473,0.070138,0.071379,0.067702,0.10605,0.062873,0.070674,0.049405,0.058121,0.0681,0.074922,0.074922,0.048963,0.058133,0.053254,0.071379,0.049287,0.090176,0.082023,0.069439,0.077257,0.062156,0.10607,0.09603,0.059422,0.042978,0.066866,0.10855,0.057337,0.075683,0.070654,0.054228
0.068557,0.055509,0.042472,0.11538,0.053141,0.087249,0.08832,0.066314,0.14818,0.053356,0,0.052001,0.087718,0.065574,0.15284,0.099092,0.072682,0.053877,0.073093,0.061379,0.048762,0.065817,0.047433,0.089987,0.072784,0.049489,0.063752,0.062808,0.056571,0.072599,0.085566,0.093409,0.099305,0.080062,0.079304,0.07458,0.0595,0.065601,0.12847,0.066444,0.063388,0.091009,0.1283,0.098532,0.074598,0.059307,0.052208,0.062449,0.082713,0.10316,0.099912,0.074445,0.13168,0.061905,0.068202,0.07818,0.073878,0.10217,0.067061,0.082046,0.055617,0.054565,0.067155,0.072025,0.072025,0.057434,0.086412,0.065969,0.072174,0.051239,0.092118,0.086916,0.062808,0.076264,0.057715,0.10682,0.096585,0.060071,0.062073,0.06366,0.098744,0.065208,0.078333,0.07295,0.067046
0.068219,0.056799,0.044671,0.11031,0.039711,0.069424,0.071642,0.056461,0.13174,0.055384,0.052001,0,0.076097,0.056907,0.13986,0.093337,0.061805,0.050973,0.065339,0.065125,0.059758,0.067383,0.048887,0.066988,0.071077,0.053365,0.06385,0.041498,0.045274,0.057734,0.084079,0.089523,0.10344,0.061242,0.081084,0.049835,0.043867,0.050436,0.11327,0.058595,0.038075,0.076767,0.11604,0.084419,0.066709,0.060063,0.040926,0.047114,0.059829,0.086792,0.081413,0.071975,0.11143,0.061706,0.066883,0.065495,0.079903,0.094321,0.073902,0.090213,0.035905,0.051073,0.063662,0.052931,0.052931,0.047617,0.071117,0.052563,0.062051,0.046344,0.10598,0.085633,0.067985,0.063429,0.065309,0.10377,0.075005,0.052065,0.067524,0.077384,0.087008,0.04749,0.066981,0.060565,0.058827
0.098892,0.067324,0.073541,0.065548,0.07571,0.079816,0.085439,0.086208,0.13208,0.087592,0.087718,0.076097,0,0.083664,0.16654,0.10343,0.067581,0.085724,0.07768,0.09942,0.090163,0.10992,0.084707,0.07793,0.099864,0.10473,0.088075,0.080732,0.063309,0.061346,0.080275,0.096998,0.1007,0.090364,0.11442,0.081114,0.078821,0.064412,0.079521,0.075761,0.068199,0.061699,0.1255,0.093037,0.083962,0.081572,0.085991,0.070144,0.072612,0.091207,0.11555,0.082611,0.11765,0.07533,0.080578,0.093254,0.092457,0.035679,0.08129,0.10663,0.075285,0.087676,0.093035,0.073128,0.073128,0.080877,0.083924,0.092747,0.066759,0.073811,0.11815,0.12104,0.10771,0.08007,0.097836,0.099313,0.089079,0.090604,0.080456,0.10244,0.046242,0.0771,0.09847,0.089499,0.08045
0.054993,0.067302,0.049696,0.10933,0.044761,0.08111,0.072843,0.065378,0.14581,0.043272,0.065574,0.056907,0.083664,0,0.14157,0.074983,0.053133,0.049616,0.06905,0.066797,0.050659,0.054017,0.042154,0.074466,0.055476,0.060018,0.044067,0.052418,0.048174,0.077878,0.091008,0.10765,0.082843,0.064552,0.080515,0.056041,0.055618,0.053644,0.11748,0.062642,0.061238,0.06639,0.13505,0.096685,0.07561,0.060653,0.069253,0.059636,0.068423,0.089279,0.075488,0.064998,0.13485,0.04811,0.050335,0.057697,0.063814,0.1045,0.054665,0.074192,0.053854,0.048831,0.07296,0.076943,0.076943,0.038878,0.05104,0.067991,0.066315,0.03977,0.098142,0.068206,0.06816,0.071761,0.073284,0.092459,0.10175,0.057933,0.046699,0.07958,0.10802,0.04185,0.071284,0.052239,0.043627
0.13937,0.14703,0.13923,0.15513,0.12619,0.1403,0.15788,0.1373,0.19728,0.13922,0.15284,0.13986,0.16654,0.14157,0,0.14441,0.14236,0.13083,0.13496,0.13458,0.13772,0.15253,0.13447,0.15957,0.13601,0.14164,0.14919,0.13019,0.1355,0.15554,0.16104,0.16437,0.14868,0.15188,0.15244,0.12974,0.1381,0.14126,0.18622,0.14111,0.13909,0.14439,0.18266,0.18232,0.14471,0.13575,0.14236,0.12876,0.136,0.16995,0.13193,0.14056,0.17409,0.14697,0.1465,0.14293,0.15738,0.18588,0.14779,0.16864,0.13738,0.13344,0.12866,0.14709,0.14709,0.135,0.14333,0.15648,0.14884,0.14334,0.18724,0.16079,0.13975,0.15682,0.15057,0.17497,0.14274,0.14592,0.14553,0.15859,0.18316,0.132,0.14978,0.13915,0.14158
0.088402,0.091801,0.083552,0.11488,0.078159,0.080647,0.082429,0.070625,0.14155,0.090562,0.099092,0.093337,0.10343,0.074983,0.14441,0,0.080515,0.06704,0.090448,0.084971,0.087491,0.083769,0.081203,0.087668,0.086423,0.088065,0.094831,0.086571,0.075355,0.10375,0.10669,0.098314,0.10245,0.069259,0.11236,0.091222,0.082181,0.084806,0.11778,0.083769,0.082771,0.072191,0.13877,0.10707,0.10292,0.082959,0.091321,0.09337,0.0829,0.091068,0.098119,0.092043,0.13819,0.079875,0.081207,0.062809,0.1104,0.11849,0.074855,0.10542,0.079298,0.077493,0.075256,0.099509,0.099509,0.08789,0.079038,0.10294,0.071238,0.079571,0.10749,0.088791,0.087554,0.077482,0.098807,0.1182,0.12151,0.081342,0.088699,0.097655,0.12781,0.060127,0.088205,0.082955,0.094929
0.07104,0.062403,0.053955,0.089496,0.056091,0.069415,0.085645,0.073916,0.13136,0.06023,0.072682,0.061805,0.067581,0.053133,0.14236,0.080515,0,0.06805,0.057694,0.080374,0.069963,0.070989,0.062811,0.063248,0.081744,0.07268,0.071971,0.062659,0.044015,0.06806,0.07518,0.093777,0.078201,0.072619,0.10467,0.068016,0.05484,0.05204,0.090149,0.067014,0.06054,0.062726,0.12223,0.10718,0.069936,0.074963,0.072066,0.049268,0.063173,0.090623,0.082052,0.071988,0.12878,0.066621,0.070668,0.072106,0.078138,0.086105,0.055655,0.085933,0.062601,0.05988,0.084268,0.069877,0.069877,0.050559,0.07556,0.082109,0.068602,0.050598,0.11261,0.082306,0.089729,0.066676,0.083932,0.096871,0.091559,0.076332,0.059579,0.086367,0.089374,0.053287,0.065893,0.060303,0.06161
0.063888,0.059741,0.049162,0.1105,0.047675,0.078754,0.076209,0.051433,0.15085,0.060458,0.053877,0.050973,0.085724,0.049616,0.13083,0.06704,0.06805,0,0.072809,0.046739,0.050712,0.065088,0.042865,0.079446,0.053793,0.050587,0.060419,0.055804,0.047628,0.080917,0.087383,0.10092,0.080395,0.066083,0.074332,0.062888,0.050873,0.05994,0.12055,0.057284,0.057794,0.074974,0.14132,0.10017,0.075281,0.043338,0.052223,0.054458,0.073003,0.094224,0.088967,0.054789,0.13141,0.058698,0.061389,0.046594,0.082606,0.10436,0.067311,0.074161,0.049812,0.044367,0.042241,0.074573,0.074573,0.051974,0.069378,0.063188,0.066825,0.047259,0.098891,0.072544,0.058855,0.074628,0.062271,0.10782,0.10091,0.046723,0.056805,0.068952,0.10971,0.031792,0.071902,0.05779,0.060929
0.085005,0.060637,0.048845,0.085501,0.061306,0.077394,0.087138,0.073026,0.1302,0.076284,0.073093,0.065339,0.07768,0.06905,0.13496,0.090448,0.057694,0.072809,0,0.074916,0.074342,0.088568,0.071808,0.089672,0.08372,0.08408,0.070632,0.059808,0.065249,0.06479,0.082246,0.085518,0.10641,0.067353,0.11262,0.063118,0.068172,0.070281,0.10289,0.07933,0.052524,0.077124,0.11636,0.11176,0.079535,0.081028,0.079787,0.073283,0.067808,0.097791,0.10362,0.091082,0.12112,0.067167,0.067804,0.081361,0.088298,0.10559,0.057547,0.10749,0.066093,0.057279,0.087006,0.071852,0.071852,0.067989,0.07968,0.096551,0.072981,0.053797,0.11762,0.091232,0.095203,0.080067,0.078391,0.10983,0.087003,0.084277,0.077065,0.087654,0.091281,0.068366,0.076728,0.075376,0.078615
0.075724,0.077507,0.05356,0.10891,0.061192,0.094113,0.089823,0.069176,0.16591,0.068303,0.061379,0.065125,0.09942,0.066797,0.13458,0.084971,0.080374,0.046739,0.074916,0,0.062523,0.0791,0.05815,0.099073,0.053583,0.059107,0.065779,0.062317,0.068877,0.093184,0.098523,0.10146,0.087786,0.080364,0.081763,0.077337,0.069769,0.072195,0.13018,0.085799,0.072343,0.087903,0.14908,0.10698,0.080307,0.065268,0.075479,0.071729,0.091634,0.1078,0.097397,0.061309,0.14585,0.071653,0.076018,0.064173,0.076452,0.11494,0.076073,0.091712,0.07106,0.056094,0.06894,0.08466,0.08466,0.06443,0.081982,0.076487,0.084308,0.056366,0.10611,0.079633,0.085843,0.085841,0.069986,0.12517,0.11026,0.062916,0.062378,0.071357,0.11803,0.052558,0.065136,0.070776,0.074601
0.053989,0.062793,0.045732,0.10653,0.04729,0.078679,0.087082,0.06419,0.15322,0.056122,0.048762,0.059758,0.090163,0.050659,0.13772,0.087491,0.069963,0.050712,0.074342,0.062523,0,0.053889,0.036982,0.081244,0.057957,0.051201,0.053675,0.055957,0.0543,0.074302,0.076624,0.10047,0.089553,0.083342,0.085547,0.070864,0.059965,0.059629,0.12294,0.055218,0.06852,0.079567,0.13291,0.094497,0.062881,0.053967,0.065968,0.059481,0.068015,0.099939,0.077838,0.064598,0.13808,0.039249,0.04168,0.077649,0.068867,0.10738,0.06353,0.098975,0.062886,0.042785,0.073758,0.072204,0.072204,0.051487,0.071788,0.077351,0.065738,0.040425,0.099025,0.069335,0.05917,0.079948,0.072031,0.090358,0.095862,0.059273,0.056053,0.08086,0.10791,0.051158,0.080235,0.059711,0.051331
0.06977,0.082367,0.061635,0.13702,0.058271,0.081412,0.082144,0.070953,0.15129,0.060273,0.065817,0.067383,0.10992,0.054017,0.15253,0.083769,0.070989,0.065088,0.088568,0.0791,0.053889,0,0.053252,0.082275,0.07266,0.037861,0.070158,0.068675,0.069771,0.084833,0.1038,0.10043,0.10462,0.081957,0.088456,0.087099,0.064502,0.071991,0.13926,0.075875,0.080025,0.095235,0.13474,0.095111,0.074827,0.074359,0.066399,0.075981,0.084013,0.096849,0.07168,0.085508,0.14665,0.057213,0.05947,0.073294,0.090241,0.12411,0.068799,0.097028,0.066459,0.056732,0.085801,0.08668,0.08668,0.062562,0.074949,0.071563,0.071311,0.060561,0.082859,0.047611,0.068716,0.079105,0.07952,0.10615,0.10434,0.060693,0.076066,0.087168,0.12849,0.064309,0.076402,0.063154,0.05666
0.045226,0.059491,0.043284,0.10722,0.033651,0.078942,0.072943,0.060273,0.14321,0.042658,0.047433,0.048887,0.084707,0.042154,0.13447,0.081203,0.062811,0.042865,0.071808,0.05815,0.036982,0.053252,0,0.077378,0.056607,0.047382,0.050211,0.041456,0.049953,0.072563,0.077268,0.097297,0.090786,0.070795,0.075778,0.05695,0.054336,0.05347,0.12173,0.060859,0.057852,0.073554,0.12359,0.088021,0.075524,0.057449,0.050563,0.056519,0.063998,0.086838,0.073024,0.061581,0.12415,0.040841,0.047089,0.062508,0.06638,0.10223,0.061145,0.084607,0.043083,0.03576,0.061101,0.067561,0.067561,0.036494,0.059449,0.055829,0.055509,0.035969,0.089947,0.07018,0.05083,0.069038,0.056053,0.10042,0.08822,0.056905,0.054202,0.057375,0.10533,0.043281,0.076733,0.055625,0.053212
0.086988,0.070328,0.076221,0.10691,0.065251,0.069935,0.083713,0.069525,0.12773,0.08143,0.089987,0.066988,0.07793,0.074466,0.15957,0.087668,0.063248,0.079446,0.089672,0.099073,0.081244,0.082275,0.077378,0,0.089253,0.083813,0.083731,0.070785,0.067745,0.065533,0.091236,0.088843,0.10423,0.072263,0.10343,0.074826,0.051282,0.069504,0.10108,0.059371,0.071332,0.065512,0.11986,0.097135,0.078121,0.073095,0.076366,0.074323,0.067782,0.084749,0.076642,0.076601,0.11999,0.070981,0.076545,0.088246,0.097971,0.088126,0.091921,0.10549,0.067996,0.081775,0.084912,0.071369,0.071369,0.068047,0.083259,0.083606,0.075051,0.068322,0.11612,0.096711,0.090886,0.068741,0.093379,0.091009,0.090138,0.069719,0.079247,0.10374,0.090205,0.060769,0.077925,0.07337,0.076084
0.067803,0.078462,0.058357,0.11589,0.055432,0.098773,0.080762,0.059613,0.17322,0.057407,0.072784,0.071077,0.099864,0.055476,0.13601,0.086423,0.081744,0.053793,0.08372,0.053583,0.057957,0.07266,0.056607,0.089253,0,0.05961,0.04824,0.064443,0.065188,0.087549,0.10769,0.11009,0.099407,0.083814,0.058901,0.070343,0.063196,0.062354,0.13774,0.066301,0.081956,0.090868,0.1525,0.10278,0.072019,0.057367,0.079103,0.072978,0.095486,0.099395,0.089494,0.05377,0.14781,0.064049,0.067777,0.065591,0.078494,0.12037,0.085164,0.088821,0.065288,0.067713,0.067944,0.080613,0.080613,0.06876,0.066987,0.066361,0.080091,0.057822,0.094304,0.074328,0.07937,0.09197,0.05929,0.10547,0.11156,0.046284,0.056219,0.073423,0.1202,0.053874,0.074731,0.065142,0.058862
0.065335,0.073447,0.048213,0.1294,0.0519,0.081056,0.077554,0.058534,0.16037,0.054683,0.049489,0.053365,0.10473,0.060018,0.14164,0.088065,0.07268,0.050587,0.08408,0.059107,0.051201,0.037861,0.047382,0.083813,0.05961,0,0.063304,0.062099,0.06143,0.079577,0.10325,0.094111,0.10227,0.08288,0.070179,0.079546,0.05988,0.063579,0.13749,0.071819,0.073243,0.099021,0.13685,0.095942,0.066163,0.062556,0.055495,0.062103,0.086939,0.097896,0.079057,0.071258,0.14223,0.06241,0.066955,0.065902,0.084639,0.11829,0.07625,0.088084,0.055948,0.052801,0.071414,0.076018,0.076018,0.060597,0.077286,0.059089,0.072345,0.056996,0.0808,0.060745,0.058223,0.078795,0.065326,0.10798,0.10261,0.046335,0.071165,0.074434,0.1202,0.055555,0.06983,0.062119,0.056236
0.064209,0.075839,0.050681,0.1084,0.053092,0.094827,0.069041,0.07042,0.15979,0.048946,0.063752,0.06385,0.088075,0.044067,0.14919,0.094831,0.071971,0.060419,0.070632,0.065779,0.053675,0.070158,0.050211,0.083731,0.04824,0.063304,0,0.063251,0.063297,0.073313,0.099244,0.10259,0.10097,0.078377,0.071547,0.067816,0.065182,0.066499,0.12973,0.06621,0.07496,0.087257,0.14281,0.094927,0.075679,0.056728,0.081732,0.069858,0.087621,0.095542,0.097475,0.0639,0.14253,0.052004,0.056984,0.078672,0.070456,0.11007,0.069972,0.080924,0.06516,0.056682,0.078368,0.07917,0.07917,0.054021,0.053714,0.067736,0.079642,0.044885,0.087294,0.073993,0.073728,0.080583,0.069126,0.098043,0.10974,0.059986,0.044915,0.075948,0.10831,0.058145,0.086488,0.073708,0.058156
0.065702,0.054562,0.04393,0.099539,0.037721,0.067205,0.075622,0.062358,0.12811,0.059397,0.062808,0.041498,0.080732,0.052418,0.13019,0.086571,0.062659,0.055804,0.059808,0.062317,0.055957,0.068675,0.041456,0.070785,0.064443,0.062099,0.063251,0,0.051996,0.061915,0.082188,0.098097,0.098981,0.060754,0.086474,0.038733,0.050983,0.050864,0.1115,0.068008,0.039929,0.067431,0.10792,0.090738,0.077999,0.067593,0.051133,0.0621,0.051426,0.087051,0.064055,0.077549,0.10529,0.048775,0.05164,0.059858,0.076678,0.10082,0.070813,0.097359,0.038243,0.047036,0.068564,0.057452,0.057452,0.040869,0.069213,0.068816,0.05738,0.042982,0.10775,0.085665,0.070334,0.065153,0.0592,0.099,0.075932,0.059002,0.06954,0.069325,0.094286,0.045264,0.064397,0.051493,0.056657
0.058948,0.057595,0.045244,0.092647,0.043745,0.063945,0.074912,0.05978,0.13187,0.05023,0.056571,0.045274,0.063309,0.048174,0.1355,0.075355,0.044015,0.047628,0.065249,0.068877,0.0543,0.069771,0.049953,0.067745,0.065188,0.06143,0.063297,0.051996,0,0.062979,0.074866,0.097764,0.083623,0.066818,0.083224,0.05607,0.04889,0.032141,0.09806,0.044928,0.048847,0.063308,0.12054,0.088561,0.066302,0.054313,0.055452,0.035495,0.056554,0.086027,0.084188,0.064997,0.11568,0.059168,0.063492,0.057687,0.07725,0.083764,0.063144,0.078979,0.043877,0.055299,0.058866,0.057233,0.057233,0.048393,0.069921,0.067859,0.054852,0.047104,0.10433,0.088327,0.067397,0.059777,0.069791,0.087651,0.08864,0.055992,0.05304,0.075979,0.083439,0.039416,0.069278,0.058927,0.053954
0.085383,0.060141,0.053513,0.08964,0.060596,0.05536,0.072545,0.074551,0.11845,0.080966,0.072599,0.057734,0.061346,0.077878,0.15554,0.10375,0.06806,0.080917,0.06479,0.093184,0.074302,0.084833,0.072563,0.065533,0.087549,0.079577,0.073313,0.061915,0.062979,0,0.084526,0.081054,0.12331,0.072089,0.10705,0.069725,0.05899,0.057261,0.099322,0.064828,0.059715,0.075578,0.094315,0.078457,0.071647,0.077858,0.071263,0.067767,0.062739,0.073252,0.096194,0.087592,0.10368,0.056692,0.061308,0.092871,0.092291,0.079377,0.082219,0.11507,0.06173,0.076256,0.088233,0.056422,0.056422,0.070355,0.08115,0.081784,0.058158,0.065689,0.099589,0.10224,0.086892,0.060549,0.083195,0.085261,0.074409,0.069555,0.084908,0.096657,0.061533,0.074811,0.087985,0.075825,0.069292
0.075943,0.077532,0.078259,0.088585,0.082762,0.08765,0.11677,0.10188,0.12685,0.099712,0.085566,0.084079,0.080275,0.091008,0.16104,0.10669,0.07518,0.087383,0.082246,0.098523,0.076624,0.1038,0.077268,0.091236,0.10769,0.10325,0.099244,0.082188,0.074866,0.084526,0,0.11047,0.10485,0.09318,0.13731,0.092513,0.084589,0.074816,0.077452,0.083239,0.082089,0.076626,0.1135,0.11076,0.094893,0.10059,0.093219,0.079297,0.06233,0.09613,0.11012,0.090743,0.11939,0.078152,0.080552,0.10355,0.095051,0.094344,0.09125,0.12882,0.090017,0.074516,0.10238,0.076712,0.076712,0.077537,0.10854,0.1101,0.078815,0.069441,0.13831,0.10552,0.1016,0.092921,0.099315,0.10283,0.093527,0.10643,0.091796,0.098911,0.089863,0.080062,0.097096,0.085692,0.096696
0.10888,0.093387,0.08435,0.11038,0.081553,0.086705,0.086434,0.075386,0.13805,0.097382,0.093409,0.089523,0.096998,0.10765,0.16437,0.098314,0.093777,0.10092,0.085518,0.10146,0.10047,0.10043,0.097297,0.088843,0.11009,0.094111,0.10259,0.098097,0.097764,0.081054,0.11047,0,0.13859,0.091386,0.11927,0.1082,0.091722,0.096066,0.12645,0.098119,0.08755,0.097608,0.11899,0.094105,0.089345,0.096598,0.097206,0.10501,0.096274,0.095527,0.11997,0.10417,0.12974,0.08825,0.095499,0.11233,0.11381,0.10677,0.094059,0.13717,0.087017,0.093258,0.10272,0.089091,0.089091,0.10442,0.096065,0.1053,0.0784,0.09069,0.10072,0.10991,0.10753,0.091212,0.10527,0.12683,0.091722,0.097315,0.10712,0.11216,0.10258,0.095678,0.09513,0.111,0.10782
0.10584,0.097841,0.096772,0.11225,0.092691,0.11349,0.12502,0.10574,0.17885,0.092322,0.099305,0.10344,0.1007,0.082843,0.14868,0.10245,0.078201,0.080395,0.10641,0.087786,0.089553,0.10462,0.090786,0.10423,0.099407,0.10227,0.10097,0.098981,0.083623,0.12331,0.10485,0.13859,0,0.11891,0.11363,0.10853,0.094364,0.096485,0.12551,0.099698,0.10318,0.088989,0.18187,0.14647,0.099944,0.08303,0.10524,0.082928,0.10534,0.1399,0.10972,0.076763,0.17142,0.098349,0.10028,0.091206,0.1,0.10935,0.088826,0.087149,0.10581,0.086459,0.10137,0.11331,0.11331,0.0805,0.10735,0.11324,0.1137,0.084172,0.14309,0.10713,0.11879,0.11714,0.11375,0.12756,0.1355,0.10313,0.070805,0.11153,0.13239,0.076581,0.09304,0.090224,0.085722
0.076575,0.073458,0.066554,0.1127,0.061891,0.071842,0.077375,0.068359,0.10501,0.079652,0.080062,0.061242,0.090364,0.064552,0.15188,0.069259,0.072619,0.066083,0.067353,0.080364,0.083342,0.081957,0.070795,0.072263,0.083814,0.08288,0.078377,0.060754,0.066818,0.072089,0.09318,0.091386,0.11891,0,0.10663,0.058066,0.058718,0.069542,0.11141,0.075112,0.04982,0.066313,0.10337,0.09052,0.10181,0.083063,0.071001,0.085823,0.064046,0.074183,0.097403,0.09095,0.099002,0.070007,0.072723,0.070366,0.091345,0.11028,0.077149,0.10218,0.057214,0.072356,0.069246,0.078615,0.078615,0.065612,0.080537,0.083439,0.066689,0.06639,0.11313,0.093805,0.081232,0.053078,0.081803,0.1088,0.093824,0.070218,0.081868,0.088245,0.098996,0.061674,0.071924,0.076241,0.0875
0.095437,0.098102,0.085478,0.14552,0.070891,0.12137,0.087862,0.07259,0.1851,0.059341,0.079304,0.081084,0.11442,0.080515,0.15244,0.11236,0.10467,0.074332,0.11262,0.081763,0.085547,0.088456,0.075778,0.10343,0.058901,0.070179,0.071547,0.086474,0.083224,0.10705,0.13731,0.11927,0.11363,0.10663,0,0.091613,0.082824,0.086573,0.16782,0.083732,0.097242,0.11696,0.17056,0.11075,0.093632,0.062115,0.080672,0.091408,0.12032,0.12303,0.11028,0.078102,0.15435,0.091571,0.097963,0.083649,0.10244,0.12972,0.10742,0.077405,0.071851,0.091672,0.071764,0.098329,0.098329,0.086681,0.084335,0.059644,0.10012,0.085711,0.091852,0.10321,0.086505,0.11027,0.068517,0.12712,0.12227,0.061175,0.074053,0.081305,0.1344,0.080868,0.09572,0.097739,0.077697
0.069431,0.053629,0.056646,0.10073,0.051545,0.081524,0.083336,0.062425,0.13261,0.064815,0.07458,0.049835,0.081114,0.056041,0.12974,0.091222,0.068016,0.062888,0.063118,0.077337,0.070864,0.087099,0.05695,0.074826,0.070343,0.079546,0.067816,0.038733,0.05607,0.069725,0.092513,0.1082,0.10853,0.058066,0.091613,0,0.057208,0.05862,0.11426,0.066406,0.039914,0.070526,0.11504,0.10531,0.090625,0.074096,0.059434,0.066142,0.059997,0.094943,0.080072,0.080589,0.1066,0.066775,0.068686,0.070184,0.074315,0.10468,0.076694,0.096401,0.041791,0.066287,0.067819,0.069896,0.069896,0.053986,0.072663,0.075035,0.06885,0.056605,0.12389,0.10296,0.072021,0.0706,0.069683,0.10331,0.084158,0.067601,0.072801,0.081322,0.091923,0.054223,0.080188,0.064123,0.070253
0.071857,0.050945,0.050111,0.11086,0.042622,0.07138,0.079957,0.057019,0.13304,0.058032,0.0595,0.043867,0.078821,0.055618,0.1381,0.082181,0.05484,0.050873,0.068172,0.069769,0.059965,0.064502,0.054336,0.051282,0.063196,0.05988,0.065182,0.050983,0.04889,0.05899,0.084589,0.091722,0.094364,0.058718,0.082824,0.057208,0,0.05722,0.1138,0.042134,0.057214,0.066186,0.1219,0.097701,0.063272,0.050321,0.051121,0.052643,0.067552,0.085664,0.07353,0.06261,0.12371,0.06063,0.066228,0.067621,0.086933,0.097951,0.073451,0.084102,0.048459,0.059814,0.05621,0.062363,0.062363,0.047752,0.073671,0.058665,0.068142,0.048478,0.10418,0.07953,0.075975,0.062404,0.060435,0.10104,0.080213,0.045118,0.058792,0.075839,0.095342,0.047307,0.06571,0.053258,0.059491
0.053552,0.061888,0.04544,0.089193,0.046428,0.062796,0.076346,0.063189,0.13345,0.058313,0.065601,0.050436,0.064412,0.053644,0.14126,0.084806,0.05204,0.05994,0.070281,0.072195,0.059629,0.071991,0.05347,0.069504,0.062354,0.063579,0.066499,0.050864,0.032141,0.057261,0.074816,0.096066,0.096485,0.069542,0.086573,0.05862,0.05722,0,0.094314,0.058893,0.055283,0.065819,0.11176,0.080297,0.065828,0.071099,0.063706,0.048386,0.05748,0.073622,0.08189,0.063549,0.10862,0.055819,0.060367,0.064362,0.068996,0.082679,0.076939,0.096103,0.047041,0.064905,0.073265,0.051853,0.051853,0.055315,0.073637,0.070067,0.04808,0.053799,0.10184,0.089192,0.073699,0.067256,0.071481,0.077943,0.082227,0.058825,0.066119,0.081641,0.077589,0.049196,0.062647,0.056766,0.050096
0.11626,0.10142,0.10491,0.078708,0.11784,0.093153,0.12768,0.12585,0.13435,0.13399,0.12847,0.11327,0.079521,0.11748,0.18622,0.11778,0.090149,0.12055,0.10289,0.13018,0.12294,0.13926,0.12173,0.10108,0.13774,0.13749,0.12973,0.1115,0.09806,0.099322,0.077452,0.12645,0.12551,0.11141,0.16782,0.11426,0.1138,0.094314,0,0.11456,0.10405,0.083872,0.1206,0.13111,0.11605,0.13158,0.1291,0.10244,0.084761,0.10227,0.13094,0.12024,0.12967,0.11192,0.11322,0.11879,0.1234,0.084773,0.11789,0.14831,0.11644,0.11478,0.13543,0.097519,0.097519,0.11234,0.12771,0.14341,0.10076,0.10491,0.1608,0.1421,0.1369,0.10677,0.13652,0.10655,0.12277,0.13105,0.12532,0.13756,0.081719,0.10299,0.11523,0.10736,0.12084
0.072595,0.060309,0.062386,0.1071,0.050263,0.075744,0.079152,0.055645,0.14103,0.062655,0.066444,0.058595,0.075761,0.062642,0.14111,0.083769,0.067014,0.057284,0.07933,0.085799,0.055218,0.075875,0.060859,0.059371,0.066301,0.071819,0.06621,0.068008,0.044928,0.064828,0.083239,0.098119,0.099698,0.075112,0.083732,0.066406,0.042134,0.058893,0.11456,0,0.067387,0.071704,0.1299,0.09505,0.062669,0.043987,0.063818,0.054159,0.068649,0.088787,0.088819,0.065945,0.12647,0.061486,0.065869,0.07777,0.09259,0.096038,0.077723,0.091214,0.057113,0.067098,0.060191,0.061595,0.061595,0.065905,0.071805,0.070465,0.066589,0.055138,0.10623,0.091251,0.070721,0.074066,0.072263,0.085775,0.093104,0.051731,0.059331,0.086851,0.092743,0.05404,0.087058,0.066695,0.063115
0.077459,0.051439,0.051859,0.094233,0.046975,0.062557,0.074789,0.05564,0.11454,0.067585,0.063388,0.038075,0.068199,0.061238,0.13909,0.082771,0.06054,0.057794,0.052524,0.072343,0.06852,0.080025,0.057852,0.071332,0.081956,0.073243,0.07496,0.039929,0.048847,0.059715,0.082089,0.08755,0.10318,0.04982,0.097242,0.039914,0.057214,0.055283,0.10405,0.067387,0,0.064795,0.10611,0.089886,0.084037,0.070501,0.046416,0.063389,0.046562,0.089084,0.088628,0.084465,0.095068,0.060611,0.062974,0.065056,0.080029,0.089117,0.063022,0.098576,0.037471,0.056174,0.066787,0.060618,0.060618,0.056193,0.07516,0.075258,0.054257,0.052526,0.11628,0.097944,0.075006,0.059466,0.074401,0.1039,0.075214,0.066591,0.074535,0.082859,0.078161,0.052083,0.068691,0.067151,0.069694
0.083175,0.069987,0.07319,0.076643,0.062863,0.064818,0.08559,0.079554,0.11872,0.082477,0.091009,0.076767,0.061699,0.06639,0.14439,0.072191,0.062726,0.074974,0.077124,0.087903,0.079567,0.095235,0.073554,0.065512,0.090868,0.099021,0.087257,0.067431,0.063308,0.075578,0.076626,0.097608,0.088989,0.066313,0.11696,0.070526,0.066186,0.065819,0.083872,0.071704,0.064795,0,0.11455,0.096563,0.088283,0.079001,0.086669,0.074318,0.050712,0.077887,0.084783,0.077563,0.11424,0.063587,0.067669,0.079788,0.082856,0.074851,0.07212,0.10795,0.073244,0.075934,0.084394,0.074854,0.074854,0.065479,0.07382,0.097425,0.062489,0.06472,0.12321,0.10904,0.09691,0.067723,0.099077,0.092997,0.091568,0.083276,0.07418,0.10225,0.082387,0.059837,0.081411,0.069544,0.07663
0.12097,0.11797,0.11569,0.13175,0.1169,0.093136,0.12825,0.13288,0.082095,0.13688,0.1283,0.11604,0.1255,0.13505,0.18266,0.13877,0.12223,0.14132,0.11636,0.14908,0.13291,0.13474,0.12359,0.11986,0.1525,0.13685,0.14281,0.10792,0.12054,0.094315,0.1135,0.11899,0.18187,0.10337,0.17056,0.11504,0.1219,0.11176,0.1206,0.1299,0.10611,0.11455,0,0.11387,0.14385,0.15088,0.1215,0.13229,0.090672,0.097067,0.12699,0.15657,0.078221,0.11607,0.11858,0.14045,0.13882,0.13395,0.13421,0.17501,0.11124,0.12864,0.1396,0.10525,0.10525,0.12213,0.14018,0.14275,0.098429,0.1257,0.1513,0.15788,0.12466,0.097339,0.13369,0.12438,0.10328,0.1366,0.15178,0.13769,0.10771,0.1318,0.13137,0.1273,0.13805
0.097604,0.11122,0.091985,0.12358,0.082569,0.08496,0.071503,0.095411,0.12731,0.095208,0.098532,0.084419,0.093037,0.096685,0.18232,0.10707,0.10718,0.10017,0.11176,0.10698,0.094497,0.095111,0.088021,0.097135,0.10278,0.095942,0.094927,0.090738,0.088561,0.078457,0.11076,0.094105,0.14647,0.09052,0.11075,0.10531,0.097701,0.080297,0.13111,0.09505,0.089886,0.096563,0.11387,0,0.10388,0.099552,0.094898,0.10332,0.08942,0.076842,0.11681,0.10831,0.11383,0.076976,0.08343,0.10458,0.11153,0.099681,0.10558,0.13598,0.08481,0.098521,0.10273,0.08819,0.08819,0.098166,0.086007,0.087693,0.064578,0.093789,0.090579,0.11275,0.10035,0.075859,0.10826,0.11335,0.099876,0.089047,0.10463,0.11128,0.099615,0.094421,0.1095,0.10876,0.0961
0.089458,0.07259,0.059376,0.10717,0.061424,0.080187,0.086156,0.066718,0.16865,0.072258,0.074598,0.066709,0.083962,0.07561,0.14471,0.10292,0.069936,0.075281,0.079535,0.080307,0.062881,0.074827,0.075524,0.078121,0.072019,0.066163,0.075679,0.077999,0.066302,0.071647,0.094893,0.089345,0.099944,0.10181,0.093632,0.090625,0.063272,0.065828,0.11605,0.062669,0.084037,0.088283,0.14385,0.10388,0,0.065163,0.082952,0.055843,0.085532,0.09834,0.087201,0.069462,0.1532,0.069425,0.073755,0.086977,0.093118,0.098386,0.082373,0.11013,0.076808,0.069031,0.095515,0.061148,0.061148,0.080774,0.077324,0.082212,0.077662,0.059811,0.10363,0.083324,0.097259,0.097284,0.085644,0.094253,0.096745,0.063466,0.075278,0.10245,0.09951,0.06763,0.077547,0.063698,0.053349
0.08271,0.0667,0.060629,0.111,0.049348,0.08598,0.07493,0.054215,0.1577,0.056121,0.059307,0.060063,0.081572,0.060653,0.13575,0.082959,0.074963,0.043338,0.081028,0.065268,0.053967,0.074359,0.057449,0.073095,0.057367,0.062556,0.056728,0.067593,0.054313,0.077858,0.10059,0.096598,0.08303,0.083063,0.062115,0.074096,0.050321,0.071099,0.13158,0.043987,0.070501,0.079001,0.15088,0.099552,0.065163,0,0.064028,0.059754,0.084586,0.10564,0.093781,0.057392,0.14128,0.062064,0.067451,0.071274,0.092269,0.099646,0.07318,0.074746,0.0604,0.060529,0.050022,0.076905,0.076905,0.061831,0.066183,0.065564,0.077391,0.054921,0.095763,0.086732,0.072847,0.081444,0.069636,0.10595,0.10186,0.046704,0.047742,0.081078,0.10716,0.049845,0.084932,0.074155,0.060759
0.079486,0.054629,0.059274,0.12226,0.049192,0.077503,0.081513,0.055263,0.13351,0.063121,0.052208,0.040926,0.085991,0.069253,0.14236,0.091321,0.072066,0.052223,0.079787,0.075479,0.065968,0.066399,0.050563,0.076366,0.079103,0.055495,0.081732,0.051133,0.055452,0.071263,0.093219,0.097206,0.10524,0.071001,0.080672,0.059434,0.051121,0.063706,0.1291,0.063818,0.046416,0.086669,0.1215,0.094898,0.082952,0.064028,0,0.062183,0.070652,0.098428,0.084485,0.081782,0.11297,0.068008,0.072259,0.064792,0.092649,0.10107,0.07554,0.089384,0.034715,0.060668,0.054754,0.069463,0.069463,0.060612,0.083903,0.052565,0.061259,0.061777,0.10378,0.090657,0.064531,0.069959,0.059151,0.11617,0.079228,0.055772,0.078115,0.069257,0.0997,0.059079,0.077985,0.067173,0.06823
0.068415,0.061306,0.050621,0.097153,0.052727,0.070815,0.083166,0.069989,0.15024,0.059786,0.062449,0.047114,0.070144,0.059636,0.12876,0.09337,0.049268,0.054458,0.073283,0.071729,0.059481,0.075981,0.056519,0.074323,0.072978,0.062103,0.069858,0.0621,0.035495,0.067767,0.079297,0.10501,0.082928,0.085823,0.091408,0.066142,0.052643,0.048386,0.10244,0.054159,0.063389,0.074318,0.13229,0.10332,0.055843,0.059754,0.062183,0,0.066935,0.094334,0.08292,0.060468,0.13353,0.069605,0.07401,0.070439,0.080498,0.085866,0.07176,0.085071,0.059179,0.057931,0.072835,0.060195,0.060195,0.054083,0.074787,0.068253,0.07112,0.052506,0.11293,0.091424,0.076298,0.073502,0.080031,0.096852,0.093384,0.062538,0.060442,0.086359,0.089201,0.048719,0.079991,0.055983,0.053622
0.072652,0.065618,0.065303,0.086839,0.056458,0.045606,0.08456,0.075596,0.10375,0.083585,0.082713,0.059829,0.072612,0.068423,0.136,0.0829,0.063173,0.073003,0.067808,0.091634,0.068015,0.084013,0.063998,0.067782,0.095486,0.086939,0.087621,0.051426,0.056554,0.062739,0.06233,0.096274,0.10534,0.064046,0.12032,0.059997,0.067552,0.05748,0.084761,0.068649,0.046562,0.050712,0.090672,0.08942,0.085532,0.084586,0.070652,0.066935,0,0.076626,0.076952,0.091342,0.09132,0.056406,0.056515,0.079691,0.088155,0.089289,0.073863,0.11995,0.06082,0.061091,0.086326,0.058554,0.058554,0.061264,0.080275,0.096023,0.050953,0.059467,0.12578,0.10188,0.079477,0.065205,0.09495,0.084702,0.076533,0.082725,0.086889,0.10131,0.081499,0.058852,0.081586,0.064545,0.072952
0.088964,0.095847,0.084916,0.11188,0.077628,0.070491,0.06627,0.088534,0.12408,0.099668,0.10316,0.086792,0.091207,0.089279,0.16995,0.091068,0.090623,0.094224,0.097791,0.1078,0.099939,0.096849,0.086838,0.084749,0.099395,0.097896,0.095542,0.087051,0.086027,0.073252,0.09613,0.095527,0.1399,0.074183,0.12303,0.094943,0.085664,0.073622,0.10227,0.088787,0.089084,0.077887,0.097067,0.076842,0.09834,0.10564,0.098428,0.094334,0.076626,0,0.10649,0.099491,0.10726,0.075718,0.080333,0.088143,0.10787,0.10091,0.10237,0.12707,0.081123,0.091157,0.10486,0.066849,0.066849,0.094831,0.081191,0.092696,0.061463,0.083881,0.097052,0.1077,0.098745,0.078363,0.099215,0.088907,0.10947,0.08429,0.10586,0.10341,0.094556,0.085151,0.096234,0.080593,0.090515
0.08501,0.086952,0.081785,0.12993,0.071377,0.083664,0.10303,0.088187,0.15363,0.08335,0.099912,0.081413,0.11555,0.075488,0.13193,0.098119,0.082052,0.088967,0.10362,0.097397,0.077838,0.07168,0.073024,0.076642,0.089494,0.079057,0.097475,0.064055,0.084188,0.096194,0.11012,0.11997,0.10972,0.097403,0.11028,0.080072,0.07353,0.08189,0.13094,0.088819,0.088628,0.084783,0.12699,0.11681,0.087201,0.093781,0.084485,0.08292,0.076952,0.10649,0,0.09683,0.14255,0.077432,0.079321,0.087747,0.099803,0.12628,0.0968,0.1225,0.078514,0.080262,0.10136,0.089524,0.089524,0.070743,0.088186,0.095639,0.085058,0.078257,0.12555,0.095138,0.089507,0.090627,0.098157,0.10929,0.098015,0.082744,0.097427,0.10729,0.13052,0.071375,0.087539,0.061458,0.072384
0.069089,0.074925,0.066824,0.10012,0.060955,0.096297,0.091608,0.068027,0.17097,0.066495,0.074445,0.071975,0.082611,0.064998,0.14056,0.092043,0.071988,0.054789,0.091082,0.061309,0.064598,0.085508,0.061581,0.076601,0.05377,0.071258,0.0639,0.077549,0.064997,0.087592,0.090743,0.10417,0.076763,0.09095,0.078102,0.080589,0.06261,0.063549,0.12024,0.065945,0.084465,0.077563,0.15657,0.10831,0.069462,0.057392,0.081782,0.060468,0.091342,0.099491,0.09683,0,0.14868,0.071023,0.0776,0.080786,0.069097,0.094956,0.088001,0.087759,0.07552,0.072971,0.071565,0.081728,0.081728,0.065008,0.077704,0.070663,0.084664,0.061301,0.10936,0.086693,0.087464,0.092647,0.081439,0.10552,0.1077,0.063185,0.049908,0.087595,0.10575,0.053781,0.077211,0.071055,0.065178
0.12698,0.12136,0.1252,0.12999,0.11317,0.10136,0.12538,0.12525,0.077989,0.1369,0.13168,0.11143,0.11765,0.13485,0.17409,0.13819,0.12878,0.13141,0.12112,0.14585,0.13808,0.14665,0.12415,0.11999,0.14781,0.14223,0.14253,0.10529,0.11568,0.10368,0.11939,0.12974,0.17142,0.099002,0.15435,0.1066,0.12371,0.10862,0.12967,0.12647,0.095068,0.11424,0.078221,0.11383,0.1532,0.14128,0.11297,0.13353,0.09132,0.10726,0.14255,0.14868,0,0.12098,0.12274,0.13084,0.14266,0.12895,0.14308,0.16382,0.10349,0.13098,0.12268,0.10458,0.10458,0.12214,0.14112,0.13607,0.10232,0.12905,0.16171,0.1665,0.12577,0.10927,0.13038,0.12886,0.10466,0.13254,0.14661,0.13635,0.1044,0.12631,0.12686,0.13442,0.13776
0.063907,0.060742,0.046392,0.094034,0.041995,0.063002,0.065151,0.061957,0.13545,0.062473,0.061905,0.061706,0.07533,0.04811,0.14697,0.079875,0.066621,0.058698,0.067167,0.071653,0.039249,0.057213,0.040841,0.070981,0.064049,0.06241,0.052004,0.048775,0.059168,0.056692,0.078152,0.08825,0.098349,0.070007,0.091571,0.066775,0.06063,0.055819,0.11192,0.061486,0.060611,0.063587,0.11607,0.076976,0.069425,0.062064,0.068008,0.069605,0.056406,0.075718,0.077432,0.071023,0.12098,0,0.01255,0.072908,0.071208,0.092655,0.058467,0.10277,0.057,0.04642,0.079606,0.064193,0.064193,0.053135,0.05602,0.076334,0.046346,0.040233,0.08476,0.072917,0.067448,0.068516,0.07344,0.079778,0.089379,0.058797,0.063678,0.081577,0.093433,0.053378,0.078381,0.056796,0.047363
