0,0.14422,0.099852,0.19919,0.1073,0.26887,0.089426,0.10325,0.28182,0.088161,0.15388,0.21903,0.16182,0.088723,0.098389,0.14442,0.12071,0.10085,0.10162,0.082643,0.1054,0.086685,0.078121,0.1658,0.062701,0.072898,0.084366,0.19412,0.12087,0.21924,0.15189,0.20712,0.1406,0.19336,0.083043,0.19881,0.10768,0.13635,0.27009,0.14317,0.19418,0.40324,0.56963,0.18571,0.12072,0.09275,0.074866,0.12385,0.30065,0.28031,0.075851,0.11276,0.45728,0.085874,0.093561,0.1045,0.14324,0.20106,0.12798,0.18378,0.16689,0.098247,0.099763,0.18033,0.23704,0.094217,0.11665,0.077755,0.15697,0.083528,0.10823,0.10113,0.095392,0.19301,0.078039,0.13471,0.11029,0.08029,0.089214,0.071347,0.16447,0.094709,0.20407,0.10324,0.092946
0.14422,0,0.14062,0.18891,0.13932,0.26593,0.16754,0.1868,0.30862,0.15464,0.18553,0.23521,0.16826,0.13302,0.1739,0.16396,0.15769,0.14543,0.17393,0.15187,0.15857,0.1483,0.1605,0.17079,0.14874,0.14255,0.13886,0.21727,0.15775,0.24932,0.1676,0.23444,0.17212,0.23292,0.15964,0.20211,0.1638,0.1651,0.2739,0.14002,0.20237,0.38677,0.58154,0.1873,0.13801,0.15586,0.15465,0.1381,0.28488,0.29443,0.12001,0.16836,0.47044,0.16748,0.16918,0.16639,0.154,0.21692,0.18194,0.22085,0.16447,0.15914,0.15055,0.176,0.21509,0.1617,0.15095,0.13676,0.19025,0.13734,0.17931,0.16185,0.17616,0.21316,0.16325,0.14301,0.16224,0.15341,0.18755,0.14806,0.18287,0.14216,0.21685,0.12851,0.14393
0.099852,0.14062,0,0.15786,0.093421,0.26286,0.14861,0.12981,0.28026,0.10408,0.1356,0.1944,0.14189,0.085038,0.091322,0.13734,0.099292,0.12078,0.10163,0.098472,0.089696,0.08637,0.094241,0.16626,0.10457,0.099255,0.11837,0.15283,0.10094,0.20865,0.12472,0.19457,0.13275,0.16166,0.10295,0.17649,0.12589,0.11232,0.23518,0.11446,0.1664,0.39723,0.57473,0.15911,0.10113,0.093319,0.099002,0.074967,0.29723,0.29063,0.09453,0.10957,0.45504,0.090752,0.092036,0.1026,0.15738,0.16558,0.094213,0.18894,0.16089,0.092677,0.07765,0.15493,0.19205,0.15066,0.14507,0.098857,0.16984,0.070889,0.14643,0.11905,0.11755,0.18952,0.1016,0.1278,0.083138,0.094217,0.12991,0.10081,0.132,0.11481,0.18669,0.076598,0.066564
0.19919,0.18891,0.15786,0,0.17123,0.20416,0.25192,0.22575,0.24699,0.20966,0.20819,0.20665,0.14895,0.18452,0.17161,0.21343,0.14344,0.19591,0.18661,0.21095,0.18672,0.2026,0.19073,0.15876,0.18914,0.19765,0.20294,0.21354,0.17512,0.23697,0.173,0.23692,0.17761,0.17913,0.22149,0.22049,0.22181,0.14112,0.17488,0.17751,0.19299,0.32675,0.51836,0.17119,0.14581,0.18677,0.20448,0.15069,0.27515,0.27222,0.1901,0.20312,0.39383,0.20301,0.20035,0.19135,0.20246,0.10584,0.18077,0.26589,0.178,0.16904,0.16637,0.18241,0.2198,0.25063,0.1979,0.17535,0.18247,0.16982,0.20709,0.21063,0.20026,0.24087,0.19233,0.19258,0.18199,0.1695,0.24154,0.18282,0.14094,0.18517,0.19844,0.1788,0.18619
0.1073,0.13932,0.093421,0.17123,0,0.23508,0.13866,0.12426,0.26192,0.12776,0.16347,0.18581,0.13376,0.11159,0.10426,0.13884,0.12455,0.129,0.1277,0.12686,0.12325,0.10493,0.097888,0.13924,0.13085,0.11145,0.10365,0.16972,0.097434,0.18673,0.13543,0.19383,0.14277,0.17593,0.12165,0.1713,0.13226,0.10298,0.24521,0.10714,0.14701,0.39657,0.56204,0.15482,0.1144,0.092799,0.10286,0.098488,0.2731,0.26466,0.10642,0.12716,0.47056,0.091177,0.10203,0.1186,0.16389,0.17184,0.12956,0.20002,0.18,0.087984,0.096664,0.16703,0.22949,0.14308,0.1313,0.099996,0.15101,0.092093,0.15511,0.13226,0.13263,0.16656,0.095721,0.13446,0.13228,0.096259,0.13027,0.096254,0.13151,0.1136,0.16959,0.085318,0.08628
0.26887,0.26593,0.26286,0.20416,0.23508,0,0.29506,0.2902,0.26,0.27436,0.26321,0.25232,0.21944,0.27035,0.25178,0.26858,0.21791,0.25548,0.25991,0.28521,0.26352,0.29181,0.26788,0.18105,0.26763,0.272,0.26276,0.28359,0.26987,0.23432,0.25145,0.27077,0.25382,0.25982,0.29267,0.29596,0.2783,0.22489,0.25401,0.24454,0.245,0.28486,0.42164,0.24185,0.20656,0.27041,0.2593,0.24134,0.17421,0.18163,0.2672,0.29901,0.41809,0.26926,0.28111,0.28388,0.25707,0.25045,0.27457,0.34796,0.21902,0.25652,0.26769,0.26273,0.33933,0.27085,0.26547,0.25604,0.17181,0.25202,0.2777,0.28429,0.25716,0.26561,0.2526,0.27141,0.28378,0.24135,0.31325,0.24308,0.21382,0.24158,0.20608,0.25804,0.25146
0.089426,0.16754,0.14861,0.25192,0.13866,0.29506,0,0.11143,0.30158,0.12355,0.18697,0.27003,0.20741,0.14453,0.13572,0.17486,0.16543,0.13888,0.15623,0.11409,0.14139,0.12583,0.10205,0.20479,0.11159,0.11941,0.10048,0.24214,0.16155,0.24943,0.19815,0.23814,0.17283,0.24084,0.10583,0.24521,0.14265,0.18578,0.32091,0.17193,0.23659,0.43258,0.57748,0.22076,0.17542,0.11625,0.11614,0.16588,0.32829,0.31283,0.11685,0.15649,0.47561,0.11597,0.12522,0.13834,0.17861,0.24928,0.17069,0.18599,0.19849,0.13684,0.13357,0.22814,0.28554,0.10476,0.13347,0.12802,0.19464,0.13273,0.15032,0.11718,0.13633,0.21023,0.13061,0.17588,0.17146,0.12328,0.11148,0.11139,0.2109,0.13978,0.23824,0.12717,0.12748
0.10325,0.1868,0.12981,0.22575,0.12426,0.2902,0.11143,0,0.30133,0.11737,0.18592,0.24977,0.18533,0.13245,0.10596,0.1711,0.15696,0.11446,0.12904,0.10417,0.13312,0.10991,0.079083,0.20994,0.1151,0.10339,0.09925,0.23518,0.1621,0.23132,0.18037,0.25178,0.17029,0.20646,0.087455,0.24346,0.1298,0.18421,0.30864,0.17456,0.22799,0.42474,0.57054,0.19063,0.14971,0.069865,0.093919,0.15044,0.33844,0.29033,0.10896,0.11904,0.47382,0.090679,0.10068,0.09215,0.19624,0.20194,0.13832,0.15564,0.19805,0.1058,0.093084,0.21268,0.27136,0.13822,0.16063,0.098173,0.19059,0.093855,0.1372,0.12606,0.10507,0.22784,0.10351,0.17348,0.13173,0.090092,0.10278,0.098749,0.20475,0.12876,0.24136,0.13236,0.13196
0.28182,0.30862,0.28026,0.24699,0.26192,0.26,0.30158,0.30133,0,0.27676,0.28602,0.25946,0.23546,0.29422,0.24854,0.29002,0.23979,0.29027,0.27041,0.2855,0.29612,0.29533,0.28677,0.23918,0.28696,0.2944,0.29766,0.29313,0.25068,0.26056,0.29802,0.26872,0.26344,0.29337,0.30385,0.30869,0.30249,0.24524,0.27055,0.26897,0.27091,0.33316,0.44163,0.21961,0.27233,0.27161,0.27979,0.25528,0.322,0.29251,0.30406,0.32435,0.29783,0.27359,0.27661,0.30533,0.33672,0.2589,0.31275,0.35104,0.29061,0.27367,0.26429,0.28403,0.35527,0.32781,0.29362,0.29567,0.26145,0.2803,0.29023,0.27383,0.28001,0.28364,0.2634,0.27063,0.2886,0.26862,0.3129,0.26124,0.23881,0.30188,0.24325,0.29174,0.26902
0.088161,0.15464,0.10408,0.20966,0.12776,0.27436,0.12355,0.11737,0.27676,0,0.14854,0.20006,0.17535,0.10053,0.09877,0.12629,0.13784,0.093713,0.097475,0.085045,0.096238,0.097355,0.093251,0.18496,0.10764,0.077421,0.11016,0.17426,0.14093,0.21741,0.16708,0.19337,0.13708,0.19918,0.055122,0.18412,0.10656,0.15249,0.27605,0.16326,0.18359,0.37603,0.55809,0.18467,0.1418,0.099356,0.064415,0.13014,0.31091,0.277,0.10727,0.11616,0.44521,0.091001,0.098701,0.12296,0.17448,0.21043,0.14593,0.1624,0.16876,0.10162,0.1109,0.19086,0.22261,0.11641,0.15847,0.10515,0.16111,0.076775,0.1361,0.12547,0.082213,0.19379,0.066396,0.15118,0.11463,0.093408,0.098883,0.073734,0.16313,0.099925,0.2086,0.11903,0.087159
0.15388,0.18553,0.1356,0.20819,0.16347,0.26321,0.18697,0.18592,0.28602,0.14854,0,0.25311,0.18739,0.13133,0.13704,0.17794,0.1508,0.14972,0.1223,0.13041,0.12241,0.13679,0.15855,0.18716,0.15559,0.14907,0.15712,0.21963,0.15402,0.23167,0.15387,0.23241,0.18227,0.21983,0.15303,0.22385,0.19073,0.14745,0.26086,0.17774,0.22961,0.42144,0.56392,0.22435,0.13374,0.15674,0.1225,0.1586,0.31884,0.30999,0.17142,0.18689,0.44738,0.14118,0.14218,0.17064,0.19198,0.20617,0.18174,0.21228,0.22483,0.16087,0.15649,0.22288,0.25429,0.16717,0.17651,0.16682,0.20601,0.13967,0.15307,0.14449,0.16474,0.22967,0.14116,0.15386,0.1373,0.14074,0.19888,0.14217,0.16456,0.15105,0.18867,0.1628,0.12791
0.21903,0.23521,0.1944,0.20665,0.18581,0.25232,0.27003,0.24977,0.25946,0.20006,0.25311,0,0.16818,0.1947,0.19257,0.18108,0.19177,0.20418,0.20844,0.24612,0.22704,0.2244,0.22869,0.19905,0.23147,0.19148,0.2292,0.1429,0.19715,0.18092,0.2029,0.21646,0.18857,0.2028,0.2244,0.16396,0.19277,0.17075,0.22501,0.18307,0.10457,0.31816,0.5532,0.183,0.19273,0.22915,0.20822,0.18051,0.2519,0.26582,0.22238,0.21516,0.45302,0.20493,0.21312,0.22889,0.23307,0.20544,0.22831,0.29076,0.23636,0.18468,0.22621,0.17753,0.2042,0.25459,0.24103,0.21662,0.18592,0.20255,0.25969,0.23353,0.19455,0.17947,0.18215,0.21643,0.20633,0.21142,0.22611,0.18893,0.15972,0.20531,0.2076,0.20725,0.17472
0.16182,0.16826,0.14189,0.14895,0.13376,0.21944,0.20741,0.18533,0.23546,0.17535,0.18739,0.16818,0,0.14368,0.1352,0.16001,0.15802,0.16696,0.16186,0.17282,0.17003,0.15333,0.16274,0.14576,0.15354,0.14869,0.15982,0.19337,0.14144,0.18509,0.17585,0.23285,0.16085,0.16409,0.18097,0.21422,0.17892,0.11972,0.19421,0.11695,0.16389,0.34452,0.52785,0.15102,0.11095,0.16446,0.16327,0.12087,0.23823,0.23935,0.15897,0.18304,0.42084,0.15827,0.16273,0.16154,0.18844,0.14396,0.16739,0.2462,0.19668,0.12713,0.1496,0.11985,0.2019,0.22122,0.17682,0.16808,0.17045,0.14761,0.18526,0.15194,0.15649,0.16089,0.15653,0.14772,0.14211,0.13823,0.20942,0.12939,0.11598,0.15592,0.18286,0.15026,0.13936
0.088723,0.13302,0.085038,0.18452,0.11159,0.27035,0.14453,0.13245,0.29422,0.10053,0.13133,0.1947,0.14368,0,0.091256,0.13816,0.11854,0.11453,0.11767,0.095492,0.10587,0.068649,0.10501,0.15801,0.082691,0.076569,0.097324,0.17783,0.12133,0.19461,0.12663,0.20877,0.11749,0.18761,0.096285,0.17863,0.12732,0.12196,0.26546,0.11583,0.16749,0.39895,0.56782,0.17949,0.098379,0.10553,0.08583,0.10567,0.2992,0.30289,0.078164,0.1188,0.46167,0.095312,0.099768,0.094329,0.13109,0.1784,0.11291,0.18027,0.18959,0.090026,0.10879,0.16486,0.19577,0.12849,0.1268,0.082474,0.16856,0.086266,0.13118,0.10494,0.11276,0.17325,0.093715,0.13171,0.091219,0.096164,0.12853,0.087954,0.15703,0.10673,0.19807,0.091822,0.081272
0.098389,0.1739,0.091322,0.17161,0.10426,0.25178,0.13572,0.10596,0.24854,0.09877,0.13704,0.19257,0.1352,0.091256,0,0.15092,0.11189,0.10836,0.096991,0.092133,0.10008,0.087785,0.089478,0.15512,0.097614,0.090257,0.095331,0.17941,0.11436,0.19173,0.14197,0.20437,0.12537,0.14636,0.093961,0.19513,0.13771,0.12447,0.25061,0.13089,0.1687,0.3819,0.54762,0.14784,0.11819,0.087202,0.084327,0.11071,0.30265,0.28413,0.10962,0.12516,0.43689,0.06837,0.069455,0.10284,0.15894,0.15527,0.10674,0.15768,0.19623,0.070276,0.094338,0.16666,0.21489,0.1539,0.1262,0.10016,0.16031,0.078725,0.10869,0.094085,0.0923,0.18029,0.076258,0.13624,0.09712,0.080067,0.12494,0.068403,0.13701,0.12431,0.17652,0.10639,0.088316
0.14442,0.16396,0.13734,0.21343,0.13884,0.26858,0.17486,0.1711,0.29002,0.12629,0.17794,0.18108,0.16001,0.13816,0.15092,0,0.16242,0.13083,0.16216,0.15467,0.15128,0.15119,0.14372,0.21434,0.16829,0.12853,0.15883,0.18066,0.14334,0.22647,0.16515,0.24936,0.13045,0.2126,0.14731,0.20223,0.11441,0.16466,0.27899,0.14456,0.17396,0.3546,0.5732,0.20618,0.15046,0.16779,0.12782,0.14058,0.28208,0.25381,0.15737,0.14502,0.44677,0.1454,0.15908,0.18038,0.20256,0.2106,0.19848,0.23059,0.20057,0.14054,0.15914,0.20978,0.24614,0.15823,0.18659,0.1544,0.18478,0.14734,0.20995,0.1625,0.1293,0.18602,0.13473,0.16842,0.16155,0.1358,0.15217,0.1302,0.15275,0.10898,0.24162,0.14616,0.11497
0.12071,0.15769,0.099292,0.14344,0.12455,0.21791,0.16543,0.15696,0.23979,0.13784,0.1508,0.19177,0.15802,0.11854,0.11189,0.16242,0,0.12975,0.13167,0.13512,0.14272,0.14583,0.14018,0.14765,0.12566,0.13774,0.15074,0.18138,0.1185,0.19873,0.11136,0.1932,0.12398,0.1774,0.15495,0.19807,0.14575,0.13235,0.24029,0.12643,0.17778,0.35991,0.52784,0.13906,0.094627,0.12827,0.12783,0.094238,0.27091,0.26717,0.12657,0.15174,0.40459,0.12484,0.12985,0.14962,0.16363,0.16289,0.13798,0.22098,0.14757,0.13612,0.11995,0.18364,0.24155,0.15444,0.15387,0.11688,0.14619,0.11544,0.15425,0.14656,0.13692,0.21299,0.12343,0.14056,0.1317,0.11972,0.16221,0.1288,0.14262,0.1378,0.16399,0.11927,0.11211
0.10085,0.14543,0.12078,0.19591,0.129,0.25548,0.13888,0.11446,0.29027,0.093713,0.14972,0.20418,0.16696,0.11453,0.10836,0.13083,0.12975,0,0.085512,0.11789,0.10689,0.12625,0.11576,0.18713,0.12168,0.072323,0.094764,0.19304,0.14821,0.22776,0.12736,0.24099,0.15088,0.17444,0.1006,0.19613,0.10673,0.1599,0.27918,0.16752,0.18915,0.38243,0.57015,0.18011,0.11654,0.11532,0.073479,0.14048,0.30479,0.2642,0.11449,0.1293,0.46066,0.10872,0.11655,0.13066,0.15819,0.18937,0.1626,0.17267,0.17979,0.11159,0.11984,0.18938,0.22849,0.1214,0.15641,0.105,0.17004,0.084106,0.12982,0.13237,0.074521,0.21926,0.079185,0.13465,0.11879,0.088335,0.12604,0.079952,0.16234,0.099149,0.20381,0.13756,0.11056
0.10162,0.17393,0.10163,0.18661,0.1277,0.25991,0.15623,0.12904,0.27041,0.097475,0.1223,0.20844,0.16186,0.11767,0.096991,0.16216,0.13167,0.085512,0,0.10865,0.085672,0.1139,0.11238,0.17263,0.11896,0.091045,0.11426,0.16792,0.13383,0.22333,0.1367,0.20867,0.17609,0.16212,0.10231,0.19,0.13865,0.13428,0.24407,0.17584,0.18781,0.4051,0.56477,0.18667,0.12113,0.10792,0.080598,0.12984,0.31753,0.2721,0.12583,0.13842,0.4531,0.1038,0.10717,0.12196,0.17912,0.183,0.14177,0.1825,0.19196,0.11022,0.10562,0.17645,0.21477,0.14694,0.17072,0.11974,0.18052,0.079685,0.11297,0.1359,0.10334,0.21251,0.074897,0.13255,0.091353,0.089244,0.13307,0.086188,0.14375,0.12299,0.17859,0.13823,0.10185
0.082643,0.15187,0.098472,0.21095,0.12686,0.28521,0.11409,0.10417,0.2855,0.085045,0.13041,0.24612,0.17282,0.095492,0.092133,0.15467,0.13512,0.11789,0.10865,0,0.097257,0.073944,0.088145,0.18419,0.082798,0.10552,0.10372,0.2071,0.13274,0.23618,0.16484,0.22278,0.14843,0.19431,0.078055,0.21543,0.13302,0.15924,0.28868,0.15668,0.2161,0.40991,0.56758,0.18031,0.13222,0.091597,0.076027,0.13216,0.32569,0.29396,0.095833,0.11795,0.45596,0.081939,0.081995,0.11505,0.16341,0.21144,0.12188,0.15663,0.18618,0.11791,0.095697,0.19773,0.24551,0.12016,0.13673,0.097614,0.18175,0.080811,0.10386,0.10439,0.11136,0.21925,0.094536,0.14574,0.099693,0.096425,0.1171,0.096941,0.17909,0.12132,0.21164,0.11358,0.10868
0.1054,0.15857,0.089696,0.18672,0.12325,0.26352,0.14139,0.13312,0.29612,0.096238,0.12241,0.22704,0.17003,0.10587,0.10008,0.15128,0.14272,0.10689,0.085672,0.097257,0,0.091199,0.081726,0.1896,0.1051,0.098534,0.10295,0.17963,0.14072,0.24817,0.14987,0.22919,0.14561,0.17501,0.093376,0.1951,0.12742,0.13404,0.2629,0.16946,0.1971,0.4101,0.57951,0.20504,0.1297,0.10395,0.082474,0.13674,0.324,0.29125,0.11101,0.13501,0.47505,0.11455,0.11613,0.11112,0.16128,0.20072,0.1383,0.1669,0.19,0.10081,0.10765,0.19097,0.21626,0.13831,0.15577,0.11079,0.18521,0.084966,0.13909,0.12159,0.10581,0.21347,0.098449,0.15581,0.097621,0.096703,0.13718,0.09246,0.16106,0.11939,0.20758,0.12107,0.098793
0.086685,0.1483,0.08637,0.2026,0.10493,0.29181,0.12583,0.10991,0.29533,0.097355,0.13679,0.2244,0.15333,0.068649,0.087785,0.15119,0.14583,0.12625,0.1139,0.073944,0.091199,0,0.078969,0.18365,0.089485,0.08588,0.091138,0.19896,0.11614,0.22256,0.16074,0.2169,0.13993,0.18764,0.076858,0.20474,0.12594,0.13497,0.2767,0.1338,0.19957,0.42604,0.58655,0.18777,0.12676,0.080826,0.083266,0.12049,0.3256,0.3135,0.078528,0.11421,0.47555,0.090909,0.091576,0.084897,0.16425,0.19442,0.11511,0.14606,0.19857,0.087562,0.093984,0.1737,0.21286,0.13744,0.1312,0.094683,0.19522,0.079659,0.12178,0.092395,0.11133,0.18847,0.095836,0.13046,0.092057,0.094961,0.12202,0.086409,0.1684,0.12006,0.21145,0.088731,0.094132
0.078121,0.1605,0.094241,0.19073,0.097888,0.26788,0.10205,0.079083,0.28677,0.093251,0.15855,0.22869,0.16274,0.10501,0.089478,0.14372,0.14018,0.11576,0.11238,0.088145,0.081726,0.078969,0,0.18374,0.084934,0.086979,0.086565,0.19823,0.13335,0.23123,0.16559,0.22519,0.13676,0.19417,0.072211,0.21021,0.11234,0.1362,0.26923,0.15415,0.19866,0.4059,0.56484,0.19599,0.13409,0.065277,0.080298,0.12649,0.32089,0.28222,0.088511,0.1011,0.46212,0.08929,0.097561,0.075303,0.17017,0.18726,0.12417,0.15784,0.17824,0.075033,0.079949,0.19514,0.24212,0.12488,0.1373,0.080401,0.17085,0.080343,0.13788,0.1128,0.10142,0.19645,0.089662,0.16741,0.11448,0.073206,0.093672,0.075307,0.16895,0.10034,0.22414,0.098818,0.097991
0.1658,0.17079,0.16626,0.15876,0.13924,0.18105,0.20479,0.20994,0.23918,0.18496,0.18716,0.19905,0.14576,0.15801,0.15512,0.21434,0.14765,0.18713,0.17263,0.18419,0.1896,0.18365,0.18374,0,0.16358,0.17367,0.16413,0.19332,0.16547,0.16187,0.17159,0.16522,0.1946,0.20288,0.19211,0.18854,0.2218,0.11994,0.20543,0.15061,0.15116,0.34888,0.48759,0.17235,0.1379,0.17573,0.17446,0.14425,0.22392,0.25423,0.16721,0.20241,0.42812,0.1605,0.16553,0.18261,0.15793,0.17745,0.16054,0.264,0.19206,0.15733,0.17148,0.17039,0.23482,0.19493,0.15745,0.15994,0.12536,0.15743,0.16595,0.1909,0.19768,0.16601,0.15768,0.17826,0.18801,0.15561,0.20987,0.15017,0.13474,0.16612,0.11927,0.15253,0.15195
0.062701,0.14874,0.10457,0.18914,0.13085,0.26763,0.11159,0.1151,0.28696,0.10764,0.15559,0.23147,0.15354,0.082691,0.097614,0.16829,0.12566,0.12168,0.11896,0.082798,0.1051,0.089485,0.084934,0.16358,0,0.090328,0.092617,0.2048,0.14314,0.22595,0.15754,0.22683,0.13313,0.19193,0.097069,0.20795,0.13224,0.13587,0.26515,0.15174,0.20256,0.39999,0.55395,0.18886,0.11405,0.10088,0.095298,0.13171,0.30774,0.29295,0.079816,0.12483,0.4506,0.10183,0.10334,0.08829,0.1262,0.1914,0.11662,0.18373,0.17213,0.10142,0.10236,0.1797,0.22988,0.12491,0.12291,0.085948,0.16253,0.092803,0.1154,0.10321,0.1087,0.20208,0.10407,0.15996,0.10556,0.090877,0.12178,0.084739,0.17495,0.11512,0.21158,0.11183,0.11046
0.072898,0.14255,0.099255,0.19765,0.11145,0.272,0.11941,0.10339,0.2944,0.077421,0.14907,0.19148,0.14869,0.076569,0.090257,0.12853,0.13774,0.072323,0.091045,0.10552,0.098534,0.08588,0.086979,0.17367,0.090328,0,0.070329,0.18133,0.13795,0.20172,0.14605,0.21764,0.14371,0.18525,0.063285,0.18453,0.10242,0.13445,0.26278,0.14173,0.17297,0.39454,0.57582,0.18568,0.1178,0.096105,0.067184,0.125,0.30226,0.28611,0.086598,0.10919,0.46873,0.085484,0.094681,0.087449,0.14514,0.18284,0.13448,0.1652,0.18186,0.075239,0.10678,0.16138,0.19744,0.11965,0.13064,0.087849,0.1659,0.073126,0.12657,0.10188,0.076767,0.17444,0.068957,0.13495,0.10076,0.079517,0.10056,0.04867,0.15685,0.089422,0.20893,0.10692,0.078075
0.084366,0.13886,0.11837,0.20294,0.10365,0.26276,0.10048,0.09925,0.29766,0.11016,0.15712,0.2292,0.15982,0.097324,0.095331,0.15883,0.15074,0.094764,0.11426,0.10372,0.10295,0.091138,0.086565,0.16413,0.092617,0.070329,0,0.21399,0.15121,0.20952,0.15654,0.2352,0.15739,0.18724,0.083005,0.20824,0.13682,0.14799,0.28786,0.14664,0.18999,0.4092,0.56529,0.18803,0.13062,0.090972,0.081776,0.14379,0.30414,0.29584,0.080035,0.13893,0.48341,0.091803,0.099944,0.091774,0.13162,0.19634,0.1315,0.1659,0.1954,0.089968,0.10412,0.17759,0.22364,0.11607,0.10157,0.080665,0.17358,0.082206,0.11384,0.096885,0.10188,0.1857,0.092135,0.14184,0.13041,0.082945,0.12146,0.0662,0.17665,0.11422,0.20908,0.10469,0.10383
0.19412,0.21727,0.15283,0.21354,0.16972,0.28359,0.24214,0.23518,0.29313,0.17426,0.21963,0.1429,0.19337,0.17783,0.17941,0.18066,0.18138,0.19304,0.16792,0.2071,0.17963,0.19896,0.19823,0.19332,0.2048,0.18133,0.21399,0,0.16539,0.23651,0.16744,0.19509,0.19816,0.18916,0.19503,0.11971,0.18909,0.14917,0.22714,0.19441,0.10341,0.38944,0.58648,0.21561,0.18948,0.2078,0.18611,0.1553,0.30998,0.29154,0.20204,0.18017,0.48279,0.17949,0.18399,0.2073,0.21595,0.22239,0.18988,0.27173,0.24061,0.17239,0.19525,0.199,0.19891,0.22449,0.24013,0.19932,0.20279,0.17961,0.23656,0.23214,0.20042,0.19241,0.1644,0.21653,0.17651,0.19204,0.18463,0.18137,0.14548,0.18979,0.19063,0.17817,0.1444
0.12087,0.15775,0.10094,0.17512,0.097434,0.26987,0.16155,0.1621,0.25068,0.14093,0.15402,0.19715,0.14144,0.12133,0.11436,0.14334,0.1185,0.14821,0.13383,0.13274,0.14072,0.11614,0.13335,0.16547,0.14314,0.13795,0.15121,0.16539,0,0.22661,0.12543,0.19167,0.13619,0.17082,0.15111,0.18453,0.15378,0.11095,0.24068,0.1166,0.17262,0.41012,0.58194,0.17161,0.12621,0.12815,0.13065,0.087342,0.3049,0.29313,0.13782,0.14002,0.43642,0.12108,0.12028,0.15773,0.19297,0.16914,0.14835,0.2092,0.2035,0.11469,0.11782,0.18555,0.23508,0.17284,0.16426,0.14358,0.19102,0.12595,0.15665,0.14369,0.15223,0.18715,0.12337,0.11291,0.13094,0.11739,0.1517,0.12502,0.11019,0.13364,0.16247,0.10861,0.10537
0.21924,0.24932,0.20865,0.23697,0.18673,0.23432,0.24943,0.23132,0.26056,0.21741,0.23167,0.18092,0.18509,0.19461,0.19173,0.22647,0.19873,0.22776,0.22333,0.23618,0.24817,0.22256,0.23123,0.16187,0.22595,0.20172,0.20952,0.23651,0.22661,0,0.22949,0.20416,0.22789,0.25447,0.22061,0.24046,0.24653,0.19297,0.26838,0.16903,0.1742,0.35343,0.48005,0.19437,0.1911,0.21404,0.20746,0.18999,0.22248,0.28855,0.21798,0.25007,0.44144,0.18598,0.20026,0.21575,0.23325,0.21937,0.2078,0.30795,0.24272,0.19653,0.21547,0.19754,0.25935,0.24012,0.21252,0.21003,0.17543,0.20271,0.23913,0.21224,0.21528,0.1585,0.19442,0.21646,0.22903,0.20235,0.24278,0.1901,0.20066,0.21608,0.2048,0.20128,0.17681
0.15189,0.1676,0.12472,0.173,0.13543,0.25145,0.19815,0.18037,0.29802,0.16708,0.15387,0.2029,0.17585,0.12663,0.14197,0.16515,0.11136,0.12736,0.1367,0.16484,0.14987,0.16074,0.16559,0.17159,0.15754,0.14605,0.15654,0.16744,0.12543,0.22949,0,0.24211,0.14876,0.16757,0.17473,0.17069,0.16964,0.13368,0.26506,0.1616,0.16437,0.41162,0.56998,0.19712,0.10565,0.1579,0.13674,0.12828,0.30981,0.29883,0.153,0.15811,0.4625,0.1438,0.14725,0.16423,0.16055,0.16377,0.16217,0.23441,0.21669,0.14425,0.14269,0.2178,0.24185,0.16732,0.18798,0.14064,0.19315,0.13569,0.17814,0.18572,0.1599,0.22874,0.1352,0.15849,0.15092,0.12981,0.17502,0.14788,0.14371,0.1401,0.17133,0.14256,0.13065
0.20712,0.23444,0.19457,0.23692,0.19383,0.27077,0.23814,0.25178,0.26872,0.19337,0.23241,0.21646,0.23285,0.20877,0.20437,0.24936,0.1932,0.24099,0.20867,0.22278,0.22919,0.2169,0.22519,0.16522,0.22683,0.21764,0.2352,0.19509,0.19167,0.20416,0.24211,0,0.24319,0.26198,0.21238,0.21786,0.24739,0.19018,0.24544,0.19767,0.20055,0.3861,0.53706,0.22018,0.21989,0.2102,0.21785,0.17206,0.28155,0.30988,0.21432,0.23115,0.43996,0.20167,0.20528,0.23457,0.25431,0.25682,0.19785,0.28087,0.21056,0.20496,0.21682,0.21188,0.25255,0.2317,0.23283,0.21871,0.18868,0.19973,0.21961,0.23779,0.23733,0.1903,0.19642,0.20777,0.22442,0.21365,0.22445,0.20373,0.18425,0.21576,0.16603,0.18623,0.17866
0.1406,0.17212,0.13275,0.17761,0.14277,0.25382,0.17283,0.17029,0.26344,0.13708,0.18227,0.18857,0.16085,0.11749,0.12537,0.13045,0.12398,0.15088,0.17609,0.14843,0.14561,0.13993,0.13676,0.1946,0.13313,0.14371,0.15739,0.19816,0.13619,0.22789,0.14876,0.24319,0,0.19698,0.15703,0.19435,0.13748,0.14393,0.2786,0.14626,0.17905,0.35449,0.545,0.18309,0.13514,0.14741,0.1329,0.13956,0.2967,0.29198,0.14526,0.15763,0.42029,0.14503,0.14824,0.16084,0.17048,0.18306,0.17566,0.21774,0.19234,0.12374,0.14555,0.21939,0.25332,0.17085,0.16907,0.13741,0.16859,0.14215,0.19676,0.14893,0.12731,0.20982,0.13688,0.18107,0.15674,0.13126,0.16748,0.13115,0.1645,0.13536,0.22095,0.14124,0.13114
0.19336,0.23292,0.16166,0.17913,0.17593,0.25982,0.24084,0.20646,0.29337,0.19918,0.21983,0.2028,0.16409,0.18761,0.14636,0.2126,0.1774,0.17444,0.16212,0.19431,0.17501,0.18764,0.19417,0.20288,0.19193,0.18525,0.18724,0.18916,0.17082,0.25447,0.16757,0.26198,0.19698,0,0.20325,0.22169,0.20263,0.17844,0.25166,0.19593,0.18737,0.38553,0.57934,0.17367,0.16648,0.19624,0.1861,0.17667,0.30515,0.28814,0.18919,0.19014,0.4821,0.17774,0.17429,0.20014,0.19488,0.17997,0.15877,0.22883,0.23771,0.16577,0.18199,0.18295,0.21857,0.24068,0.20885,0.18903,0.21658,0.16027,0.17971,0.20476,0.16277,0.24581,0.16995,0.18146,0.17048,0.16987,0.2185,0.17114,0.14822,0.19732,0.18348,0.18004,0.18291
0.083043,0.15964,0.10295,0.22149,0.12165,0.29267,0.10583,0.087455,0.30385,0.055122,0.15303,0.2244,0.18097,0.096285,0.093961,0.14731,0.15495,0.1006,0.10231,0.078055,0.093376,0.076858,0.072211,0.19211,0.097069,0.063285,0.083005,0.19503,0.15111,0.22061,0.17473,0.21238,0.15703,0.20325,0,0.19929,0.11686,0.1584,0.28744,0.16422,0.19816,0.41017,0.57851,0.19639,0.14758,0.080167,0.064105,0.13963,0.32783,0.30098,0.093382,0.10528,0.47706,0.074677,0.081616,0.090477,0.16708,0.21061,0.12764,0.14174,0.18643,0.089877,0.10108,0.19026,0.22208,0.11562,0.14267,0.093012,0.17725,0.068775,0.12543,0.1109,0.090677,0.19527,0.0741,0.15818,0.11127,0.089189,0.086187,0.070055,0.18073,0.10556,0.22304,0.10948,0.090891
0.19881,0.20211,0.17649,0.22049,0.1713,0.29596,0.24521,0.24346,0.30869,0.18412,0.22385,0.16396,0.21422,0.17863,0.19513,0.20223,0.19807,0.19613,0.19,0.21543,0.1951,0.20474,0.21021,0.18854,0.20795,0.18453,0.20824,0.11971,0.18453,0.24046,0.17069,0.21786,0.19435,0.22169,0.19929,0,0.20418,0.14402,0.24305,0.21411,0.11886,0.40368,0.60774,0.21987,0.19785,0.21056,0.18438,0.19391,0.32008,0.3252,0.21282,0.18887,0.51098,0.17938,0.17679,0.21404,0.18386,0.22443,0.21405,0.27381,0.24794,0.17933,0.20746,0.22493,0.21589,0.22133,0.2211,0.1978,0.19212,0.1819,0.23708,0.2345,0.21004,0.22653,0.16295,0.22785,0.19614,0.202,0.19647,0.1866,0.17277,0.1893,0.19417,0.19839,0.1655
0.10768,0.1638,0.12589,0.22181,0.13226,0.2783,0.14265,0.1298,0.30249,0.10656,0.19073,0.19277,0.17892,0.12732,0.13771,0.11441,0.14575,0.10673,0.13865,0.13302,0.12742,0.12594,0.11234,0.2218,0.13224,0.10242,0.13682,0.18909,0.15378,0.24653,0.16964,0.24739,0.13748,0.20263,0.11686,0.20418,0,0.17018,0.28874,0.16521,0.19793,0.38733,0.59473,0.19286,0.14438,0.13535,0.105,0.15084,0.30621,0.264,0.11703,0.1104,0.48101,0.13237,0.14461,0.14083,0.18375,0.22665,0.17967,0.18158,0.17396,0.13367,0.14653,0.19709,0.24594,0.12718,0.17351,0.12027,0.18277,0.11975,0.18252,0.14806,0.096234,0.21803,0.1094,0.17231,0.13318,0.13319,0.11406,0.11501,0.18767,0.11924,0.24225,0.13598,0.12142
0.13635,0.1651,0.11232,0.14112,0.10298,0.22489,0.18578,0.18421,0.24524,0.15249,0.14745,0.17075,0.11972,0.12196,0.12447,0.16466,0.13235,0.1599,0.13428,0.15924,0.13404,0.13497,0.1362,0.11994,0.13587,0.13445,0.14799,0.14917,0.11095,0.19297,0.13368,0.19018,0.14393,0.17844,0.1584,0.14402,0.17018,0,0.17593,0.13918,0.13707,0.38351,0.54574,0.18603,0.11287,0.1426,0.13583,0.11883,0.27197,0.27757,0.15195,0.15584,0.441,0.13164,0.13333,0.14213,0.15923,0.14258,0.15489,0.23372,0.19401,0.10903,0.13469,0.17016,0.21029,0.18442,0.15881,0.14573,0.1544,0.12897,0.17563,0.15927,0.16044,0.16619,0.12328,0.16368,0.14096,0.12411,0.17454,0.11771,0.092962,0.13081,0.14807,0.12683,0.10496
0.27009,0.2739,0.23518,0.17488,0.24521,0.25401,0.32091,0.30864,0.27055,0.27605,0.26086,0.22501,0.19421,0.26546,0.25061,0.27899,0.24029,0.27918,0.24407,0.28868,0.2629,0.2767,0.26923,0.20543,0.26515,0.26278,0.28786,0.22714,0.24068,0.26838,0.26506,0.24544,0.2786,0.25166,0.28744,0.24305,0.28874,0.17593,0,0.24782,0.23183,0.35984,0.55738,0.24975,0.2275,0.27531,0.2783,0.2269,0.28287,0.29147,0.2849,0.26685,0.42953,0.26627,0.26362,0.26934,0.27574,0.19362,0.26142,0.34069,0.24829,0.24297,0.26191,0.20785,0.24466,0.32598,0.27707,0.27997,0.2302,0.2545,0.28143,0.28121,0.28056,0.25625,0.25899,0.26724,0.24424,0.25781,0.30541,0.24967,0.16929,0.25403,0.21881,0.2607,0.2417
0.14317,0.14002,0.11446,0.17751,0.10714,0.24454,0.17193,0.17456,0.26897,0.16326,0.17774,0.18307,0.11695,0.11583,0.13089,0.14456,0.12643,0.16752,0.17584,0.15668,0.16946,0.1338,0.15415,0.15061,0.15174,0.14173,0.14664,0.19441,0.1166,0.16903,0.1616,0.19767,0.14626,0.19593,0.16422,0.21411,0.16521,0.13918,0.24782,0,0.16391,0.37465,0.55987,0.1472,0.11964,0.14952,0.15564,0.085052,0.23989,0.28403,0.12737,0.16902,0.44719,0.13674,0.1445,0.1581,0.17403,0.18223,0.1403,0.23506,0.1857,0.12976,0.14355,0.13637,0.20869,0.1827,0.1373,0.14334,0.17022,0.1411,0.18234,0.12719,0.16409,0.14023,0.15588,0.12047,0.14755,0.14286,0.18349,0.13683,0.14249,0.14975,0.18665,0.097428,0.10559
0.19418,0.20237,0.1664,0.19299,0.14701,0.245,0.23659,0.22799,0.27091,0.18359,0.22961,0.10457,0.16389,0.16749,0.1687,0.17396,0.17778,0.18915,0.18781,0.2161,0.1971,0.19957,0.19866,0.15116,0.20256,0.17297,0.18999,0.10341,0.17262,0.1742,0.16437,0.20055,0.17905,0.18737,0.19816,0.11886,0.19793,0.13707,0.23183,0.16391,0,0.35067,0.54536,0.18663,0.17791,0.202,0.18447,0.15631,0.26272,0.27956,0.19274,0.19326,0.47145,0.17119,0.17937,0.19945,0.18856,0.19353,0.1878,0.27739,0.23839,0.15627,0.19279,0.18188,0.19648,0.22187,0.20593,0.18283,0.17076,0.17684,0.23282,0.21847,0.19369,0.14967,0.15973,0.20905,0.19583,0.18176,0.19379,0.16682,0.13974,0.18264,0.18007,0.16853,0.14369
0.40324,0.38677,0.39723,0.32675,0.39657,0.28486,0.43258,0.42474,0.33316,0.37603,0.42144,0.31816,0.34452,0.39895,0.3819,0.3546,0.35991,0.38243,0.4051,0.40991,0.4101,0.42604,0.4059,0.34888,0.39999,0.39454,0.4092,0.38944,0.41012,0.35343,0.41162,0.3861,0.35449,0.38553,0.41017,0.40368,0.38733,0.38351,0.35984,0.37465,0.35067,0,0.42721,0.33437,0.37097,0.41515,0.39866,0.37642,0.28455,0.28378,0.40255,0.40725,0.37005,0.40409,0.41183,0.42523,0.39395,0.36565,0.41181,0.45416,0.32398,0.39051,0.40656,0.36764,0.40761,0.41761,0.39536,0.39057,0.30626,0.38817,0.41598,0.41112,0.36905,0.37705,0.38496,0.4062,0.41125,0.38603,0.42614,0.37596,0.34686,0.37137,0.38821,0.39822,0.3883
0.56963,0.58154,0.57473,0.51836,0.56204,0.42164,0.57748,0.57054,0.44163,0.55809,0.56392,0.5532,0.52785,0.56782,0.54762,0.5732,0.52784,0.57015,0.56477,0.56758,0.57951,0.58655,0.56484,0.48759,0.55395,0.57582,0.56529,0.58648,0.58194,0.48005,0.56998,0.53706,0.545,0.57934,0.57851,0.60774,0.59473,0.54574,0.55738,0.55987,0.54536,0.42721,0,0.53957,0.53453,0.55684,0.56076,0.545,0.48918,0.47233,0.56456,0.60415,0.38919,0.5656,0.57827,0.56554,0.58158,0.53361,0.56605,0.62819,0.52413,0.56134,0.54754,0.57794,0.63409,0.56963,0.57731,0.55426,0.50156,0.55887,0.5692,0.58195,0.55726,0.5336,0.55488,0.58673,0.59402,0.53638,0.59506,0.54502,0.53911,0.55797,0.5296,0.56116,0.56032
0.18571,0.1873,0.15911,0.17119,0.15482,0.24185,0.22076,0.19063,0.21961,0.18467,0.22435,0.183,0.15102,0.17949,0.14784,0.20618,0.13906,0.18011,0.18667,0.18031,0.20504,0.18777,0.19599,0.17235,0.18886,0.18568,0.18803,0.21561,0.17161,0.19437,0.19712,0.22018,0.18309,0.17367,0.19639,0.21987,0.19286,0.18603,0.24975,0.1472,0.18663,0.33437,0.53957,0,0.16041,0.17039,0.18335,0.14984,0.26073,0.2674,0.17746,0.1988,0.42746,0.1608,0.15914,0.19762,0.20577,0.18631,0.17318,0.24003,0.18526,0.17474,0.16585,0.14995,0.23072,0.23381,0.17915,0.17325,0.17242,0.15385,0.18633,0.17384,0.1747,0.23245,0.16825,0.16002,0.16711,0.17994,0.21652,0.17103,0.17828,0.20543,0.1836,0.17427,0.17277
0.12072,0.13801,0.10113,0.14581,0.1144,0.20656,0.17542,0.14971,0.27233,0.1418,0.13374,0.19273,0.11095,0.098379,0.11819,0.15046,0.094627,0.11654,0.12113,0.13222,0.1297,0.12676,0.13409,0.1379,0.11405,0.1178,0.13062,0.18948,0.12621,0.1911,0.10565,0.21989,0.13514,0.16648,0.14758,0.19785,0.14438,0.11287,0.2275,0.11964,0.17791,0.37097,0.53453,0.16041,0,0.12714,0.11284,0.097277,0.2499,0.24506,0.11563,0.14655,0.43708,0.12468,0.13153,0.1297,0.14476,0.15069,0.13406,0.22082,0.15398,0.11698,0.11704,0.15995,0.22447,0.15402,0.15936,0.1164,0.143,0.10007,0.14913,0.14133,0.12441,0.19924,0.11884,0.12832,0.11091,0.097539,0.17673,0.10948,0.12807,0.10655,0.1629,0.11912,0.1096
0.09275,0.15586,0.093319,0.18677,0.092799,0.27041,0.11625,0.069865,0.27161,0.099356,0.15674,0.22915,0.16446,0.10553,0.087202,0.16779,0.12827,0.11532,0.10792,0.091597,0.10395,0.080826,0.065277,0.17573,0.10088,0.096105,0.090972,0.2078,0.12815,0.21404,0.1579,0.2102,0.14741,0.19624,0.080167,0.21056,0.13535,0.1426,0.27531,0.14952,0.202,0.41515,0.55684,0.17039,0.12714,0,0.082395,0.1145,0.32566,0.29493,0.08931,0.12309,0.45229,0.083132,0.086904,0.072852,0.1831,0.17699,0.11863,0.15799,0.17633,0.079777,0.050699,0.18887,0.23977,0.14063,0.14661,0.082055,0.17665,0.064155,0.12779,0.11204,0.11007,0.20702,0.088253,0.14444,0.11006,0.071735,0.11433,0.083634,0.1747,0.1219,0.20618,0.10215,0.10326
0.074866,0.15465,0.099002,0.20448,0.10286,0.2593,0.11614,0.093919,0.27979,0.064415,0.1225,0.20822,0.16327,0.08583,0.084327,0.12782,0.12783,0.073479,0.080598,0.076027,0.082474,0.083266,0.080298,0.17446,0.095298,0.067184,0.081776,0.18611,0.13065,0.20746,0.13674,0.21785,0.1329,0.1861,0.064105,0.18438,0.105,0.13583,0.2783,0.15564,0.18447,0.39866,0.56076,0.18335,0.11284,0.082395,0,0.13108,0.30599,0.27258,0.10026,0.1167,0.46295,0.066455,0.078741,0.10564,0.15564,0.19643,0.14013,0.16711,0.18346,0.090084,0.096546,0.19572,0.23964,0.097961,0.14238,0.087636,0.15724,0.062452,0.12097,0.10906,0.072247,0.2011,0.043096,0.14069,0.10292,0.068174,0.10274,0.059091,0.16015,0.088221,0.19587,0.11724,0.082167
0.12385,0.1381,0.074967,0.15069,0.098488,0.24134,0.16588,0.15044,0.25528,0.13014,0.1586,0.18051,0.12087,0.10567,0.11071,0.14058,0.094238,0.14048,0.12984,0.13216,0.13674,0.12049,0.12649,0.14425,0.13171,0.125,0.14379,0.1553,0.087342,0.18999,0.12828,0.17206,0.13956,0.17667,0.13963,0.19391,0.15084,0.11883,0.2269,0.085052,0.15631,0.37642,0.545,0.14984,0.097277,0.1145,0.13108,0,0.27219,0.26773,0.11256,0.13864,0.42022,0.11998,0.12627,0.13154,0.18558,0.15587,0.11514,0.2169,0.16231,0.10456,0.097489,0.14736,0.20388,0.17136,0.16777,0.12337,0.16469,0.10718,0.16365,0.14204,0.14537,0.162,0.12689,0.11817,0.11438,0.10589,0.15479,0.11729,0.11628,0.12596,0.1684,0.084954,0.085029
0.30065,0.28488,0.29723,0.27515,0.2731,0.17421,0.32829,0.33844,0.322,0.31091,0.31884,0.2519,0.23823,0.2992,0.30265,0.28208,0.27091,0.30479,0.31753,0.32569,0.324,0.3256,0.32089,0.22392,0.30774,0.30226,0.30414,0.30998,0.3049,0.22248,0.30981,0.28155,0.2967,0.30515,0.32783,0.32008,0.30621,0.27197,0.28287,0.23989,0.26272,0.28455,0.48918,0.26073,0.2499,0.32566,0.30599,0.27219,0,0.21992,0.29929,0.33244,0.47477,0.3026,0.31527,0.33292,0.27675,0.31319,0.30534,0.40442,0.23942,0.30056,0.32097,0.24914,0.33586,0.30557,0.28479,0.30301,0.19837,0.29636,0.32467,0.30739,0.29577,0.25373,0.29914,0.28602,0.32019,0.29574,0.34791,0.2849,0.2499,0.27581,0.25363,0.2855,0.27749
0.28031,0.29443,0.29063,0.27222,0.26466,0.18163,0.31283,0.29033,0.29251,0.277,0.30999,0.26582,0.23935,0.30289,0.28413,0.25381,0.26717,0.2642,0.2721,0.29396,0.29125,0.3135,0.28222,0.25423,0.29295,0.28611,0.29584,0.29154,0.29313,0.28855,0.29883,0.30988,0.29198,0.28814,0.30098,0.3252,0.264,0.27757,0.29147,0.28403,0.27956,0.28378,0.47233,0.2674,0.24506,0.29493,0.27258,0.26773,0.21992,0,0.29129,0.29233,0.43868,0.28775,0.30297,0.31192,0.31534,0.30166,0.30976,0.36438,0.23789,0.28316,0.28984,0.28343,0.37293,0.28567,0.31808,0.2822,0.20573,0.2733,0.30298,0.31495,0.26258,0.29863,0.26436,0.29769,0.29119,0.26219,0.30526,0.26282,0.2488,0.2486,0.27776,0.29632,0.27987
0.075851,0.12001,0.09453,0.1901,0.10642,0.2672,0.11685,0.10896,0.30406,0.10727,0.17142,0.22238,0.15897,0.078164,0.10962,0.15737,0.12657,0.11449,0.12583,0.095833,0.11101,0.078528,0.088511,0.16721,0.079816,0.086598,0.080035,0.20204,0.13782,0.21798,0.153,0.21432,0.14526,0.18919,0.093382,0.21282,0.11703,0.15195,0.2849,0.12737,0.19274,0.40255,0.56456,0.17746,0.11563,0.08931,0.10026,0.11256,0.29929,0.29129,0,0.11676,0.47225,0.11074,0.1188,0.084353,0.14098,0.19997,0.10466,0.16837,0.16067,0.10354,0.095699,0.16263,0.21324,0.11421,0.12242,0.056805,0.17529,0.07881,0.12469,0.11691,0.11247,0.18899,0.10745,0.13517,0.11556,0.095213,0.11815,0.093653,0.17973,0.11463,0.21447,0.071818,0.10561
0.11276,0.16836,0.10957,0.20312,0.12716,0.29901,0.15649,0.11904,0.32435,0.11616,0.18689,0.21516,0.18304,0.1188,0.12516,0.14502,0.15174,0.1293,0.13842,0.11795,0.13501,0.11421,0.1011,0.20241,0.12483,0.10919,0.13893,0.18017,0.14002,0.25007,0.15811,0.23115,0.15763,0.19014,0.10528,0.18887,0.1104,0.15584,0.26685,0.16902,0.19326,0.40725,0.60415,0.1988,0.14655,0.12309,0.1167,0.13864,0.33244,0.29233,0.11676,0,0.48686,0.10932,0.11211,0.1182,0.17262,0.18727,0.13019,0.1554,0.18754,0.11575,0.12794,0.20264,0.23334,0.14567,0.16487,0.10489,0.18436,0.10476,0.15644,0.16651,0.13094,0.22036,0.10959,0.18518,0.12677,0.12127,0.09378,0.1216,0.16992,0.10346,0.23162,0.11574,0.12616
0.45728,0.47044,0.45504,0.39383,0.47056,0.41809,0.47561,0.47382,0.29783,0.44521,0.44738,0.45302,0.42084,0.46167,0.43689,0.44677,0.40459,0.46066,0.4531,0.45596,0.47505,0.47555,0.46212,0.42812,0.4506,0.46873,0.48341,0.48279,0.43642,0.44144,0.4625,0.43996,0.42029,0.4821,0.47706,0.51098,0.48101,0.441,0.42953,0.44719,0.47145,0.37005,0.38919,0.42746,0.43708,0.45229,0.46295,0.42022,0.47477,0.43868,0.47225,0.48686,0,0.46556,0.4684,0.47506,0.5117,0.40067,0.47879,0.51533,0.42348,0.45503,0.43459,0.47425,0.51818,0.49238,0.48037,0.46518,0.43819,0.46,0.46265,0.45805,0.45197,0.46115,0.45621,0.44883,0.46626,0.43385,0.48701,0.44495,0.41656,0.45404,0.45052,0.46338,0.45281
0.085874,0.16748,0.090752,0.20301,0.091177,0.26926,0.11597,0.090679,0.27359,0.091001,0.14118,0.20493,0.15827,0.095312,0.06837,0.1454,0.12484,0.10872,0.1038,0.081939,0.11455,0.090909,0.08929,0.1605,0.10183,0.085484,0.091803,0.17949,0.12108,0.18598,0.1438,0.20167,0.14503,0.17774,0.074677,0.17938,0.13237,0.13164,0.26627,0.13674,0.17119,0.40409,0.5656,0.1608,0.12468,0.083132,0.066455,0.11998,0.3026,0.28775,0.11074,0.10932,0.46556,0,0.028084,0.10584,0.15333,0.1828,0.11085,0.17407,0.19227,0.085594,0.092626,0.18412,0.23425,0.126,0.12607,0.096857,0.15227,0.071706,0.11989,0.10568,0.10249,0.18683,0.063604,0.14587,0.10968,0.083007,0.09743,0.074947,0.15218,0.1094,0.18336,0.10486,0.076438
0.093561,0.16918,0.092036,0.20035,0.10203,0.28111,0.12522,0.10068,0.27661,0.098701,0.14218,0.21312,0.16273,0.099768,0.069455,0.15908,0.12985,0.11655,0.10717,0.081995,0.11613,0.091576,0.097561,0.16553,0.10334,0.094681,0.099944,0.18399,0.12028,0.20026,0.14725,0.20528,0.14824,0.17429,0.081616,0.17679,0.14461,0.13333,0.26362,0.1445,0.17937,0.41183,0.57827,0.15914,0.13153,0.086904,0.078741,0.12627,0.31527,0.30297,0.1188,0.11211,0.4684,0.028084,0,0.11092,0.15209,0.17924,0.10938,0.16919,0.19827,0.089084,0.095097,0.18505,0.22908,0.14172,0.12598,0.10554,0.16155,0.074816,0.11379,0.10538,0.11126,0.2005,0.074574,0.14557,0.10541,0.092188,0.10844,0.085294,0.15443,0.12035,0.18306,0.11338,0.089367
0.1045,0.16639,0.1026,0.19135,0.1186,0.28388,0.13834,0.09215,0.30533,0.12296,0.17064,0.22889,0.16154,0.094329,0.10284,0.18038,0.14962,0.13066,0.12196,0.11505,0.11112,0.084897,0.075303,0.18261,0.08829,0.087449,0.091774,0.2073,0.15773,0.21575,0.16423,0.23457,0.16084,0.20014,0.090477,0.21404,0.14083,0.14213,0.26934,0.1581,0.19945,0.42523,0.56554,0.19762,0.1297,0.072852,0.10564,0.13154,0.33292,0.31192,0.084353,0.1182,0.47506,0.10584,0.11092,0,0.16693,0.17331,0.11073,0.16407,0.19446,0.084661,0.085199,0.17795,0.21504,0.15449,0.14913,0.083272,0.19191,0.087368,0.14421,0.12378,0.12373,0.1973,0.11052,0.17333,0.10924,0.094328,0.12206,0.094696,0.18806,0.13105,0.23037,0.10665,0.11366
0.14324,0.154,0.15738,0.20246,0.16389,0.25707,0.17861,0.19624,0.33672,0.17448,0.19198,0.23307,0.18844,0.13109,0.15894,0.20256,0.16363,0.15819,0.17912,0.16341,0.16128,0.16425,0.17017,0.15793,0.1262,0.14514,0.13162,0.21595,0.19297,0.23325,0.16055,0.25431,0.17048,0.19488,0.16708,0.18386,0.18375,0.15923,0.27574,0.17403,0.18856,0.39395,0.58158,0.20577,0.14476,0.1831,0.15564,0.18558,0.27675,0.31534,0.14098,0.17262,0.5117,0.15333,0.15209,0.16693,0,0.21837,0.15566,0.23273,0.20115,0.16047,0.18323,0.19482,0.22329,0.15663,0.11711,0.13669,0.16045,0.14713,0.16227,0.16628,0.16604,0.22382,0.15653,0.19488,0.17334,0.16236,0.18709,0.14831,0.19118,0.15293,0.20455,0.15249,0.15586
0.20106,0.21692,0.16558,0.10584,0.17184,0.25045,0.24928,0.20194,0.2589,0.21043,0.20617,0.20544,0.14396,0.1784,0.15527,0.2106,0.16289,0.18937,0.183,0.21144,0.20072,0.19442,0.18726,0.17745,0.1914,0.18284,0.19634,0.22239,0.16914,0.21937,0.16377,0.25682,0.18306,0.17997,0.21061,0.22443,0.22665,0.14258,0.19362,0.18223,0.19353,0.36565,0.53361,0.18631,0.15069,0.17699,0.19643,0.15587,0.31319,0.30166,0.19997,0.18727,0.40067,0.1828,0.17924,0.17331,0.21837,0,0.17941,0.24785,0.22635,0.14855,0.15922,0.19953,0.22914,0.25792,0.20617,0.1809,0.20596,0.16977,0.20308,0.20499,0.1937,0.23156,0.18178,0.19727,0.17985,0.15619,0.22672,0.1717,0.14045,0.17981,0.20901,0.18347,0.18269
0.12798,0.18194,0.094213,0.18077,0.12956,0.27457,0.17069,0.13832,0.31275,0.14593,0.18174,0.22831,0.16739,0.11291,0.10674,0.19848,0.13798,0.1626,0.14177,0.12188,0.1383,0.11511,0.12417,0.16054,0.11662,0.13448,0.1315,0.18988,0.14835,0.2078,0.16217,0.19785,0.17566,0.15877,0.12764,0.21405,0.17967,0.15489,0.26142,0.1403,0.1878,0.41181,0.56605,0.17318,0.13406,0.11863,0.14013,0.11514,0.30534,0.30976,0.10466,0.13019,0.47879,0.11085,0.10938,0.11073,0.15566,0.17941,0,0.1927,0.18857,0.11459,0.11215,0.16361,0.20491,0.17439,0.14927,0.10791,0.17725,0.10008,0.13187,0.14979,0.15065,0.19832,0.13459,0.16434,0.12193,0.11962,0.15026,0.13073,0.16787,0.14917,0.19472,0.096505,0.12378
