0,0.060258,0.051515,0.084624,0.045837,0.071764,0.043935,0.089796,0.093034,0.031337,0.058003,0.056232,0.064388,0.041399,0.075196,0.063533,0.06478,0.052036,0.083802,0.05618,0.049863,0.060271,0.03585,0.10412,0.045691,0.04568,0.041982,0.063237,0.069992,0.052796,0.047058,0.085922,0.051921,0.064969,0.052385,0.05407,0.06273,0.048322,0.099951,0.073866,0.050218,0.062066,0.060626,0.051009,0.063156,0.039488,0.036644,0.090094,0.057877,0.069841,0.051559,0.045826,0.080375,0.047519,0.051052,0.0376,0.046249,0.065589,0.064649,0.067985,0.045031,0.050217,0.042083,0.056741,0.056741,0.080414,0.0498,0.032412,0.056999,0.056834,0.059422,0.035518,0.041752,0.062478,0.039903,0.091479,0.083027,0.044852,0.039553,0.034999,0.089485,0.033015,0.10625,0.052658,0.065647
0.060258,0,0.070315,0.072784,0.058841,0.076625,0.062807,0.093217,0.12192,0.055331,0.087484,0.062871,0.080728,0.068294,0.069081,0.06785,0.094001,0.064147,0.094068,0.067438,0.07056,0.05657,0.067664,0.1085,0.055692,0.068134,0.060941,0.080522,0.074367,0.071991,0.067371,0.082023,0.054821,0.057913,0.063488,0.073606,0.06534,0.054744,0.093083,0.077332,0.066247,0.07525,0.08565,0.082182,0.066672,0.063109,0.060045,0.089801,0.077574,0.082854,0.057838,0.064331,0.10549,0.055901,0.055043,0.064044,0.085513,0.078721,0.068675,0.082392,0.058373,0.061779,0.056659,0.072988,0.072988,0.084546,0.074559,0.052406,0.063955,0.070853,0.070858,0.063696,0.064193,0.087214,0.059303,0.10868,0.098699,0.060575,0.061477,0.061874,0.11019,0.050428,0.10123,0.062039,0.077314
0.051515,0.070315,0,0.091285,0.04192,0.063983,0.062889,0.075512,0.088797,0.045063,0.042123,0.058986,0.063167,0.046273,0.078297,0.059004,0.069988,0.071765,0.077672,0.061655,0.062103,0.050016,0.054375,0.096134,0.044466,0.049504,0.06026,0.057622,0.07122,0.059936,0.066129,0.08605,0.050613,0.05776,0.070492,0.049571,0.06773,0.046836,0.093617,0.066981,0.050806,0.05051,0.063991,0.056558,0.051324,0.053119,0.05789,0.080382,0.054014,0.069126,0.053908,0.04986,0.071011,0.045725,0.052953,0.045059,0.052507,0.064255,0.064263,0.083803,0.048371,0.048454,0.052015,0.048311,0.048311,0.078785,0.059112,0.048969,0.029744,0.058241,0.051429,0.04296,0.063874,0.061388,0.069886,0.099146,0.098046,0.051393,0.05452,0.06475,0.080844,0.054709,0.091738,0.043917,0.056019
0.084624,0.072784,0.091285,0,0.076402,0.1112,0.088199,0.11519,0.11888,0.081304,0.095889,0.082305,0.05956,0.092194,0.090752,0.096613,0.096618,0.076125,0.098409,0.09346,0.087745,0.081565,0.087494,0.12878,0.067287,0.090182,0.07981,0.11234,0.092451,0.083617,0.090539,0.087949,0.08191,0.082496,0.08003,0.07924,0.093725,0.075959,0.052862,0.092298,0.085395,0.078158,0.096118,0.1041,0.081458,0.07822,0.07213,0.10399,0.079951,0.08233,0.076115,0.080201,0.11268,0.069182,0.070052,0.085171,0.095462,0.055691,0.093151,0.077729,0.07973,0.082671,0.069415,0.096304,0.096304,0.08076,0.092105,0.077379,0.085066,0.10148,0.092005,0.086366,0.072751,0.10412,0.089829,0.12629,0.1203,0.072085,0.07127,0.0826,0.10171,0.07583,0.11125,0.092588,0.087481
0.045837,0.058841,0.04192,0.076402,0,0.068286,0.038632,0.070369,0.080283,0.029813,0.043813,0.036243,0.044715,0.044911,0.06757,0.049978,0.069142,0.053809,0.06943,0.04823,0.054007,0.045021,0.041203,0.093754,0.033581,0.041751,0.042454,0.056406,0.052929,0.030497,0.05232,0.077775,0.041738,0.038137,0.052339,0.04771,0.049635,0.03474,0.077501,0.06433,0.036975,0.042924,0.045391,0.059848,0.049924,0.039388,0.043468,0.074108,0.045463,0.051325,0.043592,0.031422,0.066414,0.026,0.027983,0.037649,0.051939,0.047774,0.057935,0.07365,0.033908,0.0391,0.041226,0.042003,0.042003,0.073632,0.042704,0.037365,0.036857,0.049744,0.050573,0.039362,0.046091,0.054313,0.049923,0.09257,0.086657,0.041866,0.047779,0.047546,0.072682,0.037872,0.091328,0.04042,0.050963
0.071764,0.076625,0.063983,0.1112,0.068286,0,0.080688,0.089074,0.099116,0.066197,0.080334,0.070137,0.090067,0.074682,0.082091,0.072197,0.074906,0.091974,0.12321,0.069551,0.074239,0.068293,0.073473,0.093781,0.072644,0.088997,0.077635,0.073951,0.092747,0.071289,0.075576,0.080869,0.06687,0.070324,0.086812,0.073102,0.086228,0.063585,0.11845,0.094868,0.068244,0.065216,0.065471,0.066492,0.079052,0.072205,0.073224,0.10059,0.072109,0.07663,0.073292,0.073563,0.070594,0.063421,0.066031,0.062617,0.075403,0.093611,0.066104,0.10758,0.06505,0.070487,0.076265,0.066773,0.066773,0.097413,0.064609,0.073471,0.059821,0.080096,0.064653,0.067122,0.080766,0.087294,0.073229,0.092316,0.1188,0.077846,0.071878,0.073223,0.11215,0.069896,0.098653,0.061428,0.069807
0.043935,0.062807,0.062889,0.088199,0.038632,0.080688,0,0.091696,0.091408,0.040684,0.067946,0.057518,0.058586,0.04849,0.080172,0.067755,0.081512,0.050567,0.078177,0.04494,0.067362,0.054497,0.045249,0.10226,0.053374,0.047845,0.047468,0.073594,0.0666,0.044986,0.058821,0.090671,0.058232,0.056507,0.045971,0.061486,0.059758,0.04915,0.093286,0.078829,0.055222,0.064735,0.061539,0.068125,0.069003,0.052731,0.046662,0.093947,0.063698,0.064349,0.058235,0.049579,0.08679,0.043573,0.045923,0.046422,0.060999,0.063049,0.077795,0.067738,0.04602,0.054103,0.058505,0.058204,0.058204,0.083037,0.046348,0.042345,0.061113,0.052204,0.063061,0.042797,0.04629,0.063261,0.046127,0.1008,0.090042,0.056669,0.051486,0.049422,0.082648,0.042425,0.11808,0.057616,0.071084
0.089796,0.093217,0.075512,0.11519,0.070369,0.089074,0.091696,0,0.11877,0.073323,0.08108,0.078214,0.090464,0.078572,0.099007,0.069614,0.091325,0.10658,0.11035,0.082054,0.094099,0.083996,0.082481,0.097,0.078494,0.087894,0.079775,0.081634,0.090571,0.081183,0.082441,0.089828,0.07757,0.077443,0.088546,0.084995,0.09672,0.079781,0.10439,0.083853,0.077463,0.070629,0.076979,0.083285,0.080889,0.084688,0.096579,0.087667,0.070944,0.090091,0.095223,0.074376,0.087078,0.078914,0.080959,0.081917,0.079303,0.09474,0.080792,0.11788,0.079937,0.076648,0.084745,0.074139,0.074139,0.1126,0.089378,0.084072,0.064101,0.087098,0.075055,0.080196,0.096574,0.08412,0.087985,0.099558,0.12835,0.081766,0.097172,0.085781,0.093924,0.079722,0.081689,0.080605,0.068759
0.093034,0.12192,0.088797,0.11888,0.080283,0.099116,0.091408,0.11877,0,0.087468,0.072438,0.077979,0.07272,0.083492,0.099798,0.10201,0.085277,0.091176,0.10056,0.096195,0.0827,0.09603,0.084563,0.12244,0.08455,0.093547,0.09105,0.086507,0.11093,0.082034,0.09894,0.10627,0.090476,0.093863,0.099788,0.077336,0.091557,0.088815,0.11038,0.12065,0.075714,0.085191,0.070499,0.090856,0.099941,0.096315,0.086564,0.1237,0.073892,0.091085,0.083551,0.08905,0.064109,0.080753,0.08243,0.089743,0.088885,0.077124,0.097069,0.12291,0.087271,0.082087,0.099532,0.094953,0.094953,0.11061,0.081052,0.092908,0.091449,0.092996,0.077648,0.092618,0.089958,0.076591,0.10074,0.10576,0.12228,0.093141,0.088973,0.098804,0.10173,0.092881,0.12289,0.086557,0.10188
0.031337,0.055331,0.045063,0.081304,0.029813,0.066197,0.040684,0.073323,0.087468,0,0.049081,0.048703,0.054697,0.038444,0.071504,0.055944,0.060261,0.05164,0.080937,0.049256,0.053252,0.052741,0.035918,0.095176,0.040473,0.040256,0.038916,0.053618,0.064516,0.041742,0.042642,0.078421,0.041098,0.047885,0.043239,0.050387,0.057646,0.039251,0.088147,0.062335,0.045206,0.051775,0.044695,0.049527,0.054391,0.04186,0.043917,0.075406,0.048128,0.062411,0.044575,0.036765,0.067559,0.034957,0.037317,0.037694,0.051228,0.055974,0.050781,0.0749,0.034945,0.035561,0.034374,0.043182,0.043182,0.081749,0.048225,0.033685,0.04455,0.047304,0.042361,0.03673,0.052917,0.054786,0.045972,0.08648,0.088321,0.037121,0.049115,0.046652,0.077822,0.031276,0.089982,0.042991,0.053282
0.058003,0.087484,0.042123,0.095889,0.043813,0.080334,0.067946,0.08108,0.072438,0.049081,0,0.054272,0.060346,0.054191,0.085943,0.068142,0.068457,0.073617,0.073125,0.06908,0.06529,0.07275,0.06127,0.10192,0.055363,0.058501,0.059386,0.047697,0.08027,0.059504,0.065432,0.088094,0.058492,0.06106,0.07259,0.056213,0.062811,0.059145,0.089417,0.078258,0.049082,0.054532,0.054454,0.053121,0.066359,0.05711,0.063046,0.089295,0.05574,0.076604,0.057882,0.051155,0.061618,0.050192,0.052968,0.055253,0.06069,0.060909,0.074452,0.09535,0.05568,0.058921,0.05759,0.055864,0.055864,0.085719,0.062774,0.058628,0.051585,0.061488,0.06265,0.056651,0.06577,0.054545,0.072978,0.099713,0.096137,0.058464,0.064782,0.068497,0.067652,0.064059,0.098236,0.045124,0.061876
0.056232,0.062871,0.058986,0.082305,0.036243,0.070137,0.057518,0.078214,0.077979,0.048703,0.054272,0,0.059395,0.058196,0.069574,0.043103,0.080399,0.060464,0.075901,0.068649,0.049367,0.058629,0.057933,0.096945,0.046676,0.064257,0.054994,0.05523,0.062055,0.05266,0.06472,0.062225,0.047674,0.040852,0.066898,0.054931,0.045909,0.046563,0.087202,0.079866,0.027158,0.05473,0.056865,0.061303,0.062214,0.053162,0.05545,0.0856,0.048194,0.06606,0.050826,0.048455,0.071268,0.043172,0.042438,0.053531,0.067675,0.056887,0.059436,0.091497,0.051873,0.050969,0.053994,0.054336,0.054336,0.074649,0.052512,0.052837,0.055527,0.066609,0.063038,0.061158,0.048447,0.058704,0.057586,0.099378,0.097746,0.051875,0.056264,0.054428,0.096727,0.050768,0.096834,0.046691,0.069298
0.064388,0.080728,0.063167,0.05956,0.044715,0.090067,0.058586,0.090464,0.07272,0.054697,0.060346,0.059395,0,0.060298,0.078072,0.079072,0.070308,0.061031,0.076195,0.067992,0.069421,0.060474,0.058346,0.10563,0.043222,0.062472,0.055385,0.081644,0.079481,0.052686,0.069281,0.081576,0.067606,0.06411,0.057821,0.057816,0.076449,0.057672,0.05766,0.083002,0.057152,0.045399,0.058305,0.077266,0.066279,0.061703,0.053537,0.093526,0.043999,0.054187,0.059099,0.051635,0.074252,0.040985,0.045229,0.057761,0.064037,0.022999,0.077248,0.073023,0.057145,0.054083,0.061043,0.066449,0.066449,0.075901,0.061795,0.057554,0.060561,0.073793,0.056048,0.061346,0.052491,0.067876,0.06958,0.10266,0.10531,0.057194,0.053618,0.062875,0.072707,0.058924,0.10014,0.068859,0.065462
0.041399,0.068294,0.046273,0.092194,0.044911,0.074682,0.04849,0.078572,0.083492,0.038444,0.054191,0.058196,0.060298,0,0.070287,0.067067,0.055799,0.066456,0.080382,0.053094,0.054437,0.054133,0.049861,0.10346,0.048466,0.043928,0.045689,0.059187,0.08172,0.06182,0.044995,0.086141,0.046477,0.065894,0.065225,0.051995,0.067379,0.050605,0.089909,0.07132,0.051039,0.06049,0.059261,0.056325,0.060486,0.049327,0.054526,0.086803,0.044224,0.067573,0.053039,0.056549,0.07894,0.049449,0.053062,0.045545,0.049658,0.061882,0.062455,0.083493,0.04935,0.047298,0.052869,0.062306,0.062306,0.086063,0.053325,0.049799,0.047455,0.049202,0.046403,0.045578,0.061211,0.048096,0.054298,0.096316,0.094207,0.052352,0.054169,0.056073,0.084739,0.045892,0.092934,0.048491,0.061483
0.075196,0.069081,0.078297,0.090752,0.06757,0.082091,0.080172,0.099007,0.099798,0.071504,0.085943,0.069574,0.078072,0.070287,0,0.085058,0.073514,0.086031,0.10028,0.078088,0.07562,0.067365,0.073866,0.10543,0.062316,0.072028,0.078013,0.079029,0.090523,0.081396,0.076914,0.10123,0.06902,0.081683,0.087757,0.076531,0.088967,0.069396,0.097897,0.097923,0.060939,0.082981,0.086035,0.092317,0.084464,0.082725,0.075184,0.1154,0.07385,0.085209,0.070756,0.075591,0.094854,0.060682,0.061147,0.071972,0.084863,0.080072,0.072229,0.10305,0.071519,0.075536,0.075097,0.086477,0.086477,0.097834,0.085497,0.073357,0.076253,0.075259,0.070824,0.06989,0.074287,0.092929,0.074443,0.1058,0.10506,0.089087,0.068694,0.064384,0.11803,0.073972,0.082574,0.079818,0.077775
0.063533,0.06785,0.059004,0.096613,0.049978,0.072197,0.067755,0.069614,0.10201,0.055944,0.068142,0.043103,0.079072,0.067067,0.085058,0,0.088522,0.072507,0.090243,0.072827,0.065909,0.055129,0.068508,0.10254,0.063462,0.067309,0.072252,0.060902,0.061878,0.065688,0.076242,0.072367,0.053741,0.044428,0.081281,0.060913,0.056227,0.057054,0.1042,0.076809,0.046411,0.064921,0.065854,0.074882,0.060812,0.061553,0.074934,0.085248,0.064079,0.07548,0.07386,0.05496,0.076818,0.061822,0.064568,0.059595,0.066712,0.077479,0.064935,0.094016,0.0651,0.059008,0.055655,0.060722,0.060722,0.091493,0.06628,0.067329,0.05369,0.074075,0.070577,0.066367,0.066057,0.071436,0.074087,0.10947,0.099259,0.053791,0.068592,0.068089,0.1065,0.058353,0.095315,0.055369,0.075649
0.06478,0.094001,0.069988,0.096618,0.069142,0.074906,0.081512,0.091325,0.085277,0.060261,0.068457,0.080399,0.070308,0.055799,0.073514,0.088522,0,0.091137,0.11507,0.072587,0.06863,0.078749,0.069636,0.11277,0.070577,0.077045,0.075176,0.078224,0.1051,0.075877,0.05824,0.095537,0.065643,0.088271,0.086318,0.061768,0.10016,0.069354,0.095138,0.09034,0.071905,0.070516,0.061459,0.069913,0.08366,0.069441,0.074736,0.10553,0.055773,0.075493,0.077041,0.075602,0.07022,0.064527,0.06816,0.06707,0.063552,0.07266,0.067229,0.096365,0.06911,0.072651,0.064913,0.081401,0.081401,0.10087,0.072595,0.077936,0.06837,0.078663,0.062872,0.0635,0.084094,0.077092,0.07718,0.096462,0.11401,0.074708,0.070357,0.072954,0.09352,0.070025,0.082542,0.075849,0.062898
0.052036,0.064147,0.071765,0.076125,0.053809,0.091974,0.050567,0.10658,0.091176,0.05164,0.073617,0.060464,0.061031,0.066456,0.086031,0.072507,0.091137,0,0.083768,0.06285,0.067244,0.06372,0.063139,0.11164,0.053553,0.057942,0.056052,0.078176,0.074659,0.054051,0.073536,0.091922,0.060266,0.067776,0.051868,0.061632,0.052708,0.050078,0.088695,0.086052,0.066144,0.071318,0.069119,0.082967,0.06619,0.060764,0.043851,0.097321,0.072276,0.076602,0.052987,0.058325,0.08432,0.057083,0.059329,0.062216,0.076012,0.059302,0.080942,0.06681,0.062124,0.059425,0.052476,0.068437,0.068437,0.085083,0.06541,0.046761,0.073258,0.065334,0.072041,0.058072,0.048881,0.061243,0.058871,0.103,0.083668,0.050907,0.061464,0.062924,0.091058,0.053391,0.12352,0.063813,0.07855
0.083802,0.094068,0.077672,0.098409,0.06943,0.12321,0.078177,0.11035,0.10056,0.080937,0.073125,0.075901,0.076195,0.080382,0.10028,0.090243,0.11507,0.083768,0,0.094534,0.083571,0.079078,0.076744,0.13741,0.073258,0.065496,0.079896,0.089721,0.081568,0.085261,0.095365,0.11428,0.085471,0.080362,0.089667,0.086956,0.078347,0.086688,0.097123,0.096802,0.069879,0.08786,0.10046,0.098251,0.093758,0.083792,0.082904,0.11384,0.091304,0.10392,0.084604,0.080674,0.11011,0.078591,0.082038,0.088974,0.090801,0.070232,0.097292,0.099553,0.085998,0.081682,0.08525,0.088401,0.088401,0.10273,0.094523,0.071912,0.082922,0.091031,0.090619,0.08369,0.079614,0.080742,0.095243,0.12139,0.092639,0.07851,0.079512,0.088282,0.097004,0.083014,0.11986,0.08603,0.10006
0.05618,0.067438,0.061655,0.09346,0.04823,0.069551,0.04494,0.082054,0.096195,0.049256,0.06908,0.068649,0.067992,0.053094,0.078088,0.072827,0.072587,0.06285,0.094534,0,0.077296,0.052898,0.057734,0.10008,0.058515,0.060927,0.049055,0.073505,0.084594,0.050305,0.056647,0.091321,0.047646,0.062831,0.061932,0.057263,0.072354,0.04533,0.088034,0.07687,0.062672,0.057015,0.054872,0.071105,0.067064,0.057069,0.052375,0.09766,0.070945,0.06509,0.067161,0.062384,0.072989,0.050651,0.054552,0.055511,0.061536,0.071486,0.073259,0.082822,0.051363,0.063047,0.059914,0.058225,0.058225,0.088141,0.057113,0.049525,0.05278,0.046915,0.063252,0.040438,0.064938,0.061344,0.056893,0.091519,0.08953,0.065935,0.060409,0.059026,0.069334,0.058392,0.1058,0.05585,0.049032
0.049863,0.07056,0.062103,0.087745,0.054007,0.074239,0.067362,0.094099,0.0827,0.053252,0.06529,0.049367,0.069421,0.054437,0.07562,0.065909,0.06863,0.067244,0.083571,0.077296,0,0.065238,0.056416,0.12538,0.053357,0.063586,0.064254,0.072786,0.080329,0.062516,0.054641,0.080423,0.053776,0.069031,0.074971,0.063647,0.068421,0.059249,0.099993,0.093812,0.055565,0.066071,0.070664,0.069643,0.079183,0.050665,0.051675,0.096566,0.056556,0.07585,0.060445,0.065419,0.078447,0.061484,0.063115,0.064508,0.070027,0.063103,0.053554,0.079197,0.066617,0.061793,0.055504,0.068792,0.068792,0.087225,0.059137,0.053719,0.064672,0.080509,0.065754,0.061888,0.06202,0.06136,0.056162,0.094613,0.090451,0.051516,0.05961,0.060017,0.10567,0.049408,0.095381,0.065946,0.077402
0.060271,0.05657,0.050016,0.081565,0.045021,0.068293,0.054497,0.083996,0.09603,0.052741,0.07275,0.058629,0.060474,0.054133,0.067365,0.055129,0.078749,0.06372,0.079078,0.052898,0.065238,0,0.057952,0.1088,0.047481,0.055709,0.061655,0.070851,0.069071,0.058434,0.066923,0.089174,0.050308,0.055181,0.073079,0.054016,0.069817,0.046535,0.08641,0.071255,0.052428,0.054494,0.06916,0.082447,0.05868,0.055796,0.061559,0.092749,0.063665,0.063742,0.065205,0.056229,0.081724,0.046591,0.054272,0.053305,0.061087,0.060458,0.061903,0.073076,0.058219,0.052097,0.054259,0.063571,0.063571,0.08461,0.065159,0.055278,0.042846,0.069102,0.054196,0.051733,0.060962,0.067172,0.068172,0.10289,0.08667,0.053105,0.049472,0.062604,0.097867,0.053293,0.091919,0.056783,0.063266
0.03585,0.067664,0.054375,0.087494,0.041203,0.073473,0.045249,0.082481,0.084563,0.035918,0.06127,0.057933,0.058346,0.049861,0.073866,0.068508,0.069636,0.063139,0.076744,0.057734,0.056416,0.057952,0,0.10336,0.040858,0.048497,0.043184,0.067691,0.062748,0.043427,0.05225,0.092516,0.056677,0.061352,0.052256,0.055167,0.07037,0.051989,0.099711,0.07158,0.049006,0.059061,0.055895,0.058351,0.063126,0.048221,0.043423,0.08348,0.059131,0.062829,0.055647,0.041032,0.075728,0.04308,0.045623,0.043249,0.044814,0.064454,0.061165,0.07759,0.037268,0.040043,0.055453,0.05606,0.05606,0.081944,0.049895,0.033545,0.05313,0.060384,0.05054,0.040588,0.05104,0.069649,0.050131,0.082777,0.08476,0.05094,0.039525,0.042997,0.084703,0.033919,0.09946,0.058917,0.068251
0.10412,0.1085,0.096134,0.12878,0.093754,0.093781,0.10226,0.097,0.12244,0.095176,0.10192,0.096945,0.10563,0.10346,0.10543,0.10254,0.11277,0.11164,0.13741,0.10008,0.12538,0.1088,0.10336,0,0.095331,0.10659,0.10346,0.095901,0.104,0.10146,0.12122,0.10621,0.10693,0.099918,0.095935,0.1011,0.10509,0.089375,0.12849,0.10462,0.092982,0.097269,0.092371,0.084301,0.09295,0.11451,0.10581,0.11005,0.089598,0.10713,0.09706,0.094953,0.10484,0.086537,0.089819,0.094809,0.10424,0.11395,0.11446,0.13891,0.083691,0.091171,0.10976,0.092192,0.092192,0.12552,0.092431,0.10107,0.090339,0.094493,0.098153,0.090167,0.1017,0.11062,0.10216,0.10587,0.1554,0.10861,0.1045,0.099994,0.11693,0.10456,0.12861,0.094363,0.093115
0.045691,0.055692,0.044466,0.067287,0.033581,0.072644,0.053374,0.078494,0.08455,0.040473,0.055363,0.046676,0.043222,0.048466,0.062316,0.063462,0.070577,0.053553,0.073258,0.058515,0.053357,0.047481,0.040858,0.095331,0,0.050182,0.043529,0.061254,0.067409,0.048256,0.054076,0.081197,0.049176,0.054203,0.050493,0.050668,0.061036,0.038074,0.078467,0.069278,0.045838,0.041147,0.058654,0.062979,0.045527,0.046666,0.036767,0.076002,0.044434,0.052467,0.043228,0.036444,0.075267,0.030827,0.034338,0.045799,0.058121,0.047262,0.060622,0.071055,0.037968,0.033404,0.048985,0.05078,0.05078,0.067006,0.049109,0.03379,0.04077,0.059814,0.048412,0.043426,0.043373,0.061067,0.048105,0.093418,0.08585,0.044978,0.036501,0.046146,0.083232,0.04286,0.092344,0.049767,0.057832
0.04568,0.068134,0.049504,0.090182,0.041751,0.088997,0.047845,0.087894,0.093547,0.040256,0.058501,0.064257,0.062472,0.043928,0.072028,0.067309,0.077045,0.057942,0.065496,0.060927,0.063586,0.055709,0.048497,0.10659,0.050182,0,0.055196,0.067953,0.063755,0.056422,0.064395,0.099831,0.05833,0.064296,0.063068,0.06568,0.061123,0.057167,0.095596,0.074341,0.055731,0.069263,0.066734,0.073989,0.063942,0.057541,0.053967,0.088938,0.064256,0.074961,0.05662,0.053378,0.082715,0.054903,0.058533,0.051772,0.057959,0.063173,0.068347,0.077204,0.054716,0.052409,0.050245,0.060291,0.060291,0.096142,0.063444,0.044067,0.055357,0.049359,0.057956,0.045003,0.060374,0.063313,0.061616,0.09633,0.079951,0.054568,0.060398,0.057571,0.083844,0.050499,0.095229,0.061747,0.068193
0.041982,0.060941,0.06026,0.07981,0.042454,0.077635,0.047468,0.079775,0.09105,0.038916,0.059386,0.054994,0.055385,0.045689,0.078013,0.072252,0.075176,0.056052,0.079896,0.049055,0.064254,0.061655,0.043184,0.10346,0.043529,0.055196,0,0.067241,0.073771,0.045752,0.043043,0.082312,0.052995,0.060313,0.050352,0.061083,0.061575,0.051847,0.081834,0.069547,0.053299,0.052268,0.05415,0.060492,0.0585,0.040661,0.038617,0.08264,0.05778,0.061644,0.046035,0.045028,0.080084,0.045391,0.043622,0.040702,0.051745,0.060749,0.067969,0.081652,0.043856,0.048737,0.051946,0.056991,0.056991,0.075426,0.055969,0.034494,0.056527,0.051527,0.054432,0.051595,0.046674,0.059823,0.04306,0.091493,0.087147,0.051552,0.050934,0.04148,0.074781,0.040376,0.10262,0.04791,0.058795
0.063237,0.080522,0.057622,0.11234,0.056406,0.073951,0.073594,0.081634,0.086507,0.053618,0.047697,0.05523,0.081644,0.059187,0.079029,0.060902,0.078224,0.078176,0.089721,0.073505,0.072786,0.070851,0.067691,0.095901,0.061254,0.067953,0.067241,0,0.088128,0.074146,0.066766,0.094833,0.061619,0.061918,0.078633,0.068292,0.059603,0.064382,0.11229,0.082386,0.050829,0.066796,0.060217,0.059527,0.067226,0.069071,0.076206,0.09234,0.06606,0.085545,0.067529,0.054794,0.07092,0.058343,0.059276,0.062633,0.074101,0.083211,0.072744,0.10878,0.061634,0.054963,0.067464,0.063815,0.063815,0.099699,0.06859,0.068909,0.058285,0.064256,0.061192,0.066885,0.073649,0.061407,0.070895,0.10302,0.088645,0.066765,0.068558,0.07124,0.1001,0.069383,0.098032,0.04129,0.076055
0.069992,0.074367,0.07122,0.092451,0.052929,0.092747,0.0666,0.090571,0.11093,0.064516,0.08027,0.062055,0.079481,0.08172,0.090523,0.061878,0.1051,0.074659,0.081568,0.084594,0.080329,0.069071,0.062748,0.104,0.067409,0.063755,0.073771,0.088128,0,0.054764,0.091013,0.10336,0.074298,0.067639,0.081792,0.072558,0.068457,0.063197,0.10449,0.067173,0.063885,0.08368,0.082151,0.088074,0.068816,0.063082,0.073956,0.079253,0.081412,0.081629,0.066927,0.058584,0.10051,0.063841,0.065642,0.061062,0.067529,0.080989,0.080495,0.088075,0.061742,0.067604,0.062214,0.072871,0.072871,0.094204,0.074631,0.063763,0.068709,0.083012,0.087115,0.066629,0.066596,0.089576,0.078781,0.10562,0.10206,0.061413,0.072892,0.068814,0.10567,0.056471,0.11284,0.072947,0.082083
0.052796,0.071991,0.059936,0.083617,0.030497,0.071289,0.044986,0.081183,0.082034,0.041742,0.059504,0.05266,0.052686,0.06182,0.081396,0.065688,0.075877,0.054051,0.085261,0.050305,0.062516,0.058434,0.043427,0.10146,0.048256,0.056422,0.045752,0.074146,0.054764,0,0.059094,0.089835,0.055111,0.056803,0.055903,0.056289,0.062355,0.043505,0.085804,0.072525,0.056339,0.052193,0.044742,0.070806,0.061737,0.042058,0.042787,0.079631,0.061013,0.052016,0.05165,0.041718,0.065556,0.041789,0.042286,0.044457,0.052968,0.058544,0.06635,0.07244,0.04381,0.052706,0.049878,0.050415,0.050415,0.080193,0.047672,0.042414,0.054619,0.061123,0.062653,0.046056,0.051821,0.062688,0.052163,0.086213,0.087704,0.050298,0.057998,0.051426,0.072531,0.0426,0.10517,0.055655,0.054955
0.047058,0.067371,0.066129,0.090539,0.05232,0.075576,0.058821,0.082441,0.09894,0.042642,0.065432,0.06472,0.069281,0.044995,0.076914,0.076242,0.05824,0.073536,0.095365,0.056647,0.054641,0.066923,0.05225,0.12122,0.054076,0.064395,0.043043,0.066766,0.091013,0.059094,0,0.090481,0.050721,0.068359,0.064995,0.068082,0.078148,0.059045,0.093709,0.078283,0.064112,0.05925,0.059679,0.064885,0.071557,0.041662,0.053239,0.087501,0.060993,0.062837,0.063102,0.05656,0.082698,0.055557,0.053135,0.053542,0.062711,0.070068,0.058178,0.080723,0.055961,0.058738,0.052552,0.062091,0.062091,0.081423,0.058986,0.052109,0.061618,0.062795,0.059599,0.05789,0.06633,0.064028,0.044665,0.10249,0.084423,0.059065,0.058406,0.051824,0.088741,0.049744,0.09365,0.057284,0.06135
0.085922,0.082023,0.08605,0.087949,0.077775,0.080869,0.090671,0.089828,0.10627,0.078421,0.088094,0.062225,0.081576,0.086141,0.10123,0.072367,0.095537,0.091922,0.11428,0.091321,0.080423,0.089174,0.092516,0.10621,0.081197,0.099831,0.082312,0.094833,0.10336,0.089835,0.090481,0,0.075343,0.06307,0.084719,0.083837,0.084894,0.079151,0.094113,0.10739,0.06886,0.069707,0.078613,0.075475,0.089213,0.087917,0.082119,0.10677,0.065055,0.087706,0.084024,0.087018,0.086682,0.077422,0.077499,0.086027,0.096743,0.077596,0.078886,0.11726,0.082762,0.081378,0.083172,0.077405,0.077405,0.092905,0.079522,0.083483,0.080433,0.09347,0.080529,0.09189,0.082436,0.091362,0.088127,0.11426,0.14267,0.079604,0.086855,0.086448,0.10995,0.082377,0.10339,0.081578,0.087812
0.051921,0.054821,0.050613,0.08191,0.041738,0.06687,0.058232,0.07757,0.090476,0.041098,0.058492,0.047674,0.067606,0.046477,0.06902,0.053741,0.065643,0.060266,0.085471,0.047646,0.053776,0.050308,0.056677,0.10693,0.049176,0.05833,0.052995,0.061619,0.074298,0.055111,0.050721,0.075343,0,0.049198,0.070417,0.038736,0.06112,0.031208,0.082563,0.061776,0.047574,0.059781,0.057014,0.063459,0.051828,0.047048,0.053724,0.077567,0.058816,0.065005,0.049936,0.059443,0.070565,0.047511,0.048826,0.05462,0.063007,0.062024,0.044327,0.088126,0.045469,0.050326,0.037786,0.053358,0.053358,0.072632,0.057701,0.048189,0.044147,0.050327,0.058715,0.049071,0.067518,0.054286,0.063272,0.099297,0.091042,0.048431,0.057611,0.064253,0.085075,0.049899,0.087168,0.042769,0.052769
0.064969,0.057913,0.05776,0.082496,0.038137,0.070324,0.056507,0.077443,0.093863,0.047885,0.06106,0.040852,0.06411,0.065894,0.081683,0.044428,0.088271,0.067776,0.080362,0.062831,0.069031,0.055181,0.061352,0.099918,0.054203,0.064296,0.060313,0.061918,0.067639,0.056803,0.068359,0.06307,0.049198,0,0.064567,0.063217,0.049847,0.052965,0.088416,0.076134,0.043871,0.05289,0.055364,0.068351,0.057862,0.06128,0.063071,0.078987,0.061774,0.063491,0.060502,0.049034,0.07297,0.045637,0.043508,0.05778,0.07519,0.063752,0.062394,0.095108,0.049039,0.048264,0.057366,0.049501,0.049501,0.078667,0.056279,0.05711,0.048874,0.060516,0.058911,0.065412,0.063319,0.073964,0.069936,0.10877,0.10027,0.055252,0.061094,0.068147,0.088437,0.056782,0.094206,0.046778,0.071687
0.052385,0.063488,0.070492,0.08003,0.052339,0.086812,0.045971,0.088546,0.099788,0.043239,0.07259,0.066898,0.057821,0.065225,0.087757,0.081281,0.086318,0.051868,0.089667,0.061932,0.074971,0.073079,0.052256,0.095935,0.050493,0.063068,0.050352,0.078633,0.081792,0.055903,0.064995,0.084719,0.070417,0.064567,0,0.073672,0.071152,0.05837,0.090969,0.08782,0.06839,0.061608,0.06647,0.066583,0.074723,0.067795,0.047889,0.094341,0.064296,0.076064,0.061482,0.050778,0.087246,0.048294,0.049629,0.061858,0.078005,0.063384,0.082275,0.072919,0.053256,0.054648,0.065882,0.058957,0.058957,0.087857,0.061538,0.041494,0.069751,0.065984,0.060261,0.053387,0.053806,0.072863,0.048365,0.09241,0.10422,0.059672,0.061711,0.05604,0.079422,0.05021,0.11675,0.0691,0.073741
0.05407,0.073606,0.049571,0.07924,0.04771,0.073102,0.061486,0.084995,0.077336,0.050387,0.056213,0.054931,0.057816,0.051995,0.076531,0.060913,0.061768,0.061632,0.086956,0.057263,0.063647,0.054016,0.055167,0.1011,0.050668,0.06568,0.061083,0.068292,0.072558,0.056289,0.068082,0.083837,0.038736,0.063217,0.073672,0,0.070646,0.035394,0.080112,0.061458,0.049805,0.061665,0.058999,0.064316,0.050652,0.052951,0.059068,0.08392,0.054392,0.065937,0.054436,0.057103,0.069874,0.044671,0.05124,0.051915,0.0505,0.057406,0.065487,0.08378,0.045733,0.051205,0.047328,0.065891,0.065891,0.071494,0.059568,0.056913,0.047026,0.064103,0.062022,0.047426,0.06274,0.059686,0.074375,0.099536,0.1015,0.048865,0.05032,0.06781,0.082279,0.051465,0.101,0.050135,0.060433
0.06273,0.06534,0.06773,0.093725,0.049635,0.086228,0.059758,0.09672,0.091557,0.057646,0.062811,0.045909,0.076449,0.067379,0.088967,0.056227,0.10016,0.052708,0.078347,0.072354,0.068421,0.069817,0.07037,0.10509,0.061036,0.061123,0.061575,0.059603,0.068457,0.062355,0.078148,0.084894,0.06112,0.049847,0.071152,0.070646,0,0.060933,0.1007,0.087588,0.056963,0.073178,0.066874,0.077265,0.062646,0.062621,0.060782,0.087234,0.072666,0.082387,0.054058,0.056311,0.084632,0.0613,0.058785,0.063732,0.080671,0.076673,0.083523,0.095622,0.060291,0.058015,0.0634,0.070983,0.070983,0.094703,0.060806,0.06002,0.064639,0.062795,0.075129,0.070341,0.058415,0.066671,0.065793,0.10741,0.085825,0.0557,0.070019,0.070832,0.096634,0.05821,0.11688,0.045494,0.087357
0.048322,0.054744,0.046836,0.075959,0.03474,0.063585,0.04915,0.079781,0.088815,0.039251,0.059145,0.046563,0.057672,0.050605,0.069396,0.057054,0.069354,0.050078,0.086688,0.04533,0.059249,0.046535,0.051989,0.089375,0.038074,0.057167,0.051847,0.064382,0.063197,0.043505,0.059045,0.079151,0.031208,0.052965,0.05837,0.035394,0.060933,0,0.080096,0.057144,0.048537,0.052508,0.055346,0.059263,0.044947,0.044677,0.044447,0.07351,0.052978,0.056272,0.043166,0.050568,0.072201,0.033964,0.039595,0.047366,0.059158,0.055546,0.055658,0.074904,0.035126,0.044712,0.038905,0.045929,0.045929,0.066899,0.046518,0.040598,0.040473,0.053972,0.060446,0.035407,0.055258,0.053564,0.054594,0.093651,0.094109,0.044122,0.048874,0.056488,0.082071,0.04618,0.099632,0.04374,0.045726
0.099951,0.093083,0.093617,0.052862,0.077501,0.11845,0.093286,0.10439,0.11038,0.088147,0.089417,0.087202,0.05766,0.089909,0.097897,0.1042,0.095138,0.088695,0.097123,0.088034,0.099993,0.08641,0.099711,0.12849,0.078467,0.095596,0.081834,0.11229,0.10449,0.085804,0.093709,0.094113,0.082563,0.088416,0.090969,0.080112,0.1007,0.080096,0,0.092481,0.089643,0.077052,0.092928,0.10832,0.088071,0.086056,0.086854,0.10891,0.079203,0.086687,0.083966,0.090195,0.10691,0.074377,0.075896,0.093148,0.098402,0.053876,0.099949,0.096841,0.087814,0.09179,0.079907,0.099012,0.099012,0.091158,0.099888,0.08931,0.085156,0.098828,0.093498,0.092219,0.089464,0.092242,0.1014,0.12736,0.1303,0.083503,0.090445,0.09693,0.080753,0.090071,0.10771,0.092806,0.07704
0.073866,0.077332,0.066981,0.092298,0.06433,0.094868,0.078829,0.083853,0.12065,0.062335,0.078258,0.079866,0.083002,0.07132,0.097923,0.076809,0.09034,0.086052,0.096802,0.07687,0.093812,0.071255,0.07158,0.10462,0.069278,0.074341,0.069547,0.082386,0.067173,0.072525,0.078283,0.10739,0.061776,0.076134,0.08782,0.061458,0.087588,0.057144,0.092481,0,0.075664,0.080871,0.079579,0.078293,0.050075,0.061264,0.083425,0.055973,0.079478,0.078746,0.068511,0.068805,0.10308,0.065734,0.068492,0.064972,0.065606,0.082244,0.073538,0.099313,0.056061,0.061893,0.054936,0.073285,0.073285,0.086121,0.08104,0.071831,0.058068,0.076056,0.081803,0.068373,0.087933,0.082577,0.088835,0.11567,0.10857,0.059465,0.074326,0.08381,0.093872,0.067547,0.10303,0.063208,0.065181
0.050218,0.066247,0.050806,0.085395,0.036975,0.068244,0.055222,0.077463,0.075714,0.045206,0.049082,0.027158,0.057152,0.051039,0.060939,0.046411,0.071905,0.066144,0.069879,0.062672,0.055565,0.052428,0.049006,0.092982,0.045838,0.055731,0.053299,0.050829,0.063885,0.056339,0.064112,0.06886,0.047574,0.043871,0.06839,0.049805,0.056963,0.048537,0.089643,0.075664,0,0.053747,0.055361,0.055106,0.062755,0.05616,0.056823,0.092491,0.049206,0.067468,0.055402,0.048048,0.067592,0.039301,0.042638,0.047602,0.056337,0.056296,0.056824,0.093894,0.048101,0.049194,0.053913,0.052507,0.052507,0.077235,0.055706,0.050115,0.050722,0.059773,0.055506,0.052689,0.048804,0.061894,0.062135,0.095467,0.095512,0.056697,0.04666,0.04914,0.092795,0.052437,0.089348,0.048192,0.064592
0.062066,0.07525,0.05051,0.078158,0.042924,0.065216,0.064735,0.070629,0.085191,0.051775,0.054532,0.05473,0.045399,0.06049,0.082981,0.064921,0.070516,0.071318,0.08786,0.057015,0.066071,0.054494,0.059061,0.097269,0.041147,0.069263,0.052268,0.066796,0.08368,0.052193,0.05925,0.069707,0.059781,0.05289,0.061608,0.061665,0.073178,0.052508,0.077052,0.080871,0.053747,0,0.047765,0.062943,0.060524,0.053894,0.052582,0.086371,0.045876,0.049512,0.065963,0.048262,0.060068,0.043066,0.047873,0.055196,0.061712,0.050177,0.066599,0.081643,0.055052,0.051888,0.060632,0.046999,0.046999,0.076989,0.052399,0.053706,0.041635,0.071781,0.052765,0.056181,0.0573,0.062492,0.060906,0.094134,0.099334,0.054895,0.053352,0.058564,0.073195,0.061178,0.090943,0.055428,0.049377
0.060626,0.08565,0.063991,0.096118,0.045391,0.065471,0.061539,0.076979,0.070499,0.044695,0.054454,0.056865,0.058305,0.059261,0.086035,0.065854,0.061459,0.069119,0.10046,0.054872,0.070664,0.06916,0.055895,0.092371,0.058654,0.066734,0.05415,0.060217,0.082151,0.044742,0.059679,0.078613,0.057014,0.055364,0.06647,0.058999,0.066874,0.055346,0.092928,0.079579,0.055361,0.047765,0,0.059383,0.062264,0.058772,0.059268,0.081618,0.05142,0.053777,0.062842,0.052165,0.040113,0.051189,0.051063,0.05444,0.057618,0.064804,0.063082,0.098696,0.049222,0.048829,0.059502,0.053422,0.053422,0.093336,0.046254,0.061829,0.053995,0.058414,0.051964,0.059671,0.068386,0.060629,0.064926,0.084965,0.099077,0.058146,0.065448,0.065495,0.073312,0.059814,0.09363,0.052437,0.058061
0.051009,0.082182,0.056558,0.1041,0.059848,0.066492,0.068125,0.083285,0.090856,0.049527,0.053121,0.061303,0.077266,0.056325,0.092317,0.074882,0.069913,0.082967,0.098251,0.071105,0.069643,0.082447,0.058351,0.084301,0.062979,0.073989,0.060492,0.059527,0.088074,0.070806,0.064885,0.075475,0.063459,0.068351,0.066583,0.064316,0.077265,0.059263,0.10832,0.078293,0.055106,0.062943,0.059383,0,0.073491,0.063722,0.063473,0.087901,0.05626,0.080841,0.063833,0.064538,0.07586,0.056253,0.059496,0.059242,0.065142,0.077706,0.069991,0.10455,0.050004,0.058629,0.067119,0.054198,0.054198,0.087899,0.05288,0.057746,0.058989,0.06766,0.065948,0.0553,0.07023,0.066873,0.06361,0.089306,0.11594,0.063785,0.062219,0.064194,0.087896,0.063027,0.10702,0.054411,0.066476
0.063156,0.066672,0.051324,0.081458,0.049924,0.079052,0.069003,0.080889,0.099941,0.054391,0.066359,0.062214,0.066279,0.060486,0.084464,0.060812,0.08366,0.06619,0.093758,0.067064,0.079183,0.05868,0.063126,0.09295,0.045527,0.063942,0.0585,0.067226,0.068816,0.061737,0.071557,0.089213,0.051828,0.057862,0.074723,0.050652,0.062646,0.044947,0.088071,0.050075,0.062755,0.060524,0.062264,0.073491,0,0.055083,0.062612,0.051917,0.059869,0.054722,0.049748,0.048714,0.083101,0.052299,0.052514,0.049786,0.060269,0.070973,0.071442,0.091354,0.042163,0.038877,0.052375,0.061305,0.061305,0.070404,0.059486,0.05986,0.041977,0.057957,0.06298,0.061885,0.066946,0.073063,0.074056,0.11352,0.09836,0.05087,0.058857,0.071969,0.089319,0.057475,0.10105,0.044058,0.066589
0.039488,0.063109,0.053119,0.07822,0.039388,0.072205,0.052731,0.084688,0.096315,0.04186,0.05711,0.053162,0.061703,0.049327,0.082725,0.061553,0.069441,0.060764,0.083792,0.057069,0.050665,0.055796,0.048221,0.11451,0.046666,0.057541,0.040661,0.069071,0.063082,0.042058,0.041662,0.087917,0.047048,0.06128,0.067795,0.052951,0.062621,0.044677,0.086056,0.061264,0.05616,0.053894,0.058772,0.063722,0.055083,0,0.043229,0.074224,0.059075,0.055508,0.050163,0.045301,0.082309,0.047479,0.048255,0.038137,0.045589,0.061635,0.062126,0.065701,0.04667,0.054198,0.035446,0.057853,0.057853,0.0704,0.049537,0.043744,0.049422,0.066131,0.068176,0.048286,0.05007,0.060734,0.047911,0.10117,0.079602,0.038028,0.047124,0.046673,0.084594,0.037052,0.1028,0.045731,0.056218
0.036644,0.060045,0.05789,0.07213,0.043468,0.073224,0.046662,0.096579,0.086564,0.043917,0.063046,0.05545,0.053537,0.054526,0.075184,0.074934,0.074736,0.043851,0.082904,0.052375,0.051675,0.061559,0.043423,0.10581,0.036767,0.053967,0.038617,0.076206,0.073956,0.042787,0.053239,0.082119,0.053724,0.063071,0.047889,0.059068,0.060782,0.044447,0.086854,0.083425,0.056823,0.052582,0.059268,0.063473,0.062612,0.043229,0,0.089879,0.059658,0.057862,0.043696,0.050573,0.076775,0.044723,0.045576,0.047516,0.060697,0.055556,0.068516,0.066197,0.044857,0.052954,0.050929,0.054308,0.054308,0.06984,0.044425,0.02514,0.058752,0.05777,0.062679,0.042681,0.03799,0.064048,0.038016,0.090535,0.084124,0.051581,0.042484,0.041072,0.080236,0.043177,0.11054,0.057221,0.062776
0.090094,0.089801,0.080382,0.10399,0.074108,0.10059,0.093947,0.087667,0.1237,0.075406,0.089295,0.0856,0.093526,0.086803,0.1154,0.085248,0.10553,0.097321,0.11384,0.09766,0.096566,0.092749,0.08348,0.11005,0.076002,0.088938,0.08264,0.09234,0.079253,0.079631,0.087501,0.10677,0.077567,0.078987,0.094341,0.08392,0.087234,0.07351,0.10891,0.055973,0.092491,0.086371,0.081618,0.087901,0.051917,0.074224,0.089879,0,0.081353,0.075513,0.072922,0.075357,0.10573,0.081378,0.078264,0.080445,0.087003,0.09563,0.081669,0.11435,0.064878,0.062078,0.075449,0.078468,0.078468,0.093414,0.077644,0.084427,0.068156,0.08692,0.088037,0.090143,0.10057,0.094369,0.094242,0.12422,0.12145,0.068336,0.092448,0.099673,0.10476,0.077831,0.11031,0.072714,0.087062
0.057877,0.077574,0.054014,0.079951,0.045463,0.072109,0.063698,0.070944,0.073892,0.048128,0.05574,0.048194,0.043999,0.044224,0.07385,0.064079,0.055773,0.072276,0.091304,0.070945,0.056556,0.063665,0.059131,0.089598,0.044434,0.064256,0.05778,0.06606,0.081412,0.061013,0.060993,0.065055,0.058816,0.061774,0.064296,0.054392,0.072666,0.052978,0.079203,0.079478,0.049206,0.045876,0.05142,0.05626,0.059869,0.059075,0.059658,0.081353,0,0.056235,0.056478,0.053052,0.068307,0.045065,0.048365,0.053268,0.0589,0.048687,0.063527,0.088137,0.052632,0.045314,0.059675,0.060305,0.060305,0.081304,0.049802,0.061083,0.049704,0.069576,0.047179,0.059118,0.059548,0.058592,0.061766,0.095607,0.11488,0.053123,0.058491,0.061033,0.087578,0.054068,0.087217,0.058283,0.062029
0.069841,0.082854,0.069126,0.08233,0.051325,0.07663,0.064349,0.090091,0.091085,0.062411,0.076604,0.06606,0.054187,0.067573,0.085209,0.07548,0.075493,0.076602,0.10392,0.06509,0.07585,0.063742,0.062829,0.10713,0.052467,0.074961,0.061644,0.085545,0.081629,0.052016,0.062837,0.087706,0.065005,0.063491,0.076064,0.065937,0.082387,0.056272,0.086687,0.078746,0.067468,0.049512,0.053777,0.080841,0.054722,0.055508,0.057862,0.075513,0.056235,0,0.065834,0.055764,0.077017,0.053494,0.051687,0.053478,0.062664,0.062684,0.071823,0.083852,0.052976,0.055901,0.06529,0.05887,0.05887,0.064784,0.046812,0.066069,0.058646,0.069787,0.067349,0.067724,0.064481,0.079794,0.067009,0.11691,0.10343,0.067617,0.05848,0.065456,0.089553,0.065526,0.10497,0.066299,0.06531
0.051559,0.057838,0.053908,0.076115,0.043592,0.073292,0.058235,0.095223,0.083551,0.044575,0.057882,0.050826,0.059099,0.053039,0.070756,0.07386,0.077041,0.052987,0.084604,0.067161,0.060445,0.065205,0.055647,0.09706,0.043228,0.05662,0.046035,0.067529,0.066927,0.05165,0.063102,0.084024,0.049936,0.060502,0.061482,0.054436,0.054058,0.043166,0.083966,0.068511,0.055402,0.065963,0.062842,0.063833,0.049748,0.050163,0.043696,0.072922,0.056478,0.065834,0,0.051339,0.082227,0.042116,0.038628,0.044373,0.06609,0.060927,0.065705,0.087199,0.038605,0.045727,0.048782,0.061115,0.061115,0.069163,0.05639,0.044681,0.056673,0.052778,0.058105,0.056711,0.055124,0.066375,0.058896,0.10035,0.09958,0.051926,0.056761,0.060433,0.089021,0.04545,0.10427,0.042463,0.067407
0.045826,0.064331,0.04986,0.080201,0.031422,0.073563,0.049579,0.074376,0.08905,0.036765,0.051155,0.048455,0.051635,0.056549,0.075591,0.05496,0.075602,0.058325,0.080674,0.062384,0.065419,0.056229,0.041032,0.094953,0.036444,0.053378,0.045028,0.054794,0.058584,0.041718,0.05656,0.087018,0.059443,0.049034,0.050778,0.057103,0.056311,0.050568,0.090195,0.068805,0.048048,0.048262,0.052165,0.064538,0.048714,0.045301,0.050573,0.075357,0.053052,0.055764,0.051339,0,0.074393,0.0341,0.033379,0.033285,0.051395,0.061463,0.071859,0.073485,0.039594,0.038767,0.049931,0.052068,0.052068,0.074867,0.052744,0.045172,0.04851,0.060102,0.052981,0.050267,0.041716,0.070063,0.052078,0.10109,0.086345,0.04715,0.046076,0.044877,0.082896,0.038686,0.10095,0.045045,0.06586
0.080375,0.10549,0.071011,0.11268,0.066414,0.070594,0.08679,0.087078,0.064109,0.067559,0.061618,0.071268,0.074252,0.07894,0.094854,0.076818,0.07022,0.08432,0.11011,0.072989,0.078447,0.081724,0.075728,0.10484,0.075267,0.082715,0.080084,0.07092,0.10051,0.065556,0.082698,0.086682,0.070565,0.07297,0.087246,0.069874,0.084632,0.072201,0.10691,0.10308,0.067592,0.060068,0.040113,0.07586,0.083101,0.082309,0.076775,0.10573,0.068307,0.077017,0.082227,0.074393,0,0.07178,0.074676,0.077247,0.075471,0.076863,0.071303,0.11466,0.075622,0.071449,0.077445,0.065057,0.065057,0.10798,0.071761,0.078766,0.069007,0.07711,0.063689,0.074688,0.087324,0.069709,0.088562,0.086453,0.1107,0.078166,0.084546,0.085993,0.084052,0.083249,0.094085,0.072684,0.069801
