0,0.072425,0.069202,0.1086,0.046283,0.065928,0.051911,0.070011,0.066171,0.053623,0.057682,0.063137,0.073853,0.046851,0.041552,0.091852,0.042201,0.064684,0.059624,0.10845,0.08168,0.081542,0.049937,0.1546,0.084753,0.066634,0.068984,0.073451,0.053935,0.062089,0.088553,0.072495,0.10074,0.055602,0.066894,0.16459,0.063546,0.056999,0.10627,0.080897,0.059448,0.076639,0.10284,0.07066,0.086494,0.082427,0.066455,0.064283,0.057339,0.076824,0.048491,0.057301,0.12301,0.045595,0.050243,0.0634,0.072223,0.072,0.12713,0.0517,0.063995,0.071049,0.063778,0.047833,0.047833,0.063222,0.057914,0.049824,0.05159,0.076936,0.065684,0.083674,0.076355,0.083141,0.053923,0.055356,0.066295,0.06441,0.070365,0.055913,0.093733,0.058731,0.063588,0.052768,0.049539
0.072425,0,0.06954,0.14639,0.072377,0.071668,0.068392,0.10246,0.081047,0.065868,0.06517,0.057964,0.085974,0.060563,0.058713,0.10618,0.058032,0.076536,0.070167,0.14013,0.12171,0.095749,0.066803,0.17823,0.086938,0.068985,0.069796,0.061018,0.076822,0.071634,0.087576,0.08485,0.082311,0.082009,0.067904,0.14335,0.073286,0.076268,0.13493,0.087732,0.065415,0.082495,0.10142,0.083688,0.080764,0.082759,0.080028,0.081434,0.066798,0.081185,0.05626,0.07041,0.12361,0.073517,0.080125,0.084571,0.077785,0.098811,0.1314,0.093707,0.062228,0.087613,0.06711,0.083157,0.083157,0.087872,0.07058,0.071837,0.060276,0.087382,0.083872,0.092538,0.1003,0.080347,0.082132,0.083707,0.08872,0.075755,0.085017,0.080452,0.10714,0.069285,0.067584,0.061132,0.05734
0.069202,0.06954,0,0.13304,0.060837,0.070956,0.062608,0.093258,0.093896,0.055575,0.077185,0.07113,0.090712,0.059669,0.070524,0.10431,0.062419,0.074276,0.08117,0.1168,0.10544,0.10359,0.050245,0.16324,0.089869,0.054849,0.055541,0.085263,0.073021,0.07645,0.088706,0.090752,0.07645,0.083777,0.062799,0.17387,0.06643,0.07277,0.13082,0.074452,0.069116,0.089915,0.10304,0.078827,0.086549,0.081608,0.0649,0.077983,0.071901,0.059819,0.06432,0.06441,0.12452,0.063618,0.065258,0.073808,0.072528,0.10068,0.13234,0.085438,0.058538,0.071897,0.064946,0.098343,0.098343,0.075406,0.051651,0.04903,0.058029,0.086709,0.070586,0.0985,0.086334,0.08443,0.073249,0.07405,0.089317,0.064004,0.068206,0.061963,0.10741,0.068894,0.079824,0.062894,0.069154
0.1086,0.14639,0.13304,0,0.11199,0.1288,0.14172,0.14825,0.11767,0.13576,0.10629,0.12016,0.086867,0.14066,0.11385,0.13454,0.11387,0.13725,0.1179,0.14745,0.1255,0.14584,0.12601,0.13343,0.14485,0.13522,0.13756,0.12661,0.14133,0.12605,0.12961,0.13952,0.13725,0.13452,0.14434,0.21418,0.15028,0.10452,0.044711,0.1374,0.1267,0.12066,0.14001,0.13046,0.14763,0.1633,0.13662,0.13724,0.11827,0.11952,0.12618,0.13342,0.15399,0.10644,0.10334,0.149,0.14236,0.067959,0.19297,0.11624,0.1375,0.13248,0.13723,0.11834,0.11834,0.13559,0.13723,0.13351,0.11821,0.12175,0.14204,0.1543,0.15444,0.1126,0.13314,0.13692,0.1007,0.14227,0.11106,0.12693,0.11303,0.13652,0.12733,0.13109,0.11151
0.046283,0.072377,0.060837,0.11199,0,0.077425,0.060585,0.07349,0.080636,0.050441,0.056116,0.047681,0.076898,0.047412,0.049666,0.077203,0.043307,0.065183,0.059168,0.10806,0.084236,0.092894,0.038672,0.16056,0.08959,0.053401,0.065879,0.071722,0.058614,0.050788,0.084912,0.082091,0.077273,0.066,0.063705,0.15996,0.077006,0.054006,0.10882,0.07213,0.055265,0.077465,0.086745,0.060078,0.074241,0.070122,0.051578,0.064257,0.058475,0.064006,0.047379,0.046133,0.12104,0.045938,0.047312,0.06875,0.069692,0.076044,0.12061,0.070666,0.054558,0.061934,0.050835,0.074951,0.074951,0.065475,0.045456,0.046561,0.058297,0.053353,0.075917,0.097334,0.073212,0.065723,0.05248,0.055827,0.063184,0.054388,0.068841,0.055876,0.1061,0.052135,0.071269,0.051491,0.04849
0.065928,0.071668,0.070956,0.1288,0.077425,0,0.073799,0.0851,0.066475,0.065583,0.064769,0.068793,0.072221,0.074551,0.069783,0.12732,0.059433,0.06433,0.085079,0.12695,0.123,0.10587,0.063358,0.14476,0.095105,0.062853,0.072678,0.066051,0.071573,0.065944,0.078952,0.075028,0.097026,0.057895,0.069228,0.16284,0.064757,0.058042,0.12353,0.067381,0.05369,0.076981,0.097138,0.086506,0.092782,0.1007,0.073863,0.084233,0.059019,0.058265,0.064706,0.061823,0.10368,0.064421,0.066751,0.074502,0.075271,0.084266,0.14011,0.076415,0.061124,0.081004,0.071524,0.088314,0.088314,0.079374,0.076725,0.066222,0.043258,0.087684,0.080281,0.096019,0.083478,0.07351,0.073516,0.084776,0.084231,0.076164,0.061949,0.058582,0.083695,0.062544,0.064034,0.053456,0.057794
0.051911,0.068392,0.062608,0.14172,0.060585,0.073799,0,0.072989,0.091835,0.036476,0.075961,0.071214,0.10557,0.034651,0.0645,0.10208,0.044804,0.054011,0.073141,0.10408,0.0911,0.073776,0.044103,0.18749,0.076164,0.055161,0.053638,0.079906,0.042421,0.078754,0.10255,0.090574,0.087261,0.071237,0.044916,0.16144,0.060474,0.075523,0.1451,0.075833,0.07495,0.088634,0.11372,0.077244,0.075274,0.050572,0.053049,0.053663,0.071975,0.081564,0.042414,0.055754,0.13216,0.051752,0.056941,0.050596,0.060588,0.10767,0.10448,0.081104,0.052862,0.065247,0.048884,0.078908,0.078908,0.055045,0.043985,0.042098,0.059539,0.088559,0.062271,0.080895,0.063422,0.097767,0.054721,0.051679,0.090135,0.044705,0.083561,0.051905,0.11814,0.051597,0.069908,0.050924,0.061211
0.070011,0.10246,0.093258,0.14825,0.07349,0.0851,0.072989,0,0.10766,0.073534,0.089768,0.08876,0.11084,0.065439,0.093328,0.10992,0.082257,0.086846,0.095135,0.093234,0.11385,0.10426,0.06713,0.18633,0.094679,0.079771,0.073146,0.091108,0.058802,0.089152,0.11809,0.078078,0.11992,0.08382,0.083027,0.15804,0.07909,0.08968,0.14926,0.084755,0.077099,0.11062,0.12394,0.10341,0.10339,0.079956,0.070724,0.086755,0.080586,0.095034,0.07453,0.067612,0.13965,0.07257,0.07334,0.071924,0.078552,0.11213,0.13674,0.080488,0.087543,0.076546,0.074497,0.097761,0.097761,0.0652,0.070937,0.068632,0.081166,0.089384,0.084779,0.11198,0.059388,0.11429,0.061822,0.06341,0.095488,0.068516,0.098297,0.065116,0.13465,0.076701,0.091553,0.074291,0.082504
0.066171,0.081047,0.093896,0.11767,0.080636,0.066475,0.091835,0.10766,0,0.093496,0.077412,0.07959,0.070064,0.086512,0.061008,0.12946,0.074179,0.081213,0.096964,0.1497,0.12184,0.10979,0.085862,0.15109,0.10351,0.089114,0.10164,0.083233,0.090408,0.063762,0.09433,0.086693,0.11725,0.067524,0.10107,0.17199,0.096915,0.075735,0.10902,0.097981,0.074999,0.088427,0.091316,0.084828,0.11277,0.11651,0.095075,0.10054,0.086593,0.081457,0.081463,0.086885,0.10317,0.082238,0.08651,0.099872,0.097779,0.077595,0.1482,0.071871,0.07686,0.099342,0.094063,0.07327,0.07327,0.095742,0.09901,0.082741,0.069085,0.096125,0.093008,0.097259,0.11026,0.069788,0.092116,0.097194,0.08893,0.10019,0.08448,0.085265,0.084484,0.095467,0.085798,0.071048,0.074296
0.053623,0.065868,0.055575,0.13576,0.050441,0.065583,0.036476,0.073534,0.093496,0,0.064243,0.057706,0.097134,0.041384,0.059607,0.096033,0.041657,0.055741,0.068812,0.11021,0.097971,0.090192,0.037319,0.1775,0.086312,0.052247,0.056398,0.075955,0.054988,0.073101,0.093975,0.091123,0.079668,0.067712,0.02581,0.16264,0.056767,0.066851,0.13481,0.067698,0.064684,0.088331,0.10608,0.067716,0.072222,0.059717,0.055497,0.059556,0.062966,0.075203,0.041705,0.037448,0.12978,0.046272,0.053362,0.054238,0.061748,0.099324,0.11515,0.082528,0.046063,0.066934,0.047914,0.086292,0.086292,0.066685,0.036151,0.043389,0.055694,0.079269,0.069355,0.096971,0.064658,0.090038,0.050751,0.057274,0.078519,0.044366,0.076611,0.047777,0.11122,0.035045,0.063076,0.047375,0.052543
0.057682,0.06517,0.077185,0.10629,0.056116,0.064769,0.075961,0.089768,0.077412,0.064243,0,0.054112,0.057802,0.071916,0.046697,0.091228,0.046167,0.073745,0.066175,0.13254,0.10127,0.10744,0.058171,0.14792,0.089095,0.07194,0.072875,0.066353,0.07934,0.061268,0.067827,0.079245,0.084367,0.075443,0.071037,0.16309,0.083875,0.048735,0.096953,0.07374,0.063132,0.072435,0.097618,0.088676,0.092394,0.093331,0.065183,0.08406,0.048697,0.066915,0.051406,0.056107,0.11526,0.045174,0.047671,0.083909,0.084483,0.063646,0.13857,0.078638,0.063217,0.072516,0.075648,0.077004,0.077004,0.079948,0.0659,0.074429,0.050309,0.07476,0.086641,0.10917,0.086108,0.059542,0.06787,0.082134,0.035753,0.07801,0.062501,0.062609,0.098687,0.064263,0.049557,0.057701,0.048855
0.063137,0.057964,0.07113,0.12016,0.047681,0.068793,0.071214,0.08876,0.07959,0.057706,0.054112,0,0.073945,0.064747,0.051668,0.083348,0.052957,0.066615,0.057526,0.12099,0.12201,0.103,0.052341,0.15901,0.090268,0.059167,0.070799,0.044888,0.071418,0.064426,0.085607,0.08974,0.070778,0.079001,0.062274,0.13425,0.085322,0.055573,0.11411,0.066907,0.040364,0.075558,0.081313,0.068012,0.074973,0.076992,0.069708,0.066135,0.053671,0.061418,0.053534,0.053571,0.11131,0.055333,0.060135,0.077128,0.078095,0.075232,0.12745,0.07712,0.058098,0.0813,0.054152,0.078444,0.078444,0.091448,0.061249,0.06401,0.054636,0.068256,0.090669,0.089705,0.088316,0.067721,0.067429,0.07564,0.071482,0.059843,0.071557,0.058763,0.10713,0.058317,0.066883,0.057122,0.043984
0.073853,0.085974,0.090712,0.086867,0.076898,0.072221,0.10557,0.11084,0.070064,0.097134,0.057802,0.073945,0,0.09875,0.069156,0.10685,0.07211,0.099595,0.079483,0.14561,0.11793,0.12244,0.082102,0.11418,0.10836,0.089585,0.092928,0.068936,0.10304,0.065678,0.075952,0.078024,0.10054,0.081945,0.10356,0.16388,0.10435,0.060484,0.069303,0.090561,0.073752,0.077194,0.10434,0.093206,0.11373,0.12965,0.093395,0.11125,0.072014,0.071971,0.080818,0.084795,0.10995,0.073252,0.072447,0.10958,0.095931,0.043151,0.16605,0.077089,0.092379,0.09505,0.096567,0.080724,0.080724,0.10208,0.095452,0.092073,0.071015,0.078475,0.10197,0.1171,0.11493,0.059144,0.086707,0.099941,0.070674,0.10271,0.053834,0.083715,0.083477,0.094694,0.074244,0.079139,0.061198
0.046851,0.060563,0.059669,0.14066,0.047412,0.074551,0.034651,0.065439,0.086512,0.041384,0.071916,0.064747,0.09875,0,0.057898,0.096061,0.044247,0.06438,0.067275,0.10041,0.085916,0.072147,0.038555,0.18216,0.074502,0.046508,0.060918,0.08081,0.042215,0.065067,0.093821,0.079186,0.08562,0.066223,0.054585,0.16276,0.062843,0.069039,0.13985,0.081199,0.065908,0.083169,0.10163,0.071757,0.068865,0.053286,0.051735,0.055834,0.066306,0.078097,0.041697,0.050853,0.12127,0.050414,0.055684,0.048271,0.056175,0.10319,0.10404,0.075977,0.04865,0.065099,0.045629,0.075793,0.075793,0.052734,0.044898,0.041031,0.056152,0.071391,0.071021,0.087675,0.066553,0.092325,0.051393,0.052639,0.085477,0.045383,0.081977,0.059739,0.11973,0.049918,0.071613,0.046581,0.061864
0.041552,0.058713,0.070524,0.11385,0.049666,0.069783,0.0645,0.093328,0.061008,0.059607,0.046697,0.051668,0.069156,0.057898,0,0.083475,0.044811,0.065946,0.064091,0.13387,0.094613,0.091399,0.056348,0.15891,0.086242,0.071554,0.077589,0.070041,0.071284,0.054921,0.082263,0.089133,0.094162,0.06513,0.067962,0.16341,0.077806,0.057733,0.10422,0.081954,0.059657,0.079396,0.086862,0.076441,0.088725,0.083335,0.069696,0.070445,0.062279,0.073547,0.046486,0.061889,0.11459,0.052018,0.05932,0.071973,0.082625,0.071301,0.12139,0.061608,0.059638,0.081052,0.070313,0.055031,0.055031,0.08358,0.06067,0.059829,0.054201,0.078902,0.074832,0.088418,0.090772,0.068645,0.062494,0.074279,0.064257,0.074237,0.073074,0.062743,0.094495,0.061755,0.055244,0.054381,0.051124
0.091852,0.10618,0.10431,0.13454,0.077203,0.12732,0.10208,0.10992,0.12946,0.096033,0.091228,0.083348,0.10685,0.096061,0.083475,0,0.091997,0.10896,0.089526,0.14523,0.11928,0.11542,0.088972,0.17677,0.11748,0.1044,0.09361,0.096836,0.10671,0.10191,0.1297,0.11856,0.11337,0.11583,0.095342,0.15963,0.1208,0.10526,0.12904,0.11727,0.096344,0.11177,0.12144,0.11666,0.12403,0.10384,0.094941,0.10619,0.098812,0.10452,0.092036,0.09207,0.15829,0.087195,0.089607,0.10658,0.11205,0.10765,0.15352,0.10772,0.11137,0.11083,0.098282,0.098699,0.098699,0.12213,0.079707,0.095478,0.10555,0.09664,0.10536,0.12005,0.11205,0.11105,0.083106,0.093397,0.095946,0.099079,0.10065,0.087759,0.1434,0.097038,0.1043,0.0984,0.091324
0.042201,0.058032,0.062419,0.11387,0.043307,0.059433,0.044804,0.082257,0.074179,0.041657,0.046167,0.052957,0.07211,0.044247,0.044811,0.091997,0,0.053147,0.051431,0.1132,0.082987,0.077007,0.039066,0.15814,0.078498,0.049075,0.059019,0.064513,0.054697,0.054804,0.074238,0.076413,0.072301,0.054161,0.05266,0.16295,0.070005,0.046743,0.11318,0.071546,0.058181,0.05873,0.090995,0.063534,0.072289,0.073731,0.04799,0.059063,0.046376,0.060567,0.033206,0.047118,0.10921,0.032741,0.036393,0.061863,0.059983,0.076157,0.11435,0.074975,0.045942,0.062869,0.046824,0.065996,0.065996,0.061206,0.046034,0.048959,0.038064,0.059606,0.069087,0.089319,0.069901,0.065663,0.049955,0.06355,0.064348,0.051719,0.059656,0.050549,0.098504,0.040353,0.0562,0.036962,0.03622
0.064684,0.076536,0.074276,0.13725,0.065183,0.06433,0.054011,0.086846,0.081213,0.055741,0.073745,0.066615,0.099595,0.06438,0.065946,0.10896,0.053147,0,0.085813,0.12908,0.11019,0.08023,0.058552,0.17515,0.089247,0.059775,0.066043,0.07638,0.053239,0.073136,0.10614,0.098854,0.095447,0.068811,0.057967,0.16224,0.074988,0.078438,0.14055,0.068372,0.059883,0.081067,0.089391,0.080564,0.08817,0.070354,0.053904,0.057648,0.068367,0.068335,0.054816,0.059689,0.12527,0.067079,0.070081,0.059218,0.076888,0.10342,0.11963,0.092291,0.054956,0.080911,0.05981,0.090209,0.090209,0.080893,0.058109,0.048859,0.059946,0.091878,0.06796,0.078624,0.059868,0.078565,0.063491,0.064769,0.083592,0.061073,0.085945,0.049736,0.1007,0.051638,0.082084,0.052901,0.062122
0.059624,0.070167,0.08117,0.1179,0.059168,0.085079,0.073141,0.095135,0.096964,0.068812,0.066175,0.057526,0.079483,0.067275,0.064091,0.089526,0.051431,0.085813,0,0.11103,0.10417,0.099186,0.058877,0.15937,0.10129,0.077344,0.0781,0.062809,0.072078,0.07894,0.075475,0.089817,0.080443,0.075772,0.080875,0.15359,0.084617,0.056045,0.11237,0.082139,0.065738,0.075707,0.099033,0.06503,0.076512,0.087118,0.078543,0.065483,0.046508,0.083617,0.060421,0.071998,0.12181,0.062338,0.063695,0.089111,0.076048,0.072126,0.12667,0.080626,0.079214,0.074162,0.060163,0.057394,0.057394,0.086528,0.063129,0.078196,0.064733,0.067235,0.094137,0.09374,0.092051,0.08783,0.072413,0.082304,0.080267,0.063772,0.07781,0.078179,0.11388,0.063595,0.074759,0.070479,0.048056
0.10845,0.14013,0.1168,0.14745,0.10806,0.12695,0.10408,0.093234,0.1497,0.11021,0.13254,0.12099,0.14561,0.10041,0.13387,0.14523,0.1132,0.12908,0.11103,0,0.12801,0.1176,0.10337,0.2031,0.12867,0.10382,0.11658,0.12816,0.093595,0.13432,0.14487,0.13097,0.12976,0.13188,0.12232,0.19034,0.12178,0.11579,0.16432,0.12452,0.11813,0.13379,0.15429,0.12544,0.10342,0.10753,0.11253,0.097844,0.11424,0.12366,0.11395,0.11926,0.15764,0.10089,0.097777,0.1092,0.10289,0.13644,0.14039,0.11449,0.118,0.11115,0.097263,0.13213,0.13213,0.092608,0.11353,0.10817,0.11336,0.11854,0.13603,0.13807,0.11565,0.15231,0.11578,0.11334,0.13633,0.09584,0.12915,0.11388,0.17072,0.11292,0.13494,0.12374,0.12038
0.08168,0.12171,0.10544,0.1255,0.084236,0.123,0.0911,0.11385,0.12184,0.097971,0.10127,0.12201,0.11793,0.085916,0.094613,0.11928,0.082987,0.11019,0.10417,0.12801,0,0.10312,0.091518,0.18289,0.1087,0.10225,0.10658,0.13553,0.099872,0.097507,0.11619,0.11686,0.12009,0.10047,0.11028,0.21857,0.10743,0.096059,0.12915,0.12608,0.12335,0.10714,0.13988,0.11268,0.11625,0.11304,0.091574,0.10553,0.10855,0.11827,0.08797,0.10244,0.15827,0.087808,0.084609,0.096043,0.10888,0.11443,0.12599,0.1088,0.10562,0.092959,0.1071,0.10208,0.10208,0.080423,0.094242,0.092223,0.1043,0.098432,0.10009,0.13466,0.10866,0.11483,0.093439,0.090066,0.104,0.10719,0.10836,0.10847,0.13084,0.098023,0.10327,0.096426,0.10184
0.081542,0.095749,0.10359,0.14584,0.092894,0.10587,0.073776,0.10426,0.10979,0.090192,0.10744,0.103,0.12244,0.072147,0.091399,0.11542,0.077007,0.08023,0.099186,0.1176,0.10312,0,0.09022,0.19676,0.1057,0.081999,0.095714,0.10572,0.068785,0.10276,0.1389,0.11707,0.12482,0.10153,0.092152,0.18287,0.10576,0.11172,0.15621,0.1213,0.098297,0.10277,0.12422,0.11355,0.098879,0.090739,0.085796,0.074249,0.10159,0.10636,0.080425,0.10053,0.14646,0.087986,0.091665,0.080568,0.084534,0.12846,0.13069,0.11038,0.092383,0.11443,0.081746,0.099676,0.099676,0.09229,0.092143,0.079749,0.092983,0.10797,0.097611,0.089324,0.096774,0.12145,0.085563,0.086691,0.1145,0.091654,0.11346,0.091103,0.13059,0.08602,0.11571,0.091842,0.096854
0.049937,0.066803,0.050245,0.12601,0.038672,0.063358,0.044103,0.06713,0.085862,0.037319,0.058171,0.052341,0.082102,0.038555,0.056348,0.088972,0.039066,0.058552,0.058877,0.10337,0.091518,0.09022,0,0.16451,0.077354,0.040285,0.051596,0.068345,0.049347,0.059264,0.077225,0.079858,0.067857,0.062172,0.049978,0.16103,0.065645,0.05084,0.12493,0.055163,0.059213,0.077521,0.091984,0.063139,0.070477,0.059877,0.039371,0.059188,0.055107,0.061605,0.039127,0.034553,0.11336,0.038169,0.039974,0.055639,0.050253,0.085358,0.11121,0.07412,0.046246,0.042578,0.04297,0.076636,0.076636,0.058063,0.031396,0.044044,0.050763,0.063583,0.074088,0.09098,0.059308,0.076298,0.042596,0.052514,0.072066,0.035543,0.060581,0.043394,0.1103,0.044928,0.060001,0.038491,0.04955
0.1546,0.17823,0.16324,0.13343,0.16056,0.14476,0.18749,0.18633,0.15109,0.1775,0.14792,0.15901,0.11418,0.18216,0.15891,0.17677,0.15814,0.17515,0.15937,0.2031,0.18289,0.19676,0.16451,0,0.19236,0.16074,0.17359,0.15998,0.1841,0.14553,0.14256,0.14838,0.17275,0.15246,0.17997,0.23537,0.1736,0.13648,0.12348,0.17205,0.14862,0.13148,0.16748,0.16885,0.19558,0.21711,0.17292,0.18819,0.14932,0.13318,0.17318,0.1595,0.15868,0.15803,0.15292,0.17865,0.17425,0.1242,0.2401,0.15318,0.16979,0.17478,0.18089,0.15888,0.15888,0.18462,0.17752,0.17014,0.14949,0.15658,0.18082,0.18235,0.18746,0.14057,0.16797,0.18025,0.15006,0.18456,0.11426,0.15825,0.13796,0.17196,0.16478,0.16031,0.15293
0.084753,0.086938,0.089869,0.14485,0.08959,0.095105,0.076164,0.094679,0.10351,0.086312,0.089095,0.090268,0.10836,0.074502,0.086242,0.11748,0.078498,0.089247,0.10129,0.12867,0.1087,0.1057,0.077354,0.19236,0,0.085508,0.069715,0.099407,0.092685,0.095646,0.11047,0.093976,0.090399,0.10313,0.093533,0.16412,0.096946,0.086108,0.14531,0.095998,0.094313,0.08908,0.11476,0.10833,0.11525,0.091312,0.08205,0.096582,0.088437,0.094569,0.068676,0.087618,0.1193,0.076615,0.076567,0.072483,0.097369,0.11206,0.10921,0.098913,0.090408,0.086681,0.091041,0.098919,0.098919,0.08954,0.081445,0.078115,0.075023,0.09352,0.084911,0.11263,0.094629,0.10636,0.084734,0.081881,0.10892,0.082182,0.10166,0.085529,0.1326,0.09441,0.078428,0.066155,0.081839
0.066634,0.068985,0.054849,0.13522,0.053401,0.062853,0.055161,0.079771,0.089114,0.052247,0.07194,0.059167,0.089585,0.046508,0.071554,0.1044,0.049075,0.059775,0.077344,0.10382,0.10225,0.081999,0.040285,0.16074,0.085508,0,0.062786,0.075343,0.05408,0.058202,0.089991,0.083936,0.068875,0.073755,0.057199,0.16125,0.076456,0.063724,0.13765,0.069867,0.058843,0.071796,0.096196,0.075646,0.068285,0.071652,0.04419,0.06426,0.068302,0.051174,0.050886,0.046649,0.10881,0.054163,0.054011,0.052612,0.051249,0.10212,0.11667,0.08571,0.039523,0.071767,0.048128,0.097362,0.097362,0.066174,0.057531,0.044633,0.054946,0.068484,0.0868,0.091055,0.069865,0.077572,0.057322,0.064814,0.085826,0.052428,0.061375,0.052206,0.11505,0.053784,0.079061,0.05033,0.063673
0.068984,0.069796,0.055541,0.13756,0.065879,0.072678,0.053638,0.073146,0.10164,0.056398,0.072875,0.070799,0.092928,0.060918,0.077589,0.09361,0.059019,0.066043,0.0781,0.11658,0.10658,0.095714,0.051596,0.17359,0.069715,0.062786,0,0.069459,0.066216,0.083787,0.099129,0.07774,0.076236,0.083947,0.055694,0.15072,0.063321,0.074324,0.1368,0.069406,0.068712,0.083348,0.1107,0.091404,0.096156,0.073839,0.057422,0.077884,0.06324,0.067832,0.054714,0.05845,0.1366,0.061949,0.061811,0.068354,0.076183,0.10029,0.13386,0.092342,0.075601,0.06401,0.061367,0.091612,0.091612,0.071851,0.044936,0.052721,0.059449,0.081006,0.050576,0.089167,0.067519,0.088832,0.060388,0.051885,0.088348,0.059397,0.073565,0.051077,0.10699,0.064298,0.071712,0.051442,0.056107
0.073451,0.061018,0.085263,0.12661,0.071722,0.066051,0.079906,0.091108,0.083233,0.075955,0.066353,0.044888,0.068936,0.08081,0.070041,0.096836,0.064513,0.07638,0.062809,0.12816,0.13553,0.10572,0.068345,0.15998,0.099407,0.075343,0.069459,0,0.074277,0.076017,0.092688,0.081233,0.088292,0.080532,0.07608,0.11295,0.087942,0.069445,0.11875,0.069573,0.049994,0.082403,0.10118,0.083861,0.084184,0.091586,0.080639,0.081172,0.058644,0.072688,0.065212,0.073064,0.12193,0.069599,0.073019,0.093646,0.08098,0.077442,0.14543,0.082394,0.080006,0.087783,0.060602,0.078504,0.078504,0.093499,0.075354,0.077097,0.063399,0.080713,0.088171,0.085865,0.094747,0.074095,0.075265,0.081564,0.085317,0.070835,0.073975,0.066293,0.10282,0.070799,0.069038,0.068839,0.044593
0.053935,0.076822,0.073021,0.14133,0.058614,0.071573,0.042421,0.058802,0.090408,0.054988,0.07934,0.071418,0.10304,0.042215,0.071284,0.10671,0.054697,0.053239,0.072078,0.093595,0.099872,0.068785,0.049347,0.1841,0.092685,0.05408,0.066216,0.074277,0,0.075051,0.10301,0.085843,0.10148,0.069247,0.06454,0.15574,0.070522,0.077711,0.14551,0.069158,0.062134,0.092549,0.10718,0.080778,0.064177,0.051609,0.048086,0.042142,0.065968,0.079901,0.050995,0.063518,0.12933,0.05973,0.062563,0.056848,0.059738,0.10663,0.11415,0.076869,0.059439,0.070228,0.039903,0.081434,0.081434,0.050673,0.05417,0.04657,0.062966,0.084193,0.073081,0.075172,0.051733,0.094709,0.053373,0.05406,0.086094,0.044015,0.088809,0.054515,0.11969,0.050785,0.082061,0.062886,0.067041
0.062089,0.071634,0.07645,0.12605,0.050788,0.065944,0.078754,0.089152,0.063762,0.073101,0.061268,0.064426,0.065678,0.065067,0.054921,0.10191,0.054804,0.073136,0.07894,0.13432,0.097507,0.10276,0.059264,0.14553,0.095646,0.058202,0.083787,0.076017,0.075051,0,0.079543,0.074192,0.091798,0.052598,0.082862,0.16113,0.082419,0.057942,0.11479,0.082075,0.059396,0.070409,0.086782,0.073205,0.092481,0.097497,0.062593,0.089958,0.071471,0.061305,0.057433,0.056557,0.10161,0.065916,0.066222,0.073569,0.069735,0.081152,0.12431,0.069338,0.054967,0.078555,0.073779,0.080584,0.080584,0.07772,0.072119,0.059061,0.062765,0.062174,0.088109,0.10736,0.087852,0.053692,0.063533,0.078145,0.079576,0.078665,0.058921,0.067784,0.102,0.067787,0.070415,0.05234,0.056812
0.088553,0.087576,0.088706,0.12961,0.084912,0.078952,0.10255,0.11809,0.09433,0.093975,0.067827,0.085607,0.075952,0.093821,0.082263,0.1297,0.074238,0.10614,0.075475,0.14487,0.11619,0.1389,0.077225,0.14256,0.11047,0.089991,0.099129,0.092688,0.10301,0.079543,0,0.086874,0.083979,0.080836,0.1035,0.18655,0.10232,0.049075,0.11639,0.085883,0.088094,0.079479,0.09945,0.090507,0.099245,0.11759,0.088629,0.10421,0.064297,0.080791,0.085705,0.08622,0.0982,0.078275,0.075815,0.11041,0.10313,0.08066,0.14112,0.099787,0.086029,0.075386,0.091013,0.091331,0.091331,0.094525,0.089675,0.10231,0.067459,0.077587,0.11085,0.1229,0.10816,0.070867,0.096451,0.11197,0.082016,0.09231,0.073454,0.096996,0.11422,0.087662,0.072012,0.076882,0.078749
0.072495,0.08485,0.090752,0.13952,0.082091,0.075028,0.090574,0.078078,0.086693,0.091123,0.079245,0.08974,0.078024,0.079186,0.089133,0.11856,0.076413,0.098854,0.089817,0.13097,0.11686,0.11707,0.079858,0.14838,0.093976,0.083936,0.07774,0.081233,0.085843,0.074192,0.086874,0,0.11112,0.070347,0.097509,0.15213,0.086852,0.077456,0.1297,0.098347,0.074849,0.074872,0.12108,0.099202,0.11199,0.11535,0.084308,0.11094,0.070159,0.082665,0.084772,0.079934,0.11781,0.076924,0.075745,0.09624,0.091305,0.095763,0.15842,0.087079,0.091223,0.086474,0.085523,0.087762,0.087762,0.076786,0.087628,0.082543,0.065277,0.077706,0.08353,0.1137,0.091727,0.086905,0.080253,0.08466,0.090325,0.086926,0.073574,0.081345,0.11571,0.089083,0.081394,0.06753,0.07413
0.10074,0.082311,0.07645,0.13725,0.077273,0.097026,0.087261,0.11992,0.11725,0.079668,0.084367,0.070778,0.10054,0.08562,0.094162,0.11337,0.072301,0.095447,0.080443,0.12976,0.12009,0.12482,0.067857,0.17275,0.090399,0.068875,0.076236,0.088292,0.10148,0.091798,0.083979,0.11112,0,0.10688,0.083241,0.1668,0.10585,0.069213,0.13631,0.083095,0.091894,0.082147,0.10324,0.083397,0.089004,0.094316,0.080213,0.093182,0.081638,0.075674,0.075609,0.076324,0.11984,0.078037,0.075333,0.09744,0.090982,0.10327,0.12406,0.11858,0.078761,0.077459,0.07648,0.11424,0.11424,0.10051,0.077126,0.088913,0.079404,0.073518,0.11018,0.11849,0.1057,0.084422,0.093408,0.095748,0.10226,0.076488,0.081598,0.089836,0.1292,0.084409,0.087772,0.07353,0.073955
0.055602,0.082009,0.083777,0.13452,0.066,0.057895,0.071237,0.08382,0.067524,0.067712,0.075443,0.079001,0.081945,0.066223,0.06513,0.11583,0.054161,0.068811,0.075772,0.13188,0.10047,0.10153,0.062172,0.15246,0.10313,0.073755,0.083947,0.080532,0.069247,0.052598,0.080836,0.070347,0.10688,0,0.07763,0.17049,0.068861,0.062764,0.12602,0.086292,0.066255,0.073637,0.092248,0.067904,0.096458,0.098985,0.072549,0.086814,0.065733,0.076861,0.068623,0.062502,0.10876,0.068302,0.070377,0.077612,0.073919,0.086248,0.12653,0.076411,0.067555,0.073815,0.069627,0.067805,0.067805,0.074603,0.069699,0.065316,0.058881,0.073529,0.07549,0.10064,0.079517,0.075286,0.06519,0.079145,0.090742,0.072259,0.070741,0.06831,0.096026,0.058088,0.072501,0.047819,0.05882
0.066894,0.067904,0.062799,0.14434,0.063705,0.069228,0.044916,0.083027,0.10107,0.02581,0.071037,0.062274,0.10356,0.054585,0.067962,0.095342,0.05266,0.057967,0.080875,0.12232,0.11028,0.092152,0.049978,0.17997,0.093533,0.057199,0.055694,0.07608,0.06454,0.082862,0.1035,0.097509,0.083241,0.07763,0,0.15982,0.063011,0.077462,0.14321,0.075741,0.070588,0.092514,0.11203,0.084543,0.079767,0.065244,0.063076,0.068509,0.072117,0.077716,0.053857,0.045103,0.1396,0.056889,0.063964,0.062151,0.073999,0.10869,0.12641,0.096513,0.057182,0.078482,0.054896,0.096157,0.096157,0.079303,0.046758,0.054231,0.063299,0.089632,0.070477,0.093532,0.072808,0.093826,0.059263,0.062207,0.085523,0.057048,0.079841,0.05015,0.11062,0.041444,0.068365,0.053699,0.061731
0.16459,0.14335,0.17387,0.21418,0.15996,0.16284,0.16144,0.15804,0.17199,0.16264,0.16309,0.13425,0.16388,0.16276,0.16341,0.15963,0.16295,0.16224,0.15359,0.19034,0.21857,0.18287,0.16103,0.23537,0.16412,0.16125,0.15072,0.11295,0.15574,0.16113,0.18655,0.15213,0.1668,0.17049,0.15982,0,0.16712,0.16737,0.20383,0.15178,0.138,0.16642,0.18834,0.16513,0.15622,0.15773,0.16688,0.16403,0.15538,0.16679,0.15359,0.1609,0.19967,0.16498,0.16762,0.16702,0.16392,0.17291,0.19901,0.16036,0.16788,0.17658,0.14527,0.16407,0.16407,0.17431,0.16197,0.15748,0.16097,0.16403,0.16553,0.15743,0.17172,0.16518,0.159,0.15318,0.17867,0.14942,0.16854,0.15545,0.19407,0.15956,0.15265,0.16023,0.14073
0.063546,0.073286,0.06643,0.15028,0.077006,0.064757,0.060474,0.07909,0.096915,0.056767,0.083875,0.085322,0.10435,0.062843,0.077806,0.1208,0.070005,0.074988,0.084617,0.12178,0.10743,0.10576,0.065645,0.1736,0.096946,0.076456,0.063321,0.087942,0.070522,0.082419,0.10232,0.086852,0.10585,0.068861,0.063011,0.16712,0,0.079163,0.14221,0.088232,0.073546,0.09596,0.12044,0.090267,0.097299,0.088663,0.084202,0.084445,0.072746,0.089882,0.067129,0.064894,0.14744,0.080122,0.083083,0.068181,0.07988,0.10604,0.13289,0.086717,0.074695,0.076226,0.077712,0.088182,0.088182,0.074869,0.066549,0.06074,0.068582,0.10213,0.064903,0.10079,0.086981,0.10405,0.079858,0.068533,0.10216,0.077682,0.087552,0.074731,0.096824,0.062545,0.074128,0.063558,0.065953
0.056999,0.076268,0.07277,0.10452,0.054006,0.058042,0.075523,0.08968,0.075735,0.066851,0.048735,0.055573,0.060484,0.069039,0.057733,0.10526,0.046743,0.078438,0.056045,0.11579,0.096059,0.11172,0.05084,0.13648,0.086108,0.063724,0.074324,0.069445,0.077711,0.057942,0.049075,0.077456,0.069213,0.062764,0.077462,0.16737,0.079163,0,0.097753,0.068522,0.060054,0.059555,0.085308,0.071354,0.084102,0.095598,0.068513,0.076807,0.044712,0.058403,0.056295,0.05792,0.098172,0.049359,0.04606,0.077933,0.081821,0.055638,0.12294,0.071055,0.066004,0.060925,0.067726,0.069319,0.069319,0.07618,0.06794,0.071547,0.04484,0.056451,0.088651,0.10068,0.088018,0.0606,0.069662,0.080251,0.068446,0.069998,0.054179,0.067307,0.093546,0.061848,0.053953,0.050188,0.046091
0.10627,0.13493,0.13082,0.044711,0.10882,0.12353,0.1451,0.14926,0.10902,0.13481,0.096953,0.11411,0.069303,0.13985,0.10422,0.12904,0.11318,0.14055,0.11237,0.16432,0.12915,0.15621,0.12493,0.12348,0.14531,0.13765,0.1368,0.11875,0.14551,0.11479,0.11639,0.1297,0.13631,0.12602,0.14321,0.20383,0.14221,0.097753,0,0.13617,0.12056,0.11773,0.13496,0.12636,0.14854,0.16656,0.13983,0.14414,0.11302,0.11979,0.1238,0.12916,0.15256,0.1094,0.10787,0.15104,0.14365,0.051787,0.19559,0.11098,0.13674,0.13055,0.13905,0.10976,0.10976,0.13864,0.13565,0.1342,0.11603,0.11675,0.13874,0.15726,0.15926,0.10151,0.13264,0.13711,0.096919,0.14501,0.10559,0.12963,0.10048,0.1341,0.11506,0.12635,0.1036
0.080897,0.087732,0.074452,0.1374,0.07213,0.067381,0.075833,0.084755,0.097981,0.067698,0.07374,0.066907,0.090561,0.081199,0.081954,0.11727,0.071546,0.068372,0.082139,0.12452,0.12608,0.1213,0.055163,0.17205,0.095998,0.069867,0.069406,0.069573,0.069158,0.082075,0.085883,0.098347,0.083095,0.086292,0.075741,0.15178,0.088232,0.068522,0.13617,0,0.068459,0.10236,0.10641,0.080221,0.084114,0.079615,0.059731,0.073835,0.069241,0.07446,0.060184,0.064062,0.12213,0.070816,0.070609,0.08013,0.080107,0.096812,0.12988,0.08493,0.072442,0.068017,0.065849,0.10049,0.10049,0.083323,0.062758,0.068811,0.072337,0.087141,0.089078,0.098223,0.064702,0.082393,0.063758,0.073298,0.083142,0.058653,0.080512,0.057533,0.11571,0.069586,0.071029,0.069998,0.06515
0.059448,0.065415,0.069116,0.1267,0.055265,0.05369,0.07495,0.077099,0.074999,0.064684,0.063132,0.040364,0.073752,0.065908,0.059657,0.096344,0.058181,0.059883,0.065738,0.11813,0.12335,0.098297,0.059213,0.14862,0.094313,0.058843,0.068712,0.049994,0.062134,0.059396,0.088094,0.074849,0.091894,0.066255,0.070588,0.138,0.073546,0.060054,0.12056,0.068459,0,0.070217,0.078615,0.075844,0.083631,0.086071,0.067931,0.066847,0.044075,0.052042,0.060039,0.059019,0.1078,0.06405,0.06628,0.069648,0.077821,0.080719,0.13465,0.069626,0.062776,0.08658,0.056584,0.079102,0.079102,0.087262,0.064387,0.055304,0.046215,0.070871,0.079319,0.084519,0.078468,0.069569,0.065593,0.074898,0.077957,0.063759,0.070365,0.054517,0.098688,0.05544,0.075355,0.056898,0.048677
0.076639,0.082495,0.089915,0.12066,0.077465,0.076981,0.088634,0.11062,0.088427,0.088331,0.072435,0.075558,0.077194,0.083169,0.079396,0.11177,0.05873,0.081067,0.075707,0.13379,0.10714,0.10277,0.077521,0.13148,0.08908,0.071796,0.083348,0.082403,0.092549,0.070409,0.079479,0.074872,0.082147,0.073637,0.092514,0.16642,0.09596,0.059555,0.11773,0.10236,0.070217,0,0.090918,0.090358,0.10478,0.1145,0.081423,0.094642,0.059598,0.062174,0.078858,0.079436,0.099433,0.071889,0.067647,0.087529,0.09342,0.083715,0.13494,0.10155,0.079692,0.091228,0.082191,0.085838,0.085838,0.09587,0.086962,0.083057,0.054231,0.070116,0.095745,0.10533,0.10125,0.069119,0.088917,0.09613,0.090141,0.086845,0.064978,0.082986,0.10534,0.077545,0.084549,0.060419,0.064697
0.10284,0.10142,0.10304,0.14001,0.086745,0.097138,0.11372,0.12394,0.091316,0.10608,0.097618,0.081313,0.10434,0.10163,0.086862,0.12144,0.090995,0.089391,0.099033,0.15429,0.13988,0.12422,0.091984,0.16748,0.11476,0.096196,0.1107,0.10118,0.10718,0.086782,0.09945,0.12108,0.10324,0.092248,0.11203,0.18834,0.12044,0.085308,0.13496,0.10641,0.078615,0.090918,0,0.09501,0.11925,0.11304,0.097274,0.098803,0.085361,0.077757,0.099833,0.096865,0.092693,0.099376,0.09999,0.10899,0.11333,0.099125,0.13345,0.11475,0.092267,0.10437,0.09521,0.10466,0.10466,0.12473,0.096604,0.10056,0.083891,0.085395,0.1162,0.11532,0.1123,0.07966,0.10602,0.11946,0.10903,0.10008,0.1062,0.10014,0.11907,0.09492,0.11429,0.0821,0.093411
0.07066,0.083688,0.078827,0.13046,0.060078,0.086506,0.077244,0.10341,0.084828,0.067716,0.088676,0.068012,0.093206,0.071757,0.076441,0.11666,0.063534,0.080564,0.06503,0.12544,0.11268,0.11355,0.063139,0.16885,0.10833,0.075646,0.091404,0.083861,0.080778,0.073205,0.090507,0.099202,0.083397,0.067904,0.084543,0.16513,0.090267,0.071354,0.12636,0.080221,0.075844,0.090358,0.09501,0,0.084535,0.093842,0.083653,0.080336,0.078069,0.087208,0.072095,0.069164,0.1164,0.077729,0.080383,0.092126,0.073879,0.090669,0.1252,0.08694,0.068479,0.079618,0.066899,0.082325,0.082325,0.091188,0.071176,0.07095,0.07772,0.072021,0.098284,0.10655,0.093085,0.08617,0.078023,0.082907,0.098652,0.064402,0.086562,0.082712,0.11462,0.07394,0.092082,0.06854,0.061211
0.086494,0.080764,0.086549,0.14763,0.074241,0.092782,0.075274,0.10339,0.11277,0.072222,0.092394,0.074973,0.11373,0.068865,0.088725,0.12403,0.072289,0.08817,0.076512,0.10342,0.11625,0.098879,0.070477,0.19558,0.11525,0.068285,0.096156,0.084184,0.064177,0.092481,0.099245,0.11199,0.089004,0.096458,0.079767,0.15622,0.097299,0.084102,0.14854,0.084114,0.083631,0.10478,0.11925,0.084535,0,0.068404,0.080059,0.060135,0.082559,0.099056,0.072802,0.087761,0.13787,0.077354,0.080423,0.090338,0.082726,0.11591,0.11457,0.10547,0.072357,0.090031,0.047648,0.10761,0.10761,0.075321,0.081645,0.08149,0.082302,0.089577,0.11008,0.10321,0.097926,0.099152,0.089474,0.089237,0.10142,0.062539,0.10522,0.093018,0.13496,0.063749,0.088442,0.089245,0.082058
0.082427,0.082759,0.081608,0.1633,0.070122,0.1007,0.050572,0.079956,0.11651,0.059717,0.093331,0.076992,0.12965,0.053286,0.083335,0.10384,0.073731,0.070354,0.087118,0.10753,0.11304,0.090739,0.059877,0.21711,0.091312,0.071652,0.073839,0.091586,0.051609,0.097497,0.11759,0.11535,0.094316,0.098985,0.065244,0.15773,0.088663,0.095598,0.16656,0.079615,0.086071,0.1145,0.11304,0.093842,0.068404,0,0.061159,0.051959,0.086777,0.099395,0.062291,0.075092,0.1451,0.074267,0.078904,0.069843,0.081322,0.12843,0.095834,0.10355,0.070051,0.076195,0.051528,0.10342,0.10342,0.07332,0.054673,0.065936,0.08411,0.097849,0.087715,0.093273,0.069051,0.11087,0.072629,0.069064,0.10246,0.047896,0.11349,0.073922,0.14619,0.064428,0.090462,0.076432,0.085292
0.066455,0.080028,0.0649,0.13662,0.051578,0.073863,0.053049,0.070724,0.095075,0.055497,0.065183,0.069708,0.093395,0.051735,0.069696,0.094941,0.04799,0.053904,0.078543,0.11253,0.091574,0.085796,0.039371,0.17292,0.08205,0.04419,0.057422,0.080639,0.048086,0.062593,0.088629,0.084308,0.080213,0.072549,0.063076,0.16688,0.084202,0.068513,0.13983,0.059731,0.067931,0.081423,0.097274,0.083653,0.080059,0.061159,0,0.063833,0.065246,0.060077,0.045505,0.050065,0.11484,0.04956,0.047672,0.057121,0.061433,0.10343,0.11215,0.086251,0.051908,0.058974,0.051137,0.093845,0.093845,0.057873,0.041402,0.046967,0.059563,0.068234,0.07448,0.095145,0.042172,0.075468,0.041289,0.059912,0.073267,0.047302,0.070471,0.04272,0.12337,0.053326,0.075008,0.05061,0.065873
0.064283,0.081434,0.077983,0.13724,0.064257,0.084233,0.053663,0.086755,0.10054,0.059556,0.08406,0.066135,0.11125,0.055834,0.070445,0.10619,0.059063,0.057648,0.065483,0.097844,0.10553,0.074249,0.059188,0.18819,0.096582,0.06426,0.077884,0.081172,0.042142,0.089958,0.10421,0.11094,0.093182,0.086814,0.068509,0.16403,0.084445,0.076807,0.14414,0.073835,0.066847,0.094642,0.098803,0.080336,0.060135,0.051959,0.063833,0,0.066719,0.084832,0.055728,0.075016,0.13047,0.066756,0.069946,0.062866,0.079894,0.1067,0.10448,0.086701,0.067439,0.083707,0.046822,0.083289,0.083289,0.077997,0.06051,0.060428,0.068371,0.088839,0.08635,0.069483,0.070525,0.10051,0.068731,0.070111,0.09095,0.051912,0.10014,0.06795,0.12211,0.053837,0.088529,0.0739,0.071631
0.057339,0.066798,0.071901,0.11827,0.058475,0.059019,0.071975,0.080586,0.086593,0.062966,0.048697,0.053671,0.072014,0.066306,0.062279,0.098812,0.046376,0.068367,0.046508,0.11424,0.10855,0.10159,0.055107,0.14932,0.088437,0.068302,0.06324,0.058644,0.065968,0.071471,0.064297,0.070159,0.081638,0.065733,0.072117,0.15538,0.072746,0.044712,0.11302,0.069241,0.044075,0.059598,0.085361,0.078069,0.082559,0.086777,0.065246,0.066719,0,0.061043,0.057485,0.061659,0.10919,0.052792,0.052219,0.078386,0.081146,0.070586,0.13196,0.08102,0.06947,0.068583,0.057534,0.070962,0.070962,0.077589,0.058103,0.069304,0.035965,0.064681,0.078264,0.09423,0.074779,0.070834,0.068415,0.079486,0.064101,0.060827,0.069202,0.062616,0.10064,0.051313,0.06431,0.05402,0.044052
0.076824,0.081185,0.059819,0.11952,0.064006,0.058265,0.081564,0.095034,0.081457,0.075203,0.066915,0.061418,0.071971,0.078097,0.073547,0.10452,0.060567,0.068335,0.083617,0.12366,0.11827,0.10636,0.061605,0.13318,0.094569,0.051174,0.067832,0.072688,0.079901,0.061305,0.080791,0.082665,0.075674,0.076861,0.077716,0.16679,0.089882,0.058403,0.11979,0.07446,0.052042,0.062174,0.077757,0.087208,0.099056,0.099395,0.060077,0.084832,0.061043,0,0.070682,0.06336,0.093089,0.062079,0.058611,0.079183,0.080025,0.085003,0.13893,0.085506,0.060714,0.081782,0.070232,0.098302,0.098302,0.088398,0.069903,0.062929,0.047102,0.070398,0.086015,0.09817,0.084584,0.05766,0.073803,0.088581,0.081011,0.075014,0.047812,0.053508,0.10238,0.071984,0.084774,0.057389,0.064621
0.048491,0.05626,0.06432,0.12618,0.047379,0.064706,0.042414,0.07453,0.081463,0.041705,0.051406,0.053534,0.080818,0.041697,0.046486,0.092036,0.033206,0.054816,0.060421,0.11395,0.08797,0.080425,0.039127,0.17318,0.068676,0.050886,0.054714,0.065212,0.050995,0.057433,0.085705,0.084772,0.075609,0.068623,0.053857,0.15359,0.067129,0.056295,0.1238,0.060184,0.060039,0.078858,0.099833,0.072095,0.072802,0.062291,0.045505,0.055728,0.057485,0.070682,0,0.046228,0.1188,0.045033,0.049018,0.048909,0.059524,0.086896,0.10585,0.068445,0.050248,0.065318,0.052263,0.072413,0.072413,0.062965,0.044018,0.042631,0.053264,0.068304,0.068898,0.088305,0.064836,0.077187,0.042142,0.052447,0.071818,0.05237,0.071895,0.050234,0.10625,0.046571,0.05151,0.044552,0.04062
0.057301,0.07041,0.06441,0.13342,0.046133,0.061823,0.055754,0.067612,0.086885,0.037448,0.056107,0.053571,0.084795,0.050853,0.061889,0.09207,0.047118,0.059689,0.071998,0.11926,0.10244,0.10053,0.034553,0.1595,0.087618,0.046649,0.05845,0.073064,0.063518,0.056557,0.08622,0.079934,0.076324,0.062502,0.045103,0.1609,0.064894,0.05792,0.12916,0.064062,0.059019,0.079436,0.096865,0.069164,0.087761,0.075092,0.050065,0.075016,0.061659,0.06336,0.046228,0,0.11923,0.050958,0.053722,0.057529,0.059671,0.090966,0.12564,0.080611,0.047237,0.06083,0.06053,0.085944,0.085944,0.073529,0.044681,0.05048,0.058485,0.068103,0.07967,0.10125,0.060753,0.078442,0.044871,0.056978,0.070784,0.055809,0.06091,0.043135,0.10818,0.048294,0.066058,0.038234,0.051343
0.12301,0.12361,0.12452,0.15399,0.12104,0.10368,0.13216,0.13965,0.10317,0.12978,0.11526,0.11131,0.10995,0.12127,0.11459,0.15829,0.10921,0.12527,0.12181,0.15764,0.15827,0.14646,0.11336,0.15868,0.1193,0.10881,0.1366,0.12193,0.12933,0.10161,0.0982,0.11781,0.11984,0.10876,0.1396,0.19967,0.14744,0.098172,0.15256,0.12213,0.1078,0.099433,0.092693,0.1164,0.13787,0.1451,0.11484,0.13047,0.10919,0.093089,0.1188,0.11923,0,0.10811,0.10681,0.12404,0.11629,0.11921,0.14109,0.11573,0.10473,0.12598,0.11978,0.12443,0.12443,0.13306,0.1271,0.12337,0.095015,0.10287,0.14757,0.1457,0.13175,0.1067,0.12115,0.1493,0.13088,0.11753,0.10516,0.11691,0.1568,0.1256,0.12248,0.10335,0.11752
0.045595,0.073517,0.063618,0.10644,0.045938,0.064421,0.051752,0.07257,0.082238,0.046272,0.045174,0.055333,0.073252,0.050414,0.052018,0.087195,0.032741,0.067079,0.062338,0.10089,0.087808,0.087986,0.038169,0.15803,0.076615,0.054163,0.061949,0.069599,0.05973,0.065916,0.078275,0.076924,0.078037,0.068302,0.056889,0.16498,0.080122,0.049359,0.1094,0.070816,0.06405,0.071889,0.099376,0.077729,0.077354,0.074267,0.04956,0.066756,0.052792,0.062079,0.045033,0.050958,0.10811,0,0.013305,0.066193,0.06525,0.075076,0.11953,0.070023,0.053454,0.061191,0.052332,0.074805,0.074805,0.0584,0.049391,0.055736,0.040977,0.065474,0.077114,0.10013,0.071354,0.074715,0.050774,0.06845,0.058143,0.051017,0.05919,0.045159,0.11144,0.05228,0.054792,0.048025,0.050972
0.050243,0.080125,0.065258,0.10334,0.047312,0.066751,0.056941,0.07334,0.08651,0.053362,0.047671,0.060135,0.072447,0.055684,0.05932,0.089607,0.036393,0.070081,0.063695,0.097777,0.084609,0.091665,0.039974,0.15292,0.076567,0.054011,0.061811,0.073019,0.062563,0.066222,0.075815,0.075745,0.075333,0.070377,0.063964,0.16762,0.083083,0.04606,0.10787,0.070609,0.06628,0.067647,0.09999,0.080383,0.080423,0.078904,0.047672,0.069946,0.052219,0.058611,0.049018,0.053722,0.10681,0.013305,0,0.067786,0.067311,0.073757,0.12011,0.072484,0.057935,0.058053,0.055616,0.078401,0.078401,0.057257,0.052394,0.058203,0.042657,0.062276,0.079466,0.10316,0.070845,0.073097,0.053337,0.069856,0.05946,0.053462,0.055533,0.047456,0.11263,0.056119,0.058494,0.050207,0.053119
