0,0.054158,0.06869,0.069507,0.050816,0.072396,0.083004,0.07688,0.10093,0.061277,0.075257,0.05984,0.049818,0.052669,0.06419,0.077544,0.088036,0.062675,0.068439,0.0989,0.051441,0.087562,0.066576,0.082827,0.063436,0.090277,0.053324,0.063411,0.075063,0.055011,0.084363,0.079711,0.054806,0.061661,0.067514,0.06727,0.071048,0.059447,0.07067,0.068736,0.047882,0.071404,0.08574,0.084723,0.059631,0.064244,0.076157,0.066418,0.066359,0.093098,0.064401,0.056541,0.10866,0.053667,0.057046,0.054665,0.064317,0.055159,0.058523,0.10348,0.071776,0.049795,0.05728,0.080891,0.18524,0.080853,0.049804,0.059906,0.076817,0.065571,0.1341,0.079885,0.06498,0.081085,0.069743,0.08924,0.061019,0.058881,0.039655,0.065293,0.089408,0.068703,0.041069,0.052894,0.059904
0.054158,0,0.065059,0.087845,0.048668,0.072916,0.087112,0.078493,0.10124,0.05617,0.074164,0.04593,0.066798,0.0475,0.076382,0.0614,0.09482,0.052172,0.06492,0.092561,0.054579,0.092319,0.057925,0.088189,0.055727,0.08951,0.044356,0.04862,0.069426,0.05244,0.087022,0.072919,0.052598,0.059424,0.061651,0.062918,0.055506,0.048778,0.075236,0.070454,0.052734,0.063358,0.086634,0.079428,0.04988,0.062216,0.071065,0.058313,0.066306,0.092007,0.0558,0.051557,0.1091,0.057418,0.059569,0.050113,0.058332,0.061012,0.053033,0.092983,0.063785,0.048645,0.069511,0.064515,0.1777,0.085362,0.052483,0.049319,0.077868,0.058409,0.13038,0.079048,0.065405,0.072045,0.072332,0.098153,0.063498,0.056804,0.052739,0.066308,0.099745,0.056661,0.070166,0.0512,0.054784
0.06869,0.065059,0,0.084711,0.054353,0.074736,0.10563,0.086215,0.10263,0.067831,0.085322,0.066634,0.073941,0.056051,0.074211,0.087791,0.1087,0.073141,0.077297,0.12379,0.074531,0.089378,0.07716,0.097695,0.069939,0.092484,0.062589,0.072105,0.099254,0.073983,0.087913,0.078606,0.073506,0.057908,0.074913,0.095332,0.072818,0.071927,0.06297,0.089103,0.069609,0.074279,0.092165,0.086402,0.062085,0.072951,0.098475,0.084352,0.063322,0.088319,0.077881,0.071284,0.12327,0.055432,0.051302,0.075131,0.077981,0.076707,0.064417,0.097557,0.074684,0.05777,0.084841,0.077369,0.17907,0.085456,0.076857,0.08059,0.079071,0.075611,0.12035,0.096597,0.087374,0.067723,0.091317,0.10983,0.075962,0.075013,0.062309,0.088528,0.095558,0.062012,0.064679,0.073285,0.068984
0.069507,0.087845,0.084711,0,0.076527,0.084766,0.11251,0.10203,0.1174,0.091602,0.090842,0.079236,0.055191,0.093174,0.082541,0.08706,0.1041,0.094482,0.087895,0.11646,0.085684,0.12115,0.098011,0.086272,0.083852,0.11178,0.092297,0.078047,0.11202,0.086037,0.10321,0.096058,0.069767,0.079683,0.09924,0.11128,0.10042,0.080402,0.060781,0.086064,0.070537,0.093899,0.091545,0.09229,0.097482,0.091674,0.10562,0.105,0.10046,0.10362,0.083983,0.083107,0.1132,0.068275,0.06959,0.086251,0.096402,0.063282,0.082127,0.11386,0.087634,0.075379,0.079577,0.086933,0.185,0.089631,0.095415,0.093001,0.10053,0.085423,0.14282,0.12293,0.094348,0.097992,0.09695,0.11773,0.078919,0.087742,0.064184,0.098057,0.079975,0.089146,0.061636,0.069627,0.086611
0.050816,0.048668,0.054353,0.076527,0,0.048297,0.08137,0.055319,0.077939,0.039935,0.057823,0.040035,0.05232,0.039851,0.049946,0.053679,0.082788,0.041867,0.053276,0.07904,0.045563,0.075641,0.040562,0.074069,0.05324,0.068684,0.035023,0.04637,0.060296,0.035124,0.067055,0.064074,0.042063,0.047595,0.057535,0.080558,0.052581,0.057468,0.070116,0.064745,0.029469,0.048003,0.071957,0.063692,0.051399,0.048104,0.064844,0.060808,0.041913,0.064474,0.057492,0.034414,0.10325,0.032079,0.032102,0.044075,0.063252,0.060861,0.049291,0.084909,0.045483,0.034626,0.051183,0.064678,0.17165,0.067391,0.052547,0.044242,0.052189,0.044877,0.11685,0.067237,0.061418,0.069795,0.065688,0.082259,0.046691,0.049894,0.035735,0.049975,0.084466,0.041222,0.055614,0.04159,0.06291
0.072396,0.072916,0.074736,0.084766,0.048297,0,0.084955,0.076891,0.05671,0.067267,0.059056,0.057772,0.05802,0.055155,0.071128,0.076019,0.082876,0.053454,0.077251,0.07783,0.059283,0.096134,0.064756,0.082466,0.0641,0.071728,0.059777,0.060595,0.0861,0.054175,0.051147,0.051874,0.05578,0.061769,0.082081,0.10453,0.084372,0.081191,0.083993,0.066495,0.056063,0.042536,0.043208,0.079789,0.070262,0.072402,0.08915,0.075684,0.052493,0.060852,0.05743,0.067102,0.077236,0.058935,0.054779,0.065815,0.074714,0.067486,0.067713,0.11473,0.049811,0.053675,0.068686,0.062571,0.17167,0.055757,0.08149,0.067654,0.053543,0.047611,0.11359,0.066177,0.092486,0.057802,0.092186,0.10584,0.070309,0.068804,0.057824,0.074566,0.086489,0.072597,0.073708,0.049801,0.068435
0.083004,0.087112,0.10563,0.11251,0.08137,0.084955,0,0.072282,0.10897,0.084726,0.10996,0.093185,0.095952,0.078866,0.080902,0.10715,0.10951,0.068361,0.10064,0.091061,0.087765,0.11239,0.077829,0.12588,0.089138,0.088892,0.068611,0.088702,0.09797,0.073062,0.10227,0.095254,0.09264,0.097978,0.087871,0.10189,0.095323,0.10126,0.10913,0.10413,0.075895,0.090025,0.079659,0.12905,0.070815,0.072397,0.088307,0.072287,0.07945,0.1026,0.087032,0.070082,0.10187,0.079636,0.084381,0.070303,0.091069,0.10391,0.089023,0.11503,0.070723,0.083455,0.077368,0.1049,0.19058,0.10535,0.080861,0.078727,0.088211,0.076651,0.1204,0.088146,0.092354,0.089171,0.087263,0.11498,0.097997,0.096258,0.081584,0.067747,0.11731,0.092339,0.10248,0.094284,0.093578
0.07688,0.078493,0.086215,0.10203,0.055319,0.076891,0.072282,0,0.094989,0.052312,0.094283,0.073844,0.081371,0.061734,0.060512,0.077739,0.093365,0.055163,0.086503,0.07217,0.076812,0.085045,0.050274,0.10599,0.079235,0.06946,0.057221,0.07405,0.074138,0.050338,0.085184,0.09607,0.069968,0.072037,0.056756,0.1048,0.068903,0.083539,0.10274,0.085023,0.05127,0.07509,0.089609,0.092692,0.077523,0.048436,0.060244,0.063492,0.058452,0.092477,0.088715,0.047469,0.11516,0.056284,0.05953,0.058517,0.082938,0.08895,0.064234,0.098076,0.061069,0.062933,0.060984,0.093075,0.17506,0.10099,0.067327,0.060831,0.059014,0.059677,0.11506,0.084583,0.069711,0.09103,0.0621,0.074442,0.06214,0.067579,0.066264,0.041297,0.099815,0.067748,0.085309,0.079553,0.090971
0.10093,0.10124,0.10263,0.1174,0.077939,0.05671,0.10897,0.094989,0,0.094279,0.085405,0.09133,0.083022,0.083997,0.10854,0.10628,0.10172,0.083135,0.10778,0.08909,0.09928,0.12364,0.090314,0.10843,0.10569,0.10183,0.091111,0.092467,0.093718,0.072505,0.073417,0.094854,0.092794,0.090692,0.10716,0.12557,0.10896,0.10788,0.1075,0.10501,0.079283,0.069346,0.069679,0.096621,0.096983,0.094877,0.10947,0.10882,0.071972,0.084973,0.086338,0.096208,0.072917,0.086386,0.084829,0.081839,0.10745,0.095833,0.10025,0.12572,0.071639,0.084872,0.093472,0.095015,0.19012,0.084005,0.10335,0.095271,0.066262,0.077427,0.14699,0.08223,0.11534,0.097172,0.12153,0.11949,0.096187,0.092855,0.089353,0.094515,0.11496,0.099923,0.10918,0.078675,0.10885
0.061277,0.05617,0.067831,0.091602,0.039935,0.067267,0.084726,0.052312,0.094279,0,0.072174,0.038843,0.072097,0.037797,0.059927,0.057963,0.07113,0.038339,0.054077,0.08397,0.054651,0.069566,0.029027,0.087514,0.058373,0.056918,0.03495,0.05385,0.067674,0.041492,0.077028,0.07892,0.052315,0.052737,0.029494,0.09043,0.049244,0.061671,0.085364,0.073907,0.042364,0.061285,0.084238,0.072963,0.057754,0.040104,0.056375,0.05575,0.044298,0.072821,0.061748,0.038652,0.12099,0.039603,0.040707,0.044024,0.06107,0.075654,0.046502,0.094294,0.047034,0.035816,0.058647,0.067811,0.17857,0.092611,0.044805,0.039065,0.054256,0.059255,0.099022,0.06933,0.044933,0.071891,0.049781,0.080845,0.049721,0.053659,0.04489,0.045608,0.086634,0.044079,0.062653,0.053915,0.065454
0.075257,0.074164,0.085322,0.090842,0.057823,0.059056,0.10996,0.094283,0.085405,0.072174,0,0.050408,0.072996,0.066482,0.074672,0.062792,0.098892,0.070381,0.057177,0.10262,0.066437,0.081813,0.072494,0.089769,0.081119,0.088329,0.064942,0.068063,0.074555,0.059874,0.070691,0.070097,0.058253,0.069074,0.080645,0.10053,0.073279,0.076753,0.093606,0.082601,0.067041,0.061574,0.086665,0.072178,0.084797,0.078961,0.086692,0.091122,0.079271,0.068757,0.074292,0.071006,0.11357,0.07294,0.069093,0.073125,0.08419,0.08034,0.074124,0.11881,0.073812,0.058023,0.083131,0.066268,0.17428,0.087231,0.083653,0.063215,0.076484,0.071208,0.13264,0.067688,0.084717,0.089188,0.093713,0.10663,0.065733,0.074914,0.061137,0.08527,0.11061,0.074521,0.072513,0.057135,0.086497
0.05984,0.04593,0.066634,0.079236,0.040035,0.057772,0.093185,0.073844,0.09133,0.038843,0.050408,0,0.062236,0.045636,0.065418,0.043655,0.075844,0.044316,0.043353,0.088738,0.049109,0.080097,0.044903,0.078032,0.058337,0.074337,0.04181,0.04783,0.069806,0.043313,0.073861,0.067827,0.039106,0.05325,0.049391,0.085615,0.055593,0.056833,0.07736,0.066705,0.046458,0.056287,0.079246,0.063735,0.060212,0.055052,0.063805,0.0634,0.056963,0.072713,0.055626,0.045708,0.11077,0.047416,0.045946,0.049673,0.058646,0.064258,0.05116,0.098958,0.049797,0.037832,0.064906,0.04377,0.17781,0.083168,0.05866,0.03656,0.066753,0.058766,0.11275,0.0727,0.053901,0.067854,0.064129,0.095476,0.050778,0.056796,0.04497,0.060447,0.092508,0.046103,0.058643,0.04393,0.063667
0.049818,0.066798,0.073941,0.055191,0.05232,0.05802,0.095952,0.081371,0.083022,0.072097,0.072996,0.062236,0,0.068952,0.074081,0.071823,0.07702,0.068576,0.076196,0.089212,0.061723,0.10786,0.076326,0.061833,0.067789,0.092047,0.068336,0.059197,0.08477,0.056928,0.071302,0.066126,0.047636,0.068995,0.085669,0.085336,0.088442,0.068584,0.058079,0.073245,0.051703,0.067321,0.068996,0.077161,0.079014,0.079391,0.083045,0.084763,0.07181,0.086081,0.069265,0.067326,0.08926,0.052131,0.05135,0.065517,0.070956,0.029669,0.071145,0.10725,0.066101,0.053034,0.071851,0.073623,0.18448,0.064607,0.074182,0.069046,0.080045,0.064757,0.14148,0.091971,0.07912,0.086314,0.088135,0.10778,0.063556,0.068423,0.054072,0.07628,0.076889,0.069437,0.05295,0.048778,0.07017
0.052669,0.0475,0.056051,0.093174,0.039851,0.055155,0.078866,0.061734,0.083997,0.037797,0.066482,0.045636,0.068952,0,0.059701,0.068604,0.079213,0.041691,0.062183,0.090254,0.046985,0.067955,0.043988,0.091793,0.055824,0.065497,0.036559,0.051186,0.073185,0.040623,0.069048,0.065428,0.052214,0.045742,0.046663,0.079936,0.057728,0.060997,0.08198,0.071018,0.049768,0.051511,0.074808,0.075802,0.048464,0.047703,0.066557,0.059238,0.040709,0.07414,0.060093,0.051378,0.10605,0.045839,0.045833,0.050021,0.058596,0.070973,0.041328,0.098096,0.053985,0.034414,0.065821,0.064822,0.17585,0.081286,0.050556,0.048604,0.05077,0.052008,0.10967,0.055786,0.062871,0.053432,0.063189,0.087837,0.055333,0.060063,0.047357,0.056538,0.094949,0.059478,0.061237,0.053604,0.056778
0.06419,0.076382,0.074211,0.082541,0.049946,0.071128,0.080902,0.060512,0.10854,0.059927,0.074672,0.065418,0.074081,0.059701,0,0.071741,0.10011,0.065931,0.067711,0.097831,0.056211,0.071728,0.067634,0.09055,0.061455,0.073998,0.057347,0.06905,0.083015,0.061278,0.082447,0.076186,0.060767,0.068552,0.071083,0.093908,0.072626,0.080455,0.095778,0.077117,0.058147,0.072721,0.089741,0.085111,0.0813,0.06683,0.077691,0.07403,0.068591,0.082231,0.091434,0.054337,0.12108,0.056121,0.055782,0.069944,0.075983,0.081542,0.061367,0.10892,0.077269,0.062254,0.071035,0.08746,0.18265,0.088313,0.07375,0.066643,0.074564,0.070918,0.11643,0.082669,0.078116,0.081762,0.073843,0.096256,0.069123,0.079394,0.056529,0.068006,0.09981,0.06265,0.062014,0.073529,0.08462
0.077544,0.0614,0.087791,0.08706,0.053679,0.076019,0.10715,0.077739,0.10628,0.057963,0.062792,0.043655,0.071823,0.068604,0.071741,0,0.082785,0.064376,0.059247,0.08546,0.060856,0.084003,0.053679,0.078105,0.069256,0.081969,0.062259,0.05828,0.079376,0.058437,0.084725,0.08201,0.046304,0.078002,0.067695,0.093746,0.064193,0.06993,0.091783,0.078823,0.061551,0.076463,0.10135,0.058752,0.085723,0.07071,0.050125,0.0818,0.078018,0.089904,0.079487,0.051656,0.12481,0.066207,0.066698,0.069162,0.066109,0.073442,0.067765,0.0983,0.072451,0.058841,0.075766,0.065214,0.17965,0.098326,0.070508,0.044497,0.078707,0.071672,0.12962,0.094406,0.059674,0.092354,0.063248,0.090219,0.051128,0.066988,0.064206,0.064039,0.10183,0.059977,0.071291,0.057244,0.076185
0.088036,0.09482,0.1087,0.1041,0.082788,0.082876,0.10951,0.093365,0.10172,0.07113,0.098892,0.075844,0.07702,0.079213,0.10011,0.082785,0,0.078557,0.08883,0.090108,0.075646,0.10677,0.072694,0.088764,0.093653,0.080511,0.083542,0.084659,0.10533,0.074128,0.087786,0.090981,0.076938,0.10065,0.082134,0.11748,0.10315,0.097477,0.10044,0.10338,0.081274,0.090123,0.087037,0.094431,0.094452,0.085538,0.08045,0.097084,0.078344,0.091494,0.085761,0.089417,0.11199,0.075082,0.076113,0.09049,0.089395,0.082004,0.082232,0.12878,0.072052,0.074112,0.094832,0.082576,0.1976,0.10274,0.087328,0.070395,0.085789,0.092314,0.12195,0.09913,0.077734,0.095297,0.080594,0.1168,0.078216,0.09593,0.088691,0.079278,0.099481,0.091955,0.087266,0.080446,0.087335
0.062675,0.052172,0.073141,0.094482,0.041867,0.053454,0.068361,0.055163,0.083135,0.038339,0.070381,0.044316,0.068576,0.041691,0.065931,0.064376,0.078557,0,0.068331,0.066685,0.06032,0.082566,0.033923,0.092605,0.058063,0.063557,0.030918,0.057348,0.074471,0.042329,0.075618,0.068789,0.055384,0.058269,0.047371,0.082672,0.055115,0.058538,0.0849,0.072024,0.045959,0.050734,0.064463,0.083222,0.053105,0.054114,0.065161,0.052831,0.045516,0.067682,0.050445,0.039037,0.09933,0.049542,0.050101,0.039995,0.055361,0.073999,0.054828,0.10691,0.03911,0.03887,0.056506,0.057482,0.17422,0.086057,0.055205,0.043252,0.053797,0.039944,0.10157,0.057686,0.058847,0.071675,0.067905,0.091739,0.05771,0.056031,0.047502,0.050724,0.088206,0.05398,0.071822,0.053532,0.064991
0.068439,0.06492,0.077297,0.087895,0.053276,0.077251,0.10064,0.086503,0.10778,0.054077,0.057177,0.043353,0.076196,0.062183,0.067711,0.059247,0.08883,0.068331,0,0.11065,0.053988,0.067558,0.059407,0.092333,0.081219,0.078331,0.056292,0.070643,0.07226,0.058701,0.091498,0.079645,0.056062,0.070372,0.061217,0.10098,0.05614,0.078059,0.086564,0.088556,0.064702,0.082928,0.095204,0.08838,0.067833,0.06073,0.075216,0.075323,0.078824,0.07792,0.074262,0.060868,0.13228,0.059617,0.060852,0.068895,0.084362,0.078455,0.056779,0.10371,0.068115,0.057157,0.078852,0.079258,0.19387,0.095136,0.069271,0.051901,0.086459,0.076307,0.11722,0.079305,0.066725,0.082284,0.067481,0.10247,0.057159,0.078667,0.060575,0.066428,0.11113,0.054406,0.065592,0.062192,0.076412
0.0989,0.092561,0.12379,0.11646,0.07904,0.07783,0.091061,0.07217,0.08909,0.08397,0.10262,0.088738,0.089212,0.090254,0.097831,0.08546,0.090108,0.066685,0.11065,0,0.09101,0.12288,0.071478,0.098174,0.090296,0.088142,0.082634,0.085307,0.090281,0.073649,0.093655,0.10156,0.082375,0.099489,0.096027,0.11205,0.10099,0.098932,0.12178,0.08625,0.070966,0.074845,0.083933,0.095091,0.10046,0.089827,0.08256,0.087163,0.082511,0.098102,0.086086,0.078182,0.095762,0.086355,0.089001,0.077413,0.093781,0.095634,0.094334,0.12679,0.073067,0.086238,0.072197,0.092717,0.18544,0.09719,0.08908,0.077064,0.073209,0.066493,0.13454,0.091975,0.09276,0.11089,0.094557,0.096189,0.083987,0.081823,0.086077,0.07277,0.10202,0.10007,0.11,0.079743,0.10264
0.051441,0.054579,0.074531,0.085684,0.045563,0.059283,0.087765,0.076812,0.09928,0.054651,0.066437,0.049109,0.061723,0.046985,0.056211,0.060856,0.075646,0.06032,0.053988,0.09101,0,0.074387,0.056141,0.071811,0.054577,0.069495,0.049102,0.055707,0.074782,0.055387,0.075225,0.058159,0.046901,0.066234,0.068841,0.083322,0.069957,0.075171,0.090935,0.063459,0.056512,0.06626,0.081336,0.078708,0.063198,0.062695,0.07085,0.060899,0.06074,0.077177,0.067266,0.059367,0.11226,0.058454,0.058309,0.069152,0.063442,0.063608,0.049,0.10706,0.06751,0.053805,0.069287,0.07684,0.17937,0.071283,0.062436,0.049386,0.075586,0.066827,0.11954,0.072061,0.074113,0.062167,0.066863,0.09636,0.063784,0.068406,0.056336,0.063901,0.10053,0.060335,0.059702,0.051667,0.053819
0.087562,0.092319,0.089378,0.12115,0.075641,0.096134,0.11239,0.085045,0.12364,0.069566,0.081813,0.080097,0.10786,0.067955,0.071728,0.084003,0.10677,0.082566,0.067558,0.12288,0.074387,0,0.068671,0.12617,0.10053,0.07352,0.0709,0.10075,0.097225,0.082603,0.10388,0.1036,0.088762,0.090422,0.064189,0.12019,0.059336,0.098056,0.11921,0.10831,0.089585,0.10141,0.1194,0.10551,0.089621,0.073141,0.085997,0.088492,0.085583,0.091171,0.10235,0.079737,0.15187,0.084796,0.085942,0.093657,0.098585,0.11146,0.063404,0.13249,0.095044,0.078681,0.09488,0.10413,0.19431,0.12552,0.085028,0.07447,0.083884,0.088977,0.10743,0.086734,0.087009,0.096756,0.075361,0.090662,0.070817,0.095156,0.085237,0.078809,0.13229,0.083848,0.086947,0.093231,0.092593
0.066576,0.057925,0.07716,0.098011,0.040562,0.064756,0.077829,0.050274,0.090314,0.029027,0.072494,0.044903,0.076326,0.043988,0.067634,0.053679,0.072694,0.033923,0.059407,0.071478,0.056141,0.068671,0,0.093266,0.067859,0.054122,0.03371,0.059521,0.06965,0.042814,0.08145,0.081963,0.057809,0.064702,0.038304,0.092745,0.046453,0.068177,0.091468,0.078798,0.045274,0.064965,0.083827,0.077437,0.054698,0.036723,0.047572,0.056491,0.046078,0.07086,0.058301,0.035009,0.11611,0.049126,0.05242,0.04705,0.064047,0.083035,0.050748,0.094156,0.042131,0.04328,0.052726,0.069513,0.17386,0.095085,0.047687,0.031108,0.05126,0.052698,0.099865,0.06925,0.047653,0.07568,0.04666,0.072546,0.047547,0.055159,0.051893,0.035315,0.095913,0.053435,0.074056,0.055193,0.065841
0.082827,0.088189,0.097695,0.086272,0.074069,0.082466,0.12588,0.10599,0.10843,0.087514,0.089769,0.078032,0.061833,0.091793,0.09055,0.078105,0.088764,0.092605,0.092333,0.098174,0.071811,0.12617,0.093266,0,0.070107,0.10001,0.088015,0.071138,0.099392,0.086031,0.086583,0.080004,0.066754,0.092122,0.11034,0.097494,0.11417,0.099363,0.097596,0.07867,0.077072,0.077108,0.102,0.06317,0.10509,0.10349,0.094961,0.10555,0.089453,0.10176,0.093151,0.09118,0.12561,0.080107,0.075975,0.092887,0.08056,0.067635,0.098287,0.11436,0.092636,0.081919,0.089839,0.090269,0.19814,0.066624,0.086403,0.084634,0.098946,0.09823,0.1521,0.11088,0.093317,0.10282,0.10289,0.11771,0.088705,0.082401,0.076205,0.10154,0.087798,0.089432,0.074459,0.066847,0.087328
0.063436,0.055727,0.069939,0.083852,0.05324,0.0641,0.089138,0.079235,0.10569,0.058373,0.081119,0.058337,0.067789,0.055824,0.061455,0.069256,0.093653,0.058063,0.081219,0.090296,0.054577,0.10053,0.067859,0.070107,0,0.077878,0.054516,0.041501,0.088431,0.066875,0.071202,0.058503,0.05256,0.058882,0.077382,0.07527,0.081865,0.064233,0.083636,0.052111,0.056733,0.053363,0.083102,0.071938,0.071526,0.077356,0.081296,0.066289,0.060657,0.087373,0.066487,0.057475,0.11545,0.05842,0.054785,0.062573,0.045037,0.065484,0.071234,0.10178,0.072257,0.052723,0.070659,0.069868,0.17502,0.072139,0.061036,0.066903,0.072515,0.066396,0.11808,0.085239,0.076358,0.066679,0.080472,0.10278,0.077033,0.058631,0.050063,0.079107,0.071094,0.063522,0.061009,0.052972,0.052198
0.090277,0.08951,0.092484,0.11178,0.068684,0.071728,0.088892,0.06946,0.10183,0.056918,0.088329,0.074337,0.092047,0.065497,0.073998,0.081969,0.080511,0.063557,0.078331,0.088142,0.069495,0.07352,0.054122,0.10001,0.077878,0,0.057896,0.078134,0.098299,0.074841,0.081148,0.082558,0.080538,0.085485,0.068739,0.11887,0.079773,0.10118,0.11185,0.093648,0.072731,0.078976,0.090607,0.096314,0.083513,0.064281,0.078122,0.07798,0.063226,0.069772,0.080865,0.07288,0.12897,0.066955,0.066334,0.077052,0.079589,0.099559,0.069411,0.126,0.064595,0.06688,0.07926,0.091037,0.19313,0.10314,0.071016,0.065988,0.061416,0.075048,0.075398,0.086049,0.079768,0.077996,0.073837,0.092068,0.074298,0.082875,0.075255,0.070711,0.098398,0.080924,0.091108,0.07421,0.076249
0.053324,0.044356,0.062589,0.092297,0.035023,0.059777,0.068611,0.057221,0.091111,0.03495,0.064942,0.04181,0.068336,0.036559,0.057347,0.062259,0.083542,0.030918,0.056292,0.082634,0.049102,0.0709,0.03371,0.088015,0.054516,0.057896,0,0.053238,0.064219,0.041457,0.073193,0.066963,0.056064,0.059656,0.044851,0.076564,0.046446,0.061579,0.082584,0.074408,0.041224,0.053256,0.076913,0.079948,0.042276,0.041868,0.061363,0.047962,0.042063,0.067241,0.053344,0.034913,0.11073,0.043948,0.044113,0.040726,0.055124,0.074365,0.049705,0.09748,0.043362,0.037421,0.055347,0.064657,0.17397,0.084762,0.041369,0.032665,0.057481,0.053228,0.10181,0.062518,0.054549,0.068126,0.061182,0.086301,0.057386,0.051922,0.042049,0.050102,0.094074,0.0462,0.065975,0.052513,0.058266
0.063411,0.04862,0.072105,0.078047,0.04637,0.060595,0.088702,0.07405,0.092467,0.05385,0.068063,0.04783,0.059197,0.051186,0.06905,0.05828,0.084659,0.057348,0.070643,0.085307,0.055707,0.10075,0.059521,0.071138,0.041501,0.078134,0.053238,0,0.07483,0.050921,0.069525,0.057983,0.043105,0.049164,0.071782,0.072819,0.076704,0.054461,0.073239,0.063393,0.045581,0.051016,0.079757,0.063934,0.067226,0.06426,0.068698,0.073957,0.060297,0.078437,0.061363,0.052448,0.10766,0.046414,0.044577,0.052128,0.055106,0.060893,0.066654,0.084154,0.058852,0.037012,0.071666,0.063036,0.16618,0.075258,0.058184,0.056376,0.068783,0.060178,0.12852,0.080122,0.062861,0.071543,0.074383,0.09933,0.064779,0.060289,0.049107,0.070233,0.078017,0.061811,0.067109,0.042964,0.061357
0.075063,0.069426,0.099254,0.11202,0.060296,0.0861,0.09797,0.074138,0.093718,0.067674,0.074555,0.069806,0.08477,0.073185,0.083015,0.079376,0.10533,0.074471,0.07226,0.090281,0.074782,0.097225,0.06965,0.099392,0.088431,0.098299,0.064219,0.07483,0,0.049243,0.082548,0.097261,0.069277,0.078987,0.076939,0.09417,0.071766,0.082655,0.10619,0.084151,0.054867,0.070898,0.10155,0.0884,0.075188,0.066685,0.077753,0.068401,0.075537,0.09815,0.085484,0.063768,0.12189,0.071576,0.073463,0.061875,0.098039,0.085618,0.080594,0.09454,0.07415,0.07216,0.073406,0.09619,0.18345,0.092946,0.067424,0.05943,0.080125,0.07661,0.14783,0.073454,0.078868,0.10582,0.083027,0.088974,0.072226,0.065115,0.069933,0.062475,0.11677,0.071319,0.08982,0.074023,0.098037
0.055011,0.05244,0.073983,0.086037,0.035124,0.054175,0.073062,0.050338,0.072505,0.041492,0.059874,0.043313,0.056928,0.040623,0.061278,0.058437,0.074128,0.042329,0.058701,0.073649,0.055387,0.082603,0.042814,0.086031,0.066875,0.074841,0.041457,0.050921,0.049243,0,0.063018,0.071911,0.042457,0.056535,0.051676,0.084984,0.059918,0.062896,0.079451,0.072987,0.033421,0.050383,0.068717,0.073562,0.056022,0.042972,0.053938,0.058934,0.049021,0.077032,0.062848,0.039761,0.094556,0.042013,0.044055,0.039802,0.070522,0.062847,0.053493,0.087085,0.041862,0.038795,0.056669,0.065694,0.17363,0.077603,0.054069,0.036142,0.054097,0.049344,0.12416,0.059268,0.057489,0.074833,0.060752,0.085422,0.047075,0.054511,0.045909,0.03919,0.094686,0.053951,0.06471,0.052164,0.073758
0.084363,0.087022,0.087913,0.10321,0.067055,0.051147,0.10227,0.085184,0.073417,0.077028,0.070691,0.073861,0.071302,0.069048,0.082447,0.084725,0.087786,0.075618,0.091498,0.093655,0.075225,0.10388,0.08145,0.086583,0.071202,0.081148,0.073193,0.069525,0.082548,0.063018,0,0.063088,0.063454,0.079677,0.092051,0.11154,0.10009,0.093144,0.09456,0.073479,0.069115,0.050758,0.075671,0.080333,0.08721,0.085926,0.091329,0.08224,0.062454,0.088451,0.084181,0.080729,0.099505,0.070661,0.06433,0.080084,0.083478,0.071893,0.089235,0.11768,0.072612,0.067013,0.088023,0.074995,0.18257,0.069311,0.084775,0.075665,0.062482,0.073094,0.12731,0.081697,0.097017,0.078538,0.097337,0.1077,0.078618,0.071664,0.074935,0.084051,0.086978,0.085503,0.078546,0.071215,0.080046
0.079711,0.072919,0.078606,0.096058,0.064074,0.051874,0.095254,0.09607,0.094854,0.07892,0.070097,0.067827,0.066126,0.065428,0.076186,0.08201,0.090981,0.068789,0.079645,0.10156,0.058159,0.1036,0.081963,0.080004,0.058503,0.082558,0.066963,0.057983,0.097261,0.071911,0.063088,0,0.059637,0.073711,0.095193,0.091175,0.09586,0.081705,0.085076,0.078398,0.077914,0.059422,0.065439,0.09429,0.077931,0.091652,0.097798,0.084206,0.073959,0.071936,0.075999,0.080101,0.10403,0.070746,0.063857,0.085251,0.071132,0.066889,0.080495,0.12111,0.074023,0.059665,0.097949,0.072188,0.17297,0.063981,0.090004,0.076836,0.088714,0.07139,0.12651,0.074223,0.097113,0.069532,0.1025,0.13123,0.085683,0.087637,0.07528,0.093425,0.094887,0.076159,0.077417,0.068446,0.067777
0.054806,0.052598,0.073506,0.069767,0.042063,0.05578,0.09264,0.069968,0.092794,0.052315,0.058253,0.039106,0.047636,0.052214,0.060767,0.046304,0.076938,0.055384,0.056062,0.082375,0.046901,0.088762,0.057809,0.066754,0.05256,0.080538,0.056064,0.043105,0.069277,0.042457,0.063454,0.059637,0,0.051693,0.065825,0.085068,0.071582,0.060014,0.072841,0.049804,0.047021,0.055677,0.076377,0.065296,0.069854,0.065037,0.062473,0.063963,0.067737,0.086997,0.06637,0.05105,0.10794,0.048771,0.04742,0.059282,0.063132,0.042242,0.057176,0.094633,0.062358,0.041418,0.064401,0.059332,0.1782,0.06691,0.062693,0.049159,0.070536,0.052055,0.12779,0.07625,0.06285,0.072481,0.062686,0.091121,0.041708,0.054123,0.046136,0.058797,0.079077,0.060246,0.046236,0.044975,0.060114
0.061661,0.059424,0.057908,0.079683,0.047595,0.061769,0.097978,0.072037,0.090692,0.052737,0.069074,0.05325,0.068995,0.045742,0.068552,0.078002,0.10065,0.058269,0.070372,0.099489,0.066234,0.090422,0.064702,0.092122,0.058882,0.085485,0.059656,0.049164,0.078987,0.056535,0.079677,0.073711,0.051693,0,0.06308,0.090648,0.068369,0.054558,0.075412,0.059629,0.051375,0.055686,0.079839,0.07677,0.065801,0.063005,0.087659,0.071774,0.062643,0.080144,0.06311,0.059671,0.11568,0.049711,0.047169,0.055822,0.073782,0.069548,0.055861,0.096071,0.064969,0.039235,0.067942,0.071766,0.16644,0.078964,0.067867,0.072242,0.064868,0.051873,0.12192,0.071167,0.075368,0.06837,0.08032,0.093887,0.060863,0.058231,0.044043,0.07481,0.081013,0.064691,0.061432,0.052359,0.069064
0.067514,0.061651,0.074913,0.09924,0.057535,0.082081,0.087871,0.056756,0.10716,0.029494,0.080645,0.049391,0.085669,0.046663,0.071083,0.067695,0.082134,0.047371,0.061217,0.096027,0.068841,0.064189,0.038304,0.11034,0.077382,0.068739,0.044851,0.071782,0.076939,0.051676,0.092051,0.095193,0.065825,0.06308,0,0.099856,0.041313,0.065103,0.092849,0.086969,0.057066,0.078271,0.095122,0.090002,0.062134,0.039737,0.060641,0.05755,0.060831,0.086828,0.070048,0.047439,0.1283,0.05522,0.058253,0.053738,0.073442,0.087269,0.044255,0.10536,0.057895,0.048334,0.066507,0.073743,0.17897,0.11213,0.055377,0.045405,0.065401,0.065608,0.098063,0.07788,0.049281,0.079882,0.047876,0.081691,0.05246,0.062991,0.057637,0.049162,0.10268,0.056957,0.072581,0.070284,0.074037
0.06727,0.062918,0.095332,0.11128,0.080558,0.10453,0.10189,0.1048,0.12557,0.09043,0.10053,0.085615,0.085336,0.079936,0.093908,0.093746,0.11748,0.082672,0.10098,0.11205,0.083322,0.12019,0.092745,0.097494,0.07527,0.11887,0.076564,0.072819,0.09417,0.084984,0.11154,0.091175,0.085068,0.090648,0.099856,0,0.09727,0.068464,0.097247,0.09798,0.082889,0.088602,0.11612,0.097797,0.086576,0.10208,0.092331,0.09726,0.091746,0.11541,0.095068,0.081136,0.12805,0.08675,0.088456,0.076123,0.065138,0.08604,0.098844,0.11332,0.10206,0.077501,0.10001,0.096503,0.19628,0.1079,0.071866,0.08434,0.10824,0.093865,0.16751,0.096292,0.079634,0.11389,0.10415,0.12277,0.098733,0.091454,0.080405,0.098283,0.11692,0.090412,0.087857,0.083643,0.090898
0.071048,0.055506,0.072818,0.10042,0.052581,0.084372,0.095323,0.068903,0.10896,0.049244,0.073279,0.055593,0.088442,0.057728,0.072626,0.064193,0.10315,0.055115,0.05614,0.10099,0.069957,0.059336,0.046453,0.11417,0.081865,0.079773,0.046446,0.076704,0.071766,0.059918,0.10009,0.09586,0.071582,0.068369,0.041313,0.09727,0,0.061488,0.091734,0.091535,0.060461,0.082427,0.10068,0.092658,0.061205,0.051346,0.073151,0.064089,0.071562,0.082045,0.06885,0.046434,0.13114,0.063521,0.06684,0.059179,0.082034,0.090487,0.047696,0.10467,0.066527,0.056566,0.068941,0.081846,0.17357,0.11217,0.06409,0.052412,0.073934,0.063004,0.1108,0.080196,0.066574,0.089906,0.066068,0.084158,0.056479,0.064856,0.060131,0.05913,0.11293,0.051597,0.080014,0.06834,0.07635
0.059447,0.048778,0.071927,0.080402,0.057468,0.081191,0.10126,0.083539,0.10788,0.061671,0.076753,0.056833,0.068584,0.060997,0.080455,0.06993,0.097477,0.058538,0.078059,0.098932,0.075171,0.098056,0.068177,0.099363,0.064233,0.10118,0.061579,0.054461,0.082655,0.062896,0.093144,0.081705,0.060014,0.054558,0.065103,0.068464,0.061488,0,0.063649,0.077622,0.057268,0.07017,0.090688,0.082093,0.069113,0.076641,0.08487,0.078255,0.075432,0.088189,0.063521,0.055983,0.1149,0.057449,0.058883,0.057181,0.068081,0.066117,0.066253,0.10342,0.07276,0.043118,0.078297,0.064071,0.16488,0.10035,0.068845,0.068095,0.081493,0.060035,0.13596,0.085286,0.064108,0.094628,0.08349,0.10447,0.064368,0.065545,0.05494,0.078611,0.08527,0.063988,0.067249,0.059691,0.072352
0.07067,0.075236,0.06297,0.060781,0.070116,0.083993,0.10913,0.10274,0.1075,0.085364,0.093606,0.07736,0.058079,0.08198,0.095778,0.091783,0.10044,0.0849,0.086564,0.12178,0.090935,0.11921,0.091468,0.097596,0.083636,0.11185,0.082584,0.073239,0.10619,0.079451,0.09456,0.085076,0.072841,0.075412,0.092849,0.097247,0.091734,0.063649,0,0.097438,0.072145,0.08686,0.0863,0.098095,0.074124,0.08941,0.10526,0.099806,0.087439,0.098213,0.074147,0.079825,0.11153,0.057678,0.058238,0.079173,0.090885,0.059149,0.084957,0.098829,0.076787,0.06215,0.090688,0.077432,0.18516,0.089125,0.086953,0.08935,0.095526,0.07855,0.14153,0.11279,0.086568,0.094472,0.098955,0.12387,0.076716,0.0852,0.06905,0.094431,0.076424,0.079392,0.066204,0.072883,0.076584
0.068736,0.070454,0.089103,0.086064,0.064745,0.066495,0.10413,0.085023,0.10501,0.073907,0.082601,0.066705,0.073245,0.071018,0.077117,0.078823,0.10338,0.072024,0.088556,0.08625,0.063459,0.10831,0.078798,0.07867,0.052111,0.093648,0.074408,0.063393,0.084151,0.072987,0.073479,0.078398,0.049804,0.059629,0.086969,0.09798,0.091535,0.077622,0.097438,0,0.061965,0.060535,0.088342,0.078314,0.083421,0.085045,0.092311,0.062803,0.076922,0.10445,0.073335,0.072088,0.11596,0.073243,0.07138,0.074665,0.075297,0.064838,0.07664,0.11434,0.083014,0.069094,0.064666,0.077883,0.18029,0.066687,0.07587,0.077604,0.076282,0.061371,0.13025,0.089762,0.090815,0.076683,0.084754,0.09052,0.072431,0.053497,0.059454,0.081064,0.07587,0.084307,0.066441,0.058771,0.065274
0.047882,0.052734,0.069609,0.070537,0.029469,0.056063,0.075895,0.05127,0.079283,0.042364,0.067041,0.046458,0.051703,0.049768,0.058147,0.061551,0.081274,0.045959,0.064702,0.070966,0.056512,0.089585,0.045274,0.077072,0.056733,0.072731,0.041224,0.045581,0.054867,0.033421,0.069115,0.077914,0.047021,0.051375,0.057066,0.082889,0.060461,0.057268,0.072145,0.061965,0,0.049585,0.072458,0.066467,0.05654,0.04354,0.064351,0.058431,0.046412,0.074217,0.054225,0.034653,0.097834,0.030948,0.035139,0.031796,0.067993,0.060851,0.055238,0.085207,0.041894,0.03916,0.038079,0.067665,0.17238,0.073806,0.046477,0.045374,0.049844,0.04726,0.11937,0.075595,0.056993,0.07747,0.063229,0.075788,0.050165,0.04285,0.030611,0.046601,0.076585,0.052953,0.060283,0.040418,0.068347
0.071404,0.063358,0.074279,0.093899,0.048003,0.042536,0.090025,0.07509,0.069346,0.061285,0.061574,0.056287,0.067321,0.051511,0.072721,0.076463,0.090123,0.050734,0.082928,0.074845,0.06626,0.10141,0.064965,0.077108,0.053363,0.078976,0.053256,0.051016,0.070898,0.050383,0.050758,0.059422,0.055677,0.055686,0.078271,0.088602,0.082427,0.07017,0.08686,0.060535,0.049585,0,0.061877,0.065577,0.067802,0.072654,0.086868,0.071698,0.050634,0.07047,0.059828,0.064513,0.091669,0.056939,0.051237,0.058394,0.071891,0.070728,0.072403,0.10568,0.054892,0.050171,0.066759,0.056278,0.1673,0.058601,0.069557,0.063542,0.051461,0.052956,0.12103,0.060587,0.082937,0.070898,0.091292,0.10013,0.070641,0.056111,0.051888,0.077441,0.08164,0.073762,0.074462,0.053485,0.073956
0.08574,0.086634,0.092165,0.091545,0.071957,0.043208,0.079659,0.089609,0.069679,0.084238,0.086665,0.079246,0.068996,0.074808,0.089741,0.10135,0.087037,0.064463,0.095204,0.083933,0.081336,0.1194,0.083827,0.102,0.083102,0.090607,0.076913,0.079757,0.10155,0.068717,0.075671,0.065439,0.076377,0.079839,0.095122,0.11612,0.10068,0.090688,0.0863,0.088342,0.072458,0.061877,0,0.11011,0.076749,0.086962,0.10948,0.085625,0.073699,0.071478,0.063705,0.084525,0.062258,0.071406,0.069415,0.079004,0.096224,0.076501,0.080167,0.12894,0.054787,0.070672,0.083346,0.076237,0.17478,0.067135,0.099549,0.085819,0.077528,0.06026,0.11832,0.075858,0.10741,0.072727,0.10842,0.13094,0.089781,0.090757,0.075917,0.088256,0.092794,0.088517,0.092055,0.073576,0.08553
0.084723,0.079428,0.086402,0.09229,0.063692,0.079789,0.12905,0.092692,0.096621,0.072963,0.072178,0.063735,0.077161,0.075802,0.085111,0.058752,0.094431,0.083222,0.08838,0.095091,0.078708,0.10551,0.077437,0.06317,0.071938,0.096314,0.079948,0.063934,0.0884,0.073562,0.080333,0.09429,0.065296,0.07677,0.090002,0.097797,0.092658,0.082093,0.098095,0.078314,0.066467,0.065577,0.11011,0,0.10089,0.08842,0.080047,0.10426,0.075853,0.096788,0.090138,0.077753,0.12585,0.072999,0.069997,0.07877,0.077338,0.082098,0.086919,0.10207,0.086706,0.07031,0.082014,0.071606,0.18475,0.089831,0.077636,0.073918,0.071612,0.087011,0.14514,0.10328,0.078608,0.099639,0.090854,0.091214,0.07141,0.068604,0.06761,0.091274,0.094036,0.083735,0.075912,0.061519,0.091274
0.059631,0.04988,0.062085,0.097482,0.051399,0.070262,0.070815,0.077523,0.096983,0.057754,0.084797,0.060212,0.079014,0.048464,0.0813,0.085723,0.094452,0.053105,0.067833,0.10046,0.063198,0.089621,0.054698,0.10509,0.071526,0.083513,0.042276,0.067226,0.075188,0.056022,0.08721,0.077931,0.069854,0.065801,0.062134,0.086576,0.061205,0.069113,0.074124,0.083421,0.05654,0.067802,0.076749,0.10089,0,0.050574,0.083135,0.052226,0.054943,0.083146,0.050056,0.055589,0.11023,0.054195,0.057016,0.056797,0.078538,0.080171,0.060033,0.08898,0.049974,0.053678,0.064139,0.075892,0.17502,0.082861,0.056794,0.056567,0.072653,0.060587,0.11174,0.073217,0.072956,0.06369,0.071402,0.098868,0.070866,0.065025,0.057476,0.060623,0.10057,0.062967,0.075832,0.066707,0.057811
0.064244,0.062216,0.072951,0.091674,0.048104,0.072402,0.072397,0.048436,0.094877,0.040104,0.078961,0.055052,0.079391,0.047703,0.06683,0.07071,0.085538,0.054114,0.06073,0.089827,0.062695,0.073141,0.036723,0.10349,0.077356,0.064281,0.041868,0.06426,0.066685,0.042972,0.085926,0.091652,0.065037,0.063005,0.039737,0.10208,0.051346,0.076641,0.08941,0.085045,0.04354,0.072654,0.086962,0.08842,0.050574,0,0.057936,0.056782,0.053549,0.081337,0.065252,0.042899,0.11761,0.046868,0.051745,0.049658,0.081118,0.086536,0.046538,0.084087,0.044821,0.050534,0.051488,0.081743,0.1711,0.09701,0.051353,0.04257,0.058203,0.062337,0.10379,0.079056,0.057957,0.071261,0.045836,0.073193,0.05437,0.059811,0.052251,0.03833,0.10286,0.059662,0.075951,0.064577,0.072594
0.076157,0.071065,0.098475,0.10562,0.064844,0.08915,0.088307,0.060244,0.10947,0.056375,0.086692,0.063805,0.083045,0.066557,0.077691,0.050125,0.08045,0.065161,0.075216,0.08256,0.07085,0.085997,0.047572,0.094961,0.081296,0.078122,0.061363,0.068698,0.077753,0.053938,0.091329,0.097798,0.062473,0.087659,0.060641,0.092331,0.073151,0.08487,0.10526,0.092311,0.064351,0.086868,0.10948,0.080047,0.083135,0.057936,0,0.077055,0.074237,0.10621,0.090141,0.050869,0.12993,0.070561,0.074352,0.064381,0.067322,0.087809,0.075061,0.089973,0.07339,0.065146,0.072572,0.087226,0.18826,0.11124,0.055843,0.040969,0.076931,0.079408,0.13199,0.093168,0.045668,0.097741,0.042099,0.075868,0.057419,0.070093,0.070987,0.043319,0.11162,0.073388,0.080159,0.074278,0.083454
0.066418,0.058313,0.084352,0.105,0.060808,0.075684,0.072287,0.063492,0.10882,0.05575,0.091122,0.0634,0.084763,0.059238,0.07403,0.0818,0.097084,0.052831,0.075323,0.087163,0.060899,0.088492,0.056491,0.10555,0.066289,0.07798,0.047962,0.073957,0.068401,0.058934,0.08224,0.084206,0.063963,0.071774,0.05755,0.09726,0.064089,0.078255,0.099806,0.062803,0.058431,0.071698,0.085625,0.10426,0.052226,0.056782,0.077055,0,0.063325,0.099264,0.06732,0.053578,0.11871,0.06629,0.067978,0.061547,0.076761,0.079273,0.06109,0.10818,0.063391,0.065456,0.060662,0.083634,0.18047,0.089461,0.060617,0.054893,0.075268,0.059665,0.10666,0.077968,0.077168,0.071755,0.06392,0.088685,0.070698,0.055756,0.063925,0.052293,0.09944,0.064675,0.07896,0.073222,0.062873
0.066359,0.066306,0.063322,0.10046,0.041913,0.052493,0.07945,0.058452,0.071972,0.044298,0.079271,0.056963,0.07181,0.040709,0.068591,0.078018,0.078344,0.045516,0.078824,0.082511,0.06074,0.085583,0.046078,0.089453,0.060657,0.063226,0.042063,0.060297,0.075537,0.049021,0.062454,0.073959,0.067737,0.062643,0.060831,0.091746,0.071562,0.075432,0.087439,0.076922,0.046412,0.050634,0.073699,0.075853,0.054943,0.053549,0.074237,0.063325,0,0.069525,0.063924,0.053081,0.10055,0.04658,0.044887,0.051239,0.063812,0.080678,0.064999,0.09792,0.045256,0.04894,0.063422,0.070603,0.17591,0.079413,0.057297,0.056093,0.041578,0.060775,0.10609,0.070561,0.071192,0.064217,0.075663,0.089385,0.071116,0.059985,0.056295,0.058884,0.089328,0.057598,0.075127,0.060149,0.068928
0.093098,0.092007,0.088319,0.10362,0.064474,0.060852,0.1026,0.092477,0.084973,0.072821,0.068757,0.072713,0.086081,0.07414,0.082231,0.089904,0.091494,0.067682,0.07792,0.098102,0.077177,0.091171,0.07086,0.10176,0.087373,0.069772,0.067241,0.078437,0.09815,0.077032,0.088451,0.071936,0.086997,0.080144,0.086828,0.11541,0.082045,0.088189,0.098213,0.10445,0.074217,0.07047,0.071478,0.096788,0.083146,0.081337,0.10621,0.099264,0.069525,0,0.071151,0.080089,0.11085,0.069282,0.065567,0.082045,0.095576,0.10078,0.078195,0.12951,0.060864,0.064544,0.090519,0.082226,0.16575,0.0944,0.095243,0.079841,0.075413,0.075783,0.10476,0.073721,0.096331,0.090347,0.1069,0.1231,0.087729,0.095322,0.076009,0.09332,0.10608,0.076451,0.097044,0.071862,0.093945
0.064401,0.0558,0.077881,0.083983,0.057492,0.05743,0.087032,0.088715,0.086338,0.061748,0.074292,0.055626,0.069265,0.060093,0.091434,0.079487,0.085761,0.050445,0.074262,0.086086,0.067266,0.10235,0.058301,0.093151,0.066487,0.080865,0.053344,0.061363,0.085484,0.062848,0.084181,0.075999,0.06637,0.06311,0.070048,0.095068,0.06885,0.063521,0.074147,0.073335,0.054225,0.059828,0.063705,0.090138,0.050056,0.065252,0.090141,0.06732,0.063924,0.071151,0,0.06249,0.098126,0.061156,0.062064,0.054724,0.073506,0.072978,0.063925,0.10845,0.046107,0.050475,0.057559,0.064278,0.16893,0.079985,0.064518,0.062244,0.067304,0.053813,0.109,0.076145,0.078659,0.068723,0.08336,0.10136,0.070772,0.056418,0.048844,0.074308,0.082497,0.071427,0.075963,0.041756,0.051801
0.056541,0.051557,0.071284,0.083107,0.034414,0.067102,0.070082,0.047469,0.096208,0.038652,0.071006,0.045708,0.067326,0.051378,0.054337,0.051656,0.089417,0.039037,0.060868,0.078182,0.059367,0.079737,0.035009,0.09118,0.057475,0.07288,0.034913,0.052448,0.063768,0.039761,0.080729,0.080101,0.05105,0.059671,0.047439,0.081136,0.046434,0.055983,0.079825,0.072088,0.034653,0.064513,0.084525,0.077753,0.055589,0.042899,0.050869,0.053578,0.053081,0.080089,0.06249,0,0.11373,0.044466,0.047889,0.036892,0.059308,0.074152,0.058025,0.082574,0.049575,0.042333,0.047708,0.071214,0.16886,0.091364,0.048084,0.038265,0.061597,0.051892,0.11473,0.07694,0.049249,0.081305,0.052856,0.078198,0.052207,0.048928,0.040428,0.038115,0.089561,0.040834,0.06389,0.054345,0.068113
0.10866,0.1091,0.12327,0.1132,0.10325,0.077236,0.10187,0.11516,0.072917,0.12099,0.11357,0.11077,0.08926,0.10605,0.12108,0.12481,0.11199,0.09933,0.13228,0.095762,0.11226,0.15187,0.11611,0.12561,0.11545,0.12897,0.11073,0.10766,0.12189,0.094556,0.099505,0.10403,0.10794,0.11568,0.1283,0.12805,0.13114,0.1149,0.11153,0.11596,0.097834,0.091669,0.062258,0.12585,0.11023,0.11761,0.12993,0.11871,0.10055,0.11085,0.098126,0.11373,0,0.10461,0.10567,0.10186,0.11964,0.097717,0.11266,0.14995,0.090856,0.10643,0.10958,0.10036,0.19397,0.096084,0.12592,0.11319,0.10035,0.090562,0.16278,0.11044,0.1346,0.1072,0.13858,0.14994,0.11934,0.11802,0.10872,0.11397,0.12584,0.122,0.12439,0.10046,0.11891
0.053667,0.057418,0.055432,0.068275,0.032079,0.058935,0.079636,0.056284,0.086386,0.039603,0.07294,0.047416,0.052131,0.045839,0.056121,0.066207,0.075082,0.049542,0.059617,0.086355,0.058454,0.084796,0.049126,0.080107,0.05842,0.066955,0.043948,0.046414,0.071576,0.042013,0.070661,0.070746,0.048771,0.049711,0.05522,0.08675,0.063521,0.057449,0.057678,0.073243,0.030948,0.056939,0.071406,0.072999,0.054195,0.046868,0.070561,0.06629,0.04658,0.069282,0.061156,0.044466,0.10461,0,0.012751,0.044894,0.069548,0.059253,0.051869,0.086474,0.042133,0.032204,0.058256,0.064395,0.17979,0.07646,0.052958,0.0527,0.055597,0.052136,0.10993,0.08084,0.054834,0.07164,0.063656,0.088884,0.048937,0.060523,0.041029,0.053972,0.071428,0.051057,0.056274,0.050694,0.066374
