1,0.58163,0.51122,0.55612,0.45482,0.20648,0.29446,-0.09707,0.36871,0.070081,0.41822,0.2333,0.39689,0.39387,0.37347,0.64672,0.44419,0.44924,0.25438,0.38246,0.4714,0.45546,0.294,0.25923,0.0044364,0.22882,0.45572,0.3535,0.38821,0.45813,0.41857,0.45594,0.35023,0.46433,0.44521,0.36602,0.3847,0.23503,0.37059,0.52493,0.21733,0.38456,-0.024524,0.30524,0.47101,0.23615,0.25219,0.42704,0.28306,0.30647,0.24597,0.30981,0.19343,0.36787,0.41322,0.17984,0.48254,0.39131,0.4183,0.37127,0.50238,0.3606,0.39475,0.5652,0.54826,0.39159,0.039704,0.45107,0.49909,0.14237,0.40888,0.3072,0.36178,0.38329,0.28917,0.51456,0.27759,0.47922,0.31284,0.35307,0.30689,0.23267,0.21426,0.31626,0.40804
0.58163,1,0.4636,0.57356,0.35834,0.19974,0.17159,0.028297,0.38458,-0.23825,0.43134,0.090187,0.41777,0.32079,0.40524,0.26684,0.30188,0.25723,0.41004,0.18717,0.11414,0.25984,-0.10994,0.082792,0.12205,0.0079071,0.23427,0.23873,0.16851,0.44882,0.5044,0.50133,0.31196,0.29518,0.18085,0.38907,0.73838,0.43533,0.45059,0.11692,0.23829,0.35027,0.12345,0.17092,0.34413,0.36944,0.044766,0.35125,0.31495,0.30678,0.10258,0.24053,0.39288,0.36305,0.35882,0.39346,0.3665,0.42207,0.27414,0.36355,0.41147,0.095809,0.35508,0.25146,0.25836,0.46323,0.062648,-0.026594,0.3535,-0.016113,0.46339,0.048461,0.27306,0.49463,-0.089511,0.33551,0.33038,0.51328,0.10794,0.11734,0.43223,0.64799,0.35902,0.14924,0.16423
0.51122,0.4636,1,0.81114,0.80044,0.37899,0.35519,0.15468,0.67534,0.31678,0.80176,0.56141,0.85547,0.47271,0.56042,0.24059,0.80372,0.1668,0.73577,0.68646,0.52603,0.82852,0.14515,0.72708,0.54739,0.29542,0.4586,0.66026,0.68461,0.67392,0.78419,0.55395,0.47364,0.52883,0.51575,0.73328,0.58552,0.86127,0.85161,0.62047,0.49969,0.64896,0.44392,0.68811,0.37502,-0.04291,-0.07715,0.65039,0.78739,0.74519,0.53242,0.565,0.6261,0.53952,0.52059,0.46088,0.61439,0.84392,0.77376,0.77691,0.47251,0.58519,0.15061,0.68696,0.67506,0.78571,0.039894,0.52921,0.54349,0.62956,0.25052,0.2496,0.17874,0.84533,0.087148,0.53012,0.69815,0.018832,0.56038,0.091179,0.81621,0.27543,0.65494,0.72842,0.7579
0.55612,0.57356,0.81114,1,0.67496,0.60625,0.19047,-0.058529,0.8011,0.23297,0.72459,0.51829,0.92697,0.52302,0.48066,0.3336,0.77478,0.33291,0.72085,0.63224,0.48787,0.67929,-0.021421,0.66296,0.38792,0.16748,0.34605,0.6516,0.63067,0.72768,0.84794,0.68824,0.59968,0.46621,0.37526,0.76443,0.42423,0.74717,0.91803,0.65143,0.56398,0.63118,0.39112,0.57214,0.47678,-0.1281,0.0083242,0.61202,0.72084,0.79144,0.33417,0.72299,0.63464,0.35924,0.36217,0.34402,0.59394,0.91127,0.81851,0.85887,0.56811,0.68701,0.1379,0.71648,0.71431,0.77491,-0.23265,0.40985,0.53685,0.43304,0.10836,0.43741,0.19336,0.87268,0.13089,0.59757,0.74495,0.016887,0.3181,0.15848,0.87991,0.23399,0.73836,0.62448,0.55077
0.45482,0.35834,0.80044,0.67496,1,0.49689,0.6393,0.32343,0.66257,0.40523,0.79412,0.60103,0.80597,0.28804,0.72067,-0.041285,0.7836,0.062349,0.6984,0.64456,0.68327,0.6562,0.023725,0.5795,0.47595,0.40347,0.61739,0.66927,0.69598,0.74051,0.59235,0.44885,0.48428,0.36708,0.59108,0.70039,0.44549,0.73974,0.7288,0.63736,0.48422,0.48037,0.18476,0.55641,0.52128,-0.030368,0.027454,0.56227,0.73184,0.67846,0.48216,0.46786,0.3854,0.79597,0.77909,0.55689,0.45811,0.71058,0.72652,0.73948,0.2552,0.51034,0.006526,0.57831,0.56133,0.84929,0.057313,0.52766,0.63299,0.43036,0.31458,0.27016,0.29652,0.60715,0.19462,0.36228,0.50228,-0.066941,0.60727,0.27349,0.70903,0.1734,0.5302,0.65614,0.62341
0.20648,0.19974,0.37899,0.60625,0.49689,1,0.12978,-0.15803,0.51222,0.20784,0.43282,0.44666,0.58918,-0.1295,0.22547,0.034942,0.59231,-0.014915,0.35055,0.18597,0.32406,0.29629,-0.18557,0.56077,0.28125,0.024786,0.25898,0.46057,0.63355,0.43854,0.61496,0.6198,0.53722,0.46058,0.1006,0.58943,0.021843,0.33175,0.55147,0.6587,0.43033,0.56949,0.13059,0.20975,0.5397,-0.04734,-0.19771,0.47325,0.61753,0.72442,0.27547,0.2449,0.26066,0.21935,0.15687,0.30048,0.2298,0.50764,0.51534,0.52804,0.40862,0.63001,0.18198,0.41979,0.4265,0.6547,-0.11126,0.3989,0.71979,0.13975,-0.071416,0.29163,-0.027578,0.41401,0.36779,0.36887,0.18777,-0.18635,0.28176,0.19361,0.42443,-0.024197,0.60756,0.33838,0.18051
0.29446,0.17159,0.35519,0.19047,0.6393,0.12978,1,0.34678,0.32732,0.38961,0.33923,0.32459,0.34452,0.2468,0.67689,-0.034595,0.31963,-0.033288,0.36803,0.3247,0.48949,0.32774,-0.088563,0.21652,0.12783,0.23163,0.63559,0.31376,0.42584,0.40391,0.072432,-0.020387,0.033158,0.035009,0.57175,0.18362,0.28461,0.21971,0.21268,0.28491,0.21692,0.32647,-0.21507,0.22266,0.35441,0.10825,-0.071876,0.22642,0.23769,0.2296,0.11512,0.06568,-0.15523,0.62119,0.63205,0.37429,0.30201,0.23013,0.22981,0.1158,-0.0086145,0.13493,-0.070904,0.37262,0.35359,0.40519,0.27421,0.19591,0.38125,0.1287,0.47593,-0.089175,0.46149,0.24137,0.30906,0.22443,0.17294,0.036463,0.41027,0.1954,0.1946,0.32394,0.1391,0.39909,0.46999
-0.09707,0.028297,0.15468,-0.058529,0.32343,-0.15803,0.34678,1,-0.065377,0.095003,0.23679,0.18248,0.086819,-0.063525,0.26297,-0.48514,0.0055579,-0.24542,0.13797,0.13759,0.10336,-0.060097,-0.018632,0.07547,0.26883,0.18634,0.24881,0.13716,0.17422,-0.14737,0.02438,-0.18049,-0.14625,-0.16084,0.15926,0.035648,0.063717,0.26873,0.0069438,-0.12725,-0.010672,-0.23999,-0.11167,0.24927,0.066057,0.16934,0.028965,0.016343,-0.023343,0.10002,0.51788,-0.0098012,0.034336,0.30803,0.26153,0.44055,-0.33698,-0.017902,0.035996,0.0018996,0.044893,-0.13029,0.18301,-0.012755,-0.028349,-0.043685,0.19629,0.19329,-0.16559,0.31771,0.034987,-0.21073,0.16139,-0.085861,-0.063137,-0.097801,-0.010063,-0.097765,-0.034861,0.10891,0.035954,0.1408,-0.31333,0.13702,-0.056318
0.36871,0.38458,0.67534,0.8011,0.66257,0.51222,0.32732,-0.065377,1,0.2079,0.58743,0.57135,0.86444,0.44345,0.38198,0.10893,0.72673,0.10664,0.77314,0.43578,0.63723,0.56987,-0.20193,0.6888,0.48439,0.29112,0.34784,0.67718,0.54457,0.85353,0.71392,0.6208,0.69046,0.45017,0.49695,0.74518,0.3631,0.69686,0.83782,0.63657,0.71298,0.68136,0.60081,0.55057,0.48682,-0.16837,-0.096919,0.69309,0.67303,0.6867,0.085494,0.63634,0.65685,0.32496,0.35917,0.12278,0.55872,0.86709,0.78203,0.67062,0.47569,0.4803,-0.039433,0.69003,0.67632,0.68568,-0.056021,0.19502,0.58846,0.26536,0.092487,0.42824,0.12871,0.74158,0.047991,0.50104,0.62522,-0.18041,0.35291,-0.046138,0.82213,0.15657,0.65895,0.70095,0.63788
0.070081,-0.23825,0.31678,0.23297,0.40523,0.20784,0.38961,0.095003,0.2079,1,0.33222,0.37721,0.35203,0.15471,0.40903,-0.0016321,0.33981,-0.16584,0.23184,0.2701,0.31139,0.41005,-0.017971,0.3428,0.2058,0.32196,0.21597,0.44487,0.55174,0.15018,0.17126,0.053681,0.14391,0.13105,0.51206,0.32039,-0.031588,0.28313,0.32445,0.49728,0.2842,0.22019,-0.15338,0.40279,0.12193,-0.16593,-0.17492,0.18286,0.29559,0.32084,0.10859,0.10571,-0.14245,0.30561,0.31788,0.12058,0.078555,0.2849,0.34917,0.30387,0.0018324,0.33489,-0.081396,0.39774,0.38338,0.28734,-0.019375,0.25869,0.21326,0.28316,-0.12287,0.27207,0.35249,0.26058,0.38516,0.43876,0.26431,-0.20705,0.075679,0.19504,0.2454,-0.30671,0.31223,0.43929,0.46665
0.41822,0.43134,0.80176,0.72459,0.79412,0.43282,0.33923,0.23679,0.58743,0.33222,1,0.3938,0.83047,0.40486,0.71186,0.09056,0.72735,0.092312,0.84159,0.68396,0.58037,0.7449,-0.044677,0.57104,0.44952,0.30703,0.49934,0.61834,0.64159,0.55568,0.68376,0.48321,0.37827,0.55844,0.49951,0.75786,0.37593,0.78879,0.81772,0.5823,0.41562,0.44552,0.26796,0.4742,0.35059,-0.22348,0.082042,0.45317,0.58764,0.64714,0.50895,0.35902,0.36857,0.77271,0.77434,0.60847,0.35176,0.78093,0.76557,0.83652,0.25918,0.47191,0.1379,0.44966,0.42349,0.81991,-0.14777,0.41454,0.43319,0.57483,0.24466,0.36122,0.141,0.67195,0.14476,0.29605,0.70581,-0.080887,0.35803,0.19052,0.73234,0.22209,0.5807,0.62457,0.54068
0.2333,0.090187,0.56141,0.51829,0.60103,0.44666,0.32459,0.18248,0.57135,0.37721,0.3938,1,0.61535,0.39655,0.38614,-0.0083522,0.57942,0.13497,0.33197,0.34106,0.43319,0.49027,0.283,0.71812,0.33324,0.19812,0.40327,0.81949,0.58743,0.5197,0.6569,0.51467,0.69068,0.26967,0.27859,0.71038,0.14471,0.50312,0.56285,0.52366,0.88266,0.57082,0.43051,0.73143,0.64618,-0.0072092,0.1353,0.68379,0.64611,0.71784,0.30405,0.53568,0.53324,0.19882,0.18539,0.28967,0.19565,0.62416,0.76488,0.51839,0.43116,0.35185,0.079922,0.65478,0.65552,0.44995,0.29796,0.61094,0.47035,0.12631,0.007405,-0.076814,0.44484,0.5845,0.38261,0.63742,0.43483,-0.066249,0.50248,0.45295,0.5096,0.024149,0.56597,0.6012,0.55137
0.39689,0.41777,0.85547,0.92697,0.80597,0.58918,0.34452,0.086819,0.86444,0.35203,0.83047,0.61535,1,0.50216,0.57304,0.11301,0.83734,0.17546,0.84052,0.6373,0.61868,0.72324,-0.11688,0.74528,0.49442,0.21655,0.36551,0.75049,0.69578,0.76885,0.841,0.6002,0.57831,0.45312,0.50907,0.82713,0.37833,0.83307,0.94773,0.65514,0.64929,0.63712,0.47371,0.58737,0.4392,-0.28608,-0.0030021,0.62528,0.78237,0.82685,0.35551,0.67976,0.61462,0.52457,0.52462,0.38669,0.5316,0.95634,0.87629,0.88966,0.4536,0.6334,-0.032158,0.72338,0.70873,0.8349,-0.15431,0.39432,0.53816,0.49934,0.11541,0.36731,0.17534,0.87507,0.15878,0.53628,0.7813,-0.19525,0.42763,0.1266,0.90228,0.17899,0.78267,0.69671,0.63876
0.39387,0.32079,0.47271,0.52302,0.28804,-0.1295,0.2468,-0.063525,0.44345,0.15471,0.40486,0.39655,0.50216,1,0.51544,0.49322,0.2938,0.51355,0.46581,0.46305,0.17,0.51215,0.19521,0.32518,0.067619,0.015833,0.35663,0.37536,0.1702,0.36795,0.3619,0.19885,0.28821,0.15926,0.29194,0.39261,0.26189,0.43636,0.53469,0.098778,0.43084,0.32189,0.25603,0.51498,0.093528,-0.22276,0.36416,0.22612,0.19679,0.19443,0.025799,0.55006,0.30488,0.20247,0.29633,0.11925,0.2922,0.54279,0.51567,0.39389,0.22115,0.14722,-0.026213,0.55274,0.55109,0.31075,-0.20734,0.19999,-0.095444,0.25743,0.13586,0.082461,0.33728,0.56881,0.16607,0.31017,0.71438,0.10288,0.15681,0.18784,0.54458,0.43067,0.39484,0.42392,0.45287
0.37347,0.40524,0.56042,0.48066,0.72067,0.22547,0.67689,0.26297,0.38198,0.40903,0.71186,0.38614,0.57304,0.51544,1,-0.00033712,0.58832,0.3399,0.63061,0.62722,0.45748,0.53717,0.053162,0.23909,0.27512,0.32918,0.72109,0.37442,0.58149,0.48191,0.33404,0.19027,0.19538,0.15824,0.63016,0.47065,0.36218,0.56523,0.51881,0.32607,0.28476,0.33958,-0.090856,0.33786,0.36085,0.13688,0.32431,0.2588,0.41502,0.38515,0.27849,0.25741,0.013323,0.74372,0.76673,0.70014,0.30427,0.45866,0.53939,0.52843,-0.046606,0.29513,0.026312,0.33828,0.32497,0.65752,0.0072359,0.3343,0.27774,0.27445,0.53554,0.031058,0.46927,0.46365,0.26372,0.21292,0.50559,0.25392,0.34214,0.34294,0.42506,0.35273,0.39904,0.49579,0.50009
0.64672,0.26684,0.24059,0.3336,-0.041285,0.034942,-0.034595,-0.48514,0.10893,-0.0016321,0.09056,-0.0083522,0.11301,0.49322,-0.00033712,1,-0.021123,0.40463,0.079586,0.18591,0.018609,0.42042,0.17578,0.15367,-0.18244,-0.11094,0.15712,0.068926,0.083447,0.080936,0.1836,0.24202,0.15815,0.39586,-0.0705,0.065428,0.23619,-0.051183,0.19735,0.30149,0.033876,0.31297,0.014742,0.19367,0.12716,-0.025374,0.035418,0.17486,-0.041802,0.031976,0.038721,0.12018,0.078398,-0.096013,-0.017,-0.13002,0.39129,0.21315,0.16747,0.09903,0.43272,0.14082,0.28461,0.35632,0.35734,0.10042,-0.19746,0.23631,0.13264,0.15099,0.057976,0.27528,0.16962,0.23044,0.3162,0.29618,0.27434,0.25327,-0.051751,0.18899,0.17843,0.29673,0.12239,0.12116,0.28191
0.44419,0.30188,0.80372,0.77478,0.7836,0.59231,0.31963,0.0055579,0.72673,0.33981,0.72735,0.57942,0.83734,0.2938,0.58832,-0.021123,1,0.2489,0.61829,0.63138,0.62337,0.62464,0.21991,0.66531,0.45044,0.37565,0.5032,0.61163,0.74669,0.77696,0.70842,0.58824,0.54529,0.44442,0.63811,0.76674,0.25359,0.72149,0.78731,0.69194,0.53901,0.58904,0.36642,0.50319,0.45373,-0.066182,0.10437,0.59787,0.81274,0.75916,0.35756,0.57199,0.47944,0.50741,0.48329,0.41634,0.5097,0.75549,0.78908,0.79042,0.25514,0.76718,0.06038,0.64635,0.63372,0.78917,-0.031892,0.56156,0.6283,0.39601,0.21419,0.30093,0.11221,0.73776,0.10583,0.53849,0.53457,0.0088449,0.66021,0.12775,0.6915,-0.010401,0.71184,0.67751,0.60435
0.44924,0.25723,0.1668,0.33291,0.062349,-0.014915,-0.033288,-0.24542,0.10664,-0.16584,0.092312,0.13497,0.17546,0.51355,0.3399,0.40463,0.2489,1,0.12554,0.37095,0.184,0.14054,0.33219,-0.050388,-0.20399,-0.1493,0.21509,0.024837,0.23276,0.29252,0.19327,-0.049316,0.18786,-0.1379,0.22812,0.0098596,0.14757,0.032174,0.18264,0.080329,0.047724,0.15605,0.085307,-0.024172,0.23982,0.16383,0.72853,0.16784,0.11553,0.14492,0.14717,0.29834,0.21662,-0.089601,-0.0049279,0.29102,0.29249,0.17277,0.31525,0.22673,0.072675,0.09296,-0.029247,0.14064,0.13496,0.097238,-0.084265,0.36645,-0.071375,0.089663,0.30709,-0.035754,0.45402,0.23376,0.28738,0.16463,0.19557,0.52151,0.098238,0.5196,0.11645,0.1787,0.086165,0.085301,0.22605
0.25438,0.41004,0.73577,0.72085,0.6984,0.35055,0.36803,0.13797,0.77314,0.23184,0.84159,0.33197,0.84052,0.46581,0.63061,0.079586,0.61829,0.12554,1,0.63804,0.60143,0.72036,-0.35529,0.51085,0.56023,0.29474,0.39342,0.50515,0.5675,0.6518,0.6175,0.3965,0.38108,0.40868,0.48107,0.6372,0.4867,0.79874,0.81792,0.51281,0.41861,0.51623,0.48907,0.40885,0.30219,-0.20795,-0.0064148,0.48354,0.5545,0.5919,0.29024,0.42122,0.49574,0.57632,0.61379,0.45913,0.53116,0.81807,0.73656,0.75086,0.27926,0.32049,-0.09808,0.40317,0.37713,0.74778,-0.16457,0.14307,0.35549,0.5232,0.27387,0.35706,0.13034,0.67883,0.023776,0.20798,0.75272,-0.16088,0.17827,-0.019258,0.78322,0.31497,0.55155,0.63438,0.65405
0.38246,0.18717,0.68646,0.63224,0.64456,0.18597,0.3247,0.13759,0.43578,0.2701,0.68396,0.34106,0.6373,0.46305,0.62722,0.18591,0.63138,0.37095,0.63804,1,0.57097,0.76339,0.32024,0.43563,0.39355,0.49012,0.60398,0.41743,0.49138,0.51882,0.40669,0.30383,0.21184,0.23917,0.38086,0.46828,0.23813,0.62576,0.62713,0.54815,0.21783,0.34419,0.15097,0.53442,0.38373,-0.058096,0.16393,0.35708,0.4768,0.52753,0.47412,0.61405,0.32548,0.48086,0.49694,0.47368,0.61188,0.64989,0.70977,0.75826,0.091044,0.59655,0.025917,0.37308,0.36402,0.62116,-0.1793,0.51034,0.28222,0.55161,0.33177,0.396,0.20027,0.6242,-0.04872,0.21191,0.70976,0.13869,0.38155,0.15788,0.64419,0.0021163,0.3375,0.67919,0.63433
0.4714,0.11414,0.52603,0.48787,0.68327,0.32406,0.48949,0.10336,0.63723,0.31139,0.58037,0.43319,0.61868,0.17,0.45748,0.018609,0.62337,0.184,0.60143,0.57097,1,0.5635,-0.033047,0.5444,0.33395,0.45556,0.386,0.63814,0.64132,0.70252,0.45838,0.21066,0.31647,0.23,0.6979,0.41316,0.18574,0.4654,0.48601,0.66951,0.43738,0.47285,0.25783,0.29676,0.62996,-0.060043,0.1787,0.64662,0.45639,0.55335,0.31765,0.38306,0.26062,0.55237,0.58671,0.28546,0.56555,0.62459,0.65892,0.57274,0.15562,0.39573,-0.13727,0.42748,0.38507,0.50778,0.27385,0.32184,0.61299,0.256,0.44148,0.32823,0.33589,0.49172,0.25913,0.32163,0.44908,-7.8264e-05,0.3804,0.23764,0.4412,-0.25071,0.26076,0.5945,0.65883
0.45546,0.25984,0.82852,0.67929,0.6562,0.29629,0.32774,-0.060097,0.56987,0.41005,0.7449,0.49027,0.72324,0.51215,0.53717,0.42042,0.62464,0.14054,0.72036,0.76339,0.5635,1,0.13111,0.63029,0.52966,0.48842,0.45206,0.56677,0.60648,0.53591,0.55623,0.51634,0.30185,0.50968,0.35077,0.60601,0.47949,0.69871,0.71586,0.67537,0.48405,0.57946,0.42374,0.60901,0.4326,-0.13903,-0.030075,0.60066,0.52163,0.6094,0.39864,0.48339,0.39952,0.49786,0.51794,0.32838,0.65015,0.77707,0.75231,0.75631,0.26282,0.5364,0.091714,0.55927,0.54722,0.6652,-0.063485,0.42861,0.4364,0.4356,0.33819,0.31249,0.20856,0.75097,0.074351,0.46004,0.8176,0.04171,0.37184,0.11111,0.68563,0.13893,0.59183,0.64237,0.76365
0.294,-0.10994,0.14515,-0.021421,0.023725,-0.18557,-0.088563,-0.018632,-0.20193,-0.017971,-0.044677,0.283,-0.11688,0.19521,0.053162,0.17578,0.21991,0.33219,-0.35529,0.32024,-0.033047,0.13111,1,0.12935,-0.16813,0.19234,0.37904,0.12071,0.0049764,0.017223,0.0054916,0.12027,0.14034,0.087486,0.0047408,0.10819,-0.15931,-0.049964,-0.041562,0.10379,0.10638,-0.0043396,-0.076436,0.37514,0.17107,0.1958,0.29913,0.090383,0.07311,0.0332,0.24073,0.21383,0.071455,-0.080853,-0.09044,0.076862,0.0069298,-0.0554,0.16296,0.044587,-0.044487,0.25976,0.33955,0.1526,0.16646,-0.06583,0.15604,0.61629,0.012383,0.044484,0.014235,-0.068029,0.13751,0.074654,-0.013281,0.22879,-0.015918,0.39319,0.47616,0.29269,-0.040985,-0.16457,-0.058522,0.22469,0.11579
0.25923,0.082792,0.72708,0.66296,0.5795,0.56077,0.21652,0.07547,0.6888,0.3428,0.57104,0.71812,0.74528,0.32518,0.23909,0.15367,0.66531,-0.050388,0.51085,0.43563,0.5444,0.63029,0.12935,1,0.46516,0.18914,0.34748,0.81882,0.67816,0.55459,0.78694,0.51298,0.56049,0.51034,0.33795,0.68524,0.1219,0.67474,0.74354,0.64655,0.69947,0.72092,0.44401,0.75242,0.51057,-0.18038,-0.2208,0.75788,0.66725,0.77125,0.47761,0.53051,0.53641,0.25371,0.22101,0.22042,0.37649,0.7987,0.73908,0.58639,0.49711,0.61954,0.17714,0.702,0.69496,0.57564,0.18807,0.50907,0.6197,0.49269,-0.090966,0.2651,0.04959,0.73347,0.29616,0.49204,0.58329,-0.29611,0.43506,0.057714,0.69599,-0.075942,0.55543,0.77934,0.59556
0.0044364,0.12205,0.54739,0.38792,0.47595,0.28125,0.12783,0.26883,0.48439,0.2058,0.44952,0.33324,0.49442,0.067619,0.27512,-0.18244,0.45044,-0.20399,0.56023,0.39355,0.33395,0.52966,-0.16813,0.46516,1,0.65962,0.20592,0.2681,0.41406,0.24105,0.31058,0.45004,0.13877,0.38856,0.29025,0.41084,0.3495,0.7033,0.4908,0.38815,0.29415,0.45253,0.47107,0.4247,0.2548,0.13464,-0.23247,0.49839,0.4601,0.52418,0.45446,0.44549,0.41127,0.24351,0.20907,0.099927,0.25446,0.48159,0.44098,0.43617,0.2038,0.42557,0.21066,0.41036,0.41498,0.4674,-0.11309,0.063254,0.29484,0.31525,0.26971,0.31367,-0.24059,0.42474,-0.34628,0.081742,0.47049,-0.020952,0.19331,-0.37237,0.44343,-0.03192,0.35598,0.42327,0.37971
0.22882,0.0079071,0.29542,0.16748,0.40347,0.024786,0.23163,0.18634,0.29112,0.32196,0.30703,0.19812,0.21655,0.015833,0.32918,-0.11094,0.37565,-0.1493,0.29474,0.49012,0.45556,0.48842,0.19234,0.18914,0.65962,1,0.42166,0.14322,0.28621,0.23532,-0.048105,0.34184,0.0054792,0.21262,0.35228,0.22913,0.16683,0.41204,0.19079,0.42,0.17293,0.11242,0.12764,0.37258,0.36064,0.28838,-0.0073749,0.35211,0.11406,0.18594,0.21504,0.32029,0.020535,0.33614,0.34032,0.034315,0.2609,0.22461,0.30934,0.32029,-0.14071,0.40132,0.23356,0.22185,0.22013,0.2351,-0.035837,0.11023,0.24675,-0.027246,0.40165,0.38162,-0.022022,0.16345,-0.39837,0.10776,0.33057,0.24357,0.14093,-0.20297,0.19259,-0.28624,0.042553,0.35784,0.30798
0.45572,0.23427,0.4586,0.34605,0.61739,0.25898,0.63559,0.24881,0.34784,0.21597,0.49934,0.40327,0.36551,0.35663,0.72109,0.15712,0.5032,0.21509,0.39342,0.60398,0.386,0.45206,0.37904,0.34748,0.20592,0.42166,1,0.31985,0.48113,0.41743,0.2255,0.31573,0.35447,0.37924,0.40028,0.44103,0.16205,0.35138,0.39533,0.48222,0.25406,0.38599,-0.13044,0.52592,0.50006,0.30579,0.085583,0.31282,0.31585,0.32529,0.35463,0.18694,0.041536,0.49894,0.5178,0.55514,0.26444,0.30813,0.4808,0.29714,0.13103,0.34931,0.38581,0.34424,0.33998,0.52511,0.075146,0.58846,0.41927,0.29918,0.31617,0.18495,0.30939,0.25756,0.22416,0.1754,0.24253,0.2497,0.43397,0.27068,0.33599,0.30923,0.12972,0.66088,0.47405
0.3535,0.23873,0.66026,0.6516,0.66927,0.46057,0.31376,0.13716,0.67718,0.44487,0.61834,0.81949,0.75049,0.37536,0.37442,0.068926,0.61163,0.024837,0.50515,0.41743,0.63814,0.56677,0.12071,0.81882,0.2681,0.14322,0.31985,1,0.60589,0.64922,0.80904,0.5049,0.70581,0.43069,0.43231,0.78516,0.21903,0.60296,0.73438,0.65016,0.84757,0.64744,0.37429,0.71286,0.64141,-0.18201,-0.044154,0.74062,0.68276,0.7836,0.34706,0.51007,0.56346,0.40254,0.40151,0.30499,0.317,0.81006,0.82768,0.65908,0.49235,0.38353,0.084045,0.64834,0.63164,0.59475,0.29879,0.4777,0.62181,0.31726,-0.0038681,0.23405,0.423,0.7332,0.3959,0.64093,0.55373,-0.14511,0.45057,0.39127,0.6893,-0.061835,0.58825,0.74223,0.63982
0.38821,0.16851,0.68461,0.63067,0.69598,0.63355,0.42584,0.17422,0.54457,0.55174,0.64159,0.58743,0.69578,0.1702,0.58149,0.083447,0.74669,0.23276,0.5675,0.49138,0.64132,0.60648,0.0049764,0.67816,0.41406,0.28621,0.48113,0.60589,1,0.5425,0.6397,0.31543,0.39998,0.31302,0.59266,0.52145,0.28838,0.57704,0.63521,0.73322,0.47578,0.58627,0.21705,0.4382,0.61231,0.11608,0.059618,0.70762,0.59193,0.76149,0.58413,0.23388,0.29087,0.40415,0.39391,0.61044,0.35392,0.61313,0.68316,0.57903,0.28719,0.55313,0.17179,0.50605,0.48269,0.58444,0.17882,0.6182,0.57826,0.4457,0.20425,0.16339,0.42258,0.55628,0.49094,0.53259,0.39026,0.023445,0.28672,0.40178,0.48165,-0.0019343,0.44741,0.61852,0.60124
0.45813,0.44882,0.67392,0.72768,0.74051,0.43854,0.40391,-0.14737,0.85353,0.15018,0.55568,0.5197,0.76885,0.36795,0.48191,0.080936,0.77696,0.29252,0.6518,0.51882,0.70252,0.53591,0.017223,0.55459,0.24105,0.23532,0.41743,0.64922,0.5425,1,0.65315,0.46419,0.66133,0.25333,0.55294,0.6344,0.47247,0.62593,0.73659,0.5803,0.60372,0.58623,0.43503,0.44635,0.55276,-0.029588,0.074061,0.67627,0.70896,0.6047,0.089872,0.55263,0.58342,0.47603,0.50138,0.32121,0.69047,0.77624,0.72083,0.67879,0.24747,0.44165,-0.17232,0.50784,0.49408,0.72443,0.15685,0.30221,0.66989,0.1812,0.27975,0.28994,0.32156,0.71344,0.10195,0.45512,0.49829,0.026769,0.54559,0.17822,0.75686,0.12861,0.58891,0.6524,0.6673
0.41857,0.5044,0.78419,0.84794,0.59235,0.61496,0.072432,0.02438,0.71392,0.17126,0.68376,0.6569,0.841,0.3619,0.33404,0.1836,0.70842,0.19327,0.6175,0.40669,0.45838,0.55623,0.0054916,0.78694,0.31058,-0.048105,0.2255,0.80904,0.6397,0.65315,1,0.65154,0.72402,0.51673,0.32103,0.81957,0.35885,0.7159,0.84092,0.58971,0.69115,0.69336,0.4924,0.60385,0.50172,-0.095489,-0.032927,0.69239,0.80154,0.83749,0.37962,0.53066,0.72715,0.29075,0.261,0.4137,0.4448,0.86701,0.80811,0.75268,0.68596,0.48654,0.1545,0.61448,0.60528,0.6857,0.1351,0.46237,0.61517,0.44596,-0.010262,0.18783,0.21307,0.82292,0.3146,0.61721,0.5872,-0.082902,0.36598,0.25094,0.76772,0.177,0.71464,0.63946,0.56034
0.45594,0.50133,0.55395,0.68824,0.44885,0.6198,-0.020387,-0.18049,0.6208,0.053681,0.48321,0.51467,0.6002,0.19885,0.19027,0.24202,0.58824,-0.049316,0.3965,0.30383,0.21066,0.51634,0.12027,0.51298,0.45004,0.34184,0.31573,0.5049,0.31543,0.46419,0.65154,1,0.66596,0.74048,0.047046,0.81728,0.27894,0.49603,0.63941,0.62269,0.61433,0.59246,0.42109,0.52856,0.48857,0.046905,-0.1923,0.51692,0.60614,0.6417,0.11103,0.51669,0.54451,0.18293,0.14953,0.046383,0.34896,0.62531,0.63164,0.61417,0.6114,0.56722,0.44023,0.6036,0.62022,0.61918,-0.1757,0.31289,0.61339,0.029146,0.045987,0.378,-0.088897,0.58754,-0.096105,0.57768,0.4502,0.10543,0.37608,-0.027193,0.57286,0.16793,0.7062,0.42963,0.31878
0.35023,0.31196,0.47364,0.59968,0.48428,0.53722,0.033158,-0.14625,0.69046,0.14391,0.37827,0.69068,0.57831,0.28821,0.19538,0.15815,0.54529,0.18786,0.38108,0.21184,0.31647,0.30185,0.14034,0.56049,0.13877,0.0054792,0.35447,0.70581,0.39998,0.66133,0.72402,0.66596,1,0.52507,0.1985,0.79885,0.1961,0.41589,0.66588,0.60831,0.73084,0.58945,0.45219,0.60512,0.52262,-0.0068303,-0.015643,0.58041,0.69207,0.62394,0.092283,0.41468,0.69502,0.087515,0.11161,0.18575,0.25835,0.61688,0.73029,0.50837,0.62781,0.24892,0.16748,0.50683,0.50651,0.55671,0.079549,0.48777,0.58401,0.18038,-0.23073,0.32136,0.2681,0.48106,0.30849,0.53147,0.23692,-0.061005,0.38354,0.34239,0.62064,0.1159,0.55304,0.62547,0.49855
0.46433,0.29518,0.52883,0.46621,0.36708,0.46058,0.035009,-0.16084,0.45017,0.13105,0.55844,0.26967,0.45312,0.15926,0.15824,0.39586,0.44442,-0.1379,0.40868,0.23917,0.23,0.50968,0.087486,0.51034,0.38856,0.21262,0.37924,0.43069,0.31302,0.25333,0.51673,0.74048,0.52507,1,0.19057,0.69543,0.17834,0.35012,0.5668,0.67112,0.36752,0.64284,0.2986,0.41324,0.27348,-0.10305,-0.32855,0.39213,0.46784,0.51269,0.27994,0.15193,0.36195,0.24896,0.25478,0.028371,0.20511,0.48339,0.51742,0.39746,0.6065,0.38985,0.5639,0.53501,0.52628,0.57728,-0.18513,0.35329,0.55576,0.37859,-0.023144,0.53508,-0.1962,0.39814,0.10271,0.37276,0.28743,-0.0061868,0.37358,-0.073512,0.42223,0.1716,0.49711,0.50966,0.41257
0.44521,0.18085,0.51575,0.37526,0.59108,0.1006,0.57175,0.15926,0.49695,0.51206,0.49951,0.27859,0.50907,0.29194,0.63016,-0.0705,0.63811,0.22812,0.48107,0.38086,0.6979,0.35077,0.0047408,0.33795,0.29025,0.35228,0.40028,0.43231,0.59266,0.55294,0.32103,0.047046,0.1985,0.19057,1,0.34403,0.21824,0.45571,0.42466,0.43649,0.24592,0.41692,0.032302,0.23723,0.23459,0.06379,0.17123,0.37511,0.45712,0.35769,0.174,0.25029,0.078864,0.53705,0.57696,0.25399,0.36502,0.41246,0.43729,0.33884,0.068311,0.3237,-0.077736,0.50111,0.46278,0.45092,0.19702,0.2038,0.40388,0.338,0.41392,0.23263,0.33175,0.40747,0.25612,0.3467,0.2779,0.13427,0.40265,0.089155,0.3089,-0.086262,0.27457,0.53949,0.61609
0.36602,0.38907,0.73328,0.76443,0.70039,0.58943,0.18362,0.035648,0.74518,0.32039,0.75786,0.71038,0.82713,0.39261,0.47065,0.065428,0.76674,0.0098596,0.6372,0.46828,0.41316,0.60601,0.10819,0.68524,0.41084,0.22913,0.44103,0.78516,0.52145,0.6344,0.81957,0.81728,0.79885,0.69543,0.34403,1,0.2394,0.69731,0.85484,0.67623,0.75966,0.62521,0.45682,0.68175,0.4479,-0.20523,-0.064148,0.5442,0.79163,0.77194,0.23585,0.53892,0.61724,0.44039,0.42875,0.30958,0.30008,0.81396,0.86608,0.78929,0.54649,0.51376,0.20361,0.66325,0.6579,0.79013,-0.097929,0.48014,0.58247,0.34645,-0.055502,0.35404,0.11399,0.71964,0.14962,0.59066,0.5856,-0.13838,0.51535,0.17693,0.77265,0.15685,0.80111,0.69839,0.55719
0.3847,0.73838,0.58552,0.42423,0.44549,0.021843,0.28461,0.063717,0.3631,-0.031588,0.37593,0.14471,0.37833,0.26189,0.36218,0.23619,0.25359,0.14757,0.4867,0.23813,0.18574,0.47949,-0.15931,0.1219,0.3495,0.16683,0.16205,0.21903,0.28838,0.47247,0.35885,0.27894,0.1961,0.17834,0.21824,0.2394,1,0.51092,0.4252,0.17241,0.23224,0.3733,0.36083,0.22379,0.30207,0.35269,-0.097751,0.50884,0.32595,0.30928,0.24519,0.12952,0.48275,0.35277,0.36653,0.39281,0.47288,0.41174,0.26227,0.31134,0.22537,-0.040535,0.15877,0.18539,0.18524,0.41732,0.20112,0.0019636,0.28335,0.10647,0.51354,-0.024544,0.37434,0.48252,-0.16011,0.29712,0.3328,0.41637,0.15983,0.090917,0.4499,0.6038,0.30154,0.20471,0.42965
0.23503,0.43533,0.86127,0.74717,0.73974,0.33175,0.21971,0.26873,0.69686,0.28313,0.78879,0.50312,0.83307,0.43636,0.56523,-0.051183,0.72149,0.032174,0.79874,0.62576,0.4654,0.69871,-0.049964,0.67474,0.7033,0.41204,0.35138,0.60296,0.57704,0.62593,0.7159,0.49603,0.41589,0.35012,0.45571,0.69731,0.51092,1,0.8365,0.41393,0.48939,0.48364,0.45678,0.68679,0.2916,-0.021551,-0.042728,0.58299,0.70376,0.63948,0.45225,0.62269,0.59167,0.55052,0.52149,0.44937,0.46228,0.82833,0.7126,0.78315,0.28793,0.51141,0.040968,0.51634,0.51354,0.74057,-0.02099,0.25442,0.39781,0.522,0.19735,0.26932,0.031715,0.77405,-0.11397,0.2712,0.76464,-0.090802,0.32153,-0.096907,0.8437,0.1674,0.58667,0.67465,0.57253
0.37059,0.45059,0.85161,0.91803,0.7288,0.55147,0.21268,0.0069438,0.83782,0.32445,0.81772,0.56285,0.94773,0.53469,0.51881,0.19735,0.78731,0.18264,0.81792,0.62713,0.48601,0.71586,-0.041562,0.74354,0.4908,0.19079,0.39533,0.73438,0.63521,0.73659,0.84092,0.63941,0.66588,0.5668,0.42466,0.85484,0.4252,0.8365,1,0.66217,0.63787,0.6782,0.50092,0.657,0.40547,-0.2451,-0.096223,0.63361,0.76616,0.81081,0.38803,0.63479,0.69193,0.43199,0.44591,0.38146,0.47478,0.94658,0.87558,0.85259,0.48114,0.58811,0.12174,0.67503,0.66756,0.84074,-0.21544,0.40468,0.5047,0.56327,0.0053105,0.48906,0.14106,0.86865,0.10106,0.50346,0.75379,-0.13675,0.38667,0.10148,0.95103,0.23092,0.76546,0.76616,0.63825
0.52493,0.11692,0.62047,0.65143,0.63736,0.6587,0.28491,-0.12725,0.63657,0.49728,0.5823,0.52366,0.65514,0.098778,0.32607,0.30149,0.69194,0.080329,0.51281,0.54815,0.66951,0.67537,0.10379,0.64655,0.38815,0.42,0.48222,0.65016,0.73322,0.5803,0.58971,0.62269,0.60831,0.67112,0.43649,0.67623,0.17241,0.41393,0.66217,1,0.51197,0.68161,0.27784,0.49606,0.64521,-0.047573,-0.19009,0.6597,0.62408,0.7683,0.37964,0.34674,0.39053,0.29955,0.31656,0.22058,0.49726,0.65578,0.76528,0.63529,0.49117,0.62653,0.27298,0.60051,0.58042,0.64833,-0.038151,0.59928,0.7456,0.38622,0.061515,0.59747,0.22778,0.5354,0.31498,0.60942,0.37036,-0.0081915,0.39854,0.25805,0.5449,-0.1617,0.51021,0.70716,0.68644
0.21733,0.23829,0.49969,0.56398,0.48422,0.43033,0.21692,-0.010672,0.71298,0.2842,0.41562,0.88266,0.64929,0.43084,0.28476,0.033876,0.53901,0.047724,0.41861,0.21783,0.43738,0.48405,0.10638,0.69947,0.29415,0.17293,0.25406,0.84757,0.47578,0.60372,0.69115,0.61433,0.73084,0.36752,0.24592,0.75966,0.23224,0.48939,0.63787,0.51197,1,0.62482,0.60131,0.6326,0.64654,-0.12768,0.036993,0.74741,0.54761,0.69519,0.09701,0.49077,0.60574,0.16248,0.17796,0.14932,0.19649,0.71302,0.76256,0.52508,0.41175,0.26918,0.10037,0.61666,0.61366,0.43284,0.24149,0.34074,0.46984,-0.034557,-0.0012167,0.037582,0.39893,0.66879,0.23257,0.69922,0.51981,-0.071012,0.38161,0.32215,0.58143,0.083699,0.66231,0.56518,0.50024
0.38456,0.35027,0.64896,0.63118,0.48037,0.56949,0.32647,-0.23999,0.68136,0.22019,0.44552,0.57082,0.63712,0.32189,0.33958,0.31297,0.58904,0.15605,0.51623,0.34419,0.47285,0.57946,-0.0043396,0.72092,0.45253,0.11242,0.38599,0.64744,0.58627,0.58623,0.69336,0.59246,0.58945,0.64284,0.41692,0.62521,0.3733,0.48364,0.6782,0.68161,0.62482,1,0.41355,0.47745,0.58309,0.086499,-0.2741,0.73527,0.71159,0.7735,0.25722,0.40388,0.52208,0.15986,0.16198,0.16915,0.5542,0.6934,0.66312,0.43772,0.57497,0.46772,0.26856,0.68156,0.68001,0.65696,0.19734,0.31531,0.74099,0.30063,0.26022,0.26731,0.18486,0.73003,0.30243,0.55825,0.43746,0.1266,0.49404,0.057045,0.54271,0.17953,0.66326,0.6893,0.71285
-0.024524,0.12345,0.44392,0.39112,0.18476,0.13059,-0.21507,-0.11167,0.60081,-0.15338,0.26796,0.43051,0.47371,0.25603,-0.090856,0.014742,0.36642,0.085307,0.48907,0.15097,0.25783,0.42374,-0.076436,0.44401,0.47107,0.12764,-0.13044,0.37429,0.21705,0.43503,0.4924,0.42109,0.45219,0.2986,0.032302,0.45682,0.36083,0.45678,0.50092,0.27784,0.60131,0.41355,1,0.30183,0.21806,-0.22496,0.019128,0.58111,0.38358,0.4733,0.10994,0.36984,0.80966,-0.13136,-0.098556,-0.047327,0.26334,0.56656,0.54325,0.41214,0.31107,0.066106,-0.065972,0.29495,0.28388,0.21275,0.013087,0.093931,0.11367,0.12871,-0.030167,0.046414,-0.039049,0.49928,-0.24133,0.33367,0.44372,-0.14877,0.19699,-0.096367,0.4927,0.12503,0.46835,0.30025,0.40793
0.30524,0.17092,0.68811,0.57214,0.55641,0.20975,0.22266,0.24927,0.55057,0.40279,0.4742,0.73143,0.58737,0.51498,0.33786,0.19367,0.50319,-0.024172,0.40885,0.53442,0.29676,0.60901,0.37514,0.75242,0.4247,0.37258,0.52592,0.71286,0.4382,0.44635,0.60385,0.52856,0.60512,0.41324,0.23723,0.68175,0.22379,0.68679,0.657,0.49606,0.6326,0.47745,0.30183,1,0.40161,0.043469,-0.15681,0.56076,0.55509,0.54082,0.37078,0.6077,0.53127,0.22481,0.21479,0.2219,0.30552,0.6584,0.6843,0.5189,0.48763,0.43947,0.2809,0.63629,0.64538,0.46403,0.1156,0.53244,0.37575,0.44126,-0.13874,0.26334,0.20328,0.60661,0.097336,0.47262,0.57308,-0.08867,0.33763,0.096315,0.699,0.070104,0.38549,0.80746,0.60124
0.47101,0.34413,0.37502,0.47678,0.52128,0.5397,0.35441,0.066057,0.48682,0.12193,0.35059,0.64618,0.4392,0.093528,0.36085,0.12716,0.45373,0.23982,0.30219,0.38373,0.62996,0.4326,0.17107,0.51057,0.2548,0.36064,0.50006,0.64141,0.61231,0.55276,0.50172,0.48857,0.52262,0.27348,0.23459,0.4479,0.30207,0.2916,0.40547,0.64521,0.64654,0.58309,0.21806,0.40161,1,0.37338,0.10784,0.81283,0.38302,0.6712,0.39709,0.30269,0.36063,0.23673,0.23961,0.4279,0.34321,0.49421,0.61862,0.41688,0.33078,0.32377,0.36261,0.35996,0.35535,0.40509,0.39514,0.47466,0.67724,-0.091928,0.39513,0.12288,0.55345,0.44459,0.30555,0.5105,0.26547,0.36884,0.28295,0.52766,0.32759,0.0074678,0.26601,0.4869,0.41822
0.23615,0.36944,-0.04291,-0.1281,-0.030368,-0.04734,0.10825,0.16934,-0.16837,-0.16593,-0.22348,-0.0072092,-0.28608,-0.22276,0.13688,-0.025374,-0.066182,0.16383,-0.20795,-0.058096,-0.060043,-0.13903,0.1958,-0.18038,0.13464,0.28838,0.30579,-0.18201,0.11608,-0.029588,-0.095489,0.046905,-0.0068303,-0.10305,0.06379,-0.20523,0.35269,-0.021551,-0.2451,-0.047573,-0.12768,0.086499,-0.22496,0.043469,0.37338,1,0.035079,0.21949,-0.043368,-0.055956,0.15428,-0.15962,-0.052011,-0.097639,-0.1313,0.29393,0.085571,-0.27313,-0.18608,-0.28421,0.063831,-0.10697,0.47996,-0.17392,-0.15405,-0.12055,0.48521,0.045975,0.20723,-0.25954,0.46795,-0.22416,0.28683,-0.16585,-0.055421,0.014503,-0.32333,0.74329,-0.09295,0.097436,-0.2811,0.15772,-0.32862,-0.0081634,-0.0077749
0.25219,0.044766,-0.07715,0.0083242,0.027454,-0.19771,-0.071876,0.028965,-0.096919,-0.17492,0.082042,0.1353,-0.0030021,0.36416,0.32431,0.035418,0.10437,0.72853,-0.0064148,0.16393,0.1787,-0.030075,0.29913,-0.2208,-0.23247,-0.0073749,0.085583,-0.044154,0.059618,0.074061,-0.032927,-0.1923,-0.015643,-0.32855,0.17123,-0.064148,-0.097751,-0.042728,-0.096223,-0.19009,0.036993,-0.2741,0.019128,-0.15681,0.10784,0.035079,1,-0.03715,-0.13862,-0.12926,0.050147,0.12609,-0.057855,0.11011,0.17807,0.24949,-0.096447,-0.049432,0.15565,0.1388,-0.24185,-0.13418,-0.19559,-0.076617,-0.09278,-0.11591,-0.013555,0.23268,-0.29902,-0.18658,0.30073,-0.28466,0.35424,-0.075423,0.2136,-0.06605,0.10505,0.33421,0.0082182,0.53781,-0.1418,-0.0069914,-0.090591,-0.2047,-0.085372
0.42704,0.35125,0.65039,0.61202,0.56227,0.47325,0.22642,0.016343,0.69309,0.18286,0.45317,0.68379,0.62528,0.22612,0.2588,0.17486,0.59787,0.16784,0.48354,0.35708,0.64662,0.60066,0.090383,0.75788,0.49839,0.35211,0.31282,0.74062,0.70762,0.67627,0.69239,0.51692,0.58041,0.39213,0.37511,0.5442,0.50884,0.58299,0.63361,0.6597,0.74741,0.73527,0.58111,0.56076,0.81283,0.21949,-0.03715,1,0.55342,0.76467,0.47877,0.4151,0.64675,0.19863,0.20519,0.30974,0.4474,0.71024,0.70357,0.50493,0.42843,0.38498,0.29353,0.54342,0.53347,0.47349,0.38894,0.41677,0.66343,0.15596,0.28196,0.18674,0.3852,0.67139,0.18377,0.58531,0.44667,0.18731,0.34316,0.26974,0.56683,0.03274,0.43782,0.62016,0.60344
0.28306,0.31495,0.78739,0.72084,0.73184,0.61753,0.23769,-0.023343,0.67303,0.29559,0.58764,0.64611,0.78237,0.19679,0.41502,-0.041802,0.81274,0.11553,0.5545,0.4768,0.45639,0.52163,0.07311,0.66725,0.4601,0.11406,0.31585,0.68276,0.59193,0.70896,0.80154,0.60614,0.69207,0.46784,0.45712,0.79163,0.32595,0.70376,0.76616,0.62408,0.54761,0.71159,0.38358,0.55509,0.38302,-0.043368,-0.13862,0.55342,1,0.80922,0.30067,0.57998,0.64094,0.37509,0.32206,0.32729,0.54922,0.74556,0.74276,0.72213,0.50347,0.59079,-0.041339,0.6262,0.62628,0.82886,0.093313,0.4732,0.70982,0.45438,0.07743,0.23387,0.081836,0.73532,0.18702,0.49117,0.4272,-0.098956,0.67805,0.096721,0.70888,0.034983,0.77022,0.66721,0.66761
0.30647,0.30678,0.74519,0.79144,0.67846,0.72442,0.2296,0.10002,0.6867,0.32084,0.64714,0.71784,0.82685,0.19443,0.38515,0.031976,0.75916,0.14492,0.5919,0.52753,0.55335,0.6094,0.0332,0.77125,0.52418,0.18594,0.32529,0.7836,0.76149,0.6047,0.83749,0.6417,0.62394,0.51269,0.35769,0.77194,0.30928,0.63948,0.81081,0.7683,0.69519,0.7735,0.4733,0.54082,0.6712,-0.055956,-0.12926,0.76467,0.80922,1,0.54509,0.54522,0.67003,0.26549,0.23229,0.41733,0.40263,0.81671,0.84887,0.74724,0.55053,0.62062,0.23216,0.64623,0.63933,0.71651,0.053914,0.55482,0.65743,0.428,0.096005,0.29087,0.25079,0.78951,0.23422,0.64373,0.52431,-0.016559,0.4735,0.28152,0.69334,0.027817,0.70839,0.67369,0.5938
0.24597,0.10258,0.53242,0.33417,0.48216,0.27547,0.11512,0.51788,0.085494,0.10859,0.50895,0.30405,0.35551,0.025799,0.27849,0.038721,0.35756,0.14717,0.29024,0.47412,0.31765,0.39864,0.24073,0.47761,0.45446,0.21504,0.35463,0.34706,0.58413,0.089872,0.37962,0.11103,0.092283,0.27994,0.174,0.23585,0.24519,0.45225,0.38803,0.37964,0.09701,0.25722,0.10994,0.37078,0.39709,0.15428,0.050147,0.47877,0.30067,0.54509,1,0.16281,0.31973,0.28917,0.25321,0.57733,0.0087335,0.33029,0.40423,0.36392,0.23523,0.33509,0.4663,0.23226,0.22111,0.33819,0.061096,0.63798,0.21902,0.62308,0.12775,0.16823,0.12215,0.28004,0.14666,0.071098,0.21649,0.10969,0.22589,0.31307,0.31261,0.034861,0.0037388,0.38595,0.22574
0.30981,0.24053,0.565,0.72299,0.46786,0.2449,0.06568,-0.0098012,0.63634,0.10571,0.35902,0.53568,0.67976,0.55006,0.25741,0.12018,0.57199,0.29834,0.42122,0.61405,0.38306,0.48339,0.21383,0.53051,0.44549,0.32029,0.18694,0.51007,0.23388,0.55263,0.53066,0.51669,0.41468,0.15193,0.25029,0.53892,0.12952,0.62269,0.63479,0.34674,0.49077,0.40388,0.36984,0.6077,0.30269,-0.15962,0.12609,0.4151,0.57998,0.54522,0.16281,1,0.57294,0.12905,0.12576,-0.05936,0.51396,0.71382,0.65152,0.67681,0.36032,0.6406,-0.081583,0.69205,0.70766,0.4853,-0.23566,0.24799,0.26966,0.23713,0.08226,0.35001,-0.0040542,0.71769,-0.17644,0.3699,0.70914,-0.011834,0.38042,-0.074301,0.70762,-0.084433,0.53514,0.4999,0.41143
0.19343,0.39288,0.6261,0.63464,0.3854,0.26066,-0.15523,0.034336,0.65685,-0.14245,0.36857,0.53324,0.61462,0.30488,0.013323,0.078398,0.47944,0.21662,0.49574,0.32548,0.26062,0.39952,0.071455,0.53641,0.41127,0.020535,0.041536,0.56346,0.29087,0.58342,0.72715,0.54451,0.69502,0.36195,0.078864,0.61724,0.48275,0.59167,0.69193,0.39053,0.60574,0.52208,0.80966,0.53127,0.36063,-0.052011,-0.057855,0.64675,0.64094,0.67003,0.31973,0.57294,1,-0.055453,-0.047671,0.15587,0.3698,0.70085,0.67412,0.5583,0.59534,0.20563,0.11108,0.43192,0.43147,0.4257,0.037416,0.32067,0.30804,0.35195,-0.089925,0.20404,0.10957,0.65227,-0.14889,0.44609,0.43326,-0.011684,0.32466,0.078414,0.71519,0.21676,0.49738,0.50736,0.48547
0.36787,0.36305,0.53952,0.35924,0.79597,0.21935,0.62119,0.30803,0.32496,0.30561,0.77271,0.19882,0.52457,0.20247,0.74372,-0.096013,0.50741,-0.089601,0.57632,0.48086,0.55237,0.49786,-0.080853,0.25371,0.24351,0.33614,0.49894,0.40254,0.40415,0.47603,0.29075,0.18293,0.087515,0.24896,0.53705,0.44039,0.35277,0.55052,0.43199,0.29955,0.16248,0.15986,-0.13136,0.22481,0.23673,-0.097639,0.11011,0.19863,0.37509,0.26549,0.28917,0.12905,-0.055453,1,0.98358,0.53919,0.28044,0.42893,0.38117,0.53991,-0.10078,0.26057,-0.082255,0.23565,0.21175,0.68939,0.059964,0.19235,0.41847,0.2599,0.46616,0.14157,0.17059,0.35078,0.12568,0.029926,0.40995,-0.037341,0.43074,0.16339,0.42016,0.18744,0.31656,0.34792,0.34636
0.41322,0.35882,0.52059,0.36217,0.77909,0.15687,0.63205,0.26153,0.35917,0.31788,0.77434,0.18539,0.52462,0.29633,0.76673,-0.017,0.48329,-0.0049279,0.61379,0.49694,0.58671,0.51794,-0.09044,0.22101,0.20907,0.34032,0.5178,0.40151,0.39391,0.50138,0.261,0.14953,0.11161,0.25478,0.57696,0.42875,0.36653,0.52149,0.44591,0.31656,0.17796,0.16198,-0.098556,0.21479,0.23961,-0.1313,0.17807,0.20519,0.32206,0.23229,0.25321,0.12576,-0.047671,0.98358,1,0.51026,0.28651,0.43915,0.41068,0.53021,-0.10712,0.19917,-0.098753,0.24546,0.21638,0.66648,0.016721,0.18211,0.36799,0.25885,0.47373,0.19513,0.23848,0.34036,0.15339,0.035575,0.43451,-0.01072,0.38866,0.20789,0.42996,0.2125,0.29327,0.36541,0.3906
0.17984,0.39346,0.46088,0.34402,0.55689,0.30048,0.37429,0.44055,0.12278,0.12058,0.60847,0.28967,0.38669,0.11925,0.70014,-0.13002,0.41634,0.29102,0.45913,0.47368,0.28546,0.32838,0.076862,0.22042,0.099927,0.034315,0.55514,0.30499,0.61044,0.32121,0.4137,0.046383,0.18575,0.028371,0.25399,0.30958,0.39281,0.44937,0.38146,0.22058,0.14932,0.16915,-0.047327,0.2219,0.4279,0.29393,0.24949,0.30974,0.32729,0.41733,0.57733,-0.05936,0.15587,0.53919,0.51026,1,0.1166,0.30787,0.40448,0.41851,-0.0034932,0.10126,0.17193,-0.071396,-0.084661,0.4659,0.24789,0.48953,0.23329,0.36279,0.32334,-0.18869,0.48523,0.29279,0.30316,0.090475,0.21575,0.22721,0.16189,0.53917,0.30582,0.37211,0.13647,0.35911,0.27365
0.48254,0.3665,0.61439,0.59394,0.45811,0.2298,0.30201,-0.33698,0.55872,0.078555,0.35176,0.19565,0.5316,0.2922,0.30427,0.39129,0.5097,0.29249,0.53116,0.61188,0.56555,0.65015,0.0069298,0.37649,0.25446,0.2609,0.26444,0.317,0.35392,0.69047,0.4448,0.34896,0.25835,0.20511,0.36502,0.30008,0.47288,0.46228,0.47478,0.49726,0.19649,0.5542,0.26334,0.30552,0.34321,0.085571,-0.096447,0.4474,0.54922,0.40263,0.0087335,0.51396,0.3698,0.28044,0.28651,0.1166,1,0.60134,0.47165,0.53748,0.28145,0.47119,-0.21393,0.39183,0.38668,0.54651,0.1244,0.13497,0.57372,0.23866,0.46263,0.25065,0.14123,0.64293,-0.0047388,0.32937,0.52963,0.17029,0.37086,-0.092225,0.53175,0.068546,0.42725,0.48831,0.72358
0.39131,0.42207,0.84392,0.91127,0.71058,0.50764,0.23013,-0.017902,0.86709,0.2849,0.78093,0.62416,0.95634,0.54279,0.45866,0.21315,0.75549,0.17277,0.81807,0.64989,0.62459,0.77707,-0.0554,0.7987,0.48159,0.22461,0.30813,0.81006,0.61313,0.77624,0.86701,0.62531,0.61688,0.48339,0.41246,0.81396,0.41174,0.82833,0.94658,0.65578,0.71302,0.6934,0.56656,0.6584,0.49421,-0.27313,-0.049432,0.71024,0.74556,0.81671,0.33029,0.71382,0.70085,0.42893,0.43915,0.30787,0.60134,1,0.89981,0.88,0.48647,0.57952,-0.0021482,0.68807,0.67658,0.77798,-0.067603,0.34517,0.54857,0.46429,0.1103,0.39994,0.18285,0.92751,0.10921,0.54289,0.84464,-0.14874,0.38599,0.1019,0.92946,0.13138,0.75688,0.74531,0.69218
