1,0.45219,-0.32677,-0.085372,0.45244,0.38762,0.41904,0.064498,0.34565,0.20948,0.21676,0.0857,-0.073261,0.20077,0.39912,0.16924,0.41479,0.16466,-0.13528,0.13935,-0.07004,0.17557,0.37647,0.4976,0.30183,-0.076818,0.42939,0.010473,0.2604,0.30194,0.30404,0.25724,0.3211,0.25874,0.43346,0.099397,0.094422,0.14046,-0.19371,0.50331,0.19184,0.41559,0.36473,0.26616,0.1833,0.44479,0.44706,0.26773,0.46026,0.34521,0.30801,0.3385,0.2461,0.50731,0.50364,0.14242,0.23055,-0.2123,0.28777,-0.21961,0.2273,0.32472,0.29735,0.11812,0.12393,0.055352,0.50491,0.22175,0.43841,0.45884,0.41155,0.25224,0.33585,0.23548,0.54634,0.1461,-0.042711,0.5108,0.21507,0.33573,-0.11635,0.060484,0.43399,0.022586,0.17969
0.45219,1,0.18339,0.099713,0.23287,0.50575,0.064433,0.28962,0.60119,-0.20498,0.14209,0.36963,-0.020539,0.38547,0.15444,0.66569,0.40978,0.28903,-0.11813,0.17163,0.0097802,0.45296,0.059077,0.61955,0.096112,0.20297,0.30165,0.27352,0.29107,0.39801,0.31836,0.48665,0.25826,0.47976,0.1295,0.38381,0.16187,0.21477,0.07335,0.46687,0.20015,0.41048,0.53849,0.07374,0.073409,0.62935,0.16082,0.12814,0.57652,0.59278,0.47162,0.23279,0.21282,0.26763,0.33167,0.3514,0.39823,0.03358,0.158,-0.08125,0.59337,0.058769,0.48184,0.4007,0.44572,0.17502,0.21107,0.45092,0.54252,0.54239,0.13093,0.44688,0.36596,0.36108,0.13864,0.15766,0.05352,0.4963,0.34828,0.13609,-0.015266,0.28907,0.36499,0.12092,-0.036116
-0.32677,0.18339,1,0.48465,0.33012,0.47566,0.25776,0.35971,0.45516,0.24729,0.47026,0.5806,0.53335,0.32346,0.43449,0.45251,0.11487,0.41061,-0.1605,0.3238,0.19883,0.63523,0.10077,0.43782,0.30733,0.64611,0.40073,0.68241,0.47824,0.47501,0.359,0.67814,0.086698,0.45287,0.22273,0.53751,0.46175,0.51405,0.71049,0.17188,0.51229,0.04504,-0.086722,0.16125,0.52761,0.21313,0.10737,0.48592,0.37598,0.58578,0.28982,0.17474,0.23513,0.37208,0.39469,0.54011,0.58518,0.62881,0.50956,0.46519,0.5496,0.14005,0.49283,0.57742,0.57813,0.17196,0.19899,0.25028,0.3822,0.36596,0.034074,0.49829,0.46509,0.43995,-0.21133,0.12571,0.50008,0.32173,0.5779,-0.19586,0.60495,0.59063,0.42655,0.35486,0.24439
-0.085372,0.099713,0.48465,1,0.55653,0.6368,0.057888,0.7253,0.43652,0.22857,0.70449,0.68954,0.84662,0.5108,0.4449,0.30495,0.33938,0.53816,0.10961,0.52352,0.49203,0.5416,0.25461,0.51114,0.26071,0.23459,0.30748,0.60978,0.53,0.50156,0.18497,0.65436,0.13071,0.44627,0.21871,0.56064,0.40789,0.62232,0.84942,0.43212,0.48856,0.28494,0.042834,0.45073,0.41622,0.1984,0.55369,0.46968,0.4784,0.55068,0.5694,0.25002,0.27703,0.38876,0.42643,0.47693,0.36607,0.75378,0.62883,0.60907,0.46965,0.38186,0.46865,0.44857,0.40496,0.035122,0.49952,0.32333,0.37079,0.56888,0.31446,0.48978,0.49125,0.59905,0.0068982,0.38231,0.55454,0.33877,0.40569,0.1108,0.80896,0.49445,0.40267,0.46473,0.64222
0.45244,0.23287,0.33012,0.55653,1,0.53349,0.35025,0.36557,0.6099,0.75016,0.7,0.49371,0.64709,0.46191,0.77018,0.27865,0.35276,0.6215,-0.077315,0.53167,0.32105,0.49816,0.42433,0.65636,0.43676,0.23228,0.46091,0.54802,0.62541,0.79113,0.46663,0.74411,0.53762,0.50034,0.5586,0.27817,0.49132,0.44053,0.56811,0.51698,0.38982,0.2402,0.24446,0.29652,0.54932,0.38816,0.68301,0.64446,0.52478,0.63768,0.50265,0.37243,0.35475,0.79879,0.78441,0.42637,0.60983,0.59794,0.59864,0.59627,0.52936,0.36759,0.35256,0.6242,0.59437,0.15295,0.50692,0.42286,0.5176,0.65252,0.37562,0.42121,0.53131,0.6983,0.20895,0.19495,0.35132,0.52467,0.50978,0.076708,0.57006,0.50497,0.69896,0.3819,0.33413
0.38762,0.50575,0.47566,0.6368,0.53349,1,0.3425,0.50136,0.6654,0.071307,0.67757,0.69011,0.62599,0.48176,0.60053,0.59237,0.7023,0.50713,-0.056394,0.35701,0.37929,0.71641,0.31458,0.65461,0.31476,0.27465,0.54251,0.52139,0.56411,0.65724,0.46039,0.75399,0.40559,0.62595,0.54334,0.67009,0.37396,0.64863,0.55955,0.6369,0.6349,0.51388,0.33165,0.53387,0.4624,0.48139,0.49533,0.57758,0.73471,0.85315,0.52758,0.39668,0.58805,0.66598,0.7215,0.49889,0.5186,0.48318,0.62743,0.26634,0.57923,0.28872,0.77677,0.39327,0.38913,0.086858,0.71898,0.26922,0.56299,0.68202,0.40482,0.57949,0.68551,0.71208,0.27757,0.4491,0.47005,0.66222,0.64256,0.40721,0.62489,0.42314,0.56318,0.34772,0.69004
0.41904,0.064433,0.25776,0.057888,0.35025,0.3425,1,0.14578,0.2963,0.45571,0.29164,0.1493,0.16938,0.28169,0.42054,0.27692,0.30976,0.40753,-0.36282,0.368,0.30928,0.41865,0.5807,0.38806,0.5712,0.29845,0.73467,0.23974,0.35856,0.26475,0.44519,0.41032,0.1736,0.13242,0.6317,0.16086,0.59281,0.63167,0.18112,0.47997,0.30861,0.13164,0.21609,0.086262,0.53447,0.28498,0.2737,0.3002,0.22196,0.28343,0.16428,0.46697,0.29351,0.56025,0.54698,0.47275,0.48424,0.17644,0.56741,-0.061114,0.31658,0.60114,0.34575,0.26848,0.27482,0.39099,0.45081,0.26802,0.48753,0.51462,0.40674,0.37876,0.4846,0.074173,0.35848,0.22136,0.24919,0.46791,0.58361,0.25646,0.19397,0.54301,0.6305,0.21194,0.15307
0.064498,0.28962,0.35971,0.7253,0.36557,0.50136,0.14578,1,0.27765,0.13907,0.4918,0.4943,0.66187,0.46263,0.41327,0.51754,0.39954,0.40821,0.072698,0.69798,0.44533,0.56446,0.36479,0.52551,0.31068,0.45415,0.37193,0.41837,0.49696,0.25558,0.25353,0.40897,0.097012,0.3795,0.32158,0.42611,0.45046,0.44331,0.63721,0.4068,0.30819,0.089152,-0.12316,0.20829,0.37341,0.29352,0.23377,0.43866,0.61547,0.41686,0.73778,0.44119,0.072581,0.2542,0.28726,0.54606,0.37965,0.56793,0.71196,0.26883,0.3406,0.66289,0.32269,0.29535,0.26979,0.21914,0.47962,0.59619,0.2665,0.68327,0.48316,0.6484,0.46945,0.341,0.10761,0.37244,0.54396,0.39859,0.36943,0.43032,0.70636,0.57442,0.53463,0.5466,0.34955
0.34565,0.60119,0.45516,0.43652,0.6099,0.6654,0.2963,0.27765,1,0.34696,0.50211,0.41578,0.39673,0.64903,0.4223,0.48512,0.44306,0.52043,0.035547,0.32755,0.26928,0.61796,0.37616,0.8513,0.33928,0.26566,0.60409,0.46198,0.62999,0.78664,0.70896,0.80576,0.43518,0.80949,0.3147,0.41867,0.3869,0.48063,0.57874,0.71871,0.43022,0.66702,0.68043,0.35839,0.41314,0.65903,0.32759,0.50472,0.71486,0.7972,0.54591,0.34812,0.54859,0.52538,0.52399,0.46421,0.66845,0.25396,0.49611,0.29482,0.70764,0.2641,0.69677,0.53961,0.55698,0.53737,0.42969,0.43605,0.80714,0.65241,0.34842,0.64384,0.59581,0.68024,0.21533,0.42554,0.17154,0.71443,0.5773,0.08701,0.42922,0.46433,0.55361,0.34178,0.3976
0.20948,-0.20498,0.24729,0.22857,0.75016,0.071307,0.45571,0.13907,0.34696,1,0.38422,0.057306,0.43146,0.21333,0.60946,0.0075424,-0.016398,0.35563,-0.10127,0.5047,0.29893,0.27602,0.47035,0.38922,0.45353,0.23411,0.48226,0.26452,0.54544,0.57942,0.41685,0.40905,0.43229,0.27644,0.51567,-0.065565,0.48124,0.25944,0.36671,0.23238,0.064107,-0.045065,0.078161,0.12401,0.59417,0.12082,0.36543,0.55486,0.14287,0.17754,0.28606,0.32239,0.12083,0.59917,0.53232,0.31598,0.44833,0.37243,0.52368,0.49876,0.20323,0.3908,0.01289,0.48374,0.44204,0.33934,0.25248,0.36151,0.28957,0.40504,0.44215,0.20238,0.27574,0.38585,0.095228,0.0043512,0.28625,0.25336,0.38345,-0.057127,0.39025,0.4865,0.50602,0.27889,0.12479
0.21676,0.14209,0.47026,0.70449,0.7,0.67757,0.29164,0.4918,0.50211,0.38422,1,0.5344,0.80997,0.40572,0.78586,0.30685,0.38525,0.51235,0.08637,0.31815,0.44079,0.52205,0.51171,0.58682,0.2376,0.39795,0.45442,0.60791,0.61054,0.65914,0.39566,0.70519,0.19411,0.43092,0.30278,0.54776,0.5511,0.58514,0.73214,0.42087,0.45982,0.38089,0.02033,0.40701,0.34117,0.44315,0.55647,0.59324,0.6489,0.69209,0.52877,0.24035,0.46982,0.67914,0.64936,0.57407,0.45383,0.73411,0.60158,0.70475,0.50822,0.32628,0.58897,0.59515,0.57277,0.041989,0.73754,0.24827,0.50706,0.4687,0.26546,0.53301,0.60769,0.6514,0.36786,0.38436,0.55253,0.61721,0.55881,0.12986,0.66862,0.41579,0.56277,0.31818,0.51772
0.0857,0.36963,0.5806,0.68954,0.49371,0.69011,0.1493,0.4943,0.41578,0.057306,0.5344,1,0.62674,0.41587,0.3618,0.44969,0.43902,0.57132,0.092369,0.47604,0.14424,0.62822,0.14297,0.51492,0.29725,0.26359,0.20604,0.85579,0.51471,0.46927,0.25496,0.7475,0.17922,0.36933,0.36464,0.75527,0.31408,0.6372,0.62143,0.35687,0.82252,0.3312,0.11644,0.34966,0.50572,0.33319,0.4837,0.53559,0.44287,0.71075,0.40457,0.31421,0.49281,0.42669,0.48515,0.49097,0.46821,0.6295,0.60629,0.35674,0.58178,0.18779,0.54932,0.50889,0.49216,-0.089727,0.42742,0.25815,0.48492,0.63902,0.18347,0.50031,0.42015,0.62325,-0.14051,0.025638,0.43637,0.38153,0.49995,0.11514,0.55768,0.5079,0.51488,0.33471,0.44709
-0.073261,-0.020539,0.53335,0.84662,0.64709,0.62599,0.16938,0.66187,0.39673,0.43146,0.80997,0.62674,1,0.51541,0.6402,0.30667,0.40072,0.60332,0.099771,0.51137,0.53365,0.66226,0.50393,0.44473,0.24373,0.38376,0.30954,0.66844,0.5553,0.55812,0.30232,0.64767,0.27622,0.45735,0.41834,0.52589,0.52894,0.63128,0.83147,0.36338,0.49668,0.24816,-0.06738,0.35641,0.45036,0.22466,0.47207,0.65516,0.53405,0.57623,0.52642,0.41921,0.43898,0.53344,0.53687,0.57587,0.51194,0.82113,0.71214,0.70996,0.43435,0.42828,0.45934,0.52327,0.48568,0.093208,0.55429,0.36253,0.37689,0.51639,0.42264,0.47025,0.48517,0.68327,0.15132,0.28406,0.50855,0.44217,0.60866,0.28377,0.90226,0.47187,0.53804,0.45627,0.62821
0.20077,0.38547,0.32346,0.5108,0.46191,0.48176,0.28169,0.46263,0.64903,0.21333,0.40572,0.41587,0.51541,1,0.28841,0.34842,0.50601,0.6666,-0.056049,0.39277,0.39265,0.75981,0.5524,0.5584,0.43155,0.45045,0.32847,0.54709,0.3523,0.29982,0.45348,0.66189,0.33088,0.71886,0.33296,0.36183,0.39695,0.58265,0.60413,0.64386,0.49395,0.56235,0.32331,0.013363,0.31643,0.53008,0.20936,0.43534,0.58744,0.58039,0.57111,0.60237,0.3301,0.31556,0.33599,0.54453,0.79698,0.31915,0.57221,0.30311,0.6641,0.52331,0.66275,0.43309,0.44977,0.4747,0.16957,0.63925,0.70829,0.50087,0.35482,0.52944,0.36891,0.4367,0.29757,0.53626,-0.11096,0.60081,0.61161,0.29125,0.52696,0.26729,0.65949,0.58112,0.44668
0.39912,0.15444,0.43449,0.4449,0.77018,0.60053,0.42054,0.41327,0.4223,0.60946,0.78586,0.3618,0.6402,0.28841,1,0.32892,0.31279,0.37345,-0.15985,0.4191,0.36374,0.5614,0.49953,0.51572,0.28577,0.4033,0.54849,0.40843,0.62096,0.68889,0.49029,0.58117,0.38693,0.42736,0.62302,0.2422,0.64271,0.36725,0.49146,0.28921,0.30557,0.093423,-0.11486,0.29321,0.48123,0.30474,0.40375,0.6876,0.54916,0.60975,0.46224,0.26654,0.17036,0.86199,0.8454,0.42623,0.47227,0.62471,0.59829,0.53832,0.3223,0.33615,0.44993,0.52035,0.48929,0.105,0.66891,0.29785,0.35123,0.50354,0.36827,0.50984,0.59294,0.51688,0.31585,0.30465,0.61691,0.63025,0.53839,0.21486,0.57132,0.47933,0.60554,0.28313,0.37118
0.16924,0.66569,0.45251,0.30495,0.27865,0.59237,0.27692,0.51754,0.48512,0.0075424,0.30685,0.44969,0.30667,0.34842,0.32892,1,0.57738,0.47638,-0.10078,0.40865,0.39558,0.59139,0.19674,0.53819,0.35131,0.483,0.54617,0.27553,0.51302,0.50571,0.44196,0.54119,0.29399,0.37731,0.45864,0.3624,0.48278,0.41746,0.34123,0.40931,0.14791,0.068193,0.22979,0.18917,0.43959,0.3841,0.08221,0.37469,0.44317,0.52223,0.41428,0.36867,0.30386,0.33322,0.43787,0.46805,0.45178,0.39735,0.48464,0.06367,0.48265,0.23217,0.38798,0.52103,0.53691,0.33282,0.31747,0.62569,0.37088,0.56583,0.27638,0.50971,0.45312,0.48414,0.097201,0.24741,0.43505,0.37376,0.60968,0.40896,0.28969,0.63623,0.54246,0.39436,0.17403
0.41479,0.40978,0.11487,0.33938,0.35276,0.7023,0.30976,0.39954,0.44306,-0.016398,0.38525,0.43902,0.40072,0.50601,0.31279,0.57738,1,0.48076,-0.03159,0.3148,0.51211,0.50669,0.2263,0.37845,0.47353,0.32017,0.28485,0.26057,0.22791,0.29184,0.307,0.486,0.49437,0.40339,0.61313,0.32261,0.15673,0.40067,0.3177,0.50519,0.49059,0.33236,0.30924,0.22786,0.37178,0.4315,0.19193,0.33041,0.51204,0.62757,0.41845,0.55878,0.49365,0.41318,0.45175,0.37726,0.50578,0.30604,0.51857,0.10646,0.39515,0.31032,0.47928,0.15165,0.16815,0.13392,0.50729,0.47005,0.40534,0.49513,0.39054,0.5141,0.43792,0.57392,0.36452,0.53852,0.0888,0.39427,0.5274,0.72451,0.45706,0.28058,0.6458,0.59352,0.55605
0.16466,0.28903,0.41061,0.53816,0.6215,0.50713,0.40753,0.40821,0.52043,0.35563,0.51235,0.57132,0.60332,0.6666,0.37345,0.47638,0.48076,1,0.066879,0.52176,0.49324,0.62226,0.46104,0.47288,0.53758,0.32464,0.30471,0.62721,0.37553,0.47164,0.33326,0.67374,0.33697,0.39651,0.38819,0.54405,0.615,0.74107,0.66276,0.47277,0.42908,0.26809,0.23352,-0.021287,0.39654,0.18426,0.47912,0.49217,0.44375,0.59299,0.53106,0.65263,0.37278,0.38143,0.44411,0.69389,0.6658,0.51489,0.63957,0.34891,0.75355,0.58069,0.31896,0.59158,0.58673,0.25588,0.27308,0.55117,0.51108,0.61483,0.48422,0.41311,0.66283,0.47909,0.2857,0.36688,0.085306,0.33601,0.69782,0.26859,0.60762,0.58819,0.66853,0.5126,0.37185
-0.13528,-0.11813,-0.1605,0.10961,-0.077315,-0.056394,-0.36282,0.072698,0.035547,-0.10127,0.08637,0.092369,0.099771,-0.056049,-0.15985,-0.10078,-0.03159,0.066879,1,0.17839,0.025812,-0.11584,-0.037583,-0.046418,0.03721,-0.12478,-0.30997,-0.015272,0.097842,0.041063,0.28016,-0.1281,0.16443,-0.097962,-0.25942,0.18093,-0.10261,-0.080847,0.20307,-0.041363,0.055144,0.078733,-0.0033993,-0.14572,-0.28546,-0.06877,-0.1731,0.26604,0.10019,0.00084518,0.2054,0.019544,0.21038,-0.28463,-0.34979,0.0088098,-0.25319,0.01891,0.036409,0.04153,-0.15823,0.042073,-0.089372,-0.12676,-0.13933,0.090022,-0.078749,-0.0055607,-0.11965,0.042759,0.077399,0.058031,-0.018546,0.032927,-0.0075576,0.18821,0.057427,0.0020342,-0.32141,0.13836,0.10314,-0.044335,-0.055766,0.18782,0.077913
0.13935,0.17163,0.3238,0.52352,0.53167,0.35701,0.368,0.69798,0.32755,0.5047,0.31815,0.47604,0.51137,0.39277,0.4191,0.40865,0.3148,0.52176,0.17839,1,0.41923,0.46387,0.26752,0.48548,0.60649,0.29762,0.38467,0.38881,0.576,0.39598,0.46637,0.40779,0.44687,0.25413,0.57711,0.32049,0.46448,0.48682,0.52806,0.29977,0.32837,-0.049024,0.043054,0.043566,0.65528,0.18883,0.18636,0.5055,0.32144,0.40383,0.66165,0.42224,0.088012,0.45522,0.45452,0.56242,0.39997,0.52322,0.75914,0.2459,0.38356,0.6516,0.11121,0.31457,0.27234,0.44469,0.26315,0.55169,0.20773,0.79152,0.51594,0.47534,0.35614,0.33056,-0.19657,0.25687,0.46277,0.27309,0.38934,0.29199,0.59128,0.71258,0.63803,0.54175,0.19607
-0.07004,0.0097802,0.19883,0.49203,0.32105,0.37929,0.30928,0.44533,0.26928,0.29893,0.44079,0.14424,0.53365,0.39265,0.36374,0.39558,0.51211,0.49324,0.025812,0.41923,1,0.39389,0.34008,0.12488,0.35942,0.4036,0.2771,0.17773,0.398,0.29858,0.17996,0.35529,0.38492,0.33366,0.44425,0.15061,0.53386,0.40889,0.54632,0.3387,0.02977,-0.006648,0.17073,-0.088895,0.33671,0.18937,0.14214,0.33898,0.21033,0.23537,0.53098,0.50233,0.096526,0.26749,0.28609,0.38918,0.40725,0.49707,0.46877,0.50395,0.25347,0.35919,0.23209,0.26413,0.24307,0.22785,0.34041,0.53757,0.14257,0.3722,0.48706,0.3018,0.47664,0.30812,0.32487,0.63162,0.34996,0.14269,0.40459,0.47231,0.55817,0.43604,0.45293,0.622,0.32645
0.17557,0.45296,0.63523,0.5416,0.49816,0.71641,0.41865,0.56446,0.61796,0.27602,0.52205,0.62822,0.66226,0.75981,0.5614,0.59139,0.50669,0.62226,-0.11584,0.46387,0.39389,1,0.57875,0.61159,0.44216,0.61798,0.5274,0.68274,0.55593,0.52171,0.54059,0.7881,0.42237,0.69123,0.55545,0.56305,0.58912,0.70302,0.62567,0.59051,0.59434,0.3794,0.18053,0.15304,0.47779,0.48435,0.27344,0.72831,0.66609,0.68378,0.57324,0.68118,0.42016,0.53845,0.57692,0.68463,0.80857,0.53327,0.74039,0.34632,0.60473,0.47957,0.76991,0.62238,0.6325,0.29284,0.38362,0.64461,0.69767,0.66838,0.48489,0.63231,0.54958,0.58132,0.278,0.34632,0.34534,0.70389,0.78052,0.35124,0.64905,0.53727,0.7369,0.5487,0.51215
0.37647,0.059077,0.10077,0.25461,0.42433,0.31458,0.5807,0.36479,0.37616,0.47035,0.51171,0.14297,0.50393,0.5524,0.49953,0.19674,0.2263,0.46104,-0.037583,0.26752,0.34008,0.57875,1,0.47321,0.19835,0.29104,0.57294,0.36554,0.50279,0.33,0.48082,0.40918,0.070323,0.40415,0.42337,0.21352,0.68579,0.5483,0.36351,0.52823,0.2185,0.46601,0.14978,0.15046,0.25833,0.40556,0.28924,0.53734,0.50025,0.26638,0.38727,0.60466,0.39758,0.39362,0.37035,0.49155,0.51236,0.19252,0.6074,0.17435,0.29483,0.66013,0.46208,0.40979,0.40662,0.45165,0.52968,0.43781,0.61544,0.44466,0.61668,0.44874,0.43056,0.23788,0.63738,0.20556,0.14628,0.67997,0.60976,0.42279,0.34635,0.33524,0.53442,0.16607,0.31698
0.4976,0.61955,0.43782,0.51114,0.65636,0.65461,0.38806,0.52551,0.8513,0.38922,0.58682,0.51492,0.44473,0.5584,0.51572,0.53819,0.37845,0.47288,-0.046418,0.48548,0.12488,0.61159,0.47321,1,0.41536,0.32598,0.75564,0.53788,0.72635,0.74011,0.61325,0.79588,0.24503,0.67127,0.32671,0.53148,0.42492,0.56767,0.53549,0.69341,0.45591,0.61001,0.47082,0.53007,0.53601,0.68014,0.49411,0.52813,0.77492,0.74767,0.6442,0.35509,0.48648,0.59324,0.59373,0.61792,0.59467,0.31847,0.67878,0.24863,0.71565,0.4649,0.63636,0.64509,0.64628,0.43721,0.59721,0.50828,0.82714,0.78911,0.44021,0.71368,0.58229,0.66936,0.21002,0.22721,0.35541,0.73054,0.61594,0.058865,0.41452,0.59977,0.6291,0.28087,0.3835
0.30183,0.096112,0.30733,0.26071,0.43676,0.31476,0.5712,0.31068,0.33928,0.45353,0.2376,0.29725,0.24373,0.43155,0.28577,0.35131,0.47353,0.53758,0.03721,0.60649,0.35942,0.44216,0.19835,0.41536,1,0.53643,0.46552,0.29361,0.32598,0.26193,0.38005,0.4852,0.53042,0.23549,0.49324,0.30919,0.23069,0.5221,0.37392,0.42245,0.39112,-0.00896,0.096774,-0.0076891,0.60606,0.20059,0.25892,0.49462,0.2638,0.3325,0.46378,0.60539,0.20788,0.38671,0.36895,0.58942,0.55874,0.29706,0.69427,0.16817,0.42311,0.58289,0.23056,0.37487,0.36798,0.24376,0.12766,0.61502,0.37531,0.53475,0.42895,0.34356,0.36475,0.34843,0.16665,0.40286,0.15871,0.18614,0.43683,0.18054,0.38612,0.51905,0.76314,0.75713,0.34358
-0.076818,0.20297,0.64611,0.23459,0.23228,0.27465,0.29845,0.45415,0.26566,0.23411,0.39795,0.26359,0.38376,0.45045,0.4033,0.483,0.32017,0.32464,-0.12478,0.29762,0.4036,0.61798,0.29104,0.32598,0.53643,1,0.34345,0.47775,0.39304,0.16695,0.30105,0.50031,0.24414,0.45347,0.27479,0.34302,0.35834,0.32528,0.50786,0.26541,0.31046,-0.040482,-0.18477,-0.18546,0.39637,0.44106,-0.057034,0.52492,0.44863,0.34084,0.49886,0.51832,0.10768,0.22866,0.20571,0.58182,0.71011,0.44276,0.54769,0.43578,0.40236,0.32521,0.44889,0.51131,0.53092,0.16357,0.11228,0.67278,0.35753,0.26768,0.18569,0.45594,0.31564,0.30284,0.21723,0.32989,0.27352,0.31927,0.49416,0.11745,0.44351,0.37984,0.66438,0.69105,0.10694
0.42939,0.30165,0.40073,0.30748,0.46091,0.54251,0.73467,0.37193,0.60409,0.48226,0.45442,0.20604,0.30954,0.32847,0.54849,0.54617,0.28485,0.30471,-0.30997,0.38467,0.2771,0.5274,0.57294,0.75564,0.46552,0.34345,1,0.22313,0.68775,0.62401,0.5904,0.59182,0.15933,0.44595,0.52394,0.25621,0.58924,0.58383,0.33991,0.60764,0.19029,0.31626,0.31613,0.52805,0.63865,0.43813,0.35932,0.45713,0.47195,0.43049,0.3538,0.32478,0.36051,0.61687,0.63221,0.4913,0.45898,0.23584,0.65399,0.076595,0.41192,0.49998,0.51662,0.50904,0.5019,0.50949,0.60662,0.40425,0.62719,0.61765,0.47791,0.54129,0.53944,0.41121,0.3018,0.22865,0.5074,0.61266,0.65176,0.15697,0.27861,0.64642,0.54831,0.18479,0.35524
0.010473,0.27352,0.68241,0.60978,0.54802,0.52139,0.23974,0.41837,0.46198,0.26452,0.60791,0.85579,0.66844,0.54709,0.40843,0.27553,0.26057,0.62721,-0.015272,0.38881,0.17773,0.68274,0.36554,0.53788,0.29361,0.47775,0.22313,1,0.53739,0.43358,0.23931,0.80843,0.10754,0.50286,0.25211,0.75593,0.41442,0.67254,0.70891,0.37162,0.79475,0.41934,0.11236,0.16876,0.48408,0.46368,0.48444,0.57489,0.49793,0.6603,0.47746,0.43682,0.47049,0.40754,0.41565,0.63652,0.6917,0.59987,0.62554,0.55281,0.71233,0.27079,0.59246,0.6657,0.65966,-0.010581,0.35805,0.34638,0.63635,0.55066,0.22367,0.48649,0.43878,0.57501,0.005332,-0.0088345,0.27014,0.43691,0.6067,-0.070606,0.58012,0.46012,0.57725,0.3432,0.31944
0.2604,0.29107,0.47824,0.53,0.62541,0.56411,0.35856,0.49696,0.62999,0.54544,0.61054,0.51471,0.5553,0.3523,0.62096,0.51302,0.22791,0.37553,0.097842,0.576,0.398,0.55593,0.50279,0.72635,0.32598,0.39304,0.68775,0.53739,1,0.76189,0.63423,0.69785,0.30667,0.62891,0.50728,0.44823,0.57752,0.4766,0.59999,0.54091,0.35145,0.35164,0.29447,0.41604,0.70015,0.56268,0.37492,0.7538,0.52458,0.52125,0.59852,0.32946,0.43507,0.56173,0.56338,0.4296,0.50751,0.43403,0.71096,0.43507,0.44521,0.31167,0.53327,0.59795,0.56192,0.41523,0.56688,0.45787,0.52928,0.69149,0.47588,0.51918,0.47754,0.59737,0.083173,0.14445,0.62899,0.56713,0.51837,0.12934,0.44151,0.61013,0.55072,0.29477,0.28638
0.30194,0.39801,0.47501,0.50156,0.79113,0.65724,0.26475,0.25558,0.78664,0.57942,0.65914,0.46927,0.55812,0.29982,0.68889,0.50571,0.29184,0.47164,0.041063,0.39598,0.29858,0.52171,0.33,0.74011,0.26193,0.16695,0.62401,0.43358,0.76189,1,0.62585,0.76825,0.5025,0.55732,0.44782,0.36974,0.50886,0.44727,0.53424,0.49051,0.26735,0.3406,0.44195,0.49955,0.51711,0.41703,0.51745,0.63842,0.52018,0.69225,0.41995,0.18423,0.50481,0.7477,0.75519,0.40797,0.45301,0.52322,0.49907,0.51172,0.51967,0.11611,0.47449,0.69339,0.6735,0.28832,0.53806,0.31581,0.55665,0.62377,0.33602,0.44812,0.55422,0.79426,0.10105,0.15537,0.53747,0.57124,0.56292,0.010385,0.45583,0.58564,0.48444,0.18841,0.37632
0.30404,0.31836,0.359,0.18497,0.46663,0.46039,0.44519,0.25353,0.70896,0.41685,0.39566,0.25496,0.30232,0.45348,0.49029,0.44196,0.307,0.33326,0.28016,0.46637,0.17996,0.54059,0.48082,0.61325,0.38005,0.30105,0.5904,0.23931,0.63423,0.62585,1,0.51119,0.48642,0.49915,0.50579,0.14005,0.50102,0.32642,0.42774,0.55501,0.32967,0.31973,0.34317,0.11915,0.36938,0.50056,-0.048908,0.62976,0.54551,0.56418,0.3387,0.27457,0.48381,0.51105,0.46493,0.29353,0.48973,0.25034,0.49958,0.071097,0.27296,0.35919,0.53188,0.28895,0.30056,0.73432,0.31969,0.35034,0.53109,0.56064,0.24293,0.60753,0.39182,0.36053,0.14776,0.39595,0.33277,0.77408,0.39466,0.29961,0.32339,0.45975,0.60925,0.33578,0.18041
0.25724,0.48665,0.67814,0.65436,0.74411,0.75399,0.41032,0.40897,0.80576,0.40905,0.70519,0.7475,0.64767,0.66189,0.58117,0.54119,0.486,0.67374,-0.1281,0.40779,0.35529,0.7881,0.40918,0.79588,0.4852,0.50031,0.59182,0.80843,0.69785,0.76825,0.51119,1,0.392,0.7078,0.4424,0.64155,0.50242,0.72447,0.72429,0.67232,0.66907,0.50926,0.41931,0.37526,0.60753,0.62537,0.58619,0.65481,0.64315,0.8212,0.54384,0.46514,0.57958,0.66625,0.68642,0.64322,0.80225,0.60944,0.68287,0.56184,0.79131,0.28521,0.76624,0.78853,0.79049,0.20065,0.50172,0.51503,0.82336,0.6975,0.30946,0.6074,0.60622,0.79818,0.17909,0.26605,0.38221,0.64229,0.74033,0.019594,0.58307,0.59182,0.73521,0.47186,0.481
0.3211,0.25826,0.086698,0.13071,0.53762,0.40559,0.1736,0.097012,0.43518,0.43229,0.19411,0.17922,0.27622,0.33088,0.38693,0.29399,0.49437,0.33697,0.16443,0.44687,0.38492,0.42237,0.070323,0.24503,0.53042,0.24414,0.15933,0.10754,0.30667,0.5025,0.48642,0.392,1,0.39615,0.58713,0.09125,0.057617,0.165,0.17761,0.41363,0.19426,0.023855,0.37525,-0.10498,0.31825,0.31218,0.16891,0.54301,0.29896,0.38894,0.38872,0.4509,0.32363,0.53342,0.49747,0.23263,0.4697,0.26863,0.32385,0.305,0.21113,0.11697,0.24687,0.23143,0.23217,0.16809,0.037963,0.45145,0.2006,0.43828,0.30768,0.092729,0.1761,0.52462,0.10733,0.33497,0.085485,0.29351,0.25747,0.31554,0.33351,0.17243,0.57687,0.55127,0.21882
0.25874,0.47976,0.45287,0.44627,0.50034,0.62595,0.13242,0.3795,0.80949,0.27644,0.43092,0.36933,0.45735,0.71886,0.42736,0.37731,0.40339,0.39651,-0.097962,0.25413,0.33366,0.69123,0.40415,0.67127,0.23549,0.45347,0.44595,0.50286,0.62891,0.55732,0.49915,0.7078,0.39615,1,0.33444,0.4226,0.27653,0.34712,0.57662,0.67625,0.43995,0.63317,0.45829,0.25483,0.42831,0.65919,0.25369,0.59842,0.73975,0.65164,0.63888,0.48338,0.38719,0.38085,0.39642,0.36004,0.76551,0.16357,0.51201,0.35286,0.61312,0.24327,0.74477,0.41591,0.42228,0.38014,0.34371,0.49001,0.65533,0.5085,0.42435,0.50976,0.49112,0.59604,0.26488,0.42057,0.078744,0.62197,0.52486,0.17084,0.50375,0.2116,0.49038,0.41892,0.42655
0.43346,0.1295,0.22273,0.21871,0.5586,0.54334,0.6317,0.32158,0.3147,0.51567,0.30278,0.36464,0.41834,0.33296,0.62302,0.45864,0.61313,0.38819,-0.25942,0.57711,0.44425,0.55545,0.42337,0.32671,0.49324,0.27479,0.52394,0.25211,0.50728,0.44782,0.50579,0.4424,0.58713,0.33444,1,0.066656,0.47757,0.39107,0.23084,0.3964,0.38191,0.014291,0.13437,0.18701,0.71811,0.25912,0.19504,0.56664,0.26597,0.43376,0.26739,0.50945,0.30824,0.71138,0.73822,0.26339,0.52541,0.3688,0.64208,0.10871,0.18226,0.39328,0.32341,0.20849,0.18683,0.31483,0.4694,0.3955,0.27181,0.59443,0.48909,0.38634,0.3604,0.41343,0.14094,0.21929,0.3668,0.4352,0.56834,0.60222,0.42423,0.48708,0.69112,0.4016,0.33688
0.099397,0.38381,0.53751,0.56064,0.27817,0.67009,0.16086,0.42611,0.41867,-0.065565,0.54776,0.75527,0.52589,0.36183,0.2422,0.3624,0.32261,0.54405,0.18093,0.32049,0.15061,0.56305,0.21352,0.53148,0.30919,0.34302,0.25621,0.75593,0.44823,0.36974,0.14005,0.64155,0.09125,0.4226,0.066656,1,0.20458,0.73073,0.55737,0.37896,0.67076,0.51332,0.17764,0.3139,0.3326,0.37393,0.50081,0.47572,0.57369,0.63291,0.57712,0.40367,0.5306,0.27398,0.30667,0.7241,0.41713,0.37141,0.58212,0.30547,0.72415,0.28737,0.57863,0.51288,0.50796,-0.11436,0.41954,0.2209,0.51019,0.53954,0.35467,0.34817,0.51697,0.54012,0.10732,0.11127,0.27102,0.33397,0.54985,0.0058026,0.49137,0.34895,0.37782,0.23569,0.47787
0.094422,0.16187,0.46175,0.40789,0.49132,0.37396,0.59281,0.45046,0.3869,0.48124,0.5511,0.31408,0.52894,0.39695,0.64271,0.48278,0.15673,0.615,-0.10261,0.46448,0.53386,0.58912,0.68579,0.42492,0.23069,0.35834,0.58924,0.41442,0.57752,0.50886,0.50102,0.50242,0.057617,0.27653,0.47757,0.20458,1,0.5696,0.56279,0.30774,0.13195,0.044807,0.0070144,0.0079069,0.37932,0.1611,0.20715,0.49514,0.33959,0.3916,0.3877,0.3951,0.086194,0.47994,0.51936,0.51615,0.46121,0.54907,0.57983,0.30015,0.37746,0.54676,0.32064,0.55063,0.53466,0.43787,0.47252,0.44161,0.4087,0.54602,0.44406,0.57257,0.6692,0.18014,0.31113,0.30368,0.54349,0.52884,0.61149,0.27061,0.46379,0.75229,0.52703,0.24782,0.14246
0.14046,0.21477,0.51405,0.62232,0.44053,0.64863,0.63167,0.44331,0.48063,0.25944,0.58514,0.6372,0.63128,0.58265,0.36725,0.41746,0.40067,0.74107,-0.080847,0.48682,0.40889,0.70302,0.5483,0.56767,0.5221,0.32528,0.58383,0.67254,0.4766,0.44727,0.32642,0.72447,0.165,0.34712,0.39107,0.73073,0.5696,1,0.61037,0.55119,0.58118,0.43769,0.26295,0.31193,0.52408,0.31381,0.55222,0.45354,0.4247,0.56637,0.45106,0.53022,0.53912,0.50645,0.54275,0.80832,0.56193,0.525,0.74027,0.30673,0.70725,0.58056,0.58679,0.59528,0.58683,0.22847,0.46982,0.36744,0.65735,0.65151,0.4655,0.41861,0.55924,0.48707,0.21527,0.25329,0.32341,0.46823,0.79462,0.15101,0.56297,0.59629,0.59908,0.32647,0.55375
-0.19371,0.07335,0.71049,0.84942,0.56811,0.55955,0.18112,0.63721,0.57874,0.36671,0.73214,0.62143,0.83147,0.60413,0.49146,0.34123,0.3177,0.66276,0.20307,0.52806,0.54632,0.62567,0.36351,0.53549,0.37392,0.50786,0.33991,0.70891,0.59999,0.53424,0.42774,0.72429,0.17761,0.57662,0.23084,0.55737,0.56279,0.61037,1,0.43206,0.54161,0.27743,0.036176,0.20029,0.45228,0.28337,0.32532,0.61138,0.5691,0.63662,0.61155,0.37777,0.33327,0.34709,0.34805,0.57899,0.60283,0.73863,0.691,0.65355,0.57312,0.4505,0.51321,0.51421,0.49009,0.28127,0.41251,0.4186,0.45994,0.54105,0.31598,0.6348,0.62287,0.55087,0.07257,0.49437,0.46987,0.43128,0.50712,0.094782,0.87291,0.58344,0.55113,0.60767,0.50318
0.50331,0.46687,0.17188,0.43212,0.51698,0.6369,0.47997,0.4068,0.71871,0.23238,0.42087,0.35687,0.36338,0.64386,0.28921,0.40931,0.50519,0.47277,-0.041363,0.29977,0.3387,0.59051,0.52823,0.69341,0.42245,0.26541,0.60764,0.37162,0.54091,0.49051,0.55501,0.67232,0.41363,0.67625,0.3964,0.37896,0.30774,0.55119,0.43206,1,0.4239,0.59939,0.65023,0.26367,0.31653,0.69705,0.51596,0.48678,0.70132,0.50995,0.50745,0.58304,0.60659,0.40695,0.40993,0.35688,0.65203,0.14662,0.52199,0.096063,0.48266,0.4854,0.69685,0.31607,0.33559,0.35844,0.45441,0.48977,0.73898,0.67777,0.42097,0.46351,0.50994,0.46836,0.49033,0.42904,0.12309,0.70213,0.43188,0.33131,0.35862,0.2938,0.65009,0.42515,0.36287
0.19184,0.20015,0.51229,0.48856,0.38982,0.6349,0.30861,0.30819,0.43022,0.064107,0.45982,0.82252,0.49668,0.49395,0.30557,0.14791,0.49059,0.42908,0.055144,0.32837,0.02977,0.59434,0.2185,0.45591,0.39112,0.31046,0.19029,0.79475,0.35145,0.26735,0.32967,0.66907,0.19426,0.43995,0.38191,0.67076,0.13195,0.58118,0.54161,0.4239,1,0.49862,0.13743,0.28598,0.46135,0.42555,0.34228,0.50853,0.50546,0.70786,0.32105,0.38847,0.57125,0.40913,0.39825,0.43153,0.56709,0.38802,0.59394,0.221,0.50409,0.26444,0.67378,0.25189,0.25432,-0.013648,0.42447,0.1205,0.575,0.51466,0.17187,0.5363,0.37682,0.49349,0.011755,0.16501,0.17101,0.49174,0.44687,0.15452,0.53061,0.27003,0.56065,0.37805,0.5198
0.41559,0.41048,0.04504,0.28494,0.2402,0.51388,0.13164,0.089152,0.66702,-0.045065,0.38089,0.3312,0.24816,0.56235,0.093423,0.068193,0.33236,0.26809,0.078733,-0.049024,-0.006648,0.3794,0.46601,0.61001,-0.00896,-0.040482,0.31626,0.41934,0.35164,0.3406,0.31973,0.50926,0.023855,0.63317,0.014291,0.51332,0.044807,0.43769,0.27743,0.59939,0.49862,1,0.62058,0.46075,0.10824,0.64255,0.35785,0.23179,0.59551,0.54702,0.35441,0.25983,0.64106,0.2208,0.20866,0.31042,0.37927,-0.12433,0.29169,0.069739,0.55259,0.16446,0.70592,0.24073,0.26,0.26083,0.45059,0.080114,0.76115,0.34048,0.29906,0.3601,0.29372,0.45974,0.35868,0.19802,-0.19438,0.60156,0.41206,0.10084,0.14907,-0.054046,0.20274,-0.046246,0.4775
0.36473,0.53849,-0.086722,0.042834,0.24446,0.33165,0.21609,-0.12316,0.68043,0.078161,0.02033,0.11644,-0.06738,0.32331,-0.11486,0.22979,0.30924,0.23352,-0.0033993,0.043054,0.17073,0.18053,0.14978,0.47082,0.096774,-0.18477,0.31613,0.11236,0.29447,0.44195,0.34317,0.41931,0.37525,0.45829,0.13437,0.17764,0.0070144,0.26295,0.036176,0.65023,0.13743,0.62058,1,0.17895,0.12595,0.58627,0.29422,0.03479,0.27887,0.33827,0.21717,0.22555,0.52999,0.19829,0.19586,0.11168,0.31955,-0.19422,0.04506,-0.035153,0.42106,-0.020296,0.38529,0.19083,0.22295,0.35019,0.1628,0.19328,0.58339,0.41961,0.21463,0.1385,0.20548,0.37335,0.16175,0.12502,-0.18889,0.34483,0.23057,0.052387,-0.094262,0.11112,0.19867,0.0069115,0.06339
0.26616,0.07374,0.16125,0.45073,0.29652,0.53387,0.086262,0.20829,0.35839,0.12401,0.40701,0.34966,0.35641,0.013363,0.29321,0.18917,0.22786,-0.021287,-0.14572,0.043566,-0.088895,0.15304,0.15046,0.53007,-0.0076891,-0.18546,0.52805,0.16876,0.41604,0.49955,0.11915,0.37526,-0.10498,0.25483,0.18701,0.3139,0.0079069,0.31193,0.20029,0.26367,0.28598,0.46075,0.17895,1,0.43068,0.15476,0.48968,0.20032,0.28334,0.36428,0.045441,-0.12923,0.45344,0.4043,0.44,0.10765,-0.036938,0.16045,0.34453,0.10683,0.18036,0.0096129,0.35085,0.2331,0.19819,-0.0042764,0.63946,-0.14208,0.34062,0.27022,0.21684,0.25219,0.19375,0.58709,-0.0041716,-0.10399,0.38999,0.26745,0.33317,0.0095156,0.23117,0.19811,0.0063064,-0.1885,0.64734
0.1833,0.073409,0.52761,0.41622,0.54932,0.4624,0.53447,0.37341,0.41314,0.59417,0.34117,0.50572,0.45036,0.31643,0.48123,0.43959,0.37178,0.39654,-0.28546,0.65528,0.33671,0.47779,0.25833,0.53601,0.60606,0.39637,0.63865,0.48408,0.70015,0.51711,0.36938,0.60753,0.31825,0.42831,0.71811,0.3326,0.37932,0.52408,0.45228,0.31653,0.46135,0.10824,0.12595,0.43068,1,0.27533,0.31448,0.52816,0.2037,0.44266,0.3658,0.35071,0.29696,0.5918,0.62142,0.44437,0.54757,0.41028,0.76509,0.3014,0.45899,0.34634,0.30644,0.46086,0.41908,0.33993,0.39541,0.39529,0.36971,0.59421,0.43532,0.37902,0.31775,0.54876,-0.19033,0.033073,0.43082,0.21943,0.63739,0.11163,0.46098,0.63595,0.58429,0.37735,0.37497
0.44479,0.62935,0.21313,0.1984,0.38816,0.48139,0.28498,0.29352,0.65903,0.12082,0.44315,0.33319,0.22466,0.53008,0.30474,0.3841,0.4315,0.18426,-0.06877,0.18883,0.18937,0.48435,0.40556,0.68014,0.20059,0.44106,0.43813,0.46368,0.56268,0.41703,0.50056,0.62537,0.31218,0.65919,0.25912,0.37393,0.1611,0.31381,0.28337,0.69705,0.42555,0.64255,0.58627,0.15476,0.27533,1,0.22577,0.34864,0.66888,0.56596,0.52194,0.33345,0.54529,0.41685,0.36207,0.375,0.62852,0.13125,0.3583,0.26039,0.52304,0.14575,0.73,0.40409,0.44028,0.32087,0.40485,0.44853,0.74503,0.50242,0.14685,0.48791,0.23881,0.48302,0.28671,0.21735,0.078323,0.70661,0.39985,0.1349,0.12924,0.15374,0.58354,0.26378,0.059902
0.44706,0.16082,0.10737,0.55369,0.68301,0.49533,0.2737,0.23377,0.32759,0.36543,0.55647,0.4837,0.47207,0.20936,0.40375,0.08221,0.19193,0.47912,-0.1731,0.18636,0.14214,0.27344,0.28924,0.49411,0.25892,-0.057034,0.35932,0.48444,0.37492,0.51745,-0.048908,0.58619,0.16891,0.25369,0.19504,0.50081,0.20715,0.55222,0.32532,0.51596,0.34228,0.35785,0.29422,0.48968,0.31448,0.22577,1,0.34443,0.35914,0.36542,0.3263,0.29746,0.38824,0.51502,0.54316,0.3662,0.29132,0.34718,0.40068,0.39068,0.47173,0.2636,0.29393,0.51041,0.48012,-0.31501,0.51992,0.14077,0.45278,0.48925,0.35202,0.077848,0.44884,0.54991,0.31497,-0.05026,0.2372,0.24864,0.35858,-0.1029,0.3267,0.26332,0.34226,0.066094,0.41658
0.26773,0.12814,0.48592,0.46968,0.64446,0.57758,0.3002,0.43866,0.50472,0.55486,0.59324,0.53559,0.65516,0.43534,0.6876,0.37469,0.33041,0.49217,0.26604,0.5055,0.33898,0.72831,0.53734,0.52813,0.49462,0.52492,0.45713,0.57489,0.7538,0.63842,0.62976,0.65481,0.54301,0.59842,0.56664,0.47572,0.49514,0.45354,0.61138,0.48678,0.50853,0.23179,0.03479,0.20032,0.52816,0.34864,0.34443,1,0.59689,0.52449,0.56567,0.61227,0.45046,0.53405,0.51877,0.47098,0.61284,0.46924,0.75961,0.43864,0.32788,0.40817,0.53812,0.53575,0.50918,0.18641,0.43622,0.51298,0.46172,0.59503,0.56144,0.4786,0.51601,0.60439,0.30126,0.24783,0.48202,0.57679,0.50086,0.30406,0.61584,0.46051,0.67636,0.54392,0.47784
0.46026,0.57652,0.37598,0.4784,0.52478,0.73471,0.22196,0.61547,0.71486,0.14287,0.6489,0.44287,0.53405,0.58744,0.54916,0.44317,0.51204,0.44375,0.10019,0.32144,0.21033,0.66609,0.50025,0.77492,0.2638,0.44863,0.47195,0.49793,0.52458,0.52018,0.54551,0.64315,0.29896,0.73975,0.26597,0.57369,0.33959,0.4247,0.5691,0.70132,0.50546,0.59551,0.27887,0.28334,0.2037,0.66888,0.35914,0.59689,1,0.76651,0.73334,0.51386,0.47336,0.45148,0.43635,0.55094,0.62302,0.28684,0.59563,0.22845,0.57773,0.50346,0.71131,0.37717,0.39534,0.24359,0.62282,0.45766,0.66433,0.65764,0.45663,0.72022,0.68532,0.5491,0.49677,0.47307,0.24519,0.80344,0.48724,0.35224,0.58147,0.31676,0.62077,0.40867,0.42504
0.34521,0.59278,0.58578,0.55068,0.63768,0.85315,0.28343,0.41686,0.7972,0.17754,0.69209,0.71075,0.57623,0.58039,0.60975,0.52223,0.62757,0.59299,0.00084518,0.40383,0.23537,0.68378,0.26638,0.74767,0.3325,0.34084,0.43049,0.6603,0.52125,0.69225,0.56418,0.8212,0.38894,0.65164,0.43376,0.63291,0.3916,0.56637,0.63662,0.50995,0.70786,0.54702,0.33827,0.36428,0.44266,0.56596,0.36542,0.52449,0.76651,1,0.55816,0.31233,0.53099,0.67965,0.69554,0.5794,0.63907,0.5208,0.58362,0.36464,0.75409,0.26034,0.7239,0.50227,0.51223,0.2303,0.59227,0.29955,0.6681,0.66972,0.25319,0.71754,0.67113,0.71818,0.13671,0.41886,0.31324,0.70328,0.65367,0.20704,0.61087,0.47864,0.63638,0.36438,0.50061
0.30801,0.47162,0.28982,0.5694,0.50265,0.52758,0.16428,0.73778,0.54591,0.28606,0.52877,0.40457,0.52642,0.57111,0.46224,0.41428,0.41845,0.53106,0.2054,0.66165,0.53098,0.57324,0.38727,0.6442,0.46378,0.49886,0.3538,0.47746,0.59852,0.41995,0.3387,0.54384,0.38872,0.63888,0.26739,0.57712,0.3877,0.45106,0.61155,0.50745,0.32105,0.35441,0.21717,0.045441,0.3658,0.52194,0.3263,0.56567,0.73334,0.55816,1,0.60408,0.13429,0.34425,0.33557,0.69485,0.55786,0.35852,0.69902,0.40961,0.6176,0.60074,0.43426,0.44935,0.43274,0.24439,0.43235,0.69584,0.4589,0.73492,0.65859,0.57567,0.6085,0.45892,0.29975,0.51251,0.30066,0.4533,0.42225,0.2809,0.60032,0.4746,0.60579,0.60435,0.32409
0.3385,0.23279,0.17474,0.25002,0.37243,0.39668,0.46697,0.44119,0.34812,0.32239,0.24035,0.31421,0.41921,0.60237,0.26654,0.36867,0.55878,0.65263,0.019544,0.42224,0.50233,0.68118,0.60466,0.35509,0.60539,0.51832,0.32478,0.43682,0.32946,0.18423,0.27457,0.46514,0.4509,0.48338,0.50945,0.40367,0.3951,0.53022,0.37777,0.58304,0.38847,0.25983,0.22555,-0.12923,0.35071,0.33345,0.29746,0.61227,0.51386,0.31233,0.60408,1,0.33879,0.21123,0.2265,0.59954,0.7181,0.16073,0.69277,0.12401,0.42589,0.68228,0.36818,0.35454,0.36413,0.1813,0.27836,0.74539,0.50406,0.58658,0.77492,0.39896,0.52298,0.34206,0.57769,0.33439,-0.019114,0.36376,0.56495,0.56715,0.48241,0.38308,0.71648,0.66136,0.36465
0.2461,0.21282,0.23513,0.27703,0.35475,0.58805,0.29351,0.072581,0.54859,0.12083,0.46982,0.49281,0.43898,0.3301,0.17036,0.30386,0.49365,0.37278,0.21038,0.088012,0.096526,0.42016,0.39758,0.48648,0.20788,0.10768,0.36051,0.47049,0.43507,0.50481,0.48381,0.57958,0.32363,0.38719,0.30824,0.5306,0.086194,0.53912,0.33327,0.60659,0.57125,0.64106,0.52999,0.45344,0.29696,0.54529,0.38824,0.45046,0.47336,0.53099,0.13429,0.33879,1,0.37058,0.34468,0.33374,0.41529,0.20348,0.40129,0.17107,0.39339,0.10254,0.58159,0.31906,0.3375,0.19584,0.44752,0.093273,0.6089,0.38447,0.20324,0.25602,0.23374,0.66182,0.23452,0.021844,0.068749,0.51138,0.50889,0.25589,0.2899,0.14069,0.42837,0.1175,0.44528
0.50731,0.26763,0.37208,0.38876,0.79879,0.66598,0.56025,0.2542,0.52538,0.59917,0.67914,0.42669,0.53344,0.31556,0.86199,0.33322,0.41318,0.38143,-0.28463,0.45522,0.26749,0.53845,0.39362,0.59324,0.38671,0.22866,0.61687,0.40754,0.56173,0.7477,0.51105,0.66625,0.53342,0.38085,0.71138,0.27398,0.47994,0.50645,0.34709,0.40695,0.40913,0.2208,0.19829,0.4043,0.5918,0.41685,0.51502,0.53405,0.45148,0.67965,0.34425,0.21123,0.37058,1,0.97898,0.45122,0.49169,0.56624,0.55487,0.44704,0.43826,0.25684,0.49806,0.52193,0.50212,0.1547,0.61957,0.22004,0.48315,0.59219,0.28243,0.40421,0.45858,0.62286,0.15347,0.19152,0.48983,0.62817,0.61622,0.13114,0.44627,0.46841,0.64356,0.18998,0.38046
0.50364,0.33167,0.39469,0.42643,0.78441,0.7215,0.54698,0.28726,0.52399,0.53232,0.64936,0.48515,0.53687,0.33599,0.8454,0.43787,0.45175,0.44411,-0.34979,0.45452,0.28609,0.57692,0.37035,0.59373,0.36895,0.20571,0.63221,0.41565,0.56338,0.75519,0.46493,0.68642,0.49747,0.39642,0.73822,0.30667,0.51936,0.54275,0.34805,0.40993,0.39825,0.20866,0.19586,0.44,0.62142,0.36207,0.54316,0.51877,0.43635,0.69554,0.33557,0.2265,0.34468,0.97898,1,0.44579,0.49166,0.56984,0.56244,0.39491,0.48206,0.25089,0.49819,0.54438,0.52243,0.13466,0.61798,0.24148,0.46698,0.61308,0.30424,0.39704,0.50025,0.63207,0.13808,0.18436,0.50141,0.59279,0.66775,0.17098,0.44833,0.50713,0.62051,0.17471,0.41411
0.14242,0.3514,0.54011,0.47693,0.42637,0.49889,0.47275,0.54606,0.46421,0.31598,0.57407,0.49097,0.57587,0.54453,0.42623,0.46805,0.37726,0.69389,0.0088098,0.56242,0.38918,0.68463,0.49155,0.61792,0.58942,0.58182,0.4913,0.63652,0.4296,0.40797,0.29353,0.64322,0.23263,0.36004,0.26339,0.7241,0.51615,0.80832,0.57899,0.35688,0.43153,0.31042,0.11168,0.10765,0.44437,0.375,0.3662,0.47098,0.55094,0.5794,0.69485,0.59954,0.33374,0.45122,0.44579,1,0.60647,0.51351,0.75671,0.40871,0.77279,0.62988,0.44109,0.70744,0.70933,0.22687,0.38688,0.59967,0.60872,0.63835,0.5431,0.51657,0.56572,0.49757,0.24538,0.26486,0.27513,0.41645,0.77926,0.10884,0.57104,0.63678,0.66285,0.4599,0.384
0.23055,0.39823,0.58518,0.36607,0.60983,0.5186,0.48424,0.37965,0.66845,0.44833,0.45383,0.46821,0.51194,0.79698,0.47227,0.45178,0.50578,0.6658,-0.25319,0.39997,0.40725,0.80857,0.51236,0.59467,0.55874,0.71011,0.45898,0.6917,0.50751,0.45301,0.48973,0.80225,0.4697,0.76551,0.52541,0.41713,0.46121,0.56193,0.60283,0.65203,0.56709,0.37927,0.31955,-0.036938,0.54757,0.62852,0.29132,0.61284,0.62302,0.63907,0.55786,0.7181,0.41529,0.49169,0.49166,0.60647,1,0.39439,0.65348,0.41376,0.71053,0.45017,0.64841,0.58888,0.61135,0.35601,0.24962,0.68232,0.7228,0.57564,0.38256,0.5385,0.50581,0.54222,0.29919,0.34309,0.039699,0.58334,0.7243,0.20307,0.55503,0.42993,0.83264,0.62955,0.27078
-0.2123,0.03358,0.62881,0.75378,0.59794,0.48318,0.17644,0.56793,0.25396,0.37243,0.73411,0.6295,0.82113,0.31915,0.62471,0.39735,0.30604,0.51489,0.01891,0.52322,0.49707,0.53327,0.19252,0.31847,0.29706,0.44276,0.23584,0.59987,0.43403,0.52322,0.25034,0.60944,0.26863,0.16357,0.3688,0.37141,0.54907,0.525,0.73863,0.14662,0.38802,-0.12433,-0.19422,0.16045,0.41028,0.13125,0.34718,0.46924,0.28684,0.5208,0.35852,0.16073,0.20348,0.56624,0.56984,0.51351,0.39439,1,0.53101,0.74988,0.35651,0.22531,0.30578,0.58051,0.55168,-0.016943,0.37365,0.33654,0.22157,0.43674,0.065893,0.43659,0.37702,0.55216,-0.099197,0.23168,0.67291,0.29438,0.46661,0.067902,0.73749,0.60348,0.5392,0.47698,0.33773
0.28777,0.158,0.50956,0.62883,0.59864,0.62743,0.56741,0.71196,0.49611,0.52368,0.60158,0.60629,0.71214,0.57221,0.59829,0.48464,0.51857,0.63957,0.036409,0.75914,0.46877,0.74039,0.6074,0.67878,0.69427,0.54769,0.65399,0.62554,0.71096,0.49907,0.49958,0.68287,0.32385,0.51201,0.64208,0.58212,0.57983,0.74027,0.691,0.52199,0.59394,0.29169,0.04506,0.34453,0.76509,0.3583,0.40068,0.75961,0.59563,0.58362,0.69902,0.69277,0.40129,0.55487,0.56244,0.75671,0.65348,0.53101,1,0.33652,0.54759,0.75458,0.49555,0.53112,0.49928,0.35161,0.59872,0.62364,0.56371,0.7922,0.72323,0.66822,0.60943,0.57112,0.23244,0.33096,0.48297,0.51615,0.72343,0.39787,0.73366,0.71492,0.78865,0.61231,0.59173
