1,0.069938,0.38175,-0.03377,0.22342,0.40238,0.29981,0.063444,0.28717,0.66745,0.43918,0.301,0.082034,0.5584,0.1696,0.42787,0.66804,0.31364,-0.18838,0.21843,0.51902,0.12469,0.50318,0.11295,0.25533,0.31833,0.28683,0.53926,-0.045528,0.11644,0.58338,0.25666,0.38794,0.15942,0.17677,0.46856,0.2846,0.29147,-0.24739,0.096673,0.40322,0.21952,0.43543,0.59449,0.25202,0.52436,0.43787,0.030373,0.40533,0.18069,0.20317,0.43765,0.39475,0.28128,0.22265,0.57439,0.56426,0.081484,0.29667,0.24902,0.34643,0.34614,0.56398,0.22475,0.22475,0.093867,0.4542,0.47304,0.25278,0.27895,0.30553,0.55047,0.47012,0.31366,0.48769,0.12663,0.28435,0.46755,0.58037,0.58244,-0.043552,0.57021,0.12193,0.4282,0.13775
0.069938,1,-0.057038,0.27095,-0.013739,0.32563,-0.0091088,-0.035085,-0.30626,0.10591,-0.26792,0.29729,-0.30777,-0.058586,0.31346,0.3753,-0.15954,0.20552,-0.22328,-0.042412,0.16257,0.29697,-0.29891,0.085281,0.0010886,-0.11245,-0.061495,0.11951,0.16371,-0.23095,-0.015845,0.39053,0.31181,0.39042,0.0014317,-0.027508,0.41621,0.18886,-0.045357,0.026832,0.14403,-0.13883,-0.13836,-0.059196,0.16399,0.024034,-0.023273,0.071208,-0.054524,-0.15737,0.26919,-0.0096788,-0.18259,0.089145,0.17329,0.043005,-0.3277,-0.20228,0.23464,-0.071863,0.057757,0.10565,0.23982,-0.11761,-0.11761,-0.00059848,-0.046981,-0.028249,0.072258,0.010193,0.049923,-0.20742,0.10978,-0.21264,0.16256,-0.10996,-0.04144,0.18786,0.066069,0.066161,-0.57861,0.32896,0.164,0.25922,-0.1959
0.38175,-0.057038,1,-0.1354,0.55888,0.56916,0.036939,0.40256,0.45302,0.47729,0.73937,0.40066,0.24582,0.54353,0.14262,0.55127,0.44561,0.019839,0.22381,0.18684,0.37881,0.48649,0.24603,0.35338,0.47738,0.47133,0.026784,0.6009,0.25104,0.20366,0.093854,0.31564,0.4602,0.42138,-0.16036,0.56581,0.36056,0.46358,0.0021897,0.32137,0.52451,0.52984,0.40809,0.54092,0.54402,0.35359,0.11396,0.31068,0.52127,0.2506,0.39379,0.43612,0.56785,0.47001,0.30493,0.5673,0.54658,0.24451,0.36165,-0.059276,0.41366,0.48588,0.40123,0.53667,0.53667,0.18538,0.37707,0.31653,0.83013,0.36443,0.53015,0.53187,0.14744,0.44418,-0.13065,0.1338,0.0062087,0.44604,0.31455,0.01582,0.24142,0.23421,0.40004,0.6477,0.42859
-0.03377,0.27095,-0.1354,1,0.085029,-0.12183,-0.14861,-0.23874,0.09479,-0.084828,-0.03546,0.23644,0.56731,-0.19577,0.10583,0.059902,0.067845,0.35459,0.1025,-0.27617,0.16107,0.078244,-0.21662,-0.078072,0.28693,-0.14559,0.041355,-0.27929,0.1715,0.059802,-0.19743,0.42751,0.02825,0.1676,0.076145,0.21048,0.14279,0.10682,0.74114,0.0087223,0.11432,0.18976,0.0059943,-0.16312,0.15162,0.15283,0.32895,0.025996,0.251,0.19994,0.29072,0.063289,-0.022389,0.25682,0.25433,0.0068016,-0.052588,0.6344,0.010073,0.33914,-0.0029145,0.02188,0.34213,-0.24738,-0.24738,0.31924,-0.018971,-0.099248,-0.05269,-0.33091,-0.071136,-0.26618,0.42194,-0.17411,-0.15451,-0.12789,-0.19333,0.34294,0.29263,0.065059,0.014118,0.19094,0.10059,-0.084993,-0.030982
0.22342,-0.013739,0.55888,0.085029,1,0.46966,0.47322,0.50426,0.6577,0.62203,0.73204,0.7902,0.55545,0.41489,0.28257,0.72723,0.43694,0.27958,0.28169,0.3403,0.43727,0.47071,0.31517,0.38519,0.49799,0.44591,0.24353,0.64267,0.56871,0.73711,0.26697,0.46097,0.53708,0.76657,0.085286,0.53912,0.68424,0.56704,0.31955,0.26392,0.71938,0.62521,0.75396,0.38262,0.50428,0.49066,0.20231,0.40343,0.64971,0.58303,0.44872,0.70512,0.70992,0.74986,0.73799,0.5716,0.44603,0.50881,0.40814,-0.011306,0.56294,0.55742,0.4938,0.56658,0.56658,0.18131,0.62993,0.11871,0.67341,0.42177,0.46055,0.33832,0.39665,0.52067,0.17141,0.15641,0.14615,0.50987,0.25264,0.226,0.35676,0.42209,0.42218,0.67022,0.43724
0.40238,0.32563,0.56916,-0.12183,0.46966,1,0.16755,0.379,0.38471,0.52308,0.35297,0.48861,0.087809,0.35603,0.38162,0.51802,0.54993,0.021318,-0.40271,0.4711,0.43764,0.49921,0.3404,0.47635,0.36401,-0.022269,0.21528,0.51499,0.13068,0.42229,0.37313,0.52331,0.53104,0.4906,0.037693,0.44346,0.28117,0.58328,-0.12915,0.11392,0.50524,0.57588,0.59002,0.57275,0.34915,0.39073,0.35157,0.19557,0.47135,0.42747,0.38854,0.37013,0.63277,0.60548,0.53884,0.5934,0.40533,0.027999,0.57484,-0.1395,0.54701,0.4421,0.31865,0.52147,0.52147,0.15131,0.57051,0.36915,0.6605,0.29132,0.57592,0.49982,0.23003,0.24279,0.37288,0.42399,-0.073102,0.29287,0.40168,0.37236,-0.051311,0.43855,0.42747,0.61469,0.51021
0.29981,-0.0091088,0.036939,-0.14861,0.47322,0.16755,1,0.0068292,0.33212,0.40904,0.17132,0.27392,0.27015,0.37747,0.018445,0.32112,0.21002,0.36421,0.0068093,0.54938,0.049631,0.31439,0.22267,0.16807,-0.069144,0.26664,0.10842,0.26945,0.085065,0.37323,0.22667,0.13118,0.18908,0.40595,0.38589,0.26128,0.37268,0.27114,-0.012063,-0.060657,0.27403,0.13682,0.41251,0.16419,0.06819,0.14369,0.10811,-0.08299,0.24697,0.34413,-0.0017186,0.33167,0.22734,0.42634,0.4046,0.35195,0.18825,0.16968,-0.10058,0.25893,0.32255,0.23235,0.075084,0.18808,0.18808,0.0156,0.54026,-0.11229,0.11774,0.41113,0.2014,0.33435,0.35828,0.29803,0.32445,-0.13674,0.094818,0.13209,0.24385,0.18217,0.16908,0.30412,-0.25607,0.29592,-0.047095
0.063444,-0.035085,0.40256,-0.23874,0.50426,0.379,0.0068292,1,0.18117,0.42314,0.38557,0.45148,0.10583,0.34541,0.076062,0.60244,0.26826,-0.21757,-0.0084743,0.22663,0.17239,0.2008,0.23111,0.47634,0.20219,0.15835,0.31324,0.4172,0.35605,0.32981,0.20691,0.45561,0.31431,0.39687,0.063457,0.23748,0.21647,0.22836,0.077122,0.30409,0.43691,0.47448,0.47032,0.39802,0.30546,0.19019,-0.25089,0.38676,0.52021,0.18125,-0.010963,0.39549,0.4666,0.21782,0.18139,0.29804,0.44532,0.030469,0.37477,-0.34454,0.23278,0.35324,0.16385,0.44336,0.44336,-0.1582,0.21184,0.055487,0.57592,0.20703,0.42698,0.22705,-0.014125,0.37533,0.13609,0.4402,-0.21467,0.29172,-0.18572,0.20234,0.25861,0.32284,0.57151,0.33751,0.50186
0.28717,-0.30626,0.45302,0.09479,0.6577,0.38471,0.33212,0.18117,1,0.47801,0.68971,0.59528,0.72471,0.53296,0.37453,0.29407,0.63289,0.36515,0.29492,0.32209,0.52443,0.33048,0.51664,0.24461,0.64462,0.2894,0.34458,0.55098,0.020997,0.54229,0.30397,0.34613,0.46035,0.39064,0.18127,0.66328,0.39785,0.46998,0.33933,-0.02801,0.63637,0.56783,0.71007,0.42206,0.31181,0.24579,0.4662,0.084,0.68609,0.48361,0.50741,0.44784,0.78214,0.69889,0.63893,0.38666,0.42339,0.65593,0.35964,-0.087869,0.49066,0.58549,0.22198,0.32777,0.32777,0.22627,0.55217,0.32508,0.45032,0.37148,0.65078,0.33501,0.36993,0.62014,0.1204,0.34482,0.11334,0.33665,0.44152,0.1521,0.3907,0.2922,0.3081,0.4917,0.2773
0.66745,0.10591,0.47729,-0.084828,0.62203,0.52308,0.40904,0.42314,0.47801,1,0.61801,0.51103,0.27983,0.58274,0.16052,0.59492,0.66498,0.34545,-0.086913,0.30532,0.4581,0.24086,0.48405,0.34699,0.2448,0.4887,0.36692,0.70585,0.21825,0.45827,0.54738,0.44476,0.55098,0.55158,0.38017,0.46845,0.48382,0.43738,-0.025793,0.31995,0.53014,0.38964,0.76937,0.64352,0.37894,0.41953,0.18132,0.3667,0.58819,0.27987,0.41976,0.58177,0.68574,0.51827,0.50125,0.57028,0.46561,0.27911,0.58901,-0.057328,0.53236,0.64051,0.6599,0.53669,0.53669,-0.086169,0.49498,0.35299,0.47499,0.48544,0.65966,0.42029,0.16826,0.50926,0.30224,0.33988,0.094269,0.62569,0.20467,0.25492,0.2062,0.61578,0.45827,0.61255,0.36642
0.43918,-0.26792,0.73937,-0.03546,0.73204,0.35297,0.17132,0.38557,0.68971,0.61801,1,0.59306,0.46426,0.53525,0.13761,0.46541,0.54406,0.18355,0.41146,0.22746,0.43048,0.16234,0.32256,0.29973,0.47141,0.44571,0.37002,0.7589,0.18357,0.42463,0.33872,0.34515,0.46875,0.48084,0.076485,0.55732,0.53862,0.39376,0.24643,0.2334,0.65411,0.58102,0.63607,0.65105,0.38852,0.4586,0.26671,0.24177,0.5815,0.24768,0.47457,0.58345,0.69999,0.60549,0.5452,0.51298,0.49467,0.46555,0.28889,-0.12963,0.46766,0.43828,0.46276,0.52479,0.52479,0.18504,0.4347,0.40223,0.60735,0.44141,0.44388,0.4294,0.31363,0.62802,0.068658,0.2112,0.17121,0.45741,0.28365,0.17983,0.5537,0.24038,0.34704,0.70803,0.4614
0.301,0.29729,0.40066,0.23644,0.7902,0.48861,0.27392,0.45148,0.59528,0.51103,0.59306,1,0.43811,0.36655,0.43796,0.78895,0.35641,0.34363,0.26716,0.15553,0.61864,0.42075,0.23082,0.35306,0.6266,0.13338,0.30368,0.68503,0.41949,0.44026,0.31338,0.70882,0.65441,0.77152,0.098014,0.55982,0.71035,0.6139,0.30651,0.16071,0.87337,0.56991,0.57954,0.47029,0.44801,0.43337,0.27854,0.29113,0.67618,0.43297,0.49491,0.57818,0.58074,0.70738,0.72317,0.42877,0.25264,0.50126,0.52742,-0.13429,0.46407,0.53935,0.47226,0.49244,0.49244,0.38422,0.53709,0.27937,0.51009,0.25978,0.39484,0.14314,0.54404,0.51476,0.31431,0.10945,0.080004,0.49995,0.39272,0.37596,-0.00074375,0.43016,0.41225,0.65752,0.27987
0.082034,-0.30777,0.24582,0.56731,0.55545,0.087809,0.27015,0.10583,0.72471,0.27983,0.46426,0.43811,1,0.27976,0.17761,0.18865,0.44298,0.36684,0.30252,0.071097,0.26683,0.29252,0.21704,0.1885,0.5784,0.20554,0.2985,0.16247,0.11032,0.46383,0.057118,0.41835,0.081619,0.32085,0.28837,0.43295,0.21717,0.23563,0.70757,-0.020707,0.44023,0.63673,0.53461,0.15381,0.25892,0.19518,0.3724,0.054865,0.69876,0.56347,0.33305,0.44196,0.5199,0.63483,0.54924,0.33485,0.35616,0.90879,0.11027,0.23877,0.23946,0.40468,0.23134,0.17976,0.17976,0.27053,0.36698,-0.0077189,0.27388,0.04063,0.46727,0.065537,0.52369,0.35026,-0.022072,0.10345,-0.11964,0.36706,0.39132,0.17016,0.41636,0.19863,0.23072,0.17927,0.24337
0.5584,-0.058586,0.54353,-0.19577,0.41489,0.35603,0.37747,0.34541,0.53296,0.58274,0.53525,0.36655,0.27976,1,0.31052,0.37814,0.7197,0.084497,0.099129,0.36772,0.49235,0.36836,0.28662,0.18479,0.28781,0.52997,0.39839,0.57718,-0.1429,0.054954,0.59029,0.29161,0.533,0.20868,-0.072874,0.50919,0.3082,0.3184,0.088123,0.20552,0.47512,0.29616,0.48013,0.51622,0.34185,0.38541,0.10601,0.15853,0.67998,0.26829,0.34221,0.21983,0.42064,0.3168,0.25351,0.49854,0.55932,0.26664,0.37883,-0.10143,0.33032,0.47846,0.3395,0.17665,0.17665,-0.016105,0.45444,0.00088643,0.52394,0.52048,0.61119,0.39233,0.12492,0.65813,0.25719,0.14201,0.058849,0.37334,0.27022,0.18637,0.13785,0.40285,0.39849,0.54827,0.28825
0.1696,0.31346,0.14262,0.10583,0.28257,0.38162,0.018445,0.076062,0.37453,0.16052,0.13761,0.43796,0.17761,0.31052,1,0.24559,0.4581,0.046169,0.0039036,0.096524,0.35513,0.36158,0.15273,0.29226,0.38438,0.29375,0.0015498,0.35265,0.1339,0.040634,0.12726,0.18591,0.30361,0.14865,-0.21368,0.23499,0.17931,0.23652,0.080255,-0.14348,0.56493,0.0518,0.17469,0.052443,0.05792,-0.045693,0.11486,-0.22825,0.33359,0.11845,0.34593,0.13277,0.26677,0.44015,0.43671,0.28498,0.13578,0.1532,0.38734,-0.21843,0.17847,0.15546,0.16045,-0.039605,-0.039605,-0.020475,0.079269,-0.041313,0.13798,0.26001,0.35132,0.2115,0.29653,0.030536,0.21226,0.21825,0.072728,-0.14965,0.30243,0.4764,-0.35795,0.15272,0.54446,0.16777,0.17029
0.42787,0.3753,0.55127,0.059902,0.72723,0.51802,0.32112,0.60244,0.29407,0.59492,0.46541,0.78895,0.18865,0.37814,0.24559,1,0.27867,0.3086,0.16118,0.26894,0.48252,0.62288,0.27333,0.32369,0.42043,0.35433,0.15035,0.63396,0.59901,0.39467,0.21991,0.59333,0.65606,0.77476,-0.005492,0.55375,0.67013,0.57593,0.048397,0.34981,0.74462,0.48605,0.52114,0.36561,0.56929,0.47346,0.058775,0.36971,0.51453,0.35854,0.22144,0.61186,0.53023,0.47173,0.41246,0.52206,0.45491,0.23859,0.52223,0.015869,0.37893,0.54032,0.60101,0.52136,0.52136,0.16252,0.44578,0.24728,0.66318,0.288,0.38438,0.32366,0.41223,0.42072,0.18196,0.083222,0.179,0.62895,0.32416,0.32536,-0.052949,0.54557,0.43948,0.62191,0.29004
0.66804,-0.15954,0.44561,0.067845,0.43694,0.54993,0.21002,0.26826,0.63289,0.66498,0.54406,0.35641,0.44298,0.7197,0.4581,0.27867,1,0.096656,-0.17903,0.35494,0.59736,0.23691,0.50145,0.23903,0.32613,0.35734,0.34514,0.43037,-0.041302,0.38027,0.6126,0.35007,0.48409,0.12456,0.021552,0.58803,0.085351,0.39714,0.18308,0.12259,0.48801,0.41594,0.65539,0.57449,0.18223,0.47621,0.39313,0.055923,0.69715,0.38526,0.37039,0.28513,0.65371,0.50058,0.41161,0.5628,0.67106,0.41027,0.54414,0.049339,0.41793,0.36315,0.522,0.22733,0.22733,0.0075353,0.48662,0.2069,0.42769,0.3135,0.57693,0.58878,0.23999,0.45102,0.33103,0.46803,-0.0022038,0.37436,0.41087,0.45438,0.21898,0.50366,0.5444,0.36781,0.54294
0.31364,0.20552,0.019839,0.35459,0.27958,0.021318,0.36421,-0.21757,0.36515,0.34545,0.18355,0.34363,0.36684,0.084497,0.046169,0.3086,0.096656,1,0.031999,0.24911,0.23065,0.25198,-0.068667,0.039775,0.32937,0.20918,0.14951,0.26839,0.04961,0.3297,0.010057,0.20142,0.34433,0.26259,0.42249,0.40325,0.58095,0.48082,0.26536,-0.045159,0.16558,0.1581,0.33287,-0.054263,0.33356,0.15962,0.5045,0.005473,0.18371,0.16992,0.37838,0.29764,0.35209,0.26629,0.24143,0.12628,-0.029201,0.42393,0.030759,0.39299,0.086141,0.29579,0.4615,0.11164,0.11164,0.13338,0.21793,0.37105,-0.0067239,0.23338,0.14273,0.13426,0.46285,0.44016,0.18949,-0.033196,0.33602,0.4711,0.1889,0.033659,0.091233,0.24651,-0.19794,0.29472,-0.01983
-0.18838,-0.22328,0.22381,0.1025,0.28169,-0.40271,0.0068093,-0.0084743,0.29492,-0.086913,0.41146,0.26716,0.30252,0.099129,0.0039036,0.16118,-0.17903,0.031999,1,-0.23138,0.13735,0.20631,0.020217,-0.26937,0.20351,0.37954,-0.11121,0.23746,0.17102,-0.1234,-0.19408,-0.04858,0.045729,0.25111,-0.21539,0.10873,0.28364,-0.1538,0.28188,0.015807,0.36402,0.079709,-0.093655,-0.1009,-0.023904,-0.067441,-0.25292,-0.097853,0.036608,-0.18056,-0.072789,0.085839,0.028118,0.075642,0.011988,-0.21123,-0.054152,0.43187,-0.046035,-0.065228,-0.17449,0.084756,-0.017881,-0.038874,-0.038874,0.0010933,-0.16664,-0.079981,0.13001,-0.065712,0.014311,-0.18924,0.041657,0.26144,-0.45336,-0.19243,0.3065,0.14209,0.097888,-0.27214,0.18756,-0.20618,0.11883,0.077701,-0.21593
0.21843,-0.042412,0.18684,-0.27617,0.3403,0.4711,0.54938,0.22663,0.32209,0.30532,0.22746,0.15553,0.071097,0.36772,0.096524,0.26894,0.35494,0.24911,-0.23138,1,-0.015896,0.38227,0.090525,0.2727,-0.12237,0.13637,0.36723,0.27916,-0.13182,0.44521,0.27766,0.19542,0.47618,0.27722,0.050127,0.38117,0.25973,0.44663,0.073152,0.032194,0.24412,0.34646,0.57143,0.23218,0.1474,0.21155,0.27548,-0.13139,0.12104,0.29696,-0.0041436,0.047743,0.53783,0.25357,0.18172,0.30077,0.35649,0.0071169,0.12098,-0.086842,0.2749,0.065512,0.14711,0.29291,0.29291,-0.10279,0.41313,0.18939,0.36419,0.57811,0.24321,0.55504,0.097021,0.44273,0.24169,0.32155,0.17684,0.035597,0.096743,0.16753,0.44826,0.065189,0.046252,0.40336,0.52626
0.51902,0.16257,0.37881,0.16107,0.43727,0.43764,0.049631,0.17239,0.52443,0.4581,0.43048,0.61864,0.26683,0.49235,0.35513,0.48252,0.59736,0.23065,0.13735,-0.015896,1,0.32195,0.34349,-0.17455,0.51372,0.21038,0.085593,0.42549,0.040265,0.25224,0.59251,0.45093,0.58016,0.3204,-0.068121,0.43112,0.356,0.36703,0.068694,-0.12741,0.49391,0.38182,0.36533,0.34253,0.11343,0.53495,0.45848,0.10336,0.56918,0.27158,0.3238,0.23978,0.48072,0.29333,0.27958,0.21426,0.23861,0.41777,0.64546,0.20328,0.12278,0.3511,0.48825,0.22444,0.22444,0.16369,0.44464,0.38857,0.35504,-0.027753,0.37971,0.20246,0.27747,0.49123,0.39973,0.22139,0.25216,0.54524,0.3683,0.28661,-0.16137,0.52516,0.46094,0.33753,0.1371
0.12469,0.29697,0.48649,0.078244,0.47071,0.49921,0.31439,0.2008,0.33048,0.24086,0.16234,0.42075,0.29252,0.36836,0.36158,0.62288,0.23691,0.25198,0.20631,0.38227,0.32195,1,0.13183,0.094659,0.3461,0.32614,-0.024902,0.35029,0.33935,0.25523,0.031034,0.25441,0.4412,0.46291,-0.27229,0.46769,0.33731,0.44886,0.13653,0.20001,0.50318,0.4252,0.29754,-0.031998,0.37316,0.28201,-0.015889,0.019285,0.31848,0.34649,0.096608,0.26202,0.37647,0.41521,0.23371,0.38762,0.38446,0.31693,0.4001,0.189,0.10834,0.39023,0.33141,0.18555,0.18555,0.019853,0.24257,-0.09788,0.60121,0.092201,0.4651,0.2727,0.25287,0.33154,-0.074288,0.066795,0.25308,0.40847,0.4258,0.093125,-0.19,0.28769,0.36774,0.40188,0.22864
0.50318,-0.29891,0.24603,-0.21662,0.31517,0.3404,0.22267,0.23111,0.51664,0.48405,0.32256,0.23082,0.21704,0.28662,0.15273,0.27333,0.50145,-0.068667,0.020217,0.090525,0.34349,0.13183,1,0.11573,0.33639,0.19907,0.19435,0.39587,0.19358,0.38227,0.35947,0.046624,0.15542,0.2187,0.11794,0.39095,0.048879,0.07206,-0.3347,0.10409,0.41616,0.24547,0.53284,0.41025,0.18534,0.22935,0.16177,0.18309,0.33252,0.33557,0.030387,0.51793,0.50001,0.34679,0.32569,0.40376,0.5967,0.056361,0.3549,-0.1062,0.51848,0.57709,0.098612,0.19617,0.19617,-0.020598,0.4363,0.30487,0.30191,0.12417,0.50622,0.32816,0.17966,0.078089,0.14502,0.38323,0.21443,0.2572,0.53455,0.34208,0.051175,0.51532,0.27105,0.20677,-0.042857
0.11295,0.085281,0.35338,-0.078072,0.38519,0.47635,0.16807,0.47634,0.24461,0.34699,0.29973,0.35306,0.1885,0.18479,0.29226,0.32369,0.23903,0.039775,-0.26937,0.2727,-0.17455,0.094659,0.11573,1,0.36764,0.080061,0.10371,0.43641,0.271,0.21134,-0.19564,0.37378,0.12981,0.31425,0.33634,0.29254,0.26222,0.49677,0.032098,0.28057,0.41229,0.36199,0.45546,0.56039,0.4442,-0.12416,0.02454,0.29691,0.48506,0.22778,0.3192,0.36533,0.38621,0.58843,0.49633,0.36196,0.22683,0.032942,0.091774,-0.36447,0.62239,0.44519,0.035801,0.42501,0.42501,-0.016323,0.42613,0.10725,0.48294,0.38906,0.34155,0.48108,0.2219,0.15866,0.18834,0.40696,-0.38872,0.072324,0.14267,0.23631,0.17475,0.076963,0.20467,0.39564,0.44618
0.25533,0.0010886,0.47738,0.28693,0.49799,0.36401,-0.069144,0.20219,0.64462,0.2448,0.47141,0.6266,0.5784,0.28781,0.38438,0.42043,0.32613,0.32937,0.20351,-0.12237,0.51372,0.3461,0.33639,0.36764,1,0.18804,0.19845,0.52199,0.199,0.27793,0.085077,0.39529,0.23109,0.35578,0.089366,0.42497,0.47154,0.40885,0.18418,0.0092286,0.56038,0.62844,0.45451,0.316,0.57582,0.25809,0.49843,0.31615,0.69023,0.51878,0.51265,0.57011,0.52399,0.56021,0.51437,0.36203,0.29981,0.50291,0.302,0.0080032,0.39778,0.68444,0.20238,0.30636,0.30636,0.31976,0.51469,0.35592,0.51331,0.073551,0.49429,0.12379,0.56613,0.36362,0.24206,0.19349,0.15372,0.43269,0.55924,0.3023,-0.045037,0.2569,0.31745,0.43558,0.11529
0.31833,-0.11245,0.47133,-0.14559,0.44591,-0.022269,0.26664,0.15835,0.2894,0.4887,0.44571,0.13338,0.20554,0.52997,0.29375,0.35433,0.35734,0.20918,0.37954,0.13637,0.21038,0.32614,0.19907,0.080061,0.18804,1,-0.082921,0.43064,0.22027,0.092708,0.10546,-0.081848,0.24606,0.23185,-0.096241,0.1856,0.36432,0.071566,-0.033671,0.13551,0.30477,0.052428,0.30628,0.046225,0.27365,0.062937,-0.068107,0.10819,0.27023,0.078451,0.12923,0.27489,0.34514,0.10333,0.042889,0.25568,0.31399,0.21634,0.23355,0.033338,0.10587,0.33775,0.38928,0.18244,0.18244,-0.34172,0.1369,0.010003,0.35745,0.50662,0.38198,0.34004,-0.01183,0.32631,-0.10571,0.03891,0.37349,0.25634,0.023435,-0.010458,0.16904,0.11487,0.43342,0.22495,0.11842
0.28683,-0.061495,0.026784,0.041355,0.24353,0.21528,0.10842,0.31324,0.34458,0.36692,0.37002,0.30368,0.2985,0.39839,0.0015498,0.15035,0.34514,0.14951,-0.11121,0.36723,0.085593,-0.024902,0.19435,0.10371,0.19845,-0.082921,1,0.40905,-0.23152,0.28938,0.6315,0.3394,0.26804,0.23945,0.16009,0.20009,0.30535,0.048334,0.28567,0.15989,0.27849,0.45133,0.57998,0.34416,0.32572,0.44507,0.30485,0.2031,0.36547,0.36814,0.32712,0.39274,0.38841,0.23936,0.37891,0.46104,0.41427,0.16352,0.1387,-0.28148,0.29256,0.31945,0.20008,0.14669,0.14669,0.18346,0.2489,0.15851,0.17077,0.38366,0.39579,-0.14579,0.29754,0.36087,0.35325,0.11724,0.13496,0.2181,0.16558,0.36634,0.35139,0.28199,0.17267,0.51654,0.27917
0.53926,0.11951,0.6009,-0.27929,0.64267,0.51499,0.26945,0.4172,0.55098,0.70585,0.7589,0.68503,0.16247,0.57718,0.35265,0.63396,0.43037,0.26839,0.23746,0.27916,0.42549,0.35029,0.39587,0.43641,0.52199,0.43064,0.40905,1,0.2008,0.28263,0.42973,0.30946,0.52168,0.5543,0.12694,0.44268,0.69089,0.44227,-0.13249,0.2504,0.73484,0.45453,0.6204,0.64259,0.46311,0.37182,0.14793,0.25929,0.5031,0.17533,0.44979,0.64325,0.6126,0.58293,0.55706,0.53217,0.38566,0.14674,0.41527,-0.27987,0.50787,0.63932,0.40095,0.50183,0.50183,0.0079877,0.46113,0.40086,0.5844,0.50787,0.55926,0.37896,0.34026,0.61227,0.34844,0.26468,0.36997,0.4423,0.36858,0.34377,0.081281,0.35363,0.36621,0.82229,0.28194
-0.045528,0.16371,0.25104,0.1715,0.56871,0.13068,0.085065,0.35605,0.020997,0.21825,0.18357,0.41949,0.11032,-0.1429,0.1339,0.59901,-0.041302,0.04961,0.17102,-0.13182,0.040265,0.33935,0.19358,0.271,0.199,0.22027,-0.23152,0.2008,1,0.46424,-0.24907,0.058809,0.21882,0.43728,-0.21793,0.34208,0.33793,0.38715,0.096357,0.5852,0.36039,0.065668,0.1864,-0.038257,0.47604,0.30183,-0.29448,0.52168,0.14065,0.25022,0.17758,0.51369,0.12754,0.37626,0.35221,0.33588,0.30551,0.09322,0.22071,0.073484,0.37925,0.30632,0.43911,0.19479,0.19479,0.10571,0.13734,-0.22172,0.3956,-0.037916,-0.045296,0.1389,0.14562,-0.071195,-0.21929,-0.037952,0.061441,0.39714,0.10169,0.050542,-0.080162,0.37102,0.24882,0.25287,0.1481
0.11644,-0.23095,0.20366,0.059802,0.73711,0.42229,0.37323,0.32981,0.54229,0.45827,0.42463,0.44026,0.46383,0.054954,0.040634,0.39467,0.38027,0.3297,-0.1234,0.44521,0.25224,0.25523,0.38227,0.21134,0.27793,0.092708,0.28938,0.28263,0.46424,1,0.27632,0.18716,0.34423,0.42562,0.16259,0.43498,0.34758,0.50743,0.24598,0.18984,0.30142,0.52637,0.75306,0.14766,0.3344,0.51523,0.36744,0.3433,0.35612,0.64638,0.29406,0.58394,0.69272,0.5458,0.56447,0.46448,0.4434,0.34494,0.28929,0.17359,0.46057,0.33666,0.40466,0.44908,0.44908,0.14821,0.53487,0.1875,0.37931,0.22144,0.26365,0.32288,0.27903,0.34849,0.22854,0.30538,0.19271,0.38172,0.1191,0.21759,0.44495,0.39768,0.17164,0.38872,0.49016
0.58338,-0.015845,0.093854,-0.19743,0.26697,0.37313,0.22667,0.20691,0.30397,0.54738,0.33872,0.31338,0.057118,0.59029,0.12726,0.21991,0.6126,0.010057,-0.19408,0.27766,0.59251,0.031034,0.35947,-0.19564,0.085077,0.10546,0.6315,0.42973,-0.24907,0.27632,1,0.24003,0.41281,0.1609,-0.0019759,0.13345,0.17903,0.077473,-0.094805,-0.0029058,0.26095,0.29596,0.50422,0.41876,0.032063,0.65119,0.34898,0.12493,0.37883,0.34839,0.19774,0.24857,0.36615,0.11708,0.24309,0.4184,0.38598,0.068342,0.47668,-0.0096068,0.17317,0.21787,0.37159,0.22856,0.22856,0.071623,0.42095,0.21536,0.13758,0.26129,0.34577,0.072511,0.14376,0.42574,0.63091,0.12132,0.30929,0.28021,0.19255,0.46444,0.017979,0.44671,0.29553,0.39911,0.24365
0.25666,0.39053,0.31564,0.42751,0.46097,0.52331,0.13118,0.45561,0.34613,0.44476,0.34515,0.70882,0.41835,0.29161,0.18591,0.59333,0.35007,0.20142,-0.04858,0.19542,0.45093,0.25441,0.046624,0.37378,0.39529,-0.081848,0.3394,0.30946,0.058809,0.18716,0.24003,1,0.53346,0.70141,0.30529,0.39443,0.41415,0.4376,0.41576,0.027269,0.61641,0.63216,0.50203,0.53795,0.31073,0.2263,0.3498,0.20474,0.67298,0.36967,0.33265,0.26448,0.5029,0.49199,0.48604,0.27918,0.14522,0.49019,0.49373,-0.16719,0.34041,0.3948,0.35592,0.47639,0.47639,0.34681,0.44858,0.33909,0.44164,0.18652,0.44693,0.058409,0.37572,0.29621,0.22071,0.17713,-0.37477,0.42548,0.26128,0.25566,0.12165,0.33949,0.43171,0.41623,0.33172
0.38794,0.31181,0.4602,0.02825,0.53708,0.53104,0.18908,0.31431,0.46035,0.55098,0.46875,0.65441,0.081619,0.533,0.30361,0.65606,0.48409,0.34433,0.045729,0.47618,0.58016,0.4412,0.15542,0.12981,0.23109,0.24606,0.26804,0.52168,0.21882,0.34423,0.41281,0.53346,1,0.56852,-0.22614,0.72597,0.55061,0.75058,0.18669,0.38544,0.60932,0.27264,0.54043,0.424,0.49266,0.496,0.26525,0.33834,0.41009,0.29242,0.51135,0.13913,0.58781,0.34454,0.34447,0.3483,0.34394,0.25708,0.71038,-0.23877,0.44492,0.40998,0.66856,0.41733,0.41733,0.27269,0.41931,0.34753,0.54968,0.5215,0.35078,0.3251,0.046527,0.59827,0.067655,0.16534,0.1477,0.50908,0.18537,0.022116,0.098669,0.38608,0.43998,0.66699,0.43773
0.15942,0.39042,0.42138,0.1676,0.76657,0.4906,0.40595,0.39687,0.39064,0.55158,0.48084,0.77152,0.32085,0.20868,0.14865,0.77476,0.12456,0.26259,0.25111,0.27722,0.3204,0.46291,0.2187,0.31425,0.35578,0.23185,0.23945,0.5543,0.43728,0.42562,0.1609,0.70141,0.56852,1,0.18754,0.36939,0.7375,0.43843,0.18897,0.19826,0.70823,0.54385,0.60047,0.3824,0.47778,0.28214,0.15738,0.37636,0.43623,0.43104,0.36008,0.55214,0.5469,0.60069,0.64852,0.39722,0.15277,0.34647,0.45651,-0.22329,0.52676,0.57606,0.38599,0.58486,0.58486,0.25464,0.51621,0.25831,0.5798,0.4036,0.45231,0.040334,0.31713,0.26496,0.059117,0.0068625,0.041303,0.46269,0.27791,0.09901,0.14635,0.35801,0.36647,0.64991,0.1591
0.17677,0.0014317,-0.16036,0.076145,0.085286,0.037693,0.38589,0.063457,0.18127,0.38017,0.076485,0.098014,0.28837,-0.072874,-0.21368,-0.005492,0.021552,0.42249,-0.21539,0.050127,-0.068121,-0.27229,0.11794,0.33634,0.089366,-0.096241,0.16009,0.12694,-0.21793,0.16259,-0.0019759,0.30529,-0.22614,0.18754,1,-0.10091,0.18027,-0.023571,-0.0010682,-0.34492,-0.02561,0.20569,0.2975,0.26812,-0.11828,-0.27861,0.24684,-0.085238,0.2388,-0.016793,0.032197,0.30872,0.22269,0.25703,0.26876,-0.020761,-0.2219,0.17091,-0.19635,0.12335,0.1215,0.23456,-0.12882,0.20463,0.20463,-0.13698,0.21914,0.32305,-0.18408,0.063745,0.27636,0.03949,0.28368,0.098575,0.36031,0.21701,-0.26094,0.11634,-0.043748,0.10883,0.22514,0.18362,-0.24561,-0.0030481,-0.1467
0.46856,-0.027508,0.56581,0.21048,0.53912,0.44346,0.26128,0.23748,0.66328,0.46845,0.55732,0.55982,0.43295,0.50919,0.23499,0.55375,0.58803,0.40325,0.10873,0.38117,0.43112,0.46769,0.39095,0.29254,0.42497,0.1856,0.20009,0.44268,0.34208,0.43498,0.13345,0.39443,0.72597,0.36939,-0.10091,1,0.38978,0.77531,0.32715,0.46575,0.61649,0.35168,0.54133,0.45759,0.58562,0.47153,0.28243,0.27365,0.55563,0.36651,0.49832,0.35927,0.59362,0.59445,0.45069,0.52494,0.64961,0.45666,0.38899,0.032344,0.58155,0.5038,0.5767,0.23971,0.23971,0.37315,0.45319,0.23927,0.59149,0.31768,0.3769,0.54635,0.33379,0.53207,-0.094258,0.20895,0.0029019,0.58234,0.50838,0.098311,0.25099,0.50024,0.21922,0.59088,0.38244
0.2846,0.41621,0.36056,0.14279,0.68424,0.28117,0.37268,0.21647,0.39785,0.48382,0.53862,0.71035,0.21717,0.3082,0.17931,0.67013,0.085351,0.58095,0.28364,0.25973,0.356,0.33731,0.048879,0.26222,0.47154,0.36432,0.30535,0.69089,0.33793,0.34758,0.17903,0.41415,0.55061,0.7375,0.18027,0.38978,1,0.47207,0.17259,0.14858,0.5309,0.34564,0.4963,0.25336,0.58242,0.36641,0.30801,0.36241,0.35497,0.23866,0.53656,0.57497,0.4244,0.47655,0.55592,0.33077,0.069465,0.22941,0.17545,-0.069176,0.45386,0.54856,0.42937,0.27817,0.27817,0.1059,0.47512,0.28778,0.49081,0.46865,0.28266,0.093879,0.42938,0.45118,0.25886,-0.0045135,0.38214,0.54751,0.23321,0.091753,0.14227,0.40452,0.14318,0.76559,0.023369
0.29147,0.18886,0.46358,0.10682,0.56704,0.58328,0.27114,0.22836,0.46998,0.43738,0.39376,0.6139,0.23563,0.3184,0.23652,0.57593,0.39714,0.48082,-0.1538,0.44663,0.36703,0.44886,0.07206,0.49677,0.40885,0.071566,0.048334,0.44227,0.38715,0.50743,0.077473,0.4376,0.75058,0.43843,-0.023571,0.77531,0.47207,1,0.21208,0.45118,0.50517,0.37629,0.54016,0.44707,0.60268,0.42259,0.34337,0.40457,0.48163,0.44495,0.5516,0.24878,0.56147,0.57871,0.46878,0.39552,0.32474,0.3269,0.47469,0.0078735,0.57725,0.44519,0.57683,0.50232,0.50232,0.36531,0.58711,0.28483,0.57398,0.35326,0.21529,0.54682,0.23926,0.56912,0.14297,0.21197,-0.023016,0.50802,0.28736,0.056188,0.099742,0.28527,0.14772,0.60801,0.55103
-0.24739,-0.045357,0.0021897,0.74114,0.31955,-0.12915,-0.012063,0.077122,0.33933,-0.025793,0.24643,0.30651,0.70757,0.088123,0.080255,0.048397,0.18308,0.26536,0.28188,0.073152,0.068694,0.13653,-0.3347,0.032098,0.18418,-0.033671,0.28567,-0.13249,0.096357,0.24598,-0.094805,0.41576,0.18669,0.18897,-0.0010682,0.32715,0.17259,0.21208,1,0.13005,0.20773,0.34598,0.2104,-0.077735,0.14739,0.17133,0.14937,0.037275,0.39235,0.2317,0.31662,0.0042887,0.18484,0.33365,0.30294,0.027344,0.077544,0.76033,0.010995,0.10151,-0.00028161,-0.015363,0.27803,-0.10839,-0.10839,0.23013,-0.0087412,-0.25576,0.12166,-0.05631,0.058609,-0.16629,0.22774,0.24899,-0.24157,0.0073367,-0.25983,0.26958,-0.00081262,-0.10069,0.45009,0.021044,0.20674,0.088332,0.33551
0.096673,0.026832,0.32137,0.0087223,0.26392,0.11392,-0.060657,0.30409,-0.02801,0.31995,0.2334,0.16071,-0.020707,0.20552,-0.14348,0.34981,0.12259,-0.045159,0.015807,0.032194,-0.12741,0.20001,0.10409,0.28057,0.0092286,0.13551,0.15989,0.2504,0.5852,0.18984,-0.0029058,0.027269,0.38544,0.19826,-0.34492,0.46575,0.14858,0.45118,0.13005,1,0.20535,0.015569,0.24556,0.28448,0.6442,0.42552,-0.35129,0.71625,0.16074,0.18661,0.32179,0.21224,0.079792,0.188,0.14162,0.37405,0.47836,0.0242,0.31459,-0.2159,0.48473,0.39142,0.53232,0.19691,0.19691,0.15527,0.10737,-0.23303,0.46348,0.17134,0.049033,0.13584,-0.19971,0.18813,-0.33999,-0.019569,-0.049464,0.48826,0.062253,-0.18865,0.090681,0.23871,0.20836,0.44236,0.36532
0.40322,0.14403,0.52451,0.11432,0.71938,0.50524,0.27403,0.43691,0.63637,0.53014,0.65411,0.87337,0.44023,0.47512,0.56493,0.74462,0.48801,0.16558,0.36402,0.24412,0.49391,0.50318,0.41616,0.41229,0.56038,0.30477,0.27849,0.73484,0.36039,0.30142,0.26095,0.61641,0.60932,0.70823,-0.02561,0.61649,0.5309,0.50517,0.20773,0.20535,1,0.54617,0.58441,0.55722,0.38971,0.30398,0.15228,0.10987,0.63807,0.36267,0.34902,0.53626,0.63066,0.72632,0.6594,0.51297,0.45541,0.47369,0.54544,-0.26701,0.49049,0.52739,0.41958,0.48821,0.48821,0.29356,0.44786,0.26696,0.55914,0.36494,0.50445,0.32054,0.50156,0.43488,0.12977,0.17185,0.092024,0.34986,0.55305,0.45306,0.039824,0.3137,0.52817,0.60506,0.33275
0.21952,-0.13883,0.52984,0.18976,0.62521,0.57588,0.13682,0.47448,0.56783,0.38964,0.58102,0.56991,0.63673,0.29616,0.0518,0.48605,0.41594,0.1581,0.079709,0.34646,0.38182,0.4252,0.24547,0.36199,0.62844,0.052428,0.45133,0.45453,0.065668,0.52637,0.29596,0.63216,0.27264,0.54385,0.20569,0.35168,0.34564,0.37629,0.34598,0.015569,0.54617,1,0.71256,0.48534,0.37064,0.43048,0.47314,0.1986,0.6814,0.62912,0.19888,0.52409,0.74139,0.58237,0.48129,0.44101,0.44811,0.56884,0.34564,0.0445,0.30922,0.46064,0.24752,0.61031,0.61031,0.23309,0.59154,0.37616,0.65275,0.107,0.53033,0.25832,0.4752,0.4842,0.28187,0.33528,0.025353,0.44705,0.41026,0.3509,0.39818,0.1791,0.37495,0.48302,0.55769
0.43543,-0.13836,0.40809,0.0059943,0.75396,0.59002,0.41251,0.47032,0.71007,0.76937,0.63607,0.57954,0.53461,0.48013,0.17469,0.52114,0.65539,0.33287,-0.093655,0.57143,0.36533,0.29754,0.53284,0.45546,0.45451,0.30628,0.57998,0.6204,0.1864,0.75306,0.50422,0.50203,0.54043,0.60047,0.2975,0.54133,0.4963,0.54016,0.2104,0.24556,0.58441,0.71256,1,0.5825,0.49793,0.47354,0.45845,0.3943,0.6648,0.65883,0.41663,0.60695,0.89613,0.64156,0.63901,0.57394,0.57529,0.43034,0.51569,-0.15351,0.66446,0.66712,0.47011,0.60036,0.60036,0.070371,0.72507,0.38703,0.60199,0.53028,0.64617,0.41889,0.30607,0.56098,0.34286,0.47463,0.14693,0.50608,0.32542,0.32481,0.48711,0.43539,0.43533,0.62961,0.56462
0.59449,-0.059196,0.54092,-0.16312,0.38262,0.57275,0.16419,0.39802,0.42206,0.64352,0.65105,0.47029,0.15381,0.51622,0.052443,0.36561,0.57449,-0.054263,-0.1009,0.23218,0.34253,-0.031998,0.41025,0.56039,0.316,0.046225,0.34416,0.64259,-0.038257,0.14766,0.41876,0.53795,0.424,0.3824,0.26812,0.45759,0.25336,0.44707,-0.077735,0.28448,0.55722,0.48534,0.5825,1,0.29932,0.32476,0.24904,0.30274,0.59958,0.21169,0.33949,0.34166,0.52914,0.52744,0.45707,0.43228,0.40696,0.16337,0.40264,-0.3173,0.63972,0.48429,0.2943,0.57778,0.57778,0.19107,0.6034,0.46058,0.52865,0.34484,0.42068,0.50188,0.18341,0.4402,0.3196,0.36143,-0.20531,0.36358,0.38352,0.2916,0.26182,0.27641,0.25357,0.5946,0.43518
0.25202,0.16399,0.54402,0.15162,0.50428,0.34915,0.06819,0.30546,0.31181,0.37894,0.38852,0.44801,0.25892,0.34185,0.05792,0.56929,0.18223,0.33356,-0.023904,0.1474,0.11343,0.37316,0.18534,0.4442,0.57582,0.27365,0.32572,0.46311,0.47604,0.3344,0.032063,0.31073,0.49266,0.47778,-0.11828,0.58562,0.58242,0.60268,0.14739,0.6442,0.38971,0.37064,0.49793,0.29932,1,0.44756,0.21145,0.76278,0.46811,0.56215,0.63386,0.55256,0.38997,0.40537,0.42,0.6018,0.50428,0.17364,0.27621,-0.149,0.67017,0.73322,0.4849,0.35725,0.35725,0.38691,0.48057,0.13626,0.67363,0.45887,0.36139,0.14954,0.26604,0.29878,-0.050534,-0.066587,0.078086,0.56592,0.32483,0.0059523,0.10328,0.36945,0.19864,0.69789,0.23824
0.52436,0.024034,0.35359,0.15283,0.49066,0.39073,0.14369,0.19019,0.24579,0.41953,0.4586,0.43337,0.19518,0.38541,-0.045693,0.47346,0.47621,0.15962,-0.067441,0.21155,0.53495,0.28201,0.22935,-0.12416,0.25809,0.062937,0.44507,0.37182,0.30183,0.51523,0.65119,0.2263,0.496,0.28214,-0.27861,0.47153,0.36641,0.42259,0.17133,0.42552,0.30398,0.43048,0.47354,0.32476,0.44756,1,0.36496,0.43166,0.37377,0.5272,0.34144,0.46026,0.33952,0.30563,0.33258,0.60611,0.60691,0.22768,0.36143,0.31424,0.335,0.25533,0.68966,0.23493,0.23493,0.35078,0.49562,0.1069,0.45393,0.056655,0.070841,0.21472,0.35131,0.39062,0.3502,-0.045252,0.36875,0.64067,0.39751,0.36488,0.11038,0.55298,0.1725,0.583,0.39516
0.43787,-0.023273,0.11396,0.32895,0.20231,0.35157,0.10811,-0.25089,0.4662,0.18132,0.26671,0.27854,0.3724,0.10601,0.11486,0.058775,0.39313,0.5045,-0.25292,0.27548,0.45848,-0.015889,0.16177,0.02454,0.49843,-0.068107,0.30485,0.14793,-0.29448,0.36744,0.34898,0.3498,0.26525,0.15738,0.24684,0.28243,0.30801,0.34337,0.14937,-0.35129,0.15228,0.47314,0.45845,0.24904,0.21145,0.36496,1,-0.024344,0.32119,0.51027,0.38353,0.2179,0.49433,0.2864,0.33319,0.2378,0.12325,0.34529,0.12716,0.26217,0.26477,0.18497,0.24447,0.23873,0.23873,0.38558,0.57319,0.63916,0.10735,0.19136,0.14377,0.22237,0.53297,0.23006,0.49283,0.12135,0.23103,0.21124,0.45596,0.35962,0.20204,0.15169,-0.074801,0.25109,0.16493
0.030373,0.071208,0.31068,0.025996,0.40343,0.19557,-0.08299,0.38676,0.084,0.3667,0.24177,0.29113,0.054865,0.15853,-0.22825,0.36971,0.055923,0.005473,-0.097853,-0.13139,0.10336,0.019285,0.18309,0.29691,0.31615,0.10819,0.2031,0.25929,0.52168,0.3433,0.12493,0.20474,0.33834,0.37636,-0.085238,0.27365,0.36241,0.40457,0.037275,0.71625,0.10987,0.1986,0.3943,0.30274,0.76278,0.43166,-0.024344,1,0.35259,0.45138,0.50174,0.38224,0.19947,0.17647,0.28079,0.31534,0.27611,0.027658,0.36563,-0.24221,0.6094,0.6402,0.38496,0.35902,0.35902,0.22713,0.42561,-0.0090097,0.5241,0.21222,0.19625,-0.080636,-0.15601,0.17948,-0.051878,0.0057853,-0.077438,0.55371,-0.035575,-0.22817,0.097361,0.3538,0.22914,0.47826,0.18491
0.40533,-0.054524,0.52127,0.251,0.64971,0.47135,0.24697,0.52021,0.68609,0.58819,0.5815,0.67618,0.69876,0.67998,0.33359,0.51453,0.69715,0.18371,0.036608,0.12104,0.56918,0.31848,0.33252,0.48506,0.69023,0.27023,0.36547,0.5031,0.14065,0.35612,0.37883,0.67298,0.41009,0.43623,0.2388,0.55563,0.35497,0.48163,0.39235,0.16074,0.63807,0.6814,0.6648,0.59958,0.46811,0.37377,0.32119,0.35259,1,0.57492,0.47849,0.50356,0.6154,0.65814,0.58741,0.52506,0.51204,0.6375,0.45641,-0.011415,0.4844,0.6549,0.37121,0.40735,0.40735,0.23035,0.63985,0.12067,0.59559,0.24217,0.66557,0.29717,0.43643,0.55874,0.32296,0.28428,-0.24717,0.53067,0.38076,0.33879,0.19053,0.47602,0.4976,0.47769,0.40995
0.18069,-0.15737,0.2506,0.19994,0.58303,0.42747,0.34413,0.18125,0.48361,0.27987,0.24768,0.43297,0.56347,0.26829,0.11845,0.35854,0.38526,0.16992,-0.18056,0.29696,0.27158,0.34649,0.33557,0.22778,0.51878,0.078451,0.36814,0.17533,0.25022,0.64638,0.34839,0.36967,0.29242,0.43104,-0.016793,0.36651,0.23866,0.44495,0.2317,0.18661,0.36267,0.62912,0.65883,0.21169,0.56215,0.5272,0.51027,0.45138,0.57492,1,0.3563,0.48829,0.50954,0.49438,0.54286,0.60064,0.51298,0.42418,0.33097,0.1167,0.52918,0.49476,0.2849,0.48005,0.48005,0.51776,0.74161,0.067761,0.43336,0.28679,0.34221,0.11503,0.43024,0.22472,0.28319,-0.06986,0.036788,0.28431,0.43086,0.32927,0.16089,0.25905,0.16728,0.36382,0.34641
0.20317,0.26919,0.39379,0.29072,0.44872,0.38854,-0.0017186,-0.010963,0.50741,0.41976,0.47457,0.49491,0.33305,0.34221,0.34593,0.22144,0.37039,0.37838,-0.072789,-0.0041436,0.3238,0.096608,0.030387,0.3192,0.51265,0.12923,0.32712,0.44979,0.17758,0.29406,0.19774,0.33265,0.51135,0.36008,0.032197,0.49832,0.53656,0.5516,0.31662,0.32179,0.34902,0.19888,0.41663,0.33949,0.63386,0.34144,0.38353,0.50174,0.47849,0.3563,1,0.37745,0.36531,0.57804,0.68706,0.49156,0.14233,0.31185,0.32751,-0.21055,0.62701,0.54012,0.46281,0.20551,0.20551,0.44148,0.35885,0.16219,0.35783,0.45241,0.40364,0.0089973,0.21735,0.27994,0.063154,-0.029844,-0.08612,0.3689,0.20192,-0.029169,0.062125,0.35488,0.21563,0.67918,0.18706
0.43765,-0.0096788,0.43612,0.063289,0.70512,0.37013,0.33167,0.39549,0.44784,0.58177,0.58345,0.57818,0.44196,0.21983,0.13277,0.61186,0.28513,0.29764,0.085839,0.047743,0.23978,0.26202,0.51793,0.36533,0.57011,0.27489,0.39274,0.64325,0.51369,0.58394,0.24857,0.26448,0.13913,0.55214,0.30872,0.35927,0.57497,0.24878,0.0042887,0.21224,0.53626,0.52409,0.60695,0.34166,0.55256,0.46026,0.2179,0.38224,0.50356,0.48829,0.37745,1,0.50673,0.64952,0.68099,0.74469,0.53456,0.23125,0.11659,0.11817,0.53259,0.62227,0.36527,0.39736,0.39736,0.21279,0.46385,0.22039,0.44158,0.24619,0.45191,0.1863,0.64474,0.19869,0.29818,0.032907,0.22222,0.47384,0.43299,0.48902,0.13563,0.58459,0.16341,0.59745,0.09611
0.39475,-0.18259,0.56785,-0.022389,0.70992,0.63277,0.22734,0.4666,0.78214,0.68574,0.69999,0.58074,0.5199,0.42064,0.26677,0.53023,0.65371,0.35209,0.028118,0.53783,0.48072,0.37647,0.50001,0.38621,0.52399,0.34514,0.38841,0.6126,0.12754,0.69272,0.36615,0.5029,0.58781,0.5469,0.22269,0.59362,0.4244,0.56147,0.18484,0.079792,0.63066,0.74139,0.89613,0.52914,0.38997,0.33952,0.49433,0.19947,0.6154,0.50954,0.36531,0.50673,1,0.58998,0.51279,0.45939,0.52094,0.48072,0.58191,-0.13791,0.48355,0.56203,0.44745,0.66079,0.66079,0.069856,0.56821,0.59191,0.61811,0.47133,0.67778,0.51444,0.26583,0.60878,0.19855,0.5567,0.16165,0.43898,0.28779,0.25902,0.48024,0.30219,0.51678,0.54488,0.60979
0.28128,0.089145,0.47001,0.25682,0.74986,0.60548,0.42634,0.21782,0.69889,0.51827,0.60549,0.70738,0.63483,0.3168,0.44015,0.47173,0.50058,0.26629,0.075642,0.25357,0.29333,0.41521,0.34679,0.58843,0.56021,0.10333,0.23936,0.58293,0.37626,0.5458,0.11708,0.49199,0.34454,0.60069,0.25703,0.59445,0.47655,0.57871,0.33365,0.188,0.72632,0.58237,0.64156,0.52744,0.40537,0.30563,0.2864,0.17647,0.65814,0.49438,0.57804,0.64952,0.58998,1,0.92665,0.63636,0.38343,0.52266,0.26655,-0.02934,0.68907,0.54858,0.32195,0.38934,0.38934,0.31967,0.58332,0.098832,0.5252,0.26638,0.51208,0.37494,0.57785,0.29436,0.18566,0.20787,-0.12794,0.35193,0.56485,0.35809,0.17722,0.40775,0.24703,0.63119,0.34423
0.22265,0.17329,0.30493,0.25433,0.73799,0.53884,0.4046,0.18139,0.63893,0.50125,0.5452,0.72317,0.54924,0.25351,0.43671,0.41246,0.41161,0.24143,0.011988,0.18172,0.27958,0.23371,0.32569,0.49633,0.51437,0.042889,0.37891,0.55706,0.35221,0.56447,0.24309,0.48604,0.34447,0.64852,0.26876,0.45069,0.55592,0.46878,0.30294,0.14162,0.6594,0.48129,0.63901,0.45707,0.42,0.33258,0.33319,0.28079,0.58741,0.54286,0.68706,0.68099,0.51279,0.92665,1,0.63606,0.2675,0.41065,0.25661,-0.15365,0.73472,0.54399,0.28609,0.35381,0.35381,0.39452,0.58142,0.087491,0.39198,0.36207,0.46457,0.135,0.55139,0.18489,0.27582,0.080959,-0.097158,0.26425,0.45516,0.36849,0.13809,0.44047,0.22062,0.65525,0.21424
0.57439,0.043005,0.5673,0.0068016,0.5716,0.5934,0.35195,0.29804,0.38666,0.57028,0.51298,0.42877,0.33485,0.49854,0.28498,0.52206,0.5628,0.12628,-0.21123,0.30077,0.21426,0.38762,0.40376,0.36196,0.36203,0.25568,0.46104,0.53217,0.33588,0.46448,0.4184,0.27918,0.3483,0.39722,-0.020761,0.52494,0.33077,0.39552,0.027344,0.37405,0.51297,0.44101,0.57394,0.43228,0.6018,0.60611,0.2378,0.31534,0.52506,0.60064,0.49156,0.74469,0.45939,0.63636,0.63606,1,0.76719,0.14325,0.24177,0.077259,0.60213,0.47031,0.49696,0.37874,0.37874,0.39868,0.47696,0.066851,0.50682,0.45982,0.47754,0.36809,0.53746,0.17805,0.25082,-0.095001,0.037616,0.32868,0.50295,0.54128,0.073383,0.55507,0.21795,0.67116,0.35436
0.56426,-0.3277,0.54658,-0.052588,0.44603,0.40533,0.18825,0.44532,0.42339,0.46561,0.49467,0.25264,0.35616,0.55932,0.13578,0.45491,0.67106,-0.029201,-0.054152,0.35649,0.23861,0.38446,0.5967,0.22683,0.29981,0.31399,0.41427,0.38566,0.30551,0.4434,0.38598,0.14522,0.34394,0.15277,-0.2219,0.64961,0.069465,0.32474,0.077544,0.47836,0.45541,0.44811,0.57529,0.40696,0.50428,0.60691,0.12325,0.27611,0.51204,0.51298,0.14233,0.53456,0.52094,0.38343,0.2675,0.76719,1,0.20682,0.29307,0.083905,0.45209,0.41041,0.46175,0.24499,0.24499,0.16662,0.39145,0.055975,0.57639,0.26924,0.41622,0.52776,0.31928,0.3102,0.057138,0.19967,0.12476,0.41096,0.48916,0.44089,0.27402,0.49082,0.34606,0.42726,0.47648
0.081484,-0.20228,0.24451,0.6344,0.50881,0.027999,0.16968,0.030469,0.65593,0.27911,0.46555,0.50126,0.90879,0.26664,0.1532,0.23859,0.41027,0.42393,0.43187,0.0071169,0.41777,0.31693,0.056361,0.032942,0.50291,0.21634,0.16352,0.14674,0.09322,0.34494,0.068342,0.49019,0.25708,0.34647,0.17091,0.45666,0.22941,0.3269,0.76033,0.0242,0.47369,0.56884,0.43034,0.16337,0.17364,0.22768,0.34529,0.027658,0.6375,0.42418,0.31185,0.23125,0.48072,0.52266,0.41065,0.14325,0.20682,1,0.28556,0.25732,0.090999,0.30189,0.39581,0.22919,0.22919,0.29614,0.2812,0.063808,0.23681,-0.041484,0.34104,0.035425,0.39566,0.46558,-0.10524,0.059912,-0.071052,0.46391,0.3247,0.03749,0.33896,0.098614,0.28731,0.14547,0.28664
