1,0.38904,0.56648,0.049734,0.56794,0.0067111,0.38026,-0.066924,-0.054349,0.0018072,-0.074226,0.11533,-0.13502,0.5052,-0.16039,0.30982,0.50123,0.53817,0.54735,0.28605,0.48662,0.41655,0.42437,0.36598,0.066063,0.53393,-0.12698,0.21595,0.49174,0.12688,0.41888,0.35122,0.46,0.10116,-0.11738,0.17139,0.58173,0.27516,-0.068289,0.49677,0.22222,0.38242,0.5473,-0.10742,0.3374,0.1808,0.3001,0.63231,0.0045786,0.15187,0.38959,0.097399,0.50039,0.31305,0.34655,0.30389,0.54623,-0.16108,0.078369,0.2336,-0.10525,0.80131,0.42053,0.071331,0.38917,0.31125,0.034515,0.38754,0.25489,0.27288,0.24215,0.52072,0.17072,0.066865,0.016157,0.09957,-0.10927,0.1731,0.38238,0.31793,-0.11763,0.2291,0.39904,0.54013,0.31725
0.38904,1,0.54347,0.56812,0.40152,0.5031,0.21835,0.31577,0.4542,0.4072,0.44125,0.65351,0.5464,0.34967,0.26164,0.29377,0.33707,0.34823,0.58361,0.43984,0.59555,0.43506,0.54972,0.43273,0.56414,0.57342,0.25186,0.60748,0.37767,0.3609,0.21405,0.51207,0.60697,0.22447,0.095164,0.53285,0.63785,0.73365,0.6366,0.38141,0.57082,0.62199,0.41869,0.50391,0.58011,0.58978,0.4877,0.23256,0.57719,0.21055,0.61346,0.49031,-0.019889,-0.091173,-0.096553,0.52946,0.083518,0.50716,0.46285,0.1493,0.49787,0.38221,0.22269,0.72563,0.51819,0.39998,-0.14056,0.63527,0.55464,0.56545,-0.31287,0.29058,0.37831,0.54709,0.56084,0.60579,0.52253,0.48461,0.48428,0.50742,0.57113,0.17386,0.30789,0.57274,0.13403
0.56648,0.54347,1,0.33214,0.8491,0.15119,0.33063,-0.014882,0.28217,-0.14127,0.090143,0.37695,0.048825,0.70225,-0.10961,0.69946,0.56698,0.43808,0.80011,0.43026,0.67462,0.75135,0.63205,0.54086,0.059643,0.53772,-0.00036787,0.29618,0.47037,0.41167,0.64223,0.57386,0.61193,0.38666,-0.28213,0.40125,0.7137,0.58718,0.2307,0.53482,0.36742,0.42706,0.81869,0.11459,0.53887,0.30831,0.27376,0.53745,0.24709,0.5602,0.6166,0.046835,0.61135,0.47702,0.49269,0.22179,0.60118,-0.0035241,0.25648,0.43159,-0.075523,0.76874,0.53793,0.37736,0.77856,0.55903,0.33857,0.61503,0.60325,0.43414,0.46359,0.72288,0.27529,0.4204,0.14995,0.11576,0.10145,0.12756,0.37595,0.66397,0.095436,0.56755,0.46785,0.70301,0.47774
0.049734,0.56812,0.33214,1,0.35295,0.71647,0.26212,0.66309,0.75779,0.64924,0.56524,0.7547,0.83409,0.095637,0.47666,0.21415,0.22191,0.47846,0.49366,0.3959,0.50266,0.093857,0.25664,0.37677,0.6701,0.27805,0.52809,0.59683,0.081168,0.53641,0.27713,0.42547,0.22161,0.60719,0.49894,0.64422,0.45294,0.7511,0.89267,-0.054505,0.56,0.57555,0.44765,0.67765,0.57559,0.55308,0.57458,-0.19773,0.75241,0.24763,0.38503,0.76635,-0.25616,-0.27582,-0.31472,0.31604,-0.21645,0.80387,0.74709,-0.02529,0.70733,0.16458,0.0054412,0.78781,0.3075,0.23997,0.44997,0.1755,0.55557,0.75781,-0.17534,-0.1122,0.56575,0.61701,0.65172,0.72632,0.74738,0.28632,0.321,0.51329,0.86131,0.088226,0.29215,0.17599,0.13628
0.56794,0.40152,0.8491,0.35295,1,0.039542,0.36284,-0.038956,0.26394,-0.15605,0.050905,0.21576,-0.027119,0.68694,-0.1415,0.64106,0.72528,0.47105,0.82295,0.5088,0.73815,0.58432,0.52024,0.59415,-0.11274,0.38423,-0.073465,0.27385,0.53121,0.58168,0.69309,0.67579,0.65444,0.54271,-0.24424,0.31063,0.70537,0.45489,0.17976,0.59554,0.30395,0.49194,0.86509,0.062935,0.53148,0.24534,0.20756,0.67386,0.12391,0.55145,0.44311,0.051914,0.56867,0.53775,0.55363,0.21195,0.68968,-0.051964,0.18634,0.53312,-0.02991,0.76707,0.6055,0.27203,0.72918,0.69721,0.46377,0.44732,0.49724,0.41856,0.57551,0.6139,0.24788,0.39307,0.12359,0.068258,0.052911,0.24325,0.32668,0.72469,0.053057,0.57967,0.5631,0.58861,0.62283
0.0067111,0.5031,0.15119,0.71647,0.039542,1,0.47648,0.77427,0.78192,0.84595,0.5842,0.80117,0.9004,-0.072499,0.63773,0.16559,-0.23907,0.39947,0.22309,0.11646,0.22909,-0.042304,0.24589,0.38837,0.83246,0.14973,0.80405,0.7045,0.030178,0.50154,-0.12327,0.27323,-0.01036,0.40483,0.65935,0.82847,0.33491,0.65472,0.88152,-0.23846,0.75173,0.72451,0.093527,0.8219,0.55755,0.56595,0.78516,-0.37252,0.81067,0.10782,0.20117,0.86699,-0.52549,-0.60605,-0.6268,0.5107,-0.51457,0.87021,0.73417,-0.46784,0.83805,-0.13549,-0.033971,0.75993,-0.009812,0.10097,0.25989,0.27049,0.628,0.62566,-0.34977,-0.32597,0.64169,0.5573,0.85826,0.87247,0.90303,0.19689,0.23115,0.44638,0.87682,0.021332,-0.12021,0.19027,-0.21966
0.38026,0.21835,0.33063,0.26212,0.36284,0.47648,1,0.48098,0.44897,0.35377,0.33057,0.26555,0.29783,0.35846,0.058035,0.38444,0.14065,0.31304,0.4283,0.30765,0.33082,0.30145,0.51744,0.64856,0.37841,0.33226,0.58841,0.41474,0.35652,0.62692,0.16518,0.3435,0.33252,0.27109,0.22793,0.61352,0.36224,0.54663,0.40276,0.26862,0.57505,0.69794,0.32575,0.39728,0.58863,0.45705,0.38861,0.27311,0.46473,0.43932,0.14528,0.50185,0.052606,-0.20019,-0.18711,0.25855,0.009508,0.28168,0.47385,0.024342,0.45485,0.26606,0.45158,0.44867,0.30006,0.28017,0.37179,0.46529,0.6803,0.40927,0.08683,0.087192,0.14861,0.41839,0.45701,0.42863,0.41689,0.14701,0.50292,0.44195,0.30565,0.38709,0.20913,0.37539,-0.14299
-0.066924,0.31577,-0.014882,0.66309,-0.038956,0.77427,0.48098,1,0.78673,0.84354,0.48044,0.57047,0.85015,-0.16979,0.54499,0.10148,-0.16884,0.43899,0.068583,0.17136,0.063885,-0.17865,0.24052,0.37547,0.80339,0.084809,0.7823,0.34831,0.045329,0.44179,-0.099407,0.16946,-0.15844,0.24642,0.78825,0.56561,0.059973,0.57081,0.75321,-0.14982,0.44754,0.56657,0.042124,0.83254,0.58767,0.49468,0.68304,-0.28197,0.6584,0.077532,0.11754,0.78984,-0.53162,-0.59375,-0.62872,0.41974,-0.62134,0.86304,0.85099,-0.41108,0.83524,-0.22746,-0.082586,0.61458,-0.13864,0.041016,0.2588,0.24122,0.53961,0.52413,-0.40474,-0.37803,0.60251,0.55879,0.8303,0.78609,0.81206,0.22862,0.24435,0.30535,0.82288,-0.16615,-0.088101,0.12615,-0.1586
-0.054349,0.4542,0.28217,0.75779,0.26394,0.78192,0.44897,0.78673,1,0.67141,0.44884,0.56617,0.81184,0.084054,0.49131,0.32909,0.052427,0.36792,0.32473,0.13916,0.23769,0.12865,0.32576,0.42911,0.61394,0.16012,0.66219,0.5377,0.13096,0.65854,0.071732,0.40635,0.065634,0.29028,0.58562,0.63755,0.30201,0.61755,0.80514,-0.11704,0.5101,0.63145,0.36026,0.78288,0.56529,0.63349,0.55356,-0.25954,0.72917,0.11324,0.29318,0.71367,-0.2933,-0.4275,-0.44623,0.3633,-0.37046,0.81083,0.73293,-0.30353,0.74445,-0.021881,0.19883,0.7279,0.18137,0.2424,0.37553,0.38,0.6453,0.56232,-0.20583,-0.068079,0.57481,0.67217,0.74294,0.69787,0.78254,0.2617,0.31427,0.44944,0.82509,0.13142,0.07581,0.19874,-0.010108
0.0018072,0.4072,-0.14127,0.64924,-0.15605,0.84595,0.35377,0.84354,0.67141,1,0.58817,0.6185,0.86939,-0.3707,0.76594,-0.0664,-0.27775,0.39623,0.0030963,0.098606,0.0019618,-0.30553,0.0094675,0.25566,0.86084,0.043754,0.75668,0.50734,0.067301,0.28054,-0.29297,0.059973,-0.2187,0.29386,0.88053,0.66049,0.1202,0.46041,0.77782,-0.29174,0.54343,0.56715,-0.035892,0.76369,0.47293,0.55198,0.77644,-0.39051,0.68802,-0.17329,0.015463,0.88826,-0.66262,-0.67625,-0.71346,0.49045,-0.69489,0.92021,0.75107,-0.49058,0.84697,-0.28095,-0.1941,0.61597,-0.26186,-0.015808,0.16502,0.055688,0.32972,0.38372,-0.59458,-0.50764,0.5663,0.4735,0.76165,0.8476,0.85844,0.25843,0.11003,0.16855,0.85852,-0.30742,-0.24169,0.038534,-0.18723
-0.074226,0.44125,0.090143,0.56524,0.050905,0.5842,0.33057,0.48044,0.44884,0.58817,1,0.5114,0.70275,-0.10454,0.71372,0.095018,-0.21264,-0.11346,0.39174,0.36759,0.1287,-0.0491,0.14403,0.10889,0.51884,0.00064605,0.60998,0.27833,0.12866,0.42354,-0.068666,0.15497,0.032131,0.3605,0.38212,0.58043,0.29013,0.38794,0.70386,-0.28969,0.36868,0.51602,0.040081,0.58033,0.37312,0.26694,0.53901,-0.25845,0.79437,0.33787,0.035685,0.52535,-0.41308,-0.13389,-0.18132,0.027773,-0.38992,0.65754,0.39969,0.065361,0.61023,-0.19009,-0.096007,0.64507,0.1525,0.12434,0.20767,0.036478,0.33428,0.42068,-0.21944,-0.37944,0.26459,0.50893,0.51676,0.478,0.7557,-0.24736,-0.016643,0.16863,0.6509,0.10076,-0.19419,-0.092754,-0.26475
0.11533,0.65351,0.37695,0.7547,0.21576,0.80117,0.26555,0.57047,0.56617,0.6185,0.5114,1,0.75521,0.076393,0.46922,0.29961,0.12947,0.44075,0.45409,0.21528,0.53981,0.10829,0.44836,0.3146,0.78952,0.35646,0.50178,0.6207,0.13596,0.4344,0.23856,0.42856,0.27818,0.50856,0.35723,0.75478,0.6151,0.76245,0.77557,-0.0099828,0.73727,0.62203,0.30268,0.67937,0.58891,0.56087,0.67522,-0.15764,0.67756,0.27163,0.50402,0.74703,-0.25946,-0.2944,-0.34076,0.5542,-0.20412,0.71517,0.59132,-0.18868,0.61951,0.11332,0.030218,0.67729,0.17527,0.20538,0.25484,0.33687,0.57153,0.74178,-0.25673,-0.093984,0.65556,0.55615,0.71837,0.82264,0.72908,0.30577,0.26514,0.57059,0.72325,0.22693,0.16506,0.39989,0.10757
-0.13502,0.5464,0.048825,0.83409,-0.027119,0.9004,0.29783,0.85015,0.81184,0.86939,0.70275,0.75521,1,-0.16847,0.71114,0.086895,-0.20997,0.28835,0.21486,0.19718,0.18199,-0.14955,0.18469,0.25609,0.8597,0.099266,0.74705,0.59621,-0.055734,0.46769,-0.093846,0.23937,-0.047285,0.37026,0.72069,0.70477,0.24706,0.63101,0.94733,-0.29865,0.58313,0.60185,0.055109,0.8682,0.48467,0.53731,0.7276,-0.46096,0.85918,0.077441,0.20864,0.8393,-0.62876,-0.56659,-0.61004,0.40161,-0.61203,0.97312,0.7866,-0.32209,0.90885,-0.21834,-0.17708,0.81248,-0.005292,0.041938,0.18459,0.20025,0.5401,0.63912,-0.47211,-0.42391,0.62095,0.64892,0.84584,0.85802,0.94083,0.17386,0.20883,0.33387,0.96378,-0.093071,-0.12957,0.066428,-0.2219
0.5052,0.34967,0.70225,0.095637,0.68694,-0.072499,0.35846,-0.16979,0.084054,-0.3707,-0.10454,0.076393,-0.16847,1,-0.50943,0.49667,0.48983,0.33134,0.6706,0.50189,0.62406,0.78836,0.70125,0.45373,-0.17983,0.65764,-0.20998,0.19443,0.4672,0.41598,0.61656,0.63025,0.66014,0.10356,-0.52107,0.10048,0.46416,0.43393,0.03283,0.55619,0.13096,0.30269,0.62187,0.05717,0.32,0.17246,-0.039608,0.64121,0.025872,0.59457,0.48197,-0.090198,0.62555,0.4048,0.44473,0.067153,0.72433,-0.27065,0.031865,0.46683,-0.10418,0.73814,0.6621,0.27237,0.85137,0.60965,-0.057422,0.63984,0.54403,0.41198,0.42054,0.63438,0.070326,0.063114,0.091694,-0.10815,-0.15727,0.24563,0.69501,0.67052,-0.10516,0.57479,0.58949,0.52003,0.30344
-0.16039,0.26164,-0.10961,0.47666,-0.1415,0.63773,0.058035,0.54499,0.49131,0.76594,0.71372,0.46922,0.71114,-0.50943,1,0.0046833,-0.39032,0.038728,0.038651,0.09696,-0.17223,-0.3446,-0.16582,0.053241,0.53512,-0.22021,0.60776,0.30023,-0.060839,0.24044,-0.34251,-0.051188,-0.38434,0.2798,0.73616,0.55207,0.10817,0.15396,0.59267,-0.45271,0.33877,0.41139,-0.1017,0.57204,0.22783,0.28217,0.70294,-0.47768,0.60898,-0.17083,-0.23074,0.59083,-0.62058,-0.36703,-0.41019,0.24641,-0.61342,0.77085,0.45595,-0.3064,0.59497,-0.42015,-0.30351,0.40091,-0.32497,-0.11103,0.21969,-0.19029,0.039452,0.13201,-0.35368,-0.47524,0.44766,0.43298,0.4937,0.5665,0.79507,-0.12949,-0.34185,0.0021359,0.68897,-0.24493,-0.50994,-0.14099,-0.054068
0.30982,0.29377,0.69946,0.21415,0.64106,0.16559,0.38444,0.10148,0.32909,-0.0664,0.095018,0.29961,0.086895,0.49667,0.0046833,1,0.38241,0.28083,0.55529,0.05953,0.387,0.32161,0.41926,0.43301,0.1162,0.25071,0.10468,0.24604,0.37402,0.44561,0.50742,0.59508,0.44544,0.30278,-0.14727,0.37534,0.64277,0.43281,0.21179,0.311,0.36069,0.3631,0.62811,0.18572,0.5013,0.27416,0.27835,0.33312,0.28174,0.42092,0.52927,0.11214,0.38286,0.32512,0.30953,0.32299,0.4662,0.070093,0.19783,0.32824,0.021374,0.52008,0.39721,0.32067,0.56941,0.58016,0.24126,0.51066,0.4964,0.30574,0.35351,0.40275,0.28945,0.63727,0.15983,0.15695,0.10136,0.092809,0.3118,0.56005,0.069176,0.76127,0.32576,0.73161,0.42879
0.50123,0.33707,0.56698,0.22191,0.72528,-0.23907,0.14065,-0.16884,0.052427,-0.27775,-0.21264,0.12947,-0.20997,0.48983,-0.39032,0.38241,1,0.35344,0.6144,0.24524,0.73777,0.49323,0.42788,0.28936,-0.14276,0.47249,-0.36422,0.12586,0.42242,0.35292,0.68041,0.50547,0.77626,0.22394,-0.35057,-0.011734,0.60925,0.36169,-0.061106,0.65062,0.14744,0.17047,0.75174,-0.19598,0.32566,0.2321,-0.13936,0.65531,-0.10919,0.25979,0.53317,-0.031982,0.64344,0.44439,0.44551,0.23035,0.70272,-0.19147,-0.04631,0.49485,-0.20366,0.7512,0.51263,0.017415,0.52327,0.42689,0.28642,0.34716,0.1525,0.28844,0.30568,0.69081,0.040095,0.21445,-0.11542,0.0084424,-0.2236,0.42737,0.36726,0.39006,-0.12833,0.46652,0.78762,0.50428,0.6571
0.53817,0.34823,0.43808,0.47846,0.47105,0.39947,0.31304,0.43899,0.36792,0.39623,-0.11346,0.44075,0.28835,0.33134,0.038728,0.28083,0.35344,1,0.31014,0.29313,0.49917,0.25913,0.27438,0.53541,0.40461,0.50092,0.18598,0.39135,0.38941,0.28092,0.31778,0.42419,0.23577,0.38565,0.33982,0.36983,0.35351,0.58948,0.34736,0.34467,0.40441,0.40711,0.54587,0.39611,0.58877,0.36939,0.59808,0.36635,0.15027,0.075974,0.32863,0.50506,0.16118,-0.18373,-0.16829,0.66831,0.18448,0.32742,0.59127,-0.13211,0.26449,0.52909,0.23278,0.36144,0.23895,0.44664,0.23925,0.32653,0.39182,0.46629,-0.0065173,0.24885,0.62042,0.2,0.49777,0.48536,0.2549,0.53642,0.48547,0.6323,0.4069,-0.0070175,0.39574,0.57876,0.49368
0.54735,0.58361,0.80011,0.49366,0.82295,0.22309,0.4283,0.068583,0.32473,0.0030963,0.39174,0.45409,0.21486,0.6706,0.038651,0.55529,0.6144,0.31014,1,0.5989,0.75861,0.56804,0.63673,0.41077,0.1349,0.46198,-0.0052675,0.41149,0.36574,0.63279,0.70262,0.62857,0.69489,0.56058,-0.19767,0.49428,0.82346,0.60011,0.39192,0.40894,0.42742,0.59173,0.72889,0.27671,0.46436,0.2815,0.34344,0.43911,0.36963,0.69109,0.5913,0.19105,0.36097,0.41138,0.4075,0.22822,0.50196,0.14389,0.27744,0.52825,0.1908,0.70086,0.44412,0.51567,0.75603,0.48499,0.35196,0.54133,0.61969,0.62873,0.32205,0.44762,0.21932,0.49216,0.29303,0.27736,0.27887,0.10033,0.4509,0.70388,0.23143,0.60261,0.45349,0.5445,0.34501
0.28605,0.43984,0.43026,0.3959,0.5088,0.11646,0.30765,0.17136,0.13916,0.098606,0.36759,0.21528,0.19718,0.50189,0.09696,0.05953,0.24524,0.29313,0.5989,1,0.44447,0.49345,0.51809,0.59756,0.069278,0.46563,0.15782,0.21349,0.36093,0.41593,0.33164,0.3827,0.34506,0.40982,0.0023573,0.33801,0.24613,0.46173,0.34218,0.50853,0.22981,0.51006,0.3476,0.33499,0.42839,0.25166,0.26916,0.46876,0.23867,0.53551,0.046856,0.22117,0.091101,0.1741,0.1943,0.015919,0.22035,0.16794,0.42155,0.49071,0.30326,0.29144,0.31154,0.41589,0.53708,0.3743,0.15199,0.27683,0.42101,0.37576,0.16867,0.24042,0.047298,0.12993,0.29348,0.19128,0.32232,0.25855,0.36094,0.52723,0.30113,0.046537,0.26702,0.20989,0.27435
0.48662,0.59555,0.67462,0.50266,0.73815,0.22909,0.33082,0.063885,0.23769,0.0019618,0.1287,0.53981,0.18199,0.62406,-0.17223,0.387,0.73777,0.49917,0.75861,0.44447,1,0.5847,0.63788,0.44747,0.20766,0.65448,-0.036865,0.5123,0.39664,0.60804,0.62684,0.64467,0.82344,0.45233,-0.19556,0.38289,0.74437,0.70259,0.37231,0.48577,0.50435,0.46106,0.75415,0.17185,0.4911,0.38886,0.25522,0.52722,0.28863,0.49061,0.52859,0.29624,0.40953,0.25923,0.25045,0.39745,0.5455,0.1275,0.21626,0.42019,0.16047,0.72049,0.49024,0.39455,0.61664,0.51573,0.23565,0.51621,0.49703,0.64796,0.18838,0.46575,0.44001,0.35755,0.33189,0.31791,0.19993,0.43747,0.5348,0.74113,0.25263,0.47284,0.62703,0.5263,0.45759
0.41655,0.43506,0.75135,0.093857,0.58432,-0.042304,0.30145,-0.17865,0.12865,-0.30553,-0.0491,0.10829,-0.14955,0.78836,-0.3446,0.32161,0.49323,0.25913,0.56804,0.49345,0.5847,1,0.66398,0.47372,-0.16228,0.74881,-0.085088,0.16049,0.4935,0.34733,0.39579,0.41258,0.60418,-0.060785,-0.44178,0.13217,0.36469,0.48106,0.032853,0.55667,0.15345,0.24028,0.64483,-0.022608,0.35,0.30396,-0.067589,0.5888,0.095721,0.41772,0.33422,-0.054589,0.70943,0.31572,0.36212,0.019042,0.60026,-0.19342,0.030693,0.36085,-0.19344,0.62994,0.67364,0.21917,0.73178,0.43121,0.058208,0.5812,0.38792,0.21842,0.32001,0.82984,0.030625,-0.0064027,0.013808,-0.11808,-0.06723,0.22232,0.5021,0.46373,-0.021297,0.3702,0.52046,0.41944,0.34756
0.42437,0.54972,0.63205,0.25664,0.52024,0.24589,0.51744,0.24052,0.32576,0.0094675,0.14403,0.44836,0.18469,0.70125,-0.16582,0.41926,0.42788,0.27438,0.63673,0.51809,0.63788,0.66398,1,0.58625,0.2598,0.70164,0.17527,0.31994,0.49004,0.56606,0.56405,0.65484,0.5741,0.077151,-0.16864,0.42469,0.56929,0.5846,0.27181,0.55762,0.3966,0.56722,0.49217,0.36159,0.47966,0.55789,0.18918,0.48656,0.28822,0.49274,0.47086,0.26517,0.3089,0.16173,0.16661,0.20411,0.30693,0.11251,0.29079,0.27644,0.25714,0.43742,0.69748,0.37663,0.57309,0.43189,0.026911,0.70811,0.68121,0.56435,0.17723,0.46249,0.28805,0.31807,0.38579,0.31664,0.25435,0.37374,0.59057,0.60529,0.17892,0.50138,0.42255,0.51036,0.18906
0.36598,0.43273,0.54086,0.37677,0.59415,0.38837,0.64856,0.37547,0.42911,0.25566,0.10889,0.3146,0.25609,0.45373,0.053241,0.43301,0.28936,0.53541,0.41077,0.59756,0.44747,0.47372,0.58625,1,0.27192,0.51396,0.50348,0.4955,0.56188,0.5748,0.2794,0.60784,0.41331,0.34161,0.20924,0.59554,0.38158,0.59713,0.40517,0.67445,0.61879,0.71946,0.47125,0.38043,0.71982,0.61063,0.37729,0.52851,0.36683,0.27965,0.12131,0.4762,0.13069,-0.076182,-0.038319,0.32852,0.20435,0.26771,0.56609,0.20066,0.39093,0.32721,0.60214,0.44655,0.46178,0.57618,0.31649,0.42295,0.61788,0.38116,0.266,0.38373,0.23602,0.40856,0.39947,0.42645,0.3788,0.52647,0.44962,0.58906,0.36536,0.30062,0.39572,0.53032,0.33408
0.066063,0.56414,0.059643,0.6701,-0.11274,0.83246,0.37841,0.80339,0.61394,0.86084,0.51884,0.78952,0.8597,-0.17983,0.53512,0.1162,-0.14276,0.40461,0.1349,0.069278,0.20766,-0.16228,0.2598,0.27192,1,0.27477,0.66096,0.6099,0.060618,0.25531,-0.040546,0.19166,0.043227,0.28945,0.69278,0.72439,0.30364,0.66591,0.81016,-0.13507,0.68065,0.51444,0.050515,0.74709,0.50057,0.62491,0.72695,-0.32156,0.74167,-0.0087495,0.36169,0.83697,-0.53919,-0.57326,-0.62232,0.54756,-0.55707,0.85859,0.78438,-0.31029,0.80305,-0.084258,-0.13236,0.71731,-0.046861,0.01559,0.04586,0.31274,0.53272,0.5612,-0.59241,-0.36264,0.57906,0.62433,0.76143,0.90061,0.78301,0.31689,0.3564,0.27105,0.79993,-0.083927,-0.080211,0.28776,-0.22289
0.53393,0.57342,0.53772,0.27805,0.38423,0.14973,0.33226,0.084809,0.16012,0.043754,0.00064605,0.35646,0.099266,0.65764,-0.22021,0.25071,0.47249,0.50092,0.46198,0.46563,0.65448,0.74881,0.70164,0.51396,0.27477,1,0.015729,0.41338,0.58123,0.32077,0.40254,0.51701,0.61932,-0.086489,-0.080357,0.29999,0.4206,0.63405,0.22387,0.55014,0.39559,0.28933,0.5793,0.16799,0.41388,0.56398,0.18806,0.53541,0.27929,0.16536,0.39724,0.31476,0.4264,0.058327,0.076716,0.29495,0.41976,0.07551,0.27363,0.3101,0.10105,0.62142,0.62026,0.35482,0.58093,0.42258,-0.18095,0.56474,0.37003,0.37615,-0.040457,0.58442,0.28012,0.13736,0.21149,0.24419,0.097221,0.5199,0.75125,0.44131,0.2053,0.24302,0.53678,0.49079,0.35814
-0.12698,0.25186,-0.00036787,0.52809,-0.073465,0.80405,0.58841,0.7823,0.66219,0.75668,0.60998,0.50178,0.74705,-0.20998,0.60776,0.10468,-0.36422,0.18598,-0.0052675,0.15782,-0.036865,-0.085088,0.17527,0.50348,0.66096,0.015729,1,0.39209,0.099086,0.42339,-0.25082,0.15313,-0.19283,0.22152,0.65139,0.67701,0.072647,0.45868,0.70279,-0.17582,0.5358,0.63546,-0.067832,0.67197,0.55238,0.53009,0.55788,-0.30566,0.74061,0.047933,-0.13658,0.77934,-0.47146,-0.5928,-0.60476,0.18787,-0.5919,0.74448,0.64104,-0.40585,0.72997,-0.34945,0.014567,0.57981,-0.097962,0.065906,0.36702,0.027766,0.46782,0.40623,-0.17728,-0.34511,0.3733,0.44173,0.64174,0.65558,0.79496,0.044378,0.040718,0.15753,0.7343,-0.01176,-0.12151,-0.014145,-0.31614
0.21595,0.60748,0.29618,0.59683,0.27385,0.7045,0.41474,0.34831,0.5377,0.50734,0.27833,0.6207,0.59621,0.19443,0.30023,0.24604,0.12586,0.39135,0.41149,0.21349,0.5123,0.16049,0.31994,0.4955,0.6099,0.41338,0.39209,1,0.054343,0.54871,0.16196,0.48712,0.42559,0.43755,0.37822,0.79351,0.55777,0.64696,0.71547,0.12561,0.86273,0.62652,0.28873,0.52953,0.32797,0.6413,0.55422,-0.071817,0.60846,0.031657,0.30801,0.67684,-0.29158,-0.40391,-0.39946,0.57723,-0.076856,0.57945,0.55882,-0.0050064,0.66185,0.24504,0.18224,0.7051,0.28476,0.2117,0.085957,0.38723,0.57485,0.56919,-0.23857,-0.0022002,0.4017,0.57005,0.57888,0.74787,0.60896,0.49094,0.52452,0.51046,0.6364,0.22381,0.13086,0.40325,-0.016952
0.49174,0.37767,0.47037,0.081168,0.53121,0.030178,0.35652,0.045329,0.13096,0.067301,0.12866,0.13596,-0.055734,0.4672,-0.060839,0.37402,0.42242,0.38941,0.36574,0.36093,0.39664,0.4935,0.49004,0.56188,0.060618,0.58123,0.099086,0.054343,1,0.3024,0.31614,0.57631,0.4482,0.017449,-0.040688,0.2352,0.38209,0.27524,0.048684,0.57894,0.23226,0.34896,0.57196,0.090671,0.56995,0.45155,0.17802,0.71985,0.1628,0.14329,0.20568,0.18503,0.41783,0.31821,0.3287,0.17831,0.4078,-0.02202,0.094885,0.30431,-0.02578,0.42532,0.78533,0.15963,0.48441,0.80526,0.028721,0.3216,0.20205,0.085001,0.21515,0.4489,0.20484,0.16946,0.097532,0.069556,0.028584,0.36654,0.33419,0.3499,0.036904,0.35347,0.41164,0.42169,0.49438
0.12688,0.3609,0.41167,0.53641,0.58168,0.50154,0.62692,0.44179,0.65854,0.28054,0.42354,0.4344,0.46769,0.41598,0.24044,0.44561,0.35292,0.28092,0.63279,0.41593,0.60804,0.34733,0.56606,0.5748,0.25531,0.32077,0.42339,0.54871,0.3024,1,0.36783,0.67218,0.46906,0.40163,0.21769,0.60549,0.53064,0.57237,0.5694,0.20649,0.56578,0.70767,0.5007,0.5544,0.50067,0.46052,0.4262,0.21897,0.55246,0.43729,0.12937,0.49778,-0.017521,-0.058463,-0.061731,0.3349,0.11496,0.44076,0.41102,0.18394,0.54239,0.23334,0.52168,0.5315,0.39334,0.47111,0.40781,0.40282,0.59449,0.60445,0.19758,0.13669,0.456,0.57585,0.59456,0.48246,0.58566,0.24055,0.39499,0.66916,0.52499,0.50936,0.26636,0.27782,0.21835
0.41888,0.21405,0.64223,0.27713,0.69309,-0.12327,0.16518,-0.099407,0.071732,-0.29297,-0.068666,0.23856,-0.093846,0.61656,-0.34251,0.50742,0.68041,0.31778,0.70262,0.33164,0.62684,0.39579,0.56405,0.2794,-0.040546,0.40254,-0.25082,0.16196,0.31614,0.36783,1,0.71775,0.56266,0.41872,-0.3426,0.20682,0.68365,0.2977,0.039263,0.47416,0.13158,0.1567,0.61436,0.05231,0.13212,0.2327,-0.023373,0.45286,-0.041543,0.41861,0.56622,-0.025862,0.48811,0.47165,0.46531,0.077185,0.57655,-0.14172,0.077789,0.56161,-0.10226,0.66657,0.5065,0.2133,0.68477,0.50914,0.3216,0.25742,0.38005,0.55184,0.53311,0.44876,0.094619,0.2683,-0.020428,0.067821,-0.13837,0.17994,0.44109,0.49269,-0.086361,0.69418,0.64003,0.48322,0.42114
0.35122,0.51207,0.57386,0.42547,0.67579,0.27323,0.3435,0.16946,0.40635,0.059973,0.15497,0.42856,0.23937,0.63025,-0.051188,0.59508,0.50547,0.42419,0.62857,0.3827,0.64467,0.41258,0.65484,0.60784,0.19166,0.51701,0.15313,0.48712,0.57631,0.67218,0.71775,1,0.62103,0.32679,-0.076563,0.47439,0.73019,0.47959,0.36407,0.51094,0.44831,0.54735,0.55648,0.42341,0.43561,0.55038,0.25701,0.46127,0.3065,0.26212,0.44524,0.35889,0.2124,0.12155,0.13194,0.38253,0.41,0.19849,0.24828,0.33057,0.2962,0.47494,0.67956,0.515,0.68329,0.81476,0.13903,0.38383,0.51892,0.66265,0.34148,0.35704,0.35275,0.45609,0.37809,0.39177,0.23385,0.47129,0.55323,0.6633,0.29544,0.71849,0.60288,0.56316,0.40081
0.46,0.60697,0.61193,0.22161,0.65444,-0.01036,0.33252,-0.15844,0.065634,-0.2187,0.032131,0.27818,-0.047285,0.66014,-0.38434,0.44544,0.77626,0.23577,0.69489,0.34506,0.82344,0.60418,0.5741,0.41331,0.043227,0.61932,-0.19283,0.42559,0.4482,0.46906,0.56266,0.62103,1,0.22434,-0.42302,0.23,0.68808,0.57681,0.17406,0.69144,0.45303,0.36222,0.60374,-0.010505,0.4126,0.28682,-0.0070505,0.64982,0.17719,0.45624,0.62159,0.052,0.46956,0.31832,0.33219,0.34321,0.66257,-0.10272,0.024099,0.57379,0.013945,0.72066,0.52581,0.34067,0.72984,0.54387,-0.0024735,0.61012,0.42842,0.43633,0.16644,0.61176,0.014326,0.36567,0.11224,0.15835,-0.04306,0.43202,0.61602,0.5389,0.013088,0.60838,0.70088,0.63861,0.33647
0.10116,0.22447,0.38666,0.60719,0.54271,0.40483,0.27109,0.24642,0.29028,0.29386,0.3605,0.50856,0.37026,0.10356,0.2798,0.30278,0.22394,0.38565,0.56058,0.40982,0.45233,-0.060785,0.077151,0.34161,0.28945,-0.086489,0.22152,0.43755,0.017449,0.40163,0.41872,0.32679,0.22434,1,0.1883,0.59954,0.5051,0.44025,0.5302,0.087722,0.50439,0.47796,0.37857,0.36693,0.39147,0.1566,0.47132,0.032708,0.291,0.51161,0.26425,0.36032,-0.14059,0.079608,0.05079,0.27663,0.05129,0.36611,0.48191,0.22651,0.36754,0.23693,-0.056138,0.46802,0.29751,0.30944,0.64322,0.042537,0.47743,0.50427,0.19805,-0.15752,0.26435,0.45899,0.37149,0.43792,0.42456,0.11258,0.076402,0.61903,0.38723,0.26127,0.13902,0.30301,0.22482
-0.11738,0.095164,-0.28213,0.49894,-0.24424,0.65935,0.22793,0.78825,0.58562,0.88053,0.38212,0.35723,0.72069,-0.52107,0.73616,-0.14727,-0.35057,0.33982,-0.19767,0.0023573,-0.19556,-0.44178,-0.16864,0.20924,0.69278,-0.080357,0.65139,0.37822,-0.040688,0.21769,-0.3426,-0.076563,-0.42302,0.1883,1,0.51356,-0.13219,0.22271,0.58577,-0.32929,0.40446,0.33416,-0.11658,0.60144,0.26731,0.40145,0.68529,-0.42569,0.53758,-0.34727,-0.24111,0.7138,-0.69578,-0.60588,-0.6367,0.34284,-0.73026,0.8037,0.71524,-0.43061,0.71048,-0.38452,-0.21689,0.3688,-0.44984,-0.15079,0.19492,-0.132,0.1323,0.14331,-0.4703,-0.5268,0.51195,0.41444,0.57035,0.67723,0.72705,0.14814,-0.039528,-0.024975,0.72348,-0.44432,-0.40485,-0.13052,-0.1094
0.17139,0.53285,0.40125,0.64422,0.31063,0.82847,0.61352,0.56561,0.63755,0.66049,0.58043,0.75478,0.70477,0.10048,0.55207,0.37534,-0.011734,0.36983,0.49428,0.33801,0.38289,0.13217,0.42469,0.59554,0.72439,0.29999,0.67701,0.79351,0.2352,0.60549,0.20682,0.47439,0.23,0.59954,0.51356,1,0.5817,0.66707,0.78956,0.075614,0.88385,0.76631,0.29805,0.70561,0.5403,0.68275,0.73743,-0.086581,0.74145,0.25249,0.25691,0.76192,-0.33121,-0.3214,-0.33909,0.47286,-0.25029,0.70492,0.71136,-0.033273,0.71469,0.089063,0.23542,0.75571,0.2585,0.28898,0.38646,0.33088,0.69163,0.58272,-0.10639,-0.10995,0.44781,0.68195,0.67291,0.81409,0.80176,0.24995,0.3341,0.5362,0.70745,0.31059,-0.014713,0.40462,-0.024421
0.58173,0.63785,0.7137,0.45294,0.70537,0.33491,0.36224,0.059973,0.30201,0.1202,0.29013,0.6151,0.24706,0.46416,0.10817,0.64277,0.60925,0.35351,0.82346,0.24613,0.74437,0.36469,0.56929,0.38158,0.30364,0.4206,0.072647,0.55777,0.38209,0.53064,0.68365,0.73019,0.68808,0.5051,-0.13219,0.5817,1,0.54761,0.37622,0.36673,0.57395,0.59404,0.6477,0.25664,0.43306,0.46655,0.385,0.3444,0.35866,0.35614,0.65406,0.35201,0.28555,0.23525,0.22023,0.46268,0.43881,0.20851,0.18121,0.31304,0.20412,0.64414,0.42173,0.47405,0.58436,0.50442,0.29528,0.43357,0.50328,0.64936,0.22928,0.37639,0.33205,0.55052,0.28953,0.45219,0.26751,0.26139,0.36718,0.60096,0.23266,0.71091,0.49161,0.66518,0.35128
0.27516,0.73365,0.58718,0.7511,0.45489,0.65472,0.54663,0.57081,0.61755,0.46041,0.38794,0.76245,0.63101,0.43393,0.15396,0.43281,0.36169,0.58948,0.60011,0.46173,0.70259,0.48106,0.5846,0.59713,0.66591,0.63405,0.45868,0.64696,0.27524,0.57237,0.2977,0.47959,0.57681,0.44025,0.22271,0.66707,0.54761,1,0.77115,0.32201,0.7279,0.6556,0.55933,0.6084,0.78188,0.58672,0.5629,0.18057,0.67929,0.48442,0.58793,0.65932,0.040062,-0.22602,-0.24016,0.54688,0.065452,0.58871,0.72263,0.083379,0.57267,0.43603,0.2258,0.78572,0.52008,0.36112,0.23437,0.65808,0.77085,0.72285,-0.19619,0.24516,0.50562,0.61356,0.69094,0.68575,0.60679,0.45358,0.65481,0.72135,0.68408,0.26342,0.43527,0.60403,0.17345
-0.068289,0.6366,0.2307,0.89267,0.17976,0.88152,0.40276,0.75321,0.80514,0.77782,0.70386,0.77557,0.94733,0.03283,0.59267,0.21179,-0.061106,0.34736,0.39192,0.34218,0.37231,0.032853,0.27181,0.40517,0.81016,0.22387,0.70279,0.71547,0.048684,0.5694,0.039263,0.36407,0.17406,0.5302,0.58577,0.78956,0.37622,0.77115,1,-0.13709,0.69718,0.67151,0.23951,0.83683,0.5814,0.59608,0.69673,-0.30026,0.88394,0.25382,0.3104,0.82531,-0.48394,-0.45773,-0.49456,0.41628,-0.41759,0.91291,0.80945,-0.12457,0.88239,-0.031342,-0.045478,0.91197,0.23857,0.21418,0.25435,0.31881,0.67119,0.69462,-0.37356,-0.28401,0.56632,0.71213,0.82696,0.83307,0.91016,0.26802,0.36155,0.51293,0.94828,0.059824,0.025453,0.20588,-0.13158
0.49677,0.38141,0.53482,-0.054505,0.59554,-0.23846,0.26862,-0.14982,-0.11704,-0.29174,-0.28969,-0.0099828,-0.29865,0.55619,-0.45271,0.311,0.65062,0.34467,0.40894,0.50853,0.48577,0.55667,0.55762,0.67445,-0.13507,0.55014,-0.17582,0.12561,0.57894,0.20649,0.47416,0.51094,0.69144,0.087722,-0.32929,0.075614,0.36673,0.32201,-0.13709,1,0.25408,0.30325,0.42716,-0.11443,0.42538,0.25335,-0.089308,0.86735,-0.17328,0.2649,0.33168,-0.093342,0.48329,0.32747,0.37641,0.23913,0.61101,-0.28801,0.088117,0.51647,-0.13526,0.55745,0.59743,0.040479,0.54321,0.52979,0.00035211,0.46136,0.287,0.12683,0.33625,0.71092,-0.17014,0.11094,-0.06021,0.01388,-0.22265,0.5479,0.43876,0.3804,-0.19653,0.33604,0.61773,0.637,0.49596
0.22222,0.57082,0.36742,0.56,0.30395,0.75173,0.57505,0.44754,0.5101,0.54343,0.36868,0.73727,0.58313,0.13096,0.33877,0.36069,0.14744,0.40441,0.42742,0.22981,0.50435,0.15345,0.3966,0.61879,0.68065,0.39559,0.5358,0.86273,0.23226,0.56578,0.13158,0.44831,0.45303,0.50439,0.40446,0.88385,0.57395,0.7279,0.69718,0.25408,1,0.73299,0.29893,0.52008,0.59996,0.59967,0.63547,0.054431,0.67653,0.22479,0.33863,0.69376,-0.26071,-0.31033,-0.31627,0.59038,-0.08453,0.568,0.60867,-0.008343,0.62342,0.19559,0.23801,0.63996,0.2247,0.267,0.25329,0.42272,0.63992,0.5332,-0.14551,0.02723,0.40037,0.65384,0.60119,0.78677,0.65284,0.40094,0.40528,0.53623,0.59692,0.31026,0.13502,0.50355,0.056802
0.38242,0.62199,0.42706,0.57555,0.49194,0.72451,0.69794,0.56657,0.63145,0.56715,0.51602,0.62203,0.60185,0.30269,0.41139,0.3631,0.17047,0.40711,0.59173,0.51006,0.46106,0.24028,0.56722,0.71946,0.51444,0.28933,0.63546,0.62652,0.34896,0.70767,0.1567,0.54735,0.36222,0.47796,0.33416,0.76631,0.59404,0.6556,0.67151,0.30325,0.73299,1,0.33214,0.65223,0.74218,0.55894,0.64375,0.19698,0.62019,0.39142,0.26686,0.69204,-0.18807,-0.23857,-0.22823,0.47237,-0.053631,0.56409,0.58978,-0.077711,0.70219,0.18748,0.33561,0.64962,0.30001,0.38023,0.33108,0.4608,0.72769,0.64393,0.0077309,0.056793,0.3939,0.54148,0.71157,0.71427,0.71293,0.33691,0.33273,0.64244,0.60845,0.29865,0.20169,0.4317,0.05747
0.5473,0.41869,0.81869,0.44765,0.86509,0.093527,0.32575,0.042124,0.36026,-0.035892,0.040081,0.30268,0.055109,0.62187,-0.1017,0.62811,0.75174,0.54587,0.72889,0.3476,0.75415,0.64483,0.49217,0.47125,0.050515,0.5793,-0.067832,0.28873,0.57196,0.5007,0.61436,0.55648,0.60374,0.37857,-0.11658,0.29805,0.6477,0.55933,0.23951,0.42716,0.29893,0.33214,1,0.050142,0.54288,0.41253,0.21994,0.54381,0.23857,0.38939,0.50669,0.1808,0.63787,0.45059,0.44124,0.22196,0.61466,0.06303,0.24371,0.43412,-0.048413,0.80586,0.61007,0.28146,0.66717,0.6007,0.41023,0.47878,0.41382,0.34806,0.33311,0.63146,0.39899,0.41124,0.10403,0.097629,0.078704,0.29829,0.41975,0.62726,0.1475,0.46959,0.56467,0.54326,0.67552
-0.10742,0.50391,0.11459,0.67765,0.062935,0.8219,0.39728,0.83254,0.78288,0.76369,0.58033,0.67937,0.8682,0.05717,0.57204,0.18572,-0.19598,0.39611,0.27671,0.33499,0.17185,-0.022608,0.36159,0.38043,0.74709,0.16799,0.67197,0.52953,0.090671,0.5544,0.05231,0.42341,-0.010505,0.36693,0.60144,0.70561,0.25664,0.6084,0.83683,-0.11443,0.52008,0.65223,0.050142,1,0.49155,0.54705,0.72321,-0.26089,0.65715,0.18532,0.21926,0.76397,-0.55524,-0.57222,-0.59567,0.52987,-0.50887,0.862,0.78815,-0.30338,0.88339,-0.18646,0.0073045,0.81982,0.12502,0.2605,0.11011,0.34735,0.63567,0.64817,-0.38708,-0.33931,0.57726,0.55302,0.93133,0.83151,0.86387,0.31324,0.38533,0.5324,0.8713,0.039411,-0.080314,0.25586,-0.13701
0.3374,0.58011,0.53887,0.57559,0.53148,0.55755,0.58863,0.58767,0.56529,0.47293,0.37312,0.58891,0.48467,0.32,0.22783,0.5013,0.32566,0.58877,0.46436,0.42839,0.4911,0.35,0.47966,0.71982,0.50057,0.41388,0.55238,0.32797,0.56995,0.50067,0.13212,0.43561,0.4126,0.39147,0.26731,0.5403,0.43306,0.78188,0.5814,0.42538,0.59996,0.74218,0.54288,0.49155,1,0.4757,0.5583,0.37933,0.57039,0.45737,0.41068,0.57977,0.092215,-0.06737,-0.075336,0.45722,0.090785,0.47431,0.62047,-0.0052167,0.4485,0.31843,0.33066,0.54394,0.36836,0.53572,0.34975,0.52183,0.63868,0.47919,-0.005861,0.24379,0.46835,0.54733,0.58935,0.5373,0.5232,0.3753,0.34346,0.63552,0.53004,0.22906,0.38556,0.5658,0.33217
0.1808,0.58978,0.30831,0.55308,0.24534,0.56595,0.45705,0.49468,0.63349,0.55198,0.26694,0.56087,0.53731,0.17246,0.28217,0.27416,0.2321,0.36939,0.2815,0.25166,0.38886,0.30396,0.55789,0.61063,0.62491,0.56398,0.53009,0.6413,0.45155,0.46052,0.2327,0.55038,0.28682,0.1566,0.40145,0.68275,0.46655,0.58672,0.59608,0.25335,0.59967,0.55894,0.41253,0.54705,0.4757,1,0.35018,0.058547,0.53906,-0.1235,0.28098,0.75086,-0.086033,-0.36526,-0.38264,0.37195,-0.16049,0.59425,0.55822,-0.054699,0.58358,0.12953,0.50563,0.59182,0.28917,0.36218,0.14298,0.36121,0.48457,0.42458,-0.26042,0.12414,0.37991,0.49817,0.47063,0.66358,0.55254,0.65535,0.49332,0.34239,0.59117,0.219,0.28601,0.35193,0.13506
0.3001,0.4877,0.27376,0.57458,0.20756,0.78516,0.38861,0.68304,0.55356,0.77644,0.53901,0.67522,0.7276,-0.039608,0.70294,0.27835,-0.13936,0.59808,0.34344,0.26916,0.25522,-0.067589,0.18918,0.37729,0.72695,0.18806,0.55788,0.55422,0.17802,0.4262,-0.023373,0.25701,-0.0070505,0.47132,0.68529,0.73743,0.385,0.5629,0.69673,-0.089308,0.63547,0.64375,0.21994,0.72321,0.5583,0.35018,1,-0.074529,0.63144,0.14134,0.15824,0.68807,-0.40413,-0.31498,-0.33695,0.66524,-0.30639,0.74037,0.73105,-0.21339,0.66051,0.089514,-0.07283,0.60744,-0.0062579,0.2073,0.17827,0.29523,0.47765,0.4767,-0.27001,-0.22894,0.7407,0.56743,0.7863,0.76165,0.78697,0.13062,0.17765,0.51003,0.72841,-0.066016,-0.23739,0.38826,0.09592
0.63231,0.23256,0.53745,-0.19773,0.67386,-0.37252,0.27311,-0.28197,-0.25954,-0.39051,-0.25845,-0.15764,-0.46096,0.64121,-0.47768,0.33312,0.65531,0.36635,0.43911,0.46876,0.52722,0.5888,0.48656,0.52851,-0.32156,0.53541,-0.30566,-0.071817,0.71985,0.21897,0.45286,0.46127,0.64982,0.032708,-0.42569,-0.086581,0.3444,0.18057,-0.30026,0.86735,0.054431,0.19698,0.54381,-0.26089,0.37933,0.058547,-0.074529,1,-0.26588,0.32939,0.19539,-0.22448,0.67082,0.54558,0.58799,0.16321,0.77697,-0.45144,-0.12486,0.57143,-0.33121,0.67365,0.66502,-0.13547,0.53255,0.63405,-0.020622,0.3971,0.12882,0.012113,0.44686,0.6996,-0.058171,-0.042218,-0.14801,-0.22176,-0.34993,0.35381,0.35468,0.40057,-0.34942,0.34789,0.55101,0.54192,0.5896
0.0045786,0.57719,0.24709,0.75241,0.12391,0.81067,0.46473,0.6584,0.72917,0.68802,0.79437,0.67756,0.85918,0.025872,0.60898,0.28174,-0.10919,0.15027,0.36963,0.23867,0.28863,0.095721,0.28822,0.36683,0.74167,0.27929,0.74061,0.60846,0.1628,0.55246,-0.041543,0.3065,0.17719,0.291,0.53758,0.74145,0.35866,0.67929,0.88394,-0.17328,0.67653,0.62019,0.23857,0.65715,0.57039,0.53906,0.63144,-0.26588,1,0.23258,0.23556,0.73229,-0.36969,-0.30092,-0.33642,0.21573,-0.35473,0.79643,0.64506,-0.04489,0.73884,-0.021001,0.068828,0.79405,0.22965,0.17028,0.20173,0.28454,0.57568,0.56548,-0.2605,-0.18962,0.48994,0.72337,0.64859,0.68059,0.83975,0.01041,0.26554,0.30422,0.82332,0.15865,-0.025872,0.11001,-0.18996
0.15187,0.21055,0.5602,0.24763,0.55145,0.10782,0.43932,0.077532,0.11324,-0.17329,0.33787,0.27163,0.077441,0.59457,-0.17083,0.42092,0.25979,0.075974,0.69109,0.53551,0.49061,0.41772,0.49274,0.27965,-0.0087495,0.16536,0.047933,0.031657,0.14329,0.43729,0.41861,0.26212,0.45624,0.51161,-0.34727,0.25249,0.35614,0.48442,0.25382,0.2649,0.22479,0.39142,0.38939,0.18532,0.45737,-0.1235,0.14134,0.32939,0.23258,1,0.39785,-0.059709,0.26651,0.4152,0.40506,-0.051304,0.35494,-0.042302,0.19827,0.43622,0.079195,0.37583,0.18919,0.32208,0.57947,0.31299,0.31889,0.48743,0.6356,0.43802,0.35154,0.18994,0.042682,0.28251,0.2486,0.011687,0.15196,-0.17429,0.28399,0.6435,0.043919,0.46428,0.24399,0.32847,0.061248
0.38959,0.61346,0.6166,0.38503,0.44311,0.20117,0.14528,0.11754,0.29318,0.015463,0.035685,0.50402,0.20864,0.48197,-0.23074,0.52927,0.53317,0.32863,0.5913,0.046856,0.52859,0.33422,0.47086,0.12131,0.36169,0.39724,-0.13658,0.30801,0.20568,0.12937,0.56622,0.44524,0.62159,0.26425,-0.24111,0.25691,0.65406,0.58793,0.3104,0.33168,0.33863,0.26686,0.50669,0.21926,0.41068,0.28098,0.15824,0.19539,0.23556,0.39785,1,0.12583,0.28263,0.17765,0.15816,0.37964,0.32378,0.13242,0.26695,0.17709,0.10821,0.60426,0.17454,0.47798,0.59522,0.32909,0.0061023,0.66435,0.58436,0.54748,-0.06152,0.38043,0.18377,0.48221,0.25037,0.33017,0.051915,0.27636,0.54719,0.4768,0.1445,0.47323,0.51372,0.69799,0.1437
0.097399,0.49031,0.046835,0.76635,0.051914,0.86699,0.50185,0.78984,0.71367,0.88826,0.52535,0.74703,0.8393,-0.090198,0.59083,0.11214,-0.031982,0.50506,0.19105,0.22117,0.29624,-0.054589,0.26517,0.4762,0.83697,0.31476,0.77934,0.67684,0.18503,0.49778,-0.025862,0.35889,0.052,0.36032,0.7138,0.76192,0.35201,0.65932,0.82531,-0.093342,0.69376,0.69204,0.1808,0.76397,0.57977,0.75086,0.68807,-0.22448,0.73229,-0.059709,0.12583,1,-0.44607,-0.65298,-0.68188,0.52226,-0.44526,0.86817,0.73222,-0.36205,0.84245,-0.06761,0.069006,0.69932,-0.011655,0.16509,0.26902,0.13558,0.4602,0.60797,-0.41162,-0.29084,0.58659,0.49264,0.75848,0.89181,0.82521,0.4477,0.33944,0.37156,0.86739,-0.005861,0.11554,0.17924,-0.031501
0.50039,-0.019889,0.61135,-0.25616,0.56867,-0.52549,0.052606,-0.53162,-0.2933,-0.66262,-0.41308,-0.25946,-0.62876,0.62555,-0.62058,0.38286,0.64344,0.16118,0.36097,0.091101,0.40953,0.70943,0.3089,0.13069,-0.53919,0.4264,-0.47146,-0.29158,0.41783,-0.017521,0.48811,0.2124,0.46956,-0.14059,-0.69578,-0.33121,0.28555,0.040062,-0.48394,0.48329,-0.26071,-0.18807,0.63787,-0.55524,0.092215,-0.086033,-0.40413,0.67082,-0.36969,0.26651,0.28263,-0.44607,1,0.65091,0.68315,-0.18098,0.85846,-0.64257,-0.41221,0.42891,-0.71077,0.73908,0.53795,-0.31306,0.5415,0.34475,0.14176,0.23797,-0.042739,-0.093168,0.58245,0.8414,-0.16682,-0.24203,-0.50026,-0.55243,-0.60982,-0.0098052,0.18274,0.16493,-0.5473,0.43369,0.60021,0.33593,0.51187
0.31305,-0.091173,0.47702,-0.27582,0.53775,-0.60605,-0.20019,-0.59375,-0.4275,-0.67625,-0.13389,-0.2944,-0.56659,0.4048,-0.36703,0.32512,0.44439,-0.18373,0.41138,0.1741,0.25923,0.31572,0.16173,-0.076182,-0.57326,0.058327,-0.5928,-0.40391,0.31821,-0.058463,0.47165,0.12155,0.31832,0.079608,-0.60588,-0.3214,0.23525,-0.22602,-0.45773,0.32747,-0.31033,-0.23857,0.45059,-0.57222,-0.06737,-0.36526,-0.31498,0.54558,-0.30092,0.4152,0.17765,-0.65298,0.65091,1,0.99348,-0.41591,0.71626,-0.61857,-0.45167,0.72594,-0.64565,0.49651,0.33424,-0.38598,0.4165,0.29535,0.078164,0.075883,-0.11016,-0.20359,0.63654,0.47593,-0.18258,-0.041866,-0.5512,-0.62154,-0.51092,-0.32657,-0.16902,0.077391,-0.59564,0.36957,0.17374,0.10839,0.44644
0.34655,-0.096553,0.49269,-0.31472,0.55363,-0.6268,-0.18711,-0.62872,-0.44623,-0.71346,-0.18132,-0.34076,-0.61004,0.44473,-0.41019,0.30953,0.44551,-0.16829,0.4075,0.1943,0.25045,0.36212,0.16661,-0.038319,-0.62232,0.076716,-0.60476,-0.39946,0.3287,-0.061731,0.46531,0.13194,0.33219,0.05079,-0.6367,-0.33909,0.22023,-0.24016,-0.49456,0.37641,-0.31627,-0.22823,0.44124,-0.59567,-0.075336,-0.38264,-0.33695,0.58799,-0.33642,0.40506,0.15816,-0.68188,0.68315,0.99348,1,-0.41691,0.75296,-0.66525,-0.4697,0.71958,-0.67338,0.52002,0.36552,-0.39925,0.43896,0.30675,0.065682,0.083825,-0.10861,-0.21567,0.67849,0.53166,-0.2245,-0.090109,-0.57043,-0.64879,-0.54682,-0.31753,-0.15002,0.077517,-0.62529,0.36797,0.19851,0.12044,0.44369
0.30389,0.52946,0.22179,0.31604,0.21195,0.5107,0.25855,0.41974,0.3633,0.49045,0.027773,0.5542,0.40161,0.067153,0.24641,0.32299,0.23035,0.66831,0.22822,0.015919,0.39745,0.019042,0.20411,0.32852,0.54756,0.29495,0.18787,0.57723,0.17831,0.3349,0.077185,0.38253,0.34321,0.27663,0.34284,0.47286,0.46268,0.54688,0.41628,0.23913,0.59038,0.47237,0.22196,0.52987,0.45722,0.37195,0.66524,0.16321,0.21573,-0.051304,0.37964,0.52226,-0.18098,-0.41591,-0.41691,1,-0.018212,0.46695,0.46241,-0.2426,0.4444,0.25221,0.013739,0.43704,0.036398,0.30409,-0.061094,0.46536,0.33374,0.38964,-0.38372,0.057147,0.55431,0.42248,0.65741,0.69943,0.40974,0.59582,0.40637,0.54487,0.464,0.083354,0.13097,0.706,0.27837
0.54623,0.083518,0.60118,-0.21645,0.68968,-0.51457,0.009508,-0.62134,-0.37046,-0.69489,-0.38992,-0.20412,-0.61203,0.72433,-0.61342,0.4662,0.70272,0.18448,0.50196,0.22035,0.5455,0.60026,0.30693,0.20435,-0.55707,0.41976,-0.5919,-0.076856,0.4078,0.11496,0.57655,0.41,0.66257,0.05129,-0.73026,-0.25029,0.43881,0.065452,-0.41759,0.61101,-0.08453,-0.053631,0.61466,-0.50887,0.090785,-0.16049,-0.30639,0.77697,-0.35473,0.35494,0.32378,-0.44526,0.85846,0.71626,0.75296,-0.018212,1,-0.6523,-0.41779,0.62442,-0.59977,0.81024,0.51635,-0.23456,0.63151,0.49044,0.011671,0.27547,0.0045739,0.013933,0.61426,0.77496,-0.15615,-0.12624,-0.42578,-0.46061,-0.58245,0.11393,0.27011,0.35098,-0.53204,0.55263,0.62372,0.45696,0.60703
-0.16108,0.50716,-0.0035241,0.80387,-0.051964,0.87021,0.28168,0.86304,0.81083,0.92021,0.65754,0.71517,0.97312,-0.27065,0.77085,0.070093,-0.19147,0.32742,0.14389,0.16794,0.1275,-0.19342,0.11251,0.26771,0.85859,0.07551,0.74448,0.57945,-0.02202,0.44076,-0.14172,0.19849,-0.10272,0.36611,0.8037,0.70492,0.20851,0.58871,0.91291,-0.28801,0.568,0.56409,0.06303,0.862,0.47431,0.59425,0.74037,-0.45144,0.79643,-0.042302,0.13242,0.86817,-0.64257,-0.61857,-0.66525,0.46695,-0.6523,1,0.80369,-0.35138,0.89792,-0.26071,-0.18007,0.76169,-0.088061,0.039692,0.21422,0.14766,0.44449,0.52603,-0.53758,-0.43101,0.61743,0.64307,0.82172,0.87258,0.93942,0.25819,0.16643,0.28901,0.96662,-0.16061,-0.16636,0.080326,-0.13323
