1,-0.067904,0.47513,0.32946,0.343,0.29642,0.40863,0.24034,0.29118,0.40852,0.37136,0.3193,0.25299,0.43299,0.42859,0.22002,0.5426,0.28433,0.53241,0.42763,0.32507,0.24035,0.48391,0.46671,0.71702,0.51409,0.30208,0.43019,0.38533,0.39831,0.38709,0.42867,0.26111,0.23379,0.39047,0.42507,0.27865,0.5519,0.51794,0.21792,0.35713,0.1674,0.19763,0.15328,0.43976,0.27691,0.53094,0.33954,0.33554,0.27991,0.29674,0.38327,0.25255,0.62258,0.5758,0.3252,0.45904,0.32315,0.41869,-0.37195,0.367,0.38369,0.35734,0.20963,0.093245,0.50025,0.41344,0.47356,0.59114,0.41723,0.41228,0.33109,0.3817,0.2561,0.5958,0.14636,0.40993,0.52697,0.57175,0.55675,0.4347,0.52406,0.38263,0.25191,0.53591
-0.067904,1,0.29039,0.45346,0.31278,0.35271,-0.1861,-0.44132,0.093971,-0.0072867,0.19258,0.23405,0.35989,0.26559,-0.13241,0.2849,0.28024,0.13287,-0.041655,-0.016998,0.060564,-0.087158,-0.17195,0.47036,0.056816,0.057655,0.13278,0.26735,0.19804,0.18625,0.32862,0.20024,0.17713,0.012315,-0.18034,0.42121,-0.053839,0.34832,0.38988,0.46133,0.37795,0.36533,0.11028,0.32343,0.40684,-0.090413,-0.071391,0.39023,0.46604,0.2074,0.27763,0.037395,0.11212,-0.028886,0.0017245,-0.065074,0.47614,0.24452,0.073787,-0.33995,0.44492,0.029466,0.12083,0.38392,0.40616,0.030062,0.32347,0.16889,0.34109,0.17921,-0.11759,-0.011723,-0.25299,0.22549,-0.084427,0.31794,0.086998,0.014701,-0.30862,0.0077099,0.33744,0.27379,0.2999,0.34293,0.26034
0.47513,0.29039,1,0.68225,0.65286,0.35701,-0.071812,0.23326,0.31053,0.49774,0.58277,0.54346,0.53322,0.67333,0.67314,0.45197,0.73404,0.33833,0.62085,0.55153,0.66785,0.63934,0.59308,0.47087,0.48341,0.50725,0.26045,0.72685,0.66811,0.48102,0.66293,0.51571,0.47749,0.57801,0.49619,0.59255,0.33071,0.7193,0.69722,0.61682,0.61282,0.24385,0.13605,0.51188,0.68638,0.58315,0.53019,0.82117,0.34546,0.20157,0.54399,0.55579,0.2483,0.70671,0.70371,0.55446,0.38375,0.63715,0.75505,-0.039847,0.47301,0.64236,0.74273,0.53159,0.57763,0.060785,0.27116,0.52093,0.45091,0.77985,0.18374,0.38708,0.38343,0.37025,0.538,0.45116,0.74699,0.59521,0.30638,0.50714,0.69356,0.46999,0.53116,0.74168,0.8293
0.32946,0.45346,0.68225,1,0.61396,0.70264,-0.27085,0.09189,0.57144,0.25221,0.4053,0.56872,0.72367,0.48445,0.6434,0.35167,0.73383,0.37633,0.46972,0.23789,0.48484,0.2873,0.48256,0.70394,0.45474,0.35564,0.3641,0.5029,0.55333,0.47502,0.59395,0.41172,0.56662,0.63437,0.089496,0.48266,0.1273,0.74351,0.81645,0.56286,0.61348,0.64652,0.47958,0.64828,0.72679,0.47635,0.2992,0.70241,0.53797,0.46824,0.46629,0.34887,0.55051,0.39235,0.41804,0.42768,0.46362,0.87424,0.56241,-0.077916,0.58831,0.65356,0.64671,0.57668,0.5137,-0.14373,0.45487,0.60737,0.6304,0.65514,0.31204,0.27342,0.35985,0.34238,0.43392,0.42974,0.50296,0.65318,-0.032747,0.56487,0.75781,0.49033,0.57426,0.54206,0.49523
0.343,0.31278,0.65286,0.61396,1,0.57728,-0.011825,0.23907,0.46233,0.16042,0.36345,0.61757,0.5879,0.41543,0.5074,0.39958,0.58586,0.22727,0.40285,0.10229,0.3282,0.39292,0.48519,0.66345,0.13266,0.33007,0.37835,0.61321,0.72368,0.62828,0.62125,0.54043,0.36994,0.45481,0.15011,0.62862,0.26424,0.7938,0.65717,0.66302,0.72582,0.21759,0.22669,0.53298,0.62066,0.56788,0.43659,0.70122,0.53035,0.41013,0.34545,0.39172,0.12477,0.63224,0.55612,0.39092,0.28454,0.61434,0.46654,-0.18929,0.32934,0.64089,0.57665,0.44283,0.28085,0.11811,0.35082,0.47512,0.56673,0.56804,0.058293,0.17102,0.15785,0.52744,0.55958,0.4256,0.35309,0.53896,0.24709,0.49936,0.70514,0.46189,0.67754,0.66635,0.67937
0.29642,0.35271,0.35701,0.70264,0.57728,1,-0.026546,0.054493,0.59071,0.22276,0.40487,0.53035,0.62377,0.28214,0.44879,0.3318,0.67673,0.42863,0.39256,0.075246,0.34228,-0.023809,0.29397,0.77126,0.30044,0.25006,0.38179,0.36432,0.33261,0.60055,0.48686,0.45577,0.43094,0.45044,-0.040274,0.31307,0.22571,0.60543,0.63091,0.49031,0.52909,0.72021,0.726,0.52145,0.75232,0.27076,0.39324,0.52868,0.83643,0.79837,0.34447,0.058212,0.48324,0.29018,0.18151,0.15894,0.42282,0.52257,0.28626,-0.24241,0.64818,0.40602,0.3041,0.42512,0.14339,0.27973,0.33791,0.43307,0.81349,0.47166,0.23546,0.13031,0.40191,0.42373,0.44724,0.33694,0.19746,0.56383,-0.15061,0.58905,0.64937,0.52592,0.69492,0.39826,0.44571
0.40863,-0.1861,-0.071812,-0.27085,-0.011825,-0.026546,1,0.21374,0.055775,-0.012835,0.040766,-0.2915,-0.29937,-0.23797,-0.065143,-0.16323,0.11234,-0.10125,-0.06312,0.023604,-0.088241,-0.20448,0.21494,-0.012202,0.21099,-0.011452,0.11142,-0.16144,-0.00050645,-0.023322,-0.086075,0.099681,-0.098154,-0.36457,0.11544,-0.15147,-0.022986,0.0021931,-0.074548,-0.079215,-0.22504,-0.25277,0.04193,-0.26133,-0.15016,0.10742,0.034829,-0.086065,-0.044213,-0.14229,-0.15668,-0.099339,0.06463,0.19096,0.13356,-0.0041375,-0.0029588,-0.22128,-0.12845,-0.16896,0.081706,-0.10612,0.00064231,-0.33814,-0.46234,0.4499,0.17606,-0.15178,0.061589,-0.20176,-0.047595,0.17464,-0.12069,0.015255,-0.043427,-0.22665,-0.31891,0.019833,0.3188,0.058717,-0.10948,0.017792,0.017448,0.066874,0.14794
0.24034,-0.44132,0.23326,0.09189,0.23907,0.054493,0.21374,1,0.075093,0.154,0.078079,0.0015998,0.046781,0.028115,0.39986,-0.046955,0.23324,0.30656,0.33192,0.26191,0.095631,0.16515,0.57814,-0.038158,0.21065,0.30501,0.24055,-0.034898,0.021452,0.21844,0.16637,-0.050106,-0.013317,0.12324,0.46464,-0.088376,0.20295,0.051213,0.082601,-0.066232,-0.058203,-0.11311,0.1349,0.16362,0.23462,0.7161,0.42266,0.16027,-0.13095,0.15021,0.099821,0.41905,0.083622,0.55387,0.48908,0.59764,-0.18295,0.36242,0.32717,0.25771,0.099276,0.38613,0.55116,-0.081527,-0.22216,0.0572,-0.13528,0.38194,0.15078,0.45158,0.17722,0.1117,0.38113,-0.15883,0.39033,-0.14843,0.2956,0.51551,0.4572,0.32876,0.0054304,0.21421,-0.0014256,0.042879,0.13725
0.29118,0.093971,0.31053,0.57144,0.46233,0.59071,0.055775,0.075093,1,0.33695,0.33252,0.53407,0.59887,0.15866,0.58978,0.26736,0.60911,0.20422,0.399,0.23957,0.15461,0.10411,0.22266,0.58254,0.22668,0.12674,0.05614,0.36496,0.5463,0.53786,0.26787,0.49738,0.44359,0.33649,-0.0099922,0.2989,0.10268,0.55432,0.59207,0.40832,0.46112,0.5976,0.66799,0.6657,0.39971,0.39654,0.30542,0.50852,0.44366,0.49952,-0.066362,-0.063069,0.79926,0.37866,0.34704,0.067357,-0.023279,0.52191,0.092967,-0.17141,0.33471,0.36532,0.44877,0.3654,0.10937,-0.15428,0.21263,0.11421,0.48584,0.29895,0.23003,0.36524,0.30259,0.38918,0.46492,0.42433,0.25328,0.42008,-0.011651,0.53146,0.58407,0.11273,0.58963,0.18622,0.40294
0.40852,-0.0072867,0.49774,0.25221,0.16042,0.22276,-0.012835,0.154,0.33695,1,0.47318,0.52694,0.14238,0.41644,0.46324,0.46564,0.42007,0.51371,0.63462,0.48458,0.51266,0.29779,0.37224,0.23813,0.2671,0.58806,-0.0098913,0.60651,0.25235,0.37007,0.2891,0.57075,0.36087,0.19198,0.78833,0.54983,0.44944,0.39154,0.4253,0.046491,0.43898,0.43581,0.28212,0.2162,0.28928,0.35083,0.7123,0.36809,0.17777,0.29437,0.033079,0.42327,0.3892,0.54422,0.50263,0.21097,0.076376,0.2541,0.22356,0.14429,0.40672,0.41049,0.32112,0.15534,0.32612,0.30515,-0.13699,0.23603,0.47046,0.60823,0.15149,0.081835,0.6036,0.24146,0.73766,0.11702,0.45683,0.44786,0.48188,0.60605,0.45295,0.51634,0.34949,0.18383,0.61887
0.37136,0.19258,0.58277,0.4053,0.36345,0.40487,0.040766,0.078079,0.33252,0.47318,1,0.21901,0.3631,0.60962,0.6056,0.36344,0.52826,0.44624,0.67423,0.6843,0.68875,0.58306,0.36465,0.44731,0.38532,0.44053,0.40209,0.35441,0.47367,0.39966,0.56426,0.32788,0.31273,0.2853,0.44086,0.34926,0.047715,0.59263,0.48828,0.34384,0.27659,0.1406,0.24608,0.18475,0.61964,0.36113,0.73023,0.4393,0.25768,0.17761,0.072766,0.17227,0.3034,0.60298,0.58955,0.26681,0.32547,0.42423,0.31854,0.081116,0.14304,0.37334,0.39983,0.17795,0.22177,0.31553,0.324,0.23856,0.34207,0.54717,0.45742,0.53133,0.31699,0.23399,0.54113,0.47494,0.5744,0.54445,-0.0069381,0.54783,0.5578,0.46497,0.55063,0.32351,0.65352
0.3193,0.23405,0.54346,0.56872,0.61757,0.53035,-0.2915,0.0015998,0.53407,0.52694,0.21901,1,0.68792,0.56062,0.58601,0.63558,0.57184,0.47146,0.44076,-0.011989,0.26804,0.24757,0.21417,0.56556,0.1894,0.6302,0.20256,0.79759,0.53048,0.71483,0.52579,0.55463,0.58132,0.56495,0.27078,0.73677,0.56851,0.67474,0.67017,0.61122,0.91399,0.64575,0.31262,0.63524,0.56279,0.20594,0.45013,0.63224,0.62178,0.50634,0.27376,0.38727,0.31798,0.50109,0.42167,0.24685,0.3412,0.57518,0.32791,-0.13791,0.36202,0.6475,0.26718,0.65429,0.6142,0.0023306,0.19957,0.34952,0.64114,0.50173,-0.0075746,0.19717,0.56359,0.67872,0.67206,0.40323,0.45662,0.40854,0.28449,0.67678,0.72544,0.45999,0.57869,0.44291,0.69815
0.25299,0.35989,0.53322,0.72367,0.5879,0.62377,-0.29937,0.046781,0.59887,0.14238,0.3631,0.68792,1,0.50148,0.58079,0.46453,0.50431,0.27573,0.39855,0.13772,0.26542,0.3752,0.26595,0.65901,0.39144,0.43435,0.28909,0.49982,0.58267,0.62693,0.45173,0.33357,0.45618,0.60064,0.0021593,0.39718,0.19093,0.73669,0.81272,0.71805,0.63454,0.55961,0.43385,0.62685,0.77321,0.26144,0.26394,0.7018,0.67394,0.56772,0.29185,0.20509,0.46583,0.38345,0.35473,0.35109,0.32236,0.74566,0.40205,-0.23534,0.36523,0.64004,0.44893,0.77064,0.53666,-0.29314,0.27422,0.20449,0.53319,0.4477,0.16973,0.42547,0.37493,0.62395,0.3707,0.55901,0.55133,0.54345,-0.16811,0.64643,0.78197,0.41231,0.58872,0.43797,0.5444
0.43299,0.26559,0.67333,0.48445,0.41543,0.28214,-0.23797,0.028115,0.15866,0.41644,0.60962,0.56062,0.50148,1,0.61588,0.39567,0.56502,0.27319,0.41143,0.45226,0.44911,0.68801,0.3118,0.53551,0.59905,0.62075,0.39172,0.57095,0.44325,0.62724,0.64457,0.38995,0.57594,0.34692,0.42883,0.601,0.17364,0.65948,0.49044,0.58576,0.63326,0.23171,0.20793,0.3042,0.68134,0.30659,0.55201,0.58961,0.3347,0.041688,0.55648,0.40168,0.18067,0.60471,0.5853,0.55237,0.59645,0.55331,0.61407,-0.073053,0.14136,0.59786,0.38392,0.43019,0.5706,0.19325,0.38984,0.57215,0.4502,0.54248,0.2392,0.43751,0.31471,0.51108,0.52176,0.31452,0.65519,0.47025,0.19854,0.52083,0.50819,0.4675,0.43482,0.53797,0.70287
0.42859,-0.13241,0.67314,0.6434,0.5074,0.44879,-0.065143,0.39986,0.58978,0.46324,0.6056,0.58601,0.58079,0.61588,1,0.2432,0.72257,0.44926,0.68922,0.49197,0.5355,0.57599,0.52121,0.54747,0.49997,0.55535,0.39816,0.54825,0.61682,0.58922,0.60168,0.47396,0.51508,0.69167,0.45265,0.44287,0.18107,0.67493,0.65607,0.47014,0.5599,0.33844,0.35481,0.59002,0.61687,0.60388,0.59608,0.62739,0.26644,0.22471,0.24137,0.39963,0.45946,0.76641,0.77381,0.53776,0.30013,0.77172,0.63764,0.28035,0.17148,0.75272,0.5815,0.45537,0.42275,-0.078179,0.3506,0.43474,0.47075,0.67346,0.53921,0.54648,0.56792,0.3901,0.70629,0.43032,0.68754,0.66225,0.25493,0.73789,0.68691,0.32749,0.65756,0.45142,0.64813
0.22002,0.2849,0.45197,0.35167,0.39958,0.3318,-0.16323,-0.046955,0.26736,0.46564,0.36344,0.63558,0.46453,0.39567,0.2432,1,0.41068,0.47722,0.27533,0.078055,0.26854,0.13632,0.22578,0.15318,-0.014572,0.45045,-0.091192,0.54612,0.50339,0.34398,0.48839,0.16931,0.57718,0.23618,0.15744,0.42791,0.66531,0.43934,0.40689,0.48279,0.53658,0.50628,0.13308,0.20458,0.46925,-0.032819,0.43859,0.50878,0.4362,0.47973,-0.021465,0.41132,0.3378,0.28697,0.17298,-0.03938,0.070352,0.37483,-0.025094,-0.25461,0.28295,0.34566,0.1718,0.19567,0.22949,0.21505,-0.035446,0.12197,0.35663,0.22747,-0.30987,0.092229,0.45523,0.41509,0.39891,0.30461,0.2793,0.37371,0.24789,0.39824,0.59131,0.65964,0.18521,0.30437,0.60039
0.5426,0.28024,0.73404,0.73383,0.58586,0.67673,0.11234,0.23324,0.60911,0.42007,0.52826,0.57184,0.50431,0.56502,0.72257,0.41068,1,0.46463,0.49916,0.46764,0.40289,0.21473,0.39533,0.66098,0.51803,0.34938,0.2512,0.56579,0.60957,0.60814,0.73482,0.52988,0.65326,0.52906,0.19424,0.48517,0.31361,0.63137,0.6024,0.6296,0.6047,0.56202,0.51564,0.70077,0.75682,0.47415,0.51599,0.76014,0.56579,0.4444,0.44642,0.34556,0.57154,0.66434,0.61555,0.30085,0.47953,0.64179,0.58002,-0.17724,0.58674,0.47846,0.58885,0.37915,0.24453,0.28109,0.4375,0.60433,0.71625,0.61952,0.31292,0.37507,0.44318,0.31248,0.56711,0.42631,0.49544,0.59851,0.23198,0.51774,0.6549,0.45104,0.66904,0.57746,0.68236
0.28433,0.13287,0.33833,0.37633,0.22727,0.42863,-0.10125,0.30656,0.20422,0.51371,0.44624,0.47146,0.27573,0.27319,0.44926,0.47722,0.46463,1,0.70686,0.15684,0.45148,-0.09503,0.17908,0.25306,0.14832,0.67915,0.46314,0.42994,0.15615,0.30797,0.6369,0.058349,0.25007,0.47695,0.39384,0.43969,0.43696,0.31336,0.35484,0.05088,0.43031,0.39978,0.18285,0.30409,0.52767,0.19741,0.69572,0.24697,0.27797,0.44362,-0.028462,0.29997,0.19154,0.46834,0.41335,0.15696,0.33754,0.45148,0.09977,0.041805,0.25873,0.3793,0.26991,0.18491,0.25727,0.29894,0.03472,0.31959,0.43817,0.582,0.27137,0.1041,0.72114,0.025031,0.6738,0.29408,0.40535,0.57067,0.25069,0.63255,0.46026,0.55221,0.38028,-0.012088,0.43715
0.53241,-0.041655,0.62085,0.46972,0.40285,0.39256,-0.06312,0.33192,0.399,0.63462,0.67423,0.44076,0.39855,0.41143,0.68922,0.27533,0.49916,0.70686,1,0.53083,0.73918,0.38606,0.47949,0.44375,0.39351,0.65742,0.47002,0.6296,0.41518,0.38905,0.56949,0.40545,0.113,0.58872,0.60957,0.5034,0.23022,0.57774,0.6107,0.10996,0.47743,0.20241,0.24034,0.31312,0.54052,0.494,0.77932,0.45131,0.19524,0.37828,0.13358,0.33337,0.25591,0.67104,0.64681,0.41695,0.2322,0.50689,0.43993,0.074381,0.21119,0.54875,0.56641,0.37251,0.40529,0.17563,0.062344,0.35385,0.4026,0.76451,0.54823,0.27795,0.58983,0.20842,0.80774,0.41261,0.70414,0.69967,0.34749,0.74744,0.62039,0.44089,0.58369,0.20309,0.63202
0.42763,-0.016998,0.55153,0.23789,0.10229,0.075246,0.023604,0.26191,0.23957,0.48458,0.6843,-0.011989,0.13772,0.45226,0.49197,0.078055,0.46764,0.15684,0.53083,1,0.47347,0.57284,0.35851,0.22325,0.53969,0.13512,-0.051228,0.26094,0.34916,0.12616,0.32276,0.26671,0.19234,0.22595,0.47321,0.20447,0.048285,0.31021,0.30768,0.083535,0.019303,0.021812,0.16677,0.24363,0.41057,0.4051,0.5514,0.33493,-0.032697,0.07599,0.16214,0.38541,0.29713,0.58959,0.63575,0.27436,0.16568,0.24171,0.47286,0.19219,0.20299,0.12368,0.471,0.03936,0.041605,0.20626,0.089968,0.27523,0.20621,0.52826,0.52253,0.30245,0.20098,-0.14321,0.42084,0.17952,0.628,0.35566,0.19787,0.21784,0.27082,0.22514,0.32495,0.20233,0.35374
0.32507,0.060564,0.66785,0.48484,0.3282,0.34228,-0.088241,0.095631,0.15461,0.51266,0.68875,0.26804,0.26542,0.44911,0.5355,0.26854,0.40289,0.45148,0.73918,0.47347,1,0.5297,0.6406,0.23926,0.42222,0.4574,0.35851,0.53874,0.32254,0.0879,0.48762,0.22164,0.32975,0.46099,0.50985,0.44131,0.28784,0.57505,0.51625,0.076239,0.32965,0.091864,0.066031,0.059078,0.46709,0.41787,0.63229,0.35341,0.075715,0.16972,0.20577,0.2895,0.073526,0.3878,0.40763,0.44452,0.30204,0.36976,0.37835,0.17075,0.21205,0.51202,0.45295,0.20877,0.39235,0.14823,0.057855,0.31217,0.26627,0.61507,0.22034,0.27917,0.44674,0.090875,0.51468,0.15082,0.64958,0.51385,0.1412,0.51848,0.4797,0.38509,0.36706,0.28397,0.56735
0.24035,-0.087158,0.63934,0.2873,0.39292,-0.023809,-0.20448,0.16515,0.10411,0.29779,0.58306,0.24757,0.3752,0.68801,0.57599,0.13632,0.21473,-0.09503,0.38606,0.57284,0.5297,1,0.49451,0.22686,0.40583,0.35962,0.21838,0.36056,0.46157,0.34368,0.27711,0.29627,0.28471,0.31631,0.51334,0.34067,0.026285,0.5608,0.41722,0.362,0.27923,-0.16212,-0.046711,0.13807,0.37265,0.48221,0.43724,0.40082,-0.018325,-0.19371,0.31363,0.37875,-0.0028747,0.55705,0.59888,0.5933,0.17066,0.4108,0.5772,0.26864,-0.077202,0.54025,0.45539,0.31167,0.42897,-0.13274,0.20934,0.25186,0.056375,0.49574,0.24189,0.4728,0.16651,0.31997,0.37757,0.24777,0.63952,0.34436,0.11595,0.36283,0.38158,0.1912,0.28387,0.48198,0.52645
0.48391,-0.17195,0.59308,0.48256,0.48519,0.29397,0.21494,0.57814,0.22266,0.37224,0.36465,0.21417,0.26595,0.3118,0.52121,0.22578,0.39533,0.17908,0.47949,0.35851,0.6406,0.49451,1,0.22672,0.50728,0.41534,0.26928,0.36806,0.33178,0.19054,0.30505,0.23186,0.33964,0.22595,0.54581,0.26843,0.352,0.57748,0.54025,0.11325,0.2491,0.076033,0.20441,0.032956,0.37728,0.71066,0.49286,0.40076,0.030019,0.2261,0.28962,0.57811,0.21746,0.50624,0.46324,0.73275,0.070934,0.53078,0.44585,0.16839,0.30108,0.65987,0.64234,0.068865,0.082214,0.12923,0.079023,0.50882,0.34439,0.52704,0.06339,0.17639,0.33623,0.17113,0.4767,-0.19643,0.44917,0.63235,0.49945,0.52375,0.39231,0.49025,0.16132,0.40228,0.48169
0.46671,0.47036,0.47087,0.70394,0.66345,0.77126,-0.012202,-0.038158,0.58254,0.23813,0.44731,0.56556,0.65901,0.53551,0.54747,0.15318,0.66098,0.25306,0.44375,0.22325,0.23926,0.22686,0.22672,1,0.47144,0.36088,0.48846,0.5358,0.52519,0.72924,0.55805,0.70934,0.3136,0.43542,0.10396,0.57058,-0.080915,0.77963,0.75377,0.60487,0.70752,0.51843,0.60753,0.56029,0.70959,0.34317,0.34583,0.65364,0.71442,0.50019,0.47833,0.18018,0.4253,0.51081,0.46824,0.31531,0.58714,0.6232,0.53881,-0.23873,0.47148,0.52648,0.40499,0.57863,0.39791,0.19754,0.54558,0.5114,0.77518,0.53449,0.47747,0.2007,0.12334,0.62507,0.52399,0.45185,0.31686,0.54486,0.027012,0.61905,0.73446,0.46401,0.85347,0.57461,0.57076
0.71702,0.056816,0.48341,0.45474,0.13266,0.30044,0.21099,0.21065,0.22668,0.2671,0.38532,0.1894,0.39144,0.59905,0.49997,-0.014572,0.51803,0.14832,0.39351,0.53969,0.42222,0.40583,0.50728,0.47144,1,0.42726,0.35683,0.29909,0.19894,0.2956,0.36887,0.20457,0.40701,0.28155,0.33153,0.30853,0.089911,0.5463,0.51747,0.19519,0.25423,0.19308,0.34243,0.17592,0.5648,0.32801,0.38143,0.32948,0.2264,0.12751,0.5015,0.31695,0.31411,0.46093,0.48577,0.59805,0.61708,0.44309,0.55445,-0.1472,0.34462,0.43052,0.42499,0.27496,0.23674,0.19996,0.37553,0.49425,0.47807,0.4269,0.39893,0.40265,0.31624,0.169,0.36058,-0.049422,0.5309,0.48654,0.22746,0.49705,0.32428,0.34812,0.30384,0.27908,0.38589
0.51409,0.057655,0.50725,0.35564,0.33007,0.25006,-0.011452,0.30501,0.12674,0.58806,0.44053,0.6302,0.43435,0.62075,0.55535,0.45045,0.34938,0.67915,0.65742,0.13512,0.4574,0.35962,0.41534,0.36088,0.42726,1,0.61372,0.55893,0.19964,0.57988,0.47423,0.29208,0.25368,0.34812,0.70789,0.56986,0.41423,0.56083,0.56839,0.27595,0.59288,0.27043,0.10163,0.18397,0.49985,0.31028,0.66017,0.3635,0.29541,0.1987,0.24763,0.45795,0.099515,0.62819,0.56503,0.57714,0.42904,0.53983,0.34784,0.032106,0.19358,0.68227,0.31464,0.46502,0.59447,0.20061,0.24213,0.39915,0.45245,0.6001,0.20811,0.36982,0.64034,0.48768,0.70468,0.22176,0.55253,0.56968,0.44882,0.82724,0.5151,0.59742,0.32097,0.27085,0.69992
0.30208,0.13278,0.26045,0.3641,0.37835,0.38179,0.11142,0.24055,0.05614,-0.0098913,0.40209,0.20256,0.28909,0.39172,0.39816,-0.091192,0.2512,0.46314,0.47002,-0.051228,0.35851,0.21838,0.26928,0.48846,0.35683,0.61372,1,0.14608,0.022747,0.47865,0.46512,0.080937,-0.015604,0.30745,0.282,0.29289,-0.12547,0.47221,0.35673,0.17407,0.34738,-0.016464,0.19948,0.095227,0.45054,0.35077,0.4085,0.12676,0.24318,0.005947,0.36396,0.013579,-0.085079,0.4048,0.36886,0.57398,0.56689,0.47052,0.32709,-0.0041291,0.037464,0.4598,0.31052,0.30724,0.34438,0.19589,0.51983,0.46036,0.28049,0.46276,0.38276,0.33369,0.26053,0.28463,0.40084,0.21907,0.20393,0.48678,0.017082,0.58448,0.29647,0.27153,0.3843,0.26917,0.37264
0.43019,0.26735,0.72685,0.5029,0.61321,0.36432,-0.16144,-0.034898,0.36496,0.60651,0.35441,0.79759,0.49982,0.57095,0.54825,0.54612,0.56579,0.42994,0.6296,0.26094,0.53874,0.36056,0.36806,0.5358,0.29909,0.55893,0.14608,1,0.65362,0.44845,0.65928,0.61601,0.43272,0.57602,0.41155,0.84532,0.47922,0.72068,0.66422,0.45749,0.88898,0.34435,0.14037,0.41409,0.50409,0.26067,0.5,0.70413,0.36179,0.36122,0.33455,0.53711,0.1716,0.56368,0.51764,0.30257,0.35425,0.46125,0.48385,-0.10117,0.27134,0.60521,0.40505,0.50622,0.61125,0.14097,0.047741,0.35325,0.49094,0.56293,0.063188,0.022348,0.35163,0.56709,0.67677,0.30283,0.57227,0.43163,0.50061,0.56217,0.7406,0.45785,0.62015,0.55916,0.78707
0.38533,0.19804,0.66811,0.55333,0.72368,0.33261,-0.00050645,0.021452,0.5463,0.25235,0.47367,0.53048,0.58267,0.44325,0.61682,0.50339,0.60957,0.15615,0.41518,0.34916,0.32254,0.46157,0.33178,0.52519,0.19894,0.19964,0.022747,0.65362,1,0.39559,0.64647,0.53256,0.5243,0.54914,0.067058,0.55724,0.1235,0.73398,0.61585,0.65429,0.61777,0.19019,0.11946,0.46847,0.52235,0.35327,0.34741,0.76772,0.32278,0.23488,0.059685,0.37397,0.37607,0.5998,0.61213,0.10204,0.16404,0.60242,0.4398,-0.15176,0.13508,0.58562,0.52206,0.32502,0.26182,-0.047482,0.23535,0.14884,0.36401,0.38875,0.19702,0.28761,0.15027,0.46885,0.46623,0.59395,0.43615,0.51609,0.23263,0.42086,0.8169,0.4042,0.68154,0.58486,0.66358
0.39831,0.18625,0.48102,0.47502,0.62828,0.60055,-0.023322,0.21844,0.53786,0.37007,0.39966,0.71483,0.62693,0.62724,0.58922,0.34398,0.60814,0.30797,0.38905,0.12616,0.0879,0.34368,0.19054,0.72924,0.2956,0.57988,0.47865,0.44845,0.39559,1,0.44338,0.6411,0.35082,0.31025,0.31964,0.43716,0.15785,0.60723,0.55275,0.71121,0.68581,0.48601,0.57302,0.59155,0.65336,0.43231,0.48532,0.63753,0.70443,0.40463,0.46282,0.14079,0.39589,0.63897,0.5098,0.42053,0.33261,0.55445,0.4697,-0.23866,0.38713,0.55787,0.40652,0.60109,0.40767,0.18323,0.41353,0.47191,0.66367,0.54462,0.22677,0.41453,0.39562,0.7364,0.5928,0.50925,0.34307,0.52729,0.12806,0.68201,0.57507,0.40705,0.6263,0.54621,0.7014
0.38709,0.32862,0.66293,0.59395,0.62125,0.48686,-0.086075,0.16637,0.26787,0.2891,0.56426,0.52579,0.45173,0.64457,0.60168,0.48839,0.73482,0.6369,0.56949,0.32276,0.48762,0.27711,0.30505,0.55805,0.36887,0.47423,0.46512,0.65928,0.64647,0.44338,1,0.25711,0.56576,0.6192,0.18253,0.66116,0.2435,0.66766,0.45848,0.47079,0.70081,0.23256,0.23437,0.39053,0.75782,0.3461,0.61635,0.63447,0.33476,0.26653,0.3478,0.42143,0.20398,0.63447,0.59572,0.32296,0.57104,0.64791,0.49275,-0.14212,0.18059,0.5575,0.53347,0.20776,0.29801,0.31869,0.255,0.547,0.4651,0.59756,0.23812,0.12691,0.38266,0.27068,0.61372,0.39768,0.46009,0.66546,0.27604,0.51047,0.67587,0.56217,0.63763,0.51962,0.65679
0.42867,0.20024,0.51571,0.41172,0.54043,0.45577,0.099681,-0.050106,0.49738,0.57075,0.32788,0.55463,0.33357,0.38995,0.47396,0.16931,0.52988,0.058349,0.40545,0.26671,0.22164,0.29627,0.23186,0.70934,0.20457,0.29208,0.080937,0.61601,0.53256,0.6411,0.25711,1,0.20181,0.25359,0.40358,0.529,0.013774,0.56343,0.5906,0.51184,0.60845,0.39994,0.39213,0.45164,0.33834,0.38066,0.3101,0.6553,0.52028,0.3177,0.32994,0.22801,0.36365,0.52866,0.48668,0.1554,0.19068,0.31386,0.5263,-0.089102,0.47805,0.45698,0.32781,0.4793,0.39689,0.19769,0.26498,0.28684,0.63718,0.49885,0.32028,0.13002,0.118,0.64267,0.52581,0.42121,0.27696,0.35816,0.28262,0.4871,0.61641,0.34771,0.72308,0.59975,0.65622
0.26111,0.17713,0.47749,0.56662,0.36994,0.43094,-0.098154,-0.013317,0.44359,0.36087,0.31273,0.58132,0.45618,0.57594,0.51508,0.57718,0.65326,0.25007,0.113,0.19234,0.32975,0.28471,0.33964,0.3136,0.40701,0.25368,-0.015604,0.43272,0.5243,0.35082,0.56576,0.20181,1,0.35724,0.04851,0.47876,0.43101,0.56323,0.38795,0.46592,0.52183,0.52501,0.34566,0.38436,0.55037,0.23129,0.38975,0.48911,0.35008,0.23148,0.1684,0.28596,0.4932,0.33048,0.32229,0.1779,0.35937,0.53738,0.21179,-0.12583,0.31938,0.51987,0.3164,0.1036,0.16362,0.076881,0.18533,0.33773,0.49163,0.29003,-0.14892,0.26812,0.47985,0.26228,0.38167,0.1264,0.30131,0.4271,0.099389,0.4031,0.50886,0.44494,0.32472,0.34768,0.47335
0.23379,0.012315,0.57801,0.63437,0.45481,0.45044,-0.36457,0.12324,0.33649,0.19198,0.2853,0.56495,0.60064,0.34692,0.69167,0.23618,0.52906,0.47695,0.58872,0.22595,0.46099,0.31631,0.22595,0.43542,0.28155,0.34812,0.30745,0.57602,0.54914,0.31025,0.6192,0.25359,0.35724,1,0.094394,0.42913,0.23485,0.52924,0.568,0.3661,0.56537,0.34275,0.15383,0.582,0.58741,0.22639,0.33076,0.49823,0.35796,0.34688,0.30485,0.36611,0.15816,0.43936,0.47255,0.24133,0.41113,0.63025,0.59786,0.1516,0.22707,0.53739,0.39852,0.54529,0.50391,-0.18323,0.2009,0.30117,0.34827,0.60905,0.44235,0.15835,0.56536,0.21102,0.50282,0.4979,0.53003,0.50526,0.040642,0.50345,0.70024,0.27668,0.63066,0.41655,0.39529
0.39047,-0.18034,0.49619,0.089496,0.15011,-0.040274,0.11544,0.46464,-0.0099922,0.78833,0.44086,0.27078,0.0021593,0.42883,0.45265,0.15744,0.19424,0.39384,0.60957,0.47321,0.50985,0.51334,0.54581,0.10396,0.33153,0.70789,0.282,0.41155,0.067058,0.31964,0.18253,0.40358,0.04851,0.094394,1,0.40603,0.28372,0.31768,0.33258,-0.056199,0.2448,0.0038515,0.016648,0.0093038,0.18895,0.54033,0.67159,0.2211,-0.081249,-0.033976,0.16412,0.53702,0.023869,0.65379,0.63079,0.58208,0.093092,0.25151,0.39741,0.38397,0.1945,0.48749,0.38794,0.13004,0.34733,0.24869,-0.041094,0.31534,0.25105,0.65711,0.23371,0.17594,0.46398,0.17116,0.6491,-0.04493,0.49637,0.43157,0.57631,0.57131,0.24358,0.42217,0.17592,0.23837,0.55899
0.42507,0.42121,0.59255,0.48266,0.62862,0.31307,-0.15147,-0.088376,0.2989,0.54983,0.34926,0.73677,0.39718,0.601,0.44287,0.42791,0.48517,0.43969,0.5034,0.20447,0.44131,0.34067,0.26843,0.57058,0.30853,0.56986,0.29289,0.84532,0.55724,0.43716,0.66116,0.529,0.47876,0.42913,0.40603,1,0.38294,0.75634,0.60975,0.3481,0.85108,0.28043,0.040623,0.40547,0.47414,0.27629,0.56049,0.48467,0.31998,0.20238,0.23131,0.50219,0.041198,0.59373,0.60274,0.27686,0.561,0.46443,0.34056,-0.085765,0.247,0.5783,0.32793,0.38217,0.54947,0.20898,0.25004,0.41688,0.55627,0.58082,0.095138,0.038113,0.29406,0.40497,0.72011,0.24249,0.45792,0.36989,0.43032,0.54764,0.64045,0.4922,0.61495,0.4126,0.67082
0.27865,-0.053839,0.33071,0.1273,0.26424,0.22571,-0.022986,0.20295,0.10268,0.44944,0.047715,0.56851,0.19093,0.17364,0.18107,0.66531,0.31361,0.43696,0.23022,0.048285,0.28784,0.026285,0.352,-0.080915,0.089911,0.41423,-0.12547,0.47922,0.1235,0.15785,0.2435,0.013774,0.43101,0.23485,0.28372,0.38294,1,0.23409,0.25659,0.13612,0.38407,0.37122,-0.039674,0.21235,0.26077,-0.0052334,0.43234,0.16418,0.28713,0.45679,0.04365,0.5278,-0.014098,0.27877,0.16088,0.09288,0.11856,0.09481,-0.034381,-0.017923,0.32393,0.19227,-0.0025117,0.13181,0.097179,0.29551,-0.093946,0.20051,0.36027,0.2287,-0.36035,-0.013478,0.58591,0.10423,0.43628,-0.15893,0.28393,0.1015,0.46941,0.28989,0.23863,0.40073,0.0049084,0.095135,0.3847
0.5519,0.34832,0.7193,0.74351,0.7938,0.60543,0.0021931,0.051213,0.55432,0.39154,0.59263,0.67474,0.73669,0.65948,0.67493,0.43934,0.63137,0.31336,0.57774,0.31021,0.57505,0.5608,0.57748,0.77963,0.5463,0.56083,0.47221,0.72068,0.73398,0.60723,0.66766,0.56343,0.56323,0.52924,0.31768,0.75634,0.23409,1,0.87559,0.58948,0.77913,0.3664,0.35115,0.43148,0.72876,0.47476,0.56127,0.68661,0.52214,0.36937,0.33681,0.41717,0.34144,0.65029,0.62961,0.49786,0.5302,0.74101,0.49619,-0.14525,0.35239,0.77654,0.56175,0.51348,0.4817,0.10743,0.44556,0.44267,0.64315,0.61518,0.23598,0.35259,0.32338,0.61726,0.66262,0.3781,0.52862,0.66042,0.21919,0.75906,0.86206,0.59778,0.73939,0.62149,0.78179
0.51794,0.38988,0.69722,0.81645,0.65717,0.63091,-0.074548,0.082601,0.59207,0.4253,0.48828,0.67017,0.81272,0.49044,0.65607,0.40689,0.6024,0.35484,0.6107,0.30768,0.51625,0.41722,0.54025,0.75377,0.51747,0.56839,0.35673,0.66422,0.61585,0.55275,0.45848,0.5906,0.38795,0.568,0.33258,0.60975,0.25659,0.87559,1,0.57665,0.67732,0.55778,0.35328,0.56973,0.68939,0.41447,0.40801,0.70164,0.60303,0.5329,0.31653,0.4543,0.44062,0.55656,0.55921,0.44386,0.43952,0.7616,0.51563,-0.064385,0.55044,0.71456,0.52387,0.7285,0.60097,-0.078353,0.43543,0.3729,0.68977,0.64304,0.3424,0.3772,0.36808,0.57463,0.57366,0.43722,0.61059,0.599,0.14438,0.75687,0.86846,0.5704,0.68116,0.53654,0.68429
0.21792,0.46133,0.61682,0.56286,0.66302,0.49031,-0.079215,-0.066232,0.40832,0.046491,0.34384,0.61122,0.71805,0.58576,0.47014,0.48279,0.6296,0.05088,0.10996,0.083535,0.076239,0.362,0.11325,0.60487,0.19519,0.27595,0.17407,0.45749,0.65429,0.71121,0.47079,0.51184,0.46592,0.3661,-0.056199,0.3481,0.13612,0.58948,0.57665,1,0.61757,0.40036,0.2482,0.61517,0.64891,0.20244,0.1053,0.82082,0.69741,0.28989,0.45072,0.17322,0.31327,0.42482,0.36698,0.20401,0.33568,0.53871,0.50189,-0.31796,0.3631,0.46806,0.33556,0.6749,0.47337,-0.062444,0.48237,0.26384,0.4863,0.30132,0.013872,0.49107,0.086435,0.71365,0.17413,0.64944,0.37898,0.30264,-0.088182,0.33592,0.63868,0.31226,0.54633,0.72723,0.67343
0.35713,0.37795,0.61282,0.61348,0.72582,0.52909,-0.22504,-0.058203,0.46112,0.43898,0.27659,0.91399,0.63454,0.63326,0.5599,0.53658,0.6047,0.43031,0.47743,0.019303,0.32965,0.27923,0.2491,0.70752,0.25423,0.59288,0.34738,0.88898,0.61777,0.68581,0.70081,0.60845,0.52183,0.56537,0.2448,0.85108,0.38407,0.77913,0.67732,0.61757,1,0.49008,0.31186,0.54212,0.59341,0.2602,0.43349,0.70374,0.55169,0.39691,0.41634,0.41131,0.23965,0.53475,0.46388,0.33295,0.47378,0.60782,0.44698,-0.19398,0.28947,0.66952,0.37295,0.59257,0.63291,0.10291,0.26069,0.46873,0.60526,0.52927,0.045928,0.073665,0.34502,0.71369,0.66012,0.37933,0.41437,0.46315,0.34543,0.62966,0.76419,0.47291,0.67846,0.60213,0.74908
0.1674,0.36533,0.24385,0.64652,0.21759,0.72021,-0.25277,-0.11311,0.5976,0.43581,0.1406,0.64575,0.55961,0.23171,0.33844,0.50628,0.56202,0.39978,0.20241,0.021812,0.091864,-0.16212,0.076033,0.51843,0.19308,0.27043,-0.016464,0.34435,0.19019,0.48601,0.23256,0.39994,0.52501,0.34275,0.0038515,0.28043,0.37122,0.3664,0.55778,0.40036,0.49008,1,0.66465,0.58702,0.49457,0.017994,0.18729,0.43527,0.713,0.71502,0.20788,0.16306,0.69215,0.099705,0.036363,-0.033028,0.25443,0.48028,0.11438,-0.13607,0.70102,0.2659,0.13113,0.45569,0.30611,0.032567,0.20574,0.30487,0.69441,0.32843,0.078949,0.048434,0.48979,0.3651,0.33811,0.25303,0.15046,0.332,-0.088429,0.46565,0.54536,0.45513,0.38337,0.22321,0.29348
0.19763,0.11028,0.13605,0.47958,0.22669,0.726,0.04193,0.1349,0.66799,0.28212,0.24608,0.31262,0.43385,0.20793,0.35481,0.13308,0.51564,0.18285,0.24034,0.16677,0.066031,-0.046711,0.20441,0.60753,0.34243,0.10163,0.19948,0.14037,0.11946,0.57302,0.23437,0.39213,0.34566,0.15383,0.016648,0.040623,-0.039674,0.35115,0.35328,0.2482,0.31186,0.66465,1,0.35515,0.48283,0.32571,0.26364,0.39342,0.5239,0.57556,0.3164,-0.11284,0.77339,0.16773,0.047588,0.22039,0.091358,0.40769,0.18712,-0.21476,0.48468,0.23141,0.38195,0.1712,-0.039711,0.16885,0.073084,0.35645,0.53217,0.2953,0.18351,0.015992,0.28311,0.36759,0.31201,0.10086,-0.0088314,0.51671,-0.10252,0.46328,0.37051,0.27508,0.42202,0.26221,0.24294
0.15328,0.32343,0.51188,0.64828,0.53298,0.52145,-0.26133,0.16362,0.6657,0.2162,0.18475,0.63524,0.62685,0.3042,0.59002,0.20458,0.70077,0.30409,0.31312,0.24363,0.059078,0.13807,0.032956,0.56029,0.17592,0.18397,0.095227,0.41409,0.46847,0.59155,0.39053,0.45164,0.38436,0.582,0.0093038,0.40547,0.21235,0.43148,0.56973,0.61517,0.54212,0.58702,0.35515,1,0.55994,0.37821,0.21234,0.6082,0.55994,0.43321,0.2791,0.19499,0.42922,0.4887,0.50507,0.1464,0.27525,0.57837,0.44382,-0.034147,0.50377,0.34722,0.43742,0.67157,0.41514,-0.24912,0.3628,0.33825,0.55802,0.54845,0.29439,0.35351,0.34309,0.24462,0.40467,0.57772,0.47213,0.27523,-0.071478,0.35519,0.52585,0.084774,0.61089,0.35556,0.38312
0.43976,0.40684,0.68638,0.72679,0.62066,0.75232,-0.15016,0.23462,0.39971,0.28928,0.61964,0.56279,0.77321,0.68134,0.61687,0.46925,0.75682,0.52767,0.54052,0.41057,0.46709,0.37265,0.37728,0.70959,0.5648,0.49985,0.45054,0.50409,0.52235,0.65336,0.75782,0.33834,0.55037,0.58741,0.18895,0.47414,0.26077,0.72876,0.68939,0.64891,0.59341,0.49457,0.48283,0.55994,1,0.40695,0.60076,0.72174,0.70427,0.58874,0.49059,0.33949,0.36728,0.60495,0.54305,0.43432,0.58951,0.71018,0.57644,-0.24987,0.53336,0.59889,0.55935,0.52432,0.35153,0.2154,0.32593,0.53237,0.72644,0.69765,0.30379,0.35796,0.50196,0.39258,0.54756,0.48621,0.6136,0.73592,-0.027706,0.65453,0.72894,0.65926,0.67778,0.51931,0.65723
0.27691,-0.090413,0.58315,0.47635,0.56788,0.27076,0.10742,0.7161,0.39654,0.35083,0.36113,0.20594,0.26144,0.30659,0.60388,-0.032819,0.47415,0.19741,0.494,0.4051,0.41787,0.48221,0.71066,0.34317,0.32801,0.31028,0.35077,0.26067,0.35327,0.43231,0.3461,0.38066,0.23129,0.22639,0.54033,0.27629,-0.0052334,0.47476,0.41447,0.20244,0.2602,0.017994,0.32571,0.37821,0.40695,1,0.51822,0.49965,0.01512,0.099323,0.28157,0.31499,0.29675,0.66579,0.65909,0.72387,-0.034479,0.58823,0.53639,0.16292,0.27989,0.6494,0.86604,0.15172,0.10949,-0.060555,0.051396,0.51321,0.33016,0.71252,0.22742,0.26953,0.27203,0.10162,0.52573,0.12655,0.46534,0.67046,0.30359,0.4865,0.31866,0.23994,0.35585,0.37237,0.45288
0.53094,-0.071391,0.53019,0.2992,0.43659,0.39324,0.034829,0.42266,0.30542,0.7123,0.73023,0.45013,0.26394,0.55201,0.59608,0.43859,0.51599,0.69572,0.77932,0.5514,0.63229,0.43724,0.49286,0.34583,0.38143,0.66017,0.4085,0.5,0.34741,0.48532,0.61635,0.3101,0.38975,0.33076,0.67159,0.56049,0.43234,0.56127,0.40801,0.1053,0.43349,0.18729,0.26364,0.21234,0.60076,0.51822,1,0.32727,0.2316,0.34755,0.060364,0.39042,0.19163,0.76862,0.69107,0.3913,0.28404,0.40482,0.26645,0.040225,0.21542,0.51251,0.45833,0.063317,0.11301,0.49079,0.047429,0.42292,0.51581,0.71936,0.30656,0.2624,0.67912,0.13567,0.89055,0.21609,0.56344,0.68614,0.40951,0.7218,0.48329,0.6169,0.48841,0.15052,0.65333
0.33954,0.39023,0.82117,0.70241,0.70122,0.52868,-0.086065,0.16027,0.50852,0.36809,0.4393,0.63224,0.7018,0.58961,0.62739,0.50878,0.76014,0.24697,0.45131,0.33493,0.35341,0.40082,0.40076,0.65364,0.32948,0.3635,0.12676,0.70413,0.76772,0.63753,0.63447,0.6553,0.48911,0.49823,0.2211,0.48467,0.16418,0.68661,0.70164,0.82082,0.70374,0.43527,0.39342,0.6082,0.72174,0.49965,0.32727,1,0.54724,0.41798,0.48257,0.3832,0.49433,0.58173,0.53041,0.38337,0.22021,0.68127,0.67355,-0.23476,0.47495,0.65594,0.6821,0.59707,0.4907,-0.033544,0.17576,0.40021,0.54982,0.58236,0.11926,0.28946,0.22208,0.62915,0.41711,0.56684,0.57209,0.61408,0.18155,0.4974,0.77983,0.46734,0.64489,0.76232,0.78957
0.33554,0.46604,0.34546,0.53797,0.53035,0.83643,-0.044213,-0.13095,0.44366,0.17777,0.25768,0.62178,0.67394,0.3347,0.26644,0.4362,0.56579,0.27797,0.19524,-0.032697,0.075715,-0.018325,0.030019,0.71442,0.2264,0.29541,0.24318,0.36179,0.32278,0.70443,0.33476,0.52028,0.35008,0.35796,-0.081249,0.31998,0.28713,0.52214,0.60303,0.69741,0.55169,0.713,0.5239,0.55994,0.70427,0.01512,0.2316,0.54724,1,0.73643,0.39585,0.051728,0.33907,0.26061,0.14452,0.0023801,0.47003,0.36579,0.27913,-0.44484,0.69832,0.28989,0.10284,0.62968,0.29166,0.26022,0.4172,0.27815,0.80824,0.35278,0.11081,0.21917,0.34225,0.58643,0.31065,0.49603,0.17232,0.34741,-0.18131,0.48595,0.61788,0.5143,0.6213,0.45519,0.49526
0.27991,0.2074,0.20157,0.46824,0.41013,0.79837,-0.14229,0.15021,0.49952,0.29437,0.17761,0.50634,0.56772,0.041688,0.22471,0.47973,0.4444,0.44362,0.37828,0.07599,0.16972,-0.19371,0.2261,0.50019,0.12751,0.1987,0.005947,0.36122,0.23488,0.40463,0.26653,0.3177,0.23148,0.34688,-0.033976,0.20238,0.45679,0.36937,0.5329,0.28989,0.39691,0.71502,0.57556,0.43321,0.58874,0.099323,0.34755,0.41798,0.73643,1,0.1219,0.20003,0.43023,0.18153,0.043255,-0.022833,0.097146,0.32846,0.084215,-0.29884,0.61073,0.2343,0.18137,0.3634,0.0081261,0.23065,-0.050784,0.24249,0.7091,0.34509,0.098744,-0.10834,0.43785,0.28477,0.42372,0.21436,0.2222,0.45113,0.023429,0.46681,0.53148,0.54608,0.45093,0.11193,0.27733
0.29674,0.27763,0.54399,0.46629,0.34545,0.34447,-0.15668,0.099821,-0.066362,0.033079,0.072766,0.27376,0.29185,0.55648,0.24137,-0.021465,0.44642,-0.028462,0.13358,0.16214,0.20577,0.31363,0.28962,0.47833,0.5015,0.24763,0.36396,0.33455,0.059685,0.46282,0.3478,0.32994,0.1684,0.30485,0.16412,0.23131,0.04365,0.33681,0.31653,0.45072,0.41634,0.20788,0.3164,0.2791,0.49059,0.28157,0.060364,0.48257,0.39585,0.1219,1,0.30049,0.0069228,0.24269,0.18265,0.59579,0.52978,0.33689,0.77243,-0.18114,0.44888,0.28556,0.39884,0.46975,0.45272,0.17129,0.34201,0.73973,0.37305,0.46259,0.12116,0.018347,0.052968,0.34413,0.11882,0.049021,0.29747,0.27829,0.11108,0.14845,0.20801,0.20856,0.22285,0.68305,0.35346
0.38327,0.037395,0.55579,0.34887,0.39172,0.058212,-0.099339,0.41905,-0.063069,0.42327,0.17227,0.38727,0.20509,0.40168,0.39963,0.41132,0.34556,0.29997,0.33337,0.38541,0.2895,0.37875,0.57811,0.18018,0.31695,0.45795,0.013579,0.53711,0.37397,0.14079,0.42143,0.22801,0.28596,0.36611,0.53702,0.50219,0.5278,0.41717,0.4543,0.17322,0.41131,0.16306,-0.11284,0.19499,0.33949,0.31499,0.39042,0.3832,0.051728,0.20003,0.30049,1,-0.019614,0.57774,0.5656,0.45163,0.27266,0.48052,0.51602,0.33894,0.26485,0.47244,0.34062,0.1464,0.2584,0.18241,0.10002,0.51463,0.34425,0.5222,0.12597,-0.14613,0.29069,0.11176,0.50694,-0.13833,0.43817,0.36797,0.68177,0.31875,0.42769,0.60037,0.17363,0.44551,0.39961
0.25255,0.11212,0.2483,0.55051,0.12477,0.48324,0.06463,0.083622,0.79926,0.3892,0.3034,0.31798,0.46583,0.18067,0.45946,0.3378,0.57154,0.19154,0.25591,0.29713,0.073526,-0.0028747,0.21746,0.4253,0.31411,0.099515,-0.085079,0.1716,0.37607,0.39589,0.20398,0.36365,0.4932,0.15816,0.023869,0.041198,-0.014098,0.34144,0.44062,0.31327,0.23965,0.69215,0.77339,0.42922,0.36728,0.29675,0.19163,0.49433,0.33907,0.43023,0.0069228,-0.019614,1,0.20384,0.17401,0.058679,-0.086447,0.52344,0.10278,-0.17449,0.42762,0.27873,0.45228,0.16521,0.026166,-0.096147,0.081573,0.15164,0.3996,0.21397,0.18567,0.25331,0.30264,0.28489,0.25846,0.28047,0.14597,0.49895,-0.031055,0.42782,0.47266,0.26423,0.31507,0.17114,0.28697
0.62258,-0.028886,0.70671,0.39235,0.63224,0.29018,0.19096,0.55387,0.37866,0.54422,0.60298,0.50109,0.38345,0.60471,0.76641,0.28697,0.66434,0.46834,0.67104,0.58959,0.3878,0.55705,0.50624,0.51081,0.46093,0.62819,0.4048,0.56368,0.5998,0.63897,0.63447,0.52866,0.33048,0.43936,0.65379,0.59373,0.27877,0.65029,0.55656,0.42482,0.53475,0.099705,0.16773,0.4887,0.60495,0.66579,0.76862,0.58173,0.26061,0.18153,0.24269,0.57774,0.20384,1,0.96344,0.52959,0.34498,0.58654,0.60811,0.1067,0.24309,0.63105,0.61229,0.30446,0.25223,0.28613,0.32485,0.48166,0.53205,0.75466,0.44624,0.41355,0.46374,0.31273,0.81498,0.36897,0.6158,0.64258,0.54148,0.67281,0.58939,0.49686,0.63611,0.48294,0.75101
0.5758,0.0017245,0.70371,0.41804,0.55612,0.18151,0.13356,0.48908,0.34704,0.50263,0.58955,0.42167,0.35473,0.5853,0.77381,0.17298,0.61555,0.41335,0.64681,0.63575,0.40763,0.59888,0.46324,0.46824,0.48577,0.56503,0.36886,0.51764,0.61213,0.5098,0.59572,0.48668,0.32229,0.47255,0.63079,0.60274,0.16088,0.62961,0.55921,0.36698,0.46388,0.036363,0.047588,0.50507,0.54305,0.65909,0.69107,0.53041,0.14452,0.043255,0.18265,0.5656,0.17401,0.96344,1,0.50291,0.37703,0.60299,0.62626,0.1973,0.19573,0.62587,0.61206,0.3086,0.31085,0.13827,0.36334,0.42465,0.45626,0.75342,0.52897,0.45877,0.40699,0.19575,0.75048,0.3945,0.66205,0.5853,0.4642,0.60969,0.5647,0.41131,0.62112,0.42349,0.66408
0.3252,-0.065074,0.55446,0.42768,0.39092,0.15894,-0.0041375,0.59764,0.067357,0.21097,0.26681,0.24685,0.35109,0.55237,0.53776,-0.03938,0.30085,0.15696,0.41695,0.27436,0.44452,0.5933,0.73275,0.31531,0.59805,0.57714,0.57398,0.30257,0.10204,0.42053,0.32296,0.1554,0.1779,0.24133,0.58208,0.27686,0.09288,0.49786,0.44386,0.20401,0.33295,-0.033028,0.22039,0.1464,0.43432,0.72387,0.3913,0.38337,0.0023801,-0.022833,0.59579,0.45163,0.058679,0.52959,0.50291,1,0.2674,0.587,0.63555,0.18774,0.13966,0.67827,0.66028,0.32514,0.39412,-0.061251,0.17654,0.62827,0.22806,0.59433,0.15533,0.2772,0.25477,0.28236,0.39769,-0.12517,0.53126,0.54944,0.34381,0.51564,0.23001,0.25925,0.13719,0.44182,0.4395
0.45904,0.47614,0.38375,0.46362,0.28454,0.42282,-0.0029588,-0.18295,-0.023279,0.076376,0.32547,0.3412,0.32236,0.59645,0.30013,0.070352,0.47953,0.33754,0.2322,0.16568,0.30204,0.17066,0.070934,0.58714,0.61708,0.42904,0.56689,0.35425,0.16404,0.33261,0.57104,0.19068,0.35937,0.41113,0.093092,0.561,0.11856,0.5302,0.43952,0.33568,0.47378,0.25443,0.091358,0.27525,0.58951,-0.034479,0.28404,0.22021,0.47003,0.097146,0.52978,0.27266,-0.086447,0.34498,0.37703,0.2674,1,0.36363,0.44819,-0.13365,0.34466,0.28028,0.0571,0.37291,0.4231,0.36163,0.67221,0.5153,0.55591,0.40257,0.35149,0.21043,0.21694,0.19696,0.31583,0.16049,0.28527,0.23572,0.015193,0.35943,0.38666,0.40534,0.48207,0.38122,0.35976
0.32315,0.24452,0.63715,0.87424,0.61434,0.52257,-0.22128,0.36242,0.52191,0.2541,0.42423,0.57518,0.74566,0.55331,0.77172,0.37483,0.64179,0.45148,0.50689,0.24171,0.36976,0.4108,0.53078,0.6232,0.44309,0.53983,0.47052,0.46125,0.60242,0.55445,0.64791,0.31386,0.53738,0.63025,0.25151,0.46443,0.09481,0.74101,0.7616,0.53871,0.60782,0.48028,0.40769,0.57837,0.71018,0.58823,0.40482,0.68127,0.36579,0.32846,0.33689,0.48052,0.52344,0.58654,0.60299,0.587,0.36363,1,0.57253,0.08312,0.33413,0.81413,0.70859,0.49577,0.47402,-0.21142,0.38942,0.56112,0.50735,0.66562,0.35521,0.33822,0.43233,0.39559,0.54147,0.40972,0.52911,0.77467,0.13452,0.69519,0.76062,0.54016,0.53111,0.51087,0.52967
