0.001346,0.0018632,0.00077811,0.0024346,2.8882e-05,0.00018484,0.00010499,0.0010145,0.0027047,0.0011607,0.00031096,0.00091103,0.0022762,0.0018581,0.0012036,-0.00062909,0.0020954,0.0012357,9.2398e-05,0.0015456,-0.00033084,0.001027,0.00010403,0.00085964,0.00096687,0.00051833,0.00042421,0.00026181,0.00017971,0.00016076,-3.8201e-05,0.0013067,-5.6466e-06,0.00026258,-0.00019682,0.0012767,0.00066213,0.0019894,0.0024661,0.00011637,0.00059693,0.0018012,0.0022263,0.0014873,0.00092067,6.6435e-06,0.00033102,0.0012618,0.0022361,-0.00036829,0.0021136,0.0015799,-0.00021678,0.0010946,0.00097607,0.00072286,0.00018712,0.0027281,0.0026448,0.0019106,0.00014014,0.0017522,0.00020844,0.0023539,0.00012541,0.00061184,0.001671,0.0015983,0.00022248,0.0013928,0.00038148,0.0021074,-0.00057431,0.0023957,0.00077251,0.001735,0.0010301,0.00056485,0.0006181,-2.4329e-05,0.0017537,0.00019023,0.00027435,0.0018085,0.00087216
0.0018632,0.0027257,0.0010755,0.0034959,-1.4143e-05,0.00019041,8.56e-05,0.0014124,0.0038831,0.0015758,0.00040733,0.0012882,0.0032558,0.002629,0.0017462,-0.00091252,0.0029725,0.0017508,0.00010542,0.0021638,-0.00050744,0.0013715,8.3083e-05,0.0011396,0.0013042,0.00068825,0.00060477,0.00028474,0.00017785,0.00018301,-0.00019345,0.0016804,-0.0001069,0.00023787,-0.00033589,0.0017776,0.00094982,0.0028509,0.0034997,6.5543e-05,0.00081673,0.0025708,0.0032188,0.0020871,0.0012656,-4.8069e-05,0.00045053,0.0017769,0.0031272,-0.00051663,0.0029989,0.0021844,-0.00026711,0.0015557,0.0013697,0.00099367,0.0002501,0.0038974,0.0038128,0.0027242,0.00014279,0.0024352,0.00024085,0.0032718,5.0206e-05,0.00081826,0.0024125,0.0022663,0.00027282,0.0019636,0.00054075,0.0029476,-0.00082079,0.0033935,0.0010858,0.0024587,0.0014154,0.00076568,0.00082036,-7.7113e-05,0.0025246,0.00026556,0.00017777,0.0025854,0.0011587
0.00077811,0.0010755,0.0006487,0.0015724,0.00013273,0.00021979,0.00013212,0.00056962,0.0017191,0.00068153,0.00034099,0.00059505,0.0014476,0.0010569,0.00068995,-0.00037678,0.0012495,0.00071646,0.00028349,0.00090276,-0.00013499,0.00062698,0.00014491,0.00063421,0.0006564,0.00035418,0.00030264,0.00023139,0.00017317,0.00013014,0.00018988,0.0010046,3.5237e-05,0.00029314,-4.929e-05,0.00076785,0.00042176,0.0011278,0.0016231,0.00012287,0.00043831,0.0010468,0.0013616,0.00091075,0.00062484,8.6486e-05,0.0001797,0.00081788,0.0013718,-0.00021954,0.0012189,0.00088202,6.9527e-05,0.00073474,0.00068105,0.00044738,0.00014945,0.0017127,0.0015215,0.0013056,0.00014332,0.0010545,0.00021342,0.0014369,0.00023679,0.00042113,0.00094452,0.00089833,0.0001916,0.00084792,0.00030436,0.0012333,-0.00026123,0.0013987,0.00041707,0.00106,0.00073603,0.00041915,0.00045645,-1.7377e-05,0.0012155,8.4909e-05,0.0002094,0.0010516,0.00060311
0.0024346,0.0034959,0.0015724,0.0050084,0.00014266,0.00028893,0.00026305,0.0019439,0.0052881,0.0020898,0.00078387,0.0018467,0.0045524,0.0035357,0.0023696,-0.001183,0.0039994,0.0023255,0.00041304,0.0029239,-0.00072962,0.0018866,0.00020213,0.0018838,0.0018577,0.00097044,0.00086643,0.00049972,0.00028519,0.00037105,8.601e-05,0.0026317,-1.2101e-05,0.00045184,-0.00038622,0.0024222,0.0012609,0.0037423,0.0050252,0.00024852,0.0012588,0.0033492,0.0043885,0.0028337,0.001837,-6.9749e-07,0.00054847,0.0024693,0.0042655,-0.00095612,0.0039591,0.002896,-0.00016107,0.0022377,0.0019836,0.0014157,0.00039319,0.0054775,0.0050538,0.0039531,0.00024903,0.0033111,0.00041324,0.0044329,0.00024019,0.0012484,0.0032525,0.0030215,0.00040609,0.0026317,0.00080863,0.0038776,-0.0010945,0.0046797,0.0014511,0.0033162,0.0020981,0.0011413,0.0012021,-5.117e-05,0.0035861,0.00035187,0.00031342,0.0034939,0.0016705
2.8882e-05,-1.4143e-05,0.00013273,0.00014266,0.00011319,0.00013386,8.4634e-05,1.0543e-05,0.00012368,3.5156e-05,0.00013547,5.3305e-05,9.6376e-05,1.9751e-05,2.8238e-05,-2.9204e-06,5.8757e-05,2.049e-05,0.00018399,2.7219e-05,3.9553e-05,6.2619e-05,8.6348e-05,0.0001768,7.6818e-05,5.642e-05,2.4249e-05,8.0776e-05,7.9053e-05,6.948e-05,0.00023821,0.00030227,7.3492e-05,0.00014443,4.4965e-05,5.0446e-05,3.122e-05,-7.8342e-06,0.00015604,0.00011186,8.8669e-05,4.7809e-05,9.3909e-05,6.1144e-05,0.000116,7.3312e-05,8.2614e-06,9.2852e-05,0.00012009,-1.4852e-05,2.6443e-05,1.4483e-05,0.00013338,8.1993e-05,9.1861e-05,4.7564e-05,4.5985e-05,0.00011775,-2.831e-06,0.00012414,6.4354e-05,5.5293e-05,8.5144e-05,0.00010145,0.00016329,9.2628e-05,1.2386e-05,2.5978e-05,8.067e-05,4.9842e-05,5.7235e-05,3.8702e-05,2.9918e-05,5.9124e-05,1.0047e-05,6.4805e-05,0.00013169,8.3049e-05,9.8706e-05,3.1719e-05,0.00015519,-1.7098e-05,7.9598e-05,3.9568e-05,0.00011653
0.00018484,0.00019041,0.00021979,0.00028893,0.00013386,0.00066519,0.00010589,0.00010651,0.00062518,0.00015837,0.00020171,6.7885e-05,0.0002567,0.00021085,0.00018245,-0.00012607,0.00026902,0.00022271,0.00014123,0.00016308,-9.8934e-06,0.00017408,7.5417e-05,0.00034435,0.00014279,0.00011299,-6.1298e-07,7.1315e-05,0.00015761,0.00034836,0.00037456,0.00084261,1.1915e-05,0.00035422,-5.353e-05,0.00015153,0.00011769,0.00023049,0.00029006,0.0001532,0.0001279,0.00064462,0.00054518,0.00024203,0.00030841,5.3862e-05,0.00011233,0.0003422,0.00059187,0.00051412,0.00017463,0.00025097,0.00036489,0.00014367,0.00014716,0.00013892,9.2335e-05,0.00032591,0.000328,0.00027452,0.0001852,0.00017182,9.8264e-05,0.00043714,0.00029289,0.00024124,0.00017417,0.00021185,0.00035083,0.00019631,8.2522e-05,0.0003771,5.2041e-06,0.00045639,0.0001576,0.00037609,0.00030103,8.1547e-05,0.00016796,4.3233e-05,0.00040053,-5.8033e-05,0.00015145,0.00025338,0.00024356
0.00010499,8.56e-05,0.00013212,0.00026305,8.4634e-05,0.00010589,0.00020051,8.8107e-05,0.00015023,0.00011477,0.00011624,5.4098e-05,0.00019188,8.5632e-05,0.00010648,1.0353e-05,0.00016688,0.00011689,0.00013744,9.6321e-05,1.8441e-05,9.4353e-05,0.00011106,0.00018407,9.6011e-05,7.5745e-05,6.0321e-05,5.8518e-05,4.5686e-05,6.7825e-05,0.00019541,0.00034032,0.00012375,0.00011975,3.0196e-05,8.357e-05,2.7213e-05,6.5129e-05,0.00024853,0.00013773,9.2333e-05,8.2635e-05,5.088e-05,0.00010204,0.00014059,4.1612e-05,5.5523e-05,0.00013719,0.00018606,-0.00012532,0.00015065,9.328e-05,8.7622e-05,0.00012954,0.00013466,8.5837e-05,7.3847e-05,0.00022542,0.00014362,0.00023649,4.5306e-05,0.0001357,6.1162e-05,0.00019446,0.00015653,0.0001264,0.00012574,9.6571e-05,3.6037e-05,9.5903e-05,9.1795e-05,0.00017407,2.1469e-05,0.00015649,8.7679e-05,0.0001223,0.00014884,9.8546e-05,0.00012057,8.3993e-05,0.00019671,-7.0389e-06,0.00012242,7.3806e-05,0.00014049
0.0010145,0.0014124,0.00056962,0.0019439,1.0543e-05,0.00010651,8.8107e-05,0.00093075,0.0021273,0.00086338,0.00026831,0.00069578,0.0017968,0.0014503,0.00099107,-0.00053026,0.0016015,0.00096421,4.4128e-05,0.0012523,-0.00027388,0.0007718,4.2298e-05,0.00066918,0.00074393,0.00036943,0.00030733,0.00015331,6.9813e-05,0.00015328,6.977e-06,0.00086233,-3.5015e-05,0.00016406,-0.00018264,0.0010157,0.00046288,0.0015403,0.0019495,9.1714e-05,0.00044373,0.0014292,0.0017282,0.001128,0.00068915,-6.3649e-05,0.00021861,0.00094039,0.0017014,-0.00040173,0.001588,0.0012227,-0.00013086,0.00088273,0.00077247,0.00050898,0.0001537,0.0021359,0.0021079,0.0015166,9.4802e-05,0.0013656,0.00011986,0.0018197,7.0616e-05,0.00046496,0.0013524,0.0012255,0.00012941,0.0010621,0.00030269,0.001607,-0.00046775,0.0019326,0.00059886,0.001301,0.00081365,0.00040345,0.00042793,-3.1023e-05,0.0013693,0.00019961,0.00019318,0.0013834,0.0006514
0.0027047,0.0038831,0.0017191,0.0052881,0.00012368,0.00062518,0.00015023,0.0021273,0.0065165,0.0022581,0.00071437,0.0021051,0.0049573,0.003969,0.0026304,-0.0011202,0.0045876,0.0027324,0.00021723,0.0032371,-0.00080793,0.0020824,0.0001681,0.0020509,0.0020364,0.0010386,0.00085771,0.00069656,0.0004231,0.0006253,0.00021066,0.0032687,-0.0001289,0.00071543,-0.00057392,0.002811,0.0015931,0.0042572,0.0054522,0.00012041,0.0014778,0.0042291,0.0054861,0.0033437,0.0021863,-8.1835e-05,0.00068407,0.0027591,0.0049966,-0.00061462,0.0044,0.0032544,7.2182e-05,0.0023776,0.0020811,0.0015605,0.0004195,0.0059667,0.0054698,0.0043087,0.0004361,0.0037218,0.00034583,0.0051271,0.00031909,0.0014074,0.0036199,0.0034645,0.00068752,0.0029222,0.00070062,0.0043843,-0.0012551,0.005459,0.0016669,0.0038435,0.0022668,0.0011638,0.0013255,-0.00014965,0.0038689,0.00042214,0.0004352,0.0039496,0.0018554
0.0011607,0.0015758,0.00068153,0.0020898,3.5156e-05,0.00015837,0.00011477,0.00086338,0.0022581,0.0011014,0.00028675,0.00073619,0.0020029,0.0016117,0.0010918,-0.00054832,0.0018212,0.0010586,7.6894e-05,0.0013255,-0.00029899,0.00092476,0.00011747,0.00072964,0.00087607,0.00049861,0.00040545,0.00022364,0.00015944,0.0001227,-6.8465e-05,0.0011795,3.3217e-05,0.00021594,-6.86e-05,0.0010689,0.00059037,0.0017036,0.0021442,9.8243e-05,0.0004827,0.0014774,0.0017658,0.0012934,0.00079439,3.5805e-05,0.00032811,0.0010963,0.0019004,-0.00042275,0.0018326,0.0014033,-0.0002846,0.00098947,0.00089985,0.00065143,0.00020354,0.0023413,0.0022694,0.0017345,0.00013176,0.0015768,0.00021292,0.0020088,0.00010205,0.00052064,0.0014693,0.001395,0.00022108,0.0011821,0.00039071,0.0018657,-0.00045295,0.0020241,0.000682,0.0014929,0.00092287,0.00052579,0.00060021,-1.7549e-06,0.0014967,0.00016538,0.00024789,0.0015768,0.00075326
0.00031096,0.00040733,0.00034099,0.00078387,0.00013547,0.00020171,0.00011624,0.00026831,0.00071437,0.00028675,0.00033681,0.00028308,0.00067385,0.00039373,0.00032657,-0.0002053,0.00047648,0.00026669,0.00029849,0.00036087,-4.429e-05,0.00031973,0.00012049,0.00043985,0.000298,0.00017769,0.00015459,0.0001126,8.9934e-05,0.0001426,0.00025381,0.00058302,5.6286e-05,0.00020659,2.0157e-06,0.00034263,0.0001165,0.00040657,0.00075179,0.00017958,0.00024858,0.00046518,0.00055446,0.00035932,0.00032727,6.4599e-05,8.3943e-05,0.00043499,0.00060304,-6.0192e-05,0.00042654,0.00036134,6.3536e-05,0.00036588,0.00034256,0.00018904,0.00010669,0.00080272,0.00063596,0.00059836,0.00011235,0.00040283,0.00013523,0.00059484,0.00018635,0.00024206,0.00037962,0.00033558,0.00012971,0.00034001,0.00019968,0.00048267,-6.4977e-05,0.0006195,0.00016174,0.00044663,0.00042368,0.00023545,0.00024176,1.761e-05,0.00061726,2.002e-05,0.00012058,0.0004258,0.00030364
0.00091103,0.0012882,0.00059505,0.0018467,5.3305e-05,6.7885e-05,5.4098e-05,0.00069578,0.0021051,0.00073619,0.00028308,0.00084743,0.0017011,0.0013267,0.00079645,-0.00035437,0.0015416,0.00091667,0.00012658,0.0011156,-0.00027204,0.00072623,6.7393e-05,0.00071405,0.00073477,0.00034668,0.00034208,0.00031924,0.00013598,0.00013074,0.00011759,0.0010509,3.9862e-05,0.00020471,-0.00018113,0.0010292,0.00053395,0.0014377,0.0018862,6.5331e-05,0.00059569,0.0012714,0.0018378,0.0011038,0.00072479,-3.0813e-06,0.00020384,0.00094703,0.001624,-0.00043895,0.0015072,0.0010891,-5.033e-06,0.00079441,0.0006945,0.00055957,0.00011269,0.0020743,0.0018263,0.0014321,0.00012069,0.0012245,0.00013183,0.0016958,6.2646e-05,0.00047999,0.0012083,0.0011471,0.00011717,0.0010014,0.00023216,0.0014368,-0.00045843,0.0018308,0.00052579,0.0013057,0.00076237,0.00042698,0.00044429,-5.6221e-05,0.0012214,0.00016609,0.00023437,0.0013392,0.00065915
0.0022762,0.0032558,0.0014476,0.0045524,9.6376e-05,0.0002567,0.00019188,0.0017968,0.0049573,0.0020029,0.00067385,0.0017011,0.0042325,0.0032921,0.0022134,-0.0010954,0.0037579,0.0021829,0.00028568,0.0027309,-0.00067919,0.0017791,0.00017288,0.0016746,0.0017476,0.00092074,0.00083448,0.00048009,0.00027169,0.00032812,-8.5254e-06,0.0023853,-2.9564e-05,0.00040985,-0.00032804,0.0022699,0.0012195,0.0035104,0.0046171,0.00015346,0.0011388,0.0031431,0.00405,0.0026656,0.0016973,-1.1088e-05,0.00055071,0.0022878,0.0039561,-0.00090216,0.0037024,0.0027335,-0.00025161,0.0020732,0.0018423,0.001323,0.00036134,0.005044,0.0046888,0.0036895,0.00025287,0.0031373,0.00037061,0.0041361,0.00017739,0.0011283,0.0030296,0.0028331,0.00039579,0.0024432,0.00074041,0.0036627,-0.0010035,0.0043525,0.0013588,0.0030916,0.0019215,0.0010552,0.0011273,-6.9643e-05,0.0032308,0.00035493,0.0003295,0.0032653,0.001527
0.0018581,0.002629,0.0010569,0.0035357,1.9751e-05,0.00021085,8.5632e-05,0.0014503,0.003969,0.0016117,0.00039373,0.0013267,0.0032921,0.0027701,0.0017572,-0.00083778,0.0030281,0.0017644,6.7939e-05,0.002206,-0.00055034,0.0014207,6.7282e-05,0.0011988,0.0013795,0.00070364,0.00056312,0.00035062,0.00018353,0.00023731,-0.00012694,0.0018305,-4.3823e-05,0.00032236,-0.00030104,0.0018198,0.00097419,0.0028752,0.0036051,3.6384e-05,0.00087076,0.0025711,0.0032929,0.0021412,0.0012816,-3.8171e-05,0.00044444,0.0017527,0.0032176,-0.00063251,0.0030328,0.0022317,-0.0002327,0.0015833,0.0013967,0.001041,0.00027422,0.0039674,0.0037632,0.0027856,0.00016391,0.0025049,0.00024539,0.00334,7.9056e-05,0.00086804,0.0024669,0.0023181,0.00031622,0.0019606,0.0005135,0.0029847,-0.0008629,0.0035173,0.0011224,0.0024844,0.0014818,0.00076105,0.00085336,-6.9935e-05,0.0025181,0.00028165,0.00024994,0.002636,0.0012077
0.0012036,0.0017462,0.00068995,0.0023696,2.8238e-05,0.00018245,0.00010648,0.00099107,0.0026304,0.0010918,0.00032657,0.00079645,0.0022134,0.0017572,0.0013706,-0.00057696,0.0019932,0.0012064,9.1184e-05,0.0014098,-0.00037196,0.00091801,0.00010152,0.00084199,0.00083685,0.00048452,0.00039436,0.00019226,0.00011948,0.00015883,-0.00010285,0.0013489,-4.2728e-05,0.00014529,-0.00019596,0.0011905,0.00064984,0.0018805,0.0023933,8.5776e-05,0.00053743,0.0017224,0.0020756,0.0014524,0.00089345,-5.7157e-05,0.00036008,0.0011722,0.0021236,-0.00054288,0.0019816,0.0014699,-0.00024127,0.0010988,0.00096094,0.00067876,0.00024449,0.0026137,0.0024775,0.0019527,0.00013106,0.0017139,0.00015794,0.0021926,7.737e-05,0.00058744,0.0016548,0.0015428,0.00027823,0.0012531,0.00039922,0.0019699,-0.00048132,0.002296,0.0007885,0.0015619,0.00099226,0.00055838,0.00059657,1.1119e-05,0.0017393,0.00020202,7.7305e-05,0.0017824,0.00076287
-0.00062909,-0.00091252,-0.00037678,-0.001183,-2.9204e-06,-0.00012607,1.0353e-05,-0.00053026,-0.0011202,-0.00054832,-0.0002053,-0.00035437,-0.0010954,-0.00083778,-0.00057696,0.00081516,-0.00081041,-0.00043405,-8.2288e-05,-0.00077619,0.00021324,-0.00048139,6.9311e-05,-0.00034823,-0.00046346,-0.00021455,-0.00023373,5.936e-05,-2.2301e-05,-2.8487e-05,-6.6851e-05,-0.00020291,0.00012087,3.5021e-05,0.00011049,-0.00055297,-0.00017448,-0.00098716,-0.0011649,-1.4841e-05,-0.00013195,-0.00086478,-0.00081859,-0.00051541,-0.00032375,3.4326e-06,-1.8761e-06,-0.00054364,-0.00099675,9.3139e-05,-0.00090751,-0.00078217,0.00022956,-0.00053546,-0.00049677,-0.00032541,-4.6698e-05,-0.001338,-0.0015051,-0.00083607,2.1862e-05,-0.00078106,-0.00014927,-0.0010085,2.5963e-05,-0.00017607,-0.00072128,-0.00068328,-0.00012212,-0.00073279,-0.00034309,-0.0010012,0.00029423,-0.0010527,-0.00029812,-0.00078285,-0.00046093,-0.00025618,-0.00016159,8.2614e-05,-0.00091957,-1.9077e-05,-0.0002774,-0.00088924,-0.00032159
0.0020954,0.0029725,0.0012495,0.0039994,5.8757e-05,0.00026902,0.00016688,0.0016015,0.0045876,0.0018212,0.00047648,0.0015416,0.0037579,0.0030281,0.0019932,-0.00081041,0.0035876,0.0020971,0.00011351,0.0024817,-0.00061687,0.0015865,0.00015586,0.0014211,0.0015566,0.00082102,0.00071385,0.00047344,0.00026503,0.00034814,-3.945e-05,0.0022987,1.8517e-05,0.00040394,-0.00032885,0.0020918,0.0012308,0.0032,0.0040892,9.5275e-05,0.0010383,0.0029385,0.0038965,0.0024942,0.001563,-3.3535e-05,0.0005645,0.0020826,0.0036508,-0.00079378,0.0034473,0.0024968,-0.00014871,0.0018285,0.0016103,0.0012119,0.00031808,0.0044767,0.0042153,0.003282,0.00025467,0.0028748,0.00028625,0.0038147,0.00013819,0.0010639,0.0028074,0.0026516,0.00036508,0.0022309,0.00056772,0.003354,-0.00094742,0.0040168,0.0012812,0.0028635,0.0016867,0.00091349,0.0010335,-6.8104e-05,0.0027632,0.00036383,0.00016236,0.0029814,0.0014042
0.0012357,0.0017508,0.00071646,0.0023255,2.049e-05,0.00022271,0.00011689,0.00096421,0.0027324,0.0010586,0.00026669,0.00091667,0.0021829,0.0017644,0.0012064,-0.00043405,0.0020971,0.001329,3.2099e-05,0.0014582,-0.00035982,0.00090914,0.00010016,0.00082326,0.00090575,0.0004643,0.00040271,0.00031112,0.00016996,0.00019436,-4.4557e-05,0.0015292,2.9766e-05,0.00022914,-0.00022702,0.0012637,0.00075371,0.0019369,0.0023737,7.953e-05,0.00062881,0.0017608,0.0023184,0.0015007,0.00092705,-4.7351e-05,0.00036737,0.001224,0.0021825,-0.00050218,0.0020386,0.0015107,-1.8299e-05,0.001038,0.00090597,0.0007061,0.00018744,0.0025983,0.0024707,0.0019495,0.00017489,0.0017002,0.00014841,0.0022683,9.1517e-05,0.00062618,0.0016694,0.0015666,0.00021445,0.0012978,0.00030824,0.0019817,-0.00053643,0.0023858,0.00078481,0.001695,0.00098973,0.0005273,0.0006007,-8.2794e-06,0.0015956,0.00024336,9.199e-05,0.0017764,0.00084143
9.2398e-05,0.00010542,0.00028349,0.00041304,0.00018399,0.00014123,0.00013744,4.4128e-05,0.00021723,7.6894e-05,0.00029849,0.00012658,0.00028568,6.7939e-05,9.1184e-05,-8.2288e-05,0.00011351,3.2099e-05,0.00043021,7.6444e-05,9.5225e-05,0.00013045,0.00014109,0.00032509,0.0001374,9.506e-05,8.3018e-05,8.4018e-05,9.8483e-05,3.847e-05,0.00031757,0.00034661,9.9593e-05,0.000194,6.376e-05,0.00010887,1.2208e-05,5.5927e-05,0.00036655,0.00019876,0.00015774,7.6989e-05,8.0053e-05,0.00010246,0.00019394,0.00012242,9.7193e-06,0.00023147,0.00020788,-4.2749e-05,9.8698e-05,3.2833e-05,0.00010762,0.00019453,0.00020441,5.2868e-05,7.2446e-05,0.00036813,0.00013584,0.00026987,8.0997e-05,9.79e-05,0.00014822,0.00019182,0.00023067,0.00013321,6.2717e-05,5.8647e-05,8.2902e-05,0.00013233,0.000138,0.00010351,6.1053e-05,0.00011375,1.3502e-05,0.0001514,0.00029191,0.0001709,0.00015329,5.4954e-05,0.0003804,-2.3496e-05,-8.046e-06,9.433e-05,0.00021262
0.0015456,0.0021638,0.00090276,0.0029239,2.7219e-05,0.00016308,9.6321e-05,0.0012523,0.0032371,0.0013255,0.00036087,0.0011156,0.0027309,0.002206,0.0014098,-0.00077619,0.0024817,0.0014582,7.6444e-05,0.0018841,-0.00043356,0.001176,7.2716e-05,0.0010481,0.0011602,0.00059237,0.00052264,0.00030576,0.0001736,0.00020076,-4.7794e-06,0.0014177,-2.9299e-05,0.00024853,-0.0002454,0.0015336,0.0007979,0.002368,0.0029651,0.0001015,0.00071219,0.0021203,0.0026993,0.0017404,0.0010918,-2.5254e-05,0.00033946,0.0014734,0.0026127,-0.00059412,0.002484,0.0018556,-0.0001574,0.0013241,0.0011736,0.0008693,0.00019924,0.0032542,0.0031548,0.0023155,0.00013965,0.0020797,0.000237,0.0027615,9.4684e-05,0.00072598,0.0020223,0.0018992,0.00021407,0.0016535,0.00044545,0.0024648,-0.00073168,0.0028927,0.00090235,0.0020521,0.0012121,0.00064665,0.00069547,-4.9871e-05,0.0020383,0.00026389,0.00032927,0.0021633,0.0010192
-0.00033084,-0.00050744,-0.00013499,-0.00072962,3.9553e-05,-9.8934e-06,1.8441e-05,-0.00027388,-0.00080793,-0.00029899,-4.429e-05,-0.00027204,-0.00067919,-0.00055034,-0.00037196,0.00021324,-0.00061687,-0.00035982,9.5225e-05,-0.00043356,0.00025814,-0.00024867,3.7428e-05,-0.00025337,-0.00025208,-0.00011794,-0.00012654,-4.2185e-05,-1.5958e-05,-0.00010197,6.8963e-05,-0.00043403,5.1041e-05,3.6993e-05,9.1109e-05,-0.00032929,-0.00021817,-0.00059613,-0.00076021,2.4226e-05,-0.00015984,-0.00051775,-0.00078342,-0.00042512,-0.00024828,4.6521e-05,-5.3103e-05,-0.0003349,-0.0006441,0.00011858,-0.00058009,-0.00048715,3.4017e-05,-0.00031177,-0.00025949,-0.00025576,-3.391e-05,-0.00082567,-0.00081396,-0.00062428,-8.8507e-06,-0.00050883,-2.0463e-05,-0.000633,7.3972e-05,-0.00017237,-0.00051747,-0.00048282,-7.6326e-05,-0.00038415,-0.00010982,-0.00055297,0.00023623,-0.00077247,-0.00022955,-0.00052435,-0.00023614,-0.00014061,-0.0001442,5.3381e-05,-0.0004942,-3.556e-05,-1.2298e-05,-0.0005967,-0.00016906
0.001027,0.0013715,0.00062698,0.0018866,6.2619e-05,0.00017408,9.4353e-05,0.0007718,0.0020824,0.00092476,0.00031973,0.00072623,0.0017791,0.0014207,0.00091801,-0.00048139,0.0015865,0.00090914,0.00013045,0.001176,-0.00024867,0.00086408,0.00011253,0.00075439,0.00079269,0.00043174,0.00034767,0.00024575,0.00015846,0.00017918,3.8319e-05,0.0010848,2.4791e-05,0.00027986,-0.00011878,0.00099845,0.00048189,0.0014835,0.001913,0.00011926,0.00049921,0.0013855,0.0016909,0.0011346,0.0007348,2.9644e-05,0.00026969,0.00099147,0.0017327,-0.00027585,0.0015848,0.0012201,-0.00018768,0.00086406,0.00078262,0.00057497,0.00016526,0.0021237,0.0019729,0.0014846,0.0001545,0.0013481,0.00019011,0.0018107,0.00013776,0.0004993,0.0012607,0.00121,0.00019514,0.0010472,0.00032676,0.0016073,-0.00041616,0.0018653,0.00058706,0.0013144,0.0008467,0.00046479,0.00052256,-8.9509e-06,0.0013484,0.00013606,0.00033718,0.0013692,0.00069067
0.00010403,8.3083e-05,0.00014491,0.00020213,8.6348e-05,7.5417e-05,0.00011106,4.2298e-05,0.0001681,0.00011747,0.00012049,6.7393e-05,0.00017288,6.7282e-05,0.00010152,6.9311e-05,0.00015586,0.00010016,0.00014109,7.2716e-05,3.7428e-05,0.00011253,0.00015512,0.00019907,8.771e-05,9.6131e-05,6.1328e-05,0.00010866,9.9117e-05,2.6885e-05,8.9951e-05,0.00041314,9.1189e-05,0.00013979,6.6311e-05,9.2169e-05,6.1547e-05,5.2967e-05,0.00022216,0.0001489,0.0001097,4.7296e-05,0.00010692,0.00015044,0.00013965,7.6621e-05,8.4109e-05,0.00011951,0.00016555,-8.286e-05,0.00014765,0.00010481,5.1352e-05,0.0001121,0.00011659,8.3948e-05,6.7426e-05,0.00017112,4.2045e-05,0.0002166,7.4794e-05,0.00016769,9.3937e-05,0.00019809,0.00018536,0.00012077,9.0864e-05,9.082e-05,5.4301e-05,7.6498e-05,5.9125e-05,0.00012248,3.724e-05,8.5731e-05,6.3549e-05,8.4573e-05,0.00012217,0.00013068,0.00016969,6.9622e-05,0.00022091,-6.7909e-07,0.00010838,9.2935e-05,0.00014459
0.00085964,0.0011396,0.00063421,0.0018838,0.0001768,0.00034435,0.00018407,0.00066918,0.0020509,0.00072964,0.00043985,0.00071405,0.0016746,0.0011988,0.00084199,-0.00034823,0.0014211,0.00082326,0.00032509,0.0010481,-0.00025337,0.00075439,0.00019907,0.0011746,0.00065897,0.00040344,0.00035756,0.00030613,0.00025938,0.00035492,0.00029617,0.0013897,6.3773e-05,0.00039099,-0.00014831,0.00089789,0.00045154,0.001271,0.0018657,0.00032832,0.00057562,0.0013694,0.0017004,0.0010713,0.00090923,6.2079e-05,0.00024399,0.0010367,0.0016806,-0.00019179,0.0013601,0.0010576,9.3643e-05,0.00084436,0.00075614,0.00061666,0.00015541,0.0020468,0.0016382,0.001507,0.00022723,0.0012046,0.00024607,0.0016819,0.00032948,0.00063737,0.0011366,0.0011228,0.00030364,0.00094324,0.00025691,0.001366,-0.00039628,0.0017816,0.00057679,0.0012354,0.00086853,0.0004875,0.00053758,0.00011025,0.0014013,0.00010613,0.00028965,0.0012742,0.00073827
0.00096687,0.0013042,0.0006564,0.0018577,7.6818e-05,0.00014279,9.6011e-05,0.00074393,0.0020364,0.00087607,0.000298,0.00073477,0.0017476,0.0013795,0.00083685,-0.00046346,0.0015566,0.00090575,0.0001374,0.0011602,-0.00025208,0.00079269,8.771e-05,0.00065897,0.0008393,0.00041651,0.00034483,0.00026864,0.00015053,0.00014753,9.8191e-05,0.0010929,3.3236e-05,0.00025006,-8.2679e-05,0.00095855,0.00052868,0.0014535,0.0019224,6.8371e-05,0.00049382,0.0012622,0.0017168,0.0011052,0.00068969,4.749e-05,0.00020972,0.00093563,0.0016575,-0.00037553,0.0015391,0.001162,-3.3179e-06,0.00085827,0.00078673,0.00056025,0.0001503,0.0020575,0.0019379,0.0015312,0.00013446,0.0013179,0.00020347,0.0017463,0.00012573,0.00046506,0.0012282,0.0011556,0.00014441,0.0010306,0.00034175,0.0015343,-0.00040981,0.0018036,0.00052935,0.0013049,0.00083689,0.00044863,0.00051377,-5.194e-05,0.001302,0.00014304,0.00030417,0.0013317,0.0006793
0.00051833,0.00068825,0.00035418,0.00097044,5.642e-05,0.00011299,7.5745e-05,0.00036943,0.0010386,0.00049861,0.00017769,0.00034668,0.00092074,0.00070364,0.00048452,-0.00021455,0.00082102,0.0004643,9.506e-05,0.00059237,-0.00011794,0.00043174,9.6131e-05,0.00040344,0.00041651,0.00026127,0.00019775,0.00014817,0.0001117,9.2582e-05,4.4378e-05,0.00065354,2.4941e-05,0.00015197,-1.13e-05,0.00047791,0.00028143,0.00073123,0.0010013,8.9709e-05,0.00024944,0.00066462,0.00085052,0.00061111,0.00040973,5.2392e-05,0.00015577,0.00052568,0.00088185,-0.00017741,0.00081676,0.00060549,-5.4035e-05,0.00047315,0.00043609,0.00032147,0.000107,0.0010559,0.00098441,0.00082666,8.1186e-05,0.00071639,0.00013308,0.00092868,0.00011959,0.00028079,0.00063311,0.00062079,0.00012708,0.00052971,0.00019039,0.00084291,-0.00018571,0.00091265,0.0002982,0.00066811,0.00044574,0.0002714,0.00031972,1.3829e-05,0.00072319,6.0908e-05,0.00018552,0.0007093,0.00036945
0.00042421,0.00060477,0.00030264,0.00086643,2.4249e-05,-6.1298e-07,6.0321e-05,0.00030733,0.00085771,0.00040545,0.00015459,0.00034208,0.00083448,0.00056312,0.00039436,-0.00023373,0.00071385,0.00040271,8.3018e-05,0.00052264,-0.00012654,0.00034767,6.1328e-05,0.00035756,0.00034483,0.00019775,0.00024418,0.00011127,6.1254e-05,2.6002e-05,-1.1627e-05,0.00039658,3.1828e-05,4.3868e-05,-1.8235e-05,0.00043609,0.0002399,0.00064419,0.0008784,4.0352e-05,0.00022004,0.00050886,0.00063984,0.00048156,0.00033506,2.0034e-05,0.00011806,0.00046149,0.00068856,-0.0003058,0.00070535,0.00051663,-0.00011261,0.00041543,0.00037988,0.00029142,5.9689e-05,0.00096523,0.00087325,0.00075881,4.6178e-05,0.00061242,0.00010277,0.00074682,2.3628e-05,0.00022232,0.00055614,0.00052153,4.1275e-05,0.00046856,0.00017221,0.00069999,-0.00016747,0.00076849,0.00025105,0.00057196,0.00035691,0.00024201,0.00023244,9.2262e-06,0.00055659,7.7769e-05,0.00011691,0.00061273,0.00029351
0.00026181,0.00028474,0.00023139,0.00049972,8.0776e-05,7.1315e-05,5.8518e-05,0.00015331,0.00069656,0.00022364,0.0001126,0.00031924,0.00048009,0.00035062,0.00019226,5.936e-05,0.00047344,0.00031112,8.4018e-05,0.00030576,-4.2185e-05,0.00024575,0.00010866,0.00030613,0.00026864,0.00014817,0.00011127,0.00026882,0.00014877,7.0549e-05,0.00018059,0.00065548,9.9446e-05,0.00019056,-1.238e-05,0.00035346,0.00023532,0.00038541,0.00058047,9.0475e-05,0.00028121,0.00033893,0.00064373,0.00041672,0.00030876,5.9236e-05,9.9781e-05,0.0003012,0.00052406,-0.00019883,0.0004421,0.00030958,9.4424e-05,0.00022558,0.00020525,0.00021436,5.0664e-05,0.00056879,0.0003618,0.00047499,0.00011154,0.000402,8.087e-05,0.00056122,0.00015206,0.0002059,0.0002967,0.00033825,8.4655e-05,0.0002736,2.8889e-05,0.00041184,-0.00010723,0.00054207,0.00015294,0.0003944,0.00025114,0.00018053,0.00022034,1.6172e-05,0.00032407,6.2007e-05,0.00023682,0.0003962,0.00026939
0.00017971,0.00017785,0.00017317,0.00028519,7.9053e-05,0.00015761,4.5686e-05,6.9813e-05,0.0004231,0.00015944,8.9934e-05,0.00013598,0.00027169,0.00018353,0.00011948,-2.2301e-05,0.00026503,0.00016996,9.8483e-05,0.0001736,-1.5958e-05,0.00015846,9.9117e-05,0.00025938,0.00015053,0.0001117,6.1254e-05,0.00014877,0.00015906,8.3602e-05,0.00016246,0.00052042,4.6761e-05,0.0001703,1.5743e-05,0.00016577,0.00014418,0.00022702,0.00034127,0.00013215,0.00013719,0.00025965,0.00038046,0.00026145,0.00023369,8.0526e-05,6.0563e-05,0.00021617,0.00035828,6.4454e-05,0.0002473,0.00021726,6.5861e-05,0.00013807,0.00013572,0.00013921,3.2972e-05,0.00032426,0.00022354,0.00028858,9.7404e-05,0.00025871,0.00010105,0.00036431,0.00017998,0.00014074,0.00014581,0.00021241,0.00014106,0.00018928,3.2646e-05,0.00025911,-5.6684e-05,0.00028605,9.3238e-05,0.00027093,0.00017121,0.00013154,0.00016406,2.7027e-05,0.00028318,1.6519e-06,0.00013672,0.00025236,0.00019296
0.00016076,0.00018301,0.00013014,0.00037105,6.948e-05,0.00034836,6.7825e-05,0.00015328,0.0006253,0.0001227,0.0001426,0.00013074,0.00032812,0.00023731,0.00015883,-2.8487e-05,0.00034814,0.00019436,3.847e-05,0.00020076,-0.00010197,0.00017918,2.6885e-05,0.00035492,0.00014753,9.2582e-05,2.6002e-05,7.0549e-05,8.3602e-05,0.00037122,0.0002496,0.00057859,-2.584e-05,0.00025359,-0.00010727,0.00015683,0.00011067,0.00020264,0.00035709,9.1969e-05,0.00013863,0.0005721,0.00069069,0.00024915,0.00028434,-1.5637e-05,6.4623e-05,0.00030371,0.00050969,0.00035266,0.00018682,0.00020864,0.00027054,0.00017612,0.00015123,0.00013871,4.6998e-05,0.00040987,0.00036265,0.00033007,0.00014148,0.00019157,2.3738e-05,0.00042387,0.00015349,0.000239,0.00021615,0.00023539,0.00019521,0.00017666,3.5383e-05,0.0002931,-9.431e-05,0.00057738,0.00013778,0.00032987,0.00024326,5.4789e-05,0.00012699,-2.9049e-06,0.00029907,-1.0626e-05,9.1023e-05,0.00023398,0.00015915
-3.8201e-05,-0.00019345,0.00018988,8.601e-05,0.00023821,0.00037456,0.00019541,6.977e-06,0.00021066,-6.8465e-05,0.00025381,0.00011759,-8.5254e-06,-0.00012694,-0.00010285,-6.6851e-05,-3.945e-05,-4.4557e-05,0.00031757,-4.7794e-06,6.8963e-05,3.8319e-05,8.9951e-05,0.00029617,9.8191e-05,4.4378e-05,-1.1627e-05,0.00018059,0.00016246,0.0002496,0.00091084,0.00048828,0.0001641,0.00030226,3.405e-05,8.437e-05,2.4112e-05,-0.00013135,0.00011785,0.00026878,0.00019545,0.00016112,0.00026145,-4.3195e-06,0.00027278,0.00011868,-9.0825e-05,0.00016052,0.0001367,0.00011775,-0.00016395,-7.7913e-05,0.00039833,5.5354e-05,7.7865e-05,4.4147e-05,6.4421e-05,3.9494e-05,-9.9952e-05,-2.6733e-05,0.00012075,-9.4688e-05,0.00010794,6.2375e-05,0.00030355,0.00013064,-8.6975e-05,-2.4761e-05,0.00021862,5.9094e-05,7.0564e-05,-2.7269e-05,-2.2456e-05,9.8873e-05,-6.4097e-05,0.00018826,0.00016906,7.3724e-05,8.9286e-05,-9.4981e-06,0.00010082,-5.6792e-05,0.0003323,-1.7945e-05,0.00019028
0.0013067,0.0016804,0.0010046,0.0026317,0.00030227,0.00084261,0.00034032,0.00086233,0.0032687,0.0011795,0.00058302,0.0010509,0.0023853,0.0018305,0.0013489,-0.00020291,0.0022987,0.0015292,0.00034661,0.0014177,-0.00043403,0.0010848,0.00041314,0.0013897,0.0010929,0.00065354,0.00039658,0.00065548,0.00052042,0.00057859,0.00048828,0.0033045,0.00020329,0.00072604,-0.00013564,0.0013294,0.00097048,0.0019467,0.0028049,0.00044301,0.00094532,0.0020306,0.0030176,0.0018517,0.0013273,0.00016339,0.00050129,0.0014881,0.0027245,-0.00014977,0.0021106,0.0016907,0.00058292,0.0011755,0.001062,0.00094696,0.00035232,0.0028352,0.0023473,0.0024092,0.00045939,0.0019062,0.00037085,0.002649,0.00063756,0.00097462,0.0016978,0.0016919,0.00063173,0.0013547,0.00040955,0.0020703,-0.0004517,0.0026653,0.00088849,0.0019573,0.0012901,0.00077349,0.0010106,8.9432e-05,0.0021369,0.00010326,0.00037248,0.0020041,0.0011399
-5.6466e-06,-0.0001069,3.5237e-05,-1.2101e-05,7.3492e-05,1.1915e-05,0.00012375,-3.5015e-05,-0.0001289,3.3217e-05,5.6286e-05,3.9862e-05,-2.9564e-05,-4.3823e-05,-4.2728e-05,0.00012087,1.8517e-05,2.9766e-05,9.9593e-05,-2.9299e-05,5.1041e-05,2.4791e-05,9.1189e-05,6.3773e-05,3.3236e-05,2.4941e-05,3.1828e-05,9.9446e-05,4.6761e-05,-2.584e-05,0.0001641,0.00020329,0.00019101,7.6783e-05,9.3345e-05,3.6445e-05,2.1866e-05,-7.2499e-05,1.6879e-06,0.00010834,8.1473e-05,-0.00016155,-0.00016504,-6.5929e-06,4.4902e-05,6.2414e-05,4.3473e-05,3.1922e-05,-4.4489e-05,-0.00023643,1.8219e-07,-4.9084e-06,-1.1391e-05,5.9007e-07,1.6167e-05,3.3034e-05,3.6353e-05,-2.5211e-05,-0.00014609,6.7611e-06,3.5277e-05,1.1723e-06,4.4183e-05,-3.0034e-05,8.1434e-05,5.0014e-05,-6.623e-06,-1.2526e-05,-8.2917e-06,-1.8074e-05,4.517e-06,-1.9416e-05,3.8678e-05,-7.5423e-05,1.1601e-05,9.5104e-06,5.046e-05,5.6897e-05,7.013e-05,7.0946e-05,-9.679e-05,2.296e-05,3.7837e-05,-4.0068e-05,9.4748e-05
0.00026258,0.00023787,0.00029314,0.00045184,0.00014443,0.00035422,0.00011975,0.00016406,0.00071543,0.00021594,0.00020659,0.00020471,0.00040985,0.00032236,0.00014529,3.5021e-05,0.00040394,0.00022914,0.000194,0.00024853,3.6993e-05,0.00027986,0.00013979,0.00039099,0.00025006,0.00015197,4.3868e-05,0.00019056,0.0001703,0.00025359,0.00030226,0.00072604,7.6783e-05,0.00042263,-1.1479e-05,0.00025808,0.00012583,0.00025782,0.0004999,0.00015039,0.00023833,0.00051368,0.00058625,0.00034484,0.00032102,8.4818e-05,0.00011012,0.0003408,0.00058851,0.00027357,0.00030793,0.0002643,0.00020508,0.00021806,0.00021579,0.00014632,8.543e-05,0.0005173,0.00031295,0.00039197,0.00018929,0.000302,0.00010451,0.00057025,0.00032115,0.00025859,0.00021799,0.00025626,0.0002161,0.00024209,4.6647e-05,0.00040136,-3.453e-05,0.000528,0.00014602,0.00037983,0.00034671,0.00014327,0.00023145,3.3078e-05,0.00044353,-4.7731e-06,0.00022223,0.0002446,0.00030551
-0.00019682,-0.00033589,-4.929e-05,-0.00038622,4.4965e-05,-5.353e-05,3.0196e-05,-0.00018264,-0.00057392,-6.86e-05,2.0157e-06,-0.00018113,-0.00032804,-0.00030104,-0.00019596,0.00011049,-0.00032885,-0.00022702,6.376e-05,-0.0002454,9.1109e-05,-0.00011878,6.6311e-05,-0.00014831,-8.2679e-05,-1.13e-05,-1.8235e-05,-1.238e-05,1.5743e-05,-0.00010727,3.405e-05,-0.00013564,9.3345e-05,-1.1479e-05,0.00021612,-0.00023622,-8.3298e-05,-0.00035751,-0.00034268,4.837e-05,-0.00010099,-0.00047551,-0.00057986,-0.0002296,-0.00014579,9.7215e-05,-2.3367e-05,-0.00018994,-0.00043501,-8.587e-05,-0.00032013,-0.0002062,-4.783e-05,-0.00011877,-7.502e-05,-9.4382e-05,2.1985e-05,-0.0004633,-0.00047442,-0.00023194,-1.427e-05,-0.00020401,5.7817e-05,-0.00040393,4.2286e-05,-0.00011056,-0.00024696,-0.00025581,-1.9042e-05,-0.00021874,1.4668e-05,-0.00030621,0.00013718,-0.0005295,-0.00014333,-0.00025639,-0.0001139,-1.3009e-05,1.8618e-05,2.1536e-05,-0.000242,-3.4134e-05,-3.2694e-05,-0.00029222,-7.6111e-05
0.0012767,0.0017776,0.00076785,0.0024222,5.0446e-05,0.00015153,8.357e-05,0.0010157,0.002811,0.0010689,0.00034263,0.0010292,0.0022699,0.0018198,0.0011905,-0.00055297,0.0020918,0.0012637,0.00010887,0.0015336,-0.00032929,0.00099845,9.2169e-05,0.00089789,0.00095855,0.00047791,0.00043609,0.00035346,0.00016577,0.00015683,8.437e-05,0.0013294,3.6445e-05,0.00025808,-0.00023622,0.001386,0.00069649,0.0019732,0.0024713,8.7119e-05,0.00070466,0.0017917,0.0023244,0.0014923,0.00095123,-3.1383e-05,0.00032344,0.0012491,0.0022116,-0.00059413,0.0020713,0.0015256,-0.00014078,0.0010772,0.0009446,0.0007242,0.00018099,0.0027374,0.0025194,0.0018976,0.00016328,0.0017187,0.00016997,0.0023218,9.3691e-05,0.00062494,0.001671,0.0015819,0.00019827,0.0013594,0.00033209,0.0020289,-0.00058129,0.0024481,0.00076202,0.0017147,0.0010215,0.00056266,0.00058855,-3.7396e-05,0.0016423,0.00024576,0.00031348,0.0018163,0.00087845
0.00066213,0.00094982,0.00042176,0.0012609,3.122e-05,0.00011769,2.7213e-05,0.00046288,0.0015931,0.00059037,0.0001165,0.00053395,0.0012195,0.00097419,0.00064984,-0.00017448,0.0012308,0.00075371,1.2208e-05,0.0007979,-0.00021817,0.00048189,6.1547e-05,0.00045154,0.00052868,0.00028143,0.0002399,0.00023532,0.00014418,0.00011067,2.4112e-05,0.00097048,2.1866e-05,0.00012583,-8.3298e-05,0.00069649,0.00053142,0.0010791,0.0013418,1.8115e-05,0.00037206,0.00095565,0.001432,0.00089379,0.00056815,1.1083e-05,0.00020434,0.00069788,0.0012195,-0.00032147,0.0011536,0.00082204,7.3154e-05,0.00059113,0.00052008,0.00042937,0.00010139,0.0014176,0.0013177,0.0011363,0.00011156,0.00098059,0.00010721,0.0012643,4.7436e-05,0.00035502,0.00093209,0.00091071,0.00015499,0.0007315,0.00015469,0.0010874,-0.00031553,0.0013199,0.000419,0.00099747,0.00054378,0.000314,0.00038313,-3.5248e-05,0.00085301,0.00014099,-8.3969e-06,0.0010397,0.00048143
0.0019894,0.0028509,0.0011278,0.0037423,-7.8342e-06,0.00023049,6.5129e-05,0.0015403,0.0042572,0.0017036,0.00040657,0.0014377,0.0035104,0.0028752,0.0018805,-0.00098716,0.0032,0.0019369,5.5927e-05,0.002368,-0.00059613,0.0014835,5.2967e-05,0.001271,0.0014535,0.00073123,0.00064419,0.00038541,0.00022702,0.00020264,-0.00013135,0.0019467,-7.2499e-05,0.00025782,-0.00035751,0.0019732,0.0010791,0.0031496,0.0038071,5.8438e-05,0.00091624,0.0027773,0.0035135,0.0022903,0.0013953,-5.8266e-05,0.00046686,0.0018999,0.0034192,-0.00069369,0.0032358,0.0024223,-0.00027354,0.00166,0.0014599,0.0011118,0.0002519,0.0042218,0.0040768,0.0029832,0.0001793,0.0026814,0.00026032,0.0035572,4.1804e-05,0.00088026,0.0026177,0.0024851,0.00033137,0.0021236,0.00054613,0.0031902,-0.00092929,0.0037365,0.001191,0.0026989,0.0015431,0.00081882,0.00087097,-7.8804e-05,0.0026363,0.00032501,0.00026734,0.002866,0.0012765
0.0024661,0.0034997,0.0016231,0.0050252,0.00015604,0.00029006,0.00024853,0.0019495,0.0054522,0.0021442,0.00075179,0.0018862,0.0046171,0.0036051,0.0023933,-0.0011649,0.0040892,0.0023737,0.00036655,0.0029651,-0.00076021,0.001913,0.00022216,0.0018657,0.0019224,0.0010013,0.0008784,0.00058047,0.00034127,0.00035709,0.00011785,0.0028049,1.6879e-06,0.0004999,-0.00034268,0.0024713,0.0013418,0.0038071,0.005158,0.0002077,0.0012975,0.0033594,0.0044961,0.002941,0.0018661,2.8895e-05,0.00054793,0.0024572,0.0043481,-0.0010126,0.0040281,0.0029627,-0.00016521,0.0022697,0.0020177,0.0014647,0.00040609,0.0055402,0.0050621,0.004085,0.00027303,0.0034411,0.0004342,0.0045442,0.00029467,0.001259,0.0032668,0.0030688,0.00047308,0.0026752,0.00080682,0.0039496,-0.001107,0.004734,0.0014631,0.0033744,0.0021014,0.0011821,0.0012524,-8.5703e-05,0.0036477,0.00035251,0.00041072,0.0035764,0.0016978
0.00011637,6.5543e-05,0.00012287,0.00024852,0.00011186,0.0001532,0.00013773,9.1714e-05,0.00012041,9.8243e-05,0.00017958,6.5331e-05,0.00015346,3.6384e-05,8.5776e-05,-1.4841e-05,9.5275e-05,7.953e-05,0.00019876,0.0001015,2.4226e-05,0.00011926,0.0001489,0.00032832,6.8371e-05,8.9709e-05,4.0352e-05,9.0475e-05,0.00013215,9.1969e-05,0.00026878,0.00044301,0.00010834,0.00015039,4.837e-05,8.7119e-05,1.8115e-05,5.8438e-05,0.0002077,0.00030395,0.00011455,0.00011323,0.00013467,0.0001193,0.00021279,8.8387e-05,4.5564e-05,0.00019076,0.00018242,2.7945e-05,9.3381e-05,0.00014013,6.6239e-05,0.00010608,0.00010592,7.8746e-05,5.5789e-05,0.00018461,0.00010485,0.00013635,7.8685e-05,0.00011678,0.0001156,0.00019199,0.00021619,0.00013944,0.00010089,0.00011321,9.0479e-05,0.00010486,5.6999e-05,0.00010832,-3.2453e-05,0.00012065,5.6257e-05,0.00016419,0.00015723,0.00012534,0.00015322,8.9919e-05,0.00024952,-6.0263e-06,0.00010421,0.00011577,0.00019065
0.00059693,0.00081673,0.00043831,0.0012588,8.8669e-05,0.0001279,9.2333e-05,0.00044373,0.0014778,0.0004827,0.00024858,0.00059569,0.0011388,0.00087076,0.00053743,-0.00013195,0.0010383,0.00062881,0.00015774,0.00071219,-0.00015984,0.00049921,0.0001097,0.00057562,0.00049382,0.00024944,0.00022004,0.00028121,0.00013719,0.00013863,0.00019545,0.00094532,8.1473e-05,0.00023833,-0.00010099,0.00070466,0.00037206,0.00091624,0.0012975,0.00011455,0.00047559,0.00086549,0.0012845,0.00077679,0.00055565,2.6534e-05,0.00016921,0.00066827,0.0011282,-0.00027387,0.00098879,0.00071287,8.6318e-05,0.00053979,0.00047417,0.00039024,0.00011284,0.0013949,0.0011159,0.00098371,0.00012949,0.00081311,0.00010592,0.0011599,0.00013837,0.00037598,0.00080519,0.00076622,0.00013663,0.00064713,0.00014594,0.00094414,-0.00028037,0.0012352,0.00036414,0.00089479,0.00055258,0.0003167,0.00035976,-7.7465e-06,0.00087293,9.8756e-05,0.0001899,0.0008842,0.00049534
0.0018012,0.0025708,0.0010468,0.0033492,4.7809e-05,0.00064462,8.2635e-05,0.0014292,0.0042291,0.0014774,0.00046518,0.0012714,0.0031431,0.0025711,0.0017224,-0.00086478,0.0029385,0.0017608,7.6989e-05,0.0021203,-0.00051775,0.0013855,4.7296e-05,0.0013694,0.0012622,0.00066462,0.00050886,0.00033893,0.00025965,0.0005721,0.00016112,0.0020306,-0.00016155,0.00051368,-0.00047551,0.0017917,0.00095565,0.0027773,0.0033594,0.00011323,0.00086549,0.0030408,0.0035959,0.0021126,0.0014449,-0.00010336,0.00047037,0.0018713,0.0033462,1.0472e-05,0.0028053,0.002149,2.5046e-05,0.0014976,0.0013034,0.00098672,0.00025479,0.0038124,0.0036864,0.002627,0.00030768,0.0023278,0.00019134,0.0033547,0.00020194,0.00094109,0.0023346,0.002265,0.00053154,0.0019111,0.00044086,0.0029363,-0.00083345,0.0036466,0.0011219,0.0025308,0.0014854,0.00067753,0.00078936,-7.6434e-05,0.0024668,0.00024979,0.000312,0.0025425,0.0011859
0.0022263,0.0032188,0.0013616,0.0043885,9.3909e-05,0.00054518,5.088e-05,0.0017282,0.0054861,0.0017658,0.00055446,0.0018378,0.00405,0.0032929,0.0020756,-0.00081859,0.0038965,0.0023184,8.0053e-05,0.0026993,-0.00078342,0.0016909,0.00010692,0.0017004,0.0017168,0.00085052,0.00063984,0.00064373,0.00038046,0.00069069,0.00026145,0.0030176,-0.00016504,0.00058625,-0.00057986,0.0023244,0.001432,0.0035135,0.0044961,0.00013467,0.0012845,0.0035959,0.0052116,0.0028224,0.0018424,-7.3592e-05,0.00050937,0.0023026,0.0042263,-0.00030411,0.003646,0.002684,0.00047415,0.0019217,0.0016553,0.0013326,0.00029459,0.0048696,0.0045958,0.0035007,0.00036427,0.0030088,0.00027715,0.0042854,0.00023222,0.0012424,0.003013,0.0029048,0.00050974,0.0024379,0.00052233,0.0035098,-0.0011762,0.0046893,0.0013309,0.0032573,0.0018183,0.00092062,0.0011185,-0.00021659,0.0031626,0.00033152,0.00032799,0.0033296,0.0015255
