0.0001636,7.7223e-05,4.2565e-05,0.00031239,9.7809e-05,0.00011659,5.4528e-05,9.2093e-05,0.00015964,6.3654e-05,0.00015482,9.3578e-05,0.00019918,6.6699e-05,0.0001333,9.4987e-05,0.00011009,4.331e-05,0.0001591,0.00011959,0.00015656,7.4122e-05,7.2612e-05,0.00030127,6.2158e-05,2.8475e-05,5.2215e-05,0.00011286,6.6754e-05,8.2858e-05,0.00017427,0.00015376,3.6653e-05,0.00013143,5.0225e-05,2.3812e-05,0.00010288,0.00016213,0.00032881,4.5848e-05,9.6015e-05,0.00014316,8.3692e-05,8.7603e-05,7.4338e-05,-3.6502e-07,2.3967e-05,7.417e-05,0.00015193,6.1079e-05,7.0102e-05,6.5554e-05,8.4793e-05,0.000124,0.00012569,2.7868e-05,3.3142e-05,0.00025616,-3.0023e-05,0.00014478,3.6205e-05,0.00010323,5.7822e-05,0.00021169,0.00021169,0.00010076,4.5018e-05,3.1399e-05,0.00012315,0.00010404,8.1751e-05,8.9268e-05,2.6405e-05,0.00011398,5.8594e-05,7.0766e-05,0.00018254,4.1546e-05,0.0001164,5.5063e-05,0.00022567,8.1119e-05,0.00013949,8.1348e-05,0.00012321
7.7223e-05,0.00024,8.6351e-05,0.0001114,6.3697e-05,0.0001202,4.0102e-05,-1.1863e-05,0.00013901,6.49e-05,0.00016652,0.00014025,0.00019687,6.5302e-05,0.00013276,8.2739e-05,0.00010366,3.1162e-05,0.00016276,-6.6175e-05,7.6788e-06,2.6114e-05,6.4393e-05,0.00014852,9.891e-05,4.482e-05,9.1349e-05,0.00018576,1.8798e-05,9.3042e-05,0.0002144,0.00015367,0.00015166,8.3747e-05,7.8782e-05,0.00023761,0.00011139,0.00013014,0.00020934,5.8386e-05,0.00010727,0.00015007,0.00011003,8.8984e-05,0.00011805,2.6459e-05,8.5403e-06,3.0914e-05,0.00015242,6.7113e-05,8.6735e-05,6.158e-05,9.7606e-05,7.5143e-05,6.2623e-05,-1.5558e-05,4.6889e-05,0.00018417,-2.6586e-05,4.0073e-05,6.8036e-05,8.1382e-05,7.4476e-05,0.00014342,0.00014342,4.1688e-05,5.1656e-05,8.7177e-06,0.00012576,9.7895e-05,6.6938e-05,7.2525e-05,-4.2878e-05,0.00016168,9.3197e-06,2.4094e-05,0.00013236,4.0951e-05,0.00010077,8.3155e-06,0.00019514,7.7433e-05,0.00017404,9.5582e-05,0.00014417
4.2565e-05,8.6351e-05,0.00016098,0.0001635,5.7549e-05,9.8398e-05,2.2737e-05,-3.9708e-06,4.7543e-05,5.712e-05,8.7899e-05,6.5646e-05,0.00012849,3.1394e-05,5.0849e-05,3.2363e-05,5.607e-05,8.9066e-06,8.2052e-05,7.179e-05,4.3952e-05,-2.8769e-05,7.0588e-05,0.00023135,3.8493e-05,6.3265e-05,9.2801e-05,6.4894e-05,5.1356e-06,3.1851e-05,0.00017242,7.7886e-05,0.00014314,3.1973e-05,6.2384e-05,-5.6184e-05,9.2245e-05,0.00010985,0.00018188,6.9619e-05,6.3855e-05,8.6785e-05,8.1743e-05,5.5668e-05,7.3167e-05,1.9361e-06,2.7922e-05,2.4518e-05,0.00010379,0.00011818,2.4268e-05,4.2715e-05,7.4564e-05,7.364e-05,8.1179e-05,-8.9942e-06,3.0883e-05,0.00013108,-6.4898e-05,2.7758e-05,5.1891e-05,9.8902e-05,5.301e-05,2.5762e-05,2.5762e-05,5.7386e-05,6.0826e-05,3.2059e-05,0.00010447,6.2869e-05,6.3615e-05,2.0772e-05,-1.5365e-05,0.0001074,-4.1864e-06,8.8743e-06,9.179e-05,4.1625e-05,0.00012263,3.6043e-05,0.00015571,4.7606e-05,7.9928e-05,5.0858e-05,6.374e-05
0.00031239,0.0001114,0.0001635,0.0010491,0.00028091,0.00024619,5.9875e-05,0.0001056,0.00036266,0.00011586,0.00039546,0.00027081,0.00059105,6.7113e-05,0.00029524,0.00030222,0.00026984,0.00011503,0.00034153,0.00030121,0.00037694,0.00014122,0.00018025,0.00089702,0.00016137,0.00011844,0.00014074,0.00028556,7.7161e-05,0.00022469,0.00039071,0.00024357,0.00025785,0.0001994,8.0154e-05,-1.4494e-07,8.1824e-05,0.00040922,0.001008,0.00017985,0.00022116,0.0003643,0.00029212,0.00023315,0.00015087,-5.9668e-05,0.00010751,0.0001408,0.00032257,0.00028718,0.00017159,0.00014369,0.00030337,0.00033251,0.00036162,1.3343e-05,9.6782e-05,0.00071312,-0.00011833,0.00031868,0.00010273,0.00023397,0.00012601,0.00036342,0.00036342,0.00018073,0.00010266,9.133e-05,0.00027737,0.00032212,0.00013201,0.00010436,1.6471e-05,0.00041035,0.00013253,0.00012501,0.00047956,8.0797e-05,0.00037421,0.00017119,0.00056663,0.00013959,0.00027996,0.0001625,0.00031627
9.7809e-05,6.3697e-05,5.7549e-05,0.00028091,0.00013897,6.076e-05,1.6822e-05,6.6396e-05,9.3125e-05,5.8922e-05,0.00014591,0.00012263,0.00017562,5.2097e-05,0.00010231,0.00014623,9.4198e-05,2.7771e-05,0.00014744,0.00010569,0.00013483,9.0485e-06,8.4911e-05,0.00024203,2.8998e-05,5.3663e-05,5.0137e-05,0.00010538,3.935e-05,0.00010222,0.00017683,0.00010486,0.00012727,8.7407e-05,4.6969e-05,4.9737e-05,4.3023e-05,0.0001568,0.00030386,6.677e-05,9.4113e-05,0.00012611,0.00014487,0.00011073,0.00010854,3.2476e-05,5.446e-05,5.9161e-05,0.00013474,9.1567e-05,5.9662e-05,8.1429e-05,8.1378e-05,0.00010981,0.00011943,-3.1468e-06,2.8751e-05,0.0002287,-3.3942e-06,7.4894e-05,4.9871e-05,0.0001212,8.0747e-05,0.00011652,0.00011652,8.0076e-05,6.5267e-05,2.6973e-05,9.0496e-05,0.00016773,3.4237e-05,1.2705e-05,2.4996e-05,0.00016562,5.0414e-05,5.8022e-05,0.00017948,5.8451e-05,0.00010908,4.2052e-05,0.00015073,8.5525e-05,0.00010169,7.1692e-05,0.00011321
0.00011659,0.0001202,9.8398e-05,0.00024619,6.076e-05,0.00025197,3.1701e-05,8.0885e-05,0.00020292,7.8352e-05,0.00017837,0.00011414,0.00026901,2.9049e-05,0.00011265,-1.4961e-05,0.00010916,8.1523e-05,0.00011742,1.7445e-05,2.2929e-05,-2.6857e-05,9.0131e-05,0.00043504,7.9507e-05,6.9003e-05,9.6202e-05,0.00017803,4.3855e-05,0.00012783,0.00026155,0.00021219,9.3685e-05,0.00018397,8.3048e-05,0.00010875,0.00015587,0.00020031,0.00030525,0.00015205,0.00014968,0.00017975,0.00013197,9.8251e-05,6.7001e-05,-4.9408e-05,4.2529e-05,2.0077e-05,0.00018435,0.00015032,7.3171e-05,0.00010252,0.00020989,0.00011679,0.00012203,3.5147e-05,6.6985e-05,0.00026622,-7.7495e-05,0.00013256,7.6637e-05,0.00012557,6.5202e-05,0.00013988,0.00013988,8.7339e-05,4.7541e-05,4.4685e-05,0.00017541,0.00010842,0.0001039,5.8821e-05,4.6063e-05,0.00019951,6.0949e-05,4.0999e-05,0.00016359,5.2757e-05,0.00020022,9.6269e-05,0.00031882,0.00010727,0.00020444,0.00013023,0.00015789
5.4528e-05,4.0102e-05,2.2737e-05,5.9875e-05,1.6822e-05,3.1701e-05,7.3145e-05,3.3298e-05,8.7612e-06,5.5494e-05,4.4669e-05,1.4667e-05,1.6219e-05,4.3012e-05,2.9083e-05,1.3897e-05,5.4278e-05,2.2238e-05,6.7477e-05,7.6423e-05,8.1417e-05,4.0729e-05,4.1874e-05,-2.2416e-05,5.6017e-05,6.72e-06,5.5498e-05,3.64e-05,3.9665e-05,-1.9477e-05,5.9164e-05,4.1105e-05,4.797e-05,3.8978e-05,6.0574e-05,1.1819e-05,6.8555e-05,4.9858e-05,4.9395e-05,2.1492e-05,-8.6759e-06,4.1224e-05,-3.5754e-05,2.6611e-05,5.9683e-05,5.1706e-05,1.4632e-05,4.5061e-05,5.1976e-05,-1.5154e-05,3.6507e-05,2.318e-05,-3.5968e-05,5.9639e-05,5.8387e-05,1.5422e-05,2.2626e-05,5.2608e-05,4.9358e-05,7.828e-06,1.3461e-05,8.0632e-05,4.546e-05,7.3471e-05,7.3471e-05,7.5375e-05,4.068e-05,7.0926e-06,4.6273e-05,8.3915e-06,5.7147e-05,4.2539e-05,2.3816e-05,-8.4437e-08,1.6128e-05,4.4134e-05,4.1717e-05,4.9494e-05,2.137e-05,1.8409e-05,4.8819e-05,4.834e-05,7.8819e-05,3.9507e-05,4.7024e-05
9.2093e-05,-1.1863e-05,-3.9708e-06,0.0001056,6.6396e-05,8.0885e-05,3.3298e-05,0.00025977,2.3227e-05,4.6746e-05,8.0832e-05,3.8093e-05,8.0351e-05,5.9295e-05,8.2167e-06,6.4244e-05,2.8764e-05,2.9163e-07,6.812e-05,0.00022478,5.6976e-05,-3.5764e-07,7.0811e-05,8.1291e-05,6.9588e-05,1.772e-05,8.6578e-05,8.2099e-05,9.207e-05,2.9781e-05,6.6731e-05,0.00018629,-2.756e-05,8.3041e-05,3.2212e-05,0.00013138,9.6523e-05,8.4912e-05,0.000111,7.8622e-05,7.6823e-05,2.5348e-05,-2.1101e-06,7.3873e-07,2.8401e-05,4.9593e-05,5.3333e-05,2.323e-05,0.0001128,1.9461e-05,3.5835e-05,7.9778e-05,7.627e-06,8.8326e-05,9.8366e-05,4.3451e-05,5.351e-05,0.00012094,-5.1581e-05,0.00010285,-1.4377e-05,0.00013337,6.0267e-05,8.2771e-05,8.2771e-05,0.00013826,5.5821e-05,2.6408e-05,6.4052e-05,9.7956e-05,6.661e-05,-1.3184e-05,0.00012946,5.5919e-06,8.8056e-05,0.00010267,0.00011012,7.5181e-05,4.733e-05,7.2989e-05,3.7762e-05,6.1475e-05,8.4e-05,5.9517e-05,6.3443e-05
0.00015964,0.00013901,4.7543e-05,0.00036266,9.3125e-05,0.00020292,8.7612e-06,2.3227e-05,0.00036598,1.6885e-05,0.00018553,0.00012923,0.00031942,3.2403e-05,0.00018707,3.7094e-06,0.00011321,7.6314e-05,0.00011284,-6.8417e-05,6.5739e-05,2.0368e-05,5.311e-05,0.00043287,8.0502e-05,2.9872e-05,1.6129e-05,0.00016897,2.613e-05,0.00018094,0.00024612,0.0002058,4.0778e-05,0.00019894,1.843e-06,7.153e-05,7.2151e-05,0.00019529,0.00042647,7.2195e-05,0.00013719,0.00018821,0.00022432,0.00014363,2.869e-05,-7.7801e-05,5.3968e-06,9.5864e-06,0.00014007,0.00013082,6.2178e-05,5.8843e-05,0.00027957,0.00010391,9.8742e-05,-2.35e-05,2.1799e-05,0.00033891,-8.0635e-05,0.0001906,8.1399e-05,8.7483e-05,2.9872e-05,0.00024233,0.00024233,6.8332e-05,-8.6169e-06,2.7417e-05,0.00016139,0.00012004,8.5694e-05,0.00011512,-3.2999e-05,0.00026366,2.6211e-05,2.25e-05,0.0001937,-4.7421e-06,0.00016445,5.0607e-05,0.00036591,3.3113e-05,0.0001644,0.00012483,0.00014967
6.3654e-05,6.49e-05,5.712e-05,0.00011586,5.8922e-05,7.8352e-05,5.5494e-05,4.6746e-05,1.6885e-05,0.00010382,0.00010144,7.4659e-05,7.2317e-05,4.5765e-05,5.8375e-05,5.4656e-05,7.708e-05,3.4214e-05,9.7894e-05,6.4127e-05,6.0562e-05,-6.8234e-06,7.0095e-05,8.2655e-05,2.8157e-05,3.2368e-05,6.2126e-05,6.8233e-05,2.6367e-05,1.6176e-05,0.00011675,5.1489e-05,9.6181e-05,6.5195e-05,0.00011062,1.4554e-05,9.3663e-05,9.6937e-05,0.00013327,6.5022e-05,4.3847e-05,5.9188e-05,2.5134e-05,7.3373e-05,8.9693e-05,4.3524e-05,2.3777e-05,4.7248e-05,9.9063e-05,2.7817e-05,5.3234e-05,8.0886e-05,-9.6412e-07,8.8854e-05,8.4035e-05,2.154e-05,3.48e-05,0.00010988,7.2549e-06,1.4987e-05,4.7705e-05,8.8886e-05,6.4967e-05,5.6075e-05,5.6075e-05,5.5787e-05,6.9495e-05,1.8079e-05,7.4647e-05,6.2649e-05,4.5756e-05,-1.0711e-05,3.5199e-05,5.1581e-05,3.9849e-05,4.1079e-05,0.00010598,6.5036e-05,6.3555e-05,4.3946e-05,0.00010376,0.00010084,0.00011458,6.3246e-05,8.5922e-05
0.00015482,0.00016652,8.7899e-05,0.00039546,0.00014591,0.00017837,4.4669e-05,8.0832e-05,0.00018553,0.00010144,0.00030469,0.00018389,0.00032745,5.9518e-05,0.0001946,0.00018292,0.00016689,7.4806e-05,0.00020761,2.3043e-05,0.00014895,3.3062e-06,0.00012188,0.00042549,0.00011874,6.8819e-05,0.00011066,0.0002016,4.2786e-05,0.00015774,0.00032285,0.00020543,0.00017602,0.0001396,0.00010053,0.0001147,0.00010011,0.00024875,0.00045712,0.0001453,0.00014772,0.00022207,0.00016458,9.5522e-05,0.00010318,1.3425e-05,9.4517e-05,5.5651e-05,0.0002378,0.0001546,0.00013126,0.00013807,0.00018371,0.00019133,0.00019838,1.9173e-05,5.1725e-05,0.00035716,-4.2098e-05,0.00013388,9.8891e-05,0.00017167,7.766e-05,0.00019708,0.00019708,0.00010707,9.6662e-05,2.8992e-05,0.00018712,0.00018056,8.2802e-05,2.3549e-05,5.4835e-05,0.00026606,9.1993e-05,5.8592e-05,0.0003287,6.3231e-05,0.00021426,0.0001036,0.00027012,0.00012726,0.0002558,0.00013698,0.00019702
9.3578e-05,0.00014025,6.5646e-05,0.00027081,0.00012263,0.00011414,1.4667e-05,3.8093e-05,0.00012923,7.4659e-05,0.00018389,0.00020846,0.0002299,3.6623e-05,0.00013697,0.00017648,0.00010206,5.0817e-05,0.00018765,4.2001e-05,-8.8266e-06,-2.646e-05,9.2167e-05,0.00029533,6.9104e-05,6.0165e-05,7.2564e-05,0.00021268,2.2836e-05,0.00010231,0.00020737,0.00011738,0.00018,8.0652e-05,8.1363e-05,0.00028589,4.8401e-05,0.00018262,0.00032423,0.00012361,0.00015768,0.00016165,0.00018553,0.00013365,0.00012427,3.3565e-05,3.1541e-05,7.0998e-05,0.00017611,0.00012142,7.8719e-05,9.8318e-05,0.00015336,0.00011809,0.00011709,-1.0661e-06,3.0065e-05,0.00027154,-1.6781e-05,9.5948e-05,6.4442e-05,9.2874e-05,9.7806e-05,0.00014747,0.00014747,1.0014e-05,6.7409e-05,2.0153e-05,0.00012598,0.0001568,2.2564e-05,6.9225e-05,-1.8931e-06,0.00019288,4.9264e-05,4.1452e-05,0.00018589,7.9501e-05,0.00013816,6.83e-05,0.00017966,9.6589e-05,0.00016141,9.199e-05,0.00016273
0.00019918,0.00019687,0.00012849,0.00059105,0.00017562,0.00026901,1.6219e-05,8.0351e-05,0.00031942,7.2317e-05,0.00032745,0.0002299,0.00050733,5.0687e-05,0.00022907,0.00019097,0.00019774,7.3429e-05,0.00026268,5.8967e-05,0.0001466,4.0556e-05,0.00013876,0.00074495,0.00012001,0.00011289,0.00012752,0.00030229,4.7812e-05,0.00024361,0.00039896,0.00030451,0.00021107,0.00021295,6.7263e-05,0.00020099,0.00010386,0.00032513,0.00066214,0.00017671,0.00022186,0.00031447,0.00025052,0.00016646,0.00011255,-7.7099e-05,8.933e-05,4.2642e-05,0.00027795,0.0002533,0.00013834,0.00014053,0.00033569,0.00021485,0.0002306,1.1164e-06,0.00010647,0.00051138,-0.00014189,0.00023464,9.9096e-05,0.00017559,0.0001001,0.00027765,0.00027765,0.00011324,7.2764e-05,5.3512e-05,0.0002374,0.00027083,0.00010075,9.5725e-05,1.471e-05,0.00037216,0.00011507,6.8867e-05,0.00034032,5.4069e-05,0.00034003,0.00013076,0.00044387,0.00011663,0.00027441,0.00016702,0.00026318
6.6699e-05,6.5302e-05,3.1394e-05,6.7113e-05,5.2097e-05,2.9049e-05,4.3012e-05,5.9295e-05,3.2403e-05,4.5765e-05,5.9518e-05,3.6623e-05,5.0687e-05,7.2908e-05,4.9011e-05,4.3099e-05,5.5445e-05,-8.4515e-06,8.7895e-05,9.562e-05,0.00010382,4.6994e-05,5.3097e-05,2.6583e-05,6.1922e-05,2.8832e-05,3.4387e-05,3.2741e-05,4.0164e-05,2.947e-05,0.00010187,8.9031e-05,5.5044e-05,5.592e-05,3.6475e-05,6.8754e-07,6.0991e-05,7.3238e-05,8.627e-05,1.7427e-07,2.3159e-05,6.4691e-05,2.9578e-05,4.6576e-05,8.2991e-05,4.4694e-05,1.7978e-05,3.9346e-05,7.1573e-05,-1.1757e-06,3.7859e-05,3.6068e-05,3.3307e-05,6.2959e-05,6.1829e-05,2.1059e-05,3.5404e-05,7.5949e-05,5.164e-05,2.757e-05,2.4226e-05,8.0813e-05,5.3197e-05,8.5137e-05,8.5137e-05,8.151e-05,3.8273e-05,8.9996e-06,5.6131e-05,7.6891e-05,2.7486e-05,1.4126e-05,1.35e-05,2.5636e-05,2.4593e-05,4.1153e-05,6.2018e-05,4.7763e-05,2.7677e-05,-3.6081e-06,3.923e-05,5.2593e-05,7.24e-05,4.9916e-05,4.4753e-05
0.0001333,0.00013276,5.0849e-05,0.00029524,0.00010231,0.00011265,2.9083e-05,8.2167e-06,0.00018707,5.8375e-05,0.0001946,0.00013697,0.00022907,4.9011e-05,0.00018894,0.000147,0.00011527,4.9435e-05,0.00015695,-2.7372e-05,0.00011416,3.9186e-05,6.7792e-05,0.00028026,6.8898e-05,2.0787e-05,3.3064e-05,0.00013559,2.2192e-05,0.00011623,0.00021245,0.00010005,7.9111e-05,0.00011526,5.7262e-05,4.7255e-05,6.4844e-05,0.00017071,0.000354,5.382e-05,0.00010567,0.00014273,0.00016786,8.0411e-05,7.3081e-05,5.8578e-06,2.3977e-05,6.1838e-05,0.00014742,8.2522e-05,8.6376e-05,6.3553e-05,0.00014272,0.00011937,0.00011188,1.0002e-05,3.975e-06,0.00027114,1.6159e-05,0.00013015,5.9317e-05,7.7903e-05,4.5787e-05,0.00020651,0.00020651,3.7046e-05,5.0162e-05,1.6755e-05,0.00012601,0.00010786,6.3952e-05,7.7817e-05,-2.2407e-05,0.00018038,4.6852e-05,2.355e-05,0.00020066,1.9375e-05,0.00011895,4.6303e-05,0.00023356,8.2324e-05,0.00017765,8.8727e-05,0.00013157
9.4987e-05,8.2739e-05,3.2363e-05,0.00030222,0.00014623,-1.4961e-05,1.3897e-05,6.4244e-05,3.7094e-06,5.4656e-05,0.00018292,0.00017648,0.00019097,4.3099e-05,0.000147,0.00043342,9.7563e-05,9.3883e-06,0.00019723,6.4356e-05,9.9481e-05,8.1249e-05,8.335e-05,0.00026097,3.7576e-05,3.1011e-05,9.7412e-05,0.00017013,1.613e-05,6.4722e-05,0.00010154,7.2055e-05,0.00012632,1.729e-05,9.0742e-05,0.00020045,-1.5582e-05,0.00012202,0.00032814,1.1562e-05,0.00011042,0.00013543,0.00014897,7.1667e-06,4.5631e-05,5.9835e-05,6.2467e-05,6.4979e-05,0.00014817,0.00010064,6.7695e-05,8.5332e-05,8.9809e-06,0.00013933,0.00014145,-2.8187e-06,2.7338e-06,0.00024076,-5.8272e-05,6.0412e-05,-9.5127e-06,6.5616e-05,7.8601e-05,0.00016486,0.00016486,-1.8498e-05,0.00010963,8.3883e-06,7.2462e-05,0.00016934,4.5476e-05,7.0133e-05,9.4084e-06,0.00012982,9.8902e-05,6.4037e-05,0.00021312,4.81e-05,0.0001329,9.132e-05,8.2025e-05,8.9831e-05,0.00010787,5.8331e-05,0.00012151
0.00011009,0.00010366,5.607e-05,0.00026984,9.4198e-05,0.00010916,5.4278e-05,2.8764e-05,0.00011321,7.708e-05,0.00016689,0.00010206,0.00019774,5.5445e-05,0.00011527,9.7563e-05,0.00013551,5.5081e-05,0.0001668,5.4736e-05,0.00015087,5.6945e-05,8.4515e-05,0.0002638,7.9904e-05,5.2328e-05,7.2648e-05,0.00012271,3.9979e-05,9.2817e-05,0.0002157,0.00013348,0.00013832,0.00012499,7.2541e-05,3.3037e-05,6.9754e-05,0.00016872,0.00028943,6.9506e-05,7.7688e-05,0.000182,0.00010956,0.00010857,9.9783e-05,1.0049e-05,5.8605e-05,5.8854e-05,0.00015827,8.9052e-05,8.5499e-05,7.7107e-05,0.00013113,0.00013099,0.00013753,1.5029e-05,5.5691e-05,0.00022979,2.6118e-05,6.4925e-05,6.0584e-05,0.00012083,8.0608e-05,0.00015334,0.00015334,8.8629e-05,6.9154e-05,2.4116e-05,0.0001288,0.00014719,6.8699e-05,3.615e-05,3.373e-05,0.00016256,6.1589e-05,4.3682e-05,0.00017286,6.4486e-05,0.00013917,5.3458e-05,0.00018674,0.00010477,0.00015517,0.00010192,0.00014018
4.331e-05,3.1162e-05,8.9066e-06,0.00011503,2.7771e-05,8.1523e-05,2.2238e-05,2.9163e-07,7.6314e-05,3.4214e-05,7.4806e-05,5.0817e-05,7.3429e-05,-8.4515e-06,4.9435e-05,9.3883e-06,5.5081e-05,0.00011493,4.0275e-05,-5.7222e-05,1.5451e-05,2.9522e-05,2.9249e-05,0.00011514,2.85e-05,1.0987e-05,4.3229e-05,7.0521e-05,3.2377e-05,2.6766e-05,6.2743e-05,2.9463e-05,3.0748e-05,7.2825e-05,4.7707e-05,3.3621e-05,4.42e-05,5.9442e-05,0.00011141,7.299e-05,6.1949e-05,9.3301e-05,0.00010317,4.2391e-05,2.2621e-05,1.1037e-05,3.4009e-05,4.9385e-05,8.4457e-05,5.1508e-05,2.9146e-05,3.4984e-05,2.2664e-05,3.5771e-05,3.8344e-05,1.367e-05,-1.1597e-05,0.00010007,-1.5214e-05,-1.3305e-05,2.6148e-05,4.9039e-05,3.4643e-05,5.2802e-05,5.2802e-05,9.0955e-06,3.171e-05,1.7532e-05,6.3656e-05,1.6113e-05,6.814e-05,6.8288e-05,5.7342e-05,0.00010706,1.702e-05,3.5004e-05,9.2813e-05,2.9899e-05,3.5838e-05,4.6678e-05,0.00016695,6.8155e-05,5.9768e-05,5.7606e-05,6.9002e-05
0.0001591,0.00016276,8.2052e-05,0.00034153,0.00014744,0.00011742,6.7477e-05,6.812e-05,0.00011284,9.7894e-05,0.00020761,0.00018765,0.00026268,8.7895e-05,0.00015695,0.00019723,0.0001668,4.0275e-05,0.00032872,0.00017214,0.00014162,6.3119e-05,0.00013069,0.00034776,7.0357e-05,6.3558e-05,0.00010159,0.00022631,8.4565e-05,0.00010642,0.00030758,0.00016982,0.00020556,0.00014872,7.6225e-05,0.00019855,0.00010766,0.00024261,0.00038436,0.00012337,0.00015289,0.00022343,0.00017379,0.0001947,0.00018625,5.5424e-05,5.9014e-05,0.00014124,0.00025658,0.00010691,0.0001179,9.8804e-05,0.00016168,0.0001577,0.00016626,9.0262e-06,9.8001e-05,0.0003389,5.0078e-05,0.00013516,5.6368e-05,0.00017582,0.00014436,0.00027231,0.00027231,9.2251e-05,0.00011496,2.4713e-05,0.00015992,0.00021918,5.687e-05,0.0001172,4.0338e-05,0.00017386,8.5575e-05,6.6148e-05,0.0002115,0.00012502,0.00017137,6.067e-05,0.00020127,0.00014291,0.00018675,0.00010763,0.00020965
0.00011959,-6.6175e-05,7.179e-05,0.00030121,0.00010569,1.7445e-05,7.6423e-05,0.00022478,-6.8417e-05,6.4127e-05,2.3043e-05,4.2001e-05,5.8967e-05,9.562e-05,-2.7372e-05,6.4356e-05,5.4736e-05,-5.7222e-05,0.00017214,0.00057732,0.00018904,6.8187e-05,0.00010824,0.00011515,8.1355e-05,6.761e-05,7.4246e-05,5.2118e-05,0.00012459,-2.8607e-05,7.275e-05,0.00011593,8.333e-05,1.9829e-05,5.2158e-06,5.9532e-05,7.5574e-05,0.00012599,0.00020812,6.3133e-05,4.7336e-05,5.5195e-05,-6.2856e-05,8.6782e-05,0.00017983,8.7957e-05,4.0913e-05,0.00012266,0.00011964,2.1204e-05,3.4333e-05,2.4461e-05,1.9388e-05,0.00014466,0.00017305,5.4938e-05,0.00012287,0.00016459,9.6119e-05,0.00014225,-6.9409e-06,0.00016829,0.00012891,8.9233e-05,8.9233e-05,0.0002088,6.3239e-05,4.9686e-05,7.2621e-05,0.00013021,-1.318e-06,-1.9868e-05,6.655e-05,-6.4893e-05,5.1066e-05,9.4543e-05,5.7154e-05,0.00015129,6.431e-05,3.8888e-05,-5.3763e-05,6.0978e-05,4.283e-05,9.9466e-07,6.4698e-05
0.00015656,7.6788e-06,4.3952e-05,0.00037694,0.00013483,2.2929e-05,8.1417e-05,5.6976e-05,6.5739e-05,6.0562e-05,0.00014895,-8.8266e-06,0.0001466,0.00010382,0.00011416,9.9481e-05,0.00015087,1.5451e-05,0.00014162,0.00018904,0.00047568,0.00015668,8.8149e-05,0.00022312,0.00010506,5.3274e-05,4.9066e-05,-4.1434e-05,6.3352e-05,0.00010331,0.00019927,0.00010071,0.00010019,0.00011735,2.7469e-05,-0.00033767,7.726e-05,0.00018188,0.00034752,-2.563e-05,-2.5022e-05,0.00017372,3.8017e-05,4.9576e-05,0.0001021,2.2295e-05,9.2378e-05,7.8058e-05,0.00011053,3.4876e-05,0.00010104,5.023e-05,1.7842e-05,0.00015086,0.00017745,6.4937e-05,3.4559e-05,0.00021984,0.00014733,7.2985e-05,3.337e-05,0.00017383,4.5456e-05,0.00016618,0.00016618,0.00020682,6.4662e-05,4.0962e-05,9.0959e-05,0.00017558,9.2596e-05,-1.2383e-05,4.2997e-05,0.0001233,7.1336e-05,9.8966e-05,0.00018781,2.2009e-05,0.00010899,4.7574e-06,0.00018313,9.7947e-05,0.00013153,8.3321e-05,8.7245e-05
7.4122e-05,2.6114e-05,-2.8769e-05,0.00014122,9.0485e-06,-2.6857e-05,4.0729e-05,-3.5764e-07,2.0368e-05,-6.8234e-06,3.3062e-06,-2.646e-05,4.0556e-05,4.6994e-05,3.9186e-05,8.1249e-05,5.6945e-05,2.9522e-05,6.3119e-05,6.8187e-05,0.00015668,0.00024941,-3.1151e-07,5.5122e-06,4.2268e-05,1.6903e-06,1.2524e-05,1.4068e-05,5.7288e-05,-1.4049e-05,-5.5553e-05,2.775e-05,-5.4382e-05,2.4128e-05,-2.5303e-06,-4.5673e-05,-5.6795e-06,-2.0448e-05,9.7324e-05,-8.9379e-05,-1.4236e-05,6.9648e-05,-1.9225e-05,-1.7522e-05,3.6892e-05,2.7676e-06,3.2886e-06,5.8397e-05,1.8981e-05,-4.6251e-05,2.6258e-05,-4.3871e-05,-6.0573e-05,3.5399e-05,3.1784e-05,2.0414e-05,3.8577e-05,4.4826e-05,-7.3729e-06,-8.9133e-06,-4.0063e-05,-2.323e-05,3.0131e-05,0.00010326,0.00010326,4.0146e-05,-8.1594e-07,1.0101e-05,9.7187e-06,1.9192e-05,4.7308e-05,9.058e-05,-4.0651e-06,-2.447e-05,2.9355e-05,5.2444e-05,2.3131e-05,-7.1514e-07,-1.277e-05,-1.5354e-05,7.7589e-05,2.5791e-05,-1.0836e-05,1.5984e-06,2.0079e-05
7.2612e-05,6.4393e-05,7.0588e-05,0.00018025,8.4911e-05,9.0131e-05,4.1874e-05,7.0811e-05,5.311e-05,7.0095e-05,0.00012188,9.2167e-05,0.00013876,5.3097e-05,6.7792e-05,8.335e-05,8.4515e-05,2.9249e-05,0.00013069,0.00010824,8.8149e-05,-3.1151e-07,0.00010524,0.00019337,6.3894e-05,6.4411e-05,7.5184e-05,9.8415e-05,4.4835e-05,6.2024e-05,0.00019002,9.8146e-05,0.00014257,8.2986e-05,6.7344e-05,2.5676e-05,6.6619e-05,0.0001465,0.00019479,0.00010376,6.3814e-05,0.00010695,0.00010058,8.609e-05,0.00010139,4.6475e-05,6.3978e-05,5.3947e-05,0.00012529,7.8951e-05,5.9744e-05,8.7179e-05,0.00010507,0.00010791,0.00011722,1.9496e-05,6.8862e-05,0.00017432,3.2294e-05,4.6543e-05,5.1185e-05,0.0001552,7.9786e-05,9.4183e-05,9.4183e-05,8.4693e-05,7.6318e-05,1.618e-05,9.1517e-05,0.00012002,2.6153e-05,2.2298e-05,5.3203e-05,0.00011019,5.7832e-05,5.1828e-05,0.00013164,8.3434e-05,0.00011879,5.5253e-05,0.00011025,8.4047e-05,0.00012276,8.3356e-05,9.3693e-05
0.00030127,0.00014852,0.00023135,0.00089702,0.00024203,0.00043504,-2.2416e-05,8.1291e-05,0.00043287,8.2655e-05,0.00042549,0.00029533,0.00074495,2.6583e-05,0.00028026,0.00026097,0.0002638,0.00011514,0.00034776,0.00011515,0.00022312,5.5122e-06,0.00019337,0.001634,5.1974e-05,0.0002273,0.00015287,0.00034211,2.6093e-05,0.00038482,0.00059684,0.00047024,0.00027848,0.00036277,8.6697e-05,5.1656e-05,0.00018542,0.00051202,0.00096584,0.00020439,0.00036628,0.00059197,0.00038017,0.00023539,3.845e-05,-0.00027489,0.00012129,2.5465e-05,0.00041089,0.00049884,0.00011381,0.00024634,0.00056672,0.00028613,0.00033863,6.4975e-05,0.00013895,0.0007352,-0.00033296,0.00036051,0.00015174,0.00020089,7.5442e-05,0.00037327,0.00037327,8.2984e-05,7.6471e-05,0.00010501,0.00036493,0.00037374,0.00010803,0.0001666,2.8283e-05,0.00052739,0.00016132,7.0926e-05,0.00046411,2.8557e-05,0.0006488,0.00024184,0.00070417,0.00016228,0.00029725,0.00024319,0.00033486
6.2158e-05,9.891e-05,3.8493e-05,0.00016137,2.8998e-05,7.9507e-05,5.6017e-05,6.9588e-05,8.0502e-05,2.8157e-05,0.00011874,6.9104e-05,0.00012001,6.1922e-05,6.8898e-05,3.7576e-05,7.9904e-05,2.85e-05,7.0357e-05,8.1355e-05,0.00010506,4.2268e-05,6.3894e-05,5.1974e-05,0.00031973,3.6961e-05,0.00012811,8.0265e-05,4.7233e-06,2.8948e-05,0.00014428,0.00014211,0.00016567,2.1111e-05,2.2861e-05,0.00010521,4.7312e-05,0.00013744,0.0001605,5.7556e-05,4.1686e-05,0.00017127,9.9643e-05,-3.5323e-06,1.0067e-05,4.0917e-05,4.53e-05,2.5085e-05,0.00011829,6.5431e-05,8.9927e-05,3.4573e-05,0.00018831,0.00010846,0.00012146,7.6182e-05,5.7294e-06,0.00015019,0.00015546,4.4812e-05,1.4324e-05,0.00011982,3.2237e-05,0.00010213,0.00010213,7.951e-05,4.0909e-05,1.9099e-05,0.00012899,0.00011235,8.6619e-05,2.762e-05,2.7295e-05,8.3007e-05,2.9731e-05,5.7153e-05,7.4805e-05,5.5139e-05,6.0293e-05,2.9298e-05,8.4703e-05,2.4195e-05,0.00016464,0.00012038,9.5567e-05
2.8475e-05,4.482e-05,6.3265e-05,0.00011844,5.3663e-05,6.9003e-05,6.72e-06,1.772e-05,2.9872e-05,3.2368e-05,6.8819e-05,6.0165e-05,0.00011289,2.8832e-05,2.0787e-05,3.1011e-05,5.2328e-05,1.0987e-05,6.3558e-05,6.761e-05,5.3274e-05,1.6903e-06,6.4411e-05,0.0002273,3.6961e-05,8.3493e-05,4.4132e-05,6.0416e-05,1.4346e-05,6.6273e-05,0.00012981,9.0737e-05,0.0001257,4.6113e-05,3.6234e-05,3.5457e-05,2.9007e-05,9.8153e-05,0.00012664,5.7991e-05,5.0497e-05,0.00011433,5.2634e-05,5.5988e-05,8.1707e-05,-8.8001e-06,4.5098e-05,1.0325e-05,7.0127e-05,8.553e-05,2.7904e-05,5.8393e-05,9.8982e-05,6.2193e-05,7.5483e-05,1.9659e-05,5.7935e-05,9.7437e-05,-1.1786e-05,8.8704e-06,4.6574e-05,7.5138e-05,5.0677e-05,1.191e-05,1.191e-05,5.0381e-05,2.5999e-05,1.8773e-05,6.2255e-05,9.8185e-05,-9.7297e-06,-2.0881e-06,1.3082e-05,9.9018e-05,2.8001e-05,2.9349e-05,7.1623e-05,4.3699e-05,0.00011647,2.8728e-05,7.7853e-05,4.8048e-05,6.4698e-05,5.3054e-05,5.4475e-05
5.2215e-05,9.1349e-05,9.2801e-05,0.00014074,5.0137e-05,9.6202e-05,5.5498e-05,8.6578e-05,1.6129e-05,6.2126e-05,0.00011066,7.2564e-05,0.00012752,3.4387e-05,3.3064e-05,9.7412e-05,7.2648e-05,4.3229e-05,0.00010159,7.4246e-05,4.9066e-05,1.2524e-05,7.5184e-05,0.00015287,0.00012811,4.4132e-05,0.00017817,0.00013179,3.3616e-05,1.0747e-05,0.00013032,0.00014246,0.00014963,3.9792e-05,8.9396e-05,0.0001419,0.00011056,0.00011015,0.00015273,9.5885e-05,7.0733e-05,0.00012079,4.3805e-05,1.2623e-05,3.2448e-05,3.7224e-05,5.7284e-05,2.7946e-05,0.00013853,9.6578e-05,5.9969e-05,6.8345e-05,-1.8762e-06,8.5378e-05,9.8636e-05,1.7024e-05,2.3862e-05,0.00014142,-6.9274e-05,6.7129e-06,-6.7535e-07,0.00013439,6.9265e-05,6.7232e-05,6.7232e-05,7.6913e-05,8.6529e-05,3.1458e-05,0.0001051,9.3846e-05,0.00013506,6.831e-05,6.3998e-05,9.5288e-05,4.8121e-05,8.9191e-05,0.00010315,6.3452e-05,0.00011173,7.3903e-05,0.00016501,6.8443e-05,0.00012022,9.0955e-05,0.00011282
0.00011286,0.00018576,6.4894e-05,0.00028556,0.00010538,0.00017803,3.64e-05,8.2099e-05,0.00016897,6.8233e-05,0.0002016,0.00021268,0.00030229,3.2741e-05,0.00013559,0.00017013,0.00012271,7.0521e-05,0.00022631,5.2118e-05,-4.1434e-05,1.4068e-05,9.8415e-05,0.00034211,8.0265e-05,6.0416e-05,0.00013179,0.00031766,6.7053e-05,0.00011614,0.00023038,0.00020823,0.00016495,0.00012906,8.8206e-05,0.00047199,9.1579e-05,0.00019386,0.00035165,0.00016904,0.00019053,0.00018923,0.00014955,0.00012793,0.0001423,2.6682e-05,4.5035e-05,7.0306e-05,0.00021676,0.00013829,9.8611e-05,9.1158e-05,0.00014613,0.00012811,0.00012878,-1.7012e-05,7.3168e-05,0.00031762,-8.4876e-05,0.0001294,4.3438e-05,0.00011998,0.00013393,0.00020172,0.00020172,5.5112e-05,7.3727e-05,2.8494e-05,0.00015475,0.00016497,8.8179e-05,0.00014074,2.3239e-05,0.00022485,7.5801e-05,7.2626e-05,0.00018622,9.8135e-05,0.0001839,9.932e-05,0.00025684,0.00011091,0.00020858,0.00010965,0.00021591
6.6754e-05,1.8798e-05,5.1356e-06,7.7161e-05,3.935e-05,4.3855e-05,3.9665e-05,9.207e-05,2.613e-05,2.6367e-05,4.2786e-05,2.2836e-05,4.7812e-05,4.0164e-05,2.2192e-05,1.613e-05,3.9979e-05,3.2377e-05,8.4565e-05,0.00012459,6.3352e-05,5.7288e-05,4.4835e-05,2.6093e-05,4.7233e-06,1.4346e-05,3.3616e-05,6.7053e-05,9.0936e-05,1.066e-05,6.8734e-05,8.1913e-05,-1.0424e-05,6.2539e-05,1.6376e-05,7.8085e-05,5.1379e-05,5.1134e-05,6.9373e-05,6.1117e-05,4.3432e-05,3.1887e-05,1.7907e-06,3.4584e-05,0.00010016,5.6178e-05,3.8144e-05,7.4115e-05,8.0856e-05,-4.4321e-06,2.9138e-05,1.3267e-05,-1.7711e-05,4.8374e-05,5.2586e-05,9.9813e-06,3.6352e-05,7.4318e-05,5.4505e-06,4.4176e-05,8.9354e-07,8.0776e-05,7.2117e-05,8.2592e-05,8.2592e-05,9.7742e-05,3.4887e-05,1.4453e-05,4.208e-05,3.9779e-05,4.347e-05,6.8273e-05,6.9812e-05,2.6852e-05,3.8558e-05,5.9922e-05,7.203e-05,6.5068e-05,1.4141e-05,2.4093e-05,5.2139e-05,5.8736e-05,5.2049e-05,1.8819e-05,4.4044e-05
8.2858e-05,9.3042e-05,3.1851e-05,0.00022469,0.00010222,0.00012783,-1.9477e-05,2.9781e-05,0.00018094,1.6176e-05,0.00015774,0.00010231,0.00024361,2.947e-05,0.00011623,6.4722e-05,9.2817e-05,2.6766e-05,0.00010642,-2.8607e-05,0.00010331,-1.4049e-05,6.2024e-05,0.00038482,2.8948e-05,6.6273e-05,1.0747e-05,0.00011614,1.066e-05,0.00019433,0.00022596,0.00016394,9.2461e-05,0.00015487,3.4792e-06,6.8673e-05,4.9052e-05,0.00017251,0.00029913,5.5993e-05,0.00010878,0.00017874,0.00017023,9.5489e-05,5.8106e-05,-5.5881e-05,4.9932e-05,-1.4385e-05,0.00011902,0.00012594,6.0477e-05,8.1911e-05,0.00021485,8.086e-05,9.268e-05,6.6772e-06,5.5544e-05,0.0002363,5.4912e-07,0.00010771,7.4932e-05,9.0608e-05,3.557e-05,0.00012273,0.00012273,6.3132e-05,1.4998e-05,2.1794e-05,0.00010321,0.00016939,1.2882e-05,-1.2805e-05,-6.8422e-06,0.00022864,4.6401e-05,1.1795e-05,0.00014811,5.0566e-06,0.00016832,3.2392e-05,0.00019923,6.5131e-05,0.00013284,9.6745e-05,0.00011891
0.00017427,0.0002144,0.00017242,0.00039071,0.00017683,0.00026155,5.9164e-05,6.6731e-05,0.00024612,0.00011675,0.00032285,0.00020737,0.00039896,0.00010187,0.00021245,0.00010154,0.0002157,6.2743e-05,0.00030758,7.275e-05,0.00019927,-5.5553e-05,0.00019002,0.00059684,0.00014428,0.00012981,0.00013032,0.00023038,6.8734e-05,0.00022596,0.00057095,0.00030574,0.00031117,0.00025099,9.2312e-05,4.1446e-05,0.00014683,0.00038131,0.00048506,0.00022946,0.00018694,0.00032888,0.00029007,0.00021905,0.00020482,1.9254e-05,0.00013757,9.5315e-05,0.00032733,0.00023752,0.00014667,0.00016382,0.00040947,0.00022239,0.00024471,2.3609e-05,9.7465e-05,0.00042829,7.3532e-05,0.00017159,0.00014768,0.00029345,0.00014743,0.00026888,0.00026888,0.00017673,0.00013629,3.8172e-05,0.00027047,0.0003028,9.4887e-05,7.8089e-05,8.0777e-05,0.00036218,0.00010674,4.5503e-05,0.0003255,0.00013514,0.00030964,9.9383e-05,0.00032041,0.00017196,0.00031962,0.00020534,0.00023423
0.00015376,0.00015367,7.7886e-05,0.00024357,0.00010486,0.00021219,4.1105e-05,0.00018629,0.0002058,5.1489e-05,0.00020543,0.00011738,0.00030451,8.9031e-05,0.00010005,7.2055e-05,0.00013348,2.9463e-05,0.00016982,0.00011593,0.00010071,2.775e-05,9.8146e-05,0.00047024,0.00014211,9.0737e-05,0.00014246,0.00020823,8.1913e-05,0.00016394,0.00030574,0.00040564,0.00010724,0.00020701,4.9603e-05,0.0002424,0.00013764,0.0002185,0.0003097,9.018e-05,0.00017011,0.00027556,0.00011045,8.5982e-05,7.6539e-05,-3.6883e-05,8.1222e-05,-1.3747e-06,0.00023687,0.00016548,7.3005e-05,0.00011142,0.00024569,0.00015259,0.0001699,2.1172e-05,7.9583e-05,0.00027869,-0.0001279,0.00014267,5.7386e-05,0.0001643,0.00010312,0.00019714,0.00019714,0.0001779,5.7725e-05,4.4822e-05,0.00020982,0.0002249,0.00013433,6.9049e-05,8.5735e-05,0.00022196,9.1283e-05,8.7712e-05,0.0002123,7.9512e-05,0.0002274,9.1589e-05,0.00023444,9.4701e-05,0.00019568,0.00016042,0.00016958
3.6653e-05,0.00015166,0.00014314,0.00025785,0.00012727,9.3685e-05,4.797e-05,-2.756e-05,4.0778e-05,9.6181e-05,0.00017602,0.00018,0.00021107,5.5044e-05,7.9111e-05,0.00012632,0.00013832,3.0748e-05,0.00020556,8.333e-05,0.00010019,-5.4382e-05,0.00014257,0.00027848,0.00016567,0.0001257,0.00014963,0.00016495,-1.0424e-05,9.2461e-05,0.00031117,0.00010724,0.000402,4.817e-05,0.00010189,0.00013816,4.7352e-05,0.00023688,0.00028261,0.00015994,8.4047e-05,0.00023243,0.00018084,0.00017271,0.00016325,5.6082e-05,8.903e-05,5.9753e-05,0.00017825,0.00016915,0.00010438,0.00012138,0.00020046,0.00013925,0.00016248,7.1595e-06,7.2462e-05,0.00024346,0.00010129,-9.7032e-06,9.0402e-05,0.00020522,0.00012158,7.2249e-05,7.2249e-05,6.338e-05,0.00010967,2.2056e-05,0.00013965,0.00023507,2.1925e-05,1.5982e-05,1.0712e-05,0.00022627,4.1974e-05,5.2596e-05,0.00014914,0.00011975,0.00019675,4.9789e-05,0.00014619,0.00010024,0.00017784,0.00013535,0.00017141
0.00013143,8.3747e-05,3.1973e-05,0.0001994,8.7407e-05,0.00018397,3.8978e-05,8.3041e-05,0.00019894,6.5195e-05,0.0001396,8.0652e-05,0.00021295,5.592e-05,0.00011526,1.729e-05,0.00012499,7.2825e-05,0.00014872,1.9829e-05,0.00011735,2.4128e-05,8.2986e-05,0.00036277,2.1111e-05,4.6113e-05,3.9792e-05,0.00012906,6.2539e-05,0.00015487,0.00025099,0.00020701,4.817e-05,0.00025365,5.4997e-05,2.0124e-05,0.00013005,0.00018846,0.00026033,6.8006e-05,0.00011793,0.00019778,0.00017734,0.00014311,7.0842e-05,-3.2356e-05,4.6636e-05,3.1072e-05,0.00016941,0.00010344,5.5334e-05,9.4262e-05,0.00020901,0.00010319,0.00010883,2.1686e-05,7.0833e-05,0.00024464,1.7224e-05,0.00011116,6.7366e-05,0.00013822,8.1339e-05,0.0001994,0.0001994,0.00010536,5.2858e-05,3.1869e-05,0.00014597,0.00016101,9.3292e-05,5.3455e-05,5.8197e-05,0.00018918,7.0403e-05,3.6768e-05,0.00013071,5.917e-05,0.00015978,6.0728e-05,0.00025894,0.00012633,0.00015464,0.0001381,0.00014283
5.0225e-05,7.8782e-05,6.2384e-05,8.0154e-05,4.6969e-05,8.3048e-05,6.0574e-05,3.2212e-05,1.843e-06,0.00011062,0.00010053,8.1363e-05,6.7263e-05,3.6475e-05,5.7262e-05,9.0742e-05,7.2541e-05,4.7707e-05,7.6225e-05,5.2158e-06,2.7469e-05,-2.5303e-06,6.7344e-05,8.6697e-05,2.2861e-05,3.6234e-05,8.9396e-05,8.8206e-05,1.6376e-05,3.4792e-06,9.2312e-05,4.9603e-05,0.00010189,5.4997e-05,0.0001481,6.6351e-05,0.00010021,7.9594e-05,0.00010524,6.1213e-05,4.3781e-05,6.0324e-05,7.7574e-06,3.896e-05,7.64e-05,4.5404e-05,2.318e-05,3.3722e-05,8.8045e-05,3.5151e-05,4.7278e-05,8.8567e-05,-5.3184e-05,8.3344e-05,7.4828e-05,2.0659e-05,1.5239e-05,8.6737e-05,-4.0321e-05,-1.9609e-05,3.7285e-05,7.3057e-05,6.5887e-05,3.8816e-05,3.8816e-05,3.1498e-05,7.521e-05,1.7956e-05,7.0591e-05,4.1866e-05,7.2157e-05,2.2184e-05,3.0035e-05,5.6929e-05,4.3849e-05,5.6089e-05,0.00010022,5.6933e-05,7.592e-05,6.1182e-05,0.00013012,0.0001086,0.00012505,7.0822e-05,8.4907e-05
2.3812e-05,0.00023761,-5.6184e-05,-1.4494e-07,4.9737e-05,0.00010875,1.1819e-05,0.00013138,7.153e-05,1.4554e-05,0.0001147,0.00028589,0.00020099,6.8754e-07,4.7255e-05,0.00020045,3.3037e-05,3.3621e-05,0.00019855,5.9532e-05,-0.00033767,-4.5673e-05,2.5676e-05,5.1656e-05,0.00010521,3.5457e-05,0.0001419,0.00047199,7.8085e-05,6.8673e-05,4.1446e-05,0.0002424,0.00013816,2.0124e-05,6.6351e-05,0.0012361,4.4284e-05,8.5713e-05,0.00010637,0.00017241,0.00025199,0.00014118,9.4806e-06,6.5264e-05,0.0001992,9.1953e-05,-1.9995e-05,5.299e-05,0.00017427,5.9659e-05,7.9844e-05,4.0717e-05,1.5718e-05,3.7324e-05,2.8237e-05,-2.7486e-05,3.3511e-05,0.00017664,-7.2852e-05,0.0001048,-2.0767e-05,-1.2284e-05,0.00017658,0.00013224,0.00013224,-1.6953e-05,9.3903e-06,1.1056e-05,8.689e-05,0.00012019,3.8452e-05,0.00019155,-2.4087e-05,0.00014567,3.5867e-05,9.5213e-05,3.5145e-05,0.00012688,6.8895e-05,6.9833e-05,4.4473e-05,7.445e-05,0.00019427,4.9394e-05,0.00022808
0.00010288,0.00011139,9.2245e-05,8.1824e-05,4.3023e-05,0.00015587,6.8555e-05,9.6523e-05,7.2151e-05,9.3663e-05,0.00010011,4.8401e-05,0.00010386,6.0991e-05,6.4844e-05,-1.5582e-05,6.9754e-05,4.42e-05,0.00010766,7.5574e-05,7.726e-05,-5.6795e-06,6.6619e-05,0.00018542,4.7312e-05,2.9007e-05,0.00011056,9.1579e-05,5.1379e-05,4.9052e-05,0.00014683,0.00013764,4.7352e-05,0.00013005,0.00010021,4.4284e-05,0.00024341,0.00012412,0.0001477,5.4309e-05,8.6053e-05,9.6771e-05,1.9945e-05,5.0494e-05,5.9342e-05,9.4955e-06,-4.9831e-06,3.3733e-05,0.00013873,4.2088e-05,5.4724e-05,8.1055e-05,-4.6487e-05,5.3382e-05,5.413e-05,5.0169e-05,4.1992e-05,0.00014438,-3.0272e-05,6.457e-05,3.5206e-05,0.0001242,4.4925e-05,0.00011532,0.00011532,9.8391e-05,5.8958e-05,4.1353e-05,0.00010835,2.9712e-05,0.00012642,4.5556e-05,2.1397e-05,5.4493e-05,1.2518e-05,7.1783e-05,6.9959e-05,3.3385e-05,8.801e-05,3.2081e-05,0.0002494,0.00010651,0.00014408,8.8705e-05,0.00011539
0.00016213,0.00013014,0.00010985,0.00040922,0.0001568,0.00020031,4.9858e-05,8.4912e-05,0.00019529,9.6937e-05,0.00024875,0.00018262,0.00032513,7.3238e-05,0.00017071,0.00012202,0.00016872,5.9442e-05,0.00024261,0.00012599,0.00018188,-2.0448e-05,0.0001465,0.00051202,0.00013744,9.8153e-05,0.00011015,0.00019386,5.1134e-05,0.00017251,0.00038131,0.0002185,0.00023688,0.00018846,7.9594e-05,8.5713e-05,0.00012412,0.0003111,0.0004602,0.00016857,0.00015973,0.00026716,0.00022135,0.00017149,0.00014037,4.9195e-06,8.6749e-05,8.5317e-05,0.00024963,0.00018254,0.00012197,0.00013694,0.00027487,0.0001848,0.00020553,4.6832e-05,6.6219e-05,0.00038597,6.2794e-05,0.00016824,9.1726e-05,0.00021552,0.00010814,0.00023105,0.00023105,0.0001251,9.5681e-05,4.4774e-05,0.00020209,0.00024446,8.0958e-05,6.9138e-05,5.0297e-05,0.00026662,9.1555e-05,7.2948e-05,0.00024737,9.7167e-05,0.00024323,9.2208e-05,0.00029866,0.00013744,0.00025033,0.00016133,0.00020838
0.00032881,0.00020934,0.00018188,0.001008,0.00030386,0.00030525,4.9395e-05,0.000111,0.00042647,0.00013327,0.00045712,0.00032423,0.00066214,8.627e-05,0.000354,0.00032814,0.00028943,0.00011141,0.00038436,0.00020812,0.00034752,9.7324e-05,0.00019479,0.00096584,0.0001605,0.00012664,0.00015273,0.00035165,6.9373e-05,0.00029913,0.00048506,0.0003097,0.00028261,0.00026033,0.00010524,0.00010637,0.0001477,0.0004602,0.0010532,0.00019569,0.00027823,0.0004005,0.00035703,0.00025635,0.00017359,-6.5721e-05,9.997e-05,0.00012228,0.00037208,0.00031148,0.00019837,0.00018266,0.00034712,0.00033117,0.00035224,1.1994e-05,0.00010184,0.00076774,-0.00012586,0.00034917,0.00013079,0.00025147,0.00013494,0.00041355,0.00041355,0.00017472,0.00011474,9.1077e-05,0.00031233,0.00036404,0.00015046,0.00010826,-9.0034e-06,0.00048226,0.00013779,0.0001203,0.00051039,7.081e-05,0.00041129,0.00016579,0.00064567,0.00017491,0.00035528,0.00020376,0.00036573
4.5848e-05,5.8386e-05,6.9619e-05,0.00017985,6.677e-05,0.00015205,2.1492e-05,7.8622e-05,7.2195e-05,6.5022e-05,0.0001453,0.00012361,0.00017671,1.7427e-07,5.382e-05,1.1562e-05,6.9506e-05,7.299e-05,0.00012337,6.3133e-05,-2.563e-05,-8.9379e-05,0.00010376,0.00020439,5.7556e-05,5.7991e-05,9.5885e-05,0.00016904,6.1117e-05,5.5993e-05,0.00022946,9.018e-05,0.00015994,6.8006e-05,6.1213e-05,0.00017241,5.4309e-05,0.00016857,0.00019569,0.00025443,0.0001092,7.011e-05,0.0001042,9.9184e-05,0.00012385,5.2582e-05,8.8315e-05,8.0414e-05,0.00015625,0.00011029,8.2172e-05,8.9113e-05,0.00012871,9.3739e-05,0.0001073,1.1131e-05,4.6339e-05,0.00019672,-5.3664e-06,7.7977e-05,4.8445e-05,0.00015939,9.2501e-05,6.2978e-05,6.2978e-05,7.0192e-05,7.693e-05,2.0817e-05,0.0001001,0.00010596,3.9286e-05,6.3135e-05,0.0001112,0.00016073,7.6016e-05,6.0769e-05,0.00016337,0.00010366,0.00012308,9.4288e-05,0.00015439,8.8346e-05,0.00016106,7.2583e-05,0.00012354
9.6015e-05,0.00010727,6.3855e-05,0.00022116,9.4113e-05,0.00014968,-8.6759e-06,7.6823e-05,0.00013719,4.3847e-05,0.00014772,0.00015768,0.00022186,2.3159e-05,0.00010567,0.00011042,7.7688e-05,6.1949e-05,0.00015289,4.7336e-05,-2.5022e-05,-1.4236e-05,6.3814e-05,0.00036628,4.1686e-05,5.0497e-05,7.0733e-05,0.00019053,4.3432e-05,0.00010878,0.00018694,0.00017011,8.4047e-05,0.00011793,4.3781e-05,0.00025199,8.6053e-05,0.00015973,0.00027823,0.0001092,0.00018827,0.000171,0.00018525,9.7205e-05,7.8927e-05,-1.3733e-05,2.7892e-05,5.7572e-05,0.00018941,0.00013731,5.0715e-05,7.3526e-05,0.00016128,8.2307e-05,8.7906e-05,1.6665e-05,2.1396e-05,0.00024109,-7.403e-05,0.00011485,3.9851e-05,6.1771e-05,8.0731e-05,0.00013623,0.00013623,1.8928e-05,4.8906e-05,3.721e-05,0.00013681,0.00013815,6.2651e-05,8.1018e-05,2.9591e-05,0.00017695,4.6666e-05,3.5991e-05,0.00015214,5.8053e-05,0.00013323,7.0784e-05,0.00021355,9.4643e-05,0.00012267,8.3185e-05,0.00014274
0.00014316,0.00015007,8.6785e-05,0.0003643,0.00012611,0.00017975,4.1224e-05,2.5348e-05,0.00018821,5.9188e-05,0.00022207,0.00016165,0.00031447,6.4691e-05,0.00014273,0.00013543,0.000182,9.3301e-05,0.00022343,5.5195e-05,0.00017372,6.9648e-05,0.00010695,0.00059197,0.00017127,0.00011433,0.00012079,0.00018923,3.1887e-05,0.00017874,0.00032888,0.00027556,0.00023243,0.00019778,6.0324e-05,0.00014118,9.6771e-05,0.00026716,0.0004005,7.011e-05,0.000171,0.00040025,0.00023937,0.00014235,8.5554e-05,-5.0223e-05,8.3399e-05,5.1621e-05,0.00025517,0.00021453,9.1188e-05,0.00010865,0.00031097,0.00016155,0.00018922,5.2274e-05,6.0497e-05,0.00033445,2.9989e-05,8.3798e-05,8.5686e-05,0.00014676,9.7945e-05,0.00021402,0.00021402,8.5414e-05,6.9051e-05,4.6851e-05,0.00022275,0.00024664,9.6178e-05,8.841e-05,3.3083e-05,0.00028434,6.2152e-05,5.0657e-05,0.00020677,7.6898e-05,0.00025717,7.8742e-05,0.00028545,0.00012714,0.00019147,0.00017865,0.00020304
