8.0408e-05,-1.3832e-05,-1.4445e-05,2.3615e-05,2.1831e-05,4.363e-05,9.7582e-07,8.2678e-05,-1.3734e-05,2.1068e-05,3.8096e-06,7.9468e-06,1.8516e-05,2.6719e-05,-1.0852e-05,5.2078e-05,3.6556e-05,3.1666e-05,2.1567e-05,6.6824e-05,4.4179e-05,-1.709e-06,5.0119e-05,8.2936e-05,5.9216e-05,4.9929e-05,1.735e-05,-2.5608e-06,6.3472e-05,4.1209e-05,7.403e-05,2.7358e-05,7.1103e-05,4.4763e-05,3.2264e-05,6.9575e-06,-7.4617e-06,-8.256e-06,3.0592e-05,4.2606e-05,7.4702e-06,4.4613e-05,2.8993e-05,3.8981e-05,4.0117e-05,2.6062e-05,5.2388e-05,3.1431e-05,5.0297e-05,6.1818e-05,3.5218e-05,5.6565e-05,1.224e-05,1.19e-05,2.7152e-06,4.8401e-05,4.0426e-05,2.4593e-05,4.626e-05,-2.4419e-05,3.4057e-05,4.9423e-05,1.4601e-06,2.2503e-05,2.2503e-05,4.5691e-05,-1.4596e-05,1.344e-05,7.1099e-05,2.6629e-05,-2.0213e-05,3.1637e-05,2.0093e-05,1.1052e-05,2.9276e-05,-7.0509e-06,-2.3009e-05,-4.6265e-06,5.9896e-05,3.1938e-05,-1.4667e-05,-8.9939e-06,6.6859e-05,3.4614e-05,2.2079e-05
-1.3832e-05,0.00015201,3.4539e-05,-9.8458e-06,2.8856e-05,-1.013e-05,-1.4549e-05,1.406e-05,-1.2672e-05,1.3372e-05,4.4175e-05,1.3962e-05,1.6204e-05,-9.7807e-06,3.1486e-05,-1.0014e-05,-4.6173e-06,5.1536e-05,2.331e-05,-4.7344e-05,-1.9876e-05,-1.8348e-05,3.0736e-05,-6.958e-06,1.5498e-05,2.0563e-05,-6.1464e-07,-2.8206e-05,8.342e-06,3.7308e-05,-8.1245e-05,3.9294e-05,-4.2032e-05,8.9833e-06,3.4484e-05,1.2891e-05,8.8451e-06,-1.5281e-05,-3.4992e-05,6.2078e-05,-3.1385e-05,1.3333e-06,-5.5232e-05,4.4142e-05,5.6537e-05,1.6809e-06,2.0422e-05,1.7178e-05,-1.4015e-05,3.461e-05,-3.8539e-05,3.8089e-05,-5.7232e-05,5.5893e-07,2.4603e-06,-1.1683e-05,-1.995e-05,-1.5453e-05,3.5629e-05,4.7575e-05,7.0091e-05,5.631e-05,2.8594e-05,5.9729e-05,5.9729e-05,4.494e-05,1.122e-06,-6.8009e-06,1.786e-05,2.6097e-05,-2.0701e-05,-3.606e-05,1.5095e-05,1.2209e-05,-5.6124e-09,2.6265e-05,4.3003e-05,-4.4996e-05,-1.1505e-05,1.6311e-05,5.528e-05,2.4244e-05,-2.4525e-05,8.7517e-06,-1.7501e-05
-1.4445e-05,3.4539e-05,0.00014557,0.00019137,2.6605e-05,2.0911e-05,-4.3478e-06,8.5059e-05,-5.9846e-06,1.3248e-05,0.00014035,2.7432e-05,0.00014376,5.925e-05,9.2096e-05,2.3407e-05,-1.5232e-06,-2.2083e-05,0.00016174,2.9554e-05,1.2202e-05,3.35e-05,2.2872e-05,5.7411e-05,1.4037e-05,2.7462e-05,7.3326e-06,3.8223e-05,-2.8229e-06,3.8385e-05,2.7186e-05,9.8684e-05,3.7112e-05,5.1461e-05,4.4202e-05,5.9029e-05,6.8263e-05,4.0954e-05,0.00015138,3.0914e-05,-5.6074e-07,8.7846e-05,4.5411e-05,9.3027e-05,-4.8933e-06,-1.9761e-06,-2.0413e-05,2.2681e-05,7.5303e-05,6.4087e-05,1.0661e-05,1.5052e-05,1.0555e-05,8.2305e-05,7.0913e-05,6.2688e-05,5.7616e-06,0.00013831,5.3501e-05,0.00011676,3.2583e-05,2.7299e-05,-1.1854e-06,2.9387e-05,2.9387e-05,3.9026e-05,5.0977e-05,4.8733e-06,7.1815e-05,6.559e-05,-2.3299e-05,2.8569e-05,-2.8365e-05,-3.7725e-05,-2.2878e-05,2.6128e-05,5.6947e-05,9.8457e-06,2.9136e-05,1.8167e-06,0.00016482,4.4944e-05,0.00011917,5.4829e-05,-2.5428e-06
2.3615e-05,-9.8458e-06,0.00019137,0.00058869,7.69e-05,7.7128e-05,-1.9532e-05,0.00017818,1.9413e-06,3.3267e-05,0.00014604,7.4405e-05,0.00039971,0.00013815,7.5695e-05,0.00010854,7.4385e-05,-8.7783e-06,0.00027164,0.00016665,2.1305e-05,7.4012e-05,2.92e-05,0.0002039,8.0661e-05,5.9697e-05,2.6508e-05,0.00010596,7.53e-05,8.9028e-05,0.00024972,0.00016815,0.00016022,7.3504e-05,5.7004e-05,0.00014418,0.00010524,0.00014261,0.00047983,2.1643e-05,1.8145e-05,0.00015319,3.202e-05,0.00018543,-5.6264e-05,4.4936e-05,-2.1766e-05,5.9848e-05,0.00015912,6.3858e-05,6.1013e-05,4.5645e-05,4.8956e-05,0.00012126,8.6901e-05,0.00019052,9.9364e-05,0.00045569,0.00018794,0.00032033,-7.8051e-06,4.0257e-05,1.3461e-05,6.6021e-05,6.6021e-05,8.724e-06,0.00010572,2.1324e-05,9.5734e-05,9.4403e-05,-1.2948e-05,0.00013388,-8.9478e-05,-7.5744e-05,-3.8966e-05,0.00013431,5.8371e-05,6.8766e-05,0.00011319,5.692e-06,0.00034959,8.5454e-05,0.00028949,9.7194e-05,5.6121e-05
2.1831e-05,2.8856e-05,2.6605e-05,7.69e-05,5.0075e-05,3.6808e-05,2.8868e-05,6.5398e-05,2.0872e-05,2.8673e-05,4.8828e-05,3.738e-05,8.1198e-05,3.05e-05,3.9815e-05,3.4887e-05,2.1655e-05,2.1621e-05,7.8685e-05,6.5561e-05,2.0714e-05,1.481e-05,4.0785e-05,0.00010868,4.0329e-05,3.104e-05,4.4634e-05,1.891e-05,3.7915e-05,5.1464e-05,7.8816e-05,9.3899e-05,2.8105e-05,3.1278e-05,2.8054e-05,4.5496e-05,-4.9241e-06,4.6179e-05,6.6202e-05,5.4019e-05,2.5316e-05,6.6476e-05,2.2915e-05,5.742e-05,3.0645e-05,2.897e-05,2.6682e-05,3.8657e-05,7.0124e-05,3.5931e-05,1.5618e-05,3.144e-06,1.0554e-05,4.0688e-05,3.082e-05,6.3595e-05,3.154e-05,8.0141e-05,3.8153e-05,5.92e-05,4.8497e-05,4.1559e-05,1.6838e-05,2.1111e-05,2.1111e-05,4.9241e-05,2.3472e-05,-8.0412e-07,5.0656e-05,4.9913e-05,6.7564e-06,4.2449e-05,-4.9546e-06,1.4184e-05,3.9011e-06,4.334e-05,4.4334e-05,7.6139e-06,2.8743e-05,1.2953e-05,8.8326e-05,2.5878e-05,5.2111e-05,3.3645e-05,3.9169e-05
4.363e-05,-1.013e-05,2.0911e-05,7.7128e-05,3.6808e-05,0.0001057,-1.0342e-05,5.7518e-05,-3.2301e-05,3.1164e-05,5.1337e-05,2.9768e-05,9.4744e-05,3.1711e-05,5.6728e-05,8.4831e-05,4.6516e-05,5.0029e-05,7.5344e-05,9.1815e-05,2.0109e-05,3.9264e-05,3.9648e-05,0.00012863,5.4024e-05,2.7966e-05,2.5623e-05,1.8867e-05,2.9819e-05,1.9565e-05,5.5596e-05,7.6117e-05,4.276e-05,5.83e-05,3.0214e-05,3.9637e-05,2.0965e-05,5.7052e-05,0.00012413,7.4501e-05,1.4727e-05,7.7085e-05,2.3621e-05,5.3233e-05,3.312e-05,3.5542e-05,5.7552e-05,4.1312e-05,8.0092e-05,8.4548e-05,5.7848e-05,2.4562e-05,8.6364e-08,6.0977e-05,4.1105e-05,6.3951e-05,3.7025e-05,9.3569e-05,6.9696e-05,3.9606e-05,4.372e-05,4.7543e-05,2.0936e-05,1.9339e-05,1.9339e-05,2.4362e-05,1.8754e-05,1.9991e-07,8.1183e-05,6.1503e-05,-2.3093e-05,4.8937e-05,2.0901e-05,2.1039e-06,2.4023e-05,9.1065e-06,-4.6999e-06,2.9311e-05,4.2652e-05,2.7113e-05,9.9493e-05,3.229e-05,6.5121e-05,4.5036e-05,6.699e-05
9.7582e-07,-1.4549e-05,-4.3478e-06,-1.9532e-05,2.8868e-05,-1.0342e-05,0.00010418,-1.0903e-06,4.3102e-05,2.4645e-05,-4.4559e-06,9.6544e-06,5.2912e-06,2.0314e-05,8.0892e-07,-2.0624e-05,5.6798e-06,-1.2979e-05,-1.663e-05,3.4167e-05,6.0253e-05,-1.1056e-06,4.3422e-06,0.00010161,1.2106e-06,1.561e-05,7.4286e-05,5.2899e-06,9.0074e-06,2.039e-05,1.5806e-05,7.2747e-05,8.1365e-06,4.3682e-06,-8.0508e-06,2.9292e-06,-6.4054e-05,4.6077e-05,-3.1965e-05,1.6999e-05,2.1307e-05,2.9413e-05,4.3781e-05,5.6804e-05,2.756e-05,1.4274e-05,-7.1398e-06,8.5078e-06,3.5549e-05,-5.8384e-05,-1.7056e-05,-1.1125e-05,-6.3672e-06,2.0186e-05,1.9856e-05,2.9159e-05,3.042e-05,1.9484e-05,-3.3923e-05,5.545e-06,2.1757e-05,1.3987e-05,4.6313e-06,-5.3646e-05,-5.3646e-05,2.7043e-05,3.6617e-05,-1.2845e-05,2.4491e-06,1.4937e-06,6.3272e-05,4.0598e-05,-1.5054e-05,-2.3266e-05,7.8564e-07,3.8637e-05,3.9122e-06,-2.3636e-06,1.5826e-05,-8.934e-06,4.8819e-05,-1.2196e-05,1.8359e-05,1.7342e-05,-5.8393e-06
8.2678e-05,1.406e-05,8.5059e-05,0.00017818,6.5398e-05,5.7518e-05,-1.0903e-06,0.00026091,-7.9661e-06,3.9256e-05,0.00013232,3.6356e-05,0.00012963,7.8458e-05,4.6102e-05,7.1293e-05,3.9228e-05,1.9988e-05,0.00020417,9.2514e-05,3.1365e-05,3.0656e-05,7.0804e-05,0.00016997,8.4454e-05,8.6418e-05,4.2263e-05,2.3043e-05,0.00010712,9.1228e-05,0.00022459,0.00014194,0.00011919,0.00010584,5.6614e-05,5.3515e-05,1.4324e-05,3.353e-05,0.00014119,7.6231e-05,6.2332e-06,0.00013605,0.00011158,5.7126e-05,4.1711e-05,3.0505e-05,3.5733e-05,6.5333e-05,0.00012227,0.00010992,8.3429e-05,1.3932e-05,8.5722e-05,7.3641e-05,5.6863e-05,0.00013373,5.9655e-05,0.00014332,0.00011015,0.00011875,5.6854e-05,8.7444e-05,-1.0586e-05,6.108e-05,6.108e-05,6.3351e-05,2.4403e-05,3.9905e-05,0.00013718,0.00011649,-0.00010123,7.3787e-05,3.8455e-06,5.2806e-05,-8.8787e-06,7.4579e-05,7.3934e-05,9.6416e-06,6.0761e-05,2.2327e-05,9.3864e-05,4.6757e-05,0.0001326,8.2236e-05,6.0428e-05
-1.3734e-05,-1.2672e-05,-5.9846e-06,1.9413e-06,2.0872e-05,-3.2301e-05,4.3102e-05,-7.9661e-06,0.00025444,2.4911e-05,2.8678e-06,1.7599e-05,-8.9957e-06,-7.0284e-06,2.1975e-05,5.2671e-05,-2.2982e-05,-2.3312e-05,9.3671e-06,-9.8224e-06,4.5587e-05,-2.8968e-05,-1.1963e-06,8.1458e-05,1.4481e-05,-6.9545e-05,3.8946e-05,2.0879e-05,-1.4149e-05,5.9884e-05,0.00011606,4.403e-05,3.4262e-05,3.2108e-05,3.98e-05,4.2915e-05,-9.18e-05,5.3996e-07,-0.00011703,-6.3033e-05,3.0664e-05,5.4122e-05,0.00016316,-3.0754e-05,-2.193e-05,3.7139e-05,7.6131e-07,4.3627e-05,-3.5999e-05,-9.0095e-06,1.1239e-05,-1.4618e-05,0.00018547,1.3638e-05,1.5694e-05,9.0523e-05,-5.0375e-06,-6.35e-05,-4.2759e-05,-2.7417e-05,-5.9314e-05,-2.6531e-05,2.2747e-05,1.7206e-05,1.7206e-05,3.9141e-05,3.2258e-05,-1.8617e-05,-2.8781e-05,-2.317e-05,7.0347e-05,2.001e-05,-6.3574e-06,6.8234e-05,-4.6428e-06,6.3897e-05,4.0137e-05,3.6057e-06,-1.7474e-05,8.7612e-06,-2.4591e-05,-7.0554e-07,1.7059e-05,-8.859e-06,2.5197e-05
2.1068e-05,1.3372e-05,1.3248e-05,3.3267e-05,2.8673e-05,3.1164e-05,2.4645e-05,3.9256e-05,2.4911e-05,5.5051e-05,1.138e-05,1.5242e-05,4.468e-05,3.9004e-05,3.3312e-05,2.1368e-05,4.347e-05,3.9357e-06,1.5371e-05,4.3089e-05,4.2291e-05,1.4699e-05,4.136e-05,9.5135e-05,3.1409e-05,3.3197e-05,3.8765e-05,4.1765e-06,2.0184e-05,4.0115e-05,7.4196e-05,5.2756e-05,2.4455e-05,4.374e-05,4.1048e-05,2.1881e-05,-2.0637e-05,2.2365e-05,4.1964e-05,3.954e-05,-5.5977e-06,5.4281e-05,1.5682e-05,1.839e-05,1.8568e-05,1.7179e-05,2.9021e-05,1.6537e-05,3.2703e-05,2.983e-05,4.6024e-05,2.3602e-05,1.5217e-05,1.8842e-05,1.3182e-05,6.3742e-05,3.3655e-05,4.8785e-05,3.8341e-05,2.3613e-05,2.3085e-05,3.7557e-05,1.3511e-05,1.3813e-05,1.3813e-05,1.7504e-05,2.5661e-05,-1.12e-05,4.8569e-05,2.8355e-05,1.4967e-05,2.2759e-05,-2.0557e-05,3.0403e-05,3.5346e-06,4.3877e-05,1.4796e-05,-2.2495e-06,9.0273e-06,4.9852e-06,7.5191e-05,2.211e-05,3.4545e-05,2.9945e-05,3.8437e-05
3.8096e-06,4.4175e-05,0.00014035,0.00014604,4.8828e-05,5.1337e-05,-4.4559e-06,0.00013232,2.8678e-06,1.138e-05,0.00024032,4.299e-05,0.00012014,5.8643e-05,0.00014201,9.1325e-05,3.7118e-05,1.7058e-05,0.00018101,3.1585e-05,-2.6524e-06,2.7355e-05,5.2071e-05,4.0242e-05,-5.8142e-06,1.5829e-05,1.2809e-05,1.1324e-05,-7.2639e-06,7.4449e-05,6.0205e-05,0.00012245,5.3555e-05,5.2882e-05,5.8275e-05,8.0737e-05,6.0178e-05,4.7296e-05,0.00016151,5.9803e-05,2.2464e-05,0.0001227,0.00012217,9.9575e-05,2.441e-05,5.7394e-06,1.5157e-05,6.1288e-05,0.00010774,0.00013621,4.5509e-05,8.3542e-06,5.6475e-05,0.00012284,0.00011153,7.8841e-05,-1.7997e-06,9.7648e-05,3.7269e-05,0.0001313,8.0954e-05,3.2566e-05,-1.0045e-06,2.1348e-05,2.1348e-05,9.6173e-05,5.356e-06,1.5864e-05,0.0001023,0.0001273,-2.4438e-05,3.0007e-05,2.9951e-05,1.4458e-06,-2.4545e-06,4.7622e-05,9.9013e-05,2.6836e-05,3.3935e-05,2.9273e-05,0.00013863,4.9835e-05,8.4202e-05,7.7769e-05,4.1698e-05
7.9468e-06,1.3962e-05,2.7432e-05,7.4405e-05,3.738e-05,2.9768e-05,9.6544e-06,3.6356e-05,1.7599e-05,1.5242e-05,4.299e-05,8.3455e-05,9.2589e-05,1.7847e-05,5.6981e-05,4.5336e-05,1.5255e-05,-1.155e-06,4.1564e-05,5.3099e-05,1.3153e-06,2.1989e-05,3.0201e-05,8.1808e-05,9.1238e-06,2.639e-05,4.1587e-05,5.3986e-05,3.517e-05,4.3636e-05,6.8595e-05,8.664e-05,-1.2237e-05,1.2566e-05,1.6627e-05,7.9808e-05,-3.1611e-05,3.8447e-05,4.9353e-05,3.0401e-05,6.2876e-05,6.1452e-05,-2.435e-05,2.8369e-05,4.5788e-05,2.7107e-06,2.8356e-05,3.7291e-05,6.5581e-05,3.5159e-05,8.9838e-06,1.2876e-05,1.1767e-05,3.2757e-05,1.9874e-05,3.986e-05,2.8542e-05,9.5894e-05,3.0549e-05,8.5396e-05,4.2356e-05,2.5616e-05,1.617e-06,5.2142e-06,5.2142e-06,7.6444e-05,2.2895e-05,-6.6956e-06,1.7615e-05,5.3128e-05,-1.5624e-05,3.632e-05,-2.2327e-05,2.5309e-05,1.6813e-06,1.578e-05,4.1982e-05,1.1551e-05,2.8311e-05,5.8604e-06,0.00010942,3.9607e-05,3.9506e-05,3.3411e-06,2.5499e-05
1.8516e-05,1.6204e-05,0.00014376,0.00039971,8.1198e-05,9.4744e-05,5.2912e-06,0.00012963,-8.9957e-06,4.468e-05,0.00012014,9.2589e-05,0.00036182,0.00010443,0.00012066,0.00010988,3.1282e-05,7.5642e-06,0.000241,0.000147,3.9265e-05,8.3287e-05,6.6358e-05,0.00025889,4.9467e-05,7.2842e-05,7.7542e-05,0.0001176,6.6435e-05,8.9468e-05,0.00017199,0.00018874,9.7192e-05,7.3653e-05,7.6825e-05,0.00015155,8.4798e-05,0.00011936,0.00032164,8.183e-05,3.936e-05,0.0001417,-2.2425e-05,0.0001558,5.7437e-05,4.6882e-05,1.232e-05,6.1028e-05,0.0001663,0.00010706,4.0758e-05,3.7861e-05,-2.6134e-06,0.00011691,7.7824e-05,0.00014532,8.9162e-05,0.00037021,0.00014391,0.00023151,5.448e-05,6.2089e-05,2.2857e-05,8.2641e-05,8.2641e-05,3.8534e-05,9.6667e-05,-1.3272e-06,0.00010112,9.0822e-05,2.8502e-06,9.7417e-05,-6.4127e-05,-6.2366e-05,-1.7943e-05,9.3764e-05,6.6839e-05,5.2972e-05,0.00010464,1.9085e-05,0.00033923,7.8385e-05,0.00018037,7.6941e-05,4.9512e-05
2.6719e-05,-9.7807e-06,5.925e-05,0.00013815,3.05e-05,3.1711e-05,2.0314e-05,7.8458e-05,-7.0284e-06,3.9004e-05,5.8643e-05,1.7847e-05,0.00010443,7.611e-05,3.756e-05,3.3603e-05,4.3328e-05,-9.5216e-07,7.6611e-05,6.824e-05,4.2575e-05,2.3696e-05,3.4978e-05,0.00011266,2.7062e-05,4.3875e-05,2.1477e-05,2.3138e-05,2.9751e-05,4.8017e-05,8.768e-05,6.8913e-05,6.268e-05,4.2563e-05,3.9703e-05,4.7235e-05,3.2851e-05,3.9615e-05,0.00013167,2.8659e-05,1.0286e-05,7.0382e-05,4.1958e-05,4.546e-05,-5.982e-06,1.9471e-05,2.1921e-05,1.0678e-05,8.1161e-05,4.9354e-05,5.9397e-05,4.4901e-05,-5.0174e-06,4.6783e-05,3.6525e-05,8.0051e-05,4.6469e-05,0.00012274,5.3829e-05,6.3925e-05,3.3929e-05,3.1795e-05,-6.2469e-07,2.2821e-05,2.2821e-05,1.6696e-05,2.6736e-05,-1.6041e-06,8.0129e-05,4.9826e-05,5.3531e-06,2.2908e-05,-2.3241e-05,-1.3083e-05,5.3551e-06,6.1401e-05,2.0252e-05,1.8922e-05,3.8582e-05,9.8327e-06,0.00011124,3.0716e-05,8.2737e-05,4.1123e-05,2.2774e-05
-1.0852e-05,3.1486e-05,9.2096e-05,7.5695e-05,3.9815e-05,5.6728e-05,8.0892e-07,4.6102e-05,2.1975e-05,3.3312e-05,0.00014201,5.6981e-05,0.00012066,3.756e-05,0.00016356,5.4041e-05,2.9186e-05,5.1811e-06,0.00011308,2.3464e-05,1.3537e-05,3.9502e-05,7.429e-05,9.927e-05,-1.9603e-05,1.0973e-05,5.0333e-05,5.7203e-05,6.7864e-06,6.0931e-05,5.5761e-05,0.00011671,1.3313e-06,4.8736e-05,6.069e-05,8.5912e-05,3.4589e-05,3.0978e-05,9.1488e-05,4.8313e-05,3.8455e-05,0.00010463,1.05e-05,7.8806e-05,6.1433e-05,-2.7905e-06,2.3101e-05,3.0894e-05,0.00010229,0.00012549,3.3197e-05,1.422e-05,3.2308e-05,9.4291e-05,7.7729e-05,6.1909e-05,-3.0825e-06,7.0251e-05,1.1691e-05,7.2294e-05,7.3784e-05,3.2499e-05,7.4815e-06,2.5522e-05,2.5522e-05,6.4788e-05,2.1405e-05,-4.583e-06,7.9871e-05,0.00010156,7.3068e-06,2.7753e-05,2.8975e-06,2.5429e-07,2.1412e-06,3.0008e-05,7.8541e-05,2.0936e-05,1.1085e-05,2.4504e-05,0.00014694,3.1477e-05,3.5677e-05,5.3922e-05,4.6698e-05
5.2078e-05,-1.0014e-05,2.3407e-05,0.00010854,3.4887e-05,8.4831e-05,-2.0624e-05,7.1293e-05,5.2671e-05,2.1368e-05,9.1325e-05,4.5336e-05,0.00010988,3.3603e-05,5.4041e-05,0.00032202,6.2195e-05,5.8984e-06,1.8475e-06,7.9266e-05,2.0567e-05,4.2733e-05,3.0689e-05,0.0001412,4.0319e-05,4.1074e-05,1.5683e-06,4.5907e-06,4.7145e-05,5.6609e-05,5.4344e-05,6.5401e-05,0.00011837,3.7513e-05,5.6228e-05,8.8356e-05,-1.2955e-05,6.4829e-05,0.0001383,8.9497e-05,3.6097e-05,5.9268e-05,2.2038e-05,5.3912e-05,6.0747e-05,6.9508e-05,8.0237e-05,9.2659e-05,-1.6874e-05,0.00014567,4.7493e-05,0.00011975,2.0285e-05,5.6545e-05,3.2375e-05,7.7644e-05,3.7343e-05,0.00013616,4.388e-05,4.0215e-05,3.1598e-05,-1.7133e-05,1.0294e-05,4.6219e-05,4.6219e-05,6.2929e-05,-4.054e-05,5.1748e-06,3.5928e-05,3.1256e-05,3.08e-05,1.1456e-05,3.7448e-07,-3.5779e-05,-6.6382e-06,-2.126e-06,-2.9891e-05,5.7072e-05,9.599e-05,3.8322e-05,0.00010285,3.943e-05,0.00010264,5.7916e-05,5.1702e-05
3.6556e-05,-4.6173e-06,-1.5232e-06,7.4385e-05,2.1655e-05,4.6516e-05,5.6798e-06,3.9228e-05,-2.2982e-05,4.347e-05,3.7118e-05,1.5255e-05,3.1282e-05,4.3328e-05,2.9186e-05,6.2195e-05,0.00018232,5.3986e-06,-0.00011997,-2.4111e-07,3.1715e-05,1.722e-05,8.4423e-06,7.1448e-05,5.743e-06,2.2521e-05,2.5815e-05,-1.0037e-05,4.2489e-05,3.1377e-05,7.9326e-05,2.0847e-05,3.0117e-05,3.3821e-05,1.9795e-05,1.0499e-05,-9.1991e-06,5.577e-06,0.00016678,1.5789e-05,-7.1307e-06,4.2917e-05,3.3719e-05,6.7585e-05,3.3328e-05,-4.5754e-06,3.3673e-05,2.7639e-05,2.2715e-05,5.5954e-06,9.2962e-05,3.8663e-05,1.3876e-05,2.9065e-05,3.1437e-05,5.4675e-05,3.8769e-05,7.5745e-05,3.6015e-05,6.064e-05,3.2858e-05,1.0075e-07,-2.4576e-06,-3.9343e-05,-3.9343e-05,1.1987e-05,-3.4228e-05,1.5089e-05,5.1779e-05,4.8526e-05,1.5385e-05,2.1019e-05,-2.3344e-05,-3.1055e-05,-7.9134e-06,7.1328e-05,-1.3645e-05,6.3544e-06,-4.7335e-06,3.21e-06,7.7631e-05,1.3271e-05,4.8244e-05,1.1699e-05,4.4461e-05
3.1666e-05,5.1536e-05,-2.2083e-05,-8.7783e-06,2.1621e-05,5.0029e-05,-1.2979e-05,1.9988e-05,-2.3312e-05,3.9357e-06,1.7058e-05,-1.155e-06,7.5642e-06,-9.5216e-07,5.1811e-06,5.8984e-06,5.3986e-06,0.00013907,3.0928e-05,3.6951e-06,-8.4957e-06,-2.7219e-05,3.161e-05,4.7815e-05,2.2508e-05,-1.8524e-05,-2.5701e-06,-2.1768e-05,2.4604e-05,1.532e-05,-3.0399e-05,2.5458e-05,1.2204e-05,2.1453e-05,-2.1061e-06,6.2498e-06,-3.9492e-05,1.4173e-05,-2.4833e-05,2.0111e-05,-1.8658e-05,1.3938e-05,1.2632e-05,2.015e-05,2.1264e-05,1.5764e-05,6.9045e-05,1.9674e-06,3.4119e-05,5.0878e-05,2.1627e-05,7.2372e-05,8.0251e-07,1.7502e-05,4.3133e-06,2.2331e-05,6.2696e-06,-3.7317e-05,5.5628e-05,3.7059e-05,3.7599e-05,7.8999e-05,2.3446e-05,1.5686e-05,1.5686e-05,-1.0748e-05,9.8953e-06,7.8077e-07,3.3265e-05,5.6554e-05,-5.3718e-05,6.4497e-07,9.78e-05,1.9453e-05,6.5617e-05,6.2223e-05,-3.1243e-05,2.0439e-07,1.8424e-05,5.3549e-05,4.6517e-06,-1.6661e-05,-3.2833e-05,2.8109e-05,2.5583e-05
2.1567e-05,2.331e-05,0.00016174,0.00027164,7.8685e-05,7.5344e-05,-1.663e-05,0.00020417,9.3671e-06,1.5371e-05,0.00018101,4.1564e-05,0.000241,7.6611e-05,0.00011308,1.8475e-06,-0.00011997,3.0928e-05,0.00049602,0.00017379,-2.055e-05,5.03e-05,0.00010189,0.00011923,8.5336e-05,3.8402e-05,3.2349e-05,7.1849e-05,4.8914e-06,9.3655e-05,0.00017785,0.00017535,9.5468e-05,0.00010039,7.5535e-05,0.00010026,0.00013304,7.0418e-05,0.0001889,8.2762e-05,2.8068e-05,0.00015838,8.6382e-05,7.6134e-05,-5.7039e-05,7.0626e-05,1.5775e-05,4.58e-05,0.00022065,0.00015306,-4.8045e-06,-8.3577e-05,6.7934e-05,0.00011412,8.5984e-05,0.00012886,3.177e-05,0.00017838,9.4468e-05,0.00013996,6.4046e-05,9.0516e-05,3.1063e-05,0.00012253,0.00012253,6.6332e-05,8.4303e-05,1.0666e-05,0.00015376,0.00011768,-4.4978e-05,8.2754e-05,1.3594e-05,7.212e-05,2.562e-06,3.1449e-05,0.00017075,5.1221e-05,6.8194e-05,3.6287e-05,0.0001693,6.3584e-05,0.00017441,0.00010662,7.7306e-05
6.6824e-05,-4.7344e-05,2.9554e-05,0.00016665,6.5561e-05,9.1815e-05,3.4167e-05,9.2514e-05,-9.8224e-06,4.3089e-05,3.1585e-05,5.3099e-05,0.000147,6.824e-05,2.3464e-05,7.9266e-05,-2.4111e-07,3.6951e-06,0.00017379,0.00022595,4.5231e-05,4.6026e-05,7.4492e-05,0.00015035,0.00011278,8.1232e-05,3.6419e-05,3.9427e-05,5.1299e-05,5.4716e-05,0.00015759,0.00011584,9.3244e-05,3.3621e-05,3.9874e-05,6.9427e-05,3.5711e-05,0.0001093,0.00018399,0.0001009,6.5869e-05,0.00010684,5.5114e-06,7.375e-05,-2.0073e-05,6.5158e-05,4.9443e-05,5.8823e-05,0.00013868,6.9755e-05,3.374e-05,1.1729e-05,-9.6699e-06,5.5111e-05,3.212e-05,0.00011134,7.555e-05,0.00018828,8.6666e-05,4.1116e-05,4.2694e-05,5.1292e-05,2.1497e-05,2.8256e-05,2.8256e-05,7.3343e-05,4.4927e-05,-8.8464e-06,8.9433e-05,5.4915e-05,2.3652e-05,0.00010093,-2.9833e-05,2.2411e-05,2.249e-05,-1.5297e-05,2.5557e-05,4.4823e-05,0.00010151,1.5102e-05,0.00012423,3.975e-05,0.00015837,7.4392e-05,8.4506e-05
4.4179e-05,-1.9876e-05,1.2202e-05,2.1305e-05,2.0714e-05,2.0109e-05,6.0253e-05,3.1365e-05,4.5587e-05,4.2291e-05,-2.6524e-06,1.3153e-06,3.9265e-05,4.2575e-05,1.3537e-05,2.0567e-05,3.1715e-05,-8.4957e-06,-2.055e-05,4.5231e-05,0.00010789,6.0685e-06,3.1159e-05,0.00015102,3.9522e-05,4.1623e-05,5.3597e-05,1.4804e-05,3.4071e-05,3.6486e-05,4.4721e-05,5.8413e-05,5.8602e-05,4.4872e-05,5.1019e-05,1.2922e-05,-1.0766e-05,1.3859e-05,-5.2055e-06,3.4659e-05,5.393e-06,5.766e-05,7.7229e-05,6.464e-05,6.9812e-05,1.5875e-05,1.3497e-05,3.0112e-05,3.4806e-05,1.6386e-05,4.2414e-05,5.5662e-05,1.8924e-05,3.4259e-05,2.8216e-05,6.9282e-05,4.2268e-05,4.0702e-05,2.8495e-05,-4.3135e-05,1.7514e-05,3.3663e-05,6.1968e-06,4.4668e-06,4.4668e-06,3.6209e-05,3.4675e-05,-1.1143e-05,5.724e-05,2.1996e-06,3.3615e-05,3.2845e-05,-1.4229e-05,-3.8142e-05,1.8429e-05,1.9255e-05,-3.4105e-05,-1.6282e-05,4.9692e-05,1.1068e-05,5.2071e-05,-8.1505e-06,5.374e-05,2.6604e-05,-7.8794e-06
-1.709e-06,-1.8348e-05,3.35e-05,7.4012e-05,1.481e-05,3.9264e-05,-1.1056e-06,3.0656e-05,-2.8968e-05,1.4699e-05,2.7355e-05,2.1989e-05,8.3287e-05,2.3696e-05,3.9502e-05,4.2733e-05,1.722e-05,-2.7219e-05,5.03e-05,4.6026e-05,6.0685e-06,5.2872e-05,4.4915e-06,9.0024e-05,1.3787e-05,2.8663e-05,2.1082e-05,3.4648e-05,1.0125e-05,-2.522e-07,3.2897e-05,5.2956e-05,1.2451e-05,2.4644e-05,1.608e-05,3.3318e-05,5.2134e-05,3.4899e-05,0.00011229,4.4934e-05,1.8277e-05,3.4284e-05,-3.0725e-05,3.823e-05,2.1082e-05,1.2673e-05,2.5866e-06,2.2395e-05,4.3852e-05,1.5256e-05,2.3886e-05,-1.5787e-05,-1.6836e-05,3.582e-05,3.0566e-05,2.7974e-05,2.1005e-05,9.8511e-05,2.5361e-05,4.4101e-05,1.4337e-05,-6.0788e-06,1.08e-05,1.8441e-05,1.8441e-05,9.1928e-06,1.3632e-05,5.2518e-07,2.8953e-05,3.6145e-05,-2.9805e-06,2.983e-05,-3.3343e-05,-1.6512e-05,-2.3454e-05,-2.7377e-06,2.0336e-05,3.1835e-05,1.5273e-05,-1.4654e-05,0.0001106,3.3404e-05,4.5898e-05,1.9349e-05,2.4113e-05
5.0119e-05,3.0736e-05,2.2872e-05,2.92e-05,4.0785e-05,3.9648e-05,4.3422e-06,7.0804e-05,-1.1963e-06,4.136e-05,5.2071e-05,3.0201e-05,6.6358e-05,3.4978e-05,7.429e-05,3.0689e-05,8.4423e-06,3.161e-05,0.00010189,7.4492e-05,3.1159e-05,4.4915e-06,0.00012252,5.8237e-05,3.7543e-05,5.9662e-05,3.7686e-05,2.3636e-05,4.9592e-05,8.0037e-05,9.7493e-05,6.6528e-05,4.5877e-05,3.1431e-05,6.6054e-05,4.5133e-05,3.7598e-06,-2.161e-06,3.5463e-05,6.9033e-05,1.9262e-05,7.0231e-05,-3.7594e-05,5.6532e-05,5.3243e-05,1.0909e-05,5.3243e-05,2.5209e-05,8.5345e-05,0.00012363,1.8694e-05,5.0687e-05,2.0586e-05,2.9004e-05,1.2342e-05,6.4657e-05,1.924e-05,3.4788e-05,4.4969e-05,-3.7305e-08,7.2037e-05,7.0402e-05,8.3905e-07,3.7005e-05,3.7005e-05,5.8385e-05,2.4135e-06,1.2352e-06,7.9513e-05,6.65e-05,3.3329e-06,2.4273e-05,1.2223e-05,2.4116e-05,3.1319e-05,2.6056e-06,3.8516e-05,-5.7472e-06,5.0352e-05,4.3088e-05,5.0556e-05,-1.7659e-05,5.1606e-05,6.7591e-05,4.8518e-05
8.2936e-05,-6.958e-06,5.7411e-05,0.0002039,0.00010868,0.00012863,0.00010161,0.00016997,8.1458e-05,9.5135e-05,4.0242e-05,8.1808e-05,0.00025889,0.00011266,9.927e-05,0.0001412,7.1448e-05,4.7815e-05,0.00011923,0.00015035,0.00015102,9.0024e-05,5.8237e-05,0.00061266,0.0001136,8.4845e-05,0.00016331,0.0001227,0.00017121,9.7357e-05,0.00017707,0.00029805,0.0001155,0.00016532,7.9045e-05,0.00013439,2.6524e-06,0.00011565,0.0001381,0.00011832,8.0291e-05,0.00018804,6.5346e-05,0.00017355,0.00016069,0.00010107,9.7654e-05,8.0617e-05,0.00020272,7.4208e-05,0.00010534,0.0001136,-2.3533e-06,0.00013489,0.00010036,0.00020252,0.0001234,0.00023201,9.1296e-05,8.9466e-05,0.00010135,0.00010414,5.9468e-05,9.8852e-05,9.8852e-05,6.8982e-05,9.2228e-05,-6.6999e-06,0.0001811,0.00013489,-2.1545e-06,0.00011763,-2.1204e-05,-4.7381e-05,1.2765e-05,0.00015259,1.4028e-05,5.3573e-05,9.7332e-05,2.9264e-05,0.00029743,6.9548e-05,0.00014886,7.4356e-05,5.3858e-05
5.9216e-05,1.5498e-05,1.4037e-05,8.0661e-05,4.0329e-05,5.4024e-05,1.2106e-06,8.4454e-05,1.4481e-05,3.1409e-05,-5.8142e-06,9.1238e-06,4.9467e-05,2.7062e-05,-1.9603e-05,4.0319e-05,5.743e-06,2.2508e-05,8.5336e-05,0.00011278,3.9522e-05,1.3787e-05,3.7543e-05,0.0001136,0.00013087,5.5183e-05,-5.1322e-07,1.6736e-06,5.9602e-05,2.671e-05,8.102e-05,7.1612e-05,6.3666e-05,5.0157e-05,3.6003e-05,9.9426e-06,1.7596e-05,3.9354e-05,7.0078e-05,7.8668e-05,7.5381e-06,6.4893e-05,3.5458e-05,4.9891e-05,2.4756e-07,4.179e-05,4.1141e-05,5.5597e-05,3.9475e-05,2.7859e-05,3.4629e-05,2.8739e-05,2.4557e-05,1.8714e-05,9.3742e-06,8.7359e-05,3.1325e-05,6.7762e-05,9.5578e-05,-1.2673e-05,1.5793e-05,5.3776e-05,2.2358e-05,4.1603e-05,4.1603e-05,3.5883e-05,3.1537e-05,3.5523e-06,6.6806e-05,2.9799e-05,-3.8969e-05,5.0576e-05,-1.1172e-05,9.7864e-06,1.1513e-05,-1.2211e-05,-1.1297e-05,-4.4643e-06,4.7392e-05,1.0691e-05,5.2215e-05,1.599e-05,0.0001207,4.1924e-05,4.5685e-05
4.9929e-05,2.0563e-05,2.7462e-05,5.9697e-05,3.104e-05,2.7966e-05,1.561e-05,8.6418e-05,-6.9545e-05,3.3197e-05,1.5829e-05,2.639e-05,7.2842e-05,4.3875e-05,1.0973e-05,4.1074e-05,2.2521e-05,-1.8524e-05,3.8402e-05,8.1232e-05,4.1623e-05,2.8663e-05,5.9662e-05,8.4845e-05,5.5183e-05,0.00010596,2.6643e-05,1.2202e-05,6.8161e-05,3.7571e-05,5.5396e-05,6.1756e-05,4.3804e-05,2.0412e-05,3.8604e-05,2.2927e-05,2.4369e-05,2.5009e-05,8.0084e-05,9.5254e-05,1.022e-05,4.1584e-05,-6.4361e-05,5.7779e-05,6.6465e-05,7.4298e-06,2.0803e-05,2.8799e-05,4.9345e-05,5.2757e-05,1.6267e-05,4.9319e-05,-6.3548e-05,1.2098e-05,1.7059e-06,3.692e-05,4.3257e-05,0.00011605,6.6638e-05,1.7089e-05,5.9423e-05,4.8943e-05,-9.2926e-06,2.7852e-05,2.7852e-05,4.7107e-05,8.0168e-06,5.3168e-06,6.1389e-05,3.0245e-05,-1.9811e-05,2.7061e-05,-4.0166e-05,-2.226e-05,-5.3592e-06,-2.2145e-05,6.1895e-07,-1.3265e-05,6.2557e-05,9.6709e-07,8.1735e-05,1.7657e-05,7.3423e-05,4.3063e-05,7.8594e-06
1.735e-05,-6.1464e-07,7.3326e-06,2.6508e-05,4.4634e-05,2.5623e-05,7.4286e-05,4.2263e-05,3.8946e-05,3.8765e-05,1.2809e-05,4.1587e-05,7.7542e-05,2.1477e-05,5.0333e-05,1.5683e-06,2.5815e-05,-2.5701e-06,3.2349e-05,3.6419e-05,5.3597e-05,2.1082e-05,3.7686e-05,0.00016331,-5.1322e-07,2.6643e-05,0.00011104,4.3236e-05,3.8102e-05,4.9517e-05,8.0691e-05,0.00010535,9.7157e-06,4.8888e-05,2.0424e-05,3.5405e-05,-5.5902e-05,2.8531e-05,5.2567e-06,3.2679e-05,2.2648e-05,6.4176e-05,1.2681e-05,7.2707e-05,8.0099e-05,2.0608e-05,1.0036e-05,2.3017e-05,7.6659e-05,-3.5824e-06,-6.881e-06,-2.4148e-05,1.6759e-05,3.7484e-05,2.7382e-05,4.7239e-05,4.693e-05,6.4297e-05,-9.2772e-06,5.0386e-05,4.2931e-05,4.0478e-05,1.3236e-05,-1.4197e-05,-1.4197e-05,4.3673e-05,3.9629e-05,-4.3989e-06,3.618e-05,2.8125e-05,4.1881e-05,6.2002e-05,-1.9514e-05,4.2581e-06,-6.461e-06,4.9447e-05,3.8832e-05,2.3115e-07,2.1298e-05,4.5081e-06,9.6018e-05,6.1846e-06,2.9611e-05,2.3379e-05,1.8429e-05
-2.5608e-06,-2.8206e-05,3.8223e-05,0.00010596,1.891e-05,1.8867e-05,5.2899e-06,2.3043e-05,2.0879e-05,4.1765e-06,1.1324e-05,5.3986e-05,0.0001176,2.3138e-05,5.7203e-05,4.5907e-06,-1.0037e-05,-2.1768e-05,7.1849e-05,3.9427e-05,1.4804e-05,3.4648e-05,2.3636e-05,0.0001227,1.6736e-06,1.2202e-05,4.3236e-05,9.1852e-05,4.1176e-05,2.3765e-05,7.6169e-05,7.7684e-05,2.9318e-06,2.2155e-05,1.4195e-05,6.8905e-05,1.7829e-05,1.8653e-05,5.8928e-05,-5.4946e-06,5.6119e-05,5.106e-05,-3.059e-05,3.7736e-05,3.4335e-05,-1.7528e-06,1.7465e-06,7.9541e-06,7.9063e-05,2.225e-05,9.1486e-06,3.4611e-08,2.2928e-05,3.5689e-05,2.0867e-05,4.3522e-05,2.0281e-05,9.9612e-05,1.707e-05,4.8133e-05,1.3755e-05,6.6592e-06,-5.9769e-06,1.7142e-05,1.7142e-05,1.5442e-05,3.6797e-05,-4.6638e-09,2.513e-05,3.8815e-05,-1.1131e-05,3.3237e-05,-3.4612e-05,-2.9038e-05,-7.0045e-06,1.6274e-05,2.8242e-05,2.326e-05,2.058e-05,1.1237e-06,0.00010792,9.9213e-06,5.2731e-05,6.971e-07,7.0268e-06
6.3472e-05,8.342e-06,-2.8229e-06,7.53e-05,3.7915e-05,2.9819e-05,9.0074e-06,0.00010712,-1.4149e-05,2.0184e-05,-7.2639e-06,3.517e-05,6.6435e-05,2.9751e-05,6.7864e-06,4.7145e-05,4.2489e-05,2.4604e-05,4.8914e-06,5.1299e-05,3.4071e-05,1.0125e-05,4.9592e-05,0.00017121,5.9602e-05,6.8161e-05,3.8102e-05,4.1176e-05,0.00014352,4.1351e-05,0.00012092,9.0168e-05,5.5641e-05,3.1461e-05,5.1848e-06,3.1773e-05,-3.325e-05,2.8349e-05,3.8906e-05,3.593e-05,3.3908e-05,5.2477e-05,-4.8835e-05,5.9101e-05,7.2508e-05,7.595e-06,3.1071e-05,1.9043e-05,5.7879e-05,5.0247e-05,2.9364e-05,8.3261e-05,-8.4869e-06,1.5894e-05,-1.1388e-06,6.1149e-05,3.7665e-05,8.2711e-05,5.4091e-05,2.8266e-05,4.013e-05,5.798e-05,-1.4222e-05,2.764e-05,2.764e-05,1.734e-05,5.8352e-06,2.5769e-05,5.5819e-05,5.5857e-05,-5.601e-05,5.3922e-05,-5.201e-06,-2.1953e-05,7.1611e-06,3.5709e-05,-1.7928e-05,-6.0675e-06,5.0109e-05,1.6943e-05,2.5659e-05,-4.5317e-06,5.5509e-05,3.7574e-05,1.9808e-05
4.1209e-05,3.7308e-05,3.8385e-05,8.9028e-05,5.1464e-05,1.9565e-05,2.039e-05,9.1228e-05,5.9884e-05,4.0115e-05,7.4449e-05,4.3636e-05,8.9468e-05,4.8017e-05,6.0931e-05,5.6609e-05,3.1377e-05,1.532e-05,9.3655e-05,5.4716e-05,3.6486e-05,-2.522e-07,8.0037e-05,9.7357e-05,2.671e-05,3.7571e-05,4.9517e-05,2.3765e-05,4.1351e-05,0.00010174,0.00012032,8.3239e-05,5.7395e-05,4.6823e-05,6.9415e-05,6.8027e-05,-4.606e-06,8.9022e-07,5.3033e-05,3.9829e-05,2.6318e-05,8.2189e-05,4.3224e-05,5.6425e-05,4.1773e-05,3.1484e-05,4.4647e-05,4.2922e-05,8.1404e-05,8.8293e-05,2.3876e-05,3.538e-05,4.6412e-05,3.9187e-05,2.9315e-05,8.3822e-05,3.7008e-05,6.5184e-05,3.1632e-05,5.0321e-05,6.3088e-05,4.7959e-05,1.1497e-05,4.8823e-05,4.8823e-05,8.3621e-05,2.6371e-06,4.249e-07,7.5756e-05,5.4524e-05,2.7812e-05,2.2268e-05,-4.406e-06,3.4976e-05,1.1755e-05,5.598e-05,6.7948e-05,2.6634e-09,4.4037e-05,3.4775e-05,7.3332e-05,1.6445e-05,6.7878e-05,4.1638e-05,3.2993e-05
7.403e-05,-8.1245e-05,2.7186e-05,0.00024972,7.8816e-05,5.5596e-05,1.5806e-05,0.00022459,0.00011606,7.4196e-05,6.0205e-05,6.8595e-05,0.00017199,8.768e-05,5.5761e-05,5.4344e-05,7.9326e-05,-3.0399e-05,0.00017785,0.00015759,4.4721e-05,3.2897e-05,9.7493e-05,0.00017707,8.102e-05,5.5396e-05,8.0691e-05,7.6169e-05,0.00012092,0.00012032,0.00046941,0.00013116,0.0001357,7.4827e-05,5.8751e-05,8.8216e-05,-4.5904e-05,7.0904e-05,0.00018588,1.2214e-06,5.3862e-05,0.00016616,0.00012599,-9.5253e-06,-1.7897e-05,2.8793e-05,8.3246e-06,6.3932e-05,0.00013246,8.3597e-05,0.00013573,-5.3731e-05,0.00022161,5.4211e-05,3.2812e-05,0.00020962,8.7257e-05,0.00020101,0.00010493,0.00012713,-2.4327e-05,4.6384e-05,-2.1146e-05,2.9618e-05,2.9618e-05,2.569e-05,5.2315e-05,2.8725e-05,8.7107e-05,9.1609e-05,-2.9005e-05,0.00013855,-5.5496e-05,0.00012052,-1.608e-05,0.00012586,0.00010349,3.5966e-05,3.8591e-05,4.6446e-06,7.5005e-05,3.7975e-05,0.00012393,6.8305e-05,0.00014745
2.7358e-05,3.9294e-05,9.8684e-05,0.00016815,9.3899e-05,7.6117e-05,7.2747e-05,0.00014194,4.403e-05,5.2756e-05,0.00012245,8.664e-05,0.00018874,6.8913e-05,0.00011671,6.5401e-05,2.0847e-05,2.5458e-05,0.00017535,0.00011584,5.8413e-05,5.2956e-05,6.6528e-05,0.00029805,7.1612e-05,6.1756e-05,0.00010535,7.7684e-05,9.0168e-05,8.3239e-05,0.00013116,0.00024243,4.7523e-05,8.6221e-05,4.5164e-05,0.00010693,-1.6204e-05,0.00010928,0.00012224,0.00010063,6.7546e-05,0.00015919,4.6801e-05,0.00014403,8.3511e-05,3.9772e-05,4.0348e-05,7.1531e-05,0.00016005,6.5468e-05,3.3172e-05,2.6291e-05,2.6967e-05,0.00011534,9.007e-05,0.00013623,5.4534e-05,0.00017543,6.8719e-05,0.00013679,9.2859e-05,8.6044e-05,2.4339e-05,2.7237e-05,2.7237e-05,9.4746e-05,8.0889e-05,3.7134e-07,0.00010953,0.00013345,-2.3429e-05,0.00010199,-1.4611e-05,-7.7948e-06,-1.6686e-06,8.4556e-05,7.508e-05,2.5312e-05,5.7901e-05,1.5354e-05,0.00023714,5.3998e-05,0.00012724,7.9103e-05,5.6242e-05
7.1103e-05,-4.2032e-05,3.7112e-05,0.00016022,2.8105e-05,4.276e-05,8.1365e-06,0.00011919,3.4262e-05,2.4455e-05,5.3555e-05,-1.2237e-05,9.7192e-05,6.268e-05,1.3313e-06,0.00011837,3.0117e-05,1.2204e-05,9.5468e-05,9.3244e-05,5.8602e-05,1.2451e-05,4.5877e-05,0.0001155,6.3666e-05,4.3804e-05,9.7157e-06,2.9318e-06,5.5641e-05,5.7395e-05,0.0001357,4.7523e-05,0.00015133,5.2359e-05,4.9289e-05,2.8019e-05,2.1736e-05,3.6691e-05,0.00013112,3.0686e-05,-7.1433e-06,6.8452e-05,8.5488e-05,6.9841e-05,-2.4458e-06,4.7986e-05,2.473e-05,4.3617e-05,4.5978e-05,8.2412e-05,5.1043e-05,6.8984e-05,6.0456e-05,4.5978e-05,3.0553e-05,0.000105,5.0416e-05,0.00011333,6.508e-05,2.533e-05,-5.9861e-06,2.6482e-05,1.3292e-06,3.8315e-05,3.8315e-05,1.2021e-05,8.166e-06,1.8781e-05,7.2356e-05,2.6753e-05,1.2509e-05,5.4601e-05,6.5614e-06,-2.2682e-05,1.0319e-05,3.5338e-05,-1.9749e-05,2.8062e-05,8.911e-05,3.1317e-05,3.74e-05,-5.47e-06,0.00012745,7.8167e-05,3.353e-05
4.4763e-05,8.9833e-06,5.1461e-05,7.3504e-05,3.1278e-05,5.83e-05,4.3682e-06,0.00010584,3.2108e-05,4.374e-05,5.2882e-05,1.2566e-05,7.3653e-05,4.2563e-05,4.8736e-05,3.7513e-05,3.3821e-05,2.1453e-05,0.00010039,3.3621e-05,4.4872e-05,2.4644e-05,3.1431e-05,0.00016532,5.0157e-05,2.0412e-05,4.8888e-05,2.2155e-05,3.1461e-05,4.6823e-05,7.4827e-05,8.6221e-05,5.2359e-05,0.00011543,5.2303e-05,2.5811e-05,3.3753e-06,-5.5548e-06,5.4218e-05,3.5369e-05,-1.5915e-05,9.1133e-05,8.8561e-05,4.888e-05,2.9714e-05,3.7843e-05,4.4725e-05,3.0216e-05,7.3877e-05,5.7615e-05,4.7997e-05,1.2634e-05,5.0751e-05,5.2272e-05,4.2125e-05,8.0159e-05,3.7664e-05,4.3479e-05,4.5436e-05,3.6908e-05,3.2324e-05,5.7158e-05,2.2539e-05,4.325e-05,4.325e-05,3.3449e-05,3.0057e-05,6.5589e-06,0.00010506,5.0704e-05,-2.8418e-05,3.4033e-05,4.4359e-06,2.9228e-05,1.0121e-06,4.3622e-05,2.7793e-05,4.1866e-06,1.7683e-05,2.1955e-05,8.5554e-05,3.1457e-05,9.381e-05,3.7001e-05,2.8669e-05
3.2264e-05,3.4484e-05,4.4202e-05,5.7004e-05,2.8054e-05,3.0214e-05,-8.0508e-06,5.6614e-05,3.98e-05,4.1048e-05,5.8275e-05,1.6627e-05,7.6825e-05,3.9703e-05,6.069e-05,5.6228e-05,1.9795e-05,-2.1061e-06,7.5535e-05,3.9874e-05,5.1019e-05,1.608e-05,6.6054e-05,7.9045e-05,3.6003e-05,3.8604e-05,2.0424e-05,1.4195e-05,5.1848e-06,6.9415e-05,5.8751e-05,4.5164e-05,4.9289e-05,5.2303e-05,9.4134e-05,4.7849e-05,5.9095e-05,-1.9177e-05,4.9205e-05,6.0997e-05,4.166e-07,6.4898e-05,4.6129e-05,4.1052e-05,5.5586e-05,2.57e-05,3.5012e-05,4.7936e-05,4.4169e-05,9.5977e-05,4.37e-05,3.3285e-05,3.399e-05,3.8123e-05,3.2905e-05,6.9581e-05,2.1677e-05,4.7369e-05,5.0422e-05,-9.6345e-06,4.476e-05,3.1555e-05,2.0559e-05,7.481e-05,7.481e-05,6.47e-05,3.6203e-06,-9.4149e-06,7.8444e-05,3.0175e-05,2.0365e-05,-4.188e-06,-1.2129e-05,1.368e-05,8.1212e-06,9.7484e-06,4.0017e-05,-6.4939e-06,3.673e-05,2.5295e-05,7.8297e-05,2.2389e-05,5.3837e-05,3.0334e-05,2.0435e-05
6.9575e-06,1.2891e-05,5.9029e-05,0.00014418,4.5496e-05,3.9637e-05,2.9292e-06,5.3515e-05,4.2915e-05,2.1881e-05,8.0737e-05,7.9808e-05,0.00015155,4.7235e-05,8.5912e-05,8.8356e-05,1.0499e-05,6.2498e-06,0.00010026,6.9427e-05,1.2922e-05,3.3318e-05,4.5133e-05,0.00013439,9.9426e-06,2.2927e-05,3.5405e-05,6.8905e-05,3.1773e-05,6.8027e-05,8.8216e-05,0.00010693,2.8019e-05,2.5811e-05,4.7849e-05,0.00011411,1.7838e-05,4.8537e-05,0.00010304,3.4718e-05,6.8131e-05,8.2579e-05,5.0985e-07,4.5711e-05,3.84e-05,2.3437e-05,3.9739e-05,4.4248e-05,9.1485e-05,8.1625e-05,3.2018e-05,4.3038e-05,2.1963e-05,6.126e-05,4.3618e-05,7.7068e-05,3.4475e-05,0.0001357,4.3848e-05,9.8596e-05,4.9355e-05,2.1914e-05,1.1945e-05,4.8323e-05,4.8323e-05,7.3112e-05,2.5559e-05,-1.0284e-05,4.7581e-05,7.2911e-05,3.8497e-06,2.6586e-05,-1.7631e-05,8.4956e-06,6.6688e-06,4.837e-05,5.639e-05,3.533e-05,4.7391e-05,2.0203e-05,0.00015566,4.8327e-05,6.1199e-05,2.3045e-05,3.1812e-05
-7.4617e-06,8.8451e-06,6.8263e-05,0.00010524,-4.9241e-06,2.0965e-05,-6.4054e-05,1.4324e-05,-9.18e-05,-2.0637e-05,6.0178e-05,-3.1611e-05,8.4798e-05,3.2851e-05,3.4589e-05,-1.2955e-05,-9.1991e-06,-3.9492e-05,0.00013304,3.5711e-05,-1.0766e-05,5.2134e-05,3.7598e-06,2.6524e-06,1.7596e-05,2.4369e-05,-5.5902e-05,1.7829e-05,-3.325e-05,-4.606e-06,-4.5904e-05,-1.6204e-05,2.1736e-05,3.3753e-06,5.9095e-05,1.7838e-05,0.00027588,-2.783e-05,0.00018117,5.362e-05,5.6931e-06,4.3003e-07,-2.056e-05,5.8216e-05,-1.0202e-05,2.3906e-05,-2.1425e-05,1.0577e-05,7.7892e-05,6.1003e-05,1.699e-05,-3.9297e-05,-9.3518e-05,4.3765e-05,5.5398e-05,-1.1504e-05,-1.2182e-05,7.1123e-05,1.8014e-05,-4.4346e-05,4.5424e-05,-3.9708e-05,2.9922e-05,0.00012013,0.00012013,1.7357e-05,-4.2792e-05,5.3756e-06,8.9058e-05,1.9607e-05,2.4465e-05,-3.2995e-05,-2.5768e-05,-6.1049e-05,-2.0183e-05,-5.3468e-05,6.3286e-05,2.9455e-05,1.478e-05,-7.799e-06,5.156e-05,3.9939e-05,3.9377e-05,1.2527e-06,-1.3378e-05
-8.256e-06,-1.5281e-05,4.0954e-05,0.00014261,4.6179e-05,5.7052e-05,4.6077e-05,3.353e-05,5.3996e-07,2.2365e-05,4.7296e-05,3.8447e-05,0.00011936,3.9615e-05,3.0978e-05,6.4829e-05,5.577e-06,1.4173e-05,7.0418e-05,0.0001093,1.3859e-05,3.4899e-05,-2.161e-06,0.00011565,3.9354e-05,2.5009e-05,2.8531e-05,1.8653e-05,2.8349e-05,8.9022e-07,7.0904e-05,0.00010928,3.6691e-05,-5.5548e-06,-1.9177e-05,4.8537e-05,-2.783e-05,0.00015234,0.00012988,4.9202e-05,3.2787e-05,6.4492e-05,7.405e-06,5.1805e-05,-1.7478e-05,2.5033e-05,-9.688e-06,2.785e-05,4.9274e-05,5.5123e-06,1.9547e-05,1.2857e-05,-1.9335e-05,5.9512e-05,3.9915e-05,6.7989e-05,3.7866e-05,0.00016769,5.5632e-05,0.00011252,-6.3619e-07,2.3084e-05,9.6861e-06,-2.272e-05,-2.272e-05,-2.6906e-06,7.0155e-05,-1.0188e-05,3.7145e-06,4.0998e-05,6.5979e-06,8.6352e-05,-1.4773e-05,-1.4158e-05,-1.3452e-06,4.6517e-05,-3.0221e-06,3.7428e-05,4.4251e-05,-1.1679e-05,0.00013008,4.7502e-05,5.285e-05,5.3784e-05,5.3836e-05
3.0592e-05,-3.4992e-05,0.00015138,0.00047983,6.6202e-05,0.00012413,-3.1965e-05,0.00014119,-0.00011703,4.1964e-05,0.00016151,4.9353e-05,0.00032164,0.00013167,9.1488e-05,0.0001383,0.00016678,-2.4833e-05,0.0001889,0.00018399,-5.2055e-06,0.00011229,3.5463e-05,0.0001381,7.0078e-05,8.0084e-05,5.2567e-06,5.8928e-05,3.8906e-05,5.3033e-05,0.00018588,0.00012224,0.00013112,5.4218e-05,4.9205e-05,0.00010304,0.00018117,0.00012988,0.00059376,8.9505e-05,1.7341e-05,0.00012542,-3.2518e-05,0.00020864,-6.0419e-05,4.2022e-05,1.0974e-05,6.6495e-05,0.00016813,6.4167e-05,9.624e-05,7.6438e-06,-2.6819e-05,0.00012271,0.000104,0.00014438,8.7489e-05,0.00041569,0.00015374,0.00026391,4.1359e-05,-1.4485e-06,2.1628e-05,2.1931e-05,2.1931e-05,1.6396e-05,2.1478e-05,2.7569e-05,0.00012119,0.00012988,1.9556e-05,0.00011509,-8.9731e-05,-9.096e-05,-4.7997e-05,7.377e-05,5.7496e-05,9.9416e-05,8.5768e-05,-8.4449e-06,0.00034933,8.1521e-05,0.00027218,0.00010757,0.00010308
4.2606e-05,6.2078e-05,3.0914e-05,2.1643e-05,5.4019e-05,7.4501e-05,1.6999e-05,7.6231e-05,-6.3033e-05,3.954e-05,5.9803e-05,3.0401e-05,8.183e-05,2.8659e-05,4.8313e-05,8.9497e-05,1.5789e-05,2.0111e-05,8.2762e-05,0.0001009,3.4659e-05,4.4934e-05,6.9033e-05,0.00011832,7.8668e-05,9.5254e-05,3.2679e-05,-5.4946e-06,3.593e-05,3.9829e-05,1.2214e-06,0.00010063,3.0686e-05,3.5369e-05,6.0997e-05,3.4718e-05,5.362e-05,4.9202e-05,8.9505e-05,0.00016515,1.1711e-05,6.0792e-05,-3.7922e-05,8.7058e-05,9.6595e-05,3.7326e-05,5.3144e-05,7.1347e-05,5.894e-05,8.2932e-05,1.8348e-05,2.7216e-05,-6.6724e-05,4.582e-05,3.4149e-05,4.6227e-05,3.1593e-05,9.8835e-05,7.7908e-05,9.9531e-06,9.7527e-05,5.9219e-05,2.66e-05,4.9112e-05,4.9112e-05,7.8186e-05,6.312e-06,-5.8769e-06,8.0659e-05,5.8133e-05,-9.7312e-06,2.3713e-05,-8.7374e-06,-1.6134e-05,3.3713e-06,-3.1154e-05,2.2779e-05,-6.5648e-07,6.0709e-05,1.3634e-05,0.00013368,3.5833e-05,6.3125e-05,5.6724e-05,4.026e-05
7.4702e-06,-3.1385e-05,-5.6074e-07,1.8145e-05,2.5316e-05,1.4727e-05,2.1307e-05,6.2332e-06,3.0664e-05,-5.5977e-06,2.2464e-05,6.2876e-05,3.936e-05,1.0286e-05,3.8455e-05,3.6097e-05,-7.1307e-06,-1.8658e-05,2.8068e-05,6.5869e-05,5.393e-06,1.8277e-05,1.9262e-05,8.0291e-05,7.5381e-06,1.022e-05,2.2648e-05,5.6119e-05,3.3908e-05,2.6318e-05,5.3862e-05,6.7546e-05,-7.1433e-06,-1.5915e-05,4.166e-07,6.8131e-05,5.6931e-06,3.2787e-05,1.7341e-05,1.1711e-05,9.7781e-05,4.2362e-05,-9.3553e-06,1.6617e-05,1.9941e-05,9.9438e-06,2.4097e-05,2.6695e-05,7.5679e-05,2.3441e-05,5.7039e-06,4.601e-06,1.9848e-06,2.9332e-05,2.3393e-05,2.5122e-05,1.1731e-05,3.7816e-05,-2.1995e-05,-4.1093e-07,3.76e-05,-1.1629e-05,-1.6953e-06,2.5382e-06,2.5382e-06,7.3919e-05,-6.169e-06,-5.5131e-06,1.5978e-05,4.5495e-05,1.2968e-05,2.6226e-05,-1.1631e-05,5.7694e-06,1.0386e-05,-1.2687e-05,3.5504e-05,2.9604e-05,2.5969e-05,2.8816e-06,3.5536e-05,1.6816e-05,2.2026e-05,-6.8081e-06,1.9423e-05
4.4613e-05,1.3333e-06,8.7846e-05,0.00015319,6.6476e-05,7.7085e-05,2.9413e-05,0.00013605,5.4122e-05,5.4281e-05,0.0001227,6.1452e-05,0.0001417,7.0382e-05,0.00010463,5.9268e-05,4.2917e-05,1.3938e-05,0.00015838,0.00010684,5.766e-05,3.4284e-05,7.0231e-05,0.00018804,6.4893e-05,4.1584e-05,6.4176e-05,5.106e-05,5.2477e-05,8.2189e-05,0.00016616,0.00015919,6.8452e-05,9.1133e-05,6.4898e-05,8.2579e-05,4.3003e-07,6.4492e-05,0.00012542,6.0792e-05,4.2362e-05,0.00015471,0.0001121,8.4889e-05,3.5329e-05,2.9257e-05,3.8756e-05,6.3189e-05,0.00013489,9.7673e-05,7.2311e-05,1.6123e-05,8.2746e-05,9.9245e-05,7.9312e-05,0.00013618,4.7314e-05,0.00012764,7.3065e-05,8.8428e-05,5.5548e-05,6.8652e-05,1.1755e-05,2.6228e-05,2.6228e-05,8.5356e-05,5.5968e-05,2.3253e-06,0.00011894,0.00010454,-2.2098e-05,8.2936e-05,-6.1692e-06,3.2636e-05,1.1441e-05,5.8407e-05,6.3984e-05,1.7529e-05,4.8054e-05,2.3969e-05,0.00014936,4.7561e-05,0.00012487,6.8787e-05,6.9534e-05
