8.6006e-05,4.8983e-06,-2.6124e-05,-6.6025e-05,2.8441e-05,-2.5746e-05,-3.2819e-06,-2.5698e-05,-5.8701e-05,3.3712e-05,1.8816e-06,3.2907e-05,-5.0115e-05,-8.0484e-06,-1.1437e-06,1.825e-05,2.6153e-06,5.4726e-05,-1.0751e-05,-1.4233e-05,5.7299e-05,6.9993e-07,4.8435e-05,8.821e-05,3.4366e-05,-2.1165e-06,-1.8541e-05,2.7395e-05,1.9234e-05,-7.5938e-06,-6.0438e-05,-5.5387e-05,4.4438e-06,-1.8245e-05,3.4084e-05,-9.2226e-06,1.7253e-05,1.8951e-05,-0.00011898,2.9247e-05,1.9952e-05,1.8189e-05,2.3792e-05,3.4077e-05,1.6594e-05,1.7349e-05,5.4535e-05,5.6517e-05,5.6909e-05,2.5488e-05,7.85e-05,1.6123e-05,2.5874e-05,1.1132e-05,2.3045e-05,-3.0621e-05,-9.999e-05,-7.3578e-05,1.0352e-05,-4.9176e-05,2.3531e-05,4.4348e-05,3.1242e-05,4.6098e-05,4.5708e-05,8.0198e-05,1.4313e-05,1.0497e-05,8.9724e-06,1.3555e-06,6.2877e-05,6.7058e-06,4.3716e-05,-2.9128e-05,7.8888e-05,-3.1075e-05,3.5261e-05,4.9179e-05,3.8924e-05,7.9323e-05,-5.0241e-05,4.3144e-06,-3.4551e-05,-2.5543e-05,-8.9516e-06
4.8983e-06,0.00023877,8.1143e-05,0.00022415,9.8767e-05,0.0002867,4.1748e-05,-3.356e-06,0.00016697,4.7895e-05,7.1106e-05,0.00021065,0.00019357,9.3689e-05,9.0168e-05,0.00023133,8.8248e-05,4.0834e-05,0.000143,7.719e-05,-6.1326e-05,1.2897e-05,0.00010376,0.00011768,1.7209e-05,9.3409e-06,7.5258e-05,0.00016494,7.3766e-05,0.00012865,2.7732e-05,7.0635e-05,0.00014628,0.00018377,3.9945e-05,0.00014592,0.00010443,0.00014248,0.00025933,5.3683e-05,0.00016261,0.00037645,0.00014182,9.7777e-05,5.283e-05,6.5593e-05,1.6499e-05,5.5949e-05,0.00028567,0.00020359,-1.6862e-05,3.7424e-05,0.0001407,0.00010233,8.8154e-05,-0.00017999,3.8479e-05,0.00027626,0.00020799,0.00011419,0.00014047,9.6391e-05,1.9512e-05,0.00012687,0.00012374,4.1093e-05,7.6897e-06,0.00014277,0.00019766,7.9265e-05,2.1663e-05,5.3523e-05,-2.1927e-06,7.3135e-05,-2.2713e-05,4.5715e-05,0.00015057,4.5212e-05,6.024e-05,3.3344e-05,0.00028578,1.9592e-05,0.00020613,4.9599e-05,6.2427e-05
-2.6124e-05,8.1143e-05,0.00031765,0.00040837,0.00011464,0.00035916,-6.535e-06,3.2922e-05,0.00024533,6.7621e-07,0.00022262,0.00012995,0.00029924,-2.1723e-05,0.0002208,0.00015014,0.00010311,2.3558e-05,0.00023441,2.603e-05,1.2597e-05,1.7144e-05,3.7991e-05,0.00025521,-8.7102e-06,8.1939e-05,3.7231e-05,0.00010122,-1.2969e-05,0.00025648,0.00017861,0.00012104,0.00015094,0.00013791,-2.1434e-05,9.1651e-05,1.3838e-05,0.0001244,0.00060837,7.8694e-05,0.00011831,0.00049137,0.000286,0.00023844,3.0078e-05,-8.1322e-05,4.3739e-05,-7.6522e-06,0.00038692,0.00029128,6.7927e-05,-4.8619e-05,0.00037808,0.00015162,0.00013892,4.5752e-05,8.261e-05,0.00045161,0.000132,0.00043787,0.00013779,7.0759e-06,-6.02e-05,0.00017859,0.00018277,-4.7122e-05,-2.5276e-05,6.3624e-05,0.00018158,0.00014703,-5.3939e-05,1.0423e-05,4.5082e-05,0.00011693,-1.1154e-05,0.00015423,0.00019824,-4.6579e-05,3.0383e-06,7.6186e-05,0.00038002,6.16e-05,0.00028899,0.00021959,0.00013679
-6.6025e-05,0.00022415,0.00040837,0.001201,0.00019571,0.00043409,8.171e-07,-0.00014792,0.0005412,-6.5489e-05,0.00037544,0.00016941,0.00076414,-1.2571e-05,0.00038093,0.00039438,0.00021945,-0.00015348,0.00051146,6.4187e-05,-5.3674e-05,-7.8451e-06,9.232e-05,0.00024659,1.0454e-05,6.5197e-05,-5.284e-06,0.00024481,2.7975e-05,0.00040367,0.00019075,0.00031112,0.00023799,0.00030709,-0.00014191,0.00028001,8.8476e-05,0.00033341,0.0014029,-8.5316e-05,2.0398e-05,0.00054519,0.00043413,0.00043172,-7.1971e-05,1.4343e-05,-0.00016646,-6.5908e-05,0.00061456,0.00032465,5.377e-05,-0.00013592,0.00059372,0.00026331,0.00021269,-0.00032627,0.00021296,0.0011175,0.00045872,0.00084224,0.00024991,3.1905e-05,-0.00013057,0.00029909,0.00031678,-0.00010592,-0.00010291,0.00027666,0.00015894,0.00023682,-0.00014591,3.7506e-05,-0.00011517,0.00025583,-0.00021461,0.00029266,0.00036447,-5.099e-05,-1.7968e-05,6.2309e-05,0.00099727,6.7627e-05,0.00082019,0.00033534,0.00014909
2.8441e-05,9.8767e-05,0.00011464,0.00019571,0.00013498,0.00024894,2.5966e-06,1.7103e-05,0.00016577,2.1775e-05,9.0927e-05,0.00014626,0.00014136,4.8283e-05,0.00013558,4.5726e-05,7.6011e-05,4.9882e-05,0.00011511,1.454e-05,-9.0963e-07,3.1416e-05,8.3543e-05,0.00013519,2.7764e-05,1.1211e-05,3.5623e-06,0.00010351,2.655e-05,0.00011565,7.8529e-05,4.3312e-05,9.0074e-05,0.00010584,9.439e-07,8.5444e-05,2.9013e-05,0.00010358,0.00029184,4.2323e-05,0.00015894,0.0003492,0.00024217,0.0001601,1.0823e-05,6.4198e-05,3.3383e-05,4.58e-07,0.00029853,0.00019984,7.7858e-05,-5.3718e-06,0.00023741,0.00011108,0.00010441,3.1394e-05,-3.4203e-05,0.00019488,0.00012611,0.00017815,9.745e-05,6.3645e-05,2.2896e-05,0.00017652,0.0001748,3.4116e-05,-1.4044e-05,3.9062e-05,0.00014714,0.00011976,3.309e-05,2.2938e-05,2.8249e-05,0.00010768,3.9164e-06,9.685e-05,0.00014054,3.2009e-05,4.8058e-05,6.2267e-05,0.00022294,3.9753e-05,0.00015135,0.00010536,5.3855e-05
-2.5746e-05,0.0002867,0.00035916,0.00043409,0.00024894,0.0013069,9.5675e-05,0.00012249,0.00050484,0.0001431,0.00019666,0.00053121,0.00046752,0.00010968,0.00029483,0.00042521,0.0002573,0.00014619,0.00050188,0.00016765,-9.2526e-05,7.297e-05,0.00030254,0.00045318,2.8061e-05,5.6858e-05,9.4955e-05,0.00052122,3.726e-05,0.00037423,0.00042118,0.00031217,0.00037088,0.0004414,7.3903e-05,0.00039505,0.0001654,0.00029023,0.00078638,0.00015327,0.00057182,0.0011208,0.0006402,0.00045969,1.6544e-05,0.00013079,5.9254e-05,-3.4798e-05,0.00078555,0.00080682,7.446e-05,9.9671e-05,0.00058686,0.00027639,0.00020865,-5.3601e-05,4.3425e-05,0.00053153,0.00050134,0.00049747,0.00035285,0.00021804,0.0001162,0.00033752,0.0003212,9.1003e-05,1.7296e-05,0.00014773,0.00053655,0.00027508,0.00013597,5.3303e-05,8.8401e-05,0.00034226,-4.307e-05,0.00029919,0.00045594,6.0958e-06,0.0002128,5.3636e-05,0.00050936,0.00020634,0.00056205,0.00032116,0.00023812
-3.2819e-06,4.1748e-05,-6.535e-06,8.171e-07,2.5966e-06,9.5675e-05,0.00010452,-1.1682e-05,4.9767e-05,5.585e-05,4.5917e-05,9.031e-05,3.1879e-05,4.8063e-05,3.4872e-06,0.00010058,3.1767e-05,3.4322e-05,2.1886e-05,3.8766e-05,-4.2717e-05,2.1626e-05,3.5301e-05,4.8792e-05,-2.0862e-05,9.8116e-06,3.9639e-05,0.00010429,5.7665e-05,4.2416e-06,-1.4526e-05,3.9169e-05,2.2333e-05,0.00011354,6.0224e-05,8.2452e-05,2.1334e-05,3.0031e-05,-7.4367e-05,2.824e-05,9.6721e-05,8.4181e-05,-2.1223e-05,-3.8101e-06,1.1322e-05,5.5902e-05,-1.7113e-06,3.7794e-05,-1.2669e-05,5.1064e-05,-0.0001375,5.8378e-05,-7.7245e-05,1.8464e-05,1.1057e-05,-5.4211e-05,0.0001961,1.6937e-05,6.9991e-05,-5.079e-06,3.9465e-05,4.2695e-05,5.0023e-05,-1.9578e-05,-2.4779e-05,-1.2438e-05,4.9963e-05,3.4926e-05,0.00010283,8.3067e-06,4.9465e-05,1.9421e-05,-1.1992e-05,-6.801e-06,2.9976e-05,3.3689e-05,2.0756e-05,2.2794e-05,6.0631e-05,1.6842e-05,-3.534e-05,6.1196e-05,1.4615e-05,-9.4619e-06,1.2508e-05
-2.5698e-05,-3.356e-06,3.2922e-05,-0.00014792,1.7103e-05,0.00012249,-1.1682e-05,0.00029607,1.6449e-05,-1.9691e-05,6.4489e-05,-5.5918e-05,-4.4739e-05,9.7114e-05,6.508e-05,-0.00025412,-5.3986e-05,0.0001145,6.0149e-05,6.4043e-05,0.00013025,5.0975e-05,-1.743e-05,0.00010672,-2.8091e-05,4.6148e-05,5.0603e-05,-4.519e-05,-0.00010338,-1.7264e-05,4.1149e-05,-8.898e-05,-2.9051e-05,-6.6167e-05,-1.7232e-05,-7.203e-06,-1.8334e-05,-0.00010768,-5.6329e-05,4.3774e-07,-1.3857e-05,0.00016151,-2.7868e-05,4.6851e-05,-4.3939e-05,4.219e-05,9.7102e-05,-6.4883e-05,0.00014632,6.7806e-05,-2.0154e-06,-3.4029e-06,-2.2181e-05,3.2607e-05,4.8108e-05,0.00035576,-7.8172e-05,-0.00010837,-0.00012866,4.4037e-05,6.9381e-05,3.509e-06,5.8122e-05,-4.132e-05,-3.9766e-05,8.1509e-05,-1.2862e-05,-0.00013209,8.4363e-05,8.0086e-05,-5.6155e-06,3.9779e-05,6.2549e-05,-1.3099e-05,0.00014811,4.4307e-05,5.2517e-05,2.9914e-05,2.566e-05,5.7922e-05,-0.00014461,-7.2616e-05,-0.00026403,3.0587e-05,1.7683e-05
-5.8701e-05,0.00016697,0.00024533,0.0005412,0.00016577,0.00050484,4.9767e-05,1.6449e-05,0.00070157,-4.3245e-05,0.00025586,0.00025213,0.00045191,9.138e-05,0.00025259,0.00028866,0.0001936,-1.7659e-05,0.00027436,0.00010715,-0.00011155,3.7433e-05,9.347e-05,0.00025545,-0.00010381,4.4793e-05,6.2911e-06,0.00029214,8.1429e-05,0.00039706,0.00030735,0.00010958,0.00023095,0.00029623,-8.0603e-05,0.00023936,4.5137e-05,0.00011532,0.00072591,0.00013246,0.00034396,0.00049364,0.00021339,0.00037661,9.4468e-05,-2.6617e-05,-3.7617e-05,9.3547e-05,0.00029432,0.00028288,-0.0002489,-6.5673e-05,0.00035809,0.00017022,0.00012189,-0.00013653,0.00038613,0.00052308,0.00035827,0.00047681,0.00014482,1.6062e-05,-1.8467e-05,0.00025637,0.00025259,3.7167e-05,-8.3615e-05,1.7239e-05,0.00027028,0.0002029,-6.4685e-05,8.1888e-05,-3.681e-05,0.0001879,-0.00011552,0.00031971,0.00021804,3.4688e-06,2.5726e-05,4.8692e-05,0.0005763,0.00017339,0.00047024,0.00013572,0.00015863
3.3712e-05,4.7895e-05,6.7621e-07,-6.5489e-05,2.1775e-05,0.0001431,5.585e-05,-1.9691e-05,-4.3245e-05,0.00011407,-1.3476e-05,0.00014094,-5.4413e-05,1.6125e-05,-1.4997e-05,0.00013298,2.2539e-06,7.5612e-05,-4.3183e-06,3.2221e-06,-8.2913e-06,2.1266e-05,5.4959e-05,0.00011235,3.3871e-05,1.8694e-06,3.3008e-05,8.703e-05,4.6989e-05,-9.3636e-06,4.5083e-05,7.5968e-06,5.2594e-05,9.4184e-05,0.00011519,4.154e-05,2.9817e-05,6.6662e-05,-0.00015909,7.0495e-05,0.00010755,0.00013435,1.3256e-05,2.7103e-05,3.3265e-05,4.9027e-05,2.4235e-05,3.3975e-05,7.6586e-05,5.8729e-05,2.3084e-05,8.0316e-05,-3.1244e-05,2.5292e-05,2.5512e-05,-4.0017e-05,2.0308e-05,-4.9142e-05,5.9387e-05,-5.2994e-05,5.9886e-05,6.834e-05,5.4068e-05,3.5601e-05,2.9925e-05,4.9183e-06,4.9356e-05,5.9602e-05,0.00013405,1.5118e-06,9.6521e-05,2.0637e-05,1.4508e-05,-1.625e-05,5.2004e-05,-1.4223e-05,3.1563e-05,2.8879e-05,7.8906e-05,4.7262e-05,-7.818e-05,5.4618e-05,-1.9971e-05,-5.0271e-06,3.1301e-05
1.8816e-06,7.1106e-05,0.00022262,0.00037544,9.0927e-05,0.00019666,4.5917e-05,6.4489e-05,0.00025586,-1.3476e-05,0.00038711,1.8067e-06,0.00028734,4.3744e-05,0.00024302,6.8963e-06,5.6709e-05,8.4519e-05,0.00023062,6.4611e-05,-2.9649e-05,-3.6337e-06,3.0506e-05,0.00032641,-4.692e-05,0.00010078,4.5367e-05,0.00010072,-5.8523e-05,0.00016417,-1.7565e-05,5.2649e-05,5.4467e-05,4.6746e-05,-5.6282e-05,8.3719e-05,3.254e-05,7.212e-05,0.00041335,-1.7997e-05,-2.9567e-05,0.00040735,0.00014772,0.00023172,-3.1214e-05,-4.0195e-05,4.8271e-05,4.2197e-05,0.00039076,0.00014729,1.0775e-05,-4.8419e-05,0.00022735,0.00016112,0.00017327,0.00011568,6.9507e-05,0.00037734,2.6471e-05,0.00037831,0.00014376,-9.9247e-06,-3.1996e-05,8.3575e-05,9.1482e-05,3.7816e-05,3.8746e-05,2.4654e-07,0.00019361,0.00015447,-2.195e-05,3.541e-05,5.6851e-05,7.2887e-05,2.625e-05,0.0001955,0.00022524,1.6857e-05,1.3647e-05,0.00011258,0.00028833,8.179e-05,0.0001143,0.00012189,5.0755e-05
3.2907e-05,0.00021065,0.00012995,0.00016941,0.00014626,0.00053121,9.031e-05,-5.5918e-05,0.00025213,0.00014094,1.8067e-06,0.00049529,0.00013966,4.9186e-05,5.965e-05,0.00042873,0.00014118,8.3753e-05,0.00010197,4.6721e-05,-1.8674e-05,7.5569e-05,0.00016286,0.00022524,1.3854e-05,8.3927e-06,4.334e-05,0.00034974,0.00018742,0.00018445,0.00023427,0.00015382,0.00025836,0.00036707,9.5713e-05,0.00023058,6.4063e-05,0.00018179,0.00017022,0.00016783,0.00042874,0.00059823,0.00021744,0.00020723,0.00011497,0.00014033,3.1328e-05,5.703e-05,0.00024103,0.00036353,-7.0172e-05,0.00012037,0.0002123,0.0001017,5.9743e-05,-0.00023436,0.00027007,0.00020376,0.00034978,0.00011987,0.0001154,0.00010444,8.4466e-05,0.00019774,0.0001788,3.3606e-05,-2.4833e-05,0.00017328,0.00027223,0.00010721,6.6036e-05,3.5935e-05,-1.5105e-05,0.00012399,3.9081e-05,5.496e-05,0.00013563,6.836e-05,0.00012808,9.4038e-05,0.00024924,9.3269e-05,0.00027543,9.2755e-05,0.00013828
-5.0115e-05,0.00019357,0.00029924,0.00076414,0.00014136,0.00046752,3.1879e-05,-4.4739e-05,0.00045191,-5.4413e-05,0.00028734,0.00013966,0.00066844,2.9255e-05,0.00031543,0.00028665,0.0001916,-8.1296e-05,0.00041372,0.00010868,-2.2098e-05,9.4438e-06,0.00011862,0.00015934,-1.739e-06,5.8191e-05,9.188e-05,0.00023782,1.3674e-06,0.00029962,0.00013119,0.00017018,0.00018108,0.00022806,-0.00011397,0.00019853,6.9169e-05,0.00021613,0.0010055,-3.6618e-05,0.00011041,0.00053268,0.00039357,0.00027087,-5.3008e-05,4.1308e-05,-7.3191e-05,-2.1062e-05,0.00053788,0.00034653,4.0323e-05,-7.6875e-05,0.00039567,0.0002295,0.00017388,-0.00026636,0.00012184,0.00076547,0.00037083,0.00057011,0.00020722,6.176e-05,-4.6146e-05,0.00017857,0.00018437,-2.8854e-05,-7.4051e-05,0.00015255,0.00022704,0.00019105,-8.6207e-05,4.8892e-05,-3.7426e-05,0.00016147,-0.00011535,0.00018603,0.00028103,-1.2248e-05,3.5946e-05,4.9027e-05,0.00068289,9.4087e-05,0.00060888,0.00023325,0.00011969
-8.0484e-06,9.3689e-05,-2.1723e-05,-1.2571e-05,4.8283e-05,0.00010968,4.8063e-05,9.7114e-05,9.138e-05,1.6125e-05,4.3744e-05,4.9186e-05,2.9255e-05,0.00015542,4.8485e-05,-6.1729e-05,1.3967e-05,5.9449e-05,3.4687e-05,7.3348e-05,5.3204e-05,5.2217e-05,3.4586e-05,4.0186e-05,-9.9453e-06,1.8811e-05,4.1842e-05,1.0433e-05,6.5491e-06,1.4199e-05,-1.9644e-05,6.3732e-06,3.9234e-05,2.8582e-05,2.9107e-05,5.8738e-05,5.2532e-05,-1.7823e-05,9.8357e-06,6.3873e-06,3.7897e-05,0.00014552,2.5644e-05,2.8602e-05,-6.8581e-06,7.0504e-05,4.4329e-05,2.476e-05,0.00010972,5.9293e-05,-1.8614e-05,2.7705e-05,-1.7846e-05,2.6244e-05,2.3493e-05,8.7036e-05,6.0025e-05,1.5402e-05,6.4718e-05,4.3648e-05,6.3402e-05,4.5289e-05,4.6895e-05,8.1607e-06,7.2998e-06,4.7806e-05,3.2901e-05,-8.9469e-06,0.00010901,7.1368e-05,3.9195e-05,6.367e-05,1.0896e-05,-1.2706e-05,8.5377e-05,8.4868e-05,5.0605e-05,2.4218e-05,4.0681e-05,5.8644e-05,8.5593e-06,2.2441e-05,-5.4414e-05,-5.9611e-06,2.5204e-05
-1.1437e-06,9.0168e-05,0.0002208,0.00038093,0.00013558,0.00029483,3.4872e-06,6.508e-05,0.00025259,-1.4997e-05,0.00024302,5.965e-05,0.00031543,4.8485e-05,0.00025134,3.6758e-05,7.9318e-05,4.1149e-05,0.00023698,4.6792e-05,2.7322e-05,2.8866e-05,6.9649e-05,0.00021812,4.7542e-06,6.3782e-05,4.053e-05,9.8783e-05,-4.2526e-05,0.00017254,8.3674e-05,5.1208e-05,9.4209e-05,8.3855e-05,-3.5121e-05,8.9402e-05,2.9665e-05,0.00011679,0.00052231,4.9844e-06,6.4465e-05,0.00043892,0.00028152,0.00023358,-3.36e-05,1.693e-05,2.6638e-05,-2.0775e-05,0.00045745,0.00021882,0.00010286,-5.0135e-05,0.00031045,0.00017279,0.00016405,6.4713e-05,-4.1602e-05,0.00038286,0.00013421,0.00037541,0.00016563,4.62e-05,-1.5688e-05,0.00017217,0.00017694,1.6994e-05,-1.4901e-05,2.0754e-05,0.00020312,0.00017588,-1.1305e-05,4.5226e-05,4.047e-05,0.00011329,1.5267e-05,0.00016488,0.00021143,1.6407e-05,3.7573e-05,0.00010058,0.00032378,6.9874e-05,0.00022133,0.00016426,7.6782e-05
1.825e-05,0.00023133,0.00015014,0.00039438,4.5726e-05,0.00042521,0.00010058,-0.00025412,0.00028866,0.00013298,6.8963e-06,0.00042873,0.00028665,-6.1729e-05,3.6758e-05,0.00092227,0.00015672,-7.9005e-05,0.00015983,2.1736e-05,-0.00010387,-1.613e-05,0.00016375,0.00020487,4.7915e-06,3.7982e-05,3.4795e-05,0.00040335,0.00020121,0.00028158,0.00019715,0.00018347,0.00030039,0.00039593,0.00015894,0.00026948,0.00011853,0.00029924,0.00022478,0.00016715,0.00029742,0.00029545,1.8128e-05,0.00018224,0.00015035,-4.7203e-05,-0.00010099,0.000129,0.00010709,0.00022695,-0.00014405,0.00013068,0.00018773,7.9328e-05,1.5062e-05,-0.00074414,0.00032427,0.00040567,0.00052019,0.00016624,0.00015965,0.00010967,-4.4636e-05,0.00018937,0.00017416,-7.3471e-06,4.3346e-07,0.00031518,0.0002462,7.4961e-06,2.9871e-05,6.1899e-05,-5.1553e-05,6.4771e-05,-0.0001023,-1.7224e-05,0.00014768,5.4867e-05,0.00013642,5.1908e-05,0.0003858,0.00017137,0.00059861,4.3004e-05,0.00014145
2.6153e-06,8.8248e-05,0.00010311,0.00021945,7.6011e-05,0.0002573,3.1767e-05,-5.3986e-05,0.0001936,2.2539e-06,5.6709e-05,0.00014118,0.0001916,1.3967e-05,7.9318e-05,0.00015672,0.0001659,1.3849e-05,0.00012081,3.9631e-05,-6.604e-05,3.1108e-05,0.00010196,7.8312e-05,4.6123e-06,8.9044e-06,-1.3543e-05,0.00013045,5.7067e-05,0.00016059,0.0001289,7.2596e-05,0.00010587,0.00013381,5.7063e-06,0.00013483,5.5377e-05,8.4988e-05,0.0003438,0.00010504,0.00019572,0.00024651,0.00013694,5.3334e-05,5.1409e-05,-7.4225e-07,3.2409e-06,8.7939e-05,0.00015467,0.00021583,-4.713e-05,-6.5513e-06,0.00016133,6.5164e-05,3.3395e-05,-8.275e-05,0.00022255,0.00027059,0.00015705,0.00018499,2.8103e-05,5.0161e-05,4.0058e-06,9.0974e-05,8.8226e-05,-9.2428e-06,-1.0032e-05,9.526e-05,3.8436e-05,5.8728e-05,1.7228e-06,3.6077e-06,2.8391e-05,8.4645e-05,-4.3286e-05,0.00010296,0.00015424,-5.9447e-06,4.0235e-05,1.2664e-06,0.00030368,4.0111e-05,0.00022575,0.0001219,6.6568e-05
5.4726e-05,4.0834e-05,2.3558e-05,-0.00015348,4.9882e-05,0.00014619,3.4322e-05,0.0001145,-1.7659e-05,7.5612e-05,8.4519e-05,8.3753e-05,-8.1296e-05,5.9449e-05,4.1149e-05,-7.9005e-05,1.3849e-05,0.00021034,2.1522e-05,3.3101e-05,2.3362e-05,6.1876e-05,4.6891e-05,0.00024947,-1.5188e-05,2.6948e-05,2.8354e-05,6.193e-05,1.5705e-05,-2.0213e-05,4.7926e-05,-4.8926e-05,3.2267e-05,2.1279e-05,8.0692e-05,4.2223e-05,4.7482e-05,-3.6281e-06,-0.00020782,0.00012053,0.00013126,0.00029274,1.2685e-05,7.3841e-05,5.2962e-05,2.821e-05,0.00012463,8.5955e-05,0.00020305,8.5196e-05,1.0937e-05,4.0466e-05,1.6749e-06,5.0908e-05,7.3496e-05,0.00020243,1.7828e-05,-0.0001012,-7.213e-05,-2.2514e-05,6.3613e-05,6.4845e-05,7.5401e-05,4.439e-05,4.0091e-05,6.5902e-05,4.2492e-05,-2.5003e-05,0.00012242,6.0738e-05,7.0853e-05,2.2907e-05,8.9449e-05,8.0347e-06,0.00017546,5.2854e-05,0.00010263,7.4768e-05,5.4715e-05,0.00012598,-0.00011415,-4.0652e-06,-0.00023194,8.6683e-06,2.3965e-05
-1.0751e-05,0.000143,0.00023441,0.00051146,0.00011511,0.00050188,2.1886e-05,6.0149e-05,0.00027436,-4.3183e-06,0.00023062,0.00010197,0.00041372,3.4687e-05,0.00023698,0.00015983,0.00012081,2.1522e-05,0.00042622,8.9891e-05,3.8541e-06,-6.8288e-07,9.5782e-05,0.00025162,2.2465e-05,4.2215e-05,3.5667e-05,0.00023067,-2.5643e-05,0.00022032,0.00015984,0.000183,0.00011918,0.00014095,-5.3843e-05,0.00021082,9.5428e-05,0.00015932,0.00068906,-2.6826e-05,9.0286e-05,0.00042828,0.00029556,0.00028641,-3.5422e-05,4.7803e-05,-1.5204e-06,-4.1914e-05,0.00046495,0.00033104,3.2468e-05,-5.0811e-05,0.00034419,0.00017885,0.00015474,-2.3287e-05,3.2205e-06,0.00050623,0.00021403,0.00046238,0.00024941,0.00011624,3.3373e-06,0.00019262,0.00020309,5.5848e-05,-1.223e-05,7.3663e-05,0.00018829,0.00015464,1.5819e-05,4.5198e-05,1.2429e-05,0.00017162,-3.1623e-05,0.00019106,0.00029937,1.2268e-05,4.4727e-05,6.5595e-05,0.00046006,2.7402e-05,0.00038284,0.00016944,0.00011597
-1.4233e-05,7.719e-05,2.603e-05,6.4187e-05,1.454e-05,0.00016765,3.8766e-05,6.4043e-05,0.00010715,3.2221e-06,6.4611e-05,4.6721e-05,0.00010868,7.3348e-05,4.6792e-05,2.1736e-05,3.9631e-05,3.3101e-05,8.9891e-05,0.00011412,-1.7796e-05,2.7258e-05,7.1721e-05,6.9252e-05,-1.9849e-05,1.9176e-05,5.5306e-05,0.00010071,4.6465e-06,5.6791e-05,1.2143e-05,-1.2546e-05,8.1163e-05,8.7746e-05,1.4272e-05,7.1401e-05,5.5228e-05,-7.6507e-06,0.00012444,2.417e-05,1.9801e-05,0.00018906,9.9826e-06,4.6207e-05,5.3403e-06,5.9271e-05,1.9635e-05,4.1422e-05,0.00013485,9.9182e-05,-0.00010792,-5.9788e-06,7.0466e-06,3.1978e-05,1.9988e-05,-2.4994e-05,7.7021e-05,0.00011356,0.00010218,9.8022e-05,9.2038e-05,2.363e-05,5.3887e-05,-2.2046e-05,-2.2145e-05,4.0904e-05,-8.8253e-07,9.3951e-06,8.3155e-05,5.3416e-05,1.4686e-07,5.2289e-05,-8.1257e-06,1.5644e-05,4.2468e-05,9.1804e-05,5.5458e-05,-1.9468e-06,3.1629e-05,3.4003e-05,5.795e-05,4.9765e-05,3.859e-05,2.827e-06,3.7828e-05
5.7299e-05,-6.1326e-05,1.2597e-05,-5.3674e-05,-9.0963e-07,-9.2526e-05,-4.2717e-05,0.00013025,-0.00011155,-8.2913e-06,-2.9649e-05,-1.8674e-05,-2.2098e-05,5.3204e-05,2.7322e-05,-0.00010387,-6.604e-05,2.3362e-05,3.8541e-06,-1.7796e-05,0.00048729,9.4847e-05,-4.2376e-05,6.133e-05,3.587e-05,6.1235e-05,-1.4898e-05,-0.00013863,-6.7776e-05,-1.455e-05,7.3993e-06,-2.6469e-05,1.3717e-05,-0.00011591,-1.7895e-05,-5.9228e-05,-4.3898e-05,-7.4902e-05,-4.4828e-05,-5.6288e-05,-0.00014329,-1.8516e-05,-1.8601e-05,7.881e-05,-7.425e-05,-6.572e-06,9.221e-05,-6.7505e-05,4.7787e-05,3.654e-05,0.0002893,1.6168e-05,1.1332e-06,-2.5526e-05,-2.7875e-05,0.00011435,-5.9345e-05,-4.5165e-05,3.1707e-05,8.0917e-05,-1.5017e-05,-1.8045e-05,-1.7673e-05,-6.33e-05,-5.7803e-05,7.88e-05,-4.1873e-05,-2.1634e-05,-7.7394e-05,4.1539e-05,-1.359e-05,3.7636e-05,3.2743e-05,-0.00017118,0.00031111,-7.9895e-05,9.0388e-06,2.3682e-05,1.2673e-05,0.00020862,-0.00011781,-0.00010404,-0.00012221,4.1771e-05,5.7076e-05
6.9993e-07,1.2897e-05,1.7144e-05,-7.8451e-06,3.1416e-05,7.297e-05,2.1626e-05,5.0975e-05,3.7433e-05,2.1266e-05,-3.6337e-06,7.5569e-05,9.4438e-06,5.2217e-05,2.8866e-05,-1.613e-05,3.1108e-05,6.1876e-05,-6.8288e-07,2.7258e-05,9.4847e-05,9.102e-05,3.433e-05,4.8094e-05,-3.3856e-06,9.9742e-06,-7.3693e-06,3.8657e-05,2.1255e-05,8.6945e-06,0.00012838,-9.0792e-06,6.0582e-05,6.8242e-05,4.2611e-05,5.426e-05,5.0081e-06,3.6304e-06,-1.4952e-05,5.9098e-05,8.0366e-05,0.00016913,-1.6805e-05,3.907e-05,2.0159e-05,4.9835e-05,2.3715e-05,1.3614e-05,9.1267e-05,5.5373e-05,-1.0155e-05,1.3751e-05,-1.2972e-05,1.3088e-05,5.761e-07,7.0938e-05,0.00014925,4.2293e-05,6.0097e-05,4.0332e-05,6.0058e-06,1.6869e-05,2.8391e-05,4.1616e-06,1.1077e-06,-7.1863e-06,-1.072e-05,6.0648e-06,1.1301e-05,4.9607e-05,4.9339e-06,3.44e-05,-1.267e-06,9.9109e-07,0.00012637,4.5527e-05,3.7461e-05,2.7298e-05,2.7242e-05,7.4948e-05,8.7566e-07,4.0957e-07,-5.5365e-05,3.5242e-05,4.6717e-05
4.8435e-05,0.00010376,3.7991e-05,9.232e-05,8.3543e-05,0.00030254,3.5301e-05,-1.743e-05,9.347e-05,5.4959e-05,3.0506e-05,0.00016286,0.00011862,3.4586e-05,6.9649e-05,0.00016375,0.00010196,4.6891e-05,9.5782e-05,7.1721e-05,-4.2376e-05,3.433e-05,0.00018654,9.8361e-05,5.8684e-05,4.1072e-06,1.198e-05,0.00020029,2.0341e-05,7.965e-05,6.2483e-05,-2.041e-05,0.00012034,0.00014281,6.8846e-05,0.00012005,6.7251e-05,0.00010632,0.00013317,5.672e-05,0.00013585,0.00031569,0.000119,6.4219e-05,6.3813e-06,0.00011608,9.0138e-06,5.0349e-05,0.00027484,0.00021644,2.6618e-05,4.159e-05,0.00011139,7.7126e-05,4.996e-05,-0.00011901,-1.572e-05,0.00014723,0.00019576,6.7305e-05,0.00010542,8.8182e-05,7.321e-05,7.1272e-05,6.4794e-05,7.9722e-05,1.6561e-05,8.0794e-05,0.00011583,6.9247e-05,8.423e-05,4.5183e-05,3.4322e-05,7.4753e-05,1.2374e-05,5.5509e-05,0.00015026,4.5451e-05,0.00011783,3.3764e-05,0.00014308,8.8263e-05,0.0001564,5.8712e-05,3.7952e-05
8.821e-05,0.00011768,0.00025521,0.00024659,0.00013519,0.00045318,4.8792e-05,0.00010672,0.00025545,0.00011235,0.00032641,0.00022524,0.00015934,4.0186e-05,0.00021812,0.00020487,7.8312e-05,0.00024947,0.00025162,6.9252e-05,6.133e-05,4.8094e-05,9.8361e-05,0.00065125,-6.0636e-05,0.00011468,3.3075e-05,0.00021726,3.602e-05,0.00022846,0.00011192,5.0693e-05,0.00020345,0.00016832,9.2154e-05,0.0001607,0.00010963,0.0001236,0.00020781,0.00019089,0.00019518,0.00062765,0.00018153,0.000426,7.3386e-05,-7.7793e-05,0.00015147,0.0001439,0.00050581,0.00027559,3.0077e-05,2.2302e-05,0.00033225,0.00017539,0.00019991,6.2047e-05,6.1487e-05,0.00024875,0.00013967,0.00036665,0.00024664,8.6862e-05,3.8191e-05,0.00022606,0.00022527,0.00010896,2.1472e-05,6.6209e-05,0.00032405,0.00018639,5.0043e-05,5.3169e-05,0.00011694,7.1857e-05,0.00020451,0.00021388,0.00029581,7.1442e-05,8.9622e-05,0.00028578,0.00014588,9.8101e-05,3.8814e-05,0.00013363,0.00012691
3.4366e-05,1.7209e-05,-8.7102e-06,1.0454e-05,2.7764e-05,2.8061e-05,-2.0862e-05,-2.8091e-05,-0.00010381,3.3871e-05,-4.692e-05,1.3854e-05,-1.739e-06,-9.9453e-06,4.7542e-06,4.7915e-06,4.6123e-06,-1.5188e-05,2.2465e-05,-1.9849e-05,3.587e-05,-3.3856e-06,5.8684e-05,-6.0636e-05,0.00011087,-1.578e-05,-7.0498e-06,4.8197e-06,-3.6004e-05,-2.0154e-05,3.2103e-05,-2.6411e-05,-1.7326e-05,-3.5046e-05,2.7313e-05,-1.3629e-05,-2.4908e-06,4.6213e-05,3.3108e-05,-3.3428e-05,-4.1147e-05,1.1113e-07,4.0529e-05,-6.0893e-05,-2.3283e-05,8.1685e-05,-4.4795e-06,-3.3748e-05,9.7917e-05,4.4512e-05,0.00016251,1.6734e-05,9.8215e-06,1.8708e-05,7.6327e-06,2.0918e-05,-0.00013201,2.7229e-05,4.7343e-06,-1.2079e-05,2.021e-05,4.6535e-05,1.5299e-05,1.5556e-05,1.9212e-05,3.0303e-05,2.5438e-05,2.9961e-05,-1.1514e-05,-8.5482e-06,7.9439e-05,1.6672e-05,1.6929e-05,-7.822e-06,-1.664e-05,-5.3124e-05,4.6196e-05,1.0319e-05,4.5552e-05,-1.8077e-05,6.7368e-05,-1.1232e-05,5.2392e-05,1.9093e-05,9.2363e-06
-2.1165e-06,9.3409e-06,8.1939e-05,6.5197e-05,1.1211e-05,5.6858e-05,9.8116e-06,4.6148e-05,4.4793e-05,1.8694e-06,0.00010078,8.3927e-06,5.8191e-05,1.8811e-05,6.3782e-05,3.7982e-05,8.9044e-06,2.6948e-05,4.2215e-05,1.9176e-05,6.1235e-05,9.9742e-06,4.1072e-06,0.00011468,-1.578e-05,6.8682e-05,2.9681e-05,-7.0374e-06,-2.8162e-05,5.0234e-05,-2.3448e-05,1.7693e-05,3.1375e-05,-2.1339e-05,2.0792e-06,5.4982e-06,8.4833e-06,-1.1405e-05,7.9509e-05,1.0985e-05,-5.3608e-05,0.00011924,1.7144e-05,3.7583e-05,-1.4639e-05,-3.2664e-05,4.0537e-05,1.406e-05,9.3238e-05,4.8512e-05,4.5948e-05,1.2833e-05,6.6793e-05,2.727e-05,2.498e-05,4.0509e-05,4.5012e-05,6.8609e-05,6.7216e-06,0.00013817,3.4122e-05,-2.3148e-05,-1.5684e-05,-1.3908e-05,-1.3757e-05,1.0362e-05,1.0417e-05,1.1381e-05,5.8482e-05,5.0452e-05,-2.2162e-05,1.718e-05,4.3493e-05,-2.4625e-05,5.918e-05,3.453e-05,5.0347e-05,-2.7928e-06,1.7818e-05,7.2578e-05,3.4383e-05,2.2675e-05,-4.9441e-06,5.1816e-05,2.8137e-05
-1.8541e-05,7.5258e-05,3.7231e-05,-5.284e-06,3.5623e-06,9.4955e-05,3.9639e-05,5.0603e-05,6.2911e-06,3.3008e-05,4.5367e-05,4.334e-05,9.188e-05,4.1842e-05,4.053e-05,3.4795e-05,-1.3543e-05,2.8354e-05,3.5667e-05,5.5306e-05,-1.4898e-05,-7.3693e-06,1.198e-05,3.3075e-05,-7.0498e-06,2.9681e-05,0.0001368,2.2318e-05,7.9688e-06,-1.3096e-05,-8.7338e-05,-1.5715e-05,1.9597e-05,3.522e-05,1.8222e-05,-2.1252e-05,1.615e-05,3.824e-06,2.7471e-05,7.195e-06,1.0096e-05,0.00015712,8.5708e-05,-3.0139e-05,-1.2596e-05,5.34e-05,3.4187e-05,-2.5546e-06,0.00011711,5.0344e-05,-1.1089e-06,3.3886e-05,-2.1286e-05,4.9232e-05,4.7662e-05,-4.3542e-05,-4.7449e-05,5.9335e-06,2.1531e-05,2.1288e-05,7.8155e-05,2.6739e-05,4.4975e-05,-2.4467e-05,-2.8435e-05,-1.5101e-05,1.628e-06,2.1029e-05,0.00017339,3.0344e-05,-3.9917e-06,2.1494e-05,7.967e-06,-3.4394e-05,2.0107e-05,-2.9291e-05,-1.9816e-05,5.6262e-06,3.6103e-05,2.968e-05,-4.1847e-05,3.1639e-05,-8.1499e-06,1.0743e-07,7.1812e-06
2.7395e-05,0.00016494,0.00010122,0.00024481,0.00010351,0.00052122,0.00010429,-4.519e-05,0.00029214,8.703e-05,0.00010072,0.00034974,0.00023782,1.0433e-05,9.8783e-05,0.00040335,0.00013045,6.193e-05,0.00023067,0.00010071,-0.00013863,3.8657e-05,0.00020029,0.00021726,4.8197e-06,-7.0374e-06,2.2318e-05,0.00049037,0.00012868,0.00015322,0.00024074,0.00011421,0.00019612,0.00034758,4.9449e-05,0.00028686,7.6213e-05,0.0001796,0.00018536,7.5999e-05,0.00031906,0.00051712,0.00010086,0.00023104,7.7778e-05,0.00019968,-3.3805e-05,3.7461e-05,0.00027898,0.00029995,-0.00023718,6.0782e-05,0.00015386,0.000123,7.7539e-05,-0.00025491,0.0002323,0.00026309,0.00032416,0.00015069,0.00019106,0.00011949,0.00010668,0.00016348,0.00015144,0.00010102,-8.9443e-06,8.8835e-05,0.0002286,0.00010098,8.0524e-05,6.5391e-05,-4.3024e-05,0.00020045,-1.5868e-05,0.00011679,0.00018621,0.00011308,0.00012835,4.9593e-05,0.00028126,0.00012758,0.00032159,1.6914e-05,9.9034e-05
1.9234e-05,7.3766e-05,-1.2969e-05,2.7975e-05,2.655e-05,3.726e-05,5.7665e-05,-0.00010338,8.1429e-05,4.6989e-05,-5.8523e-05,0.00018742,1.3674e-06,6.5491e-06,-4.2526e-05,0.00020121,5.7067e-05,1.5705e-05,-2.5643e-05,4.6465e-06,-6.7776e-05,2.1255e-05,2.0341e-05,3.602e-05,-3.6004e-05,-2.8162e-05,7.9688e-06,0.00012868,0.00017217,3.9164e-05,3.561e-05,7.0298e-05,8.2741e-05,0.00016814,5.1407e-05,8.7964e-05,3.6036e-05,4.901e-05,-4.6228e-05,0.00010956,0.00019698,6.9937e-05,1.648e-05,3.543e-05,0.0001049,4.2336e-05,-1.4128e-06,8.3845e-05,-9.3431e-05,2.8597e-05,-0.00019204,3.1452e-05,9.0093e-06,-8.9838e-06,-1.7331e-05,-0.0001987,0.00023883,4.9195e-06,0.00013465,-2.0551e-05,1.4941e-05,4.5724e-05,3.9995e-05,8.958e-05,8.1507e-05,-3.2516e-05,-2.5824e-05,8.088e-05,5.0315e-05,-3.6559e-06,-7.7326e-07,2.9146e-06,-5.1269e-05,3.1888e-05,1.1238e-05,1.4324e-05,-4.4808e-05,3.354e-05,9.2202e-06,4.5256e-05,3.8382e-05,2.9215e-05,8.8835e-05,-3.9817e-05,3.1091e-05
-7.5938e-06,0.00012865,0.00025648,0.00040367,0.00011565,0.00037423,4.2416e-06,-1.7264e-05,0.00039706,-9.3636e-06,0.00016417,0.00018445,0.00029962,1.4199e-05,0.00017254,0.00028158,0.00016059,-2.0213e-05,0.00022032,5.6791e-05,-1.455e-05,8.6945e-06,7.965e-05,0.00022846,-2.0154e-05,5.0234e-05,-1.3096e-05,0.00015322,3.9164e-05,0.00037406,0.00023945,7.4845e-05,0.00020758,0.00020052,-4.4964e-06,0.00014552,4.5621e-05,0.00011717,0.00061319,0.00015549,0.00022488,0.00035748,0.00017758,0.00025824,0.00011306,-0.00013567,2.7466e-05,0.00010829,0.00024722,0.00029811,-6.8249e-05,-5.7079e-05,0.00034507,0.0001158,8.8618e-05,-0.00010881,0.00021993,0.00047017,0.000256,0.00039492,0.00011921,2.572e-05,-6.4447e-05,0.00021044,0.00021458,2.3036e-05,-3.0511e-05,7.2353e-05,0.00015075,0.00011091,-2.5059e-05,4.7909e-05,2.7181e-05,8.6334e-05,-5.8057e-05,0.00019424,0.00021063,-5.3281e-05,1.3437e-05,4.3807e-05,0.00047341,0.00010269,0.00040775,0.00015858,0.0001686
-6.0438e-05,2.7732e-05,0.00017861,0.00019075,7.8529e-05,0.00042118,-1.4526e-05,4.1149e-05,0.00030735,4.5083e-05,-1.7565e-05,0.00023427,0.00013119,-1.9644e-05,8.3674e-05,0.00019715,0.0001289,4.7926e-05,0.00015984,1.2143e-05,7.3993e-06,0.00012838,6.2483e-05,0.00011192,3.2103e-05,-2.3448e-05,-8.7338e-05,0.00024074,3.561e-05,0.00023945,0.0007294,5.0065e-05,0.00017612,0.00022756,5.6793e-05,0.00019224,-2.042e-05,9.1682e-05,0.00028698,0.0002179,0.00034878,0.00034622,-7.2538e-05,0.0001908,0.00018124,7.9032e-07,-3.6233e-05,2.3548e-05,0.00016916,0.00019109,-0.00013146,-3.697e-05,0.0001147,6.5724e-05,6.5465e-06,0.00014171,0.0004314,0.00031184,0.00015471,0.00023149,3.4712e-05,4.2e-05,-1.9658e-05,0.00017237,0.00017308,-3.0701e-05,-4.8999e-05,-2.5843e-05,3.612e-05,6.7989e-05,3.2668e-05,8.0098e-05,-3.6659e-05,0.00014234,5.8164e-06,0.00017239,0.00017027,5.3539e-06,1.2678e-05,-9.4461e-06,0.00037891,3.9685e-05,0.00021264,0.0001039,0.00022546
-5.5387e-05,7.0635e-05,0.00012104,0.00031112,4.3312e-05,0.00031217,3.9169e-05,-8.898e-05,0.00010958,7.5968e-06,5.2649e-05,0.00015382,0.00017018,6.3732e-06,5.1208e-05,0.00018347,7.2596e-05,-4.8926e-05,0.000183,-1.2546e-05,-2.6469e-05,-9.0792e-06,-2.041e-05,5.0693e-05,-2.6411e-05,1.7693e-05,-1.5715e-05,0.00011421,7.0298e-05,7.4845e-05,5.0065e-05,0.00038313,8.3044e-05,0.00010754,-5.9932e-05,0.00016362,6.5025e-05,0.00010961,0.00038075,-8.1942e-05,7.5292e-05,0.00021243,0.00026642,0.00013976,-3.8043e-05,6.3508e-06,-4.2497e-05,-9.6766e-05,5.4177e-05,0.00020522,3.6362e-05,3.091e-05,0.00024914,3.0308e-05,7.8067e-06,-9.7467e-05,0.00014203,0.00025461,0.0001626,0.00024605,4.3764e-05,2.2223e-05,-4.7118e-05,9.7973e-05,9.6453e-05,-7.679e-05,1.3505e-05,0.00012327,4.0323e-05,5.796e-05,-3.4474e-05,-5.2432e-05,-4.0203e-05,0.00015786,-8.0929e-05,9.2015e-05,8.8398e-05,-4.3066e-05,-3.0779e-05,-1.1157e-05,0.00026405,1.7264e-07,0.00030178,0.00011937,5.8449e-05
4.4438e-06,0.00014628,0.00015094,0.00023799,9.0074e-05,0.00037088,2.2333e-05,-2.9051e-05,0.00023095,5.2594e-05,5.4467e-05,0.00025836,0.00018108,3.9234e-05,9.4209e-05,0.00030039,0.00010587,3.2267e-05,0.00011918,8.1163e-05,1.3717e-05,6.0582e-05,0.00012034,0.00020345,-1.7326e-05,3.1375e-05,1.9597e-05,0.00019612,8.2741e-05,0.00020758,0.00017612,8.3044e-05,0.00025273,0.00025261,7.1726e-05,0.00014973,8.2529e-05,0.00013018,0.00031035,0.00013143,0.00019998,0.00045143,0.00015248,0.00022236,8.1467e-05,-1.354e-05,1.7008e-05,7.0837e-05,0.00027342,0.0002509,-3.0532e-05,1.6414e-05,0.00023497,7.6404e-05,4.9699e-05,-0.00020857,0.00013585,0.0003087,0.00031231,0.00021697,0.00012588,4.3583e-05,2.7219e-06,0.00014202,0.00013581,8.0049e-06,-2.9669e-05,0.00012717,0.00016154,0.0001021,-1.1048e-05,5.2774e-05,-1.1087e-05,8.1893e-05,4.7648e-05,0.00012323,0.00012867,-9.449e-06,4.7527e-05,9.588e-05,0.00024131,0.00010539,0.00026661,9.5489e-05,0.00012859
-1.8245e-05,0.00018377,0.00013791,0.00030709,0.00010584,0.0004414,0.00011354,-6.6167e-05,0.00029623,9.4184e-05,4.6746e-05,0.00036707,0.00022806,2.8582e-05,8.3855e-05,0.00039593,0.00013381,2.1279e-05,0.00014095,8.7746e-05,-0.00011591,6.8242e-05,0.00014281,0.00016832,-3.5046e-05,-2.1339e-05,3.522e-05,0.00034758,0.00016814,0.00020052,0.00022756,0.00010754,0.00025261,0.00045691,0.000103,0.00024925,5.8877e-05,0.00021563,0.00030179,0.00014129,0.0003856,0.00050677,0.00015132,0.00023931,9.4305e-05,8.8452e-05,-5.6143e-05,4.1646e-05,0.00023206,0.00028593,-0.00026091,4.3785e-05,0.00015615,0.00011286,8.1272e-05,-0.00030689,0.00030968,0.00037299,0.00038538,0.00015053,0.0001567,9.458e-05,5.666e-05,0.00017636,0.00016464,-4.939e-05,-3.0619e-05,0.00016425,0.00023945,8.8919e-05,1.4215e-05,4.1295e-05,-9.0932e-05,0.0001516,-2.2037e-05,0.00012349,0.0001199,2.2723e-05,8.909e-05,2.5885e-05,0.00025176,0.00012545,0.00034359,9.1873e-05,0.00011795
3.4084e-05,3.9945e-05,-2.1434e-05,-0.00014191,9.439e-07,7.3903e-05,6.0224e-05,-1.7232e-05,-8.0603e-05,0.00011519,-5.6282e-05,9.5713e-05,-0.00011397,2.9107e-05,-3.5121e-05,0.00015894,5.7063e-06,8.0692e-05,-5.3843e-05,1.4272e-05,-1.7895e-05,4.2611e-05,6.8846e-05,9.2154e-05,2.7313e-05,2.0792e-06,1.8222e-05,4.9449e-05,5.1407e-05,-4.4964e-06,5.6793e-05,-5.9932e-05,7.1726e-05,0.000103,0.00019662,3.8079e-05,5.1421e-05,6.3992e-05,-0.00026147,0.00013936,0.00010592,6.702e-05,-8.0642e-05,-1.6584e-05,7.4479e-05,-8.6329e-06,2.8235e-05,8.7168e-05,4.5825e-05,8.7016e-06,-3.9965e-05,7.4241e-05,-8.051e-05,-9.3868e-07,3.1573e-06,-6.318e-05,5.1582e-05,-7.2815e-05,7.2588e-05,-9.5331e-05,7.0117e-05,8.5625e-05,4.2901e-05,3.2539e-05,2.7467e-05,-1.7379e-05,7.1855e-05,6.2106e-05,0.00010915,-1.8292e-05,0.00010452,4.738e-05,2.6979e-05,-4.6869e-05,9.0676e-05,-3.0718e-07,1.787e-05,2.0452e-05,8.6574e-05,5.4291e-05,-0.00015551,7.9081e-05,-6.2287e-05,-2.3819e-05,3.6504e-05
-9.2226e-06,0.00014592,9.1651e-05,0.00028001,8.5444e-05,0.00039505,8.2452e-05,-7.203e-06,0.00023936,4.154e-05,8.3719e-05,0.00023058,0.00019853,5.8738e-05,8.9402e-05,0.00026948,0.00013483,4.2223e-05,0.00021082,7.1401e-05,-5.9228e-05,5.426e-05,0.00012005,0.0001607,-1.3629e-05,5.4982e-06,-2.1252e-05,0.00028686,8.7964e-05,0.00014552,0.00019224,0.00016362,0.00014973,0.00024925,3.8079e-05,0.00026686,9.229e-05,0.00014475,0.00027041,5.5239e-05,0.00023033,0.00035483,7.6457e-05,0.00017612,3.9688e-05,8.888e-05,-3.2899e-05,2.5996e-05,0.00020434,0.00024358,-0.00016008,3.6529e-05,0.00014565,8.3919e-05,5.0825e-05,-0.00012914,0.00027793,0.00030918,0.00025176,0.00019741,0.00012805,9.8396e-05,3.5488e-05,0.00012676,0.00012244,3.2443e-05,8.1329e-06,0.00011468,0.00011265,8.959e-05,3.2783e-05,4.1718e-05,-2.5842e-05,0.0001543,-5.6429e-07,0.00013949,0.00020234,5.7097e-05,7.5805e-05,3.301e-05,0.0002952,3.7643e-05,0.00024833,8.3851e-05,8.5019e-05
1.7253e-05,0.00010443,1.3838e-05,8.8476e-05,2.9013e-05,0.0001654,2.1334e-05,-1.8334e-05,4.5137e-05,2.9817e-05,3.254e-05,6.4063e-05,6.9169e-05,5.2532e-05,2.9665e-05,0.00011853,5.5377e-05,4.7482e-05,9.5428e-05,5.5228e-05,-4.3898e-05,5.0081e-06,6.7251e-05,0.00010963,-2.4908e-06,8.4833e-06,1.615e-05,7.6213e-05,3.6036e-05,4.5621e-05,-2.042e-05,6.5025e-05,8.2529e-05,5.8877e-05,5.1421e-05,9.229e-05,0.00010946,6.49e-05,8.839e-05,4.1424e-05,4.249e-05,0.00014322,6.4843e-05,6.0976e-05,2.2529e-05,-2.6855e-06,1.8057e-05,6.7423e-05,0.00014631,8.7811e-05,-1.2896e-07,1.6633e-05,8.0301e-05,3.0261e-05,2.8123e-05,-0.00010665,-6.4868e-06,0.00010839,0.0001138,7.0117e-05,9.2955e-05,7.2374e-05,1.5445e-05,6.0185e-05,6.0272e-05,2.952e-05,2.8859e-05,8.59e-05,6.7785e-05,3.3172e-05,2.8667e-05,2.5867e-05,2.0314e-05,4.0524e-05,1.6434e-05,6.6166e-05,9.9764e-05,1.4083e-05,2.949e-05,4.498e-05,9.2525e-05,2.6054e-05,8.2886e-05,1.4117e-05,2.2493e-05
1.8951e-05,0.00014248,0.0001244,0.00033341,0.00010358,0.00029023,3.0031e-05,-0.00010768,0.00011532,6.6662e-05,7.212e-05,0.00018179,0.00021613,-1.7823e-05,0.00011679,0.00029924,8.4988e-05,-3.6281e-06,0.00015932,-7.6507e-06,-7.4902e-05,3.6304e-06,0.00010632,0.0001236,4.6213e-05,-1.1405e-05,3.824e-06,0.0001796,4.901e-05,0.00011717,9.1682e-05,0.00010961,0.00013018,0.00021563,6.3992e-05,0.00014475,6.49e-05,0.0002517,0.00031433,1.8667e-05,0.00017279,0.00033351,0.00022556,0.00017481,5.4879e-06,2.0079e-05,-5.9383e-05,-1.5264e-05,0.00032933,0.00019669,8.9511e-05,2.7902e-05,0.00022227,0.00012957,0.00011668,-0.00024453,-6.1395e-05,0.00035308,0.00024297,0.00013164,0.00013318,0.00010638,-2.6322e-05,0.00019116,0.00018893,-2.9783e-05,1.7763e-05,0.00016975,0.00016632,6.4196e-05,4.6108e-05,8.3892e-06,-1.7035e-05,0.00013021,-7.6986e-05,3.2897e-05,0.00017909,3.1348e-05,6.9267e-05,6.917e-06,0.00028597,6.1663e-05,0.00033081,0.00011579,4.8888e-05
-0.00011898,0.00025933,0.00060837,0.0014029,0.00029184,0.00078638,-7.4367e-05,-5.6329e-05,0.00072591,-0.00015909,0.00041335,0.00017022,0.0010055,9.8357e-06,0.00052231,0.00022478,0.0003438,-0.00020782,0.00068906,0.00012444,-4.4828e-05,-1.4952e-05,0.00013317,0.00020781,3.3108e-05,7.9509e-05,2.7471e-05,0.00018536,-4.6228e-05,0.00061319,0.00028698,0.00038075,0.00031035,0.00030179,-0.00026147,0.00027041,8.839e-05,0.00031433,0.0021138,-5.6741e-05,0.00012282,0.00082265,0.00085149,0.00049536,-9.5989e-05,-3.868e-05,-0.00010089,-0.00011331,0.00085764,0.00066642,0.00018638,-0.00024087,0.00094638,0.00034068,0.00026719,-0.00014077,0.00010239,0.0013898,0.00051805,0.001163,0.00028972,2.8307e-05,-0.00014861,0.00040078,0.00042439,-0.00012783,-0.00016697,0.00023978,0.00019746,0.00034218,-0.00020482,7.3413e-06,-5.2058e-05,0.00036254,-0.00031699,0.00043264,0.00047089,-0.00019143,-5.9022e-05,-8.5412e-06,0.0013123,7.7081e-05,0.0010766,0.00054992,0.00024077
2.9247e-05,5.3683e-05,7.8694e-05,-8.5316e-05,4.2323e-05,0.00015327,2.824e-05,4.3774e-07,0.00013246,7.0495e-05,-1.7997e-05,0.00016783,-3.6618e-05,6.3873e-06,4.9844e-06,0.00016715,0.00010504,0.00012053,-2.6826e-05,2.417e-05,-5.6288e-05,5.9098e-05,5.672e-05,0.00019089,-3.3428e-05,1.0985e-05,7.195e-06,7.5999e-05,0.00010956,0.00015549,0.0002179,-8.1942e-05,0.00013143,0.00014129,0.00013936,5.5239e-05,4.1424e-05,1.8667e-05,-5.6741e-05,0.00030734,0.00029731,0.00019296,-3.9306e-05,4.7613e-05,0.00019731,-0.00010279,9.0137e-05,0.00020509,4.0443e-05,9.4948e-05,-0.00016148,9.9482e-06,4.2014e-05,2.0383e-05,1.59e-05,-5.3699e-06,0.00027238,7.9333e-06,6.3869e-05,3.3045e-05,2.8287e-05,5.6222e-05,2.858e-05,0.00011835,0.00011174,-1.7449e-05,-5.0517e-06,2.8285e-05,0.00010383,1.6881e-05,3.0649e-05,3.5872e-05,6.1516e-05,-1.3519e-05,7.9896e-05,8.1432e-05,5.1246e-05,5.2233e-06,3.6995e-05,7.7794e-05,2.7007e-05,6.8233e-05,-1.8132e-05,2.7371e-05,0.000104
1.9952e-05,0.00016261,0.00011831,2.0398e-05,0.00015894,0.00057182,9.6721e-05,-1.3857e-05,0.00034396,0.00010755,-2.9567e-05,0.00042874,0.00011041,3.7897e-05,6.4465e-05,0.00029742,0.00019572,0.00013126,9.0286e-05,1.9801e-05,-0.00014329,8.0366e-05,0.00013585,0.00019518,-4.1147e-05,-5.3608e-05,1.0096e-05,0.00031906,0.00019698,0.00022488,0.00034878,7.5292e-05,0.00019998,0.0003856,0.00010592,0.00023033,4.249e-05,0.00017279,0.00012282,0.00029731,0.00069363,0.0005372,0.00026139,0.00020765,0.00019226,1.9828e-05,5.4144e-05,0.00012178,0.00017911,0.00038705,-0.00021305,6.8757e-05,0.00019843,0.00012021,9.3201e-05,-0.00010284,0.00030197,0.00011327,0.00026188,3.2241e-06,7.2689e-05,0.0001589,8.4371e-05,0.00028854,0.00026772,2.5982e-06,-1.9474e-05,6.469e-05,0.00028287,8.0633e-05,8.9587e-05,5.1378e-07,3.0254e-05,0.00017713,-1.5594e-05,0.00010574,0.000155,6.128e-05,0.00010743,6.6342e-07,0.00018947,9.6796e-05,0.00022743,0.00010362,0.00012961
1.8189e-05,0.00037645,0.00049137,0.00054519,0.0003492,0.0011208,8.4181e-05,0.00016151,0.00049364,0.00013435,0.00040735,0.00059823,0.00053268,0.00014552,0.00043892,0.00029545,0.00024651,0.00029274,0.00042828,0.00018906,-1.8516e-05,0.00016913,0.00031569,0.00062765,1.1113e-07,0.00011924,0.00015712,0.00051712,6.9937e-05,0.00035748,0.00034622,0.00021243,0.00045143,0.00050677,6.702e-05,0.00035483,0.00014322,0.00033351,0.00082265,0.00019296,0.0005372,0.0016514,0.00070073,0.00053436,5.8386e-05,0.00018932,0.00016483,1.5133e-05,0.0011566,0.00081918,0.00014259,6.111e-05,0.0006818,0.00037459,0.00033873,5.6865e-05,7.6888e-05,0.00073212,0.00044639,0.00058642,0.00036828,0.00015182,9.9343e-05,0.00036978,0.00035182,6.5106e-05,-1.152e-05,0.00018287,0.00059891,0.00040439,3.2021e-05,7.9818e-05,0.00010955,0.00035392,0.00017074,0.00030809,0.00049492,9.0293e-05,0.00017523,0.00024702,0.00060007,0.00017226,0.00037809,0.00037306,0.00024434
