6.972e-05,2.1975e-06,1.0567e-05,-6.1961e-05,3.3994e-05,5.1668e-05,1.8117e-05,4.8951e-05,-0.00010043,3.1187e-05,-3.6338e-05,9.2876e-06,-3.8556e-05,3.6443e-08,4.3211e-05,4.2392e-05,5.2679e-05,1.3774e-05,2.2956e-05,3.4537e-05,1.3204e-05,2.5695e-05,3.4468e-05,-6.466e-05,4.0549e-05,3.4832e-05,4.5376e-05,6.0298e-05,5.2692e-05,5.3476e-05,7.3489e-05,6.6963e-05,6.7283e-05,0.00013708,-6.0595e-06,4.6032e-05,7.8952e-05,-7.2769e-06,7.1436e-05,5.2994e-05,3.3672e-05,6.5608e-05,-7.2629e-05,5.3349e-06,4.5853e-05,9.4401e-05,1.5011e-05,3.0109e-05,1.9083e-05,6.7006e-05,2.2094e-05,2.6046e-05,1.737e-06,3.0024e-05,3.1572e-05,2.8329e-05,-4.9064e-05,-0.00010845,6.2678e-06,-4.9184e-06,7.5636e-05,3.5699e-05,8.4788e-05,-9.681e-06,-9.8364e-06,5.4625e-05,4.9356e-05,5.5505e-05,-1.4082e-05,4.3939e-05,3.1857e-05,2.5039e-05,2.8802e-05,9.1005e-05,4.788e-05,4.5857e-05,-6.6986e-06,6.7565e-05,7.1627e-05,2.8107e-05,-3.9295e-05,4.5412e-05,8.6631e-05,1.8484e-06,4.9501e-05
2.1975e-06,0.00025566,0.00011451,0.00017208,4.7748e-05,0.00017238,1.6859e-05,0.00012679,0.00049784,-7.0498e-05,-3.6923e-05,0.00014596,7.7162e-05,0.00020402,-3.6747e-05,-5.6178e-05,0.00024871,-7.2862e-06,2.8726e-05,0.00013208,-0.00010191,3.5696e-05,-8.1175e-05,0.00025576,0.00013525,0.00023063,1.5645e-05,0.00018237,0.00012312,2.5031e-05,0.00011221,5.8916e-05,0.00015689,0.00024523,1.4909e-05,0.00015755,-0.00018038,0.0001428,2.8098e-05,0.00021843,0.0002698,0.00012268,0.00052999,5.2175e-05,0.00010585,5.0339e-07,6.5848e-05,0.00021426,0.00020817,0.00026824,8.9512e-05,2.3925e-05,0.00043688,-4.9615e-05,-6.6988e-05,6.2064e-05,0.00016664,0.00022581,0.00017264,3.1526e-06,0.00017804,-3.8855e-05,3.632e-05,5.4879e-05,5.0219e-05,-7.0587e-06,1.2003e-06,0.00011582,9.9308e-05,0.00013776,1.3485e-05,8.7257e-05,4.9225e-05,9.881e-05,-4.4909e-05,-3.0666e-05,4.656e-06,-3.9362e-05,-7.5614e-05,6.515e-06,0.00027296,0.0001015,9.158e-05,0.00021147,0.00020481
1.0567e-05,0.00011451,0.00045838,0.00058141,0.00026327,0.00048885,-4.9296e-05,-3.4874e-05,0.00051305,1.9447e-05,0.00018253,0.00030049,0.00035313,0.00016275,0.00016453,0.00024201,0.00043669,-0.00011351,0.00026112,0.00018177,-6.86e-05,9.9581e-05,1.3524e-05,0.00056028,0.00012948,0.00010031,2.447e-05,0.00028077,0.00024005,0.00020182,0.00021216,0.00036226,0.0002862,0.00066778,-8.4904e-05,0.00033138,5.4869e-05,0.00027669,0.00062169,0.0002221,0.00034054,0.00032725,0.001024,0.00025401,0.00027223,0.00014025,0.00021614,0.00034167,0.00046425,0.00053151,0.0001754,1.148e-05,0.00062535,0.00011146,0.00016273,0.00014516,0.00031614,0.00034443,0.00022068,-0.00014595,0.00019743,0.00010075,0.00011616,0.00031937,0.00030279,3.126e-05,-7.5445e-06,0.00015009,0.00024395,0.00016609,6.2382e-05,0.00016807,6.6551e-05,0.00033094,9.3602e-05,0.0001848,9.3805e-05,6.4989e-05,1.2731e-05,0.00013097,0.00053658,0.00027714,0.00031762,0.00035729,0.00035456
-6.1961e-05,0.00017208,0.00058141,0.0017629,0.00038548,0.0011472,-0.00016895,-0.00016269,0.0012903,-0.00014817,0.00041472,0.00039294,0.00092238,0.0004512,0.000341,0.00025062,0.00048076,-0.00019761,0.00056551,0.00040404,-0.00014627,4.6945e-05,-8.9081e-05,0.00099489,0.00027251,0.00023843,-0.00014321,0.00048598,0.000104,0.00045857,0.0003669,0.0010306,0.0002065,0.0010843,-7.6937e-05,0.0004464,0.0002677,0.00046906,0.0017113,0.00031637,0.00063582,0.0004708,0.0012043,0.00044491,6.3635e-05,0.00017554,0.00042284,0.00046435,0.00099096,0.0010887,0.00029236,1.9413e-07,0.0018726,0.00026598,0.00030152,0.00040807,0.0005452,0.0013354,0.0002814,0.00013715,0.00030108,5.1489e-05,-5.9362e-05,0.00066402,0.00064682,1.4223e-05,0.00013844,0.00011774,0.00039026,0.00036653,6.6914e-05,0.00034614,0.00016742,0.00044162,-3.7128e-05,0.00015537,0.0001864,-7.6605e-05,-0.00021572,0.00019284,0.0015903,0.00012404,0.0004218,0.00058548,0.00055469
3.3994e-05,4.7748e-05,0.00026327,0.00038548,0.00026447,0.0004837,-7.9122e-05,-4.3338e-05,0.00030211,4.9518e-05,0.00016362,0.00034528,0.00031148,7.2344e-05,0.00015485,0.00013019,0.00036749,-9.6305e-05,0.00017662,9.1561e-05,-4.7594e-06,6.7595e-05,6.1151e-05,0.00034654,0.00014893,7.7061e-05,3.573e-05,0.00032545,0.00015465,0.00027945,0.00030972,0.00039897,0.0002248,0.00084767,-8.3253e-06,0.00024459,0.0001826,0.00021905,0.00076742,0.00013354,0.00036902,0.00042307,0.00048707,0.00016891,0.00017622,0.00013935,0.00012304,0.00021034,0.00038322,0.00046668,0.00015038,4.2132e-05,0.00055133,9.8158e-05,0.00012666,0.00016316,0.0001859,0.00030855,0.0001562,-2.866e-05,0.00013554,0.00013971,0.00012362,0.00034462,0.00033442,9.6744e-05,6.4161e-05,0.0001783,0.0002457,0.00017185,3.454e-05,0.00012829,4.6561e-05,0.00052407,6.974e-05,0.00018212,9.4064e-05,0.00011196,5.6906e-05,9.8678e-05,0.0003888,0.00017153,0.00050131,0.0002774,0.00025446
5.1668e-05,0.00017238,0.00048885,0.0011472,0.0004837,0.0019502,-0.00013838,-0.00019797,0.0013478,1.3497e-05,0.00028939,0.0013298,0.0010221,0.00028645,0.00041239,0.00046424,0.00080895,-0.00010399,0.00051558,4.9904e-05,-0.00012809,0.0001574,0.00012204,0.0007757,0.00031999,0.00027602,2.5711e-05,0.0015502,0.00048735,0.00087586,0.00078137,0.0014984,0.00061774,0.0014792,3.6972e-05,0.0011633,0.00071793,0.00071844,0.0017942,0.00027512,0.0014754,0.0013972,0.0017613,0.00048778,0.00011895,0.00022869,0.00039739,0.00039579,0.0012392,0.0013742,0.00036337,1.5084e-05,0.0020106,0.00019763,0.00021337,0.00070031,0.00055113,0.0011722,0.00027536,0.00017134,0.00033402,0.00022068,0.00031677,0.00072212,0.00071239,0.00051041,0.00010403,0.00049531,0.00077785,0.00035871,1.0395e-06,0.00026393,0.00018985,0.0011867,0.0002103,0.00070589,0.00042798,0.00013999,2.1808e-05,0.00029243,0.0011479,0.000267,0.0011034,0.00098187,0.00066587
1.8117e-05,1.6859e-05,-4.9296e-05,-0.00016895,-7.9122e-05,-0.00013838,0.00029302,0.00011966,8.7581e-05,4.7795e-05,-1.0558e-05,-2.0506e-05,-4.9633e-05,-1.7133e-05,-1.5678e-05,9.7121e-05,-1.9045e-05,0.00020728,-1.2385e-05,-3.4717e-06,0.00012927,-3.2029e-05,2.5453e-05,-0.00012765,-2.1932e-05,0.00010483,6.3652e-05,0.00010303,-9.1311e-05,-7.2013e-06,-9.5097e-05,-0.00019725,-5.2793e-05,0.00019237,3.6873e-05,1.2067e-05,-1.0984e-05,-0.00018394,-0.00043452,-7.4928e-05,-7.006e-05,-1.8527e-05,-0.00026651,-0.00014989,-4.7789e-05,-4.5016e-05,8.8992e-05,-1.6867e-05,-0.00016094,-0.00022459,-5.4707e-05,6.559e-05,-0.00010575,5.1138e-06,-1.5271e-05,-5.9832e-06,-9.4798e-05,-0.00018278,2.9047e-06,2.9199e-05,3.2102e-05,2.5336e-05,-8.6269e-05,-5.6169e-05,-5.7711e-05,1.5866e-05,3.1704e-05,-6.2974e-05,-1.7469e-06,-2.4614e-05,-1.0943e-05,3.165e-05,3.2204e-05,-0.00024446,2.7465e-05,-3.7102e-05,-4.9766e-05,-2.205e-05,6.6843e-05,2.8226e-05,-3.9762e-05,1.0293e-05,0.00016098,-2.1507e-05,-0.00014033
4.8951e-05,0.00012679,-3.4874e-05,-0.00016269,-4.3338e-05,-0.00019797,0.00011966,0.00028996,2.5348e-05,1.1254e-06,-0.00012951,9.7047e-05,-7.9441e-05,8.1293e-05,-6.6689e-05,-0.00010454,0.00012874,0.00019855,-0.0001541,0.00016991,6.8381e-05,9.3786e-06,9.383e-06,-2.4099e-05,9.0633e-05,0.00014792,3.1158e-05,2.6767e-05,-2.3552e-05,-1.026e-05,-1.7972e-06,-0.00012549,8.1953e-05,-1.6404e-05,6.1239e-05,4.0692e-05,-0.00021,-8.8401e-05,-0.00029469,9.5546e-05,6.3781e-05,5.432e-05,-0.00017036,-9.5347e-05,7.1206e-05,-2.1465e-06,3.3629e-05,3.2934e-05,-0.00011167,-5.0123e-05,9.002e-05,7.7757e-05,-0.00022741,-7.3489e-05,-0.00011236,-9.9712e-06,-4.5228e-05,-1.9945e-05,0.00011542,2.7232e-05,0.00014356,3.696e-05,0.00010888,-8.3816e-05,-8.4449e-05,6.7434e-05,4.8611e-05,6.9827e-05,-3.4958e-05,0.00011418,1.3578e-05,7.4913e-05,4.6519e-05,-7.2994e-05,-5.7933e-06,-0.0001753,-0.00022475,3.0881e-05,8.1345e-05,-2.9256e-06,-0.00014619,4.4355e-05,3.1896e-05,-5.2048e-05,2.1625e-05
-0.00010043,0.00049784,0.00051305,0.0012903,0.00030211,0.0013478,8.7581e-05,2.5348e-05,0.0027345,-0.00012234,0.00023128,0.0010569,0.00085717,0.00055543,0.0001328,1.0326e-05,0.00078967,-3.5013e-05,0.00043864,0.00022424,-0.00013568,0.000153,-0.00010773,0.001012,0.00038804,0.00035649,-3.1736e-05,0.001408,0.00025587,0.00077563,0.00041213,0.0009306,0.00048996,0.00096986,0.00015638,0.0010614,0.0002086,0.00055625,0.00099751,0.00029139,0.0012088,0.00099664,0.0021979,0.0003104,0.00018277,-1.3322e-05,0.00043161,0.00047876,0.0012588,0.00094209,0.00032318,2.3855e-05,0.0022638,3.3233e-05,-1.0463e-05,0.00058218,0.00055088,0.0011145,0.00039526,-4.8163e-05,0.00037197,-7.0314e-05,-2.1445e-05,0.00070916,0.00068472,0.00023413,2.1983e-05,0.00033896,0.00053132,0.00040462,-0.00010887,0.00031657,7.7182e-05,0.00072842,-7.1537e-05,0.00046467,0.00030725,4.8276e-06,-0.00028801,7.7271e-05,0.0014399,5.4273e-05,0.0007471,0.0011068,0.00059644
3.1187e-05,-7.0498e-05,1.9447e-05,-0.00014817,4.9518e-05,1.3497e-05,4.7795e-05,1.1254e-06,-0.00012234,0.00021145,2.3545e-05,-7.716e-05,3.4403e-05,-0.00011522,7.5043e-05,6.7073e-05,1.5705e-05,2.3007e-05,6.3158e-05,6.1338e-06,0.00010911,4.0714e-05,6.5245e-05,-0.00011225,1.3455e-05,-6.0742e-06,6.6693e-05,-4.5382e-05,2.1219e-06,6.4545e-05,2.2416e-05,1.4748e-05,-3.7464e-06,0.00013501,0.00011845,-8.396e-05,0.00023027,2.9739e-05,-1.0344e-05,-0.00013777,-0.00011205,9.3185e-05,-6.2302e-06,-6.4072e-05,0.00013664,0.00010018,5.7796e-05,-5.1778e-06,-5.9384e-05,-9.6513e-05,5.8471e-05,5.9576e-05,-8.7726e-05,5.6698e-05,8.0798e-05,4.7911e-05,3.6056e-05,-0.00015976,-5.5048e-05,-1.9113e-05,-1.8721e-05,7.4796e-05,9.237e-05,0.00010164,0.00010716,6.4725e-05,6.2711e-05,8.076e-05,-1.1238e-05,-6.5265e-05,1.4402e-05,-3.3385e-06,3.0955e-05,0.00016853,7.3203e-05,4.7727e-05,0.00013771,0.00012412,8.9877e-05,6.3614e-05,-4.9435e-05,0.00011953,0.00010273,3.8044e-05,-0.0001101
-3.6338e-05,-3.6923e-05,0.00018253,0.00041472,0.00016362,0.00028939,-1.0558e-05,-0.00012951,0.00023128,2.3545e-05,0.00030187,0.00020779,0.00030682,4.3899e-05,0.00016977,0.0001414,0.00016679,-9.4454e-05,0.00026397,5.2428e-05,2.8011e-05,1.2945e-06,6.4677e-05,0.00022792,8.484e-05,-1.7912e-05,-2.4567e-05,0.00022492,2.3117e-05,0.00010113,8.1355e-05,0.00022738,-2.2549e-05,0.00031348,-4.7386e-05,0.00021174,0.00012472,0.00013868,0.00061775,2.0519e-05,0.00013777,0.00017645,0.00027964,9.2915e-05,0.00012405,4.7933e-05,0.00010769,0.00018248,0.00024446,0.00019006,1.1389e-05,4.9729e-06,0.00039057,0.00015964,0.00018029,5.0692e-05,0.00018589,0.00029705,0.00011162,-2.8003e-05,-7.9148e-05,0.00013563,-6.6401e-05,0.00021222,0.00020478,-6.2094e-06,8.6247e-05,-3.6252e-05,0.00016024,6.297e-05,-2.4622e-05,0.00011312,-1.6264e-05,0.00024423,-1.293e-05,0.00016126,5.3267e-05,4.7186e-06,3.348e-05,5.0085e-05,0.00043826,0.00014685,0.00025842,0.00013908,7.7972e-05
9.2876e-06,0.00014596,0.00030049,0.00039294,0.00034528,0.0013298,-2.0506e-05,9.7047e-05,0.0010569,-7.716e-05,0.00020779,0.0021683,0.00087123,0.0001793,0.00023308,0.00031141,0.00099859,0.00019927,0.0001297,-5.6801e-05,-3.3892e-05,0.00015526,0.0003053,0.00053556,0.00039666,2.2284e-05,2.4483e-05,0.0020701,0.00046011,0.00071506,0.0007375,0.00085995,0.00088081,0.00082154,-9.5576e-06,0.0017746,0.00030323,0.00065529,0.0012155,0.00034426,0.0018232,0.0017397,0.00070911,0.0004335,0.00017495,-3.8179e-05,0.00020736,0.00022627,0.00093222,0.00081255,0.00036396,5.935e-05,0.000607,-2.5354e-05,-8.5898e-05,0.00047624,0.00048955,0.0010895,0.00046427,2.7087e-05,0.00012452,0.00047456,0.000402,0.00033684,0.00031535,0.0007681,-1.5805e-05,0.00047484,0.0008291,0.00044182,-9.1059e-05,0.00028184,2.0992e-05,0.0010664,0.00016744,0.00084974,-0.00010425,0.0002104,0.00023631,7.6852e-05,0.00031313,0.00021719,0.0013641,0.00077248,0.00059004
-3.8556e-05,7.7162e-05,0.00035313,0.00092238,0.00031148,0.0010221,-4.9633e-05,-7.9441e-05,0.00085717,3.4403e-05,0.00030682,0.00087123,0.00093624,0.00017142,0.0003001,0.00034407,0.00053525,-3.0638e-05,0.00048588,6.1252e-05,-3.0553e-05,6.0775e-05,0.00011203,0.00049751,0.00030018,0.00012416,-4.6239e-05,0.00091682,0.0002542,0.00051278,0.00057526,0.00068003,0.00042196,0.00072572,2.7097e-05,0.00072962,0.000558,0.00061631,0.0012888,0.00017292,0.00095069,0.00096878,0.00073824,0.00034345,0.00016253,3.6433e-05,0.00025536,0.00026644,0.00063607,0.00070989,0.00033093,0.00010809,0.0010394,0.00013281,0.00014281,0.0004023,0.00055316,0.0011399,0.00031024,0.00019107,0.00011807,0.00028173,0.00011147,0.00052861,0.00052757,0.00036325,7.7081e-05,0.00028903,0.00053036,0.00024305,5.7039e-06,0.00028976,8.4058e-05,0.00075877,2.2561e-05,0.00051581,0.00024905,1.3785e-05,-8.6179e-05,0.00014718,0.00093236,0.00018535,0.00078757,0.00061352,0.00037307
3.6443e-08,0.00020402,0.00016275,0.0004512,7.2344e-05,0.00028645,-1.7133e-05,8.1293e-05,0.00055543,-0.00011522,4.3899e-05,0.0001793,0.00017142,0.00028556,2.1032e-05,1.1797e-05,0.00023083,-4.6351e-05,7.9656e-05,0.00020035,-5.583e-05,2.4789e-05,-7.5912e-05,0.00031921,0.00015621,0.00015818,-1.4262e-05,0.00019796,6.78e-05,1.3729e-05,9.1647e-05,0.0001889,0.00010347,0.00035004,-5.2707e-05,0.00017629,-0.00013385,0.00014983,0.0003028,0.00024518,0.00025806,5.7635e-05,0.0004921,0.00015143,6.6268e-05,7.5686e-05,0.00012001,0.00026831,0.0002758,0.00032869,8.9085e-05,2.0933e-05,0.00060433,3.371e-05,3.1921e-05,8.0052e-05,0.0002353,0.00033248,0.00018075,-2.917e-06,0.00019046,-2.0999e-05,-5.357e-07,1.6872e-05,1.1125e-05,-1.0555e-05,5.0157e-05,6.3596e-05,0.00011463,0.00017038,2.392e-05,0.00012807,6.8591e-05,4.9294e-05,-5.502e-05,3.0226e-06,-2.0222e-05,-2.1218e-05,-0.00012822,1.3111e-05,0.00048863,9.3327e-05,0.0001163,0.00017892,0.00025936
4.3211e-05,-3.6747e-05,0.00016453,0.000341,0.00015485,0.00041239,-1.5678e-05,-6.6689e-05,0.0001328,7.5043e-05,0.00016977,0.00023308,0.0003001,2.1032e-05,0.00022713,0.00020133,0.0001843,-2.405e-05,0.00030277,7.0689e-05,-1.9867e-05,4.933e-05,8.5424e-05,0.00010792,0.00010896,3.0459e-05,9.533e-06,0.00035087,0.00012225,0.000192,0.00019089,0.00035513,0.00013994,0.00013144,-3.1654e-06,0.0003559,0.00028589,0.00020596,0.00061821,6.3573e-05,0.00025354,0.0003397,0.00013357,0.00011375,0.00011189,0.00013158,0.00014745,0.00013024,0.00031639,0.00027165,9.5888e-05,2.2231e-05,0.00034462,0.00016009,0.00017517,0.00014611,0.00014935,0.00027978,5.5466e-05,1.8024e-05,2.5985e-05,0.00015404,7.9933e-05,0.000181,0.00017813,0.00014197,0.00011257,7.1309e-05,0.00013648,8.9554e-05,2.8462e-05,0.00010943,4.5392e-05,0.0003084,6.6713e-05,0.00026782,0.00011131,7.0915e-05,0.00010764,9.1501e-05,0.00036374,0.00015501,0.00020997,0.0001894,0.00012581
4.2392e-05,-5.6178e-05,0.00024201,0.00025062,0.00013019,0.00046424,9.7121e-05,-0.00010454,1.0326e-05,6.7073e-05,0.0001414,0.00031141,0.00034407,1.1797e-05,0.00020133,0.00062344,0.00029933,-1.9613e-05,0.0003231,-0.00017198,3.9862e-05,3.4811e-05,6.8159e-05,0.00022592,9.2844e-06,1.155e-05,5.4646e-05,0.00048786,0.00030246,8.8021e-05,0.00022276,0.000236,0.00026358,0.00047237,-0.00010301,0.00034698,0.00042661,0.00016016,0.0002026,0.00017463,0.00031489,0.00026902,0.00035184,0.00032159,0.00011543,0.00017339,0.00012814,0.00025349,0.00012104,0.0001147,5.4997e-05,8.3916e-05,0.00029105,0.00015297,0.00019684,0.00012057,0.00024933,0.00011844,0.00010431,-6.8665e-05,0.00010762,0.00017067,6.1242e-05,6.7682e-05,7.036e-05,0.00020149,5.5438e-05,0.00013195,0.00026779,-3.5461e-05,0.00014752,9.656e-05,4.4043e-05,0.0001246,0.00010782,0.00060478,0.00014706,5.499e-05,-7.344e-05,0.00010907,0.00028139,0.00025603,0.00059234,0.00020414,0.00021131
5.2679e-05,0.00024871,0.00043669,0.00048076,0.00036749,0.00080895,-1.9045e-05,0.00012874,0.00078967,1.5705e-05,0.00016679,0.00099859,0.00053525,0.00023083,0.0001843,0.00029933,0.00089815,-1.0899e-05,0.00018755,0.00012928,-3.8605e-05,0.00014213,9.3569e-05,0.00071698,0.00033069,0.00024193,5.804e-05,0.0010189,0.00045293,0.00042779,0.00051301,0.00059877,0.00057545,0.0011752,2.9138e-05,0.00088854,0.00014734,0.00038196,0.00074612,0.00045609,0.00095735,0.00090981,0.0010832,0.00039669,0.00039636,0.00016945,0.00019496,0.00048858,0.00062452,0.00069136,0.00029151,0.00011155,0.00082717,5.3383e-05,4.4753e-05,0.0002687,0.00039825,0.00057691,0.00040695,-0.00014138,0.00030555,0.00026483,0.0003082,0.00043146,0.00041409,0.00030846,9.5083e-05,0.00040465,0.0004799,0.0003418,0.00010033,0.00024368,5.1378e-05,0.00076259,7.6222e-05,0.00048115,-5.918e-05,0.00015363,7.2082e-05,0.00010351,0.00047446,0.00034301,0.001065,0.00052535,0.00056012
1.3774e-05,-7.2862e-06,-0.00011351,-0.00019761,-9.6305e-05,-0.00010399,0.00020728,0.00019855,-3.5013e-05,2.3007e-05,-9.4454e-05,0.00019927,-3.0638e-05,-4.6351e-05,-2.405e-05,-1.9613e-05,-1.0899e-05,0.00043645,-0.00016276,1.5624e-05,0.00012589,-4.9259e-05,3.0888e-05,-0.00010914,-8.4351e-05,0.00016031,2.6888e-05,0.00016267,-9.0196e-05,9.1397e-05,2.6767e-05,-9.1976e-05,3.2395e-05,-0.0002851,0.00010051,9.2266e-05,-0.00021142,-0.0001991,-0.00040843,-0.00010735,0.00012097,7.4368e-05,-0.00048028,-0.00024872,-0.00017342,-0.000126,0.00018676,-0.00016781,-7.6146e-05,-0.00018248,5.1368e-05,3.9703e-05,-0.00033423,-4.0306e-05,-8.3491e-05,5.1108e-05,-8.7392e-05,2.5175e-05,-1.0254e-06,0.00012584,8.4765e-05,0.00011768,2.231e-05,-7.1977e-05,-7.206e-05,0.0002201,3.9045e-05,-5.3756e-05,0.00014947,2.5523e-05,-5.0192e-05,-3.9079e-05,7.9866e-05,-0.00013929,5.4566e-05,-0.00012971,-0.00017502,3.7687e-06,0.00015157,4.7834e-05,-0.00013884,3.4015e-05,-4.7395e-05,-3.3823e-05,-0.00015596
2.2956e-05,2.8726e-05,0.00026112,0.00056551,0.00017662,0.00051558,-1.2385e-05,-0.0001541,0.00043864,6.3158e-05,0.00026397,0.0001297,0.00048588,7.9656e-05,0.00030277,0.0003231,0.00018755,-0.00016276,0.00072533,-1.5295e-05,-0.00013177,7.1487e-05,5.2686e-05,0.00023638,0.00014716,6.6799e-05,-3.284e-05,0.0003941,0.00026545,0.00019742,0.00023679,0.00036955,0.00022238,-0.00010044,-4.2267e-05,0.00028874,0.0005054,0.0004289,0.00084634,0.00014411,0.00027389,0.00032293,0.00053616,0.00016585,0.00023889,0.00012379,0.00016299,0.000212,0.00045203,0.00031343,9.3323e-05,1.44e-05,0.00060905,0.000205,0.00023324,0.00018144,0.00030388,0.00049572,0.00012566,1.6916e-05,-1.4062e-05,0.0001124,-1.6641e-05,0.00027807,0.00028067,0.00012916,8.7928e-05,8.7844e-05,0.00014199,4.9006e-05,3.5269e-05,0.00019762,9.4374e-06,0.00039705,2.1205e-05,0.00066062,0.00033002,-1.4292e-05,-2.8619e-05,9.45e-05,0.00077575,0.00025015,9.1324e-05,0.00039134,0.00018004
3.4537e-05,0.00013208,0.00018177,0.00040404,9.1561e-05,4.9904e-05,-3.4717e-06,0.00016991,0.00022424,6.1338e-06,5.2428e-05,-5.6801e-05,6.1252e-05,0.00020035,7.0689e-05,-0.00017198,0.00012928,1.5624e-05,-1.5295e-05,0.0005098,1.3621e-05,6.0313e-05,-1.2161e-05,0.00020511,0.00020086,0.00015898,9.5496e-07,-0.00015994,-9.7364e-05,-1.325e-05,-6.9234e-05,0.00018538,-2.5852e-05,0.00047796,2.7878e-05,8.5247e-05,-0.00025174,4.6491e-05,0.00034478,0.0001114,-6.9563e-05,5.04e-06,0.00011653,-7.841e-06,0.00011604,0.00012321,0.0002037,0.00017043,0.00023244,0.00035253,0.00014372,8.4373e-06,0.00027933,7.1871e-05,8.0365e-05,4.4477e-05,0.00011594,0.00021979,8.9396e-05,1.142e-05,0.00015129,1.4854e-05,9.1308e-05,0.0001002,8.6314e-05,-0.0001153,0.00010233,-1.5442e-06,-7.6871e-05,0.00021733,7.0908e-06,0.00014244,0.00011959,-6.91e-05,3.7632e-05,-0.0004313,-0.00011508,4.0514e-05,0.00016947,8.9859e-05,0.00035345,9.0374e-05,-0.0001204,2.5889e-05,0.00010625
1.3204e-05,-0.00010191,-6.86e-05,-0.00014627,-4.7594e-06,-0.00012809,0.00012927,6.8381e-05,-0.00013568,0.00010911,2.8011e-05,-3.3892e-05,-3.0553e-05,-5.583e-05,-1.9867e-05,3.9862e-05,-3.8605e-05,0.00012589,-0.00013177,1.3621e-05,0.00040671,-2.4253e-05,7.841e-05,-0.00011361,-3.3008e-05,-7.9179e-05,5.7645e-05,-0.00018018,-6.3456e-05,2.7042e-05,-2.9379e-05,3.0712e-05,-0.00017206,0.00046275,7.544e-05,-0.00021179,-1.5828e-05,-0.00026657,-0.00021982,-0.00016982,-0.00026261,-0.00016916,-9.9065e-05,-6.1773e-05,-0.00010432,6.9859e-05,6.9748e-05,-6.011e-05,-0.00023897,-0.00024125,5.5319e-05,0.00011127,-0.00017012,7.9543e-05,0.00010337,2.0161e-05,-8.6507e-05,-0.00031935,5.3042e-06,-6.5057e-06,1.9503e-05,7.7676e-05,2.1567e-05,1.4073e-05,2.0295e-05,5.439e-05,0.00018253,-2.3081e-05,7.4902e-05,-7.9795e-05,-3.4803e-05,-3.3318e-05,-2.2205e-05,-2.9533e-05,6.7945e-05,-5.8841e-05,-3.6228e-05,9.7307e-05,2.8704e-05,7.8188e-05,-0.00010668,2.5652e-05,0.00018656,-8.6922e-05,-0.00015624
2.5695e-05,3.5696e-05,9.9581e-05,4.6945e-05,6.7595e-05,0.0001574,-3.2029e-05,9.3786e-06,0.000153,4.0714e-05,1.2945e-06,0.00015526,6.0775e-05,2.4789e-05,4.933e-05,3.4811e-05,0.00014213,-4.9259e-05,7.1487e-05,6.0313e-05,-2.4253e-05,7.9173e-05,2.8184e-05,0.00012538,8.0347e-05,3.7003e-06,2.0007e-05,0.00017287,0.00012181,7.4434e-05,4.6205e-05,0.00016212,0.00014876,0.00024533,2.7164e-05,0.00018308,8.9641e-05,0.00010924,0.00014052,7.608e-05,0.00010942,0.00016014,0.00026017,8.9887e-05,0.00011838,8.31e-05,5.0979e-05,6.1038e-05,0.00017928,0.00013671,7.0644e-05,-6.5504e-06,0.00010372,8.519e-06,1.9004e-05,6.813e-05,7.8846e-05,2.5373e-05,2.3623e-05,-7.067e-05,4.2277e-05,1.5553e-05,0.00011395,8.9778e-05,8.4981e-05,6.2133e-05,-1.81e-07,0.0001047,1.4834e-05,4.4031e-05,2.2882e-05,3.6938e-05,1.0764e-05,0.00013051,6.7154e-05,0.00013874,5.011e-05,8.0637e-05,6.3171e-05,3.403e-05,5.8961e-05,7.0927e-05,0.00011486,0.00013671,9.7021e-05
3.4468e-05,-8.1175e-05,1.3524e-05,-8.9081e-05,6.1151e-05,0.00012204,2.5453e-05,9.383e-06,-0.00010773,6.5245e-05,6.4677e-05,0.0003053,0.00011203,-7.5912e-05,8.5424e-05,6.8159e-05,9.3569e-05,3.0888e-05,5.2686e-05,-1.2161e-05,7.841e-05,2.8184e-05,0.00014927,-0.00010413,6.5189e-05,-9.3376e-05,1.8288e-05,0.00025851,5.1351e-05,0.00013435,8.7795e-05,0.00011575,7.5001e-05,7.0542e-05,5.1429e-06,0.00028541,0.00015373,8.2244e-05,0.00023746,-4.0292e-05,0.00017884,0.00036473,-7.3085e-05,2.5785e-05,5.355e-05,-9.4084e-07,-1.1102e-05,-5.3212e-05,2.9018e-05,5.9571e-05,4.559e-05,2.712e-05,-0.00017997,3.5446e-05,3.244e-05,4.839e-05,-3.3915e-05,3.4822e-05,3.1516e-05,-2.0806e-05,-7.2099e-05,0.00014354,0.00010261,5.635e-05,5.5297e-05,0.00012335,2.7575e-05,4.8206e-05,7.6989e-05,4.506e-05,-3.3348e-05,3.5875e-05,-3.3935e-05,0.00021527,7.9664e-05,0.00016588,-2.0601e-05,5.2142e-05,0.00018341,3.4076e-05,-0.00010929,1.4004e-05,0.00021198,2.095e-05,-6.2208e-06
-6.466e-05,0.00025576,0.00056028,0.00099489,0.00034654,0.0007757,-0.00012765,-2.4099e-05,0.001012,-0.00011225,0.00022792,0.00053556,0.00049751,0.00031921,0.00010792,0.00022592,0.00071698,-0.00010914,0.00023638,0.00020511,-0.00011361,0.00012538,-0.00010413,0.0014405,0.00011836,0.00037344,-0.00011863,0.0004171,0.00037076,0.00034312,0.00010823,0.0008933,0.00030641,0.0018176,6.1455e-05,0.00013884,-7.8493e-05,0.00013402,0.00066203,0.00044077,0.00045313,0.00024859,0.0018809,0.00037259,0.00033301,0.00011163,0.00034822,0.00041369,0.00075798,0.00081192,0.00016985,-7.7166e-05,0.0012569,1.0206e-05,2.5942e-05,0.00023639,0.00040176,0.00076006,0.00027233,-0.00018703,0.00030872,-3.6853e-05,0.00014305,0.00073678,0.00071171,7.5103e-06,-5.1828e-05,0.00024186,0.00037239,0.00023622,0.00013052,0.00016463,8.0511e-05,0.00032489,8.3109e-05,0.00029548,-0.00010886,-1.6417e-05,-4.855e-05,0.00017997,0.00089772,0.00030215,0.0006982,0.00048074,0.00048321
4.0549e-05,0.00013525,0.00012948,0.00027251,0.00014893,0.00031999,-2.1932e-05,9.0633e-05,0.00038804,1.3455e-05,8.484e-05,0.00039666,0.00030018,0.00015621,0.00010896,9.2844e-06,0.00033069,-8.4351e-05,0.00014716,0.00020086,-3.3008e-05,8.0347e-05,6.5189e-05,0.00011836,0.00035408,0.00011458,3.3188e-05,0.00045751,0.0001574,0.00014839,0.00029364,0.00015058,0.00023629,0.0007183,3.1161e-05,0.00045986,0.00022397,0.0003347,0.00054313,0.00025259,0.00041707,0.00043385,0.00010982,0.00018501,0.0002494,0.00010571,7.8815e-05,0.00024718,0.00024364,0.0003472,0.00015934,8.995e-05,0.00043537,2.6518e-05,1.9847e-05,0.00011598,0.00030978,0.00037149,0.00020025,4.0463e-05,9.3495e-05,0.00015717,0.0001369,0.00015615,0.00015139,0.00014883,8.3767e-05,0.00018549,0.00010798,0.00021825,2.6492e-05,0.00017987,3.8754e-05,0.00039169,-3.5919e-05,0.00012259,3.5981e-05,8.046e-05,1.2207e-05,3.9629e-06,0.00036624,0.00010074,0.00053805,0.00023639,0.00023902
3.4832e-05,0.00023063,0.00010031,0.00023843,7.7061e-05,0.00027602,0.00010483,0.00014792,0.00035649,-6.0742e-06,-1.7912e-05,2.2284e-05,0.00012416,0.00015818,3.0459e-05,1.155e-05,0.00024193,0.00016031,6.6799e-05,0.00015898,-7.9179e-05,3.7003e-06,-9.3376e-05,0.00037344,0.00011458,0.00052312,2.8225e-05,0.00013634,0.00013852,0.00015038,0.00018567,0.00017748,8.169e-05,0.0008356,0.00012432,-8.0646e-05,-6.4089e-05,2.0934e-05,-1.993e-05,0.00021082,0.00021745,2.2762e-05,0.000517,-0.00010323,0.00015012,1.4919e-05,0.00026421,0.00020722,0.00017396,0.00035696,6.3714e-05,3.2156e-05,0.00066759,-3.0524e-05,-5.6216e-05,0.00011742,0.00020393,0.00028711,0.00013116,0.00014958,0.00026498,3.0797e-05,6.5021e-05,0.00026061,0.00025858,8.303e-05,4.254e-05,0.00010293,0.00018132,0.00013586,4.8121e-05,6.4178e-05,0.00016191,0.0001531,-1.5057e-05,-0.00016171,-1.9146e-05,-5.1581e-05,5.314e-07,0.00010783,0.00045314,0.00022569,0.00028325,0.00020692,0.00011363
4.5376e-05,1.5645e-05,2.447e-05,-0.00014321,3.573e-05,2.5711e-05,6.3652e-05,3.1158e-05,-3.1736e-05,6.6693e-05,-2.4567e-05,2.4483e-05,-4.6239e-05,-1.4262e-05,9.533e-06,5.4646e-05,5.804e-05,2.6888e-05,-3.284e-05,9.5496e-07,5.7645e-05,2.0007e-05,1.8288e-05,-0.00011863,3.3188e-05,2.8225e-05,0.00010392,7.0445e-05,2.5268e-05,1.4274e-05,0.00011693,-9.547e-05,8.4017e-05,0.00027467,-1.6534e-05,2.6109e-05,4.7548e-05,1.8643e-06,-3.9079e-05,-2.6918e-06,3.7894e-05,1.4917e-05,-0.00010167,-2.5514e-05,4.1318e-05,9.1937e-05,4.4727e-05,7.6762e-05,-1.8339e-05,-1.6737e-05,2.7685e-05,5.4918e-05,6.5624e-06,2.6695e-05,4.7261e-05,2.1283e-05,4.4521e-05,-0.00020449,3.0732e-05,3.5732e-06,8.4815e-05,5.7412e-05,4.3694e-05,-4.4849e-05,-4.6605e-05,6.3545e-05,3.5734e-05,5.8432e-05,5.4286e-05,5.5755e-06,8.1308e-06,1.8475e-05,4.5506e-05,0.00010056,4.2902e-05,-1.9651e-05,7.7737e-05,0.00011348,3.1132e-06,2.5431e-05,-4.6576e-05,0.00010378,0.00017165,7.3761e-05,2.8363e-05
6.0298e-05,0.00018237,0.00028077,0.00048598,0.00032545,0.0015502,0.00010303,2.6767e-05,0.001408,-4.5382e-05,0.00022492,0.0020701,0.00091682,0.00019796,0.00035087,0.00048786,0.0010189,0.00016267,0.0003941,-0.00015994,-0.00018018,0.00017287,0.00025851,0.0004171,0.00045751,0.00013634,7.0445e-05,0.0024978,0.00055256,0.00082344,0.00079414,0.00093185,0.00093953,0.00059258,2.4802e-05,0.0020873,0.00071989,0.00068806,0.0011525,0.0004343,0.0019303,0.0017777,0.00068298,0.00047552,0.00025625,8.4021e-05,0.00024191,0.00038411,0.0010802,0.00076182,0.00026752,7.4878e-05,0.0011359,5.7042e-05,-3.3718e-05,0.00056065,0.00048768,0.00099679,0.00039871,4.8331e-05,0.00015866,0.00042802,0.0003353,0.00034607,0.00032703,0.00083661,6.8608e-05,0.00050185,0.00071416,0.00041728,-2.1774e-05,0.00033284,4.1818e-05,0.001085,9.5172e-05,0.0011055,4.2502e-05,0.00023406,0.00013191,3.8201e-05,0.00050935,0.00021653,0.0015435,0.00093067,0.00065308
5.2692e-05,0.00012312,0.00024005,0.000104,0.00015465,0.00048735,-9.1311e-05,-2.3552e-05,0.00025587,2.1219e-06,2.3117e-05,0.00046011,0.0002542,6.78e-05,0.00012225,0.00030246,0.00045293,-9.0196e-05,0.00026545,-9.7364e-05,-6.3456e-05,0.00012181,5.1351e-05,0.00037076,0.0001574,0.00013852,2.5268e-05,0.00055256,0.00064899,0.00020382,0.00036766,0.00038339,0.00038213,0.0002069,-2.6907e-06,0.00058049,0.00021431,0.00029161,9.1003e-05,0.00037816,0.0004724,0.00030845,0.0012386,0.00032551,0.00031448,0.00010358,9.6974e-05,0.0002884,0.00028331,0.00035797,0.00015413,2.2016e-05,0.00039287,2.5538e-05,4.0328e-05,0.00013791,0.00031555,0.00011364,0.0002194,-0.00014411,0.00013451,0.00014995,0.00029109,0.00019523,0.00019744,0.00029713,5.08e-05,0.00025226,0.00027951,3.3215e-05,7.8219e-05,2.6973e-05,-4.6246e-05,0.00047842,7.0052e-05,0.00056791,8.5426e-05,3.9652e-05,-2.825e-05,8.382e-05,0.0001602,0.0003111,0.00038459,0.00037037,0.00036255
5.3476e-05,2.5031e-05,0.00020182,0.00045857,0.00027945,0.00087586,-7.2013e-06,-1.026e-05,0.00077563,6.4545e-05,0.00010113,0.00071506,0.00051278,1.3729e-05,0.000192,8.8021e-05,0.00042779,9.1397e-05,0.00019742,-1.325e-05,2.7042e-05,7.4434e-05,0.00013435,0.00034312,0.00014839,0.00015038,1.4274e-05,0.00082344,0.00020382,0.00078577,0.00048827,0.00080939,0.00033244,0.00074939,0.00013357,0.000547,0.00048744,0.00020259,0.0008975,1.356e-05,0.00077044,0.00089271,0.00087294,7.7911e-05,9.1787e-05,3.3367e-05,0.00018545,1.6835e-05,0.00057892,0.00065505,0.00022841,4.2311e-05,0.00092259,3.9623e-05,1.0143e-05,0.00041978,1.5857e-05,0.00051617,0.0001413,0.00011425,0.0001891,0.00014835,0.00022808,0.00063838,0.00063092,0.00036011,5.6676e-05,0.00029519,0.00036353,0.00022991,-5.0615e-05,0.00014269,4.6417e-05,0.00085246,0.0001143,0.00028399,9.4075e-05,0.00011492,0.00011814,0.00015582,0.00036743,4.9366e-06,0.00068859,0.000514,0.00026153
7.3489e-05,0.00011221,0.00021216,0.0003669,0.00030972,0.00078137,-9.5097e-05,-1.7972e-06,0.00041213,2.2416e-05,8.1355e-05,0.0007375,0.00057526,9.1647e-05,0.00019089,0.00022276,0.00051301,2.6767e-05,0.00023679,-6.9234e-05,-2.9379e-05,4.6205e-05,8.7795e-05,0.00010823,0.00029364,0.00018567,0.00011693,0.00079414,0.00036766,0.00048827,0.00093344,0.00029895,0.00057535,0.00078276,-3.2093e-05,0.00059713,0.00041357,0.00053861,0.0010435,0.00026201,0.00098454,0.00081876,0.0001466,0.00023429,9.1207e-05,9.3569e-05,0.00017138,0.0002453,0.00044612,0.00062203,0.00033693,0.00017561,0.00071301,6.9792e-05,9.3824e-05,0.00031781,0.00045053,0.00062526,0.00032685,0.00021568,0.00029553,0.00036654,0.00020094,0.00031156,0.00031231,0.00049123,0.00010915,0.00035203,0.00060558,0.00026563,2.2901e-05,0.00016221,0.00010059,0.0010139,1.6682e-05,0.00041546,0.00028427,0.00015334,-0.00012056,8.541e-05,0.0005396,0.00023427,0.00086322,0.00055074,0.00043088
6.6963e-05,5.8916e-05,0.00036226,0.0010306,0.00039897,0.0014984,-0.00019725,-0.00012549,0.0009306,1.4748e-05,0.00022738,0.00085995,0.00068003,0.0001889,0.00035513,0.000236,0.00059877,-9.1976e-05,0.00036955,0.00018538,3.0712e-05,0.00016212,0.00011575,0.0008933,0.00015058,0.00017748,-9.547e-05,0.00093185,0.00038339,0.00080939,0.00029895,0.0017941,0.00027348,0.0011247,0.00015767,0.00073509,0.00046158,0.00019185,0.0014169,0.00016169,0.0007735,0.00087979,0.0018095,0.0003656,4.5891e-05,0.00028613,0.00030507,0.00017347,0.0010795,0.0011423,0.00028923,-7.5287e-05,0.0016019,0.00021155,0.00019666,0.0005991,4.3509e-05,0.00078403,9.3101e-05,5.1389e-05,0.00023754,1.5152e-05,0.00038027,0.00081148,0.00080171,0.00028224,0.00023634,0.0003667,0.00038116,0.00026233,1.985e-05,0.00017635,8.0888e-05,0.00080166,0.00026282,0.00045858,8.2877e-05,0.00011948,0.00023309,0.00032767,0.00073914,0.0001053,0.0005643,0.00061973,0.00046453
6.7283e-05,0.00015689,0.0002862,0.0002065,0.0002248,0.00061774,-5.2793e-05,8.1953e-05,0.00048996,-3.7464e-06,-2.2549e-05,0.00088081,0.00042196,0.00010347,0.00013994,0.00026358,0.00057545,3.2395e-05,0.00022238,-2.5852e-05,-0.00017206,0.00014876,7.5001e-05,0.00030641,0.00023629,8.169e-05,8.4017e-05,0.00093953,0.00038213,0.00033244,0.00057535,0.00027348,0.00076899,0.00049172,-5.6911e-05,0.00077887,0.00028804,0.00049752,0.00066981,0.00033498,0.00093233,0.00082496,0.00018063,0.00030161,0.00018732,0.00011612,0.00013631,0.00020138,0.00056426,0.00047207,0.00029699,7.2796e-05,0.0002816,-2.8699e-05,-2.1138e-05,0.00026869,0.00036265,0.0005174,0.00026356,1.524e-05,0.00025808,0.00021469,0.00026576,0.00017777,0.00016532,0.0004331,-5.7881e-05,0.00038777,0.00037779,0.0002448,7.8883e-05,0.00020494,8.4597e-05,0.00059729,0.00012271,0.00058863,0.00013921,0.00019899,9.1934e-06,5.2178e-05,0.00025997,0.00022633,0.00065767,0.00055067,0.00045727
0.00013708,0.00024523,0.00066778,0.0010843,0.00084767,0.0014792,0.00019237,-1.6404e-05,0.00096986,0.00013501,0.00031348,0.00082154,0.00072572,0.00035004,0.00013144,0.00047237,0.0011752,-0.0002851,-0.00010044,0.00047796,0.00046275,0.00024533,7.0542e-05,0.0018176,0.0007183,0.0008356,0.00027467,0.00059258,0.0002069,0.00074939,0.00078276,0.0011247,0.00049172,0.0099183,0.00028827,-0.00063002,0.00082722,8.5798e-05,0.0017201,0.00059225,0.00055689,0.00086974,0.00041127,0.00061441,0.00025893,0.00053159,0.00071794,0.00048116,0.00073506,0.0016383,0.00026615,0.00025833,0.0024481,-2.7783e-05,0.00012866,0.00051884,0.00068181,0.00063712,0.00019561,7.7184e-05,0.00081246,0.0002184,0.00021805,0.001654,0.0015986,1.1869e-05,-1.6086e-05,0.00067571,0.0008524,0.00061709,0.00036438,0.00025644,0.00044455,0.00088819,0.00047221,0.00014256,0.00036242,0.00037697,0.00019544,0.00047956,0.0016927,0.0001699,0.0039746,0.00066987,0.00048859
-6.0595e-06,1.4909e-05,-8.4904e-05,-7.6937e-05,-8.3253e-06,3.6972e-05,3.6873e-05,6.1239e-05,0.00015638,0.00011845,-4.7386e-05,-9.5576e-06,2.7097e-05,-5.2707e-05,-3.1654e-06,-0.00010301,2.9138e-05,0.00010051,-4.2267e-05,2.7878e-05,7.544e-05,2.7164e-05,5.1429e-06,6.1455e-05,3.1161e-05,0.00012432,-1.6534e-05,2.4802e-05,-2.6907e-06,0.00013357,-3.2093e-05,0.00015767,-5.6911e-05,0.00028827,0.00025244,-5.3635e-05,9.6109e-05,-4.6585e-05,-0.00017132,-8.4675e-05,-4.0748e-05,0.00013584,5.4021e-05,-8.572e-05,1.6159e-05,-2.9091e-05,6.7384e-05,-0.00010913,1.3216e-05,-3.9781e-05,5.5829e-05,2.3705e-05,9.519e-05,-4.3321e-05,-7.0257e-05,8.3071e-05,-3.6697e-05,4.878e-05,-9.4014e-05,1.9798e-05,-4.2413e-06,-1.0524e-05,7.0259e-05,0.00020804,0.00021352,6.0232e-05,5.5441e-05,7.4216e-05,-7.7184e-06,-1.3532e-05,1.9212e-06,-6.979e-05,1.1817e-05,8.82e-05,1.8902e-05,-3.3129e-06,2.9689e-05,9.9228e-06,9.2791e-05,3.1054e-05,1.0589e-05,-5.1221e-05,0.00012493,2.2274e-05,-0.00013928
4.6032e-05,0.00015755,0.00033138,0.0004464,0.00024459,0.0011633,1.2067e-05,4.0692e-05,0.0010614,-8.396e-05,0.00021174,0.0017746,0.00072962,0.00017629,0.0003559,0.00034698,0.00088854,9.2266e-05,0.00028874,8.5247e-05,-0.00021179,0.00018308,0.00028541,0.00013884,0.00045986,-8.0646e-05,2.6109e-05,0.0020873,0.00058049,0.000547,0.00059713,0.00073509,0.00077887,-0.00063002,-5.3635e-05,0.0025234,0.00024553,0.00071496,0.00088217,0.00043881,0.0016416,0.0017284,0.00057135,0.00056862,0.00013417,-1.8249e-05,0.00013747,0.00035153,0.00099077,0.00072529,0.00032131,3.3377e-05,0.00056513,0.00012236,4.4467e-05,0.00037935,0.0003431,0.00084181,0.00034765,-0.00015036,2.1912e-05,0.00044505,0.0003468,9.0619e-05,6.6277e-05,0.00059499,0.00012977,0.00029624,0.00052406,0.00042078,-4.0051e-05,0.00022517,-7.4604e-05,0.00072025,9.875e-05,0.00079577,-5.758e-05,7.4148e-05,0.00033935,7.3866e-06,0.0002116,7.7169e-05,0.00081352,0.00065857,0.00062725
7.8952e-05,-0.00018038,5.4869e-05,0.0002677,0.0001826,0.00071793,-1.0984e-05,-0.00021,0.0002086,0.00023027,0.00012472,0.00030323,0.000558,-0.00013385,0.00028589,0.00042661,0.00014734,-0.00021142,0.0005054,-0.00025174,-1.5828e-05,8.9641e-05,0.00015373,-7.8493e-05,0.00022397,-6.4089e-05,4.7548e-05,0.00071989,0.00021431,0.00048744,0.00041357,0.00046158,0.00028804,0.00082722,9.6109e-05,0.00024553,0.0013402,0.00038975,0.00082102,1.3634e-06,0.00041333,0.00059323,0.00011477,0.00026433,0.00031836,0.00026854,1.7981e-06,8.4738e-05,0.00016211,0.00019311,8.063e-05,0.00011675,0.000712,0.00010174,0.00011854,0.00031975,0.00023934,0.00027268,-2.893e-05,0.0001777,-2.5429e-05,0.00013363,0.00016405,0.0004175,0.00043421,0.00037428,4.87e-05,0.00034352,3.0357e-05,-3.5164e-05,0.000105,0.00019522,3.7835e-05,0.0006983,3.2411e-05,0.00069539,0.00039927,0.00021434,-0.00015589,6.0033e-05,0.00033059,3.1494e-05,0.00094602,0.00038454,0.00012796
-7.2769e-06,0.0001428,0.00027669,0.00046906,0.00021905,0.00071844,-0.00018394,-8.8401e-05,0.00055625,2.9739e-05,0.00013868,0.00065529,0.00061631,0.00014983,0.00020596,0.00016016,0.00038196,-0.0001991,0.0004289,4.6491e-05,-0.00026657,0.00010924,8.2244e-05,0.00013402,0.0003347,2.0934e-05,1.8643e-06,0.00068806,0.00029161,0.00020259,0.00053861,0.00019185,0.00049752,8.5798e-05,-4.6585e-05,0.00071496,0.00038975,0.0008791,0.0010843,0.00023068,0.00086752,0.00094161,0.0004288,0.00032336,0.00023996,-9.0661e-06,7.1252e-05,0.00021615,0.00052569,0.00061875,0.00027268,4.9055e-05,0.00051334,3.103e-05,6.2807e-05,0.00021738,0.00059793,0.00088181,0.00022742,5.2985e-05,3.2213e-05,0.00023181,0.00013262,0.00016365,0.00016467,0.00025366,-8.8528e-05,0.00027418,0.00036523,0.00021826,-2.4013e-06,0.00017162,5.4325e-05,0.0007126,2.5223e-06,0.00052846,0.00040435,4.6101e-06,-4.9857e-05,1.4858e-05,0.00065273,0.00016803,0.00034668,0.00049199,0.0003521
7.1436e-05,2.8098e-05,0.00062169,0.0017113,0.00076742,0.0017942,-0.00043452,-0.00029469,0.00099751,-1.0344e-05,0.00061775,0.0012155,0.0012888,0.0003028,0.00061821,0.0002026,0.00074612,-0.00040843,0.00084634,0.00034478,-0.00021982,0.00014052,0.00023746,0.00066203,0.00054313,-1.993e-05,-3.9079e-05,0.0011525,9.1003e-05,0.0008975,0.0010435,0.0014169,0.00066981,0.0017201,-0.00017132,0.00088217,0.00082102,0.0010843,0.0036518,0.00024055,0.0014336,0.0016621,0.00029907,0.00049309,0.00015397,0.00033156,0.00028647,0.00034864,0.0015064,0.0016828,0.00048489,5.1879e-05,0.001804,0.0003858,0.00045293,0.00063166,0.00058038,0.0017964,0.00038381,0.00029964,0.0002009,0.0004161,0.00016376,0.00090243,0.00087784,0.00032475,0.00017568,0.00041916,0.00070667,0.00067274,-3.3111e-05,0.00053861,0.00018042,0.0016854,0.00013309,0.00065898,0.00049386,0.00024008,0.00015095,0.0002302,0.0016858,0.00018994,0.0010433,0.00086634,0.00073757
5.2994e-05,0.00021843,0.0002221,0.00031637,0.00013354,0.00027512,-7.4928e-05,9.5546e-05,0.00029139,-0.00013777,2.0519e-05,0.00034426,0.00017292,0.00024518,6.3573e-05,0.00017463,0.00045609,-0.00010735,0.00014411,0.0001114,-0.00016982,7.608e-05,-4.0292e-05,0.00044077,0.00025259,0.00021082,-2.6918e-06,0.0004343,0.00037816,1.356e-05,0.00026201,0.00016169,0.00033498,0.00059225,-8.4675e-05,0.00043881,1.3634e-06,0.00023068,0.00024055,0.0005337,0.00042449,0.00016234,0.00048894,0.00033791,0.0002807,0.00013463,6.3064e-05,0.0003949,0.00026036,0.00037434,8.9624e-05,3.5303e-05,0.00045196,-2.6599e-06,-1.2072e-05,2.3979e-05,0.00031297,0.00029269,0.00025833,-0.00010027,0.00021838,8.9568e-05,0.00014631,5.1117e-05,4.303e-05,0.0001116,3.7055e-05,0.00017416,0.00013152,0.00020517,0.00014263,0.00013626,2.3333e-05,0.00019696,-5.5374e-05,0.00029001,-0.0001243,8.522e-06,-9.2851e-05,-2.0761e-05,0.0003351,0.00020291,0.00048262,0.00017881,0.00042869
3.3672e-05,0.0002698,0.00034054,0.00063582,0.00036902,0.0014754,-7.006e-05,6.3781e-05,0.0012088,-0.00011205,0.00013777,0.0018232,0.00095069,0.00025806,0.00025354,0.00031489,0.00095735,0.00012097,0.00027389,-6.9563e-05,-0.00026261,0.00010942,0.00017884,0.00045313,0.00041707,0.00021745,3.7894e-05,0.0019303,0.0004724,0.00077044,0.00098454,0.0007735,0.00093233,0.00055689,-4.0748e-05,0.0016416,0.00041333,0.00086752,0.0014336,0.00042449,0.0019622,0.0018059,0.00077406,0.00043195,0.00013422,-6.234e-05,0.00018242,0.00031729,0.00099138,0.0010724,0.00040264,9.5779e-05,0.0010998,-2.5363e-05,-8.3722e-05,0.00052772,0.00055148,0.0013333,0.00048066,0.0001777,0.00028489,0.00041324,0.00031547,0.00037805,0.00036486,0.0006958,-4.3495e-05,0.00051949,0.00085329,0.00050278,-3.6435e-05,0.00030225,0.00010344,0.0012136,6.1142e-05,0.00075784,0.00012713,8.5525e-05,3.7623e-05,6.5338e-05,0.00063455,0.0001733,0.0012218,0.00086735,0.00071082
6.5608e-05,0.00012268,0.00032725,0.0004708,0.00042307,0.0013972,-1.8527e-05,5.432e-05,0.00099664,9.3185e-05,0.00017645,0.0017397,0.00096878,5.7635e-05,0.0003397,0.00026902,0.00090981,7.4368e-05,0.00032293,5.04e-06,-0.00016916,0.00016014,0.00036473,0.00024859,0.00043385,2.2762e-05,1.4917e-05,0.0017777,0.00030845,0.00089271,0.00081876,0.00087979,0.00082496,0.00086974,0.00013584,0.0017284,0.00059323,0.00094161,0.0016621,0.00016234,0.0018059,0.0024695,0.00032992,0.00041625,5.2386e-05,-0.00016275,5.7578e-05,-1.2281e-05,0.00095642,0.0011076,0.0004503,0.00011956,0.00066846,-3.4179e-06,-5.9754e-05,0.00054076,0.00019534,0.0013433,0.00025999,2.2526e-05,9.5854e-05,0.00044857,0.00034461,0.00060652,0.00059128,0.00051778,-6.3164e-05,0.00052482,0.00072884,0.00054528,-3.5859e-05,0.00022966,2.4278e-05,0.001257,0.00022955,0.00088573,0.00024389,1.7006e-05,0.00048383,0.00011394,0.0004467,-0.00012632,0.0013086,0.0006667,0.00045522
