5.2779e-05,3.0575e-06,4.5048e-06,1.7009e-05,-9.5377e-07,-3.1981e-06,4.9878e-05,9.2118e-06,2.6904e-05,2.0195e-05,2.6989e-05,9.1283e-06,2.412e-05,4.697e-06,1.3179e-05,-4.9444e-06,2.5173e-05,1.5077e-05,5.4953e-05,3.3772e-05,-1.2318e-05,1.1617e-06,2.805e-05,3.5541e-05,1.293e-05,6.5796e-07,4.2081e-05,-1.0631e-06,-2.1288e-05,-8.2844e-06,-1.0057e-05,6.9372e-05,2.7379e-05,2.3403e-05,2.4299e-05,-3.14e-06,-2.0633e-05,2.1248e-05,4.2117e-05,-2.7005e-06,9.5517e-06,3.5255e-05,3.6929e-05,3.0107e-05,-9.2468e-06,3.1782e-05,6.7022e-06,-3.1216e-06,4.4799e-06,-1.9134e-05,-1.2059e-05,2.1353e-05,-4.6883e-05,1.0221e-05,1.1458e-05,-2.1193e-07,1.9962e-05,2.785e-05,-8.8129e-06,-2.7306e-06,5.4124e-07,1.5724e-05,5.2268e-05,5.8306e-05,5.9049e-05,2.9759e-05,1.7132e-05,6.2941e-06,-1.2431e-05,-4.7027e-06,2.7814e-05,1.45e-05,1.1736e-06,1.3151e-05,1.5225e-05,1.5827e-05,2.4515e-06,2.7794e-05,1.8673e-05,-6.5967e-07,2.0729e-05,-5.3636e-06,2.7543e-05,1.5487e-05,1.3468e-05
3.0575e-06,0.00011455,-2.2753e-05,-7.5896e-06,1.0304e-05,4.9037e-05,1.4644e-05,-7.8691e-06,0.00011356,-2.0339e-05,-1.5744e-05,3.7879e-05,-5.3273e-06,1.2758e-05,-2.0977e-05,1.7355e-05,2.0898e-05,3.2686e-05,-7.4625e-05,1.4595e-05,-2.4538e-06,1.7279e-05,5.2589e-06,9.4074e-05,1.1448e-05,1.5861e-05,-7.5934e-06,3.5139e-05,-1.5136e-05,1.9923e-05,-6.4609e-07,-1.2711e-05,1.5148e-05,7.2394e-06,-1.4143e-05,5.1777e-05,4.3779e-06,1.6465e-05,-1.3679e-06,-2.6842e-05,1.9767e-05,0.00011289,3.9775e-05,2.4618e-05,3.8315e-05,-7.0714e-06,4.0721e-05,6.8392e-06,6.5323e-05,1.7698e-05,1.3772e-05,2.9684e-05,5.6129e-05,-1.3428e-05,-6.1131e-06,-9.5342e-06,4.6904e-05,7.6525e-06,9.6402e-06,-4.9616e-05,6.3046e-05,-3.4639e-06,2.0097e-06,6.8785e-05,6.878e-05,-1.0487e-06,1.1118e-05,1.5347e-05,7.5619e-05,-2.2126e-05,2.0647e-05,2.3062e-05,3.544e-06,7.4615e-05,-1.4449e-06,7.3877e-06,-2.5906e-05,-3.2745e-06,1.1256e-05,6.107e-06,-8.4087e-06,2.0571e-05,-9.1729e-07,-4.9782e-06,3.0349e-05
4.5048e-06,-2.2753e-05,0.00018426,0.00011485,7.5906e-05,-3.105e-05,3.1644e-05,2.9447e-05,0.00013099,4.9624e-05,8.405e-05,3.7547e-06,0.00012647,3.4283e-05,5.678e-05,6.5648e-05,5.7664e-06,-4.2987e-05,0.00013727,4.2755e-05,6.671e-05,5.031e-05,3.1116e-05,9.7173e-05,3.4991e-05,7.0011e-05,4.2769e-05,-1.5509e-05,8.2002e-05,9.1318e-05,3.3206e-05,-7.213e-06,1.8932e-05,4.886e-05,5.2547e-05,4.5127e-06,3.6428e-05,8.3111e-05,0.00015132,5.9398e-05,-6.9857e-06,-3.4346e-05,0.00011548,6.4017e-05,5.3533e-05,3.9137e-06,-5.9452e-06,6.5806e-05,8.7694e-05,-2.7474e-05,4.0643e-05,3.7309e-05,6.3968e-05,7.8698e-05,7.9742e-05,-5.0079e-06,-1.1711e-05,0.00013739,5.926e-05,0.00016239,-1.3448e-05,0.00010241,1.6011e-05,-1.4273e-05,-1.5944e-05,3.2616e-05,4.964e-05,-2.1094e-06,-1.094e-05,3.0381e-05,3.9572e-05,7.8464e-06,-1.8253e-05,9.8665e-05,-4.4222e-05,5.8026e-05,6.7946e-05,8.8178e-06,1.5971e-05,-1.8763e-05,0.00014201,5.1297e-05,9.7591e-05,1.9369e-05,5.5349e-05
1.7009e-05,-7.5896e-06,0.00011485,0.00050047,0.00013832,0.00014077,0.00015019,5.8414e-05,0.00035819,5.6567e-05,0.00011928,-1.4257e-05,0.00034251,-1.1263e-05,0.00015412,0.00013315,9.1086e-05,9.241e-05,0.00030188,6.1289e-05,0.0001904,4.5895e-05,5.1209e-05,0.00022665,6.722e-05,9.3029e-05,7.2653e-05,2.3614e-05,4.2663e-05,0.00014906,9.7234e-05,0.00014921,0.00011163,0.00010575,9.4132e-05,3.1404e-05,0.00013524,0.00025393,0.00054785,0.00012925,3.8242e-05,0.0002061,0.00028408,7.6772e-05,-1.7128e-06,5.0415e-05,9.6958e-05,8.1412e-05,0.00014435,8.5809e-05,-5.0914e-08,3.911e-05,0.0006094,0.00015162,0.00015143,-1.2991e-05,4.59e-05,0.00040786,0.00015486,0.00036409,4.1526e-05,0.00014983,8.4459e-05,7.9838e-05,7.5271e-05,0.00011605,6.842e-05,0.00010344,0.00012177,0.0002136,6.4309e-05,7.71e-05,3.4874e-05,0.0003322,6.8206e-05,0.00022137,0.0003116,1.471e-05,7.182e-05,3.6848e-06,0.00048719,7.3206e-05,0.00020547,4.5945e-05,1.9206e-05
-9.5377e-07,1.0304e-05,7.5906e-05,0.00013832,8.5351e-05,3.5035e-05,5.4574e-05,8.7798e-06,0.00017537,5.4579e-06,7.7365e-05,3.8261e-05,0.00011521,2.4308e-05,7.4121e-05,5.9784e-05,4.5537e-05,3.0578e-05,0.00011248,1.4279e-05,0.00010109,4.1293e-05,1.6163e-05,0.0001128,2.8862e-05,5.9753e-05,3.1465e-05,7.0808e-06,7.7393e-05,6.3993e-05,4.336e-05,6.5813e-05,5.7734e-05,4.8329e-05,5.7534e-06,2.632e-05,3.9108e-05,8.9287e-05,0.00017088,6.8787e-05,3.4436e-05,6.8161e-05,0.00012382,7.6056e-05,8.1539e-05,2.6338e-05,2.6688e-05,4.9145e-05,8.0524e-05,2.1321e-05,3.4743e-05,1.9994e-05,0.0001985,7.745e-05,8.1476e-05,-1.7097e-06,-1.927e-06,0.00012465,4.8513e-05,0.00013122,1.2264e-06,5.0398e-05,1.1536e-05,1.9315e-05,1.7755e-05,3.9476e-05,4.654e-05,3.3835e-05,3.7186e-05,7.0876e-05,3.6855e-05,2.038e-05,6.7377e-06,0.00010955,-4.1887e-06,9.9799e-05,0.00010676,-3.3279e-06,8.2899e-06,-8.3138e-06,0.00014456,2.4681e-05,8.8251e-05,2.5121e-05,2.1124e-05
-3.1981e-06,4.9037e-05,-3.105e-05,0.00014077,3.5035e-05,0.00021827,-1.4844e-05,3.1496e-05,0.0003062,7.2541e-06,5.2606e-06,3.4506e-05,9.9476e-05,-3.8964e-05,4.5772e-05,7.1921e-05,6.5895e-05,9.195e-05,-5.6683e-05,-2.5378e-05,8.1745e-05,-1.4637e-05,-1.0251e-05,9.779e-05,1.167e-05,8.4524e-06,-3.5903e-05,6.7108e-05,-5.4922e-05,7.4841e-05,4.4076e-05,0.00010995,4.1054e-05,6.939e-05,2.6811e-05,5.7339e-05,3.5774e-05,0.00011025,0.00015943,-2.5385e-05,4.3355e-05,0.00020061,0.0001449,5.0502e-05,-8.0576e-05,1.79e-05,4.8609e-05,1.0241e-05,7.925e-05,9.2303e-05,-4.3854e-06,-1.7826e-06,0.0003206,2.6339e-05,2.0261e-05,9.5285e-06,1.6754e-05,0.00017454,6.4982e-05,0.00012577,9.8032e-05,2.0922e-05,5.4109e-06,4.3289e-06,4.0611e-06,-5.0427e-06,9.9734e-06,3.5653e-05,0.00015516,8.5986e-06,2.8276e-06,6.4441e-05,5.4359e-05,0.00014069,5.1436e-05,7.9505e-05,0.00010575,-1.3932e-05,2.0407e-05,6.4811e-06,0.00016282,1.2129e-05,0.00010518,1.5465e-05,3.2886e-05
4.9878e-05,1.4644e-05,3.1644e-05,0.00015019,5.4574e-05,-1.4844e-05,0.00023295,-2.1722e-07,3.3727e-05,2.8518e-05,0.00010474,3.764e-05,8.4985e-05,2.6661e-05,7.5106e-05,1.7085e-05,5.8986e-05,7.7455e-05,0.00014989,3.9997e-05,7.5215e-05,5.6634e-05,5.5686e-05,0.0001666,9.0487e-05,5.1777e-05,0.00012016,3.1682e-05,1.7622e-05,1.2659e-05,9.0939e-05,2.7234e-05,0.00011322,2.9926e-05,6.032e-05,-3.0566e-06,1.4203e-05,0.00011683,0.00010632,8.5212e-05,5.2387e-05,7.7918e-05,1.4053e-05,7.8121e-05,7.0664e-05,6.1225e-05,6.9855e-05,7.3307e-06,7.9806e-06,-9.2346e-06,2.2421e-05,3.7214e-05,0.00012488,0.00010286,0.00011787,3.0258e-05,8.4478e-05,8.3257e-05,-2.3961e-05,6.0496e-05,-2.5533e-05,-3.024e-06,7.4075e-05,4.6222e-05,4.4027e-05,8.7768e-05,8.2131e-05,7.786e-05,-2.0995e-05,8.666e-05,5.2167e-05,5.9712e-05,9.3306e-06,9.6295e-05,6.8186e-05,8.2217e-05,8.845e-05,2.1564e-05,4.2798e-05,4.5422e-05,0.00011219,5.3713e-05,9.2175e-05,2.5033e-05,2.1786e-05
9.2118e-06,-7.8691e-06,2.9447e-05,5.8414e-05,8.7798e-06,3.1496e-05,-2.1722e-07,5.3389e-05,8.2545e-05,2.2558e-05,1.502e-05,-3.2132e-05,5.3702e-05,-2.3519e-05,2.8912e-05,5.3864e-05,-4.8007e-06,-5.4522e-06,2.8854e-05,2.7553e-05,1.0574e-05,-3.8688e-06,-8.0352e-06,6.3588e-05,-6.5802e-06,1.1108e-05,-2.1557e-06,-1.4833e-05,-4.0258e-05,2.7128e-05,2.8604e-05,2.5865e-05,-1.1699e-05,1.6707e-05,1.0679e-05,5.4701e-07,3.8577e-06,5.0676e-05,6.5813e-05,-3.1159e-06,-2.2131e-05,-1.4745e-05,6.6282e-05,1.4965e-05,-7.2507e-05,-4.8154e-06,-4.4243e-06,-1.5303e-06,3.8435e-05,-1.04e-05,-2.3273e-05,-3.54e-06,0.00017816,2.5456e-05,2.61e-05,-3.1549e-06,-2.3402e-06,9.3782e-05,2.5951e-05,6.5055e-05,3.2547e-05,1.0723e-05,-5.4659e-06,1.8813e-05,1.9224e-05,1.3342e-05,9.3399e-06,2.9098e-05,1.1999e-05,-8.3001e-06,-4.3535e-06,1.1098e-05,1.1682e-05,3.4816e-05,-4.231e-06,1.6581e-05,2.3028e-05,-1.6705e-05,-2.7802e-06,-2.3573e-05,6.229e-05,1.3873e-05,3.8474e-05,-1.7522e-05,5.1201e-07
2.6904e-05,0.00011356,0.00013099,0.00035819,0.00017537,0.0003062,3.3727e-05,8.2545e-05,0.00090372,9.2104e-06,0.00017852,0.00013772,0.00033652,2.8321e-05,0.00018417,0.00016854,7.7665e-05,8.844e-05,0.00014529,4.5617e-05,0.00020775,1.3522e-05,-3.0737e-06,0.00048552,2.4929e-05,0.00012299,-4.1065e-05,5.2144e-05,3.8916e-05,0.00026472,0.0001104,0.00030016,0.00012016,0.00021632,1.6364e-06,0.00012311,6.2094e-05,0.00027776,0.00063156,6.6514e-05,9.9118e-05,0.00047838,0.00057464,0.00021329,-2.7066e-05,6.5269e-05,4.7759e-05,5.9018e-05,0.00030642,0.00010662,-1.4472e-05,2.0864e-05,0.00084118,0.00016044,0.00015801,-6.8353e-05,4.588e-06,0.00048989,0.00019742,0.00038591,0.00021552,0.00011191,7.934e-05,8.2832e-05,8.0566e-05,8.5357e-05,9.9781e-05,9.3282e-05,0.00028123,9.6206e-06,5.8982e-05,5.0667e-05,5.0829e-05,0.00041724,1.1756e-06,0.0002566,0.00029454,-7.1105e-05,-1.189e-05,-5.3196e-05,0.00049977,5.5014e-06,0.00036251,7.0714e-05,7.9039e-05
2.0195e-05,-2.0339e-05,4.9624e-05,5.6567e-05,5.4579e-06,7.2541e-06,2.8518e-05,2.2558e-05,9.2104e-06,6.5269e-05,2.7202e-05,-4.4092e-06,5.199e-05,-6.1971e-06,1.9317e-05,2.9539e-05,-1.5225e-05,-7.5366e-06,4.9493e-05,1.3477e-05,4.014e-06,-5.2259e-06,2.1191e-05,-3.7e-05,3.9657e-05,1.76e-05,3.3843e-05,1.4432e-05,3.2759e-05,1.0033e-05,1.5905e-06,2.295e-06,1.5306e-05,1.0794e-05,6.6025e-05,1.8523e-05,1.2426e-05,5.3161e-05,3.0713e-05,2.6042e-05,8.6253e-06,-3.0083e-05,2.8338e-05,5.1398e-06,1.0661e-05,2.7444e-05,1.2358e-06,2.3981e-05,-1.0137e-05,-2.715e-05,1.2257e-05,4.4339e-05,5.8142e-05,2.6762e-05,2.6428e-05,8.1236e-06,2.5742e-05,5.8067e-05,3.1716e-06,5.3447e-05,-1.4454e-05,5.2149e-05,3.8359e-05,2.0581e-05,2.1742e-05,3.3258e-05,2.1439e-05,1.544e-05,-2.0351e-05,3.5135e-05,2.5722e-06,3.2513e-05,8.4973e-06,4.4783e-05,-1.4737e-05,6.4625e-06,3.1966e-05,3.9495e-05,2.4234e-05,-1.5745e-05,4.3142e-05,2.808e-05,2.049e-05,6.0194e-07,2.4113e-05
2.6989e-05,-1.5744e-05,8.405e-05,0.00011928,7.7365e-05,5.2606e-06,0.00010474,1.502e-05,0.00017852,2.7202e-05,0.00020251,5.7618e-05,0.00011675,4.3774e-05,0.00013092,7.9819e-05,1.0753e-05,1.7688e-05,0.00021483,2.8536e-06,9.7095e-05,2.2093e-05,1.2456e-05,0.0001975,5.293e-05,9.6204e-05,8.32e-05,-4.4506e-06,0.00013304,9.1666e-05,1.0589e-05,-1.752e-06,7.2878e-05,7.8942e-05,2.2803e-05,2.4736e-05,3.7774e-05,0.00014336,0.00016015,0.00013721,7.3516e-05,5.3803e-05,0.00014599,5.5266e-05,0.00012151,9.5577e-05,1.8079e-05,6.8121e-05,7.1571e-05,-1.4902e-05,3.9981e-05,3.1093e-05,0.00020683,0.00012138,0.0001296,-1.1962e-05,2.4588e-06,0.00014187,2.2374e-05,0.00013045,-1.2619e-05,1.7901e-05,7.0691e-05,4.0686e-05,3.9363e-05,7.8914e-05,7.8006e-05,1.8945e-05,-1.5009e-05,8.7102e-05,5.912e-05,4.3364e-05,-3.4849e-06,0.00010768,-1.4826e-05,9.6726e-05,0.00013252,3.5376e-05,1.2409e-05,-3.9318e-05,0.00014784,2.4451e-05,0.00016152,7.4465e-06,2.6685e-06
9.1283e-06,3.7879e-05,3.7547e-06,-1.4257e-05,3.8261e-05,3.4506e-05,3.764e-05,-3.2132e-05,0.00013772,-4.4092e-06,5.7618e-05,0.0002395,-9.8126e-07,5.6094e-05,5.4134e-05,-4.9336e-05,-2.1308e-05,1.697e-05,-4.3862e-05,-3.738e-05,-9.9102e-06,2.3824e-05,-1.837e-05,-2.7124e-06,2.707e-05,1.5319e-05,-6.6743e-06,9.6888e-05,8.3204e-05,-2.384e-06,-4.1573e-05,-8.7413e-06,5.5859e-05,5.6172e-05,3.145e-05,7.7039e-05,-1.3186e-05,1.7295e-05,4.4614e-05,3.6158e-05,0.0001594,0.00013514,1.1568e-05,1.625e-05,0.00016732,8.0199e-05,3.0096e-05,-1.5557e-06,-9.0254e-06,-9.7656e-06,2.6269e-05,5.1915e-05,1.9609e-05,3.5459e-05,3.5483e-05,-4.8938e-05,2.0009e-05,2.2129e-06,-3.4823e-05,7.1453e-06,-7.5185e-06,-3.9563e-05,3.6727e-05,-2.8563e-05,-3.0529e-05,-1.9332e-05,3.4308e-05,2.4573e-05,8.7591e-05,-3.0869e-05,4.5059e-05,7.1136e-06,2.3308e-05,9.5845e-05,-3.0286e-06,4.2688e-05,-2.7566e-05,3.7786e-05,-2.6329e-05,-1.7866e-05,-2.2725e-05,3.2723e-05,-7.5096e-05,-4.2664e-05,2.0802e-05
2.412e-05,-5.3273e-06,0.00012647,0.00034251,0.00011521,9.9476e-05,8.4985e-05,5.3702e-05,0.00033652,5.199e-05,0.00011675,-9.8126e-07,0.00029842,2.0595e-05,0.00012551,0.00012074,6.4309e-05,5.4327e-05,0.00027516,6.0128e-05,0.00015917,3.8564e-05,3.503e-05,0.00019386,6.1116e-05,9.194e-05,4.4241e-05,9.6583e-07,8.9764e-05,0.00015994,9.9423e-05,0.00013338,9.1906e-05,0.00010315,4.5032e-05,3.5315e-05,9.3472e-05,0.00019751,0.00045479,0.00011045,5.7435e-06,0.00013221,0.00027689,7.2835e-05,4.155e-05,3.4748e-05,7.8741e-05,8.5157e-05,0.00015419,5.3275e-05,-4.7481e-06,4.0841e-05,0.00050416,0.00013919,0.0001387,-5.7157e-06,3.0713e-05,0.00033873,0.00013982,0.0002991,2.3473e-05,0.00012121,5.5126e-05,8.584e-05,8.519e-05,0.00010157,6.8488e-05,4.6346e-05,0.00010382,0.00015918,4.4295e-05,4.8054e-05,3.9557e-05,0.0002855,2.6414e-05,0.00017592,0.00024122,2.1224e-05,5.0376e-05,-1.3214e-05,0.00039014,5.7145e-05,0.00016688,4.9067e-05,5.2726e-05
4.697e-06,1.2758e-05,3.4283e-05,-1.1263e-05,2.4308e-05,-3.8964e-05,2.6661e-05,-2.3519e-05,2.8321e-05,-6.1971e-06,4.3774e-05,5.6094e-05,2.0595e-05,0.00011642,1.5346e-05,-1.737e-05,1.5304e-05,2.3078e-06,7.8335e-05,2.494e-05,2.5673e-05,1.3598e-05,1.2543e-05,-1.3224e-05,3.0234e-05,3.7627e-05,-7.1927e-06,2.2014e-05,0.0001082,1.7312e-05,2.5913e-05,-1.0377e-05,4.0708e-05,1.5861e-05,-9.0223e-06,2.6321e-05,3.0168e-06,4.2473e-05,4.4811e-05,4.4334e-05,4.7263e-05,8.1276e-06,-2.4368e-05,2.7976e-05,7.3814e-05,2.6354e-05,1.2502e-05,2.7001e-05,-1.248e-05,-2.9734e-05,1.5044e-05,2.5252e-05,-4.355e-05,1.9666e-05,2.2164e-05,-2.9404e-06,5.2459e-05,-2.2783e-06,1.3163e-05,1.2676e-05,-1.0066e-05,6.7774e-06,2.5662e-05,2.3213e-05,2.2695e-05,9.8126e-06,2.7739e-05,4.034e-07,-2.1134e-05,2.6656e-05,-1.0947e-06,-8.0004e-06,-4.2171e-07,1.45e-05,-7.2474e-06,3.4378e-05,3.9344e-05,1.55e-05,1.2988e-05,4.3e-06,4.7414e-06,1.3299e-05,8.5412e-07,1.4917e-05,5.0797e-05
1.3179e-05,-2.0977e-05,5.678e-05,0.00015412,7.4121e-05,4.5772e-05,7.5106e-05,2.8912e-05,0.00018417,1.9317e-05,0.00013092,5.4134e-05,0.00012551,1.5346e-05,0.00012363,5.7587e-05,2.9629e-05,3.7007e-05,0.00015302,1.3695e-05,9.2413e-05,2.1848e-05,2.3124e-06,0.0001501,3.002e-05,6.5887e-05,5.1255e-05,7.5006e-06,8.1314e-05,7.2707e-05,4.6684e-05,5.6138e-05,5.6403e-05,8.0995e-05,1.2011e-05,2.7786e-05,5.09e-05,0.000127,0.00018613,0.00010787,5.619e-05,6e-05,0.00013702,7.1433e-05,7.9803e-05,6.3527e-05,3.5036e-05,5.5795e-05,6.5705e-05,3.9591e-06,1.688e-05,2.1241e-05,0.00029432,0.00011384,0.00011755,-1.0498e-05,-2.8055e-08,0.00016294,3.4558e-05,0.00015287,-6.5991e-06,1.7304e-05,3.7713e-05,1.4313e-05,1.2729e-05,5.7598e-05,6.9563e-05,4.4733e-05,1.9561e-05,8.7627e-05,4.3423e-05,3.1975e-05,1.9855e-05,0.00011794,2.3329e-05,0.00010019,0.00013742,1.3064e-05,6.2441e-06,-1.7391e-05,0.00016746,3.074e-05,8.636e-05,-7.6597e-06,-4.4289e-07
-4.9444e-06,1.7355e-05,6.5648e-05,0.00013315,5.9784e-05,7.1921e-05,1.7085e-05,5.3864e-05,0.00016854,2.9539e-05,7.9819e-05,-4.9336e-05,0.00012074,-1.737e-05,5.7587e-05,0.00018023,1.1426e-05,2.4464e-05,9.6081e-05,1.3656e-05,9.6281e-05,1.5587e-05,-1.4241e-06,0.00015508,7.3189e-06,7.257e-05,3.5362e-05,-4.2688e-06,7.9292e-05,7.7052e-05,4.2803e-05,-1.6866e-06,2.3702e-05,1.6223e-05,1.2014e-05,2.9061e-05,3.0838e-05,0.00012737,0.00013148,5.724e-05,-1.111e-06,-1.0866e-05,0.00013868,-1.1118e-06,8.3145e-07,2.5808e-05,2.1607e-05,5.8904e-05,9.2162e-05,4.9526e-05,1.8246e-05,5.3642e-06,0.00031505,5.3476e-05,6.2061e-05,2.1366e-05,-1.1706e-05,0.00015822,7.4296e-05,0.00012737,4.2978e-05,5.3181e-05,-9.9329e-06,4.344e-05,4.2944e-05,2.68e-05,2.9869e-05,2.2443e-05,4.633e-05,3.9377e-05,1.421e-05,6.7884e-05,2.3497e-05,8.0192e-05,-2.1738e-05,6.2106e-05,7.7922e-05,-5.6111e-06,1.8269e-05,-3.6939e-05,0.0001416,4.9234e-05,0.0001296,1.659e-05,-3.0278e-06
2.5173e-05,2.0898e-05,5.7664e-06,9.1086e-05,4.5537e-05,6.5895e-05,5.8986e-05,-4.8007e-06,7.7665e-05,-1.5225e-05,1.0753e-05,-2.1308e-05,6.4309e-05,1.5304e-05,2.9629e-05,1.1426e-05,0.00017474,8.7365e-05,4.0188e-05,1.9674e-05,8.0374e-05,1.8157e-05,3.5844e-05,6.1203e-05,2.3136e-05,2.6109e-05,5.0075e-05,9.9449e-06,-4.6919e-05,2.883e-05,9.3787e-05,0.00012053,7.9816e-05,5.2699e-05,2.1175e-05,4.7966e-06,2.6497e-05,7.4189e-05,6.077e-05,-3.5221e-05,-2.383e-05,8.4336e-05,-1.3946e-05,0.00011137,-1.507e-05,-4.9662e-06,6.6309e-05,3.6547e-05,5.1481e-05,5.0956e-05,7.6217e-06,4.5326e-06,-2.8214e-05,4.66e-05,4.693e-05,3.1012e-05,4.5356e-05,5.4466e-05,1.7479e-05,4.158e-05,2.1273e-05,2.4994e-05,1.8448e-05,4.8749e-05,4.7368e-05,1.7271e-05,5.9972e-06,6.5428e-06,6.761e-06,5.7391e-05,3.6097e-05,2.3525e-05,1.1095e-05,5.1215e-05,7.2775e-05,0.00011254,5.5657e-05,7.6446e-06,4.9368e-05,6.7587e-05,9.3683e-05,1.2356e-06,5.6251e-05,3.7161e-05,5.1893e-05
1.5077e-05,3.2686e-05,-4.2987e-05,9.241e-05,3.0578e-05,9.195e-05,7.7455e-05,-5.4522e-06,8.844e-05,-7.5366e-06,1.7688e-05,1.697e-05,5.4327e-05,2.3078e-06,3.7007e-05,2.4464e-05,8.7365e-05,0.00010757,2.3702e-05,1.0387e-05,7.0879e-05,2.0984e-05,1.9138e-05,8.0271e-05,2.7959e-05,1.4053e-05,3.3354e-05,4.1068e-05,1.8202e-05,2.408e-05,8.0371e-05,9.3564e-05,6.6069e-05,3.0402e-05,-2.6193e-06,2.1073e-05,3.048e-05,8.0156e-05,6.3627e-05,2.577e-05,2.8456e-05,0.0001033,1.4704e-05,5.4427e-05,2.5456e-05,2.2839e-05,7.7185e-05,2.2596e-05,1.9891e-05,5.9591e-05,1.1661e-05,3.4897e-06,0.00014116,4.3973e-05,4.8918e-05,4.6033e-05,4.2007e-05,5.9943e-05,1.1958e-05,4.2472e-05,8.4466e-06,-1.1032e-06,1.2781e-05,1.9777e-05,1.965e-05,2.4999e-05,4.0011e-05,4.1699e-05,5.206e-05,6.826e-05,2.0175e-05,5.793e-05,4.1529e-05,6.3001e-05,8.6899e-05,5.9014e-05,6.471e-05,6.9719e-06,3.4941e-05,5.6634e-05,8.7001e-05,2.6115e-05,3.5624e-05,3.3357e-05,2.4055e-05
5.4953e-05,-7.4625e-05,0.00013727,0.00030188,0.00011248,-5.6683e-05,0.00014989,2.8854e-05,0.00014529,4.9493e-05,0.00021483,-4.3862e-05,0.00027516,7.8335e-05,0.00015302,9.6081e-05,4.0188e-05,2.3702e-05,0.00050191,7.8382e-05,0.00016828,4.4167e-05,5.8057e-05,0.00015293,6.9687e-05,0.0001155,0.00010271,-7.9625e-05,0.00019189,0.00012293,2.9547e-05,0.00012363,0.00010893,7.6315e-05,-2.9601e-06,-2.7885e-05,8.7941e-05,0.00018199,0.00041704,0.00019675,7.76e-06,2.0305e-05,0.00022734,3.5404e-05,0.00011364,8.2684e-05,3.407e-05,9.7985e-05,9.6704e-05,-2.8209e-05,1.1084e-05,3.5418e-05,0.00031473,0.00015175,0.00015724,5.8448e-06,-4.3098e-06,0.00025838,0.00010128,0.00025301,-8.2983e-05,0.00011822,9.0049e-05,0.00014304,0.00014446,0.00016324,0.00010325,4.653e-05,-5.6218e-05,0.00026522,5.8167e-05,3.5101e-05,1.1143e-06,0.0001918,-1.6081e-05,0.00017455,0.00025175,5.5156e-05,4.9683e-05,-4.9742e-05,0.0003473,1.0512e-05,0.00022438,8.4132e-05,2.3415e-05
3.3772e-05,1.4595e-05,4.2755e-05,6.1289e-05,1.4279e-05,-2.5378e-05,3.9997e-05,2.7553e-05,4.5617e-05,1.3477e-05,2.8536e-06,-3.738e-05,6.0128e-05,2.494e-05,1.3695e-05,1.3656e-05,1.9674e-05,1.0387e-05,7.8382e-05,0.00010363,2.9356e-06,3.0603e-05,2.9756e-05,9.05e-05,-3.5006e-06,2.8408e-05,4.8488e-05,-1.7812e-05,3.3972e-05,2.6288e-05,5.8394e-05,8.3764e-05,-1.8163e-07,1.6457e-05,-2.4803e-05,-3.2361e-06,2.6226e-05,4.4731e-05,0.00010249,3.1709e-05,-3.1492e-05,-8.2329e-06,4.9422e-05,5.8762e-05,-2.9272e-06,-1.514e-05,2.5671e-05,4.984e-05,4.522e-05,-1.1556e-05,-3.0751e-05,1.187e-05,8.9055e-05,3.0817e-05,3.5625e-05,1.7e-06,2.3144e-05,6.7494e-05,4.522e-05,4.69e-05,1.608e-05,3.9727e-05,2.0702e-05,4.4435e-05,4.4315e-05,4.0485e-05,6.0561e-05,3.3002e-05,-1.6182e-05,1.8123e-05,2.8442e-05,1.3894e-05,1.3208e-05,2.9459e-05,4.692e-05,7.6692e-06,1.6819e-05,-8.9432e-06,2.8212e-05,3.8355e-05,8.1096e-05,3.5682e-05,-2.4471e-06,2.3722e-05,1.3527e-05
-1.2318e-05,-2.4538e-06,6.671e-05,0.0001904,0.00010109,8.1745e-05,7.5215e-05,1.0574e-05,0.00020775,4.014e-06,9.7095e-05,-9.9102e-06,0.00015917,2.5673e-05,9.2413e-05,9.6281e-05,8.0374e-05,7.0879e-05,0.00016828,2.9356e-06,0.00019787,5.2543e-05,2.4938e-05,0.00012546,6.0607e-05,8.797e-05,4.342e-05,7.2552e-06,8.1972e-05,9.1503e-05,8.065e-05,7.6063e-05,9.1749e-05,6.4244e-05,-2.9304e-05,1.2937e-05,7.5966e-05,0.00012511,0.00022532,9.2433e-05,1.8419e-05,7.5038e-05,0.00015942,9.2986e-05,5.6546e-05,2.0228e-05,4.2067e-05,8.1737e-05,0.00011055,5.0719e-05,3.4918e-05,6.2481e-06,0.00031196,9.9475e-05,0.00010182,2.8021e-05,-9.1082e-06,0.00018311,9.0262e-05,0.00018736,-9.4983e-07,4.1816e-05,-1.7313e-05,1.8209e-05,1.7777e-05,5.9791e-05,9.4171e-05,3.9453e-05,4.4158e-05,0.00014288,2.3096e-05,5.8574e-05,3.6562e-05,0.00013937,2.167e-05,0.00013866,0.000204,-1.8236e-05,3.346e-05,3.0322e-06,0.0002275,2.4047e-05,0.00017881,6.4824e-05,4.152e-05
1.1617e-06,1.7279e-05,5.031e-05,4.5895e-05,4.1293e-05,-1.4637e-05,5.6634e-05,-3.8688e-06,1.3522e-05,-5.2259e-06,2.2093e-05,2.3824e-05,3.8564e-05,1.3598e-05,2.1848e-05,1.5587e-05,1.8157e-05,2.0984e-05,4.4167e-05,3.0603e-05,5.2543e-05,8.6335e-05,2.2061e-05,4.7684e-05,4.1601e-05,2.9135e-05,4.8846e-05,1.5232e-05,2.8808e-05,2.7375e-05,3.745e-06,-1.2343e-05,1.1312e-05,-7.0324e-06,-1.2682e-05,-7.9287e-06,3.4848e-05,1.8512e-05,2.9705e-05,4.5181e-05,1.9167e-05,-1.4752e-05,-6.3953e-07,4.7936e-05,6.8095e-05,-1.479e-05,2.631e-05,4.8498e-05,6.0208e-05,2.8134e-06,3.3343e-05,6.972e-06,2.7463e-06,3.577e-05,4.023e-05,1.371e-05,-6.5571e-07,3.4311e-05,2.4533e-05,5.3259e-05,-1.9731e-05,-4.0453e-06,-2.9785e-05,-9.5755e-06,-1.0214e-05,1.4625e-05,5.331e-05,1.2916e-05,3.0641e-05,3.3981e-05,5.2819e-05,3.3529e-05,1.1626e-05,2.7832e-05,2.1506e-05,8.8354e-06,1.7594e-05,4.692e-06,3.0374e-05,2.211e-05,2.4136e-05,5.5816e-05,1.1937e-05,5.7938e-06,1.5976e-05
2.805e-05,5.2589e-06,3.1116e-05,5.1209e-05,1.6163e-05,-1.0251e-05,5.5686e-05,-8.0352e-06,-3.0737e-06,2.1191e-05,1.2456e-05,-1.837e-05,3.503e-05,1.2543e-05,2.3124e-06,-1.4241e-06,3.5844e-05,1.9138e-05,5.8057e-05,2.9756e-05,2.4938e-05,2.2061e-05,4.5959e-05,1.5858e-05,3.1269e-05,1.0091e-05,4.5475e-05,5.3079e-06,3.347e-06,-2.0443e-06,2.4144e-06,3.6504e-05,2.8235e-05,1.288e-05,2.9966e-05,-5.9953e-06,8.6129e-06,2.2656e-05,4.3081e-05,1.7658e-05,1.1676e-07,1.4665e-05,3.0393e-05,4.4229e-05,1.6169e-05,1.3613e-05,1.3036e-05,1.9478e-05,8.138e-06,-9.1651e-06,2.2656e-05,2.931e-05,-7.3471e-05,1.0512e-05,1.1884e-05,1.8041e-05,2.5965e-05,3.0294e-05,9.0616e-06,2.3226e-05,-1.7586e-05,4.9541e-05,3.606e-05,3.313e-05,3.2812e-05,2.7276e-05,2.5997e-05,2.9272e-08,-1.8481e-05,3.3185e-05,2.4367e-05,2.087e-05,-6.9558e-06,1.6324e-05,1.628e-05,1.6054e-05,5.1137e-05,2.4964e-05,3.6048e-05,1.539e-05,4.1394e-05,1.0499e-05,3.7522e-05,3.2431e-05,2.9596e-05
3.5541e-05,9.4074e-05,9.7173e-05,0.00022665,0.0001128,9.779e-05,0.0001666,6.3588e-05,0.00048552,-3.7e-05,0.0001975,-2.7124e-06,0.00019386,-1.3224e-05,0.0001501,0.00015508,6.1203e-05,8.0271e-05,0.00015293,9.05e-05,0.00012546,4.7684e-05,1.5858e-05,0.00072024,-2.4537e-05,0.00010853,8.5754e-05,-2.4265e-05,2.0803e-05,0.00020523,0.00020483,6.7029e-05,6.3184e-05,0.00016116,-3.9337e-05,1.2733e-05,3.4124e-05,0.0002002,0.00036739,0.00012138,-1.1058e-05,0.00023492,0.00038016,0.00014319,2.4291e-05,4.1862e-05,0.00010722,3.8094e-05,0.00023511,9.2013e-05,-9.7949e-06,-2.2134e-05,0.00054425,0.00017583,0.00019829,5.5884e-06,9.5789e-06,0.00031352,9.7287e-05,0.00019778,0.00011216,2.3882e-05,5.7834e-05,1.616e-05,9.4726e-06,7.0687e-05,0.00011954,3.4666e-05,0.00011973,-3.87e-05,8.4327e-05,3.9591e-05,4.1751e-06,0.00022277,0.00010682,0.00011182,0.00017232,-8.168e-05,-9.9317e-06,4.5335e-05,0.00035305,6.5197e-05,0.00024825,3.2772e-05,2.5884e-06
1.293e-05,1.1448e-05,3.4991e-05,6.722e-05,2.8862e-05,1.167e-05,9.0487e-05,-6.5802e-06,2.4929e-05,3.9657e-05,5.293e-05,2.707e-05,6.1116e-05,3.0234e-05,3.002e-05,7.3189e-06,2.3136e-05,2.7959e-05,6.9687e-05,-3.5006e-06,6.0607e-05,4.1601e-05,3.1269e-05,-2.4537e-05,0.00011123,3.9072e-05,5.0454e-05,3.7603e-05,2.0365e-05,3.0856e-05,1.4413e-05,-2.7447e-05,5.9212e-05,-1.4201e-06,5.675e-05,2.2451e-05,2.8993e-05,6.8425e-05,2.9304e-05,4.6441e-05,3.3674e-05,1.8243e-05,-6.29e-06,5.7113e-05,5.7445e-05,1.7336e-05,2.5523e-05,3.5638e-05,2.4734e-05,-2.0851e-05,3.7551e-05,4.3327e-05,6.3541e-05,5.3077e-05,5.5431e-05,1.1126e-05,7.3504e-05,5.2324e-05,1.767e-06,5.4607e-05,-7.2302e-06,-3.91e-06,2.8789e-05,4.3897e-05,4.525e-05,5.8257e-05,3.246e-05,1.5832e-05,9.3008e-06,7.5933e-05,2.1222e-05,4.3069e-05,1.1084e-05,7.4123e-05,-3.5399e-06,4.0134e-05,8.5807e-05,4.2776e-05,5.2008e-05,2.6199e-06,3.3501e-05,3.7464e-05,6.0808e-05,3.5837e-06,4.4406e-05
6.5796e-07,1.5861e-05,7.0011e-05,9.3029e-05,5.9753e-05,8.4524e-06,5.1777e-05,1.1108e-05,0.00012299,1.76e-05,9.6204e-05,1.5319e-05,9.194e-05,3.7627e-05,6.5887e-05,7.257e-05,2.6109e-05,1.4053e-05,0.0001155,2.8408e-05,8.797e-05,2.9135e-05,1.0091e-05,0.00010853,3.9072e-05,9.4966e-05,6.9739e-05,5.4273e-06,0.00011952,7.1273e-05,4.736e-05,-3.8763e-06,5.3587e-05,4.3789e-05,-1.121e-05,3.549e-05,5.9378e-05,9.9532e-05,0.00012096,8.0063e-05,1.9914e-05,2.0469e-05,7.5959e-05,4.9043e-05,9.7437e-05,2.5932e-05,3.2038e-05,9.7983e-05,8.0668e-05,1.4334e-05,8.6287e-06,2.8212e-05,0.00020211,7.9918e-05,8.605e-05,-1.5043e-05,1.1084e-05,9.7486e-05,5.3969e-05,9.1181e-05,1.6853e-05,2.2781e-05,1.7223e-05,3.6295e-05,3.5291e-05,5.3371e-05,7.9675e-05,2.293e-05,-1.5127e-06,7.6843e-05,3.7612e-05,4.2202e-05,1.7422e-05,0.00010379,2.5444e-06,8.0038e-05,7.3948e-05,5.789e-06,2.586e-05,6.3756e-06,0.00012603,4.3465e-05,7.9628e-05,1.7858e-05,1.2825e-05
4.2081e-05,-7.5934e-06,4.2769e-05,7.2653e-05,3.1465e-05,-3.5903e-05,0.00012016,-2.1557e-06,-4.1065e-05,3.3843e-05,8.32e-05,-6.6743e-06,4.4241e-05,-7.1927e-06,5.1255e-05,3.5362e-05,5.0075e-05,3.3354e-05,0.00010271,4.8488e-05,4.342e-05,4.8846e-05,4.5475e-05,8.5754e-05,5.0454e-05,6.9739e-05,0.00016171,8.5717e-06,7.5496e-05,1.0248e-05,2.7483e-05,8.0368e-06,5.3364e-05,2.1186e-05,2.7598e-05,8.8699e-07,4.6626e-05,6.7024e-05,2.2488e-05,7.7779e-05,1.3575e-05,-2.8492e-05,-1.2946e-05,6.1057e-05,0.00010598,3.896e-05,4.4672e-05,0.00010235,3.1903e-05,1.0382e-05,1.0546e-05,3.5158e-05,-4.5053e-06,7.2832e-05,8.161e-05,4.5393e-06,1.985e-05,2.9379e-05,2.8749e-06,2.8215e-05,-2.3533e-05,1.0274e-05,5.1835e-05,3.3763e-05,3.197e-05,6.5042e-05,8.6363e-05,1.3444e-05,-5.5087e-05,6.6799e-05,8.1017e-05,6.6932e-05,1.1939e-05,2.5258e-05,6.0954e-05,3.6541e-05,2.2556e-05,4.3574e-05,5.947e-05,5.4078e-05,5.9249e-05,5.9262e-05,3.0136e-05,1.7347e-05,-1.9691e-05
-1.0631e-06,3.5139e-05,-1.5509e-05,2.3614e-05,7.0808e-06,6.7108e-05,3.1682e-05,-1.4833e-05,5.2144e-05,1.4432e-05,-4.4506e-06,9.6888e-05,9.6583e-07,2.2014e-05,7.5006e-06,-4.2688e-06,9.9449e-06,4.1068e-05,-7.9625e-05,-1.7812e-05,7.2552e-06,1.5232e-05,5.3079e-06,-2.4265e-05,3.7603e-05,5.4273e-06,8.5717e-06,9.4808e-05,1.8247e-05,-8.4312e-06,5.0792e-06,-3.9654e-05,3.1449e-05,1.8563e-05,5.4182e-05,5.2961e-05,9.7649e-06,3.9191e-05,9.9329e-07,6.9402e-06,8.627e-05,6.6958e-05,-3.3706e-05,1.0052e-05,4.3331e-05,3.5087e-05,4.204e-05,1.3732e-05,-2.1021e-05,2.507e-05,1.9158e-05,3.6548e-05,1.7248e-05,3.6216e-06,3.0328e-06,-1.7629e-06,5.4865e-05,2.0395e-05,-3.0633e-06,1.2263e-05,2.1787e-05,-1.4379e-05,1.9279e-05,-2.9507e-05,-3.168e-05,-2.5631e-05,1.9248e-05,1.164e-05,6.9363e-05,-2.1172e-05,1.5928e-05,4.4903e-05,3.1727e-05,4.5582e-05,4.1431e-05,6.7969e-06,1.4984e-05,2.8077e-05,2.5827e-05,2.3455e-05,-5.3839e-06,5.3967e-05,-4.6262e-05,-2.2881e-05,2.6713e-05
-2.1288e-05,-1.5136e-05,8.2002e-05,4.2663e-05,7.7393e-05,-5.4922e-05,1.7622e-05,-4.0258e-05,3.8916e-05,3.2759e-05,0.00013304,8.3204e-05,8.9764e-05,0.0001082,8.1314e-05,7.9292e-05,-4.6919e-05,1.8202e-05,0.00019189,3.3972e-05,8.1972e-05,2.8808e-05,3.347e-06,2.0803e-05,2.0365e-05,0.00011952,7.5496e-05,1.8247e-05,0.00046799,7.6603e-05,6.3815e-05,1.3439e-05,5.5092e-05,2.1566e-05,-6.1959e-05,8.0397e-05,8.5354e-05,0.00010147,9.75e-05,0.00022831,7.8887e-05,-7.0895e-05,5.1401e-05,-1.1345e-05,0.00036029,8.1717e-05,5.9473e-05,0.00017651,8.6005e-08,2.6053e-05,6.0775e-05,5.8323e-05,0.00021913,0.00010258,0.00011563,2.5116e-05,-1.3402e-05,1.3027e-05,4.8482e-05,9.0742e-05,-9.8939e-05,8.1576e-05,2.7081e-05,-1.4183e-05,-1.3249e-05,6.5143e-05,0.00012554,1.2121e-05,-3.9903e-05,0.00016518,2.7533e-05,5.2442e-05,4.168e-05,6.9256e-05,-3.7164e-07,3.5558e-05,5.9587e-05,5.7023e-05,9.7463e-06,2.4532e-05,9.6749e-05,7.8571e-05,-4.0869e-05,5.9666e-05,1.0343e-07
-8.2844e-06,1.9923e-05,9.1318e-05,0.00014906,6.3993e-05,7.4841e-05,1.2659e-05,2.7128e-05,0.00026472,1.0033e-05,9.1666e-05,-2.384e-06,0.00015994,1.7312e-05,7.2707e-05,7.7052e-05,2.883e-05,2.408e-05,0.00012293,2.6288e-05,9.1503e-05,2.7375e-05,-2.0443e-06,0.00020523,3.0856e-05,7.1273e-05,1.0248e-05,-8.4312e-06,7.6603e-05,0.00016871,8.4093e-05,3.0007e-05,2.9685e-05,6.9787e-05,-3.2781e-06,2.2789e-05,7.3174e-05,0.00012437,0.00022699,6.3385e-05,-1.8452e-05,9.8992e-05,0.00015965,4.6149e-05,3.1054e-05,-9.9933e-06,5.366e-05,7.4566e-05,0.0001417,5.5367e-05,1.8262e-06,-3.3895e-06,0.00030824,9.726e-05,9.7571e-05,-1.1505e-06,5.2521e-06,0.00018892,9.4569e-05,0.00017692,4.7835e-05,4.6697e-05,1.0037e-05,6.7036e-06,6.5891e-06,5.0169e-05,4.3289e-05,-4.3514e-06,8.7352e-05,6.2414e-05,3.1073e-05,2.6667e-05,1.8725e-05,0.00017996,1.9128e-05,7.8772e-05,0.00010558,-7.8762e-06,2.3372e-05,1.7422e-05,0.00022826,4.2502e-05,0.00013576,2.9568e-05,4.0583e-05
-1.0057e-05,-6.4609e-07,3.3206e-05,9.7234e-05,4.336e-05,4.4076e-05,9.0939e-05,2.8604e-05,0.0001104,1.5905e-06,1.0589e-05,-4.1573e-05,9.9423e-05,2.5913e-05,4.6684e-05,4.2803e-05,9.3787e-05,8.0371e-05,2.9547e-05,5.8394e-05,8.065e-05,3.745e-06,2.4144e-06,0.00020483,1.4413e-05,4.736e-05,2.7483e-05,5.0792e-06,6.3815e-05,8.4093e-05,0.00031104,9.0018e-05,7.3491e-05,5.0901e-05,-1.5163e-05,1.3423e-05,2.3162e-05,0.00011622,0.0001112,3.893e-05,-7.6457e-05,1.3025e-05,1.1987e-05,0.00010564,9.2119e-06,-3.5147e-05,0.00010781,2.6304e-05,2.971e-05,6.838e-05,-3.6816e-05,-1.9753e-05,0.0003566,0.00012257,0.00013377,6.5224e-05,7.7779e-05,9.5403e-05,3.029e-05,9.8348e-05,1.9581e-05,4.7518e-07,-1.2221e-05,-5.2926e-05,-5.4337e-05,3.6817e-05,5.4938e-05,4.52e-05,4.1941e-06,3.0168e-05,-3.7566e-05,3.7695e-06,5.0468e-05,8.7145e-05,0.00012337,7.5639e-05,7.0583e-05,-6.287e-05,4.5415e-06,0.00012463,0.00016444,5.8729e-05,4.6693e-06,3.8821e-05,4.8584e-05
6.9372e-05,-1.2711e-05,-7.213e-06,0.00014921,6.5813e-05,0.00010995,2.7234e-05,2.5865e-05,0.00030016,2.295e-06,-1.752e-06,-8.7413e-06,0.00013338,-1.0377e-05,5.6138e-05,-1.6866e-06,0.00012053,9.3564e-05,0.00012363,8.3764e-05,7.6063e-05,-1.2343e-05,3.6504e-05,6.7029e-05,-2.7447e-05,-3.8763e-06,8.0368e-06,-3.9654e-05,1.3439e-05,3.0007e-05,9.0018e-05,0.0004806,8.3639e-05,5.9921e-05,-5.4146e-05,2.052e-06,-8.645e-06,7.0631e-05,0.00026748,-8.4137e-06,-1.5662e-05,0.00021351,0.000211,0.00017729,-6.1786e-05,1.1142e-05,-5.3307e-06,4.0374e-06,5.9731e-05,4.6766e-05,-4.6851e-05,-2.6144e-05,0.0002595,4.8433e-05,4.4315e-05,1.6638e-05,-3.1845e-05,0.00012511,5.4425e-05,0.00013195,3.9398e-05,9.6938e-05,5.757e-05,8.3595e-05,8.732e-05,8.9554e-05,4.0811e-05,0.00010087,2.6392e-05,6.6175e-05,1.3406e-05,-2.324e-06,3.3658e-05,6.8197e-05,5.0302e-05,0.00013642,8.9004e-05,-4.5439e-05,-8.3041e-06,3.6195e-05,0.00019924,-8.8553e-05,0.00013896,0.00013521,1.2837e-05
2.7379e-05,1.5148e-05,1.8932e-05,0.00011163,5.7734e-05,4.1054e-05,0.00011322,-1.1699e-05,0.00012016,1.5306e-05,7.2878e-05,5.5859e-05,9.1906e-05,4.0708e-05,5.6403e-05,2.3702e-05,7.9816e-05,6.6069e-05,0.00010893,-1.8163e-07,9.1749e-05,1.1312e-05,2.8235e-05,6.3184e-05,5.9212e-05,5.3587e-05,5.3364e-05,3.1449e-05,5.5092e-05,2.9685e-05,7.3491e-05,8.3639e-05,0.00011878,5.0802e-05,2.9002e-05,3.0178e-05,1.3567e-05,9.3064e-05,0.00013711,3.6023e-05,4.406e-05,0.00011733,4.8467e-05,5.9803e-05,7.1103e-05,5.1115e-05,5.2893e-05,2.3025e-05,2.3843e-05,2.5676e-05,6.9621e-06,3.259e-05,0.00013572,7.1865e-05,7.6532e-05,9.3829e-06,4.9214e-05,7.5849e-05,9.8948e-06,6.3535e-05,-1.5941e-06,1.8999e-05,5.1399e-05,5.474e-05,5.4412e-05,5.7681e-05,4.8114e-05,4.3176e-05,1.4444e-05,8.44e-05,2.0215e-05,3.5147e-05,2.3037e-05,0.00012122,2.6374e-05,0.00012262,8.1451e-05,1.6995e-05,2.3061e-05,2.2325e-05,0.00012677,7.339e-06,8.8002e-05,4.7331e-05,4.1504e-05
2.3403e-05,7.2394e-06,4.886e-05,0.00010575,4.8329e-05,6.939e-05,2.9926e-05,1.6707e-05,0.00021632,1.0794e-05,7.8942e-05,5.6172e-05,0.00010315,1.5861e-05,8.0995e-05,1.6223e-05,5.2699e-05,3.0402e-05,7.6315e-05,1.6457e-05,6.4244e-05,-7.0324e-06,1.288e-05,0.00016116,-1.4201e-06,4.3789e-05,2.1186e-05,1.8563e-05,2.1566e-05,6.9787e-05,5.0901e-05,5.9921e-05,5.0802e-05,0.00012999,7.3352e-06,3.2682e-05,3.6145e-05,7.9327e-05,0.00019742,3.991e-05,2.7111e-05,0.00011623,0.00017284,6.8217e-05,4.3746e-05,4.9409e-05,4.8655e-05,4.0677e-05,7.3873e-05,1.4415e-05,-4.9645e-06,3.7232e-05,0.00016224,7.5589e-05,7.2691e-05,-1.7943e-05,-5.2089e-07,0.00015747,4.5266e-05,0.00010957,1.1357e-05,4.1571e-05,4.4627e-05,8.4561e-06,6.4174e-06,1.9159e-05,6.9373e-05,-3.4491e-07,4.2949e-05,2.9818e-05,3.2527e-05,1.229e-05,2.0023e-05,0.00014403,4.2348e-05,8.7947e-05,0.00011726,9.9917e-06,4.3125e-06,1.3035e-06,0.00018137,1.303e-05,5.6893e-05,6.3147e-06,4.5916e-05
2.4299e-05,-1.4143e-05,5.2547e-05,9.4132e-05,5.7534e-06,2.6811e-05,6.032e-05,1.0679e-05,1.6364e-06,6.6025e-05,2.2803e-05,3.145e-05,4.5032e-05,-9.0223e-06,1.2011e-05,1.2014e-05,2.1175e-05,-2.6193e-06,-2.9601e-06,-2.4803e-05,-2.9304e-05,-1.2682e-05,2.9966e-05,-3.9337e-05,5.675e-05,-1.121e-05,2.7598e-05,5.4182e-05,-6.1959e-05,-3.2781e-06,-1.5163e-05,-5.4146e-05,2.9002e-05,7.3352e-06,0.00017839,2.2301e-05,-1.777e-05,7.1058e-05,1.5639e-05,-2.1017e-05,4.4155e-05,2.2697e-05,-3.4496e-05,7.5385e-07,-3.8651e-05,4.4125e-05,9.9789e-06,-3.1406e-05,-4.3525e-05,-1.2014e-05,3.4417e-05,5.0424e-05,-8.6768e-05,1.3334e-05,1.0764e-05,-2.1907e-06,7.9997e-05,5.6868e-05,-3.022e-05,4.9209e-05,1.1668e-05,5.3339e-05,8.3081e-05,6.9027e-06,4.0813e-06,2.0663e-07,-6.4079e-05,-7.9443e-06,1.0532e-05,-2.3213e-05,1.6772e-05,1.9971e-05,-2.3912e-05,4.3672e-05,-1.0343e-05,2.313e-05,2.6997e-05,6.5098e-05,3.8345e-05,-1.2076e-05,1.8003e-05,3.5818e-05,1.7296e-05,-3.6347e-05,2.8493e-05
-3.14e-06,5.1777e-05,4.5127e-06,3.1404e-05,2.632e-05,5.7339e-05,-3.0566e-06,5.4701e-07,0.00012311,1.8523e-05,2.4736e-05,7.7039e-05,3.5315e-05,2.6321e-05,2.7786e-05,2.9061e-05,4.7966e-06,2.1073e-05,-2.7885e-05,-3.2361e-06,1.2937e-05,-7.9287e-06,-5.9953e-06,1.2733e-05,2.2451e-05,3.549e-05,8.8699e-07,5.2961e-05,8.0397e-05,2.2789e-05,1.3423e-05,2.052e-06,3.0178e-05,3.2682e-05,2.2301e-05,8.0572e-05,2.1276e-05,5.9426e-05,4.3372e-05,2.9174e-05,5.7173e-05,6.474e-05,5.0727e-05,2.7262e-05,9.4445e-05,3.6492e-05,3.5291e-05,4.1288e-05,2.4925e-05,9.4632e-06,1.7993e-05,5.2395e-05,0.0001575,2.7074e-05,2.9854e-05,-2.0138e-05,4.5097e-05,4.599e-05,1.2553e-05,2.1209e-05,3.0814e-05,1.748e-05,2.6719e-05,3.7747e-05,3.7496e-05,9.2695e-06,1.9807e-05,1.8322e-05,5.0465e-05,1.6993e-05,9.7618e-06,2.4235e-05,2.1158e-05,8.7643e-05,-7.3041e-06,3.6573e-05,3.1151e-05,2.6785e-05,7.4932e-06,-1.0986e-05,2.7223e-05,3.2156e-05,-3.2281e-05,-2.1658e-05,2.1452e-05
-2.0633e-05,4.3779e-06,3.6428e-05,0.00013524,3.9108e-05,3.5774e-05,1.4203e-05,3.8577e-06,6.2094e-05,1.2426e-05,3.7774e-05,-1.3186e-05,9.3472e-05,3.0168e-06,5.09e-05,3.0838e-05,2.6497e-05,3.048e-05,8.7941e-05,2.6226e-05,7.5966e-05,3.4848e-05,8.6129e-06,3.4124e-05,2.8993e-05,5.9378e-05,4.6626e-05,9.7649e-06,8.5354e-05,7.3174e-05,2.3162e-05,-8.645e-06,1.3567e-05,3.6145e-05,-1.777e-05,2.1276e-05,0.0001123,7.5543e-05,0.00012154,7.5124e-05,1.5548e-06,1.9589e-05,4.0265e-05,1.8792e-05,7.5297e-05,-7.0592e-06,5.3984e-05,0.00010911,7.1201e-05,3.3309e-05,8.7197e-06,1.9962e-05,0.00019104,5.983e-05,5.8659e-05,-5.6718e-06,-1.3027e-06,0.00010345,6.9138e-05,0.00010868,-4.7468e-06,3.5486e-05,-7.0626e-06,4.5713e-06,3.8275e-06,3.9782e-05,7.1009e-05,2.0898e-05,2.5743e-05,0.00012998,3.8084e-05,4.7771e-05,2.765e-05,0.0001164,4.3782e-05,4.9202e-05,8.966e-05,1.6776e-05,4.5146e-05,3.1708e-05,0.00015013,5.4278e-05,1.9542e-05,6.144e-06,6.5138e-06
2.1248e-05,1.6465e-05,8.3111e-05,0.00025393,8.9287e-05,0.00011025,0.00011683,5.0676e-05,0.00027776,5.3161e-05,0.00014336,1.7295e-05,0.00019751,4.2473e-05,0.000127,0.00012737,7.4189e-05,8.0156e-05,0.00018199,4.4731e-05,0.00012511,1.8512e-05,2.2656e-05,0.0002002,6.8425e-05,9.9532e-05,6.7024e-05,3.9191e-05,0.00010147,0.00012437,0.00011622,7.0631e-05,9.3064e-05,7.9327e-05,7.1058e-05,5.9426e-05,7.5543e-05,0.00024353,0.00025049,0.00010468,5.5181e-05,0.00011108,0.00013411,8.7741e-05,2.5641e-05,6.5355e-05,7.4318e-05,8.2079e-05,8.5989e-05,3.6771e-05,1.8257e-05,3.733e-05,0.00042559,0.00013344,0.00014126,1.5546e-05,7.7482e-05,0.00024483,7.3116e-05,0.00021353,5.5485e-05,6.5725e-05,7.2665e-05,5.7798e-05,5.5788e-05,8.2757e-05,6.9119e-05,7.5952e-05,4.6927e-05,0.0001153,3.874e-05,8.4903e-05,3.4369e-05,0.00018574,4.6678e-05,0.00013972,0.00017421,2.1466e-05,5.4479e-05,1.2283e-05,0.00025563,7.2142e-05,0.00016307,1.6973e-05,4.1708e-05
4.2117e-05,-1.3679e-06,0.00015132,0.00054785,0.00017088,0.00015943,0.00010632,6.5813e-05,0.00063156,3.0713e-05,0.00016015,4.4614e-05,0.00045479,4.4811e-05,0.00018613,0.00013148,6.077e-05,6.3627e-05,0.00041704,0.00010249,0.00022532,2.9705e-05,4.3081e-05,0.00036739,2.9304e-05,0.00012096,2.2488e-05,9.9329e-07,9.75e-05,0.00022699,0.0001112,0.00026748,0.00013711,0.00019742,1.5639e-05,4.3372e-05,0.00012154,0.00025049,0.0008748,0.00015675,4.3415e-05,0.00034643,0.00054294,9.0584e-05,1.1046e-05,6.7529e-05,9.1562e-05,8.5703e-05,0.00023776,0.00010792,-7.2153e-05,3.2905e-05,0.00081373,0.00017262,0.00016474,-7.6654e-05,6.237e-06,0.0005515,0.00025456,0.00046288,8.2188e-05,0.0001758,0.00011358,0.00011869,0.00011435,0.0001356,0.00011014,7.4602e-05,0.00020971,0.0001777,6.2994e-05,2.4803e-05,5.4763e-05,0.00046323,5.7267e-05,0.00028862,0.00040559,-1.899e-05,3.6499e-05,-3.1438e-05,0.0006755,3.3494e-05,0.00026997,9.749e-05,3.8988e-05
-2.7005e-06,-2.6842e-05,5.9398e-05,0.00012925,6.8787e-05,-2.5385e-05,8.5212e-05,-3.1159e-06,6.6514e-05,2.6042e-05,0.00013721,3.6158e-05,0.00011045,4.4334e-05,0.00010787,5.724e-05,-3.5221e-05,2.577e-05,0.00019675,3.1709e-05,9.2433e-05,4.5181e-05,1.7658e-05,0.00012138,4.6441e-05,8.0063e-05,7.7779e-05,6.9402e-06,0.00022831,6.3385e-05,3.893e-05,-8.4137e-06,3.6023e-05,3.991e-05,-2.1017e-05,2.9174e-05,7.5124e-05,0.00010468,0.00015675,0.0002044,6.3684e-05,-3.0715e-05,0.00012419,3.9698e-05,0.00020246,7.0715e-05,4.2859e-05,0.00010252,3.2405e-05,-2.9572e-06,4.9402e-05,3.8125e-05,0.00027674,0.00011114,0.00012086,1.1636e-05,5.3021e-06,0.00011416,4.1913e-05,0.000135,-6.6949e-05,3.3983e-05,3.5727e-05,-1.7524e-06,-2.8516e-06,7.5923e-05,0.00010604,2.53e-05,-1.4119e-05,0.00013575,4.0232e-05,4.3106e-05,2.0885e-05,7.4722e-05,2.6425e-05,3.6111e-05,0.00016963,3.5495e-05,2.1118e-05,-4.6189e-06,0.00013556,6.3536e-05,3.2814e-05,1.0591e-05,-1.9201e-05
9.5517e-06,1.9767e-05,-6.9857e-06,3.8242e-05,3.4436e-05,4.3355e-05,5.2387e-05,-2.2131e-05,9.9118e-05,8.6253e-06,7.3516e-05,0.0001594,5.7435e-06,4.7263e-05,5.619e-05,-1.111e-06,-2.383e-05,2.8456e-05,7.76e-06,-3.1492e-05,1.8419e-05,1.9167e-05,1.1676e-07,-1.1058e-05,3.3674e-05,1.9914e-05,1.3575e-05,8.627e-05,7.8887e-05,-1.8452e-05,-7.6457e-05,-1.5662e-05,4.406e-05,2.7111e-05,4.4155e-05,5.7173e-05,1.5548e-06,5.5181e-05,4.3415e-05,6.3684e-05,0.0001619,0.0001005,1.9805e-05,6.4215e-06,0.00010042,9.4675e-05,3.4849e-06,8.7488e-06,-2.9056e-05,-8.0443e-06,4.3234e-05,4.0502e-05,2.6262e-05,1.557e-05,1.6739e-05,-2.7903e-05,1.9976e-05,2.7022e-05,-1.659e-05,3.2096e-05,1.9142e-07,-1.3927e-05,5.023e-05,-9.8569e-06,-1.2396e-05,-5.5392e-06,3.3104e-05,3.7176e-05,5.1893e-05,4.4033e-06,4.0225e-05,4.24e-05,1.3309e-05,3.836e-05,-4.7276e-06,3.1847e-05,4.0571e-05,4.0595e-05,1.9446e-06,-3.4378e-05,-8.8319e-06,2.6953e-05,4.7261e-06,-2.47e-05,-4.2793e-06
3.5255e-05,0.00011289,-3.4346e-05,0.0002061,6.8161e-05,0.00020061,7.7918e-05,-1.4745e-05,0.00047838,-3.0083e-05,5.3803e-05,0.00013514,0.00013221,8.1276e-06,6e-05,-1.0866e-05,8.4336e-05,0.0001033,2.0305e-05,-8.2329e-06,7.5038e-05,-1.4752e-05,1.4665e-05,0.00023492,1.8243e-05,2.0469e-05,-2.8492e-05,6.6958e-05,-7.0895e-05,9.8992e-05,1.3025e-05,0.00021351,0.00011733,0.00011623,2.2697e-05,6.474e-05,1.9589e-05,0.00011108,0.00034643,-3.0715e-05,0.0001005,0.00046867,0.00024607,8.5191e-05,-3.47e-05,5.1974e-05,5.4327e-05,-3.2776e-05,0.00011767,9.6666e-05,-2.6408e-05,8.4418e-06,0.00029958,3.7735e-05,3.3469e-05,-5.493e-05,3.6693e-05,0.00019073,6.298e-05,0.00011322,0.00013819,3.8436e-05,0.00010133,7.5532e-05,7.3177e-05,4.7968e-05,2.1688e-05,7.2921e-05,0.00019494,1.2391e-05,4.601e-05,2.6834e-05,1.6382e-05,0.00027044,4.5317e-05,0.00016407,0.0001133,-2.8682e-05,5.6763e-07,1.5614e-05,0.00026536,-4.4975e-05,0.00019928,6.9192e-05,3.7578e-05
