0.00024614,0.00033354,0.00040494,0.00011724,2.716e-05,-0.00049511,5.3503e-05,-0.00052431,7.7974e-06,-0.0005834,-0.00026886,7.8714e-05,-0.00035279,0.00042457,-0.00028976,0.00030804,0.00050504,0.00016069,7.4317e-05,0.00039752,5.7917e-05,0.00050789,1.3274e-05,-3.1205e-05,-0.00012253,-0.00018679,-0.00011428,-0.00015956,-6.3243e-05,-0.00019192,0.00010188,0.00025812,4.6232e-05,2.0127e-05,-0.00065701,-0.00015534,-3.2064e-05,0.00022488,-0.00036669,-1.6158e-06,-6.3024e-05,0.00050721,0.001027,-0.0001304,0.00029523,-0.00021077,-0.00022911,0.00090437,-8.2209e-05,0.00055602,0.00032704,-0.00013357,9.1925e-05,0.00043062,0.00044749,7.0735e-05,0.00060905,-0.00039181,0.00015528,0.00045954,-0.00010638,0.00053897,3.6389e-05,0.00015062,0.00017585,2.543e-05,-8.7813e-05,0.00044623,-3.0083e-07,0.00029822,-9.5006e-05,0.00045422,-0.00016394,6.7054e-05,-0.00013714,0.00027347,-0.00051524,-1.3024e-05,-2.0004e-05,-4.2347e-05,-0.00019072,-2.3938e-05,4.0035e-05,0.00048239,0.00020833
0.00033354,0.00064988,0.00066709,0.00020502,2.0646e-05,-0.0006256,4.8345e-05,-0.00079227,-1.9104e-06,-0.00084472,-0.00036812,7.521e-05,-0.00045804,0.0006426,-0.00039801,0.00046907,0.00074443,0.00025258,0.00013436,0.00062471,7.9526e-05,0.00075465,-1.1809e-05,-1.5016e-05,-0.00015924,-0.00024524,-0.00016722,-0.00027291,-9.4249e-05,-0.00031565,6.5475e-05,0.0002805,3.6907e-05,-2.3152e-05,-0.00096142,-0.00022077,-3.521e-05,0.00031277,-0.00048476,-8.6379e-06,-0.00010018,0.00082821,0.0014721,-0.00022068,0.00042237,-0.00030155,-0.00034932,0.0012891,-8.7138e-05,0.00074875,0.00044675,-0.00020174,7.0349e-06,0.00063227,0.00065752,7.7868e-05,0.00088792,-0.00051093,0.00026956,0.00067491,-0.00015649,0.00079412,3.7134e-05,0.00018357,0.00021524,1.4326e-05,-0.00013515,0.00061127,-2.9142e-05,0.00043215,-0.00015926,0.00062846,-0.00027078,0.00010496,-0.00021158,0.00030683,-0.00073202,-2.055e-05,-7.2389e-05,-0.00011002,-0.00026052,1.5087e-05,9.8853e-06,0.00071002,0.00028548
0.00040494,0.00066709,0.0010474,0.00033128,5.8791e-05,-0.00077324,2.5372e-05,-0.0010198,-4.106e-05,-0.0010699,-0.00042782,0.00010296,-0.00055598,0.0007766,-0.00052652,0.00055727,0.00086973,0.00036138,8.3634e-05,0.00074273,8.9115e-05,0.00089136,9.199e-06,-4.2429e-05,-0.00025846,-0.00036526,-0.00024421,-0.00029683,-7.3039e-05,-0.00036828,0.00013152,0.00040904,5.5438e-05,-6.0523e-05,-0.0011809,-0.00030327,-0.00013009,0.00041026,-0.0005578,-3.8036e-05,-0.00014007,0.0010411,0.0017141,-0.00026818,0.00049533,-0.00040221,-0.00044306,0.0015808,-0.0001616,0.0010013,0.00053835,-0.00026728,-1.9628e-05,0.00078965,0.00081791,0.00012775,0.0010886,-0.00060954,0.00023357,0.0009082,-0.00018328,0.00093554,4.4745e-05,8.8455e-05,0.00012417,1.7363e-05,-0.00021498,0.0008837,-6.9541e-05,0.00048913,-0.00020146,0.00076543,-0.00026723,0.00010972,-0.00023073,0.0004504,-0.00090633,-4.9786e-06,-1.6348e-05,-6.2351e-05,-0.0002256,1.6967e-05,8.8157e-05,0.00092558,0.0003209
0.00011724,0.00020502,0.00033128,0.00029918,4.6079e-05,-0.00010682,-8.0653e-06,-0.00029103,0.00010093,-0.0002849,-9.5073e-05,3.6751e-05,-4.0672e-05,0.00022516,-0.00011997,0.00021452,0.00024414,0.00010347,0.0001104,0.00023603,4.5297e-05,0.00024923,-1.8537e-05,7.8513e-05,-8.7105e-05,-0.00011763,-0.00013184,-9.7242e-05,2.3398e-05,-5.1977e-05,8.7994e-05,0.00016886,-1.4854e-05,1.4791e-05,-0.00029579,-7.4348e-05,4.7613e-05,0.00020712,3.1989e-05,-2.4316e-06,-9.2984e-06,0.00046414,0.00056821,-4.3731e-05,0.00012665,-0.00012085,-0.00011526,0.00051766,-1.7607e-05,0.00038032,0.00018526,-0.00012062,1.8818e-05,0.00027782,0.00029754,7.9691e-05,0.00033361,-3.9819e-05,7.5825e-05,0.0004333,-0.00010138,0.00026246,9.8594e-06,7.1419e-05,7.913e-05,3.9927e-05,-8.6067e-05,0.0003013,5.3323e-05,0.00014168,-3.8991e-05,0.00024572,-2.7032e-05,0.00016226,-4.8068e-05,0.00015681,-0.00013742,-5.2107e-06,1.5411e-06,-1.8711e-05,8.5263e-05,5.3443e-05,8.877e-05,0.00030856,9.0649e-05
2.716e-05,2.0646e-05,5.8791e-05,4.6079e-05,4.33e-05,1.4945e-06,9.1593e-06,-2.1287e-05,4.804e-05,-3.913e-05,9.6348e-06,2.1396e-05,2.1145e-05,4.6059e-05,2.7469e-06,2.7207e-05,6.8056e-05,1.404e-05,7.5569e-05,5.5e-05,3.0301e-05,5.361e-05,1.2105e-05,2.4289e-05,1.5984e-05,-4.1999e-05,-1.7391e-05,8.0443e-07,3.0047e-05,4.0654e-05,7.1246e-05,4.7908e-05,3.8727e-05,2.5663e-05,-2.5817e-05,8.3189e-06,2.2758e-05,4.3586e-05,3.4402e-05,1.0936e-05,9.0913e-06,7.8116e-05,0.00011978,2.5484e-05,1.438e-05,-5.6065e-07,-1.3353e-05,0.00011624,-3.9134e-06,5.0108e-05,4.2765e-05,-9.9505e-06,5.3235e-05,5.353e-05,5.502e-05,3.1959e-05,4.1263e-05,1.4109e-05,3.6858e-05,6.4601e-05,7.0541e-06,4.5029e-05,1.3064e-05,7.8037e-06,9.0386e-06,2.988e-05,-6.6843e-06,6.5526e-05,1.3264e-05,3.598e-05,5.1465e-06,4.8899e-05,2.3274e-05,5.366e-05,-4.1084e-06,6.0807e-05,8.1879e-06,1.026e-05,6.1399e-07,9.4443e-06,3.0232e-05,-1.903e-05,5.6916e-05,3.9631e-05,4.8783e-05
-0.00049511,-0.0006256,-0.00077324,-0.00010682,1.4945e-06,0.0013305,-0.00012808,0.0011658,0.00010965,0.0012777,0.00067414,-0.00012948,0.00090754,-0.00088324,0.00066172,-0.00061201,-0.0010078,-0.00033826,-7.9192e-05,-0.00080713,-8.3804e-05,-0.0010502,-2.4327e-05,0.00011514,0.00033063,0.00042823,0.00019222,0.00032689,0.00023031,0.00053577,-0.00013632,-0.00050626,-1.9734e-05,-2.253e-05,0.0014714,0.00035351,0.00013007,-0.00036704,0.00096086,-3.1671e-05,0.00016686,-0.00092623,-0.0021264,0.00028004,-0.00061443,0.00050202,0.00052884,-0.0017786,0.00021639,-0.0012124,-0.0006431,0.00030984,-0.00018795,-0.0008715,-0.00091695,-0.00010071,-0.001305,0.00094053,-0.00023242,-0.00084769,0.00021046,-0.0011139,-5.7373e-05,-0.00030021,-0.00036315,8.2513e-07,0.00014074,-0.00093564,8.217e-05,-0.00063272,0.00022256,-0.00096283,0.00043036,-1.8079e-05,0.00033979,-0.00053437,0.0012643,6.7173e-05,4.2282e-05,0.00011698,0.00050788,5.1152e-05,5.2854e-05,-0.00095812,-0.00038387
5.3503e-05,4.8345e-05,2.5372e-05,-8.0653e-06,9.1593e-06,-0.00012808,4.449e-05,-6.6154e-05,7.8835e-06,-9.8116e-05,-4.8521e-05,1.2476e-05,-8.2448e-05,7.5087e-05,-5.2791e-05,4.8312e-05,9.9795e-05,5.4751e-06,1.2437e-05,7.815e-05,1.9614e-05,0.00010729,1.1686e-05,2.8002e-05,-1.3009e-05,-1.9788e-05,1.8865e-05,-3.1341e-05,-2.0936e-05,-2.2677e-05,4.3975e-05,4.9426e-05,6.1632e-06,2.4932e-05,-0.0001051,-1.6894e-05,2.852e-05,3.6685e-05,-8.6617e-05,1.3774e-05,-2.9292e-06,5.4877e-05,0.00024742,-1.6577e-05,4.8197e-05,-3.2561e-05,-4.4032e-05,0.00015616,-1.6073e-05,9.3825e-05,6.5943e-05,-1.0339e-05,6.6012e-05,6.4409e-05,6.6348e-05,1.9312e-05,0.00011069,-8.1604e-05,4.1789e-05,7.459e-05,-2.2695e-05,0.0001076,8.5405e-06,3.0778e-05,3.6923e-05,9.5836e-06,3.129e-05,8.0401e-05,1.5743e-05,8.5747e-05,9.0237e-06,7.9783e-05,-2.63e-05,2.303e-05,-3.3004e-05,8.418e-05,-0.00010587,-5.7407e-06,2.7647e-06,-6.3699e-06,-6.4915e-05,-1.5262e-05,-1.5473e-05,6.0469e-05,5.7502e-05
-0.00052431,-0.00079227,-0.0010198,-0.00029103,-2.1287e-05,0.0011658,-6.6154e-05,0.0013401,7.1967e-05,0.0013943,0.00064013,-0.00014745,0.00082737,-0.00095791,0.00067417,-0.00070358,-0.0011002,-0.00044568,-0.00020231,-0.00090198,-0.00010595,-0.0011285,-9.8882e-07,0.00015431,0.00034436,0.00044467,0.00028513,0.0003864,0.00021807,0.0005384,-0.00018073,-0.00058458,-6.0209e-05,1.5412e-05,0.0015645,0.00038823,0.00016863,-0.00049823,0.00084329,4.7088e-05,0.0001712,-0.001241,-0.0021994,0.0003199,-0.00064804,0.000521,0.00054061,-0.0019681,0.00019323,-0.0013038,-0.00071043,0.00034627,-6.3413e-05,-0.0010067,-0.0010488,-0.00011067,-0.001415,0.000881,-0.00030741,-0.0010776,0.00025821,-0.0012107,-5.2175e-05,-0.00025674,-0.00031224,-1.6524e-05,0.00024907,-0.0010295,6.6473e-05,-0.0006246,0.0002675,-0.0010417,0.00041839,-0.00010599,0.00031652,-0.00053228,0.0012343,5.5349e-05,6.6406e-05,0.00012148,0.00037204,2.1148e-05,-3.618e-05,-0.0011088,-0.00040311
7.7974e-06,-1.9104e-06,-4.106e-05,0.00010093,4.804e-05,0.00010965,7.8835e-06,7.1967e-05,0.0001987,2.7346e-05,5.5597e-05,6.3357e-05,0.0001016,1.5338e-05,4.9476e-05,5.0509e-05,1.5391e-05,-2.9667e-05,0.00011709,3.4104e-05,1.6617e-06,-9.3056e-06,1.0166e-06,9.5202e-05,4.411e-05,-2.973e-05,-5.5058e-05,6.0607e-06,7.1465e-05,9.7769e-05,0.00012746,6.436e-05,-5.1696e-06,8.0597e-05,5.0007e-05,7.0686e-05,0.00016984,8.7712e-05,0.00018508,-2.1961e-05,5.1947e-05,0.00011681,0.0001504,4.8419e-05,1.5456e-05,4.7469e-05,7.2034e-06,5.1145e-05,6.7511e-05,1.2693e-05,4.4662e-05,-1.14e-05,0.00020354,3.3646e-05,3.5148e-05,3.8318e-05,-2.975e-05,0.00010299,7.8716e-05,0.00011481,-1.9097e-05,-3.2162e-05,1.0435e-05,8.3221e-05,8.0627e-05,4.5026e-05,2.2266e-05,7.6347e-05,7.8138e-05,1.0622e-05,4.8889e-05,1.1074e-05,2.9044e-05,0.00016663,-6.3031e-06,5.6789e-05,0.0001655,2.7647e-06,-5.9576e-06,-1.9603e-05,0.0001141,5.3821e-06,0.00010232,4.0794e-05,5.2048e-05
-0.0005834,-0.00084472,-0.0010699,-0.0002849,-3.913e-05,0.0012777,-9.8116e-05,0.0013943,2.7346e-05,0.0015997,0.00067795,-0.00019324,0.00094035,-0.0010662,0.00073355,-0.00077001,-0.0012294,-0.00043591,-0.00011464,-0.0010259,-9.9796e-05,-0.0012691,-1.2101e-05,0.00013796,0.00035095,0.00047204,0.00030623,0.00042233,0.00018499,0.00057652,-0.00024179,-0.00071456,-8.8056e-05,-3.4284e-05,0.0017333,0.00043123,0.00014117,-0.0005573,0.00094502,1.0695e-05,0.00017375,-0.0013176,-0.0026413,0.00030738,-0.0007059,0.00056854,0.00063303,-0.0021588,0.00015191,-0.0014598,-0.00075028,0.00037307,-0.00026306,-0.0011128,-0.0011499,-8.0405e-05,-0.0015382,0.0010094,-0.00036954,-0.0011474,0.00027087,-0.0013472,-6.4019e-05,-0.0002868,-0.00034958,-5.0184e-05,0.00024751,-0.001164,2.7551e-05,-0.00071729,0.00029095,-0.0011573,0.00049636,-0.00010284,0.00036651,-0.00060864,0.0013772,6.051e-05,7.7826e-05,0.00012764,0.00046804,-2.6138e-06,-5.831e-05,-0.0012467,-0.00048711
-0.00026886,-0.00036812,-0.00042782,-9.5073e-05,9.6348e-06,0.00067414,-4.8521e-05,0.00064013,5.5597e-05,0.00067795,0.00041672,-5.2014e-05,0.00046702,-0.00047774,0.00037435,-0.00035003,-0.00053947,-0.00020398,-5.0513e-05,-0.0004445,-4.4909e-05,-0.00057468,-6.3458e-06,0.00011728,0.00020266,0.00024909,0.0001724,0.00018761,0.00012874,0.00029426,-4.3112e-05,-0.00025329,-1.3974e-05,9.3298e-06,0.00079386,0.00018722,7.4984e-05,-0.00020954,0.00048001,-2.2803e-05,9.3577e-05,-0.00054131,-0.0011215,0.00017173,-0.00034451,0.00028853,0.00028023,-0.00098655,0.00013328,-0.00062559,-0.00033866,0.00018503,-6.0436e-05,-0.00047139,-0.00050439,-5.4743e-05,-0.00072325,0.0004794,-0.00011105,-0.00049518,0.00013177,-0.00059571,-1.6841e-05,-0.00017318,-0.00020495,9.0689e-06,0.00011799,-0.00046381,3.101e-05,-0.00033955,0.00013218,-0.0005341,0.00024948,-2.3003e-06,0.00018581,-0.00025083,0.00067722,4.5388e-05,5.5674e-05,7.5972e-05,0.00024598,1.3979e-05,1.7591e-05,-0.00053956,-0.00017958
7.8714e-05,7.521e-05,0.00010296,3.6751e-05,2.1396e-05,-0.00012948,1.2476e-05,-0.00014745,6.3357e-05,-0.00019324,-5.2014e-05,0.00012742,-9.8077e-05,0.00012719,-8.9907e-05,0.00011611,0.00016978,7.1106e-05,7.1908e-05,0.00012538,1.9128e-06,0.0001425,2.2053e-06,3.215e-05,5.2141e-06,-3.6009e-05,-5.1932e-05,-4.4679e-06,9.2357e-06,-3.1632e-05,0.00012519,0.00016929,2.647e-05,4.8178e-05,-0.00018985,2.9456e-05,6.7188e-05,0.00010135,-7.8478e-05,-2.3544e-05,3.3222e-05,0.0002034,0.00032808,-1.6524e-05,0.00013567,-3.4557e-05,-5.274e-05,0.00033435,-9.5766e-06,0.00020459,0.0001343,-4.6139e-05,0.00010269,0.00014723,0.00015076,3.423e-05,0.00018607,-0.00012876,8.3942e-05,0.00019519,-1.9289e-05,0.00017542,3.4426e-05,6.0702e-05,6.9255e-05,2.4852e-05,-3.4059e-05,0.00018175,3.1998e-05,5.2842e-05,-3.2801e-05,0.00014273,-3.2824e-05,6.7231e-05,-2.4204e-05,0.0001328,-0.00010843,1.1816e-05,-1.2622e-05,1.7158e-05,-5.0135e-05,-3.9133e-06,7.6872e-05,0.00021633,9.0012e-05
-0.00035279,-0.00045804,-0.00055598,-4.0672e-05,2.1145e-05,0.00090754,-8.2448e-05,0.00082737,0.0001016,0.00094035,0.00046702,-9.8077e-05,0.00073491,-0.00064282,0.00049571,-0.00047549,-0.0007122,-0.00024883,4.3498e-06,-0.00056282,-3.0245e-05,-0.00077359,-1.724e-06,0.00012892,0.00024011,0.00028051,0.00012809,0.00025524,0.00013877,0.0004387,-9.1899e-05,-0.00041355,-4.8947e-05,-2.3866e-05,0.0010902,0.00028087,9.2377e-05,-0.000279,0.00076983,-5.0532e-05,0.00012189,-0.0006344,-0.0015403,0.0002264,-0.00046416,0.00038878,0.00039554,-0.0012712,0.00014994,-0.00086628,-0.00044372,0.00020175,-0.00014076,-0.00061766,-0.00064078,-2.2249e-05,-0.00094345,0.00077596,-0.00017543,-0.00055252,0.00015841,-0.00080549,-3.772e-05,-0.0001849,-0.00022749,9.9961e-06,0.00012552,-0.00068213,1.8232e-05,-0.00043153,0.00020405,-0.00069116,0.00034416,3.6292e-05,0.00023162,-0.0004147,0.00091888,4.8975e-05,3.6591e-05,6.6327e-05,0.00044359,3.1018e-05,1.2194e-05,-0.00070375,-0.00031012
0.00042457,0.0006426,0.0007766,0.00022516,4.6059e-05,-0.00088324,7.5087e-05,-0.00095791,1.5338e-05,-0.0010662,-0.00047774,0.00012719,-0.00064282,0.00082905,-0.00052633,0.00059025,0.00091108,0.00031497,0.00010553,0.00074795,8.0723e-05,0.0009349,1.2788e-05,-9.3588e-06,-0.00022289,-0.00037471,-0.00020085,-0.0003173,-7.04e-05,-0.0003945,0.00017581,0.00046624,6.2397e-05,3.3039e-05,-0.001226,-0.00030523,-3.9193e-05,0.0004161,-0.00066476,2.6453e-05,-0.00011916,0.0009664,0.0018618,-0.00021924,0.0005446,-0.00039625,-0.00043954,0.0016401,-0.0001231,0.001018,0.00058389,-0.00026587,0.00014419,0.00079828,0.0008385,0.00010532,0.0011342,-0.00072125,0.00029368,0.00080727,-0.00018162,0.00099563,5.927e-05,0.0003019,0.00034644,4.1794e-05,-0.00016674,0.00084383,-2.7341e-05,0.00053034,-0.00017989,0.0008258,-0.00031417,0.00011208,-0.00024794,0.00046876,-0.00095317,-1.467e-05,-4.8464e-05,-8.2953e-05,-0.00034488,-1.6675e-05,6.5948e-05,0.00088512,0.00037468
-0.00028976,-0.00039801,-0.00052652,-0.00011997,2.7469e-06,0.00066172,-5.2791e-05,0.00067417,4.9476e-05,0.00073355,0.00037435,-8.9907e-05,0.00049571,-0.00052633,0.00041275,-0.00038288,-0.00059118,-0.00021914,-1.3594e-05,-0.00047678,-4.4886e-05,-0.00062471,-9.0026e-06,5.4134e-05,0.00018929,0.00021966,0.00014915,0.00020134,9.7495e-05,0.00031609,-8.9299e-05,-0.00030288,-3.1684e-05,2.6225e-06,0.00084968,0.00020264,4.5804e-05,-0.00026016,0.00051375,9.2923e-06,8.3525e-05,-0.00060698,-0.0012318,0.00019434,-0.00038423,0.00029611,0.00029802,-0.0010769,0.00012668,-0.0007003,-0.00038288,0.00018002,-7.0559e-05,-0.00051037,-0.00053639,-6.3882e-05,-0.00077427,0.00053583,-0.00015036,-0.00055918,0.00012825,-0.00065449,-2.8044e-05,-0.00016803,-0.00019924,2.2407e-06,0.00012848,-0.00057868,4.0792e-05,-0.00034828,0.00013979,-0.00055813,0.00024124,-1.3662e-05,0.00017484,-0.00033602,0.00070704,2.4361e-05,3.0535e-05,4.9216e-05,0.00026374,-2.6916e-06,-2.1124e-05,-0.00062969,-0.00021903
0.00030804,0.00046907,0.00055727,0.00021452,2.7207e-05,-0.00061201,4.8312e-05,-0.00070358,5.0509e-05,-0.00077001,-0.00035003,0.00011611,-0.00047549,0.00059025,-0.00038288,0.00052673,0.00066064,0.00025065,0.00012752,0.00053592,5.3378e-05,0.00068534,3.7362e-07,5.1002e-05,-0.00019563,-0.00023809,-0.0001801,-0.00023771,-4.0758e-05,-0.00028049,0.00018384,0.000406,4.5458e-05,5.4092e-05,-0.00085286,-0.00017865,2.8996e-05,0.00030826,-0.00047291,2.815e-05,-5.9563e-05,0.00076671,0.0014116,-0.00015865,0.00043367,-0.0003159,-0.00029951,0.0012252,-0.00010827,0.00076943,0.00044708,-0.00018869,0.00014816,0.00057579,0.00060396,9.7532e-05,0.00083269,-0.00051827,0.00020938,0.00062382,-0.00016246,0.00070978,5.2042e-05,0.00021931,0.00025065,3.4487e-05,-0.00011179,0.00062396,0.00010131,0.00036272,-0.00014892,0.00060997,-0.00020537,0.00016589,-0.00017018,0.00042435,-0.00061515,-1.0437e-05,-3.5399e-05,-5.0892e-05,-0.00023378,9.6419e-06,7.0064e-05,0.00066531,0.00028058
0.00050504,0.00074443,0.00086973,0.00024414,6.8056e-05,-0.0010078,9.9795e-05,-0.0011002,1.5391e-05,-0.0012294,-0.00053947,0.00016978,-0.0007122,0.00091108,-0.00059118,0.00066064,0.0010943,0.00034762,0.00020541,0.00085969,0.00013995,0.0010879,2.9705e-05,-1.7589e-05,-0.00022997,-0.00037148,-0.00023804,-0.00033356,-0.00011388,-0.00040907,0.00023498,0.00053165,0.00013149,4.4748e-05,-0.0013703,-0.00031063,-5.4174e-05,0.00045241,-0.00076892,-1.5281e-06,-0.00012233,0.0010975,0.0021882,-0.00024633,0.00062821,-0.00043959,-0.0004766,0.0019095,-0.00016553,0.0011616,0.00068457,-0.00027755,0.00019084,0.00090943,0.00094459,0.00014699,0.0012729,-0.00080604,0.00035481,0.00093021,-0.00018069,0.0011371,8.2565e-05,0.00032532,0.00037799,6.3731e-05,-0.00019644,0.00095281,-1.4419e-05,0.00061886,-0.00022083,0.00096248,-0.00034284,0.00014381,-0.00028909,0.00058688,-0.0010689,-1.4523e-05,-6.411e-05,-9.6922e-05,-0.00039099,-3.4769e-05,9.8952e-05,0.0010297,0.0004479
0.00016069,0.00025258,0.00036138,0.00010347,1.404e-05,-0.00033826,5.4751e-06,-0.00044568,-2.9667e-05,-0.00043591,-0.00020398,7.1106e-05,-0.00024883,0.00031497,-0.00021914,0.00025065,0.00034762,0.0002023,0.0001072,0.00029257,3.4451e-05,0.00035497,3.8076e-06,-4.697e-05,-0.00010918,-0.00014569,-0.00010332,-0.00011521,-4.8437e-05,-0.00015565,0.00010262,0.00022037,3.4123e-05,-8.0281e-06,-0.00047844,-0.00010145,-4.0029e-05,0.0001768,-0.00025231,-1.3523e-05,-3.5987e-05,0.00043152,0.00061379,-9.1911e-05,0.00023126,-0.00016512,-0.00014787,0.00067001,-7.6579e-05,0.00040235,0.00024035,-0.00011554,-2.0669e-05,0.00032346,0.00034215,5.0449e-05,0.00047275,-0.00027043,9.3995e-05,0.00036431,-7.5996e-05,0.00040024,2.2101e-05,4.4404e-05,6.017e-05,1.0617e-05,-9.0969e-05,0.00032543,7.8209e-06,0.00016255,-8.8776e-05,0.00032836,-9.7387e-05,4.3296e-05,-7.2105e-05,0.00018957,-0.00037596,-5.378e-06,-3.4186e-05,-6.6909e-06,-9.2028e-05,-1.4278e-05,4.1877e-05,0.00036856,0.00012862
7.4317e-05,0.00013436,8.3634e-05,0.0001104,7.5569e-05,-7.9192e-05,1.2437e-05,-0.00020231,0.00011709,-0.00011464,-5.0513e-05,7.1908e-05,4.3498e-06,0.00010553,-1.3594e-05,0.00012752,0.00020541,0.0001072,0.00051143,0.00014556,0.00011277,0.00016022,6.4246e-06,-4.2028e-06,2.608e-05,-6.8449e-05,-7.7376e-05,-1.0613e-05,-5.8255e-05,2.7647e-05,0.00022896,0.0001025,0.00011337,6.2683e-05,-0.00012616,7.6304e-05,0.00012987,0.00011921,5.9778e-05,-5.8099e-05,4.6443e-05,0.00030074,0.00025893,2.6977e-05,0.00010463,-2.7867e-05,-9.1088e-06,0.0003187,-5.5473e-05,0.00014098,0.00016999,-4.0096e-05,7.6246e-05,0.00015907,0.0001684,9.2603e-05,0.00015597,2.4593e-05,0.00012301,0.00022412,1.1606e-05,9.9299e-05,1.8627e-05,2.7077e-05,3.2734e-05,4.2046e-05,-4.01e-05,0.00017948,4.2579e-05,6.9318e-05,-3.4863e-05,0.00018598,1.1876e-05,0.00015986,-4.3671e-05,0.00021149,3.0225e-05,-2.0149e-05,-7.0788e-05,-3.8856e-05,0.00012539,-7.0073e-05,0.00015283,0.00013619,0.00013449
0.00039752,0.00062471,0.00074273,0.00023603,5.5e-05,-0.00080713,7.815e-05,-0.00090198,3.4104e-05,-0.0010259,-0.0004445,0.00012538,-0.00056282,0.00074795,-0.00047678,0.00053592,0.00085969,0.00029257,0.00014556,0.00073945,8.6912e-05,0.00088209,1.6724e-05,-2.1966e-05,-0.00020287,-0.00033868,-0.00020744,-0.00028909,-8.3121e-05,-0.00033931,0.00020175,0.00043757,6.4222e-05,3.3862e-05,-0.0011238,-0.00025598,-9.4807e-06,0.00038925,-0.00057205,2.4574e-05,-9.7386e-05,0.00093457,0.0018141,-0.00019127,0.00048565,-0.00036696,-0.00042185,0.0015209,-0.00010086,0.00093696,0.00052225,-0.00025539,0.00017703,0.00076037,0.00079319,9.5233e-05,0.0010475,-0.000608,0.00029514,0.00082569,-0.00016813,0.00091982,4.7002e-05,0.00020876,0.00025029,5.0439e-05,-0.0001421,0.00080004,-4.6518e-06,0.00052203,-0.00016114,0.00077263,-0.00031023,0.00012925,-0.00025601,0.00042458,-0.00087767,-2.9789e-05,-6.6023e-05,-0.00010915,-0.00028266,-1.0169e-05,5.6608e-05,0.00083977,0.00035555
5.7917e-05,7.9526e-05,8.9115e-05,4.5297e-05,3.0301e-05,-8.3804e-05,1.9614e-05,-0.00010595,1.6617e-06,-9.9796e-05,-4.4909e-05,1.9128e-06,-3.0245e-05,8.0723e-05,-4.4886e-05,5.3378e-05,0.00013995,3.4451e-05,0.00011277,8.6912e-05,8.9098e-05,0.00011888,1.7727e-05,1.0596e-05,-1.9359e-05,-3.3669e-05,-2.7236e-05,-2.2998e-05,-1.491e-05,1.18e-05,4.2496e-05,1.2e-05,6.2145e-05,1.0891e-05,-0.00011434,-2.963e-05,1.7715e-06,5.2937e-05,-4.8435e-05,-1.4079e-05,-1.1441e-05,0.00010373,0.00022966,-1.9777e-05,4.1972e-05,-3.6409e-05,-7.613e-06,0.00021682,-4.1347e-05,0.00010886,8.5483e-05,-1.7706e-05,3.2444e-05,7.9188e-05,8.2164e-05,6.1171e-05,0.00010289,-4.0294e-05,3.3812e-05,8.3375e-05,2.1456e-05,9.4536e-05,1.4448e-05,2.2181e-05,2.7542e-05,2.6659e-05,-2.9742e-05,0.00010034,-2.3035e-05,6.2848e-05,-3.1698e-05,0.00011868,1.9769e-05,2.8169e-05,-4.8651e-06,0.00012451,-8.5736e-05,-1.3361e-06,-9.5494e-06,1.3673e-05,1.7206e-05,-1.115e-05,5.0458e-05,7.8458e-05,5.3837e-05
0.00050789,0.00075465,0.00089136,0.00024923,5.361e-05,-0.0010502,0.00010729,-0.0011285,-9.3056e-06,-0.0012691,-0.00057468,0.0001425,-0.00077359,0.0009349,-0.00062471,0.00068534,0.0010879,0.00035497,0.00016022,0.00088209,0.00011888,0.0011258,1.9877e-05,-3.6783e-05,-0.00026807,-0.00039135,-0.00023537,-0.00036544,-0.00012689,-0.00046908,0.00022818,0.00055983,0.00011478,4.3058e-05,-0.0014183,-0.00033591,-5.5367e-05,0.00046388,-0.00080837,3.4393e-05,-0.00013247,0.0011166,0.0022624,-0.00025974,0.00062773,-0.00048433,-0.00051798,0.0019036,-0.00017492,0.0011943,0.00067154,-0.00029277,0.00019101,0.00092344,0.00096243,0.00011583,0.0013213,-0.00084721,0.00034519,0.00095386,-0.00021147,0.0011593,6.36e-05,0.0003057,0.00035855,4.8707e-05,-0.00019153,0.00098188,-5.8983e-06,0.00064934,-0.00022755,0.00098486,-0.00038818,0.0001224,-0.00030902,0.00059125,-0.0011296,-3.0986e-05,-6.979e-05,-0.00010815,-0.00042404,-2.0104e-05,6.6542e-05,0.0010376,0.0004499
1.3274e-05,-1.1809e-05,9.199e-06,-1.8537e-05,1.2105e-05,-2.4327e-05,1.1686e-05,-9.8882e-07,1.0166e-06,-1.2101e-05,-6.3458e-06,2.2053e-06,-1.724e-06,1.2788e-05,-9.0026e-06,3.7362e-07,2.9705e-05,3.8076e-06,6.4246e-06,1.6724e-05,1.7727e-05,1.9877e-05,2.9538e-05,1.2234e-05,6.7429e-06,5.6523e-06,6.2806e-06,-1.8387e-06,2.174e-06,2.2507e-05,5.26e-05,-8.3898e-06,3.0103e-05,3.0257e-06,-4.0138e-06,-1.6697e-05,7.2516e-06,-5.7498e-06,-3.2434e-05,-1.8862e-05,-2.8128e-06,-1.7333e-05,3.408e-05,7.2468e-06,1.6779e-05,3.5381e-06,8.0219e-06,3.2908e-05,-2.7351e-06,-2.2426e-05,1.0731e-05,7.8362e-06,3.3176e-05,4.0051e-06,1.9917e-06,2.1873e-05,7.9383e-06,-8.1232e-06,1.0722e-05,-4.3733e-06,2.8051e-05,1.1014e-05,1.0336e-05,-7.8896e-06,-6.3296e-06,1.1562e-05,1.4142e-05,1.345e-05,1.4104e-05,1.6989e-05,1.3951e-05,1.3126e-05,1.5955e-05,-2.1114e-05,-6.7068e-06,4.6178e-05,-1.8878e-05,8.9416e-06,6.1587e-06,1.6069e-06,-2.6922e-06,-1.813e-05,1.7541e-05,1.3408e-05,9.9738e-06
-3.1205e-05,-1.5016e-05,-4.2429e-05,7.8513e-05,2.4289e-05,0.00011514,2.8002e-05,0.00015431,9.5202e-05,0.00013796,0.00011728,3.215e-05,0.00012892,-9.3588e-06,5.4134e-05,5.1002e-05,-1.7589e-05,-4.697e-05,-4.2028e-06,-2.1966e-05,1.0596e-05,-3.6783e-05,1.2234e-05,0.00035238,6.8895e-05,0.00014653,8.4988e-05,1.3306e-05,9.7419e-05,7.4682e-05,9.1735e-05,-1.1478e-05,-3.804e-05,4.541e-05,0.00019097,7.688e-05,0.00018864,-1.4693e-05,0.0001151,-8.3533e-06,7.4037e-05,1.2104e-05,3.5064e-05,7.1599e-05,2.7119e-05,5.0025e-05,5.4572e-05,-3.4243e-05,3.4751e-05,-3.0598e-06,2.7409e-05,3.5394e-05,5.2767e-05,-6.9718e-05,-6.5093e-05,7.3091e-05,-5.4513e-05,0.0001133,2.4355e-05,-1.4885e-05,1.9465e-05,-2.4972e-05,3.1104e-05,6.363e-05,6.0271e-05,3.1867e-05,0.00010411,1.5551e-05,0.00011925,-2.6032e-05,7.7361e-05,-9.021e-05,0.00012104,0.00011962,3.3568e-05,0.00013457,0.00017529,5.2833e-05,4.0122e-05,4.0262e-05,4.8367e-05,7.0698e-05,1.3074e-05,3.532e-06,1.1436e-05
-0.00012253,-0.00015924,-0.00025846,-8.7105e-05,1.5984e-05,0.00033063,-1.3009e-05,0.00034436,4.411e-05,0.00035095,0.00020266,5.2141e-06,0.00024011,-0.00022289,0.00018929,-0.00019563,-0.00022997,-0.00010918,2.608e-05,-0.00020287,-1.9359e-05,-0.00026807,6.7429e-06,6.8895e-05,0.0001698,0.00015469,0.00010388,0.00011238,6.4418e-05,0.00015273,7.9004e-06,-0.00014828,2.2226e-05,5.2816e-06,0.00039584,0.00011601,8.0176e-05,-0.00011381,0.00022686,-1.995e-05,6.5754e-05,-0.00029172,-0.00057079,0.0001026,-0.000132,0.00017229,0.00013855,-0.0004491,7.584e-05,-0.00034997,-0.00015678,9.8331e-05,-3.9882e-05,-0.00023209,-0.00024615,-2.2956e-05,-0.00034897,0.00022507,-1.6685e-05,-0.00026885,9.765e-05,-0.00026895,6.1995e-06,-6.2625e-05,-7.6393e-05,9.6072e-06,6.4527e-05,-0.0002641,1.9381e-05,-0.00015551,7.7279e-05,-0.0002691,0.00011245,-4.7008e-05,7.3405e-05,-0.00012063,0.00033342,3.354e-05,1.6163e-06,2.7364e-05,7.9086e-05,-1.122e-05,3.2234e-05,-0.00023694,-5.9812e-05
-0.00018679,-0.00024524,-0.00036526,-0.00011763,-4.1999e-05,0.00042823,-1.9788e-05,0.00044467,-2.973e-05,0.00047204,0.00024909,-3.6009e-05,0.00028051,-0.00037471,0.00021966,-0.00023809,-0.00037148,-0.00014569,-6.8449e-05,-0.00033868,-3.3669e-05,-0.00039135,5.6523e-06,0.00014653,0.00015469,0.00038689,0.00015701,0.00012629,3.0526e-05,0.00013931,-5.3032e-05,-0.00020896,-4.4042e-06,-3.3298e-05,0.00059752,0.00012739,8.4854e-05,-0.00020603,0.00023349,-8.7124e-05,8.794e-05,-0.00046149,-0.00076612,0.00010949,-0.00015763,0.00018005,0.00020933,-0.00072006,7.5029e-05,-0.00042596,-0.000237,0.00016723,-9.6542e-05,-0.0003854,-0.00041232,-4.9897e-05,-0.00047856,0.00028794,-0.00011672,-0.0004011,8.982e-05,-0.00039528,-1.5627e-05,-0.00014476,-0.00016559,-1.5126e-05,0.0001073,-0.00037954,0.00011614,-0.00025457,9.0839e-05,-0.00040118,0.00014996,-0.0001017,0.00010014,-0.00011097,0.00043345,2.938e-05,1.2545e-05,4.2824e-05,0.00010064,5.4699e-05,-3.2202e-05,-0.00029366,-0.00013745
-0.00011428,-0.00016722,-0.00024421,-0.00013184,-1.7391e-05,0.00019222,1.8865e-05,0.00028513,-5.5058e-05,0.00030623,0.0001724,-5.1932e-05,0.00012809,-0.00020085,0.00014915,-0.0001801,-0.00023804,-0.00010332,-7.7376e-05,-0.00020744,-2.7236e-05,-0.00023537,6.2806e-06,8.4988e-05,0.00010388,0.00015701,0.00018735,6.5909e-05,1.8735e-05,8.3581e-05,-3.9666e-05,-0.00014291,-2.4206e-05,-9.5244e-06,0.00033663,4.4975e-05,1.5601e-05,-0.00013641,8.5159e-05,1.2786e-05,2.9111e-05,-0.00034313,-0.00053101,7.0006e-05,-0.00014627,0.00012219,0.00011309,-0.000467,4.7366e-05,-0.00029467,-0.00015297,0.00010389,-9.4127e-05,-0.00023472,-0.00024895,-3.7933e-05,-0.0002883,0.00013272,-5.6535e-05,-0.00030271,6.0869e-05,-0.00021559,-2.2468e-06,-9.3126e-05,-0.00010343,-1.3684e-05,0.00011987,-0.00025463,1.5341e-05,-0.00012142,8.255e-05,-0.00025958,0.00010417,-8.3643e-05,7.271e-05,-9.7429e-05,0.0002093,2.2935e-05,4.1287e-05,4.187e-05,-5.4126e-06,-1.3063e-05,-7.5048e-05,-0.00028963,-6.9338e-05
-0.00015956,-0.00027291,-0.00029683,-9.7242e-05,8.0443e-07,0.00032689,-3.1341e-05,0.0003864,6.0607e-06,0.00042233,0.00018761,-4.4679e-06,0.00025524,-0.0003173,0.00020134,-0.00023771,-0.00033356,-0.00011521,-1.0613e-05,-0.00028909,-2.2998e-05,-0.00036544,-1.8387e-06,1.3306e-05,0.00011238,0.00012629,6.5909e-05,0.0001661,5.2662e-05,0.00017649,-4.7971e-05,-0.00016469,-5.0383e-06,8.8379e-07,0.00048046,0.00015959,3.1784e-05,-0.00016407,0.00026064,4.7195e-06,6.487e-05,-0.00038326,-0.00073871,0.00010195,-0.00019146,0.00016568,0.0001784,-0.00057905,2.7373e-05,-0.00037422,-0.00020879,9.7829e-05,-3.9933e-05,-0.00030546,-0.0003181,-1.754e-05,-0.00044201,0.00027146,-0.00011523,-0.00031333,0.00010034,-0.00038184,-6.4724e-06,-0.00010586,-0.00012081,-6.1207e-06,4.785e-05,-0.00030394,-1.0177e-05,-0.00021792,5.9736e-05,-0.00031396,0.00014039,-3.7222e-05,0.00010486,-0.00015722,0.00037787,1.8307e-05,1.7997e-05,5.5077e-05,0.00012708,-7.9869e-06,1.5403e-05,-0.00031894,-0.00012774
-6.3243e-05,-9.4249e-05,-7.3039e-05,2.3398e-05,3.0047e-05,0.00023031,-2.0936e-05,0.00021807,7.1465e-05,0.00018499,0.00012874,9.2357e-06,0.00013877,-7.04e-05,9.7495e-05,-4.0758e-05,-0.00011388,-4.8437e-05,-5.8255e-05,-8.3121e-05,-1.491e-05,-0.00012689,2.174e-06,9.7419e-05,6.4418e-05,3.0526e-05,1.8735e-05,5.2662e-05,0.00015556,0.00011801,4.6338e-06,-3.1204e-05,9.1217e-06,3.6928e-05,0.00021494,4.0208e-05,8.8796e-05,-1.6446e-05,0.0001309,6.8986e-05,4.0079e-05,-0.00013461,-0.0002013,7.73e-05,-4.8594e-05,6.284e-05,6.8033e-05,-0.00011656,4.8364e-05,-0.00011511,-6.4985e-05,3.8355e-05,5.4104e-05,-9.3165e-05,-9.5267e-05,1.3154e-05,-0.00015727,0.00011523,-2.1944e-05,-0.00011753,4.9408e-05,-0.00012099,1.0194e-05,-5.404e-06,-1.2388e-05,4.0793e-05,1.5556e-05,-4.5522e-05,5.4991e-05,-8.7184e-05,3.3738e-05,-0.00012637,9.4607e-05,4.6324e-05,6.4712e-05,-2.3354e-05,0.00020816,3.2969e-05,2.0485e-05,3.8263e-05,6.1249e-05,6.7777e-07,7.2066e-05,-9.3405e-05,7.594e-06
-0.00019192,-0.00031565,-0.00036828,-5.1977e-05,4.0654e-05,0.00053577,-2.2677e-05,0.0005384,9.7769e-05,0.00057652,0.00029426,-3.1632e-05,0.0004387,-0.0003945,0.00031609,-0.00028049,-0.00040907,-0.00015565,2.7647e-05,-0.00033931,1.18e-05,-0.00046908,2.2507e-05,7.4682e-05,0.00015273,0.00013931,8.3581e-05,0.00017649,0.00011801,0.00035601,-4.0314e-06,-0.00022585,-5.127e-08,2.5807e-05,0.00068349,0.00018606,8.3184e-05,-0.00015575,0.00044971,-3.6502e-06,8.1714e-05,-0.0004402,-0.00089586,0.00014756,-0.00027877,0.00025521,0.00026862,-0.00069767,8.3556e-05,-0.00054447,-0.00024373,0.00014215,1.4555e-05,-0.00037803,-0.00039764,3.0538e-05,-0.00059133,0.00045788,-9.7772e-05,-0.00034745,0.0001111,-0.00048506,1.0817e-06,-0.00013118,-0.00015455,3.7407e-05,0.00010909,-0.00041203,5.9373e-05,-0.00025355,0.00013808,-0.00041321,0.00026363,6.7081e-05,0.00016282,-0.00018682,0.00058388,3.5746e-05,4.057e-05,7.4022e-05,0.00025762,-3.0372e-05,4.7149e-05,-0.00046251,-0.00014337
0.00010188,6.5475e-05,0.00013152,8.7994e-05,7.1246e-05,-0.00013632,4.3975e-05,-0.00018073,0.00012746,-0.00024179,-4.3112e-05,0.00012519,-9.1899e-05,0.00017581,-8.9299e-05,0.00018384,0.00023498,0.00010262,0.00022896,0.00020175,4.2496e-05,0.00022818,5.26e-05,9.1735e-05,7.9004e-06,-5.3032e-05,-3.9666e-05,-4.7971e-05,4.6338e-06,-4.0314e-06,0.00037775,0.00025203,0.00011036,0.00010331,-0.00020331,8.2033e-06,0.00015668,0.00015189,-6.3753e-05,-3.9486e-05,5.2681e-05,0.0003131,0.00049651,3.785e-05,0.00014867,-5.5327e-05,-5.8401e-05,0.00038282,1.2772e-07,0.00018854,0.00016353,-5.2477e-05,0.00022548,0.0001991,0.00020227,6.4195e-05,0.00023588,-9.996e-05,0.00015787,0.00028151,8.6128e-06,0.00019516,4.32e-05,2.2452e-05,3.117e-05,6.1935e-05,1.0626e-05,0.00026589,0.00013382,0.00011503,9.76e-07,0.00021462,-6.7595e-06,9.5263e-05,-4.7689e-05,0.00030128,-8.9582e-05,1.4969e-05,-1.4941e-05,6.6964e-06,1.3474e-05,-2.9391e-05,0.00014767,0.00023545,0.00014128
0.00025812,0.0002805,0.00040904,0.00016886,4.7908e-05,-0.00050626,4.9426e-05,-0.00058458,6.436e-05,-0.00071456,-0.00025329,0.00016929,-0.00041355,0.00046624,-0.00030288,0.000406,0.00053165,0.00022037,0.0001025,0.00043757,1.2e-05,0.00055983,-8.3898e-06,-1.1478e-05,-0.00014828,-0.00020896,-0.00014291,-0.00016469,-3.1204e-05,-0.00022585,0.00025203,0.00055177,6.3512e-05,0.00010759,-0.00070395,-0.00011438,-1.4231e-05,0.00031392,-0.00034941,4.2308e-05,-1.3535e-05,0.00066674,0.0012231,-5.7013e-05,0.00032564,-0.00025116,-0.00026717,0.00099654,-6.1993e-05,0.00074712,0.0003759,-0.00016213,0.00023342,0.00051861,0.00053678,2.2411e-05,0.00070364,-0.00044975,0.00018592,0.00056935,-0.00017504,0.00062457,4.0676e-05,0.00017475,0.00020066,6.157e-05,-0.0001062,0.00055787,0.00010517,0.0002854,-0.00011669,0.00053751,-0.00018257,0.00017655,-0.00012166,0.00033895,-0.00051532,-1.1469e-05,-2.6407e-05,2.2135e-06,-0.00018554,-8.113e-06,8.6822e-05,0.00056264,0.00026115
4.6232e-05,3.6907e-05,5.5438e-05,-1.4854e-05,3.8727e-05,-1.9734e-05,6.1632e-06,-6.0209e-05,-5.1696e-06,-8.8056e-05,-1.3974e-05,2.647e-05,-4.8947e-05,6.2397e-05,-3.1684e-05,4.5458e-05,0.00013149,3.4123e-05,0.00011337,6.4222e-05,6.2145e-05,0.00011478,3.0103e-05,-3.804e-05,2.2226e-05,-4.4042e-06,-2.4206e-05,-5.0383e-06,9.1217e-06,-5.127e-08,0.00011036,6.3512e-05,0.00013991,2.5667e-05,-8.131e-05,-2.1929e-05,-9.8627e-06,2.8446e-05,-9.1223e-05,-2.929e-06,1.1744e-06,5.2339e-05,0.00017385,1.2965e-05,5.5911e-05,-3.0387e-05,-5.4413e-06,0.00017337,-3.506e-05,4.474e-05,5.2622e-05,1.0703e-05,5.706e-05,6.1964e-05,5.5284e-05,1.9464e-05,6.6468e-05,-8.1089e-05,5.5243e-05,3.2471e-06,5.8502e-05,6.9916e-05,2.1674e-05,7.6947e-07,4.0465e-06,3.3109e-05,-5.3107e-05,7.8962e-05,1.4656e-05,3.7675e-05,-5.1907e-05,0.00010545,-2.0978e-06,-3.1514e-05,-7.2217e-06,0.000137,-5.3827e-05,1.3682e-05,-2.3469e-05,1.5498e-05,-3.0821e-05,-3.742e-05,0.00010083,8.1733e-05,7.8856e-05
2.0127e-05,-2.3152e-05,-6.0523e-05,1.4791e-05,2.5663e-05,-2.253e-05,2.4932e-05,1.5412e-05,8.0597e-05,-3.4284e-05,9.3298e-06,4.8178e-05,-2.3866e-05,3.3039e-05,2.6225e-06,5.4092e-05,4.4748e-05,-8.0281e-06,6.2683e-05,3.3862e-05,1.0891e-05,4.3058e-05,3.0257e-06,4.541e-05,5.2816e-06,-3.3298e-05,-9.5244e-06,8.8379e-07,3.6928e-05,2.5807e-05,0.00010331,0.00010759,2.5667e-05,8.359e-05,-2.0013e-05,3.1266e-05,8.5207e-05,5.0304e-05,4.3458e-07,4.0945e-05,3.1685e-05,4.6439e-05,0.00019029,4.0402e-05,2.1014e-05,-7.79e-06,-4.9123e-06,9.2512e-05,1.4095e-05,7.481e-05,4.7158e-05,-7.073e-06,0.00016873,4.1672e-05,4.2733e-05,1.234e-05,2.9688e-05,-2.6431e-05,4.9445e-05,4.534e-05,-4.164e-06,2.9519e-05,1.25e-05,7.0318e-05,7.3938e-05,3.7571e-05,1.5227e-05,8.6338e-05,4.866e-05,2.7705e-05,3.0841e-06,6.0117e-05,1.8308e-06,9.2115e-05,2.2998e-08,8.4462e-05,2.2324e-05,-2.6822e-06,-1.8307e-06,4.9301e-06,-1.0384e-07,-1.6386e-05,4.8368e-05,1.8691e-05,6.283e-05
-0.00065701,-0.00096142,-0.0011809,-0.00029579,-2.5817e-05,0.0014714,-0.0001051,0.0015645,5.0007e-05,0.0017333,0.00079386,-0.00018985,0.0010902,-0.001226,0.00084968,-0.00085286,-0.0013703,-0.00047844,-0.00012616,-0.0011238,-0.00011434,-0.0014183,-4.0138e-06,0.00019097,0.00039584,0.00059752,0.00033663,0.00048046,0.00021494,0.00068349,-0.00020331,-0.00070395,-8.131e-05,-2.0013e-05,0.0020028,0.00051262,0.00015643,-0.00062361,0.001104,8.8493e-07,0.00022168,-0.001442,-0.0028454,0.00039996,-0.00080107,0.0006392,0.00070358,-0.0024351,0.00019748,-0.0015928,-0.0008537,0.00043256,-0.00021167,-0.0012354,-0.0012873,-0.00010795,-0.0017313,0.0011841,-0.00040911,-0.0012461,0.0002835,-0.001495,-7.2487e-05,-0.00039545,-0.00046745,-2.6201e-05,0.00030171,-0.0012902,0.00012255,-0.00080609,0.00033713,-0.0013015,0.0005663,-6.2091e-05,0.00040407,-0.00066533,0.0015773,6.9122e-05,7.9384e-05,0.0001473,0.00056059,1.7443e-05,-6.6158e-05,-0.0013647,-0.00053164
-0.00015534,-0.00022077,-0.00030327,-7.4348e-05,8.3189e-06,0.00035351,-1.6894e-05,0.00038823,7.0686e-05,0.00043123,0.00018722,2.9456e-05,0.00028087,-0.00030523,0.00020264,-0.00017865,-0.00031063,-0.00010145,7.6304e-05,-0.00025598,-2.963e-05,-0.00033591,-1.6697e-05,7.688e-05,0.00011601,0.00012739,4.4975e-05,0.00015959,4.0208e-05,0.00018606,8.2033e-06,-0.00011438,-2.1929e-05,3.1266e-05,0.00051262,0.00026309,0.00011246,-0.00014158,0.00033951,-3.9131e-06,0.00010451,-0.00026513,-0.00064358,9.9632e-05,-0.00017137,0.00017575,0.00017548,-0.00056066,1.7455e-05,-0.00037496,-0.00017205,0.00010046,1.0723e-05,-0.00030372,-0.00031314,-6.2156e-06,-0.0004266,0.00031436,-6.1682e-05,-0.00023271,5.7567e-05,-0.00037178,-1.1024e-05,-7.2696e-05,-9.079e-05,-1.1782e-05,7.9353e-05,-0.00028471,2.3962e-05,-0.00019835,8.0133e-05,-0.00030682,0.00013476,9.0391e-05,9.5503e-05,-0.00012892,0.00043759,1.7724e-05,-6.8592e-06,4.3983e-05,0.00015284,7.7269e-06,4.8176e-06,-0.00030306,-0.00011589
-3.2064e-05,-3.521e-05,-0.00013009,4.7613e-05,2.2758e-05,0.00013007,2.852e-05,0.00016863,0.00016984,0.00014117,7.4984e-05,6.7188e-05,9.2377e-05,-3.9193e-05,4.5804e-05,2.8996e-05,-5.4174e-05,-4.0029e-05,0.00012987,-9.4807e-06,1.7715e-06,-5.5367e-05,7.2516e-06,0.00018864,8.0176e-05,8.4854e-05,1.5601e-05,3.1784e-05,8.8796e-05,8.3184e-05,0.00015668,-1.4231e-05,-9.8627e-06,8.5207e-05,0.00015643,0.00011246,0.00031916,4.1784e-05,0.00014412,-2.2771e-06,9.8895e-05,-2.4611e-05,3.1026e-05,5.7883e-05,3.9629e-05,5.0812e-05,4.5083e-05,-4.8489e-05,5.5005e-05,-7.5268e-05,4.4019e-06,1.6857e-05,0.00019293,-6.2102e-05,-5.8158e-05,4.6608e-05,-8.2388e-05,0.00010955,5.6832e-05,4.1712e-05,3.5528e-05,-0.00010175,4.3178e-06,1.3083e-05,1.005e-05,3.2342e-05,7.8484e-05,6.9195e-05,0.00011939,-2.7739e-05,6.4884e-05,-7.0766e-05,4.5542e-05,0.00010239,-2.1195e-07,0.00013145,0.00020483,-1.2497e-06,-2.227e-05,-1.7254e-05,8.3917e-05,1.9007e-05,9.5112e-05,1.4788e-05,6.0153e-05
0.00022488,0.00031277,0.00041026,0.00020712,4.3586e-05,-0.00036704,3.6685e-05,-0.00049823,8.7712e-05,-0.0005573,-0.00020954,0.00010135,-0.000279,0.0004161,-0.00026016,0.00030826,0.00045241,0.0001768,0.00011921,0.00038925,5.2937e-05,0.00046388,-5.7498e-06,-1.4693e-05,-0.00011381,-0.00020603,-0.00013641,-0.00016407,-1.6446e-05,-0.00015575,0.00015189,0.00031392,2.8446e-05,5.0304e-05,-0.00062361,-0.00014158,4.1784e-05,0.00031971,-0.00021134,-1.9987e-05,-3.3177e-05,0.00058646,0.00098433,-0.00010762,0.00026376,-0.00018556,-0.00021217,0.00086934,-3.0954e-05,0.00057675,0.00033037,-0.00015182,0.00013919,0.0004432,0.00046362,6.4354e-05,0.0005862,-0.00031328,0.00017406,0.00054512,-0.00013227,0.00050513,2.0749e-05,0.00014892,0.0001679,4.6061e-05,-0.00010668,0.00049727,5.313e-06,0.00025519,-7.4923e-05,0.00044176,-0.00013307,0.00013932,-9.7824e-05,0.00026676,-0.00042195,-1.8887e-05,-2.4126e-05,-2.0818e-05,-7.0665e-05,-1.4951e-06,0.00010411,0.00048623,0.00021236
-0.00036669,-0.00048476,-0.0005578,3.1989e-05,3.4402e-05,0.00096086,-8.6617e-05,0.00084329,0.00018508,0.00094502,0.00048001,-7.8478e-05,0.00076983,-0.00066476,0.00051375,-0.00047291,-0.00076892,-0.00025231,5.9778e-05,-0.00057205,-4.8435e-05,-0.00080837,-3.2434e-05,0.0001151,0.00022686,0.00023349,8.5159e-05,0.00026064,0.0001309,0.00044971,-6.3753e-05,-0.00034941,-9.1223e-05,4.3458e-07,0.001104,0.00033951,0.00014412,-0.00021134,0.00094076,-6.8988e-05,0.00014606,-0.00054057,-0.0015342,0.00023342,-0.00050668,0.00040225,0.00037648,-0.0013581,0.00017103,-0.00083846,-0.00045209,0.00017685,-7.0524e-05,-0.00062029,-0.0006389,-4.089e-05,-0.00097213,0.00084549,-0.00017716,-0.00046636,9.8632e-05,-0.00086001,-6.0335e-05,-0.00019785,-0.00024636,2.1469e-06,0.00012317,-0.00066313,2.0906e-05,-0.00044839,0.00021963,-0.00069779,0.00033755,0.00011518,0.0002366,-0.00042552,0.00099785,2.5989e-05,2.604e-05,8.0702e-05,0.00053757,6.6208e-05,4.2967e-05,-0.00071105,-0.00032298
-1.6158e-06,-8.6379e-06,-3.8036e-05,-2.4316e-06,1.0936e-05,-3.1671e-05,1.3774e-05,4.7088e-05,-2.1961e-05,1.0695e-05,-2.2803e-05,-2.3544e-05,-5.0532e-05,2.6453e-05,9.2923e-06,2.815e-05,-1.5281e-06,-1.3523e-05,-5.8099e-05,2.4574e-05,-1.4079e-05,3.4393e-05,-1.8862e-05,-8.3533e-06,-1.995e-05,-8.7124e-05,1.2786e-05,4.7195e-06,6.8986e-05,-3.6502e-06,-3.9486e-05,4.2308e-05,-2.929e-06,4.0945e-05,8.8493e-07,-3.9131e-06,-2.2771e-06,-1.9987e-05,-6.8988e-05,0.00019684,-2.6372e-06,-5.5924e-05,6.4498e-05,3.7316e-05,-2.3761e-05,-4.9447e-05,-2.9965e-05,7.7058e-05,-2.501e-05,3.5327e-05,-2.7616e-05,-1.9389e-05,1.3836e-05,1.8174e-05,2.8504e-05,-1.5284e-05,3.4227e-05,-4.2008e-05,-1.7718e-05,-4.0177e-05,-4.8549e-06,3.8014e-05,3.5839e-06,7.4239e-06,1.2807e-05,2.0319e-05,8.5702e-06,-9.158e-06,3.3053e-05,4.1149e-05,-2.3482e-05,1.8162e-05,-1.5267e-05,1.6889e-05,3.6592e-06,-2.9218e-05,-3.4193e-05,-5.3533e-06,-1.6045e-06,3.4441e-06,-9.2919e-05,-2.4648e-05,-3.0696e-05,-7.0357e-05,4.2635e-05
-6.3024e-05,-0.00010018,-0.00014007,-9.2984e-06,9.0913e-06,0.00016686,-2.9292e-06,0.0001712,5.1947e-05,0.00017375,9.3577e-05,3.3222e-05,0.00012189,-0.00011916,8.3525e-05,-5.9563e-05,-0.00012233,-3.5987e-05,4.6443e-05,-9.7386e-05,-1.1441e-05,-0.00013247,-2.8128e-06,7.4037e-05,6.5754e-05,8.794e-05,2.9111e-05,6.487e-05,4.0079e-05,8.1714e-05,5.2681e-05,-1.3535e-05,1.1744e-06,3.1685e-05,0.00022168,0.00010451,9.8895e-05,-3.3177e-05,0.00014606,-2.6372e-06,6.4346e-05,-0.00010039,-0.000234,6.3961e-05,-4.8731e-05,7.2423e-05,7.7586e-05,-0.00020178,2.5557e-05,-0.00012824,-5.9038e-05,4.0094e-05,3.3906e-05,-0.00011439,-0.00011731,9.7912e-07,-0.00015889,0.00012942,-1.3104e-05,-7.3775e-05,2.8944e-05,-0.00013765,2.029e-07,-2.8213e-05,-3.5229e-05,1.1932e-05,3.7583e-05,-8.9109e-05,5.273e-05,-8.8339e-05,4.0599e-05,-0.00012189,6.681e-05,3.8679e-05,4.4355e-05,-1.178e-05,0.00019597,1.1568e-05,-5.559e-06,2.5757e-05,7.171e-05,1.0356e-05,3.1348e-05,-9.1903e-05,-2.5264e-05
