0,0.056815,0.083712,0.10238,0.062265,0.14065,0.06401,0.072178,0.11103,0.059822,0.099136,0.063222,0.090329,0.064943,0.099998,0.072251,0.091467,0.072862,0.12724,0.089029,0.053991,0.060753,0.061291,0.085023,0.066493,0.076297,0.083308,0.073964,0.078728,0.066055,0.10365,0.073848,0.10577,0.088198,0.055486,0.073727,0.12037,0.084555,0.13221,0.075514,0.074612,0.10422,0.10486,0.074315,0.056819,0.057322,0.055367,0.099162,0.079231,0.095577,0.065145,0.059561,0.10959,0.059231,0.065531,0.067236,0.078699,0.11197,0.0656,0.10242,0.075974,0.061216,0.060983,0.10165,0.10165,0.062096,0.072465,0.056482,0.091113,0.098356,0.08351,0.089698,0.049511,0.10142,0.062085,0.11265,0.089058,0.052093,0.072643,0.056544,0.18031,0.069197,0.12533,0.091265,0.077274
0.056815,0,0.082624,0.088844,0.046093,0.1311,0.051133,0.052607,0.10173,0.060372,0.092959,0.045632,0.083401,0.053569,0.080661,0.079802,0.070013,0.067261,0.11742,0.081284,0.049669,0.045761,0.061857,0.060032,0.059602,0.054924,0.073005,0.059232,0.066025,0.050697,0.087499,0.061783,0.090311,0.070289,0.05695,0.057377,0.11357,0.064637,0.11085,0.061508,0.046825,0.091958,0.098734,0.062519,0.056592,0.053104,0.061861,0.089788,0.085505,0.088661,0.061536,0.060007,0.093003,0.05048,0.049773,0.059461,0.057985,0.08676,0.055544,0.098126,0.074489,0.056838,0.051808,0.097816,0.097816,0.057806,0.076652,0.054162,0.081773,0.084644,0.071316,0.062762,0.05085,0.085482,0.046912,0.09375,0.095064,0.039269,0.074619,0.052248,0.15537,0.069081,0.10132,0.070713,0.063667
0.083712,0.082624,0,0.073694,0.067539,0.12702,0.085755,0.079161,0.094878,0.072565,0.11092,0.086064,0.074108,0.074394,0.073337,0.090942,0.06704,0.10805,0.11779,0.099274,0.071866,0.076966,0.090817,0.079832,0.058927,0.066692,0.097897,0.072862,0.083221,0.075344,0.087528,0.071966,0.093464,0.069091,0.080758,0.075167,0.13008,0.064742,0.084752,0.083199,0.087378,0.088013,0.072283,0.078807,0.071009,0.092596,0.075118,0.11702,0.075065,0.080487,0.063372,0.076888,0.076095,0.06963,0.072675,0.074117,0.067137,0.07256,0.074428,0.10862,0.083882,0.080564,0.080372,0.07685,0.07685,0.056429,0.097313,0.074798,0.075283,0.10647,0.08648,0.11854,0.080204,0.096901,0.08798,0.10481,0.074597,0.076639,0.089001,0.076045,0.14352,0.073535,0.098273,0.070113,0.079841
0.10238,0.088844,0.073694,0,0.071984,0.11973,0.090406,0.0916,0.084436,0.082207,0.11085,0.076395,0.085516,0.088887,0.095811,0.090751,0.065102,0.11209,0.13789,0.10824,0.092148,0.077439,0.097218,0.072604,0.066158,0.079514,0.1042,0.085498,0.071173,0.086506,0.071828,0.068288,0.091334,0.065674,0.093886,0.088293,0.12712,0.047889,0.062288,0.063105,0.076227,0.094056,0.096942,0.079399,0.066614,0.10025,0.10212,0.093831,0.066202,0.069884,0.088763,0.081566,0.084369,0.071746,0.070755,0.07908,0.066118,0.050626,0.087405,0.13547,0.093179,0.080256,0.086613,0.08358,0.08358,0.071712,0.093469,0.10199,0.082167,0.11743,0.10264,0.13079,0.097866,0.059957,0.10049,0.097093,0.094992,0.086372,0.11041,0.096059,0.13894,0.099988,0.095911,0.066929,0.073155
0.062265,0.046093,0.067539,0.071984,0,0.11751,0.041627,0.044858,0.077395,0.050119,0.07458,0.038823,0.07053,0.051448,0.066761,0.054685,0.051957,0.067134,0.10747,0.066376,0.058546,0.045163,0.048491,0.053913,0.033656,0.047949,0.059497,0.045373,0.061701,0.032485,0.077762,0.054311,0.08066,0.0541,0.044626,0.044876,0.10997,0.051027,0.10019,0.060548,0.045759,0.070341,0.083069,0.045661,0.048953,0.063958,0.053128,0.090311,0.06809,0.065534,0.047506,0.052663,0.080903,0.021476,0.021251,0.04908,0.053703,0.06566,0.054638,0.098257,0.064796,0.042022,0.045067,0.075313,0.075313,0.040919,0.062793,0.050393,0.061972,0.084082,0.058762,0.087044,0.044313,0.076546,0.040561,0.091146,0.076522,0.036396,0.065761,0.039273,0.14252,0.055004,0.088336,0.050947,0.057989
0.14065,0.1311,0.12702,0.11973,0.11751,0,0.11494,0.12372,0.14338,0.1323,0.14256,0.11665,0.13603,0.12853,0.12348,0.11543,0.13023,0.14169,0.16758,0.17076,0.1469,0.13017,0.14133,0.099269,0.12434,0.12958,0.1244,0.11967,0.12797,0.12727,0.12473,0.10759,0.1339,0.11655,0.12732,0.11558,0.18524,0.11865,0.14861,0.13376,0.12347,0.11419,0.12364,0.1163,0.12042,0.12755,0.11879,0.15358,0.1124,0.092245,0.12738,0.13954,0.11875,0.11765,0.11918,0.11371,0.13319,0.12102,0.1434,0.19424,0.10463,0.13429,0.11701,0.078128,0.078128,0.10616,0.12504,0.13874,0.087707,0.15704,0.12111,0.1636,0.13829,0.12625,0.11954,0.12226,0.13402,0.1244,0.16957,0.12913,0.19292,0.13477,0.14491,0.11448,0.14201
0.06401,0.051133,0.085755,0.090406,0.041627,0.11494,0,0.057376,0.097189,0.065241,0.07673,0.044306,0.07367,0.057731,0.078124,0.061148,0.079056,0.057505,0.10442,0.092393,0.078567,0.055717,0.056076,0.063847,0.055933,0.056215,0.047066,0.058225,0.065354,0.047722,0.088561,0.068335,0.098128,0.063311,0.051869,0.059508,0.11922,0.069287,0.11904,0.062932,0.056143,0.078585,0.092127,0.052684,0.060657,0.056739,0.052872,0.086511,0.080502,0.079217,0.066353,0.058892,0.097463,0.03987,0.042113,0.054108,0.06246,0.083567,0.069146,0.10933,0.062793,0.05972,0.044247,0.083492,0.083492,0.049382,0.040374,0.053732,0.062146,0.087128,0.045675,0.088025,0.046573,0.080241,0.029226,0.10847,0.093225,0.036645,0.086171,0.045693,0.1569,0.060404,0.1034,0.062144,0.077106
0.072178,0.052607,0.079161,0.0916,0.044858,0.12372,0.057376,0,0.090158,0.066284,0.090595,0.066933,0.088911,0.064532,0.073148,0.069557,0.071134,0.076527,0.12349,0.074804,0.063175,0.057777,0.068984,0.055822,0.051781,0.0527,0.080519,0.059505,0.072655,0.048963,0.085866,0.074013,0.095087,0.059654,0.066569,0.05565,0.11826,0.06061,0.10953,0.079651,0.062238,0.092778,0.081085,0.068068,0.07308,0.06798,0.066094,0.10855,0.086663,0.077135,0.055276,0.072386,0.087076,0.045812,0.04398,0.061264,0.070011,0.084927,0.066467,0.1089,0.070675,0.062273,0.063118,0.086893,0.086893,0.054125,0.07823,0.060901,0.07335,0.082737,0.067096,0.090982,0.061884,0.088706,0.055576,0.10269,0.078515,0.048852,0.073212,0.05453,0.13999,0.079564,0.086497,0.067158,0.072214
0.11103,0.10173,0.094878,0.084436,0.077395,0.14338,0.097189,0.090158,0,0.095931,0.10145,0.094192,0.1022,0.10878,0.10026,0.08539,0.090742,0.12233,0.11276,0.073749,0.10014,0.084267,0.096233,0.090527,0.07404,0.082711,0.10522,0.094841,0.089702,0.096765,0.070781,0.082637,0.10247,0.074417,0.099582,0.099343,0.12725,0.080669,0.095355,0.087053,0.096414,0.083179,0.10376,0.098046,0.083374,0.1124,0.11572,0.10861,0.098225,0.096689,0.10376,0.090822,0.095051,0.079041,0.076143,0.1013,0.093606,0.081031,0.092969,0.13035,0.11582,0.081921,0.09894,0.09819,0.09819,0.086506,0.11041,0.10353,0.084754,0.12583,0.11179,0.13582,0.10548,0.090632,0.10508,0.12856,0.085131,0.094637,0.096749,0.1046,0.14629,0.10447,0.10429,0.08133,0.076633
0.059822,0.060372,0.072565,0.082207,0.050119,0.1323,0.065241,0.066284,0.095931,0,0.088208,0.065926,0.072326,0.06029,0.069193,0.078921,0.071007,0.067289,0.12335,0.078328,0.062901,0.063554,0.055903,0.072242,0.056248,0.059174,0.069645,0.071865,0.083884,0.062229,0.093302,0.066062,0.077355,0.080761,0.03902,0.075005,0.12836,0.064302,0.11467,0.074173,0.064351,0.098375,0.10552,0.057059,0.065134,0.076706,0.067589,0.10852,0.082993,0.091376,0.052615,0.056038,0.098413,0.046288,0.049209,0.059206,0.066724,0.088163,0.070487,0.10752,0.086225,0.052053,0.065708,0.092659,0.092659,0.06658,0.074228,0.057562,0.074167,0.091331,0.085453,0.098379,0.057748,0.091264,0.063287,0.10485,0.084994,0.052558,0.074346,0.052962,0.16523,0.076001,0.11352,0.080328,0.070626
0.099136,0.092959,0.11092,0.11085,0.07458,0.14256,0.07673,0.090595,0.10145,0.088208,0,0.082304,0.1018,0.092946,0.10175,0.097393,0.10248,0.085188,0.12956,0.096653,0.10282,0.081633,0.077581,0.10341,0.078284,0.087763,0.073014,0.080811,0.099768,0.086359,0.11369,0.082319,0.12388,0.09539,0.079454,0.081909,0.14568,0.097147,0.14921,0.098861,0.082821,0.090077,0.1231,0.07714,0.090226,0.096531,0.093024,0.10628,0.1129,0.11519,0.088906,0.078952,0.12162,0.079016,0.07714,0.082413,0.089365,0.10416,0.097431,0.11829,0.10767,0.080814,0.081592,0.10907,0.10907,0.084899,0.090144,0.07722,0.10163,0.10944,0.089766,0.10089,0.076549,0.10751,0.079683,0.12788,0.09709,0.078388,0.094196,0.094596,0.17977,0.099762,0.13715,0.094232,0.10149
0.063222,0.045632,0.086064,0.076395,0.038823,0.11665,0.044306,0.066933,0.094192,0.065926,0.082304,0,0.080386,0.051782,0.087249,0.065655,0.063786,0.068419,0.11908,0.087544,0.065957,0.045596,0.051746,0.061945,0.051139,0.060415,0.065908,0.047195,0.054558,0.049125,0.079605,0.050029,0.089688,0.063146,0.053804,0.052289,0.11057,0.056376,0.11011,0.050799,0.037211,0.071185,0.099814,0.043144,0.042975,0.060811,0.058775,0.074642,0.075546,0.070993,0.061879,0.055629,0.090344,0.038846,0.039602,0.050155,0.052901,0.074704,0.063798,0.1089,0.069336,0.050751,0.046747,0.087257,0.087257,0.054631,0.055093,0.062637,0.073991,0.084273,0.061145,0.082234,0.05195,0.073421,0.042751,0.087413,0.096501,0.044392,0.081458,0.052912,0.15234,0.064697,0.097632,0.05537,0.06766
0.090329,0.083401,0.074108,0.085516,0.07053,0.13603,0.07367,0.088911,0.1022,0.072326,0.1018,0.080386,0,0.086569,0.061301,0.090943,0.078905,0.1027,0.10926,0.1009,0.093795,0.077148,0.077194,0.080405,0.080328,0.079968,0.088235,0.074642,0.089791,0.071719,0.10094,0.08364,0.094181,0.084017,0.082681,0.086256,0.13188,0.074184,0.10068,0.078652,0.084853,0.10601,0.095923,0.082275,0.081899,0.1057,0.091751,0.10289,0.092469,0.10865,0.074635,0.077819,0.088153,0.072709,0.074521,0.074049,0.079494,0.071909,0.084573,0.13107,0.081822,0.073596,0.090668,0.095369,0.095369,0.077477,0.082634,0.080517,0.082015,0.11903,0.086598,0.12284,0.076145,0.093124,0.081216,0.11663,0.095249,0.08269,0.1061,0.075144,0.1449,0.077151,0.11406,0.07042,0.087459
0.064943,0.053569,0.074394,0.088887,0.051448,0.12853,0.057731,0.064532,0.10878,0.06029,0.092946,0.051782,0.086569,0,0.092262,0.074955,0.064909,0.062528,0.12251,0.09027,0.064778,0.051939,0.056949,0.06677,0.049778,0.058698,0.067895,0.057933,0.075738,0.056319,0.094456,0.058839,0.094349,0.071345,0.055742,0.047921,0.11814,0.069015,0.11063,0.070939,0.04331,0.091546,0.090999,0.048051,0.064291,0.068363,0.055045,0.1086,0.086792,0.083317,0.041256,0.060978,0.090847,0.047318,0.050406,0.042105,0.06121,0.080035,0.062577,0.094685,0.082591,0.061503,0.059091,0.10122,0.10122,0.063563,0.066982,0.05727,0.075324,0.078528,0.067627,0.082013,0.053185,0.093049,0.047236,0.10236,0.10137,0.041633,0.075218,0.043463,0.16187,0.063787,0.10006,0.070409,0.074609
0.099998,0.080661,0.073337,0.095811,0.066761,0.12348,0.078124,0.073148,0.10026,0.069193,0.10175,0.087249,0.061301,0.092262,0,0.097807,0.074434,0.097574,0.12227,0.10032,0.093774,0.086564,0.086528,0.078677,0.080224,0.067347,0.084071,0.077064,0.099162,0.073061,0.095844,0.089822,0.084377,0.082523,0.076821,0.084325,0.13607,0.070577,0.11029,0.093214,0.090067,0.092901,0.094666,0.08357,0.090356,0.10143,0.083397,0.11891,0.10347,0.10272,0.074682,0.089338,0.08026,0.071857,0.069103,0.07758,0.080961,0.080917,0.085628,0.1272,0.077509,0.080343,0.086799,0.083047,0.083047,0.071351,0.097946,0.074346,0.082065,0.11034,0.081449,0.11547,0.079849,0.10364,0.077749,0.10246,0.085946,0.079161,0.10217,0.073362,0.14725,0.081571,0.10502,0.069901,0.087385
0.072251,0.079802,0.090942,0.090751,0.054685,0.11543,0.061148,0.069557,0.08539,0.078921,0.097393,0.065655,0.090943,0.074955,0.097807,0,0.078787,0.078571,0.11971,0.093021,0.087972,0.0753,0.073362,0.062534,0.063631,0.083807,0.081414,0.080078,0.076469,0.071485,0.082802,0.081558,0.10147,0.066559,0.074268,0.075356,0.11397,0.080248,0.11363,0.074996,0.071656,0.089188,0.07977,0.072498,0.06187,0.083122,0.069523,0.10471,0.075703,0.066156,0.075148,0.082309,0.094137,0.050727,0.05402,0.065898,0.089828,0.088006,0.087919,0.13024,0.065011,0.073653,0.06923,0.081005,0.081005,0.067785,0.07142,0.08433,0.065178,0.12199,0.085402,0.117,0.070871,0.085423,0.063113,0.10362,0.10022,0.064429,0.094982,0.059862,0.1579,0.073081,0.099084,0.075587,0.074974
0.091467,0.070013,0.06704,0.065102,0.051957,0.13023,0.079056,0.071134,0.090742,0.071007,0.10248,0.063786,0.078905,0.064909,0.074434,0.078787,0,0.091731,0.13444,0.084607,0.070547,0.067392,0.073105,0.064571,0.056815,0.061719,0.096833,0.060162,0.068643,0.062903,0.074576,0.07088,0.072784,0.056405,0.071569,0.064422,0.11959,0.049556,0.077894,0.063158,0.056559,0.089747,0.082737,0.062784,0.064538,0.088784,0.075235,0.10522,0.08157,0.075561,0.059768,0.080629,0.064945,0.056213,0.054623,0.056008,0.054209,0.059172,0.065018,0.10657,0.078334,0.069077,0.071822,0.089515,0.089515,0.068918,0.090924,0.075027,0.082929,0.10376,0.081039,0.099233,0.071567,0.084326,0.073183,0.075994,0.096648,0.066786,0.085411,0.0652,0.1293,0.07512,0.075991,0.056046,0.061629
0.072862,0.067261,0.10805,0.11209,0.067134,0.14169,0.057505,0.076527,0.12233,0.067289,0.085188,0.068419,0.1027,0.062528,0.097574,0.078571,0.091731,0,0.12948,0.10548,0.091615,0.082928,0.073227,0.085414,0.076101,0.075496,0.056297,0.09073,0.093233,0.075065,0.1102,0.092859,0.11491,0.093977,0.061386,0.08375,0.11755,0.088414,0.1416,0.080407,0.070861,0.10318,0.11395,0.071798,0.07714,0.077977,0.065275,0.10331,0.11324,0.10328,0.075411,0.071713,0.11526,0.059761,0.059341,0.060927,0.083075,0.10813,0.089429,0.10947,0.085253,0.07849,0.071275,0.11586,0.11586,0.082645,0.06889,0.069839,0.098136,0.10402,0.081666,0.089116,0.062464,0.097113,0.049237,0.11621,0.11729,0.054739,0.086747,0.055695,0.18624,0.083256,0.12647,0.09738,0.091711
0.12724,0.11742,0.11779,0.13789,0.10747,0.16758,0.10442,0.12349,0.11276,0.12335,0.12956,0.11908,0.10926,0.12251,0.12227,0.11971,0.13444,0.12948,0,0.11812,0.13121,0.11987,0.12333,0.12335,0.11281,0.10942,0.10424,0.12334,0.13047,0.10902,0.13749,0.12009,0.14993,0.12713,0.12016,0.12778,0.14347,0.12535,0.13542,0.12072,0.13145,0.10937,0.12297,0.13153,0.1172,0.14135,0.12841,0.13036,0.14348,0.13634,0.12412,0.10637,0.13465,0.11051,0.112,0.12911,0.12019,0.11656,0.12218,0.13873,0.13994,0.1161,0.12933,0.13142,0.13142,0.11913,0.12514,0.12286,0.1131,0.15212,0.12045,0.14741,0.1255,0.13123,0.11202,0.17434,0.12706,0.12246,0.11844,0.11518,0.17368,0.11259,0.15472,0.12214,0.13577
0.089029,0.081284,0.099274,0.10824,0.066376,0.17076,0.092393,0.074804,0.073749,0.078328,0.096653,0.087544,0.1009,0.09027,0.10032,0.093021,0.084607,0.10548,0.11812,0,0.068686,0.073362,0.069291,0.098879,0.072109,0.076763,0.10264,0.079602,0.094164,0.070569,0.10706,0.087591,0.1056,0.091506,0.081759,0.085847,0.12969,0.090306,0.12006,0.093934,0.085629,0.108,0.11458,0.090612,0.088441,0.10068,0.099722,0.11815,0.10721,0.11479,0.079857,0.076819,0.11066,0.071341,0.070124,0.095697,0.089207,0.10231,0.073939,0.091775,0.11903,0.062208,0.090734,0.12202,0.12202,0.091135,0.10683,0.08013,0.10459,0.10212,0.10568,0.10405,0.079252,0.1107,0.08927,0.13517,0.093637,0.079776,0.053796,0.084179,0.15226,0.091937,0.11248,0.094819,0.078698
0.053991,0.049669,0.071866,0.092148,0.058546,0.1469,0.078567,0.063175,0.10014,0.062901,0.10282,0.065957,0.093795,0.064778,0.093774,0.087972,0.070547,0.091615,0.13121,0.068686,0,0.057763,0.070656,0.077521,0.060627,0.06574,0.10218,0.059914,0.065994,0.058624,0.09574,0.064799,0.09814,0.075173,0.064804,0.066395,0.12508,0.07037,0.11397,0.076302,0.064598,0.10387,0.10513,0.0686,0.059256,0.061336,0.069713,0.10333,0.080243,0.0904,0.057099,0.061227,0.098234,0.059732,0.063564,0.070721,0.066246,0.098732,0.062109,0.087679,0.089219,0.065234,0.063541,0.10043,0.10043,0.066885,0.090656,0.057251,0.091547,0.086017,0.087463,0.081375,0.058913,0.095519,0.074212,0.099981,0.08783,0.056686,0.066257,0.066656,0.14955,0.075228,0.10744,0.08569,0.067709
0.060753,0.045761,0.076966,0.077439,0.045163,0.13017,0.055717,0.057777,0.084267,0.063554,0.081633,0.045596,0.077148,0.051939,0.086564,0.0753,0.067392,0.082928,0.11987,0.073362,0.057763,0,0.046781,0.068506,0.042071,0.050608,0.074721,0.043834,0.063719,0.055863,0.080813,0.046481,0.082678,0.059715,0.05622,0.042799,0.11188,0.060709,0.10278,0.062004,0.040348,0.085277,0.094972,0.057627,0.057326,0.059983,0.069932,0.091419,0.070607,0.08803,0.054861,0.061447,0.091051,0.049663,0.049703,0.055356,0.053181,0.076456,0.039796,0.10085,0.078949,0.049457,0.058593,0.093449,0.093449,0.051797,0.071075,0.051437,0.075218,0.077995,0.066792,0.074428,0.051776,0.087556,0.056646,0.097592,0.08068,0.042303,0.073857,0.059119,0.15394,0.066781,0.097241,0.053353,0.051215
0.061291,0.061857,0.090817,0.097218,0.048491,0.14133,0.056076,0.068984,0.096233,0.055903,0.077581,0.051746,0.077194,0.056949,0.086528,0.073362,0.073105,0.073227,0.12333,0.069291,0.070656,0.046781,0,0.084807,0.057427,0.063897,0.067596,0.054437,0.08344,0.055269,0.095828,0.068463,0.085693,0.080307,0.043174,0.062841,0.12926,0.078097,0.1248,0.074201,0.054918,0.089535,0.10207,0.054413,0.07253,0.073009,0.061172,0.10723,0.088882,0.098581,0.057058,0.063885,0.10451,0.051666,0.052954,0.062731,0.06523,0.092835,0.056815,0.099206,0.088493,0.039098,0.05843,0.10306,0.10306,0.069384,0.065488,0.054028,0.084283,0.081299,0.068474,0.081945,0.041194,0.10591,0.05071,0.11172,0.092524,0.049597,0.065365,0.052264,0.16394,0.066492,0.10642,0.066417,0.073777
0.085023,0.060032,0.079832,0.072604,0.053913,0.099269,0.063847,0.055822,0.090527,0.072242,0.10341,0.061945,0.080405,0.06677,0.078677,0.062534,0.064571,0.085414,0.12335,0.098879,0.077521,0.068506,0.084807,0,0.06557,0.073635,0.087331,0.071833,0.066849,0.066512,0.067971,0.062762,0.086746,0.056188,0.077587,0.066069,0.12014,0.054661,0.091652,0.068396,0.056702,0.094129,0.084201,0.065202,0.061826,0.080518,0.081417,0.10176,0.079884,0.063675,0.069946,0.077686,0.06703,0.052121,0.05284,0.053477,0.078221,0.064374,0.084006,0.13285,0.067534,0.072684,0.068111,0.079022,0.079022,0.063675,0.08129,0.082615,0.055044,0.10882,0.082394,0.11107,0.080005,0.068568,0.065176,0.084336,0.093748,0.062479,0.10435,0.064595,0.13639,0.085661,0.088123,0.067061,0.073326
0.066493,0.059602,0.058927,0.066158,0.033656,0.12434,0.055933,0.051781,0.07404,0.056248,0.078284,0.051139,0.080328,0.049778,0.080224,0.063631,0.056815,0.076101,0.11281,0.072109,0.060627,0.042071,0.057427,0.06557,0,0.041201,0.068902,0.049244,0.058136,0.053717,0.073837,0.053078,0.081345,0.046046,0.05348,0.046714,0.10331,0.0466,0.093621,0.060117,0.049706,0.070305,0.082991,0.048771,0.049525,0.06997,0.062754,0.091459,0.065536,0.065192,0.047634,0.058511,0.0874,0.032063,0.032676,0.053342,0.045374,0.066291,0.055499,0.10034,0.075932,0.054098,0.058334,0.081564,0.081564,0.043353,0.065964,0.056156,0.064367,0.079256,0.065737,0.091315,0.057763,0.076521,0.056315,0.095975,0.075274,0.04484,0.063902,0.052343,0.14296,0.067383,0.083763,0.051026,0.055204
0.076297,0.054924,0.066692,0.079514,0.047949,0.12958,0.056215,0.0527,0.082711,0.059174,0.087763,0.060415,0.079968,0.058698,0.067347,0.083807,0.061719,0.075496,0.10942,0.076763,0.06574,0.050608,0.063897,0.073635,0.041201,0,0.070136,0.053236,0.066421,0.05545,0.081582,0.063047,0.084654,0.05665,0.05547,0.060637,0.11563,0.049851,0.096324,0.062128,0.05989,0.075433,0.087243,0.062813,0.063632,0.07109,0.065747,0.095104,0.087524,0.084842,0.055143,0.062782,0.086405,0.045895,0.043464,0.059117,0.03791,0.0753,0.052234,0.095337,0.082153,0.061941,0.066432,0.087253,0.087253,0.054594,0.073331,0.054126,0.07347,0.078991,0.062117,0.082262,0.063245,0.083361,0.057453,0.10567,0.082887,0.049574,0.068686,0.059417,0.14766,0.071827,0.092648,0.057228,0.064956
0.083308,0.073005,0.097897,0.1042,0.059497,0.1244,0.047066,0.080519,0.10522,0.069645,0.073014,0.065908,0.088235,0.067895,0.084071,0.081414,0.096833,0.056297,0.10424,0.10264,0.10218,0.074721,0.067596,0.087331,0.068902,0.070136,0,0.082589,0.098605,0.072363,0.10569,0.080327,0.10691,0.090504,0.062145,0.075389,0.12472,0.088432,0.13425,0.085183,0.075311,0.076974,0.10735,0.06854,0.081243,0.085292,0.06943,0.10485,0.10369,0.10047,0.079239,0.07016,0.11216,0.059785,0.057731,0.072364,0.081288,0.092304,0.084893,0.11491,0.08983,0.069018,0.068921,0.10107,0.10107,0.068559,0.066538,0.070152,0.07905,0.096983,0.072057,0.098908,0.066044,0.099716,0.049408,0.12575,0.10366,0.057945,0.089689,0.062468,0.18446,0.074231,0.12232,0.079604,0.092189
0.073964,0.059232,0.072862,0.085498,0.045373,0.11967,0.058225,0.059505,0.094841,0.071865,0.080811,0.047195,0.074642,0.057933,0.077064,0.080078,0.060162,0.09073,0.12334,0.079602,0.059914,0.043834,0.054437,0.071833,0.049244,0.053236,0.082589,0,0.060444,0.04435,0.092167,0.051963,0.088866,0.058501,0.060535,0.035218,0.12723,0.060885,0.11055,0.072591,0.049397,0.080006,0.092609,0.049052,0.063206,0.068994,0.061373,0.096712,0.075066,0.081405,0.045692,0.06859,0.087237,0.050158,0.051971,0.054726,0.053167,0.077625,0.058678,0.10515,0.07307,0.059913,0.059271,0.082516,0.082516,0.053309,0.069708,0.052932,0.072828,0.07744,0.055616,0.081038,0.053219,0.091085,0.054598,0.094301,0.08643,0.053209,0.079946,0.060579,0.14066,0.065659,0.093758,0.052172,0.0732
0.078728,0.066025,0.083221,0.071173,0.061701,0.12797,0.065354,0.072655,0.089702,0.083884,0.099768,0.054558,0.089791,0.075738,0.099162,0.076469,0.068643,0.093233,0.13047,0.094164,0.065994,0.063719,0.08344,0.066849,0.058136,0.066421,0.098605,0.060444,0,0.070141,0.072407,0.066475,0.096246,0.041408,0.080541,0.069271,0.11051,0.053155,0.098591,0.043933,0.059676,0.09221,0.10447,0.06082,0.043219,0.069057,0.08256,0.062967,0.068838,0.071087,0.079946,0.071976,0.092908,0.054191,0.056796,0.06591,0.056719,0.081766,0.079121,0.12024,0.075676,0.077277,0.06417,0.094066,0.094066,0.061901,0.065577,0.077294,0.076319,0.096751,0.078691,0.1013,0.075647,0.05274,0.07218,0.09516,0.10203,0.062589,0.095254,0.076611,0.13328,0.087491,0.087595,0.068995,0.066362
0.066055,0.050697,0.075344,0.086506,0.032485,0.12727,0.047722,0.048963,0.096765,0.062229,0.086359,0.049125,0.071719,0.056319,0.073061,0.071485,0.062903,0.075065,0.10902,0.070569,0.058624,0.055863,0.055269,0.066512,0.053717,0.05545,0.072363,0.04435,0.070141,0,0.099993,0.066483,0.10149,0.070879,0.057291,0.052243,0.12299,0.062967,0.10922,0.073529,0.058584,0.086802,0.087502,0.059026,0.065405,0.067717,0.055021,0.097884,0.080731,0.078911,0.046748,0.05206,0.088071,0.039385,0.041683,0.057314,0.061583,0.076821,0.05956,0.091568,0.071035,0.050239,0.05527,0.084272,0.084272,0.05375,0.06512,0.053773,0.07782,0.081774,0.055863,0.090025,0.045234,0.08634,0.048307,0.10718,0.084771,0.047787,0.069189,0.046039,0.14094,0.055072,0.10095,0.064653,0.078027
0.10365,0.087499,0.087528,0.071828,0.077762,0.12473,0.088561,0.085866,0.070781,0.093302,0.11369,0.079605,0.10094,0.094456,0.095844,0.082802,0.074576,0.1102,0.13749,0.10706,0.09574,0.080813,0.095828,0.067971,0.073837,0.081582,0.10569,0.092167,0.072407,0.099993,0,0.078735,0.080824,0.055324,0.092557,0.094064,0.12,0.061035,0.086233,0.065188,0.080538,0.080263,0.095973,0.081657,0.07026,0.095135,0.10151,0.10046,0.091887,0.075764,0.10233,0.094542,0.075413,0.075811,0.073578,0.082975,0.077369,0.07519,0.089492,0.13763,0.094301,0.084047,0.080383,0.094358,0.094358,0.076544,0.098798,0.098958,0.078535,0.1151,0.096369,0.12596,0.099831,0.081909,0.0931,0.090156,0.092489,0.083586,0.10866,0.093319,0.13658,0.10416,0.077147,0.063781,0.071257
0.073848,0.061783,0.071966,0.068288,0.054311,0.10759,0.068335,0.074013,0.082637,0.066062,0.082319,0.050029,0.08364,0.058839,0.089822,0.081558,0.07088,0.092859,0.12009,0.087591,0.064799,0.046481,0.068463,0.062762,0.053078,0.063047,0.080327,0.051963,0.066475,0.066483,0.078735,0,0.089801,0.06724,0.06439,0.053848,0.13223,0.059014,0.10258,0.066568,0.052913,0.07527,0.098828,0.055277,0.050637,0.073001,0.076809,0.094238,0.073104,0.077639,0.062278,0.056883,0.079761,0.055492,0.057793,0.055404,0.062016,0.071239,0.06584,0.1128,0.089257,0.0564,0.062405,0.080866,0.080866,0.056147,0.080572,0.069596,0.065099,0.092265,0.080983,0.096353,0.07258,0.079758,0.069895,0.098147,0.079276,0.059634,0.087811,0.076196,0.1606,0.080401,0.11072,0.066418,0.072901
0.10577,0.090311,0.093464,0.091334,0.08066,0.1339,0.098128,0.095087,0.10247,0.077355,0.12388,0.089688,0.094181,0.094349,0.084377,0.10147,0.072784,0.11491,0.14993,0.1056,0.09814,0.082678,0.085693,0.086746,0.081345,0.084654,0.10691,0.088866,0.096246,0.10149,0.080824,0.089801,0,0.081485,0.07786,0.090004,0.13233,0.079673,0.10599,0.087752,0.082306,0.11014,0.12023,0.082761,0.090025,0.1074,0.10326,0.127,0.091407,0.10371,0.09291,0.11295,0.099701,0.083224,0.08265,0.089427,0.084024,0.096326,0.084547,0.14533,0.10152,0.08699,0.094318,0.11077,0.11077,0.089919,0.1086,0.093104,0.084643,0.1146,0.10543,0.11466,0.098899,0.11466,0.0912,0.088656,0.10897,0.08817,0.11122,0.085383,0.15604,0.1067,0.090887,0.077529,0.073891
0.088198,0.070289,0.069091,0.065674,0.0541,0.11655,0.063311,0.059654,0.074417,0.080761,0.09539,0.063146,0.084017,0.071345,0.082523,0.066559,0.056405,0.093977,0.12713,0.091506,0.075173,0.059715,0.080307,0.056188,0.046046,0.05665,0.090504,0.058501,0.041408,0.070879,0.055324,0.06724,0.081485,0,0.078188,0.060144,0.11094,0.048468,0.084435,0.057115,0.056684,0.080484,0.081857,0.057587,0.057451,0.073736,0.0785,0.089528,0.065551,0.061704,0.07235,0.081648,0.079058,0.050765,0.049947,0.061719,0.056913,0.064088,0.074516,0.1214,0.068742,0.077406,0.063322,0.078676,0.078676,0.052628,0.072271,0.07371,0.05794,0.095328,0.070771,0.1039,0.074283,0.065332,0.069346,0.086902,0.091553,0.058129,0.095578,0.070118,0.12413,0.079882,0.063032,0.046799,0.054938
0.055486,0.05695,0.080758,0.093886,0.044626,0.12732,0.051869,0.066569,0.099582,0.03902,0.079454,0.053804,0.082681,0.055742,0.076821,0.074268,0.071569,0.061386,0.12016,0.081759,0.064804,0.05622,0.043174,0.077587,0.05348,0.05547,0.062145,0.060535,0.080541,0.057291,0.092557,0.06439,0.07786,0.078188,0,0.06445,0.12719,0.071388,0.12613,0.074751,0.058854,0.085074,0.10676,0.050469,0.062948,0.060919,0.051567,0.10623,0.083141,0.088078,0.055389,0.060603,0.10068,0.045191,0.049567,0.054624,0.061184,0.09625,0.059018,0.097899,0.079822,0.054239,0.051105,0.089566,0.089566,0.060867,0.065739,0.0407,0.074277,0.082892,0.062788,0.082021,0.046244,0.10183,0.04511,0.098815,0.083505,0.041837,0.07266,0.043804,0.16828,0.064894,0.11437,0.07422,0.073322
0.073727,0.057377,0.075167,0.088293,0.044876,0.11558,0.059508,0.05565,0.099343,0.075005,0.081909,0.052289,0.086256,0.047921,0.084325,0.075356,0.064422,0.08375,0.12778,0.085847,0.066395,0.042799,0.062841,0.066069,0.046714,0.060637,0.075389,0.035218,0.069271,0.052243,0.094064,0.053848,0.090004,0.060144,0.06445,0,0.11675,0.068394,0.11252,0.07862,0.046468,0.08491,0.090904,0.053812,0.06514,0.067152,0.061257,0.10358,0.073196,0.080695,0.046433,0.074876,0.085758,0.051073,0.051698,0.049703,0.066254,0.078486,0.057134,0.10514,0.069406,0.065093,0.05954,0.089079,0.089079,0.047929,0.075777,0.053179,0.07245,0.08046,0.061377,0.07881,0.0554,0.093711,0.050344,0.091537,0.088333,0.045981,0.081974,0.055241,0.15441,0.065022,0.093754,0.058671,0.067634
0.12037,0.11357,0.13008,0.12712,0.10997,0.18524,0.11922,0.11826,0.12725,0.12836,0.14568,0.11057,0.13188,0.11814,0.13607,0.11397,0.11959,0.11755,0.14347,0.12969,0.12508,0.11188,0.12926,0.12014,0.10331,0.11563,0.12472,0.12723,0.11051,0.12299,0.12,0.13223,0.13233,0.11094,0.12719,0.11675,0,0.10847,0.13015,0.10544,0.1149,0.13066,0.14269,0.12818,0.10301,0.13333,0.13316,0.10155,0.13173,0.1297,0.12341,0.12479,0.13485,0.10609,0.10372,0.11716,0.11913,0.12062,0.11668,0.15097,0.11543,0.12588,0.13352,0.15516,0.15516,0.11704,0.12354,0.12274,0.1388,0.14188,0.12863,0.13831,0.1238,0.11316,0.11431,0.12741,0.14121,0.11468,0.12181,0.10539,0.17056,0.1204,0.12312,0.11552,0.097565
0.084555,0.064637,0.064742,0.047889,0.051027,0.11865,0.069287,0.06061,0.080669,0.064302,0.097147,0.056376,0.074184,0.069015,0.070577,0.080248,0.049556,0.088414,0.12535,0.090306,0.07037,0.060709,0.078097,0.054661,0.0466,0.049851,0.088432,0.060885,0.053155,0.062967,0.061035,0.059014,0.079673,0.048468,0.071388,0.068394,0.10847,0,0.075552,0.05026,0.058827,0.079722,0.088951,0.060809,0.052329,0.08351,0.081321,0.081515,0.077404,0.064682,0.064624,0.065047,0.06927,0.046397,0.044503,0.055377,0.044476,0.053237,0.069998,0.11953,0.075153,0.063256,0.071749,0.081322,0.081322,0.056566,0.075587,0.076294,0.073588,0.091343,0.075573,0.10864,0.078108,0.057366,0.072931,0.084507,0.080028,0.064966,0.087027,0.069364,0.12614,0.086571,0.081015,0.050911,0.06534
0.13221,0.11085,0.084752,0.062288,0.10019,0.14861,0.11904,0.10953,0.095355,0.11467,0.14921,0.11011,0.10068,0.11063,0.11029,0.11363,0.077894,0.1416,0.13542,0.12006,0.11397,0.10278,0.1248,0.091652,0.093621,0.096324,0.13425,0.11055,0.098591,0.10922,0.086233,0.10258,0.10599,0.084435,0.12613,0.11252,0.13015,0.075552,0,0.08734,0.1057,0.11734,0.091295,0.1167,0.099308,0.13318,0.12938,0.12321,0.10306,0.099042,0.11047,0.11407,0.083096,0.1016,0.099616,0.10738,0.090664,0.060695,0.10197,0.14702,0.1181,0.10863,0.12165,0.11256,0.11256,0.1027,0.12872,0.12841,0.1053,0.14366,0.1256,0.1505,0.12717,0.091873,0.12538,0.12091,0.11803,0.11608,0.12574,0.11641,0.12394,0.11824,0.091069,0.085026,0.092715
0.075514,0.061508,0.083199,0.063105,0.060548,0.13376,0.062932,0.079651,0.087053,0.074173,0.098861,0.050799,0.078652,0.070939,0.093214,0.074996,0.063158,0.080407,0.12072,0.093934,0.076302,0.062004,0.074201,0.068396,0.060117,0.062128,0.085183,0.072591,0.043933,0.073529,0.065188,0.066568,0.087752,0.057115,0.074751,0.07862,0.10544,0.05026,0.08734,0,0.060752,0.087287,0.097091,0.067749,0.038969,0.079994,0.081599,0.058458,0.081643,0.08232,0.082095,0.064854,0.084219,0.054227,0.054133,0.061294,0.048658,0.073697,0.069477,0.1173,0.080574,0.063096,0.068137,0.10185,0.10185,0.065876,0.068711,0.080791,0.082962,0.10734,0.084664,0.099704,0.075053,0.054677,0.068588,0.10018,0.10214,0.063696,0.086915,0.073188,0.1498,0.08664,0.093778,0.06605,0.064025
0.074612,0.046825,0.087378,0.076227,0.045759,0.12347,0.056143,0.062238,0.096414,0.064351,0.082821,0.037211,0.084853,0.04331,0.090067,0.071656,0.056559,0.070861,0.13145,0.085629,0.064598,0.040348,0.054918,0.056702,0.049706,0.05989,0.075311,0.049397,0.059676,0.058584,0.080538,0.052913,0.082306,0.056684,0.058854,0.046468,0.1149,0.058827,0.1057,0.060752,0,0.089257,0.10119,0.039214,0.05841,0.063786,0.069885,0.093507,0.077518,0.078642,0.054681,0.068683,0.093369,0.045863,0.044652,0.046828,0.05554,0.071418,0.066129,0.11066,0.077823,0.062048,0.055558,0.095067,0.095067,0.065471,0.067174,0.063105,0.072519,0.082504,0.070971,0.074166,0.055622,0.078571,0.051444,0.081577,0.10454,0.042476,0.08737,0.056177,0.14725,0.072844,0.089528,0.058054,0.057546
0.10422,0.091958,0.088013,0.094056,0.070341,0.11419,0.078585,0.092778,0.083179,0.098375,0.090077,0.071185,0.10601,0.091546,0.092901,0.089188,0.089747,0.10318,0.10937,0.108,0.10387,0.085277,0.089535,0.094129,0.070305,0.075433,0.076974,0.080006,0.09221,0.086802,0.080263,0.07527,0.11014,0.080484,0.085074,0.08491,0.13066,0.079722,0.11734,0.087287,0.089257,0,0.0945,0.079871,0.07742,0.098283,0.08174,0.10435,0.1034,0.077991,0.094674,0.085758,0.096247,0.074882,0.072023,0.090097,0.075863,0.08273,0.091863,0.12247,0.098546,0.082726,0.077924,0.079485,0.079485,0.069842,0.094889,0.092297,0.084462,0.10783,0.078887,0.11592,0.091742,0.10202,0.081145,0.1111,0.092053,0.084723,0.096124,0.091316,0.15968,0.086746,0.1062,0.064908,0.097958
0.10486,0.098734,0.072283,0.096942,0.083069,0.12364,0.092127,0.081085,0.10376,0.10552,0.1231,0.099814,0.095923,0.090999,0.094666,0.07977,0.082737,0.11395,0.12297,0.11458,0.10513,0.094972,0.10207,0.084201,0.082991,0.087243,0.10735,0.092609,0.10447,0.087502,0.095973,0.098828,0.12023,0.081857,0.10676,0.090904,0.14269,0.088951,0.091295,0.097091,0.10119,0.0945,0,0.1042,0.095528,0.11119,0.083405,0.13596,0.10231,0.085081,0.084859,0.10388,0.078375,0.086928,0.086458,0.08818,0.091986,0.082683,0.092695,0.13113,0.08631,0.09438,0.096475,0.083647,0.083647,0.07862,0.11097,0.10478,0.089366,0.1355,0.096207,0.13003,0.096826,0.11212,0.094744,0.12236,0.099652,0.094599,0.10411,0.090866,0.14947,0.090352,0.095438,0.076839,0.10238
0.074315,0.062519,0.078807,0.079399,0.045661,0.1163,0.052684,0.068068,0.098046,0.057059,0.07714,0.043144,0.082275,0.048051,0.08357,0.072498,0.062784,0.071798,0.13153,0.090612,0.0686,0.057627,0.054413,0.065202,0.048771,0.062813,0.06854,0.049052,0.06082,0.059026,0.081657,0.055277,0.082761,0.057587,0.050469,0.053812,0.12818,0.060809,0.1167,0.067749,0.039214,0.079871,0.1042,0,0.059656,0.064414,0.059837,0.098048,0.074125,0.070542,0.05575,0.063268,0.096889,0.0408,0.043554,0.050148,0.057256,0.077013,0.077785,0.11088,0.078528,0.061189,0.043794,0.086218,0.086218,0.05924,0.05294,0.058582,0.061519,0.072575,0.0629,0.091572,0.05256,0.081377,0.050515,0.089773,0.098792,0.043418,0.087259,0.054341,0.14778,0.070753,0.091242,0.060194,0.072378
0.056819,0.056592,0.071009,0.066614,0.048953,0.12042,0.060657,0.07308,0.083374,0.065134,0.090226,0.042975,0.081899,0.064291,0.090356,0.06187,0.064538,0.07714,0.1172,0.088441,0.059256,0.057326,0.07253,0.061826,0.049525,0.063632,0.081243,0.063206,0.043219,0.065405,0.07026,0.050637,0.090025,0.057451,0.062948,0.06514,0.10301,0.052329,0.099308,0.038969,0.05841,0.07742,0.095528,0.059656,0,0.067827,0.067588,0.064464,0.066622,0.068331,0.068748,0.055206,0.082049,0.043576,0.047461,0.053305,0.057191,0.078353,0.067809,0.11187,0.068929,0.060989,0.058153,0.084885,0.084885,0.05135,0.069303,0.068686,0.073172,0.10509,0.081523,0.096897,0.065813,0.060129,0.062158,0.088586,0.087663,0.054926,0.080959,0.063842,0.1562,0.073551,0.10294,0.069791,0.060282
0.057322,0.053104,0.092596,0.10025,0.063958,0.12755,0.056739,0.06798,0.1124,0.076706,0.096531,0.060811,0.1057,0.068363,0.10143,0.083122,0.088784,0.077977,0.14135,0.10068,0.061336,0.059983,0.073009,0.080518,0.06997,0.07109,0.085292,0.068994,0.069057,0.067717,0.095135,0.073001,0.1074,0.073736,0.060919,0.067152,0.13333,0.08351,0.13318,0.079994,0.063786,0.098283,0.11119,0.064414,0.067827,0,0.056837,0.10253,0.075059,0.08638,0.077469,0.071129,0.11009,0.063988,0.067064,0.0688,0.073287,0.10875,0.068408,0.097875,0.073679,0.077623,0.037911,0.091665,0.091665,0.056568,0.069926,0.051518,0.08489,0.080312,0.064421,0.078133,0.051127,0.097771,0.061806,0.1005,0.096071,0.038814,0.094014,0.066774,0.17006,0.068974,0.11493,0.082651,0.073203
0.055367,0.061861,0.075118,0.10212,0.053128,0.11879,0.052872,0.066094,0.11572,0.067589,0.093024,0.058775,0.091751,0.055045,0.083397,0.069523,0.075235,0.065275,0.12841,0.099722,0.069713,0.069932,0.061172,0.081417,0.062754,0.065747,0.06943,0.061373,0.08256,0.055021,0.10151,0.076809,0.10326,0.0785,0.051567,0.061257,0.13316,0.081321,0.12938,0.081599,0.069885,0.08174,0.083405,0.059837,0.067588,0.056837,0,0.11284,0.08326,0.078329,0.055525,0.070938,0.098168,0.054483,0.058073,0.058543,0.068645,0.10059,0.06911,0.097269,0.061867,0.068361,0.045135,0.08092,0.08092,0.05213,0.068325,0.052675,0.080609,0.09127,0.057427,0.08417,0.041577,0.10606,0.045168,0.10086,0.095177,0.046007,0.078305,0.046511,0.17091,0.053011,0.1083,0.074159,0.085703
0.099162,0.089788,0.11702,0.093831,0.090311,0.15358,0.086511,0.10855,0.10861,0.10852,0.10628,0.074642,0.10289,0.1086,0.11891,0.10471,0.10522,0.10331,0.13036,0.11815,0.10333,0.091419,0.10723,0.10176,0.091459,0.095104,0.10485,0.096712,0.062967,0.097884,0.10046,0.094238,0.127,0.089528,0.10623,0.10358,0.10155,0.081515,0.12321,0.058458,0.093507,0.10435,0.13596,0.098048,0.064464,0.10253,0.11284,0,0.10641,0.11027,0.11453,0.084229,0.11828,0.085155,0.084549,0.095031,0.084202,0.10312,0.10329,0.13949,0.099783,0.095844,0.097893,0.12532,0.12532,0.090763,0.086309,0.1044,0.11566,0.12653,0.1057,0.12047,0.1013,0.062125,0.095472,0.12268,0.12164,0.094553,0.11333,0.10497,0.16447,0.11152,0.12858,0.097895,0.094562
0.079231,0.085505,0.075065,0.066202,0.06809,0.1124,0.080502,0.086663,0.098225,0.082993,0.1129,0.075546,0.092469,0.086792,0.10347,0.075703,0.08157,0.11324,0.14348,0.10721,0.080243,0.070607,0.088882,0.079884,0.065536,0.087524,0.10369,0.075066,0.068838,0.080731,0.091887,0.073104,0.091407,0.065551,0.083141,0.073196,0.13173,0.077404,0.10306,0.081643,0.077518,0.1034,0.10231,0.074125,0.066622,0.075059,0.08326,0.10641,0,0.067701,0.082931,0.089941,0.10591,0.069896,0.07442,0.082293,0.081888,0.088862,0.082833,0.13331,0.073597,0.085246,0.070681,0.073524,0.073524,0.056991,0.082434,0.085395,0.069718,0.11105,0.092367,0.12067,0.08047,0.086758,0.089744,0.097063,0.095005,0.072847,0.11178,0.083417,0.15501,0.081065,0.1026,0.074791,0.068092
0.095577,0.088661,0.080487,0.069884,0.065534,0.092245,0.079217,0.077135,0.096689,0.091376,0.11519,0.070993,0.10865,0.083317,0.10272,0.066156,0.075561,0.10328,0.13634,0.11479,0.0904,0.08803,0.098581,0.063675,0.065192,0.084842,0.10047,0.081405,0.071087,0.078911,0.075764,0.077639,0.10371,0.061704,0.088078,0.080695,0.1297,0.064682,0.099042,0.08232,0.078642,0.077991,0.085081,0.070542,0.068331,0.08638,0.078329,0.11027,0.067701,0,0.084829,0.090429,0.092071,0.062894,0.0652,0.07894,0.080099,0.077986,0.09925,0.13801,0.076576,0.089166,0.070869,0.061827,0.061827,0.064876,0.083825,0.099434,0.065743,0.11058,0.08516,0.12944,0.093231,0.079113,0.084198,0.090081,0.099568,0.079435,0.10983,0.081872,0.13567,0.092087,0.085416,0.071111,0.0907
0.065145,0.061536,0.063372,0.088763,0.047506,0.12738,0.066353,0.055276,0.10376,0.052615,0.088906,0.061879,0.074635,0.041256,0.074682,0.075148,0.059768,0.075411,0.12412,0.079857,0.057099,0.054861,0.057058,0.069946,0.047634,0.055143,0.079239,0.045692,0.079946,0.046748,0.10233,0.062278,0.09291,0.07235,0.055389,0.046433,0.12341,0.064624,0.11047,0.082095,0.054681,0.094674,0.084859,0.05575,0.068748,0.077469,0.055525,0.11453,0.082931,0.084829,0,0.064919,0.088454,0.046959,0.050157,0.045932,0.064049,0.080091,0.064062,0.10067,0.074942,0.06232,0.070157,0.087507,0.087507,0.062104,0.076351,0.053246,0.076467,0.086214,0.071258,0.088342,0.051614,0.097333,0.057064,0.098501,0.088587,0.052476,0.072382,0.046152,0.1527,0.062305,0.10278,0.069293,0.074737
0.059561,0.060007,0.076888,0.081566,0.052663,0.13954,0.058892,0.072386,0.090822,0.056038,0.078952,0.055629,0.077819,0.060978,0.089338,0.082309,0.080629,0.071713,0.10637,0.076819,0.061227,0.061447,0.063885,0.077686,0.058511,0.062782,0.07016,0.06859,0.071976,0.05206,0.094542,0.056883,0.11295,0.081648,0.060603,0.074876,0.12479,0.065047,0.11407,0.064854,0.068683,0.085758,0.10388,0.063268,0.055206,0.071129,0.070938,0.084229,0.089941,0.090429,0.064919,0,0.094206,0.048663,0.052112,0.061287,0.063834,0.082398,0.069074,0.086534,0.09264,0.047468,0.06014,0.097194,0.097194,0.062023,0.065903,0.060905,0.085991,0.086565,0.076549,0.1022,0.057514,0.076555,0.066429,0.12158,0.07956,0.05471,0.067383,0.066109,0.1615,0.070601,0.12247,0.08147,0.081935
0.10959,0.093003,0.076095,0.084369,0.080903,0.11875,0.097463,0.087076,0.095051,0.098413,0.12162,0.090344,0.088153,0.090847,0.08026,0.094137,0.064945,0.11526,0.13465,0.11066,0.098234,0.091051,0.10451,0.06703,0.0874,0.086405,0.11216,0.087237,0.092908,0.088071,0.075413,0.079761,0.099701,0.079058,0.10068,0.085758,0.13485,0.06927,0.083096,0.084219,0.093369,0.096247,0.078375,0.096889,0.082049,0.11009,0.098168,0.11828,0.10591,0.092071,0.088454,0.094206,0,0.083066,0.082461,0.070222,0.090428,0.069755,0.084144,0.12825,0.08825,0.086269,0.094822,0.094214,0.094214,0.078542,0.11356,0.097678,0.091069,0.1291,0.096682,0.13299,0.10162,0.095948,0.095104,0.10023,0.086288,0.092436,0.11042,0.091631,0.14705,0.095938,0.10231,0.0767,0.09183
0.059231,0.05048,0.06963,0.071746,0.021476,0.11765,0.03987,0.045812,0.079041,0.046288,0.079016,0.038846,0.072709,0.047318,0.071857,0.050727,0.056213,0.059761,0.11051,0.071341,0.059732,0.049663,0.051666,0.052121,0.032063,0.045895,0.059785,0.050158,0.054191,0.039385,0.075811,0.055492,0.083224,0.050765,0.045191,0.051073,0.10609,0.046397,0.1016,0.054227,0.045863,0.074882,0.086928,0.0408,0.043576,0.063988,0.054483,0.085155,0.069896,0.062894,0.046959,0.048663,0.083066,0,0.0117,0.042987,0.054013,0.069063,0.062427,0.10326,0.065019,0.045811,0.048351,0.079438,0.079438,0.04508,0.050706,0.053595,0.058298,0.082363,0.061019,0.093728,0.048598,0.066773,0.039999,0.09537,0.082303,0.035036,0.068252,0.036918,0.14475,0.060981,0.088748,0.056659,0.059878
