0,0.080506,0.098644,0.17986,0.058871,0.17013,0.063341,0.093742,0.1356,0.052816,0.096888,0.10547,0.13683,0.071924,0.083321,0.14629,0.071343,0.061551,0.10416,0.06769,0.096011,0.061514,0.059476,0.10766,0.053258,0.056559,0.07359,0.10649,0.076092,0.10827,0.14,0.1077,0.084629,0.11387,0.066229,0.088276,0.056739,0.087675,0.23775,0.087488,0.12689,0.18685,0.14636,0.10777,0.073048,0.096772,0.050919,0.071336,0.15667,0.12045,0.1262,0.057909,0.13159,0.065851,0.063026,0.15081,0.17913,0.17944,0.1181,0.14678,0.080771,0.055458,0.055452,0.095353,0.095746,0.059481,0.059183,0.083258,0.11085,0.070674,0.052284,0.055851,0.050712,0.099716,0.082344,0.098673,0.089413,0.047522,0.055371,0.065468,0.17806,0.079622,0.15422,0.096635,0.07049
0.080506,0,0.089497,0.14927,0.059366,0.13958,0.072264,0.10688,0.11018,0.071723,0.099217,0.080509,0.10547,0.064902,0.078722,0.12215,0.067561,0.088164,0.087064,0.063846,0.13183,0.083528,0.066553,0.11458,0.07946,0.076521,0.067103,0.090901,0.076411,0.090775,0.13606,0.098985,0.063912,0.08439,0.084399,0.065634,0.054517,0.069816,0.20555,0.095288,0.1125,0.1517,0.13628,0.10842,0.080952,0.10006,0.085155,0.087816,0.13294,0.099993,0.14837,0.0758,0.12217,0.06034,0.066557,0.1796,0.17368,0.14121,0.091883,0.13549,0.068895,0.062097,0.082301,0.089308,0.090347,0.086865,0.081887,0.06441,0.086381,0.069516,0.086607,0.068457,0.088801,0.088951,0.12119,0.09661,0.078462,0.074038,0.070645,0.099392,0.1402,0.091993,0.12791,0.092644,0.070007
0.098644,0.089497,0,0.1245,0.067765,0.13573,0.094725,0.11057,0.10311,0.093691,0.076041,0.10524,0.089419,0.10359,0.052003,0.13848,0.075476,0.10312,0.075062,0.089775,0.12876,0.095848,0.094647,0.095909,0.094795,0.069698,0.087748,0.11018,0.10234,0.063826,0.11756,0.09896,0.073288,0.10064,0.10661,0.089753,0.092772,0.081726,0.16826,0.096904,0.12499,0.14054,0.11693,0.087637,0.09484,0.1317,0.089927,0.10831,0.12177,0.089324,0.14079,0.10584,0.081063,0.05865,0.065278,0.15964,0.17529,0.11695,0.1131,0.086687,0.08112,0.095517,0.10938,0.083528,0.082902,0.11144,0.098906,0.093342,0.098396,0.0624,0.11151,0.092674,0.090577,0.084758,0.12938,0.080784,0.076619,0.10496,0.094354,0.10298,0.12788,0.091489,0.11912,0.054465,0.059654
0.17986,0.14927,0.1245,0,0.14607,0.1894,0.17047,0.20326,0.13608,0.17763,0.14374,0.16834,0.085649,0.17613,0.12801,0.16443,0.14529,0.1982,0.12069,0.16527,0.2019,0.18019,0.16563,0.17055,0.16726,0.16188,0.17116,0.15848,0.16432,0.12493,0.17916,0.15239,0.14524,0.14678,0.19093,0.1417,0.16326,0.12726,0.10399,0.18603,0.19442,0.19063,0.15779,0.13936,0.18022,0.18075,0.19296,0.18242,0.15498,0.16094,0.19665,0.18904,0.1266,0.13852,0.14777,0.24948,0.21821,0.061646,0.13554,0.11262,0.14887,0.1676,0.18916,0.1414,0.13912,0.18314,0.18183,0.13836,0.17363,0.14326,0.19183,0.1706,0.19058,0.13896,0.21822,0.14283,0.13759,0.17812,0.17164,0.18344,0.086338,0.16651,0.10504,0.12868,0.15104
0.058871,0.059366,0.067765,0.14607,0,0.13754,0.068651,0.092376,0.10056,0.064136,0.08353,0.083542,0.10551,0.062881,0.048009,0.14235,0.054573,0.073064,0.081361,0.067142,0.11353,0.064538,0.056245,0.10174,0.061768,0.060879,0.072764,0.09296,0.075151,0.081726,0.12001,0.0939,0.065235,0.09033,0.081289,0.068192,0.062571,0.065955,0.19714,0.086346,0.10356,0.14841,0.1117,0.084769,0.078463,0.089391,0.067095,0.088621,0.12279,0.089839,0.12706,0.073374,0.094742,0.034863,0.04129,0.1474,0.17607,0.1453,0.098177,0.11716,0.066269,0.055587,0.067559,0.062529,0.06356,0.075804,0.074158,0.078859,0.086056,0.033724,0.070493,0.061946,0.067791,0.066707,0.10748,0.072188,0.066941,0.062729,0.058322,0.081555,0.14172,0.074696,0.12834,0.065369,0.05628
0.17013,0.13958,0.13573,0.1894,0.13754,0,0.15622,0.16583,0.14166,0.15071,0.16145,0.12344,0.14794,0.1577,0.13927,0.17009,0.13853,0.1572,0.12092,0.14743,0.19946,0.16005,0.13332,0.14552,0.16527,0.15889,0.15852,0.12494,0.17024,0.14219,0.15609,0.1462,0.12893,0.13601,0.16468,0.12574,0.14755,0.14385,0.20847,0.16341,0.13401,0.12179,0.14311,0.13696,0.17174,0.1701,0.16378,0.18128,0.13907,0.085926,0.20006,0.1565,0.13702,0.13432,0.14466,0.21978,0.22591,0.17785,0.13534,0.15562,0.13281,0.14281,0.1554,0.14589,0.14832,0.16474,0.16641,0.15972,0.12399,0.13551,0.15563,0.16076,0.15935,0.1375,0.19098,0.14382,0.12403,0.16841,0.14258,0.17343,0.18102,0.14985,0.15433,0.13927,0.13896
0.063341,0.072264,0.094725,0.17047,0.068651,0.15622,0,0.094072,0.11919,0.046354,0.089774,0.093754,0.12331,0.057354,0.083622,0.13344,0.064458,0.071864,0.098807,0.053379,0.11735,0.060527,0.066493,0.11526,0.072173,0.055556,0.057286,0.090553,0.063775,0.1044,0.13307,0.090878,0.080553,0.086678,0.060134,0.065157,0.059148,0.083638,0.23174,0.087273,0.11342,0.17948,0.15105,0.11502,0.075053,0.088618,0.072258,0.076696,0.16484,0.11636,0.15623,0.045917,0.14573,0.065626,0.069163,0.15593,0.14464,0.16758,0.10716,0.14245,0.078216,0.057873,0.052531,0.10706,0.10831,0.084797,0.048284,0.077083,0.093024,0.070579,0.060308,0.056369,0.073418,0.093588,0.097745,0.085048,0.093421,0.060391,0.048503,0.086874,0.17436,0.064748,0.14702,0.092315,0.065356
0.093742,0.10688,0.11057,0.20326,0.092376,0.16583,0.094072,0,0.14167,0.097462,0.10588,0.14006,0.15396,0.073412,0.094226,0.19385,0.10929,0.074581,0.11233,0.076415,0.10235,0.075726,0.10295,0.12486,0.10007,0.075407,0.08538,0.13863,0.1258,0.1321,0.14317,0.13137,0.11549,0.14145,0.10475,0.11157,0.094656,0.13403,0.24546,0.11747,0.15019,0.18479,0.17002,0.12595,0.11197,0.11499,0.072731,0.12156,0.16144,0.1328,0.15571,0.091913,0.15618,0.089588,0.086199,0.10661,0.18768,0.19779,0.15653,0.14847,0.096337,0.096596,0.079532,0.13347,0.13345,0.091895,0.095656,0.13245,0.11835,0.079956,0.099439,0.077152,0.077097,0.12071,0.088559,0.10723,0.10953,0.086529,0.09103,0.095105,0.20319,0.11892,0.19523,0.11049,0.092657
0.1356,0.11018,0.10311,0.13608,0.10056,0.14166,0.11919,0.14167,0,0.13443,0.10869,0.11826,0.099343,0.11677,0.094748,0.14723,0.098109,0.13974,0.10769,0.11054,0.1697,0.1244,0.11904,0.12978,0.14283,0.11734,0.12853,0.11102,0.12096,0.08084,0.12838,0.13268,0.099467,0.10828,0.14574,0.098988,0.12128,0.12261,0.17981,0.12278,0.12046,0.16577,0.15722,0.099109,0.11875,0.1513,0.13694,0.12411,0.1626,0.1266,0.20101,0.13869,0.12378,0.10106,0.11135,0.1999,0.16038,0.13797,0.10759,0.1151,0.11768,0.12781,0.13287,0.10893,0.1099,0.12984,0.14015,0.13543,0.11741,0.095794,0.14243,0.11388,0.13674,0.11125,0.1671,0.087111,0.11269,0.12833,0.12496,0.13698,0.13007,0.10744,0.12202,0.11934,0.10148
0.052816,0.071723,0.093691,0.17763,0.064136,0.15071,0.046354,0.097462,0.13443,0,0.10339,0.082663,0.13656,0.069229,0.088929,0.12835,0.074228,0.061782,0.10479,0.067136,0.11267,0.063592,0.062127,0.10426,0.05628,0.060261,0.060881,0.094595,0.067115,0.10673,0.12404,0.098893,0.073337,0.091099,0.040119,0.077541,0.058456,0.074266,0.23825,0.077324,0.11158,0.17397,0.14614,0.11007,0.069803,0.090684,0.066453,0.078333,0.1537,0.11548,0.13418,0.038598,0.13929,0.06497,0.06648,0.15517,0.16823,0.17497,0.10935,0.14997,0.073996,0.049887,0.053413,0.096108,0.097597,0.080987,0.050393,0.070944,0.086805,0.073764,0.044531,0.058614,0.068164,0.09542,0.095281,0.096267,0.091863,0.060155,0.042023,0.08194,0.17867,0.067744,0.15167,0.091433,0.060552
0.096888,0.099217,0.076041,0.14374,0.08353,0.16145,0.089774,0.10588,0.10869,0.10339,0,0.13552,0.10589,0.095497,0.056461,0.16685,0.09454,0.092871,0.084884,0.0863,0.13684,0.099967,0.10135,0.08983,0.10998,0.071426,0.094176,0.12002,0.12203,0.10409,0.15454,0.11532,0.10566,0.1279,0.11838,0.10041,0.092899,0.10746,0.20292,0.12466,0.15515,0.15919,0.14982,0.098554,0.11512,0.13292,0.094141,0.108,0.13109,0.12506,0.15693,0.10935,0.12348,0.065956,0.063089,0.1514,0.17703,0.1419,0.13892,0.10233,0.087901,0.1061,0.10783,0.11654,0.11543,0.10598,0.092403,0.11551,0.10444,0.069882,0.11021,0.089442,0.089867,0.10885,0.12218,0.081719,0.080021,0.097817,0.10042,0.094837,0.15533,0.096163,0.15434,0.097121,0.092676
0.10547,0.080509,0.10524,0.16834,0.083542,0.12344,0.093754,0.14006,0.11826,0.082663,0.13552,0,0.13352,0.10776,0.11319,0.10701,0.088508,0.10969,0.12077,0.1047,0.14709,0.10358,0.087638,0.11834,0.10823,0.10733,0.10535,0.075671,0.077012,0.10175,0.12298,0.11062,0.068182,0.066595,0.10178,0.078153,0.10175,0.088469,0.22119,0.096671,0.081773,0.13786,0.14067,0.11193,0.09588,0.10977,0.11095,0.11278,0.15539,0.093104,0.16979,0.090545,0.1291,0.095451,0.10551,0.20131,0.16459,0.16408,0.087173,0.15498,0.10553,0.094223,0.099645,0.098238,0.10233,0.11279,0.11591,0.088748,0.098312,0.095715,0.10657,0.10667,0.12014,0.10162,0.13658,0.11871,0.10954,0.10063,0.086754,0.11743,0.15755,0.10352,0.1349,0.10732,0.084422
0.13683,0.10547,0.089419,0.085649,0.10551,0.14794,0.12331,0.15396,0.099343,0.13656,0.10589,0.13352,0,0.12874,0.081052,0.1427,0.098986,0.15192,0.077987,0.11263,0.16189,0.13432,0.11667,0.14304,0.12737,0.11704,0.11439,0.11733,0.12949,0.094395,0.15108,0.12595,0.10703,0.11574,0.15096,0.1059,0.12012,0.098783,0.13307,0.14515,0.15114,0.15874,0.12579,0.11739,0.14032,0.14039,0.14381,0.13986,0.12533,0.11437,0.16685,0.14273,0.11269,0.089592,0.1034,0.21529,0.19398,0.086108,0.10149,0.10192,0.10698,0.12056,0.13937,0.11709,0.11637,0.13712,0.13935,0.1111,0.12368,0.099182,0.14704,0.12376,0.14077,0.10987,0.17216,0.11237,0.10027,0.1322,0.12282,0.14256,0.10068,0.1205,0.090719,0.096484,0.10841
0.071924,0.064902,0.10359,0.17613,0.062881,0.1577,0.057354,0.073412,0.11677,0.069229,0.095497,0.10776,0.12874,0,0.079068,0.15997,0.076992,0.071261,0.10157,0.049592,0.10419,0.057366,0.073862,0.1214,0.076566,0.061071,0.065351,0.11464,0.085749,0.10869,0.13819,0.10266,0.083398,0.11023,0.076827,0.079391,0.056745,0.10088,0.22791,0.098413,0.12826,0.17591,0.14926,0.11424,0.086508,0.091743,0.066156,0.086863,0.15331,0.11978,0.1445,0.065602,0.14181,0.071009,0.072825,0.13984,0.16502,0.17181,0.11353,0.13886,0.078874,0.0657,0.062105,0.10782,0.10826,0.07723,0.063753,0.094144,0.097546,0.059206,0.071063,0.0482,0.073351,0.1014,0.090253,0.079429,0.092889,0.067873,0.065149,0.081893,0.17353,0.082752,0.16008,0.098069,0.069676
0.083321,0.078722,0.052003,0.12801,0.048009,0.13927,0.083622,0.094226,0.094748,0.088929,0.056461,0.11319,0.081052,0.079068,0,0.15176,0.071918,0.08923,0.063822,0.074294,0.11847,0.080726,0.077624,0.09684,0.084099,0.062518,0.07841,0.10585,0.10394,0.082592,0.12872,0.10389,0.080289,0.10691,0.10183,0.082679,0.078625,0.078892,0.17936,0.10642,0.12997,0.14425,0.11546,0.081199,0.1014,0.11063,0.08411,0.10516,0.1054,0.098317,0.13241,0.097297,0.091922,0.032682,0.04037,0.15053,0.18317,0.12662,0.10812,0.090106,0.063171,0.078216,0.09166,0.080543,0.079733,0.09382,0.088635,0.096519,0.086662,0.034833,0.095131,0.072243,0.079852,0.08145,0.11546,0.069561,0.063119,0.08288,0.078481,0.085796,0.13611,0.081959,0.12676,0.065626,0.067732
0.14629,0.12215,0.13848,0.16443,0.14235,0.17009,0.13344,0.19385,0.14723,0.12835,0.16685,0.10701,0.1427,0.15997,0.15176,0,0.12848,0.1687,0.14678,0.14681,0.18693,0.15687,0.13108,0.15459,0.14575,0.14101,0.14375,0.111,0.11785,0.12112,0.15927,0.14404,0.10912,0.10862,0.13118,0.11678,0.13367,0.10733,0.23162,0.13448,0.14314,0.19966,0.18934,0.15026,0.12962,0.16872,0.16485,0.13706,0.19512,0.15196,0.20086,0.13223,0.16163,0.13915,0.14969,0.26639,0.18724,0.16364,0.097433,0.17885,0.13661,0.13387,0.1574,0.1355,0.13796,0.15205,0.14753,0.10505,0.14069,0.15003,0.14952,0.14237,0.16082,0.14493,0.18631,0.16126,0.14376,0.14197,0.12785,0.16054,0.16398,0.12921,0.11726,0.14846,0.12714
0.071343,0.067561,0.075476,0.14529,0.054573,0.13853,0.064458,0.10929,0.098109,0.074228,0.09454,0.088508,0.098986,0.076992,0.071918,0.12848,0,0.085765,0.083728,0.064048,0.12677,0.068802,0.055028,0.11514,0.073261,0.066325,0.081246,0.090657,0.071391,0.074644,0.1142,0.090755,0.065305,0.087804,0.08384,0.057499,0.058748,0.07597,0.19381,0.074853,0.0996,0.16367,0.13185,0.10996,0.071892,0.10598,0.079412,0.070677,0.14662,0.08984,0.14768,0.077598,0.11266,0.060542,0.071764,0.16389,0.14592,0.13708,0.095171,0.11847,0.08822,0.065188,0.076886,0.0895,0.090451,0.090186,0.077157,0.067962,0.11129,0.064743,0.082609,0.072011,0.071848,0.077809,0.11825,0.074846,0.067529,0.077831,0.065889,0.098193,0.13263,0.078711,0.11903,0.065417,0.057316
0.061551,0.088164,0.10312,0.1982,0.073064,0.1572,0.071864,0.074581,0.13974,0.061782,0.092871,0.10969,0.15192,0.071261,0.08923,0.1687,0.085765,0,0.11083,0.072602,0.1141,0.06033,0.078779,0.089184,0.087127,0.068104,0.079291,0.11369,0.094869,0.12423,0.13499,0.11779,0.094471,0.12021,0.072107,0.092437,0.067423,0.10823,0.25272,0.083547,0.12124,0.16399,0.15851,0.11335,0.081975,0.1087,0.048773,0.08237,0.14746,0.12242,0.14723,0.070094,0.14618,0.073708,0.067705,0.1257,0.17236,0.1914,0.14222,0.15151,0.087383,0.070647,0.062048,0.11086,0.1119,0.08406,0.071209,0.10618,0.10276,0.072843,0.070812,0.070011,0.056149,0.10778,0.071662,0.096002,0.089898,0.062153,0.07221,0.068441,0.19435,0.097353,0.18645,0.10501,0.080168
0.10416,0.087064,0.075062,0.12069,0.081361,0.12092,0.098807,0.11233,0.10769,0.10479,0.084884,0.12077,0.077987,0.10157,0.063822,0.14678,0.083728,0.11083,0,0.085509,0.13605,0.10608,0.092157,0.10734,0.099269,0.09102,0.099178,0.096913,0.11652,0.09133,0.13033,0.095105,0.094465,0.11223,0.12092,0.073919,0.084106,0.089248,0.16986,0.12672,0.13897,0.15716,0.12725,0.089237,0.11763,0.12033,0.10824,0.12402,0.11942,0.093032,0.15427,0.11409,0.1027,0.065783,0.074239,0.1724,0.18791,0.12047,0.10936,0.090393,0.064323,0.082532,0.10565,0.09545,0.09356,0.1035,0.10607,0.10329,0.10765,0.074599,0.10714,0.093578,0.10506,0.087969,0.13701,0.085283,0.06289,0.10269,0.096759,0.11099,0.12832,0.1091,0.11426,0.086898,0.080685
0.06769,0.063846,0.089775,0.16527,0.067142,0.14743,0.053379,0.076415,0.11054,0.067136,0.0863,0.1047,0.11263,0.049592,0.074294,0.14681,0.064048,0.072602,0.085509,0,0.1133,0.058297,0.0561,0.11313,0.073975,0.053766,0.054225,0.093747,0.081906,0.097057,0.13069,0.10226,0.067191,0.095199,0.075422,0.070841,0.047679,0.095196,0.21633,0.090736,0.12825,0.1687,0.14908,0.10757,0.078893,0.090027,0.067361,0.078198,0.14756,0.10948,0.15404,0.069366,0.13564,0.063307,0.068012,0.15219,0.16021,0.15789,0.1032,0.1275,0.065396,0.066245,0.052342,0.11012,0.11041,0.074129,0.067914,0.085886,0.09885,0.058464,0.076074,0.043774,0.072625,0.091909,0.094617,0.072523,0.087464,0.069535,0.061821,0.082419,0.16588,0.070537,0.14556,0.09243,0.059699
0.096011,0.13183,0.12876,0.2019,0.11353,0.19946,0.11735,0.10235,0.1697,0.11267,0.13684,0.14709,0.16189,0.10419,0.11847,0.18693,0.12677,0.1141,0.13605,0.1133,0,0.088708,0.12371,0.14489,0.10519,0.093781,0.11634,0.16264,0.13355,0.14386,0.15921,0.13605,0.12319,0.15948,0.1211,0.1346,0.11719,0.14162,0.25059,0.13984,0.17658,0.21177,0.17849,0.13477,0.13161,0.13681,0.095941,0.13577,0.1829,0.14981,0.12665,0.10685,0.16397,0.11837,0.11902,0.15769,0.19581,0.19968,0.14688,0.15606,0.12768,0.11758,0.11448,0.14863,0.14809,0.10979,0.11818,0.12902,0.15513,0.10769,0.11798,0.099258,0.1047,0.1558,0.072548,0.14156,0.13169,0.10692,0.11141,0.083245,0.20829,0.13781,0.18939,0.12329,0.10305
0.061514,0.083528,0.095848,0.18019,0.064538,0.16005,0.060527,0.075726,0.1244,0.063592,0.099967,0.10358,0.13432,0.057366,0.080726,0.15687,0.068802,0.06033,0.10608,0.058297,0.088708,0,0.068078,0.11919,0.072547,0.056889,0.076332,0.1107,0.085509,0.11399,0.11572,0.10056,0.07792,0.10536,0.068858,0.079093,0.063852,0.10013,0.23587,0.088606,0.12347,0.17387,0.15838,0.1116,0.079136,0.096142,0.06572,0.089192,0.15722,0.12019,0.145,0.061734,0.14321,0.070552,0.073869,0.1367,0.1484,0.17254,0.11555,0.1349,0.089489,0.070744,0.05975,0.11186,0.11266,0.091516,0.072396,0.091501,0.11488,0.061498,0.074616,0.04621,0.066698,0.10271,0.067178,0.087968,0.094044,0.060958,0.066834,0.064817,0.17968,0.086499,0.16202,0.092112,0.060526
0.059476,0.066553,0.094647,0.16563,0.056245,0.13332,0.066493,0.10295,0.11904,0.062127,0.10135,0.087638,0.11667,0.073862,0.077624,0.13108,0.055028,0.078779,0.092157,0.0561,0.12371,0.068078,0,0.11415,0.061125,0.070287,0.078005,0.07851,0.086107,0.099024,0.12817,0.11061,0.065787,0.090525,0.070241,0.066849,0.057053,0.076316,0.21819,0.091032,0.11465,0.15733,0.13839,0.11065,0.087017,0.084914,0.080074,0.084491,0.13234,0.093158,0.1403,0.066121,0.12472,0.060231,0.069761,0.16859,0.17575,0.15765,0.090893,0.1377,0.071838,0.05675,0.058549,0.098549,0.10016,0.072823,0.073066,0.076743,0.099302,0.064892,0.062218,0.060733,0.0712,0.085993,0.10815,0.090006,0.072534,0.066177,0.042159,0.091273,0.15917,0.069524,0.13343,0.087431,0.070455
0.10766,0.11458,0.095909,0.17055,0.10174,0.14552,0.11526,0.12486,0.12978,0.10426,0.08983,0.11834,0.14304,0.1214,0.09684,0.15459,0.11514,0.089184,0.10734,0.11313,0.14489,0.11919,0.11415,0,0.13295,0.10016,0.12025,0.11941,0.1239,0.11017,0.15245,0.13798,0.099806,0.12548,0.11559,0.10924,0.10587,0.11657,0.22742,0.10803,0.13918,0.14511,0.15758,0.082647,0.118,0.1546,0.10125,0.11117,0.12996,0.12365,0.1678,0.12164,0.1235,0.095064,0.091245,0.17649,0.19456,0.16978,0.13875,0.12943,0.093783,0.11188,0.12027,0.10937,0.1098,0.1137,0.12028,0.12384,0.10307,0.094163,0.12148,0.11503,0.10802,0.12606,0.1196,0.10393,0.092668,0.11314,0.10981,0.091921,0.18136,0.11638,0.17619,0.11504,0.1028
0.053258,0.07946,0.094795,0.16726,0.061768,0.16527,0.072173,0.10007,0.14283,0.05628,0.10998,0.10823,0.12737,0.076566,0.084099,0.14575,0.073261,0.087127,0.099269,0.073975,0.10519,0.072547,0.061125,0.13295,0,0.066078,0.072378,0.10962,0.086801,0.10695,0.12526,0.1059,0.08954,0.11481,0.071428,0.090036,0.069163,0.077505,0.21976,0.099542,0.13461,0.1882,0.14089,0.12455,0.083677,0.082175,0.074845,0.093212,0.14999,0.11728,0.11024,0.0641,0.13213,0.066745,0.071727,0.14772,0.18602,0.1646,0.11797,0.14481,0.083751,0.057436,0.066888,0.098526,0.098097,0.073011,0.058834,0.077646,0.11509,0.076254,0.051929,0.061158,0.068624,0.091743,0.11007,0.1034,0.08809,0.066121,0.054841,0.097913,0.15971,0.084351,0.14074,0.084337,0.066785
0.056559,0.076521,0.069698,0.16188,0.060879,0.15889,0.055556,0.075407,0.11734,0.060261,0.071426,0.10733,0.11704,0.061071,0.062518,0.14101,0.066325,0.068104,0.09102,0.053766,0.093781,0.056889,0.070287,0.10016,0.066078,0,0.055018,0.11008,0.083792,0.093039,0.13238,0.09138,0.074454,0.11148,0.072465,0.08188,0.056966,0.090568,0.21785,0.088194,0.13561,0.17399,0.14458,0.10471,0.077895,0.10401,0.052851,0.079038,0.14981,0.11425,0.12875,0.056228,0.1225,0.057177,0.059246,0.14026,0.16152,0.16025,0.11613,0.11731,0.07524,0.072962,0.067996,0.10387,0.10413,0.075753,0.056851,0.079531,0.099036,0.051087,0.075957,0.049424,0.048329,0.095085,0.086293,0.08121,0.083123,0.062875,0.058564,0.066361,0.16545,0.071485,0.14807,0.07474,0.054846
0.07359,0.067103,0.087748,0.17116,0.072764,0.15852,0.057286,0.08538,0.12853,0.060881,0.094176,0.10535,0.11439,0.065351,0.07841,0.14375,0.081246,0.079291,0.099178,0.054225,0.11634,0.076332,0.078005,0.12025,0.072378,0.055018,0,0.10903,0.079823,0.10856,0.14504,0.10606,0.084191,0.10472,0.077225,0.094565,0.067085,0.091171,0.22203,0.094111,0.12908,0.17236,0.13669,0.12173,0.084337,0.091839,0.067314,0.089376,0.1494,0.1186,0.13888,0.062327,0.13893,0.061111,0.063479,0.15755,0.17786,0.16913,0.11755,0.14171,0.072138,0.067847,0.061244,0.10918,0.11018,0.087833,0.070117,0.08334,0.079876,0.068987,0.0807,0.063116,0.074154,0.10049,0.10502,0.10137,0.10452,0.071031,0.062524,0.08984,0.17488,0.077005,0.1511,0.092009,0.071168
0.10649,0.090901,0.11018,0.15848,0.09296,0.12494,0.090553,0.13863,0.11102,0.094595,0.12002,0.075671,0.11733,0.11464,0.10585,0.111,0.090657,0.11369,0.096913,0.093747,0.16264,0.1107,0.07851,0.11941,0.10962,0.11008,0.10903,0,0.090309,0.10699,0.12151,0.11755,0.08401,0.07135,0.11033,0.061574,0.099315,0.088191,0.21916,0.11364,0.10466,0.14883,0.15583,0.10728,0.103,0.097939,0.12206,0.11585,0.15004,0.10551,0.18812,0.10286,0.13739,0.090672,0.10196,0.20343,0.16924,0.1561,0.092305,0.15099,0.089808,0.090705,0.095058,0.10432,0.1069,0.099628,0.11296,0.10565,0.10651,0.096816,0.10373,0.1011,0.1248,0.084395,0.14464,0.10746,0.099584,0.091175,0.086352,0.12501,0.1527,0.096334,0.12737,0.12012,0.092949
0.076092,0.076411,0.10234,0.16432,0.075151,0.17024,0.063775,0.1258,0.12096,0.067115,0.12203,0.077012,0.12949,0.085749,0.10394,0.11785,0.071391,0.094869,0.11652,0.081906,0.13355,0.085509,0.086107,0.1239,0.086801,0.083792,0.079823,0.090309,0,0.097225,0.1291,0.098489,0.073302,0.076525,0.07795,0.074793,0.074802,0.080816,0.22393,0.072451,0.097151,0.18366,0.14509,0.11473,0.057807,0.098265,0.087597,0.073138,0.17611,0.12561,0.1649,0.076679,0.13505,0.086438,0.090671,0.1828,0.15069,0.16737,0.098872,0.15437,0.095147,0.071418,0.076306,0.085797,0.088026,0.094687,0.086013,0.072205,0.11101,0.086777,0.089837,0.08338,0.10078,0.085776,0.11952,0.097286,0.11416,0.074332,0.078096,0.101,0.16176,0.084076,0.13821,0.10146,0.072385
0.10827,0.090775,0.063826,0.12493,0.081726,0.14219,0.1044,0.1321,0.08084,0.10673,0.10409,0.10175,0.094395,0.10869,0.082592,0.12112,0.074644,0.12423,0.09133,0.097057,0.14386,0.11399,0.099024,0.11017,0.10695,0.093039,0.10856,0.10699,0.097225,0,0.11313,0.11992,0.06911,0.093262,0.11393,0.088196,0.10037,0.088679,0.16406,0.087575,0.11171,0.16281,0.13595,0.093352,0.086386,0.14546,0.10633,0.093651,0.14682,0.096987,0.16249,0.11952,0.094379,0.084463,0.093359,0.18681,0.16911,0.11479,0.095798,0.11024,0.09746,0.10242,0.12188,0.081092,0.080475,0.10502,0.11059,0.099435,0.1131,0.087192,0.11754,0.10079,0.10978,0.095859,0.14951,0.081956,0.085675,0.11719,0.10226,0.12446,0.11088,0.092876,0.10227,0.080648,0.065376
0.14,0.13606,0.11756,0.17916,0.12001,0.15609,0.13307,0.14317,0.12838,0.12404,0.15454,0.12298,0.15108,0.13819,0.12872,0.15927,0.1142,0.13499,0.13033,0.13069,0.15921,0.11572,0.12817,0.15245,0.12526,0.13238,0.14504,0.12151,0.1291,0.11313,0,0.14536,0.11239,0.12117,0.12898,0.1111,0.13592,0.12684,0.22095,0.10964,0.12063,0.18376,0.1898,0.13374,0.10602,0.14941,0.14052,0.13694,0.17802,0.14234,0.1896,0.13869,0.15885,0.12357,0.13413,0.17392,0.15939,0.16501,0.1417,0.1559,0.13813,0.12684,0.13724,0.12378,0.12392,0.14133,0.13828,0.14327,0.15431,0.1243,0.132,0.11987,0.14162,0.11935,0.15739,0.11871,0.12377,0.13181,0.1298,0.1507,0.15568,0.13253,0.15928,0.12545,0.091365
0.1077,0.098985,0.09896,0.15239,0.0939,0.1462,0.090878,0.13137,0.13268,0.098893,0.11532,0.11062,0.12595,0.10266,0.10389,0.14404,0.090755,0.11779,0.095105,0.10226,0.13605,0.10056,0.11061,0.13798,0.1059,0.09138,0.10606,0.11755,0.098489,0.11992,0.14536,0,0.099835,0.11784,0.11871,0.082624,0.085152,0.10007,0.20615,0.13436,0.14085,0.18192,0.13294,0.11547,0.11606,0.12551,0.11143,0.13103,0.17495,0.11519,0.15351,0.093298,0.11974,0.097543,0.1026,0.17708,0.16836,0.1582,0.11751,0.12521,0.10798,0.099534,0.11024,0.11389,0.11442,0.12557,0.097368,0.091492,0.13031,0.093145,0.11212,0.10689,0.10894,0.09175,0.13824,0.10374,0.1087,0.10905,0.10863,0.11765,0.15841,0.11159,0.12761,0.097438,0.090663
0.084629,0.063912,0.073288,0.14524,0.065235,0.12893,0.080553,0.11549,0.099467,0.073337,0.10566,0.068182,0.10703,0.083398,0.080289,0.10912,0.065305,0.094471,0.094465,0.067191,0.12319,0.07792,0.065787,0.099806,0.08954,0.074454,0.084191,0.08401,0.073302,0.06911,0.11239,0.099835,0,0.065318,0.079447,0.066514,0.06718,0.071988,0.19763,0.077433,0.10527,0.14164,0.13329,0.083771,0.075064,0.11548,0.088417,0.085394,0.1345,0.091069,0.14995,0.085173,0.105,0.071577,0.080604,0.18518,0.165,0.13475,0.065522,0.12246,0.075733,0.079653,0.09001,0.084708,0.086526,0.094475,0.09292,0.069842,0.095786,0.066075,0.096858,0.074391,0.09533,0.085587,0.11401,0.080383,0.08568,0.090549,0.076228,0.091841,0.14384,0.072865,0.11753,0.081586,0.050729
0.11387,0.08439,0.10064,0.14678,0.09033,0.13601,0.086678,0.14145,0.10828,0.091099,0.1279,0.066595,0.11574,0.11023,0.10691,0.10862,0.087804,0.12021,0.11223,0.095199,0.15948,0.10536,0.090525,0.12548,0.11481,0.11148,0.10472,0.07135,0.076525,0.093262,0.12117,0.11784,0.065318,0,0.098458,0.069487,0.10178,0.074585,0.20481,0.098344,0.087108,0.14815,0.14615,0.10341,0.097223,0.11619,0.12466,0.11281,0.15392,0.1057,0.18879,0.10518,0.13434,0.090992,0.099784,0.20837,0.15982,0.13782,0.073745,0.15054,0.095213,0.093967,0.10408,0.097912,0.1006,0.12382,0.1152,0.086997,0.10219,0.097515,0.11467,0.10531,0.13197,0.090924,0.14588,0.10385,0.11014,0.10788,0.092678,0.12901,0.15278,0.094368,0.12086,0.10354,0.086314
0.066229,0.084399,0.10661,0.19093,0.081289,0.16468,0.060134,0.10475,0.14574,0.040119,0.11838,0.10178,0.15096,0.076827,0.10183,0.13118,0.08384,0.072107,0.12092,0.075422,0.1211,0.068858,0.070241,0.11559,0.071428,0.072465,0.077225,0.11033,0.07795,0.11393,0.12898,0.11871,0.079447,0.098458,0,0.088503,0.06453,0.085933,0.25059,0.070351,0.11941,0.18623,0.16405,0.1247,0.070093,0.1106,0.076689,0.075542,0.16308,0.13051,0.14923,0.057823,0.15207,0.08319,0.083362,0.16302,0.16915,0.1827,0.1147,0.16057,0.081998,0.058821,0.070088,0.10547,0.10671,0.095761,0.057374,0.081508,0.10106,0.088788,0.057364,0.062849,0.075673,0.11001,0.095189,0.10198,0.10325,0.074771,0.055976,0.0893,0.19203,0.072737,0.16263,0.1042,0.071633
0.088276,0.065634,0.089753,0.1417,0.068192,0.12574,0.065157,0.11157,0.098988,0.077541,0.10041,0.078153,0.1059,0.079391,0.082679,0.11678,0.057499,0.092437,0.073919,0.070841,0.1346,0.079093,0.066849,0.10924,0.090036,0.08188,0.094565,0.061574,0.074793,0.088196,0.1111,0.082624,0.066514,0.069487,0.088503,0,0.06485,0.071162,0.20385,0.097023,0.10142,0.15584,0.14615,0.095597,0.087095,0.097725,0.099659,0.096894,0.14583,0.094253,0.16758,0.080816,0.12263,0.070741,0.081216,0.17633,0.14661,0.13688,0.084181,0.12579,0.076475,0.066066,0.082932,0.090858,0.092141,0.091128,0.085491,0.075577,0.10673,0.071044,0.08805,0.077398,0.098383,0.070122,0.12166,0.078039,0.068097,0.075368,0.070153,0.10419,0.13875,0.090971,0.12241,0.086859,0.067489
0.056739,0.054517,0.092772,0.16326,0.062571,0.14755,0.059148,0.094656,0.12128,0.058456,0.092899,0.10175,0.12012,0.056745,0.078625,0.13367,0.058748,0.067423,0.084106,0.047679,0.11719,0.063852,0.057053,0.10587,0.069163,0.056966,0.067085,0.099315,0.074802,0.10037,0.13592,0.085152,0.06718,0.10178,0.06453,0.06485,0,0.079545,0.22072,0.087425,0.1252,0.17432,0.14234,0.10493,0.074649,0.10315,0.067244,0.071603,0.14645,0.11176,0.13982,0.061661,0.12497,0.063582,0.065113,0.16202,0.16974,0.15937,0.10142,0.1313,0.064953,0.049263,0.064622,0.094906,0.095201,0.077723,0.058245,0.066264,0.10202,0.064758,0.067617,0.053108,0.063047,0.087384,0.098706,0.079502,0.07673,0.064286,0.06258,0.07826,0.16272,0.077093,0.13987,0.090715,0.064683
0.087675,0.069816,0.081726,0.12726,0.065955,0.14385,0.083638,0.13403,0.12261,0.074266,0.10746,0.088469,0.098783,0.10088,0.078892,0.10733,0.07597,0.10823,0.089248,0.095196,0.14162,0.10013,0.076316,0.11657,0.077505,0.090568,0.091171,0.088191,0.080816,0.088679,0.12684,0.10007,0.071988,0.074585,0.085933,0.071162,0.079545,0,0.19222,0.10265,0.10963,0.15763,0.11913,0.096544,0.095103,0.11067,0.10886,0.10498,0.12539,0.10376,0.13246,0.088935,0.10632,0.06112,0.06854,0.19292,0.1916,0.12471,0.084234,0.14021,0.078199,0.066749,0.10178,0.069787,0.070885,0.10257,0.086354,0.0578,0.09708,0.081382,0.089711,0.093143,0.10364,0.070582,0.14095,0.10222,0.076377,0.086317,0.073855,0.11732,0.1328,0.086696,0.10498,0.07536,0.079297
0.23775,0.20555,0.16826,0.10399,0.19714,0.20847,0.23174,0.24546,0.17981,0.23825,0.20292,0.22119,0.13307,0.22791,0.17936,0.23162,0.19381,0.25272,0.16986,0.21633,0.25059,0.23587,0.21819,0.22742,0.21976,0.21785,0.22203,0.21916,0.22393,0.16406,0.22095,0.20615,0.19763,0.20481,0.25059,0.20385,0.22072,0.19222,0,0.2323,0.23225,0.214,0.16648,0.1947,0.23331,0.23583,0.23766,0.23673,0.1859,0.182,0.23156,0.24901,0.14848,0.19395,0.20343,0.27827,0.2735,0.11029,0.19103,0.14871,0.20493,0.22269,0.24195,0.18944,0.18713,0.2345,0.239,0.20326,0.22293,0.19451,0.24696,0.22966,0.23727,0.18681,0.27368,0.1892,0.18938,0.24306,0.22869,0.24393,0.11605,0.22015,0.14459,0.1679,0.2009
0.087488,0.095288,0.096904,0.18603,0.086346,0.16341,0.087273,0.11747,0.12278,0.077324,0.12466,0.096671,0.14515,0.098413,0.10642,0.13448,0.074853,0.083547,0.12672,0.090736,0.13984,0.088606,0.091032,0.10803,0.099542,0.088194,0.094111,0.11364,0.072451,0.087575,0.10964,0.13436,0.077433,0.098344,0.070351,0.097023,0.087425,0.10265,0.2323,0,0.090299,0.17736,0.16186,0.12329,0.04671,0.13431,0.07952,0.055385,0.16847,0.12524,0.16939,0.094874,0.14027,0.093258,0.096125,0.16675,0.15313,0.17571,0.12357,0.15459,0.10462,0.084404,0.092453,0.094921,0.096634,0.10491,0.094734,0.099648,0.11266,0.095438,0.095577,0.088329,0.088293,0.10954,0.11625,0.096518,0.10806,0.094893,0.086439,0.10448,0.17253,0.089512,0.16168,0.10169,0.069298
0.12689,0.1125,0.12499,0.19442,0.10356,0.13401,0.11342,0.15019,0.12046,0.11158,0.15515,0.081773,0.15114,0.12826,0.12997,0.14314,0.0996,0.12124,0.13897,0.12825,0.17658,0.12347,0.11465,0.13918,0.13461,0.13561,0.12908,0.10466,0.097151,0.11171,0.12063,0.14085,0.10527,0.087108,0.11941,0.10142,0.1252,0.10963,0.23225,0.090299,0,0.15954,0.14737,0.12908,0.10118,0.14476,0.12569,0.11928,0.17476,0.10879,0.19611,0.12135,0.14524,0.11255,0.11897,0.19974,0.1746,0.18481,0.12289,0.18223,0.13082,0.10463,0.11995,0.099216,0.10364,0.13406,0.13233,0.12754,0.11579,0.12051,0.12168,0.13179,0.1312,0.10952,0.16013,0.12727,0.12418,0.12153,0.11203,0.14925,0.17502,0.12145,0.15489,0.12241,0.10807
0.18685,0.1517,0.14054,0.19063,0.14841,0.12179,0.17948,0.18479,0.16577,0.17397,0.15919,0.13786,0.15874,0.17591,0.14425,0.19966,0.16367,0.16399,0.15716,0.1687,0.21177,0.17387,0.15733,0.14511,0.1882,0.17399,0.17236,0.14883,0.18366,0.16281,0.18376,0.18192,0.14164,0.14815,0.18623,0.15584,0.17432,0.15763,0.214,0.17736,0.15954,0,0.15337,0.1503,0.18601,0.18227,0.17366,0.19373,0.10309,0.11654,0.20838,0.18376,0.14486,0.14618,0.15217,0.22827,0.24094,0.16983,0.16387,0.16902,0.15552,0.17362,0.18037,0.1608,0.16322,0.18596,0.18993,0.17499,0.14052,0.14299,0.18949,0.18123,0.18075,0.1556,0.19143,0.16465,0.14416,0.18009,0.16969,0.17585,0.18387,0.17523,0.19284,0.153,0.16137
0.14636,0.13628,0.11693,0.15779,0.1117,0.14311,0.15105,0.17002,0.15722,0.14614,0.14982,0.14067,0.12579,0.14926,0.11546,0.18934,0.13185,0.15851,0.12725,0.14908,0.17849,0.15838,0.13839,0.15758,0.14089,0.14458,0.13669,0.15583,0.14509,0.13595,0.1898,0.13294,0.13329,0.14615,0.16405,0.14615,0.14234,0.11913,0.16648,0.16186,0.14737,0.15337,0,0.1301,0.16522,0.15498,0.1441,0.17073,0.13021,0.10421,0.13927,0.15448,0.083104,0.11565,0.11897,0.2071,0.2551,0.16557,0.13852,0.15057,0.13018,0.13183,0.14889,0.10849,0.10978,0.15545,0.15351,0.13859,0.12747,0.1171,0.15189,0.16102,0.14627,0.11367,0.18699,0.13915,0.13497,0.15766,0.14101,0.16119,0.16582,0.13925,0.13635,0.10609,0.13912
0.10777,0.10842,0.087637,0.13936,0.084769,0.13696,0.11502,0.12595,0.099109,0.11007,0.098554,0.11193,0.11739,0.11424,0.081199,0.15026,0.10996,0.11335,0.089237,0.10757,0.13477,0.1116,0.11065,0.082647,0.12455,0.10471,0.12173,0.10728,0.11473,0.093352,0.13374,0.11547,0.083771,0.10341,0.1247,0.095597,0.10493,0.096544,0.1947,0.12329,0.12908,0.1503,0.1301,0,0.11847,0.14254,0.11484,0.12886,0.12987,0.11411,0.16103,0.12484,0.092824,0.084116,0.084091,0.18519,0.20167,0.14576,0.10293,0.11609,0.084451,0.10621,0.11969,0.07964,0.0795,0.11034,0.12422,0.12066,0.10558,0.079012,0.12183,0.10735,0.12158,0.096774,0.13252,0.087291,0.09627,0.11155,0.11266,0.1022,0.15851,0.10506,0.1339,0.10543,0.090956
0.073048,0.080952,0.09484,0.18022,0.078463,0.17174,0.075053,0.11197,0.11875,0.069803,0.11512,0.09588,0.14032,0.086508,0.1014,0.12962,0.071892,0.081975,0.11763,0.078893,0.13161,0.079136,0.087017,0.118,0.083677,0.077895,0.084337,0.103,0.057807,0.086386,0.10602,0.11606,0.075064,0.097223,0.070093,0.087095,0.074649,0.095103,0.23331,0.04671,0.10118,0.18601,0.16522,0.11847,0,0.12172,0.071732,0.052095,0.1756,0.12962,0.16588,0.083504,0.14008,0.086433,0.088453,0.1623,0.14808,0.17155,0.12079,0.1529,0.097824,0.076641,0.084846,0.090005,0.090769,0.088937,0.077763,0.093894,0.11567,0.090419,0.083456,0.069721,0.083031,0.098168,0.11204,0.092928,0.10661,0.077473,0.085011,0.099489,0.16296,0.083584,0.15046,0.10768,0.056573
0.096772,0.10006,0.1317,0.18075,0.089391,0.1701,0.088618,0.11499,0.1513,0.090684,0.13292,0.10977,0.14039,0.091743,0.11063,0.16872,0.10598,0.1087,0.12033,0.090027,0.13681,0.096142,0.084914,0.1546,0.082175,0.10401,0.091839,0.097939,0.098265,0.14546,0.14941,0.12551,0.11548,0.11619,0.1106,0.097725,0.10315,0.11067,0.23583,0.13431,0.14476,0.18227,0.15498,0.14254,0.12172,0,0.11253,0.13149,0.16134,0.13575,0.15979,0.09073,0.16135,0.095556,0.10295,0.16608,0.1881,0.18753,0.12837,0.16524,0.10081,0.089005,0.065354,0.12692,0.12827,0.096885,0.10602,0.11101,0.12316,0.091355,0.092958,0.092184,0.11857,0.10003,0.12785,0.12136,0.12388,0.078975,0.079152,0.11812,0.18143,0.11172,0.1678,0.12061,0.10751
0.050919,0.085155,0.089927,0.19296,0.067095,0.16378,0.072258,0.072731,0.13694,0.066453,0.094141,0.11095,0.14381,0.066156,0.08411,0.16485,0.079412,0.048773,0.10824,0.067361,0.095941,0.06572,0.080074,0.10125,0.074845,0.052851,0.067314,0.12206,0.087597,0.10633,0.14052,0.11143,0.088417,0.12466,0.076689,0.099659,0.067244,0.10886,0.23766,0.07952,0.12569,0.17366,0.1441,0.11484,0.071732,0.11253,0,0.074202,0.15541,0.11218,0.13249,0.069772,0.13068,0.073815,0.069078,0.12577,0.17673,0.18636,0.13656,0.14276,0.087054,0.071724,0.065562,0.1041,0.10452,0.070411,0.065416,0.1022,0.10578,0.06907,0.071436,0.066282,0.040617,0.10771,0.073311,0.095023,0.094935,0.069649,0.072615,0.067988,0.1849,0.090558,0.1722,0.094755,0.066459
0.071336,0.087816,0.10831,0.18242,0.088621,0.18128,0.076696,0.12156,0.12411,0.078333,0.108,0.11278,0.13986,0.086863,0.10516,0.13706,0.070677,0.08237,0.12402,0.078198,0.13577,0.089192,0.084491,0.11117,0.093212,0.079038,0.089376,0.11585,0.073138,0.093651,0.13694,0.13103,0.085394,0.11281,0.075542,0.096894,0.071603,0.10498,0.23673,0.055385,0.11928,0.19373,0.17073,0.12886,0.052095,0.13149,0.074202,0,0.17478,0.1369,0.16412,0.089487,0.14965,0.092925,0.09379,0.17207,0.15255,0.17401,0.12486,0.15602,0.10556,0.083862,0.08917,0.10915,0.10963,0.087504,0.077869,0.092821,0.12214,0.096967,0.087366,0.078152,0.079609,0.11682,0.112,0.094585,0.10322,0.085282,0.084493,0.097297,0.16927,0.083124,0.16017,0.11198,0.077969
0.15667,0.13294,0.12177,0.15498,0.12279,0.13907,0.16484,0.16144,0.1626,0.1537,0.13109,0.15539,0.12533,0.15331,0.1054,0.19512,0.14662,0.14746,0.11942,0.14756,0.1829,0.15722,0.13234,0.12996,0.14999,0.14981,0.1494,0.15004,0.17611,0.14682,0.17802,0.17495,0.1345,0.15392,0.16308,0.14583,0.14645,0.12539,0.1859,0.16847,0.17476,0.10309,0.13021,0.12987,0.1756,0.16134,0.15541,0.17478,0,0.12224,0.15424,0.16856,0.12135,0.11208,0.11581,0.20652,0.25931,0.142,0.15109,0.14351,0.11802,0.14066,0.16083,0.13287,0.13261,0.15611,0.16287,0.15113,0.12665,0.11769,0.15948,0.15304,0.15352,0.13767,0.17518,0.14388,0.10683,0.1548,0.14328,0.15294,0.1616,0.15512,0.17083,0.12577,0.1452
0.12045,0.099993,0.089324,0.16094,0.089839,0.085926,0.11636,0.1328,0.1266,0.11548,0.12506,0.093104,0.11437,0.11978,0.098317,0.15196,0.08984,0.12242,0.093032,0.10948,0.14981,0.12019,0.093158,0.12365,0.11728,0.11425,0.1186,0.10551,0.12561,0.096987,0.14234,0.11519,0.091069,0.1057,0.13051,0.094253,0.11176,0.10376,0.182,0.12524,0.10879,0.11654,0.10421,0.11411,0.12962,0.13575,0.11218,0.1369,0.12224,0,0.15585,0.11972,0.096886,0.09319,0.10284,0.18684,0.1997,0.14433,0.10888,0.13079,0.10557,0.10462,0.11935,0.10959,0.11139,0.12008,0.12448,0.11383,0.11239,0.095194,0.12046,0.12534,0.11339,0.10316,0.1486,0.11573,0.084592,0.12818,0.10383,0.13469,0.14692,0.12079,0.12684,0.085556,0.096564
0.1262,0.14837,0.14079,0.19665,0.12706,0.20006,0.15623,0.15571,0.20101,0.13418,0.15693,0.16979,0.16685,0.1445,0.13241,0.20086,0.14768,0.14723,0.15427,0.15404,0.12665,0.145,0.1403,0.1678,0.11024,0.12875,0.13888,0.18812,0.1649,0.16249,0.1896,0.15351,0.14995,0.18879,0.14923,0.16758,0.13982,0.13246,0.23156,0.16939,0.19611,0.20838,0.13927,0.16103,0.16588,0.15979,0.13249,0.16412,0.15424,0.15585,0,0.13525,0.14507,0.1294,0.12963,0.18252,0.26606,0.19804,0.17127,0.18243,0.15133,0.13716,0.15231,0.14898,0.14848,0.13594,0.13273,0.13483,0.16301,0.13305,0.13445,0.14647,0.12305,0.15309,0.15762,0.1681,0.13546,0.1424,0.13304,0.14668,0.19558,0.15261,0.18446,0.12023,0.14127
0.057909,0.0758,0.10584,0.18904,0.073374,0.1565,0.045917,0.091913,0.13869,0.038598,0.10935,0.090545,0.14273,0.065602,0.097297,0.13223,0.077598,0.070094,0.11409,0.069366,0.10685,0.061734,0.066121,0.12164,0.0641,0.056228,0.062327,0.10286,0.076679,0.11952,0.13869,0.093298,0.085173,0.10518,0.057823,0.080816,0.061661,0.088935,0.24901,0.094874,0.12135,0.18376,0.15448,0.12484,0.083504,0.09073,0.069772,0.089487,0.16856,0.11972,0.13525,0,0.14883,0.075852,0.078806,0.15775,0.16613,0.18728,0.11525,0.15867,0.089965,0.062781,0.055883,0.11455,0.11668,0.080599,0.052756,0.075395,0.098946,0.079261,0.056417,0.062347,0.063142,0.10299,0.09423,0.1101,0.10014,0.055511,0.043112,0.086588,0.18793,0.07929,0.15849,0.097789,0.074773
0.13159,0.12217,0.081063,0.1266,0.094742,0.13702,0.14573,0.15618,0.12378,0.13929,0.12348,0.1291,0.11269,0.14181,0.091922,0.16163,0.11266,0.14618,0.1027,0.13564,0.16397,0.14321,0.12472,0.1235,0.13213,0.1225,0.13893,0.13739,0.13505,0.094379,0.15885,0.11974,0.105,0.13434,0.15207,0.12263,0.12497,0.10632,0.14848,0.14027,0.14524,0.14486,0.083104,0.092824,0.14008,0.16135,0.13068,0.14965,0.12135,0.096886,0.14507,0.14883,0,0.10187,0.10596,0.19813,0.2298,0.13283,0.12249,0.10669,0.11265,0.12732,0.14802,0.081016,0.08077,0.1364,0.14436,0.12579,0.13029,0.096775,0.14742,0.14038,0.13,0.095647,0.17245,0.11109,0.10549,0.14323,0.13453,0.13903,0.12908,0.12803,0.11386,0.090457,0.11302
0.065851,0.06034,0.05865,0.13852,0.034863,0.13432,0.065626,0.089588,0.10106,0.06497,0.065956,0.095451,0.089592,0.071009,0.032682,0.13915,0.060542,0.073708,0.065783,0.063307,0.11837,0.070552,0.060231,0.095064,0.066745,0.057177,0.061111,0.090672,0.086438,0.084463,0.12357,0.097543,0.071577,0.090992,0.08319,0.070741,0.063582,0.06112,0.19395,0.093258,0.11255,0.14618,0.11565,0.084116,0.086433,0.095556,0.073815,0.092925,0.11208,0.09319,0.1294,0.075852,0.10187,0,0.020132,0.15227,0.17967,0.13639,0.1022,0.1118,0.054275,0.055868,0.071729,0.073971,0.07426,0.082354,0.073246,0.079216,0.074431,0.038326,0.074722,0.061953,0.068842,0.072693,0.1107,0.076884,0.059795,0.064198,0.057873,0.0838,0.14251,0.073575,0.12628,0.065043,0.060083
0.063026,0.066557,0.065278,0.14777,0.04129,0.14466,0.069163,0.086199,0.11135,0.06648,0.063089,0.10551,0.1034,0.072825,0.04037,0.14969,0.071764,0.067705,0.074239,0.068012,0.11902,0.073869,0.069761,0.091245,0.071727,0.059246,0.063479,0.10196,0.090671,0.093359,0.13413,0.1026,0.080604,0.099784,0.083362,0.081216,0.065113,0.06854,0.20343,0.096125,0.11897,0.15217,0.11897,0.084091,0.088453,0.10295,0.069078,0.09379,0.11581,0.10284,0.12963,0.078806,0.10596,0.020132,0,0.14635,0.18738,0.14641,0.1148,0.11902,0.055857,0.058955,0.073549,0.076152,0.075964,0.083803,0.071653,0.086007,0.076771,0.045099,0.075314,0.06579,0.065944,0.079236,0.10728,0.08075,0.066938,0.065443,0.06524,0.08126,0.15465,0.079314,0.13911,0.073181,0.068616
0.15081,0.1796,0.15964,0.24948,0.1474,0.21978,0.15593,0.10661,0.1999,0.15517,0.1514,0.20131,0.21529,0.13984,0.15053,0.26639,0.16389,0.1257,0.1724,0.15219,0.15769,0.1367,0.16859,0.17649,0.14772,0.14026,0.15755,0.20343,0.1828,0.18681,0.17392,0.17708,0.18518,0.20837,0.16302,0.17633,0.16202,0.19292,0.27827,0.16675,0.19974,0.22827,0.2071,0.18519,0.1623,0.16608,0.12577,0.17207,0.20652,0.18684,0.18252,0.15775,0.19813,0.15227,0.14635,0,0.2179,0.24405,0.23182,0.1866,0.16914,0.16031,0.14345,0.18091,0.17956,0.15594,0.14121,0.19641,0.18488,0.1421,0.14605,0.14711,0.12881,0.16673,0.14475,0.14665,0.16152,0.15351,0.15943,0.15656,0.23978,0.17355,0.2531,0.15585,0.1506
0.17913,0.17368,0.17529,0.21821,0.17607,0.22591,0.14464,0.18768,0.16038,0.16823,0.17703,0.16459,0.19398,0.16502,0.18317,0.18724,0.14592,0.17236,0.18791,0.16021,0.19581,0.1484,0.17575,0.19456,0.18602,0.16152,0.17786,0.16924,0.15069,0.16911,0.15939,0.16836,0.165,0.15982,0.16915,0.14661,0.16974,0.1916,0.2735,0.15313,0.1746,0.24094,0.2551,0.20167,0.14808,0.1881,0.17673,0.15255,0.25931,0.1997,0.26606,0.16613,0.2298,0.17967,0.18738,0.2179,0,0.20821,0.18452,0.18465,0.19369,0.1803,0.16978,0.20143,0.20219,0.19483,0.17205,0.17118,0.20413,0.17339,0.18329,0.1592,0.18097,0.18919,0.17599,0.15967,0.18348,0.17086,0.17353,0.17314,0.2082,0.17348,0.21143,0.18106,0.15098
