1,0.09943,-0.087975,-0.041225,0.29499,0.1961,-0.1886,0.20509,0.06457,-0.042408,0.015847,0.049355,0.24752,0.042854,0.37964,0.08762,0.40037,-0.097441,-0.035021,0.017769,0.057079,-0.08922,0.26316,0.62362,0.46643,0.089909,0.017611,-0.051949,0.22625,0.040917,NaN,0.11308,-0.044352,0.14796,0.20718,0.29402,0.35423,0.27835,0.14461,0.26834,0.21784,0.1329,-0.026473,-0.0025428,-0.049997,0.27704,0.010328,-0.1348,0.4042,0.40472,0.40451,0.32554,-0.052061,0.46651,0.02399,0.32153,0.34964,0.036072,0.037961,0.12696,0.19707,0.75633,0.13731,-0.088015,0.36176,0.82113,0.14391,0.11966,-0.033477,-0.090029,0.20792,0.08501,0.448,0.21693,0.10781,0.33393,0.26361,0.2606,0.53254,-0.021301,-0.12032,-0.0047078,0.14036,0.1401,0.087443,-0.11733,0.27891,0.4224,0.17074,0.0080827,0.50115,-0.099539,0.33323,-0.040926,-0.064802,0.10047,-0.22757,0.086795,-0.0044113,-0.0063315,-0.10775,0.044851,0.2046,0.2134,-0.23903,0.10761,0.039839,0.034042,0.22398,-0.37789,0.35362,-0.05568,0.28045,0.067499,0.41533,0.13327,-0.15393,0.51108,0.10023,-0.28309,-0.20778,0.17329,0.25187,0.25068,-0.040767,-0.22551,0.22467,-0.1277,0.50131,0.024471,0.2548,0.0044444,0.45029,0.1352,-0.094228,0.4381,0.27547,-0.0069101,-0.075131,0.11376,0.23264,0.7759,0.30235,0.43457,-0.017919,0.28009,0.6741,0.32537,0.041433,0.24633,-0.12899,0.12878,0.081357,-7.9937e-06,-0.045527,0.044531,-0.088822,-0.17394,0.19343,-0.064538,0.30441,0.027089,0.043486,-0.19855,0.2615,0.11486,0.11155,0.23965,-0.18798,0.16621,-0.013002,0.18692,-0.060343,0.39217,0.070474,0.0059243,-0.17668,0.20566,0.27974,0.19438,-0.04427,0.20384,-0.010918,0.21151,-0.23142,0.15973,0.0038116,-0.0037664,-0.023493,0.16472,0.3477,-0.17351,0.27375,0.3951,0.42821,-0.33856,-0.0097657,0.38083,-0.023329,-0.094055
0.09943,1,0.73141,0.49791,0.16407,0.10984,-0.091441,0.56436,0.39455,0.54411,0.75158,0.026369,0.66553,0.17623,0.37324,0.75814,0.52247,0.54738,0.26655,0.75332,0.058694,0.10286,0.35758,0.2696,0.19722,0.84265,0.16951,0.65571,0.29283,0.61606,NaN,0.64429,0.15214,0.69225,0.44743,0.59847,0.18207,0.56035,0.19294,0.58969,0.7402,0.71084,0.82872,0.57433,0.6147,0.24235,0.2221,0.68155,0.025572,0.54123,0.5149,0.79215,0.09827,0.49598,-0.065058,0.055099,0.35983,-0.0088708,0.61805,0.46006,0.074886,0.24874,0.2513,0.19979,0.5854,0.23537,0.56482,0.27479,0.48185,0.48454,0.73314,0.72415,0.5274,0.70982,0.68525,0.10434,0.44985,0.5476,0.21351,0.35922,0.54648,0.52145,0.39198,0.53957,0.7639,0.25403,0.53857,0.26943,0.56674,0.5674,0.15637,0.55482,0.51534,0.68136,0.047272,-0.09749,0.20081,0.18548,0.58581,0.65808,0.55193,0.516,0.26058,0.055257,0.69388,0.54438,0.78585,0.70757,0.3212,-0.15904,0.16257,0.42826,0.36402,0.6478,0.26575,0.64328,0.12526,0.49825,0.39619,0.58318,0.48416,0.36025,0.72943,-0.16653,0.57724,0.34143,0.76617,0.174,0.048863,0.66779,0.48556,0.23755,0.075178,0.33406,0.76635,0.14823,0.24761,0.42565,0.8184,0.81399,-0.029673,0.39221,0.49958,0.33223,0.63615,0.34363,0.10752,0.67879,0.49948,0.78213,0.69002,0.36156,0.13774,0.83042,0.75117,0.31278,0.14932,0.61669,0.7142,0.5639,0.63785,0.64484,0.37738,0.47305,0.74472,0.71764,0.42983,0.22067,0.35196,0.5476,0.75874,-0.055171,0.70287,0.54923,0.37382,0.16733,0.41134,0.14841,-0.13242,0.48791,0.42168,0.50799,0.56148,0.25093,0.67512,0.42755,0.82491,0.37592,0.4919,0.68986,-0.19547,0.48685,0.31872,0.23758,-0.080373,0.30192,0.63134,0.50981,0.81463,0.4032
-0.087975,0.73141,1,0.30129,-0.031164,0.063739,-0.044761,0.42064,0.38466,0.45107,0.61637,0.042191,0.50651,0.032769,0.58651,0.70507,0.62467,0.52137,0.34074,0.53502,0.24395,0.15518,0.23323,0.13341,0.22267,0.68587,0.17767,0.55106,0.13806,0.69507,NaN,0.53867,0.31692,0.47606,0.37074,0.353,0.076807,0.42563,0.33408,0.53408,0.64256,0.65346,0.60922,0.43785,0.70588,0.15201,0.53174,0.77957,0.1366,0.33003,0.27836,0.74884,0.013633,0.41753,-0.22573,0.14885,0.32811,0.034851,0.3893,0.45916,0.18322,0.010189,0.44529,0.13309,0.58765,-0.028469,0.327,0.18683,0.46725,0.64685,0.46456,0.58141,0.47535,0.60849,0.68946,0.31122,0.44089,0.5068,-0.0039914,0.44531,0.62154,0.52727,0.34524,0.38332,0.52353,0.51645,0.56686,0.19111,0.61858,0.57799,0.20003,0.69377,0.2882,0.65741,0.020176,-0.047019,0.19249,0.23493,0.65938,0.78039,0.44741,0.38614,0.33047,-0.077271,0.51665,0.52413,0.73,0.64987,0.54755,-0.10592,0.13202,0.66883,0.19094,0.68782,0.2899,0.72898,0.12383,0.41415,0.18164,0.33076,0.52132,0.43392,0.5052,-0.041931,0.66933,0.25054,0.50577,0.45309,0.052156,0.57239,0.3535,0.071463,0.012221,0.28358,0.72495,0.37599,0.15914,0.47207,0.81399,0.76727,-0.052279,0.1673,0.32704,0.14844,0.61847,0.2756,-0.10158,0.4786,0.57719,0.79468,0.67001,0.35951,0.020778,0.71553,0.59911,0.21705,0.58602,0.58453,0.62072,0.48702,0.52235,0.61294,0.266,0.62782,0.58656,0.66519,0.40497,0.22331,0.39211,0.46533,0.68266,-0.026407,0.74203,0.31748,0.26123,0.21718,0.4967,0.062279,-0.042452,0.51829,0.27256,0.26272,0.56342,0.095856,0.71943,0.35393,0.61369,0.24705,0.53079,0.69146,-0.034136,0.30682,0.23699,0.041719,-0.12621,0.27353,0.40948,0.47895,0.67178,0.57399
-0.041225,0.49791,0.30129,1,0.3945,-0.02384,0.10809,0.55956,0.65175,0.57827,0.68744,-0.20241,0.45683,0.49726,0.16279,0.54761,0.28134,0.45645,0.12786,0.64469,-0.053693,0.16632,0.4762,0.17278,0.043275,0.45605,0.51333,0.25274,0.29539,0.59609,NaN,0.30344,0.12371,0.47519,-0.078809,0.61289,-0.096665,0.5722,0.43029,0.41295,0.55002,0.6249,0.67009,0.20752,0.40441,-0.0076004,0.05964,0.24802,-0.019163,0.32207,0.20514,0.37566,-0.24065,0.38035,-0.017114,0.038907,0.23129,-0.1868,0.12057,-0.10315,-0.23489,0.33481,0.080183,0.20662,0.52404,0.07904,-0.037743,0.028955,0.25351,0.30433,0.56638,0.40842,0.52075,0.30774,0.43613,0.24644,0.23492,0.67353,-0.0087752,-0.067187,0.026125,0.2066,0.098002,0.40275,0.65745,0.16182,0.12023,0.37781,0.50076,0.48278,0.045356,0.14583,0.17047,0.2115,0.18466,0.23032,0.024443,0.13201,0.31283,0.3533,0.45772,0.20562,-0.10526,0.21959,0.28421,0.31061,0.52008,0.58762,0.2074,-0.16776,0.010104,0.2148,0.43782,0.5517,0.38034,0.3903,-0.0098578,0.28471,0.61697,0.47063,0.46063,0.37843,0.71114,-0.19353,0.46202,0.16159,0.59965,0.22619,0.26064,0.64899,0.50838,0.065727,-0.12311,0.14914,0.59293,0.27045,0.30893,-0.028068,0.48172,0.21105,0.29579,0.22752,0.48187,0.34671,0.35417,0.27921,-0.070495,0.151,0.33294,0.45553,0.48558,-0.023194,0.41931,0.6359,0.54567,0.3489,-0.044923,0.34529,0.44103,0.71508,0.46847,0.40987,0.45724,0.21794,0.57133,0.34146,0.38352,0.29385,0.49284,0.69122,0.51516,-0.22376,0.42109,0.34582,0.16784,0.39604,0.4069,-0.14174,0.15644,0.53945,0.58077,0.35805,0.31593,0.21956,0.42041,0.12254,0.7044,0.20748,0.43956,0.26376,-0.13308,0.29744,0.39086,0.21801,0.20667,0.26129,0.52871,0.41319,0.66706,0.17909
0.29499,0.16407,-0.031164,0.3945,1,0.37382,-0.061728,0.4791,0.57605,0.57017,0.37787,-0.061702,0.51075,0.23004,0.34678,0.43402,0.23984,0.10889,0.53765,0.44739,-0.057255,-0.012451,0.2704,0.37034,0.62514,0.21809,0.35039,0.27048,0.69534,0.19493,NaN,0.26706,0.094616,0.63499,0.084661,0.41082,0.089868,0.51889,0.57347,0.52468,0.3409,0.57244,0.29978,0.20689,0.35532,0.13297,0.33392,-0.03093,0.27932,0.2597,0.48337,0.23778,0.053018,0.28818,0.10808,0.14861,0.19645,0.13314,-0.083974,-0.48302,-0.19099,0.43919,0.1777,0.14682,0.52535,0.45832,0.00029736,0.083671,0.33868,0.16776,0.51971,0.42422,0.20566,0.55547,0.42442,0.20234,0.093095,0.3955,-0.05364,0.091356,-0.012147,0.22684,0.12368,0.47179,0.40601,-0.1031,0.33099,0.5302,0.35853,0.38347,0.011038,-0.0078776,0.53964,0.12666,-0.16474,0.14756,-0.23215,-0.23098,0.43437,0.2548,0.42819,0.033603,0.00918,0.20123,-0.059707,0.13947,0.27566,0.4552,0.3036,0.023835,0.23746,-0.010207,0.4005,0.22336,0.58424,0.38915,-0.031189,0.36951,0.52105,0.084585,0.34089,0.10561,0.58097,0.39241,0.17447,-0.10739,0.4761,-0.0061035,0.34604,0.50944,0.47532,0.095333,0.36386,0.31492,0.16701,0.2953,0.69926,0.08156,0.24205,0.00055682,0.25044,0.24054,0.45816,0.50731,-0.0087031,0.53556,0.12378,0.19136,0.161,0.29713,0.14749,0.022969,0.42065,0.20352,0.081498,0.085268,-0.1891,0.3895,0.53346,0.35034,0.58454,0.2941,0.82188,0.12065,0.58023,0.20852,0.58929,0.33168,0.11705,0.45629,0.36488,0.062872,0.20079,0.46469,0.11152,0.11755,0.051343,-0.087016,0.56437,0.48452,0.42518,0.69049,0.10002,0.38452,0.071506,0.12234,0.33163,0.20245,0.334,0.34341,0.46093,0.068368,0.36545,0.61057,0.73782,-0.098507,0.29004,0.54128,0.29755,0.32531
0.1961,0.10984,0.063739,-0.02384,0.37382,1,-0.20893,0.42575,0.1588,0.5085,0.031342,0.15684,0.1565,-0.052998,0.49947,0.10009,0.46259,0.36287,0.35413,0.10243,0.043331,0.16361,-0.37521,0.38812,0.26901,0.21563,0.13982,0.30234,0.6087,-0.065385,NaN,0.36814,0.11478,0.15857,0.44963,0.29998,0.32406,0.39434,0.55826,0.12242,0.36882,0.33606,0.032966,0.35305,0.21401,-0.056733,0.065297,0.11599,-0.0063578,0.053051,0.36789,0.11771,0.14836,0.48148,0.07816,0.31308,0.15573,0.13404,0.18233,-0.11243,0.072296,0.39762,0.40984,0.30428,0.25531,0.42832,0.28914,0.21249,0.074441,0.12466,0.22201,0.030251,0.33562,0.42238,0.21709,-0.31569,-0.17792,0.038391,-0.097019,0.094421,0.28938,0.10439,-0.12469,0.17751,0.27593,-0.35487,0.19897,0.21544,0.19934,0.26555,-0.22329,0.37294,0.52053,0.28191,-0.11582,0.11128,-0.33285,-0.03643,0.078516,0.070382,0.4947,-0.038091,0.506,-0.13224,0.19948,-0.082014,0.1476,0.12298,0.45305,0.14665,-0.060498,0.066316,0.3567,0.13705,0.20782,0.45691,0.069533,0.20985,0.25108,-0.067018,0.39549,0.30607,0.040645,0.74401,-0.13523,0.17703,0.1695,0.064594,0.37177,-0.02012,0.39798,0.45639,0.11819,0.16111,-0.08146,0.42591,0.67253,0.28171,0.19416,-0.027418,-0.10585,0.27525,-0.011212,0.1998,0.16469,0.14061,0.34951,0.29451,-0.086665,0.0637,0.046168,-0.099504,0.5155,0.13055,0.094154,-0.010575,-0.1543,0.19266,0.19628,0.10243,0.14557,0.223,0.30101,0.17465,0.37355,0.40622,0.22695,0.47459,0.40229,0.22527,0.017741,0.075831,0.16004,0.17668,0.042551,-0.011181,0.2456,-0.024817,0.60234,0.23184,0.57057,0.52679,0.38054,0.42357,0.053545,-0.1768,-0.15573,0.020473,0.053897,0.15731,0.37995,0.033123,-0.057118,0.35836,0.62856,0.057492,0.42603,0.066425,0.0077852,0.34744
-0.1886,-0.091441,-0.044761,0.10809,-0.061728,-0.20893,1,-0.23952,-0.2298,-0.25788,-0.25742,-0.3451,-0.092251,-0.26914,-0.044493,0.040013,-0.2145,-0.3882,-0.28728,-0.15959,-0.35843,-0.27329,0.084182,-0.15746,-0.079217,-0.14911,0.24617,-0.014222,0.013311,-0.021789,NaN,-0.39114,-0.43749,-0.073729,-0.14623,0.15985,-0.42141,-0.072523,0.0080163,-0.18374,-0.26391,-0.18289,0.15319,-0.23958,-0.38254,0.34393,-0.080404,-0.098855,-0.014461,-0.39457,-0.35874,-0.067555,-0.40602,-0.34045,-0.51879,-0.36919,-0.19315,0.23556,0.12353,-0.19729,-0.35302,-0.085586,-0.24122,-0.15421,-0.21667,-0.092811,-0.25243,0.19959,0.15814,-0.42951,0.29646,-0.21517,-0.066376,-0.20682,-0.20281,0.15008,-0.24309,0.082267,-0.11632,-0.41911,-0.27059,0.14726,0.065567,-0.28628,0.020073,-0.30549,-0.14015,-0.22821,-0.39789,-0.23473,-0.094155,0.083017,-0.30489,-0.25368,-0.20966,0.17974,0.044238,-0.02187,-0.012148,0.015883,-0.21726,-0.15561,-0.14206,0.093868,-0.2289,0.034065,-0.25032,-0.11488,0.063378,-0.036868,-0.046355,-0.25061,0.20077,0.066965,-0.3774,-0.20318,-0.29266,-0.2876,-0.16613,0.040344,-0.14562,-0.16349,-0.0057532,-0.33223,-0.1584,0.092365,-0.046281,0.019466,0.096037,-0.10413,0.14468,-0.23413,0.02373,-0.29652,0.13327,-0.047069,0.10411,-0.40211,0.13341,-0.31966,-0.14087,-0.17845,-0.048839,-0.075726,-0.10014,-0.1027,-0.38228,-0.37778,-0.15276,-0.24847,0.23819,-0.028319,0.0030474,-0.090313,0.0172,-0.57611,-0.012009,-0.22218,0.23486,-0.028419,0.097043,-0.15535,-0.12421,-0.42235,0.086458,-0.24795,-0.095569,-0.090189,-0.022214,-0.29587,-0.079274,0.27725,-0.0087093,-0.19162,0.10791,-0.043966,-0.043597,-0.28002,-0.17711,-0.3774,-0.056398,0.094237,-0.48798,0.44405,-0.031268,0.084111,0.21671,-0.22537,0.13969,-0.15483,-0.34573,0.28872,-0.30968,-0.11341,-0.032942,-0.43514,-0.060361,-0.31091,0.052097,-0.11852
0.20509,0.56436,0.42064,0.55956,0.4791,0.42575,-0.23952,1,0.67356,0.74889,0.68663,0.26822,0.41855,0.48894,0.50366,0.4515,0.55462,0.52991,0.3586,0.65756,0.1416,0.029769,0.34879,0.24546,0.3422,0.57706,0.24708,0.35071,0.60359,0.61199,NaN,0.4494,0.44437,0.53431,0.20444,0.52511,-0.010783,0.81146,0.66489,0.6304,0.80833,0.80613,0.62745,0.56951,0.54593,0.1778,0.40534,0.43824,0.23502,0.51157,0.6064,0.4167,0.061494,0.67637,0.06026,0.41771,0.27472,0.16387,0.19588,-0.004827,-0.030227,0.59064,0.45439,0.27883,0.55572,0.46394,0.21566,0.19476,0.28369,0.50574,0.56642,0.39034,0.61464,0.59871,0.5162,0.045225,0.28231,0.70709,0.14201,0.27878,0.24178,0.25926,0.30886,0.67172,0.69201,0.208,0.53028,0.45349,0.70673,0.61212,0.094002,0.31572,0.49403,0.40859,-0.20839,-0.10828,-0.40564,-0.22341,0.56873,0.46468,0.76806,0.25878,0.35284,0.012614,0.48056,0.5779,0.5261,0.62152,0.40845,0.070462,0.019569,0.37414,0.39877,0.57642,0.45322,0.60452,0.17471,0.56961,0.67136,0.23119,0.696,0.55778,0.66695,0.38522,0.41558,0.20017,0.54653,0.26198,0.26275,0.67146,0.49979,0.3225,-0.10495,0.4412,0.49495,0.52664,0.60946,0.20641,0.68046,0.49431,0.38589,0.36483,0.46756,0.36442,0.50389,0.25486,0.2448,0.52365,0.38917,0.63417,0.29447,0.32442,0.29757,0.67438,0.44759,0.30325,-0.006856,0.4629,0.51877,0.69232,0.63176,0.67075,0.4361,0.44984,0.69216,0.70312,0.36627,0.66092,0.28856,0.72907,0.59458,-0.020417,0.54804,0.55869,0.34053,0.065202,0.57161,-0.032985,0.51368,0.62751,0.84586,0.62309,0.52811,0.2886,0.50354,0.35628,0.4338,0.20541,0.4319,0.45385,0.37307,0.096634,0.51788,0.48663,0.35566,0.37282,0.51173,0.59129,0.59597,0.52559
0.06457,0.39455,0.38466,0.65175,0.57605,0.1588,-0.2298,0.67356,1,0.65005,0.72666,0.035845,0.41081,0.43149,0.49608,0.52267,0.41894,0.3485,0.38198,0.5112,-0.028152,0.064334,0.40315,0.20922,0.33592,0.4015,0.26513,0.20513,0.34915,0.54114,NaN,0.42547,0.28368,0.4943,-0.023096,0.30995,-0.024546,0.62644,0.58804,0.58131,0.70013,0.71906,0.48063,0.44254,0.65542,-0.20983,0.33874,0.31745,0.3869,0.18363,0.4373,0.38318,0.082845,0.34382,0.1695,0.1886,0.090878,-0.0085554,-0.20881,-0.17427,-0.028236,0.34478,0.35865,0.21216,0.52909,0.20098,-0.20463,-0.029064,0.33158,0.52293,0.41461,0.36579,0.32833,0.45413,0.62076,0.19158,0.23886,0.59563,-0.079066,0.24439,0.13495,0.12782,0.25127,0.48039,0.48441,0.38392,0.37989,0.4426,0.61023,0.43733,0.070377,0.12239,0.61042,0.24826,0.03046,-0.0031239,3.2281e-06,-0.14184,0.50838,0.53113,0.507,0.064908,0.023756,0.18481,0.2473,0.50863,0.68702,0.76781,0.43316,-0.071887,-0.022952,0.45699,0.31847,0.50661,0.58791,0.47092,0.11813,0.43125,0.61592,0.20459,0.494,0.39483,0.67785,0.11017,0.43084,0.27029,0.53846,0.24161,-0.032738,0.84838,0.43713,0.19341,0.0053961,0.24759,0.55273,0.48172,0.37721,0.14294,0.52104,0.24975,0.55319,0.15103,0.34486,0.4246,0.36171,0.48816,0.036149,0.42992,0.41121,0.60728,0.24993,0.18864,0.22024,0.54015,0.36013,0.34153,0.04991,0.52581,0.35075,0.61163,0.57192,0.32853,0.58465,0.39861,0.47409,0.40575,0.52397,0.60346,0.29009,0.68945,0.64538,-0.039781,0.3704,0.38101,0.23323,0.29843,0.51216,-0.19661,0.42081,0.65832,0.58057,0.35538,0.29668,0.15065,0.30149,0.25174,0.51622,0.28195,0.31299,0.43663,0.34304,-0.059132,0.54876,0.25911,0.35304,0.41913,0.37946,0.73661,0.59063,0.43211
-0.042408,0.54411,0.45107,0.57827,0.57017,0.5085,-0.25788,0.74889,0.65005,1,0.70925,0.27436,0.46413,0.37165,0.44173,0.56799,0.50275,0.62942,0.543,0.69195,0.19782,0.14526,0.19233,0.31142,0.3735,0.68079,0.50021,0.52969,0.50123,0.45223,NaN,0.45029,0.40892,0.60082,0.31712,0.62082,0.040908,0.60977,0.59036,0.53236,0.71283,0.75849,0.66724,0.58934,0.68549,-0.084175,0.42055,0.44811,0.00597,0.3044,0.49071,0.47398,0.18836,0.55519,0.047881,0.38661,0.21732,0.10429,0.24745,-0.19682,-0.10079,0.27185,0.36621,0.32469,0.5832,0.18141,0.20594,0.22681,0.21545,0.57118,0.47682,0.50945,0.45196,0.7097,0.62655,0.088731,0.2822,0.56952,-0.27687,0.47103,0.45634,0.32202,0.28679,0.59207,0.65072,0.1801,0.4865,0.37704,0.71738,0.681,-0.19226,0.35153,0.57824,0.53916,0.010178,0.00032502,0.0052126,0.0051149,0.46764,0.48573,0.8506,0.24175,0.25336,0.0082339,0.43495,0.30806,0.53709,0.66178,0.40419,0.15008,0.082335,0.47568,0.57224,0.59299,0.48476,0.72603,0.053943,0.5741,0.45224,0.47988,0.68757,0.48176,0.65515,0.29032,0.48753,0.16398,0.52425,0.17952,0.1641,0.58938,0.56,0.32399,-0.061709,0.47256,0.53275,0.35381,0.49047,0.42264,0.6604,0.44068,0.048603,0.32607,0.43082,0.22992,0.29594,0.2621,0.025431,0.44852,0.33932,0.58931,0.46022,0.18031,0.25192,0.66933,0.55896,0.37355,0.086559,0.65393,0.52373,0.70494,0.44121,0.5231,0.71193,0.52243,0.71837,0.62951,0.524,0.54048,0.52973,0.60979,0.63786,0.048589,0.53508,0.43522,0.17386,0.23836,0.47739,0.16522,0.35496,0.62945,0.6735,0.58132,0.5414,0.36837,0.56134,0.32041,0.47374,0.26487,0.44304,0.48775,0.26151,0.24125,0.29743,0.30693,0.35702,0.28528,0.57862,0.49227,0.62957,0.6559
0.015847,0.75158,0.61637,0.68744,0.37787,0.031342,-0.25742,0.68663,0.72666,0.70925,1,0.23004,0.66652,0.33408,0.38001,0.70719,0.48216,0.56967,0.53575,0.73351,0.031219,0.18939,0.4464,0.24643,0.25217,0.74987,0.25015,0.4622,0.28229,0.6926,NaN,0.5828,0.44907,0.69968,0.26448,0.56861,-0.012182,0.64505,0.47632,0.68429,0.738,0.83615,0.81085,0.572,0.83405,-0.023825,0.40194,0.62495,0.10827,0.47433,0.49739,0.71736,0.135,0.46043,-0.076894,0.23845,0.23893,-0.087843,0.33161,0.14363,-0.036482,0.18649,0.33457,0.075721,0.67422,0.075481,0.25917,0.01149,0.54036,0.78815,0.59377,0.62346,0.46514,0.69245,0.74578,0.085483,0.58976,0.63403,0.18649,0.53345,0.37453,0.3986,0.53486,0.5981,0.66482,0.59539,0.46863,0.51536,0.79416,0.6878,0.11183,0.32126,0.56825,0.6238,0.058535,-0.094065,0.10308,0.06026,0.57503,0.71042,0.63657,0.43321,0.077474,0.15239,0.54704,0.50389,0.75647,0.89083,0.36672,-0.012836,0.047838,0.52111,0.25931,0.69517,0.64915,0.5987,0.23458,0.57553,0.54811,0.50586,0.56642,0.36523,0.82913,-0.08672,0.75015,0.3627,0.76537,0.31191,0.050494,0.8232,0.51909,0.24496,-0.016697,0.33202,0.78732,0.30885,0.23592,0.41385,0.73198,0.59648,0.29621,0.30276,0.47146,0.3811,0.53229,0.45859,-0.010828,0.68283,0.62372,0.80379,0.48262,0.53074,0.063884,0.74494,0.5454,0.44169,0.30355,0.77373,0.55681,0.838,0.632,0.58186,0.59632,0.55083,0.59042,0.59,0.59511,0.39803,0.34428,0.72991,0.85535,-0.070099,0.64858,0.54771,0.4847,0.40196,0.51095,0.19037,0.040111,0.68467,0.58216,0.39206,0.54669,-0.037797,0.69763,0.5722,0.74009,0.40979,0.52613,0.63319,-0.0499,0.36771,0.57083,0.28239,0.12803,0.4425,0.60502,0.60857,0.82541,0.4825
0.049355,0.026369,0.042191,-0.20241,-0.061702,0.15684,-0.3451,0.26822,0.035845,0.27436,0.23004,1,-0.06273,-0.09741,0.0095561,-0.018882,0.2397,0.21168,0.20635,-0.056874,0.16172,-0.15298,-0.089199,0.0051901,0.04437,0.23122,0.053289,-0.057594,-0.14536,0.017065,NaN,0.017024,0.72126,-0.072648,0.071258,-0.024518,-0.077851,0.039947,0.076816,0.12337,0.14091,0.063048,0.13929,0.074604,0.16339,-0.18103,0.31296,0.059301,0.087786,-0.052199,0.33919,0.23135,0.23071,0.16613,-0.11707,0.30016,-0.18081,0.40148,0.07989,-0.026124,-0.12729,-0.07622,0.13596,0.25658,-0.085665,0.063118,0.21005,0.059592,0.0070125,0.2561,-0.084725,-0.15678,0.12171,0.13121,0.1456,-0.1244,0.53027,-0.0082414,0.071808,0.67008,0.22092,0.010804,0.2245,0.18108,-0.11145,0.20446,0.42347,0.31301,0.31848,0.23382,-0.12274,0.066375,0.18585,0.19152,-0.068057,-0.076934,0.026832,-0.085389,0.15392,0.018397,0.23518,0.28458,0.12722,-0.16298,0.17919,0.063295,-0.13669,0.059928,-0.20253,0.11632,0.029652,0.29121,-0.051643,0.166,0.21386,0.19115,-0.063454,0.46988,0.041466,0.04648,0.077237,0.25054,0.036812,0.12053,0.16642,0.18572,0.032157,0.027632,-0.2152,-0.030428,0.12203,0.29533,-0.13125,0.40916,-0.065386,1.0743e-05,-0.15181,0.38404,0.11616,0.18157,0.050844,0.14706,-0.10885,0.076368,-0.089663,0.084706,-0.0051496,0.40982,0.032511,0.085682,-0.10965,0.42528,-0.25241,0.03367,-0.099137,0.042058,0.18824,0.16581,-0.15211,0.21201,-0.02329,-0.17566,0.060796,0.36821,-0.11114,-0.024711,0.17223,0.24881,0.038914,0.058105,0.18616,0.45324,-0.058299,0.37599,0.065648,0.13919,0.23851,0.66433,0.023361,0.13159,0.17041,-0.13901,0.15837,-0.18223,0.32207,0.42376,-0.18056,0.0384,0.05821,0.071078,0.037791,0.011944,0.084742,0.042829,0.056563,0.23335,-0.031679,0.098212,0.072769,0.49752
0.24752,0.66553,0.50651,0.45683,0.51075,0.1565,-0.092251,0.41855,0.41081,0.46413,0.66652,-0.06273,1,0.20385,0.35131,0.7949,0.45521,0.37981,0.62578,0.64698,-0.037858,0.021767,0.32969,0.45502,0.28908,0.69099,0.030509,0.53291,0.56077,0.39426,NaN,0.58704,0.28995,0.80439,0.36635,0.54554,0.25896,0.57663,0.36305,0.68306,0.47612,0.6663,0.65899,0.25202,0.65494,0.12281,0.44259,0.44352,0.17596,0.50636,0.46958,0.69587,-0.0016578,0.49553,-0.16044,0.15331,0.34361,0.13778,0.37236,-0.0097712,0.17347,0.29577,0.27636,-0.061546,0.6304,0.19092,0.35849,0.20106,0.60312,0.46889,0.78821,0.62253,0.42058,0.78895,0.65484,0.22269,0.36859,0.51427,0.36101,0.33261,0.3348,0.29681,0.32844,0.41096,0.44373,0.28619,0.30946,0.46082,0.474,0.51707,0.31256,0.46895,0.46867,0.57212,-0.15569,-0.11703,0.04929,0.31805,0.55134,0.60945,0.28255,0.37129,-0.0034041,-0.036647,0.22324,0.18793,0.63677,0.64423,0.38774,-0.015407,0.033092,0.13052,0.32054,0.41482,0.52319,0.56285,0.0824,0.55486,0.53704,0.35703,0.45133,0.10388,0.74866,0.14213,0.56589,0.21267,0.6569,0.24136,0.29371,0.55821,0.5629,-0.0065028,0.42273,0.11755,0.61648,0.23433,0.49491,0.3681,0.54148,0.47073,0.24064,0.37625,0.44753,0.44074,0.41515,0.61693,0.048432,0.48767,0.4476,0.65414,0.44188,0.26202,0.35053,0.53115,0.37446,0.012228,0.16467,0.6633,0.75925,0.56135,0.61442,0.5763,0.61578,0.33406,0.63129,0.45597,0.57955,0.18294,0.31876,0.50591,0.66579,-0.10584,0.6061,0.38116,0.32016,0.4352,0.041882,0.16437,0.21961,0.46845,0.32864,0.63345,0.49637,0.11031,0.437,0.35782,0.70311,0.40205,0.55009,0.54485,0.011324,0.50424,0.19062,0.48932,0.3514,0.14207,0.47305,0.56268,0.59281,0.33468
0.042854,0.17623,0.032769,0.49726,0.23004,-0.052998,-0.26914,0.48894,0.43149,0.37165,0.33408,-0.09741,0.20385,1,-0.0096858,0.23826,-0.055614,0.22386,0.047295,0.4182,0.16113,-0.17751,0.32358,-0.059277,-0.046197,0.16699,0.021134,-0.13609,0.24065,0.26974,NaN,0.019478,0.20972,0.23902,0.0082641,0.27901,0.15992,0.44056,0.053278,0.4304,0.30594,0.24475,0.28271,0.2713,0.26514,0.0055276,-0.060925,0.11448,0.15999,0.4951,-0.026984,-0.0097218,-0.23225,0.22722,0.2946,0.39637,0.047821,0.12736,-0.078072,-0.23596,0.26624,0.32117,0.11134,0.080221,0.081248,0.028306,-0.21353,-0.16744,-0.39386,0.19638,0.11381,0.1746,0.15369,0.14973,0.16398,0.13302,0.084348,0.49802,-0.067974,-0.073414,-0.085744,-0.18922,0.14342,0.28178,0.26797,0.30598,-0.050168,-0.090115,0.31509,0.40345,0.17868,-0.012472,0.0061034,0.15369,-0.20858,-0.30871,-0.27515,-0.038016,0.030288,0.04106,0.28066,0.19534,-0.10025,0.014404,0.15423,0.2458,0.2179,0.26065,0.088995,-0.17599,-0.13978,-0.042489,0.23367,-0.015221,0.15995,0.073952,0.036646,0.33392,0.53554,0.36101,0.3794,-0.0018271,0.35239,0.03076,0.18767,-0.072299,0.12471,0.27633,0.031818,0.37867,-0.075258,0.11744,-0.19484,0.13149,0.23824,0.31047,0.09724,-0.083796,0.20804,0.2008,0.42521,0.22622,0.44603,-0.15976,0.28682,-0.23296,0.13379,0.16751,0.090152,0.36787,0.083348,-0.12693,0.082994,0.41431,0.23591,0.14812,-0.18162,0.059315,0.088128,0.42943,0.24506,0.33937,0.1557,0.14673,0.23252,0.2435,-0.14276,0.24974,0.26236,0.40056,0.21152,-0.32545,0.33799,-0.046826,0.0087561,-0.041513,0.055422,-0.14449,0.26879,0.21216,0.31113,0.26268,0.25211,0.10118,0.12721,0.15528,0.23802,0.00038803,0.38399,-0.17476,0.1644,0.050007,0.18138,0.1464,-0.068282,0.19081,-0.0049974,0.18461,0.32201,-0.06513
0.37964,0.37324,0.58651,0.16279,0.34678,0.49947,-0.044493,0.50366,0.49608,0.44173,0.38001,0.0095561,0.35131,-0.0096858,1,0.46198,0.71959,0.31456,0.31225,0.20649,0.013071,0.21613,0.14744,0.54826,0.50321,0.42243,0.20992,0.35307,0.41441,0.396,NaN,0.37659,0.10094,0.35785,0.34171,0.36,0.34937,0.60723,0.68638,0.36226,0.6474,0.61721,0.33454,0.47278,0.5444,0.13625,0.38463,0.42157,0.54072,0.24785,0.26196,0.55507,-0.058397,0.43864,-0.061954,0.37363,0.16442,0.0090911,0.21115,0.1796,0.14271,0.53907,0.62002,0.12598,0.57739,0.39193,0.08857,0.20624,0.35976,0.38613,0.40232,0.22772,0.439,0.59761,0.59815,0.29652,0.16478,0.57553,-0.037768,0.23557,0.37974,0.50898,0.23138,0.33527,0.47178,0.23042,0.56956,0.27382,0.46631,0.45584,0.013996,0.41395,0.571,0.43682,-0.087581,0.10392,-0.21455,0.01186,0.36613,0.51973,0.46137,0.2092,0.35476,0.16432,0.18779,0.34627,0.50601,0.58,0.87415,-0.16422,0.1703,0.47536,0.35727,0.53112,0.40453,0.67928,-0.090292,0.4419,0.22336,-0.02749,0.4524,0.43736,0.38836,0.35962,0.44441,0.16414,0.34223,0.16895,0.30356,0.47962,0.37944,0.21343,0.23214,0.23758,0.49355,0.81109,0.5607,0.22504,0.51735,0.35859,0.24606,0.44074,0.31358,0.37611,0.4459,0.33462,0.47987,0.53869,0.55683,0.56176,0.364,0.32566,0.17116,0.45488,0.3398,0.039517,0.2976,0.39488,0.49151,0.39899,0.55165,0.42749,0.36707,0.31852,0.60497,0.53461,0.39563,0.6509,0.38307,0.38414,0.40803,0.10986,0.44093,0.2914,0.3077,0.19213,0.34368,-0.028053,0.46845,0.43808,0.41025,0.39873,0.35715,0.38357,0.28796,0.21263,0.31044,-0.025,0.34387,0.47346,0.37131,0.0072875,0.31153,0.16673,0.38672,-0.049298,0.39324,0.44993,0.39936,0.47741
0.08762,0.75814,0.70507,0.54761,0.43402,0.10009,0.040013,0.4515,0.52267,0.56799,0.70719,-0.018882,0.7949,0.23826,0.46198,1,0.41099,0.39114,0.4699,0.68218,-0.064583,-0.099387,0.52658,0.37262,0.41148,0.74512,0.30382,0.43004,0.48975,0.48588,NaN,0.50824,0.21328,0.74232,0.26546,0.67769,0.29685,0.59805,0.32222,0.71209,0.63853,0.72606,0.74713,0.36198,0.69073,0.10061,0.35949,0.47502,0.26827,0.40766,0.39013,0.77664,-0.20976,0.35134,-0.26167,0.091818,0.30421,0.2273,0.48077,0.025098,-0.020805,0.20553,0.18825,0.20943,0.606,0.14197,0.28438,0.055919,0.51902,0.47655,0.73543,0.67137,0.54057,0.68113,0.81368,0.37586,0.53341,0.64871,0.024858,0.30773,0.43452,0.43835,0.2405,0.49257,0.64706,0.27216,0.47661,0.43207,0.48886,0.68427,0.12631,0.65192,0.42518,0.61139,-0.1648,-0.020607,0.2288,0.2666,0.64916,0.68239,0.40816,0.55947,0.09932,0.15025,0.34535,0.32096,0.68942,0.80503,0.45149,-0.17,0.14537,0.24347,0.37197,0.45536,0.47151,0.66642,-0.057236,0.59117,0.41992,0.63876,0.4588,0.25408,0.8179,-0.092473,0.63101,0.18447,0.76294,0.40509,0.11241,0.65857,0.59556,-0.046082,0.22033,0.40098,0.70912,0.28149,0.40988,0.3341,0.71489,0.55278,0.04802,0.40514,0.64407,0.45278,0.42349,0.5638,-0.068699,0.52093,0.43771,0.73931,0.58141,0.26879,0.31356,0.74977,0.57476,0.023316,0.31746,0.67446,0.78415,0.61319,0.74732,0.5496,0.63529,0.46541,0.69947,0.49914,0.6293,0.24595,0.54226,0.59985,0.73749,-0.062011,0.71979,0.51211,0.16486,0.30397,0.23795,0.019466,0.13526,0.54101,0.31324,0.56749,0.39254,0.27296,0.56962,0.32979,0.81193,0.29705,0.72054,0.64457,-0.126,0.55183,0.16602,0.30221,0.21569,0.037708,0.4648,0.49735,0.72943,0.42546
0.40037,0.52247,0.62467,0.28134,0.23984,0.46259,-0.2145,0.55462,0.41894,0.50275,0.48216,0.2397,0.45521,-0.055614,0.71959,0.41099,1,0.59085,0.28989,0.35156,0.27831,0.33438,-0.037732,0.49412,0.31093,0.53394,0.37979,0.46875,0.22239,0.62933,NaN,0.58921,0.47049,0.43875,0.46064,0.33714,0.18526,0.53695,0.55953,0.40737,0.63241,0.64236,0.42755,0.2286,0.54344,0.19608,0.51695,0.4325,0.30213,0.40781,0.51056,0.72908,0.19712,0.71086,0.074285,0.32091,0.44704,-0.038952,0.13262,0.37599,0.23506,0.43624,0.56808,0.38485,0.65781,0.46197,0.33873,0.40475,0.38407,0.42568,0.49275,0.37449,0.63217,0.64638,0.63796,0.30758,0.43542,0.49001,0.17496,0.40362,0.5439,0.49588,0.18398,0.45657,0.49046,0.20949,0.71299,0.4765,0.67418,0.49438,0.28115,0.33308,0.51807,0.40254,0.20396,0.30254,-0.12573,0.25464,0.52961,0.4552,0.48197,0.19743,0.46675,-0.11433,0.27476,0.38679,0.61749,0.44321,0.53024,-0.23253,0.35763,0.59919,0.39889,0.74601,0.44062,0.83569,0.090605,0.53756,0.45131,-0.051649,0.47309,0.63674,0.4332,0.29707,0.39997,0.31833,0.48499,0.25506,0.33736,0.48815,0.5266,0.45716,0.28436,0.26604,0.38195,0.65132,0.38325,0.50754,0.53947,0.58348,0.21188,0.44588,0.2709,0.36017,0.46364,0.35676,0.3082,0.53078,0.53658,0.64367,0.55012,0.10922,0.32172,0.50216,0.48321,0.28095,0.25494,0.32288,0.48592,0.44701,0.47718,0.38583,0.34493,0.42585,0.61665,0.57137,0.49637,0.48946,0.39985,0.50188,0.45847,0.17832,0.47975,0.50076,0.14677,0.42982,0.47344,0.33051,0.32588,0.66689,0.49951,0.3255,0.55961,0.24082,0.46831,0.23471,0.33396,0.27674,0.39115,0.5261,0.36529,0.022523,0.45825,0.27602,0.34599,0.31617,0.57171,0.65142,0.45956,0.66544
-0.097441,0.54738,0.52137,0.45645,0.10889,0.36287,-0.3882,0.52991,0.3485,0.62942,0.56967,0.21168,0.37981,0.22386,0.31456,0.39114,0.59085,1,0.43497,0.62106,0.57199,0.58002,0.020166,0.084923,-0.044509,0.71201,0.27473,0.6517,0.19564,0.60644,NaN,0.78042,0.42274,0.35504,0.37965,0.40324,0.3004,0.48761,0.4785,0.34823,0.69178,0.6683,0.51326,0.41625,0.60529,0.090507,0.33679,0.61389,-0.25438,0.49918,0.39111,0.52338,0.1041,0.60151,0.14643,0.31585,0.33781,-0.15767,0.35819,0.22375,-0.080049,0.16094,0.63722,0.51997,0.51119,0.11076,0.57444,0.084409,0.28056,0.5751,0.38607,0.53504,0.39514,0.60351,0.45351,0.091712,0.29728,0.43128,-0.19027,0.50154,0.75127,0.42932,0.045125,0.3514,0.53852,0.34624,0.49917,0.40443,0.72472,0.74385,0.094912,0.47612,0.34383,0.73325,0.2281,0.058935,-0.076989,0.39438,0.22179,0.42451,0.65149,0.23587,0.42019,-0.40336,0.63699,0.37319,0.46962,0.47444,0.36534,-0.18611,-0.013425,0.56407,0.29219,0.57817,0.3645,0.71496,0.20497,0.45756,0.44195,0.24968,0.73593,0.57922,0.44325,0.27394,0.51978,0.39348,0.52053,0.23318,0.26864,0.38957,0.37868,0.35035,-0.23867,0.070649,0.42626,0.25203,0.16239,0.71913,0.50517,0.55567,-0.096444,0.24377,0.14807,0.33593,0.5829,0.26163,0.044145,0.37713,0.51265,0.56549,0.57484,0.023408,0.39051,0.73815,0.65594,0.45547,0.27203,0.5724,0.32412,0.52377,0.34794,0.48623,0.43229,0.79285,0.50872,0.65382,0.53255,0.38796,0.60498,0.60558,0.57896,0.04702,0.52332,0.40812,0.15647,0.52463,0.62984,0.14634,0.13203,0.7068,0.50427,0.37292,0.9233,0.11129,0.73587,0.11724,0.39274,0.54315,0.28296,0.41512,0.043254,0.4275,0.12357,0.31062,0.115,0.5857,0.54525,0.29831,0.62122,0.63075
-0.035021,0.26655,0.34074,0.12786,0.53765,0.35413,-0.28728,0.3586,0.38198,0.543,0.53575,0.20635,0.62578,0.047295,0.31225,0.4699,0.28989,0.43497,1,0.46645,0.22385,0.15713,-0.00143,0.14403,0.29166,0.46236,0.074617,0.5209,0.53686,0.28592,NaN,0.56132,0.42041,0.59158,0.49084,0.34162,0.090678,0.31664,0.54062,0.60802,0.3208,0.60272,0.30058,0.42896,0.7596,-0.020142,0.62988,0.51555,0.0038385,0.306,0.49831,0.38712,0.30406,0.42018,-0.26358,0.14739,0.34178,0.205,0.14865,-0.2864,0.010698,-0.0134,0.46543,-0.069478,0.49135,0.054251,0.28124,-0.20897,0.52865,0.73514,0.36017,0.45778,0.16555,0.7087,0.53263,-0.068477,0.30391,0.2143,0.024225,0.66576,0.43953,0.15664,0.37991,0.31725,0.23892,0.43275,0.2942,0.48586,0.51003,0.57375,0.11072,0.34153,0.52326,0.60773,-0.35556,-0.21976,-0.00044375,0.0285,0.39566,0.48896,0.38708,-0.011586,0.13004,-0.32989,0.27881,0.1615,0.37195,0.57592,0.43642,0.27809,-0.041596,0.25201,0.033965,0.26135,0.66208,0.45018,0.40964,0.37104,0.28127,0.17267,0.43196,-0.049901,0.45573,0.52628,0.34561,0.27866,0.48345,0.25669,0.22278,0.40022,0.40432,0.085581,0.15552,0.065507,0.36492,0.23425,0.38092,0.6396,0.38556,0.24601,0.015101,0.071483,0.098236,0.32327,0.18983,0.47374,-0.19755,0.38106,0.36642,0.49308,0.11809,0.3584,0.20346,0.31041,0.11324,-0.016557,0.28664,0.77092,0.41722,0.40032,0.39713,0.39735,0.65274,0.50365,0.33352,0.43263,0.60756,0.22127,0.1693,0.48459,0.56734,0.047002,0.46461,0.2323,0.30375,0.40491,0.18078,0.053008,0.36106,0.5274,0.34108,0.58931,0.53368,-0.095616,0.40727,0.38143,0.20993,0.55369,0.31463,0.51994,0.24897,0.34646,0.077868,0.51322,0.50514,0.24588,0.29713,0.32099,0.36991,0.55086
0.017769,0.75332,0.53502,0.64469,0.44739,0.10243,-0.15959,0.65756,0.5112,0.69195,0.73351,-0.056874,0.64698,0.4182,0.20649,0.68218,0.35156,0.62106,0.46645,1,0.33564,0.060803,0.50914,0.13006,0.24107,0.75686,0.3178,0.64525,0.49917,0.64463,NaN,0.63664,0.23845,0.80177,0.22861,0.6387,0.031199,0.66754,0.35597,0.6081,0.70931,0.81534,0.74387,0.43997,0.62725,0.20412,0.41654,0.58531,-0.14892,0.57194,0.61144,0.55002,-0.036282,0.49326,0.051411,0.21218,0.46995,0.065505,0.42192,0.080745,-0.018931,0.30786,0.21023,0.1825,0.73173,0.22824,0.50781,0.090194,0.37898,0.57953,0.66976,0.82948,0.4634,0.71463,0.59188,0.22362,0.34049,0.62982,0.001352,0.28715,0.48863,0.4184,0.33035,0.47645,0.70223,0.27446,0.44768,0.4051,0.70821,0.70619,0.28405,0.44781,0.40502,0.62254,-0.11757,-0.27063,-0.042678,0.23471,0.54184,0.65893,0.58595,0.22678,0.26358,-0.14923,0.54139,0.56107,0.62097,0.66909,0.32089,-0.045443,-0.024834,0.39047,0.34096,0.51545,0.4526,0.64673,0.30073,0.52998,0.46791,0.47068,0.60966,0.42294,0.80908,0.11467,0.58342,0.17009,0.72715,0.27559,0.26175,0.65501,0.62508,0.060437,0.10631,0.28672,0.61801,0.084503,0.36465,0.37235,0.68944,0.62566,-0.01908,0.3544,0.58946,0.39649,0.57999,0.35452,-0.10423,0.35304,0.37362,0.75091,0.57157,0.16913,0.28797,0.80712,0.71322,0.39355,0.19179,0.70525,0.66771,0.57639,0.64293,0.76147,0.62734,0.54588,0.78482,0.78242,0.57387,0.25904,0.31983,0.7478,0.81548,-0.033371,0.69514,0.55865,0.32431,0.15403,0.49334,-0.095173,0.043605,0.66986,0.45838,0.68817,0.58139,0.19249,0.6712,0.3471,0.72378,0.58258,0.47921,0.71858,0.060522,0.53426,0.27916,0.5957,0.083093,0.39844,0.5057,0.53396,0.78802,0.48706
0.057079,0.058694,0.24395,-0.053693,-0.057255,0.043331,-0.35843,0.1416,-0.028152,0.19782,0.031219,0.16172,-0.037858,0.16113,0.013071,-0.064583,0.27831,0.57199,0.22385,0.33564,1,0.29587,-0.080384,-0.30831,-0.019624,0.23232,0.11003,0.4268,-0.14512,0.43511,NaN,0.38422,0.28645,-0.022742,0.24887,-0.014987,0.033795,0.0076002,0.13211,0.22391,0.22273,0.17756,-0.018478,0.095511,0.15355,0.28006,0.38827,0.42957,-0.36779,0.32771,0.27425,0.1719,0.10303,0.39993,0.13398,0.29479,0.34528,0.03147,-0.057659,0.15912,0.030895,0.022091,0.49484,0.23239,0.2807,0.17931,0.39672,-0.027669,-0.18474,0.30329,-0.089475,0.3743,0.062262,0.25594,-0.051201,0.29937,0.14726,0.06153,-0.23627,0.40893,0.46766,0.12635,0.11613,-0.04738,-0.028073,0.31677,0.38605,0.17033,0.5389,0.36929,0.47984,0.18578,-0.025313,0.39177,0.10393,-0.078386,-0.098258,0.24565,0.01111,0.18662,0.18742,-0.21362,0.39559,-0.61676,0.28528,0.43021,-0.041426,-0.085673,0.092733,-0.32866,0.095463,0.53991,0.073642,0.27102,0.24685,0.30746,0.14501,0.33402,-0.029129,-0.25348,0.2703,0.32097,0.028102,0.34867,0.14692,-0.1009,0.069073,0.08421,0.34501,-0.02687,-0.01785,0.058012,-0.19176,-0.062871,-0.061188,0.062652,-0.21618,0.58845,0.15637,0.36559,-0.3345,0.099516,-0.11025,0.049641,0.24783,-0.044232,-0.10986,-0.059053,0.08577,0.3389,0.27773,-0.11014,-0.049694,0.25653,0.22232,0.37087,0.31024,0.094491,0.01862,-0.10937,0.062483,0.14824,0.07529,0.6061,0.18703,0.34479,0.17722,-0.0059561,-0.030534,0.22739,0.23776,0.329,0.122,0.18046,-0.0096646,0.10496,0.38511,0.1,-0.057981,0.41856,-0.10412,0.091956,0.57835,0.030823,0.42853,0.12276,-0.062825,0.42083,-0.080505,0.22212,0.26401,0.086384,-0.067702,0.33306,-0.074691,0.28626,-0.20422,0.19082,0.23442,0.44911
-0.08922,0.10286,0.15518,0.16632,-0.012451,0.16361,-0.27329,0.029769,0.064334,0.14526,0.18939,-0.15298,0.021767,-0.17751,0.21613,-0.099387,0.33438,0.58002,0.15713,0.060803,0.29587,1,-0.17896,0.13332,0.04424,0.2073,0.075788,0.40754,-0.11415,0.29617,NaN,0.50486,-0.084804,-0.01823,0.22797,0.033594,0.23623,0.066819,0.36939,-0.083706,0.25579,0.2853,0.065995,0.24407,0.23669,0.17144,0.034368,0.24203,-0.28747,0.28061,-0.089859,0.16665,0.32615,0.21248,0.27627,0.15702,0.1501,-0.79244,0.10997,0.29057,-0.20183,-0.070948,0.5517,0.21691,0.27778,-0.012271,0.2572,0.10983,0.29657,0.26176,0.017061,0.2927,-0.03505,0.22934,0.028615,-0.0075934,-0.077199,0.026633,-0.15579,0.17426,0.38616,0.3958,-0.12306,0.20572,0.27602,0.21069,0.17126,0.23521,0.32426,0.20798,-0.086135,-0.04612,0.16593,0.29131,0.63917,0.41748,-0.10772,0.17718,-0.1287,0.11938,0.39911,0.037088,0.2905,0.0035459,0.19553,0.013234,0.20057,0.15748,0.26422,-0.089748,0.22063,0.29691,0.143,0.36528,0.18716,0.27598,0.12612,-0.069051,0.096723,-0.16363,0.402,0.32232,0.030003,0.095056,0.26511,0.13471,0.158,-0.056379,0.26033,0.085243,-0.085683,0.22427,-0.29616,-0.26287,0.098001,0.15012,0.010622,0.43276,0.018534,0.16492,-0.12564,-0.045223,-0.1266,0.1475,0.19334,0.16995,0.19486,0.037343,0.53114,0.10806,0.28852,-0.050605,0.1857,0.2051,0.26271,0.55223,0.21757,0.21547,0.073666,0.20403,0.017232,0.19841,0.21844,0.32207,0.11139,0.21976,0.3113,0.15195,0.20442,0.088026,0.064463,-0.12768,0.11336,0.084472,0.061753,0.43559,0.25657,0.069363,-0.026251,0.41868,0.18101,-0.057646,0.53444,-0.023452,0.24577,-0.18543,0.088147,0.25226,-0.11177,0.075506,0.088184,0.0099073,0.26183,-0.083218,0.093762,0.22297,0.44692,0.050562,0.11649,0.11721
0.26316,0.35758,0.23323,0.4762,0.2704,-0.37521,0.084182,0.34879,0.40315,0.19233,0.4464,-0.089199,0.32969,0.32358,0.14744,0.52658,-0.037732,0.020166,-0.00143,0.50914,-0.080384,-0.17896,1,0.29854,0.44676,0.43796,0.13345,0.010636,0.26546,0.27576,NaN,0.10387,-0.093377,0.38126,-0.3458,0.49546,0.066543,0.47172,0.13237,0.36944,0.48538,0.44826,0.50685,0.1546,0.20255,0.16732,0.18082,0.053515,0.27543,0.32221,0.21379,0.30348,-0.34938,0.067722,-0.11725,0.22577,0.11313,0.025824,0.2746,-0.10748,-0.29576,0.36424,-0.074641,-0.033243,0.37521,0.23939,-0.00012109,-0.01028,0.26486,0.1735,0.39919,0.41732,0.32964,0.18179,0.28213,0.55827,0.32405,0.67779,0.077714,-0.02302,-0.010465,0.17265,0.15933,0.3542,0.41362,0.21257,0.2656,0.40266,0.27373,0.27781,0.21457,0.13913,0.083549,0.12971,-0.13929,-0.20381,0.0031114,0.11763,0.27949,0.419,0.1466,0.33962,-0.0029568,0.38096,-0.059911,0.34486,0.2299,0.52585,0.16858,-0.093828,0.039565,0.013967,0.27187,0.14131,0.30771,0.17058,-0.15993,0.49327,0.11844,0.3281,0.17853,0.34243,0.70979,-0.26081,0.5137,-0.18762,0.41266,0.14418,0.082324,0.41702,0.35343,-0.515,-0.013997,0.25267,0.43845,0.045381,0.19389,-0.17135,0.28828,0.27626,0.22343,0.45984,0.63643,0.46616,0.12204,0.42604,0.05607,0.10588,0.31202,0.42516,0.10035,0.33553,-0.01503,0.50985,0.37482,0.15788,0.27789,0.33688,0.44879,0.42577,0.5313,0.40946,0.34693,0.11548,0.38071,0.26345,0.37045,0.30342,0.033236,0.37996,0.47999,-0.0058829,0.31191,0.46099,0.1135,0.046198,0.10625,-0.19205,-0.0006674,0.34891,0.019634,0.22937,-0.030784,0.13292,0.19569,0.27011,0.5935,0.15672,0.28365,0.38916,-0.00041078,0.24025,0.2386,0.22588,-0.00095,-0.14951,0.091458,0.37557,0.41319,-0.0036949
0.62362,0.2696,0.13341,0.17278,0.37034,0.38812,-0.15746,0.24546,0.20922,0.31142,0.24643,0.0051901,0.45502,-0.059277,0.54826,0.37262,0.49412,0.084923,0.14403,0.13006,-0.30831,0.13332,0.29854,1,0.54087,0.37641,0.23305,0.075886,0.42915,-0.077565,NaN,0.2077,-0.010861,0.40966,0.19492,0.50915,0.49122,0.41351,0.27618,0.11702,0.36888,0.36138,0.26237,0.12073,0.28497,-0.027443,0.126,-0.15148,0.46719,0.31767,0.24148,0.40108,0.067973,0.39128,0.057875,0.3653,0.28825,-0.1529,0.29383,-0.018459,0.14987,0.55048,0.07007,0.056766,0.43345,0.44554,0.089799,0.3299,0.24806,0.076814,0.34995,0.17135,0.49084,0.40695,0.46436,0.31447,0.22609,0.44361,0.21659,0.055077,0.18713,0.20987,-0.050053,0.424,0.38362,-0.15043,0.26343,0.38488,0.13975,0.15706,-0.052634,0.040697,0.44864,0.0831,0.07549,0.16641,-0.03871,0.31331,0.12628,0.11696,0.20919,0.30573,0.17547,0.39558,-0.27476,-0.24363,0.34041,0.35956,0.41202,0.086354,0.31311,-0.097426,0.47538,0.13643,0.30202,0.45527,-0.14655,0.44933,0.12809,0.16366,0.11749,0.32448,0.41641,0.16004,0.24441,-0.03486,0.26466,-0.019906,0.25445,0.16833,0.46382,-0.015616,0.45701,0.26796,0.2043,0.41959,0.52099,0.041759,0.048887,0.20207,0.24806,0.73135,0.51051,0.36199,-0.063957,0.38624,0.59178,0.34913,0.35798,0.25916,0.036874,0.086683,0.29936,0.23064,0.28832,0.052004,0.041445,0.23424,0.39466,0.35477,0.24174,0.27278,0.38444,-0.17656,0.40189,0.27789,0.34198,0.4576,0.32978,0.18147,0.10526,-0.10935,0.23802,0.29044,-0.094082,0.29811,-0.22074,0.26104,0.38254,0.299,0.18126,0.28251,0.065311,0.24254,-0.14493,0.01273,0.21728,0.0143,0.23608,0.26986,0.30924,-0.018735,0.23724,0.096974,0.45231,-0.26379,0.52287,0.33745,0.025811,0.056753
