1,0.3991,0.54582,0.65325,0.72791,0.72545,0.67562,0.46785,0.57389,0.18014,0.55333,0.56633,0.29215,0.45835,0.51542,0.50325,0.5998,0.51428,0.52841,0.92465,0.54244,0.53922,0.59912,0.60555,0.55448,0.44238,0.5131,0.59341,0.56047,0.53894,0.6281,-0.21505,0.71889,0.40946,0.48544,0.36062,0.55151,0.23506,0.55141,0.51504,0.32308,0.57579,0.55545,0.72071,0.69009,0.44628,0.70312,0.59075,0.59273,0.40939,0.46903,0.63636,0.46704,0.29232,-0.13386,0.52801,0.5079,0.55327,0.89224,0.49489,0.56034,0.48186,0.19632,0.58279,0.18038,0.58341,0.54092,0.66925,0.70453,0.33704,0.50454,0.54262,0.52202,0.66322,0.53109,0.64887,0.54274,0.76346,0.57229,-0.1034,0.56689,0.36559,0.37043,0.54905,0.4857,0.46866,0.51034,0.54016,0.57993,0.64074,0.40017,0.54283,0.53354,0.51819,0.5685,0.552,0.57295,0.54452,0.57182,0.58794,0.6436,0.6348,0.45933,0.68017,0.69311,0.18227,0.55896,0.7809,0.56447,0.72588,0.59202,0.57631,0.55541,0.3795,0.62555,0.55485,0.75448,0.57465,0.53441,0.47574,0.50426,0.42189,0.54374,0.28203,0.5015,0.8391,0.57735,0.66322,0.42927,0.60964,-0.31668,0.62131,0.49947,0.7115,0.53572,0.41903,0.48337,0.6631,0.61011,0.57448,0.50133,0.33628,0.55345,0.25652,0.55174,0.5672,0.58086,0.61438,0.44863,0.38179,0.55568,0.51727,0.73484,0.73032,0.44949,0.75344,0.55962,0.44012,0.55432,0.53208,0.46289,0.59602,0.29155,0.6913,0.51896,0.55264,0.52243,0.50414,0.24827,0.52635,0.18289,0.55427,0.35951,0.50947,0.85325,0.5003,0.62066,0.50553,0.75396,0.8435,0.57545,0.65463,0.47598,0.60865,0.44725,0.55492
0.3991,1,0.81581,0.69826,0.75565,0.69051,0.62113,0.56519,0.58404,0.057075,0.62659,0.71848,0.11399,0.88413,0.70845,0.87265,0.49498,0.65252,0.47168,0.4108,0.65803,0.15022,0.64607,0.75449,0.25171,0.7356,0.5995,0.61499,0.6836,0.79384,0.46729,-0.50165,0.63324,0.41773,0.72978,0.28032,0.87325,-0.082492,0.60285,0.57376,0.47154,0.53227,0.87395,0.37667,0.65173,0.77571,0.47729,0.31081,0.5585,0.23309,0.55674,0.52742,0.84104,0.543,-0.48363,0.68729,0.71323,0.84638,0.33467,0.5416,0.48819,0.59172,0.19692,0.63993,0.5345,0.67043,0.69227,0.5208,0.6093,0.59286,0.90043,0.76849,0.63987,0.65911,0.45369,0.70621,0.7383,0.67267,0.7515,0.28043,0.4965,0.80361,0.75286,0.79001,0.61452,0.63749,0.62235,0.76859,0.68253,0.71558,0.49445,0.79624,0.60359,0.69668,0.65512,0.59369,0.53477,0.58638,0.86595,0.73267,0.73974,0.80804,0.87126,0.80685,0.69006,0.22819,0.80974,0.61765,0.67817,0.74068,0.66729,0.77656,0.53238,-0.19821,0.81568,0.40888,0.49548,0.29264,0.51053,0.0774,0.60629,-0.050978,0.62035,0.13417,0.85089,0.16876,0.78932,0.67646,0.74286,0.31121,-0.47655,0.5451,0.71085,0.74153,0.81645,0.4462,0.77774,0.54804,0.78558,0.79088,0.83356,0.88827,0.76469,0.10419,0.56427,0.48234,0.59645,0.60222,0.47951,0.47535,0.48044,0.59939,0.47829,0.8069,0.35063,0.6281,0.57863,0.47563,0.41284,0.75829,0.38657,0.48635,0.7813,0.55899,0.77065,0.72087,0.60542,0.54618,0.61054,0.65658,0.058941,0.79151,0.29214,0.7488,0.43024,0.74125,0.69277,0.78137,0.62976,0.56345,0.69092,0.6413,0.66509,0.67409,0.68719,0.83963
0.54582,0.81581,1,0.8186,0.74925,0.69536,0.73799,0.72093,0.76992,0.15051,0.81757,0.82328,0.24989,0.84341,0.79638,0.8806,0.71581,0.72759,0.65004,0.53005,0.80578,0.45518,0.73693,0.8891,0.27207,0.68259,0.71955,0.76183,0.79929,0.84662,0.51215,-0.54656,0.76866,0.425,0.75179,0.25599,0.89569,0.18102,0.83049,0.71508,0.48616,0.68759,0.81253,0.56114,0.79025,0.6472,0.70598,0.36596,0.78145,0.46951,0.63022,0.73579,0.82224,0.54481,-0.55598,0.68525,0.77113,0.82687,0.56784,0.72519,0.67351,0.68793,0.17689,0.7837,0.50401,0.84513,0.79703,0.72336,0.78781,0.68935,0.86768,0.82419,0.75006,0.83889,0.63129,0.83218,0.67175,0.71042,0.79559,0.35826,0.70889,0.71282,0.58866,0.79725,0.72874,0.6886,0.81941,0.83765,0.81585,0.80672,0.67934,0.85586,0.70417,0.80446,0.7972,0.76455,0.76092,0.70682,0.86583,0.82388,0.86001,0.8271,0.70528,0.85687,0.87911,0.38983,0.92978,0.84943,0.85741,0.67612,0.81256,0.88991,0.69693,-0.12792,0.88847,0.52606,0.66368,0.54201,0.70347,0.36035,0.72397,0.031332,0.76512,0.22875,0.83878,0.25811,0.87837,0.75753,0.78414,0.38126,-0.54538,0.85414,0.75658,0.64937,0.87591,0.5278,0.85649,0.755,0.88256,0.88499,0.87806,0.75154,0.80122,0.3226,0.80272,0.73542,0.73588,0.71301,0.6498,0.55788,0.65015,0.64822,0.64916,0.82684,0.54854,0.78054,0.78739,0.63979,0.56379,0.81311,0.62316,0.73017,0.67793,0.6264,0.82401,0.9055,0.77805,0.69354,0.68226,0.71356,0.22897,0.85457,0.43298,0.63832,0.52269,0.80425,0.7041,0.76485,0.54109,0.7056,0.75841,0.77165,0.70403,0.88231,0.71086,0.79448
0.65325,0.69826,0.8186,1,0.78456,0.87159,0.88217,0.80984,0.89472,-0.020232,0.86277,0.91715,0.080273,0.86793,0.89557,0.87372,0.81025,0.72664,0.82241,0.62129,0.85941,0.67426,0.65677,0.90323,0.40961,0.64342,0.8512,0.85176,0.88054,0.89646,0.55528,-0.61106,0.86682,0.49055,0.83509,0.072842,0.9127,0.0072241,0.85312,0.86474,0.67483,0.81526,0.73397,0.79359,0.80221,0.66256,0.78743,0.52459,0.84872,0.60159,0.65073,0.67202,0.87077,0.52747,-0.65357,0.7561,0.87466,0.83101,0.72638,0.75036,0.80937,0.85611,-0.073847,0.8642,0.40656,0.91166,0.88683,0.81316,0.81564,0.72589,0.81063,0.91159,0.87762,0.86536,0.74856,0.89868,0.61901,0.73032,0.88596,0.29787,0.6387,0.68815,0.69367,0.64028,0.86122,0.77697,0.85767,0.88175,0.91223,0.88073,0.78129,0.88682,0.57272,0.87142,0.90232,0.89408,0.89293,0.85559,0.84062,0.80059,0.84277,0.90549,0.77702,0.85673,0.88076,0.21836,0.76837,0.88107,0.84546,0.78901,0.92348,0.92081,0.65489,-0.30214,0.938,0.42374,0.74893,0.63401,0.78823,0.20217,0.87586,0.33106,0.87881,0.01683,0.86115,0.50015,0.90071,0.78279,0.7891,0.46357,-0.70456,0.85072,0.8154,0.60444,0.87627,0.3636,0.89153,0.83372,0.93473,0.9258,0.81403,0.66129,0.90979,0.075928,0.73922,0.85545,0.84703,0.7305,0.7664,0.3115,0.82429,0.70813,0.67492,0.80261,0.63498,0.85613,0.901,0.77459,0.4673,0.84383,0.7273,0.8207,0.65084,0.84555,0.91909,0.80808,0.8495,0.84833,0.60649,0.7958,-0.037773,0.80844,0.38265,0.62967,0.65009,0.90158,0.63589,0.83587,0.7609,0.82279,0.8674,0.79877,0.79176,0.91574,0.86059,0.89259
0.72791,0.75565,0.74925,0.78456,1,0.85629,0.71344,0.55484,0.65203,0.090059,0.64347,0.71729,0.21727,0.73775,0.70277,0.77103,0.66009,0.67591,0.57004,0.71389,0.65363,0.46764,0.76877,0.69944,0.4668,0.65527,0.64214,0.74808,0.70339,0.75993,0.57034,-0.42904,0.73645,0.55183,0.70749,0.36088,0.8018,0.056862,0.60236,0.63444,0.44629,0.63487,0.81901,0.65352,0.84379,0.66934,0.63698,0.3588,0.60809,0.45344,0.68911,0.66035,0.72729,0.44648,-0.35445,0.77376,0.70322,0.7497,0.61672,0.6055,0.61235,0.63205,0.13598,0.69668,0.43503,0.71748,0.72622,0.64018,0.69865,0.56099,0.71695,0.76603,0.66244,0.68034,0.64754,0.78448,0.69095,0.86611,0.80887,0.29942,0.60316,0.67929,0.61999,0.75702,0.66166,0.67617,0.70065,0.78558,0.72723,0.74964,0.55141,0.77176,0.58275,0.69451,0.68987,0.69094,0.68868,0.705,0.81302,0.77939,0.74915,0.8241,0.76582,0.79809,0.76651,0.2488,0.77481,0.75779,0.70619,0.75716,0.73491,0.77655,0.54607,0.068679,0.76928,0.44475,0.70445,0.55551,0.66339,0.27298,0.59126,0.28111,0.69162,0.25691,0.81088,0.53812,0.76821,0.85082,0.77411,0.50054,-0.4565,0.59389,0.69813,0.81344,0.75819,0.44939,0.68983,0.63678,0.77981,0.76951,0.7605,0.72874,0.73228,0.23743,0.73249,0.59973,0.71702,0.7312,0.55876,0.38762,0.62427,0.72311,0.72173,0.89344,0.51863,0.77764,0.66633,0.53095,0.50938,0.67414,0.55322,0.65911,0.55462,0.81341,0.72628,0.65173,0.75913,0.6039,0.41059,0.74901,0.12565,0.73374,0.36169,0.73658,0.69028,0.70968,0.65407,0.78871,0.76055,0.81936,0.76309,0.80794,0.71541,0.72425,0.63955,0.77413
0.72545,0.69051,0.69536,0.87159,0.85629,1,0.75507,0.67109,0.6692,0.067543,0.65947,0.75921,0.19779,0.76473,0.67744,0.73763,0.62507,0.66234,0.57034,0.68188,0.61163,0.47696,0.68833,0.75138,0.57049,0.71264,0.63058,0.71165,0.67828,0.78828,0.51038,-0.42132,0.72329,0.61885,0.75968,0.31595,0.80115,0.08753,0.65904,0.61343,0.65995,0.67296,0.77768,0.68841,0.74939,0.65503,0.64453,0.55842,0.78548,0.45592,0.64462,0.70875,0.74715,0.51208,-0.37976,0.73192,0.67315,0.7829,0.6048,0.48054,0.60341,0.61444,0.11444,0.70262,0.42978,0.70244,0.65476,0.64465,0.79161,0.48751,0.7659,0.73278,0.66505,0.77646,0.58406,0.82283,0.76771,0.80042,0.81343,0.11565,0.50534,0.53107,0.68647,0.65109,0.60995,0.7275,0.68729,0.81146,0.74326,0.77016,0.49176,0.78428,0.6395,0.62656,0.66521,0.68651,0.7473,0.70559,0.74717,0.82199,0.7372,0.79529,0.75129,0.83691,0.77115,0.11067,0.73101,0.8249,0.67127,0.87872,0.72959,0.75061,0.53416,-0.051764,0.79115,0.5815,0.79632,0.54957,0.62541,0.22766,0.66915,0.43594,0.70235,0.29297,0.73135,0.59871,0.77,0.74106,0.626,0.51312,-0.5321,0.66139,0.74799,0.74388,0.75951,0.28566,0.72184,0.6161,0.79102,0.78215,0.67982,0.73208,0.75041,0.1518,0.59226,0.60726,0.71829,0.72127,0.55741,0.3953,0.65899,0.74149,0.71834,0.83386,0.56325,0.89653,0.64815,0.51446,0.4493,0.80046,0.49383,0.62861,0.6012,0.853,0.74634,0.62208,0.74695,0.59349,0.55387,0.77851,0.085242,0.6843,0.32425,0.71799,0.77443,0.71393,0.69414,0.84609,0.92364,0.87241,0.7329,0.74108,0.7051,0.74455,0.77402,0.8139
0.67562,0.62113,0.73799,0.88217,0.71344,0.75507,1,0.82964,0.88288,-0.074506,0.78223,0.8722,0.042525,0.77205,0.86269,0.82065,0.69816,0.75801,0.82728,0.6316,0.85795,0.76271,0.57103,0.82169,0.41878,0.466,0.84383,0.80598,0.86083,0.86715,0.69479,-0.6169,0.80234,0.3033,0.77099,-0.066189,0.85741,-0.097046,0.76281,0.84215,0.55627,0.70972,0.67291,0.7482,0.80194,0.73819,0.8502,0.46792,0.70642,0.61056,0.50113,0.45687,0.78486,0.55392,-0.64148,0.82049,0.85302,0.66981,0.74827,0.7014,0.7881,0.8521,-0.17,0.84525,0.30741,0.85955,0.87291,0.79545,0.80662,0.73537,0.71551,0.86762,0.85013,0.84339,0.78848,0.87129,0.46591,0.64131,0.8042,0.18038,0.59876,0.75871,0.61236,0.68096,0.8691,0.64872,0.77814,0.8391,0.86951,0.83979,0.77807,0.8516,0.43002,0.8557,0.89109,0.88169,0.8009,0.85201,0.81198,0.59449,0.8368,0.87169,0.70423,0.7853,0.75587,0.1924,0.7811,0.83543,0.80084,0.7187,0.88665,0.88411,0.59778,-0.15467,0.90381,0.22959,0.68659,0.58717,0.83297,0.13621,0.76742,0.37479,0.82614,-0.068782,0.85514,0.462,0.78939,0.72685,0.78658,0.36782,-0.69554,0.73171,0.78713,0.60814,0.81101,0.40087,0.83944,0.79518,0.8859,0.87378,0.72686,0.56912,0.87583,0.0092045,0.73626,0.85607,0.86995,0.68964,0.77156,0.16692,0.81465,0.71835,0.64843,0.72941,0.5783,0.75618,0.86209,0.78301,0.39781,0.72229,0.68619,0.79977,0.56143,0.7789,0.84651,0.70497,0.69499,0.85029,0.52061,0.78694,-0.041062,0.7658,0.25249,0.49394,0.69975,0.8686,0.55894,0.71382,0.7184,0.79686,0.81726,0.71233,0.71318,0.84138,0.79338,0.80793
0.46785,0.56519,0.72093,0.80984,0.55484,0.67109,0.82964,1,0.76912,-0.081957,0.72921,0.81829,0.11988,0.72846,0.78616,0.78506,0.6117,0.69603,0.7457,0.41359,0.81736,0.58001,0.43664,0.75121,0.41122,0.56722,0.73985,0.6414,0.70519,0.81592,0.42261,-0.52631,0.66128,0.3721,0.72038,0.07551,0.78145,0.045803,0.7869,0.71629,0.5931,0.70673,0.51114,0.5106,0.71721,0.62786,0.79536,0.39883,0.69278,0.55348,0.33089,0.4579,0.77969,0.33148,-0.58427,0.67853,0.73857,0.72476,0.58872,0.66427,0.67996,0.70727,-0.076763,0.74743,0.2757,0.79198,0.71312,0.6768,0.72637,0.67216,0.69665,0.78917,0.76052,0.78812,0.58691,0.74345,0.52918,0.55779,0.70228,0.1079,0.61769,0.61188,0.60157,0.5163,0.77891,0.62115,0.7404,0.85325,0.8,0.75622,0.62978,0.78515,0.47034,0.72431,0.76204,0.77756,0.76583,0.71862,0.64396,0.65607,0.73587,0.73547,0.60538,0.69179,0.77511,0.17264,0.76978,0.71642,0.76181,0.6306,0.79533,0.78548,0.5549,-0.31082,0.80468,0.31845,0.68738,0.56913,0.7032,0.10009,0.74759,0.25463,0.75651,0.026792,0.73321,0.28472,0.73919,0.55913,0.64799,0.21561,-0.59961,0.64517,0.79739,0.53991,0.76983,0.35523,0.7791,0.66432,0.8205,0.79911,0.60331,0.63477,0.778,0.06441,0.72794,0.73715,0.70324,0.62673,0.64988,0.26743,0.73123,0.67117,0.46414,0.59627,0.58335,0.7244,0.76717,0.63364,0.20523,0.73485,0.61052,0.68959,0.53432,0.57249,0.78311,0.7049,0.70994,0.73987,0.52563,0.65184,0.011406,0.65251,0.26037,0.35429,0.55955,0.83395,0.51557,0.65747,0.56174,0.68272,0.65648,0.54451,0.62112,0.80405,0.77882,0.71582
0.57389,0.58404,0.76992,0.89472,0.65203,0.6692,0.88288,0.76912,1,-0.16093,0.93891,0.93302,-0.046218,0.79493,0.9527,0.85069,0.85042,0.83153,0.94145,0.49537,0.86842,0.80346,0.55422,0.88221,0.19123,0.41588,0.94302,0.94435,0.96448,0.88195,0.60902,-0.73,0.85653,0.38547,0.73301,-0.14372,0.87642,-0.1238,0.89191,0.97465,0.57864,0.85749,0.6204,0.81764,0.83587,0.60713,0.84696,0.36815,0.7838,0.75533,0.61969,0.46348,0.84038,0.65578,-0.81809,0.69001,0.94244,0.71932,0.69349,0.7882,0.94508,0.96785,-0.24572,0.90724,0.30134,0.979,0.95929,0.87457,0.71133,0.8489,0.7167,0.93031,0.95324,0.83189,0.89428,0.81852,0.41515,0.6431,0.89427,0.30637,0.70659,0.7048,0.49589,0.60132,0.96303,0.7279,0.88448,0.80412,0.95328,0.87122,0.94305,0.8805,0.53245,0.96805,0.98189,0.98041,0.85139,0.94338,0.81013,0.64721,0.87249,0.88335,0.59534,0.7635,0.80097,0.23399,0.68206,0.85332,0.86038,0.60359,0.9709,0.94836,0.66626,-0.3555,0.90799,0.19084,0.62494,0.72393,0.90359,0.12393,0.89656,0.22133,0.92228,-0.17944,0.87219,0.34023,0.88836,0.73345,0.84836,0.32106,-0.84937,0.83885,0.79724,0.45831,0.88416,0.39539,0.89793,0.86292,0.92335,0.92532,0.81104,0.49651,0.917,0.045583,0.81162,0.98249,0.88553,0.73391,0.91039,0.20439,0.886,0.68923,0.68136,0.74393,0.66057,0.70577,0.98467,0.91941,0.51934,0.80003,0.8607,0.89902,0.60482,0.78933,0.9219,0.73073,0.75943,0.96374,0.48102,0.79368,-0.16089,0.82913,0.4103,0.47727,0.50701,0.91691,0.45591,0.73934,0.60512,0.78196,0.87608,0.80207,0.65856,0.8821,0.80764,0.83715
0.18014,0.057075,0.15051,-0.020232,0.090059,0.067543,-0.074506,-0.081957,-0.16093,1,0.04075,-0.2843,0.82814,-0.20004,-0.29914,-0.080176,-0.055431,-0.029421,-0.38329,0.45152,-0.073453,-0.18433,0.53122,0.059755,0.56866,0.31546,-0.39628,-0.22361,-0.2555,-0.25711,0.32385,0.33732,0.091019,0.067954,0.094427,0.64908,-0.12475,0.846,-0.097727,-0.30843,-0.019437,-0.37096,0.11159,-0.0044892,-0.0093589,0.0097576,-0.0065109,0.34946,0.13094,-0.008332,0.18646,0.41738,-0.29014,-0.20606,0.42131,0.1575,-0.32437,-0.069865,0.087031,-0.097606,-0.29245,-0.27652,0.8536,-0.3201,0.54994,-0.066766,-0.20813,-0.1503,0.21435,-0.21293,-0.065213,-0.24705,-0.34593,0.027892,-0.068497,-0.13807,0.25789,0.1375,-0.055406,0.023463,0.29275,-0.19051,0.030887,0.34516,-0.27529,-0.23046,0.013737,-0.12822,-0.28937,-0.29494,-0.23218,-0.15468,0.065939,-0.13786,-0.20299,-0.19233,0.039284,-0.22377,0.10375,0.14126,0.11244,-0.17632,-0.11772,0.11615,0.10426,0.75041,0.1405,0.116,-0.10838,0.1386,-0.2076,-0.15131,0.46089,0.59857,0.036941,0.5861,0.12017,-0.17837,-0.23514,0.78783,-0.35552,0.16176,-0.32034,0.77136,-0.094912,0.40931,-0.0804,0.34502,-0.22293,0.48272,0.47883,0.10173,-0.062705,0.14623,-0.24183,0.36683,-0.20227,-0.038342,-0.17535,-0.15707,0.19232,-0.12737,-0.26532,0.74893,-0.01997,-0.19736,-0.074404,0.082608,-0.20977,0.6812,-0.24772,-0.22375,0.29425,0.036307,-0.51086,0.13232,-0.14517,-0.25357,0.49715,0.0045127,-0.1822,-0.068519,-0.30914,-0.059388,-0.28277,0.21088,0.096002,-0.36197,0.014068,-0.26358,0.84466,-0.11222,0.57195,0.33977,-0.013865,-0.2994,0.48571,-0.22018,-0.01214,-0.042981,-0.32936,-0.15854,0.077621,0.16157,-0.38529,-0.097009
0.55333,0.62659,0.81757,0.86277,0.64347,0.65947,0.78223,0.72921,0.93891,0.04075,1,0.86521,0.083864,0.76219,0.87771,0.83514,0.86371,0.80323,0.83295,0.52586,0.86047,0.66922,0.65086,0.90662,0.1858,0.51722,0.83651,0.88154,0.89799,0.82342,0.60494,-0.6485,0.87489,0.49359,0.76235,0.0099269,0.84899,0.055464,0.87294,0.8937,0.57504,0.79653,0.63586,0.75938,0.81864,0.5481,0.78485,0.51247,0.86326,0.71529,0.68072,0.58226,0.79577,0.61533,-0.74641,0.69986,0.86684,0.78735,0.66707,0.76759,0.83719,0.88031,-0.041823,0.8254,0.42182,0.95451,0.87996,0.80233,0.71146,0.82385,0.71732,0.87861,0.872,0.77488,0.8476,0.7381,0.50704,0.68308,0.87745,0.32319,0.79219,0.64723,0.48501,0.65838,0.8816,0.67044,0.904,0.74289,0.87016,0.79235,0.88501,0.83768,0.61204,0.91887,0.91707,0.91985,0.80173,0.85076,0.82303,0.70349,0.9212,0.80719,0.54531,0.76405,0.82236,0.36067,0.68351,0.82793,0.83458,0.65326,0.91144,0.89759,0.72366,-0.26705,0.88636,0.3946,0.61642,0.6429,0.81832,0.3048,0.82141,0.16249,0.8445,0.0066744,0.82945,0.31902,0.86493,0.79128,0.76335,0.39615,-0.75758,0.87762,0.75225,0.42078,0.85031,0.54724,0.83979,0.80502,0.87859,0.89131,0.8731,0.50798,0.85506,0.29849,0.75511,0.89212,0.83355,0.75752,0.84753,0.37249,0.81102,0.60686,0.73489,0.75892,0.54802,0.70317,0.93635,0.85358,0.58328,0.7797,0.86382,0.84546,0.59034,0.75185,0.86034,0.81016,0.78367,0.86101,0.45351,0.75442,0.026991,0.79728,0.49717,0.55858,0.41713,0.85653,0.62095,0.70353,0.56109,0.74047,0.78878,0.76492,0.59011,0.92058,0.71895,0.81683
0.56633,0.71848,0.82328,0.91715,0.71729,0.75921,0.8722,0.81829,0.93302,-0.2843,0.86521,1,-0.1357,0.91012,0.97447,0.92246,0.82372,0.8126,0.91874,0.45407,0.8722,0.70656,0.50723,0.89437,0.17084,0.51356,0.96107,0.9125,0.96063,0.9729,0.45329,-0.70476,0.81675,0.44891,0.77732,-0.067286,0.95479,-0.2222,0.90977,0.93526,0.59102,0.91302,0.71203,0.74084,0.84797,0.68163,0.80381,0.37238,0.75973,0.62444,0.58795,0.50715,0.95966,0.63598,-0.78573,0.65456,0.96207,0.8602,0.64698,0.73925,0.89835,0.91396,-0.23442,0.97403,0.22999,0.92769,0.94123,0.86559,0.76574,0.83843,0.85859,0.9684,0.97484,0.86802,0.78726,0.90186,0.5765,0.68264,0.89666,0.29258,0.59089,0.75534,0.65273,0.62162,0.93378,0.80938,0.84751,0.89196,0.98835,0.97201,0.85161,0.94514,0.63902,0.9181,0.94896,0.93703,0.83772,0.91877,0.82137,0.75724,0.82497,0.92552,0.74829,0.84527,0.84353,0.037546,0.76668,0.84177,0.91373,0.72706,0.96698,0.9666,0.58406,-0.41987,0.92447,0.27652,0.70936,0.67011,0.87376,0.021465,0.96093,0.18655,0.96824,-0.13743,0.90199,0.27134,0.9082,0.66024,0.87853,0.2473,-0.85384,0.79444,0.83705,0.55964,0.97215,0.34972,0.95417,0.82691,0.98065,0.96403,0.7735,0.7117,0.96259,-0.047968,0.79509,0.91117,0.87755,0.75498,0.86228,0.19999,0.89075,0.78706,0.60627,0.80993,0.77882,0.77994,0.92473,0.86035,0.38701,0.85891,0.77294,0.86115,0.76564,0.80992,0.98011,0.76163,0.78599,0.93544,0.61809,0.87724,-0.21504,0.88277,0.22132,0.55044,0.57882,0.97705,0.49316,0.86849,0.6899,0.78566,0.92953,0.85738,0.7172,0.84991,0.94298,0.86826
0.29215,0.11399,0.24989,0.080273,0.21727,0.19779,0.042525,0.11988,-0.046218,0.82814,0.083864,-0.1357,1,-0.10338,-0.16096,0.011616,0.059033,0.12509,-0.19632,0.44446,-0.041723,-0.11571,0.55925,0.12478,0.70187,0.36566,-0.24837,-0.088354,-0.14873,-0.11458,0.39294,0.34341,0.2445,0.2601,0.15102,0.66148,-0.01954,0.90599,-0.0027754,-0.19348,0.02764,-0.21177,0.20691,0.089097,0.16236,0.076244,0.16919,0.15889,0.20352,0.15072,0.33859,0.46971,-0.16056,-0.17888,0.41148,0.24386,-0.18537,0.033161,0.18856,0.10433,-0.10783,-0.17076,0.82433,-0.19784,0.41644,0.051946,-0.082018,0.11512,0.29006,-0.11802,-0.0027109,-0.15347,-0.20668,0.22769,0.04262,-0.073487,0.41158,0.23476,0.093215,-0.1015,0.40489,-0.21441,0.11311,0.40853,-0.15051,-0.044386,0.16519,0.04038,-0.12312,-0.13648,-0.15872,-0.091276,0.2297,-0.017754,-0.10798,-0.071812,0.060357,-0.1398,0.08848,0.30703,0.17945,0.0078575,-0.064446,0.24645,0.30507,0.7832,0.22844,0.22075,0.0062526,0.11886,-0.09061,-0.0163,0.55656,0.60478,0.11494,0.49367,0.30655,0.16716,-0.061952,0.7889,-0.232,0.3074,-0.16007,0.73733,0.022287,0.43228,0.089034,0.33802,-0.12619,0.45771,0.46204,0.11161,0.091009,0.40205,-0.076034,0.45977,-0.15065,0.186,-0.017324,0.008948,0.21877,0.0098471,-0.12401,0.61915,0.26875,-0.072753,0.001537,0.26476,-0.11776,0.69804,-0.087077,-0.2004,0.29156,0.22271,-0.38449,0.24683,-0.01961,-0.15601,0.5528,0.12591,0.0021577,0.059363,-0.2958,-0.0016174,-0.15178,0.23923,0.2379,-0.21462,2.6099e-05,-0.14391,0.87344,0.11282,0.68176,0.25016,0.12093,-0.1737,0.41716,-0.063402,0.073774,0.1669,-0.20596,-0.12468,0.16302,0.27209,-0.19272,-0.01073
0.45835,0.88413,0.84341,0.86793,0.73775,0.76473,0.77205,0.72846,0.79493,-0.20004,0.76219,0.91012,-0.10338,1,0.90039,0.93919,0.65204,0.73929,0.74137,0.38365,0.81456,0.41767,0.56939,0.85385,0.14135,0.61994,0.83584,0.784,0.85082,0.95347,0.38526,-0.70848,0.71274,0.43572,0.80099,0.020912,0.96371,-0.24552,0.81516,0.79593,0.58612,0.80417,0.80219,0.56519,0.73339,0.69873,0.65098,0.34089,0.71197,0.44057,0.49932,0.55605,0.96474,0.68789,-0.73516,0.70063,0.8962,0.89245,0.47496,0.664,0.72368,0.78912,-0.10993,0.84388,0.41691,0.847,0.84984,0.69148,0.69612,0.76306,0.94863,0.92797,0.86375,0.81014,0.61976,0.8715,0.68741,0.70794,0.85385,0.30497,0.54914,0.84319,0.74415,0.66067,0.82143,0.85103,0.77057,0.90959,0.89262,0.87268,0.68696,0.92335,0.62807,0.83153,0.84425,0.79663,0.76951,0.77419,0.87886,0.80497,0.81387,0.90166,0.91167,0.84222,0.78162,0.040142,0.81941,0.74386,0.84739,0.73554,0.87579,0.91609,0.527,-0.44789,0.91576,0.31965,0.60718,0.51714,0.74362,-0.063542,0.85173,-0.010673,0.8556,-0.10111,0.90478,0.2126,0.92718,0.67897,0.84371,0.33422,-0.74973,0.71061,0.83423,0.66198,0.94403,0.29701,0.95093,0.71388,0.94253,0.94156,0.83118,0.88341,0.92496,-0.090707,0.67711,0.72245,0.7764,0.63265,0.70489,0.29553,0.69974,0.74188,0.53774,0.80005,0.62562,0.73258,0.79099,0.68377,0.35392,0.87522,0.61441,0.70635,0.85509,0.67796,0.94928,0.7369,0.69645,0.798,0.6348,0.82301,-0.21145,0.8335,0.20089,0.6492,0.50903,0.9315,0.6111,0.91375,0.70224,0.68322,0.87309,0.80689,0.77242,0.77372,0.88177,0.9375
0.51542,0.70845,0.79638,0.89557,0.70277,0.67744,0.86269,0.78616,0.9527,-0.29914,0.87771,0.97447,-0.16096,0.90039,1,0.92528,0.82087,0.81849,0.94712,0.41656,0.89499,0.70431,0.50755,0.87261,0.115,0.45765,0.98147,0.91938,0.97012,0.94956,0.50796,-0.72356,0.82974,0.41357,0.7817,-0.14066,0.93588,-0.27607,0.87757,0.96583,0.55668,0.89718,0.68852,0.73714,0.82347,0.66143,0.79564,0.30071,0.71757,0.66121,0.55663,0.44089,0.94381,0.63999,-0.82966,0.67572,0.98458,0.82311,0.62915,0.80387,0.91982,0.95299,-0.2922,0.94975,0.25712,0.95398,0.97193,0.85411,0.69279,0.87029,0.81958,0.98485,0.98606,0.80843,0.81561,0.86106,0.48251,0.67386,0.88977,0.33889,0.64341,0.81373,0.60369,0.6169,0.97708,0.81005,0.86655,0.88133,0.98366,0.92683,0.90088,0.92728,0.54402,0.958,0.97583,0.95521,0.81765,0.92524,0.84236,0.69808,0.83325,0.93679,0.74602,0.79783,0.80709,0.094209,0.72377,0.79229,0.90553,0.63688,0.97987,0.96758,0.57497,-0.45541,0.91783,0.14982,0.62748,0.65977,0.88978,-0.024743,0.93755,0.13592,0.96187,-0.25238,0.92254,0.23665,0.91923,0.6883,0.92069,0.24373,-0.84926,0.77161,0.82776,0.54053,0.95164,0.37056,0.94674,0.84367,0.96912,0.96097,0.80846,0.66296,0.96214,-0.077854,0.81625,0.92401,0.87356,0.70625,0.86887,0.14649,0.8784,0.73553,0.58205,0.77247,0.72386,0.6931,0.95268,0.89521,0.38496,0.80934,0.81666,0.86415,0.73069,0.76796,0.98406,0.742,0.76153,0.97381,0.50073,0.83597,-0.2774,0.85874,0.26728,0.50278,0.49244,0.98383,0.44952,0.83259,0.61456,0.74616,0.93003,0.82905,0.71525,0.84632,0.88678,0.88564
0.50325,0.87265,0.8806,0.87372,0.77103,0.73763,0.82065,0.78506,0.85069,-0.080176,0.83514,0.92246,0.011616,0.93919,0.92528,1,0.71671,0.84887,0.78557,0.4713,0.83042,0.52789,0.6404,0.88677,0.26388,0.64698,0.857,0.81476,0.88294,0.95352,0.50548,-0.61727,0.79065,0.47072,0.87196,0.10063,0.96923,-0.12632,0.83691,0.83661,0.53435,0.76919,0.79675,0.606,0.82002,0.70888,0.77384,0.33347,0.73979,0.50722,0.57359,0.53332,0.95269,0.63719,-0.68076,0.73368,0.89824,0.88561,0.53852,0.73539,0.77255,0.83302,0.0063682,0.87409,0.42648,0.89938,0.89721,0.7396,0.7972,0.79231,0.93183,0.94658,0.88672,0.80582,0.68947,0.85813,0.65468,0.72227,0.89218,0.31858,0.63774,0.8427,0.76177,0.79824,0.88053,0.79466,0.81028,0.91972,0.90669,0.88845,0.7606,0.96297,0.57894,0.88928,0.8842,0.84445,0.79766,0.8451,0.91543,0.78906,0.84692,0.9263,0.8507,0.89379,0.81955,0.21715,0.85084,0.8074,0.88909,0.72817,0.90696,0.93355,0.66841,-0.32284,0.95174,0.32052,0.63819,0.49078,0.76058,0.056833,0.84181,0.11509,0.86958,-0.010368,0.94984,0.2302,0.90381,0.74519,0.89479,0.26168,-0.70778,0.72337,0.86293,0.65211,0.94318,0.43125,0.93269,0.73935,0.95541,0.94825,0.87545,0.80878,0.92779,0.12391,0.79828,0.79387,0.83004,0.6752,0.72502,0.40218,0.737,0.75895,0.59316,0.82949,0.59378,0.75565,0.84806,0.75512,0.43344,0.85784,0.66598,0.75841,0.7697,0.73456,0.93762,0.83157,0.76201,0.82722,0.58548,0.8063,-0.062239,0.85355,0.31155,0.64822,0.47629,0.94259,0.6268,0.85959,0.64427,0.69866,0.86538,0.79394,0.74629,0.84752,0.84383,0.89126
0.5998,0.49498,0.71581,0.81025,0.66009,0.62507,0.69816,0.6117,0.85042,-0.055431,0.86371,0.82372,0.059033,0.65204,0.82087,0.71671,1,0.71072,0.82608,0.56361,0.79753,0.7511,0.50942,0.74337,0.17221,0.43621,0.81986,0.8433,0.83786,0.73223,0.50215,-0.47086,0.84719,0.41985,0.66548,-0.046463,0.75909,0.061469,0.77944,0.85885,0.4264,0.82987,0.52255,0.89602,0.757,0.4592,0.63819,0.41596,0.7282,0.732,0.74439,0.56911,0.74327,0.42415,-0.6649,0.53714,0.82036,0.74751,0.74445,0.66733,0.8214,0.80687,-0.11005,0.85841,0.10691,0.85064,0.83756,0.84041,0.65671,0.6954,0.61453,0.79444,0.83914,0.69682,0.798,0.66333,0.48024,0.63784,0.79849,0.27146,0.65248,0.53159,0.38234,0.56332,0.82211,0.62637,0.82612,0.63293,0.83284,0.79724,0.86073,0.69921,0.62471,0.83361,0.85228,0.8428,0.74647,0.79368,0.66698,0.66695,0.72278,0.75467,0.49154,0.74937,0.76553,0.1967,0.55119,0.74914,0.83403,0.61365,0.85728,0.80887,0.59479,-0.2671,0.76082,0.36669,0.65396,0.64053,0.77201,0.31443,0.81602,0.22059,0.8224,-0.035719,0.70272,0.42007,0.78487,0.65658,0.74073,0.29147,-0.67179,0.77913,0.55016,0.41111,0.77227,0.44839,0.73875,0.83008,0.80718,0.80255,0.71725,0.42489,0.7877,0.19981,0.7654,0.85671,0.80518,0.76527,0.85059,0.1541,0.87063,0.51175,0.61681,0.70236,0.59355,0.6536,0.85651,0.81116,0.47573,0.65489,0.82755,0.86037,0.5223,0.77609,0.81081,0.68363,0.81031,0.8229,0.3799,0.67834,-0.00051383,0.74913,0.36358,0.50525,0.40198,0.77274,0.4831,0.64669,0.53891,0.71891,0.71424,0.75526,0.56951,0.8564,0.69061,0.6656
0.51428,0.65252,0.72759,0.72664,0.67591,0.66234,0.75801,0.69603,0.83153,-0.029421,0.80323,0.8126,0.12509,0.73929,0.81849,0.84887,0.71072,1,0.75546,0.47888,0.66958,0.63181,0.59556,0.76519,0.30095,0.50493,0.79654,0.80978,0.78706,0.82562,0.55832,-0.53407,0.76715,0.5649,0.81696,0.10602,0.81074,-0.023401,0.72367,0.76114,0.48804,0.74862,0.67925,0.70732,0.8,0.60858,0.77135,0.23998,0.69043,0.7513,0.57609,0.40047,0.78946,0.74448,-0.64475,0.65286,0.78666,0.71877,0.49355,0.61122,0.80268,0.77104,0.026067,0.79193,0.30257,0.85426,0.79085,0.74867,0.74217,0.72737,0.7525,0.7957,0.80538,0.72067,0.77363,0.72235,0.57964,0.74814,0.88293,0.27034,0.69657,0.62519,0.54497,0.76927,0.81954,0.78788,0.82956,0.81126,0.82743,0.7749,0.73496,0.85039,0.55251,0.81065,0.78834,0.82337,0.76378,0.86572,0.76973,0.71787,0.82299,0.80857,0.59711,0.82891,0.68011,0.2553,0.70534,0.77371,0.80839,0.59616,0.82428,0.81449,0.67304,-0.18829,0.82626,0.2695,0.66435,0.56875,0.80139,0.14866,0.72409,0.20722,0.81422,0.074891,0.80936,0.2916,0.79951,0.72061,0.80555,0.29446,-0.70895,0.59251,0.85139,0.60239,0.82785,0.36658,0.79674,0.68922,0.82879,0.83913,0.74152,0.62409,0.80123,0.20747,0.82783,0.78789,0.82421,0.73929,0.79509,0.39468,0.76473,0.74464,0.74274,0.72575,0.5554,0.73545,0.78308,0.74753,0.54158,0.81478,0.68952,0.80739,0.65922,0.75247,0.80055,0.63503,0.67171,0.77516,0.3225,0.78564,-0.040226,0.71466,0.44889,0.61812,0.41798,0.80427,0.52046,0.77077,0.63503,0.73948,0.70223,0.75275,0.68018,0.73768,0.69232,0.76655
0.52841,0.47168,0.65004,0.82241,0.57004,0.57034,0.82728,0.7457,0.94145,-0.38329,0.83295,0.91874,-0.19632,0.74137,0.94712,0.78557,0.82608,0.75546,1,0.39447,0.8352,0.8029,0.39074,0.79745,0.095837,0.26867,0.97721,0.88563,0.92814,0.85169,0.48253,-0.65286,0.81437,0.39541,0.67553,-0.24606,0.80117,-0.27674,0.83694,0.95558,0.45705,0.89441,0.5301,0.78213,0.78932,0.52995,0.82144,0.29013,0.66127,0.74236,0.48697,0.36039,0.81896,0.56151,-0.78505,0.5538,0.9231,0.69205,0.67781,0.79502,0.95053,0.92999,-0.39937,0.91724,0.072748,0.90389,0.92384,0.90481,0.62894,0.85265,0.63877,0.89558,0.95911,0.7613,0.8454,0.77081,0.33849,0.58783,0.79074,0.25556,0.59432,0.64572,0.47504,0.47024,0.9507,0.74193,0.83089,0.76665,0.94077,0.87501,0.89614,0.81443,0.45285,0.90455,0.93408,0.94209,0.76451,0.89699,0.68087,0.58683,0.73582,0.83892,0.54622,0.69298,0.75856,0.054661,0.54922,0.74832,0.86001,0.51976,0.93109,0.87918,0.54222,-0.40927,0.80387,0.040807,0.62489,0.74219,0.90685,-0.0019974,0.91104,0.27464,0.9498,-0.33241,0.79896,0.25736,0.81322,0.58504,0.82026,0.20296,-0.83418,0.73036,0.7456,0.40629,0.85144,0.33403,0.83081,0.87216,0.8853,0.87013,0.65804,0.4478,0.87598,-0.13268,0.80012,0.9468,0.838,0.68669,0.88208,0.013226,0.92553,0.64722,0.54193,0.67352,0.75365,0.61904,0.94635,0.92419,0.36421,0.68826,0.87245,0.89222,0.56164,0.74249,0.89698,0.62966,0.72272,0.98634,0.36012,0.78512,-0.32949,0.77752,0.24454,0.32917,0.4611,0.90885,0.29264,0.72414,0.53529,0.72221,0.88046,0.75782,0.61742,0.78038,0.83077,0.75044
0.92465,0.4108,0.53005,0.62129,0.71389,0.68188,0.6316,0.41359,0.49537,0.45152,0.52586,0.45407,0.44446,0.38365,0.41656,0.4713,0.56361,0.47888,0.39447,1,0.53187,0.46678,0.6858,0.57815,0.69831,0.5559,0.38751,0.47168,0.45618,0.44215,0.67481,-0.15671,0.69008,0.35483,0.53213,0.47407,0.502,0.40986,0.44446,0.4075,0.23318,0.41381,0.556,0.70188,0.63262,0.48907,0.60774,0.68403,0.54496,0.38724,0.47862,0.69028,0.37344,0.20255,-0.060627,0.57821,0.3909,0.50001,0.8314,0.4368,0.41446,0.3855,0.37433,0.45905,0.29658,0.52762,0.47359,0.55903,0.69385,0.28403,0.44008,0.45808,0.39297,0.57648,0.48387,0.57185,0.54492,0.74579,0.50397,-0.010595,0.53628,0.34727,0.42975,0.6204,0.40809,0.35323,0.4914,0.46116,0.45575,0.52467,0.33287,0.48106,0.40014,0.46906,0.48578,0.47368,0.58081,0.46687,0.57599,0.56251,0.62492,0.54069,0.43542,0.68197,0.63809,0.39371,0.55508,0.72789,0.53002,0.74222,0.49505,0.49639,0.6267,0.44702,0.6017,0.64118,0.69097,0.40292,0.42082,0.62188,0.36888,0.4568,0.42415,0.42681,0.46143,0.89578,0.48856,0.75323,0.37439,0.68754,-0.19752,0.57115,0.44682,0.65386,0.41495,0.42017,0.41484,0.60279,0.5156,0.48614,0.53219,0.28779,0.46071,0.41189,0.48261,0.473,0.52344,0.59916,0.38916,0.46879,0.49361,0.45033,0.73441,0.65253,0.25788,0.73185,0.48225,0.33907,0.61716,0.45898,0.3593,0.55219,0.2319,0.66021,0.42178,0.57699,0.57124,0.3797,0.25927,0.42576,0.35707,0.45333,0.47378,0.63622,0.73474,0.40435,0.74149,0.42391,0.71146,0.72437,0.43943,0.56263,0.54347,0.60863,0.30076,0.50592
0.54244,0.65803,0.80578,0.85941,0.65363,0.61163,0.85795,0.81736,0.86842,-0.073453,0.86047,0.8722,-0.041723,0.81456,0.89499,0.83042,0.79753,0.66958,0.8352,0.53187,1,0.64192,0.54269,0.84546,0.17406,0.494,0.85632,0.77579,0.8605,0.84696,0.53618,-0.69477,0.78291,0.27115,0.72597,-0.055313,0.86516,-0.096115,0.83841,0.85869,0.48842,0.79861,0.61451,0.68585,0.7738,0.68028,0.72944,0.52638,0.67899,0.61944,0.43492,0.54789,0.83143,0.4411,-0.76606,0.72453,0.87694,0.79143,0.71001,0.75726,0.76247,0.83407,-0.18531,0.84682,0.32836,0.89368,0.87227,0.75481,0.6637,0.83056,0.73139,0.9058,0.86359,0.77495,0.75274,0.80295,0.4784,0.65771,0.7451,0.31871,0.69161,0.81413,0.54089,0.57733,0.8869,0.63897,0.83456,0.79556,0.86749,0.81428,0.81136,0.82147,0.51057,0.87798,0.90886,0.88026,0.8064,0.78343,0.81341,0.64953,0.84773,0.80062,0.68134,0.72551,0.80302,0.19668,0.76025,0.73591,0.88295,0.68839,0.89919,0.89154,0.57096,-0.34498,0.88002,0.32221,0.62268,0.57493,0.81613,0.17115,0.81605,0.076391,0.84007,-0.12311,0.83096,0.33748,0.83422,0.73438,0.80204,0.38043,-0.72672,0.8,0.72057,0.50094,0.83197,0.46862,0.87929,0.81062,0.88484,0.86852,0.79045,0.60306,0.85593,0.046752,0.71854,0.83109,0.80904,0.69852,0.81415,0.15648,0.82781,0.64462,0.57298,0.67903,0.60025,0.65596,0.88575,0.77878,0.35324,0.69654,0.75353,0.82782,0.63174,0.65177,0.8802,0.77447,0.76297,0.86259,0.51574,0.72175,-0.098632,0.74881,0.26092,0.51259,0.50395,0.90038,0.61116,0.68759,0.55768,0.67192,0.7874,0.73633,0.7002,0.87571,0.74334,0.81684
0.53922,0.15022,0.45518,0.67426,0.46764,0.47696,0.76271,0.58001,0.80346,-0.18433,0.66922,0.70656,-0.11571,0.41767,0.70431,0.52789,0.7511,0.63181,0.8029,0.46678,0.64192,1,0.30635,0.56819,0.17921,0.062542,0.76673,0.7742,0.7438,0.59551,0.46378,-0.4454,0.65537,0.19423,0.5024,-0.24669,0.54973,-0.11846,0.6659,0.79511,0.46075,0.6855,0.28521,0.81157,0.64611,0.36178,0.73198,0.24328,0.52441,0.73859,0.46948,0.20058,0.52322,0.37649,-0.5932,0.42859,0.69432,0.36556,0.6961,0.53027,0.8237,0.7912,-0.36057,0.77852,-0.0067551,0.71305,0.73786,0.72724,0.62928,0.60636,0.37028,0.65715,0.76286,0.6025,0.8042,0.65734,0.10852,0.40072,0.65365,0.30523,0.49787,0.4149,0.20351,0.36487,0.77531,0.47936,0.65504,0.55506,0.73605,0.66951,0.818,0.61128,0.30134,0.70444,0.76994,0.81201,0.73297,0.83596,0.49875,0.34799,0.54208,0.61168,0.29335,0.49835,0.52675,0.051742,0.41506,0.67083,0.6317,0.39131,0.76538,0.66871,0.44094,-0.20024,0.62321,0.051501,0.57804,0.57282,0.78457,0.14623,0.70984,0.4026,0.74538,-0.15773,0.56605,0.38769,0.53577,0.48255,0.65705,0.16662,-0.67368,0.61992,0.52314,0.19951,0.58071,0.24535,0.61479,0.65767,0.64246,0.61667,0.42043,0.1251,0.63575,0.038316,0.66339,0.8702,0.8046,0.56426,0.80718,-0.0691,0.79598,0.57104,0.5863,0.43381,0.63773,0.55079,0.79063,0.82984,0.30461,0.49888,0.7084,0.81071,0.28883,0.74556,0.63385,0.46755,0.55391,0.79293,0.26256,0.61354,-0.15365,0.52126,0.16576,0.24314,0.48043,0.65499,0.12933,0.42968,0.4136,0.62377,0.6433,0.65246,0.47361,0.64847,0.59692,0.44728
0.59912,0.64607,0.73693,0.65677,0.76877,0.68833,0.57103,0.43664,0.55422,0.53122,0.65086,0.50723,0.55925,0.56939,0.50755,0.6404,0.50942,0.59556,0.39074,0.6858,0.54269,0.30635,1,0.73305,0.56675,0.54035,0.42437,0.57206,0.5432,0.55247,0.67543,-0.26525,0.70339,0.56039,0.67022,0.53032,0.63027,0.39142,0.57986,0.44384,0.39936,0.39341,0.78774,0.52589,0.7404,0.54058,0.61622,0.48835,0.65315,0.51631,0.63222,0.78167,0.48208,0.44365,-0.20084,0.6943,0.48988,0.59464,0.45374,0.49751,0.47916,0.47071,0.50158,0.45806,0.79603,0.65111,0.56217,0.54988,0.70877,0.54386,0.6004,0.56047,0.46001,0.68953,0.63985,0.60307,0.70401,0.76898,0.67749,0.29164,0.73896,0.47815,0.52482,0.82468,0.47481,0.55519,0.68935,0.62963,0.52982,0.47271,0.42013,0.62188,0.58564,0.58004,0.53914,0.56675,0.61948,0.52833,0.79922,0.75905,0.73082,0.60469,0.52086,0.7369,0.7589,0.64999,0.67647,0.73674,0.60921,0.63718,0.57031,0.63117,0.8148,0.27722,0.70797,0.59377,0.66836,0.49561,0.57959,0.61674,0.3742,0.3543,0.51211,0.54318,0.70078,0.49653,0.68624,0.90258,0.58985,0.67382,-0.24328,0.64877,0.64828,0.67992,0.57871,0.6496,0.53887,0.61016,0.61637,0.62845,0.82342,0.51143,0.48599,0.54345,0.65993,0.4892,0.65326,0.69581,0.46019,0.70943,0.46324,0.47366,0.79044,0.79213,0.2279,0.65384,0.58964,0.46624,0.81645,0.65037,0.50467,0.62128,0.26639,0.62279,0.51435,0.64249,0.70367,0.43158,0.35747,0.57574,0.47319,0.62905,0.66372,0.72913,0.43739,0.49475,0.72666,0.60595,0.56417,0.62241,0.56783,0.61516,0.64315,0.74317,0.42212,0.65267
0.60555,0.75449,0.8891,0.90323,0.69944,0.75138,0.82169,0.75121,0.88221,0.059755,0.90662,0.89437,0.12478,0.85385,0.87261,0.88677,0.74337,0.76519,0.79745,0.57815,0.84546,0.56819,0.73305,1,0.32106,0.60925,0.83333,0.84108,0.89235,0.87842,0.58944,-0.62582,0.88792,0.55548,0.80822,0.19005,0.90598,0.044502,0.88033,0.81701,0.58941,0.77333,0.83266,0.68697,0.8406,0.71177,0.81795,0.55917,0.82666,0.60638,0.62472,0.68661,0.84563,0.6209,-0.63388,0.67712,0.83702,0.84738,0.63581,0.77845,0.80485,0.81532,0.054773,0.83018,0.49846,0.90708,0.86649,0.84824,0.8001,0.8177,0.8342,0.87887,0.8457,0.88225,0.77263,0.8735,0.64379,0.74876,0.84828,0.37075,0.69675,0.66428,0.68319,0.72423,0.81583,0.74768,0.89055,0.83693,0.88265,0.86728,0.7514,0.90223,0.64853,0.87841,0.87244,0.88529,0.8102,0.82659,0.87864,0.81697,0.90236,0.86352,0.66891,0.86967,0.91911,0.35384,0.78508,0.89261,0.86756,0.77162,0.87208,0.9203,0.76883,-0.18896,0.93454,0.48387,0.74438,0.63786,0.80181,0.33688,0.83716,0.26488,0.87473,0.12562,0.87548,0.34603,0.88574,0.80403,0.77652,0.49409,-0.69913,0.89071,0.86903,0.57664,0.90395,0.52001,0.8829,0.85405,0.91711,0.91063,0.86656,0.64462,0.85367,0.19177,0.74441,0.83404,0.80796,0.80771,0.76832,0.49651,0.80232,0.69207,0.74596,0.84686,0.62695,0.82381,0.89232,0.79801,0.64613,0.86288,0.72779,0.83554,0.67716,0.77688,0.87659,0.87886,0.81892,0.82029,0.63887,0.81517,0.042819,0.87254,0.49147,0.68702,0.56937,0.86767,0.66984,0.8211,0.66967,0.76399,0.86428,0.8084,0.75623,0.88955,0.81102,0.87559
0.55448,0.25171,0.27207,0.40961,0.4668,0.57049,0.41878,0.41122,0.19123,0.56866,0.1858,0.17084,0.70187,0.14135,0.115,0.26388,0.17221,0.30095,0.095837,0.69831,0.17406,0.17921,0.56675,0.32106,1,0.56814,0.062982,0.11567,0.10276,0.19991,0.541,0.14054,0.3953,0.32557,0.41585,0.59911,0.24745,0.58871,0.15448,0.060531,0.19092,0.027109,0.39602,0.34687,0.38161,0.43214,0.41949,0.42941,0.34231,0.21902,0.31441,0.51209,0.1303,-0.065569,0.25513,0.45934,0.054818,0.2336,0.40756,0.19369,0.11652,0.08488,0.55059,0.10468,0.35721,0.23338,0.15746,0.29187,0.53852,0.008165,0.2165,0.14474,0.061471,0.41412,0.18464,0.29356,0.47683,0.44163,0.26886,-0.18086,0.27004,0.044452,0.47698,0.48699,0.11077,0.15546,0.25139,0.33994,0.16478,0.21579,-0.013144,0.24539,0.12666,0.16355,0.13782,0.1785,0.3561,0.20023,0.29089,0.41086,0.29548,0.29871,0.25061,0.49761,0.44432,0.53429,0.38061,0.48673,0.22693,0.50419,0.16522,0.2038,0.55496,0.46271,0.35116,0.47149,0.53842,0.22154,0.11692,0.51936,0.055039,0.69731,0.12077,0.57948,0.26008,0.70434,0.22702,0.49629,0.10849,0.44552,0.14635,0.2105,0.36628,0.56921,0.13302,0.22375,0.12343,0.32138,0.23561,0.21731,0.27627,0.19516,0.16563,0.35832,0.33704,0.16433,0.2268,0.39964,0.042418,0.51561,0.23208,0.25051,0.39806,0.40196,-0.031433,0.55671,0.17673,0.021058,0.45244,0.31541,0.019237,0.23007,-0.069068,0.39518,0.13274,0.31841,0.47082,0.05924,0.22826,0.14602,0.54559,0.2125,0.54183,0.41977,0.51419,0.12666,0.50876,0.24677,0.5399,0.46726,0.12372,0.10272,0.43036,0.3971,0.16394,0.27393
0.44238,0.7356,0.68259,0.64342,0.65527,0.71264,0.466,0.56722,0.41588,0.31546,0.51722,0.51356,0.36566,0.61994,0.45765,0.64698,0.43621,0.50493,0.26867,0.5559,0.494,0.062542,0.54035,0.60925,0.56814,1,0.34799,0.39048,0.413,0.58268,0.36491,-0.31552,0.52963,0.45034,0.64736,0.50522,0.66503,0.36175,0.41661,0.34322,0.34915,0.3788,0.67353,0.36358,0.50017,0.61494,0.36085,0.45667,0.61253,0.13274,0.5047,0.68824,0.60964,0.2594,-0.21471,0.60396,0.40481,0.71643,0.37938,0.46673,0.25113,0.31709,0.36642,0.40518,0.38417,0.51454,0.43363,0.37217,0.54189,0.25038,0.66216,0.52333,0.36321,0.4935,0.19869,0.55446,0.66825,0.63961,0.5441,0.12104,0.35452,0.43981,0.67219,0.60093,0.37614,0.4375,0.51518,0.6033,0.47005,0.56555,0.25938,0.60094,0.39781,0.4644,0.42443,0.40159,0.53307,0.39277,0.57741,0.69704,0.62729,0.59353,0.62829,0.71718,0.62181,0.36819,0.71793,0.60202,0.53101,0.71155,0.44877,0.54947,0.46342,-0.035488,0.61631,0.62788,0.46878,0.20617,0.21785,0.29382,0.41324,0.11981,0.39686,0.37611,0.53371,0.41087,0.577,0.62164,0.40037,0.37248,-0.24936,0.49997,0.56436,0.60983,0.55315,0.17453,0.54928,0.41453,0.57361,0.5788,0.61475,0.7015,0.56729,0.31515,0.41736,0.32763,0.30073,0.51477,0.24619,0.56841,0.37173,0.51203,0.43057,0.62116,0.24053,0.74558,0.3892,0.15424,0.35724,0.59739,0.19083,0.31687,0.61544,0.49272,0.54504,0.69813,0.67017,0.29029,0.58107,0.41802,0.28475,0.50755,0.46856,0.69498,0.48957,0.50574,0.79206,0.6246,0.64271,0.58451,0.40182,0.43827,0.59342,0.59198,0.4452,0.65863
