1,0.26882,0.55361,0.71578,0.55049,0.81596,0.70197,0.26098,0.67172,-0.16166,0.49553,0.62785,0.44205,0.49755,0.21778,0.10432,0.71166,-0.018451,0.16893,0.87866,0.30695,0.60515,0.429,0.32694,0.74478,0.76023,-0.013631,0.46157,0.32082,0.44269,0.57376,0.15249,0.53719,0.25845,0.36643,0.094558,0.63822,0.4652,0.52631,0.6587,0.55975,-0.34757,0.0093918,0.42235,-0.22154,0.0071629,0.21191,0.56908,0.50485,0.15209,0.75487,0.28166,0.36469,0.27054,0.77349,0.61507,0.32961,0.69387,0.90584,0.16821,0.38113,0.37111,0.073139,0.20421,0.11861,0.5041,0.58541,0.27751,0.6024,-0.003315,0.38839,0.14569,0.45011,0.43269,0.56888,0.025457,-0.068568,0.59754,0.62276,0.039984,0.37585,-0.095772,0.34182,0.22778,0.1976,0.090479,0.32352,0.22313,0.4269,0.17176,0.2289,0.40166,0.20254,0.51292,0.71115,0.44068,0.24924,0.62426,-0.024222,0.2807,0.5649,0.10853,0.3068,0.68787,0.15579,0.33147,0.1056,0.76896,-0.041654,0.79499,0.44803,0.34704,-0.067364,0.59509,0.5888,0.51153,0.395,0.65233,0.34425,0.43435,0.69331,0.62789,0.28805,0.42352,0.38295,0.89466,0.63711,0.51208,-0.039667,0.50819,0.21786,0.37838,0.48113,0.40921,0.44842,0.062459,0.36393,0.1235,0.69799,0.65237,0.50663,-0.16247,0.27235,-0.10273,0.5408,0.7506,0.55569,0.3913,-0.25798,0.17041,0.40984,0.14628,0.62024,0.39327,0.35863,0.82161,0.68396,0.20822,0.16918,0.62845,0.66922,0.46063,-0.077866,0.67127,0.3608,-0.025431,0.58546,0.048408,0.31239,0.36399,0.3362,0.44334,0.15094,0.63321,0.75158,0.38122,0.46325,0.14453,0.71591,0.71554,0.60866,-0.024106,0.49539,0.51961,0.39741,0.1813
0.26882,1,0.54725,0.47022,0.49772,0.14254,0.322,0.6463,0.39299,0.35468,0.68432,0.24045,0.55706,0.096373,0.23166,0.070543,0.27737,-0.25642,0.37793,0.17069,0.53812,0.094441,0.66522,0.38627,0.01221,0.42573,0.24047,0.62171,0.57793,0.31974,0.47833,-0.041393,0.51811,-0.26545,0.091264,0.45141,0.21994,0.68079,0.46042,0.5266,0.50106,0.019291,0.33037,0.26525,0.14624,0.40282,0.27765,0.22861,0.45386,0.24652,0.037368,0.65373,0.36373,0.1729,0.33694,0.38946,0.14885,0.45545,0.18623,0.2113,0.41902,0.66304,0.29681,0.50702,0.42555,0.52581,0.55413,0.056407,0.20872,0.46063,0.40684,0.39298,0.46141,0.17654,0.2498,0.10418,0.056868,0.30875,0.34336,0.19785,0.77623,-0.039921,0.40267,0.39048,0.70236,0.0016514,0.23242,0.4228,0.2577,-0.05565,0.2168,0.37739,0.33848,0.56444,0.47941,0.1813,0.37766,0.28841,0.40268,0.47915,0.48947,0.61064,0.22795,0.40124,0.22127,0.56065,-0.042733,0.32446,-0.17147,0.35777,0.34848,0.092412,0.25042,-0.08353,0.58276,0.426,0.21836,0.43381,0.37763,0.52324,0.14841,0.064343,0.24362,0.70534,0.10088,0.19166,0.37497,0.074043,0.29652,0.27282,0.0576,0.38578,0.58687,0.40716,0.26408,0.14309,-0.10078,0.3384,0.42429,0.42754,0.59397,0.034885,0.44117,0.16169,0.65512,0.3172,0.49456,0.23111,0.44024,0.58316,0.57988,0.35154,0.30806,-0.080218,0.18035,0.40131,0.48369,0.048513,0.39309,0.40128,0.1302,0.26635,0.039749,0.22575,0.51365,0.0032791,0.14859,0.21951,0.35015,0.33443,0.70649,0.45114,0.32412,0.52146,-0.092202,0.090365,0.33237,-0.09482,0.18349,0.02189,0.5093,0.38434,0.30506,0.82934,0.076733,0.18064
0.55361,0.54725,1,0.56603,0.50322,0.43149,0.69306,0.60799,0.33448,0.13405,0.75942,0.12903,0.60585,0.37737,-0.059649,0.11915,0.35301,-0.28743,0.11422,0.39296,0.47264,0.051639,0.65176,0.60013,0.33942,0.73243,0.075408,0.41512,0.28772,0.21185,0.64512,0.30467,0.61712,-0.12352,0.28978,0.39762,0.36426,0.63248,0.5854,0.5421,0.58144,0.08084,0.12368,0.12341,-0.077589,0.3651,0.2934,0.43835,0.55194,0.21073,0.33574,0.52569,0.13736,0.33804,0.60031,0.5524,0.27935,0.56952,0.50125,0.37883,0.7316,0.52117,0.35788,0.29164,0.21065,0.54671,0.50058,0.24716,0.17571,0.12989,0.35887,0.34498,0.2327,0.29117,0.47494,0.0028858,0.28418,0.35731,0.48745,-0.019203,0.5815,-0.18019,0.62823,0.19563,0.4164,0.29805,0.27757,0.26383,0.25362,0.2575,0.3387,0.38984,0.3032,0.53193,0.47223,0.05899,0.29119,0.50313,0.45795,0.58188,0.51218,0.35699,0.33974,0.59946,0.19711,0.58778,-0.35077,0.4415,0.14616,0.74746,0.25187,0.091032,0.39059,0.14077,0.4282,0.29892,0.64587,0.45024,0.1509,0.55179,0.24404,0.33815,0.037598,0.70917,0.23587,0.36537,0.60302,0.27048,0.143,0.50375,0.3698,0.44038,0.18293,0.30581,0.38014,0.28586,0.41895,0.27283,0.53505,0.37287,0.69119,-0.18452,0.4046,0.0076232,0.68677,0.46914,0.35413,0.23797,0.24203,0.52872,0.61642,0.34333,0.62079,0.3064,0.17327,0.56232,0.40479,0.31678,0.55606,0.49099,0.38157,0.38135,-0.042459,0.25412,0.48685,0.13406,0.331,-0.021808,0.27816,0.34221,0.55431,0.27997,0.49126,0.66905,0.42872,0.13986,0.6344,-0.12986,0.41105,0.47861,0.45185,0.19263,0.35338,0.57713,0.19209,0.093154
0.71578,0.47022,0.56603,1,0.53833,0.66483,0.5524,0.40449,0.64596,0.12574,0.67212,0.65091,0.52455,0.52115,0.18913,0.18265,0.79399,0.20303,0.13925,0.77101,0.34193,0.60833,0.5879,0.1856,0.61564,0.71496,0.025977,0.76087,0.43985,0.52112,0.81668,-0.050758,0.63778,0.2874,0.50584,0.24054,0.37041,0.52149,0.58032,0.56809,0.66085,-0.48434,0.079033,0.4983,-0.31862,0.1672,0.42425,0.36291,0.60243,0.46528,0.59363,0.43876,0.29778,0.12305,0.44525,0.56013,0.21985,0.55621,0.67907,0.22831,0.30156,0.43699,0.3702,0.50568,0.21942,0.6797,0.50446,0.18036,0.63136,0.1494,0.50313,0.25283,0.6343,0.62107,0.71324,0.19996,-0.071864,0.5254,0.69202,0.1088,0.3599,0.068939,0.36532,0.13405,0.48142,0.22578,0.22942,0.082139,0.70414,0.063153,0.23665,0.46922,0.14084,0.36908,0.7108,0.50615,0.2823,0.4031,0.016259,0.41561,0.65403,0.3181,0.21009,0.65074,0.29045,0.331,-0.11313,0.8018,-0.12648,0.71577,0.55788,0.18657,0.16073,0.38215,0.67835,0.59128,0.37692,0.56306,0.48338,0.27661,0.66523,0.70063,0.22417,0.48039,0.35418,0.71475,0.76285,0.48162,-0.014555,0.52844,-0.16024,0.42961,0.6414,0.2553,0.31284,0.18464,0.26349,0.23365,0.83342,0.84413,0.44171,-0.0017525,0.29541,0.1878,0.38943,0.62957,0.68329,0.54269,0.034167,0.46913,0.50888,0.21537,0.73458,0.40929,0.35404,0.83937,0.66724,0.13728,0.40759,0.83401,0.32203,0.45705,-0.061892,0.56283,0.44872,0.034996,0.72804,0.10305,0.22126,0.46769,0.32531,0.40601,0.31822,0.71205,0.42876,0.42039,0.48618,0.1881,0.6572,0.45136,0.513,-0.041966,0.55318,0.60812,0.39561,0.4303
0.55049,0.49772,0.50322,0.53833,1,0.39628,0.42376,0.47231,0.6137,0.14379,0.52902,0.60075,0.29436,0.31096,0.45165,0.33973,0.69675,0.19691,0.38961,0.64714,0.52173,0.64767,0.61803,0.31341,0.36451,0.57908,0.21883,0.45296,0.64052,0.47683,0.61323,-0.10314,0.47486,0.28133,0.50608,0.18015,0.4906,0.65501,0.38061,0.7175,0.50708,-0.30399,0.10264,0.14919,-0.08602,0.29987,0.23817,0.70428,0.50094,0.34173,0.34053,0.56097,0.48079,0.26454,0.56954,0.63274,0.27261,0.82387,0.47398,0.074664,0.45914,0.72412,0.11195,0.56561,0.35771,0.28536,0.65811,0.060711,0.73543,0.31206,0.52487,0.2792,0.52096,0.4584,0.39207,0.012409,-0.10186,0.67495,0.65756,0.14365,0.34283,0.43059,0.064922,0.71034,0.36725,0.13516,0.36622,0.26931,0.32786,0.11204,0.22694,0.57853,0.031332,0.62755,0.61369,0.37453,0.38319,0.54996,0.28507,0.32527,0.64578,0.38156,0.3331,0.72333,-0.085663,0.30706,-0.24298,0.67002,-0.054655,0.53333,0.35093,0.46107,0.073495,0.10943,0.63584,0.43034,0.39601,0.67034,0.25846,0.32315,0.67837,0.41765,0.45784,0.42636,0.30425,0.61294,0.55497,0.48281,0.29032,0.47915,-0.26157,0.57816,0.45392,0.58721,0.58602,-0.036346,0.13994,0.15017,0.56524,0.70961,0.36947,0.13637,0.51879,-0.10613,0.64145,0.63875,0.60926,0.30269,-0.10972,0.3322,0.58843,0.0033587,0.46437,0.37156,0.39654,0.69932,0.64039,0.26525,0.092727,0.71999,0.41028,0.26812,-0.27928,0.68017,0.4983,-0.2794,0.47261,0.44268,0.3184,0.34228,0.55416,0.50792,-0.03408,0.75476,0.47348,0.30984,0.44173,0.25003,0.55789,0.44014,0.59079,-0.06987,0.52128,0.4125,0.61388,0.30577
0.81596,0.14254,0.43149,0.66483,0.39628,1,0.55726,0.056081,0.67616,0.093975,0.33411,0.67888,0.19567,0.53184,0.14119,0.10837,0.65345,0.14149,0.15176,0.79439,0.43826,0.61264,0.41701,0.18117,0.79362,0.71396,-0.061117,0.44902,0.27047,0.58366,0.47373,0.12828,0.45437,0.4932,0.41827,0.10221,0.27209,0.3637,0.4077,0.57335,0.37645,-0.42601,0.083524,0.30412,-0.2951,0.12654,0.24493,0.64411,0.4495,0.053879,0.75261,0.27993,-0.01089,0.026596,0.67231,0.57237,0.30909,0.61492,0.84158,0.23703,0.23522,0.31742,0.34342,0.18398,0.18172,0.50569,0.48062,0.17967,0.67248,0.046234,0.27271,0.14103,0.1859,0.46005,0.49026,0.36787,-0.083878,0.73823,0.59378,0.016642,0.20973,0.031056,0.16802,0.10345,0.10698,0.33057,0.49897,0.20742,0.63766,0.23522,0.19369,0.31592,0.011433,0.456,0.71503,0.57127,0.29787,0.61734,-0.095359,0.36639,0.58391,0.059435,0.24459,0.57013,0.26223,0.030345,0.030646,0.81239,0.3294,0.80544,0.59947,0.16647,-0.1249,0.65456,0.64942,0.43809,0.41098,0.58054,0.065263,0.34246,0.71874,0.66761,0.27225,0.23132,0.25725,0.82089,0.5969,0.52888,-0.12841,0.6079,0.15334,0.4002,0.47353,0.22026,0.11627,0.15126,0.34556,0.011316,0.73468,0.61714,0.2909,-0.15662,0.21259,0.24716,0.28263,0.71131,0.53001,0.6402,-0.17534,0.14824,0.22505,-0.10622,0.49505,0.5037,0.42206,0.73917,0.64502,0.0013978,0.042024,0.72734,0.54872,0.18635,-0.29203,0.69979,0.27167,0.12046,0.63695,0.082703,0.005068,0.30494,0.27529,0.21425,0.14496,0.55936,0.7055,0.44842,0.45073,0.22434,0.71963,0.72104,0.40756,0.08074,0.46229,0.30919,0.25768,0.42123
0.70197,0.322,0.69306,0.5524,0.42376,0.55726,1,0.49409,0.56012,-0.0010051,0.64612,0.28417,0.29327,0.32721,0.094721,0.32847,0.51097,-0.32073,0.18294,0.56678,0.44675,0.27522,0.51087,0.45949,0.67906,0.6165,0.070683,0.43203,0.29717,0.25547,0.44318,0.26725,0.76285,0.14358,0.33188,0.10439,0.48093,0.55389,0.67377,0.49173,0.67409,0.046428,0.14629,0.20101,-0.19254,0.063524,0.28738,0.4244,0.62775,0.1942,0.43135,0.27225,0.10305,0.45748,0.62547,0.65128,0.17266,0.59835,0.59095,0.039418,0.39218,0.37467,0.23192,0.25653,0.0069958,0.45818,0.48102,0.11647,0.27915,-0.013774,0.27173,0.29939,0.19361,0.36807,0.57102,0.19201,0.089627,0.41923,0.41323,-0.036856,0.44494,-0.16891,0.41949,0.32222,0.22098,-0.10716,0.22646,0.30415,0.44061,0.090819,0.048152,0.43299,0.1358,0.43207,0.67606,0.26869,0.09918,0.29712,0.25635,0.30632,0.56828,0.25352,0.26093,0.46211,0.35573,0.34606,-0.037292,0.56165,0.052454,0.71475,0.40156,0.24552,0.26647,0.31737,0.59585,0.45677,0.30349,0.43547,0.30057,0.33028,0.39355,0.65849,0.20459,0.52046,0.093746,0.51912,0.60382,0.6013,-0.06776,0.47337,0.40298,0.32825,0.35413,0.39583,0.18297,0.34059,0.33406,0.083771,0.56311,0.31395,0.45214,-0.26735,0.33427,-0.045418,0.52149,0.56054,0.33272,0.43137,-0.053941,0.24243,0.52013,-0.082201,0.7098,0.25248,0.34812,0.64083,0.49841,0.21605,0.41071,0.47523,0.7721,0.36631,-0.047506,0.40162,0.42959,0.32886,0.62858,0.007858,0.18488,0.56276,0.36383,0.17958,0.38696,0.48759,0.60257,0.31826,0.74347,-0.28577,0.7052,0.68597,0.30604,0.18445,0.49021,0.38569,0.092186,0.0029383
0.26098,0.6463,0.60799,0.40449,0.47231,0.056081,0.49409,1,0.1869,0.09758,0.61961,-0.0040729,0.42731,-0.041024,-0.0041695,0.20949,0.36008,-0.41567,0.10708,0.23105,0.30041,-0.034471,0.63496,0.39611,0.12884,0.40256,0.0088535,0.47265,0.26309,-0.14471,0.47397,0.36057,0.47559,-0.11102,0.067693,0.23176,0.2328,0.59528,0.3572,0.17799,0.45113,0.2249,-0.08231,0.33745,0.19629,0.53864,-0.042418,0.16512,0.36327,0.41899,0.042818,0.54203,0.35531,0.33863,0.36569,0.54482,0.10857,0.47612,0.12062,0.29592,0.45795,0.41106,0.12454,0.47352,0.16343,0.24441,0.24976,0.41364,0.052096,-0.07962,0.38255,0.40522,0.41674,-0.063692,0.055146,-0.16438,0.36426,0.14591,0.21337,-0.1315,0.43055,-0.13476,0.24438,0.2489,0.5447,-0.11382,0.16286,0.33205,-0.03675,0.29176,0.30654,0.32047,0.40178,0.22394,0.28985,-0.28391,0.18468,0.042861,0.44236,0.20969,0.53195,0.39693,0.020896,0.37062,0.34582,0.46157,-0.26156,0.26589,-0.18864,0.36072,-0.18921,-0.054301,0.29221,0.073558,0.34775,0.25868,0.20252,0.3265,0.45003,0.38813,0.06033,0.10505,0.069775,0.58544,0.032326,0.13748,0.2771,0.22031,0.020999,0.3301,0.19541,0.18933,0.42203,0.38378,0.40206,0.023746,0.10581,0.61725,0.37911,0.3026,0.39662,-0.12544,0.22694,-0.041347,0.62521,0.16978,0.058144,0.26285,0.40025,0.31329,0.709,0.29921,0.35934,-0.12615,-0.058342,0.36887,0.19714,0.29037,0.43367,0.28147,0.32897,0.29906,-0.084506,0.22981,0.65678,0.2663,0.26225,-0.097852,0.36317,0.19664,0.5502,0.43133,0.34326,0.56706,0.16356,0.068181,0.44414,-0.25031,0.23246,0.021191,0.11209,0.21022,0.28851,0.56853,0.32115,0.032721
0.67172,0.39299,0.33448,0.64596,0.6137,0.67616,0.56012,0.1869,1,-0.023116,0.43867,0.71034,0.096299,0.59516,0.51635,0.48163,0.72714,0.19595,0.57018,0.6365,0.52377,0.69588,0.5949,0.24824,0.55037,0.52308,0.32863,0.50219,0.5978,0.71789,0.41201,-0.37397,0.50756,0.4861,0.52967,-0.026722,0.36493,0.33235,0.50451,0.71502,0.41546,-0.4877,0.3132,0.13786,-0.096361,0.076219,0.16734,0.62023,0.62634,0.23256,0.35548,0.26278,0.39035,0.054642,0.61768,0.58673,0.2876,0.66361,0.65848,-0.11634,0.25937,0.62717,0.061221,0.44237,0.3361,0.56226,0.70272,-0.20786,0.61656,0.43367,0.51979,0.44138,0.50574,0.53925,0.5323,0.32739,-0.49978,0.74749,0.57396,-0.0042498,0.28163,0.13783,-0.042993,0.42686,0.37834,0.016115,0.33488,0.3109,0.68204,-0.02468,-0.054351,0.63934,0.15487,0.5643,0.88837,0.73988,0.44042,0.42201,-0.1128,0.29915,0.61787,0.20193,0.25566,0.51521,0.15812,0.016527,-0.047861,0.72342,0.060165,0.61991,0.66315,0.47152,-0.087972,0.26568,0.85105,0.71638,0.32369,0.52809,0.27889,0.16192,0.66959,0.51119,0.667,0.21883,0.29145,0.59421,0.64428,0.67057,0.18891,0.46096,-0.114,0.49405,0.55151,0.50332,0.22329,-0.035992,0.23747,-0.11815,0.69375,0.6508,0.24485,0.10014,0.47846,-0.067954,0.24356,0.67675,0.61694,0.60216,-0.14878,0.0641,0.50194,-0.10083,0.52655,0.47723,0.33621,0.69589,0.86996,0.04437,-0.049244,0.68432,0.41944,0.26937,-0.024368,0.71462,0.54466,0.0074705,0.61571,0.46397,0.20962,0.69416,0.27675,0.31777,-0.062593,0.44867,0.32679,0.46614,0.23168,0.31524,0.66493,0.64111,0.43668,0.089801,0.61616,0.373,0.24999,0.60799
-0.16166,0.35468,0.13405,0.12574,0.14379,0.093975,-0.0010051,0.09758,-0.023116,1,0.17384,0.24962,0.16328,-0.035312,0.17141,0.15834,-0.0094312,0.078176,0.20095,-0.017827,0.55803,0.12613,0.35697,0.06312,0.019216,0.17562,0.21936,0.25043,0.28382,0.18787,0.2506,-0.045459,0.22265,0.13917,-0.08454,0.56318,-0.10005,0.57648,0.40535,0.25758,0.26858,0.071387,0.61125,-0.16927,0.038686,0.15143,0.32868,0.2223,0.04958,0.091574,0.012848,0.44595,-0.42718,-0.034405,-0.10759,0.20922,0.11696,0.11181,-0.15644,0.3746,0.3284,0.4171,0.85256,0.29853,0.25267,0.065099,0.13056,0.036305,0.23729,0.37344,0.22922,0.19416,-0.24367,0.36429,0.23164,0.64802,0.21478,0.035951,0.057515,0.187,0.44754,0.34514,0.025773,0.31128,0.29827,0.49912,0.37461,0.025927,0.26022,0.15767,0.039442,0.1044,-0.072957,0.26195,0.21393,0.26976,0.22304,0.08536,0.46299,0.42389,0.11807,0.51973,0.21022,0.1461,0.34003,0.35078,0.075828,0.16726,0.054412,0.1333,0.38289,0.035773,0.38262,-0.028892,0.3891,0.047599,0.18952,0.24168,0.067503,0.25626,-0.037632,0.1823,0.045687,0.32308,-0.031236,0.043994,0.35298,-0.30145,0.18767,0.13537,-0.17482,0.2771,0.32749,0.014842,-0.42405,0.094851,0.15317,0.12918,0.23509,0.1732,0.3165,0.19869,0.29892,0.72552,0.31789,0.14141,0.28192,0.066775,0.46772,0.51693,-0.13429,0.044677,0.10249,0.09928,0.38805,0.096079,0.16939,0.18687,0.41095,0.26684,0.0028323,0.043092,-0.18831,0.20256,0.1917,0.044736,0.14059,0.26375,0.057819,-0.03886,0.49738,0.042807,0.47844,0.17977,-0.095806,-0.063001,0.39223,-0.32729,-0.04188,0.028672,0.13561,0.35994,0.16932,0.20323,-0.17974,0.21192
0.49553,0.68432,0.75942,0.67212,0.52902,0.33411,0.64612,0.61961,0.43867,0.17384,1,0.31777,0.57741,0.34519,-0.15465,0.071615,0.62575,-0.27793,-0.0014533,0.46991,0.39085,0.22382,0.6228,0.37702,0.30568,0.4665,-0.13252,0.53271,0.38554,0.2704,0.62788,-0.05034,0.78998,-0.058923,0.37177,0.48264,0.4163,0.71881,0.64114,0.50515,0.723,0.055708,0.14583,0.24639,-0.22982,0.23749,0.49972,0.33793,0.38657,0.58498,0.3924,0.62484,0.295,0.11922,0.40746,0.54859,0.16664,0.61483,0.49859,0.12313,0.50231,0.53138,0.31982,0.61322,0.43036,0.65385,0.46564,0.1147,0.26709,0.30876,0.36789,0.3167,0.42346,0.45931,0.55737,0.014505,0.064681,0.33127,0.47886,0.028471,0.61721,-0.17367,0.53467,0.23277,0.69006,0.11646,0.14215,0.37813,0.41176,-0.082517,0.26995,0.43176,0.27796,0.41554,0.54118,0.22413,0.24615,0.42125,0.38234,0.6278,0.54055,0.39356,0.33416,0.60979,0.15904,0.6751,-0.17145,0.517,-0.30125,0.62905,0.34624,0.11151,0.57702,0.075943,0.5607,0.50886,0.31587,0.42704,0.30143,0.43491,0.35402,0.44317,-0.0088273,0.78829,0.29539,0.38297,0.68404,0.25645,0.14509,0.49052,0.064394,0.25496,0.30339,0.22712,0.2698,0.34003,0.1221,0.19432,0.63817,0.57177,0.66129,-0.30589,0.26966,0.028106,0.66342,0.38652,0.63204,0.27855,0.10699,0.59736,0.48401,0.28791,0.54734,0.029229,0.14607,0.50122,0.50926,0.096467,0.63438,0.46994,0.36299,0.26765,-0.039061,0.17966,0.45328,0.033609,0.50703,-0.13608,0.24928,0.5232,0.66338,0.31947,0.58701,0.72799,0.18453,-0.009559,0.63931,0.05467,0.53822,0.29486,0.3396,0.36107,0.29923,0.63823,0.19379,0.16181
0.62785,0.24045,0.12903,0.65091,0.60075,0.67888,0.28417,-0.0040729,0.71034,0.24962,0.31777,1,0.13004,0.45665,0.43211,0.15737,0.76092,0.42515,0.27428,0.79076,0.36582,0.91923,0.38887,-0.12704,0.5852,0.54377,0.091067,0.57975,0.5506,0.70792,0.44998,-0.26354,0.4247,0.59238,0.38477,0.075072,0.47936,0.39435,0.47151,0.69351,0.46631,-0.50166,0.21051,0.20964,-0.21939,-0.10869,0.24478,0.50345,0.30587,0.33545,0.57606,0.17105,0.27243,0.062331,0.43595,0.46292,0.39713,0.55652,0.57784,-0.044068,0.19468,0.5481,0.27941,0.4242,0.31659,0.44694,0.57775,0.0012877,0.89623,0.22739,0.55364,0.14836,0.47903,0.56526,0.59508,0.29318,-0.14948,0.6325,0.70447,0.1467,0.25295,0.24803,-0.092829,0.29069,0.33589,0.28036,0.38665,0.14444,0.59505,0.02514,0.089634,0.45595,-0.19851,0.49828,0.73844,0.74514,0.43028,0.58823,0.03199,0.30248,0.4118,0.37195,0.25416,0.6755,-0.038154,0.11695,0.025946,0.77996,-0.055416,0.44592,0.67963,0.27487,0.024854,0.33152,0.76224,0.39973,0.20739,0.6467,0.33271,0.12245,0.80782,0.64425,0.3422,0.17398,0.28073,0.76663,0.62006,0.31962,0.024047,0.38134,-0.29481,0.56603,0.61597,0.1768,0.19139,-0.15503,0.07193,0.010233,0.60379,0.75295,0.22302,0.14602,0.32701,0.18863,0.32909,0.75776,0.71524,0.46418,-0.23372,0.21511,0.18518,-0.00055346,0.38026,0.44705,0.40614,0.73697,0.82751,0.18116,0.074771,0.72088,0.32572,0.32164,-0.10814,0.81384,0.37541,-0.33441,0.65813,0.32239,0.1437,0.21266,0.26721,0.41158,0.066201,0.4955,0.42041,0.31523,0.24059,0.27527,0.5724,0.46501,0.58817,-0.024573,0.4961,0.25439,0.3404,0.46826
0.44205,0.55706,0.60585,0.52455,0.29436,0.19567,0.29327,0.42731,0.096299,0.16328,0.57741,0.13004,1,0.0031508,-0.076676,-0.22453,0.29045,-0.12356,-0.11108,0.32534,0.16953,0.10252,0.35295,0.33786,0.14866,0.46697,-0.12639,0.4693,0.25773,-0.00098436,0.68185,0.2491,0.38778,-0.22544,0.14737,0.60384,0.24393,0.55273,0.28638,0.44045,0.35792,0.091907,0.14081,0.28203,0.16575,0.025871,0.34097,0.13835,0.21251,0.33618,0.31258,0.34314,0.17808,0.038028,0.28098,0.17237,0.088605,0.32678,0.2888,0.30243,0.57348,0.36217,0.28461,0.33884,-0.027103,0.22196,0.41253,0.47738,0.066282,0.024333,0.15004,-0.055759,0.30984,0.14607,0.26251,-0.13439,0.26252,0.013824,0.21757,0.25297,0.51665,-0.25464,0.71581,0.077439,0.3346,0.14832,-0.026057,-0.031726,0.095865,0.025516,0.30386,0.23542,0.50254,0.29987,0.26207,-0.070454,0.16564,0.32911,0.20912,0.48508,0.18883,0.46255,0.10389,0.50169,0.27236,0.73527,0.10013,0.27118,-0.31007,0.4873,0.10511,-0.058543,0.36866,0.29665,0.16176,0.2973,0.37718,0.3221,0.27157,0.50878,0.14083,0.27997,-0.135,0.64729,0.25576,0.41356,0.48667,-0.11373,0.23245,0.20688,0.14055,0.12443,0.34899,0.31433,0.11839,0.1113,0.10037,0.54586,0.26303,0.34983,0.69735,-0.054976,0.31004,-0.042027,0.58265,0.21748,0.39912,-0.017437,0.13844,0.59895,0.24493,0.50397,0.326,0.057936,0.26486,0.36845,0.15609,0.301,0.63789,0.29096,0.066291,0.49567,-0.0049396,0.092956,0.18217,0.014736,0.14852,-0.12817,0.24761,0.075727,0.54374,0.35939,0.51532,0.40101,0.14884,0.027949,0.47899,-0.13056,0.1365,0.28761,0.46039,-0.10161,0.22656,0.65885,0.21556,0.00038095
0.49755,0.096373,0.37737,0.52115,0.31096,0.53184,0.32721,-0.041024,0.59516,-0.035312,0.34519,0.45665,0.0031508,1,0.31149,0.39053,0.47678,0.21753,0.41968,0.46498,0.13864,0.40702,0.4495,0.36115,0.45151,0.4895,0.391,0.066799,0.39777,0.56856,0.27063,-0.37294,0.29311,0.30905,0.39834,-0.079982,0.44757,0.11001,0.44342,0.4396,0.23726,-0.55638,0.27064,0.019285,-0.42531,-0.12853,0.12403,0.37762,0.37975,0.1,0.26348,0.28843,0.33328,-0.015801,0.25378,0.46815,0.61578,0.43003,0.63498,0.10943,0.37002,0.3133,0.041502,0.14022,0.48969,0.76066,0.41497,-0.065942,0.35275,0.43481,0.51967,0.64182,0.30021,0.60244,0.6365,0.33216,-0.45808,0.56084,0.40385,-0.044006,0.30711,-0.081891,0.069544,0.14376,0.40421,0.47332,0.30077,0.39589,0.64602,0.384,0.31216,0.63578,0.076285,0.29585,0.56151,0.67672,0.37754,0.39258,0.061692,0.46527,0.45542,-0.12681,0.17382,0.52408,0.066109,0.041005,-0.13262,0.52624,0.13141,0.48338,0.45229,0.56355,-0.05508,0.045358,0.47932,0.43731,0.67213,0.38538,0.086767,0.2292,0.3737,0.29253,0.47718,0.26488,0.62578,0.35538,0.52995,0.3653,0.21956,0.51091,-0.1475,0.4497,0.061942,-0.0065232,0.37247,-0.14356,0.49931,-0.19571,0.58947,0.45816,0.45243,-0.21707,0.27229,0.17859,0.10729,0.56044,0.50652,0.39901,-0.086853,0.1025,0.17763,0.2964,0.41843,0.64193,-0.10304,0.4036,0.68358,0.17135,-0.066383,0.51536,0.2665,0.20695,0.24742,0.386,0.47958,-0.11546,0.29529,0.35321,0.40756,0.54095,0.037661,0.34407,-0.054934,0.35538,0.14798,0.48568,0.078307,0.42893,0.5065,0.44782,0.2408,0.25535,0.5931,0.23885,0.19024,0.3468
0.21778,0.23166,-0.059649,0.18913,0.45165,0.14119,0.094721,-0.0041695,0.51635,0.17141,-0.15465,0.43211,-0.076676,0.31149,1,0.53655,0.14526,0.35209,0.81828,0.17774,0.30638,0.46171,0.33788,0.17976,0.21654,0.36354,0.80401,0.23167,0.67109,0.42896,0.21155,-0.34013,0.094659,0.18585,0.15523,-0.12553,0.34159,0.15228,0.24379,0.52361,0.10678,-0.52023,0.52376,0.074348,0.17262,-0.11031,-0.048677,0.34977,0.55704,-0.31029,-0.18325,0.091991,0.32629,0.24011,0.14813,0.28973,0.35973,0.35526,0.039989,0.083644,0.19379,0.50191,0.034585,0.043195,0.22596,0.1128,0.54268,-0.17213,0.39264,0.39254,0.48944,0.36536,0.35936,0.31452,0.23007,0.35395,-0.40704,0.37472,0.24903,0.30689,0.2783,0.3607,-0.25482,0.6451,0.13072,0.044873,0.16861,0.14698,0.35056,0.20907,-0.0082464,0.60456,0.011882,0.47827,0.48859,0.54734,0.24811,0.11093,-0.0069143,-0.083246,0.21686,0.29752,0.12484,0.21385,0.18239,-0.062735,0.14635,0.35072,0.1567,0.037091,0.39167,0.60113,-0.23086,-0.10256,0.45766,0.41217,0.19392,0.39292,0.30934,0.12565,0.215,0.11488,0.77725,0.011881,0.28516,0.2672,0.24817,0.23174,0.42976,0.032248,-0.32548,0.64349,0.42367,0.57785,0.24356,-0.35536,0.17116,0.0046046,0.20393,0.23648,0.1235,0.53414,0.61397,0.091118,0.17435,0.55322,0.32724,0.21056,0.15295,-0.036302,0.3132,0.031609,0.29352,0.35457,0.26978,0.35386,0.57946,0.30221,-0.17202,0.40799,0.1031,0.37552,0.17679,0.53313,0.39277,-0.10065,0.11122,0.88063,0.49027,0.3388,0.07722,0.43504,-0.31973,0.033761,0.056859,0.56567,-0.10007,0.0074184,0.075109,0.2221,0.49899,-0.052817,0.62662,0.26002,0.23863,0.24828
0.10432,0.070543,0.11915,0.18265,0.33973,0.10837,0.32847,0.20949,0.48163,0.15834,0.071615,0.15737,-0.22453,0.39053,0.53655,1,0.24993,-0.1065,0.52886,0.10605,0.24773,0.19872,0.4553,0.41775,0.26356,0.20952,0.52593,0.10682,0.48614,0.23378,0.18434,-0.30961,0.33781,0.36822,0.23362,-0.15844,0.07192,0.19182,0.25925,0.28907,0.21512,-0.20932,0.49224,-0.031212,-0.014393,0.02026,-0.0021354,0.31603,0.43351,0.029997,-0.1643,0.18076,0.0038403,0.078261,0.19732,0.32513,0.20318,0.30944,0.082692,0.085382,0.26722,0.41121,0.051831,0.049629,0.28506,0.19584,0.32239,-0.095262,0.1828,0.49426,0.54079,0.57486,0.054425,0.43197,0.28457,0.28564,-0.39999,0.25168,0.1172,0.088821,0.092912,0.26454,-0.26999,0.47664,0.25875,0.14864,0.26772,0.15325,0.3334,0.34665,-0.32457,0.44598,0.14521,0.22883,0.41099,0.29817,0.058942,-0.13005,-0.015606,0.0023305,0.46162,0.10473,0.24809,0.0057551,0.38621,-0.1651,-0.085655,0.13674,0.090015,0.2323,0.18124,0.51087,0.012535,0.12102,0.45598,0.40265,0.27675,0.22142,0.33671,-0.24703,0.067671,0.21389,0.63424,-0.062057,0.21718,0.015722,0.34994,0.33824,0.39088,0.2721,-0.14233,0.14981,0.20949,0.35331,0.071156,-0.15279,0.5624,-0.017177,0.33993,0.24367,0.0044009,0.24247,0.63288,0.11186,0.032636,0.30005,0.063193,0.38027,0.16705,-0.17292,0.3872,-0.19085,0.48602,0.49732,0.17881,0.22062,0.39006,0.28254,-0.080117,0.30578,0.33172,0.156,0.173,0.35049,0.4978,0.23385,0.32113,0.48791,0.20056,0.48915,0.005183,0.34767,-0.053941,0.16654,0.058904,0.46503,0.20827,0.1483,0.26217,0.29809,-0.053083,-0.031504,0.43831,0.054246,0.24775,0.21726
0.71166,0.27737,0.35301,0.79399,0.69675,0.65345,0.51097,0.36008,0.72714,-0.0094312,0.62575,0.76092,0.29045,0.47678,0.14526,0.24993,1,0.22617,0.069362,0.87568,0.28651,0.79945,0.49459,0.087624,0.64532,0.51151,-0.15448,0.55093,0.44014,0.49168,0.61746,-0.17673,0.58692,0.53508,0.60925,0.098059,0.41864,0.47583,0.41128,0.53265,0.53737,-0.39006,-0.026722,0.34942,-0.31595,0.070784,0.3103,0.54828,0.34565,0.62604,0.63005,0.38667,0.39525,-0.05612,0.51056,0.61547,0.2368,0.75071,0.71428,-0.03597,0.23896,0.44008,0.10446,0.60586,0.3193,0.46268,0.4723,0.18471,0.73525,0.13679,0.44099,0.21595,0.57013,0.56813,0.52942,0.095997,-0.21143,0.63289,0.62501,0.038616,0.14304,0.14116,0.029344,0.29972,0.41663,0.14135,0.24791,0.21609,0.5796,0.046001,0.19821,0.52154,0.10262,0.2995,0.7171,0.49156,0.31225,0.45589,-0.05507,0.32713,0.66064,0.17677,0.19829,0.7013,0.11065,0.20319,-0.11191,0.81269,-0.2275,0.65005,0.3843,0.29018,0.15279,0.43807,0.68227,0.60503,0.25934,0.58917,0.37314,0.16202,0.82174,0.69443,0.26607,0.31724,0.37673,0.76089,0.70447,0.56231,-0.0083983,0.58633,-0.26599,0.29217,0.52983,0.30453,0.32234,0.014953,0.1801,0.17531,0.76676,0.84918,0.28447,-0.13968,0.23452,-0.034144,0.38716,0.61038,0.68419,0.56156,-0.31542,0.1838,0.36081,-0.027509,0.50748,0.35025,0.25964,0.73617,0.68251,0.090519,0.17778,0.73524,0.47785,0.2556,-0.21557,0.66247,0.44939,-0.061127,0.78332,0.058142,0.13901,0.45729,0.35576,0.41316,0.15456,0.70913,0.47416,0.33018,0.46394,0.41069,0.78695,0.51851,0.30826,-0.047676,0.4915,0.33454,0.5867,0.4388
-0.018451,-0.25642,-0.28743,0.20303,0.19691,0.14149,-0.32073,-0.41567,0.19595,0.078176,-0.27793,0.42515,-0.12356,0.21753,0.35209,-0.1065,0.22617,1,0.20751,0.25895,0.11956,0.60301,-0.10486,-0.42361,0.089389,0.043739,0.21107,0.01853,0.04635,0.40753,0.088751,-0.3273,-0.34116,0.39058,0.38131,-0.19306,-0.064677,-0.22124,-0.075232,0.073496,-0.18214,-0.58948,-0.055926,-0.21692,-0.13,-0.13813,0.0728,0.15623,0.035717,0.083992,0.086662,-0.14845,0.10676,-0.22984,-0.15289,-0.022087,0.010291,-0.015689,0.054541,-0.23778,-0.20135,-0.02915,0.031729,0.20537,-0.16081,-0.11335,-0.027299,-0.21956,0.46017,-0.028306,-0.066883,-0.11265,0.17551,0.26656,0.17563,0.32606,-0.31122,0.27584,0.20647,0.061387,-0.35758,0.52946,-0.37646,0.12424,-0.27979,0.20864,-0.019939,-0.27966,0.33214,-0.14918,0.093198,0.19227,-0.28374,-0.1131,0.13932,0.4639,0.24888,0.027331,-0.25262,-0.083227,-0.044241,-0.10394,-0.13677,0.18634,-0.29698,-0.27108,-0.17609,0.30795,0.12946,-0.065439,0.2793,0.25817,-0.2558,-0.16836,0.08587,0.074305,0.14756,0.12869,-0.091308,-0.055077,0.46398,0.15785,0.22632,-0.2945,0.035694,0.2345,0.12598,0.21489,-0.1136,0.005484,-0.59561,0.34425,0.11639,-0.036839,-0.01288,-0.14589,-0.085371,-0.18372,0.088423,0.24286,-0.20115,0.29558,-0.10132,0.0022465,-0.29851,0.1389,0.28284,0.036929,-0.32471,-0.022216,-0.21758,-0.13805,-0.096784,0.35005,0.094042,0.22458,0.15686,-0.078487,-0.28333,0.36284,-0.29396,-0.053866,-0.11,0.3364,-0.11758,-0.33689,0.14234,0.44394,-0.059437,0.031074,-0.25938,-0.22301,-0.40716,-0.094922,-0.0017591,0.21165,-0.25553,0.2234,0.092922,0.15418,0.17556,-0.33526,0.23764,-0.26841,0.14435,0.46267
0.16893,0.37793,0.11422,0.13925,0.38961,0.15176,0.18294,0.10708,0.57018,0.20095,-0.0014533,0.27428,-0.11108,0.41968,0.81828,0.52886,0.069362,0.20751,1,0.08377,0.46188,0.27264,0.60591,0.20167,0.18311,0.33392,0.90047,0.14697,0.55847,0.3975,0.1166,-0.30782,0.10731,0.20215,0.27099,-0.13569,0.2678,0.18195,0.38035,0.52357,0.11881,-0.45086,0.47257,-0.038165,0.28963,0.056145,-0.20008,0.46476,0.45697,-0.23025,-0.24058,0.23385,0.32313,0.22729,0.21289,0.49408,0.42888,0.32969,0.13871,0.034687,0.30684,0.59211,0.031754,0.16313,0.26716,0.25175,0.55238,-0.21763,0.24423,0.48874,0.49878,0.65263,0.21021,0.19123,0.20288,0.45385,-0.41957,0.51656,0.26691,-0.019221,0.44268,0.28711,-0.23395,0.65277,0.1838,0.012565,0.47237,0.38747,0.34754,0.23888,0.034607,0.60847,0.16069,0.54982,0.54363,0.53607,0.3163,0.11172,0.12521,0.09591,0.39552,0.15355,0.15069,0.16502,0.099286,0.026865,0.14049,0.30061,0.21232,0.21438,0.39407,0.69809,-0.25475,-0.17404,0.53633,0.48422,0.38121,0.42265,0.22374,0.35286,0.11877,0.0001967,0.90379,0.17619,0.26112,0.13115,0.29887,0.36012,0.31025,0.29131,-0.094435,0.53965,0.29446,0.47915,0.22058,-0.33731,0.23317,-0.11259,0.26372,0.12587,0.20286,0.20839,0.51573,0.020334,0.17527,0.36172,0.29643,0.2654,0.19529,-0.011083,0.42704,0.08446,0.28505,0.28513,0.076134,0.27235,0.56119,0.28275,-0.1836,0.35146,0.06839,0.091727,0.24727,0.51529,0.55898,-0.15392,0.10421,0.86935,0.49965,0.51548,0.20707,0.33029,-0.23002,0.059886,-0.073134,0.45292,-0.10179,-0.027861,0.16958,0.27734,0.39164,0.25312,0.63322,0.30689,-0.044557,0.43072
0.87866,0.17069,0.39296,0.77101,0.64714,0.79439,0.56678,0.23105,0.6365,-0.017827,0.46991,0.79076,0.32534,0.46498,0.17774,0.10605,0.87568,0.25895,0.08377,1,0.30904,0.83005,0.41792,0.050919,0.79631,0.68759,-0.13183,0.50288,0.31373,0.48305,0.596,0.11182,0.51194,0.48853,0.51159,0.019992,0.54375,0.48737,0.46519,0.57715,0.54261,-0.45136,-0.097416,0.37759,-0.30318,0.012185,0.29116,0.56926,0.35981,0.3984,0.83315,0.28261,0.29831,0.12324,0.65128,0.61044,0.26381,0.67333,0.83855,0.032801,0.25497,0.32926,0.12756,0.38347,0.086244,0.43281,0.44907,0.33118,0.82221,-0.067086,0.36457,0.083096,0.41893,0.5051,0.62073,0.088585,-0.045469,0.66732,0.69257,0.062667,0.20622,0.12838,0.11406,0.25393,0.16643,0.2009,0.40392,0.20441,0.51495,0.13626,0.19665,0.39008,0.026968,0.34186,0.6781,0.48008,0.22333,0.53011,-0.016326,0.23852,0.63428,0.098613,0.27865,0.73988,0.053934,0.23199,-0.0075145,0.82975,-0.08712,0.72506,0.45936,0.32776,-0.029913,0.58666,0.61975,0.4596,0.36807,0.74339,0.38494,0.3032,0.88422,0.7505,0.25785,0.32654,0.28091,0.92748,0.66772,0.5558,-0.16729,0.61016,-0.021443,0.35395,0.54073,0.22225,0.4027,0.063495,0.25485,0.17206,0.72795,0.77495,0.34764,-0.19459,0.18263,-0.032836,0.44938,0.69233,0.61476,0.46317,-0.38073,0.19188,0.30909,-0.0014841,0.55229,0.44292,0.35654,0.86626,0.65146,0.15298,0.11995,0.73989,0.62831,0.26955,-0.16868,0.78363,0.32,-0.17318,0.75347,0.03806,0.17323,0.29476,0.29701,0.39353,0.10507,0.69683,0.71497,0.37374,0.51117,0.23705,0.80433,0.67191,0.51127,-0.11716,0.50264,0.34844,0.48192,0.28807
0.30695,0.53812,0.47264,0.34193,0.52173,0.43826,0.44675,0.30041,0.52377,0.55803,0.39085,0.36582,0.16953,0.13864,0.30638,0.24773,0.28651,0.11956,0.46188,0.30904,1,0.37161,0.51943,0.3066,0.20969,0.46447,0.30077,0.36548,0.27207,0.545,0.31795,-0.045753,0.33958,0.090107,0.20064,0.29873,0.027846,0.61854,0.59665,0.48229,0.47145,-0.032707,0.45183,-0.22856,0.0090576,0.46748,0.35688,0.6034,0.51746,0.03917,0.24042,0.52826,-0.096383,0.074824,0.58055,0.48084,-0.064633,0.48199,0.31716,0.13686,0.34356,0.53385,0.52645,0.36386,0.17819,0.22749,0.33567,-0.19467,0.44174,0.39231,0.15338,0.27493,0.010264,0.41879,0.34838,0.56524,-0.058395,0.44089,0.33231,0.058407,0.40879,0.43486,-0.02375,0.53492,0.18985,0.22555,0.39873,0.16556,0.33436,-0.098475,-0.068265,0.22026,0.13344,0.48717,0.60003,0.41799,0.47218,0.26435,0.22288,0.28313,0.46468,0.36695,0.45027,0.28253,0.17248,0.29085,-0.26383,0.43756,0.23752,0.52532,0.55141,0.29807,0.1453,0.0098628,0.71679,0.38747,0.31223,0.48136,0.15458,0.4424,0.39655,0.22193,0.32537,0.34073,-0.19278,0.30687,0.4995,0.30379,0.03318,0.28985,0.1009,0.47492,0.50534,0.44838,-0.076229,0.35186,0.29152,-0.029482,0.562,0.38384,0.35923,0.2175,0.36362,0.20733,0.50388,0.41689,0.39454,0.21282,0.21502,0.29463,0.33273,-0.17636,0.34327,0.22446,0.4298,0.54907,0.49554,-0.084404,0.17666,0.496,0.38223,0.071673,-0.22047,0.50232,0.34304,0.17773,0.33847,0.35849,0.077056,0.38599,0.5413,-0.10741,0.20689,0.41609,0.26612,0.037841,0.44283,-0.23617,0.3267,0.45331,0.40659,0.31678,0.23001,0.37588,-0.04124,0.41983
0.60515,0.094441,0.051639,0.60833,0.64767,0.61264,0.27522,-0.034471,0.69588,0.12613,0.22382,0.91923,0.10252,0.40702,0.46171,0.19872,0.79945,0.60301,0.27264,0.83005,0.37161,1,0.28757,-0.15691,0.61034,0.48457,0.093197,0.46494,0.45623,0.67152,0.41982,-0.25246,0.31515,0.61072,0.52842,-0.086134,0.3888,0.30509,0.35303,0.5791,0.38519,-0.53044,0.11368,0.11426,-0.2265,-0.15509,0.26222,0.53147,0.29421,0.35502,0.55328,0.10247,0.28173,-0.041911,0.44235,0.4228,0.23978,0.56063,0.56736,-0.20128,0.10131,0.40569,0.11106,0.40365,0.12741,0.25403,0.4517,0.025475,0.89063,0.13168,0.36018,0.069983,0.42385,0.55149,0.5372,0.28497,-0.26276,0.62709,0.61838,0.19873,0.047001,0.39226,-0.22604,0.40421,0.10783,0.20772,0.28792,0.060426,0.5549,-0.042676,0.031794,0.45188,-0.14542,0.3245,0.69587,0.68332,0.37475,0.42765,-0.13223,0.1218,0.4393,0.22052,0.22411,0.6034,-0.086245,0.026072,-0.048439,0.7378,-0.055991,0.43141,0.55684,0.41335,-0.048735,0.31945,0.67024,0.44674,0.22105,0.64556,0.34979,0.082287,0.89309,0.64396,0.3889,0.039921,0.19711,0.76677,0.58839,0.46189,-0.051424,0.3899,-0.35018,0.47348,0.57959,0.25147,0.19716,-0.10735,0.10966,0.029223,0.55963,0.71093,0.12701,0.13745,0.2853,-0.0048086,0.25124,0.67722,0.65728,0.41638,-0.43109,0.055045,0.14021,-0.16647,0.3511,0.48574,0.37383,0.74371,0.70706,0.1044,-0.046982,0.7103,0.36908,0.23327,-0.11237,0.81156,0.27677,-0.28379,0.6722,0.36034,0.0817,0.2755,0.145,0.27951,-0.089108,0.42067,0.44503,0.37808,0.25445,0.28774,0.62739,0.55601,0.49802,-0.21391,0.48732,0.12138,0.44516,0.44108
0.429,0.66522,0.65176,0.5879,0.61803,0.41701,0.51087,0.63496,0.5949,0.35697,0.6228,0.38887,0.35295,0.4495,0.33788,0.4553,0.49459,-0.10486,0.60591,0.41792,0.51943,0.28757,1,0.30872,0.42541,0.63366,0.41304,0.53521,0.59179,0.26742,0.64339,0.0060058,0.61368,0.30801,0.46966,0.28515,0.34618,0.66611,0.61139,0.68488,0.49546,-0.28319,0.29649,0.2852,0.21987,0.36974,0.036419,0.62224,0.46995,0.31948,0.17776,0.61307,0.25933,0.21768,0.44488,0.80448,0.48254,0.64013,0.40791,0.33882,0.67622,0.81119,0.36993,0.56374,0.43107,0.54054,0.6744,0.23649,0.38352,0.37391,0.70571,0.67092,0.33324,0.30365,0.405,0.25739,-0.0056328,0.6283,0.57364,-0.12854,0.65864,0.070824,0.16828,0.48296,0.58569,0.24462,0.67817,0.50642,0.45785,0.4035,0.25469,0.6557,0.35248,0.64379,0.6714,0.32951,0.29463,0.37423,0.40203,0.52158,0.74216,0.37407,0.2793,0.56007,0.30655,0.44529,-0.025644,0.58135,0.053977,0.68764,0.364,0.37129,0.20358,0.19917,0.70538,0.59726,0.591,0.65598,0.34945,0.5369,0.29551,0.36463,0.5952,0.64532,0.3903,0.39484,0.70229,0.39546,0.25067,0.72335,0.051431,0.46597,0.41812,0.40206,0.31433,-0.13006,0.3416,0.28918,0.64113,0.50874,0.49768,-0.11854,0.5488,0.12708,0.55176,0.43842,0.49676,0.52045,0.33809,0.41995,0.70983,0.29064,0.60618,0.27052,0.15251,0.5396,0.62586,0.43977,0.36324,0.62354,0.23575,0.16467,0.012043,0.60133,0.78973,-0.074492,0.5157,0.39648,0.44792,0.53354,0.65622,0.56547,0.3534,0.65557,0.174,0.32963,0.44002,0.042639,0.47098,0.39581,0.39592,0.34301,0.67295,0.61472,0.18005,0.53176
0.32694,0.38627,0.60013,0.1856,0.31341,0.18117,0.45949,0.39611,0.24824,0.06312,0.37702,-0.12704,0.33786,0.36115,0.17976,0.41775,0.087624,-0.42361,0.20167,0.050919,0.3066,-0.15691,0.30872,1,0.025396,0.33793,0.28188,-0.023504,0.34342,0.17007,0.21235,0.026238,0.25221,-0.23661,-0.11666,0.3151,0.23444,0.39542,0.24629,0.26901,0.19736,0.17219,0.39687,-0.11027,-0.19731,0.18234,0.144,0.21519,0.49618,-0.078522,-0.041445,0.50761,0.20472,0.24579,0.32758,0.2668,0.2209,0.42202,0.28172,0.34967,0.51759,0.30879,0.10226,0.048876,0.27628,0.34203,0.3537,0.020735,-0.10681,0.38621,0.25572,0.47237,0.12938,0.32249,0.19447,0.11846,-0.12144,0.10879,-0.10215,0.10294,0.41982,-0.15703,0.46902,0.30701,0.39341,0.13825,-0.040051,0.19625,0.11868,0.35185,0.22371,0.36673,0.33756,0.32047,0.28464,0.073617,0.33422,0.19494,0.32641,0.45691,0.3143,0.17818,0.064336,0.29564,0.40852,0.24847,-0.14718,0.12705,0.021725,0.35917,0.06348,0.27951,0.038102,0.010864,0.23831,0.1682,0.48058,0.033381,-0.028116,0.26454,-0.1125,-0.024441,0.18313,0.42415,0.30364,0.06199,0.18421,0.10374,0.49585,0.092504,0.15004,0.22188,0.12601,0.45161,0.25727,0.096948,0.44968,0.081608,0.2855,0.15974,0.61881,0.0033184,0.42486,0.17887,0.41446,0.32812,0.071046,0.059726,0.25954,0.25467,0.26467,0.23191,0.25656,0.37526,0.19086,0.15987,0.23736,0.1766,0.091032,0.19093,0.46018,0.45877,-0.079977,-0.0051154,0.381,0.41083,-0.16847,0.17287,0.36576,0.27835,0.32746,0.27901,0.050737,0.28504,0.19275,0.27981,0.35991,-0.052743,0.16956,0.31192,0.095704,0.1931,0.30746,0.40771,0.21599,-0.17669
0.74478,0.01221,0.33942,0.61564,0.36451,0.79362,0.67906,0.12884,0.55037,0.019216,0.30568,0.5852,0.14866,0.45151,0.21654,0.26356,0.64532,0.089389,0.18311,0.79631,0.20969,0.61034,0.42541,0.025396,1,0.71445,0.0306,0.4852,0.35224,0.37844,0.48579,0.26106,0.62383,0.52053,0.60047,-0.15525,0.35298,0.3192,0.39136,0.51033,0.48276,-0.36694,0.016704,0.45292,-0.24172,-0.19146,0.20697,0.53093,0.38899,0.099658,0.6091,0.079921,-0.04045,0.14494,0.51999,0.60621,0.37998,0.58435,0.69459,0.05541,0.18492,0.2502,0.19818,0.076768,0.017261,0.37986,0.46136,0.38345,0.60122,-0.12438,0.2733,0.1595,0.12173,0.35251,0.51158,0.30538,0.018735,0.66357,0.60439,0.17996,0.20422,-0.0020596,0.1225,0.26674,-0.038143,0.18086,0.48968,0.26492,0.62692,0.30677,0.13898,0.42106,-0.051036,0.36015,0.69103,0.43893,0.0072169,0.40939,-0.091095,0.1547,0.64595,0.10067,0.21885,0.46592,0.29008,0.046262,0.16809,0.71959,0.26754,0.7266,0.43416,0.29689,0.030546,0.65149,0.56272,0.48602,0.33882,0.66975,0.33168,0.25823,0.68187,0.84806,0.32063,0.19683,0.25744,0.78199,0.62257,0.622,-0.233,0.73543,0.21113,0.31043,0.42893,0.18434,0.13918,0.08792,0.32483,0.19099,0.58019,0.43742,0.1897,-0.32463,0.32343,0.10532,0.28885,0.67621,0.47974,0.7163,-0.31603,0.0088939,0.29101,-0.21356,0.6555,0.43336,0.31023,0.70997,0.53498,0.21651,0.17318,0.68274,0.62286,0.16128,-0.027378,0.66471,0.29584,0.10776,0.8127,0.11781,0.01461,0.37212,0.12833,0.35336,0.24401,0.44759,0.68246,0.63708,0.6069,0.059009,0.81895,0.71357,0.34474,-0.073889,0.58549,0.20056,0.32523,0.15086
0.76023,0.42573,0.73243,0.71496,0.57908,0.71396,0.6165,0.40256,0.52308,0.17562,0.4665,0.54377,0.46697,0.4895,0.36354,0.20952,0.51151,0.043739,0.33392,0.68759,0.46447,0.48457,0.63366,0.33793,0.71445,1,0.26119,0.64322,0.49827,0.48456,0.71278,0.30215,0.6044,0.14544,0.41579,0.096543,0.43469,0.53113,0.55316,0.70126,0.60963,-0.29796,0.17263,0.39013,-0.096084,0.15039,0.23039,0.55973,0.64417,-0.0053339,0.48297,0.34627,0.13524,0.31172,0.70113,0.61159,0.48265,0.66625,0.63124,0.39258,0.56884,0.53639,0.3503,0.088327,0.2058,0.54203,0.62941,0.39076,0.57852,0.059691,0.49861,0.30365,0.34556,0.35168,0.54566,0.19449,0.21276,0.60438,0.73714,0.27069,0.51609,0.010918,0.33203,0.31975,0.24697,0.42511,0.46949,0.24707,0.46183,0.42088,0.33925,0.48411,0.12715,0.63558,0.70342,0.34313,0.33115,0.60948,0.18073,0.32322,0.63346,0.42278,0.38621,0.64371,0.24373,0.35456,-0.17907,0.69282,0.35367,0.76767,0.43411,0.24609,0.14456,0.39771,0.63039,0.42259,0.60675,0.78104,0.42736,0.52677,0.57822,0.56214,0.28809,0.45168,0.29337,0.70351,0.67201,0.37922,0.0019082,0.62117,0.27084,0.67345,0.53057,0.3597,0.42953,0.06868,0.46065,0.40118,0.64849,0.54432,0.53031,-0.0032021,0.56519,0.14856,0.6552,0.83188,0.51895,0.52967,0.10843,0.28686,0.60311,0.21368,0.73204,0.50051,0.2672,0.85163,0.67071,0.37585,0.3662,0.77249,0.46223,0.47526,0.069484,0.6733,0.52849,0.053117,0.56286,0.25318,0.29137,0.26391,0.36496,0.52175,0.32653,0.64705,0.62647,0.53978,0.54436,-0.041827,0.54484,0.57744,0.71825,-0.016535,0.56497,0.57356,0.42224,0.17296
