1,-0.21094,-0.098498,0.65266,0.51843,0.80726,0.60042,-0.090689,0.18068,0.089943,-0.018642,0.53782,0.33645,0.18362,0.027638,-0.037453,0.63271,0.16837,-0.095154,0.91788,0.07298,0.72903,0.065391,0.0040817,0.61558,0.48443,0.021098,0.10258,0.2255,0.25772,0.20458,0.56387,0.51257,0.73311,-0.139,-0.15595,0.31394,-0.17596,-0.10765,-0.38432,0.038189,-0.34869,-0.084663,0.27215,-0.06643,0.30925,0.17641,0.17009,-0.30238,-0.13438,0.69495,-0.06997,0.095444,0.15048,0.68416,-0.18704,-0.10553,0.32744,0.93839,0.014455,-0.1796,-0.39191,0.23165,0.33705,-0.16724,0.32253,0.07747,0.66035,0.47685,0.0074304,-0.19428,0.014186,0.23456,-0.1405,-0.12576,-0.082684,0.57418,0.36032,0.14173,0.26502,-0.11908,0.23024,0.0053085,-0.013109,-0.24872,-0.39652,-0.308,-0.16835,0.34042,0.16486,-0.18099,0.24906,-0.15513,-0.1216,0.040019,0.35899,0.087105,0.12055,-0.27934,-0.0001817,0.43675,-0.090479,-0.01993,0.53091,0.49489,-0.20214,0.049145,0.51065,-0.49309,0.74045,-0.085893,0.094557,-0.081012,0.21328,0.37944,0.65499,0.058517,0.15227,0.23092,-0.037262,0.24326,0.7345,-0.053305,-0.21385,-0.4045,0.96559,0.20394,0.50001,-0.22194,0.64277,0.6936,-0.35271,0.23357,-0.091973,0.37949,0.026332,0.12527,0.67502,0.32037,0.45183,-0.21355,-0.37915,-0.3213,0.43779,-0.11385,0.30783,0.18893,0.57592,0.08067,-0.16628,0.27963,-0.1065,0.26415,0.25932,-0.0091886,0.59147,-0.067846,0.29722,0.039173,0.12788,0.075492,0.13191,-0.16405,0.81995,-0.020034,0.46728,0.64237,-0.0040704,-0.25837,0.091857,-0.28383,-0.33457,0.043502,-0.049013,0.86181,0.54606,0.18012,-0.048643,0.68791,0.76437,-0.35215,-0.39188,-0.11541,0.16807,0.029399,0.21821
-0.21094,1,0.27943,-0.040123,-0.218,-0.070781,0.05464,0.28206,0.47732,0.56556,0.50553,-0.029394,0.53469,0.3645,0.3852,0.35124,0.19817,0.10839,0.33573,-0.17737,0.13007,-0.035076,0.36809,0.029615,0.066304,0.21622,0.19787,0.35805,0.18061,0.12656,0.18138,-0.23556,0.31472,-0.37213,0.039361,0.48795,0.21393,0.61942,0.30301,0.15438,0.11964,0.056369,-0.15945,-0.079334,-0.19835,0.010899,0.12488,0.28119,-0.0094093,-0.20228,-0.010678,0.23614,0.32071,-0.12771,-0.1429,0.49161,0.40694,0.019985,-0.18825,0.14787,0.051225,0.36642,0.59444,0.36643,0.35123,0.38433,0.31236,0.073948,0.15684,0.2233,0.063973,0.29918,0.22879,0.45202,-0.23813,0.60338,-0.30436,-0.12743,0.24688,0.035446,0.72201,0.19526,0.10551,0.10389,0.50827,0.059517,0.11786,0.40499,0.43225,0.54127,0.28326,0.12925,0.39894,0.31777,0.50321,0.1879,-0.17527,0.31557,0.14283,0.54228,0.19649,-0.047379,0.080425,0.028295,0.22712,0.54641,-0.1228,0.26614,0.20471,-0.25842,0.39189,0.47312,0.20388,-0.46345,0.32272,-0.15147,0.35048,0.074364,0.37744,0.49478,0.18139,0.11099,0.25866,0.48271,0.36497,-0.28622,0.088669,-0.01779,0.23165,0.031696,-0.26813,0.27137,0.118,0.23544,0.1555,0.15909,0.48606,0.22732,0.38983,0.25601,0.75222,-0.3399,0.38574,0.17313,0.48214,0.23884,0.24871,0.12954,0.29683,0.49496,0.11038,0.3052,0.51566,0.039319,-0.17204,-0.061759,0.4676,0.070113,0.41409,0.0075232,0.37619,0.30622,0.32808,-0.24543,0.43121,0.21246,-0.008053,0.096407,0.56221,0.35151,0.66187,0.40736,0.38931,0.4345,-0.031642,-0.088491,0.073968,0.045049,-0.54978,0.014301,0.13422,0.2331,0.49377,0.26867,0.37778,0.11542
-0.098498,0.27943,1,-0.31933,0.19582,-0.24236,0.15266,0.30586,0.33385,-0.21947,0.11411,-0.25994,0.020311,-0.078152,-0.10285,0.26575,-0.23243,-0.15878,-0.12099,-0.23759,-0.10865,-0.40049,0.054169,-0.0099686,-0.15053,0.17518,0.068416,0.20299,-0.26625,-0.28961,-0.26371,-0.31839,-0.19693,-0.40479,-0.022145,-0.22153,0.15571,0.20118,0.61845,-0.020083,-0.31726,-0.14344,0.19801,-0.18079,0.18559,-0.29169,-0.14786,0.57451,0.10485,-0.15258,-0.097625,0.41991,-0.10103,-0.10628,-0.40645,-0.32043,0.12207,-0.096702,-0.20097,-0.27293,0.094668,0.11506,0.029871,-0.25001,0.1835,-0.03018,-0.018595,-0.30738,-0.095912,0.44742,0.20179,0.066218,-0.13244,0.15687,-0.43896,-0.15066,0.12848,0.062109,0.21482,-0.5808,0.17514,-0.29914,-0.0053487,0.29262,0.22749,0.43372,0.50714,-0.11548,-0.19748,0.22004,0.13384,0.24714,0.037349,0.015378,0.11649,-0.081667,-0.052312,0.35244,0.38383,-0.29579,-0.055858,-0.11742,-0.42234,-0.11688,0.072026,-0.16307,-0.12064,-0.028164,0.12673,-0.30649,-0.0056968,0.26285,-0.14701,-0.54152,0.19996,-0.26402,-0.013618,-0.035112,0.052301,0.14748,-0.016741,-0.23452,-0.12517,-0.029782,0.30224,-0.14052,-0.014276,-0.3174,0.068218,-0.0069517,-0.53121,0.79259,-0.13379,0.32193,0.053759,-0.002337,0.069936,-0.16933,0.015422,-0.0032571,0.46636,-0.39546,0.041179,-0.26366,0.15658,-0.1059,0.22253,-0.060638,0.16629,0.073167,-0.05014,-0.21956,-0.034084,-0.1183,-0.020006,-0.10462,0.19824,0.17384,-0.087769,0.41869,-0.27695,-0.21295,-0.22332,-0.29149,0.22539,0.03923,-0.54227,0.021357,0.0043642,-0.1763,0.21505,0.013829,-0.10332,0.11386,-0.13693,-0.37624,-0.19626,0.01915,-0.26639,-0.23108,0.026686,-0.15375,0.36217,0.19254,-0.029959,-0.08632
0.65266,-0.040123,-0.31933,1,0.30415,0.60769,0.66955,0.15673,0.33968,0.53128,0.14941,0.69197,0.46514,0.076941,0.36376,0.042549,0.82202,0.37098,0.27658,0.70491,0.28426,0.707,0.06187,0.18834,0.27966,0.32903,0.11221,0.016179,0.49973,0.55949,0.096735,0.26394,0.50382,0.55557,0.16794,0.12724,0.37003,0.12302,-0.2102,0.0057877,0.35199,-0.058367,-0.15001,0.24392,0.22445,0.48132,0.32346,0.063422,0.05737,-0.050139,0.51251,-0.030877,0.30845,0.4071,0.37716,0.23389,0.2462,0.48248,0.64597,0.043289,0.11605,-0.15012,0.36577,0.47886,-0.039887,0.53101,0.24028,0.89789,0.54288,0.22247,-0.24694,0.14832,0.39588,0.10417,-0.038167,0.38747,0.18274,0.16625,0.16382,0.63667,-0.032734,0.35847,0.07018,-0.11648,0.068204,-0.414,-0.47743,0.26598,0.65958,0.48503,0.10833,0.38526,0.10686,0.0065124,0.45152,0.49188,0.25767,0.31768,-0.27509,0.20455,0.36078,0.14273,0.18676,0.55951,0.65734,-0.10137,-0.05768,0.80292,-0.21891,0.53793,0.10421,0.43965,0.082255,0.14886,0.63203,0.5973,0.19447,0.53497,0.41092,0.22715,0.55104,0.45292,0.28859,0.2869,-0.35157,0.67842,0.10152,0.45131,0.12986,0.53597,0.54718,-0.39384,0.28112,-0.1946,0.38135,0.17877,0.14226,0.8347,0.66543,0.57982,-0.056452,-0.26583,-0.072159,0.57157,0.21468,0.68986,0.32302,0.53907,0.13087,0.22401,0.4964,0.46121,0.30349,0.22661,0.23133,0.36514,0.35122,0.034285,0.2269,0.034545,0.16116,0.13363,0.23355,0.63095,0.30002,0.62962,0.71946,0.22199,0.040835,0.47419,0.046065,-0.36823,0.094241,-0.17325,0.63685,0.5607,0.35738,0.0035978,0.56845,0.44507,-0.14482,-0.16632,0.10626,0.31321,0.22114,0.23754
0.51843,-0.218,0.19582,0.30415,1,0.42787,0.44128,0.28024,0.45225,0.08209,-0.0051983,0.3236,0.058176,0.28191,0.26049,0.36085,0.20203,0.23081,0.078213,0.42212,0.14259,0.21749,0.31132,0.42026,0.28873,0.42353,0.2793,0.3564,-0.012524,0.46521,0.2595,0.17071,0.31551,0.4328,0.02685,-0.025359,0.24165,-0.125,0.17083,-0.049187,0.14394,0.16133,0.20003,0.13132,0.13923,-0.0066507,0.3028,0.33719,0.33748,-0.090445,0.34428,0.53851,0.32142,0.50823,0.17508,-0.16115,0.25324,0.16061,0.33982,-0.10721,0.42193,-0.10471,0.35991,0.36326,0.086029,0.26438,0.14236,0.23157,0.35614,-0.017551,0.37744,0.20842,0.3362,-0.28087,0.2598,0.012383,0.34072,0.22723,0.24424,-0.086124,-0.0017902,-0.071559,0.27889,0.22318,0.015569,0.24821,0.20339,0.021919,0.36376,0.36344,-0.014065,0.26453,-0.091019,0.16746,0.18948,0.20876,0.50869,0.12455,0.38438,0.022039,0.23926,0.23202,-0.088298,0.22591,0.3414,-0.15983,0.26503,0.32949,-0.0076239,0.41673,0.26287,0.12038,0.1325,0.078326,0.44709,0.51454,0.48029,0.23531,0.13614,0.20551,0.29777,0.43937,0.30856,-0.098763,-0.047622,0.4713,0.36792,0.072491,0.12996,0.47402,0.1232,0.23645,0.11852,0.15602,0.45488,0.3629,0.3677,0.3216,0.24875,0.3182,0.017759,-0.14845,0.011893,0.23557,0.080213,0.35036,0.14915,0.62127,0.53139,-0.070122,0.29448,0.081971,0.10523,-0.010058,0.26475,0.35928,0.15308,0.33413,-0.041548,0.36528,-0.13732,0.26019,-0.12677,0.38915,0.29718,0.12506,0.20243,0.40172,-0.075213,0.16711,-0.13011,-0.11118,0.026374,-0.079569,0.41564,0.13991,0.43791,0.31773,0.61058,0.42171,-0.11657,-0.019059,0.3048,0.34976,0.46037,0.035021
0.80726,-0.070781,-0.24236,0.60769,0.42787,1,0.55028,0.24334,0.28014,0.19943,0.19042,0.62625,0.43463,0.51398,0.1817,0.11346,0.61867,0.36574,0.11559,0.82086,0.32047,0.84125,0.24454,0.057609,0.78604,0.47966,0.21547,0.19283,0.29198,0.36533,0.30642,0.40345,0.59105,0.81071,-0.0034342,0.20471,0.27891,0.011281,-0.14153,-0.20516,0.43306,-0.15071,0.091313,0.40948,-0.13317,0.45812,0.24683,0.18214,-0.20701,0.10242,0.61155,0.07344,0.42012,0.34511,0.60432,0.086655,0.17059,0.49549,0.74044,0.24196,0.13016,-0.20338,0.38514,0.38196,-0.24415,0.4233,0.24572,0.62382,0.63325,0.14748,-0.021748,0.10862,0.68243,0.10912,0.132,0.17808,0.53204,0.4387,-0.0068835,0.37579,0.047391,0.49651,0.088572,-0.12362,-0.15015,-0.16535,-0.19177,0.18897,0.54,0.30965,-0.071491,0.3883,-0.012136,-0.011114,0.21928,0.46617,0.12058,0.34474,-0.10659,0.39661,0.61344,-0.12924,0.26124,0.61632,0.33141,0.083377,0.3642,0.53775,-0.28351,0.82533,0.042294,0.17218,0.23235,0.35236,0.41598,0.6621,0.27277,0.37391,0.45204,0.1712,0.48002,0.90657,0.16154,-0.10364,-0.18967,0.81314,0.45785,0.25418,0.0021262,0.60656,0.58993,-0.35093,0.43885,0.097852,0.58606,0.054053,0.13988,0.55888,0.49781,0.5537,-0.18231,-0.076876,-0.12819,0.18405,-0.097388,0.43483,0.17642,0.71498,0.206,-0.093824,0.48494,0.090883,0.37161,0.49215,0.085218,0.59812,0.087788,0.40452,0.30443,0.2424,0.29961,0.42202,0.16364,0.7555,0.1604,0.322,0.84359,0.047424,-0.13288,0.29226,-0.084429,-0.24369,0.19528,0.1438,0.68904,0.53633,0.40162,0.19966,0.48511,0.7633,-0.25772,-0.19731,0.18024,0.29093,0.29891,0.53396
0.60042,0.05464,0.15266,0.66955,0.44128,0.55028,1,0.29744,0.40574,0.18229,0.01693,0.46277,0.26301,0.39638,0.39614,0.014846,0.6664,0.34112,0.2829,0.51737,0.35599,0.47089,-0.048528,0.061574,0.30794,0.27065,0.30369,0.21956,0.27767,0.23271,-0.22365,0.10106,0.51272,0.46508,0.0051415,-0.071285,0.14865,-0.049371,0.044707,0.018042,-0.039017,0.038626,-0.13392,0.22759,0.067677,0.30321,0.41435,0.14183,-0.034546,0.061119,0.57701,0.24553,0.31921,0.45386,0.11134,-0.053191,0.42191,0.19847,0.53056,-0.14348,0.11691,-0.053405,0.32891,0.24068,-0.089143,0.38679,0.20517,0.54183,0.50835,0.42364,-0.22849,0.31003,0.47652,0.15756,-0.24269,0.40496,0.35328,-0.020753,0.22697,0.3042,0.062521,0.31258,0.21036,-0.065906,0.23469,-0.089653,-0.24886,0.28624,0.48887,0.56799,0.19286,0.38709,-0.29898,0.11792,0.37798,0.34492,0.17557,0.55011,-0.095244,0.08849,0.23475,0.07612,0.1934,0.34874,0.49307,-0.1727,-0.10988,0.55183,-0.18467,0.45993,0.21321,0.30573,0.15051,-0.15742,0.48123,0.31707,0.29985,0.49476,0.44545,0.080739,0.4654,0.37889,0.33558,-0.085755,-0.23944,0.57222,0.062303,-0.021247,-0.11796,0.35492,0.17328,-0.062234,0.083463,-0.035156,0.44505,-0.20713,0.14549,0.58191,0.50375,0.44992,0.088346,-0.46423,-0.061776,0.17352,0.036965,0.50092,0.24612,0.43789,0.46842,0.12653,0.41394,0.13542,0.014974,0.20027,0.21476,0.35524,0.30256,0.28909,0.21732,0.48208,0.065499,0.012707,0.24065,0.49217,0.40939,0.39135,0.43984,0.35015,-0.042189,0.3297,-0.14938,0.044955,-0.010015,-0.036221,0.59302,0.45623,0.1364,0.10197,0.2949,0.28572,-0.12396,-0.13684,0.24369,0.26449,0.22851,0.3045
-0.090689,0.28206,0.30586,0.15673,0.28024,0.24334,0.29744,1,0.42975,0.25757,0.55507,0.051831,0.41466,0.38508,0.36222,0.33912,-0.036943,-0.016943,0.31313,-0.11256,0.60152,-0.00037747,0.43321,0.16752,0.015748,0.39551,0.42356,0.31246,-0.023216,0.33481,0.11554,-0.25929,0.11264,0.098643,0.56286,0.39233,0.23462,0.47755,0.30521,0.30733,0.4988,0.29257,0.22635,-0.081398,0.34529,0.26529,0.23993,0.66256,0.33866,-0.0036062,0.1819,0.63421,0.35384,0.47237,-0.20806,0.2053,0.48381,0.42725,-0.22598,0.29475,0.67176,0.36392,0.47451,0.038278,0.32721,0.30407,0.29271,0.070079,0.20907,0.35508,0.31492,0.34691,0.54951,0.50863,0.21244,0.35887,0.124,0.18143,0.2371,-0.029753,0.30919,0.20274,0.33473,0.25773,0.37738,0.67585,0.43702,0.52323,0.44063,0.61181,0.083254,0.50383,0.17205,0.15836,0.48152,0.064974,0.10992,0.55272,0.4503,0.46039,0.35477,0.056668,-0.13704,0.34207,0.14631,0.28925,0.35244,0.23811,0.3997,0.20714,0.28425,0.4017,0.33938,-0.084616,0.36705,0.014133,0.5759,0.33643,0.56613,0.50453,0.37197,0.16519,0.30517,0.45163,0.44141,-0.095293,0.18475,-0.44367,0.63133,0.22802,-0.42082,0.33863,0.23137,0.58868,0.40461,0.23694,0.18458,0.006994,0.37174,0.24149,0.49452,0.028204,0.37016,-0.20855,0.24301,0.27549,0.39786,0.32653,0.35722,0.37662,0.59869,0.36177,0.22035,0.19093,0.2808,-0.19055,0.46312,0.23614,0.23291,0.41704,-0.06358,0.3797,0.59745,0.011225,0.51098,0.074754,0.089671,0.29444,0.29939,0.63667,0.5339,-0.026263,0.1196,0.36511,-0.069729,-0.14621,0.49441,0.6322,-0.071936,-0.033414,0.15802,0.09745,0.83612,0.40069,0.43161,0.2583
0.18068,0.47732,0.33385,0.33968,0.45225,0.28014,0.40574,0.42975,1,0.41653,0.24953,0.57515,0.50942,0.218,0.46353,0.44615,0.34748,0.54425,0.27377,0.21188,0.21213,0.32089,0.34972,0.49998,0.32874,0.33724,0.31544,0.22015,0.26411,0.46936,0.068366,-0.27732,0.30123,-0.11134,0.022089,0.40351,0.32016,0.46465,0.26533,0.057593,0.39114,0.24596,-0.033892,0.11477,-0.0030146,0.025839,0.29562,0.49062,0.33811,-0.26912,0.15596,0.50224,0.47149,0.18259,-0.051134,0.075394,0.47345,0.23289,0.12534,-0.097756,0.43888,0.083504,0.49815,0.51334,0.34202,0.64635,0.26067,0.36209,0.59245,0.38317,0.20476,0.29334,0.44085,0.31769,-0.043953,0.56872,0.23734,0.11442,0.12341,-0.0071548,0.35642,-0.014075,0.27789,0.019996,0.34596,0.13792,0.15644,0.5224,0.68095,0.59164,0.28844,0.32596,0.45219,0.24207,0.72569,0.64249,0.19388,0.49748,0.44708,0.34381,0.12929,0.03997,0.10658,0.05469,0.59804,0.30167,0.17113,0.73884,0.050474,0.0071488,0.62438,0.68905,0.38979,-0.27568,0.86824,0.36644,0.59851,0.54315,0.25172,0.55059,0.64394,0.34626,0.28844,0.30557,0.20558,0.19936,0.37362,0.01615,0.22708,0.25775,-0.2024,0.41957,0.13983,0.054656,0.42066,0.20675,0.48186,0.46647,0.74654,0.71335,0.32146,-0.23885,0.021144,0.1755,0.54707,0.78233,0.16781,0.48931,0.42057,0.22956,0.43942,0.14663,0.34052,0.23194,0.35248,0.40708,0.64163,-0.073871,0.41515,0.11678,0.058581,0.34812,0.087414,0.092467,0.57303,0.499,0.15144,0.31849,0.31298,0.14716,0.45242,0.10907,0.44783,0.14011,0.2809,0.25632,0.59792,-0.094734,0.011685,0.25783,0.028967,0.28162,0.49127,0.44127,0.57685,0.24385
0.089943,0.56556,-0.21947,0.53128,0.08209,0.19943,0.18229,0.25757,0.41653,1,0.40938,0.26073,0.56807,0.22046,0.42304,0.52627,0.56345,0.35797,0.37599,0.25617,0.1569,0.32603,0.36692,0.0055758,0.074558,0.36175,0.10971,0.17581,0.20943,0.53245,0.33532,-0.092316,0.45962,0.012942,0.25905,0.45034,0.47272,0.59455,-0.08243,0.16509,0.44102,0.11658,-0.22311,0.035349,0.086097,0.29681,0.32236,0.19931,0.082504,-0.10076,0.040978,0.15587,0.43871,0.21576,0.060269,0.66037,0.36642,0.36064,0.12102,0.34191,0.30171,0.15126,0.73895,0.63594,0.36136,0.64853,0.36085,0.48611,0.46395,0.18981,0.0030613,0.15849,0.383,0.1787,0.20381,0.67764,-0.41849,0.00065726,0.19313,0.5128,0.50898,0.1654,0.27976,-0.097709,0.30965,-0.14043,-0.3317,0.38008,0.71558,0.58761,-0.036113,0.2195,0.5341,0.22142,0.61698,0.27318,0.14768,0.2365,0.0009475,0.51205,0.44735,-0.0033198,0.045396,0.29985,0.48958,0.40289,-0.02628,0.56489,0.079184,0.092708,0.43474,0.5803,0.30729,-0.098481,0.55362,0.38329,0.31506,0.41064,0.3999,0.56605,0.37074,0.31247,0.37126,0.68024,0.13688,0.077404,0.22552,0.36252,0.4647,0.31559,0.12423,-0.18584,0.22514,0.029412,0.26326,0.50079,0.40412,0.51316,0.59573,0.44955,0.54998,-0.096309,0.36594,0.62161,0.54838,0.50751,0.42239,0.51755,0.24422,0.62492,0.35127,0.69714,0.49403,0.21205,-0.10178,0.11979,0.43586,0.051433,0.36973,0.00038293,0.28118,0.42898,0.34615,0.13538,0.39177,0.41092,0.42386,0.13781,0.46911,0.54077,0.5926,-0.039123,0.28466,0.10637,0.23438,0.20805,0.4578,0.17246,0.14415,0.19151,0.039175,0.19732,0.34644,0.353,0.44611,0.25281
-0.018642,0.50553,0.11411,0.14941,-0.0051983,0.19042,0.01693,0.55507,0.24953,0.40938,1,0.022091,0.60145,0.26567,0.38875,0.36941,0.16576,-0.33134,0.28498,0.023051,0.21186,0.12319,0.42413,-0.066818,0.11467,0.67559,0.21195,0.42154,0.18276,0.28774,0.34363,0.1624,0.29932,-0.042746,0.5383,0.71475,0.32939,0.60525,0.35374,0.29372,0.37376,0.070566,-0.010468,-0.028383,0.29331,0.076101,-0.32068,0.40047,-0.071194,-0.19753,0.060205,0.1935,0.093246,0.10049,0.18162,0.31869,0.2933,0.51049,-0.11838,0.46494,0.35551,0.40054,0.54619,0.23582,0.2726,0.019336,0.37562,0.27791,0.0071446,0.073688,0.3989,0.18784,0.22153,0.57433,-0.020226,0.23576,-0.058142,0.55697,0.51799,0.095013,0.46672,0.17704,-0.077152,0.2552,0.14045,0.24405,0.24335,0.097207,0.28745,0.59445,0.072925,0.087504,0.33485,0.33763,0.31842,0.062549,0.19067,0.20523,-0.024212,0.51577,0.47819,0.15013,0.0060832,0.47452,0.28709,0.42225,0.066414,0.26602,0.10763,0.074844,0.12256,0.40082,0.091309,-0.021721,0.25562,0.24268,0.22116,-0.059495,0.6416,0.65018,0.16602,0.31483,0.07447,0.68172,0.038586,-0.0036897,0.050006,0.03128,0.21841,0.47858,-0.0014343,0.14443,-0.047011,0.2585,0.17618,0.35398,0.028372,0.26096,0.29825,0.1198,0.56686,0.025577,0.47963,-0.012745,0.44849,0.1385,0.4944,0.21962,0.28213,0.44761,0.61111,0.25883,0.53776,-0.0978,0.085086,-0.19626,0.36543,0.042557,0.40698,0.0085147,0.14352,0.28523,0.23979,-0.11971,0.35058,0.23372,0.13181,0.16293,0.37538,0.59212,0.72952,-0.13186,0.31279,0.39041,0.021022,-0.19965,0.24611,0.37354,-0.20951,0.23978,-0.020089,0.11385,0.67281,0.64156,0.35039,0.10559
0.53782,-0.029394,-0.25994,0.69197,0.3236,0.62625,0.46277,0.051831,0.57515,0.26073,0.022091,1,0.33989,0.18697,0.41222,-0.038234,0.65104,0.51921,0.29891,0.65411,0.23348,0.82865,-0.0066255,0.46388,0.65167,0.19084,0.14509,-0.043146,0.4951,0.5847,0.11208,0.02132,0.47787,0.39905,-0.10995,0.22692,0.34552,0.074846,-0.35243,-0.029763,0.48056,0.22367,-0.14388,0.55819,0.10454,0.41245,0.31895,0.019889,0.060999,0.14146,0.357,0.032141,0.43497,0.21167,0.31879,0.07215,0.31177,0.55304,0.51063,-0.043389,0.27824,-0.10715,0.26688,0.5384,-0.091264,0.46043,0.25363,0.71449,0.74806,0.13826,0.017079,0.04352,0.52228,0.16155,0.09539,0.36287,0.43971,0.21302,0.044099,0.51131,0.0832,0.40473,-0.017449,-0.18908,0.072641,-0.25513,-0.27742,0.273,0.65848,0.27741,0.31959,0.33989,0.12374,0.12112,0.51609,0.87809,0.28607,0.38201,-0.12811,0.1986,0.21791,0.098193,0.44334,0.29964,0.55395,0.029852,0.30001,0.76715,-0.20336,0.49904,0.27618,0.58402,0.20232,0.10704,0.74154,0.59189,0.31422,0.59538,0.26466,0.21211,0.80787,0.52184,0.29749,0.0052453,-0.24403,0.61644,0.28927,0.27633,-0.10833,0.35892,0.35817,-0.2384,0.32606,-0.25793,0.52453,0.039571,0.19137,0.73412,0.77471,0.79356,-0.26537,-0.094662,-0.24013,0.39978,0.25646,0.77028,-0.0026171,0.63339,0.13624,-0.083075,0.48333,0.13496,0.35147,0.36541,0.43777,0.75997,0.40429,-0.13113,0.30942,-0.10714,0.3022,0.12557,0.10345,0.41526,0.28252,0.58042,0.59975,0.1891,0.12245,0.099452,0.0085635,-0.19494,0.40204,-0.034932,0.60773,0.79237,0.567,-0.25267,0.30966,0.47945,-0.033914,0.16455,0.073578,0.26767,0.48196,0.29823
0.33645,0.53469,0.020311,0.46514,0.058176,0.43463,0.26301,0.41466,0.50942,0.56807,0.60145,0.33989,1,0.204,0.33055,0.10417,0.50834,0.16023,0.2008,0.29858,0.27124,0.42497,0.54953,0.0055752,0.3352,0.65287,0.2851,0.38039,0.34099,0.31721,0.43985,0.10279,0.47044,0.17575,0.083896,0.58844,0.60147,0.71338,0.3604,0.18638,0.53539,-0.073563,-0.087728,0.023184,-0.04208,0.16109,0.16419,0.42433,-0.12129,-0.32903,0.26134,0.3395,0.3326,0.1452,0.32812,0.17203,0.2078,0.52887,0.25093,0.5988,0.10003,0.31079,0.68416,0.48866,0.38046,0.56488,0.54409,0.61552,0.37881,0.045957,-0.022276,0.46309,0.31418,0.64946,-0.076761,0.37634,0.12369,0.18011,0.18869,0.091854,0.48356,0.13147,0.23508,0.2446,0.17536,-0.14873,-0.022972,0.27878,0.64813,0.66402,0.070743,0.21546,0.40277,0.28316,0.35233,0.27656,-0.018149,0.13919,0.092449,0.54884,0.63206,0.035039,-0.1244,0.605,0.67539,0.61661,0.18329,0.66101,-0.19624,0.25563,0.29563,0.54706,0.33158,-0.11736,0.5145,0.31588,0.28992,0.22517,0.34555,0.7163,0.19909,0.48129,0.086343,0.59153,-0.013198,0.32284,0.23305,0.22824,0.29439,0.58006,0.11154,-0.12415,0.13403,0.045792,0.39613,0.24667,0.34691,0.58749,0.53602,0.59002,0.47417,-0.21603,0.28397,0.31594,0.45826,0.4088,0.49925,0.38637,0.25078,0.58853,0.62984,0.34651,0.42157,0.12174,-0.11439,0.16059,0.35532,0.15396,0.62222,-0.11701,0.41127,0.55873,0.2559,0.44649,0.37215,0.55717,0.40198,0.077706,0.23167,0.52514,0.65338,-0.071602,0.61471,0.078534,0.34034,0.19286,0.41619,0.071267,0.085394,0.38242,0.16287,-0.0093234,0.41601,0.60276,0.31322,0.13413
0.18362,0.3645,-0.078152,0.076941,0.28191,0.51398,0.39638,0.38508,0.218,0.22046,0.26567,0.18697,0.204,1,0.56101,0.29087,0.26221,0.2335,0.53552,0.19705,0.37675,0.3289,0.34909,-0.028585,0.55972,0.25464,0.61318,0.57111,0.26563,0.23283,0.36055,0.14077,0.57199,0.42076,-0.10379,0.34875,-0.07105,0.020016,0.021823,0.26354,0.24751,0.1853,0.11122,0.4704,-0.17029,0.29703,0.30005,-0.038222,-0.12441,0.39244,0.37464,0.30497,0.44994,0.3334,0.15927,0.37479,0.61237,0.1514,0.12768,0.252,0.3263,0.36889,0.4876,0.2578,-0.20386,0.20604,0.4537,0.099381,0.43079,0.10908,0.18504,0.47329,0.7289,0.19328,0.15287,0.52263,0.131,-0.0037882,0.11062,0.1309,0.50283,0.52427,0.33452,0.040657,0.36563,0.27797,0.068008,0.36311,0.49173,0.41979,0.13545,0.33576,-0.11984,0.49803,0.27053,0.23772,0.095788,0.39242,0.14913,0.6081,0.49784,0.042184,0.48814,0.31136,-0.054778,0.43325,0.26671,0.13037,0.27406,0.33516,0.38762,0.15163,0.42328,0.11449,0.13012,0.23002,0.51442,0.28462,0.51785,0.16993,0.3045,0.5695,0.58453,-0.020616,0.11454,0.12705,0.3385,-0.15637,0.10963,0.20008,0.078364,-0.087679,0.33189,0.34498,0.38798,-0.030116,0.42493,0.16999,0.29234,0.2121,0.25982,-0.055075,0.42575,-0.0032981,0.067082,0.1135,0.18914,0.54288,0.52783,0.16448,0.35151,0.2472,0.31785,0.23438,-0.065447,0.30226,0.20739,0.55869,0.43933,0.40372,0.4319,0.46959,0.4686,0.17836,0.49495,-0.1425,0.47915,0.4483,0.26541,0.49216,-0.0054971,0.42894,0.3212,0.31493,0.2094,0.21069,0.28668,0.59532,-0.095428,0.21492,0.15121,0.1174,0.48969,0.22263,0.62534,0.39597
0.027638,0.3852,-0.10285,0.36376,0.26049,0.1817,0.39614,0.36222,0.46353,0.42304,0.38875,0.41222,0.33055,0.56101,1,0.19916,0.41814,0.20497,0.92524,0.081078,0.54327,0.24068,0.27659,0.21067,0.24954,0.31347,0.76313,0.55844,0.64198,0.62687,0.33977,-0.096496,0.43854,0.11371,0.029992,0.56487,0.033593,0.25944,-0.017186,0.61583,0.35389,0.509,-0.092163,0.24156,0.32829,0.30668,0.38641,-0.029668,0.17225,0.25308,0.28575,0.37513,0.33798,0.46055,0.022713,0.23399,0.84046,0.32022,-0.032758,0.17519,0.55586,0.60536,0.42119,0.51934,0.059715,0.3359,0.693,0.48527,0.41659,0.13716,0.18941,0.59815,0.44699,0.27973,0.052513,0.72678,0.015636,-0.074575,0.43164,0.25725,0.49114,0.44723,0.25083,0.17252,0.61281,0.14165,-0.14391,0.25542,0.68825,0.62636,0.41555,0.37425,0.17441,0.77665,0.61917,0.46516,0.3767,0.25223,0.11406,0.43289,0.31535,0.46614,0.56387,0.21578,0.46848,0.43045,0.072884,0.50609,0.14049,0.042075,0.56771,0.52505,0.49028,0.039228,0.50421,0.25046,0.39189,0.5051,0.34206,0.38056,0.52875,0.18232,0.78993,0.49067,-0.083558,0.030834,0.17664,0.016149,0.14656,0.22834,-0.010437,0.0088506,-0.069959,-0.0371,0.37289,0.12629,0.47234,0.52682,0.62024,0.46565,0.30238,-0.029103,0.54172,0.18647,0.70205,0.42796,0.23735,0.47631,0.54909,0.3598,0.5334,0.40786,0.32661,-0.13502,0.17403,0.27044,0.66464,0.03703,0.56767,0.055334,0.31788,0.24218,0.44491,0.0066159,0.77891,0.38272,0.29605,0.833,0.61823,0.54539,0.27476,0.37094,0.57373,0.14439,0.11618,0.32785,0.37463,0.33838,0.026567,-0.050626,0.49038,0.37079,0.57319,0.56806,0.76439,-0.03211
-0.037453,0.35124,0.26575,0.042549,0.36085,0.11346,0.014846,0.33912,0.44615,0.52627,0.36941,-0.038234,0.10417,0.29087,0.19916,1,0.075258,0.2657,0.18389,0.10064,-0.13685,0.038216,0.32836,-0.044795,0.079458,0.34581,0.17614,0.21613,-0.039891,0.26026,0.22732,-0.041633,0.12982,-0.14166,0.24901,0.24741,0.062503,0.31361,0.238,0.026144,0.1936,-0.086358,0.21282,0.049295,0.14789,-0.052961,-0.14142,0.35749,0.18613,-0.046454,-0.10868,0.17319,0.17911,0.10551,-0.085014,0.42153,0.34931,0.038014,-0.013974,-0.037625,0.47662,0.014019,0.38668,0.21331,0.088536,0.2952,0.096131,-0.036105,0.28271,0.44418,0.30288,0.02427,0.31669,-0.077375,0.11741,0.37385,-0.21183,0.3422,0.069019,-0.051799,0.27886,-0.15251,0.25173,-0.15194,0.16731,0.32033,0.15253,0.22086,0.28077,0.31612,-0.22076,0.2522,0.56309,0.14177,0.45215,0.11471,0.16465,0.37985,0.3673,0.26671,0.28062,-0.2303,-0.0082406,0.04866,0.083279,0.15721,-0.018211,0.24908,0.35146,-0.16974,0.33808,0.34881,0.22403,0.023449,0.42843,0.46428,0.26392,0.29414,0.36118,0.34645,0.27185,0.31231,0.18384,0.37476,0.34379,-0.024943,0.36152,0.15284,0.43261,0.18282,-0.042518,0.37807,0.14369,0.34685,0.022662,0.51072,0.2538,0.021495,0.31538,0.10228,0.42737,0.032667,0.30378,0.11663,0.38905,0.24065,0.36404,0.44522,0.21644,0.2705,0.17907,0.28555,0.36386,0.2474,-0.038204,0.053672,0.28373,0.20108,0.16385,0.33604,-0.19167,0.28742,-0.06889,-0.16753,0.39415,-0.011555,0.12858,0.19226,0.24814,0.18293,0.35605,-0.098451,-0.023876,0.15676,-0.035562,-0.23127,0.33307,0.38771,0.090373,0.11076,-0.17266,0.06236,0.46171,0.26725,0.38387,0.41044
0.63271,0.19817,-0.23243,0.82202,0.20203,0.61867,0.6664,-0.036943,0.34748,0.56345,0.16576,0.65104,0.50834,0.26221,0.41814,0.075258,1,0.48885,0.3782,0.72485,0.18664,0.75783,0.016841,0.010808,0.49119,0.39094,0.14497,0.15658,0.57322,0.40375,0.10999,0.14778,0.70828,0.49694,-0.15269,0.18995,0.42657,0.21254,-0.12862,0.084636,0.17548,-0.053956,-0.26171,0.33194,0.020074,0.35769,0.29078,-0.074192,-0.19214,0.045796,0.41017,-0.017515,0.47307,0.34017,0.39917,0.26149,0.36112,0.42633,0.60992,0.12594,0.032607,0.024673,0.50175,0.65246,-0.13389,0.55122,0.44803,0.84965,0.68463,0.20595,-0.25724,0.18759,0.49212,0.17215,-0.1086,0.44808,0.055708,0.11715,0.26071,0.60464,0.16045,0.41305,-0.037799,-0.21508,0.058114,-0.52315,-0.60689,0.16379,0.61645,0.50199,0.19543,0.3052,0.067063,0.24639,0.37017,0.55595,0.31493,0.30823,-0.39899,0.22832,0.49901,0.061847,0.37214,0.43837,0.69577,0.048418,-0.11706,0.72964,-0.32942,0.48688,0.10433,0.45669,0.11991,-0.079262,0.56442,0.56885,0.021229,0.56986,0.32838,0.36753,0.54207,0.53845,0.3186,0.14909,-0.3801,0.66368,0.2469,0.44408,-0.10843,0.59042,0.55382,-0.41819,0.092213,-0.37792,0.51176,0.055027,0.27705,0.88146,0.68067,0.59231,0.011344,-0.37138,0.10366,0.50113,0.26176,0.63396,0.33889,0.60382,0.29614,0.3083,0.44853,0.38179,0.31926,0.2573,0.098339,0.56965,0.31119,0.21667,0.38214,0.15508,0.41923,0.17152,0.10478,0.57515,0.2614,0.60645,0.72109,0.17482,0.015932,0.30708,0.074509,-0.073571,0.23086,-0.15348,0.70412,0.63498,0.19078,-0.10685,0.40059,0.48534,-0.01923,-8.0877e-05,0.11182,0.44655,0.29916,0.32566
0.16837,0.10839,-0.15878,0.37098,0.23081,0.36574,0.34112,-0.016943,0.54425,0.35797,-0.33134,0.51921,0.16023,0.2335,0.20497,0.2657,0.48885,1,0.22588,0.27297,0.10443,0.41646,0.12083,0.305,0.36322,-0.16387,0.22907,-0.045238,0.29509,0.25437,-0.011237,-0.25047,0.21895,0.19857,-0.41038,0.15626,0.041372,0.15715,-0.093683,-0.01268,0.34581,0.13676,0.07579,0.24899,-0.32869,0.028299,0.4749,-0.12351,0.19848,0.17893,-0.00085583,0.19596,0.61043,0.35255,-0.063305,0.19995,0.39371,-0.02358,0.19865,-0.077188,0.15899,-0.10464,0.22977,0.40451,-0.10075,0.64392,0.1783,0.31845,0.65012,0.34336,-0.18304,0.22463,0.57479,-0.01319,0.15337,0.51344,-0.016271,-0.25608,-0.44063,0.17242,0.019281,0.063948,0.25107,-0.36511,0.087022,-0.21862,-0.27234,0.54594,0.56574,0.24293,0.21301,0.24596,0.28718,0.067184,0.36417,0.48059,0.16885,0.26241,0.30982,0.22502,0.089485,-0.075995,0.38374,0.012164,0.29292,0.15033,0.15284,0.55513,-0.049563,0.047993,0.38121,0.26221,0.47715,0.044807,0.49485,0.33864,0.23935,0.68664,-0.074907,0.22809,0.50609,0.33263,0.37227,-0.083648,0.03832,0.22044,0.48854,0.04546,0.16775,0.050893,0.11396,-0.068651,0.28938,-0.2434,0.34974,0.072929,0.3534,0.30546,0.58103,0.57392,-0.18837,0.06142,-0.049049,0.13134,0.12342,0.64636,-0.02187,0.417,0.30806,0.1229,0.11523,0.33101,-0.071389,0.38939,0.089727,0.53281,0.25209,0.19082,0.40413,0.15885,0.30675,0.33703,0.025547,0.35245,0.31556,0.17232,0.46595,0.16766,-0.094888,-0.079785,-0.02261,0.13129,0.22411,-0.31144,0.16309,0.37386,0.3279,-0.18946,0.20718,0.15515,0.048756,0.10625,-0.0054173,0.14332,0.37439,0.44075
-0.095154,0.33573,-0.12099,0.27658,0.078213,0.11559,0.2829,0.31313,0.27377,0.37599,0.28498,0.29891,0.2008,0.53552,0.92524,0.18389,0.3782,0.22588,1,0.0068942,0.55842,0.18635,0.14517,0.056222,0.21536,0.13725,0.7798,0.45468,0.66436,0.51038,0.33096,-0.23753,0.31426,0.13238,-0.075401,0.44551,-0.032807,0.2228,-0.10165,0.64353,0.32043,0.42643,0.026604,0.20296,0.37851,0.36194,0.381,-0.12933,0.13227,0.44858,0.16442,0.26199,0.33512,0.4658,-0.091855,0.32585,0.86191,0.30656,-0.13214,0.18891,0.54597,0.63909,0.2791,0.3718,-0.10949,0.27439,0.70815,0.41251,0.40253,0.19066,0.073205,0.55272,0.46866,0.27618,0.021847,0.67623,-0.14534,-0.18194,0.32839,0.24212,0.44592,0.5299,0.20755,0.066408,0.6404,0.13949,-0.23101,0.20731,0.57455,0.48009,0.44045,0.45185,0.19729,0.72559,0.54446,0.40231,0.30861,0.24936,0.065215,0.31364,0.31332,0.36671,0.61615,0.18066,0.32339,0.35093,0.080156,0.37578,0.2009,-0.013334,0.35637,0.46302,0.43411,0.073528,0.38216,0.12141,0.17794,0.56817,0.25997,0.29833,0.51487,0.063609,0.79335,0.42951,-0.017704,-0.081521,0.13468,-0.04285,0.20474,0.12842,-0.015014,-0.033115,-0.030201,-0.025214,0.35052,0.082866,0.43973,0.41493,0.57266,0.37843,0.20934,0.026981,0.59075,0.093091,0.62618,0.30692,0.24633,0.44636,0.4024,0.33847,0.43649,0.49316,0.24482,-0.059448,0.092802,0.25167,0.59524,0.11404,0.49047,0.11237,0.37146,0.13427,0.44264,-0.026981,0.69812,0.29485,0.32488,0.796,0.58044,0.46585,0.19838,0.33102,0.44784,0.11507,-0.01916,0.30712,0.2379,0.37001,0.0013077,-0.19829,0.5907,0.29339,0.51006,0.47697,0.70529,0.018674
0.91788,-0.17737,-0.23759,0.70491,0.42212,0.82086,0.51737,-0.11256,0.21188,0.25617,0.023051,0.65411,0.29858,0.19705,0.081078,0.10064,0.72485,0.27297,0.0068942,1,0.095867,0.84555,0.033296,-0.0074425,0.70227,0.45557,-0.014022,-0.021528,0.30917,0.30155,0.14869,0.45938,0.51556,0.70764,-0.092611,-0.076079,0.36329,-0.11731,-0.30843,-0.34442,0.13247,-0.27816,-0.20779,0.38191,-0.015787,0.48294,0.1199,0.10978,-0.34965,-0.071421,0.62342,-0.17121,0.14744,0.06424,0.72672,0.0089385,-0.071244,0.46838,0.90218,0.044211,-0.068748,-0.39516,0.23814,0.42201,-0.22038,0.41138,0.075628,0.70073,0.65951,0.074,-0.11837,-0.17847,0.34136,-0.14774,-0.033831,0.024356,0.43176,0.46298,0.18018,0.47304,-0.098924,0.29631,-0.086707,-0.14103,-0.30326,-0.45216,-0.51075,-0.10975,0.38666,0.099339,-0.20666,0.29489,0.041846,-0.10084,0.19616,0.56691,0.21607,0.21646,-0.42489,0.059518,0.48329,-0.10867,0.1535,0.45969,0.47066,-0.15674,0.019967,0.56739,-0.42805,0.73922,-0.041485,0.2334,-0.10581,0.27358,0.47782,0.77767,-0.0035586,0.33043,0.24234,0.052281,0.42564,0.77592,-0.030923,-0.14145,-0.43158,0.94563,0.27007,0.61287,-0.17107,0.67536,0.7662,-0.42946,0.296,-0.22677,0.35115,0.022981,0.148,0.69672,0.46829,0.50078,-0.24394,-0.27599,-0.26256,0.46084,-0.014616,0.4535,0.22855,0.68279,-0.02817,-0.16027,0.33611,-0.0046334,0.3999,0.37683,0.12939,0.7189,0.064254,0.18888,0.037643,0.18478,0.070828,0.17249,-0.12174,0.72824,-0.059264,0.55473,0.7361,-0.010088,-0.21841,0.061441,-0.20352,-0.35861,0.050682,0.033226,0.89866,0.64384,0.3424,-0.049154,0.6659,0.75213,-0.36597,-0.27731,-0.095424,0.16379,0.10472,0.31162
0.07298,0.13007,-0.10865,0.28426,0.14259,0.32047,0.35599,0.60152,0.21213,0.1569,0.21186,0.23348,0.27124,0.37675,0.54327,-0.13685,0.18664,0.10443,0.55842,0.095867,1,0.13892,0.31202,0.25341,0.22889,0.15504,0.55606,0.16407,0.29117,0.39199,0.037351,-0.19892,0.030026,0.37444,0.19086,0.35802,0.043363,0.28983,-0.21682,0.22925,0.3644,0.52241,-0.18716,-0.15628,0.20284,0.52525,0.59384,0.33153,0.052994,0.1138,0.49446,0.47809,0.28319,0.48941,0.096014,0.033936,0.45645,0.41939,-0.056621,0.31355,0.37084,0.29756,0.25317,0.19282,0.24928,0.42432,0.29118,0.32602,0.3527,0.10134,0.079845,0.27259,0.47742,0.26697,0.21601,0.33134,0.15963,-0.086489,0.33972,0.22224,0.093162,0.45441,0.036571,0.34062,0.20173,0.27095,-0.11726,0.34369,0.50869,0.38547,0.1785,0.50649,0.052471,0.19366,0.40463,0.28706,0.26237,0.21532,0.073808,0.34809,0.24744,0.37795,0.19261,0.27713,0.25771,0.2438,0.16594,0.25839,0.021313,0.34201,0.2282,0.18681,0.26769,0.19595,0.24556,-0.037318,0.30309,0.3552,0.21631,0.29795,0.41571,0.18368,0.44183,0.25,0.030297,0.083769,0.11691,-0.2831,0.38531,0.2857,-0.07593,-0.090425,0.1826,0.065847,0.41586,-0.010405,0.3549,0.21479,0.47231,0.37666,0.11131,0.11291,0.3012,-0.17178,0.22814,0.32847,0.2451,0.32352,0.34096,0.15878,0.4651,0.30036,0.14127,-0.014476,0.31869,0.15104,0.48787,0.18629,0.20179,0.32128,0.073829,0.31363,0.64072,0.27999,0.33752,0.34889,0.27237,0.48613,0.19125,0.45457,0.27351,0.2273,0.22118,0.37224,0.14229,0.22292,0.39218,0.39411,0.11309,0.0029237,0.28662,0.024207,0.52874,0.3252,0.41052,-0.055307
0.72903,-0.035076,-0.40049,0.707,0.21749,0.84125,0.47089,-0.00037747,0.32089,0.32603,0.12319,0.82865,0.42497,0.3289,0.24068,0.038216,0.75783,0.41646,0.18635,0.84555,0.13892,1,-0.072049,0.048448,0.79035,0.34345,0.050429,-0.075721,0.42978,0.45912,0.25628,0.261,0.64475,0.62687,-0.10091,0.15193,0.3136,0.050888,-0.3734,-0.17851,0.37525,-0.077579,-0.15055,0.53863,-0.002502,0.43823,0.18496,-0.0027032,-0.27335,0.141,0.45718,-0.2203,0.37711,0.16799,0.54956,0.20069,0.15879,0.55254,0.72774,0.1484,0.12924,-0.19417,0.35036,0.48166,-0.21071,0.39815,0.24799,0.72784,0.76513,0.069437,-0.22302,0.012587,0.57604,0.18491,0.10081,0.28589,0.41179,0.33431,0.020094,0.56646,0.053484,0.45777,0.022427,-0.39332,-0.094765,-0.34647,-0.4097,0.18256,0.56916,0.17611,-0.0090404,0.26965,0.032043,0.012328,0.28595,0.67754,0.078005,0.35674,-0.35669,0.25083,0.45644,-0.23379,0.36718,0.46188,0.48954,0.055941,0.26398,0.62622,-0.27744,0.69359,0.056256,0.3978,0.14561,0.18926,0.52745,0.73262,0.17073,0.47819,0.4099,0.14544,0.62815,0.77692,0.088498,-0.068911,-0.23516,0.78873,0.2645,0.38522,-0.16463,0.49289,0.5944,-0.53666,0.31309,-0.15714,0.4849,0.024981,0.10769,0.72677,0.60885,0.62507,-0.29208,-0.15321,-0.20831,0.4309,0.037945,0.55963,0.14713,0.69674,0.026761,-0.014493,0.52004,0.086432,0.37025,0.60722,0.19924,0.73695,0.07398,0.11693,0.27941,-0.043805,0.3262,0.18341,0.061969,0.62705,0.062333,0.45242,0.85647,-0.027602,-0.013828,0.16052,-0.07405,-0.26174,0.24376,0.01035,0.77041,0.8185,0.45251,-0.11967,0.43182,0.70103,-0.18461,0.0084103,-0.016133,0.17523,0.31421,0.57748
0.065391,0.36809,0.054169,0.06187,0.31132,0.24454,-0.048528,0.43321,0.34972,0.36692,0.42413,-0.0066255,0.54953,0.34909,0.27659,0.32836,0.016841,0.12083,0.14517,0.033296,0.31202,-0.072049,1,0.24471,0.13172,0.51877,0.45112,0.65914,0.15424,0.19338,0.44348,0.2486,0.13896,0.13119,0.14102,0.61421,0.29528,0.42656,0.42942,0.28284,0.54635,0.032688,0.1526,0.021192,-0.20699,0.159,0.13649,0.34492,0.15082,-0.26951,0.24553,0.63815,0.21863,0.15078,0.31991,0.11395,0.18119,0.19912,-0.0065903,0.47915,0.13566,0.32583,0.46078,0.3624,0.26153,0.48851,0.38281,0.1548,0.073139,0.028525,0.53893,0.36162,0.23848,0.082572,0.18282,0.21709,0.056222,0.23374,0.083126,-0.13757,0.37787,0.02145,0.19568,0.66926,0.04621,0.10503,0.22407,0.21353,0.4369,0.50247,-0.04158,0.28055,0.51064,0.37195,0.27303,0.060249,0.25704,-0.075242,0.46786,0.69747,0.56991,0.40721,-0.066519,0.39362,0.12455,0.66542,0.16051,0.32689,0.095586,0.073967,0.4912,0.16094,0.39032,0.26749,0.24126,0.18217,0.38654,0.047525,0.075397,0.5608,-0.0684,0.36554,0.34027,0.52229,0.025035,0.027858,0.56116,0.21008,0.58418,0.43942,0.074335,0.19473,0.3375,0.20925,0.15887,0.35259,0.48079,0.078704,0.23225,0.25486,0.52016,0.15014,0.48244,0.031861,0.39256,0.16027,0.31132,0.25636,0.32884,0.31837,0.22774,0.37244,0.46593,-0.2788,-0.19156,-0.050238,0.45805,0.28655,0.49317,0.16019,0.21582,0.86707,0.32995,0.19453,0.47862,0.17557,0.10502,0.30426,0.1484,0.50764,0.50386,0.13106,0.55628,0.17649,-0.046409,-0.35122,0.404,0.50668,0.056245,0.12921,0.16858,-0.08494,0.53269,0.5196,0.32776,-0.22222
0.0040817,0.029615,-0.0099686,0.18834,0.42026,0.057609,0.061574,0.16752,0.49998,0.0055758,-0.066818,0.46388,0.0055752,-0.028585,0.21067,-0.044795,0.010808,0.305,0.056222,-0.0074425,0.25341,0.048448,0.24471,1,0.060522,-0.12313,0.014631,-0.0126,0.19862,0.48887,-0.00097916,-0.11433,0.018083,0.051745,0.031977,0.19683,0.064174,0.052429,-0.025024,-0.028238,0.27005,0.43388,0.023343,0.071933,-0.024421,-0.04558,0.29492,0.14798,0.60925,-0.18193,0.1515,0.36998,0.41083,0.27964,-0.028423,0.070105,0.21652,0.01944,-0.09038,-0.3462,0.20998,-0.046549,0.16833,0.36051,0.22005,0.25428,-0.078616,0.13259,0.14261,-0.12392,0.34495,0.060637,0.23996,-0.1103,0.24647,0.089883,0.1625,-0.031837,0.10104,0.082047,-0.12212,0.07277,-0.20542,0.24421,0.029767,0.10777,0.32606,0.45014,0.34821,0.20587,0.48399,0.19284,0.050888,-0.0068534,0.27336,0.42724,0.43142,0.09723,0.30907,0.19886,-0.2658,0.45036,0.13854,-0.0756,0.15924,-0.078311,0.14687,0.30413,0.25641,0.072551,0.22693,0.15246,-0.02828,-0.062589,0.37856,0.046616,0.56602,0.14767,0.018368,0.23233,0.44597,0.042763,0.32404,-0.026803,0.096514,0.012113,0.20747,-0.096519,0.22343,0.097994,-0.071667,0.27098,0.33649,-0.020256,0.29289,0.30928,0.40516,0.22369,0.33939,0.28825,-0.13028,-0.055757,-0.085986,0.12871,0.06401,0.57562,-0.15948,0.15266,0.30266,-0.11141,0.054412,0.19484,0.21901,-0.1484,0.60447,0.14411,0.38068,-0.099572,-0.078098,-0.076403,0.04541,0.1668,0.13603,0.012481,0.20145,0.10203,-0.0081835,0.20957,0.02656,0.11524,0.10604,0.070883,0.10713,-0.020905,0.078161,0.058201,0.34822,-0.10197,0.025559,0.17043,-0.02328,0.19127,0.25811,0.1183,0.39581,-0.17394
0.61558,0.066304,-0.15053,0.27966,0.28873,0.78604,0.30794,0.015748,0.32874,0.074558,0.11467,0.65167,0.3352,0.55972,0.24954,0.079458,0.49119,0.36322,0.21536,0.70227,0.22889,0.79035,0.13172,0.060522,1,0.32884,0.29545,0.10728,0.32699,0.2296,0.31511,0.21679,0.45736,0.57887,-0.38816,0.22129,0.2171,0.061865,-0.23731,-0.19576,0.29575,0.018586,-0.10476,0.53396,-0.17197,0.29728,0.14353,0.076297,-0.45288,0.21026,0.42363,0.0090457,0.30561,0.040928,0.55014,0.028882,0.1907,0.49287,0.527,0.25497,0.10536,-0.061567,0.30418,0.3323,-0.18568,0.28686,0.25561,0.43111,0.74163,-0.028641,0.048842,0.062759,0.57323,0.1904,0.066096,0.11767,0.46803,0.31218,0.052541,0.15911,0.18725,0.35097,-0.029845,-0.093895,-0.15094,-0.11194,-0.18873,0.045199,0.44245,0.095498,0.029651,0.25922,0.048547,0.15332,0.15917,0.65924,0.15335,0.23236,-0.14115,0.23681,0.47946,-0.12436,0.36927,0.41201,0.30132,0.21586,0.35134,0.41352,-0.25493,0.55618,0.1144,0.28952,0.14042,0.24906,0.38356,0.60348,0.15815,0.29696,0.25623,0.19524,0.49195,0.83634,0.077335,-0.25161,-0.21284,0.65834,0.34236,0.18166,-0.20399,0.5177,0.439,-0.296,0.34303,-0.10989,0.44432,-0.046448,0.2873,0.47138,0.50763,0.57717,-0.21562,-0.042325,-0.07047,0.1326,0.021845,0.3389,0.18513,0.70399,0.19539,-0.12689,0.4669,-0.092981,0.33566,0.42119,0.1246,0.85957,0.055815,0.34028,0.32911,0.14002,0.36108,0.29491,-0.066932,0.53106,0.067178,0.31065,0.65438,0.11213,-0.10177,-0.03084,-0.059899,-0.026279,0.38723,0.17046,0.63382,0.63276,0.4488,-0.01234,0.23839,0.6433,-0.1021,-0.079027,0.080322,0.24699,0.46203,0.41822
0.48443,0.21622,0.17518,0.32903,0.42353,0.47966,0.27065,0.39551,0.33724,0.36175,0.67559,0.19084,0.65287,0.25464,0.31347,0.34581,0.39094,-0.16387,0.13725,0.45557,0.15504,0.34345,0.51877,-0.12313,0.32884,1,0.22341,0.55297,0.18604,0.35136,0.39322,0.34657,0.53114,0.24122,0.32809,0.41545,0.49013,0.42827,0.3736,0.23939,0.25876,-0.074387,-0.092133,0.1425,0.26076,0.18143,-0.10301,0.51621,-0.1665,-0.2641,0.42673,0.36508,0.099372,0.18671,0.5198,-0.093303,0.17094,0.50133,0.37346,0.42513,0.29664,0.30053,0.58108,0.51279,0.22832,0.34557,0.52616,0.4365,0.29319,0.11125,0.31415,0.22098,0.21719,0.19494,0.10726,0.11518,0.35728,0.65793,0.54719,0.097945,0.27575,0.078106,0.046836,0.31677,-0.058953,0.086148,0.043259,-0.15069,0.35306,0.51292,-0.28654,0.30671,0.22213,0.41483,0.22579,0.16796,0.27122,0.1812,-0.033496,0.39603,0.77663,0.04434,-0.15236,0.46885,0.54785,0.39192,0.066477,0.41435,-0.15367,0.40481,0.2677,0.39018,0.22435,-0.0088433,0.39546,0.56418,0.13627,0.13831,0.37852,0.55109,0.13289,0.54414,0.07509,0.46681,-0.08747,0.50416,0.44697,0.35127,0.16811,0.72975,0.23485,-0.02316,-0.1471,0.12376,0.36181,0.31474,0.18795,0.45081,0.30351,0.28645,0.44066,-0.1674,0.38702,0.19592,0.46235,0.15967,0.50398,0.48284,0.2758,0.37893,0.56855,0.027388,0.50901,0.027176,-0.05993,0.17369,0.2752,0.25865,0.38784,0.19879,-0.0044434,0.47722,0.095286,0.28987,0.32662,0.41516,0.24016,0.1255,0.14671,0.45264,0.44914,-0.094875,0.40928,0.16558,0.45758,0.049924,0.33272,0.38166,0.34204,0.41596,0.076998,0.063536,0.55588,0.6811,0.21301,0.090509
