1,-0.11634,0.32217,0.65069,0.56137,0.78131,0.67635,0.13083,0.36295,0.075635,0.55004,0.2337,0.36905,0.24898,-0.017467,-0.35508,0.49648,0.0071419,-0.15195,0.80943,-0.10551,0.51252,0.34708,-0.10847,0.64823,0.45013,-0.18697,-0.45494,-0.31287,-0.088199,0.28178,0.24877,0.58384,0.69375,0.39098,0.027718,0.22243,0.0092361,-0.072391,-0.23193,-0.0045835,0.071135,-0.48163,0.50106,0.4368,0.64611,-0.13959,0.50747,-0.30447,0.14208,0.62843,0.37032,-0.34476,0.25191,0.62681,0.65912,0.19004,0.40587,0.4922,-0.031024,-0.081394,-0.4154,0.14225,-0.2597,-0.24832,0.25069,-0.28747,0.29662,0.55642,0.35804,-0.24408,-0.097517,-0.30235,0.29748,-0.00052425,-0.10957,0.16748,0.55841,-0.033255,-0.33795,0.33116,0.25422,-0.016346,0.32531,0.13368,-0.080617,0.042321,0.0013871,-0.0061084,0.010154,0.13239,0.19418,-0.055178,-0.16646,0.18593,0.23699,0.34784,0.47385,-0.01641,0.087638,0.45056,-0.15687,0.34169,0.4793,0.49854,-0.17968,0.48079,0.58963,0.020933,0.82751,-0.28309,0.21905,0.128,0.29992,0.43528,0.29624,0.10258,0.18591,0.29951,-0.26762,0.57315,0.59725,-0.048607,0.040789,-0.10886,0.85327,0.19652,0.67428,0.31651,0.5343,0.43399,0.25036,0.064608,-0.20306,-0.28074,-0.049739,0.050936,0.25636,0.26302,0.014317,0.097729,0.019561,-0.44635,-0.28693,0.36056,0.53739,-0.024253,0.31475,-0.1582,-0.12182,-0.4203,-0.14493,0.53595,0.63642,0.15231,0.7695,0.069072,-0.37131,0.18169,0.52709,0.051332,0.20172,-0.33143,0.73411,0.26414,0.55255,0.56365,-0.050868,0.26738,0.60217,0.0012962,-0.47929,0.12173,0.2996,0.78202,-0.03452,0.1106,0.45813,0.67272,0.5917,-0.45408,-0.068681,0.13145,0.33221,-0.031366,0.2628
-0.11634,1,0.49725,0.17887,0.49106,0.062365,0.12776,0.47754,0.61357,0.30638,0.47052,0.48304,0.5154,0.23108,0.44338,0.40422,0.098694,0.35931,0.35369,-0.0086116,0.45142,0.08575,0.41177,0.30952,0.25461,0.26528,0.30518,0.22627,0.67772,0.54267,0.47034,0.29258,0.19964,0.12223,0.46165,0.75535,0.4723,0.55209,0.63863,0.59574,0.42953,0.082158,0.36291,-0.09193,-0.052724,0.34191,0.73066,0.46339,0.37276,-0.24018,-0.024593,0.43818,0.4832,0.40531,0.026961,0.30485,0.3654,0.44045,0.20424,0.18735,0.56439,0.61856,0.39098,0.30777,0.52492,0.4799,0.50147,-0.033758,0.54001,0.17278,0.50562,0.47935,0.51962,0.44135,0.49706,0.5932,0.40272,0.072491,0.59961,0.32999,0.39656,0.16182,0.20038,0.55735,0.52384,0.25954,0.56994,0.42057,0.52796,0.47294,0.3122,0.40271,0.71619,0.55777,0.65652,0.56779,0.22734,0.24518,0.13063,0.4549,0.46371,0.63747,0.36445,0.62068,0.5283,0.5539,0.26856,0.49208,0.38473,-0.084215,0.45327,0.53996,0.23531,0.34816,0.59862,-0.043319,0.04784,0.2038,0.1984,0.71649,0.47762,0.15929,0.42704,0.70656,0.41679,-0.10513,0.54009,-0.10887,0.37976,0.50167,0.20036,0.64254,0.39902,0.59587,0.47809,-0.34815,0.44479,0.66064,0.65343,0.70259,0.53845,0.37044,0.46926,0.28935,0.5526,0.60973,0.42223,0.1764,0.70009,0.5985,0.54129,0.11552,0.32791,-0.10832,0.60768,0.1917,0.65484,0.55531,0.61323,0.12525,0.074849,0.49102,0.013753,-0.14173,0.37402,0.3571,0.2951,0.50966,0.39692,0.3489,0.69571,0.48795,0.5666,0.6371,-0.39093,0.13999,0.52338,0.28217,0.0037624,0.22998,0.36862,0.24116,0.58746,0.49559,0.58813,-0.041338
0.32217,0.49725,1,0.2206,0.51841,0.28352,0.31705,0.50511,0.50491,0.56315,0.48807,0.50438,0.65328,0.20152,0.4535,0.22258,0.51155,0.3126,0.24446,0.35634,0.45754,0.39207,0.52998,0.23731,0.38205,0.33878,0.22273,0.14266,0.50021,-0.07673,0.47145,0.32217,0.44251,0.28952,0.45982,0.55856,0.42327,0.58983,0.60653,0.5206,0.17457,0.27527,-0.012487,0.35935,0.4548,0.51508,0.37996,0.39632,0.31638,-0.25958,0.29208,0.43936,0.31022,0.1779,0.30047,0.54259,0.19339,0.50418,0.29666,0.035496,0.43662,0.29181,0.59484,0.049253,0.30151,0.46208,0.4068,0.051558,0.3628,0.067902,0.30286,0.025898,0.39527,0.10654,0.4535,0.26506,0.326,0.15576,0.52708,0.14274,0.53118,0.27681,0.29562,0.33799,0.4926,0.31332,0.4193,0.27079,0.37575,0.13046,0.12503,0.17279,0.73805,0.55564,0.42972,0.66076,0.47022,0.48009,0.076018,0.29556,0.6093,0.49734,0.40049,0.6839,0.61372,0.21143,0.2636,0.5112,0.16764,0.39809,0.44634,0.53783,0.24583,0.38279,0.49044,0.056566,0.38824,0.13284,0.21565,0.43049,0.58381,0.15183,0.26248,0.64057,0.24762,0.25345,0.45677,0.083365,0.64411,0.48005,0.36249,0.59171,0.37357,0.24389,0.31307,-0.096284,0.45595,0.55655,0.53247,0.39032,0.41001,0.33921,0.078732,0.27111,0.4924,0.64127,0.35346,0.02291,0.38056,0.51181,-0.034462,0.32508,0.49799,0.08257,0.61042,0.55164,0.36578,-0.070664,0.36775,0.27016,0.27626,0.56983,-0.20722,0.12073,0.20063,0.4611,0.31503,0.32326,0.39623,0.33842,0.58853,0.32355,0.32963,0.63942,0.11656,0.15685,0.76016,0.2902,0.0085271,0.34051,0.016021,0.27885,0.49445,0.57655,0.51759,0.48861
0.65069,0.17887,0.2206,1,0.57557,0.58577,0.73297,0.36368,0.62337,0.4711,0.65752,0.52413,0.46588,0.34171,0.048111,-0.029644,0.61207,-0.076943,0.016762,0.55971,0.076025,0.54696,0.44456,0.019271,0.58879,0.34663,-0.13092,-0.25412,0.17264,0.3157,0.47659,0.24515,0.60719,0.67268,0.45171,0.27541,0.3703,0.21558,0.26022,0.22297,0.29969,-0.1544,-0.37753,0.49397,0.091018,0.58387,0.29314,0.67814,-0.25014,0.34576,0.63344,0.31231,0.01664,0.16756,0.56526,0.70894,0.1744,0.41786,0.4508,0.19042,0.13029,0.018215,0.36268,0.0025036,0.11177,0.46472,0.078546,0.31264,0.69188,0.39604,-0.0014658,0.082002,-0.020135,0.55808,0.37407,0.40337,0.090584,0.58087,0.15586,-0.042802,0.37729,0.21751,0.07256,0.54993,0.45242,-0.0036096,0.22304,-0.010097,0.17652,0.18596,0.24536,0.39021,0.21964,0.12891,0.5429,0.5015,0.43618,0.48448,-0.18679,0.20449,0.42963,0.21148,0.18981,0.60563,0.50524,0.19012,0.58581,0.80849,0.055726,0.54184,-0.10374,0.5694,0.2028,0.20252,0.69374,0.24595,0.095798,0.13811,0.35622,-0.041491,0.7058,0.44007,0.028412,0.3287,-0.016534,0.62107,0.4347,0.62111,0.35442,0.56473,0.43808,0.31751,0.21084,0.099358,0.081425,-0.21839,0.20233,0.30754,0.6821,0.5127,0.16859,0.1044,0.061884,-0.031792,0.45008,0.7402,0.2082,0.22483,0.16915,0.17552,-0.019476,-0.13892,0.63262,0.5509,0.44235,0.79649,0.58978,0.034149,0.43723,0.54403,-0.12054,0.17989,-0.16696,0.45382,0.24942,0.57056,0.49748,0.16125,0.46656,0.48984,0.2498,-0.062544,0.43806,0.36481,0.5288,-0.12552,0.39617,0.46237,0.71519,0.49871,0.067691,-0.15541,0.19726,0.41929,0.14001,0.23265
0.56137,0.49106,0.51841,0.57557,1,0.57585,0.70793,0.37379,0.78479,0.37619,0.77779,0.6014,0.67838,0.30775,0.16556,0.087363,0.61016,0.091083,0.025884,0.69728,0.25227,0.40959,0.56632,0.3857,0.61028,0.6242,0.026261,-0.087295,0.28185,0.36485,0.51133,0.093485,0.70565,0.51244,0.67487,0.69448,0.35014,0.51187,0.48013,0.24021,0.2527,0.23494,-0.13742,0.65712,0.39723,0.71655,0.25152,0.69585,0.26598,-0.020767,0.47867,0.61799,0.20805,0.47416,0.27389,0.69802,0.23944,0.8096,0.65522,0.11231,0.25024,0.17251,0.42543,0.021461,0.26618,0.37887,0.40503,0.25599,0.77153,0.3159,0.093167,0.22667,0.10483,0.50955,0.35572,0.28175,0.38832,0.59949,0.36357,-0.198,0.65341,0.17504,-0.0091671,0.77879,0.35329,0.23618,0.40313,0.33391,0.14067,0.33102,0.23084,0.47432,0.50129,0.4269,0.64658,0.60423,0.23391,0.54947,0.098687,0.3499,0.67992,0.25949,0.27209,0.73557,0.74107,0.25551,0.41408,0.84424,0.21441,0.4207,0.10395,0.52161,0.49376,0.49008,0.78296,0.27253,0.16722,0.074133,0.31947,0.30968,0.69974,0.44225,0.22411,0.55928,0.19126,0.71163,0.36943,0.55254,0.45481,0.69812,0.26901,0.61996,0.17248,0.20629,0.15513,-0.029436,0.46282,0.75886,0.63169,0.42993,0.38798,0.34524,0.26367,-0.038032,0.69475,0.80696,0.071199,0.37461,0.22797,0.39067,0.1534,0.041655,0.62105,0.63139,0.54974,0.71065,0.50633,0.19826,0.71775,0.67755,-0.004487,0.5443,-0.068372,0.43648,0.31675,0.72974,0.51793,0.15562,0.47044,0.73883,0.43438,-0.0021822,0.58946,0.74275,0.2741,0.096646,0.39916,0.51527,0.63446,0.60209,0.10901,0.15679,0.37176,0.578,0.29924,0.2137
0.78131,0.062365,0.28352,0.58577,0.57585,1,0.68056,0.37656,0.38617,0.11547,0.61697,0.26525,0.40133,0.46734,0.092887,-0.20756,0.54999,0.17083,0.032768,0.66034,0.10429,0.597,0.4151,0.09627,0.78809,0.38341,-0.011796,-0.20996,-0.077452,0.04486,0.46986,0.35147,0.47435,0.88687,0.60442,0.31203,0.29397,0.14192,-0.068746,-0.030997,0.26595,0.061756,-0.020582,0.40998,0.34959,0.81386,0.12693,0.6583,-0.1341,0.03563,0.58008,0.47803,-0.17575,0.10651,0.56787,0.63184,0.31924,0.47536,0.67624,0.21993,0.17401,-0.099287,0.21256,0.14482,-0.23472,0.42313,-0.059561,0.23669,0.56722,0.24136,-0.037537,0.033134,-0.11447,0.49686,0.041894,0.072457,0.20105,0.54971,0.17418,-0.0483,0.27638,0.261,0.086085,0.60523,0.24473,0.085489,0.295,0.2155,0.16533,0.29031,0.16688,0.41394,0.11684,-0.0092433,0.086556,0.294,0.17972,0.40999,0.12393,0.27302,0.57913,0.20337,0.32747,0.56196,0.57698,-0.019744,0.61493,0.61926,0.27602,0.83406,-0.23186,0.15232,0.31887,0.46887,0.45574,0.26722,-0.073654,0.55199,0.5674,0.0064922,0.70555,0.77073,0.078833,0.19956,0.095344,0.65559,0.2082,0.52609,0.27453,0.63346,0.49808,0.34371,0.35542,0.022373,-0.1446,-0.10119,0.30756,0.37987,0.29519,0.18665,0.15172,0.14697,-0.25419,-0.40709,0.40256,0.4544,0.054417,0.49013,0.039253,0.066499,-0.16221,-0.015241,0.57682,0.64861,0.2632,0.70708,0.14706,-0.038858,0.2093,0.5024,-0.076293,0.26281,-0.078699,0.82028,0.30099,0.57883,0.79543,0.075175,0.32612,0.63226,0.25682,-0.33396,0.18657,0.47408,0.52159,0.20429,0.21104,0.58328,0.73826,0.83789,-0.1147,-0.028824,0.10009,0.36748,-0.026619,0.20369
0.67635,0.12776,0.31705,0.73297,0.70793,0.68056,1,0.18367,0.48647,0.36949,0.55358,0.43777,0.38192,0.35553,-0.14711,-0.38916,0.6294,0.049316,-0.16614,0.79076,-0.035206,0.53257,0.42171,0.002376,0.60852,0.46445,-0.32919,-0.10685,0.0081108,-0.008003,0.50185,0.40362,0.70603,0.74818,0.39169,0.34432,0.23911,0.2067,0.086877,0.066873,0.091611,0.2396,-0.24717,0.75927,0.44818,0.64138,0.15169,0.6443,-0.19279,0.31025,0.65905,0.40177,0.025943,0.31582,0.65832,0.82365,0.12035,0.65153,0.65756,0.23678,0.052073,-0.12149,0.27612,-0.15252,-0.021902,0.27219,0.086115,0.35553,0.64553,0.50502,-0.24432,-0.095572,-0.17254,0.49877,0.14282,0.11493,0.16537,0.81431,0.068765,-0.13421,0.38139,0.19035,-0.21432,0.65569,0.1876,0.23195,0.13908,0.4185,-0.10073,0.076322,-0.10612,0.57784,0.14223,0.2474,0.39246,0.39708,0.088335,0.48409,-0.0083883,0.11519,0.34863,0.093598,0.23788,0.526,0.50596,-0.047771,0.43394,0.6983,0.1166,0.62951,-0.33028,0.29642,0.39427,0.41411,0.49106,0.29503,0.12411,0.039273,0.25621,-0.00018941,0.64751,0.49182,-0.098214,0.20687,-0.12771,0.74048,0.51619,0.66828,0.23641,0.59075,0.47851,0.19568,0.30206,-0.077323,-0.085593,-0.13957,0.30586,0.30667,0.47146,0.31574,0.15793,0.056901,-0.092563,-0.16469,0.40728,0.64873,0.028978,0.4602,-0.017066,0.04889,-0.23445,0.097165,0.72722,0.72533,0.2525,0.85642,0.32053,-0.11914,0.38194,0.79781,0.12992,0.21459,0.054766,0.61092,0.076916,0.54974,0.52374,-0.11509,0.38389,0.4657,0.27078,-0.18195,0.38524,0.39029,0.59305,-0.11121,0.33747,0.54675,0.79268,0.65279,-0.11801,0.025504,-0.0047183,0.36611,0.031657,0.29187
0.13083,0.47754,0.50511,0.36368,0.37379,0.37656,0.18367,1,0.58251,0.50817,0.62188,0.53981,0.53923,0.49757,0.49373,0.41067,0.2727,0.35996,0.54619,0.0094643,0.66814,0.43578,0.49534,0.58711,0.28224,0.31439,0.49053,0.15624,0.50221,0.43991,0.45685,0.15466,0.10314,0.35709,0.60026,0.67534,0.62204,0.45715,0.26263,0.63185,0.57491,0.22454,0.2336,-0.038585,0.31438,0.4759,0.54807,0.71095,0.44352,-0.18924,-0.04689,0.45507,0.48504,-0.033064,0.28173,0.50749,0.45108,0.30689,0.15787,0.37574,0.6749,0.64756,0.6127,0.60268,0.56852,0.50763,0.33762,-0.052323,0.51381,0.13184,0.52213,0.54368,0.64862,0.47668,0.62235,0.63712,0.31633,0.08217,0.51434,0.2095,0.47951,0.37742,0.32427,0.52333,0.62865,0.3986,0.44374,0.30305,0.58464,0.57917,0.40684,0.43817,0.65455,0.48132,0.43036,0.70597,0.49924,0.56094,0.12521,0.63134,0.62758,0.71158,0.32702,0.73731,0.44019,0.14503,0.60948,0.53512,0.23882,0.31493,0.42772,0.58212,0.10533,0.097353,0.52181,-0.022758,0.070042,0.58789,0.68818,0.52335,0.63888,0.16438,0.64532,0.60091,0.58349,-0.041401,0.29418,0.022988,0.78818,0.63585,0.42047,0.70836,0.46503,0.66656,0.48201,-0.17147,0.37539,0.44993,0.58513,0.60128,0.44178,0.33112,0.37689,0.41185,0.58115,0.50851,0.55589,0.28578,0.45091,0.62389,0.38587,0.18558,0.63404,0.10054,0.59359,0.35347,0.48553,0.1687,0.25361,0.2459,-0.048485,0.51623,-0.047735,0.0072107,0.66436,0.31275,0.24354,0.6264,0.56782,0.5447,0.48284,0.5628,0.29467,0.58498,-0.11021,0.34963,0.54849,0.54425,0.15355,0.21948,0.6514,-0.11357,0.66766,0.64407,0.34716,-0.0071143
0.36295,0.61357,0.50491,0.62337,0.78479,0.38617,0.48647,0.58251,1,0.43067,0.67583,0.67221,0.77646,0.33181,0.2969,0.32089,0.45435,0.13262,0.15251,0.35285,0.41249,0.31217,0.65303,0.24522,0.49023,0.44652,0.11496,0.023268,0.49704,0.45211,0.5699,0.12368,0.56661,0.39035,0.53184,0.68924,0.4089,0.4469,0.58573,0.51226,0.41279,-0.084053,-0.11418,0.37758,0.050844,0.56379,0.48154,0.7602,0.26652,-0.12123,0.27433,0.38749,0.2484,0.10509,0.23213,0.63256,0.19454,0.63362,0.4585,0.21416,0.37232,0.32734,0.57578,0.32415,0.49758,0.54256,0.37583,0.099587,0.81742,0.36699,0.34705,0.36162,0.22143,0.608,0.56432,0.49911,0.37546,0.39159,0.40081,-0.22113,0.6173,0.35214,0.2413,0.67661,0.56955,0.15641,0.43293,0.3281,0.37559,0.50408,0.37177,0.41725,0.6671,0.43135,0.83433,0.81417,0.47443,0.36867,-0.10438,0.33257,0.54046,0.51346,0.25106,0.79202,0.59824,0.39701,0.57008,0.82266,0.31859,0.2459,0.33954,0.68814,0.33003,0.28745,0.8888,0.15755,0.20222,0.25137,0.36192,0.37577,0.73819,0.23847,0.26667,0.72305,0.36184,0.4582,0.29304,0.41072,0.51728,0.6549,0.33859,0.67167,0.27729,0.3834,0.25584,-0.050982,0.38591,0.71516,0.87278,0.67149,0.33042,0.42641,0.45078,0.28906,0.71351,0.84985,0.35419,0.23703,0.50605,0.42775,0.28769,0.1031,0.59503,0.38991,0.69362,0.61235,0.70487,0.18707,0.70046,0.47359,0.15471,0.5013,-0.022353,0.17617,0.43291,0.55762,0.39361,0.39419,0.4771,0.6598,0.51566,0.24754,0.62002,0.64675,0.077197,0.14277,0.51058,0.55916,0.50797,0.30203,0.31356,-0.043383,0.57353,0.73241,0.28545,0.1856
0.075635,0.30638,0.56315,0.4711,0.37619,0.11547,0.36949,0.50817,0.43067,1,0.40888,0.64959,0.46837,0.10148,0.20064,0.26266,0.43089,0.057456,0.26662,0.19318,0.49001,0.43793,0.49569,0.30357,0.17499,0.14006,0.171,-0.076209,0.403,0.19542,0.39832,0.17412,0.26899,0.14695,0.28035,0.43707,0.52139,0.61201,0.61708,0.49872,0.3688,0.14185,-0.088351,0.47542,0.22813,0.19468,0.47255,0.37921,0.024599,-0.080726,0.26248,0.30782,0.6551,0.08291,0.33582,0.45408,0.16939,0.22707,0.19826,0.088524,0.283,0.36897,0.80832,0.20673,0.50856,0.39696,0.4455,0.2857,0.37139,-0.0052512,0.31581,0.12384,0.6301,0.33165,0.54403,0.44932,-0.10358,0.094168,0.31792,0.25237,0.48494,0.11892,-0.021594,0.41637,0.52176,0.39584,0.14008,0.063059,0.3212,0.14717,0.040257,0.22214,0.60771,0.62144,0.39705,0.47202,0.41563,0.33226,-0.15475,0.13696,0.35022,0.53264,-0.086157,0.46926,0.33643,0.25707,0.058207,0.5289,-0.14472,0.18248,0.3277,0.55241,0.30626,0.30444,0.517,0.26151,0.22608,-0.061628,0.22681,0.2638,0.50001,-0.049251,0.16659,0.56586,0.071208,0.081211,0.38348,-0.055799,0.48801,0.28296,0.35353,0.27276,0.29523,0.27266,0.5594,0.049967,0.32549,0.31433,0.52872,0.57283,0.24429,0.082325,0.17566,0.53173,0.29996,0.50857,0.23188,-0.021393,0.23541,0.68358,0.14569,0.28845,0.42567,0.18561,0.378,0.4707,0.53963,-0.030118,0.37609,0.2325,0.13695,0.34117,-0.25335,0.019098,0.10784,0.36845,0.10434,0.26043,0.56022,0.08845,0.56431,0.44693,0.36665,0.34905,0.13381,0.24274,0.70957,0.26723,0.089409,0.19297,0.3845,-0.0045697,0.26565,0.47988,0.30167,0.1444
0.55004,0.47052,0.48807,0.65752,0.77779,0.61697,0.55358,0.62188,0.67583,0.40888,1,0.46452,0.75426,0.62312,0.48563,0.28413,0.61954,0.15529,0.35276,0.49232,0.31561,0.39911,0.48092,0.53185,0.57026,0.44691,0.34737,-0.083213,0.31962,0.49176,0.5996,0.23961,0.6143,0.59469,0.74214,0.62332,0.64081,0.57975,0.3591,0.4205,0.59098,0.18022,-0.060638,0.34275,0.27677,0.66809,0.48321,0.80077,0.33099,0.10259,0.39766,0.57998,0.36976,0.45937,0.42574,0.6202,0.5523,0.51703,0.44234,0.28766,0.46838,0.40388,0.54127,0.21431,0.35352,0.58724,0.38475,0.16925,0.71598,0.19235,0.30787,0.49968,0.39178,0.54441,0.51008,0.55145,0.38409,0.28549,0.39047,0.02073,0.6678,0.10098,0.18939,0.67605,0.60383,0.28565,0.64504,0.15951,0.49592,0.59754,0.61935,0.56151,0.50692,0.4812,0.6029,0.58908,0.51786,0.74085,0.10825,0.61584,0.82743,0.38946,0.4271,0.7871,0.72807,0.34806,0.66147,0.77491,0.18755,0.51602,0.28091,0.60496,0.44887,0.38167,0.7835,0.12585,0.1448,0.20275,0.50636,0.42609,0.70595,0.53164,0.42367,0.66079,0.4924,0.47447,0.36349,0.36261,0.70788,0.75535,0.42683,0.7315,0.35836,0.48968,0.45874,0.031665,0.4274,0.59156,0.67218,0.50944,0.56883,0.29377,0.2699,-0.00036909,0.84914,0.72769,0.29428,0.45032,0.42713,0.60092,0.2517,0.16714,0.63066,0.39819,0.59432,0.60835,0.60237,0.30345,0.67707,0.408,-0.26548,0.51978,-0.28584,0.30676,0.64152,0.6621,0.57172,0.49181,0.59923,0.82192,0.56502,0.18913,0.65618,0.57964,0.2245,0.21031,0.52264,0.53464,0.44891,0.50924,0.32655,0.046801,0.55967,0.63781,0.42308,0.069312
0.2337,0.48304,0.50438,0.52413,0.6014,0.26525,0.43777,0.53981,0.67221,0.64959,0.46452,1,0.45659,0.043868,0.30498,0.341,0.25923,0.20321,0.23035,0.18482,0.36903,0.51765,0.7746,0.21073,0.40703,0.27502,0.18302,-0.0031606,0.52354,0.39892,0.51662,0.24903,0.2993,0.32889,0.47228,0.62512,0.60306,0.47368,0.64538,0.47249,0.34177,0.080734,-0.081027,0.46262,0.13222,0.38526,0.43293,0.54668,0.12073,0.092615,0.18633,0.4637,0.3619,0.12054,0.21404,0.66926,0.17629,0.37413,0.27594,0.23372,0.37029,0.31842,0.5664,0.26809,0.63783,0.44668,0.41127,0.45446,0.62873,0.44339,0.44873,0.17647,0.36914,0.34274,0.66601,0.40573,0.20754,0.36306,0.44246,0.07881,0.53806,0.49817,0.18928,0.5589,0.57503,0.23203,0.23876,0.21721,0.3188,0.18573,0.052597,0.43256,0.57283,0.53527,0.70547,0.59103,0.38132,0.47702,0.18353,0.11534,0.41689,0.39779,0.11223,0.7069,0.41581,0.16354,0.17663,0.78355,-0.047276,0.22589,0.46312,0.68335,0.17848,0.33342,0.76733,0.44722,0.15669,0.22921,0.41758,0.29731,0.60805,0.21695,0.36162,0.49084,0.18352,0.20848,0.2507,0.30653,0.42902,0.37129,0.32472,0.50961,0.23301,0.39331,0.4089,-0.28814,0.35399,0.41487,0.63331,0.65743,0.46606,0.35442,0.34121,0.43226,0.3962,0.76176,0.28177,-0.039328,0.33762,0.52538,0.18595,0.0054864,0.54957,0.24357,0.49847,0.63301,0.65688,0.015619,0.54643,0.3883,0.26607,0.53823,-0.10693,0.18274,0.22868,0.34542,0.28785,0.38595,0.6351,0.33027,0.50745,0.38711,0.47578,0.45704,0.063774,0.31818,0.52569,0.42026,0.33513,0.27449,0.33153,0.26525,0.51884,0.55401,0.44414,0.1884
0.36905,0.5154,0.65328,0.46588,0.67838,0.40133,0.38192,0.53923,0.77646,0.46837,0.75426,0.45659,1,0.34592,0.36462,0.29755,0.57651,0.22309,0.11538,0.30211,0.31808,0.33067,0.43371,0.29477,0.41098,0.22784,0.1321,-0.01511,0.39398,0.18447,0.69745,0.13776,0.66164,0.34781,0.46486,0.62074,0.34455,0.67027,0.52734,0.44834,0.47263,-0.0022757,-0.13226,0.35064,0.16413,0.48728,0.45302,0.59786,0.37498,-0.3148,0.36289,0.27399,0.24713,0.1068,0.23354,0.43998,0.41274,0.45565,0.35193,0.088198,0.36663,0.26599,0.57399,0.18411,0.33914,0.5714,0.33104,0.19466,0.56412,0.091496,0.21573,0.30888,0.41521,0.4043,0.30407,0.52502,0.1925,0.048088,0.19609,-0.10337,0.63228,0.14378,0.23845,0.50892,0.46476,0.15316,0.58176,0.23358,0.45737,0.53754,0.49725,0.27816,0.62232,0.46638,0.65561,0.65733,0.51766,0.42526,-0.048048,0.26155,0.52913,0.42773,0.12001,0.76165,0.77539,0.42473,0.41231,0.72115,0.10199,0.37973,0.3724,0.44233,0.42073,0.22273,0.78433,0.17156,0.36829,0.27408,0.18408,0.58132,0.53638,0.28944,0.12344,0.82118,0.36405,0.36542,0.34739,0.11897,0.54238,0.51557,0.25631,0.6253,0.46585,0.28214,0.34662,0.12438,0.47388,0.74447,0.66628,0.44547,0.3967,0.14551,0.2557,0.087354,0.64369,0.68691,0.29465,0.306,0.49742,0.54239,0.060445,0.38509,0.36726,0.28601,0.65135,0.52152,0.48259,0.11448,0.57362,0.24185,0.025734,0.33402,-0.33987,0.12657,0.36994,0.67049,0.43512,0.34614,0.46182,0.63768,0.72616,0.15312,0.58121,0.57316,0.19534,0.21967,0.59709,0.55638,0.25259,0.30775,0.2473,0.20758,0.56889,0.57112,0.25346,0.17879
0.24898,0.23108,0.20152,0.34171,0.30775,0.46734,0.35553,0.49757,0.33181,0.10148,0.62312,0.043868,0.34592,1,0.56692,0.24407,0.37862,0.0173,0.6105,0.21547,0.17024,-0.066781,0.30796,0.26482,0.32672,0.16814,0.51549,0.28396,0.25672,0.24297,0.52465,0.4257,0.17473,0.49207,0.52649,0.41889,0.36688,0.28637,-0.11127,0.44067,0.3902,0.084562,0.40539,0.066982,0.14008,0.4297,0.54033,0.66126,0.15381,0.22759,0.18482,0.39231,0.333,0.13549,0.36183,0.32593,0.30514,0.41023,0.1589,0.48664,0.51395,0.455,0.32771,0.3783,0.24378,0.65849,0.21953,-0.26228,0.31149,0.094683,0.30569,0.37517,0.21819,0.586,0.41979,0.49138,0.39924,0.28173,0.34323,0.090381,0.37171,0.0069593,0.29693,0.3911,0.44339,0.35654,0.52448,0.32993,0.47812,0.46621,0.63392,0.69774,0.37628,0.40775,0.28245,0.29933,0.18457,0.49539,0.26863,0.63473,0.52383,0.35123,0.64129,0.46341,0.20066,0.12672,0.74371,0.23763,0.36847,0.29847,0.029643,0.3197,0.18229,0.092261,0.26037,-0.24692,0.079282,0.25157,0.50738,0.38617,0.47767,0.3031,0.44867,0.35117,0.58707,0.17787,0.14654,0.30243,0.59284,0.57149,0.28043,0.44515,0.52478,0.47015,0.33606,0.17186,0.51691,0.055902,0.43847,0.36132,0.5698,0.42785,0.32661,-0.060696,0.70332,0.3171,0.2911,0.33122,0.51031,0.29795,0.21095,0.36002,0.55121,0.03625,0.39314,0.26832,0.44492,0.3871,0.33817,0.32025,-0.1823,0.42418,0.22317,0.17138,0.54957,0.015454,0.32521,0.62079,0.22529,0.4469,0.34802,0.24219,0.45095,0.25309,-0.066177,0.23785,0.32009,0.3133,0.25693,0.25753,0.37008,-0.21134,0.42697,0.35673,0.13825,0.16233
-0.017467,0.44338,0.4535,0.048111,0.16556,0.092887,-0.14711,0.49373,0.2969,0.20064,0.48563,0.30498,0.36462,0.56692,1,0.75537,0.16721,0.18277,0.87734,-0.18897,0.45441,-0.18916,0.56019,0.33624,0.081646,-0.00081224,0.88865,0.34547,0.5531,0.37732,0.42322,0.27974,0.040119,0.066091,0.41746,0.48169,0.59653,0.51407,0.40941,0.59167,0.62252,-0.019223,0.48612,-0.18654,-0.15283,0.21675,0.68613,0.36016,0.38937,0.029107,-0.17509,0.38507,0.48873,0.12584,0.054001,0.14655,0.32831,0.098533,-0.16545,0.26848,0.75913,0.5726,0.46044,0.45106,0.51131,0.70014,0.46474,-0.0085116,0.19911,0.0072602,0.79017,0.47783,0.53102,0.2644,0.69056,0.53369,0.56553,-0.18109,0.60572,0.33443,0.57952,0.07163,0.59524,0.17815,0.78584,0.39376,0.71125,0.029851,0.81824,0.50431,0.69703,0.42942,0.66593,0.53042,0.31954,0.28413,0.35615,0.38092,0.23232,0.46055,0.54589,0.46633,0.54971,0.46596,0.20023,0.43643,0.43841,0.17465,0.33032,-0.0025895,0.68218,0.48391,0.18717,0.27979,0.37598,0.018538,0.12253,0.14217,0.40557,0.40516,0.35209,0.067647,0.72287,0.61511,0.71084,-0.23007,0.0020009,-0.077503,0.6247,0.28554,0.1788,0.64134,0.41058,0.71635,0.58727,0.039583,0.35318,0.16235,0.47266,0.5107,0.66044,0.5761,0.41169,0.27982,0.55634,0.31316,0.37221,-0.14061,0.7642,0.62954,0.39904,0.24047,0.25206,-0.48808,0.53947,0.0068361,0.52054,0.3782,0.4651,-0.21216,-0.094078,0.65652,-0.11845,-0.19916,0.59854,-0.064162,0.14791,0.91495,0.39762,0.30961,0.5008,0.50777,0.48844,0.21549,-0.42119,0.32888,0.46233,0.045166,-0.15819,0.032848,0.41603,0.045699,0.72774,0.52445,0.69069,0.11013
-0.35508,0.40422,0.22258,-0.029644,0.087363,-0.20756,-0.38916,0.41067,0.32089,0.26266,0.28413,0.341,0.29755,0.24407,0.75537,1,0.1152,0.11953,0.65239,-0.39504,0.46532,-0.23216,0.34182,0.47251,-0.14784,-0.10275,0.80178,0.32755,0.65701,0.46668,0.31005,-0.016529,-0.17264,-0.19881,0.27201,0.45572,0.40401,0.45083,0.61163,0.5469,0.53763,-0.1618,0.42412,-0.15688,-0.3606,-0.0061568,0.54433,0.14458,0.50796,-0.0084362,-0.27419,0.18532,0.51778,-0.08713,-0.34506,-0.12541,0.015401,0.0068721,-0.24015,0.16962,0.49971,0.62699,0.45129,0.61254,0.62321,0.45443,0.61687,-0.10932,0.026347,-0.092546,0.84209,0.37334,0.5823,0.1582,0.64576,0.49609,0.29401,-0.37245,0.56464,0.20044,0.34255,0.1691,0.64686,0.1025,0.63997,0.25094,0.56235,-0.20798,0.67853,0.45011,0.50262,0.1938,0.65808,0.47025,0.35264,0.28236,0.37947,0.19967,0.042916,0.34024,0.35765,0.54158,0.16655,0.26489,0.044293,0.44094,0.1609,0.13944,0.15532,-0.30203,0.75399,0.55954,0.040875,0.086865,0.36086,-0.091384,0.24541,0.046022,0.24057,0.42148,0.11066,-0.26677,0.6369,0.54616,0.6124,-0.36668,-0.16606,-0.22369,0.40716,-0.032158,-0.13176,0.4037,0.15994,0.70858,0.66658,0.14371,0.38409,0.18886,0.4223,0.49815,0.50463,0.64776,0.61575,0.31405,0.39094,0.17794,0.32573,-0.20722,0.64585,0.65784,0.55601,0.12984,0.010533,-0.39899,0.45452,-0.21235,0.50907,0.47676,0.42639,-0.27942,-0.30296,0.46406,-0.083256,-0.4775,0.35479,-0.14453,-0.10896,0.73935,0.25486,0.085064,0.37893,0.68294,0.37596,0.16553,-0.55852,0.40027,0.39335,-0.030708,-0.28835,-0.2522,0.62599,-0.032377,0.62267,0.3227,0.51539,0.11477
0.49648,0.098694,0.51155,0.61207,0.61016,0.54999,0.6294,0.2727,0.45435,0.43089,0.61954,0.25923,0.57651,0.37862,0.16721,0.1152,1,0.060223,0.0014165,0.58531,0.15419,0.46856,0.30672,0.33054,0.44718,0.46259,-0.014538,0.086259,0.29581,-0.052425,0.58359,0.16971,0.72423,0.53959,0.37474,0.39879,0.12814,0.4023,0.36165,0.22026,0.24527,0.060635,-0.11165,0.63612,0.30965,0.62019,0.24297,0.40848,0.21195,0.12583,0.6146,0.35069,0.097903,0.095874,0.33444,0.50207,-0.072409,0.62806,0.5547,0.02322,0.13822,0.066099,0.36978,-0.012445,-0.10696,0.3058,0.43718,0.12968,0.32821,0.10191,-0.021999,-0.21376,0.046733,0.26489,0.21465,0.29798,0.18877,0.45942,0.32259,-0.10008,0.39759,0.022432,0.19549,0.41894,0.36192,0.14661,0.41593,0.089381,0.087706,0.13889,0.12873,0.35533,0.45701,0.31536,0.2754,0.41965,0.33004,0.50607,-0.22864,0.22085,0.53212,0.34662,0.18824,0.48391,0.6551,0.17024,0.51177,0.59047,0.10187,0.55548,-0.028994,0.43704,0.33753,0.32597,0.46713,0.023061,0.28198,-0.039608,0.086511,0.081809,0.50337,0.23859,0.043772,0.4818,0.011038,0.60182,0.42108,0.41275,0.3661,0.38137,0.22623,0.29989,0.24669,-0.0089294,0.09509,0.0070463,0.46444,0.45087,0.52315,0.2761,0.1135,0.2452,0.091377,-0.27226,0.45875,0.53428,0.19134,0.30237,0.11241,0.26428,-0.035205,0.12958,0.48571,0.53416,0.51462,0.60215,0.3147,0.09583,0.2989,0.56899,-0.22679,0.1674,-0.12913,0.2763,0.031454,0.63209,0.47142,0.031507,0.22787,0.36908,0.30216,0.023207,0.32968,0.47879,0.44236,-0.18284,0.61894,0.40813,0.50341,0.55095,0.04691,-0.076325,0.13553,0.34857,0.20814,0.58291
0.0071419,0.35931,0.3126,-0.076943,0.091083,0.17083,0.049316,0.35996,0.13262,0.057456,0.15529,0.20321,0.22309,0.0173,0.18277,0.11953,0.060223,1,0.055046,0.023093,0.32972,0.33005,0.051013,0.35505,-0.027511,0.08241,0.11265,-0.14925,0.12096,-0.10519,0.2965,0.35208,-0.061439,0.18436,-0.0076606,0.35486,0.34696,-0.031305,0.1734,-0.067302,0.31933,0.039851,0.25008,-0.041105,0.16033,0.31823,0.33532,0.2255,0.38992,-0.029856,0.05946,0.3413,0.072423,0.1895,0.21751,0.3414,0.10013,0.12743,-0.16445,0.026235,0.24797,-0.0076842,0.047073,0.28093,0.1251,0.059181,-0.064499,-0.077756,0.2772,0.47449,0.20179,0.18872,0.28328,0.12513,0.0879,0.15149,-0.051346,-0.077269,0.41075,0.05519,0.0084849,0.50872,-0.09159,0.21945,0.33138,0.28304,0.20713,0.2596,0.35296,0.4137,-0.07844,0.29778,0.25599,-0.0055092,0.077732,0.23762,0.31134,0.17125,-0.23674,0.36273,0.2216,0.38563,0.25458,0.17916,0.1458,-0.14395,0.23021,0.25327,0.099712,0.16463,0.28456,0.20037,-0.10891,0.20446,0.16703,-0.18086,0.33444,0.4118,0.0080181,0.31506,0.17197,0.072375,0.40911,0.24157,0.38623,-0.17706,0.30648,-0.095841,0.30474,0.059395,0.16422,0.11348,0.37418,0.29586,0.0091822,-0.47709,0.24387,0.1498,0.18775,0.42786,0.25581,0.059442,-0.15291,-0.013607,0.24332,0.20241,0.28196,0.59009,0.18698,0.13922,-0.0018496,-0.18798,0.34637,0.030296,0.087117,-0.0059643,-0.010796,-0.033479,-0.021629,0.048335,-0.081601,0.20054,0.011617,-0.11025,0.38904,0.14062,0.16969,0.12927,0.042459,0.25094,0.28788,0.24618,-0.21608,0.25636,0.13791,0.13904,0.14531,0.34413,-0.1257,-0.0095399,0.14873,-0.081588,0.44363,0.22623,0.14208,0.11708
-0.15195,0.35369,0.24446,0.016762,0.025884,0.032768,-0.16614,0.54619,0.15251,0.26662,0.35276,0.23035,0.11538,0.6105,0.87734,0.65239,0.0014165,0.055046,1,-0.24616,0.56228,-0.27785,0.51971,0.36788,-0.057346,0.0028123,0.92144,0.35331,0.42958,0.48072,0.25596,0.20873,-0.19087,-0.0093441,0.39011,0.42074,0.55934,0.47209,0.20514,0.55525,0.59741,0.12301,0.63942,-0.28364,-0.068089,0.11856,0.67379,0.35549,0.22298,0.0098684,-0.30811,0.35579,0.62173,0.10664,0.11797,0.096798,0.31225,0.047836,-0.2445,0.35656,0.79029,0.64857,0.47606,0.50757,0.5582,0.62422,0.40114,-0.03773,0.13355,-0.068617,0.73986,0.55348,0.59522,0.41819,0.65564,0.53439,0.53602,-0.12781,0.54222,0.48394,0.53696,-0.016393,0.43503,0.20406,0.70932,0.54211,0.52911,0.055509,0.75919,0.46101,0.60307,0.46272,0.58715,0.5181,0.14227,0.16992,0.13355,0.29021,0.25516,0.4774,0.42509,0.49632,0.49435,0.33937,0.00072555,0.3554,0.387,0.019413,0.35925,-0.12138,0.46237,0.36811,0.14885,0.2163,0.17052,0.036283,-0.030918,0.13534,0.52668,0.33043,0.32058,-0.083188,0.78709,0.47114,0.61862,-0.37214,0.035901,-0.16453,0.59409,0.32478,0.20655,0.53213,0.40015,0.76098,0.5748,0.04284,0.26444,0.017273,0.35253,0.50673,0.58364,0.51038,0.3924,0.39025,0.40946,0.15505,0.28061,-0.15649,0.65663,0.6219,0.49807,0.23123,0.29573,-0.52369,0.37782,-0.11005,0.4421,0.39735,0.31113,-0.17825,-0.13007,0.64422,0.0040441,-0.22687,0.6137,-0.23787,-0.039032,0.92122,0.45251,0.1901,0.35002,0.54848,0.39633,0.17019,-0.52681,0.31494,0.34046,-0.0047239,-0.12724,0.0077565,0.53962,-0.15678,0.60429,0.44305,0.58784,-0.1005
0.80943,-0.0086116,0.35634,0.55971,0.69728,0.66034,0.79076,0.0094643,0.35285,0.19318,0.49232,0.18482,0.30211,0.21547,-0.18897,-0.39504,0.58531,0.023093,-0.24616,1,0.02532,0.40544,0.24505,0.05182,0.59726,0.54674,-0.28795,-0.3952,-0.25252,-0.093763,0.16796,0.22191,0.5728,0.65198,0.44989,0.13453,0.10318,0.10269,0.075425,-0.22276,-0.14558,0.25109,-0.37099,0.74027,0.56593,0.72604,-0.15893,0.46931,-0.22781,0.20168,0.77229,0.39521,-0.18385,0.48351,0.59707,0.68468,-0.03505,0.67934,0.55577,0.049182,-0.14688,-0.33207,0.1704,-0.35196,-0.20371,0.12313,-0.066058,0.13083,0.51378,0.29142,-0.35252,-0.16022,-0.32752,0.34844,-0.047183,-0.23895,0.13732,0.68081,0.10738,-0.23867,0.2971,0.1596,-0.22881,0.48691,0.047833,0.12499,0.017794,0.052542,-0.16986,-0.046334,-0.091362,0.20252,0.038208,-0.012165,0.1803,0.31642,0.10936,0.38106,-0.099479,0.20085,0.48836,-0.057088,0.35179,0.34088,0.43128,-0.08875,0.31993,0.56041,0.13474,0.59995,-0.37504,0.22393,0.31834,0.44514,0.34133,0.1586,0.28475,-0.067896,0.1913,-0.1553,0.56075,0.43672,-0.1055,0.056978,-0.17461,0.88195,0.3677,0.68257,0.25593,0.57571,0.37846,0.14788,-0.0031127,-0.21341,-0.27964,0.0089534,0.19913,0.3283,0.2533,0.064301,0.09918,0.13099,-0.34564,-0.34915,0.39092,0.54623,-0.25538,0.40376,-0.21999,-0.078767,-0.32101,-0.098673,0.61716,0.74616,0.08377,0.72597,0.047932,-0.16686,0.31615,0.69088,-0.084654,0.33199,-0.0782,0.69053,0.081916,0.55044,0.4561,-0.22715,0.21602,0.5219,-0.0032971,-0.39572,0.17982,0.48345,0.69398,-0.10558,0.13237,0.28272,0.65104,0.6153,-0.42213,-0.080709,-0.062782,0.23758,-0.025845,0.39277
-0.10551,0.45142,0.45754,0.076025,0.25227,0.10429,-0.035206,0.66814,0.41249,0.49001,0.31561,0.36903,0.31808,0.17024,0.45441,0.46532,0.15419,0.32972,0.56228,0.02532,1,0.12,0.53974,0.57682,0.10267,0.35134,0.50936,0.072856,0.35045,0.4686,0.069582,0.044781,-0.024622,0.083081,0.42096,0.45678,0.4808,0.53495,0.47762,0.45557,0.54266,0.21811,0.34894,-0.057686,0.12165,0.39368,0.4917,0.34559,0.33085,-0.30722,-0.086117,0.18321,0.49782,0.12498,0.2889,0.32265,0.07689,0.30131,-0.011129,0.38447,0.57241,0.52545,0.6239,0.39779,0.53408,0.27094,0.48379,-0.028685,0.31905,-0.11283,0.50525,0.42631,0.5438,0.37457,0.46118,0.25826,0.4035,-0.09603,0.62337,0.39317,0.5184,0.12618,0.18871,0.38142,0.67037,0.49223,0.34317,-0.018978,0.48813,0.49081,0.18786,0.13369,0.70843,0.46717,0.18493,0.53403,0.16444,0.060572,-0.1685,0.41989,0.5175,0.76575,0.28772,0.33537,0.21135,0.46829,0.29133,0.26529,0.389,-0.12785,0.47019,0.39451,0.35365,0.44476,0.33005,0.1288,0.12889,0.21955,0.45945,0.30167,0.44892,-0.14182,0.55214,0.63981,0.34232,-0.21078,0.2507,-0.23504,0.50266,0.49036,0.49065,0.58102,0.15621,0.5821,0.34884,-0.084063,0.056981,0.4382,0.39174,0.54337,0.21356,0.3808,0.20982,0.40547,0.32615,0.35152,0.052924,0.033205,0.33774,0.62096,0.55107,0.10552,0.41355,-0.11677,0.29877,0.044262,0.22823,0.25934,0.27421,-0.0033955,-0.11166,0.66993,-0.10623,-0.093485,0.4534,0.18214,0.074212,0.52221,0.59147,0.31459,0.29372,0.48646,0.30364,0.55586,-0.30417,0.18082,0.46071,0.074807,0.013602,0.16909,0.40679,-0.22684,0.43556,0.53888,0.53256,-0.0063007
0.51252,0.08575,0.39207,0.54696,0.40959,0.597,0.53257,0.43578,0.31217,0.43793,0.39911,0.51765,0.33067,-0.066781,-0.18916,-0.23216,0.46856,0.33005,-0.27785,0.40544,0.12,1,0.25306,0.21721,0.61515,0.43647,-0.29734,-0.34292,0.07589,0.014002,0.32137,0.23358,0.37019,0.60625,0.32986,0.22284,0.35541,0.072895,0.17202,0.045661,0.090558,0.051711,-0.38126,0.39781,0.37659,0.5101,0.040254,0.34522,0.011981,0.027718,0.4803,0.35082,-0.083149,0.054491,0.41835,0.59365,0.16247,0.2707,0.51485,0.030071,-0.081626,-0.044799,0.21996,-0.012443,-0.081159,0.010454,0.039959,0.2427,0.44211,0.2047,-0.11817,-0.18122,0.086309,0.022173,0.12415,0.12197,-0.21264,0.37029,0.21735,-0.062927,0.022074,0.32886,-0.11528,0.33633,0.15646,-0.17253,-0.073246,0.11409,-0.12002,-0.042898,-0.19744,0.13349,0.11799,0.061103,0.2202,0.37109,0.42978,0.42632,-0.036291,0.13398,0.42116,0.23056,-0.0062257,0.45529,0.54343,-0.18971,0.27773,0.65473,-0.267,0.67164,0.016293,0.33526,-0.0027042,0.20667,0.46634,0.14763,-0.079527,0.40416,0.24213,0.0026674,0.47912,0.54321,-0.053937,0.13413,-0.16077,0.43075,0.30929,0.28272,0.22092,0.32627,0.43783,0.23762,0.045596,-0.14314,0.0070166,-0.41311,0.11062,0.32493,0.23796,0.18783,-0.027035,-0.17241,-0.20052,-0.05415,0.18824,0.49288,0.23717,0.31747,-0.26268,0.10989,-0.086269,-0.20384,0.44111,0.64551,0.20043,0.6766,0.17245,-0.20362,-0.025313,0.48834,0.10539,-0.015503,-0.23886,0.5218,0.01787,0.67183,0.62059,-0.20208,0.26901,0.28492,0.19804,-0.052412,-0.041628,0.39349,0.6017,0.051249,0.40987,0.49352,0.38279,0.55247,-0.042977,0.11657,0.056019,0.24243,0.0051056,0.24546
0.34708,0.41177,0.52998,0.44456,0.56632,0.4151,0.42171,0.49534,0.65303,0.49569,0.48092,0.7746,0.43371,0.30796,0.56019,0.34182,0.30672,0.051013,0.51971,0.24505,0.53974,0.25306,1,0.11585,0.48203,0.38206,0.40516,0.11924,0.39399,0.40812,0.48597,0.34057,0.36483,0.37851,0.49433,0.53093,0.58728,0.54572,0.51867,0.47916,0.47906,0.065577,0.14834,0.3391,0.045804,0.47086,0.54995,0.56162,0.002956,-0.035217,0.11939,0.40002,0.34469,0.092381,0.41077,0.63048,0.15077,0.44763,0.32804,0.35686,0.52962,0.29915,0.64557,0.27468,0.51876,0.59185,0.43567,0.4335,0.60936,0.27941,0.51915,0.20849,0.26013,0.49042,0.64218,0.31682,0.56017,0.38628,0.49611,0.11888,0.75291,0.25606,0.30871,0.51307,0.72567,0.33347,0.36546,0.23323,0.4363,0.2932,0.24913,0.50031,0.66661,0.56793,0.52286,0.47644,0.20918,0.30004,0.16222,0.086911,0.48898,0.46398,0.36563,0.65914,0.39016,0.36332,0.39799,0.59624,0.27195,0.23352,0.39634,0.52386,0.39727,0.58584,0.6831,0.54899,-0.0096257,0.18978,0.51738,0.12871,0.68726,0.24978,0.41457,0.60887,0.21371,0.24071,0.14831,0.27694,0.43345,0.53545,0.54746,0.65002,0.2746,0.4051,0.30971,-0.09218,0.20727,0.40141,0.61518,0.59546,0.40081,0.47913,0.23094,0.38133,0.44421,0.69151,0.14158,-0.13851,0.44695,0.5048,0.27003,0.16155,0.55158,0.074581,0.47154,0.55813,0.5608,0.056614,0.55294,0.3053,0.35895,0.7038,-0.12347,0.30831,0.35349,0.2636,0.39877,0.58767,0.69513,0.39469,0.45231,0.23966,0.6106,0.42312,-0.04918,0.25615,0.5408,0.33218,0.45404,0.44185,0.16733,0.066483,0.51414,0.70058,0.55519,0.17243
-0.10847,0.30952,0.23731,0.019271,0.3857,0.09627,0.002376,0.58711,0.24522,0.30357,0.53185,0.21073,0.29477,0.26482,0.33624,0.47251,0.33054,0.35505,0.36788,0.05182,0.57682,0.21721,0.11585,1,-0.015881,0.46082,0.49061,0.06493,0.2945,0.48674,0.13983,-0.15961,0.05088,0.028402,0.41702,0.53211,0.43637,0.40634,0.28014,0.26719,0.48313,0.39176,0.25647,0.038725,0.31795,0.28346,0.28764,0.29574,0.75146,-0.053654,-0.12339,0.44381,0.56244,0.35378,-0.032327,0.17161,0.18992,0.31234,0.068176,0.17311,0.36806,0.56466,0.36248,0.36224,0.41181,-0.013614,0.56729,-0.14852,0.22373,-0.087723,0.36181,0.45953,0.58379,0.15876,0.38382,0.37308,0.23489,-0.079989,0.52748,0.079122,0.35814,-0.0085492,0.021439,0.35768,0.38995,0.40468,0.36338,0.044918,0.27298,0.4961,0.26854,0.31666,0.47374,0.43829,0.17394,0.32705,0.25709,0.47677,-0.02159,0.66006,0.61143,0.48617,0.16723,0.26352,0.30813,0.13569,0.28834,0.26315,0.050551,-0.010674,0.39536,0.40964,0.21007,0.19404,0.27056,-0.18407,0.072054,0.038136,0.28049,0.38276,0.1875,-0.050151,0.64682,0.44238,0.47946,-0.077323,0.13748,-0.12671,0.55353,0.31945,0.087353,0.49161,0.0031299,0.54249,0.48705,0.013695,0.24931,0.39568,0.23277,0.30469,0.32479,0.27172,0.39113,0.13788,0.51561,0.19641,0.19069,0.40713,0.10272,0.60528,0.58794,-0.00087073,0.3238,0.16012,0.26728,-0.067502,0.19341,0.40215,0.24534,0.19518,-0.47972,0.39748,-0.097889,-0.22659,0.50187,0.31275,0.053866,0.32021,0.32106,0.42535,0.18707,0.51394,0.19175,0.45027,-0.17691,0.16425,0.3159,0.21923,-0.04133,0.082789,0.60753,-0.16113,0.41982,0.34884,0.36894,-0.086585
0.64823,0.25461,0.38205,0.58879,0.61028,0.78809,0.60852,0.28224,0.49023,0.17499,0.57026,0.40703,0.41098,0.32672,0.081646,-0.14784,0.44718,-0.027511,-0.057346,0.59726,0.10267,0.61515,0.48203,-0.015881,1,0.4476,-0.10498,-0.20559,0.12419,0.23694,0.34224,0.4247,0.46761,0.83962,0.71061,0.2441,0.34247,0.22253,0.19452,0.21462,0.074142,-0.081917,-0.21106,0.40387,0.12965,0.73782,0.15877,0.52327,-0.16918,0.10996,0.65372,0.31089,-0.17674,0.22513,0.48039,0.57307,0.19897,0.51902,0.69493,0.38284,0.032599,0.080594,0.22733,-0.052261,-0.064198,0.38195,0.16207,0.10099,0.53855,0.038073,-0.011624,-0.068113,-0.18368,0.25294,0.18223,0.010903,0.17132,0.50945,0.32562,0.013267,0.17675,0.13162,0.13771,0.47905,0.24334,-0.23444,0.21583,0.084136,-0.0024765,0.055185,0.17442,0.22316,0.19003,0.18842,0.38769,0.428,0.20554,0.30153,0.28069,0.24936,0.64985,0.19761,0.40555,0.54408,0.55898,0.21762,0.45666,0.65179,0.14123,0.57521,0.0098788,0.30441,0.31351,0.45187,0.59866,0.17951,-0.13547,0.38651,0.46854,0.11032,0.66631,0.85471,-0.11434,0.23815,-0.014172,0.64106,0.15315,0.5157,0.16334,0.64691,0.57655,0.48747,0.050723,-0.053385,0.009846,-0.13678,0.20632,0.40657,0.33379,0.16872,0.21587,0.19416,-0.042543,-0.28293,0.46054,0.63699,-0.044947,0.13252,0.045393,0.088822,0.057056,-0.012106,0.45067,0.54653,0.27828,0.76962,0.35557,0.18723,0.39194,0.46516,0.098455,0.32976,-0.065532,0.84533,0.062686,0.59237,0.91079,0.060254,0.32645,0.47289,0.28913,-0.24111,0.43266,0.51076,0.36827,0.18909,0.3567,0.26375,0.55577,0.79158,-0.22834,0.25423,0.040459,0.28128,0.12668,0.34158
0.45013,0.26528,0.33878,0.34663,0.6242,0.38341,0.46445,0.31439,0.44652,0.14006,0.44691,0.27502,0.22784,0.16814,-0.00081224,-0.10275,0.46259,0.08241,0.0028123,0.54674,0.35134,0.43647,0.38206,0.46082,0.4476,1,-0.026281,-0.10581,0.015463,0.35773,0.13726,0.096633,0.38863,0.33328,0.38131,0.29504,0.22393,0.19087,0.15452,0.035953,0.014853,0.34398,-0.11086,0.27456,0.45316,0.51091,0.099192,0.30234,0.19525,-0.060182,0.20702,0.39479,0.067554,0.4419,0.36315,0.49126,-0.13794,0.72717,0.48281,0.12007,0.00036997,0.12217,0.20961,-0.16505,0.082322,-0.15305,0.33029,-0.049982,0.46175,0.12464,-0.084177,-0.048896,-0.03471,0.19877,0.18393,0.053872,0.43391,0.55826,0.44492,-0.27489,0.33931,-0.0016831,-0.096446,0.29919,0.18978,-0.025085,-0.025514,0.21511,-0.21631,-0.012958,-0.019893,0.30321,0.3473,0.25619,0.32575,0.33019,0.13317,0.39058,-0.022365,0.31172,0.54112,0.26111,0.43466,0.36266,0.49371,-0.020834,0.44328,0.43099,0.05096,0.28672,-0.093475,0.39689,0.066866,0.32339,0.3678,-0.027488,-0.15142,-0.060189,0.13345,-0.044677,0.3872,0.19197,0.25803,0.24473,-0.13995,0.5188,0.33938,0.33518,0.31566,0.5801,0.40376,0.51839,-0.28089,0.00098676,-0.028825,-0.24122,-0.0042182,0.47876,0.29015,0.12713,0.085731,0.21137,0.032886,-0.00040651,0.45412,0.55674,0.045748,0.26918,-0.22199,0.11346,0.37332,-0.19554,0.51365,0.50867,0.18384,0.4087,0.13859,0.12628,0.13749,0.72797,0.059127,0.31548,-0.12984,0.28315,0.2122,0.52799,0.38976,0.017267,0.26958,0.40081,-0.12395,0.033509,0.23319,0.55465,0.24437,-0.26789,0.34802,0.31911,0.45113,0.47237,-0.12484,-0.20202,0.24144,0.34716,0.26565,0.1946
