1,0.30863,0.48965,0.50453,0.39891,0.63938,0.38048,0.52876,0.19571,0.30231,-0.1481,0.2547,0.4002,0.085379,0.11619,0.13359,0.26088,-0.041034,0.38657,0.77562,0.18781,0.60526,0.25281,0.29471,0.67192,0.055039,0.22756,-0.0073029,-0.0030586,0.39653,0.50179,0.3602,0.52057,0.29023,0.10062,0.10332,0.35792,0.28192,0.33567,0.16193,-0.20891,0.22705,0.062984,0.38893,0.068607,0.55663,-0.04792,0.31811,0.29331,0.29415,0.2235,0.42708,0.16705,0.53182,0.53469,0.024515,0.022642,0.056067,0.75699,-0.027951,0.3317,0.049129,0.29351,0.20742,-0.13237,0.59034,0.22913,-0.13608,0.40769,0.37457,0.25075,0.11106,0.13235,0.048226,0.13834,0.24114,0.023307,0.35254,-0.34918,0.059082,-0.080988,0.42944,0.15152,0.30434,-0.11661,-0.095342,-0.083984,0.035863,0.45155,0.26732,-0.10321,0.10745,-0.037429,0.13904,0.2347,0.46667,0.14411,0.041842,0.093483,0.043155,0.059307,0.25855,-0.21487,0.29441,0.2122,0.57627,-0.018428,0.41865,0.33147,0.6909,0.01449,0.5191,0.3486,0.36884,0.29718,0.14974,0.24652,0.22219,0.028698,0.0062362,0.54103,0.70395,0.35275,0.015462,0.056294,0.784,0.26553,0.3522,0.2738,0.36394,0.52274,0.2127,0.0053943,0.025093,-0.064847,0.30523,0.57555,0.44922,0.2146,0.21916,0.20176,0.20595,0.19897,-0.24681,0.067323,-0.045157,0.2056,0.32246,0.1859,0.027085,0.0051826,0.32966,0.24519,0.45363,0.35004,0.24611,0.34135,0.13345,0.47158,0.16897,0.57419,-0.19346,-0.023728,0.62551,-0.037747,0.35286,0.57861,0.12398,-0.031018,-0.11987,0.2838,-0.2731,0.38279,-0.0096402,0.73069,0.11613,0.26365,0.41054,0.33059,0.50987,0.29826,0.2551,0.163,0.29514,0.10177,-0.18766
0.30863,1,0.5108,0.59008,0.42517,0.59091,0.29585,0.26657,0.48154,0.55436,0.41403,0.33333,0.64518,0.32451,0.18893,0.26408,0.42194,0.085333,0.12979,0.32752,0.35071,0.34223,0.54839,0.65584,0.44479,0.4807,0.053122,0.43336,0.46412,0.61586,0.21174,0.16399,0.36011,0.013491,0.35899,0.59397,0.42386,0.65269,0.54465,0.43438,0.2958,0.2458,0.4285,-0.083351,0.16479,0.65683,0.38561,0.40424,0.36174,-0.00011114,0.46547,0.26977,0.043826,0.083572,0.12682,0.47013,0.29378,0.47802,0.17894,0.37535,0.6966,0.32748,0.61936,0.21176,0.12188,0.64588,0.42126,-0.056329,0.082434,0.14513,-0.045595,0.33069,0.040313,0.54747,0.30768,0.54712,0.46359,0.34631,-0.37923,0.39735,0.554,0.17304,0.43477,0.72229,0.37222,0.17901,-0.33565,0.18801,0.54372,0.77856,0.47556,0.11585,0.4793,0.48786,0.39433,0.50034,0.06481,0.43677,0.57126,0.12267,0.568,0.53389,0.25458,0.71626,0.36327,0.43989,0.034098,0.59878,0.14654,0.2263,0.59677,0.44171,0.12236,0.078251,0.80619,0.47982,0.32429,0.30157,0.011842,0.46706,0.30502,0.5015,0.24438,0.36557,0.12984,0.23106,0.40243,0.34304,0.17803,0.54584,0.25205,0.26736,0.062407,0.41206,0.030714,0.74799,0.040095,0.70354,0.59265,0.4785,0.42629,-0.060803,0.37753,0.24777,0.29771,-0.33725,0.59261,0.51378,0.38539,0.22117,-0.14308,0.42675,0.48504,0.067587,0.3868,0.19874,0.39033,0.50246,0.47424,0.71172,0.37627,-0.012964,0.1049,0.18711,0.31202,0.67768,0.41903,0.4453,0.0862,0.30987,0.63902,-0.036284,0.52911,0.2637,0.017014,-0.12464,0.43223,0.42768,0.073762,0.36286,0.14152,0.55027,0.83011,0.38481,0.5897,-0.27843
0.48965,0.5108,1,0.70113,0.5557,0.52483,0.57462,0.34513,0.643,0.60518,0.15891,0.61349,0.62706,0.036722,0.33357,0.25074,0.49213,-0.32559,0.59674,0.38657,0.22407,0.52899,0.66796,0.57176,0.42834,0.44655,-0.019796,0.16187,0.44178,0.71463,0.51167,0.33292,0.29101,0.065816,-0.090738,0.50106,0.79227,0.58158,0.55903,0.44288,0.38587,0.51465,0.21307,0.31161,0.11226,0.80951,0.23534,0.73476,0.63727,0.39589,0.26968,0.71331,-0.024935,0.40736,0.26022,0.5851,0.43203,0.53423,0.46415,0.37313,0.46218,0.34789,0.50489,0.64557,-0.017559,0.59209,0.50484,0.038876,0.00015186,0.22418,0.35692,0.42233,0.28466,0.51398,0.32094,0.70491,0.31296,0.78598,-0.4719,-0.18565,0.50622,0.32722,0.62458,0.77968,0.45707,-0.037301,-0.15867,0.55642,0.70874,0.40632,0.1654,0.23019,0.28905,0.49953,0.50905,0.62258,0.36952,0.38656,0.019628,0.34635,0.53926,0.34286,0.034151,0.74849,0.39997,0.5123,0.11846,0.72401,0.042008,0.29961,0.32432,0.56662,0.35216,0.20389,0.65387,0.60014,0.54869,0.32803,0.38452,0.37982,0.59297,0.52665,0.17869,0.51084,0.36209,0.086951,0.47063,0.14148,0.2056,0.75007,0.32242,0.30177,0.056714,0.59784,0.14033,0.52055,0.39824,0.6139,0.55665,0.56639,0.57932,0.10721,0.51327,0.027434,0.51364,0.12497,0.71047,0.627,0.56974,0.40158,0.23839,0.012909,0.64967,0.38111,0.46754,0.26365,0.60315,0.4689,0.68772,0.62723,0.37888,0.10715,0.17869,0.25514,0.45466,0.51091,0.4778,0.31113,0.071674,0.38088,0.63454,-0.029163,0.62181,0.068943,0.22653,0.3379,0.4076,0.1072,0.39814,0.28511,0.12376,0.55414,0.60001,0.72906,0.53884,0.098143
0.50453,0.59008,0.70113,1,0.7079,0.50087,0.69678,0.3803,0.47854,0.69207,0.41165,0.65975,0.47171,0.29136,0.55292,0.44725,0.49334,-0.18007,0.3989,0.52925,0.072605,0.63405,0.77522,0.59314,0.56704,0.67448,0.246,0.3347,0.46686,0.74993,0.45486,0.28061,0.4723,-0.020144,0.29274,0.59008,0.64745,0.69314,0.43113,0.43462,0.21852,0.45719,0.40933,0.1417,0.14397,0.73892,0.48176,0.60251,0.35496,0.44636,0.58798,0.52691,0.27434,0.22359,0.3842,0.71925,0.27606,0.62632,0.44191,0.49095,0.35533,0.45534,0.66619,0.27986,0.30222,0.55961,0.60266,-0.32421,0.33217,0.35306,0.006429,0.43979,0.53589,0.58585,0.20219,0.70592,0.48472,0.66699,-0.41297,0.29303,0.568,0.24405,0.57004,0.67329,0.40443,0.18308,-0.14387,0.18653,0.502,0.70259,0.28118,0.28333,0.5138,0.4472,0.46565,0.54707,0.21236,0.20268,0.33151,0.28409,0.37579,0.67419,-0.17939,0.67589,0.47036,0.63505,-0.0028947,0.89511,0.11933,0.37881,0.6022,0.57776,0.41879,0.22208,0.75078,0.62193,0.58682,0.58824,0.27834,0.44025,0.47173,0.71256,0.28727,0.65459,0.56262,0.47007,0.41688,0.080356,0.33142,0.51136,0.56681,0.55644,0.38018,0.55893,0.34919,0.53659,0.22405,0.70649,0.53561,0.48393,0.55562,0.093821,0.54338,0.14932,0.54492,-0.26923,0.54734,0.65777,0.7056,0.57197,0.072642,0.058941,0.39039,-0.031154,0.35677,0.26907,0.70977,0.69261,0.71603,0.60203,0.43807,-0.14453,0.15383,0.20552,0.55159,0.71476,0.6505,0.5242,0.17737,0.2955,0.6021,0.043174,0.73783,0.21995,0.12083,0.069169,0.57216,0.19074,0.28003,0.31002,-0.0033571,0.4579,0.48645,0.70767,0.65528,-0.089016
0.39891,0.42517,0.5557,0.7079,1,0.39302,0.50797,0.2951,0.16464,0.42279,0.31878,0.38354,0.35229,0.33007,0.64554,0.16074,0.20666,-0.29472,0.34996,0.41244,0.209,0.39226,0.55076,0.53471,0.44245,0.4336,0.24103,0.34435,0.31558,0.31737,0.20255,0.27252,0.61926,-0.37342,0.30804,0.36359,0.64964,0.47738,0.23127,0.2449,0.04893,0.35388,0.61796,0.030901,-0.19185,0.45865,0.30098,0.29813,0.28044,0.07192,0.31376,0.60588,0.42308,0.4698,0.22787,0.52263,0.19372,0.33392,0.20593,0.1852,0.32813,0.22452,0.37372,0.15165,-0.03485,0.42765,0.47424,-0.051303,0.46027,0.2941,0.24072,0.32698,0.42239,0.32398,0.09846,0.45689,0.16258,0.55395,-0.44204,0.25111,0.31752,-0.11125,0.57342,0.51643,0.21392,0.063364,-0.16961,0.25754,0.39661,0.40453,0.39366,-0.12689,0.45367,0.41583,0.033493,0.21731,0.31125,0.17219,0.22109,0.12403,0.21491,0.32234,0.080468,0.54025,0.043623,0.54009,-0.066014,0.5185,-0.095305,0.30185,0.29045,0.2173,0.44358,0.31863,0.4527,0.34242,0.29628,0.31235,0.11636,0.26024,0.41161,0.49955,0.23574,0.43791,0.5174,0.35687,0.68428,0.0078088,0.30471,0.22965,0.44257,0.57095,0.34737,0.19059,-0.18378,0.23867,0.039777,0.27767,0.291,0.26439,0.27146,-0.088907,0.43436,0.093788,0.40939,-0.049465,0.4472,0.50634,0.5084,0.42753,-0.054215,-0.0285,0.28834,0.20494,0.19495,0.30536,0.47473,0.52779,0.57977,0.34897,0.19799,-0.23086,0.019118,0.37057,0.44612,0.30147,0.47255,0.25883,-0.38679,0.26561,0.52426,-0.2419,0.63782,-0.054633,0.035433,-0.078914,0.4944,0.18408,-0.07236,0.10357,0.033991,0.14984,0.37585,0.49442,0.55027,-0.055158
0.63938,0.59091,0.52483,0.50087,0.39302,1,0.46796,0.61832,0.46379,0.45432,0.25545,0.25065,0.40232,0.061416,0.31304,0.10355,0.053869,-0.29479,0.44695,0.64812,0.52102,0.43665,0.35078,0.53597,0.72844,0.1021,0.28008,0.29379,0.26669,0.37217,0.41831,0.39114,0.54947,0.3158,0.16776,0.34157,0.56315,0.49647,0.46495,0.33832,-0.10691,0.17601,0.12546,0.45743,0.33391,0.71026,0.23253,0.39595,0.38225,0.20565,0.56291,0.46559,0.12207,0.48464,0.3983,0.30911,-0.08241,0.12113,0.55679,0.1923,0.75848,0.2086,0.48041,0.21799,-0.067634,0.71147,0.38008,-0.13977,0.21516,0.25982,0.10792,0.25863,-0.074052,0.2358,0.0013906,0.4284,0.096326,0.3129,-0.36653,0.44543,0.30623,0.36119,-0.011409,0.45547,0.019759,0.18985,-0.58038,0.086046,0.33417,0.34406,-0.010343,0.1265,0.19267,0.42481,0.39118,0.50172,-0.17416,0.48464,0.24929,-0.020615,0.068788,0.49201,0.11962,0.4327,0.55605,0.6681,-0.16346,0.48444,0.38484,0.73894,0.28504,0.50781,0.32248,0.36707,0.59448,0.20481,0.17466,0.38404,0.10021,0.20012,0.36336,0.74603,0.2481,0.052759,0.063031,0.44986,0.37783,0.43517,0.38313,0.5063,0.37105,0.15303,-0.11422,0.23709,-0.21069,0.47288,0.21503,0.64994,0.38034,0.38331,0.26479,0.13203,0.42659,0.060737,0.21038,0.028722,0.3822,0.67995,0.18244,0.050153,0.20544,0.5124,0.34899,0.47997,0.57921,0.42621,0.52993,0.57415,0.63128,0.35437,0.25573,-0.054357,0.10833,0.69193,0.1473,0.46753,0.60548,0.51096,0.042768,0.19151,0.28968,-0.023707,0.56086,0.15238,0.60643,0.13375,0.34279,0.52375,0.33889,0.77489,0.27483,0.58217,0.49413,0.34566,0.22111,-0.069414
0.38048,0.29585,0.57462,0.69678,0.50797,0.46796,1,0.34822,0.21608,0.57891,0.09975,0.38404,0.40076,0.059889,0.4299,0.36254,0.0057642,-0.13076,0.43613,0.42485,0.16747,0.4445,0.41471,0.53808,0.36312,0.15999,0.23215,0.076559,0.46522,0.54487,0.41263,0.62558,0.51377,0.15979,0.36904,0.47351,0.50015,0.65505,0.22948,0.27055,0.13827,0.25599,0.063131,0.47654,0.26452,0.61923,0.41259,0.42318,0.46028,0.64961,0.44829,0.42553,0.16979,0.43361,0.30444,0.53521,0.080412,0.28584,0.35572,0.27383,0.36498,0.23354,0.48644,0.27398,0.25922,0.59871,0.36042,-0.35127,0.17065,0.16322,0.093555,0.51453,0.32518,0.51565,0.33396,0.47532,0.20683,0.50659,-0.33479,0.24666,0.39535,0.32773,0.37792,0.50009,0.163,-0.02204,-0.26376,0.26285,0.32866,0.51617,-0.033919,0.17147,0.41515,0.33039,0.38995,0.33525,0.16406,0.081324,0.1429,0.17549,0.12815,0.40046,-0.30561,0.37568,0.30914,0.64584,-0.047749,0.6411,-0.22791,0.49422,0.5234,0.33304,0.48378,0.3796,0.59888,0.33942,0.3507,0.36931,0.3221,0.43853,0.16821,0.68715,0.26638,0.34975,0.32122,0.37725,0.24997,0.15564,0.10892,0.33014,0.47381,0.44905,0.16621,0.25195,0.19036,0.3393,-0.077412,0.42355,0.38016,0.29983,0.33597,0.24418,0.41722,-0.00061124,0.31639,-0.042318,0.3143,0.59625,0.52329,0.47586,0.23381,0.078274,0.18765,-0.01085,0.16535,0.33282,0.57013,0.5934,0.57458,0.44309,0.031998,-0.040896,-0.042823,0.27525,0.35989,0.40248,0.2377,0.48862,0.098796,0.14352,0.36839,-0.046735,0.66252,0.24652,0.21453,0.19415,0.29566,0.29347,0.053901,0.38097,-0.15459,0.40734,0.22788,0.67563,0.33624,0.027411
0.52876,0.26657,0.34513,0.3803,0.2951,0.61832,0.34822,1,0.36132,0.39278,0.14018,0.25289,0.12687,-0.034661,0.39225,0.32001,0.014709,-0.0063893,0.56978,0.48119,0.095703,0.42578,0.1757,0.32402,0.42412,0.15161,0.46102,0.032844,0.081562,0.17969,0.18788,0.47767,0.41272,0.23501,-0.033168,0.015425,0.46584,0.24478,0.19044,0.13666,-0.28331,0.22921,0.23293,0.39157,0.03822,0.38091,0.27061,0.35778,0.3266,0.46789,0.49283,0.37065,0.13066,0.47029,0.45724,0.099624,0.088592,0.25803,0.64593,0.016442,0.23368,0.11962,0.22986,-0.029548,0.13406,0.274,0.18055,-0.28723,0.015745,0.25286,-0.067609,0.0081993,0.17,0.38686,-0.22485,0.23752,-0.14374,0.48404,-0.41494,0.23381,0.1157,0.28454,0.10221,0.42823,0.12707,0.10592,-0.30653,0.14386,0.11216,0.17353,0.20471,0.057172,0.39007,0.041086,0.23969,0.50721,-0.067094,0.23927,0.0035392,0.27899,0.076649,0.13762,0.054979,0.37417,0.42491,0.38705,-0.24524,0.40058,0.3748,0.46587,0.10859,0.61235,0.4794,0.43688,0.38497,0.051454,0.42036,0.29542,0.10341,0.10661,0.42881,0.54407,0.13916,-0.069353,0.24608,0.58512,0.091874,0.092872,0.34731,0.262,0.47649,0.24467,0.15855,0.29031,0.014854,0.37443,0.30548,0.28481,0.47449,0.48996,-0.043947,0.1745,0.16971,-0.061291,0.1483,0.031385,0.49178,0.64382,0.15773,0.31832,0.34203,0.11511,0.376,0.28592,0.45613,0.049303,0.29221,0.38644,0.40601,0.41446,0.37154,-0.12301,-0.14702,0.39081,0.15742,0.18421,0.25799,0.13719,-0.17459,-0.015251,-0.017541,-0.10909,0.47767,0.44145,0.58951,0.54979,0.11971,0.10719,0.3949,0.3774,0.18415,0.31765,0.40042,0.24077,0.30997,-0.16388
0.19571,0.48154,0.643,0.47854,0.16464,0.46379,0.21608,0.36132,1,0.48817,0.38906,0.48684,0.41473,0.17109,0.20202,0.044874,0.36413,-0.2143,0.61171,0.32048,0.11883,0.20734,0.53358,0.35545,0.38265,0.43046,0.10554,0.30215,0.58133,0.49635,0.50861,0.19131,0.15376,0.18444,-0.47138,0.3852,0.61069,0.47478,0.65085,0.6478,0.33891,0.44285,0.061313,0.31443,0.08883,0.60503,0.46747,0.81564,0.27818,0.22795,0.4745,0.57607,0.070791,0.082611,0.37602,0.48236,0.2239,0.61972,0.44269,0.42496,0.41545,0.59735,0.41508,0.50297,0.24031,0.34112,0.61495,0.072966,-0.34541,0.21913,-0.17935,0.33651,0.14675,0.5372,0.1747,0.58813,0.32961,0.54313,-0.089469,0.081292,0.50011,0.25622,0.20194,0.65345,0.37846,0.31371,-0.2822,0.32737,0.29972,0.33832,0.32085,0.36902,0.21712,0.51699,0.63888,0.57366,-0.14291,0.32824,-0.0032564,0.60057,0.34088,0.43987,0.076604,0.62009,0.5603,0.53122,0.028049,0.59586,0.1757,0.21974,0.42782,0.51226,0.21164,0.31727,0.62099,0.58157,0.50507,0.11707,0.13508,0.11237,0.46889,0.33489,0.1854,0.41533,0.3043,-0.11792,0.12674,0.10539,0.29295,0.76291,0.33344,0.17524,0.23925,0.78106,0.23768,0.50028,0.31386,0.60381,0.72596,0.78294,0.60116,0.029309,0.54049,0.0028884,0.46968,0.16373,0.70686,0.56715,0.5376,0.28755,0.38174,0.052744,0.81672,0.33292,0.5301,0.043238,0.49196,0.43952,0.67578,0.58844,0.2208,-0.10096,0.070639,0.14633,0.45228,0.49699,0.492,0.2781,0.2941,0.41261,0.4473,0.34034,0.61478,0.38327,0.12905,0.40739,0.22494,-0.0089916,0.37308,0.37112,0.15565,0.77688,0.58803,0.30501,0.37309,0.1402
0.30231,0.55436,0.60518,0.69207,0.42279,0.45432,0.57891,0.39278,0.48817,1,0.33226,0.43819,0.55121,0.042595,0.49892,0.44946,0.26402,-0.089314,0.52191,0.18587,0.3108,0.51028,0.75595,0.61731,0.39335,0.46251,0.23374,0.39797,0.62597,0.63165,0.61595,0.24827,0.26614,0.072276,0.34487,0.7504,0.52517,0.70502,0.19759,0.66091,0.55776,0.39745,0.27138,0.21527,0.3626,0.64841,0.52021,0.64686,0.45615,0.49032,0.57368,0.52432,0.21765,0.17061,0.36691,0.7275,0.52693,0.66428,0.25311,0.45706,0.50768,0.66315,0.83487,0.47137,0.35921,0.45361,0.61783,-0.47888,0.16643,0.49163,0.098349,0.41503,0.46988,0.77816,0.3329,0.75035,0.59516,0.57187,-0.18739,0.19335,0.62058,0.50263,0.42347,0.65143,0.30541,-0.08212,-0.14526,0.31943,0.52458,0.56636,0.2899,0.014039,0.57209,0.57633,0.4588,0.6309,0.22282,0.53732,0.37369,0.51373,0.5547,0.45699,0.068678,0.5855,0.26966,0.52878,0.10383,0.7071,0.15683,0.15988,0.51594,0.61704,0.26005,0.31886,0.71243,0.49619,0.62566,0.4462,0.34871,0.4606,0.4348,0.46576,0.28168,0.5158,0.39437,0.25971,0.15052,0.087991,0.47049,0.38393,0.48529,0.56511,0.44216,0.53063,0.33601,0.66029,0.23714,0.4786,0.65387,0.58858,0.47413,0.19618,0.67315,0.51856,0.69881,-0.07664,0.48131,0.46258,0.32288,0.55776,0.12371,0.18107,0.49261,-0.15654,0.54788,-0.0062034,0.61345,0.63201,0.51367,0.78069,0.52577,-0.04831,0.24192,0.040745,0.47499,0.61117,0.44886,0.50656,0.28721,0.32908,0.66919,0.30479,0.61546,0.41175,0.082514,0.08413,0.59976,0.20598,0.05714,0.177,0.32061,0.71393,0.61797,0.64504,0.75259,-0.059989
-0.1481,0.41403,0.15891,0.41165,0.31878,0.25545,0.09975,0.14018,0.38906,0.33226,1,0.44833,0.2999,0.39252,0.53253,0.43584,0.13487,-0.2393,0.034846,0.040889,-0.14908,0.17338,0.47626,0.44197,0.18763,0.65361,0.20015,0.39449,0.36507,0.41129,0.10929,-0.20023,0.0251,-0.2559,0.074231,0.53752,0.36052,0.48198,0.45606,0.31305,0.35665,0.36849,0.34677,0.049079,0.29411,0.1699,0.54933,0.34222,-0.21657,0.093192,0.34602,0.24243,0.4452,0.036433,-0.27996,0.65665,0.058125,0.46529,-0.11261,0.47957,0.45183,0.44814,0.46333,0.034836,0.28268,0.25194,0.44864,-0.074468,0.24217,0.39093,-0.14034,0.47542,0.4177,0.42438,-0.042832,0.48607,0.22587,0.30422,0.11307,0.49556,0.75697,-0.088412,0.24482,0.31444,0.60432,0.48013,-0.28706,0.097669,0.24939,0.24266,0.48553,0.26511,0.50293,0.36622,0.29783,0.31137,0.12545,0.29759,0.54518,0.23378,0.20928,0.51852,0.21881,0.58282,0.38386,0.17963,-0.15001,0.57018,0.12592,-0.062115,0.63503,0.46916,-0.1017,-0.12659,0.57788,0.68624,0.39714,0.29434,0.47615,0.21431,0.22243,0.19337,0.11827,0.63691,0.57045,-0.1373,0.38093,-0.15329,0.65728,0.41254,-0.14528,0.51545,0.073606,0.50617,0.28054,0.29247,-0.032992,0.39326,0.45972,0.47985,0.24938,-0.51597,0.45928,0.43487,0.53587,-0.1537,0.42634,0.53706,0.48509,0.47823,0.27794,0.01507,0.24474,0.0092689,0.51051,0.27841,0.6838,0.41046,0.24335,0.52089,0.1556,-0.031011,0.34619,-0.063386,0.57498,0.31598,0.24633,0.51572,0.22039,0.45656,0.40429,0.26204,0.38642,0.21666,-0.30396,-0.077509,0.31039,0.038819,0.037283,-0.096491,0.10633,0.39357,0.3845,0.30772,0.49721,0.12819
0.2547,0.33333,0.61349,0.65975,0.38354,0.25065,0.38404,0.25289,0.48684,0.43819,0.44833,1,0.47843,-0.091187,0.40576,0.52101,0.3744,-0.093743,0.25921,0.40362,-0.06844,0.65888,0.74652,0.39845,0.41711,0.60987,-0.060521,0.17891,0.30006,0.63129,0.35927,0.27341,0.079273,0.10322,-0.10499,0.40962,0.53773,0.56829,0.59256,0.16649,0.19038,0.53996,0.35534,0.21005,0.33293,0.42018,0.43363,0.61466,0.18852,0.38449,0.31486,0.58461,0.22664,0.22138,0.025278,0.61176,0.073187,0.45823,0.42196,0.6319,0.21338,0.24586,0.48871,0.41962,0.4438,0.1982,0.36125,-0.081483,0.17868,0.37391,0.086567,0.49606,0.49529,0.4795,0.31486,0.61997,0.28025,0.61831,-0.17922,0.077291,0.49906,0.17465,0.36421,0.68117,0.82137,0.11515,-0.016203,0.10381,0.36179,0.41989,0.20587,0.60221,0.37842,0.27651,0.20478,0.63654,0.25476,0.25154,0.20707,0.27431,0.16965,0.47666,-0.33812,0.49098,0.38741,0.21979,0.1401,0.73301,0.17721,0.2431,0.45424,0.50034,0.33262,0.071718,0.46189,0.68638,0.64614,0.63143,0.50189,0.46496,0.69743,0.56438,-0.13121,0.8323,0.66755,0.1177,0.33441,-0.37956,0.34077,0.65144,0.19713,0.58929,0.17502,0.61362,0.44257,0.36624,0.17501,0.50592,0.39741,0.33688,0.69291,0.14656,0.39576,0.10315,0.71304,-0.013276,0.37287,0.41436,0.74057,0.67533,0.30624,0.013769,0.33419,0.1584,0.51702,0.52279,0.55778,0.29553,0.56423,0.54035,0.31911,-0.026693,0.17451,0.16275,0.81797,0.53205,0.52076,0.29681,0.23433,0.10732,0.48967,-0.10944,0.5708,0.13738,0.14171,0.076527,0.38803,-0.18817,0.41336,0.034772,-0.02563,0.29905,0.4563,0.59064,0.50254,-0.0074917
0.4002,0.64518,0.62706,0.47171,0.35229,0.40232,0.40076,0.12687,0.41473,0.55121,0.2999,0.47843,1,0.09677,0.2957,0.41195,0.21452,-0.011287,0.1908,0.2929,0.22624,0.57553,0.44067,0.49368,0.40282,0.20718,-0.0036346,0.17358,0.56632,0.61516,0.51072,0.23935,0.29314,0.14897,0.15499,0.54976,0.35281,0.80492,0.52945,0.3038,0.39471,0.33881,0.064157,0.139,0.35627,0.55784,0.1797,0.43922,0.23649,0.21593,0.039797,0.448,0.12975,0.32924,-0.086509,0.40464,0.29734,0.22523,0.15898,0.12389,0.62566,0.26773,0.59477,0.42507,0.2862,0.61735,0.42593,-0.078464,0.14971,0.2687,0.43379,0.39268,0.12921,0.40121,0.43436,0.661,0.34101,0.4198,-0.18309,-0.040834,0.56997,0.46813,0.43428,0.58713,0.43655,0.083603,-0.12678,0.35535,0.70291,0.45984,0.26934,0.21902,0.23043,0.50748,0.24401,0.52142,0.55021,0.20754,0.41744,0.31576,0.52898,0.19208,-0.020294,0.6462,0.18907,0.42064,-0.097481,0.57071,-0.23151,0.21486,0.61214,0.42261,0.15648,0.077668,0.56378,0.67814,0.35956,0.11919,0.31358,0.33349,0.45659,0.49719,0.32629,0.52418,0.11768,0.097442,0.41448,0.1542,0.22839,0.61803,0.10573,0.31268,-0.11963,0.30413,0.11408,0.63586,0.17436,0.61562,0.48704,0.43195,0.42335,-0.083001,0.38154,0.064022,0.44962,-0.18933,0.53702,0.38981,0.37625,0.33669,-0.14279,0.25449,0.5619,0.2026,0.4522,0.38126,0.53098,0.21079,0.47565,0.68319,0.4578,-0.21827,0.2781,0.1204,0.35224,0.58631,0.27868,0.42209,0.30578,0.34003,0.82211,-0.14928,0.47655,0.23179,0.059445,-0.17751,0.51072,0.36437,-0.10457,0.17932,0.092055,0.49323,0.51062,0.45115,0.38311,-0.28769
0.085379,0.32451,0.036722,0.29136,0.33007,0.061416,0.059889,-0.034661,0.17109,0.042595,0.39252,-0.091187,0.09677,1,0.13142,-0.14969,0.078238,-0.072018,0.1621,0.13864,0.027512,-0.12664,0.15974,0.061329,0.2957,0.38619,0.51835,0.46855,0.30625,0.31446,0.22879,-0.23913,0.29619,-0.088135,-0.040831,0.34785,0.12681,0.19209,0.37535,0.34229,0.26613,0.27864,0.12566,0.12261,-0.23035,0.28534,0.17715,0.057559,0.042578,-0.18081,0.23245,0.058699,0.33147,-0.12701,0.1421,0.28716,0.22205,0.40154,-0.10428,0.014332,0.15901,0.48743,0.2287,-0.16581,-0.063129,0.30735,0.38189,0.22476,0.35354,0.17792,-0.31285,0.22876,0.25097,0.14061,0.17283,0.00069132,0.14597,0.066963,-0.26462,0.43992,0.16362,-0.0614,0.25886,0.078508,-0.001057,0.24171,0.13193,0.10301,0.22895,0.28027,0.29996,-0.042643,0.10687,0.36403,0.10542,0.12239,-0.032146,-0.35882,0.2884,0.12018,0.24232,0.41862,0.34285,0.38817,-0.10383,0.38236,-0.15361,0.32157,-0.021973,-0.027425,0.29272,0.19185,-0.020079,0.13113,0.42533,0.23759,0.12426,-0.11918,0.046267,0.060449,0.044188,0.1353,0.71322,0.21497,0.26007,0.11746,0.17144,0.12154,0.23935,0.11804,0.037665,0.24064,0.24939,0.0037038,0.0068777,0.25059,0.16456,0.15589,0.21077,0.30571,-0.016941,-0.34109,0.32869,-0.053212,-0.026127,-0.18151,0.25734,0.26085,0.28047,0.050274,0.10367,-0.1509,0.0722,-0.022593,0.19346,-0.13807,0.20397,0.26094,0.25368,0.14164,0.02425,-0.091644,-0.12369,0.11651,0.0037879,0.022465,0.24239,0.20606,-0.031714,0.069292,0.1954,0.27176,0.33805,0.2178,-0.24128,-0.16776,0.086079,0.18753,-0.17285,0.082741,0.25343,0.2097,0.037529,0.14209,0.35392,0.26363
0.11619,0.18893,0.33357,0.55292,0.64554,0.31304,0.4299,0.39225,0.20202,0.49892,0.53253,0.40576,0.2957,0.13142,1,0.35001,0.060207,-0.2909,0.45215,0.24411,0.12538,0.48553,0.50144,0.45968,0.29912,0.44552,0.56416,0.42543,0.47133,0.25,0.24278,0.2481,0.33984,-0.16998,0.15648,0.44026,0.58573,0.53756,0.061335,0.24423,0.097084,0.13185,0.33162,0.058626,0.22069,0.29398,0.51261,0.30561,0.13079,0.34205,0.45807,0.52757,0.34605,0.42429,0.049263,0.55992,0.051093,0.28138,-0.054631,0.15386,0.33397,0.36748,0.37707,-0.0064444,0.29994,0.19726,0.47834,-0.37625,0.28879,0.34915,0.11546,0.17913,0.54354,0.38156,-0.21817,0.44262,0.20031,0.29173,-0.18612,0.24062,0.54495,-0.088178,0.33859,0.21679,0.26799,0.28535,-0.13783,-0.038874,0.2349,0.14899,0.12386,-0.075071,0.32177,0.41159,-0.057781,0.34361,0.25118,0.28483,0.21417,0.11989,0.090321,0.27255,0.20031,0.40743,0.3248,0.26923,-0.56138,0.55893,0.029058,0.20691,0.41451,0.33031,0.31058,0.25888,0.38366,0.33817,0.27182,0.38548,0.36427,0.12793,0.27825,0.34298,0.16408,0.42369,0.40035,0.19397,0.25455,-0.048407,0.52846,0.080217,0.16327,0.46183,0.33986,0.23042,0.081912,0.36608,-0.060938,0.32244,0.36849,0.38995,0.20991,-0.10774,0.47993,0.31301,0.44172,-0.10731,0.37383,0.5378,0.33231,0.48211,0.044253,-0.28304,0.16422,-0.067295,0.33772,0.16878,0.55227,0.49926,0.44405,0.38172,0.24993,-0.20598,0.1882,0.12058,0.43054,0.26634,0.34967,0.5878,0.020703,0.43462,0.37851,0.12034,0.43748,0.12054,0.029013,0.033574,0.51955,0.087327,-0.13653,0.04373,0.068898,0.22739,0.13855,0.35403,0.48061,-0.04885
0.13359,0.26408,0.25074,0.44725,0.16074,0.10355,0.36254,0.32001,0.044874,0.44946,0.43584,0.52101,0.41195,-0.14969,0.35001,1,0.27068,-0.08949,-0.14567,0.14358,-0.21983,0.64653,0.38501,0.27449,-0.037311,0.43637,-0.096052,-0.07349,0.1661,0.43278,0.003914,0.21962,-0.028012,0.044982,0.40627,0.31159,0.15541,0.49308,0.16633,-0.010335,0.1736,0.47599,0.075607,-0.10775,0.21688,0.11359,0.3675,0.17922,0.075221,0.65916,0.11693,0.13359,0.12303,0.17683,-0.12856,0.39054,0.21345,0.26665,0.22001,0.37476,0.16057,0.087633,0.34404,-0.0037574,0.39509,0.30874,0.11826,-0.39961,0.12092,0.39845,0.21796,0.11164,0.40931,0.41963,0.15299,0.41927,0.25782,0.48468,0.0050724,0.025432,0.64223,0.26656,0.4178,0.34119,0.55798,0.020078,0.14179,0.19435,0.35428,0.38837,0.36984,0.3823,0.51763,0.023586,0.33035,0.38288,0.48695,0.18012,0.29287,0.32839,0.27509,0.25609,-0.15972,0.41672,0.18474,-0.014077,-0.097271,0.51556,0.055037,0.051195,0.61373,0.55995,0.15414,-0.24305,0.35964,0.53083,0.68431,0.53733,0.38248,0.35866,0.19453,0.33285,-0.15533,0.53176,0.49871,0.26648,0.15332,-0.2397,0.36177,0.15599,0.063991,0.44653,-0.12924,0.45936,0.36249,0.32131,0.17339,0.42736,0.35888,0.25277,0.10201,-0.21527,0.10083,0.22858,0.49662,-0.51085,0.32974,0.39149,0.33173,0.74092,0.074439,0.13115,0.15201,-0.17827,0.25845,0.27376,0.49354,0.12561,0.1053,0.54665,0.48603,0.072963,0.43733,-0.32162,0.49997,0.51927,-0.076223,0.17491,0.11813,0.074586,0.34026,-0.030529,0.25741,0.18418,-0.047822,0.069045,0.27178,-0.12538,0.13726,-0.15635,-0.021605,0.12329,0.33432,0.36725,0.39538,-0.13036
0.26088,0.42194,0.49213,0.49334,0.20666,0.053869,0.0057642,0.014709,0.36413,0.26402,0.13487,0.3744,0.21452,0.078238,0.060207,0.27068,1,0.01235,0.10233,0.1632,-0.2682,0.39191,0.53476,0.37612,-0.049709,0.67005,-0.18833,0.076163,0.12436,0.56932,-0.029912,-0.016351,-0.2446,-0.26285,3.19e-05,0.28705,0.33043,0.093568,0.32713,0.30011,0.34309,0.28089,0.32042,-0.34581,-0.15524,0.33498,0.29219,0.49739,0.19934,0.21337,0.15418,0.1928,-0.21822,0.06458,0.13804,0.36453,0.38556,0.56179,0.18951,0.47627,0.14408,0.20403,0.095939,0.20611,-0.131,0.2144,0.2873,0.043352,-0.17238,0.18507,-0.032984,0.048052,0.37921,0.33675,0.13095,0.35968,0.45161,0.37362,-0.11389,-0.30692,0.38752,-0.17045,0.56603,0.38401,0.30938,0.01623,0.17229,0.090533,0.55556,0.40822,0.2207,0.16883,0.18194,0.14034,0.48295,0.32287,0.18983,0.24807,0.12194,0.098131,0.40485,0.37809,0.072936,0.56219,0.375,-0.045369,0.18098,0.48674,0.36383,-0.072565,0.17151,0.46616,-0.11446,-0.19047,0.39613,0.43709,0.38777,0.22967,-0.0065687,0.10867,0.29364,0.0047311,-0.059317,0.32237,0.13236,0.085582,0.17279,0.18763,0.17512,0.37485,0.12777,0.1085,0.098634,0.5649,0.37338,0.35173,0.39667,0.50714,0.50268,0.45747,0.40353,-0.18276,0.17088,0.15507,0.13231,-0.24749,0.4581,0.1498,0.45019,0.19799,-0.16764,-0.14138,0.36209,0.041318,0.066784,-0.10504,0.28965,0.094498,0.094055,0.41056,0.53827,0.21765,0.1763,-0.28039,0.17961,0.5521,0.28006,0.073744,0.054279,0.33623,0.43832,0.14931,0.051132,-0.15496,0.019855,0.21803,0.22368,-0.18416,0.30201,-0.11146,0.044229,0.15149,0.41111,0.24359,0.34884,0.052318
-0.041034,0.085333,-0.32559,-0.18007,-0.29472,-0.29479,-0.13076,-0.0063893,-0.2143,-0.089314,-0.2393,-0.093743,-0.011287,-0.072018,-0.2909,-0.08949,0.01235,1,-0.13056,-0.11808,-0.34963,-0.17696,-0.20989,0.15802,-0.15623,-0.10822,-0.021804,-0.25828,-0.21473,0.053369,-0.20477,0.045289,-0.10704,-0.088812,0.11798,-0.052171,-0.38814,-0.14373,-0.088668,-0.15823,-0.089444,-0.47004,0.23902,-0.092776,0.095178,-0.22401,0.012457,-0.10269,-0.16885,-0.044246,-0.094474,-0.4505,0.05261,-0.14002,-0.16563,-0.29909,-0.022117,0.024223,-0.12585,-0.078402,-0.2312,-0.1728,-0.0065082,-0.23939,0.1543,-0.31204,-0.23446,-0.16614,-0.098187,-0.19961,-0.4581,0.071675,0.083108,0.12954,0.080545,-0.16909,0.011989,-0.26713,0.014649,0.040316,-0.32459,-0.090847,-0.047537,0.038534,0.044445,-0.1016,-0.088443,-0.21471,-0.10305,0.19439,0.011603,0.015486,0.093366,-0.32987,-0.25607,-0.11391,-0.077945,-0.19404,0.17721,-0.12579,0.023385,-0.26273,-0.23429,-0.12624,-0.012204,-0.21145,0.20653,-0.12353,-0.095525,-0.25779,-0.11747,-0.048859,-0.010678,-0.064047,-0.02379,-0.15854,-0.17542,-0.20118,-0.093801,0.17634,-0.10912,-0.13004,-0.065147,-0.20152,-0.36449,0.18269,-0.25714,-0.021551,-0.30014,-0.031179,0.00069809,0.050613,0.26009,-0.26546,0.40843,0.17896,-0.23536,-0.26137,0.052136,-0.083193,-0.045345,0.17116,-0.34149,0.068459,-0.30172,-0.038053,-0.13889,-0.30286,0.0078333,-0.22973,-0.31906,0.069687,-0.20035,-0.31386,-0.22709,-0.2171,-0.39135,-0.26207,-0.39675,0.13324,0.014986,-0.1904,-0.4486,-0.12637,-0.28626,-0.1442,-0.2422,-0.12435,0.10902,-0.17499,-0.092918,-0.21461,-0.2094,0.29703,-0.0029468,-0.0056977,-0.088551,0.13114,-0.18712,-0.3089,-0.16068,-0.17368,0.0079734,-0.09521,0.006207,-0.52188
0.38657,0.12979,0.59674,0.3989,0.34996,0.44695,0.43613,0.56978,0.61171,0.52191,0.034846,0.25921,0.1908,0.1621,0.45215,-0.14567,0.10233,-0.13056,1,0.3783,0.24879,0.23751,0.43777,0.3969,0.4213,0.21621,0.552,0.324,0.47278,0.35885,0.60619,0.42734,0.30532,0.1513,-0.38873,0.34386,0.68756,0.27389,0.32795,0.60141,0.23752,0.24189,0.10558,0.62515,0.048657,0.57182,0.38495,0.6821,0.54822,0.41504,0.48583,0.65651,0.17683,0.45868,0.56631,0.3984,0.23991,0.51146,0.39961,0.14729,0.29119,0.58817,0.32393,0.37684,-0.017797,0.23641,0.57463,-0.031841,-0.069198,0.29688,-0.12448,0.29451,0.39917,0.45818,0.097461,0.36053,0.10265,0.44412,-0.31859,0.025343,0.15987,0.22998,0.2071,0.43122,0.037669,-0.060854,-0.15015,0.27085,0.27378,0.10875,-0.064206,-0.020064,0.11083,0.50562,0.26194,0.52056,-0.11776,0.23162,-0.20954,0.40067,0.16062,0.22983,0.17221,0.41128,0.32229,0.54936,-0.13116,0.47912,0.20923,0.31449,0.024895,0.49845,0.43528,0.62441,0.44803,0.17123,0.36,0.098298,0.26527,0.12225,0.4637,0.33744,0.37412,0.11631,0.19358,0.18284,0.030373,0.13161,0.37027,0.41591,0.43193,0.30053,0.48183,0.33453,0.10516,0.42108,0.34739,0.20603,0.5614,0.65934,0.33345,0.27417,0.60499,0.022648,0.28674,0.41473,0.48566,0.4948,0.32878,0.18229,0.44769,-0.21302,0.47036,0.34309,0.52403,-0.10951,0.3408,0.44089,0.57653,0.40221,0.19881,-0.087841,-0.17355,0.40357,0.15793,0.092553,0.44253,0.27434,0.003534,0.25654,0.2534,0.32247,0.55127,0.34614,0.4272,0.56112,0.25355,0.067592,0.17126,0.2963,0.36375,0.59869,0.25463,0.39984,0.40269,0.27397
0.77562,0.32752,0.38657,0.52925,0.41244,0.64812,0.42485,0.48119,0.32048,0.18587,0.040889,0.40362,0.2929,0.13864,0.24411,0.14358,0.1632,-0.11808,0.3783,1,0.28922,0.5406,0.3664,0.29875,0.65352,0.17762,0.25239,0.24739,0.16108,0.31261,0.41248,0.57924,0.61378,0.33811,-0.014607,0.10879,0.50243,0.36163,0.54364,0.26345,-0.32736,0.22648,0.015127,0.37999,-0.014509,0.46031,0.28208,0.29389,0.33031,0.3509,0.40391,0.47887,0.31646,0.49576,0.58739,0.098055,-0.38718,0.057293,0.73776,0.18606,0.33763,0.17039,0.21794,0.088005,-0.048837,0.58631,0.36981,0.00072911,0.26517,0.32246,-0.10457,0.14186,0.15316,0.013006,0.18072,0.17003,0.040758,0.21963,-0.19845,0.37762,0.057758,0.19085,0.072798,0.31773,-0.0079896,-0.0049407,-0.085396,-0.16334,0.13665,0.45222,-0.085473,0.40419,-0.10057,0.30639,0.20714,0.41711,-0.20778,0.051518,-0.064801,0.066408,-0.20213,0.51317,-0.22797,0.20417,0.29258,0.61859,-0.2304,0.45997,0.29265,0.81045,0.2797,0.39934,0.56645,0.37414,0.33146,0.20067,0.31346,0.42918,-0.027619,0.1221,0.36798,0.77508,0.10112,0.17586,0.19105,0.70975,0.20062,0.21752,0.24447,0.34537,0.53182,0.27485,0.12199,0.15104,-0.1825,0.3146,0.30149,0.57453,0.2256,0.19244,0.4245,0.21139,0.30678,-0.34801,0.17663,-0.20946,0.18095,0.45879,0.4163,0.10299,0.1429,0.37825,0.145,0.48012,0.3225,0.42169,0.25928,0.15379,0.67726,0.10679,0.32047,-0.2563,0.02919,0.69786,0.16674,0.42149,0.60488,0.16157,-0.10894,-0.091531,0.22317,-0.13557,0.5396,-0.017459,0.60822,0.13933,0.25482,0.37201,0.25601,0.61537,0.22634,0.34591,0.16171,0.12859,0.07624,-0.069073
0.18781,0.35071,0.22407,0.072605,0.209,0.52102,0.16747,0.095703,0.11883,0.3108,-0.14908,-0.06844,0.22624,0.027512,0.12538,-0.21983,-0.2682,-0.34963,0.24879,0.28922,1,0.11724,0.23762,0.058761,0.49667,-0.1653,0.18611,0.55836,0.31674,-0.036737,0.40306,0.22601,0.45333,0.45456,0.16754,0.25883,0.28601,0.32751,0.073169,0.28659,0.016131,0.024465,-0.12363,0.14545,0.1566,0.44091,-0.018021,-0.044825,0.579,-0.18219,0.35414,0.3589,-0.077452,0.05436,0.3719,0.082894,-0.034324,-0.12147,0.089213,-0.025529,0.47209,0.21836,0.3495,0.23883,-0.091738,0.39797,0.17857,0.022266,0.17492,0.063991,0.2145,-0.085971,-0.34745,-0.014277,0.23588,0.046927,0.1927,-0.1127,-0.30464,0.31408,0.014294,0.29911,-0.13756,0.15941,-0.23301,-0.1912,-0.050932,-0.04772,0.057497,0.21018,-0.17011,-0.18545,-0.17755,0.50235,-0.13152,0.30183,-0.23069,0.4056,0.0030744,-0.10057,0.096605,0.22867,0.38327,-0.066119,-0.1549,0.35449,-0.17222,0.0098774,0.16521,0.43817,0.043037,-0.096232,0.24668,0.34799,0.15172,-0.22996,-0.048927,0.26641,-0.13532,0.18902,0.097565,0.37641,0.14942,-0.056277,-0.10115,0.12389,-0.00018455,0.26003,-0.0080048,-0.044072,0.17023,-0.086592,-0.0021176,-0.16165,-0.59765,0.3411,-0.0025312,0.242,-0.092956,-0.1074,0.22369,0.40178,0.33646,0.070549,0.18354,-0.01071,-0.06929,0.11013,-0.30095,-0.12228,0.0061243,0.42056,0.038395,0.13252,0.3036,0.12364,-0.087801,0.27085,0.49529,-0.018776,0.0053722,0.085682,0.10378,0.53613,0.030101,0.17079,0.40736,0.21838,-0.089312,-0.11625,0.15037,0.063357,0.29912,-0.065906,0.2372,-0.28455,0.24853,0.40133,-0.059552,0.62632,0.44157,0.37113,0.25597,0.049605,0.17006,0.025138
0.60526,0.34223,0.52899,0.63405,0.39226,0.43665,0.4445,0.42578,0.20734,0.51028,0.17338,0.65888,0.57553,-0.12664,0.48553,0.64653,0.39191,-0.17696,0.23751,0.5406,0.11724,1,0.558,0.29533,0.46427,0.32782,0.19817,0.18019,0.34092,0.49904,0.36341,0.44903,0.15664,0.23974,0.22155,0.29154,0.34231,0.539,0.33687,0.10617,0.039191,0.47708,0.15923,0.11474,0.26666,0.44249,0.26803,0.39795,0.23499,0.51887,0.25982,0.4743,0.061436,0.50209,0.25407,0.42674,0.15709,0.19127,0.46919,0.25794,0.36307,0.15495,0.37346,0.13292,0.31431,0.38571,0.36256,-0.26401,0.30692,0.4749,0.35327,0.10462,0.39801,0.28087,0.19728,0.53987,0.2499,0.44761,-0.26355,-0.05997,0.42723,0.39832,0.27137,0.40366,0.33196,-0.019743,0.16177,-0.0044419,0.49241,0.402,0.032713,0.295,0.26144,0.32064,0.14574,0.58059,0.34409,0.15051,0.25025,0.13947,0.1128,0.40671,-0.25016,0.43045,0.30284,0.25954,-0.19922,0.59749,0.28727,0.46826,0.40533,0.56316,0.33478,0.16826,0.33323,0.43076,0.50645,0.6053,0.20986,0.30797,0.59093,0.62628,0.15322,0.46671,0.31883,0.52787,0.29848,-0.051107,0.4363,0.30737,0.34815,0.40481,-8.8041e-05,0.34118,0.18943,0.43891,0.35208,0.61296,0.36897,0.32069,0.27526,0.15403,0.35189,0.016241,0.41033,-0.31459,0.30606,0.34692,0.37308,0.56073,-0.050607,0.088541,0.27513,0.18291,0.48881,0.47245,0.53262,0.29854,0.44925,0.45325,0.62805,-0.17128,0.29123,0.15489,0.41888,0.71291,0.47079,0.36648,0.13303,0.065124,0.52707,-0.0797,0.41281,0.16641,0.48213,-0.038006,0.56117,-0.030802,0.15236,0.23509,0.087053,0.1747,0.31408,0.38558,0.30994,-0.10891
0.25281,0.54839,0.66796,0.77522,0.55076,0.35078,0.41471,0.1757,0.53358,0.75595,0.47626,0.74652,0.44067,0.15974,0.50144,0.38501,0.53476,-0.20989,0.43777,0.3664,0.23762,0.558,1,0.60201,0.41316,0.79297,0.10377,0.59146,0.54791,0.71375,0.50836,0.18747,0.13354,-0.071723,0.12965,0.72958,0.6938,0.58727,0.49901,0.64756,0.54668,0.54442,0.45436,0.11378,0.21111,0.58419,0.6163,0.70207,0.44978,0.34065,0.54785,0.64568,0.26522,0.15417,0.30514,0.84954,0.31286,0.75002,0.26198,0.74541,0.43424,0.66078,0.69149,0.50614,0.19978,0.38198,0.67852,-0.10175,0.24662,0.51875,-0.030296,0.51078,0.61788,0.63917,0.42358,0.70056,0.58274,0.55869,-0.15967,0.22904,0.64195,0.15396,0.53007,0.69349,0.55993,-0.097686,0.053752,0.14487,0.49925,0.63369,0.26639,0.2674,0.44439,0.64741,0.36654,0.65789,0.11186,0.52219,0.30311,0.34795,0.40545,0.72421,0.045797,0.61322,0.27567,0.38082,0.17795,0.79491,0.33289,0.15982,0.49262,0.57886,0.25003,0.17267,0.67354,0.64081,0.69156,0.65375,0.39957,0.53445,0.57787,0.45032,0.064113,0.79307,0.62126,0.16199,0.30666,-0.096767,0.51785,0.50629,0.36071,0.66565,0.46968,0.65658,0.30667,0.54747,0.24605,0.55317,0.56713,0.50287,0.75569,0.12822,0.74983,0.42036,0.78735,-0.1081,0.42447,0.41259,0.62922,0.59133,0.22185,0.060823,0.36813,0.03127,0.57552,0.2062,0.57948,0.51396,0.59887,0.65316,0.47618,0.076197,0.30968,0.12903,0.69975,0.64208,0.6525,0.43189,0.1536,0.31437,0.70344,0.28189,0.61028,0.10715,0.011358,0.024305,0.59585,0.00022833,0.19627,0.078308,0.32041,0.58693,0.61356,0.6156,0.78605,0.18435
0.29471,0.65584,0.57176,0.59314,0.53471,0.53597,0.53808,0.32402,0.35545,0.61731,0.44197,0.39845,0.49368,0.061329,0.45968,0.27449,0.37612,0.15802,0.3969,0.29875,0.058761,0.29533,0.60201,1,0.24527,0.49815,0.074096,0.23001,0.35047,0.65285,0.19929,0.31818,0.26677,-0.32425,0.35549,0.67677,0.64096,0.53327,0.41424,0.47769,0.3719,0.053123,0.54899,0.19612,0.31199,0.52533,0.56477,0.57116,0.34083,0.34613,0.4143,0.37492,0.27537,0.46602,-0.003057,0.61203,0.15514,0.52215,0.11711,0.49405,0.65642,0.32969,0.57034,0.3178,-0.063229,0.5374,0.47747,-0.18613,0.11648,0.24847,-0.068778,0.62914,0.44308,0.62601,0.18551,0.61496,0.3273,0.41945,-0.17933,0.29066,0.57572,-0.034239,0.53518,0.6461,0.40462,0.015482,-0.54436,0.23582,0.55339,0.55149,0.23035,0.063814,0.53375,0.4243,0.39629,0.377,0.15156,0.60158,0.42703,0.067361,0.37115,0.40754,0.12519,0.68467,0.50682,0.40074,0.092092,0.66011,0.085685,0.17516,0.43313,0.55384,0.18547,0.10128,0.78374,0.51858,0.30683,0.30148,0.40363,0.47849,0.26225,0.3898,0.031411,0.37137,0.17213,0.1947,0.46605,0.28369,0.38618,0.56865,0.20872,0.52649,0.21972,0.39193,0.24441,0.56565,-0.05265,0.45142,0.64455,0.53146,0.47716,-0.1062,0.48541,0.4681,0.37887,0.016067,0.53174,0.58619,0.54631,0.23891,0.050504,0.20823,0.30911,0.14537,0.36156,0.23271,0.57463,0.48387,0.30968,0.7237,0.29066,0.041129,0.097023,0.22043,0.3045,0.40429,0.29422,0.53655,0.031554,0.54591,0.60804,0.0044215,0.45353,0.1117,0.086736,0.21393,0.44784,0.42807,0.033753,0.061405,0.10681,0.5423,0.62531,0.59014,0.59122,-0.13247
0.67192,0.44479,0.42834,0.56704,0.44245,0.72844,0.36312,0.42412,0.38265,0.39335,0.18763,0.41711,0.40282,0.2957,0.29912,-0.037311,-0.049709,-0.15623,0.4213,0.65352,0.49667,0.46427,0.41316,0.24527,1,0.13456,0.40732,0.3512,0.20847,0.40814,0.65647,0.16939,0.66564,0.46353,0.029517,0.37153,0.38,0.53852,0.47517,0.21202,-0.14852,0.25064,0.14383,0.46795,0.35506,0.71601,0.072447,0.28631,0.25521,0.0077559,0.52652,0.50415,0.36637,0.22705,0.41693,0.28051,-8.205e-05,0.1224,0.54483,0.14808,0.43973,0.29881,0.62335,0.17359,0.19205,0.46496,0.37614,-0.19945,0.56876,0.38528,0.083524,0.24949,0.10032,0.13508,0.14639,0.34706,0.2386,0.28254,-0.5135,0.47162,0.060658,0.45201,-0.10255,0.40079,0.090164,0.26395,-0.28693,-0.032399,0.29921,0.30628,-0.03422,0.25315,0.048112,0.38541,0.025967,0.56061,-0.058606,0.10195,0.25502,0.0093437,0.033185,0.45872,-0.063337,0.26889,0.27928,0.71611,-0.079196,0.50132,0.32327,0.68064,0.17625,0.37308,0.44228,0.42989,0.44045,0.1863,0.20287,0.43436,0.1478,0.21645,0.56797,0.83965,0.45888,0.29007,0.25215,0.5163,0.29587,0.07223,0.31172,0.44832,0.38496,0.3078,0.14959,0.023231,-0.024684,0.47617,0.34774,0.49904,0.11776,0.16112,0.37597,0.27958,0.37723,0.0023827,0.33689,0.077899,0.15885,0.43115,0.23286,0.10744,0.11202,0.40516,0.18707,0.27689,0.60802,0.43163,0.42841,0.48409,0.75503,0.18334,0.23201,-0.27853,-0.06783,0.77578,0.24911,0.37613,0.86999,0.41462,0.19093,-0.13131,0.26448,-0.080198,0.66377,0.19693,0.5427,-0.22659,0.43004,0.39793,0.32561,0.66907,0.35398,0.39272,0.25275,0.44086,0.31906,-0.17133
0.055039,0.4807,0.44655,0.67448,0.4336,0.1021,0.15999,0.15161,0.43046,0.46251,0.65361,0.60987,0.20718,0.38619,0.44552,0.43637,0.67005,-0.10822,0.21621,0.17762,-0.1653,0.32782,0.79297,0.49815,0.13456,1,0.14588,0.47466,0.31539,0.67512,0.16779,-0.12577,-0.048946,-0.28343,0.041149,0.56781,0.58863,0.35514,0.43291,0.47399,0.48056,0.43507,0.49911,-0.12532,0.03279,0.3577,0.55894,0.543,0.23456,0.25274,0.43679,0.34014,0.17243,-0.076118,0.061974,0.70492,0.30116,0.8149,0.07262,0.64228,0.19186,0.52827,0.46067,0.24318,0.13169,0.24743,0.47521,-0.021973,0.16158,0.32636,-0.23215,0.39032,0.62814,0.57661,0.11621,0.49145,0.421,0.47241,-0.12664,0.22786,0.64032,-0.1376,0.67234,0.51097,0.64993,0.098452,0.12812,0.07636,0.41152,0.5219,0.39321,0.24004,0.45054,0.34869,0.39445,0.52762,0.15341,0.34263,0.34401,0.25701,0.48948,0.6489,0.18862,0.66848,0.3475,0.083647,0.046045,0.76637,0.33579,-0.1355,0.47865,0.59949,-0.0022564,-0.12491,0.64065,0.66379,0.63496,0.48387,0.42853,0.3663,0.38934,0.18892,0.028237,0.7049,0.6315,0.080387,0.21429,-0.066296,0.45199,0.41752,0.11453,0.50812,0.38275,0.67531,0.43504,0.43216,0.21696,0.47847,0.54135,0.51236,0.53345,-0.18832,0.50035,0.34917,0.53738,-0.29366,0.50001,0.44398,0.626,0.51529,0.2359,-0.2073,0.2554,-0.13455,0.36214,-0.050648,0.48883,0.35474,0.31618,0.58563,0.48225,0.22089,0.28444,-0.14735,0.56629,0.43774,0.39498,0.34849,0.13374,0.37088,0.47364,0.25767,0.35333,0.059402,-0.26632,0.16542,0.33333,-0.079868,0.29498,-0.15801,0.17249,0.37526,0.48974,0.47263,0.75738,0.1713
