1,-0.47102,-0.54152,-0.27139,0.40408,0.74644,0.4027,0.13517,0.21769,-0.12196,-0.15261,0.29789,-0.37987,0.3183,-0.17025,0.052783,0.30383,-0.16163,-0.47304,0.84332,-0.022824,0.36549,-0.25795,-0.38305,0.66764,-0.14405,-0.4813,0.073479,0.21581,-0.0057337,0.21012,0.48307,0.33284,0.76289,0.16835,-0.45624,-0.060573,-0.35576,-0.054795,-0.22734,0.018601,-0.28876,-0.096408,0.31306,0.42904,0.30243,-0.29991,0.21514,-0.024699,-0.34175,0.39407,0.10723,-0.5084,0.42837,0.6475,-0.28486,0.32069,-0.080184,0.85393,-0.18773,-0.096577,-0.13325,0.19987,-0.086169,-0.21454,0.53408,-0.19502,-0.1409,0.51047,0.11418,-0.074404,-0.079955,-0.38397,-0.12847,0.014486,-0.21648,-0.41927,0.54637,0.18237,0.45988,0.27501,-0.099556,-0.062587,0.60287,-0.12206,0.0936,-0.052769,0.42399,0.36558,-0.38918,-0.2825,0.29008,-0.26443,-0.44741,-0.30549,0.2005,0.40445,0.082441,-0.089346,0.053351,-0.1704,-0.31523,-0.26585,0.17965,0.11869,-0.25661,-0.21275,-0.022391,-0.13932,0.66311,0.08493,0.041237,-0.30632,0.70007,-0.3636,-0.58758,0.35271,-0.13942,0.44475,-0.54508,0.24933,0.57555,-0.19073,-0.27718,0.34472,0.87272,0.56582,0.26077,0.14607,0.053515,0.37971,-0.02239,0.11774,0.16859,-0.63063,-0.26944,-0.05492,0.35781,-0.18004,-0.20098,-0.42785,0.13038,-0.2033,-0.030715,-0.22307,0.28484,-0.029925,0.3515,-0.0282,0.13369,-0.069646,0.34812,0.090503,0.49742,0.16221,0.57543,-0.028449,-0.19351,-0.27157,0.27197,-0.37589,0.16173,-0.36676,0.66777,-0.13778,0.096985,0.62724,-0.39698,-0.20776,-0.14318,-0.33413,0.23529,-0.46066,-0.17763,0.72003,-0.10984,-0.2162,-0.012224,0.5891,0.76602,0.10701,0.20835,-0.21825,-0.10971,-0.36365,-0.13072
-0.47102,1,0.50685,0.0822,0.0082018,-0.34253,-0.090656,-0.03504,0.082433,-0.19384,-0.052846,-0.31428,0.34839,0.055862,-0.043661,-0.17117,-0.31061,0.028018,0.27647,-0.48834,0.41043,-0.018206,0.12558,0.18535,-0.35446,-0.014431,0.25102,0.15774,0.040922,0.068037,-0.1952,-0.25271,-0.41052,-0.29204,0.088531,0.3107,-0.084868,0.33648,-0.044841,0.0040002,0.40464,-0.14673,0.16102,-0.31123,-0.17881,0.16414,0.33678,-0.1211,0.07547,0.35763,-0.084624,0.16917,0.018886,0.12782,-0.37917,-0.12444,0.17209,0.18146,-0.55719,0.39264,0.086782,-0.033754,-0.44359,0.3437,-0.16179,-0.0015294,-0.0155,0.26173,-0.13609,-0.0069553,0.12986,0.23329,0.2641,0.34189,-0.091701,0.122,0.27261,-0.20626,-0.50536,0.24591,-0.017845,-0.24015,-0.012012,-0.12229,-0.13939,0.081314,0.067792,-0.041404,0.066159,0.41413,0.20908,0.17691,0.30884,0.19944,0.24267,-0.12664,-0.14308,0.33619,0.027718,-0.027205,0.28844,-0.011151,0.24134,-0.25899,0.037425,0.047779,0.0071935,0.2068,0.24469,-0.34809,-0.30691,-0.0068099,0.015011,-0.29844,0.38416,0.50931,0.023879,0.42055,-0.20084,0.39802,-0.48462,-0.25033,-0.017795,-0.20542,0.025436,-0.32219,-0.4142,-0.079019,-0.24404,0.042551,-0.051182,-0.11772,0.0071597,0.31,0.4069,0.36164,0.057109,-0.047854,0.3364,0.37765,0.16513,0.12122,-0.039672,-0.004614,0.053884,-0.24587,0.18775,0.012015,-0.044559,0.19796,0.43701,-0.47842,0.17312,-0.24494,-0.22537,-0.026071,0.07104,0.17152,0.011603,0.0047994,0.51382,0.13604,-0.057105,-0.19563,0.23863,-0.08579,-0.13218,0.2741,0.44019,0.012558,0.25921,-0.065979,0.053202,0.37249,-0.30069,0.039161,0.11264,0.38563,-0.17837,-0.16078,-0.028202,-0.17329,0.052765,0.41993,-0.040177,0.1378
-0.54152,0.50685,1,0.099898,0.075002,-0.36456,0.21848,0.13593,0.12338,-0.029412,0.46121,0.14257,0.12024,0.168,0.074688,0.29271,-0.24681,0.18045,0.42507,-0.4749,0.42503,-0.11879,0.47692,0.20646,-0.26914,0.34305,0.30109,-0.091795,-0.20487,0.26914,-0.28574,-0.60964,-0.13076,-0.33651,0.26098,0.34365,0.18125,0.010638,0.52207,0.12688,0.3168,0.25525,-0.021127,-0.16468,-0.17151,-0.098767,0.3488,0.079201,0.14538,0.09092,-0.22154,0.21727,0.30425,-0.21532,-0.57829,0.24959,-0.042317,0.32873,-0.37609,0.22114,0.2162,-0.027712,-0.28452,0.16236,0.079246,-0.10371,-0.1385,0.20641,-0.45512,0.26128,0.067705,0.0053036,0.094787,0.27205,0.33723,0.49622,0.41514,-0.11491,-0.059704,-0.15398,-0.084854,-0.069156,0.0034143,-0.30757,0.18349,-0.0023682,0.14645,-0.12722,0.1053,-0.025783,0.48038,0.28574,0.54328,-0.0041808,0.43147,0.012603,-0.041067,0.14374,0.16463,0.15961,0.28581,0.2287,0.39791,-0.15024,-0.078919,0.056883,0.48925,0.28854,0.1951,-0.47194,-0.096718,-0.077265,0.043595,-0.61728,0.37779,0.58204,-0.22864,0.15042,-0.094397,0.23206,0.12864,-0.10969,0.18059,0.44193,0.27098,-0.49154,-0.41977,-0.058869,0.058354,-0.018566,-0.44863,0.20537,0.12873,-0.013782,0.54841,0.15751,-0.10363,-0.10953,0.48353,0.34267,0.51466,0.26308,0.23601,-0.18292,0.16563,-0.30639,0.06148,0.076482,-0.23912,-0.22796,0.35271,-0.3998,0.042835,-0.12698,-0.13296,-0.3941,0.16246,-0.15758,0.10444,0.24355,0.023211,0.020887,-0.10869,-0.24137,0.44869,-0.082141,-0.1926,0.2666,0.37309,0.21826,0.082037,0.051646,0.090012,0.52963,-0.25258,0.138,0.14054,0.40257,-0.033982,-0.48401,-0.16151,0.078324,0.257,0.52125,0.1966,0.26164
-0.27139,0.0822,0.099898,1,0.17695,-0.2923,-0.18128,0.24794,0.29893,-0.21229,-0.3429,-0.19302,-0.20685,-0.13841,-0.10532,-0.21809,0.33791,-0.016652,0.17768,-0.4547,0.16572,-0.60265,-0.16785,0.042684,-0.35377,0.098691,0.15201,-0.0099409,-0.25816,0.076237,-0.098523,-0.08113,0.042871,-0.11986,-0.36053,0.15322,0.22207,-0.095423,-0.18877,-0.062149,-0.14782,-0.026625,0.3324,0.035794,0.05398,0.24124,-0.14997,0.31106,-0.24013,0.18719,0.077289,-0.2154,-0.15272,-0.61371,-0.27777,-0.086452,-0.1078,0.12851,-0.44359,-0.27463,0.16054,-0.20109,0.23338,-0.052126,0.38186,-0.18736,-0.30185,-0.086359,0.046629,-0.189,0.061277,0.10034,-0.44417,-0.25457,0.033051,0.26538,0.16866,-0.15483,-0.23917,-0.15283,0.27636,0.17695,-0.010845,-0.41388,0.074467,-0.33978,0.25404,-0.25725,0.1904,0.26037,0.065217,-0.31733,-0.033418,-0.048336,-0.44008,-0.22187,0.089805,0.18269,-0.0076422,-0.12178,0.23889,0.22326,-0.13511,-0.011275,-0.11138,-0.10162,-0.19371,-0.49297,0.21125,-0.15269,0.16884,0.059876,-0.14484,-0.34383,-0.18357,0.047173,-0.0051873,-0.33786,-0.25971,-0.16782,0.10837,-0.52419,-0.06892,-0.031481,0.11233,-0.45632,-0.16318,0.19765,0.010904,-0.020914,-0.21622,0.14016,0.34486,-0.39262,-0.14228,0.12899,0.19182,-0.047282,0.080124,-0.0081617,0.10847,0.12968,0.031164,0.060412,-0.10751,-0.088811,0.055008,-0.10404,-0.38178,0.073941,0.23829,-0.0065202,0.051209,-0.07905,-0.16819,-0.22667,-0.3079,0.13073,-0.25063,0.2278,0.16786,0.14465,0.063242,-0.086977,-0.18141,-0.1329,-0.42369,0.037514,0.20441,0.27667,-0.30148,0.19892,-0.096696,0.090681,-0.18947,0.077735,-0.20078,0.022212,-0.2049,-0.34031,-0.30143,0.054338,-0.099112,-0.080131,0.29485,0.024587
0.40408,0.0082018,0.075002,0.17695,1,0.56836,0.50133,0.20167,0.41922,-0.53438,-0.15659,0.093343,-0.12196,0.42216,-0.033636,-0.043316,0.53145,0.021445,-0.10244,0.33466,0.43362,-0.04087,-0.027385,-0.20472,0.4457,0.12934,-0.21545,0.25847,0.23712,0.016213,0.16562,0.16334,0.17223,0.46516,0.11427,-0.051562,-0.10124,-0.35072,-0.091429,0.065206,0.40591,0.048896,0.039855,0.19104,0.095916,0.42699,-0.2564,0.2794,-0.16993,-0.032278,0.31788,0.1969,-0.53934,0.084648,0.070568,-0.14919,0.42638,0.39885,0.32973,-0.067848,0.15789,-0.081645,-0.17837,-0.0051621,0.11468,0.421,-0.015667,0.27208,0.058184,0.14191,-0.031424,-0.21993,-0.3502,-0.083382,0.17018,-0.10546,-0.26917,0.5671,-0.037553,0.30538,0.38364,-0.0076649,0.29817,0.24343,-0.32324,-0.14727,-0.01749,0.1811,0.43954,-0.16122,0.12928,0.21409,0.30765,-0.21718,-0.24698,0.0076522,0.43245,0.09741,0.017371,-0.18983,0.21059,-0.1544,-0.44563,0.36639,0.22059,-0.10911,0.015124,0.31869,0.4279,0.41647,-0.14483,-0.091247,-0.29724,-0.02445,-0.10914,-0.23747,0.45656,-0.099196,0.64678,-0.23119,0.078744,0.44966,0.077887,-0.14907,0.33292,0.32232,0.24712,0.40777,0.43602,0.11781,0.039487,-0.012062,0.2306,0.018704,-0.3009,0.04898,0.32392,0.58982,0.098321,-0.0043264,0.0020526,0.29739,0.34782,0.27443,-0.15968,0.0040412,0.20284,0.28859,-0.27755,0.069507,0.20208,-0.0608,0.42423,0.50945,0.022012,0.13376,0.18399,0.1702,-0.25624,0.33205,-0.033564,0.35072,-0.087273,0.70138,0.22937,0.34491,0.54448,-0.069506,0.077398,0.14731,-0.44195,0.58458,-0.40858,0.18918,0.52818,0.083679,-0.30219,0.44198,0.3411,0.51425,0.26306,0.096455,-0.48609,0.018709,0.0066287,0.18648
0.74644,-0.34253,-0.36456,-0.2923,0.56836,1,0.53589,-0.013546,0.19885,-0.2898,-0.17512,0.40754,-0.2991,0.20673,-0.22018,-0.04126,0.32311,0.098681,-0.34397,0.7663,-0.057476,0.35375,-0.42426,-0.41099,0.88421,-0.19794,-0.53297,0.34946,0.2706,-0.021775,0.20938,0.22828,0.49568,0.65768,0.017395,-0.32909,-0.12287,-0.44912,-0.11639,0.13864,0.18654,-0.1513,-0.0059752,0.31725,0.24751,0.097045,-0.2514,0.024894,0.025884,-0.20318,0.4602,0.085228,-0.71587,0.60806,0.25758,-0.40349,0.41729,0.084162,0.75774,-0.0036408,0.017168,0.012702,0.22604,-0.1016,-0.1217,0.40395,0.23798,-0.090423,0.50898,-0.12209,-0.25895,-0.27771,-0.46831,-0.21667,0.13937,-0.49636,-0.45705,0.57241,0.14389,0.38821,0.23533,-0.1685,0.27889,0.51552,-0.1392,-0.16694,-0.072757,0.21331,0.36022,-0.36391,-0.36858,0.27266,-0.044793,-0.044828,-0.14819,0.27498,0.045852,-0.14524,-0.09581,-0.15144,-0.045857,-0.3377,-0.54755,0.11361,0.23145,-0.24928,0.069322,0.36752,0.10468,0.63217,-0.012383,-0.077611,-0.41852,0.39336,-0.26173,-0.48777,0.36243,0.014815,0.44589,-0.37663,0.14224,0.82755,-0.10303,-0.26358,0.16399,0.7069,0.47475,0.15652,0.14905,0.048735,0.15493,0.021342,0.10729,0.13553,-0.60147,-0.28944,-0.096867,0.78796,-0.047472,-0.080114,-0.27057,-0.0080338,0.2206,0.060379,-0.1215,0.13644,-0.19595,0.54577,-0.27056,0.018996,0.06668,0.32723,-0.0022096,0.44718,0.10573,0.48864,0.21128,0.029873,-0.41439,0.21215,-0.3747,0.13198,-0.40363,0.77603,0.069891,0.2834,0.76761,-0.40056,-0.22031,-0.22705,-0.38648,0.42036,-0.48211,-0.091981,0.74149,-0.083206,-0.17153,0.070987,0.57151,0.77386,0.3159,0.16909,-0.55048,-0.26622,-0.31715,-0.096235
0.4027,-0.090656,0.21848,-0.18128,0.50133,0.53589,1,0.24867,0.40727,-0.36905,0.32353,0.60328,-0.34007,0.27822,-0.22601,0.27923,0.12293,0.070769,0.00094872,0.44693,0.10957,0.26342,-0.22111,-0.26706,0.56577,0.042474,-0.18642,-0.27956,-0.30088,0.15954,0.079978,-0.096317,0.24605,0.4533,0.35601,-0.37471,-0.083659,-0.39134,0.11826,-0.16663,0.45066,0.060335,-0.088466,0.44167,-0.066331,0.048798,-0.080364,0.30238,-0.014155,-0.095612,0.56413,0.25918,-0.31588,0.18193,-0.04103,0.018628,0.27232,0.12468,0.59099,0.026521,0.072714,-0.46842,0.0051544,-0.1227,0.043556,0.31588,-0.18053,-0.032744,0.23331,0.36232,-0.090481,-0.11812,-0.21691,0.077306,0.16517,-0.23458,-0.18104,0.6246,-0.024448,0.11214,0.14328,0.099328,0.099036,0.40214,-0.015689,0.18926,-0.27656,0.38102,0.44835,-0.32118,-0.075192,0.42232,0.070358,-0.48284,0.19606,0.058463,0.2589,0.18966,-0.051135,-0.16546,0.037569,-0.20529,-0.25769,0.17782,-0.074768,-0.19017,0.35994,0.48059,0.19154,0.28741,-0.17712,-0.014141,-0.13135,0.058843,0.12409,-0.28474,0.25637,-0.019605,0.29057,-0.10557,0.2516,0.64534,0.31859,-0.021364,0.30674,0.42526,0.2866,0.15912,0.14224,0.051564,-0.15213,0.034269,0.22865,0.0042079,0.012213,-0.15631,0.20797,0.4206,0.30725,0.1957,0.1702,0.40273,-0.027957,-0.1204,-0.090858,0.10651,-0.37155,0.42827,-0.14613,-0.36651,-0.013165,-0.050776,0.08681,0.67481,0.11569,0.40675,0.14079,-0.26907,-0.20366,0.38148,-0.28571,0.11221,-0.46691,0.50711,0.4416,0.077016,0.49208,-0.046752,-0.098778,0.30076,-0.39047,-0.056874,-0.2351,0.11919,0.58834,-0.079521,-0.042612,0.17585,0.50029,0.25199,-0.0073845,0.52305,-0.13707,0.10284,-0.34023,0.1638
0.13517,-0.03504,0.13593,0.24794,0.20167,-0.013546,0.24867,1,0.46234,-0.11651,-0.092436,0.10119,-0.3652,0.14829,-0.092749,0.15143,-0.027516,0.14867,-0.11338,0.072185,-0.014738,0.17543,0.01443,0.16999,-0.067787,0.00010156,0.032873,-0.26413,-0.17463,-0.083946,-0.090667,-0.095359,0.16642,0.096479,0.34927,-0.04376,0.24965,-0.26244,0.15682,-0.21885,0.17649,0.11341,-0.32685,0.31135,0.17012,0.083686,0.011807,-0.095405,0.025248,0.071598,0.43999,0.20319,0.16884,-0.13951,0.039688,0.17381,0.20315,0.31817,-0.031971,0.082485,-0.16139,-0.17153,0.46091,0.22071,0.27001,0.10457,-0.28221,0.33804,-0.091324,0.2732,0.23524,0.24115,-0.0097394,-0.014648,0.051592,0.19687,0.15007,0.1092,0.31962,-0.0982,0.2077,0.11171,-0.1785,0.066393,0.01275,0.46314,0.21777,0.15577,0.303,0.18247,0.049903,0.065941,0.009001,-0.41042,-0.065231,0.13166,0.29751,0.11952,0.32147,0.029852,0.042022,0.41775,0.060154,0.12501,-0.21299,-0.22501,-0.1363,0.075489,-0.31466,-0.1007,0.50118,-0.018837,-0.036991,-0.10731,-0.12261,-0.0061117,0.053135,0.065423,-0.034511,-0.13883,0.16572,0.0061891,0.059047,0.081289,0.50769,0.10831,-0.020425,0.49389,0.32707,0.67259,-0.090516,0.38774,0.48622,0.0022721,0.12342,-0.17349,0.16124,-0.21517,0.094505,0.056477,0.20911,0.092317,-0.081624,0.1469,-0.096543,-0.037284,-0.02416,0.19753,-0.093768,0.076759,0.048477,0.21557,-0.010979,-0.035388,0.1741,0.22092,-0.1287,-0.3122,-0.10741,0.4289,-0.29295,0.21511,-0.13228,0.19169,0.08601,-0.20914,-0.092499,-0.064977,0.30146,0.50029,-0.35277,-0.19472,-0.17924,-0.028225,0.25066,0.085246,-0.28724,0.4217,0.12366,-0.14522,0.091574,-0.064378,0.14731,0.14798,0.0065994,0.33457
0.21769,0.082433,0.12338,0.29893,0.41922,0.19885,0.40727,0.46234,1,-0.15792,0.13971,0.50007,-0.017297,0.53909,-0.22769,0.11884,0.24584,0.1831,0.29822,0.063822,0.33316,0.35334,-0.025811,-0.12019,-0.0044333,0.46132,0.10013,-0.03986,0.034898,0.18199,0.38206,-0.32548,0.24349,0.17528,0.49339,-0.14318,0.1104,-0.13238,0.16884,-0.034955,0.62959,-0.19121,0.23578,0.44351,0.50479,0.45716,0.18396,0.17124,0.13947,0.17452,0.43156,0.39701,-0.15314,0.07195,-0.34276,0.053729,0.40747,0.43596,-0.0070087,0.15373,0.34139,-0.065265,-0.019707,0.37529,0.57983,0.41415,-0.070984,0.27274,0.23232,0.15138,0.42785,0.14045,-0.21145,0.22585,0.33463,-0.037726,-0.047505,0.55348,0.0099714,0.20105,0.57497,0.54354,0.21653,0.34293,0.042726,0.20412,0.16066,0.14147,0.5886,0.14712,0.25308,0.53009,0.21608,-0.24685,0.17332,0.30248,0.22626,0.31822,0.44315,0.0081345,0.12597,0.27057,-0.25117,0.38378,0.39469,-0.10903,0.26136,0.26362,0.1456,-0.043704,0.20339,0.37929,-0.10434,-0.1693,0.43326,0.089147,0.40002,-0.3006,-0.034223,-0.27528,0.46309,0.010717,-0.080269,-0.011687,0.32827,0.063972,0.2374,0.45809,0.2097,0.15226,-0.47049,0.3457,0.31232,0.058437,0.011749,0.07062,0.36467,0.22229,0.70552,0.58202,0.10549,0.28382,0.17963,0.31719,0.020643,0.12356,0.16167,0.4977,-0.38818,0.24447,0.097732,-0.10602,0.50045,0.075985,-0.012762,0.12378,0.027086,0.11403,-0.12143,0.62925,-0.16565,0.57167,-0.12926,0.25878,0.42689,0.088605,0.0091515,0.11832,0.41564,0.22937,-0.19917,0.083179,-0.25923,0.23403,0.36353,-0.045154,0.074478,0.12914,0.31949,0.10099,-0.087897,0.17581,0.18077,0.40114,0.058544,0.12776
-0.12196,-0.19384,-0.029412,-0.21229,-0.53438,-0.2898,-0.36905,-0.11651,-0.15792,1,0.3081,-0.19216,0.42631,-0.16138,0.14115,0.18831,-0.22755,-0.097825,-0.076482,-0.030012,-0.052414,0.19192,0.089114,0.10114,-0.23869,0.071054,0.043544,-0.20495,-0.14204,0.10158,0.092726,-0.18532,0.104,-0.25145,-0.096948,0.093735,-0.24853,0.40864,0.27094,-0.17602,-0.30406,-0.031836,0.0092802,0.054728,-0.01779,-0.21987,0.33541,-0.094466,0.037475,-0.31915,-0.43464,-0.19656,0.51465,-0.070201,-0.0037755,0.17202,-0.24243,-0.30734,-0.090804,0.22119,-0.11263,-0.018715,0.10384,-0.10482,-0.018409,-0.32096,-0.042562,0.012388,-0.3264,-0.041734,0.06995,0.28798,0.26019,0.36166,-0.050117,0.32358,0.092258,-0.39997,0.11523,-0.14461,-0.20664,-0.019758,-0.17142,-0.30679,0.26964,0.14925,0.14296,-0.41899,-0.28246,-0.14714,0.21357,-0.13219,-0.023924,-0.029417,0.32805,0.078588,0.083793,-0.11602,0.0039513,0.18837,-0.20229,0.09261,0.22544,-0.116,0.078741,0.12327,0.10598,-0.14433,-0.40652,-0.29388,0.50739,0.36482,0.42748,-0.024601,0.21056,0.17082,-0.29319,0.17186,-0.14024,0.24711,0.056887,-0.15705,-0.040896,0.17114,-0.2948,-0.16554,-0.2509,-0.36531,-0.18371,-0.25721,-0.11886,0.027458,-0.16375,0.00090025,0.082097,0.083889,-0.45392,-0.32566,0.082717,-0.087782,-0.11391,-0.35802,-0.20119,0.20719,-0.072883,0.1323,0.16997,-0.31291,0.14526,-0.20979,-0.24431,0.23497,-0.4063,-0.50592,-0.2728,-0.33866,0.14061,-0.12009,0.13088,-0.16249,0.15601,-0.28151,-0.13192,-0.43003,-0.22234,-0.072776,-0.11965,-0.073371,-0.18467,-0.0042513,0.61448,-0.10525,0.25735,-0.062769,-0.32967,0.096782,0.28672,-0.60344,-0.28177,-0.17573,0.11952,-0.23554,0.3796,0.070653,0.19549,0.16613
-0.15261,-0.052846,0.46121,-0.3429,-0.15659,-0.17512,0.32353,-0.092436,0.13971,0.3081,1,0.42574,0.18515,0.35173,0.23284,0.60373,-0.13944,-0.25244,0.30179,-0.055082,0.18023,0.33058,0.42461,0.24806,-0.20229,0.63005,0.3052,-0.26049,-0.27696,0.28078,0.27307,-0.54118,-0.085076,-0.023238,0.55053,-0.059806,-0.044061,0.014969,0.67675,-0.1074,0.24844,0.11385,-0.11181,0.11434,-0.018911,-0.082953,0.513,0.16649,0.2906,-0.090491,-0.16937,0.10463,0.52342,-0.086249,-0.33313,0.30704,0.11237,0.051172,0.095721,0.31672,0.50468,-0.01787,-0.44135,-0.015497,0.32503,-0.13465,-0.11438,0.089939,-0.099432,0.44392,0.31886,0.21609,0.24291,0.36848,0.48097,0.32087,0.13464,0.1162,0.26631,0.0093992,0.071318,0.37364,0.11622,0.11898,0.46656,0.40717,-0.14056,0.22755,-0.013378,-0.27416,0.18154,0.42734,0.06189,-0.18229,0.7025,0.055879,0.14909,0.26221,0.28713,0.41374,-0.00018104,0.28749,0.082741,0.35269,0.1542,0.31187,0.77503,0.36187,0.15246,-0.19147,0.1086,0.37673,0.28329,-0.14291,0.62219,0.35907,-0.14153,-0.042652,0.022955,0.091971,0.42176,0.056542,0.2407,0.57629,0.112,-0.13588,-0.16263,-0.24312,0.14363,-0.083742,-0.38374,0.23954,0.075666,0.088205,0.4627,-0.17136,-0.010683,-0.19528,0.51512,0.44837,0.329,0.16638,0.081494,-0.053108,0.3715,0.11964,-0.11415,0.10132,0.065264,-0.53724,-0.053982,-0.073106,0.29352,0.028639,0.21036,-0.19184,0.39259,0.041412,0.43861,0.23554,-0.0027303,0.039353,-0.17723,-0.21814,0.45804,0.013859,-0.077341,0.39865,0.18238,0.32014,0.11745,-0.073329,0.29638,0.25252,0.01248,0.042048,0.44995,-0.033394,-0.073334,-0.37662,0.037689,0.047895,0.69831,0.52926,0.20285,0.25388
0.29789,-0.31428,0.14257,-0.19302,0.093343,0.40754,0.60328,0.10119,0.50007,-0.19216,0.42574,1,-0.30542,0.46994,-0.12825,0.34294,0.10405,0.24864,0.35283,0.31851,-0.068599,0.51556,-0.0039663,-0.28402,0.39404,0.36439,-0.0936,-0.099427,0.018476,0.37973,0.25145,-0.41574,0.25713,0.21706,0.52797,-0.34993,0.30081,-0.41208,0.37624,0.23287,0.38996,0.016832,0.070444,0.20937,0.46469,-0.12064,0.09878,0.11385,0.23336,-0.12695,0.33708,0.36182,-0.16893,0.24798,-0.24059,0.15737,0.1688,0.23068,0.42863,0.14302,0.37673,0.11659,0.11438,0.035398,0.32208,0.37406,0.17417,-0.0079802,0.40415,0.18951,0.20075,-0.1608,-0.26451,0.12691,0.46944,-0.16886,-0.1763,0.54886,0.32,-0.034987,0.29981,0.4416,0.24875,0.47395,0.21578,0.093956,-0.040373,0.2706,0.36602,-0.19728,0.015121,0.5785,0.13915,-0.099409,0.31287,0.45754,-0.063655,0.053503,0.18422,0.12804,0.02399,0.015411,-0.063529,0.25134,0.19188,-0.071566,0.60421,0.32999,0.12646,0.15275,0.069898,0.14853,-0.17074,-0.098779,0.261,-0.084458,0.12479,-0.35848,0.026605,-0.45194,0.7068,0.31653,-0.003001,0.21425,0.30076,0.30352,0.51783,0.153,0.085408,0.079708,-0.35312,0.36715,0.10612,0.02115,0.00022561,-0.3495,0.062045,0.33246,0.52337,0.51402,0.19534,0.084765,0.28679,-0.053812,0.32042,0.060929,-0.17647,0.62293,-0.17676,-0.087892,0.11099,0.044155,0.18788,0.25548,0.28238,0.22146,0.16321,-0.050037,-0.049698,0.50597,-0.6275,0.19927,-0.21299,0.20635,0.51898,-0.08126,0.080108,0.033764,0.14623,-0.12032,-0.29055,0.035006,-0.18654,0.14453,0.56585,0.010824,0.2362,0.090598,0.48349,0.048634,-0.21168,0.53548,0.19759,0.21513,-0.06667,-0.33381
-0.37987,0.34839,0.12024,-0.20685,-0.12196,-0.2991,-0.34007,-0.3652,-0.017297,0.42631,0.18515,-0.30542,1,0.077616,0.31287,-0.13979,0.026699,-0.17245,0.11743,-0.23395,0.41267,0.082846,0.33979,0.035668,-0.32933,0.063601,0.14459,0.119,0.32753,-0.13768,0.070528,-0.16931,-0.42117,-0.40638,0.056095,0.62257,-0.4826,0.697,-0.03329,0.13248,0.33743,-0.19765,0.34373,0.014361,-0.14567,0.051704,0.40947,-0.034295,0.3118,0.34651,-0.49574,0.14912,0.26514,-0.038772,-0.23629,0.24351,0.049401,0.13533,-0.37084,0.3631,0.06682,0.24827,-0.37343,0.23929,0.17549,-0.10588,0.36247,0.40087,-0.41679,-0.11419,0.036565,0.10638,0.27739,0.43062,0.12108,-0.058909,-0.080783,-0.065259,-0.17424,-0.12153,-0.019461,-0.02597,0.10545,-0.27462,-0.14326,0.093782,-0.058376,-0.25732,-0.28192,0.11039,0.27594,0.10984,0.3724,0.35719,0.43657,-0.015239,-0.1247,0.041617,0.19071,-0.037231,0.090286,0.087011,0.047961,0.060721,0.53362,0.39964,0.2477,0.28328,0.076779,-0.4074,-0.069169,0.27326,0.37057,-0.19359,0.57303,0.21015,0.17972,-0.01467,0.0081144,0.54155,-0.29046,-0.1613,-0.11603,-0.093599,-0.46939,-0.25676,-0.33408,-0.0088284,-0.0084228,-0.10844,0.042273,-0.33321,-0.15212,-0.13114,0.30512,0.70823,0.23531,0.056991,0.28606,0.34284,0.19493,-0.1124,0.18862,0.37887,0.11355,0.082944,0.37739,-0.27855,0.092086,0.047871,-0.030414,-0.25937,0.16688,-0.2229,-0.34714,-0.28692,0.16152,0.35826,0.2875,-0.15567,0.40597,0.13822,0.09399,-0.22843,0.11085,0.30731,-0.15624,0.21675,-0.033401,0.022601,0.84916,0.0051816,0.26901,0.066296,-0.36882,0.25294,0.4076,-0.20155,-0.21507,-0.082723,0.1016,-0.22399,0.17564,0.42251,0.22263,0.071058
0.3183,0.055862,0.168,-0.13841,0.42216,0.20673,0.27822,0.14829,0.53909,-0.16138,0.35173,0.46994,0.077616,1,0.093568,0.16211,0.31597,-0.067878,0.30705,0.26278,0.36066,0.48179,0.28936,0.20549,0.13043,0.50606,-0.074326,0.22545,0.47006,0.3059,0.56591,-0.11462,-0.14267,0.35849,0.68607,-0.067524,0.013228,-0.24415,0.23617,0.18645,0.58433,-0.25695,0.075957,0.068409,0.66823,0.32225,0.055483,0.28857,0.31497,-0.043524,0.082745,0.46771,-0.17106,0.27869,-0.029798,0.21452,0.49438,0.41659,0.26295,0.33819,0.52759,0.34124,-0.33092,0.16752,0.25807,0.47366,0.10316,0.41216,0.079477,0.2002,0.37806,0.18876,0.017459,0.20918,0.45683,0.21711,-0.098782,0.48426,0.40478,0.23599,0.57223,0.39961,0.23133,0.4779,-0.084322,0.3871,-0.18067,0.22537,0.42607,-0.0063021,0.37522,0.67961,0.25804,-0.1012,0.15563,0.22449,0.45973,0.15903,0.49147,0.24818,0.11074,0.060264,0.031524,0.48699,0.41284,-0.049669,0.32985,0.31018,0.38626,0.15659,0.035911,0.22591,-0.30603,-0.025849,0.41766,0.18557,0.42989,-0.085773,0.3767,-0.45548,0.32288,0.097367,-0.32683,-0.077367,0.33281,0.34402,0.49976,0.28258,0.37955,0.28406,0.022614,0.077667,0.11739,0.2667,-0.086684,-0.13774,0.22687,0.14089,0.57149,0.54975,0.12746,0.24946,0.31323,0.37656,0.30823,0.064921,0.32473,0.40103,0.072966,0.099751,0.34079,-0.060726,0.66888,0.2567,0.28504,0.15318,0.29562,0.21921,0.021448,0.50124,-0.17032,0.58606,-0.090213,0.38554,0.34782,0.010703,0.23823,0.18767,0.4627,0.06157,-0.20636,0.43568,-0.34768,0.28624,0.55869,0.20495,0.21785,0.36396,0.29958,0.16605,0.13065,-0.013271,0.26608,0.48682,0.14093,-0.099011
-0.17025,-0.043661,0.074688,-0.10532,-0.033636,-0.22018,-0.22601,-0.092749,-0.22769,0.14115,0.23284,-0.12825,0.31287,0.093568,1,-0.27491,0.45789,-0.18415,0.31762,-0.21184,0.1182,0.01995,0.33987,0.17746,-0.35925,0.30071,0.58137,0.12892,0.31182,-0.011517,0.17882,-0.065342,-0.35017,-0.44753,0.075902,0.28466,-0.35538,-0.026797,0.055097,0.43706,0.17511,0.4953,0.36103,-0.17403,-0.12741,0.12232,0.24395,0.011041,-0.080642,-0.16658,-0.19591,0.44883,0.22966,-0.24403,0.1105,0.12712,0.20902,0.2966,-0.10798,0.012768,0.28854,0.45664,-0.24011,0.27247,0.22802,-0.12565,0.2711,0.22061,-0.033818,-0.10439,-0.03469,0.45954,0.28494,0.14062,0.041527,0.33574,0.16557,0.12286,0.38376,-0.2178,0.35851,0.035491,0.23007,0.13527,0.30348,0.21684,0.20574,0.052424,-0.13647,0.10149,-0.029632,-0.083978,0.28702,0.20613,0.045765,-0.24186,0.17704,0.29218,-0.15962,0.23076,0.31367,0.12164,0.12727,0.15343,0.074768,0.33068,0.26034,-0.040525,-0.088647,-0.34982,0.035668,-0.1192,0.2638,-0.081636,0.10814,-0.22651,0.085702,-0.090907,0.20925,0.35008,-0.069966,-0.31477,0.44277,-0.0023059,0.1964,-0.0039268,-0.13131,0.17947,0.074144,0.1507,0.2198,-0.22881,0.31535,0.096993,0.18202,0.16325,0.2688,-0.17147,-0.19396,0.083827,0.38495,-0.15206,0.45575,0.30727,-0.10578,-0.11877,0.33694,0.11871,0.30541,-0.21183,0.033894,-0.35242,0.20923,-0.21915,0.14665,0.14954,0.18256,0.46718,0.28719,0.33144,0.32034,-0.17768,0.12114,-0.39687,0.21756,0.095798,-0.30775,0.6475,-0.050931,0.041114,0.26281,0.1123,0.37365,0.16163,0.10298,0.51199,0.23634,0.039496,0.001349,-0.35801,-0.052117,0.018582,0.3595,0.38624,0.40122,0.11262
0.052783,-0.17117,0.29271,-0.21809,-0.043316,-0.04126,0.27923,0.15143,0.11884,0.18831,0.60373,0.34294,-0.13979,0.16211,-0.27491,1,-0.39068,-0.23729,-0.11269,0.22098,0.24737,0.34006,0.35992,0.0014771,0.10214,0.3792,-0.18381,-0.24153,-0.45889,0.37238,-0.14246,-0.33514,-0.010965,0.28524,0.34438,-0.24219,0.42207,0.095869,0.6911,-0.43566,-0.21911,0.01886,-0.65938,-0.053435,-0.028917,-0.25826,0.36986,0.0054361,0.012699,-0.10285,-0.14212,-0.35205,0.44609,-0.0869,-0.14676,0.16112,-0.12139,-0.101,0.1183,0.28573,0.027842,-0.24213,-0.14221,-0.18084,0.16827,-0.10717,-0.26583,0.20444,-0.075947,0.5724,0.40285,-0.30611,0.040958,0.45267,0.36093,0.16007,-0.31323,-0.10327,0.13823,0.069474,-0.38582,0.23249,-0.11156,-0.11062,0.24124,0.08346,0.010464,0.27747,-0.20828,-0.5506,0.26242,0.23577,-0.098252,-0.28153,0.40892,0.34471,0.12332,0.075979,0.079536,0.40729,-0.26219,0.073985,-0.0078891,0.26202,-0.11709,0.41494,0.34619,0.15988,0.21689,0.085467,0.27825,0.27245,0.38038,-0.065532,0.094175,0.42431,-0.5627,-0.034844,0.13716,-0.13516,0.59812,0.24748,0.06551,0.78289,0.031784,0.030599,0.0086435,-0.14873,0.34081,0.013081,-0.4218,0.65066,-0.078628,0.0040059,0.21571,-0.35932,-0.27722,-0.061725,0.30605,0.054459,-0.028316,-0.078356,-0.17342,-0.098981,0.38474,0.19739,0.012479,-0.091691,0.074342,-0.24647,0.11856,0.35968,0.052921,0.028801,0.31427,-0.35076,0.066984,-0.34315,0.41061,-0.074472,-0.32281,-0.17175,-0.075654,0.068818,0.090507,-0.38573,0.056635,-0.18888,0.1465,0.24007,-0.068961,-0.037518,0.20571,0.063774,0.042316,0.013395,0.095022,0.23421,-0.10379,-0.032484,0.18222,0.12332,0.30592,0.097584,-0.13148,0.036689
0.30383,-0.31061,-0.24681,0.33791,0.53145,0.32311,0.12293,-0.027516,0.24584,-0.22755,-0.13944,0.10405,0.026699,0.31597,0.45789,-0.39068,1,-0.21564,0.045823,0.27078,0.18164,-0.17395,-0.24341,-0.070423,0.14605,0.11532,-0.023098,0.31454,0.39496,-0.027956,0.33043,0.2754,-0.002851,0.1019,-0.16759,0.14183,-0.31759,-0.29946,-0.33152,0.36617,0.25189,0.045854,0.56094,0.34454,0.29771,0.36168,-0.24158,0.34766,-0.13286,-0.079313,0.14379,0.26483,-0.47865,-0.15859,0.23155,-0.022676,0.24905,0.16472,0.2539,-0.28595,0.31484,0.24364,0.01844,0.049067,0.40677,0.22192,0.19791,0.035673,0.31435,-0.30629,-0.16997,0.13962,-0.3794,-0.19551,0.1891,0.06803,-0.13414,0.44965,0.21713,0.02202,0.68411,0.17841,0.14747,0.18795,0.021015,-0.17876,-0.13716,-0.079437,0.31513,-0.024009,-0.068405,0.037463,0.14531,0.060041,-0.3359,-0.25804,0.42263,0.10632,-0.071361,-0.043714,0.034013,-0.00086048,-0.47814,0.41843,0.2708,0.080812,0.12794,-0.072531,0.20992,0.12563,-0.013513,-0.14636,-0.23099,0.11825,-0.15135,-0.48395,0.44163,-0.40478,0.24857,-0.15614,0.15462,-0.04121,0.035731,-0.31951,0.19883,0.25556,0.39593,0.44981,0.17982,0.016049,0.25781,-0.24024,0.51948,-0.20319,-0.46755,0.20215,0.40838,0.35182,-0.076913,0.044652,0.22574,0.1458,0.45629,0.31328,-0.22052,0.30883,0.15266,0.22839,-0.13412,-0.096758,0.02218,-0.051074,0.34543,0.31775,0.096261,0.31512,-0.028995,0.40937,-0.18883,0.52857,-0.027628,0.27076,-0.13481,0.2927,-0.069022,0.17533,0.12194,0.079011,-0.24829,0.031739,-0.15657,0.52022,-0.15606,-0.13021,0.45798,0.33194,-0.1456,-0.0011879,0.26647,0.12254,0.042782,0.15724,-0.22122,0.093191,0.29944,-0.026411
-0.16163,0.028018,0.18045,-0.016652,0.021445,0.098681,0.070769,0.14867,0.1831,-0.097825,-0.25244,0.24864,-0.17245,-0.067878,-0.18415,-0.23729,-0.21564,1,0.36927,-0.23017,-0.37847,0.016997,-0.101,-0.20174,0.15663,0.080942,0.076367,-0.024929,0.06356,-0.15801,-0.030187,-0.15688,0.33136,-0.37614,-0.017361,-0.20744,0.041532,-0.30386,-0.17048,0.33823,0.20265,0.2797,-0.030363,-0.12788,0.047039,-0.27489,-0.37199,-0.49473,-0.097141,-0.1333,0.024672,0.27155,-0.1325,0.10601,-0.20071,-0.11168,-0.089721,0.21173,-0.16728,-0.14479,-0.13113,0.078989,0.19232,0.091379,-0.19482,0.0083247,0.22198,0.11273,-0.17105,-0.15652,-0.031483,-0.25111,0.067911,-0.084682,-0.0046926,-0.25561,0.13507,0.04804,-0.013193,-0.26878,-0.071095,0.097276,0.3622,0.023829,0.023277,-0.1936,0.1745,-0.41219,-0.011738,0.25308,0.10447,-0.032318,0.32133,0.076063,-0.15377,0.057242,-0.30287,-0.31564,0.11288,-0.53678,0.29382,-0.14933,0.33735,-0.34632,-0.1295,-0.58253,-0.072212,0.027594,-0.1087,-0.073836,-0.12628,-0.33674,-0.27467,-0.40242,-0.015821,0.055,0.17722,-0.0079002,-0.13705,-0.079827,0.084226,0.020051,0.075036,-0.088005,0.012726,-0.11083,0.11426,-0.11067,-0.29039,-0.02426,-0.33602,-0.044222,-0.17602,-0.0068217,0.020679,-0.13673,-0.06728,0.094063,0.033975,-0.054737,-0.11201,0.020567,0.19829,0.088816,-0.14462,-0.56376,-0.030863,0.21444,-0.29062,0.25547,-0.14498,-0.35368,-0.17613,-0.19616,-0.38066,-0.14357,0.13951,-0.15403,-0.48858,-0.063011,-0.22768,-0.063854,0.19871,-0.10749,0.24823,0.19249,-0.078375,0.045256,0.10163,-0.26105,-0.14682,-0.13898,-0.3468,0.32745,-0.029176,-0.37009,-0.074248,-0.047744,0.1672,0.057518,-0.25943,0.13728,-0.20631,-0.25288,-0.034192,-0.15639
-0.47304,0.27647,0.42507,0.17768,-0.10244,-0.34397,0.00094872,-0.11338,0.29822,-0.076482,0.30179,0.35283,0.11743,0.30705,0.31762,-0.11269,0.045823,0.36927,1,-0.60109,0.061074,0.083322,0.23603,0.16159,-0.38856,0.59233,0.62712,0.025613,0.065912,0.47423,0.30758,-0.54641,-0.069492,-0.48157,0.328,-0.10187,0.12645,0.021772,0.14467,0.51387,0.40994,0.39956,0.40801,-0.32077,0.077954,0.14797,0.20071,0.10398,0.052259,-0.080255,-0.018572,0.51619,0.15017,-0.13671,-0.53789,0.21386,0.019931,0.39571,-0.43522,0.23502,0.56758,0.27062,-0.29051,0.24246,0.37222,-0.053813,0.20508,0.065073,-0.0042764,0.034218,0.22069,0.32272,0.30912,0.24934,0.11162,0.22518,0.31407,0.19377,0.064829,-0.20987,0.3229,0.42806,0.40254,0.11219,0.28442,0.0854,0.20577,-0.11854,0.077777,0.3531,0.40095,0.07394,0.51975,0.26604,0.1727,0.086748,-0.071316,0.34048,0.064507,-0.066502,0.41497,-0.0077103,0.31358,0.052735,-0.034736,-0.022741,0.35656,0.04687,0.27355,-0.40324,-0.17121,0.10708,0.14481,-0.65445,0.56841,0.25879,0.05541,-0.099579,-0.12457,0.091346,0.19666,-0.42696,0.25157,0.045263,0.075675,-0.4019,0.090111,0.029174,-0.048051,-0.14855,-0.43424,0.022172,-0.086161,0.10913,0.42892,0.005884,0.1743,-0.13532,0.49209,0.51208,0.42931,0.071368,0.4579,0.30853,0.25965,-0.33183,0.327,0.29381,0.12779,0.1242,0.25178,-0.61926,0.3688,-0.27437,0.12277,-0.13875,0.15383,0.43696,0.15689,0.25027,0.26892,-0.059683,0.3129,-0.51977,0.55994,-0.12397,-0.39917,0.71858,0.3396,-0.044278,-0.012663,-0.018577,0.27451,0.43797,0.00068792,0.25957,0.32291,0.021629,-0.05157,-0.46187,-0.34727,0.31984,0.38473,0.29875,0.29022,-0.19872
0.84332,-0.48834,-0.4749,-0.4547,0.33466,0.7663,0.44693,0.072185,0.063822,-0.030012,-0.055082,0.31851,-0.23395,0.26278,-0.21184,0.22098,0.27078,-0.23017,-0.60109,1,-0.051854,0.44003,-0.352,-0.28461,0.79497,-0.30588,-0.71088,0.11423,0.20985,-0.0087178,0.11508,0.44831,0.23119,0.70084,0.066394,-0.30165,-0.10769,-0.23517,-0.065958,-0.14942,-0.024846,-0.27975,-0.24862,0.40044,0.32121,-0.036136,-0.22154,0.056237,0.0019,-0.26281,0.28696,-0.052954,-0.42325,0.50501,0.58441,-0.097043,0.17324,-0.24734,0.84774,-0.01278,-0.22936,-0.063466,0.22973,-0.19591,-0.1701,0.42634,0.070438,-0.014172,0.36765,0.053434,-0.1481,-0.25645,-0.27246,-0.0033773,0.059298,-0.2999,-0.53087,0.36844,0.24689,0.32476,0.049328,-0.12607,-0.184,0.41305,-0.2043,0.038891,-0.34799,0.24598,0.19413,-0.49368,-0.20236,0.28426,-0.22254,-0.24272,-0.066398,0.21034,0.32979,-0.21086,-0.10317,0.069167,-0.47443,-0.29709,-0.42195,0.25953,0.11683,-0.0095925,-0.030494,0.23102,-0.066022,0.59741,0.11191,-0.076012,-0.18184,0.62174,-0.34566,-0.44133,0.14108,0.026205,0.40097,-0.34678,0.19928,0.71647,-0.19779,-0.1748,0.090372,0.83999,0.61499,0.17701,0.1933,0.10492,0.375,0.024256,0.095948,0.10178,-0.56333,-0.225,-0.13916,0.4442,-0.15932,-0.19769,-0.26612,-0.04496,-0.1123,0.0014675,-0.10313,0.51048,-0.13872,0.20148,0.074165,-0.072521,-0.11174,0.52691,-0.07601,0.49404,0.25296,0.48592,0.01171,-0.2631,-0.16227,0.11194,-0.51935,0.091004,-0.42025,0.71499,-0.23485,-0.040314,0.72581,-0.61001,-0.40026,-0.14853,-0.15881,0.22645,-0.32764,-0.407,0.65786,0.0028155,-0.22584,0.03726,0.44986,0.7125,0.40656,0.12238,-0.36205,-0.19615,-0.36414,-0.11341
-0.022824,0.41043,0.42503,0.16572,0.43362,-0.057476,0.10957,-0.014738,0.33316,-0.052414,0.18023,-0.068599,0.41267,0.36066,0.1182,0.24737,0.18164,-0.37847,0.061074,-0.051854,1,0.070684,0.46369,-0.020503,-0.07371,0.27588,0.098985,0.26399,0.082107,0.25409,-0.049589,-0.14827,-0.35524,0.1594,0.1647,0.43016,-0.052034,0.29709,0.28404,-0.05286,0.29842,-0.18534,0.17279,0.016183,-0.032839,0.45252,0.47569,0.44554,0.033295,0.32346,-0.080652,0.18186,-0.083384,-0.073995,-0.27966,-0.032673,0.38688,0.48926,-0.15445,0.20036,0.080283,0.010379,-0.38109,0.39319,0.25538,0.13759,-0.043032,0.35628,-0.095638,0.051429,0.05145,-0.038628,-0.13658,0.41563,0.24413,0.21758,-0.25003,0.26354,-0.1263,0.10588,0.071543,-0.015968,0.10168,-0.05801,-0.061462,-0.08759,0.25999,0.23578,0.18129,-0.34897,0.39278,0.43857,0.33563,0.044798,0.18081,0.17355,0.14166,0.36711,0.021438,0.36243,0.22148,-0.021007,-0.12046,0.041392,0.32587,0.47666,0.18208,0.17737,0.44813,-0.2945,-0.11624,0.20415,0.17903,-0.076957,0.25785,0.2421,-0.040127,-0.063604,0.30774,0.20777,0.073791,0.038661,-0.008116,0.15325,0.042624,-0.018727,-0.16428,0.37598,0.42994,-0.0045876,-0.21119,0.12796,0.15633,0.01545,0.048401,0.47196,0.19409,0.29082,0.44049,0.30025,0.11618,0.16453,0.21016,0.19307,-0.099984,0.028451,0.44905,0.16235,-0.096811,0.029849,0.53859,-0.21589,0.3439,0.10256,-0.069486,-0.12651,-0.15234,0.065529,0.23698,0.28863,0.22455,0.17961,-0.1374,0.20596,0.19042,-0.035669,0.061791,0.12519,0.27748,0.2488,0.2552,0.31717,0.088501,0.44166,0.096444,0.42514,0.28986,0.31219,0.26666,0.054974,-0.049227,0.14421,0.038687,0.53263,-0.12073,0.21807
0.36549,-0.018206,-0.11879,-0.60265,-0.04087,0.35375,0.26342,0.17543,0.35334,0.19192,0.33058,0.51556,0.082846,0.48179,0.01995,0.34006,-0.17395,0.016997,0.083322,0.44003,0.070684,1,0.087011,-0.084016,0.27737,0.22022,-0.061699,0.031761,0.22406,0.32332,0.42656,-0.28681,0.019993,0.26005,0.63109,-0.31176,0.025447,-0.031063,0.35993,0.05001,0.35989,-0.094676,-0.14807,0.031724,0.37391,-0.033286,0.47023,-0.18847,0.14579,-0.14078,0.31151,0.34327,0.057698,0.63235,-0.055366,0.069369,0.46915,0.22955,0.3368,0.63376,0.12255,0.2468,-0.055279,0.25332,0.11901,0.37647,0.35157,0.38536,0.28853,0.17272,0.4151,0.17219,0.26552,0.53296,0.088001,-0.19154,-0.31549,0.34155,0.34736,0.2085,0.15405,0.27474,0.24287,0.62678,-0.002044,0.51483,0.10241,0.38417,0.20804,-0.064815,0.054213,0.5667,0.049151,0.00028417,0.50208,0.59653,0.035145,0.090343,0.13788,0.34583,-0.055652,-0.033563,-0.064763,0.24597,0.32713,0.17499,0.32634,0.4882,-0.057567,0.08819,0.32261,0.38967,0.17301,0.13394,0.37858,0.043108,0.049161,0.21784,0.25581,-0.10937,0.22476,0.34628,0.0052177,0.0055807,0.11442,0.51722,0.3595,0.090714,0.14553,0.35589,-0.12011,0.36019,-0.092266,0.5757,0.084363,-0.3156,-0.052747,0.19197,0.44225,0.47548,-0.11322,-0.37336,0.12512,0.38364,0.1989,0.077643,0.18959,0.52859,0.28082,0.078033,0.1663,0.20832,0.1397,-0.14772,0.31872,0.34219,0.3331,0.09649,0.18187,0.2784,-0.19904,0.12284,-0.14755,0.16761,0.4228,-0.14531,0.23611,0.081873,0.2945,-0.15532,0.102,-0.044747,-0.0035413,0.11199,0.55736,0.19072,0.41004,0.11233,0.28525,0.26136,0.28141,0.052968,0.28689,0.26711,-0.18793,-0.080725
-0.25795,0.12558,0.47692,-0.16785,-0.027385,-0.42426,-0.22111,0.01443,-0.025811,0.089114,0.42461,-0.0039663,0.33979,0.28936,0.33987,0.35992,-0.24341,-0.101,0.23603,-0.352,0.46369,0.087011,1,0.12402,-0.40822,0.4891,0.39061,-0.056669,0.16074,0.1029,-0.080297,-0.34629,-0.35757,-0.18578,0.51896,0.3645,0.25978,0.21467,0.62545,0.049444,0.12092,0.17225,-0.18413,-0.36359,-0.027467,0.10866,0.41596,0.10421,0.26875,0.15642,-0.40105,0.24968,0.53864,-0.23931,-0.23008,0.35285,0.084721,0.50139,-0.25983,0.16672,0.16439,0.3228,-0.3982,0.28755,0.14546,0.038697,-0.03417,0.37666,-0.48543,0.4035,0.30536,-0.073621,0.23901,0.2579,0.30381,0.34744,0.071399,0.03614,0.24765,-0.18356,-0.10971,0.099609,0.1435,-0.069062,0.024645,0.21549,0.36958,0.31157,-0.16736,-0.12466,0.40887,0.26639,0.34103,0.014334,0.30694,0.28545,-0.055068,0.16023,0.30409,0.43513,0.3173,0.29985,0.46652,0.098891,0.22681,0.35423,0.23552,0.10599,0.05418,-0.31154,0.0098663,0.20404,0.2748,-0.25683,0.32676,0.35603,-0.13145,-0.19492,0.2628,0.054326,0.20757,-0.18866,0.029482,0.5591,0.15797,-0.24504,-0.32956,0.15452,0.42708,0.16783,-0.18331,0.22337,-0.19352,0.020831,0.49428,0.14787,0.14057,-0.27077,0.21622,0.24079,0.1898,0.039396,0.22655,0.0261,0.31033,-0.31289,0.44923,-0.059375,0.13572,0.11441,0.19976,-0.24797,0.34846,-0.16106,0.084164,-0.45239,0.096032,0.042595,0.55961,0.033579,0.018698,0.085241,0.39526,-0.23409,0.3858,0.122,-0.33796,0.40735,0.4505,0.1156,0.23997,0.023683,0.23928,0.4326,-0.21209,0.23191,0.3492,0.32334,-0.021973,-0.27822,-0.17929,-0.064188,0.5179,0.53287,0.21334,0.056962
-0.38305,0.18535,0.20646,0.042684,-0.20472,-0.41099,-0.26706,0.16999,-0.12019,0.10114,0.24806,-0.28402,0.035668,0.20549,0.17746,0.0014771,-0.070423,-0.20174,0.16159,-0.28461,-0.020503,-0.084016,0.12402,1,-0.44075,0.15143,0.3082,0.2616,0.027826,-0.070155,0.28921,0.037574,-0.1549,-0.085185,0.095546,0.21221,-0.033152,0.012134,0.034655,0.16874,-0.020477,0.026198,-0.18115,0.086821,0.0043428,0.1342,0.11773,0.018966,0.2649,0.21787,-0.057758,0.033376,0.32489,0.0034785,-0.13014,0.18146,0.13748,0.08152,-0.35864,0.11818,0.14942,0.29734,-0.13093,0.24039,0.21222,-0.39008,0.042697,-0.015048,-0.25509,-0.17237,-0.047976,0.48586,0.52263,-0.23258,0.01451,0.46582,0.49081,-0.26515,0.47745,-0.085204,0.045422,0.14434,-0.13341,-0.069167,0.2117,0.37529,-0.24252,-0.11676,-0.041937,0.14889,0.17936,-0.023076,-0.12642,0.28302,0.092943,-0.24225,0.099268,-0.11105,0.45613,0.29845,-0.20483,0.40568,0.042171,0.06309,-0.19913,0.069188,-0.031696,0.070568,0.07637,-0.4327,0.0056688,-0.12599,-0.070253,-0.038108,0.21622,0.53136,-0.18795,0.49249,-0.2602,0.22053,-0.27712,-0.30022,-0.10133,0.097756,-0.095505,-0.34453,-0.13357,0.0093448,0.32831,0.22408,-0.060939,-0.0053898,0.13208,0.18894,0.17879,-0.12152,-0.06124,-0.54206,0.054989,0.038581,0.29441,0.1889,0.1227,0.09023,0.07572,0.075938,-0.095664,-0.079262,0.28292,-0.17257,0.050036,-0.031753,0.19564,-0.20449,0.38193,-0.052038,-0.091143,0.048349,0.29312,-0.061781,0.24658,0.10492,0.11463,-0.17667,-0.20041,-0.22184,-0.083632,0.25943,0.21079,0.40803,-0.11449,-0.053954,0.25031,-0.050063,-0.20013,0.12383,0.052897,0.12037,-0.26696,-0.50671,0.32698,-0.56575,0.30472,0.10191,0.12334,0.47501
0.66764,-0.35446,-0.26914,-0.35377,0.4457,0.88421,0.56577,-0.067787,-0.0044333,-0.23869,-0.20229,0.39404,-0.32933,0.13043,-0.35925,0.10214,0.14605,0.15663,-0.38856,0.79497,-0.07371,0.27737,-0.40822,-0.44075,1,-0.35651,-0.72657,0.21698,0.11705,0.029072,-0.013212,0.32265,0.33673,0.63957,-0.096484,-0.33514,-0.086419,-0.36932,-0.17659,0.037405,-0.0063364,-0.17309,-0.20243,0.19665,0.098658,-0.18557,-0.39535,0.042958,-0.056699,-0.23461,0.30285,-0.058866,-0.68327,0.51439,0.32404,-0.30767,0.17735,-0.06114,0.76785,-0.036417,-0.24257,-0.14033,0.30389,-0.29965,-0.34149,0.27993,0.18306,-0.072812,0.325,-0.089379,-0.37564,-0.48977,-0.42122,-0.13544,0.07142,-0.50897,-0.58583,0.39859,0.089817,0.15213,-0.112,-0.25429,0.13874,0.29741,-0.21867,-0.25769,-0.2326,0.10275,0.14221,-0.53357,-0.25064,0.19335,-0.065366,-0.086787,-0.20939,0.22554,0.023412,-0.30576,-0.23215,-0.25358,-0.12549,-0.57626,-0.33291,-0.091239,-0.014895,-0.26023,-0.034633,0.25234,0.17719,0.6084,-0.1232,-0.23652,-0.36641,0.34151,-0.39395,-0.43286,0.16024,0.064969,0.4541,-0.33338,0.11931,0.86406,-0.14042,-0.23493,-0.033238,0.7275,0.55387,0.028599,0.10688,-0.0011307,0.20152,-0.06914,-0.058588,-0.019873,-0.59966,-0.28157,-0.20986,0.73827,-0.12656,-0.24923,-0.31152,-0.023843,0.038572,-0.023647,-0.12771,0.075948,-0.24147,0.32236,-0.10898,-0.082573,0.10409,0.34731,-0.24194,0.55729,0.042758,0.3715,0.072055,-0.27579,-0.4552,-0.033226,-0.47658,-0.079043,-0.41177,0.76553,-0.086195,0.058182,0.76634,-0.57436,-0.35696,-0.21425,-0.31344,0.29759,-0.48654,-0.099084,0.65784,-0.060895,-0.16429,0.05457,0.55155,0.74697,0.21398,0.33167,-0.65003,-0.42488,-0.50706,-0.25458
