1,0.53045,0.7122,0.85541,0.63857,0.65896,0.69431,0.75571,0.69307,0.69475,0.59146,0.77045,0.7746,0.38453,0.45124,0.77415,0.65782,0.79099,0.58363,0.93468,0.41151,0.71583,0.64401,-0.0080415,0.79469,0.83884,0.58778,0.45472,0.51301,0.49813,0.75572,0.46231,0.77534,0.74328,0.47866,0.70776,0.62094,0.73672,0.69887,0.64528,0.54284,0.56917,0.53075,0.56684,0.52668,0.5373,0.72644,0.72356,0.43483,0.34225,0.5163,0.75061,0.59638,0.52584,0.55849,0.71603,0.4743,0.70983,0.86595,0.69179,0.58839,0.56465,0.71338,0.67272,0.45822,0.75558,0.65385,0.26048,0.78504,0.031468,0.62476,0.40182,0.65384,0.75209,0.78143,0.22738,0.77482,0.70619,0.79684,0.52267,0.80969,0.62688,0.43989,0.86184,0.47265,-0.11819,0.094108,0.48571,0.85463,0.59776,0.56881,0.26424,0.50369,0.55218,0.73931,0.56998,0.62913,0.55977,0.43882,0.65686,0.434,0.5504,0.4324,0.49474,0.55839,0.38967,0.25751,0.81276,0.50157,0.58682,0.76855,0.683,0.42521,0.46843,0.77935,0.75923,0.30218,0.5533,0.53533,0.67751,0.80467,0.84211,0.43392,0.67409,0.38474,0.92828,0.58755,0.41756,0.63968,0.58469,0.31011,0.23331,0.12201,0.23181,0.54177,0.40286,0.33959,0.60022,0.86007,0.7559,0.6718,0.1975,0.60262,0.64114,0.52038,0.78647,0.72333,0.66211,0.41106,0.77055,0.51436,0.52996,0.62889,0.68401,0.42164,0.89095,0.65488,0.72162,0.57152,0.46148,0.59997,0.82435,0.17327,0.75841,0.73898,0.66899,0.8175,0.47691,0.62764,0.081938,0.67542,0.36792,0.5939,0.66042,0.63558,0.40204,0.76115,0.54165,0.70464,0.59241,0.42386,0.62668,0.6386,0.78805,0.54823,-0.091165
0.53045,1,0.64803,0.61821,0.26548,0.5499,0.33456,0.70511,0.76447,0.53099,0.59876,0.76903,0.80354,0.60687,0.55934,0.66064,0.71695,0.4413,0.64932,0.62038,0.48873,0.80682,0.81194,0.26749,0.75163,0.7322,0.56019,0.6767,0.57588,0.46102,0.70726,0.43179,0.74311,0.63516,0.51964,0.77836,0.75321,0.81404,0.77065,0.7272,0.51034,0.6008,0.48794,0.36254,0.3423,0.59266,0.70071,0.78633,0.30661,0.23712,0.5837,0.84021,0.54856,0.54221,0.25463,0.71419,0.568,0.8051,0.35561,0.3336,0.50954,0.64598,0.66404,0.57224,0.51716,0.63296,0.72936,0.7012,0.71123,0.50775,0.69416,0.61796,0.57243,0.67128,0.77126,0.32532,0.68219,0.38023,0.68912,0.62842,0.68922,0.30565,0.45537,0.68023,0.78186,0.23421,0.43229,0.53898,0.75441,0.55387,0.52426,0.21705,0.87557,0.68839,0.76836,0.80387,0.4623,0.36604,0.39,0.69663,0.49844,0.78237,0.41287,0.52365,0.82567,0.78154,0.39573,0.73047,0.40196,0.59355,0.77057,0.58007,0.70213,0.16809,0.8114,0.74643,0.43613,0.6303,0.54874,0.82432,0.77329,0.70027,0.21802,0.8677,0.2701,0.54541,0.58283,0.090401,0.73558,0.58786,0.19092,-0.039884,0.31643,0.46628,0.47338,0.45014,0.4725,0.5752,0.75665,0.75926,0.83706,0.45814,0.72537,0.72323,0.70934,0.79026,0.70246,0.48885,0.74235,0.69482,0.77015,0.61885,0.74678,0.57595,0.52361,0.6112,0.77096,0.69853,0.82082,0.51331,0.59436,0.61527,0.49622,0.43843,0.78196,0.75589,0.68329,0.66933,0.5959,0.45773,0.81523,0.56729,0.79406,0.69027,0.40894,0.39372,0.58725,0.59279,0.63048,0.62666,0.42413,0.64465,0.75741,0.81472,0.72309,-0.029918
0.7122,0.64803,1,0.70707,0.54213,0.58048,0.44461,0.69527,0.73462,0.65526,0.67909,0.77303,0.69808,0.41555,0.28053,0.70793,0.7209,0.74313,0.66596,0.82291,0.41179,0.75773,0.69984,0.34958,0.66108,0.68654,0.5455,0.56918,0.49749,0.22684,0.77152,0.23651,0.804,0.52367,0.55284,0.75637,0.61089,0.761,0.59959,0.65907,0.69093,0.37366,0.37787,0.5506,0.62509,0.56761,0.65516,0.74884,0.32503,0.54163,0.54417,0.6962,0.66759,0.60417,0.34202,0.71323,0.50221,0.69804,0.62718,0.47428,0.55243,0.58256,0.76858,0.7012,0.627,0.76995,0.72237,0.6653,0.82589,0.19852,0.71115,0.51205,0.68563,0.73689,0.72034,0.1917,0.60468,0.6005,0.65689,0.47719,0.73076,0.40906,0.37239,0.67287,0.6464,-0.098125,0.34338,0.62764,0.76797,0.5707,0.41713,0.35186,0.53735,0.62686,0.8019,0.65948,0.59763,0.41762,0.39657,0.6673,0.58083,0.57419,0.63737,0.52178,0.69808,0.50073,0.3788,0.77217,0.4833,0.65624,0.68559,0.42512,0.49733,-0.10062,0.70899,0.76112,0.49369,0.59863,0.41822,0.71698,0.67971,0.71531,0.23243,0.72331,0.31119,0.69005,0.55028,0.28007,0.55316,0.59447,0.11934,0.0076132,0.19616,0.39204,0.48321,0.31562,0.41884,0.64681,0.7795,0.7525,0.78233,0.23079,0.55745,0.76222,0.61932,0.84878,0.63032,0.64483,0.59842,0.69541,0.58874,0.62062,0.72457,0.55443,0.31794,0.70496,0.66222,0.6392,0.73753,0.509,0.42053,0.52893,0.51099,0.53345,0.69557,0.82614,0.70602,0.4664,0.6208,0.28344,0.80783,0.49592,0.73611,0.66497,0.34452,0.38089,0.76163,0.52241,0.61169,0.63243,0.57093,0.83917,0.75997,0.77696,0.47363,-0.050314
0.85541,0.61821,0.70707,1,0.58632,0.69838,0.82958,0.66333,0.65196,0.56404,0.55778,0.80027,0.82291,0.51294,0.37224,0.79737,0.65764,0.80323,0.49157,0.85141,0.35055,0.78009,0.69432,0.019681,0.8158,0.76308,0.47421,0.45887,0.35673,0.48057,0.69647,0.47074,0.88071,0.80701,0.57499,0.77338,0.54138,0.81743,0.58109,0.51072,0.42898,0.47812,0.61797,0.65812,0.46922,0.58889,0.68405,0.77492,0.52723,0.48861,0.54273,0.76294,0.54958,0.58733,0.4235,0.75924,0.55034,0.77958,0.8177,0.52831,0.55583,0.35952,0.68138,0.63592,0.42342,0.70377,0.57589,0.43227,0.75555,0.25135,0.70874,0.3487,0.63401,0.69765,0.76515,0.15059,0.74469,0.78661,0.81322,0.51869,0.73347,0.46126,0.20279,0.74343,0.51536,0.06041,0.17935,0.61568,0.84359,0.61268,0.64553,0.12424,0.6166,0.52103,0.69202,0.50474,0.63339,0.48655,0.53199,0.6706,0.52331,0.60805,0.53535,0.28129,0.62563,0.43433,0.4704,0.83173,0.41683,0.66655,0.74454,0.64575,0.47372,0.3544,0.75155,0.75343,0.48387,0.64081,0.38772,0.76612,0.72498,0.85217,0.32645,0.66157,0.29051,0.75107,0.58857,0.40801,0.56832,0.60588,0.26368,0.30284,0.35139,0.30464,0.42903,0.65935,0.38414,0.54183,0.8192,0.74684,0.69109,0.18608,0.48474,0.65834,0.59223,0.82838,0.75992,0.71774,0.53279,0.67389,0.6139,0.50462,0.69316,0.76362,0.34862,0.92211,0.70736,0.66565,0.6778,0.60806,0.45722,0.66685,0.29083,0.79592,0.73105,0.71456,0.82342,0.41645,0.70007,0.17964,0.78856,0.2692,0.67382,0.71617,0.53338,0.42666,0.65299,0.65592,0.77274,0.68494,0.40839,0.75142,0.65349,0.79003,0.50044,-0.093024
0.63857,0.26548,0.54213,0.58632,1,0.39251,0.60859,0.4221,0.41805,0.44114,0.35061,0.44638,0.36976,0.12045,0.4244,0.64061,0.45401,0.47935,0.70602,0.59281,0.2246,0.3826,0.33412,0.15855,0.44778,0.51837,0.43268,0.37181,0.34901,0.31933,0.5149,0.27874,0.50824,0.45783,0.19031,0.33542,0.48369,0.48543,0.42169,0.37461,0.43662,0.27165,-0.085364,0.42494,0.19314,0.3804,0.48685,0.37641,0.47385,0.46522,0.30146,0.32036,0.53823,0.0028631,0.4017,0.42663,0.33037,0.55668,0.45472,0.44495,0.55869,0.35786,0.56027,0.49498,0.43183,0.35105,0.50369,0.12005,0.41793,-0.30065,0.5033,0.31004,0.45541,0.47376,0.34343,-0.050846,0.51686,0.58824,0.53093,0.14327,0.56936,0.36609,0.29932,0.50915,0.37661,-0.44016,0.24004,0.22337,0.41442,0.32229,0.31447,0.049707,0.16343,0.34806,0.4678,0.2458,0.59158,0.45817,0.22335,0.47194,0.094745,0.30456,0.3416,0.53199,0.34256,0.22273,0.34999,0.55214,0.22881,0.30397,0.41148,0.44383,0.21328,0.18808,0.38815,0.52949,-0.068482,-0.031256,0.19268,0.2963,0.43747,0.59095,0.50782,0.45043,0.30954,0.58664,0.5521,0.33772,0.41922,0.42057,0.10963,0.15719,0.042324,0.044185,0.21346,0.22446,0.16839,0.32326,0.51799,0.45151,0.28752,0.089492,0.30475,0.4926,0.30778,0.51659,0.43467,0.39624,0.00060393,0.4452,0.34953,0.16834,0.50263,0.5894,0.27557,0.54634,0.38763,0.368,0.30481,0.18431,0.47164,0.568,0.13414,0.43252,0.47224,0.53103,0.47151,0.42314,0.39533,0.027235,0.31035,0.24869,0.48551,0.48001,0.32473,0.52538,0.41217,0.4271,0.40611,0.3501,0.74187,0.47245,0.40912,0.47699,0.099116,-0.27596
0.65896,0.5499,0.58048,0.69838,0.39251,1,0.53314,0.59421,0.57669,0.42822,0.56566,0.6373,0.61146,0.46733,0.24016,0.64168,0.57827,0.60613,0.37949,0.714,0.10979,0.68143,0.70113,0.00077986,0.82343,0.62269,0.36153,0.2027,0.21288,0.25932,0.46884,0.40839,0.77443,0.62727,0.7229,0.57277,0.47201,0.72919,0.43936,0.33524,0.61168,0.57678,0.48044,0.52994,0.52993,0.65709,0.44134,0.77767,0.40064,0.39862,0.32254,0.77013,0.27669,0.57786,0.40586,0.63602,0.75837,0.55451,0.55005,0.44207,0.35491,0.2669,0.54989,0.56659,0.229,0.62494,0.38055,0.38731,0.60401,0.3693,0.58946,0.26326,0.25387,0.46871,0.57905,0.1187,0.55457,0.71373,0.66274,0.46857,0.62677,0.24362,0.44469,0.58929,0.35231,-0.0090435,0.33174,0.59782,0.69083,0.34778,0.46559,0.46707,0.54168,0.29189,0.51035,0.49942,0.6557,0.28897,0.46072,0.48668,0.64254,0.33303,0.35231,0.22311,0.52007,0.49319,0.25135,0.56304,0.51594,0.91825,0.61571,0.51697,0.68153,0.27675,0.64613,0.64666,0.33785,0.5731,0.33373,0.5896,0.68203,0.80379,0.28722,0.55278,0.42103,0.60699,0.31117,0.49423,0.47445,0.69914,0.31102,0.11344,0.30545,0.59765,0.18807,0.50235,0.28051,0.55821,0.59601,0.59831,0.50001,0.37847,0.33347,0.42962,0.38083,0.66399,0.62583,0.73488,0.27673,0.67193,0.58875,0.3552,0.68284,0.5975,0.21363,0.68214,0.43584,0.40662,0.56597,0.81003,0.31255,0.43412,0.26848,0.86552,0.68008,0.58716,0.80021,0.37743,0.57435,0.56697,0.6596,0.18698,0.49028,0.74235,0.70588,0.35583,0.47869,0.6194,0.72968,0.92452,0.21339,0.5123,0.6006,0.6193,0.40824,0.22511
0.69431,0.33456,0.44461,0.82958,0.60859,0.53314,1,0.46542,0.50489,0.33249,0.42263,0.63791,0.57705,0.32101,0.1946,0.7227,0.46077,0.74528,0.33048,0.65841,0.072413,0.52216,0.48397,-0.298,0.66169,0.66098,0.28927,0.37507,0.23218,0.35833,0.41534,0.3446,0.65795,0.81519,0.27379,0.49237,0.36573,0.51886,0.4083,0.19707,0.24855,0.31071,0.38424,0.43712,0.22967,0.52952,0.56242,0.50218,0.60975,0.3785,0.55193,0.53632,0.39762,0.28218,0.48651,0.55487,0.40635,0.54081,0.68597,0.23518,0.51125,0.12967,0.46793,0.41972,0.12941,0.43868,0.34563,0.15456,0.5702,0.091442,0.56617,0.06763,0.33991,0.5083,0.49033,0.22505,0.55281,0.65008,0.63037,0.41224,0.42089,0.17957,0.016481,0.59095,0.24514,-0.18225,0.22058,0.40065,0.6275,0.40514,0.4105,0.0085728,0.30372,0.25241,0.38808,0.31942,0.51747,0.22033,0.38724,0.42214,0.1704,0.353,0.13424,0.19916,0.35582,0.31551,0.327,0.59015,0.14103,0.51352,0.58787,0.45052,0.3141,0.34342,0.57069,0.59583,0.068958,0.46294,0.1638,0.43175,0.57131,0.65059,0.38863,0.46454,0.17832,0.63866,0.54908,0.44995,0.38516,0.42192,0.30969,0.40563,0.33383,0.046548,0.060552,0.43014,0.26797,0.30447,0.64575,0.57772,0.42391,-0.0693,0.1676,0.36048,0.36561,0.62909,0.56825,0.45959,0.20636,0.48657,0.24722,0.29857,0.5133,0.70435,0.19576,0.85151,0.50957,0.56745,0.4786,0.43145,0.4952,0.57633,0.063099,0.71086,0.48069,0.44768,0.59053,0.21794,0.34779,0.015888,0.49374,0.13254,0.53138,0.49533,0.25896,0.50668,0.392,0.53313,0.57271,0.46107,0.38577,0.66175,0.34902,0.5322,0.26524,0.11948
0.75571,0.70511,0.69527,0.66333,0.4221,0.59421,0.46542,1,0.7297,0.69802,0.82811,0.80908,0.76167,0.62396,0.63655,0.71763,0.80205,0.63138,0.73547,0.75777,0.40625,0.74578,0.88327,0.27001,0.81146,0.86698,0.76154,0.59211,0.66091,0.60643,0.72054,0.17537,0.76168,0.63768,0.67042,0.71399,0.80781,0.71882,0.77068,0.76894,0.62066,0.61184,0.55996,0.28055,0.67402,0.75896,0.80282,0.78014,0.21882,0.2396,0.55931,0.82589,0.7484,0.56446,0.44453,0.76021,0.59598,0.75668,0.54846,0.46832,0.58301,0.81912,0.77132,0.75867,0.53393,0.698,0.74761,0.40784,0.81648,0.29586,0.78343,0.71809,0.73636,0.82801,0.84073,0.40692,0.84673,0.58413,0.77939,0.75552,0.7535,0.43572,0.58307,0.85632,0.67799,0.066706,0.41013,0.60768,0.85788,0.82118,0.35872,0.41167,0.50603,0.62694,0.85668,0.74506,0.62971,0.36902,0.27288,0.75306,0.60095,0.75624,0.4927,0.64203,0.73611,0.69767,0.10501,0.76524,0.56695,0.55518,0.84642,0.74741,0.56833,0.3358,0.85127,0.76622,0.43977,0.5289,0.75537,0.80799,0.89138,0.77799,0.59137,0.87623,0.35403,0.85872,0.69612,0.48449,0.78849,0.68232,0.18193,0.2416,0.34198,0.55601,0.61546,0.3375,0.31693,0.63782,0.8604,0.78203,0.69868,0.43935,0.68285,0.62519,0.66364,0.84985,0.78003,0.67943,0.62388,0.73314,0.68684,0.53696,0.8553,0.5121,0.37153,0.73283,0.72157,0.79369,0.78679,0.61421,0.7011,0.68458,0.41843,0.52206,0.84773,0.73495,0.74986,0.63864,0.61982,0.51964,0.79503,0.63797,0.6766,0.71146,0.60843,0.4361,0.76571,0.66151,0.60142,0.58041,0.55768,0.57052,0.76313,0.80666,0.71433,-0.13742
0.69307,0.76447,0.73462,0.65196,0.41805,0.57669,0.50489,0.7297,1,0.68062,0.61727,0.94341,0.73958,0.44042,0.50619,0.80205,0.87558,0.56423,0.6305,0.67672,0.37509,0.72201,0.75609,0.15275,0.76687,0.83961,0.59924,0.48404,0.60045,0.37641,0.75312,0.18663,0.70916,0.55056,0.49219,0.68663,0.66409,0.7541,0.86861,0.66635,0.38514,0.38168,0.39217,0.4196,0.53958,0.60669,0.70062,0.7515,0.49918,0.19352,0.5852,0.81151,0.57112,0.40409,0.26651,0.77031,0.43677,0.83886,0.59018,0.31704,0.60364,0.62491,0.76032,0.54842,0.58117,0.69689,0.76072,0.33,0.85981,0.3117,0.77585,0.62865,0.65023,0.60977,0.75575,0.44952,0.71077,0.54145,0.63718,0.48527,0.5727,0.15665,0.50174,0.83401,0.67308,-0.19186,0.26947,0.59269,0.77521,0.45848,0.46397,0.46989,0.66094,0.64423,0.85987,0.87626,0.58863,0.2385,0.43132,0.61947,0.49304,0.67654,0.35139,0.6768,0.59331,0.57543,0.26141,0.76458,0.36287,0.63564,0.76005,0.63779,0.5022,0.19391,0.91077,0.75791,0.29308,0.52956,0.4377,0.69746,0.8945,0.72405,0.25522,0.72416,0.29805,0.74006,0.74229,0.25138,0.72523,0.65505,0.13136,-0.00074452,0.030896,0.41116,0.42443,0.20534,0.23315,0.48499,0.8548,0.86161,0.79073,0.18901,0.54201,0.75196,0.46305,0.88814,0.64838,0.55561,0.53422,0.71212,0.45712,0.7334,0.69958,0.56614,0.43546,0.69134,0.90013,0.63704,0.8389,0.55483,0.60803,0.65361,0.38825,0.47319,0.73809,0.65487,0.77352,0.58136,0.50188,0.2256,0.7758,0.545,0.78613,0.64388,0.46934,0.35724,0.69619,0.58793,0.81772,0.48541,0.48814,0.71264,0.76646,0.82523,0.5961,0.061946
0.69475,0.53099,0.65526,0.56404,0.44114,0.42822,0.33249,0.69802,0.68062,1,0.60167,0.69201,0.71742,0.46204,0.62422,0.60939,0.66947,0.65687,0.58943,0.68347,0.66494,0.52378,0.69919,0.27539,0.57926,0.76328,0.68672,0.31791,0.6602,0.41254,0.64424,0.42364,0.56,0.36408,0.57105,0.62093,0.59108,0.66467,0.7412,0.66301,0.43762,0.4645,0.50614,0.55581,0.59231,0.47761,0.63766,0.72639,0.18277,0.41539,0.34128,0.72058,0.71982,0.32981,0.48417,0.48985,0.37709,0.63945,0.61041,0.47802,0.5634,0.66337,0.8529,0.58425,0.74927,0.55484,0.69682,0.25058,0.59028,0.29566,0.59322,0.64771,0.78864,0.50625,0.65689,0.12966,0.77493,0.6523,0.64948,0.52809,0.66715,0.5881,0.60437,0.74155,0.67343,0.075728,0.43968,0.63279,0.64177,0.61122,0.34514,0.425,0.37772,0.65728,0.79015,0.63941,0.44751,0.56158,0.379,0.60049,0.44164,0.73489,0.51962,0.71449,0.55848,0.48394,0.14376,0.65344,0.4451,0.46546,0.71984,0.64044,0.51723,0.12246,0.62378,0.69934,0.40951,0.23889,0.52794,0.66387,0.74434,0.58672,0.51904,0.68218,0.34458,0.73466,0.64516,0.34695,0.80921,0.45041,0.34311,0.073969,0.25604,0.28805,0.44349,0.20932,0.29721,0.58222,0.71438,0.61886,0.66876,0.41431,0.65826,0.81809,0.55171,0.67342,0.68779,0.51268,0.55674,0.63205,0.60226,0.77171,0.60243,0.40661,0.4613,0.53595,0.6869,0.69846,0.69725,0.42373,0.61946,0.65758,0.46372,0.34653,0.697,0.67662,0.60317,0.68477,0.43377,0.09168,0.70858,0.76794,0.69004,0.50364,0.58222,0.60076,0.84677,0.65631,0.62947,0.46411,0.45172,0.43507,0.67571,0.81237,0.70126,-0.11549
0.59146,0.59876,0.67909,0.55778,0.35061,0.56566,0.42263,0.82811,0.61727,0.60167,1,0.65855,0.64397,0.70475,0.45694,0.66999,0.62781,0.63263,0.64187,0.65752,0.46499,0.67973,0.84193,0.12813,0.6939,0.70614,0.65387,0.55271,0.51008,0.36043,0.69962,0.19598,0.66824,0.50894,0.68783,0.54901,0.66466,0.68024,0.59221,0.51495,0.63717,0.4624,0.46534,0.29632,0.74144,0.79225,0.59231,0.73201,0.34372,0.26579,0.51933,0.70878,0.5935,0.61499,0.29561,0.70175,0.6401,0.67491,0.34826,0.29158,0.46435,0.57787,0.67073,0.7782,0.50246,0.6151,0.50996,0.54379,0.70864,0.20049,0.73444,0.53656,0.57383,0.66001,0.68047,0.046052,0.62362,0.65811,0.70878,0.63468,0.62975,0.30637,0.3836,0.6224,0.66066,-0.0082404,0.4042,0.73836,0.77095,0.73037,0.1621,0.48993,0.374,0.36238,0.69258,0.63315,0.63529,0.4196,0.42907,0.5153,0.58894,0.58818,0.49848,0.51894,0.63197,0.62281,0.13883,0.66097,0.57943,0.62438,0.72034,0.63263,0.60751,0.20391,0.68625,0.75337,0.43753,0.56394,0.73806,0.64424,0.72726,0.69356,0.59954,0.70537,0.43679,0.71192,0.49276,0.51076,0.59786,0.65243,0.16869,0.15726,0.58638,0.60418,0.35409,0.25769,0.51043,0.57489,0.67103,0.65725,0.6904,0.34144,0.44327,0.5919,0.62403,0.7217,0.67953,0.71804,0.51049,0.53689,0.55679,0.59284,0.84751,0.35055,0.35751,0.59414,0.55904,0.64464,0.69439,0.56518,0.53298,0.54308,0.57032,0.4964,0.81009,0.68615,0.60804,0.52467,0.5623,0.57646,0.71919,0.54822,0.61924,0.67013,0.49669,0.45088,0.52775,0.7059,0.59846,0.58232,0.4078,0.57169,0.72402,0.64241,0.50435,0.13385
0.77045,0.76903,0.77303,0.80027,0.44638,0.6373,0.63791,0.80908,0.94341,0.69201,0.65855,1,0.83938,0.52833,0.50358,0.81772,0.90291,0.68503,0.63784,0.77088,0.37434,0.78637,0.85001,0.1758,0.85183,0.87261,0.62032,0.56149,0.54334,0.43862,0.78099,0.18937,0.82153,0.65892,0.56318,0.76957,0.70182,0.80032,0.80754,0.67118,0.37317,0.40876,0.56632,0.45093,0.59508,0.68431,0.77833,0.78983,0.42369,0.34589,0.61189,0.86515,0.66245,0.53949,0.36343,0.842,0.48553,0.86757,0.72096,0.41167,0.65915,0.6323,0.81806,0.62959,0.60946,0.75792,0.76866,0.39162,0.90971,0.36226,0.80041,0.64399,0.69509,0.70352,0.8551,0.4546,0.8052,0.65439,0.73898,0.5677,0.65036,0.22075,0.41674,0.86055,0.67169,-0.076665,0.33093,0.61556,0.86334,0.63613,0.51701,0.42664,0.67563,0.6739,0.89848,0.87409,0.56453,0.23837,0.4412,0.73162,0.52181,0.76243,0.46328,0.57496,0.68488,0.60419,0.27655,0.8313,0.39271,0.69864,0.84435,0.6696,0.50689,0.19664,0.93163,0.79259,0.41388,0.61487,0.44019,0.82934,0.92351,0.81885,0.28616,0.78762,0.28086,0.80735,0.78753,0.32731,0.74372,0.66725,0.2164,0.037266,0.17486,0.39915,0.45015,0.41692,0.22447,0.55221,0.91981,0.92749,0.79815,0.23615,0.56276,0.78001,0.55129,0.93875,0.77585,0.65278,0.61353,0.78187,0.57802,0.69033,0.76039,0.65268,0.34303,0.79997,0.90795,0.7302,0.88372,0.63553,0.62128,0.70258,0.37436,0.56745,0.80228,0.74425,0.85146,0.60034,0.57916,0.24011,0.86675,0.52947,0.81666,0.70961,0.51332,0.44724,0.77427,0.6351,0.82107,0.59172,0.53239,0.79806,0.81414,0.8796,0.6659,0.027149
0.7746,0.80354,0.69808,0.82291,0.36976,0.61146,0.57705,0.76167,0.73958,0.71742,0.64397,0.83938,1,0.5946,0.54734,0.72111,0.73028,0.66522,0.58222,0.86055,0.5324,0.7553,0.84253,0.15155,0.81749,0.85824,0.58387,0.56091,0.53253,0.45136,0.78625,0.50656,0.88395,0.75874,0.52899,0.81311,0.72445,0.85775,0.71553,0.71132,0.43426,0.55969,0.78991,0.50408,0.51974,0.67032,0.76638,0.80995,0.27385,0.44652,0.73689,0.88419,0.64487,0.65937,0.57128,0.76069,0.5113,0.80538,0.68446,0.45272,0.56972,0.62179,0.77798,0.62543,0.56259,0.77156,0.77295,0.52179,0.78094,0.41964,0.67897,0.57706,0.68851,0.70622,0.78112,0.30611,0.80288,0.68639,0.89325,0.57997,0.73054,0.44801,0.35375,0.75515,0.70389,0.25625,0.36599,0.55961,0.83757,0.72638,0.50036,0.1675,0.65908,0.75093,0.79004,0.74502,0.44943,0.51568,0.66741,0.74759,0.46597,0.78247,0.44865,0.42532,0.69635,0.68405,0.28927,0.8283,0.40007,0.68439,0.81281,0.60724,0.63175,0.34449,0.80673,0.75719,0.57362,0.70026,0.50184,0.911,0.80218,0.82186,0.31097,0.8559,0.18896,0.77106,0.56164,0.34071,0.73655,0.45859,0.51697,0.18403,0.37125,0.32742,0.40271,0.67679,0.34863,0.5999,0.8298,0.74669,0.89291,0.46013,0.687,0.79567,0.74203,0.84541,0.81093,0.59323,0.77382,0.70075,0.80137,0.73809,0.72755,0.65847,0.42714,0.77837,0.78565,0.73807,0.82624,0.62759,0.5845,0.77059,0.39658,0.59748,0.84047,0.76169,0.79446,0.63869,0.67404,0.20724,0.88469,0.4782,0.82817,0.77211,0.59591,0.47839,0.75046,0.66204,0.76103,0.69599,0.35717,0.72331,0.70868,0.86248,0.83252,0.06674
0.38453,0.60687,0.41555,0.51294,0.12045,0.46733,0.32101,0.62396,0.44042,0.46204,0.70475,0.52833,0.5946,1,0.59922,0.57407,0.5467,0.36426,0.47908,0.43736,0.49334,0.55469,0.7809,0.12617,0.67039,0.55674,0.67973,0.31552,0.344,0.68534,0.52337,0.30875,0.62685,0.47954,0.70712,0.64015,0.52068,0.66882,0.53869,0.46023,0.43269,0.45937,0.60355,0.33957,0.52607,0.72527,0.51171,0.60653,0.39432,0.22494,0.41959,0.69689,0.44579,0.63922,0.21167,0.71188,0.61044,0.61549,0.32805,0.32994,0.20457,0.48294,0.5948,0.71993,0.28916,0.51048,0.49122,0.52396,0.59426,0.36637,0.69943,0.55341,0.47732,0.41808,0.69983,0.10925,0.69479,0.50373,0.5563,0.67696,0.62817,0.15095,0.43956,0.55214,0.62519,0.033042,0.48943,0.70338,0.69283,0.73785,0.2978,0.45241,0.44466,0.43005,0.60935,0.4862,0.53746,0.25706,0.3913,0.58997,0.6279,0.76235,0.6452,0.35306,0.61011,0.75217,0.26938,0.65047,0.70327,0.47986,0.71663,0.69761,0.72721,0.31764,0.61525,0.77457,0.51429,0.50724,0.70549,0.73138,0.6306,0.66579,0.50073,0.64503,0.13177,0.53665,0.42355,0.38254,0.65006,0.60796,0.1354,0.026912,0.72075,0.57726,0.32567,0.41466,0.24344,0.60249,0.58122,0.52936,0.59942,0.38074,0.50406,0.60914,0.74335,0.56621,0.57168,0.6954,0.62743,0.57631,0.61686,0.39335,0.71562,0.24198,0.36099,0.39925,0.56974,0.56243,0.66219,0.63627,0.33659,0.29657,0.65195,0.4267,0.74732,0.60735,0.56891,0.66206,0.73706,0.46854,0.6812,0.41241,0.61584,0.67003,0.38692,0.44487,0.55731,0.56143,0.55317,0.55908,0.28779,0.39428,0.69997,0.69408,0.5473,0.15866
0.45124,0.55934,0.28053,0.37224,0.4244,0.24016,0.1946,0.63655,0.50619,0.62422,0.45694,0.50358,0.54734,0.59922,1,0.5319,0.60127,0.12371,0.75802,0.40346,0.54006,0.4447,0.61271,0.47383,0.51669,0.63201,0.84612,0.32487,0.64458,0.78717,0.59041,0.20463,0.43117,0.33366,0.44596,0.52947,0.67998,0.63199,0.74448,0.69025,0.33986,0.5692,0.35873,0.26228,0.39385,0.50062,0.58244,0.39964,0.28202,0.14625,0.38417,0.5628,0.50353,0.22335,0.21186,0.50587,0.49574,0.70024,0.27783,0.44035,0.45371,0.74619,0.68103,0.4147,0.59761,0.40538,0.72145,0.076302,0.42889,0.2276,0.56001,0.80985,0.64913,0.49966,0.5831,0.17682,0.79884,0.42434,0.56472,0.43078,0.66663,0.28269,0.73738,0.61527,0.70698,-0.029669,0.38657,0.43211,0.48747,0.67458,0.26009,0.28102,0.37213,0.62852,0.67553,0.48559,0.40125,0.36746,0.3171,0.74858,0.25621,0.77206,0.45821,0.75108,0.40588,0.56134,0.062022,0.64414,0.5751,0.12842,0.57279,0.81851,0.56817,0.38176,0.54214,0.58766,0.10533,0.037519,0.64211,0.59078,0.64796,0.58996,0.68024,0.66123,0.26035,0.61182,0.6312,0.28728,0.84648,0.48646,0.055917,0.12813,0.17183,0.24328,0.4407,0.24005,0.10866,0.3027,0.58486,0.51167,0.49144,0.52133,0.6363,0.64401,0.51969,0.49956,0.5682,0.40709,0.45039,0.53695,0.61368,0.41136,0.66954,0.28332,0.52829,0.31589,0.64969,0.51698,0.56292,0.37852,0.63567,0.50693,0.51699,0.14947,0.72353,0.43349,0.46678,0.89814,0.56383,0.20012,0.48782,0.64868,0.59608,0.55439,0.48987,0.4752,0.59475,0.53486,0.48037,0.24392,0.57767,0.22584,0.62076,0.6567,0.6569,-0.22487
0.77415,0.66064,0.70793,0.79737,0.64061,0.64168,0.7227,0.71763,0.80205,0.60939,0.66999,0.81772,0.72111,0.57407,0.5319,1,0.74692,0.69553,0.6264,0.76034,0.49884,0.76429,0.7197,0.094316,0.80798,0.82518,0.59504,0.57897,0.69536,0.5526,0.68425,0.41819,0.79404,0.76918,0.58118,0.77031,0.70891,0.77228,0.7598,0.66136,0.56017,0.50937,0.40989,0.58481,0.48336,0.63239,0.63635,0.77648,0.72879,0.40057,0.59838,0.80193,0.52003,0.37049,0.44871,0.84238,0.56701,0.85395,0.60552,0.47949,0.6002,0.59928,0.76846,0.69443,0.41481,0.67799,0.73133,0.38231,0.7867,0.15762,0.9152,0.46269,0.56936,0.69559,0.7125,0.29418,0.74506,0.61909,0.81094,0.56888,0.7127,0.26718,0.42316,0.80933,0.63389,-0.26078,0.29412,0.69403,0.82986,0.55335,0.44674,0.25267,0.60299,0.65523,0.75202,0.57174,0.82548,0.36524,0.48343,0.59923,0.51536,0.65696,0.42078,0.54264,0.57885,0.65296,0.49105,0.8312,0.53326,0.59854,0.78011,0.7761,0.57595,0.32987,0.80827,0.81017,0.29831,0.51638,0.4914,0.65352,0.82635,0.79076,0.49419,0.71373,0.32214,0.79704,0.64326,0.28061,0.64176,0.69085,0.25589,0.22734,0.31505,0.40359,0.35997,0.36656,0.40506,0.57287,0.81375,0.72481,0.69837,0.19548,0.61039,0.66681,0.62685,0.82225,0.66802,0.65844,0.4774,0.63969,0.48521,0.52891,0.75247,0.77793,0.48679,0.81322,0.81222,0.67939,0.77834,0.54608,0.58818,0.63294,0.52743,0.63789,0.81564,0.68777,0.72344,0.54198,0.66693,0.29097,0.74481,0.48779,0.80255,0.68703,0.52086,0.47617,0.64602,0.61951,0.74511,0.55453,0.63397,0.68378,0.66026,0.79804,0.47746,0.065463
0.65782,0.71695,0.7209,0.65764,0.45401,0.57827,0.46077,0.80205,0.87558,0.66947,0.62781,0.90291,0.73028,0.5467,0.60127,0.74692,1,0.4897,0.72019,0.67635,0.43455,0.7715,0.80248,0.31791,0.83065,0.80957,0.65822,0.45837,0.53581,0.45973,0.68351,0.058852,0.75682,0.51875,0.55525,0.6934,0.61947,0.77548,0.72483,0.63876,0.4026,0.36197,0.51289,0.45231,0.54845,0.69482,0.83091,0.71725,0.27506,0.36196,0.5261,0.81673,0.71952,0.40765,0.23772,0.85857,0.4873,0.82746,0.58202,0.46897,0.60111,0.67315,0.81626,0.63643,0.59773,0.67909,0.75519,0.30823,0.84731,0.27585,0.80195,0.8092,0.74118,0.64989,0.80366,0.37352,0.81397,0.58771,0.72028,0.59774,0.61145,0.24415,0.5211,0.82787,0.66977,-0.16976,0.40749,0.57012,0.79356,0.60417,0.58968,0.54479,0.6158,0.62403,0.93027,0.79183,0.53869,0.18008,0.28148,0.73609,0.50843,0.74544,0.55185,0.67825,0.62721,0.61197,0.32847,0.8045,0.42365,0.58701,0.83389,0.67333,0.4892,0.13108,0.87877,0.76251,0.41182,0.45665,0.49956,0.8143,0.88559,0.79055,0.25723,0.79623,0.3247,0.76533,0.77656,0.27865,0.76771,0.74041,0.05864,-0.065915,0.12929,0.50155,0.47865,0.33879,0.10291,0.53068,0.88861,0.86292,0.71079,0.26847,0.49376,0.71985,0.49745,0.87982,0.81336,0.6393,0.6324,0.74254,0.59437,0.68029,0.7735,0.51432,0.33144,0.62838,0.89665,0.58632,0.83035,0.68403,0.62194,0.55337,0.45339,0.48749,0.79874,0.74063,0.84919,0.687,0.6241,0.35717,0.8541,0.54633,0.75989,0.67743,0.55223,0.44341,0.75243,0.49863,0.75315,0.5399,0.55524,0.65584,0.82777,0.84804,0.67013,-0.091103
0.79099,0.4413,0.74313,0.80323,0.47935,0.60613,0.74528,0.63138,0.56423,0.65687,0.63263,0.68503,0.66522,0.36426,0.12371,0.69553,0.4897,1,0.36505,0.80623,0.33645,0.64235,0.6332,-0.11274,0.66519,0.69013,0.37837,0.50148,0.4461,0.25272,0.52385,0.46753,0.67671,0.704,0.54344,0.66984,0.44607,0.58216,0.48168,0.40229,0.54434,0.42472,0.49966,0.53955,0.4929,0.50381,0.56715,0.74995,0.38096,0.47956,0.42985,0.67013,0.5758,0.48607,0.54605,0.53745,0.46887,0.53099,0.76528,0.43106,0.54743,0.33847,0.6413,0.62624,0.38575,0.56157,0.43071,0.4408,0.64124,0.25117,0.60536,0.17712,0.53019,0.65572,0.65685,0.15117,0.59481,0.65646,0.66825,0.59794,0.60252,0.52459,0.17885,0.65265,0.36049,0.056913,0.31009,0.63456,0.75374,0.51855,0.40545,0.18649,0.39748,0.39742,0.566,0.46087,0.55432,0.4612,0.325,0.44287,0.4651,0.47005,0.37007,0.32189,0.57435,0.37088,0.34315,0.60056,0.34077,0.64739,0.70778,0.44519,0.4258,0.076686,0.59361,0.68108,0.3699,0.60385,0.34567,0.56067,0.65984,0.62088,0.3863,0.57395,0.39885,0.70462,0.4806,0.35434,0.46276,0.44551,0.3803,0.27703,0.42009,0.25291,0.27122,0.30263,0.55984,0.56043,0.71016,0.64487,0.60573,0.10369,0.44364,0.54515,0.495,0.68697,0.66346,0.54261,0.44004,0.59982,0.42147,0.53649,0.56567,0.68372,0.33263,0.86441,0.49661,0.77261,0.58169,0.43128,0.49599,0.63292,0.28753,0.71394,0.56037,0.65312,0.62366,0.2539,0.36362,0.15123,0.6737,0.4495,0.55647,0.50529,0.39217,0.5294,0.65054,0.63337,0.54247,0.59956,0.36696,0.69643,0.50212,0.66599,0.44103,0.052713
0.58363,0.64932,0.66596,0.49157,0.70602,0.37949,0.33048,0.73547,0.6305,0.58943,0.64187,0.63784,0.58222,0.47908,0.75802,0.6264,0.72019,0.36505,1,0.61281,0.40753,0.59184,0.70424,0.47547,0.61441,0.65573,0.81396,0.61945,0.58397,0.55199,0.73671,0.10378,0.59428,0.43792,0.42507,0.59242,0.72781,0.69664,0.68632,0.67264,0.59211,0.43511,0.18266,0.20505,0.45879,0.67544,0.72143,0.50246,0.28135,0.29127,0.53537,0.55667,0.72745,0.33763,0.2593,0.64427,0.56633,0.78041,0.37958,0.51221,0.64877,0.75993,0.73914,0.65101,0.68011,0.52724,0.76925,0.3624,0.61516,0.063363,0.66929,0.80622,0.69321,0.71526,0.67344,0.14361,0.76624,0.50088,0.62563,0.41982,0.73697,0.32254,0.6183,0.62591,0.68402,-0.23068,0.4734,0.40367,0.61968,0.67332,0.3404,0.31993,0.39182,0.58637,0.7855,0.64017,0.53533,0.45627,0.25903,0.78807,0.31298,0.69076,0.55832,0.82916,0.59073,0.56734,0.2626,0.69564,0.49068,0.36562,0.66099,0.6261,0.51816,0.12987,0.61911,0.70969,0.12027,0.22709,0.58371,0.63402,0.69985,0.71984,0.57503,0.78437,0.42023,0.70212,0.65756,0.27451,0.74683,0.5432,0.038542,-0.012226,0.15023,0.34293,0.40013,0.18165,0.2573,0.40331,0.71819,0.71512,0.63565,0.36108,0.57977,0.73449,0.52334,0.67283,0.64672,0.44397,0.45376,0.65676,0.66227,0.44364,0.79368,0.47117,0.51951,0.48132,0.61076,0.60342,0.5819,0.38877,0.64176,0.64589,0.47904,0.32501,0.74179,0.6859,0.59807,0.82707,0.55878,0.28872,0.5702,0.59389,0.65686,0.72449,0.39783,0.53133,0.62557,0.56712,0.45781,0.41081,0.78336,0.57878,0.72021,0.68724,0.55447,-0.22095
0.93468,0.62038,0.82291,0.85141,0.59281,0.714,0.65841,0.75777,0.67672,0.68347,0.65752,0.77088,0.86055,0.43736,0.40346,0.76034,0.67635,0.80623,0.61281,1,0.43612,0.7856,0.72075,0.10313,0.82326,0.84953,0.55575,0.52923,0.50666,0.38221,0.78668,0.49545,0.88683,0.78926,0.49559,0.76976,0.67651,0.81549,0.63207,0.66876,0.66903,0.62523,0.62442,0.61081,0.55188,0.60602,0.75029,0.76077,0.34322,0.54213,0.64735,0.81377,0.62187,0.64558,0.62504,0.74039,0.56981,0.69556,0.79962,0.6261,0.56292,0.58245,0.76976,0.67389,0.49894,0.82216,0.71183,0.48002,0.81416,0.15239,0.62889,0.42281,0.63221,0.79712,0.75537,0.22675,0.73742,0.73145,0.87406,0.56407,0.83339,0.59083,0.40856,0.7948,0.56253,-0.0091861,0.27737,0.52477,0.85429,0.6431,0.50809,0.2396,0.54261,0.62275,0.73594,0.60189,0.56259,0.53143,0.54695,0.72111,0.43663,0.56483,0.45573,0.45426,0.62288,0.51691,0.26756,0.84575,0.5183,0.69783,0.77417,0.56417,0.575,0.29552,0.7602,0.78676,0.39272,0.66948,0.49115,0.76605,0.77045,0.87282,0.37108,0.77688,0.34376,0.88042,0.52687,0.42815,0.63517,0.5666,0.406,0.20623,0.22961,0.2509,0.45109,0.5324,0.41122,0.65426,0.84473,0.74203,0.77064,0.34946,0.61187,0.6833,0.64325,0.83219,0.77745,0.6773,0.5451,0.78563,0.65248,0.60422,0.7174,0.68747,0.36883,0.88145,0.64479,0.71586,0.67023,0.56624,0.59818,0.75653,0.31618,0.76424,0.79157,0.75395,0.82756,0.51739,0.67759,0.19837,0.79119,0.40638,0.7136,0.73161,0.58433,0.48272,0.77585,0.55068,0.7029,0.73669,0.43903,0.76071,0.68791,0.81015,0.63623,0.031904
0.41151,0.48873,0.41179,0.35055,0.2246,0.10979,0.072413,0.40625,0.37509,0.66494,0.46499,0.37434,0.5324,0.49334,0.54006,0.49884,0.43455,0.33645,0.40753,0.43612,1,0.53035,0.43782,0.30051,0.34413,0.456,0.47981,0.45301,0.63483,0.3223,0.50699,0.48578,0.35289,0.22548,0.3432,0.50527,0.46062,0.53835,0.49932,0.58481,0.28906,0.35068,0.44006,0.5831,0.32198,0.199,0.44456,0.51724,0.14667,0.37005,0.21022,0.5256,0.42331,0.23268,0.21051,0.47839,0.1871,0.53062,0.2323,0.5203,0.41214,0.54603,0.58367,0.47638,0.56907,0.44953,0.49389,0.37742,0.3654,0.064182,0.45994,0.46962,0.54195,0.37182,0.48538,-0.2028,0.48418,0.306,0.59249,0.4108,0.56372,0.58567,0.31238,0.44896,0.68256,0.13114,0.1876,0.49882,0.51166,0.49938,0.34825,0.20005,0.51153,0.54857,0.59381,0.34129,0.27391,0.50654,0.30871,0.37178,0.21839,0.62649,0.51604,0.42193,0.48927,0.4347,0.37848,0.56995,0.4155,0.1357,0.56221,0.56803,0.3769,0.079266,0.39882,0.51997,0.43433,0.20307,0.56247,0.51001,0.43988,0.35867,0.2714,0.49176,0.2446,0.45717,0.36994,-0.11587,0.54749,0.35759,0.21546,-0.18252,0.37103,0.13905,0.44191,0.26858,0.46988,0.53378,0.47231,0.38281,0.55914,0.26796,0.61948,0.62418,0.60587,0.3825,0.55564,0.38972,0.55925,0.33321,0.45572,0.64875,0.38916,0.25485,0.44364,0.26264,0.57383,0.49088,0.50241,0.070191,0.43473,0.44559,0.58428,0.097153,0.64113,0.58615,0.30498,0.56468,0.46842,0.048573,0.55662,0.62434,0.56696,0.21848,0.38218,0.37488,0.51131,0.2612,0.36656,0.22353,0.28345,0.19689,0.50117,0.59253,0.51134,-0.076022
0.71583,0.80682,0.75773,0.78009,0.3826,0.68143,0.52216,0.74578,0.72201,0.52378,0.67973,0.78637,0.7553,0.55469,0.4447,0.76429,0.7715,0.64235,0.59184,0.7856,0.53035,1,0.75648,0.28318,0.82242,0.75401,0.5636,0.63044,0.5623,0.41612,0.69864,0.32887,0.81349,0.69393,0.62144,0.81639,0.62939,0.88121,0.64924,0.64244,0.63511,0.63303,0.58997,0.6385,0.53716,0.58766,0.75242,0.79957,0.38208,0.41674,0.53039,0.8499,0.47024,0.63418,0.18881,0.81939,0.70133,0.78314,0.54823,0.56446,0.607,0.54723,0.67937,0.58112,0.49833,0.78733,0.6111,0.59621,0.78486,0.38337,0.73004,0.51029,0.58972,0.81067,0.82418,0.14069,0.677,0.55506,0.81418,0.66118,0.77944,0.45328,0.41186,0.7299,0.69474,0.10658,0.26172,0.69769,0.88314,0.60749,0.65879,0.34972,0.84932,0.53489,0.78295,0.61929,0.56535,0.33631,0.37959,0.71966,0.52568,0.62183,0.54011,0.43623,0.73225,0.56501,0.43778,0.84102,0.5546,0.6223,0.806,0.67157,0.63947,0.12337,0.81341,0.77517,0.41896,0.71074,0.59931,0.77292,0.78283,0.79898,0.25361,0.76992,0.46936,0.71026,0.58939,0.20424,0.66008,0.8062,0.034366,0.059753,0.29896,0.42578,0.56189,0.47679,0.59959,0.59181,0.84924,0.83565,0.7694,0.2747,0.55533,0.5983,0.62022,0.83298,0.84316,0.70756,0.65231,0.726,0.62747,0.64101,0.82041,0.61404,0.41285,0.7987,0.77101,0.68556,0.77041,0.58968,0.5928,0.55393,0.53873,0.66866,0.8505,0.76309,0.77362,0.54638,0.67953,0.46476,0.87039,0.52643,0.70168,0.63188,0.48498,0.34502,0.62148,0.52548,0.68119,0.67475,0.40643,0.70665,0.77382,0.80136,0.61177,-0.016471
0.64401,0.81194,0.69984,0.69432,0.33412,0.70113,0.48397,0.88327,0.75609,0.69919,0.84193,0.85001,0.84253,0.7809,0.61271,0.7197,0.80248,0.6332,0.70424,0.72075,0.43782,0.75648,1,0.24835,0.86385,0.81082,0.73479,0.5784,0.53478,0.52631,0.71873,0.27467,0.81423,0.63557,0.76475,0.76781,0.75904,0.82458,0.72391,0.64384,0.55594,0.55487,0.66213,0.33771,0.68381,0.86635,0.73243,0.83468,0.28251,0.36431,0.5903,0.89419,0.68193,0.67937,0.41995,0.79743,0.70993,0.8107,0.53315,0.40875,0.57693,0.68411,0.81329,0.76128,0.5854,0.69149,0.7043,0.55477,0.78259,0.51031,0.80233,0.71746,0.63861,0.69309,0.84759,0.29514,0.84467,0.68367,0.7814,0.70797,0.7265,0.26329,0.52907,0.74078,0.72467,0.12687,0.59323,0.71901,0.85022,0.80431,0.3794,0.48883,0.59697,0.61459,0.83739,0.8263,0.57726,0.35371,0.46187,0.75866,0.64089,0.83135,0.56113,0.56201,0.77502,0.79591,0.22038,0.74666,0.56552,0.76228,0.87466,0.70372,0.75312,0.20465,0.82272,0.82877,0.51023,0.62566,0.63798,0.88452,0.88767,0.83172,0.50475,0.87669,0.35621,0.75601,0.63185,0.43958,0.80353,0.65697,0.33218,0.057668,0.53297,0.61424,0.35811,0.47574,0.34287,0.63287,0.81492,0.82085,0.7975,0.49765,0.62269,0.76718,0.6972,0.83308,0.82261,0.6975,0.69886,0.75995,0.80215,0.6342,0.89234,0.54833,0.40172,0.67046,0.7355,0.76403,0.86825,0.75271,0.59989,0.64097,0.5576,0.57135,0.89296,0.79331,0.78782,0.74569,0.63462,0.52618,0.8753,0.62086,0.78296,0.83048,0.60021,0.57242,0.73244,0.78418,0.71053,0.74989,0.48769,0.67023,0.83286,0.84704,0.77407,0.11674
-0.0080415,0.26749,0.34958,0.019681,0.15855,0.00077986,-0.298,0.27001,0.15275,0.27539,0.12813,0.1758,0.15155,0.12617,0.47383,0.094316,0.31791,-0.11274,0.47547,0.10313,0.30051,0.28318,0.24835,1,0.0069764,0.084308,0.45427,0.23125,0.38386,0.18191,0.31014,-0.27796,0.18456,-0.19029,0.3104,0.31601,0.38675,0.34198,0.22893,0.51403,0.2857,0.20274,0.072984,0.17631,0.40672,0.087806,0.16125,0.099185,-0.17551,0.35651,0.056972,0.13641,0.19162,0.18689,-0.15649,0.1534,0.28709,0.31262,-0.063915,0.25985,0.30733,0.5147,0.38474,0.037041,0.62666,0.30456,0.48163,0.21695,0.13519,0.28294,0.22216,0.59096,0.37598,0.33195,0.20197,-0.0072046,0.24586,0.09749,0.172,-0.014846,0.37844,0.059328,0.43046,0.070124,0.53024,0.16234,0.23352,0.26582,0.077537,0.4094,-0.035445,0.15087,0.2198,0.4932,0.40508,0.18779,0.059452,0.039228,0.088395,0.55069,0.18891,0.36025,0.51484,0.34366,0.24487,0.17895,-0.038695,0.28615,0.36534,-0.051034,0.061145,0.24851,0.23512,-0.37308,0.08182,0.085742,0.19673,-0.12886,0.18326,0.30653,0.11344,0.14102,0.1798,0.29405,0.096561,0.09873,0.26214,-0.016254,0.34938,0.24302,-0.25276,-0.099631,-0.11511,0.10944,0.3762,0.16633,0.043183,0.099608,0.16077,0.2087,0.19949,0.4247,0.35444,0.36197,0.25665,0.2198,0.1985,0.19718,0.32215,0.16466,0.44193,0.15644,0.40043,0.00030543,0.032973,-0.065364,0.28497,0.094623,0.35368,0.15786,0.10438,-0.060467,0.54101,-0.25672,0.34944,0.27668,0.053193,0.48408,0.30668,0.21884,0.29752,0.50032,0.30756,0.18457,0.10094,0.045482,0.34929,0.14869,0.036162,0.085337,0.51421,0.16373,0.38278,0.2491,0.28136,-0.30929
0.79469,0.75163,0.66108,0.8158,0.44778,0.82343,0.66169,0.81146,0.76687,0.57926,0.6939,0.85183,0.81749,0.67039,0.51669,0.80798,0.83065,0.66519,0.61441,0.82326,0.34413,0.82242,0.86385,0.0069764,1,0.85801,0.57228,0.49264,0.461,0.55497,0.68073,0.39969,0.86901,0.81935,0.65149,0.77329,0.65795,0.82277,0.66929,0.56788,0.57072,0.63006,0.65912,0.48434,0.47286,0.75744,0.76215,0.80244,0.42449,0.38819,0.5631,0.92423,0.61605,0.58744,0.44057,0.87693,0.6932,0.79115,0.69404,0.55078,0.46114,0.55808,0.77461,0.72598,0.3847,0.67515,0.65036,0.43583,0.83257,0.32061,0.77222,0.57335,0.58176,0.72187,0.85521,0.35845,0.8384,0.683,0.83437,0.74974,0.73921,0.34438,0.47249,0.84589,0.53245,-0.060999,0.41812,0.60494,0.88744,0.61055,0.61744,0.41463,0.67066,0.53836,0.78192,0.69896,0.62565,0.30176,0.39886,0.70757,0.57935,0.6915,0.44807,0.50191,0.64542,0.68403,0.36699,0.82139,0.57309,0.77856,0.88565,0.71912,0.68437,0.35554,0.87764,0.83933,0.39135,0.68713,0.5274,0.84292,0.91819,0.93718,0.35751,0.81492,0.43838,0.81548,0.60796,0.37571,0.70621,0.7444,0.28666,0.1074,0.33938,0.54134,0.36122,0.50962,0.29651,0.59354,0.86975,0.82075,0.71303,0.40084,0.55089,0.63586,0.56995,0.84525,0.86265,0.72358,0.58531,0.83622,0.68268,0.5425,0.80121,0.70093,0.43444,0.81981,0.74936,0.6788,0.75219,0.78843,0.63684,0.64392,0.39919,0.81969,0.83339,0.70595,0.95039,0.61453,0.71543,0.47051,0.84871,0.39797,0.71093,0.82242,0.67973,0.54471,0.69494,0.61304,0.8091,0.78044,0.4253,0.69585,0.78909,0.84115,0.69209,0.056476
0.83884,0.7322,0.68654,0.76308,0.51837,0.62269,0.66098,0.86698,0.83961,0.76328,0.70614,0.87261,0.85824,0.55674,0.63201,0.82518,0.80957,0.69013,0.65573,0.84953,0.456,0.75401,0.81082,0.084308,0.85801,1,0.66941,0.507,0.66373,0.55036,0.76325,0.42138,0.82685,0.77465,0.48899,0.72037,0.79941,0.79035,0.8587,0.74502,0.54388,0.67983,0.58108,0.51501,0.50774,0.66236,0.84386,0.78327,0.41603,0.36843,0.67048,0.90562,0.69105,0.46361,0.58312,0.74373,0.53099,0.76611,0.65513,0.38407,0.57101,0.71088,0.83575,0.61834,0.51669,0.72953,0.80338,0.36342,0.85862,0.27351,0.73884,0.58168,0.70183,0.73599,0.77444,0.45681,0.83624,0.66168,0.83339,0.71484,0.73876,0.42665,0.5534,0.9427,0.7215,-0.034488,0.42709,0.57282,0.83972,0.66656,0.42514,0.33499,0.57774,0.68646,0.81285,0.75694,0.57519,0.35064,0.45192,0.73842,0.4031,0.73147,0.3164,0.66237,0.66186,0.69696,0.1297,0.86361,0.46566,0.59723,0.85815,0.71697,0.63862,0.38694,0.908,0.84585,0.29193,0.5305,0.59482,0.78317,0.91437,0.82306,0.5273,0.87768,0.25382,0.88598,0.78988,0.50172,0.84265,0.66616,0.31424,0.26113,0.25818,0.29635,0.50011,0.40398,0.30939,0.63667,0.90638,0.78679,0.756,0.41219,0.65395,0.69518,0.68622,0.91014,0.79122,0.64748,0.5707,0.79632,0.60452,0.67124,0.79372,0.59372,0.39377,0.8339,0.83911,0.79136,0.84493,0.5896,0.82473,0.75388,0.35954,0.59008,0.83718,0.71143,0.80277,0.64851,0.59618,0.29326,0.82321,0.61312,0.84279,0.66458,0.54376,0.58744,0.79081,0.63613,0.77438,0.60602,0.52262,0.67429,0.75401,0.89302,0.72719,0.0062974
0.58778,0.56019,0.5455,0.47421,0.43268,0.36153,0.28927,0.76154,0.59924,0.68672,0.65387,0.62032,0.58387,0.67973,0.84612,0.59504,0.65822,0.37837,0.81396,0.55575,0.47981,0.5636,0.73479,0.45427,0.57228,0.66941,1,0.38899,0.61353,0.75987,0.65599,0.093519,0.54411,0.37555,0.6059,0.67021,0.64056,0.71643,0.78722,0.69064,0.53197,0.4998,0.40073,0.27468,0.69662,0.71332,0.69388,0.53149,0.34018,0.10989,0.51797,0.61113,0.55105,0.51327,0.24745,0.61678,0.62808,0.71034,0.47107,0.52742,0.62828,0.76039,0.68566,0.60436,0.58596,0.6431,0.72004,0.21813,0.61026,0.28989,0.6779,0.772,0.68019,0.62209,0.74351,0.16694,0.8384,0.50968,0.56076,0.48752,0.77219,0.30572,0.79546,0.67282,0.70664,-0.12789,0.41191,0.60959,0.69538,0.81678,0.30494,0.51581,0.34699,0.5782,0.77579,0.60374,0.56299,0.42248,0.34999,0.82274,0.45233,0.76145,0.63486,0.75625,0.56423,0.57905,0.074838,0.68749,0.67392,0.30977,0.71216,0.78794,0.63164,0.30597,0.64626,0.76147,0.18589,0.28068,0.80217,0.63656,0.73186,0.67313,0.72901,0.71486,0.2769,0.77679,0.6353,0.44251,0.87562,0.58747,0.029562,0.09702,0.2848,0.3587,0.51239,0.12827,0.22545,0.48613,0.7406,0.70142,0.6553,0.28594,0.61443,0.71619,0.60234,0.62758,0.58636,0.54549,0.51751,0.68404,0.57579,0.50107,0.78473,0.27518,0.50154,0.4639,0.6381,0.70119,0.62647,0.45961,0.55695,0.56858,0.54542,0.31338,0.78744,0.61117,0.52838,0.8718,0.58631,0.19839,0.57022,0.67663,0.6048,0.66516,0.39997,0.40443,0.74802,0.62557,0.47121,0.37149,0.55784,0.40695,0.69135,0.74813,0.63725,-0.028487
