1,0.16126,0.10692,0.70906,0.3459,0.73433,0.64513,0.44878,0.24085,-0.16134,0.16174,0.30144,-0.0053794,0.24603,0.16292,0.09333,0.27685,0.56729,0.17606,0.93923,0.32325,0.33713,0.071733,0.25628,0.6658,0.014629,-0.14774,0.18079,0.5198,0.62351,-0.021291,0.47865,0.29678,0.087069,0.14658,0.073456,-0.052273,-0.13585,0.29181,0.41731,0.045303,0.17688,0.4055,0.57479,0.30261,0.62024,0.26385,0.36699,0.1122,0.0076224,0.63213,0.33988,0.27695,0.17177,0.48123,0.23876,0.34687,0.39209,0.93033,0.079083,0.42573,0.50944,-0.22684,0.22575,0.34087,0.30692,0.12469,-0.013906,0.13791,0.042871,0.021887,-0.0289,0.14183,0.32845,0.24388,0.034319,0.26239,0.40988,-0.082188,0.05591,0.14349,0.076965,-0.1117,0.2378,0.024367,0.38735,0.05512,0.29122,0.23494,0.014119,0.22858,0.28775,0.10047,0.21807,0.56534,0.33035,-0.079334,0.28011,-0.049788,0.18783,0.32572,0.35646,0.39518,0.25445,0.58561,-0.20269,0.17929,0.47372,0.14578,0.57849,0.16601,0.26158,0.1145,0.64063,0.35424,0.33928,0.039622,0.22174,0.15471,-0.059184,0.015889,0.45763,0.01593,-0.18325,0.47511,0.8886,0.2504,0.41799,-0.35019,0.52909,0.3104,0.080095,0.27479,0.22288,0.27572,-0.061228,0.31524,0.5108,0.0002667,0.25151,0.26868,0.051068,0.33749,-0.018558,-0.0073549,0.34859,0.13572,0.47197,-0.23818,0.054676,0.25074,0.43609,0.52462,0.2403,0.19962,0.56031,0.20797,-0.12554,0.012863,0.46608,-0.11243,0.20839,0.071621,0.82612,-0.039653,0.28031,0.64741,0.23539,0.23397,-0.038063,-0.20912,0.052865,0.18568,0.48748,0.7041,0.38326,0.076027,0.35113,0.73302,0.72727,0.16726,0.26265,0.53709,-0.085631,0.24741,0.087605
0.16126,1,-0.2405,-0.072029,-0.30296,-0.0067611,-0.14894,0.57532,0.24457,0.30276,0.51932,0.076382,0.51675,0.50254,0.51404,0.37371,0.25256,0.30614,0.24388,0.098411,0.53124,0.030475,0.56555,0.46548,0.037318,0.094013,0.38278,-0.22884,0.6225,0.44772,0.61506,0.28577,0.0021401,-0.038186,0.55254,0.64748,-0.29548,0.57643,0.43296,0.20723,0.44197,0.26143,0.6673,-0.043524,0.29988,0.71059,0.39425,0.15263,0.45546,0.55274,0.16322,0.74273,0.68453,0.42335,-0.19332,0.086495,0.30585,0.22951,0.11198,0.52069,0.53079,0.10064,0.48377,0.17888,0.22384,0.62749,0.24519,-0.32511,0.22936,-0.0016725,0.27003,0.62202,0.76719,-0.050511,0.62023,0.34553,0.50345,-0.1155,0.62373,0.46119,0.58068,0.33967,0.77746,0.46164,0.72186,0.15531,0.037725,0.27428,0.35734,0.34566,0.60732,0.60451,0.34987,0.30708,0.36189,0.37864,0.050774,0.28067,0.53477,0.69984,0.65039,0.24132,0.40504,0.32088,0.38739,0.42587,0.099867,0.055822,0.40716,0.076713,0.49597,0.3486,0.2968,-0.080868,0.24887,0.4884,0.64771,-0.089848,0.56106,0.57559,0.1383,0.082542,0.36624,0.63514,0.42041,0.074271,0.38795,0.13444,0.53563,-0.024128,-0.086491,0.46231,0.51175,0.39202,0.59634,0.26947,0.091962,0.10919,-0.14603,-0.0329,0.7912,0.17354,0.29195,0.020302,0.64508,0.1697,0.71919,0.19826,0.50493,0.65019,0.15124,0.29728,0.26111,0.2019,0.66941,0.012978,0.34357,0.0025739,0.40345,0.44779,0.11486,0.42495,-0.077201,0.028602,0.019091,0.18766,0.27336,0.61464,0.50091,0.301,0.67173,0.1674,0.45944,0.56215,-0.26304,-0.22917,0.49937,-0.041272,0.13887,0.073701,0.092292,0.09785,0.23183,0.55168,0.50079,0.0021505
0.10692,-0.2405,1,0.17863,0.81027,0.075655,0.48527,0.16472,0.11408,-0.17149,-0.07025,0.22508,0.094978,0.032246,-0.21697,0.17803,0.30617,0.075044,-0.10614,0.25809,0.15357,-0.011741,0.2591,0.15603,0.50592,-0.0040905,-0.026868,-0.084573,-0.070896,0.13167,0.19617,0.24765,0.74598,0.096019,-0.48024,-0.14306,-0.003018,0.072743,0.22409,0.11257,-0.050208,-0.34569,0.15399,0.59546,0.019801,-0.10162,0.056524,0.37887,0.31533,0.032827,0.14387,0.070695,-0.018605,0.079157,0.06837,0.16729,0.32963,0.49545,0.22675,-0.15539,0.028839,0.2011,-0.18869,0.11698,-0.0071875,-0.0099864,-0.070433,0.0012973,-0.4361,0.24853,0.42685,-0.093042,-0.13003,0.5474,-0.059437,0.12788,-0.091811,0.27804,-0.013925,-0.26194,0.00036602,0.19722,-0.36612,0.63731,-0.3243,0.17538,0.36317,-0.17497,0.361,-0.047499,-0.35802,0.26203,-0.051365,0.11783,0.013782,-0.022166,0.046548,0.092918,-0.088645,-0.29768,0.19722,0.018108,-0.027791,0.14519,0.22151,-0.27656,-0.0034336,0.1178,0.13295,0.42083,0.15492,0.18062,-0.045811,0.30713,0.27554,0.13043,-0.068732,0.35972,0.2112,0.016235,0.26071,0.25883,-0.28525,0.040793,0.074896,0.16355,0.26052,0.34161,0.088295,0.69395,0.14233,-0.0053576,-0.14922,0.14101,-0.14682,-0.041718,-0.30558,0.12792,0.046284,-0.075304,-0.12944,-0.057406,0.046425,-0.38183,-0.08243,0.36244,-0.19406,0.36191,-0.19544,-0.25211,-0.044322,-0.024047,0.56282,0.35681,0.06918,0.22949,0.22738,-0.2556,0.074648,0.10863,0.023401,-0.29691,0.13198,0.36077,0.44572,0.55358,0.1862,-0.23348,-0.060496,0.22351,0.050017,0.22793,-0.17345,0.067415,0.3927,0.34275,0.038861,0.34423,0.3413,0.27022,-0.010336,0.11143,0.46208,0.13414,-0.62827,0.35717
0.70906,-0.072029,0.17863,1,0.45386,0.60519,0.78154,0.22489,0.27626,-0.022865,0.04337,0.32913,0.10326,0.1888,-0.0044615,0.030784,0.40056,0.22053,0.027746,0.69106,0.39536,0.56565,0.14836,0.11528,0.47459,0.24655,-0.27091,0.43901,0.35214,0.52324,-0.085149,0.39987,0.31151,-0.064122,0.12171,0.050198,0.11319,-0.011603,0.2553,0.55405,0.076777,0.22479,0.18864,0.66491,0.42545,0.37215,0.22834,0.55891,0.086852,-0.087883,0.47789,0.24209,0.25702,0.27982,0.34471,0.50093,0.26895,0.50375,0.6019,-0.17419,0.36931,0.65175,-0.054635,0.48054,0.12148,0.32021,0.38272,0.051234,0.20616,0.37094,0.18289,-0.033304,0.055271,0.48085,0.31876,0.0067206,0.39165,0.69126,0.060231,-0.15548,0.1301,0.18356,-0.156,0.23498,-0.12479,0.35883,0.40518,0.42139,0.42378,0.033785,0.028454,0.24837,0.028407,0.60916,0.45019,0.34795,0.14213,0.38083,-0.06191,0.20256,0.31813,0.31197,0.31113,0.22246,0.32681,-0.12606,0.26429,0.32039,0.20019,0.46564,-0.050741,0.27084,0.067089,0.512,0.37779,0.30756,0.014163,0.58822,0.26371,0.074881,0.1841,0.35633,0.032924,-0.16381,0.38967,0.50128,0.25262,0.44326,-0.178,0.57569,0.24735,0.20493,0.40017,0.18879,0.00079958,0.15303,0.32668,0.43504,0.057935,0.18453,0.21159,0.17173,0.40747,0.095895,-0.041584,0.34451,0.12098,0.6545,-0.15425,0.15659,0.37219,0.29947,0.52665,0.34683,0.14329,0.73188,0.090058,0.16433,0.046414,0.29056,0.036341,0.32915,0.017903,0.65153,0.0015555,0.40863,0.6136,0.081412,0.26866,0.16036,-0.088929,0.29972,0.12413,0.47577,0.50505,0.61325,0.24638,0.57621,0.59214,0.53575,0.49988,0.13231,0.51973,-0.16136,0.288,0.19724
0.3459,-0.30296,0.81027,0.45386,1,0.16394,0.63421,0.16223,0.15475,-0.23648,-0.19323,0.3463,-0.16891,0.09862,-0.20415,-0.030235,0.28437,0.2861,0.010593,0.41451,0.048601,0.1944,0.082306,0.017736,0.50778,0.027051,-0.23896,0.16743,0.082968,0.25034,0.12458,0.23627,0.66837,0.024897,-0.40235,-0.19986,-0.12673,-0.24018,0.045301,0.3441,-0.12449,-0.42332,0.055682,0.66423,0.19905,0.089713,0.026193,0.44385,-0.019429,-0.023633,0.23699,0.012825,-0.17592,0.091702,0.34759,0.22673,0.48166,0.55872,0.43314,-0.14151,0.13545,0.38503,-0.25331,0.10741,-0.0050076,-0.02926,0.043441,-0.13339,-0.37351,0.25532,0.26404,-0.18927,-0.13709,0.59264,-0.023341,-0.019457,0.069331,0.38274,0.021001,-0.27411,-0.21299,0.21269,-0.50242,0.57536,-0.25065,0.32841,0.34683,-0.28645,0.22317,-0.10746,-0.39382,0.070777,-0.027588,0.23701,0.11513,0.17302,0.22879,0.15253,-0.16323,-0.2538,0.24165,0.13868,0.023413,-0.11344,0.20113,-0.30315,0.027679,0.24643,0.018705,0.47798,0.0076761,0.22478,0.10081,0.38793,0.24333,0.11583,-0.044734,0.40034,0.076244,-0.15832,0.28353,0.26803,-0.24894,-0.13771,0.13051,0.25526,0.30306,0.22632,-0.049252,0.86504,0.17594,0.0091384,0.072491,0.21931,-0.18449,-0.32284,-0.34942,0.12158,0.24774,0.10519,-0.134,-0.034825,0.24663,-0.29641,-0.1635,0.41231,-0.12341,0.55513,-0.27119,-0.25496,0.12931,0.26566,0.38082,0.38356,-0.11509,0.47344,0.26129,-0.056453,0.015767,0.28121,-0.027205,-0.1055,-0.0036952,0.4738,0.56445,0.45669,0.3801,-0.1518,0.071949,0.15058,-0.18028,0.21668,-0.046544,0.092655,0.52289,0.48187,0.021068,0.23322,0.43168,0.37645,0.1643,0.1069,0.40351,0.035392,-0.45554,0.36845
0.73433,-0.0067611,0.075655,0.60519,0.16394,1,0.5233,0.075806,0.47971,-0.1604,0.028551,0.43346,0.11322,0.22534,-0.17448,-0.026228,0.090496,0.24318,-0.2954,0.75341,0.10674,0.50499,-0.09695,0.13121,0.55034,0.044701,-0.28808,0.10503,0.21157,0.46957,-0.22802,0.27812,0.21245,0.12569,0.031333,0.042118,0.015725,-0.14265,0.11769,0.28964,-0.070246,0.38083,0.10785,0.46838,0.027692,0.26894,0.13743,0.46601,0.25246,-0.17495,0.42435,0.1279,0.19377,0.26641,0.34214,0.13487,0.072106,0.24203,0.70582,-0.035552,0.29561,0.31255,-0.23902,0.13216,0.14478,0.25575,0.17132,0.047204,0.30865,0.040789,-0.057282,-0.16331,0.081397,0.31296,0.14406,-0.11851,0.081956,0.41539,-0.25772,-0.15547,0.10326,0.14187,-0.24203,-0.0043927,-0.21499,0.097113,0.18485,0.29638,0.10197,-0.29536,0.082058,0.20948,0.0046883,0.12502,0.39225,0.26501,-0.21632,0.23228,-0.11103,0.097283,0.30626,-0.070194,0.3014,0.26455,0.41726,-0.29191,0.20918,0.080014,0.038422,0.5099,0.23552,0.021017,-0.17898,0.53209,0.3288,0.30607,-0.0012247,0.1958,-0.063451,-0.24254,0.022507,0.40441,0.026877,-0.30287,0.27673,0.66989,-0.017973,0.35563,-0.27067,0.34561,0.3331,0.19666,-0.068514,-0.13763,0.186,0.0064974,0.17759,0.31197,-0.066349,0.1409,0.075008,-0.059339,0.26905,0.021382,-0.21525,0.43756,0.0213,0.35288,-0.34808,-0.0044884,0.28371,0.17682,0.50415,0.19249,0.1589,0.50774,0.038824,-0.15849,-0.20271,0.24778,-0.00071549,0.23961,0.024115,0.67593,-0.29763,0.1589,0.59457,-0.05917,0.22328,-0.14046,-0.29067,0.19595,-0.25394,0.31873,0.6354,0.44556,-0.019268,0.47099,0.58199,0.64487,-0.021593,0.40787,0.37285,-0.28456,0.11451,0.11986
0.64513,-0.14894,0.48527,0.78154,0.63421,0.5233,1,0.019916,0.14173,-0.38115,-0.1447,0.20156,-0.1159,-0.061753,-0.13452,0.066292,0.17109,0.17697,-0.074331,0.62034,0.12672,0.31519,0.047513,0.08906,0.5036,0.15304,-0.26439,0.20852,0.22115,0.37085,-0.0091287,0.60924,0.41026,-0.17958,-0.2656,-0.13237,-0.054797,-0.20248,0.053295,0.39167,-0.047376,-0.047371,0.14541,0.7855,0.12096,0.20689,0.010833,0.51291,0.2465,0.13013,0.55957,0.016385,0.10819,0.015612,0.4787,0.54531,0.17535,0.42576,0.62389,-0.27226,0.35529,0.55354,-0.30667,0.064833,0.1728,0.1046,0.11637,0.065547,-0.27092,0.12364,0.073825,-0.30042,-0.13177,0.51587,0.1114,0.024833,0.066757,0.463,-0.065546,-0.094175,-0.069432,0.24496,-0.39557,0.46152,-0.25867,0.39938,0.26172,0.21978,0.22753,-0.28564,-0.29319,0.30433,-0.17516,0.31969,0.24213,0.10066,-0.028148,0.39108,-0.21589,-0.095226,0.24629,0.046155,0.18829,0.22184,0.30913,-0.37732,0.11627,0.33352,0.069618,0.47508,0.015462,0.034242,0.00072635,0.69628,0.072509,0.18638,-0.095914,0.44045,0.19172,-0.13869,0.10868,0.15995,-0.12371,-0.25112,0.11899,0.53223,0.10214,0.51037,-0.17322,0.68739,0.45941,-0.032938,0.208,0.1601,-0.14912,0.089943,0.13275,0.3934,-0.13504,-0.054869,0.052805,0.28298,0.35703,-0.12586,-0.30436,0.21163,-0.094637,0.5591,-0.25582,-0.16166,0.13166,0.28236,0.59421,0.25804,0.10315,0.51919,0.20279,0.16197,0.0086163,0.2379,0.19967,-0.046675,0.067825,0.62394,0.064841,0.41867,0.36841,-0.15439,0.030009,0.038902,-0.23016,0.32538,-0.13129,0.29735,0.64733,0.29329,0.035597,0.70491,0.67337,0.50469,0.30595,0.30406,0.49759,-0.27854,-0.12588,0.054577
0.44878,0.57532,0.16472,0.22489,0.16223,0.075806,0.019916,1,0.31325,0.48507,0.63861,0.26826,0.4881,0.56539,0.54747,0.30797,0.62754,0.46495,0.53964,0.48631,0.6738,0.13682,0.64546,0.59887,0.5255,-0.0546,0.36879,0.20727,0.62949,0.64433,0.42964,0.15765,0.45107,0.11454,0.49478,0.43425,-0.12183,0.49755,0.65877,0.45125,0.4433,0.29757,0.76811,0.21909,0.60814,0.65368,0.7121,0.18801,0.13805,0.054164,0.16378,0.78551,0.44251,0.58659,-0.0042229,0.14931,0.5706,0.50317,0.44187,0.62936,0.4156,0.38066,0.34199,0.52651,0.40673,0.66355,0.33129,-0.14129,0.35812,0.14467,0.62923,0.6593,0.56609,0.23504,0.60948,0.57964,0.51572,0.38754,0.36819,0.17406,0.66533,0.23199,0.50551,0.4908,0.50802,0.35268,0.33767,0.21972,0.6345,0.68416,0.52913,0.51314,0.41933,0.39764,0.56658,0.55235,0.22753,0.19693,0.47637,0.54328,0.54671,0.50945,0.52129,0.3483,0.50376,0.35119,0.36622,0.23544,0.46593,0.33445,0.41976,0.78683,0.33749,0.10317,0.57912,0.44649,0.50594,0.19762,0.57799,0.54024,0.25351,0.54156,0.30243,0.53673,0.85379,0.37909,0.74627,0.25085,0.20457,0.339,-0.11887,0.52296,0.41534,0.68039,0.55993,0.14022,0.26426,0.40613,0.16819,0.32902,0.64147,-0.0049762,0.33074,0.053121,0.69743,0.41721,0.42636,0.35262,0.30466,0.5808,0.086762,0.27328,0.41337,0.47917,0.54033,0.29822,0.41892,-0.12396,0.45122,0.58782,-0.38728,0.27362,-0.0096144,0.35318,0.28591,0.43966,0.55171,0.64225,0.53224,0.53248,0.5104,0.14444,0.67882,0.59248,0.15908,0.36597,0.6168,-0.062921,0.31894,0.39687,0.2198,-0.15454,0.63009,0.6149,0.29714,0.41194
0.24085,0.24457,0.11408,0.27626,0.15475,0.47971,0.14173,0.31325,1,0.13163,0.093394,0.23656,0.36266,0.4779,0.16343,0.13453,0.42066,0.1423,-0.075799,0.33648,0.034529,0.77982,0.43401,0.34052,0.36829,0.26434,0.094747,0.10871,0.50183,0.43366,-0.029109,0.21837,0.42857,0.047419,0.24102,0.41443,-0.079362,0.12706,0.30559,0.46757,0.51002,0.35534,0.13937,0.42482,0.1176,0.17541,0.34737,0.35803,0.286,0.14195,-0.039712,0.42726,0.208,0.68492,0.039437,0.20135,0.31243,0.41009,0.17458,0.21433,0.32768,0.28575,0.15702,0.40342,0.035819,0.63144,0.61759,-0.031732,0.40498,0.082785,0.27303,0.34072,0.33012,0.42611,0.36506,0.18331,0.26393,0.53333,0.025497,-0.042098,0.39262,0.41443,0.11401,0.19931,0.13155,0.27331,0.33044,0.13364,0.30294,0.0081684,0.10408,0.37915,0.25243,0.43677,0.64586,0.4149,-0.11921,0.41969,0.22896,0.4511,0.46176,-0.13614,0.25968,0.15272,0.32999,0.014321,0.028189,-0.19361,0.38374,0.24093,0.47973,0.58245,0.11367,0.067067,0.61111,0.42113,0.34335,0.27216,0.13211,0.028585,0.089528,0.44122,0.32661,0.18016,0.50694,0.20728,0.45784,0.42623,0.28099,0.29787,-0.032384,0.57411,-0.056229,0.21828,0.32984,0.085893,-0.13496,0.27985,0.32347,0.32615,0.27012,0.050539,0.23927,-0.082197,0.27653,0.68008,0.15638,0.23813,-0.034307,0.32763,0.27776,0.19532,0.34599,0.46,0.32451,0.38123,0.35052,-0.019976,0.20014,0.38189,-0.19819,0.43821,-0.13986,0.25751,0.24182,0.24194,0.69724,0.26698,0.42132,0.24162,0.040785,0.35545,0.11777,0.13472,0.31374,0.47505,0.46092,0.30278,0.39573,0.44658,0.13263,0.32228,0.23274,0.24288,0.28615,0.30834
-0.16134,0.30276,-0.17149,-0.022865,-0.23648,-0.1604,-0.38115,0.48507,0.13163,1,0.54546,0.23944,0.56586,0.43644,0.30088,-0.23092,0.41952,-0.015156,0.30927,-0.10674,0.43593,0.17127,0.49318,0.34563,-0.043136,0.035327,0.31522,0.15564,-0.001214,0.10049,0.13631,-0.25007,0.18245,-0.0010815,0.35162,0.29194,-0.073124,0.57768,0.36482,0.041052,0.1701,0.2953,0.33053,-0.21662,0.26506,0.17988,0.56301,0.14325,-0.15753,-0.22685,-0.1439,0.43718,0.18888,0.53076,-0.30821,-0.020712,0.024437,-0.027738,-0.19298,0.53369,-0.042405,-0.05959,0.83298,0.40778,0.20057,0.29888,0.34246,0.22476,0.63707,-0.0078572,0.52498,0.36609,0.35048,-0.013648,0.45482,0.44708,0.44454,0.16714,0.2887,0.11931,0.61915,0.035314,0.63018,0.030379,0.45687,-0.02588,0.29339,0.24228,0.28555,0.56693,0.21358,0.119,0.23202,0.22801,0.17775,0.5207,0.25334,-0.12563,0.42701,0.40304,0.16469,0.085901,0.35167,0.37814,-0.096993,0.64515,0.41498,0.038269,0.2808,0.035479,-0.08111,0.38915,-0.030895,-0.19408,0.27351,0.33809,0.45139,-0.11358,0.37503,0.57009,0.27393,0.2998,0.15407,0.63004,0.42751,-0.26718,0.27377,-0.24144,0.33278,-0.24056,-0.41301,0.59133,0.00039171,0.32695,0.18507,0.23764,0.26579,0.26721,0.1373,0.2117,0.31466,-0.19398,0.010651,0.39858,0.49864,0.18308,0.4389,0.038831,0.6098,0.68626,-0.080213,-0.16292,-0.022322,0.40231,-0.0062026,0.017079,0.23995,0.10675,0.19612,0.093968,-0.25616,0.23291,-0.084822,-0.1803,-0.073382,0.3707,0.13181,0.40217,0.60896,0.41107,0.59079,0.32243,0.31241,0.42674,-0.36429,0.16279,0.57829,-0.28866,-0.39046,0.030641,-0.19454,-0.22252,0.18932,0.51217,0.19726,0.28665
0.16174,0.51932,-0.07025,0.04337,-0.19323,0.028551,-0.1447,0.63861,0.093394,0.54546,1,0.26921,0.58833,0.32558,0.63912,0.20134,0.11535,0.18396,0.52495,0.20511,0.51604,-0.14238,0.60833,0.46539,0.39099,-0.15464,0.59037,-0.17653,0.2682,0.27115,0.26905,0.29194,0.22066,0.18799,0.40722,0.51837,-0.15116,0.58604,0.41707,0.10275,0.27503,0.60248,0.58168,-0.076636,0.20592,0.4868,0.55539,0.16464,0.12274,0.027055,-0.0040643,0.63132,0.29003,0.38865,0.16269,-0.021875,0.19436,-0.024996,0.22066,0.5804,0.15344,0.18179,0.44413,0.34513,0.66658,0.32847,0.2519,0.29537,0.30061,-0.054036,0.44661,0.63124,0.52267,-0.11097,0.45056,0.41341,0.41788,0.0055012,0.33181,-0.010701,0.64303,-0.070356,0.50542,0.25677,0.39132,-0.11906,0.34289,0.20659,0.36027,0.5769,0.52708,0.59206,0.48148,0.15639,0.25909,0.42627,0.2949,-0.25766,0.46246,0.62118,0.43774,0.22348,0.18527,0.70738,0.3905,0.70334,0.54214,-0.032536,0.29856,0.34025,0.014396,0.42369,0.22266,-0.076264,0.32705,0.48636,0.23859,-0.22482,0.45967,0.72379,0.12734,0.58891,0.37206,0.6192,0.4637,0.11615,0.52094,-0.11358,0.48978,0.028081,0.22698,0.51735,0.10049,0.62766,0.37735,0.32229,0.43326,0.37807,-0.21267,0.027702,0.46588,-0.011405,0.26543,-0.21926,0.57588,0.12596,0.72121,0.12836,0.6747,0.46447,-0.089216,0.086362,0.22257,0.2239,0.45253,-0.1828,0.10481,-0.12127,0.42168,0.216,-0.10432,0.077919,0.12361,0.090144,-0.090335,0.17491,0.28573,0.61045,0.53609,0.19889,0.63473,-0.046376,0.43307,0.47243,-0.076454,-0.092029,0.60752,-0.30461,-0.014869,0.32825,-0.058937,-0.070224,0.57968,0.4486,0.10578,0.052044
0.30144,0.076382,0.22508,0.32913,0.3463,0.43346,0.20156,0.26826,0.23656,0.23944,0.26921,1,0.21154,0.27526,-0.087579,-0.1198,0.10671,0.39107,-0.18761,0.3571,0.27456,0.30073,0.0060896,0.10296,0.45905,0.19402,-0.17698,0.27969,-0.02093,0.21705,0.097927,-0.20312,0.20286,-0.19068,0.10056,0.19954,-0.14894,0.052269,0.10682,0.44046,0.025694,0.27363,0.29345,0.0016763,0.083108,0.28004,0.21689,0.54622,-0.069639,-0.47081,0.22429,0.16572,0.091722,0.47186,0.22426,0.33685,0.23167,0.36055,0.39227,0.38111,0.496,0.32124,0.056854,0.13134,0.26823,0.077369,0.32837,-0.17862,0.3181,0.14978,0.20428,-0.070722,0.30431,0.14212,0.23557,-0.021929,0.31933,0.28188,-0.017492,-0.041738,-0.0063485,0.30966,0.068007,0.12678,-0.05244,0.29977,0.45344,-0.086543,0.15316,0.037102,-0.2195,0.056173,0.25957,0.19768,0.044917,0.44581,0.54566,0.23258,-0.10164,0.23504,0.52741,0.025264,0.30354,0.09881,0.33945,-0.020185,0.39869,-0.09677,-0.046252,0.37699,-0.02075,0.053589,0.18309,0.27483,0.21479,0.43265,0.080956,0.1413,-0.16099,-0.098912,0.44495,0.51607,0.080011,-0.12984,0.32923,0.17315,0.21865,-0.32636,0.099222,0.37596,0.036028,0.40424,0.035708,0.037372,0.40607,-0.31295,-0.095151,0.046063,-0.18069,-0.077979,0.015313,-0.45711,0.56653,0.03331,0.18761,0.51858,0.29419,0.45208,-0.14008,0.30756,0.30767,0.14608,0.26189,0.14495,0.086867,0.5132,0.3699,-0.18521,0.22304,0.24599,0.2534,0.26431,0.02423,0.35138,0.092621,0.23915,0.48076,0.071214,0.45723,-0.035558,0.01518,0.26471,-0.0079235,0.43399,0.36379,0.44271,0.28952,0.0092777,0.22095,0.16842,-0.15817,0.1085,0.34562,-0.0092075,-0.14665,0.56853
-0.0053794,0.51675,0.094978,0.10326,-0.16891,0.11322,-0.1159,0.4881,0.36266,0.56586,0.58833,0.21154,1,0.43747,0.33935,0.29086,0.49626,-0.16917,0.14547,0.070483,0.54754,0.2728,0.7168,0.61012,0.16278,0.20649,0.4503,-0.25761,0.31914,0.31094,0.30792,0.13946,0.27467,0.074498,0.29249,0.52533,0.1318,0.85081,0.49714,0.085016,0.34573,0.44922,0.37186,0.069534,0.12488,0.29131,0.45733,0.42599,0.52335,0.1622,0.036113,0.79424,0.58895,0.54165,-0.42952,0.061662,-0.019793,0.23091,0.0038898,0.37003,0.13847,0.12053,0.53342,0.51403,0.073991,0.5816,0.5011,0.28238,0.39151,0.33998,0.49591,0.50651,0.38614,0.22538,0.45668,0.35126,0.48876,0.2136,0.29693,0.30069,0.70206,0.17112,0.48026,0.3525,0.34372,-0.10968,0.36455,0.31988,0.48042,0.5985,0.29756,0.58658,0.47436,0.41057,0.24044,0.24727,0.16518,0.043649,0.4866,0.52341,0.38775,0.082145,0.51823,0.66184,0.39174,0.3757,0.12111,-0.11374,0.31923,0.18951,0.27775,0.46944,-0.0079284,-0.074247,0.37438,0.46626,0.28365,0.21554,0.54463,0.6972,0.11927,0.35602,0.22435,0.61138,0.48078,0.041151,0.28598,0.2642,0.57502,-0.1166,-0.19512,0.44354,0.021172,0.14506,0.42811,0.50742,0.31908,0.48841,-0.11197,-0.028288,0.49063,0.016276,0.036599,-0.049898,0.70776,0.36178,0.54437,0.20824,0.38975,0.49008,-0.081504,-0.10164,0.49966,0.28732,0.55839,0.055293,0.14291,-0.021274,0.17401,0.24413,0.0084492,0.38369,-0.080986,0.044065,0.053365,0.29915,0.27664,0.40525,0.3915,0.32591,0.74579,0.35121,0.16207,0.49993,-0.08292,0.2104,0.66519,0.046179,0.036479,0.06876,-0.022282,-0.16452,0.50675,0.61701,0.25319,0.14383
0.24603,0.50254,0.032246,0.1888,0.09862,0.22534,-0.061753,0.56539,0.4779,0.43644,0.32558,0.27526,0.43747,1,0.0020973,0.13358,0.41807,0.47608,-0.012955,0.31022,0.2762,0.51168,0.42105,0.24484,0.15457,0.16529,0.07161,0.065957,0.53228,0.4076,0.17295,-0.034235,0.45294,0.19921,0.13885,0.26402,-0.2115,0.33186,0.20748,0.27305,-0.0056567,0.037907,0.2944,0.19559,0.33425,0.37661,0.37448,0.27065,0.2826,0.15202,0.22462,0.58549,0.52913,0.53778,-0.1158,-0.10354,0.26901,0.30402,0.15952,0.33403,0.14919,0.24904,0.29197,0.3488,-0.041996,0.43272,0.34526,-0.29043,0.25782,0.1319,0.35427,0.50874,0.45042,0.24384,0.34148,0.17482,0.54208,0.12441,0.18578,-0.149,0.41693,0.09697,0.34625,0.37715,0.15853,-0.0071411,0.56618,0.063523,0.32465,0.19127,0.46222,0.43275,0.30618,0.365,0.5899,0.48727,0.079253,0.13116,0.38923,0.40575,0.49287,0.031158,0.3137,0.050839,0.16774,0.28671,0.078438,-0.24792,0.087784,0.31178,0.49879,0.47543,0.055123,-0.17091,0.50597,0.37781,0.58894,0.31501,0.30851,0.38876,0.16667,0.18757,-0.088141,0.33215,0.44878,0.066221,0.24022,0.080952,0.33671,0.18741,-0.063488,0.43483,0.2549,0.27898,0.44681,0.0548,-0.037156,0.096279,0.047828,-0.029559,0.37565,-0.39459,0.31435,0.32698,0.3545,0.3005,0.53801,0.47879,0.1586,0.45704,0.054863,0.27559,0.39278,0.35299,0.25145,0.39548,0.075973,0.031622,0.016779,0.4162,-0.19316,0.55228,-0.52788,0.26514,-0.0052348,0.41222,0.35787,0.24504,0.54675,0.23915,0.41632,0.20383,0.26385,0.45517,0.082708,0.36413,0.38146,-0.050907,0.22056,0.35651,0.03654,-0.13495,0.27784,0.25905,0.36488,0.26101
0.16292,0.51404,-0.21697,-0.0044615,-0.20415,-0.17448,-0.13452,0.54747,0.16343,0.30088,0.63912,-0.087579,0.33935,0.0020973,1,0.34224,0.34643,0.21522,0.81774,0.064908,0.36728,-0.086447,0.61448,0.59203,0.35767,0.019201,0.81068,-0.14562,0.40674,0.29843,0.15709,0.4277,0.018694,0.21937,0.58222,0.62034,-0.066573,0.4225,0.53496,0.23284,0.6061,0.41089,0.3961,0.0037102,0.30261,0.5854,0.44802,0.12142,0.01755,0.37464,-0.23433,0.53759,0.2016,0.23198,0.12644,0.081792,0.3521,0.14997,0.15834,0.55856,0.27256,0.21191,0.429,0.36028,0.64787,0.46501,0.35341,0.25209,0.33107,-0.19493,0.2908,0.59435,0.34596,0.0088685,0.52785,0.46024,0.46813,0.068841,0.43059,0.42988,0.57821,0.15689,0.53141,0.16119,0.68941,0.22708,-0.082062,0.09828,0.3693,0.51354,0.43822,0.45586,0.52948,0.20243,0.39751,0.26665,0.24733,0.021414,0.50661,0.55512,0.18768,0.48823,0.20479,0.42306,0.38204,0.42206,0.19868,0.22377,0.53352,0.2288,0.0089669,0.52428,0.33488,-0.1475,0.28802,0.51742,0.18248,-0.33512,0.31977,0.56032,-0.11638,0.56122,0.69498,0.59557,0.36127,0.12049,0.63705,0.155,0.38309,-0.0068951,-0.064359,0.35447,0.27695,0.55652,0.26767,0.16037,0.38299,0.46763,0.19926,0.33501,0.54841,0.40286,0.058795,-0.28045,0.65641,0.12407,0.46914,-0.019081,0.55732,0.43603,0.00015234,0.092613,0.010007,0.19805,0.41705,-0.093231,0.34512,-0.038334,0.48895,0.46265,-0.10381,-0.065411,0.35005,0.11413,0.30768,0.12596,0.36526,0.92726,0.31408,0.25162,0.33751,-0.18244,0.55951,0.34401,-0.17407,-0.18488,0.54936,-0.28775,0.11276,0.27223,0.2089,0.19894,0.43038,0.56675,0.39036,0.11627
0.09333,0.37371,0.17803,0.030784,-0.030235,-0.026228,0.066292,0.30797,0.13453,-0.23092,0.20134,-0.1198,0.29086,0.13358,0.34224,1,0.33091,0.27082,0.20094,0.18529,0.25956,-0.041924,0.35487,0.29383,0.32346,0.004568,0.41402,-0.1462,0.38463,0.057839,0.23925,0.25754,0.085493,0.29146,0.20349,0.30878,0.47415,0.46033,0.41471,0.092359,0.2395,0.11275,0.15698,0.14649,0.087023,0.34881,-0.088294,0.28895,0.60112,0.33867,0.049354,0.34119,0.58526,-0.1213,0.04075,-0.029745,0.41169,0.29776,0.1326,-0.0077709,0.13816,0.2401,-0.1977,0.4744,0.2344,0.48293,0.16871,-0.24631,-0.15801,0.34117,0.44349,0.52012,0.1559,-0.056317,0.2183,0.072815,0.065899,0.16024,0.10523,0.14708,0.22448,0.40432,0.18706,0.28075,0.19438,-0.018287,0.11908,0.17516,0.49691,0.098111,0.43481,0.41192,0.30807,0.16526,0.2055,-0.37855,0.21239,0.091203,0.19973,0.1096,0.2033,0.15521,-0.081491,0.12148,0.29293,-0.019507,0.021648,-0.1761,0.20787,-0.0045299,0.38743,0.30972,0.32315,-0.071143,0.26852,0.14077,-0.13445,0.21565,0.13878,0.39565,-0.01738,0.18391,0.26238,0.15529,0.069914,0.23648,0.37936,0.39518,0.28093,0.12091,0.25519,-0.12423,0.39348,0.17131,0.22086,0.099523,0.086558,0.070435,-0.28958,-0.35005,0.21464,0.1461,-0.049644,-0.24614,0.29996,0.0021022,0.12744,0.24903,-0.072874,0.049097,0.027684,-0.024835,0.40548,-0.25984,0.64144,0.14532,0.11686,-0.11414,0.31188,0.17303,0.0023448,-0.076173,-0.031907,0.29226,0.028829,0.25377,0.18757,0.35467,-0.32823,0.38331,0.17053,-0.11863,0.14549,0.24228,-0.061871,-0.062246,0.012136,0.16404,0.51576,0.018151,0.42013,0.045174,0.3113,0.043896,0.25847,0.17222
0.27685,0.25256,0.30617,0.40056,0.28437,0.090496,0.17109,0.62754,0.42066,0.41952,0.11535,0.10671,0.49626,0.41807,0.34643,0.33091,1,0.20815,0.36666,0.3138,0.56843,0.47693,0.57807,0.51075,0.4083,0.30263,0.30675,0.29057,0.47368,0.52028,0.090305,0.094737,0.50876,0.15917,0.33243,0.35009,0.24648,0.45027,0.68242,0.5129,0.42379,0.0019458,0.3134,0.41434,0.55785,0.38409,0.46298,0.49403,0.27094,0.1703,0.068752,0.55902,0.43712,0.50617,-0.26161,0.29087,0.48476,0.65458,0.22265,0.27712,0.23425,0.47342,0.37904,0.6852,0.037288,0.68421,0.49485,-0.053713,0.44962,0.32968,0.66236,0.4083,0.1501,0.62625,0.53122,0.36937,0.57602,0.58807,0.33086,0.2543,0.52216,0.39911,0.30261,0.39401,0.35616,0.39656,0.34503,0.25434,0.74538,0.42965,0.19013,0.35229,0.39194,0.61682,0.57357,0.33745,0.1636,0.38063,0.30438,0.22079,0.17192,0.43564,0.49687,0.15413,0.22179,0.049455,0.041864,0.19587,0.53579,0.33478,0.31907,0.72088,0.11101,0.08583,0.59849,0.49867,0.35516,0.40819,0.43817,0.44239,0.10379,0.43673,0.2808,0.39906,0.55609,0.21469,0.55461,0.57489,0.16256,0.334,-0.39849,0.34452,0.34306,0.28389,0.23622,0.086613,0.21963,0.43996,0.43749,0.39154,0.44952,0.081424,0.073947,0.23352,0.53989,0.54262,0.0583,0.50939,0.06296,0.44388,0.21321,0.065509,0.45994,0.52816,0.31013,0.60323,0.40701,0.02754,0.23129,0.52679,-0.27413,0.2426,0.011629,0.41044,0.41872,0.70259,0.50473,0.47955,0.28636,0.64831,0.31838,0.36364,0.39285,0.58095,0.071781,0.55684,0.4695,0.26573,0.42417,0.28317,0.37969,0.0024022,0.50549,0.50405,0.41863,0.59061
0.56729,0.30614,0.075044,0.22053,0.2861,0.24318,0.17697,0.46495,0.1423,-0.015156,0.18396,0.39107,-0.16917,0.47608,0.21522,0.27082,0.20815,1,0.22397,0.55093,0.16293,0.17305,0.10784,0.10477,0.47563,0.079553,0.048946,0.093283,0.37792,0.22991,0.045448,0.11567,0.30363,0.27556,0.037621,0.036113,-0.084309,-0.071644,0.1533,0.32227,-0.017861,-0.11971,0.29676,0.17902,0.25168,0.58115,0.050277,0.23871,0.072003,0.043745,0.40804,0.18025,0.3688,0.12585,0.36452,0.0061551,0.54797,0.31657,0.53049,0.23221,0.37075,0.31075,-0.15719,0.13929,0.45049,0.12485,0.027329,-0.40753,0.0097988,-0.17071,0.14651,0.13454,0.28113,-0.036648,0.16648,-0.039077,0.33532,0.10564,-0.029887,-0.027391,-0.010938,0.1149,0.19271,0.24066,0.13132,0.43121,0.12235,-0.19228,0.11417,-0.052182,0.2469,0.16108,0.2108,-0.018455,0.55208,0.18877,0.23616,0.21789,-0.035217,0.15803,0.32879,0.32465,0.051856,-0.16691,0.23864,-0.071458,0.18234,0.13803,0.1483,0.40973,0.090927,0.14172,0.24494,0.15688,0.3115,0.31056,0.14483,-0.0038737,-0.13789,-0.019448,0.094119,0.41109,-0.05566,-0.1193,0.21238,0.41696,0.27478,-0.077079,-0.13878,0.39164,0.1185,0.026198,0.36552,0.23574,0.4086,-0.47462,-0.19108,0.045064,-0.11759,-0.094298,0.050615,-0.33506,0.28136,0.0068716,0.047189,0.21594,0.32599,0.33869,-0.17213,0.14978,0.17142,0.26839,0.27627,-0.02014,0.0044797,0.46159,0.4031,-0.15274,0.14298,0.37479,-0.048082,0.064241,0.030657,0.67207,0.039683,0.34314,0.46324,0.38793,0.1739,0.005698,-0.17316,-0.26384,0.22818,0.43808,0.26229,0.1392,-0.060432,-0.1107,0.48813,0.48068,-0.0049332,0.20591,0.20349,-0.12054,0.16487,0.40759
0.17606,0.24388,-0.10614,0.027746,0.010593,-0.2954,-0.074331,0.53964,-0.075799,0.30927,0.52495,-0.18761,0.14547,-0.012955,0.81774,0.20094,0.36666,0.22397,1,0.11055,0.25179,-0.19785,0.42584,0.39614,0.30076,-0.2071,0.64636,-0.0017158,0.34795,0.22439,0.062073,0.28758,0.18821,0.31622,0.31123,0.21746,0.07641,0.21662,0.26816,0.1991,0.26824,0.13004,0.22697,0.0013248,0.39951,0.47002,0.32024,0.04524,-0.14365,0.22465,-0.10689,0.3373,-0.0059948,0.074277,0.21724,-0.059332,0.38993,-0.0064629,0.26373,0.4654,-0.041775,0.26938,0.25319,0.25277,0.62285,0.3166,0.1422,0.25459,0.18283,-0.1987,0.39954,0.42297,0.084418,0.039158,0.34481,0.34309,0.37968,0.098259,0.34176,0.24348,0.32702,-0.058191,0.2287,0.20629,0.59576,0.13017,-0.034863,-0.10076,0.22263,0.54295,0.32418,0.24436,0.46825,0.066876,0.29534,0.17439,0.3001,-0.24499,0.2877,0.22031,-0.095426,0.45429,0.16882,0.24575,0.049981,0.43184,0.32152,0.25597,0.36655,0.22728,-0.19802,0.50014,0.24079,-0.03835,0.08845,0.21814,0.091665,-0.3325,0.2911,0.50444,-0.2045,0.43051,0.47485,0.4668,0.30108,0.16898,0.53693,0.10935,0.15624,0.071733,-0.010765,0.10774,0.27157,0.62776,0.076372,-0.098011,0.35932,0.42041,0.26942,0.36134,0.31263,0.34027,-0.029848,-0.19464,0.42486,0.048802,0.27297,0.062689,0.48282,0.13109,-0.15946,0.10176,-0.10266,0.14969,0.10998,-0.1288,0.26057,0.22456,0.23743,0.35243,-0.42771,-0.21923,0.23283,0.14485,0.27436,0.13517,0.18467,0.76204,0.1544,0.39541,0.24292,-0.20165,0.52822,0.33213,-0.15154,-0.16131,0.30207,-0.42891,0.076917,0.25612,0.21057,-0.12702,0.38739,0.44664,0.21177,0.1232
0.93923,0.098411,0.25809,0.69106,0.41451,0.75341,0.62034,0.48631,0.33648,-0.10674,0.20511,0.3571,0.070483,0.31022,0.064908,0.18529,0.3138,0.55093,0.11055,1,0.32467,0.37447,0.10864,0.17675,0.73026,-0.022343,-0.18874,0.171,0.47806,0.51961,-0.014017,0.43854,0.44592,0.097726,0.090542,0.035969,0.10706,-0.074594,0.33704,0.35733,0.016089,0.17024,0.41689,0.61579,0.23289,0.55692,0.20935,0.4269,0.18244,-0.11165,0.66952,0.35131,0.29221,0.20494,0.5036,0.19708,0.44572,0.35544,0.90374,0.027708,0.32299,0.46531,-0.25044,0.36905,0.34209,0.33882,0.10904,-0.0094283,0.11832,0.2038,0.21918,0.0044904,0.12429,0.29467,0.16261,-0.0016017,0.12684,0.52334,-0.15286,-0.095546,0.14,0.096295,-0.15663,0.26181,-0.068393,0.29232,0.14508,0.34423,0.30683,0.043338,0.21633,0.26319,0.12544,0.20311,0.54441,0.26393,-0.086373,0.18178,-0.10263,0.12992,0.35906,0.22296,0.26489,0.31043,0.55226,-0.12201,0.2859,0.39508,0.1349,0.55419,0.18524,0.33196,0.12006,0.70516,0.44641,0.29689,-0.041694,0.27812,0.16956,-0.01846,0.073044,0.52281,-0.0512,-0.17913,0.50322,0.91462,0.33269,0.43253,-0.31401,0.58985,0.41305,0.090576,0.15966,0.28226,0.23579,-0.065292,0.24323,0.4669,-0.065346,0.16961,0.14893,-0.047619,0.25869,-0.088228,-0.0458,0.43018,0.093735,0.50344,-0.26676,0.014005,0.24035,0.42873,0.6128,0.21703,0.21336,0.55238,0.20095,-0.20422,0.043444,0.32916,-0.20671,0.22387,0.0052215,0.82225,-0.093219,0.37901,0.70045,0.13047,0.17227,0.08479,-0.15817,0.11723,0.12054,0.47723,0.71005,0.44914,0.041738,0.40002,0.77236,0.71198,0.098411,0.18093,0.5346,-0.10664,0.12908,0.131
0.32325,0.53124,0.15357,0.39536,0.048601,0.10674,0.12672,0.6738,0.034529,0.43593,0.51604,0.27456,0.54754,0.2762,0.36728,0.25956,0.56843,0.16293,0.25179,0.32467,1,-0.0017116,0.58186,0.44708,0.3062,0.048179,0.14602,0.16086,0.39898,0.61385,0.53401,0.19013,0.24857,0.030261,0.53846,0.48893,0.01853,0.64754,0.75885,0.4174,0.462,0.32176,0.78497,0.16641,0.60706,0.5604,0.62291,0.27279,0.30127,0.077733,0.21374,0.6791,0.56958,0.51152,-0.25696,0.32789,0.41367,0.55218,0.27231,0.24038,0.47255,0.38732,0.46452,0.5488,0.16058,0.56504,0.25318,-0.16118,0.3647,0.37499,0.53355,0.50777,0.63527,0.26315,0.67861,0.31976,0.58047,0.33917,0.61986,0.1386,0.60645,0.23261,0.58059,0.44963,0.41127,0.30734,0.27301,0.50946,0.74354,0.58667,0.48289,0.51105,0.20757,0.61865,0.32723,0.49163,0.19732,0.30314,0.29164,0.57387,0.53384,0.65129,0.45898,0.45796,0.42671,0.35842,0.3125,0.35975,0.63144,0.26276,0.1715,0.44929,0.27495,0.13009,0.56375,0.49233,0.44394,0.29988,0.73056,0.6499,0.42675,0.36784,0.22114,0.51131,0.6217,0.20406,0.54452,0.27629,0.20995,0.30091,-0.22308,0.49661,0.55458,0.37785,0.43082,0.35744,0.30103,0.254,0.030803,0.25898,0.68514,0.10056,0.34091,0.053798,0.60911,0.40342,0.44328,0.41818,0.37662,0.59991,0.45465,0.085464,0.43944,0.48821,0.53072,0.30551,0.28274,-0.16081,0.49105,0.27296,-0.01561,0.30806,0.31321,0.28485,0.10589,0.46664,0.40922,0.45853,0.4977,0.4929,0.64548,0.26717,0.57433,0.68018,-0.089613,0.31022,0.53936,0.23454,0.17379,0.19743,0.35405,-0.00054369,0.53036,0.51628,0.32706,0.31752
0.33713,0.030475,-0.011741,0.56565,0.1944,0.50499,0.31519,0.13682,0.77982,0.17127,-0.14238,0.30073,0.2728,0.51168,-0.086447,-0.041924,0.47693,0.17305,-0.19785,0.37447,-0.0017116,1,0.22133,0.15158,0.18069,0.50867,-0.17697,0.33741,0.43753,0.31416,-0.25344,0.058516,0.31845,-0.12882,0.097533,0.19851,0.076416,0.0037684,0.11544,0.50143,0.25247,0.17895,-0.074631,0.40782,0.097561,0.092557,0.17934,0.45588,0.14403,-0.014397,0.23076,0.28113,0.26068,0.54744,0.0089073,0.35084,0.068312,0.37145,0.17979,-0.008895,0.24916,0.4362,0.10766,0.42398,-0.16433,0.43044,0.69429,0.024963,0.41541,0.20505,0.103,0.044161,0.072307,0.46482,0.22747,-0.04565,0.39328,0.57015,-0.16004,0.0007208,0.16113,0.27932,0.0054003,0.039519,-0.078442,0.33101,0.38584,0.20765,0.18464,-0.062565,-0.10361,0.16114,0.16194,0.54966,0.61271,0.34282,0.010827,0.48855,-0.01288,0.30426,0.22978,-0.13633,0.34949,0.0067644,0.17023,-0.11973,-0.10348,-0.14499,0.12285,0.19746,0.20748,0.4032,0.051233,0.15769,0.43706,0.33209,0.1787,0.50978,-0.020911,-0.068385,0.063309,0.26026,0.04179,-0.11056,0.37833,0.21607,0.139,0.33126,0.067093,0.20267,-0.12434,0.3354,0.026073,-0.031622,0.24804,0.023238,0.027819,0.36492,0.20462,0.17308,0.080776,-0.15432,0.27115,0.28323,0.12724,0.53802,0.086851,0.42034,-0.23403,0.28045,0.28038,0.19911,0.33589,0.31647,0.026598,0.65046,0.23345,0.20796,0.002882,0.27506,-0.059976,0.5928,-0.33936,0.33806,0.095338,0.29472,0.55386,0.0675,0.3277,0.081328,-0.11255,0.43752,0.043253,0.22856,0.40968,0.61199,0.34804,0.40378,0.4146,0.33419,0.18521,0.1408,0.13582,-0.037617,0.4509,0.27032
0.071733,0.56555,0.2591,0.14836,0.082306,-0.09695,0.047513,0.64546,0.43401,0.49318,0.60833,0.0060896,0.7168,0.42105,0.61448,0.35487,0.57807,0.10784,0.42584,0.10864,0.58186,0.22133,1,0.74696,0.28772,0.087698,0.58579,-0.18853,0.4988,0.4207,0.4667,0.45307,0.53529,0.19438,0.2574,0.56809,-0.11578,0.78602,0.64622,0.25097,0.59743,0.31216,0.53521,0.32238,0.28178,0.37428,0.64192,0.29026,0.44232,0.42691,-0.059446,0.8026,0.50961,0.5605,-0.22288,0.13246,0.28693,0.44037,0.017193,0.29951,0.23118,0.27234,0.58273,0.54983,0.28424,0.63399,0.54008,0.2015,0.15628,0.082095,0.59731,0.6807,0.55774,0.32007,0.652,0.52186,0.56522,0.27573,0.45119,0.17314,0.80856,0.27406,0.56409,0.62816,0.48833,0.22871,0.34105,0.23523,0.57857,0.54306,0.35492,0.76634,0.27232,0.52434,0.54004,0.38695,0.15378,0.19203,0.54093,0.65797,0.48711,0.29163,0.36139,0.6144,0.4064,0.44986,0.11066,0.11044,0.67463,0.2424,0.23762,0.67928,0.25748,-0.14799,0.60346,0.52241,0.44781,0.18746,0.70282,0.78011,0.29155,0.45261,0.22874,0.79409,0.54001,0.0036282,0.62153,0.34984,0.62839,0.18862,-0.18349,0.57542,0.2206,0.5324,0.35674,0.47712,0.11781,0.55513,0.092082,0.1562,0.58544,0.19817,0.13656,-0.23048,0.68941,0.39489,0.59319,0.20764,0.58996,0.53285,0.029551,-0.077554,0.44988,0.57114,0.48452,0.023417,0.44664,0.031398,0.49923,0.33184,-0.1382,0.13409,0.12275,0.14228,0.3212,0.49559,0.39189,0.64183,0.50481,0.46747,0.67313,0.27786,0.48044,0.3938,-0.084817,0.13883,0.76568,0.061101,0.082823,0.35802,0.20171,0.1297,0.56197,0.69702,0.20238,0.2076
0.25628,0.46548,0.15603,0.11528,0.017736,0.13121,0.08906,0.59887,0.34052,0.34563,0.46539,0.10296,0.61012,0.24484,0.59203,0.29383,0.51075,0.10477,0.39614,0.17675,0.44708,0.15158,0.74696,1,0.39772,-0.14133,0.56465,-0.060821,0.39894,0.54834,0.39706,0.27956,0.29066,0.25345,0.24634,0.47586,-0.18841,0.66005,0.55893,0.26012,0.46346,0.45448,0.41793,0.20772,0.21431,0.35418,0.72888,0.29799,0.30552,0.23768,-0.17056,0.67019,0.36321,0.41861,-0.15749,0.018608,0.072782,0.49886,0.26506,0.45501,0.28291,0.26887,0.37926,0.31453,0.33187,0.62906,0.55754,0.21132,0.2462,-0.15514,0.38665,0.50011,0.4396,0.33478,0.73367,0.6105,0.48864,0.24124,0.18289,0.42916,0.78132,0.43961,0.39024,0.44335,0.54104,0.25445,0.19071,0.13015,0.40354,0.37476,0.27065,0.63305,0.12901,0.29974,0.39361,0.34231,0.23734,0.21736,0.55088,0.4858,0.36395,0.26746,0.6917,0.53692,0.54059,0.080447,0.074745,0.13937,0.46828,0.22206,0.3666,0.55982,0.19527,-0.10298,0.42066,0.42708,0.37343,0.089408,0.42021,0.48132,0.31292,0.45199,0.30206,0.60092,0.55594,0.18928,0.42424,0.30326,0.38139,0.054285,-0.27673,0.49604,0.17151,0.26706,0.43421,0.33935,0.25972,0.69576,0.12006,0.24775,0.58634,0.19455,0.17737,-0.057834,0.63236,0.3373,0.35925,0.11539,0.33564,0.45012,-0.081629,-0.28406,0.34747,0.49432,0.49402,0.090616,0.5244,0.051803,0.32967,0.55239,-0.20418,-0.10044,0.12558,0.25448,0.28276,0.30539,0.33366,0.66407,0.42408,0.32513,0.33361,0.29034,0.3433,0.31021,0.15464,0.19956,0.64927,-0.02332,0.11154,0.40551,0.17849,0.27036,0.67677,0.58914,0.16098,0.31171
0.6658,0.037318,0.50592,0.47459,0.50778,0.55034,0.5036,0.5255,0.36829,-0.043136,0.39099,0.45905,0.16278,0.15457,0.35767,0.32346,0.4083,0.47563,0.30076,0.73026,0.3062,0.18069,0.28772,0.39772,1,0.019593,0.30735,0.087078,0.23852,0.46842,-0.086888,0.45171,0.53569,0.26856,0.12857,0.2561,0.0016297,0.051593,0.50785,0.40934,0.17355,0.25654,0.36898,0.58694,0.25473,0.48103,0.33035,0.57506,0.15168,-0.061985,0.17977,0.31328,0.10844,0.24918,0.53267,0.23074,0.55616,0.49949,0.74223,0.33257,0.3492,0.47095,-0.12465,0.38908,0.61301,0.30849,0.19039,0.12384,0.1613,0.053594,0.41391,0.19141,0.057223,0.4421,0.25922,0.29649,0.19793,0.46753,-0.020789,-0.097242,0.30428,0.26294,-0.12546,0.32644,-0.016176,0.27867,0.34777,0.078172,0.5304,0.070517,0.11004,0.41782,0.38461,0.16208,0.44221,0.29405,0.15982,0.12366,0.15713,0.084849,0.35908,0.28808,0.15889,0.37673,0.60319,-0.1177,0.3713,0.20184,0.25787,0.76471,0.22458,0.43533,0.094776,0.4331,0.51135,0.57162,-0.049567,0.084987,0.093906,0.096042,0.046178,0.84175,0.32443,0.053741,0.4098,0.62743,0.58604,0.38581,-0.0045386,0.68119,0.38235,0.26872,0.034924,0.40892,0.1303,-0.081631,0.23834,0.44822,0.098802,0.21258,0.19204,0.037125,0.27201,-0.30089,0.15052,0.45525,0.077043,0.46937,-0.10407,0.087697,0.10073,0.24433,0.58958,0.32948,0.35068,0.49247,0.2798,-0.39227,0.22795,0.54459,-0.070357,-0.14596,0.251,0.75846,0.25209,0.52023,0.71207,0.36239,0.22665,0.16496,-0.087273,-0.0061926,0.089368,0.44658,0.59123,0.41474,0.25044,0.22516,0.71235,0.72786,0.10467,0.36473,0.79642,0.10527,-0.10572,0.4689
0.014629,0.094013,-0.0040905,0.24655,0.027051,0.044701,0.15304,-0.0546,0.26434,0.035327,-0.15464,0.19402,0.20649,0.16529,0.019201,0.004568,0.30263,0.079553,-0.2071,-0.022343,0.048179,0.50867,0.087698,-0.14133,0.019593,1,0.077509,-0.0051097,0.10276,-0.0058674,-0.32657,0.1002,0.0020887,-0.37395,0.12562,0.22923,0.044766,-0.0029282,0.13104,0.24769,0.26723,-0.11953,-0.016364,0.21169,0.076159,0.10181,-0.18375,0.30687,0.18462,0.22694,0.22356,0.13216,0.34118,0.26697,-0.23807,0.60531,-0.021523,0.24748,-0.16652,0.060095,0.42304,0.14808,0.16069,0.18723,-0.15811,-0.0094681,0.23653,0.03419,0.22676,0.22885,-0.14287,-0.12931,-0.15497,0.27258,-0.13419,0.01118,0.33725,0.14436,0.086657,0.26871,-0.022526,-0.0092657,0.22594,-0.017928,-0.19217,0.38002,0.16329,0.083522,0.2445,0.075552,-0.26496,0.091376,0.44066,0.34508,0.28366,0.054875,-0.068889,0.5673,0.032505,0.14462,0.086815,0.14322,0.059367,-0.075564,0.13661,-0.22412,-0.31272,-0.030467,0.070997,0.25825,0.039006,-0.004371,-0.18335,0.086024,0.059663,0.45395,0.028863,0.32253,-0.035361,-0.064552,-0.34293,0.097604,0.13817,-0.14261,-0.0030238,-0.075644,-0.031671,0.23014,0.091535,0.042305,-0.19057,-0.0075441,0.039507,-0.18339,0.12185,0.13335,0.075159,0.048654,0.0098734,-0.12861,0.07089,-0.022198,0.071292,0.14018,0.21105,0.12619,0.091002,0.18599,-0.21719,0.28896,0.066082,0.32384,0.35985,-0.027772,0.089805,0.48749,-0.0089602,-0.13067,-0.00042861,0.23336,0.61916,0.50785,0.0028217,0.13489,0.24852,0.24499,0.23277,0.011916,0.069499,-0.21724,0.095206,-0.015009,-0.075614,0.3145,0.073125,0.22473,0.25716,0.37799,0.29934,-0.11374,-0.011216,-0.01358,-0.020531,0.039002,0.37144,0.16235
