1,0.22888,0.38209,0.48436,0.52409,0.43698,0.42413,0.4857,0.33854,-0.048217,0.46989,0.59367,0.46899,0.2793,0.10057,0.14686,0.55663,0.0097646,0.15386,0.86538,0.01076,0.34768,0.39364,-0.013307,0.67808,0.27263,0.079648,-0.22845,0.57658,0.43055,0.34805,0.27995,0.48238,0.45866,0.091341,0.26956,0.82038,0.22698,0.13707,0.15526,0.41995,0.27308,-0.076054,0.50769,0.37848,-0.082855,-0.065521,0.6178,0.43299,0.54547,0.41861,0.52393,-0.045479,0.35029,0.57403,0.43482,0.38487,0.60719,0.87751,0.050166,0.50458,0.19158,0.52996,0.089149,-0.26277,0.39804,0.26594,0.24065,0.42234,0.47994,0.19552,0.25954,0.010729,0.46245,0.2651,0.17302,0.12817,0.61657,0.27348,0.22163,0.23613,-0.60844,0.25545,0.68183,0.25041,-0.11088,-0.056357,0.21338,0.37494,0.25011,0.28699,0.16893,-0.076515,0.21793,0.48531,0.45524,0.28723,0.25801,0.2219,0.45321,0.17331,0.26833,0.16629,0.55919,0.3745,0.47624,0.041082,0.6882,0.039003,0.58809,0.0060246,0.37104,0.086758,0.53343,0.36006,0.26455,0.35197,0.10859,0.66921,0.053246,0.6689,0.5913,0.22839,-0.026757,0.48766,0.91438,0.26792,0.50694,-0.027697,0.60236,0.42831,0.43694,0.14771,0.57047,-0.37472,0.48601,-0.094239,0.43119,0.56194,0.462,0.14438,-0.28709,0.21947,0.27006,0.35645,0.6969,0.45362,0.54759,0.082518,0.27642,0.33765,0.3083,0.31701,0.49643,-0.19344,0.56607,0.42485,0.042599,0.34909,0.20624,0.11339,0.26858,0.35978,0.48702,0.49092,0.27647,0.5945,0.28247,0.37929,0.25795,0.27338,-0.27462,0.17528,0.37734,0.60675,-0.12703,0.42258,0.61702,0.76785,0.58345,-0.36869,0.12237,0.43546,0.53516,0.40341,-0.18454
0.22888,1,0.45322,0.30396,0.42851,0.17688,0.076787,0.29747,0.37795,0.5339,0.32861,0.46719,0.55882,0.67874,0.15623,0.51838,0.46831,-0.096213,0.24036,0.30481,0.13381,0.34535,0.67994,-0.091973,0.29368,0.43631,0.031807,-0.24652,0.37689,0.42718,0.54251,-0.43375,0.36675,0.22871,0.24916,0.26289,0.19842,0.57088,0.64595,0.30037,0.16541,0.47971,-0.0029311,0.32307,0.17467,-0.37021,-0.13943,0.47206,0.11483,0.1873,-0.11824,0.51567,0.30593,0.1347,-0.099121,0.56825,-0.11846,0.47305,-0.008712,-0.028984,0.093087,0.27499,0.41334,0.45644,-0.32567,0.5529,0.2541,-0.18216,0.47042,0.040158,0.03413,0.27416,0.21877,0.29825,-0.034903,-0.20318,0.16197,0.17355,0.06388,0.10022,0.23198,-0.25343,0.29684,0.42301,0.16279,0.25598,0.017268,0.051121,0.33851,-0.072663,0.1595,0.01294,0.44714,0.29581,0.52411,0.52566,0.21786,-0.019733,0.44977,0.20597,0.4456,0.41283,-0.079023,0.62325,0.4204,0.22772,0.20178,0.59458,-0.26175,0.17003,0.10827,0.33894,0.16336,0.49548,0.52072,0.23127,0.0039476,0.32589,0.41792,0.61279,0.22848,0.39565,0.17122,0.37522,0.29124,0.10725,0.012751,0.40338,0.24968,0.16406,-0.059431,0.3851,-0.090519,0.2955,0.020639,0.53705,0.25532,0.44832,0.39462,0.2998,0.29924,-0.45039,0.2305,0.51688,0.56623,0.5525,0.26847,0.2142,0.034569,0.20288,0.30409,-0.21948,0.55664,-0.078593,0.23399,0.17497,0.61904,0.33457,0.43373,-0.11834,-0.1293,0.19295,0.18753,-0.26664,0.45302,0.23094,0.34392,0.10006,0.39942,0.1719,0.62607,0.059722,0.22969,0.17889,-0.2255,-0.37741,0.4011,0.50559,0.41458,0.13993,0.37587,0.32194,0.4332,0.18265,0.35372,0.16596
0.38209,0.45322,1,0.38394,0.69433,0.47719,0.1738,0.3736,0.449,0.56988,0.53806,0.42662,0.63459,0.36587,0.14621,0.19211,0.49345,-0.2505,0.30996,0.52929,0.34951,0.13895,0.44356,0.35521,0.44868,0.34026,0.039662,-0.19294,0.25882,0.35354,0.71864,0.053957,0.59544,0.35423,-0.11734,0.27994,0.47934,0.52788,0.74033,0.2078,0.37426,0.18754,-0.098323,0.30449,0.30988,0.06057,0.071304,0.58551,0.53425,0.18719,0.12158,0.42876,-0.079384,0.48357,0.27079,0.67069,0.26595,0.60854,0.16818,-0.096929,0.52867,0.039812,0.55358,0.33203,-0.052579,0.50817,0.11756,0.15768,0.44656,0.27455,0.43425,0.23766,0.17537,0.39465,0.21669,0.14938,0.22031,0.47387,0.54275,0.029947,0.29065,-0.20501,0.097623,0.31828,0.54834,0.47704,-0.38309,0.46214,0.25122,0.20619,0.40134,0.29033,0.28557,0.40402,0.58037,0.45058,0.40214,0.15612,0.24316,0.75138,0.3454,0.36884,0.16027,0.46098,0.55121,0.58677,0.3727,0.52195,-0.17196,0.21995,0.028482,0.7075,0.33614,0.39926,0.44817,0.40914,0.26023,0.40197,0.48288,0.45407,0.32853,0.47796,0.35612,0.25926,0.67054,0.36727,0.13758,0.48194,0.47733,0.094261,0.15538,0.63638,0.13853,0.7293,-0.016956,0.57218,0.16539,0.55834,0.47813,0.37256,0.21524,-0.13213,0.21391,0.15533,0.61588,0.65107,0.31643,0.47434,0.06211,0.14765,0.11699,-0.039289,0.69906,0.30679,0.10109,0.43408,0.50531,0.31267,0.54756,0.2448,-0.040251,0.58299,0.34462,-0.0037147,0.53702,0.42257,0.34107,0.22769,0.63986,0.41062,0.47899,0.13597,0.20498,0.25806,0.10778,-0.51968,0.58524,0.63284,0.37099,0.24249,0.0063666,0.69444,0.43042,0.45897,0.47681,-0.15982
0.48436,0.30396,0.38394,1,0.45658,0.59704,0.54243,0.40213,0.67665,0.26263,0.75463,0.78018,0.66097,0.64318,0.60604,0.55552,0.50585,0.25894,0.53995,0.61895,0.23057,0.39305,0.51868,0.3461,0.60184,0.59255,0.3453,0.32759,0.59041,0.74004,0.51215,-0.24382,0.4753,0.16092,0.38261,0.48611,0.58051,0.61306,0.42065,0.23109,0.21111,0.42115,-0.11393,0.37862,0.41379,0.021606,0.53139,0.61662,0.24556,0.29076,0.54841,0.49453,0.17564,0.67894,0.061857,0.53695,0.55766,0.61976,0.48824,0.056111,0.4904,0.23777,0.82105,0.57863,-0.26135,0.76631,0.53772,0.1731,0.92411,0.37893,0.43801,0.58929,0.36883,0.61598,0.42002,0.32115,0.62507,0.8195,0.52562,0.29992,0.55375,-0.086939,0.27011,0.37832,0.49013,0.16885,-0.090098,0.38425,0.81986,0.4996,0.45197,0.41538,0.28395,0.50074,0.70868,0.69705,0.487,-0.016408,0.55334,0.60314,0.64918,0.2704,-0.025958,0.77698,0.49384,0.57819,0.59693,0.7616,0.53485,0.57137,0.54485,0.4271,0.32034,0.49751,0.75773,0.69509,0.43486,0.25604,0.71319,0.3789,0.68301,0.67982,0.65665,0.54906,0.61399,0.50675,0.39975,0.46141,0.10541,0.5964,-0.21641,0.74911,0.14245,0.55528,0.10029,0.5155,-0.029535,0.57601,0.87971,0.78201,0.56126,-0.079799,0.23883,0.25614,0.52451,0.66862,0.51387,0.7356,0.16265,0.24683,0.089035,0.17825,0.57462,0.33695,0.20467,0.68495,0.75691,0.19407,0.43408,0.51388,0.23441,0.35058,0.13672,0.32347,0.78928,0.4947,0.58957,0.60505,0.57367,0.31678,0.59377,0.046449,0.49357,0.63768,0.29207,0.074522,0.72797,0.57154,0.48858,0.47551,-0.10988,0.48941,0.82363,0.68321,0.77363,-0.042871
0.52409,0.42851,0.69433,0.45658,1,0.3189,0.081687,0.49252,0.52072,0.40333,0.5268,0.59967,0.50385,0.3523,0.2004,0.50877,0.4422,-0.30861,0.10139,0.72799,0.20767,0.31368,0.67084,0.24473,0.62499,0.37196,0.19223,-0.16459,0.23511,0.40059,0.5968,-0.077761,0.71479,0.41566,0.11167,0.40173,0.56038,0.5968,0.58785,0.19015,0.41825,0.19349,0.1421,0.27068,0.23874,0.0033609,-0.029742,0.65596,0.41513,0.49713,0.1153,0.63427,0.070468,0.41732,0.27115,0.56243,0.24759,0.50838,0.438,0.09374,0.59123,0.21034,0.59458,0.29701,-0.1943,0.62087,0.19419,0.17039,0.47864,0.28386,0.29839,0.44591,0.089871,0.3131,-0.073366,0.12917,0.31058,0.50181,0.50477,0.036713,0.33604,-0.35079,0.28549,0.56045,0.34659,0.34308,-0.55292,0.47373,0.20501,0.22753,0.099036,0.13688,0.45228,0.37207,0.60758,0.63865,0.57969,0.26246,0.27081,0.52166,0.30578,0.52577,0.20486,0.51062,0.58215,0.67535,0.28972,0.56258,-0.025886,0.30397,-0.11431,0.66703,0.27219,0.61189,0.59047,0.35765,-0.036299,0.5408,0.51471,0.47978,0.39901,0.54352,0.41593,0.40647,0.44187,0.57724,0.024931,0.33614,0.12421,0.29685,0.13169,0.55453,0.34245,0.73649,-0.029541,0.46596,0.0096878,0.5338,0.41201,0.36678,0.30914,-0.26408,0.33302,0.44125,0.65035,0.82225,0.29195,0.42525,-0.060998,0.26256,0.29622,0.064387,0.53942,0.22416,0.14389,0.59383,0.58008,0.29569,0.72564,0.30248,0.20336,0.54926,0.36477,0.22903,0.4613,0.46044,0.53484,0.24747,0.53028,0.38433,0.47835,0.023987,0.44944,0.22738,0.2621,-0.40788,0.59151,0.50165,0.48615,0.38166,-0.0055641,0.33391,0.5207,0.46691,0.42057,-0.15451
0.43698,0.17688,0.47719,0.59704,0.3189,1,0.22963,0.41027,0.45412,0.056912,0.32292,0.37121,0.27313,0.23263,0.20646,0.27403,0.30612,0.23153,0.42006,0.63242,0.38661,0.059355,0.21216,0.0011453,0.5868,0.27981,0.097406,-0.068423,0.28978,0.56416,0.25668,0.21869,0.42163,0.43086,0.04934,0.00042996,0.62582,0.10102,0.20937,0.023954,0.40599,0.26337,-0.4412,0.26815,0.51694,0.035436,0.18319,0.24933,0.43949,0.076892,0.49066,0.48903,-0.30252,0.41203,0.466,0.27757,0.17156,0.35637,0.42682,0.011898,0.1868,-0.17259,0.47078,0.41002,-0.44704,0.23672,0.11614,-0.11357,0.47684,0.48524,0.35776,0.13454,0.0061487,0.61421,0.27463,0.32879,0.16459,0.59874,0.37874,0.25158,0.096884,-0.24022,-0.23112,0.25648,0.3277,-0.04844,0.059726,0.34453,0.53874,0.10919,0.61682,0.27247,0.045991,0.063132,0.40246,0.39792,0.23349,-0.01839,0.3238,0.44975,0.10157,0.016529,0.21496,0.43806,0.33205,0.31307,0.37894,0.45415,0.25829,0.72725,0.17966,0.23416,0.04075,0.40954,0.39594,0.21492,0.53671,-0.051079,0.42145,-0.046187,0.33763,0.73578,0.47471,-0.089848,0.60626,0.53062,0.36535,0.37743,-0.15763,0.17133,0.30054,0.47055,0.16244,0.51162,-0.25254,0.45973,-0.1508,0.42621,0.57539,0.48844,0.36221,-0.094182,-0.09689,0.26224,0.44741,0.47477,0.36126,0.6417,-0.088281,0.063586,-0.03136,-0.18158,0.3041,0.39977,0.074848,0.53391,0.29046,0.29832,0.05708,0.2537,-0.088978,0.47424,-0.034332,0.42876,0.34216,0.31341,0.50909,0.16515,0.23593,0.35648,0.2107,-0.12144,0.16905,0.40798,0.12401,-0.22116,0.39559,0.38785,0.66552,0.76241,-0.194,0.58512,0.46379,0.32914,0.33574,0.023108
0.42413,0.076787,0.1738,0.54243,0.081687,0.22963,1,0.434,0.27238,0.21874,0.44276,0.66495,0.61972,0.50468,0.31735,0.15857,0.56808,0.35102,0.31188,0.35604,0.18796,0.36047,0.20432,0.50776,0.39644,0.29546,0.29391,0.10502,0.31788,0.39099,0.4157,0.096502,0.37382,0.016431,0.22754,0.53726,0.30525,0.21602,0.04627,-0.18623,-0.055155,0.4029,0.13416,0.56814,0.095784,0.26176,0.21795,0.20445,-0.01134,0.33224,0.6077,-0.033195,0.18321,0.25138,0.27079,0.34404,0.35339,0.39621,0.4755,-0.087787,0.31744,-0.089237,0.51587,0.19799,-0.095141,0.51002,0.24323,0.35901,0.40733,0.12286,0.28564,0.4184,0.33799,0.33653,0.24131,0.20297,0.42936,0.45118,0.31909,0.004235,0.50522,0.01662,0.31428,0.19141,0.10961,0.12112,-0.21026,0.20206,0.62049,0.49093,0.39423,0.29689,-0.18185,0.075111,0.3305,0.24127,0.17711,0.36738,0.065796,0.35635,0.55116,-0.15444,0.087834,0.5246,0.56558,0.38411,0.26712,0.6179,0.23946,0.28042,0.31178,0.2119,0.12651,0.14335,0.37125,0.31324,0.54228,0.44913,0.57905,0.15581,0.66108,0.37653,0.48978,0.2731,0.45926,0.42471,0.15994,0.27144,0.31895,0.48063,0.076615,0.5739,-0.22403,0.19226,0.048002,0.25727,-0.14708,0.62934,0.5349,0.5964,0.52823,0.095504,-0.17798,-0.19449,0.33652,0.36223,0.19103,0.50025,0.12088,0.10256,0.10118,0.14209,0.2372,0.1544,0.14462,0.47401,0.57443,-0.031005,0.21405,0.21778,0.12177,-0.055025,0.32455,0.27242,0.56755,0.55479,0.46264,0.43413,0.37461,0.41316,0.40503,-0.17682,0.25466,0.012296,0.62777,0.17011,0.50091,0.44098,0.10389,0.25254,-0.34103,0.15914,0.49257,0.63241,0.55973,0.097458
0.4857,0.29747,0.3736,0.40213,0.49252,0.41027,0.434,1,0.33913,0.14463,0.29983,0.60305,0.39254,0.56341,-0.1075,0.36467,0.38164,0.11235,0.018426,0.54058,0.29048,0.038131,0.25596,0.21699,0.35391,0.33411,0.063327,-0.2206,0.30987,0.30359,0.36434,0.11069,0.54486,-0.0010103,0.15112,0.26585,0.30259,0.061923,0.32905,-0.0097675,0.39362,0.10965,0.013396,0.41488,0.51593,0.20659,-0.32863,0.33422,0.14876,0.31571,0.42145,0.25279,0.087763,0.1239,0.34909,0.24579,0.062248,0.33552,0.4356,0.04455,0.45646,-0.036981,0.38589,0.32495,-0.081096,0.3058,0.063549,0.44082,0.40164,0.43913,0.51965,0.36607,0.029197,0.44367,0.12322,0.49613,0.38471,0.35419,0.40169,-0.15859,0.48243,-0.15342,0.16848,0.48672,0.28363,0.37687,-0.34968,0.37991,0.45847,0.33961,0.17279,0.022813,-0.036235,0.011588,0.36092,0.2746,0.43037,0.28443,0.077931,0.3808,0.38795,0.13771,0.44513,0.58192,0.40559,0.44734,0.037408,0.51463,-0.09684,0.53031,0.24899,0.39772,0.14202,0.40173,0.39736,0.01053,0.46097,0.38898,0.52204,0.094842,0.44233,0.51645,0.49468,0.17244,0.70855,0.53203,0.29167,0.31974,0.13309,0.1971,0.32137,0.44593,0.35121,0.4117,0.035554,0.25517,-0.2968,0.42894,0.52498,0.44486,0.27978,-0.32918,-0.0090821,0.1451,0.53594,0.39957,0.33698,0.56012,0.15494,-0.031317,0.22613,0.039151,0.30072,0.41617,-0.18682,0.58812,0.51572,0.091467,0.26422,-0.056192,0.22275,0.38757,0.35076,0.16907,0.39287,0.48374,0.4554,0.013125,0.36705,0.58523,0.16907,-0.2483,0.19997,0.16645,0.34337,-0.01204,0.35721,0.53122,0.36782,0.4231,-0.22157,0.052631,0.5761,0.6241,0.46835,-0.10429
0.33854,0.37795,0.449,0.67665,0.52072,0.45412,0.27238,0.33913,1,0.34914,0.67223,0.6605,0.62647,0.53248,0.29692,0.41208,0.51182,-0.16746,0.18335,0.60499,0.13266,0.084487,0.55472,0.24663,0.49497,0.52042,-0.033936,0.29797,0.41287,0.81678,0.34119,-0.30012,0.4305,0.33639,0.38761,0.38247,0.40559,0.55744,0.32675,0.26314,0.28299,0.37986,-0.18868,0.40463,0.44201,0.31507,0.16842,0.56313,0.041644,0.26636,0.38877,0.58742,0.11597,0.58563,0.099092,0.39344,0.30861,0.58544,0.25883,-0.21603,0.49656,0.1329,0.65571,0.53873,-0.43547,0.64062,0.44658,-0.028902,0.6166,0.055487,0.4302,0.62705,0.11187,0.60017,0.16902,0.31017,0.29491,0.79525,0.44812,0.163,0.4389,0.0037037,0.41495,0.51808,0.70862,0.24977,-0.017367,0.35006,0.66074,0.31087,0.073812,0.55224,0.43105,0.43524,0.60061,0.79059,0.35889,0.23711,0.45196,0.5434,0.44878,0.18682,-0.00023325,0.67355,0.61535,0.29895,0.45023,0.62278,0.32581,0.43912,0.42449,0.33892,0.047291,0.57458,0.623,0.63874,0.26792,0.47776,0.58059,0.30558,0.62043,0.57997,0.43893,0.44068,0.46912,0.43069,0.45861,0.53468,-0.015597,0.44385,-0.11846,0.68989,-0.034045,0.69592,-0.014479,0.51355,0.16034,0.7382,0.65549,0.5587,0.44771,0.18975,0.292,0.35701,0.70479,0.55169,0.42565,0.61362,0.031846,0.1667,0.24102,-0.055636,0.62626,0.46329,0.26322,0.39158,0.71951,0.39707,0.45847,0.27973,0.13313,0.30965,0.22786,0.10351,0.51381,0.70847,0.51007,0.25055,0.53023,0.29459,0.49805,0.14343,0.24238,0.57717,0.041698,-0.34636,0.76974,0.4467,0.43387,0.34975,-0.19245,0.41606,0.7318,0.55024,0.57243,-0.37121
-0.048217,0.5339,0.56988,0.26263,0.40333,0.056912,0.21874,0.14463,0.34914,1,0.34359,0.43957,0.53152,0.51069,0.041369,0.40702,0.36536,-0.3293,0.068242,0.091338,0.59929,0.17311,0.55484,0.37624,0.10769,0.38921,-0.027582,0.010185,0.31435,0.36436,0.42924,-0.4059,0.29684,0.023054,0.065656,0.61333,0.16961,0.5901,0.7102,0.17363,0.35008,0.48662,0.4825,0.017965,-0.0040891,0.15135,0.19698,0.37095,-0.086703,0.16244,-0.25,0.34268,0.12327,0.24528,-0.0046965,0.57237,0.085734,0.43858,-0.10793,0.27383,0.31166,0.12861,0.47554,0.67906,0.14835,0.47457,0.25141,0.079104,0.36231,0.063497,0.30117,0.58636,0.22698,0.071241,0.065653,-0.024257,0.34492,0.18522,0.5257,-0.0030297,0.38094,0.019959,0.41748,0.13498,0.1867,0.521,-0.35792,0.12444,0.15371,0.28204,0.18859,0.4336,0.17699,0.37846,0.5021,0.51872,0.38612,-0.0083164,0.34555,0.32053,0.49237,0.063985,0.13854,0.4016,0.4863,0.44422,0.64507,0.35415,-0.2681,-0.080095,0.2036,0.47654,0.29869,0.13303,0.47383,0.33421,-0.085342,0.51192,0.38693,0.69758,0.30723,0.14791,0.17989,0.52038,0.36844,-0.15979,-0.29692,0.31684,0.60916,0.14991,-0.13682,0.57495,-0.23576,0.3722,0.34437,0.42356,0.15663,0.42142,0.33905,0.31028,0.57041,-0.17277,0.24229,0.11611,0.4894,0.47573,0.4111,0.24396,0.15199,0.12111,0.31508,0.091999,0.58246,-0.14262,0.47406,0.020857,0.61126,0.21998,0.50723,0.20775,0.13732,0.35316,0.34593,-0.23906,0.55565,0.5035,0.15323,0.055023,0.53557,0.31887,0.51111,0.47459,0.3432,0.054135,-0.044182,-0.22991,0.5346,0.35698,-0.02252,-0.19463,0.35762,0.46613,0.40587,0.43419,0.51816,-0.014215
0.46989,0.32861,0.53806,0.75463,0.5268,0.32292,0.44276,0.29983,0.67223,0.34359,1,0.73351,0.7309,0.60581,0.48647,0.46544,0.55253,0.085485,0.33077,0.60434,0.02979,0.29575,0.51205,0.26057,0.47359,0.62529,0.18324,0.37641,0.54565,0.63886,0.59667,-0.18762,0.39709,0.21678,0.4022,0.38915,0.45943,0.72844,0.42458,0.42866,0.21366,0.38352,-0.11698,0.39325,0.20053,0.17878,0.18871,0.65314,0.18769,0.32517,0.54916,0.57855,0.15309,0.56333,0.074245,0.61262,0.65595,0.68869,0.37153,0.0097134,0.63376,0.38976,0.79109,0.38362,-0.32735,0.73193,0.67383,0.12212,0.82934,-0.028764,0.51938,0.39203,0.3211,0.51011,0.45601,0.040215,0.46331,0.74912,0.38001,-0.052882,0.54644,-0.19567,0.33932,0.44658,0.48532,0.16057,-0.29726,0.40331,0.65896,0.38745,0.36757,0.45221,0.278,0.74836,0.79526,0.65483,0.29273,0.11201,0.45398,0.65882,0.62914,0.3853,-0.02512,0.62138,0.48534,0.61844,0.36975,0.74077,0.28316,0.33835,0.27243,0.47839,0.36476,0.55624,0.77225,0.71783,0.41864,0.4217,0.52159,0.55567,0.61372,0.54468,0.38545,0.51606,0.64715,0.46548,0.35706,0.53351,0.26596,0.53188,-0.11524,0.75918,0.19355,0.60731,0.076571,0.51491,0.19224,0.53664,0.73009,0.54461,0.46867,0.016127,0.44242,0.22193,0.67193,0.62752,0.30649,0.64683,0.36054,0.41551,0.28559,0.15515,0.61308,0.58939,0.1373,0.49386,0.72886,0.44107,0.68674,0.37656,0.26968,0.18139,0.17489,0.12573,0.76336,0.49028,0.47127,0.47351,0.65476,0.31038,0.52532,0.05459,0.59386,0.59281,0.25584,-0.2378,0.67011,0.49411,0.42517,0.21888,-0.02477,0.41785,0.7752,0.69336,0.81556,-0.33632
0.59367,0.46719,0.42662,0.78018,0.59967,0.37121,0.66495,0.60305,0.6605,0.43957,0.73351,1,0.77506,0.74726,0.32825,0.55831,0.66688,0.020645,0.28378,0.70959,0.18991,0.53429,0.58929,0.29505,0.5848,0.64031,0.26201,0.18746,0.60578,0.65485,0.49978,-0.15481,0.58979,0.21975,0.26048,0.61758,0.50688,0.5998,0.40005,0.13165,0.26787,0.54203,0.14786,0.55829,0.40596,0.12791,0.083192,0.62841,0.053552,0.47102,0.41733,0.52836,0.31646,0.54662,0.30555,0.55304,0.48751,0.75665,0.50549,0.023447,0.57629,0.1633,0.75292,0.50763,-0.28023,0.81337,0.46878,0.26901,0.77662,0.27935,0.3155,0.65944,0.36806,0.57672,0.06621,0.15918,0.5805,0.68778,0.44574,0.041689,0.64591,-0.2515,0.46136,0.45453,0.37875,0.24294,-0.351,0.29772,0.66021,0.50143,0.25921,0.28574,0.18293,0.4344,0.68408,0.76664,0.42249,0.27671,0.36434,0.61792,0.64987,0.34947,0.10567,0.86581,0.7299,0.5896,0.43647,0.8375,0.19599,0.55754,0.27712,0.43041,0.16817,0.63335,0.81892,0.47469,0.30704,0.59502,0.74905,0.44646,0.82182,0.65718,0.57957,0.51039,0.63,0.57942,0.22406,0.65227,0.23722,0.62786,0.084546,0.78659,0.079252,0.56943,0.17046,0.48322,-0.1343,0.72755,0.76138,0.69905,0.65069,-0.10435,0.1553,0.19631,0.71757,0.7753,0.5008,0.68202,0.28847,0.17262,0.43426,0.078663,0.5947,0.35336,0.14664,0.69989,0.91751,0.33113,0.56263,0.22673,0.37427,0.3664,0.27728,0.27723,0.7552,0.65894,0.68884,0.4298,0.6358,0.389,0.58918,0.026013,0.42559,0.37561,0.43965,0.044689,0.73794,0.70357,0.44993,0.44177,-0.025251,0.21979,0.87737,0.82782,0.77577,-0.12081
0.46899,0.55882,0.63459,0.66097,0.50385,0.27313,0.61972,0.39254,0.62647,0.53152,0.7309,0.77506,1,0.67542,0.45606,0.36762,0.79115,-0.096264,0.42722,0.56707,0.10244,0.4291,0.61201,0.40186,0.53541,0.71395,0.20648,0.13679,0.49863,0.50688,0.75608,-0.30938,0.46029,0.15329,0.27951,0.54564,0.3951,0.75959,0.54118,0.27644,0.16087,0.57113,-0.032791,0.4862,0.2553,0.083058,0.27167,0.63487,0.19618,0.36197,0.27362,0.39058,0.12726,0.63912,0.22136,0.82696,0.44903,0.76341,0.24694,-0.2405,0.61821,0.246,0.76933,0.44578,-0.16291,0.79422,0.50723,0.14826,0.66202,0.085784,0.40439,0.53015,0.29327,0.34765,0.22323,0.06608,0.47573,0.60091,0.54369,0.14236,0.65454,-0.20584,0.56833,0.35184,0.46189,0.25132,-0.18168,0.26488,0.6791,0.31667,0.3361,0.36317,0.32664,0.54809,0.75876,0.58807,0.3803,0.413,0.51133,0.6406,0.80485,0.28329,0.088795,0.79173,0.71623,0.5766,0.37297,0.87214,0.19146,0.22608,0.24333,0.47059,0.42622,0.58063,0.75102,0.69151,0.31776,0.53102,0.59041,0.67409,0.66489,0.57776,0.43373,0.60716,0.61768,0.44184,0.21718,0.48749,0.44682,0.61874,-0.017464,0.66751,0.02806,0.54914,-0.025141,0.7379,0.24511,0.80387,0.66285,0.55532,0.39451,-0.094421,0.23531,0.30896,0.65971,0.72768,0.50695,0.48375,0.25635,0.42207,0.11095,0.045095,0.74288,0.28312,0.23403,0.50873,0.85204,0.30648,0.57411,0.25466,0.15332,0.24655,0.4331,0.018783,0.79364,0.64954,0.57803,0.48553,0.73963,0.39236,0.84713,0.048725,0.29667,0.39053,0.17181,-0.25414,0.8576,0.73676,0.31306,0.14143,0.048545,0.51432,0.75499,0.64683,0.78062,-0.14707
0.2793,0.67874,0.36587,0.64318,0.3523,0.23263,0.50468,0.56341,0.53248,0.51069,0.60581,0.74726,0.67542,1,0.28855,0.64496,0.6268,0.10209,0.26787,0.35508,0.36105,0.43905,0.56278,0.35134,0.37282,0.5149,0.13256,0.19729,0.60648,0.54501,0.50683,-0.45696,0.3993,0.062088,0.32788,0.51994,0.17199,0.53942,0.57555,0.32273,0.1797,0.58899,0.14262,0.54229,0.23768,0.051961,0.050897,0.60807,-0.0017854,0.068433,0.32078,0.41665,0.3664,0.20311,-0.088656,0.58517,0.31939,0.56528,0.13737,0.047991,0.39503,0.32223,0.62916,0.5519,-0.27087,0.702,0.53267,0.24848,0.74363,0.17187,0.38512,0.56699,0.45869,0.5126,0.25287,0.21285,0.63864,0.5385,0.38185,0.10002,0.75727,-0.015043,0.41275,0.41081,0.43881,0.50885,-0.082856,0.26624,0.70678,0.46557,0.20872,0.39775,0.37553,0.40993,0.69874,0.63674,0.47562,0.016029,0.53907,0.4566,0.67801,0.31602,0.16267,0.7536,0.57778,0.40396,0.39071,0.68661,-0.082495,0.42927,0.4865,0.53713,0.22687,0.37469,0.66538,0.45978,0.38955,0.55828,0.57277,0.50261,0.60078,0.52276,0.46392,0.67255,0.62946,0.15559,0.30535,0.56867,0.3194,0.41481,-0.23434,0.70968,-0.069534,0.3941,0.32442,0.36134,0.016034,0.53111,0.77035,0.6385,0.5754,-0.1606,0.23432,0.15663,0.6826,0.53731,0.35099,0.61105,0.33716,0.055868,0.44378,0.074371,0.64717,0.24109,0.33819,0.44437,0.86092,0.23538,0.43042,0.2602,0.26427,0.2542,0.15321,-0.1328,0.78555,0.50394,0.54269,0.36011,0.70421,0.27672,0.58009,0.19062,0.37423,0.40686,0.094458,-0.066291,0.52006,0.5373,0.28647,0.20238,0.20244,0.27091,0.74216,0.68462,0.76555,-0.038394
0.10057,0.15623,0.14621,0.60604,0.2004,0.20646,0.31735,-0.1075,0.29692,0.041369,0.48647,0.32825,0.45606,0.28855,1,0.27051,0.47122,0.1802,0.83903,0.1871,-0.17473,0.54289,0.20632,0.24925,0.25488,0.29146,0.77995,0.3309,0.27625,0.37225,0.46911,-0.48696,0.35001,0.19863,0.20509,0.31495,0.31007,0.66519,0.2245,0.29423,-0.13284,0.37001,-0.02333,0.24133,0.12261,-0.12078,0.57854,0.3677,0.28848,-0.08691,0.3719,0.2089,0.16461,0.41503,-0.28854,0.50621,0.58169,0.26663,0.061884,-0.10407,0.26034,0.4262,0.50791,0.22014,-0.35841,0.62793,0.51999,-0.096019,0.5119,-0.066829,0.12085,0.30565,0.42238,0.13316,0.2082,-0.095119,0.37666,0.46621,0.28146,0.30525,0.35836,0.18643,0.28583,0.025234,0.14131,0.086984,-0.089784,-0.090315,0.58521,0.24804,0.33443,0.097599,0.26584,0.47319,0.48031,0.32029,0.29172,0.041114,0.39873,0.36758,0.56459,0.26157,-0.10258,0.35891,0.25972,0.43065,0.43442,0.50659,0.60155,0.11294,0.25636,0.33206,0.25582,0.27307,0.52184,0.49809,0.1377,0.14494,0.20677,0.4185,0.31087,0.21103,0.59013,0.53423,0.12267,0.18722,0.25409,0.067172,0.031026,0.44164,-0.48607,0.31209,0.10344,0.3358,-0.011653,0.43987,0.39347,0.38179,0.49453,0.56798,0.26073,0.23826,0.16492,0.096857,0.24419,0.38426,-0.077544,0.35401,-0.12407,0.46815,-0.084083,0.032292,0.43368,-0.028275,0.36751,0.29435,0.43788,0.18104,0.41215,0.34187,-0.082863,0.12869,-0.016082,-0.017364,0.55784,0.24754,0.30871,0.90369,0.39355,-0.19979,0.63652,0.016367,0.48011,0.20873,-0.13695,-0.10209,0.38476,0.23875,0.058793,0.086877,0.038202,0.56,0.368,0.1655,0.38406,0.21657
0.14686,0.51838,0.19211,0.55552,0.50877,0.27403,0.15857,0.36467,0.41208,0.40702,0.46544,0.55831,0.36762,0.64496,0.27051,1,0.31623,-0.059198,0.094843,0.35986,0.36297,0.30865,0.64364,0.037436,0.43285,0.5787,0.2593,0.24908,0.31691,0.47626,0.34725,-0.45321,0.44731,0.19094,0.43389,0.30668,0.22188,0.47556,0.41449,0.35566,0.27591,0.54213,0.063796,0.30479,0.043385,-0.15438,0.16095,0.3848,-0.040854,0.29111,0.135,0.52706,0.13167,0.093324,-0.035931,0.39775,0.18658,0.1721,0.19133,0.48343,0.36105,0.39613,0.54417,0.45742,-0.29846,0.53816,0.43475,0.053051,0.57841,-0.0039544,0.28341,0.40569,0.23349,0.42367,0.16622,0.19756,0.34893,0.32859,0.33323,0.048667,0.44681,-0.2185,0.19186,0.285,0.040997,0.14733,-0.23067,0.4841,0.51819,0.26714,0.3715,0.21289,0.48298,0.31613,0.68799,0.57312,0.61403,-0.13289,0.63465,0.15312,0.46677,0.38539,0.071473,0.43122,0.31811,0.48291,0.39381,0.4826,0.097838,0.39425,0.24357,0.4039,0.45727,0.35446,0.74784,0.42571,-0.036794,0.50769,0.30414,0.58938,0.28133,0.53075,0.45554,0.55416,0.28817,0.13528,-0.10752,0.11176,0.084719,0.25504,-0.2672,0.36944,0.15852,0.2269,0.22473,0.35032,0.14085,0.26124,0.45964,0.28749,0.48487,-0.36538,0.35595,0.50055,0.51853,0.56779,0.22748,0.25938,0.17493,0.17022,0.26474,0.17312,0.34855,0.098543,0.54388,0.35041,0.62024,0.24739,0.42228,0.38902,0.47086,0.22373,0.040513,-0.00091495,0.51161,0.31327,0.43596,0.16096,0.33675,0.3264,0.40126,0.24347,0.56083,0.36915,0.064869,-0.12469,0.44631,0.28082,0.38584,0.38014,0.47007,0.15989,0.61777,0.3119,0.47339,0.090351
0.55663,0.46831,0.49345,0.50585,0.4422,0.30612,0.56808,0.38164,0.51182,0.36536,0.55253,0.66688,0.79115,0.6268,0.47122,0.31623,1,-0.22847,0.46761,0.58097,0.083074,0.62194,0.47457,0.38518,0.58427,0.42013,0.32965,0.057618,0.55998,0.48609,0.57843,-0.25769,0.50775,0.41779,0.017556,0.62003,0.52339,0.54136,0.3334,0.20022,0.3734,0.73497,0.12984,0.64255,0.24296,0.24449,0.087024,0.71001,0.33005,0.16148,0.39605,0.40324,-0.089228,0.41357,0.2684,0.75305,0.5771,0.71954,0.31922,-0.10117,0.64116,0.23592,0.66294,0.29763,-0.46249,0.62012,0.51727,0.23684,0.45331,0.073378,0.20651,0.49707,0.16671,0.36673,0.18713,0.09959,0.42959,0.64726,0.51136,0.23575,0.719,-0.16791,0.53057,0.39612,0.39465,0.24165,-0.048987,0.029141,0.61954,0.42555,0.32745,0.42683,0.20769,0.31395,0.69032,0.54258,0.47567,0.44675,0.5693,0.59671,0.50609,0.28193,0.31146,0.677,0.67109,0.45721,0.34625,0.84742,0.071472,0.41846,0.16015,0.6035,0.17857,0.38651,0.58554,0.48467,0.32104,0.55002,0.47043,0.39762,0.7123,0.54,0.43894,0.5404,0.4776,0.5141,0.39998,0.54405,0.21216,0.71103,-0.041122,0.56994,-0.0011988,0.62308,-0.22149,0.70331,0.28458,0.73419,0.64582,0.54882,0.3115,0.084815,0.15525,0.13313,0.71458,0.72153,0.34174,0.57282,0.081368,0.27414,0.32216,0.16962,0.62519,0.25209,0.33655,0.37577,0.73206,0.13304,0.47647,0.27686,0.13741,0.41051,0.26218,0.10829,0.76715,0.67904,0.76545,0.58383,0.79842,0.079263,0.75075,0.0083291,0.29318,0.2615,0.13481,-0.34119,0.68794,0.682,0.42924,0.32379,-0.056467,0.50165,0.55074,0.62616,0.60685,-0.13837
0.0097646,-0.096213,-0.2505,0.25894,-0.30861,0.23153,0.35102,0.11235,-0.16746,-0.3293,0.085485,0.020645,-0.096264,0.10209,0.1802,-0.059198,-0.22847,1,0.21553,-0.023529,0.016773,-0.0083179,-0.13624,0.019615,0.034468,-0.16525,0.065998,-0.064687,-0.071659,0.068959,0.10218,0.20153,-0.21931,-0.19025,0.35709,-0.24042,-0.080684,-0.14979,-0.1962,-0.21558,-0.47719,-0.18743,-0.27021,-0.02663,-0.12417,-0.10923,0.075197,-0.31549,0.094832,-0.021718,0.50115,-0.15522,0.16619,-0.096127,-0.10428,-0.17848,-0.13657,-0.16604,0.17525,-0.14505,-0.49419,-0.15521,0.07865,0.030755,-0.14991,0.029655,-0.01385,-0.10572,0.2698,0.12342,0.080132,-0.22676,0.074682,0.029098,0.16744,-0.12221,0.25505,0.030341,-0.32738,-0.18591,-0.088731,0.16671,-0.32867,0.091365,-0.23805,-0.21329,0.13034,0.052863,0.24896,-0.21616,0.18712,-0.071838,-0.1665,-0.1236,-0.18563,-0.22461,-0.43839,-0.056844,-0.20693,-0.20364,0.089791,-0.38441,-0.1869,0.0056974,-0.053857,-0.10266,-0.072984,0.033099,0.19323,0.052067,0.094948,-0.34708,-0.18696,0.055342,-0.10589,-0.11129,0.5939,-0.31332,0.060951,-0.20329,-0.11343,0.10687,0.028447,-0.15004,0.17349,0.077615,0.14628,-0.14808,-0.11082,-0.015981,0.10243,0.1414,0.014447,-0.3131,-0.095661,-0.27085,-0.47555,-0.015243,0.12492,0.24651,0.2662,-0.16756,-0.31994,-0.053582,-0.16497,-0.22817,-0.17421,0.25385,0.031504,0.11041,-0.21306,-0.27594,-0.33156,0.036984,-0.19571,0.30311,-0.11967,-0.0072636,-0.19288,-0.037835,-0.32118,-0.48321,-0.057629,0.26431,-0.02173,-0.14081,0.01202,0.077578,-0.29863,0.1587,-0.090117,-0.40285,0.15887,0.020447,0.24175,0.30455,-0.19702,-0.24448,0.049611,0.11644,-0.30156,-0.025407,0.096628,0.041314,0.13187,0.16505
0.15386,0.24036,0.30996,0.53995,0.10139,0.42006,0.31188,0.018426,0.18335,0.068242,0.33077,0.28378,0.42722,0.26787,0.83903,0.094843,0.46761,0.21553,1,0.18028,-0.074345,0.50703,0.0026762,0.14216,0.13181,0.1783,0.76542,0.066969,0.33983,0.33937,0.49595,-0.30491,0.41245,0.27815,-0.12976,0.17745,0.38259,0.48391,0.29415,0.20397,-0.068025,0.3295,-0.16123,0.32828,0.43085,-0.22982,0.46776,0.31786,0.4763,-0.18403,0.29468,0.096506,0.11803,0.44337,-0.17741,0.44446,0.50705,0.32558,0.0012131,-0.1144,0.15672,0.23942,0.41227,0.3038,-0.28309,0.53695,0.27709,-0.019109,0.46338,0.17978,0.060847,0.16898,0.35003,0.28515,0.23267,-0.028499,0.27721,0.39098,0.23254,0.21596,0.24786,0.23193,0.053856,-0.029219,0.17513,0.16752,-0.024781,-0.1598,0.53228,0.15773,0.53258,-0.038803,0.015174,0.29339,0.34645,0.18293,0.20143,-0.015255,0.27909,0.53176,0.48266,0.21255,-0.13231,0.39148,0.20179,0.35058,0.49226,0.49757,0.4205,0.26204,0.30956,0.33361,0.12544,0.23909,0.40842,0.29359,0.28278,0.010136,0.27017,0.25912,0.24783,0.18227,0.64625,0.28109,0.26401,0.22229,0.28357,0.20886,0.19753,0.30473,-0.29561,0.29616,0.099357,0.33783,-0.088789,0.50386,0.30518,0.36534,0.53937,0.62233,0.13986,0.11095,-0.035923,-0.065589,0.17488,0.32438,0.021873,0.44395,-0.047829,0.2721,-0.11681,-0.045103,0.4406,0.0064402,0.19212,0.31742,0.37349,0.11598,0.19455,0.098411,-0.25592,0.33047,0.050798,-0.054169,0.52794,0.1973,0.21834,0.82353,0.33745,-0.24587,0.5292,0.014223,0.19926,0.19289,-0.17186,-0.030417,0.30773,0.47446,0.16192,0.22302,0.023274,0.71556,0.34551,0.17102,0.30836,0.23303
0.86538,0.30481,0.52929,0.61895,0.72799,0.63242,0.35604,0.54058,0.60499,0.091338,0.60434,0.70959,0.56707,0.35508,0.1871,0.35986,0.58097,-0.023529,0.18028,1,0.13286,0.31799,0.51248,0.033646,0.81752,0.41329,0.069192,-0.14767,0.43432,0.53994,0.46864,0.15429,0.5762,0.58799,0.1587,0.24485,0.76611,0.39041,0.19892,0.1442,0.44064,0.39228,-0.19596,0.48381,0.40854,0.027433,-0.028642,0.58854,0.40095,0.5769,0.44571,0.69112,-0.062356,0.51529,0.61956,0.50443,0.36087,0.64205,0.74258,-0.034777,0.53595,0.09256,0.62776,0.28816,-0.46605,0.55356,0.28297,0.035814,0.54663,0.43895,0.28141,0.32515,-0.041001,0.51573,0.11524,0.13861,0.24722,0.75857,0.42789,0.14287,0.32809,-0.54656,0.1921,0.65419,0.36072,-0.076259,-0.20027,0.39527,0.50084,0.16236,0.28263,0.26967,0.20179,0.26624,0.6269,0.62614,0.33091,0.34292,0.3252,0.54587,0.25112,0.30903,0.25874,0.64941,0.56764,0.50296,0.16606,0.73263,0.17311,0.6921,-0.076047,0.3949,0.057107,0.76077,0.57469,0.42277,0.40353,0.28687,0.59398,0.19686,0.6199,0.77389,0.35465,0.13865,0.60342,0.90974,0.29082,0.51661,-0.14648,0.57984,0.43904,0.57774,0.21347,0.68165,-0.328,0.5775,-0.14336,0.60933,0.59938,0.50758,0.34576,-0.20055,0.12507,0.4566,0.6046,0.80984,0.48617,0.65884,0.12073,0.34228,0.27472,0.058548,0.40384,0.56659,0.025233,0.70819,0.56637,0.36243,0.41599,0.2644,0.11105,0.38558,0.30455,0.5746,0.51045,0.45625,0.74515,0.24932,0.45663,0.35642,0.41435,-0.24103,0.25917,0.44336,0.46769,-0.32658,0.60295,0.5753,0.82603,0.69332,-0.2743,0.30378,0.65142,0.59551,0.54082,-0.29219
0.01076,0.13381,0.34951,0.23057,0.20767,0.38661,0.18796,0.29048,0.13266,0.59929,0.02979,0.18991,0.10244,0.36105,-0.17473,0.36297,0.083074,0.016773,-0.074345,0.13286,1,-0.020386,0.26356,0.33641,0.22094,0.035184,-0.14101,-0.064107,0.21364,0.22446,0.10871,-0.11585,0.21318,0.12534,0.015361,0.25004,0.18916,0.066769,0.42749,0.098428,0.33499,0.32955,0.3117,0.02792,0.017512,0.13112,0.23991,0.11246,0.026519,-0.048765,-0.065311,0.25702,-0.08663,-0.095746,0.24112,0.27885,-0.060618,0.030316,0.10531,0.40263,0.068613,-0.0070156,0.29071,0.56569,0.13996,0.14652,0.058951,0.12173,0.19775,0.48376,0.4359,0.41448,0.14125,0.14769,0.17936,0.36923,0.31712,0.23734,0.57753,0.15612,0.27457,0.022688,0.030934,0.1554,0.11936,0.45586,-0.16251,0.34619,0.16578,0.25044,0.26133,0.54174,0.042031,0.016667,0.31444,0.31046,0.43481,-0.15184,0.2227,0.13599,0.15021,-0.27751,0.43932,0.10468,0.32957,0.3273,0.55366,0.028773,-0.34874,0.24803,0.21429,0.39542,0.11922,-0.027716,0.14872,0.099837,0.23075,0.24031,0.29999,0.18512,0.19289,0.2722,0.20802,0.17737,0.47813,-0.089199,-0.27627,0.14594,0.27043,-0.021681,0.10445,0.45454,-0.26071,0.24488,0.28212,0.05623,-0.29151,0.16694,0.3391,0.36426,0.57967,-0.20354,0.022123,0.012349,0.19475,0.26484,0.32984,0.38153,0.11272,-0.080668,0.27111,0.14138,0.2716,0.039322,0.51126,0.19881,0.2808,0.059367,0.05499,0.46731,0.12835,0.30505,0.24864,0.023893,0.35212,0.29705,0.16629,-0.10467,0.26749,0.38959,0.052995,0.44163,0.12767,0.11059,0.19146,-0.091524,0.16101,0.039407,0.075729,0.13345,0.15194,0.33872,0.25953,0.34741,0.36036,0.010749
0.34768,0.34535,0.13895,0.39305,0.31368,0.059355,0.36047,0.038131,0.084487,0.17311,0.29575,0.53429,0.4291,0.43905,0.54289,0.30865,0.62194,-0.0083179,0.50703,0.31799,-0.020386,1,0.36553,0.24179,0.44001,0.17474,0.55758,0.16711,0.4511,0.20453,0.32872,-0.24181,0.30328,0.33521,-0.14475,0.44953,0.3123,0.47,0.23337,0.10383,-0.073534,0.53118,0.32173,0.44131,0.018705,-0.15432,0.1826,0.53776,0.36094,-0.02906,0.11017,0.2558,0.1562,0.26642,0.091951,0.50987,0.55316,0.49543,0.18605,-0.017391,0.20065,0.28323,0.46341,0.072677,-0.33563,0.59433,0.40658,0.20926,0.40897,0.14394,-0.26659,0.32441,0.41838,0.17854,-0.23357,-0.19284,0.52592,0.33259,0.1124,0.2468,0.51166,-0.14933,0.31735,0.1202,0.042326,0.14016,-0.061092,-0.1427,0.23515,0.26362,0.15165,0.06947,0.24881,0.25005,0.36966,0.44483,0.27735,0.23965,0.36315,0.37168,0.28256,0.3884,-0.0073697,0.40564,0.54179,0.33568,0.36118,0.52486,-0.0025859,0.26182,-0.0935,0.36893,0.00162,0.3006,0.45974,0.17354,-0.052479,0.36593,0.29024,0.2637,0.48535,0.3457,0.34526,0.46217,0.09731,0.25715,0.069971,0.44951,0.16624,0.58226,-0.12367,0.37003,0.055795,0.28696,0.0025921,0.21579,-0.061741,0.40452,0.37759,0.43816,0.31765,8.848e-05,0.062532,-0.026444,0.34065,0.60083,0.09299,0.3192,0.07072,0.10444,0.40471,0.032116,0.36762,-0.12345,0.28801,0.4941,0.50135,0.028156,0.35923,0.30418,0.24758,0.28804,-0.013449,0.14295,0.53097,0.272,0.61716,0.69295,0.49493,-0.26397,0.5581,0.19582,0.25612,0.10338,0.17405,0.1549,0.30021,0.42068,0.20483,0.2892,0.25248,0.18887,0.35057,0.36663,0.32682,0.13095
0.39364,0.67994,0.44356,0.51868,0.67084,0.21216,0.20432,0.25596,0.55472,0.55484,0.51205,0.58929,0.61201,0.56278,0.20632,0.64364,0.47457,-0.13624,0.0026762,0.51248,0.26356,0.36553,1,0.23603,0.67466,0.58097,-0.047738,0.070774,0.40668,0.59225,0.47846,-0.31785,0.32492,0.14663,0.57018,0.52689,0.43036,0.67125,0.62094,0.27144,0.27952,0.41226,0.17373,0.15356,-0.095333,-0.047149,0.17116,0.63445,0.18008,0.4113,0.064878,0.68469,0.0055654,0.32922,0.1343,0.66628,0.065134,0.52584,0.37862,0.073054,0.3485,0.31939,0.74695,0.409,-0.22918,0.58434,0.496,0.003261,0.57823,0.041209,0.27456,0.56817,0.17885,0.24316,0.042685,0.03493,0.37602,0.41115,0.33545,0.30773,0.36712,-0.43716,0.53948,0.58102,0.23255,0.14932,-0.040487,0.33198,0.33693,0.16683,0.12604,0.39413,0.57864,0.46524,0.65711,0.75564,0.45096,0.18636,0.61917,0.16014,0.43271,0.27159,0.010711,0.57587,0.62708,0.51501,0.36747,0.65352,-0.048809,0.090775,0.085138,0.39433,0.41444,0.49764,0.63053,0.47325,-0.11472,0.42526,0.56893,0.63563,0.47956,0.65079,0.13971,0.53749,0.28821,0.30069,-0.031837,0.32155,0.18956,0.4506,-0.064578,0.56469,0.06192,0.49525,-0.067833,0.49302,0.11732,0.58906,0.4216,0.29157,0.48689,-0.40639,0.51912,0.66994,0.63607,0.78703,0.44001,0.24737,-0.14952,0.34688,0.29567,0.022258,0.5518,-0.025323,0.31128,0.38299,0.64087,0.17857,0.70903,0.44415,0.25623,0.15954,0.27786,0.062968,0.53057,0.48274,0.58822,0.14615,0.4946,0.49286,0.68381,0.1688,0.55279,0.35962,0.13138,-0.30182,0.68893,0.3593,0.43352,0.20478,0.18899,0.25425,0.51161,0.36189,0.47714,0.034997
-0.013307,-0.091973,0.35521,0.3461,0.24473,0.0011453,0.50776,0.21699,0.24663,0.37624,0.26057,0.29505,0.40186,0.35134,0.24925,0.037436,0.38518,0.019615,0.14216,0.033646,0.33641,0.24179,0.23603,1,0.29643,-0.0046992,0.10041,0.19288,0.0287,0.14203,0.41629,-0.047335,0.20698,-0.17254,-0.010022,0.65268,0.03114,0.23721,0.34112,-0.26096,-0.030847,0.062064,0.36197,0.17609,-0.16192,0.54556,0.39006,0.3567,0.21816,-0.033138,0.31426,-0.19706,-0.019028,0.31563,-0.10336,0.33362,0.32268,0.30038,0.057344,-0.17024,0.36535,-0.17846,0.41786,0.12873,0.1971,0.3601,0.10346,0.57677,0.2697,0.11186,0.28435,0.48137,0.23632,0.062184,0.13738,0.37988,0.66711,0.36887,0.53186,0.11655,0.6123,0.39213,0.26184,0.035872,0.46803,0.5945,-0.21272,0.32149,0.21803,0.58773,1.2845e-05,0.52698,0.25782,0.062297,0.17939,0.18848,0.42391,0.29475,0.132,0.39503,0.29786,-0.059854,0.15955,0.241,0.53594,0.29181,0.40584,0.24353,0.085836,-0.095841,0.3091,0.52007,0.18516,-0.21882,0.089035,0.39046,0.23812,0.51073,0.32997,0.10559,0.35906,0.16202,0.32653,0.60869,0.28912,0.0098174,0.26615,0.13427,0.38159,0.24691,-0.34407,0.55763,-0.067337,0.32466,0.20594,-0.00073152,-0.15341,0.46153,0.30773,0.35822,0.29485,0.2812,-0.029301,-0.3395,0.32549,0.23366,0.12199,0.3466,-0.092004,-0.18149,-0.068653,0.19939,0.31365,-0.12338,0.23339,0.33497,0.3501,-0.31818,0.28237,0.55931,0.17827,0.24911,0.20553,0.12134,0.43192,0.55101,0.35277,0.39682,0.58563,0.26506,0.39931,0.16716,0.22202,0.016381,0.31157,0.067887,0.48435,0.20015,-0.24234,-0.071723,-0.29955,0.31413,0.19855,0.54268,0.41245,-0.07958
0.67808,0.29368,0.44868,0.60184,0.62499,0.5868,0.39644,0.35391,0.49497,0.10769,0.47359,0.5848,0.53541,0.37282,0.25488,0.43285,0.58427,0.034468,0.13181,0.81752,0.22094,0.44001,0.67466,0.29643,1,0.38082,0.020474,-0.0054778,0.26605,0.45969,0.44957,0.15205,0.43135,0.44459,0.26255,0.35506,0.61315,0.34323,0.22348,-0.026254,0.28622,0.4122,-0.1365,0.41112,0.01718,0.055665,0.19201,0.55378,0.41974,0.4111,0.4512,0.56728,-0.21843,0.43668,0.53155,0.55731,0.26453,0.54624,0.65783,-0.11293,0.40436,-0.029962,0.64334,0.11273,-0.46079,0.47943,0.29122,0.043875,0.49407,0.30651,0.17021,0.29862,0.086072,0.41501,0.056168,0.16276,0.37772,0.66883,0.4154,0.41341,0.37554,-0.54359,0.16451,0.46127,0.32648,-0.097162,3.4086e-06,0.48636,0.45744,0.23339,0.2891,0.40352,0.4828,0.15652,0.58062,0.5999,0.40134,0.3173,0.48481,0.35552,0.15789,0.26562,0.23361,0.54886,0.66665,0.41815,0.17183,0.65862,0.19137,0.52999,-0.11337,0.3922,0.19341,0.50467,0.48859,0.48041,0.28833,0.31732,0.50514,0.17632,0.55892,0.8846,0.27902,0.29576,0.42343,0.68246,0.27851,0.38252,-0.18123,0.52773,0.2337,0.54963,0.099506,0.53718,-0.29104,0.43763,-0.16165,0.6204,0.47415,0.36562,0.39235,-0.13015,0.087943,0.46148,0.60648,0.80877,0.38129,0.46767,-0.1325,0.20444,0.10745,-0.010014,0.35145,0.22911,0.21927,0.69265,0.47897,0.17046,0.37387,0.57761,0.18178,0.28769,0.06965,0.60211,0.46319,0.41538,0.88187,0.28353,0.49763,0.4293,0.54364,-0.17356,0.33609,0.34254,0.44683,-0.29442,0.62288,0.39524,0.68029,0.68261,-0.18528,0.28511,0.46255,0.45767,0.44393,-0.019198
0.27263,0.43631,0.34026,0.59255,0.37196,0.27981,0.29546,0.33411,0.52042,0.38921,0.62529,0.64031,0.71395,0.5149,0.29146,0.5787,0.42013,-0.16525,0.1783,0.41329,0.035184,0.17474,0.58097,-0.0046992,0.38082,1,0.11752,0.43685,0.49019,0.44816,0.33492,-0.32731,0.24771,-0.1516,0.49836,0.31379,0.27093,0.62105,0.45184,0.44854,0.31732,0.42932,-0.12783,0.12379,0.27317,-0.021877,0.2346,0.43236,-0.11626,0.28624,0.12367,0.51745,-0.01995,0.51996,0.25151,0.60798,0.32934,0.53204,0.18322,0.032584,0.58383,0.36378,0.63116,0.4175,-0.05819,0.47872,0.61953,-0.016473,0.63076,-0.02943,0.49925,0.42833,0.28771,0.31742,0.22548,0.13656,0.30519,0.35415,0.43036,0.19977,0.4513,-0.4615,0.4982,0.12398,0.24695,-0.039976,-0.11954,0.25586,0.59005,0.27112,0.35569,0.16194,0.26811,0.66124,0.7351,0.56707,0.38533,0.10981,0.61323,0.34442,0.72154,0.33883,0.11192,0.63838,0.36853,0.58112,0.24821,0.64501,0.31315,0.23538,0.2501,0.17332,0.67372,0.55407,0.8692,0.53354,0.0088606,0.25179,0.37448,0.68126,0.51693,0.61223,0.32516,0.44579,0.49301,0.23495,0.061677,0.3289,0.25003,0.43064,-0.0029396,0.36042,0.31308,0.3458,0.14021,0.61889,0.28682,0.43049,0.50735,0.24641,0.33744,-0.23674,0.4572,0.53318,0.53756,0.58025,0.54741,0.19232,0.28094,0.41599,0.065272,0.028045,0.60644,0.3154,0.092918,0.35087,0.67484,0.42408,0.51246,0.20245,0.50232,0.20832,0.093438,-0.07103,0.57294,0.39216,0.38514,0.19435,0.47074,0.5126,0.57506,0.13415,0.42668,0.49722,-0.046121,-0.053759,0.67412,0.51246,0.25364,0.12763,0.39332,0.21316,0.71531,0.40548,0.62828,-0.0019339
