1,0.47506,0.47467,0.46884,0.49414,0.82774,0.37087,0.47751,0.61573,0.30276,0.61415,0.66304,0.60937,0.39751,0.2922,0.17303,0.62512,-0.018522,0.17965,0.87902,0.24808,0.55245,0.4207,0.17496,0.67403,0.58484,0.15579,0.45247,0.59398,0.35084,0.47934,0.45074,0.65669,0.53464,0.74389,0.064951,0.49334,0.52085,0.65226,0.28942,0.377,0.58731,0.33487,0.05027,0.51078,0.55034,0.58549,0.61873,0.26623,0.22296,0.35702,0.58711,-0.14375,0.40875,0.66444,0.46138,0.17124,0.62392,0.90507,0.3823,0.28399,0.37087,0.5527,0.25153,0.50762,0.35813,0.62674,0.33458,0.89341,0.082855,0.26799,0.070103,0.16953,0.11989,0.20499,0.35861,0.43403,0.53774,0.53851,0.29936,0.64001,0.065,0.34659,0.51825,0.6942,-0.056116,0.13488,0.39215,0.42749,0.51468,0.47492,0.68348,0.22456,0.087788,0.60043,0.31874,0.14333,-0.38941,0.053429,0.47332,0.59936,0.28015,0.26917,0.70402,0.42048,0.49783,0.25863,0.74515,0.16123,0.75332,0.28452,0.57076,0.59252,0.62534,0.61413,0.49348,0.31483,0.39242,0.31068,0.59095,0.57317,0.71409,0.23606,0.5528,0.5351,0.90594,0.013595,0.44271,0.56188,0.59111,0.45605,0.43806,0.049206,0.65195,0.37011,0.59931,0.049498,0.50099,0.55612,0.56835,0.17397,0.11501,0.31587,0.50721,0.37625,0.67721,0.66429,0.71366,0.41762,0.49403,0.505,-0.046779,0.72548,0.34159,0.04756,0.66686,0.63106,0.16477,0.44263,0.51297,0.49221,0.5263,0.44614,0.66268,0.44776,0.52017,0.64674,0.35294,0.25601,0.56663,0.35744,0.29623,0.54853,0.43422,0.50718,0.19767,0.4205,0.51749,0.89213,0.68902,0.5545,0.54991,0.74957,0.55522,0.46401,0.3931
0.47506,1,0.29633,0.46925,0.26149,0.38951,0.72657,-0.023215,0.74247,0.3253,0.61711,0.60607,0.4314,0.059276,0.39577,0.38938,0.54861,0.22361,0.25015,0.37825,-0.184,0.55472,0.42177,0.30929,0.30119,0.6508,0.30816,0.42082,0.36896,0.37571,0.70331,0.32915,0.44794,0.47051,0.4663,0.43932,0.55884,0.49947,0.31927,0.48275,0.42995,0.54358,0.20981,-0.0038568,0.28702,0.43479,0.53283,0.73845,0.1152,0.37463,0.34926,0.56619,0.42112,0.4475,0.21947,0.62809,-0.23753,0.39848,0.54193,0.41916,0.07415,0.65228,0.38887,0.66844,0.23438,0.69445,0.55118,-0.046203,0.47943,0.054447,0.50654,0.37798,0.63512,0.28847,0.33412,0.31579,0.58647,0.44076,0.5254,-0.026176,0.42488,0.29391,0.54498,0.41728,0.71329,0.020502,0.43728,0.20161,0.36849,0.40818,0.46093,0.5988,0.25778,0.45869,0.84817,0.442,0.43,-0.10629,0.30201,0.545,0.3089,0.18959,0.23365,0.68816,0.48997,0.25275,0.21717,0.72362,0.098564,0.34363,0.49467,0.52025,0.19893,0.49846,0.68949,0.47795,0.30709,0.63653,0.56869,0.58233,0.54904,0.41187,0.35559,0.55174,0.60588,0.46285,0.16599,0.4165,0.39706,0.39757,0.0012501,0.24064,-0.010188,0.52147,0.54581,0.76905,0.042291,0.20773,0.34735,0.52496,0.76048,0.45656,0.58488,0.33257,0.37805,0.43577,0.5853,0.55484,0.45525,0.88965,0.335,-0.34269,0.72763,0.43613,0.29747,0.36644,0.69143,0.2381,0.37833,0.48495,0.20295,0.48884,0.26722,0.47538,0.46001,0.53383,0.55513,0.46457,0.4216,0.36333,0.58804,0.64242,0.13095,0.22172,0.18345,-0.037865,0.41479,0.41988,0.51786,0.27192,0.27209,0.076148,0.76749,0.73972,0.6123,0.040465
0.47467,0.29633,1,0.38431,0.44932,0.63637,0.30588,0.14428,0.41628,0.36785,0.20634,0.56283,0.28515,0.28453,-0.026024,0.28859,0.44384,0.017785,-0.0021705,0.50729,0.18713,0.45673,-0.090908,0.067137,0.41164,0.37297,-0.041568,0.48861,0.37983,0.36284,0.4804,0.35118,0.069168,0.34901,0.33126,0.27516,0.38328,0.41424,0.57771,0.36338,0.33565,0.32063,0.28376,0.030723,0.38723,0.44777,0.14969,0.53698,0.38019,0.17083,0.3796,0.34166,-0.1912,0.45113,0.51036,0.13876,0.17549,0.43494,0.61516,0.42898,0.1345,0.33518,0.17885,0.073199,0.16079,0.17096,0.25645,0.3458,0.57006,-0.22556,0.42939,0.019848,0.17614,0.097649,0.19379,-0.26781,0.13824,0.2649,0.39545,0.24997,0.37901,0.26215,0.2451,0.020204,0.39894,0.26899,0.058408,0.3477,0.27577,0.64033,0.26059,0.34317,0.37209,0.010974,0.36693,0.22657,0.53095,-0.25907,0.16564,0.40958,0.21014,0.23688,0.17833,0.36873,0.4463,0.045303,0.39816,0.48389,0.45612,0.61125,0.018906,0.63816,0.49453,0.49192,0.25675,0.36416,0.31908,0.28983,0.10522,0.11246,0.46666,0.46093,-0.064436,0.37817,0.14693,0.48227,0.026292,0.019854,0.19731,0.35193,0.36864,0.43808,-0.13227,0.49696,0.4304,0.47168,0.29685,0.55545,0.41865,0.47849,0.39593,0.10801,0.36243,0.15915,0.2958,0.43906,0.14759,0.54696,0.4794,0.32556,0.41897,-0.13535,0.40849,0.2186,-0.35618,0.28868,0.37533,0.24429,0.14285,0.20873,0.28918,0.40312,0.29873,0.63519,0.27801,0.57776,0.31751,0.012855,0.38365,0.34424,0.27311,0.23469,0.46242,0.29521,0.51719,0.34783,0.095693,0.46737,0.41634,0.6166,0.22526,0.32747,0.35072,0.28671,0.47056,0.25828
0.46884,0.46925,0.38431,1,0.35601,0.30251,0.69786,0.35236,0.42506,0.26002,0.44015,0.50288,0.44217,0.29212,0.35396,0.38028,0.48005,0.16829,0.19428,0.51149,0.03639,0.38399,0.32509,0.2274,0.33633,0.47382,0.15568,0.37103,0.63461,0.59776,0.49344,-0.06161,0.39547,0.42914,0.32921,0.27273,0.3632,0.47956,0.45784,0.60553,0.8281,0.28041,0.44425,0.29338,0.29217,0.63928,0.33139,0.61698,0.05284,0.33174,0.3046,0.54693,0.21776,0.46372,0.17903,0.52582,0.16454,0.57602,0.60783,0.2888,0.48958,0.576,0.14493,0.30576,0.41508,0.4329,0.67964,0.17997,0.44899,-0.036876,0.39377,0.78609,0.36877,0.34777,0.83789,0.20284,0.58201,0.43784,0.34722,0.2171,0.6549,0.03354,0.56058,0.29938,0.65305,-0.019692,0.2578,0.36378,0.47295,0.18383,0.44578,0.59534,0.37172,0.53884,0.61488,0.60264,0.35025,-0.17294,0.023464,0.57288,0.24501,0.57586,0.24903,0.42819,0.35281,0.10484,0.32551,0.45347,0.16439,0.43819,0.49888,0.55121,0.23775,0.39943,0.50975,0.35986,0.29563,0.40925,0.39879,0.33798,0.57273,0.22824,0.31081,0.35362,0.35436,0.45001,-0.11222,0.055935,0.47975,0.45651,-0.025862,0.51801,-0.17107,0.61333,0.48426,0.53681,-0.01703,0.61153,0.54803,0.60846,0.28914,0.16244,0.49813,0.006599,0.31476,0.56297,0.62399,0.39101,0.49635,0.53538,0.37298,-0.12277,0.50986,0.35709,0.10758,0.56387,0.54285,0.27671,0.099722,0.1194,0.72939,0.3726,0.057358,0.47375,0.39559,0.22958,0.47046,0.36389,0.7018,0.33041,0.13238,0.44804,0.063444,0.34966,0.16827,0.51293,0.33624,0.57812,0.51459,0.20546,0.39935,0.20856,0.42821,0.60071,0.63848,0.28689
0.49414,0.26149,0.44932,0.35601,1,0.30492,0.27605,0.28234,0.50031,0.4494,0.25438,0.31448,0.39361,0.23967,0.32465,-0.32573,0.75279,0.06449,0.21688,0.58137,0.46198,0.39938,0.33442,0.11804,0.36057,0.39982,0.15087,0.2382,0.46148,0.5183,0.46367,0.033179,0.33339,0.12332,0.46692,0.21393,0.42475,0.7267,0.49272,0.28013,0.54365,0.63342,0.066973,0.17335,0.44749,0.30522,0.25434,0.41713,0.13238,0.18528,0.49367,0.32164,0.24888,0.45846,0.33849,0.14355,0.10612,0.32134,0.53907,0.051011,0.13608,0.29102,0.3955,0.27423,0.20075,0.38371,0.34697,0.62632,0.61292,0.035718,0.25529,-0.060793,0.43296,0.031285,0.16382,0.17122,0.40097,0.36384,0.44148,0.26943,0.38376,0.010691,0.26378,0.24468,0.33843,0.045465,-0.12568,0.32535,0.40925,0.57603,0.25452,0.48498,0.31733,0.13932,0.44715,0.46729,0.29265,-0.19816,0.14599,0.53898,0.47499,0.21809,0.25426,0.54255,0.35105,0.18781,0.39819,0.5855,0.42672,0.2722,0.38697,0.39683,0.62216,0.45411,0.50814,0.4184,-0.041633,0.273,0.2183,0.36643,0.27182,0.42382,0.31359,0.38937,0.41492,0.61659,0.16455,0.22015,0.27655,0.36641,0.2402,0.19879,-0.17839,0.42973,0.48421,0.51005,0.3561,0.48917,0.37086,0.29819,0.2914,0.21478,0.12553,0.52059,0.40222,0.53471,0.31542,0.37748,0.36304,0.28947,0.30423,0.061725,0.45749,0.11106,-0.091348,0.37776,0.41209,0.30376,0.11812,0.35903,0.26542,0.46323,0.42729,0.19222,0.49571,0.27366,0.36575,0.33091,0.27528,0.4216,0.28436,0.082763,0.38986,0.26231,0.38694,0.2827,-0.18755,0.2183,0.48089,0.27581,0.35751,0.63134,0.47854,0.46801,0.58173,0.046179
0.82774,0.38951,0.63637,0.30251,0.30492,1,0.17717,0.23324,0.45856,0.10639,0.47217,0.57718,0.47424,0.40251,-0.039298,0.19017,0.31492,-0.11138,-0.12559,0.61466,0.16841,0.39645,0.1309,-0.031815,0.69833,0.44644,-0.10663,0.39707,0.33864,0.12391,0.42578,0.56066,0.35337,0.66181,0.46009,-0.091837,0.31372,0.33397,0.65031,0.16,0.24475,0.42485,0.29372,-0.074412,0.276,0.33618,0.355,0.42418,0.54552,0.27544,0.3648,0.30596,-0.32581,0.2996,0.72826,0.2277,0.21318,0.5679,0.81958,0.37464,0.22054,0.21091,0.41489,0.028991,0.4353,0.12079,0.36362,0.28398,0.72431,-0.23629,0.17016,0.016032,-0.083325,-0.12686,0.13979,-0.069612,0.14623,0.37452,0.39743,0.22331,0.49609,0.15261,0.11142,0.21018,0.50219,0.12625,-0.082523,0.52763,0.14375,0.3602,0.19024,0.51193,0.09315,-0.11804,0.32538,0.024103,0.070957,-0.22686,0.0929,0.32065,0.33551,0.08636,0.12819,0.44964,0.31057,0.31201,0.074288,0.51774,0.050753,0.84918,-0.0912,0.45775,0.43055,0.67096,0.22673,0.27135,0.28835,0.25663,0.063524,0.25441,0.51111,0.67529,-0.068752,0.40287,0.33782,0.67151,-0.052955,0.33363,0.31615,0.4261,0.63554,0.49366,0.048169,0.37149,0.20603,0.45236,-0.056953,0.42793,0.30742,0.37307,0.14828,-0.0088742,0.22024,0.26126,0.26702,0.42549,0.35533,0.6343,0.20553,0.40483,0.37836,-0.072699,0.49239,0.23825,-0.23732,0.40144,0.42367,0.095637,0.22818,0.27133,0.24479,0.38214,0.35833,0.76645,0.17009,0.54631,0.4725,0.016612,0.13441,0.38075,0.20663,0.17382,0.43235,0.22653,0.5774,0.1757,0.33425,0.40785,0.73169,0.8455,0.43688,0.26676,0.5467,0.31148,0.23408,0.3371
0.37087,0.72657,0.30588,0.69786,0.27605,0.17717,1,0.36365,0.6721,0.40341,0.64755,0.71236,0.48131,0.3915,0.4007,0.46953,0.65194,0.3612,0.24897,0.39922,-0.00050244,0.55729,0.51943,0.39425,0.1138,0.64627,0.24673,0.57796,0.76139,0.66997,0.61816,0.030239,0.43226,0.33229,0.53351,0.37364,0.55581,0.5776,0.38691,0.75406,0.6417,0.35227,0.15056,-0.01424,0.32327,0.67996,0.59198,0.66502,-0.060614,0.33664,0.49218,0.70665,0.40013,0.56244,0.08805,0.79207,0.12284,0.32958,0.47605,0.43559,0.44413,0.8354,0.34119,0.65654,0.18216,0.77849,0.69845,-0.039338,0.37041,0.26519,0.58524,0.6508,0.71779,0.60619,0.62051,0.37172,0.73921,0.52904,0.58927,0.37679,0.46462,0.21611,0.77195,0.57488,0.7327,-0.045377,0.66464,0.30934,0.66515,0.38358,0.69743,0.47651,0.5329,0.7008,0.86188,0.65828,0.49441,-0.098571,0.1656,0.6556,0.40848,0.40008,0.17934,0.63926,0.60047,0.068393,0.36669,0.66429,0.030159,0.32759,0.63174,0.66292,0.12896,0.23647,0.73425,0.57964,0.36964,0.49798,0.64646,0.32198,0.64001,0.29327,0.28691,0.62614,0.56691,0.44917,0.20982,0.20488,0.55027,0.56908,-0.10144,0.15595,0.25175,0.76788,0.53565,0.7704,0.31339,0.43478,0.72056,0.74951,0.72684,0.18949,0.82746,0.17898,0.52794,0.5947,0.64027,0.38686,0.59676,0.83682,0.43349,-0.27502,0.73051,0.37284,0.25587,0.39577,0.75365,0.47101,0.21978,0.28101,0.4879,0.55292,0.14544,0.31299,0.6452,0.50972,0.62238,0.44578,0.64375,0.58968,0.4815,0.83821,0.050458,0.28472,0.26136,0.09743,0.42277,0.48959,0.49963,0.20955,0.56477,0.27981,0.64971,0.81201,0.70747,0.05567
0.47751,-0.023215,0.14428,0.35236,0.28234,0.23324,0.36365,1,0.25528,0.33853,0.35666,0.39976,0.38591,0.59086,0.064839,0.27453,0.38818,0.016772,-0.026605,0.49136,0.12414,0.14428,0.41162,0.21182,0.19684,0.36702,-0.11881,0.45519,0.62904,0.52136,0.087162,-0.042511,0.12968,0.10152,0.51982,0.087139,0.48124,0.24633,0.44651,0.45177,0.29891,0.044875,0.36825,-0.041346,0.40137,0.50467,0.28771,0.16852,0.11927,0.052216,0.19197,0.40288,-0.098637,0.22344,0.0003618,0.40888,0.67557,0.38571,0.38068,-0.082166,0.42806,0.42269,0.32512,-0.10476,0.52946,0.19653,0.6195,0.13733,0.48295,0.45764,0.36022,0.11392,0.18301,0.12169,0.25562,0.51844,0.36902,0.42847,0.31231,0.4236,0.52473,-0.20292,0.26077,0.44035,0.3037,-0.094064,0.42275,0.028449,0.331,0.17613,0.54144,0.023175,0.56104,0.39719,0.25787,0.40646,0.23803,-0.036665,-0.24865,0.45836,0.56997,0.13179,0.042158,0.40365,0.13355,0.19879,0.2868,0.32388,0.15116,0.15115,0.31887,0.47006,0.35688,-0.037069,0.4499,0.40105,0.16274,-0.037221,0.42419,0.19256,0.4829,0.19728,-0.031389,0.3288,0.25949,0.42981,-0.22777,0.1424,0.44686,0.58825,-0.12066,0.29469,0.22751,0.58671,0.26884,0.37455,0.31294,0.19847,0.5766,0.37028,-0.032446,-0.24646,0.40871,0.27701,0.32589,0.33371,0.54144,0.28443,0.37855,0.1805,0.26852,0.18721,0.21968,0.34311,0.033046,0.34007,0.16681,0.41107,0.1502,0.039005,0.52144,0.35765,0.19318,0.14951,0.4363,0.043131,0.25036,0.0031958,0.22882,0.57164,0.11903,0.33022,0.23457,0.29404,0.43266,0.3215,0.20005,0.17737,0.59059,0.12573,0.48901,0.56688,0.24325,0.32899,0.38633,0.058307
0.61573,0.74247,0.41628,0.42506,0.50031,0.45856,0.6721,0.25528,1,0.4009,0.66586,0.69239,0.51457,0.22977,0.14438,0.14554,0.78662,0.12502,0.039838,0.59181,0.014446,0.82768,0.57309,-0.033524,0.34953,0.77171,-0.020244,0.64826,0.48145,0.45834,0.70701,0.45254,0.44851,0.36617,0.74012,0.40267,0.59024,0.61496,0.36713,0.47968,0.40327,0.41664,0.068623,-0.27133,0.46438,0.37911,0.56203,0.66087,0.14934,0.39608,0.32181,0.54572,0.26549,0.57631,0.34214,0.73006,-0.057947,0.44542,0.70427,0.36469,0.19982,0.6544,0.43892,0.64349,0.2472,0.65182,0.63756,0.014961,0.55852,0.18502,0.39429,0.17203,0.63968,0.32163,0.26041,0.38484,0.55946,0.67328,0.68328,0.19971,0.45641,0.18576,0.45754,0.53771,0.63066,-0.027861,0.31231,0.23929,0.46462,0.41144,0.45945,0.53728,0.16351,0.43458,0.83569,0.3859,0.42278,-0.25084,0.34804,0.49134,0.44472,0.0079463,0.18103,0.80668,0.41154,0.40102,0.19672,0.88119,0.16436,0.40904,0.49267,0.61092,0.45678,0.48041,0.7976,0.42251,0.14381,0.62132,0.54312,0.53982,0.57745,0.66352,0.11629,0.57838,0.53385,0.57902,0.10734,0.41454,0.45714,0.62254,0.22831,0.18042,-0.022212,0.69614,0.47479,0.77136,0.25571,0.23607,0.59222,0.6733,0.58159,0.19378,0.48584,0.48114,0.47063,0.67492,0.49789,0.50991,0.3482,0.75372,0.46629,-0.49061,0.75257,0.27167,0.26682,0.34619,0.73637,0.21136,0.42397,0.42265,0.26718,0.68787,0.43131,0.44958,0.44715,0.49371,0.58114,0.28228,0.21522,0.61466,0.66717,0.58871,0.43174,0.2949,0.45577,-0.10248,0.29475,0.53959,0.63759,0.29786,0.39967,0.37727,0.82651,0.68673,0.49537,0.091792
0.30276,0.3253,0.36785,0.26002,0.4494,0.10639,0.40341,0.33853,0.4009,1,0.38635,0.55675,0.56933,0.22241,0.36962,0.2174,0.61442,0.18528,0.23572,0.49642,0.23596,0.44257,0.17527,0.26806,0.51889,0.35055,0.22306,0.2181,0.37686,0.55804,0.30114,-0.018361,0.34056,0.21544,0.49965,0.32976,0.56831,0.75483,0.23212,0.54398,0.40494,0.32415,0.038843,-0.0038604,0.32204,0.43102,0.28197,0.53068,0.085396,0.19982,0.2474,0.64165,0.30724,0.32102,0.05238,0.34654,0.14138,0.14562,0.34453,0.13509,0.43524,0.49722,0.65354,0.33567,0.04704,0.38697,0.48078,0.23561,0.45667,0.068667,0.53111,0.12269,0.33998,0.049857,0.1321,0.37545,0.51502,0.45769,0.54498,0.15792,0.2268,0.026352,0.49555,0.033967,0.393,0.12495,0.31814,0.23937,0.37686,0.62375,0.71991,0.3222,0.56857,0.47629,0.52744,0.45908,0.42162,-0.12948,0.1799,0.59241,0.42757,0.38368,0.21199,0.46801,0.31741,0.55748,0.65415,0.59095,0.30721,0.12439,0.27213,0.50663,0.51545,0.081147,0.66613,0.50338,0.50494,0.30016,0.60178,0.21599,0.51238,0.51257,0.3403,0.67577,0.40632,0.44545,0.23342,0.17076,0.22672,0.36609,-0.14369,-0.030577,0.0951,0.44071,0.63211,0.61083,0.44852,0.38674,0.54976,0.44732,0.376,0.37338,0.25902,0.49441,0.46663,0.44721,0.43262,0.34409,0.77886,0.5224,0.39753,0.13017,0.41542,0.74349,-0.18089,0.57952,0.42651,0.49766,0.42303,0.3231,0.30793,0.31467,0.35456,0.39313,0.49379,0.27559,0.50122,0.3789,0.41894,0.17555,0.56618,0.45243,0.43688,0.36271,0.3418,0.0029653,0.42481,0.36858,0.32007,0.069586,0.14076,0.2281,0.38974,0.59236,0.59267,-0.14272
0.61415,0.61711,0.20634,0.44015,0.25438,0.47217,0.64755,0.35666,0.66586,0.38635,1,0.71466,0.68733,0.40811,0.19232,0.18977,0.59444,0.048936,-0.010775,0.47763,-0.080405,0.5944,0.57055,0.072016,0.43217,0.67824,0.053835,0.43549,0.5123,0.33379,0.50658,0.1071,0.62865,0.36332,0.70187,0.21621,0.33506,0.57611,0.43914,0.43302,0.47272,0.2903,0.088383,-0.416,0.21207,0.46233,0.60982,0.52499,0.001683,0.32018,0.4243,0.46606,0.17354,0.50288,0.38513,0.74246,0.16028,0.35537,0.66719,0.18756,0.35328,0.50148,0.60875,0.3481,0.40366,0.52503,0.69978,0.041599,0.45699,0.17856,0.28475,0.34152,0.48335,0.35583,0.3819,0.47886,0.71503,0.56651,0.51685,0.16212,0.50638,-0.2176,0.5514,0.44672,0.73075,-0.039273,0.39553,0.47822,0.36528,0.26843,0.56932,0.42285,0.28048,0.30869,0.71074,0.18897,0.11062,0.1442,0.059818,0.54577,0.51838,0.35984,0.20741,0.6346,0.33159,0.42487,0.42397,0.7904,-0.11783,0.43893,0.17586,0.49638,0.27142,0.4091,0.65071,0.33138,0.11114,0.4148,0.38597,0.48103,0.4763,0.62077,0.12415,0.61562,0.43951,0.57106,0.32721,0.23295,0.3475,0.49611,0.32031,0.13696,0.34354,0.54709,0.40618,0.705,-0.010706,0.33342,0.52726,0.4733,0.46523,-0.039811,0.49782,0.47305,0.47437,0.63552,0.62051,0.50759,0.45318,0.77805,0.52527,-0.31359,0.68052,0.33406,-0.017587,0.41401,0.6711,0.13182,0.43241,0.24391,0.35721,0.39381,0.13862,0.36191,0.41145,0.3826,0.59048,0.23605,0.17806,0.47269,0.60782,0.59962,0.36846,0.16857,0.28012,-0.26332,0.58938,0.45823,0.51744,0.34682,0.45873,0.32562,0.77636,0.74542,0.52038,-0.028285
0.66304,0.60607,0.56283,0.50288,0.31448,0.57718,0.71236,0.39976,0.69239,0.55675,0.71466,1,0.70916,0.66691,0.28326,0.49056,0.72494,0.39382,0.15153,0.60595,0.079984,0.73783,0.43009,0.31135,0.50512,0.71158,0.14478,0.5721,0.65304,0.61216,0.74149,0.31163,0.54403,0.47071,0.67754,0.24927,0.52374,0.71742,0.68919,0.61738,0.40647,0.41393,0.25032,-0.1122,0.45474,0.65051,0.64882,0.6717,0.15895,0.37638,0.44686,0.74824,0.21119,0.67163,0.46451,0.71933,0.23797,0.51304,0.70466,0.58457,0.4687,0.58358,0.56004,0.5491,0.34747,0.63185,0.59169,0.30009,0.63598,0.17429,0.56076,0.32347,0.4818,0.36243,0.31456,0.28927,0.72163,0.51784,0.72935,0.27812,0.59806,0.11619,0.77223,0.46717,0.79908,0.07937,0.50462,0.58407,0.64799,0.59305,0.79638,0.66085,0.48289,0.33942,0.77487,0.51294,0.434,-0.12353,0.12863,0.70651,0.57045,0.49387,0.36302,0.70597,0.67933,0.35457,0.46535,0.80792,0.084755,0.6928,0.41909,0.85443,0.55857,0.42986,0.70452,0.53633,0.51183,0.44338,0.66548,0.37738,0.83484,0.69502,0.22122,0.88013,0.62219,0.63457,0.24743,0.30455,0.60788,0.81088,0.14769,0.34582,0.17716,0.67348,0.66776,0.80201,0.29251,0.59247,0.82572,0.83787,0.6058,0.17338,0.63235,0.44581,0.70473,0.80181,0.63574,0.69655,0.67467,0.82342,0.77678,-0.092322,0.77899,0.53938,0.03176,0.61664,0.85,0.37474,0.5499,0.49878,0.31631,0.6735,0.43374,0.67598,0.64909,0.67241,0.79541,0.36613,0.56626,0.6519,0.69678,0.65581,0.60738,0.31633,0.59249,0.068835,0.70472,0.71347,0.62227,0.5876,0.51915,0.37351,0.75673,0.83229,0.64135,0.25068
0.60937,0.4314,0.28515,0.44217,0.39361,0.47424,0.48131,0.38591,0.51457,0.56933,0.68733,0.70916,1,0.43715,0.23451,0.19746,0.5803,0.24361,-0.0086277,0.62323,0.29676,0.39115,0.42863,0.11012,0.50874,0.61029,0.10006,0.13024,0.48189,0.49369,0.60209,0.24726,0.42508,0.39511,0.65404,-0.045058,0.32024,0.74378,0.36792,0.2993,0.47334,0.39138,0.18599,-0.070609,0.089376,0.33438,0.58313,0.5879,0.016861,0.22976,0.55141,0.66419,0.069375,0.43627,0.5407,0.59994,0.20475,0.49148,0.58755,0.22499,0.46123,0.264,0.79604,0.37186,0.47664,0.43201,0.54879,0.18964,0.44836,0.15954,0.36358,0.25205,0.19726,0.089897,0.23396,0.34295,0.73469,0.50181,0.55851,0.10116,0.52646,-0.21507,0.56597,0.50263,0.73886,-0.039465,0.23392,0.61025,0.45777,0.35545,0.63075,0.58499,0.3366,0.28263,0.60802,0.36885,0.0023311,-0.22868,0.0078541,0.60508,0.53849,0.37468,0.41365,0.60488,0.24576,0.50042,0.37729,0.68254,-0.1934,0.52883,0.31341,0.51314,0.54492,0.25688,0.54844,0.55875,0.14756,0.24814,0.50538,0.39853,0.48139,0.75929,0.22291,0.81985,0.47648,0.5924,0.28506,0.28935,0.6269,0.44531,0.23013,0.19465,0.17594,0.55255,0.48679,0.8113,0.26382,0.42837,0.5526,0.41876,0.24584,0.10455,0.1616,0.38687,0.51665,0.62254,0.57591,0.37481,0.50746,0.67108,0.54527,0.10605,0.61119,0.45741,-0.093536,0.58038,0.6236,0.2359,0.48844,0.39732,0.42931,0.34242,0.10588,0.39608,0.3498,0.26869,0.73713,0.25895,0.34612,0.42658,0.61568,0.38526,0.5214,0.41696,0.40309,0.038796,0.62118,0.4985,0.5447,0.38858,0.25819,0.32599,0.63573,0.7431,0.4349,-0.13383
0.39751,0.059276,0.28453,0.29212,0.23967,0.40251,0.3915,0.59086,0.22977,0.22241,0.40811,0.66691,0.43715,1,0.097107,0.28924,0.39691,0.3634,0.0044215,0.29435,0.20485,0.3635,0.34129,0.19515,0.22755,0.34733,-0.030188,0.43902,0.61605,0.59649,0.41881,-0.019977,0.21842,0.25437,0.34237,-0.054656,0.29077,0.43742,0.67876,0.47766,0.25267,0.19327,0.18805,-0.086778,0.39995,0.44162,0.35806,0.13085,0.34065,0.28328,0.2909,0.33137,0.080618,0.56916,0.24277,0.35292,0.75099,0.36286,0.36711,0.3704,0.43802,0.33217,0.29441,0.11639,0.31853,0.26133,0.32256,0.49313,0.42073,0.32599,0.36539,0.15896,0.14452,0.12709,0.17841,0.12938,0.51185,0.3349,0.48958,0.4771,0.44249,-0.1799,0.5278,0.31386,0.39555,0.11308,0.21928,0.58026,0.47548,0.23921,0.5361,0.28014,0.42198,0.15573,0.22944,0.35375,0.2143,0.20413,-0.14333,0.57156,0.41461,0.41347,0.33558,0.26616,0.41877,-0.0080997,0.30568,0.37032,-0.056427,0.52696,0.26245,0.68129,0.30948,0.18892,0.27799,0.32718,0.2526,0.03325,0.41526,-0.0015047,0.66006,0.33283,0.05158,0.55635,0.39879,0.35714,0.19201,0.27457,0.51307,0.741,0.12698,0.31425,0.29495,0.33632,0.35385,0.37339,0.26975,0.45607,0.64089,0.49846,0.26502,-0.23004,0.44896,0.29735,0.56231,0.50292,0.39672,0.50836,0.32785,0.35799,0.58912,0.24967,0.3495,0.31458,-0.024374,0.36992,0.46499,0.33293,0.14208,0.18176,0.15631,0.38816,0.28176,0.34743,0.51636,0.2568,0.40719,0.097261,0.38366,0.58816,0.27696,0.36418,0.36504,-0.10391,0.58464,0.2112,0.42588,0.42695,0.5014,0.48944,0.59086,0.41049,0.32445,0.45756,0.41106,0.10551
0.2922,0.39577,-0.026024,0.35396,0.32465,-0.039298,0.4007,0.064839,0.14438,0.36962,0.19232,0.28326,0.23451,0.097107,1,0.24743,0.48225,0.23307,0.92787,0.34698,0.3189,0.26986,0.24514,0.72248,0.21968,0.20163,0.91441,0.035469,0.5384,0.54156,0.35469,-0.20671,0.51362,-0.056172,0.2638,0.056948,0.28552,0.48402,0.2737,0.51936,0.30966,0.7466,0.32836,0.67458,0.39477,0.62483,0.58877,0.6158,-0.28097,0.19008,0.18108,0.57424,0.55693,0.15855,0.036697,0.36168,-0.22802,0.31109,0.17645,0.31952,0.27267,0.44638,0.35064,0.52223,0.1465,0.6224,0.45966,0.38546,0.4268,0.12133,0.47959,0.27193,0.40748,0.40955,0.17079,0.38294,0.4992,0.28572,0.50744,0.20389,0.37259,0.21904,0.53385,0.35074,0.5396,0.057324,0.31691,0.12707,0.67562,0.55289,0.58252,0.54224,0.26287,0.38559,0.47625,0.61139,0.1897,-0.058994,0.072735,0.51798,0.21134,0.66075,0.10462,0.49656,0.46253,0.0072499,0.55403,0.34762,0.22309,0.03139,0.57585,0.2596,0.27077,0.29684,0.58719,0.48089,0.36226,0.25117,0.30632,0.42669,0.33997,-0.034247,0.96641,0.4047,0.55772,0.48076,0.20788,0.24542,0.34152,0.33767,-0.21391,0.20833,0.055507,0.32006,0.62615,0.32098,0.10961,0.29193,0.40622,0.43285,0.42459,0.70736,0.32929,0.48104,0.21407,0.31283,0.69512,0.26312,0.6546,0.36172,0.17139,0.038526,0.51914,0.36194,0.13699,0.53037,0.55739,0.44585,0.42555,0.64953,0.12183,0.34081,0.471,0.10192,0.66596,0.15477,0.44576,0.96481,0.63673,0.058737,0.16791,0.42565,0.059458,0.28537,-0.15465,0.33662,0.16733,0.20603,0.28317,0.10653,0.38271,0.35616,0.31812,0.56097,0.63651,0.13229
0.17303,0.38938,0.28859,0.38028,-0.32573,0.19017,0.46953,0.27453,0.14554,0.2174,0.18977,0.49056,0.19746,0.28924,0.24743,1,0.13365,0.2147,0.23413,0.066446,-0.28691,0.22064,-0.1314,0.33985,0.11796,0.34655,0.22104,0.50014,0.37793,0.45805,0.34808,0.012516,-0.085977,0.28705,0.26079,0.24878,0.47017,0.069615,0.2947,0.56751,0.0054711,0.034804,0.6489,0.16768,0.31875,0.49293,0.31076,0.5192,0.1277,0.21995,0.042209,0.5469,0.1373,0.17636,-0.16439,0.42778,0.21629,0.48439,0.16412,0.37861,0.25233,0.50746,0.014884,0.24527,0.4065,0.31029,0.44023,-0.23476,0.24836,0.12239,0.70421,0.37107,0.20812,0.34643,0.17534,0.29547,0.37532,0.30585,0.2555,0.11673,0.49846,0.12415,0.47491,0.19951,0.53083,0.16868,0.54886,0.050132,0.34092,0.15423,0.52953,0.18319,0.47109,0.50243,0.36163,0.26823,0.5656,0.02178,-0.046317,0.48533,0.11459,0.29917,0.016576,0.25944,0.17226,0.010189,0.2963,0.16946,0.051736,0.19401,0.3575,0.5573,-0.0044554,0.12392,0.31665,0.46412,0.54775,0.23309,0.47994,0.1211,0.54415,-0.0062203,0.17099,0.39499,0.25654,0.03214,-0.14833,0.12967,0.43195,0.43047,-0.39604,0.54351,-0.066646,0.43607,0.42119,0.35209,-0.062002,0.028188,0.43188,0.48974,0.46265,0.2036,0.56844,-0.018895,0.2095,0.15408,0.47586,0.34948,0.48242,0.40219,0.24886,-0.011729,0.26324,0.48203,0.18854,0.17838,0.34297,0.38048,0.43741,0.2298,0.17149,0.19367,0.13358,0.43689,0.28094,0.20805,0.3292,0.20297,0.55968,0.14588,0.32218,0.53823,0.057218,0.28404,0.26314,0.38047,0.52936,0.45098,0.28276,0.098814,0.1515,-0.069035,0.19348,0.36974,0.39294,0.19304
0.62512,0.54861,0.44384,0.48005,0.75279,0.31492,0.65194,0.38818,0.78662,0.61442,0.59444,0.72494,0.5803,0.39691,0.48225,0.13365,1,0.29556,0.35993,0.64496,0.21384,0.78089,0.47703,0.2238,0.38331,0.70055,0.26905,0.58355,0.68906,0.70488,0.69415,0.10557,0.56121,0.2207,0.82555,0.42239,0.66443,0.85983,0.56697,0.57213,0.46954,0.58979,0.16989,-0.0017118,0.64138,0.57007,0.595,0.72304,-0.024922,0.29614,0.48722,0.70152,0.40067,0.62955,0.29504,0.61358,0.059595,0.43515,0.65475,0.32865,0.28229,0.6017,0.49588,0.6648,0.28857,0.71359,0.63607,0.37265,0.67282,0.28376,0.51467,0.14663,0.71359,0.44769,0.21683,0.54177,0.75583,0.6057,0.69094,0.3426,0.5636,0.029464,0.69942,0.51518,0.71282,-0.014152,0.30307,0.3975,0.72577,0.66038,0.67928,0.65032,0.46587,0.44165,0.83866,0.56738,0.54326,-0.22476,0.1651,0.74013,0.68258,0.38686,0.2562,0.81547,0.53412,0.38539,0.58198,0.86329,0.32795,0.38568,0.65285,0.6994,0.61253,0.51173,0.87443,0.61156,0.25349,0.51267,0.59044,0.56665,0.56812,0.60244,0.41057,0.74827,0.62035,0.68025,0.31917,0.28989,0.5496,0.70852,0.086554,0.25261,-0.077111,0.7396,0.68811,0.76273,0.34072,0.49342,0.7557,0.71191,0.62675,0.2945,0.47835,0.62521,0.68052,0.8378,0.62262,0.55743,0.61587,0.64686,0.57204,-0.15609,0.77449,0.32738,0.16714,0.51927,0.82936,0.37007,0.57038,0.56622,0.32144,0.66709,0.52249,0.34742,0.72199,0.49827,0.70746,0.53536,0.46322,0.61046,0.70809,0.51581,0.54373,0.46242,0.51942,0.12046,0.2786,0.55623,0.58906,0.2865,0.52199,0.61289,0.80296,0.80489,0.72729,0.16506
-0.018522,0.22361,0.017785,0.16829,0.06449,-0.11138,0.3612,0.016772,0.12502,0.18528,0.048936,0.39382,0.24361,0.3634,0.23307,0.2147,0.29556,1,0.21183,0.076415,-0.068224,0.21183,0.37574,0.3194,-0.23857,0.23756,0.12542,0.13127,0.25565,0.24341,0.3287,0.096646,0.1404,0.1994,0.091791,0.18116,0.25813,0.27868,0.063345,0.30791,0.14787,0.17855,-0.050449,0.17863,0.27247,0.28412,0.16472,0.21093,-0.17825,0.1443,0.26958,0.35858,0.20712,0.27235,0.014527,0.31483,-0.015844,0.053921,-0.087077,0.42683,0.040823,0.20298,0.21345,0.49539,-0.10256,0.42186,0.030823,0.21383,-0.0027945,0.52028,0.08753,0.2971,0.30089,0.1432,0.05969,0.080702,0.39524,-0.082787,0.30288,0.16662,0.0035107,0.18732,0.58465,0.31678,0.29559,0.14162,0.27864,0.37217,0.43069,0.24264,0.49978,0.31183,0.13133,0.3202,0.3416,0.5688,0.20069,-0.22114,0.089327,0.26454,0.38589,0.26118,0.23446,0.1598,0.51404,-0.023597,0.20907,0.12431,-0.15512,0.22151,0.50792,0.33075,-0.0088627,0.076552,0.24496,0.1949,0.20915,0.33808,0.64311,0.21323,0.38893,0.19303,0.17648,0.52606,0.31051,0.066994,0.53545,0.16032,0.28108,0.34968,-0.22726,-0.071875,-0.030118,0.21612,0.3344,0.39917,0.34814,0.39633,0.36001,0.3296,0.36305,0.32861,0.36017,0.029286,0.73764,0.22555,0.21878,0.13235,0.1796,0.36498,0.19548,0.028899,0.33329,0.28236,0.32069,0.39995,0.40673,-0.10906,0.17991,0.33354,0.094737,0.27074,-0.070617,-0.019987,0.26644,0.30451,0.35268,0.29068,0.49693,0.33715,0.42027,0.38387,-0.0038178,0.14368,0.089977,0.093184,0.39561,0.31348,0.068646,0.14085,0.14237,-0.045395,0.29864,0.38716,0.23107,-0.028874
0.17965,0.25015,-0.0021705,0.19428,0.21688,-0.12559,0.24897,-0.026605,0.039838,0.23572,-0.010775,0.15153,-0.0086277,0.0044215,0.92787,0.23413,0.35993,0.21183,1,0.28002,0.33036,0.26679,0.11313,0.7356,0.039541,0.059451,0.94096,0.080894,0.46834,0.40861,0.25482,-0.22701,0.37684,-0.17015,0.15005,-0.0021889,0.1687,0.26198,0.1553,0.45647,0.11621,0.69442,0.30779,0.71166,0.47715,0.55064,0.54443,0.52092,-0.29784,0.083587,0.019778,0.46742,0.49191,0.066947,-0.05285,0.25212,-0.27418,0.24082,0.01332,0.42917,0.1131,0.36872,0.19825,0.45751,0.0031464,0.5526,0.32818,0.35681,0.37342,0.16854,0.44716,0.11008,0.36246,0.48537,0.0020428,0.26688,0.28244,0.14992,0.40591,0.28293,0.24137,0.30754,0.37324,0.3211,0.38712,0.12824,0.31773,-0.059902,0.65955,0.56315,0.47769,0.40603,0.13664,0.27427,0.30814,0.54533,0.17872,-0.10758,0.11864,0.31704,0.028851,0.57637,0.05883,0.3974,0.44891,-0.11132,0.51224,0.20582,0.23104,-0.05212,0.48117,0.1889,0.20334,0.17698,0.4596,0.40603,0.28643,0.25789,0.1612,0.32655,0.2197,-0.19883,0.91279,0.22586,0.48111,0.39117,0.20022,0.24221,0.20395,0.24122,-0.2379,0.14639,0.0455,0.2591,0.50117,0.12848,0.14681,0.1834,0.36201,0.40108,0.36135,0.72759,0.31868,0.4748,0.053052,0.16029,0.535,0.17137,0.54833,0.14639,0.076553,-0.027899,0.42714,0.18825,0.20201,0.4013,0.41484,0.34743,0.38156,0.6507,-0.021497,0.34373,0.46425,0.0155,0.57422,0.12321,0.29553,0.92194,0.57384,0.01559,0.070391,0.36051,0.074428,0.20477,-0.24228,0.33603,0.030154,0.17533,0.16637,0.053678,0.30323,0.40817,0.18755,0.35961,0.53244,0.20927
0.87902,0.37825,0.50729,0.51149,0.58137,0.61466,0.39922,0.49136,0.59181,0.49642,0.47763,0.60595,0.62323,0.29435,0.34698,0.066446,0.64496,0.076415,0.28002,1,0.46483,0.53762,0.4993,0.26413,0.5555,0.51378,0.23207,0.3378,0.63701,0.41843,0.40902,0.41361,0.62389,0.39257,0.66548,0.06805,0.44464,0.56297,0.44234,0.35991,0.50327,0.60369,0.20565,0.18384,0.51746,0.59721,0.55769,0.65174,0.11602,0.18119,0.32307,0.65828,-0.13171,0.41946,0.62069,0.47521,0.12481,0.53817,0.79032,0.42957,0.36009,0.4173,0.6412,0.2678,0.29953,0.38606,0.62603,0.37681,0.82742,0.16306,0.27067,0.0929,0.18199,0.13012,0.24527,0.26546,0.3962,0.52914,0.61634,0.36455,0.49042,0.17479,0.32679,0.54066,0.61035,0.0051197,0.19451,0.27156,0.50282,0.64853,0.55885,0.62913,0.20746,0.17957,0.59476,0.53506,0.10905,-0.57198,0.18876,0.40666,0.51145,0.34502,0.362,0.67469,0.48773,0.46998,0.33729,0.7341,0.22943,0.6264,0.34447,0.55985,0.65358,0.3944,0.67051,0.53889,0.28923,0.44873,0.3682,0.54616,0.53735,0.67471,0.31458,0.5427,0.48553,0.93445,0.059989,0.43614,0.52176,0.48964,0.38098,0.21922,0.09872,0.733,0.41178,0.62476,0.34092,0.59589,0.63375,0.6064,0.086918,0.23841,0.29258,0.52364,0.32843,0.63747,0.60587,0.56803,0.5278,0.43653,0.47932,-0.059845,0.73514,0.39436,0.034902,0.79557,0.56362,0.20232,0.31773,0.54128,0.64268,0.54417,0.37747,0.55591,0.44052,0.44191,0.59057,0.44184,0.34913,0.56994,0.30922,0.33695,0.54982,0.45358,0.32766,0.2407,0.35636,0.54011,0.81543,0.57076,0.43061,0.61667,0.62808,0.5424,0.5212,0.28059
0.24808,-0.184,0.18713,0.03639,0.46198,0.16841,-0.00050244,0.12414,0.014446,0.23596,-0.080405,0.079984,0.29676,0.20485,0.3189,-0.28691,0.21384,-0.068224,0.33036,0.46483,1,0.040543,0.074937,0.21533,0.21184,0.053454,0.34854,-0.12914,0.41832,0.30045,0.064941,-0.040399,0.17233,-0.039839,0.1523,-0.53369,-0.091506,0.35481,0.10222,0.093131,0.16825,0.55238,-0.12387,0.37088,0.14662,0.15435,0.36927,0.16759,-0.033071,0.17266,0.38538,0.3006,-0.021866,0.18224,0.37359,-0.010127,0.15565,0.16061,0.16972,0.2679,0.45242,0.03912,0.45068,0.086616,-0.10154,0.15164,0.05963,0.44291,0.31605,-0.11839,0.10024,-0.16312,-0.13378,0.024484,-0.12089,-0.17147,0.048401,0.29045,0.3954,0.4988,0.046962,0.24394,-0.065261,0.29221,0.12855,0.23802,-0.17603,0.29176,0.39781,0.4348,0.14131,0.26761,-0.040451,-0.10276,-0.027934,0.28275,-0.29916,-0.32072,0.34029,0.1484,-0.0088745,0.23644,0.21246,0.13142,0.22908,-0.073569,0.073582,0.15659,-0.078893,0.2481,0.078225,0.096083,0.32603,-0.070817,0.086982,0.43163,0.018262,0.05059,-0.13289,-0.19655,-0.018501,0.18093,0.33657,0.232,0.25446,0.46346,0.11861,0.37197,0.26467,0.020378,0.3743,-0.14704,0.29822,0.23552,0.061027,0.10527,0.38541,0.35461,0.32973,0.19123,-0.13114,0.10753,-0.084489,0.3479,-0.069034,0.18118,0.025869,-0.039588,0.16796,-0.076549,0.19524,0.24594,0.3195,-0.10702,-0.1643,0.28662,0.14315,0.41997,-0.14626,0.38744,0.12068,0.17643,0.30082,0.084244,0.16965,0.076671,0.26756,0.36508,0.17177,0.24856,-0.12691,-0.023884,0.2462,-0.015641,0.06281,0.25463,-0.089202,0.16023,0.28722,0.3701,0.24634,0.5011,-0.037342,0.1511,0.17591,0.079674
0.55245,0.55472,0.45673,0.38399,0.39938,0.39645,0.55729,0.14428,0.82768,0.44257,0.5944,0.73783,0.39115,0.3635,0.26986,0.22064,0.78089,0.21183,0.26679,0.53762,0.040543,1,0.36354,0.033123,0.3766,0.55889,0.16453,0.70155,0.52067,0.4768,0.68809,0.24184,0.53557,0.34351,0.67328,0.32335,0.46512,0.62161,0.40994,0.55961,0.32034,0.39804,0.054902,-0.19962,0.60925,0.4266,0.58948,0.62993,0.1938,0.31469,0.10752,0.54792,0.34142,0.57342,0.27474,0.64057,-0.0006364,0.36957,0.59216,0.61191,0.20152,0.59985,0.35159,0.66644,0.082536,0.60999,0.56751,0.18661,0.57032,0.18923,0.44048,0.16862,0.56349,0.49311,0.19339,0.33214,0.54273,0.56783,0.65653,0.36176,0.38921,0.086969,0.57687,0.3688,0.59586,0.020759,0.27728,0.33927,0.61979,0.47598,0.55755,0.5815,0.15046,0.36577,0.70867,0.33215,0.45085,-0.17076,0.25547,0.445,0.29029,0.29472,0.22473,0.69792,0.47066,0.4293,0.44307,0.80612,0.14448,0.46984,0.38981,0.6618,0.44852,0.47776,0.73825,0.33684,0.28162,0.60571,0.45181,0.41056,0.62608,0.59684,0.27014,0.5691,0.56715,0.54928,0.31299,0.33992,0.36176,0.67338,0.20477,0.18176,0.0018421,0.5704,0.4942,0.56753,0.22392,0.34094,0.71734,0.77945,0.58801,0.27881,0.47603,0.55059,0.46736,0.72125,0.48475,0.54481,0.45344,0.61051,0.54598,-0.43071,0.70856,0.29057,0.22519,0.42813,0.80109,0.14222,0.57339,0.44084,0.12057,0.67334,0.49846,0.50347,0.52712,0.48158,0.61455,0.42687,0.34509,0.44716,0.66459,0.59368,0.57856,0.23188,0.46694,-0.12402,0.39236,0.67765,0.50755,0.30162,0.46718,0.40962,0.77175,0.62134,0.50501,0.22492
0.4207,0.42177,-0.090908,0.32509,0.33442,0.1309,0.51943,0.41162,0.57309,0.17527,0.57055,0.43009,0.42863,0.34129,0.24514,-0.1314,0.47703,0.37574,0.11313,0.4993,0.074937,0.36354,1,0.19545,-0.0052109,0.55931,0.055543,0.18112,0.43431,0.29616,0.32164,0.28647,0.5009,0.002259,0.39585,0.21725,0.24964,0.34058,0.17395,0.34573,0.4098,0.33956,-0.048619,-0.073823,0.30632,0.45549,0.43707,0.29929,-0.23413,0.34396,0.22973,0.26705,0.14644,0.45842,0.30433,0.67704,0.043246,0.28528,0.39562,0.11342,0.2191,0.4321,0.48039,0.30795,0.21182,0.5011,0.50903,0.22306,0.28593,0.53864,-0.021991,0.21582,0.44369,0.10631,0.28611,0.33129,0.49185,0.41649,0.61595,0.1095,0.27174,0.069722,0.35066,0.63556,0.41779,0.010341,0.32788,0.14778,0.3328,0.23483,0.44857,0.27314,-0.056483,0.29066,0.55053,0.55655,-0.059841,-0.058832,0.20236,0.30765,0.50477,0.16228,0.25652,0.51648,0.44594,0.075513,0.11544,0.57198,0.035861,0.16882,0.48072,0.3335,0.25312,0.20483,0.61193,0.14809,-0.12313,0.38802,0.50581,0.60403,0.41771,0.3663,0.20933,0.39002,0.30398,0.50451,0.18294,0.38456,0.33982,0.5042,0.17401,-0.072655,0.24116,0.46557,0.35546,0.55385,0.28423,0.28307,0.3964,0.36792,0.18645,0.08837,0.39923,0.43969,0.47589,0.42095,0.52273,0.32299,0.19932,0.53891,0.32322,-0.35824,0.5758,0.2464,0.26586,0.50795,0.46391,-0.026237,0.073822,0.37096,0.40121,0.45947,0.15518,-0.013577,0.35373,0.14575,0.24972,0.33197,0.12286,0.63327,0.31139,0.47194,0.10661,-0.013992,-0.083779,-0.066595,0.26879,0.25115,0.47855,0.22438,0.33132,0.36737,0.50528,0.54301,0.38993,-0.11312
0.17496,0.30929,0.067137,0.2274,0.11804,-0.031815,0.39425,0.21182,-0.033524,0.26806,0.072016,0.31135,0.11012,0.19515,0.72248,0.33985,0.2238,0.3194,0.7356,0.26413,0.21533,0.033123,0.19545,1,0.045571,0.086901,0.75869,0.011999,0.48992,0.35796,0.25853,-0.15864,0.3297,-0.018659,0.027172,-0.062332,0.14177,0.20901,0.3332,0.46804,0.25001,0.56335,0.321,0.63166,0.2255,0.62411,0.52614,0.35953,-0.24292,-0.038086,0.2235,0.51608,0.41671,0.042894,-0.028345,0.29754,-0.085005,0.16411,0.015182,0.38071,0.22433,0.35897,0.3055,0.32351,0.095881,0.59044,0.29784,0.36156,0.36499,0.1717,0.49568,0.26376,0.39509,0.39719,0.20974,0.14474,0.27447,-0.10195,0.29941,0.21671,0.27998,0.38615,0.43204,0.36213,0.37277,0.026502,0.67449,-0.032986,0.58935,0.58495,0.60148,0.34927,0.46241,0.25142,0.3152,0.70811,0.14198,-0.033986,-0.043548,0.35298,0.16602,0.54757,0.10806,0.41396,0.67798,-0.15907,0.40963,0.14993,0.1265,0.043329,0.36605,0.25569,0.26643,-0.057406,0.35972,0.41267,0.40299,0.058305,0.31837,0.17508,0.38796,-0.21471,0.67464,0.33393,0.58491,0.39343,0.068311,0.10289,0.21529,0.29452,-0.38808,0.13453,0.32234,0.27167,0.52697,0.28254,0.33517,0.31154,0.39875,0.42185,0.35796,0.58239,0.53443,0.29894,0.17305,0.099986,0.55825,0.1825,0.65089,0.3224,0.16303,0.21444,0.36915,0.31438,0.058686,0.41483,0.30521,0.51192,0.21046,0.48109,0.066557,0.47566,0.32958,0.10287,0.69118,0.36295,0.36825,0.6845,0.69727,0.21827,0.013073,0.4383,0.062258,0.21385,-0.13017,0.3201,0.1555,0.031417,0.17928,0.18182,0.36845,0.39422,0.17672,0.4479,0.57632,0.20342
0.67403,0.30119,0.41164,0.33633,0.36057,0.69833,0.1138,0.19684,0.34953,0.51889,0.43217,0.50512,0.50874,0.22755,0.21968,0.11796,0.38331,-0.23857,0.039541,0.5555,0.21184,0.3766,-0.0052109,0.045571,1,0.30922,0.054492,0.14679,0.22013,0.22421,0.26976,0.2304,0.53154,0.57682,0.41836,-0.043389,0.31676,0.58055,0.56924,0.24899,0.35199,0.37808,0.23352,0.043098,0.16151,0.32623,0.2813,0.4094,0.40475,0.31819,0.20499,0.42452,0.04188,0.16218,0.44365,0.16222,0.059103,0.39778,0.72825,0.11264,0.51359,0.22454,0.50761,0.10233,0.35124,0.13813,0.41634,0.34133,0.67013,-0.49873,0.21551,0.16181,-0.051599,-0.18413,0.25082,0.14966,0.23694,0.41778,0.37384,0.040651,0.46365,0.079995,0.18754,-0.11777,0.40594,0.051672,-0.093827,0.49459,0.13908,0.36399,0.32336,0.58758,0.23413,0.060009,0.33163,0.083962,0.082371,-0.0974,0.10237,0.41595,0.3084,0.30529,0.03987,0.41516,0.20785,0.62004,0.25523,0.48407,0.1889,0.5662,-0.079471,0.31581,0.56659,0.53014,0.36937,0.19584,0.55411,0.16082,0.1684,0.15988,0.51434,0.62901,0.22505,0.44967,0.4038,0.58468,-0.16796,0.1679,0.17269,0.39059,0.31195,0.38731,-0.047211,0.19054,0.39375,0.35628,-0.14424,0.45105,0.33043,0.38901,0.061839,0.211,0.026147,0.35228,0.24027,0.48008,0.43167,0.48772,0.45889,0.40574,0.39159,0.13259,0.35924,0.53124,-0.36126,0.55829,0.40028,0.36149,0.37613,0.22535,0.21856,0.31884,0.55093,0.8018,0.28639,0.38918,0.55611,0.24177,0.24091,0.049929,0.2055,0.11575,0.47137,0.33023,0.49078,0.11954,0.41334,0.36207,0.52624,0.50336,0.3281,0.11065,0.40908,0.40879,0.30689,0.34866
0.58484,0.6508,0.37297,0.47382,0.39982,0.44644,0.64627,0.36702,0.77171,0.35055,0.67824,0.71158,0.61029,0.34733,0.20163,0.34655,0.70055,0.23756,0.059451,0.51378,0.053454,0.55889,0.55931,0.086901,0.30922,1,-0.0031604,0.57828,0.52691,0.50851,0.62062,0.21848,0.32906,0.28727,0.75152,0.35439,0.54613,0.55375,0.49492,0.50888,0.27411,0.43595,0.39105,-0.14379,0.53228,0.51448,0.57749,0.69477,-0.12747,0.68483,0.60738,0.60335,0.25167,0.68902,0.31435,0.76364,0.069163,0.7083,0.69097,0.20595,0.40515,0.57426,0.48997,0.46208,0.59258,0.64735,0.6464,0.11304,0.54431,0.16474,0.41536,0.20883,0.64147,0.29062,0.1705,0.47433,0.69881,0.7327,0.67046,0.11377,0.72713,0.15359,0.44142,0.59613,0.80583,0.36533,0.33159,0.40274,0.43392,0.40505,0.51703,0.50627,0.20945,0.37524,0.76146,0.4306,0.3759,-0.046903,0.47846,0.72811,0.62333,0.21359,0.22085,0.67754,0.40246,0.18891,0.23344,0.75403,0.11426,0.39612,0.54506,0.67241,0.40169,0.48471,0.71112,0.55637,0.10895,0.69031,0.59271,0.54019,0.49184,0.55972,0.11421,0.70427,0.42265,0.47963,0.041435,0.48179,0.53688,0.64339,0.15706,0.41222,-0.13204,0.7475,0.60053,0.8013,-0.019712,0.33407,0.6067,0.61145,0.55529,0.099124,0.57612,0.53801,0.59198,0.65697,0.51661,0.54108,0.35551,0.72955,0.62055,-0.34206,0.78389,0.24058,0.24134,0.37014,0.6537,0.31097,0.42703,0.58374,0.31991,0.56507,0.39205,0.43008,0.318,0.42414,0.56786,0.26331,0.31066,0.74173,0.70195,0.51697,0.41483,0.21597,0.35046,0.20832,0.49321,0.69399,0.58768,0.3651,0.25238,0.36302,0.66686,0.79612,0.62236,0.24334
