1,-0.24949,-0.04661,0.2269,0.39439,0.46734,0.42127,-0.24963,-0.073719,-0.053154,-0.094795,0.24866,0.11169,0.23365,-0.55325,-0.1454,-0.14189,-0.26241,-0.52886,0.68125,0.02761,0.44181,-0.085292,-0.38012,0.43896,-0.013012,-0.40935,-0.3142,-0.089536,-0.083075,0.23321,0.28462,0.1882,0.33074,0.16479,-0.17332,-0.041406,-0.21385,-0.048561,-0.31655,0.1803,-0.0040097,-0.37866,0.50361,0.13916,0.45313,0.073249,0.29857,-0.16661,-0.33731,0.49164,0.056726,0.0050275,0.21986,0.5776,0.040386,-0.16196,0.14534,0.78323,-0.055997,0.03683,-0.33789,0.18043,-0.067466,0.27386,-0.14962,-0.2326,0.20378,0.096581,0.4667,-0.41023,-0.54325,-0.23639,0.007692,-0.20324,-0.49305,0.077898,0.42637,-0.24588,-0.082985,-0.27552,0.32243,-0.13809,0.36336,-0.31339,-0.14941,-0.059401,-0.30881,-0.14148,-0.32971,-0.18016,0.027472,-0.54974,-0.16579,0.0092643,-0.14767,-0.2446,0.46927,-0.12758,-0.039361,0.059821,-0.018479,0.27903,-0.065219,0.32316,-0.24759,-0.059709,0.23468,-0.087463,0.51811,-0.42453,0.013645,0.083408,0.36362,0.15236,0.27659,-0.3002,0.32822,0.07585,-0.31313,0.44923,0.52417,-0.50579,-0.23448,-0.41656,0.71727,-0.049775,0.45222,-0.45952,0.34184,0.48765,-0.22948,0.056816,0.04063,-0.072133,0.073739,0.39296,0.22672,-0.26484,-0.28054,-0.14397,-0.28069,-0.47667,-0.02015,-0.31509,0.14197,-0.18712,0.09023,-0.44755,0.16858,-0.2908,0.29174,0.082774,-0.045534,0.058711,0.1414,-0.18947,-0.19074,-0.13587,0.29453,0.068126,-0.10444,0.092936,0.48595,0.057204,0.18709,0.16667,-0.47682,-0.26523,-0.029499,-0.15394,-0.44346,-0.046469,0.11729,0.48894,-0.11063,-0.24375,0.24806,0.40119,0.69142,-0.54706,0.068817,0.29492,-0.25405,-0.40182,-0.35246
-0.24949,1,0.46854,0.21488,0.045518,-0.022238,-0.064908,0.60906,0.69083,0.67444,-0.12866,0.049065,0.74416,0.033622,0.46606,0.54527,0.34443,-0.088277,0.34928,0.15043,-0.046583,0.031393,0.40332,0.56693,0.2922,0.51076,0.50589,0.49004,0.60797,0.23022,0.31094,0.015224,0.52852,0.36128,0.17839,0.63061,0.75912,0.77341,0.27386,0.58105,-0.10104,0.26564,0.56144,0.029133,0.19357,-0.00822,0.52,0.21754,-0.26832,0.12968,-0.10493,0.30084,0.15495,-0.17331,0.18574,0.24271,0.12352,0.33321,0.081506,0.25522,0.22168,0.63387,0.51344,0.25209,0.54494,0.73528,0.69694,-0.2244,0.17205,0.30474,0.50683,0.29049,0.28797,-0.079256,0.54993,0.38032,0.11268,0.258,0.57525,-0.062556,0.41875,-0.026444,0.12164,0.23034,0.5409,0.20181,0.63644,-0.10375,0.36991,0.48855,0.31003,0.12809,0.73382,0.66921,0.69642,-0.11745,0.061729,0.017521,0.35825,0.53422,-0.20643,0.38364,0.005191,0.73712,0.13543,0.50525,0.32414,0.46192,0.37064,-0.047968,0.47118,0.74357,0.33278,0.19219,0.40055,0.45529,0.40025,-0.039067,0.37599,0.82882,-0.16085,0.20785,0.27642,0.76623,0.46695,-0.094317,0.27625,0.27989,0.4483,0.29336,0.088774,0.63854,0.27425,0.51365,0.33114,0.52059,-0.0034353,0.14547,0.55225,0.36691,0.63678,0.3025,0.67158,0.54363,0.70483,0.61312,0.38892,0.22881,0.58919,0.13807,0.433,0.073713,0.41368,0.0054534,0.35727,0.19772,0.57905,0.19628,0.57924,0.27953,0.10401,0.22462,0.15895,-0.053369,0.28373,0.50099,0.38031,0.38706,0.5357,0.16513,0.73759,0.35182,0.48669,0.5363,-0.11833,-0.21727,0.38987,0.32075,0.26716,-0.1118,0.43587,0.4695,0.20705,0.6708,0.53311,0.27997
-0.04661,0.46854,1,0.39865,0.058483,0.01798,0.12409,0.36897,0.60353,0.34997,-0.0028359,0.31167,0.41405,0.43838,0.11035,0.29801,0.68574,0.44778,-0.076176,0.055807,0.11927,0.18397,0.42286,0.54494,0.39287,0.58357,0.085323,0.47173,0.16362,0.19754,0.23502,-0.097113,0.30605,0.55297,0.11253,0.47773,0.48618,0.44125,0.44846,0.34794,0.16647,0.61992,0.40743,-0.17992,0.38243,0.2558,0.56094,0.39448,-0.014137,0.50232,0.31831,0.22527,0.40574,0.18449,0.013169,0.34864,0.05553,0.67327,-0.0085555,0.28919,0.16626,0.41692,0.12647,0.44266,0.23653,0.5482,0.31139,-0.025218,0.38566,0.035628,0.64562,0.17608,0.49621,0.35059,0.28797,0.24799,0.43962,0.31526,0.67334,-0.32454,0.47699,0.13551,0.44562,0.10369,0.57215,-0.0017149,0.50761,-0.23762,0.45453,0.29889,0.12852,0.30418,0.15498,0.31893,0.36482,0.22515,0.13086,0.033205,0.48659,0.59533,0.15356,0.48908,0.1362,0.50024,0.19821,-0.18178,0.45565,0.32954,0.4477,0.099857,0.44226,0.34013,0.12534,0.35075,0.44717,0.25032,0.17521,0.0032013,0.30714,0.49407,0.2607,0.38617,-0.20079,0.60457,0.44008,0.065441,0.1106,0.31915,0.54803,0.2258,-0.11816,0.24861,0.47403,0.46289,0.61748,0.36381,0.28752,0.088984,0.49641,0.3542,0.54194,0.5144,0.23562,0.18926,0.34842,0.47415,0.70595,0.31202,0.44284,0.27551,0.48193,0.032513,0.38124,-0.074393,0.58698,-0.10842,0.54315,-0.0043525,0.25768,0.42856,0.31862,0.45763,0.38383,0.3395,0.45771,0.33465,0.5025,0.075741,0.49114,0.27276,0.41814,-0.014595,0.021624,0.67482,0.078825,0.08109,0.22501,0.3255,0.44792,0.11478,0.25531,0.4604,0.33599,0.67412,0.56247,0.16623
0.2269,0.21488,0.39865,1,0.61768,0.52251,0.68462,0.52107,0.55556,0.037958,0.35933,0.34134,0.39354,0.35738,0.12526,0.13275,0.53074,0.31485,-0.13239,0.39217,0.0065367,0.13169,0.29127,0.15228,0.52687,0.60753,-0.13657,0.24594,0.085032,-0.04867,0.5466,0.17499,0.48687,0.6824,0.34028,0.36262,0.53691,0.49552,0.27611,0.060065,0.028468,0.39442,0.039351,0.038308,0.37729,0.4757,0.20904,0.58097,-0.022148,0.22782,0.41582,0.16787,-0.23398,-0.12515,0.4458,0.38741,0.44616,0.28133,0.38981,0.19585,0.10612,0.027031,0.38739,0.21268,0.28781,0.24411,0.016426,0.15879,0.65917,-0.049559,0.0017712,-0.33834,0.12587,0.023375,0.47587,-0.14706,0.14737,0.62505,0.38205,-0.27497,0.45172,0.027172,0.099412,0.39257,0.24783,-0.18867,-0.0010483,-0.20967,0.25713,0.40478,0.018368,0.061209,-0.095721,0.075674,0.48911,-0.061369,-0.35714,0.20404,0.2371,0.4169,0.11378,0.38658,0.43482,0.29396,0.6543,0.21172,0.37298,0.67429,0.19483,0.53326,0.080586,0.41702,0.4674,0.32146,0.74015,0.56956,-0.056137,-0.10768,0.18376,0.28391,0.54911,0.55947,-0.20864,0.39924,0.062166,0.46351,0.16663,0.38813,0.072334,0.32237,0.14902,-0.23849,0.57732,0.29728,0.46525,-0.083681,0.20717,0.49741,0.66957,0.63142,0.45535,-0.2641,-0.15309,0.15068,0.44207,0.45195,0.34334,0.55898,0.17779,0.38728,0.16008,0.013532,0.48908,0.50399,0.29502,0.42797,0.41878,-0.13961,0.29717,0.4752,0.036399,0.5758,0.085245,0.57524,0.64867,0.73051,0.54349,-0.090009,0.37196,0.22856,0.42779,0.047656,0.22418,0.40098,0.35958,0.12689,0.21844,0.34636,0.50396,0.66947,0.11491,0.51558,0.35775,0.60647,0.29678,0.023101
0.39439,0.045518,0.058483,0.61768,1,0.47785,0.65535,0.3978,0.29262,0.068405,0.12217,0.36874,0.30525,0.15572,-0.10744,0.27701,0.19199,0.042878,-0.18517,0.56003,-0.48002,0.34934,-0.0073237,0.13203,0.47267,0.23861,-0.10736,-0.11345,0.2349,-0.05488,0.43304,0.28272,0.35881,0.45549,0.59881,0.060256,0.46381,0.27645,0.070613,0.012166,-0.01068,0.31805,-0.17753,0.35572,0.3444,0.39334,0.011841,0.28346,-0.095874,0.198,0.11154,0.035985,-0.43251,-0.20448,0.33754,0.30517,0.13992,0.21314,0.45026,0.15352,0.11048,-0.17846,0.25639,0.14803,-0.022519,0.34734,-0.0035978,0.16696,0.35519,-0.023848,-0.29193,-0.36781,0.057419,-0.13597,0.32118,-0.2902,-0.12735,0.61222,0.11044,-0.019976,0.28696,-0.20635,-0.11625,0.55594,0.0605,-0.24768,-0.034692,-0.26823,0.33553,0.27451,0.010232,-0.14003,-0.22532,-0.017103,0.43347,0.19708,-0.44161,0.27891,-0.13894,0.092923,0.34983,0.32842,0.17111,0.16715,0.46588,0.27017,0.037435,0.53256,0.17174,0.5433,0.012251,0.29435,0.2524,0.19213,0.59844,0.43105,-0.14428,0.32234,0.21257,0.091621,0.40102,0.63115,-0.05916,0.235,-0.09516,0.49896,0.262,0.32695,-0.21808,0.51853,0.21491,-0.2988,0.33302,0.1081,0.25354,-0.16826,0.26896,0.39201,0.19994,0.14602,0.15343,-0.41734,-0.14877,0.27188,0.10401,0.42968,0.19855,0.74507,-0.0024171,0.31897,-0.10507,0.236,0.50137,0.52537,0.25033,0.3087,0.16375,-0.23443,0.20106,0.39269,-0.060822,0.1411,-0.051828,0.44671,0.37095,0.36425,0.54754,-0.21677,0.081126,0.23233,0.30531,-0.073894,0.2908,0.36636,0.31223,-0.15675,0.045762,0.29078,0.50075,0.65757,-0.29045,0.2259,0.31697,0.27633,0.051324,0.091231
0.46734,-0.022238,0.01798,0.52251,0.47785,1,0.73369,0.30963,0.20753,-0.16926,0.34399,0.17743,0.31779,-0.086824,-0.23322,0.0036767,0.065161,0.2693,-0.25712,0.54445,-0.17525,-0.013161,0.16896,-0.066521,0.63259,0.0018947,-0.34788,-0.10714,0.060612,-0.048557,0.58586,0.45355,0.46555,0.48713,0.19889,0.14792,0.16249,0.12047,0.3118,-0.088823,-0.16659,-0.12224,-0.0575,0.01872,0.037526,0.17781,-0.063528,0.40242,-0.023963,-0.038734,0.29177,0.40929,-0.39847,0.18156,0.50513,0.2719,0.11747,0.044627,0.43177,0.10087,-0.031209,-0.098604,0.21671,0.041383,0.28351,0.068414,-0.18216,-0.023293,0.10512,0.04799,-0.38091,-0.79878,-0.18153,-0.13627,-0.018368,-0.28533,-0.069494,0.19382,-0.10663,0.013089,0.053112,-0.022045,0.095752,0.60868,0.18949,-0.15668,-0.24302,-0.10561,-0.0039285,0.018812,-0.092319,0.15877,-0.077469,-0.19714,0.18197,-0.029889,-0.82147,0.13971,0.10535,0.14535,-0.18265,-0.026012,0.2397,-0.0021788,0.61268,0.17421,0.035585,0.46297,-0.17761,0.87952,-0.43609,-9.5511e-05,0.42223,0.24334,0.31772,0.44346,-0.028594,-0.015537,0.061606,0.059454,0.53297,0.51421,-0.37334,0.034554,-0.45064,0.54168,-0.059888,0.35662,-0.068786,0.11265,0.59926,-0.43336,0.30423,0.2853,0.01839,0.14276,0.22838,0.27931,0.1458,0.10212,0.18716,-0.63713,-0.29386,-0.051356,0.048156,0.18934,-0.11605,0.31819,-0.0076393,0.10794,-0.13702,0.012259,0.1218,0.19044,-0.014121,0.55616,0.15946,-0.1138,0.27205,0.066964,0.20167,0.38239,-0.23503,0.41794,0.083739,0.4993,0.31912,-0.18432,0.042009,-0.03125,0.031244,-0.29522,0.22732,0.17411,0.43822,-0.18915,0.18377,-0.0043553,0.23215,0.82131,-0.2659,0.052575,0.043347,0.18718,-0.06023,0.1555
0.42127,-0.064908,0.12409,0.68462,0.65535,0.73369,1,0.42095,0.45122,-0.16971,0.51637,0.26718,0.18475,0.27326,-0.15637,0.11082,0.41344,0.29355,-0.32666,0.35062,-0.33474,0.17624,0.35995,-0.039833,0.40293,0.31401,-0.22059,0.049336,0.089383,-0.20587,0.44101,0.20656,0.61469,0.46834,0.49565,0.27972,0.38189,0.29641,0.35086,0.13264,-0.13336,0.24888,-0.041457,0.26944,0.24494,0.56228,0.078876,0.47156,0.16948,0.036387,0.17724,0.10296,-0.27974,0.05337,0.37293,0.49242,0.24862,0.29354,0.45629,-0.010974,0.032816,0.013541,0.25034,0.3016,0.09561,0.15121,-0.079215,0.11146,0.46783,-0.033633,-0.24896,-0.68083,-0.053795,0.1275,0.11355,-0.19521,0.21132,0.45354,0.239,0.020941,0.31696,0.092089,0.040056,0.74702,0.10523,-0.4071,-0.041884,-0.16644,0.19752,0.26109,-0.19694,0.080618,-0.10571,-0.010367,0.42093,0.18432,-0.57121,0.13489,0.13264,0.35393,0.1947,0.28963,0.30416,0.18584,0.79793,0.019304,0.22849,0.5807,-0.2465,0.69817,-0.15374,0.12429,0.39781,-0.049259,0.70159,0.37026,-0.073212,-0.0051774,0.17371,0.16848,0.63185,0.47515,-0.30988,0.22614,-0.15504,0.40065,0.0047888,0.44184,0.10179,0.35519,0.27983,-0.33063,0.53033,0.44283,0.17767,0.056903,0.49518,0.26999,0.3337,0.13847,0.37166,-0.50896,-0.20495,0.0074065,0.22019,0.32511,0.17852,0.56676,0.095646,0.33406,0.1273,0.12962,0.3328,0.44779,0.32265,0.5653,0.3732,-0.27081,0.31803,0.43145,0.26556,0.58522,-0.072937,0.3506,0.39798,0.61025,0.29439,-0.12792,0.25784,0.21429,0.21671,-0.1917,0.26938,0.23082,0.4537,-0.057657,0.0024444,0.31826,0.26552,0.75129,-0.044482,0.0030289,0.50203,0.39065,0.18097,-0.0045527
-0.24963,0.60906,0.36897,0.52107,0.3978,0.30963,0.42095,1,0.68073,0.40164,0.42659,0.35269,0.61616,0.2765,0.58662,0.60482,0.61643,0.28825,0.3872,0.13212,-0.25665,0.2414,0.51673,0.52449,0.40576,0.43762,0.42373,0.42348,0.62005,0.13982,0.5835,0.10326,0.68121,0.43806,0.45854,0.73995,0.77206,0.69551,0.47701,0.6714,-0.19413,0.36497,0.38819,-0.07988,0.12527,0.25518,0.41827,0.51703,-0.049373,0.18706,0.043139,0.23203,-0.28888,-0.17552,0.24869,0.38387,0.38813,0.53187,0.12272,0.060938,0.46655,0.60334,0.49757,0.54351,0.43328,0.68124,0.64783,0.033789,0.39713,-0.19197,0.27359,-0.032606,0.3471,0.032879,0.73466,0.10779,0.23897,0.29459,0.67085,0.059337,0.65313,-0.10904,0.29098,0.51644,0.49705,0.14292,0.26057,0.086364,0.32829,0.76204,0.036724,0.37608,0.47887,0.55321,0.64374,0.27037,-0.19994,0.063349,0.3044,0.59791,0.015221,0.44918,0.13977,0.62555,0.43564,0.46136,0.28346,0.66062,0.2114,0.30598,0.29632,0.65169,0.56755,0.14795,0.5982,0.55414,0.17841,-0.14741,0.46467,0.64904,0.31768,0.46044,0.25513,0.75093,0.27821,0.058065,0.42917,0.21231,0.40808,0.23141,0.10711,0.20686,0.3415,0.59399,0.39706,0.12258,0.028068,0.30128,0.66503,0.46943,0.71344,-0.028187,0.53171,0.57579,0.7647,0.60128,0.49966,0.61696,0.60543,0.54196,0.61074,-0.11005,0.47997,0.25921,0.50583,0.55201,0.63732,-0.020503,0.74062,0.32494,0.18536,0.56378,-0.13682,0.054351,0.53797,0.69021,0.51628,0.46705,0.50858,0.19211,0.70561,0.28895,0.60968,0.43744,0.12674,-0.11654,0.32833,0.25508,0.14101,0.26468,0.31875,0.35584,0.41474,0.72154,0.70183,0.19787
-0.073719,0.69083,0.60353,0.55556,0.29262,0.20753,0.45122,0.68073,1,0.50876,0.2291,0.17905,0.56236,0.40184,0.34909,0.55471,0.76608,0.23575,0.2301,0.071711,-0.22003,0.11997,0.68095,0.56478,0.35756,0.65261,0.42393,0.68834,0.56645,0.15146,0.45476,-0.14994,0.61138,0.51985,0.45903,0.73763,0.79687,0.82145,0.48241,0.70446,0.043154,0.58829,0.51078,-0.029026,0.34926,0.45712,0.68957,0.49368,-0.024662,0.25232,0.19342,0.22834,0.023662,-0.06626,0.085289,0.39613,0.20206,0.62494,0.081064,0.2544,0.38001,0.68707,0.52036,0.56929,0.39389,0.70473,0.56203,-0.02316,0.3904,0.18216,0.60294,-0.0027896,0.3644,0.3219,0.59525,0.45859,0.40083,0.52225,0.82824,-0.022655,0.55407,0.08723,0.28972,0.5129,0.58665,0.11958,0.51476,-0.056184,0.57277,0.60224,0.25563,0.19929,0.44997,0.58288,0.67463,0.16089,-0.040468,0.091631,0.45401,0.80648,0.081959,0.40137,0.10825,0.78815,0.46604,0.19296,0.35369,0.7843,0.11327,0.13143,0.4352,0.71209,0.39717,0.073629,0.79051,0.47536,0.28489,-0.11656,0.3355,0.75709,0.23818,0.3427,0.18189,0.79957,0.50934,0.049264,0.27258,0.44701,0.59797,0.47268,-0.054272,0.37899,0.69335,0.79247,0.42541,0.54545,0.18107,0.092803,0.68299,0.38146,0.6742,0.085824,0.51128,0.45456,0.82146,0.76072,0.57431,0.55803,0.62262,0.34829,0.54443,0.1358,0.59274,0.29035,0.57783,0.38697,0.86233,0.11907,0.59324,0.53283,0.48941,0.63406,0.25819,0.13021,0.64867,0.61349,0.47866,0.38179,0.65616,0.4428,0.7387,0.37431,0.41192,0.61969,0.086247,-0.071967,0.32001,0.61423,0.39097,0.23267,0.48814,0.42702,0.60808,0.89023,0.7449,0.14628
-0.053154,0.67444,0.34997,0.037958,0.068405,-0.16926,-0.16971,0.40164,0.50876,1,-0.10356,0.15935,0.73518,0.2302,0.49194,0.83706,0.3787,-0.14888,0.51446,0.23471,-0.21485,0.2866,0.40349,0.55137,0.37533,0.29918,0.68326,0.4421,0.7373,0.29364,0.141,0.17107,0.41234,0.31476,0.17981,0.44796,0.61467,0.46985,0.083098,0.70995,-0.017208,0.49523,0.39675,0.13085,0.17527,0.12423,0.63033,0.23589,-0.17277,0.00090409,0.16642,0.088057,-0.02087,0.070051,0.19443,0.23306,-0.038671,0.48362,0.080411,0.10614,0.35522,0.67117,0.6285,0.43893,0.4019,0.78772,0.77416,0.10487,0.092527,0.32013,0.57435,0.40031,0.25253,0.010582,0.29503,0.36607,0.20504,0.29633,0.49054,0.064586,0.29906,0.31931,0.18274,0.18953,0.47028,0.32788,0.48102,0.049671,0.26937,0.21312,0.12372,0.010261,0.29018,0.74744,0.53374,-0.039626,0.39869,0.063569,0.21026,0.32255,-0.14633,0.29752,0.14922,0.70574,0.075752,0.20285,-0.0056971,0.46801,0.42964,0.0087466,0.44513,0.7145,0.31206,0.35443,0.27878,0.40424,0.071144,0.22589,0.07972,0.58391,-0.12199,0.33561,0.36521,0.43588,0.29906,-0.1116,0.24633,0.32862,0.28607,0.50784,0.037926,0.57921,0.27414,0.48576,0.26906,0.28965,0.016679,0.26635,0.30682,0.15103,0.27447,0.44657,0.76685,0.67682,0.56433,0.58076,0.36824,0.36245,0.49743,0.30145,0.37215,0.37437,0.5374,-0.23556,0.34859,0.12619,0.52199,0.12775,0.51861,0.13083,0.12948,-0.10725,0.14762,0.065965,0.37952,0.25439,0.47061,0.49627,0.29866,0.044252,0.68229,0.58491,0.4082,0.40063,0.096481,0.17924,0.383,0.16855,0.40694,-0.0097259,0.36153,0.4396,0.41347,0.40191,0.46145,0.11422
-0.094795,-0.12866,-0.0028359,0.35933,0.12217,0.34399,0.51637,0.42659,0.2291,-0.10356,1,0.16708,0.011491,0.084984,0.21154,0.081752,0.25329,0.40552,-0.041431,-0.096704,-0.26868,0.010311,0.17169,-0.2448,0.069133,0.001354,-0.14287,0.31055,0.08569,-0.15713,0.16522,0.2322,0.27413,-0.073474,0.37799,0.18861,-0.021176,0.085121,0.37151,0.23302,-0.23694,0.061376,-0.10322,0.057367,0.21486,0.1067,-0.096983,0.42756,0.29934,-0.0698,0.028299,-0.032586,-0.33399,0.25633,0.10591,0.18155,0.20949,0.017815,-0.11073,-0.36915,0.056971,0.16919,-0.016473,0.2733,-0.052767,-0.049984,0.080073,0.094621,0.32732,-0.14501,-0.014565,-0.47019,-0.082391,0.17007,0.10082,0.0024853,0.12846,-0.12792,0.13745,0.20373,0.29165,0.085303,0.044198,0.2184,0.041164,-0.11461,-0.32181,0.17331,-0.25901,0.19541,-0.14187,-0.11252,-0.065164,0.046074,0.054459,0.099156,-0.22097,-0.024262,-0.058492,0.038043,0.086328,-0.1123,0.30852,0.024382,0.56532,0.14212,-0.20236,0.27969,-0.097407,0.289,-0.09798,-0.095705,0.3773,-0.31313,0.36976,-0.13339,-0.18161,-0.34009,0.21531,0.091333,0.45651,0.036462,-0.13717,0.037599,0.041776,-0.071592,0.19654,-0.19426,0.10649,-0.24713,0.24823,-0.24003,0.31394,0.23986,-0.013851,-0.18695,-0.16442,-0.011509,0.20779,0.020471,0.30673,-0.34426,-0.079917,-0.051884,0.35506,-0.01422,0.16913,0.16745,0.14882,0.28449,0.055715,-0.3703,-0.19584,-0.057098,-0.0036826,0.44809,0.15792,-0.52329,0.35154,-0.049438,0.13278,0.26669,-0.099155,0.050139,0.14123,0.35346,-0.063314,0.18853,0.011434,0.20461,0.15979,-0.11354,0.30845,-0.27426,0.18248,-0.0075461,-0.076132,0.049924,-0.39187,0.25179,0.16892,-0.15139,0.26871,0.17041,0.060463,-0.15225
0.24866,0.049065,0.31167,0.34134,0.36874,0.17743,0.26718,0.35269,0.17905,0.15935,0.16708,1,0.27189,0.54749,0.29101,0.28661,0.24726,-0.082958,0.070404,0.20827,-0.13783,0.61811,0.091798,0.090777,0.29204,0.12768,0.068155,-0.00024109,0.030757,0.15555,0.064903,0.36991,0.20288,0.41164,0.13571,0.29821,0.23332,-0.013365,0.41836,0.16031,-0.1777,0.20063,0.13742,0.0084111,-0.23794,0.59548,0.39055,0.34547,-0.012694,0.32664,0.24443,0.22348,0.11803,0.057814,0.52823,0.18435,0.0090911,0.40025,0.22068,0.29142,0.35015,0.20543,0.38841,0.3258,-0.016724,0.23634,0.19331,0.08748,0.37107,-0.054606,0.079535,-0.092721,0.48841,0.36054,0.35658,-0.18361,0.20914,0.26283,0.26723,0.079625,0.29322,0.093386,0.53518,0.37689,0.3779,-0.053327,0.31164,0.17603,0.3689,0.37127,0.10507,0.1028,-0.20766,0.19935,0.31512,0.1662,0.089216,0.00095689,0.30484,0.10086,0.069973,0.178,0.59356,0.097352,0.14188,-0.085374,-0.082529,0.29106,0.13508,0.39032,0.35939,0.38347,0.13219,0.37765,0.38747,0.3687,-0.3998,0.20444,0.30306,0.013436,0.61362,0.52935,0.029346,0.22996,0.087359,0.37878,0.20005,0.035256,0.22265,0.23881,0.45063,0.18283,0.18883,0.040469,0.18829,-0.11648,-0.012525,0.1002,0.29639,0.25952,0.30606,-0.0059077,0.081293,0.40703,0.077996,0.37177,0.46955,0.34972,0.1307,0.73313,0.35291,0.17243,0.31411,0.22124,0.4527,0.38691,0.29964,-0.061647,0.027257,0.31427,0.29575,0.32405,-0.015932,0.26674,0.4109,0.3656,0.28098,0.10955,0.11037,0.19558,0.29827,-0.12416,-0.057059,0.4569,0.21953,0.14689,0.12345,0.20199,0.21174,0.43848,-0.10088,0.36952,0.35854,0.28622,0.12587,0.025682
0.11169,0.74416,0.41405,0.39354,0.30525,0.31779,0.18475,0.61616,0.56236,0.73518,0.011491,0.27189,1,0.10813,0.34755,0.62182,0.42691,-0.077931,0.29746,0.54283,-0.24584,0.41018,0.47748,0.4382,0.68653,0.43924,0.32919,0.25472,0.67205,0.093405,0.42558,0.44416,0.70662,0.63923,0.11009,0.58817,0.7624,0.62318,0.25401,0.52104,-0.017543,0.37575,0.34595,0.24297,0.1424,0.15183,0.55018,0.25434,-0.13887,0.12163,0.26692,0.37622,-0.13305,-0.032968,0.56167,0.33039,0.26118,0.41095,0.39897,0.16503,0.38796,0.50024,0.75951,0.42102,0.59735,0.73272,0.6533,0.23105,0.31686,0.10358,0.29632,0.05729,0.2943,-0.17852,0.43448,0.11065,0.26584,0.34888,0.43144,-0.042071,0.39146,0.15519,0.16154,0.39263,0.53043,0.19977,0.49151,-0.14932,0.22925,0.40049,0.20012,0.12948,0.30241,0.59729,0.73165,-0.28948,-0.058601,0.30987,0.40017,0.41356,-0.38803,0.42211,0.24714,0.71478,0.32783,0.44866,0.23067,0.69381,0.49136,0.3874,0.31358,0.70471,0.47695,0.4662,0.48664,0.63167,0.034405,0.074353,0.35368,0.63691,0.066499,0.58579,0.048434,0.5361,0.14729,0.18205,0.35676,0.52232,0.12856,0.4665,0.39685,0.36946,0.43903,0.58144,0.42625,0.3562,0.16768,0.39558,0.59122,0.47808,0.58478,0.1939,0.5654,0.66953,0.59328,0.72214,0.33425,0.51775,0.53148,0.42679,0.32982,0.22022,0.61873,-0.087296,0.41003,0.38161,0.57847,0.1578,0.6334,0.28906,0.044726,0.13543,0.049091,0.31281,0.44769,0.5816,0.59224,0.25822,0.44964,-0.08237,0.75932,0.23534,0.56662,0.52949,0.40009,-0.073491,0.45754,0.22132,0.49993,0.34777,0.12184,0.5393,0.37431,0.55059,0.4538,0.16255
0.23365,0.033622,0.43838,0.35738,0.15572,-0.086824,0.27326,0.2765,0.40184,0.2302,0.084984,0.54749,0.10813,1,0.30008,0.2904,0.6345,-0.041379,0.10869,0.06891,0.031863,0.46012,0.44193,0.17217,0.085199,0.44629,0.30515,0.3726,0.13509,0.24448,0.079282,-0.047413,0.25954,0.33476,0.21047,0.32557,0.35311,0.13701,0.16993,0.43843,0.069235,0.44129,0.16424,0.043685,0.13719,0.85481,0.68163,0.46804,0.14699,0.1701,0.55068,-0.0081752,0.41091,0.18123,0.16308,0.20813,0.28218,0.69218,0.22876,0.2724,0.32693,0.35586,0.35189,0.48102,0.21898,0.25416,0.3536,0.19774,0.36048,-0.032373,0.28372,0.21992,0.41207,0.44568,0.4132,-0.067635,0.54824,0.43968,0.61038,-0.18561,0.44132,0.24878,0.45396,0.28347,0.22706,0.0267,0.25166,0.021593,0.28604,0.44405,0.037267,0.34557,-0.12435,0.43415,0.22961,0.22385,0.28805,0.21508,0.31519,0.46921,0.31514,0.53621,0.41902,0.25409,0.21614,-0.25867,0.20359,0.26906,-0.15798,0.077997,0.3146,0.44707,0.263,0.22324,0.42878,0.31423,-0.08413,0.15555,0.2775,-0.020676,0.48905,0.36097,0.13767,0.31495,0.35306,0.30181,0.14079,0.22729,0.37813,0.30421,-0.11138,0.31844,0.25656,0.35934,0.45086,-0.13396,0.3405,0.27507,0.3874,0.29121,0.2645,0.21988,0.12954,0.25143,0.24486,0.2873,0.52602,0.35925,0.21463,0.70393,0.67035,0.074952,0.41263,0.16774,0.49802,0.20505,0.33777,-0.12269,0.18131,0.54965,0.31952,0.42506,0.43389,0.23897,0.68185,0.40222,0.24658,0.2769,0.40637,0.1263,0.17721,0.078493,0.072068,0.32014,0.18777,0.2247,0.018737,0.46174,0.36882,0.25855,0.22962,0.45294,0.6289,0.31954,0.46417,-0.42856
-0.55325,0.46606,0.11035,0.12526,-0.10744,-0.23322,-0.15637,0.58662,0.34909,0.49194,0.21154,0.29101,0.34755,0.30008,1,0.57168,0.37241,0.043195,0.81797,-0.18579,0.0079126,-0.0010423,0.35529,0.4561,-0.1101,0.21565,0.7715,0.46999,0.45142,0.080755,0.053688,0.13338,0.24559,0.026274,0.19416,0.52017,0.46403,0.38268,0.052078,0.65269,-0.37442,0.20369,0.46636,-0.30516,-0.14717,0.18546,0.35868,0.24352,-0.16256,0.18965,-0.035004,0.15549,-0.015327,-0.22043,0.10443,0.12979,0.21772,0.24656,-0.28213,0.27829,0.25125,0.67523,0.40835,0.25772,0.25008,0.39058,0.59637,0.10153,0.098224,-0.16567,0.3126,0.47474,0.26387,-0.07481,0.54338,0.30564,-0.013445,0.037139,0.53158,0.059692,0.46491,-0.087822,0.41435,-0.03832,0.50473,0.32312,0.27322,0.34679,0.25573,0.56171,0.17361,0.086848,0.50971,0.56124,0.29729,0.073058,0.21733,-0.31998,0.21545,0.2215,-0.021521,0.2062,0.20695,0.37921,-0.11896,0.47033,-0.032174,0.25526,0.029065,-0.083651,0.57565,0.52736,0.38913,0.10665,0.10907,0.29475,-0.15813,-0.24158,0.1379,0.42369,-0.12996,-0.039614,0.71511,0.45754,0.426,-0.19002,0.20135,-0.11066,0.50656,0.076298,-0.030615,0.38552,0.019517,0.22832,0.20823,-0.1179,-0.17897,0.13621,0.54449,0.41704,0.39578,0.20783,0.69514,0.47214,0.56333,0.15232,0.40221,0.15102,0.7203,0.50274,0.6472,-0.009666,0.24936,0.12909,0.17962,0.40698,0.41078,0.032271,0.48216,-0.016685,0.13166,0.25825,-0.1119,-0.23823,0.35806,0.25731,0.041966,0.86132,0.47222,0.032132,0.52275,0.57027,0.33573,0.12446,-0.26023,0.31134,0.42764,-0.088199,-0.01596,-0.24968,0.56967,0.28754,0.1453,0.40812,0.51495,0.043213
-0.1454,0.54527,0.29801,0.13275,0.27701,0.0036767,0.11082,0.60482,0.55471,0.83706,0.081752,0.28661,0.62182,0.2904,0.57168,1,0.49029,0.08905,0.58876,0.10176,-0.34204,0.28308,0.55144,0.70814,0.30439,0.35044,0.68371,0.33211,0.69445,0.4005,0.29397,0.14565,0.51979,0.36271,0.41765,0.45142,0.6898,0.55861,0.27814,0.80921,-0.02036,0.55287,0.55728,-0.035552,0.16635,0.22648,0.59961,0.3431,-0.2377,0.16134,0.011962,0.18435,-0.16943,-0.06713,0.10477,0.55381,-0.072676,0.55247,0.040911,0.17811,0.29653,0.7352,0.64632,0.595,0.21289,0.88585,0.65325,0.054056,0.20807,0.099147,0.48267,0.23442,0.32112,0.18026,0.32862,0.36587,0.20681,0.3121,0.59939,0.25574,0.53982,0.25652,0.32065,0.43162,0.64217,0.082708,0.40833,0.14147,0.45343,0.4409,-0.015086,0.10085,0.37684,0.61275,0.63855,0.28958,0.19808,-0.053224,0.22475,0.44537,0.0258,0.4167,0.17266,0.676,0.2291,0.21857,-0.031145,0.50734,0.2393,0.21143,0.48147,0.67879,0.42279,0.31935,0.36717,0.40673,0.048153,0.14965,-0.0082986,0.65984,0.10851,0.34946,0.49483,0.57881,0.26382,-0.11129,0.12835,0.25335,0.42538,0.49931,-0.047468,0.43088,0.38201,0.57048,0.32506,0.24507,0.13849,0.22579,0.39975,0.14541,0.26445,0.27941,0.76537,0.74039,0.60491,0.56927,0.50136,0.57223,0.57428,0.45754,0.53976,0.34081,0.59126,-0.02678,0.47992,0.32357,0.63167,0.083981,0.67569,0.15428,0.29101,0.12808,0.050822,-0.068965,0.41485,0.35983,0.52437,0.60571,0.49568,0.22711,0.70042,0.54666,0.51213,0.37537,0.041938,0.22798,0.51479,0.055276,0.32852,0.13344,0.2658,0.24663,0.40401,0.55381,0.56745,0.2846
-0.14189,0.34443,0.68574,0.53074,0.19199,0.065161,0.41344,0.61643,0.76608,0.3787,0.25329,0.24726,0.42691,0.6345,0.37241,0.49029,1,0.42444,0.23251,-0.024612,-0.14623,0.31259,0.80783,0.55993,0.3214,0.61243,0.37836,0.54997,0.41203,0.039415,0.39012,-0.13743,0.56769,0.5169,0.26402,0.68628,0.68177,0.63373,0.40171,0.65896,0.17191,0.74074,0.3607,-0.13495,0.29856,0.55326,0.7059,0.43179,0.18843,0.34355,0.35304,0.17388,0.059178,-0.059703,-0.025824,0.42922,0.44157,0.8034,0.0401,0.20151,0.45397,0.57773,0.43651,0.77967,0.26412,0.58807,0.49849,0.2875,0.55346,-0.26619,0.59426,0.16279,0.55398,0.38252,0.5218,0.24065,0.69556,0.49232,0.84428,-0.11975,0.68756,0.17659,0.47473,0.35369,0.53076,0.051373,0.41653,0.0051182,0.4533,0.59816,0.060703,0.45115,0.15673,0.46103,0.51646,0.31027,0.1476,0.11259,0.46781,0.75517,0.18269,0.61814,0.12983,0.69222,0.41046,-0.092952,0.52178,0.64337,0.17757,0.099276,0.46324,0.54421,0.34406,0.12843,0.63421,0.41872,0.090797,-0.12284,0.28278,0.50131,0.28402,0.39433,0.070872,0.61471,0.42575,0.046569,0.27158,0.49139,0.55345,0.45153,-0.30096,0.18922,0.65972,0.70053,0.6168,0.22341,0.38996,0.26154,0.73485,0.52726,0.55967,0.34921,0.46635,0.39258,0.66859,0.61779,0.69997,0.67359,0.60586,0.55212,0.72372,0.12513,0.69332,0.1964,0.6652,0.24188,0.79028,0.08182,0.51892,0.60962,0.38682,0.67925,0.26649,0.18427,0.78859,0.49286,0.50725,0.35994,0.68596,0.22098,0.60322,0.34614,0.29805,0.53029,0.19514,0.20909,0.35073,0.37838,0.39737,0.22848,0.40885,0.40098,0.64049,0.77024,0.87179,0.0012551
-0.26241,-0.088277,0.44778,0.31485,0.042878,0.2693,0.29355,0.28825,0.23575,-0.14888,0.40552,-0.082958,-0.077931,-0.041379,0.043195,0.08905,0.42444,1,-0.034314,-0.27676,0.11502,-0.31718,0.22395,0.3296,0.09644,0.215,-0.12927,0.3094,-0.078096,-0.051481,0.33035,-0.25766,0.043297,0.14822,0.22896,0.14482,0.094562,0.16447,0.2122,0.095352,0.037731,0.43709,0.23062,-0.5402,0.25565,-0.12766,-0.077617,0.43244,-0.044319,0.40866,0.071201,0.049402,-0.24071,0.040562,-0.29226,0.29766,-0.070197,0.31455,-0.34845,0.0056126,-0.1035,0.1801,-0.26717,0.28728,-0.0079673,0.11301,-0.18029,0.096861,0.24056,-0.22444,0.17914,-0.28543,0.030219,0.16862,-0.059585,0.26959,0.024709,0.054528,0.33377,0.078805,0.31758,0.099722,0.29098,-0.080999,0.27069,-0.14057,-0.11373,0.15191,0.25679,0.029505,-0.18984,0.18648,0.05506,-0.24612,-0.072696,0.46875,-0.30436,-0.23645,0.16961,0.33613,0.19147,0.079434,-0.15214,0.14923,0.23806,-0.18149,0.28273,0.15245,0.17591,0.26211,0.063119,-0.22236,0.25123,0.13094,0.10198,0.0090506,0.022304,-0.23623,-0.0771,0.24713,0.28139,0.0010885,-0.10713,0.20134,0.11135,-0.083274,-0.037927,-0.030292,0.31346,-0.10873,-0.31008,-0.52172,0.31771,0.27826,0.11937,0.054092,0.16299,-0.026065,0.20261,0.076712,0.23096,-0.014673,-0.069847,-0.090051,0.16648,-0.017934,0.40465,0.15725,0.25596,-0.090524,0.16844,-0.1788,0.0049286,0.015292,0.27446,0.13763,0.271,-0.11606,0.22131,-0.045462,0.14908,0.45027,-0.1649,0.012963,0.17802,0.0045499,0.13527,0.11271,0.21373,0.20468,0.034528,0.056576,0.018099,0.21108,-0.042497,0.33278,0.12717,-0.15242,-0.050762,0.12684,0.09247,-0.26902,0.0070161,0.35051,0.34237,0.34541
-0.52886,0.34928,-0.076176,-0.13239,-0.18517,-0.25712,-0.32666,0.3872,0.2301,0.51446,-0.041431,0.070404,0.29746,0.10869,0.81797,0.58876,0.23251,-0.034314,1,-0.27527,0.035496,-0.021742,0.34904,0.57607,-0.068835,0.079686,0.83262,0.27494,0.43444,0.24291,0.0068401,-0.025829,0.026974,0.060175,0.02398,0.43222,0.35636,0.25329,0.024371,0.62136,-0.096248,0.11319,0.56104,-0.40515,-0.32676,0.019249,0.34957,0.043022,-0.1849,0.17281,0.045745,0.061396,-0.21972,-0.2982,-0.041595,0.0995,0.079617,0.13738,-0.30201,0.21185,0.32844,0.63843,0.4365,0.22076,0.22612,0.37316,0.47027,0.18065,-0.20785,-0.25853,0.36253,0.55009,0.12538,-0.076221,0.41125,0.47022,-0.031019,-0.075474,0.40675,0.12496,0.17403,-0.10378,0.38189,-0.089051,0.48248,0.56724,0.17043,0.36319,0.29509,0.4881,0.2377,0.10355,0.49973,0.48339,0.14435,0.0086838,0.29348,-0.16467,0.28376,0.23695,-0.2459,-0.010289,-0.12636,0.34522,-0.37017,0.33099,-0.14989,0.20374,-0.064863,-0.14058,0.40173,0.43715,0.12372,0.22005,-0.078433,0.1543,-0.054045,-0.32368,-0.13304,0.339,-0.28663,-0.081627,0.84714,0.34512,0.28754,-0.34674,0.047486,-0.067858,0.32181,0.11908,-0.15338,0.38505,-0.049374,0.27055,0.035899,0.072674,-0.27424,0.0049665,0.37848,0.26565,0.12737,0.14695,0.7327,0.52842,0.42909,0.17946,0.15909,0.093566,0.65939,0.29364,0.51765,0.14082,0.24271,0.13483,0.12415,0.27229,0.36142,0.4026,0.31029,-0.23943,0.16709,0.067849,-0.23825,-0.22441,0.27766,-0.00019626,0.094848,0.87688,0.36077,-0.14523,0.35244,0.65867,0.17196,0.02661,-0.13957,0.29078,0.36536,-0.13042,0.039461,-0.27651,0.38527,0.14896,0.064447,0.25669,0.48411,0.20711
0.68125,0.15043,0.055807,0.39217,0.56003,0.54445,0.35062,0.13212,0.071711,0.23471,-0.096704,0.20827,0.54283,0.06891,-0.18579,0.10176,-0.024612,-0.27676,-0.27527,1,-0.17798,0.37496,-0.053178,-0.075871,0.69084,0.019738,-0.16813,-0.23471,0.35906,-0.20129,0.43938,0.64158,0.49273,0.45209,0.24692,0.035058,0.28546,0.12828,-0.11292,-0.11471,-0.076115,0.032687,-0.38831,0.52708,0.23731,0.25037,0.037325,0.1611,-0.23022,-0.28607,0.40601,0.2926,-0.15312,0.15963,0.70487,0.026719,0.084505,0.11146,0.74711,0.059116,0.13817,-0.21786,0.30461,-0.13662,0.3875,0.20125,0.13392,0.20829,0.038013,0.26772,-0.39272,-0.29849,-0.11902,-0.44823,0.06528,-0.57116,-0.11601,0.3837,-0.17679,-0.35025,-0.067301,-0.065734,-0.23889,0.40877,-0.065975,0.031597,-0.048216,-0.53309,-0.19092,-0.15066,-0.14808,0.058705,-0.31164,0.087127,0.22822,-0.23286,-0.44066,0.34665,-0.22252,-0.10353,0.047907,0.15998,0.36484,0.069623,0.31992,0.34591,-0.075002,0.44257,0.18099,0.58526,-0.30776,0.2376,0.32205,0.37491,0.22603,0.56845,-0.2746,0.33089,0.18819,-0.0078161,0.111,0.68406,-0.39529,0.020465,-0.44574,0.71932,0.12852,0.54914,-0.37562,0.36288,0.61883,-0.17693,0.023204,0.053979,0.33293,-0.028423,0.31526,0.46024,-0.010371,0.084584,0.064008,-0.13857,-0.13375,0.072018,-0.068345,0.23817,-0.19526,0.36046,-0.06819,0.30382,-0.22318,0.20159,0.29085,-0.037027,-0.080747,0.1226,-0.067778,-0.23729,0.24865,0.21674,-0.033287,-0.11155,0.01553,0.59618,0.035976,0.367,0.45801,-0.31493,-0.079316,-0.074684,0.22318,-0.22691,0.30043,0.21102,0.42514,-0.24426,0.16066,0.04112,0.6249,0.61091,-0.30674,0.4712,0.11489,-0.011718,-0.19787,-0.28268
0.02761,-0.046583,0.11927,0.0065367,-0.48002,-0.17525,-0.33474,-0.25665,-0.22003,-0.21485,-0.26868,-0.13783,-0.24584,0.031863,0.0079126,-0.34204,-0.14623,0.11502,0.035496,-0.17798,1,-0.26099,-0.10023,0.044481,-0.07185,0.12794,-0.060051,-0.14468,-0.47777,0.092733,0.015693,-0.31058,-0.28326,0.12701,-0.28707,0.02691,-0.18421,-0.16742,-0.014394,-0.34559,0.17785,-0.21101,0.14845,-0.40874,-0.14161,-0.094,-0.12066,0.23888,-0.39492,-0.16341,0.23146,-0.066442,0.22981,-0.15377,0.086485,0.017887,-0.1053,-0.11426,0.11763,-0.023435,-0.20553,-0.11537,-0.17501,-0.39458,0.33711,-0.36856,-0.35119,-0.12219,-0.094966,0.11562,0.0078935,0.16375,-0.3167,-0.046387,-0.068639,-0.076235,-0.099277,-0.040338,-0.048744,-0.43292,-0.30042,0.10433,0.1136,-0.43525,-0.12853,0.16463,-0.097156,-0.11286,-0.14754,-0.14711,-0.20904,0.28828,0.07805,-0.18703,-0.31589,-0.11782,0.16754,-0.12893,0.12033,0.11171,-0.094054,-0.17043,-0.10574,-0.17213,-0.31853,-0.25178,0.23733,-0.2857,-0.078738,-0.092811,-0.21677,-0.11863,-0.2243,0.42317,-0.39231,-0.040904,-0.0026854,-0.46803,-0.30001,-0.091957,-0.032855,-0.10142,-0.10123,0.0016109,-0.12977,0.018553,-0.47144,0.0036811,-0.038315,-0.23426,-0.16186,-0.054867,-0.3891,-0.2133,-0.066049,0.04598,-0.040437,0.036228,0.0021954,0.039692,-0.11587,0.17853,-0.23676,-0.25645,-0.21,-0.29969,-0.1652,-0.604,-0.11122,-0.18882,0.076903,-0.026994,-0.32166,-0.0033463,-0.11203,-0.24316,-0.26013,0.18901,-0.35012,-0.15974,-0.056847,0.10014,-0.13923,0.12585,-0.097611,-0.015874,-0.083345,0.0061162,-0.063271,-0.18165,-0.30268,-0.08038,-0.49227,-0.12128,-0.13057,0.29086,-0.13664,-0.22091,0.041919,-0.13391,0.011401,0.050497,-0.27797,-0.1174,-0.1447,0.017849
0.44181,0.031393,0.18397,0.13169,0.34934,-0.013161,0.17624,0.2414,0.11997,0.2866,0.010311,0.61811,0.41018,0.46012,-0.0010423,0.28308,0.31259,-0.31718,-0.021742,0.37496,-0.26099,1,0.25564,0.013473,0.36553,0.14103,0.016604,-0.20813,0.27041,-0.0029406,0.16741,0.25761,0.34988,0.35614,0.13024,0.26325,0.29474,0.11588,0.27444,0.19038,0.33461,0.32806,-0.12149,0.4503,-0.019836,0.49963,0.48567,0.094476,0.0051009,-0.013014,0.30476,0.1177,0.0093135,-0.10004,0.44291,0.12576,0.14262,0.47448,0.5482,-0.099617,0.63216,0.10081,0.4962,0.5125,0.12719,0.2898,0.34725,0.46646,0.40698,-0.11155,0.10722,0.025467,0.47994,0.27937,0.34945,-0.31833,0.56407,0.33845,0.2122,0.078326,0.20707,0.1999,0.16273,0.34385,0.04122,0.065289,0.36319,-0.10775,0.066773,0.32199,-0.0014197,0.24858,-0.36036,0.26062,0.37025,0.020091,0.31502,0.53819,0.11825,0.1659,0.036587,0.29981,0.27651,0.34142,0.12139,-0.11076,0.017422,0.40256,0.32197,0.12555,0.19739,0.42461,0.011825,0.28671,0.33519,0.26503,-0.37352,0.18326,0.42601,0.0063054,0.32723,0.58661,-0.15461,0.18292,0.0084254,0.3488,0.41998,0.34356,-0.22695,0.4056,0.25977,0.23152,0.20665,0.20274,0.29918,0.054956,0.17463,0.11751,0.18539,0.11846,0.18789,0.2679,0.1811,0.56918,0.13805,0.55509,0.3015,0.49093,0.0043412,0.72811,0.24613,0.21408,0.44957,-0.073277,0.50378,0.10487,0.22208,0.031442,0.14556,0.50502,0.12758,-0.0077519,0.13864,0.24802,0.38516,0.24738,0.37132,-0.092626,0.08071,0.068319,0.39933,-0.17028,0.18523,0.2816,0.43681,-0.11566,0.0039652,0.31018,0.26254,0.35985,-0.38565,0.29541,0.53515,0.11639,0.155,-0.27533
-0.085292,0.40332,0.42286,0.29127,-0.0073237,0.16896,0.35995,0.51673,0.68095,0.40349,0.17169,0.091798,0.47748,0.44193,0.35529,0.55144,0.80783,0.22395,0.34904,-0.053178,-0.10023,0.25564,1,0.51443,0.29107,0.45277,0.43291,0.36937,0.36846,0.16032,0.44996,-0.011924,0.66262,0.44459,0.15514,0.67167,0.61906,0.66275,0.48773,0.67294,0.22416,0.43111,0.49735,-0.16318,0.17693,0.45284,0.74643,0.36801,0.039022,0.11387,0.17582,0.44309,0.060134,-0.18979,0.011096,0.57191,0.39232,0.62849,0.13926,0.26882,0.30576,0.6193,0.61837,0.77741,0.35869,0.56588,0.44232,0.117,0.43939,-0.12915,0.53241,0.057527,0.45186,0.36979,0.39172,0.23919,0.72808,0.40282,0.66821,0.10223,0.64572,0.25951,0.54569,0.46329,0.62942,-0.023236,0.46667,0.12057,0.3305,0.57538,0.11308,0.50787,0.38271,0.38455,0.58291,0.1928,0.11464,0.095766,0.4466,0.72866,-0.072995,0.52805,0.022531,0.7406,0.44456,-0.032647,0.46065,0.57674,-0.04715,0.15191,0.36281,0.5698,0.32275,0.11583,0.4125,0.36539,0.16086,-0.26596,0.16215,0.54759,0.20418,0.29839,0.14608,0.53659,0.28594,0.025112,0.083571,0.57742,0.52673,0.47294,-0.16113,0.34442,0.63719,0.74329,0.38646,0.47322,0.43113,0.24213,0.69212,0.35927,0.39161,0.25783,0.56114,0.47661,0.68143,0.59503,0.5382,0.52111,0.58845,0.44457,0.69749,0.25376,0.62592,0.061435,0.49526,0.36545,0.7599,0.19403,0.59058,0.55662,0.44211,0.58499,0.24191,-0.048136,0.57772,0.533,0.3906,0.47298,0.75196,0.091027,0.56738,0.29341,0.39245,0.33521,0.093929,0.081894,0.53249,0.16853,0.22268,0.24537,0.26162,0.1994,0.46825,0.66498,0.73586,0.11883
-0.38012,0.56693,0.54494,0.15228,0.13203,-0.066521,-0.039833,0.52449,0.56478,0.55137,-0.2448,0.090777,0.4382,0.17217,0.4561,0.70814,0.55993,0.3296,0.57607,-0.075871,0.044481,0.013473,0.51443,1,0.29475,0.4325,0.63115,0.2477,0.4614,0.35191,0.34147,-0.20168,0.31012,0.50766,0.23585,0.55909,0.67482,0.59942,0.34603,0.60346,0.12683,0.51292,0.68309,-0.42469,0.074925,0.074284,0.48071,0.20029,-0.31534,0.39256,0.024177,0.21087,-0.061637,-0.26808,-0.13481,0.50293,-0.060346,0.52756,-0.10604,0.33098,0.25811,0.61573,0.34306,0.37612,0.19239,0.78727,0.40823,-0.068837,0.026966,-0.15549,0.59534,0.433,0.3333,0.1271,0.38476,0.43946,0.13799,0.2575,0.66407,-0.15143,0.39889,-0.10065,0.40681,0.22718,0.71732,0.24035,0.42065,-0.084618,0.64131,0.48847,0.021768,0.36675,0.52478,0.42004,0.44366,0.40807,0.11797,-0.20649,0.38156,0.61568,0.090269,0.37388,-0.18148,0.57898,-0.090538,0.10748,0.26073,0.38558,0.2192,0.056981,0.43328,0.52218,0.076691,0.38759,0.23471,0.36244,0.24571,-0.13473,-0.13291,0.69795,-0.11197,0.28392,0.42689,0.74528,0.25812,-0.19456,-0.10763,0.32799,0.56044,0.3967,-0.341,0.31204,0.24483,0.48146,0.48156,0.418,0.15492,0.084691,0.47487,0.30062,0.28172,0.4092,0.68107,0.46094,0.45675,0.49219,0.44634,0.4346,0.68103,0.21556,0.59001,0.308,0.54668,0.22762,0.4833,-0.019952,0.63398,0.40322,0.4137,0.11916,0.38761,0.38277,-0.04847,0.038922,0.35334,0.2079,0.61282,0.50761,0.58371,0.21082,0.54417,0.50848,0.12692,0.5297,-0.11404,0.1876,0.50738,-0.0039534,0.48835,-0.04785,0.32546,0.32787,0.14318,0.69909,0.71588,0.52123
0.43896,0.2922,0.39287,0.52687,0.47267,0.63259,0.40293,0.40576,0.35756,0.37533,0.069133,0.29204,0.68653,0.085199,-0.1101,0.30439,0.3214,0.09644,-0.068835,0.69084,-0.07185,0.36553,0.29107,0.29475,1,0.13371,-0.035112,-0.052711,0.31057,0.087485,0.60049,0.46333,0.52493,0.7833,0.10042,0.44325,0.43639,0.27667,0.42346,0.099168,0.079137,0.16988,-0.042089,0.1189,0.16332,0.19825,0.26488,0.41734,-0.030229,-0.065691,0.48939,0.31,-0.36643,0.10453,0.56474,0.30995,0.24262,0.34239,0.56496,0.027337,0.30517,0.031261,0.43917,0.24142,0.44416,0.44831,0.19853,0.076543,0.19684,0.039248,0.10502,-0.29722,0.061402,-0.14192,0.23676,-0.28843,0.20899,0.41617,0.095146,-0.32322,0.091525,0.023038,0.19391,0.52214,0.31858,0.18157,0.013837,-0.30512,0.035656,0.11295,-0.045592,0.3141,-0.14477,0.18131,0.37299,-0.046466,-0.25921,0.28567,0.16559,0.25457,-0.18121,0.15796,0.16452,0.35735,0.458,0.056035,0.18515,0.62974,0.34502,0.66375,-0.23854,0.38982,0.16744,0.54417,0.40217,0.56689,0.016526,0.030096,0.11198,0.24046,0.35679,0.90314,-0.39583,0.22945,-0.35905,0.44084,0.089742,0.67621,-0.095748,0.47035,0.45684,-0.074152,0.31831,0.32252,0.31935,0.22256,0.16049,0.53833,0.30157,0.26412,0.2275,-0.08688,0.065059,0.25562,0.21813,0.58411,0.076081,0.52866,0.14919,0.25506,-0.0057925,0.3327,0.48543,0.071591,0.17718,0.16599,0.3199,0.04207,0.2316,0.2437,0.12535,0.20922,-0.1394,0.74512,0.34071,0.53474,0.82832,-0.13672,0.012262,-0.1386,0.36641,-0.040738,0.11438,0.42482,0.55486,-0.12733,0.2478,0.075551,0.61503,0.74272,-0.157,0.5354,0.25269,0.34379,0.18243,0.21962
