1,-0.21386,0.3135,0.67014,0.5697,0.6553,-0.045581,0.2108,0.70418,0.24126,0.40053,0.15866,-0.13336,0.58063,0.10855,0.24975,0.28055,-0.23034,-0.15751,0.37268,-0.027375,-0.26664,0.18789,0.6741,0.18601,0.32269,0.2266,-0.2187,0.56817,0.26961,NaN,-0.30477,-0.42335,-0.19659,-0.10663,0.27707,0.50361,0.60241,0.72127,0.31521,-0.18538,0.21547,-0.0042674,0.23585,-0.2052,0.25417,-0.1598,-0.031745,0.33052,0.16698,0.59311,0.12205,0.65317,0.38218,-0.11617,0.23357,0.49518,NaN,0.55445,-0.16691,0.43798,0.67196,0.5094,0.24839,0.13716,0.74712,0.1891,-0.010671,0.012213,-0.37554,0.28903,0.064466,-0.079984,0.18774,-0.35911,0.11198,0.32463,0.41051,0.077666,-0.15212,-0.28894,-0.17689,0.21174,0.22954,-0.0047885,-0.2809,0.18242,0.29435,0.027536,0.25565,0.16464,0.14743,0.63193,0.44236,-0.084166,-0.24479,0.090263,-0.39409,0.31155,0.11758,0.17025,0.14033,-0.061819,0.28813,-0.162,0.1622,-0.34272,0.090051,-0.030093,-0.11323,0.55588,-0.18947,-0.04552,0.092942,0.097522,0.32654,0.49253,0.034896,0.55836,0.16478,-0.047548,0.26102,0.47825,0.87729,-0.17147,-0.11907,0.13165,0.36661,0.48872,0.54373,0.16802,-0.19023,-0.051011,0.3098,-0.34587,0.59607,0.57909,-0.40046,0.19031,-0.19417,0.043376,0.79481,-0.015218,0.5128,-0.0049487,0.58225,0.58666,-0.18335,0.14628,0.20192,0.34129,0.08217,0.54454,0.36699,0.22993,0.0084308,-0.22014,-0.58769,-0.2583,0.21148,0.24259,0.044475,0.5049,0.053017,0.35093,-0.11937,0.45461,0.26903,0.45718,0.35978,0.11758,-0.22298,0.25354,0.23898,0.025182,-0.21987,0.48324,-0.11169,0.63788,0.27245,0.60615,0.52614,-0.27116,0.27708,0.36326,0.31503,-0.068153,-0.61136,0.19343,0.18959,0.57091,0.27313,0.22238,0.48192,0.80759,-0.48357,-0.082981,0.27144,0.39424,-0.051012
-0.21386,1,0.11446,0.091348,-0.078083,-0.099826,0.034394,0.33878,-0.12917,0.10684,0.31723,0.21143,0.37743,-0.090904,-0.078425,0.51486,-0.14944,0.27932,0.26475,0.0028868,0.25118,0.19033,-0.21393,0.2048,0.096074,-0.12459,0.039238,0.15473,0.25948,0.065712,NaN,0.060694,0.10011,0.56857,0.098186,0.23149,0.21252,0.16116,0.16437,-0.22218,0.46011,0.49163,0.29922,0.19743,0.30445,-0.033489,-0.062415,-0.18645,0.0072099,-0.34802,-0.231,0.40054,-0.27496,0.1139,-0.087866,-0.062903,0.011661,NaN,0.1617,0.01997,0.093881,0.17984,0.26185,-0.0765,0.050554,0.01092,-0.25718,0.17329,0.33848,0.33856,0.15195,-0.081375,0.26802,0.16261,0.33472,-0.21403,0.24062,0.20939,0.3367,0.22153,0.20937,-0.12818,-0.11428,-0.029283,0.22319,0.40527,0.030407,-0.013431,0.36715,-0.19856,0.45645,-0.043146,-0.11675,0.21096,0.40481,0.22413,-0.071487,0.044944,-0.0050559,0.23566,0.021782,-0.17061,0.25541,-0.27961,0.37527,-0.049222,0.29123,0.68774,-0.039064,0.18242,-0.050353,0.0036641,0.15874,0.37297,-0.32546,0.26725,0.13339,0.56965,0.066727,0.36193,0.42514,0.3441,0.28021,-0.034629,0.0424,-0.0075736,0.52231,0.056067,0.17689,0.1985,-0.22263,0.27602,0.0729,-0.16043,0.64519,-0.13698,0.12338,0.11514,0.39574,0.15351,-0.37426,-0.21773,0.53769,0.13691,0.12776,0.10108,0.093595,0.26084,0.30794,0.28911,-0.14656,-0.44176,0.30206,0.47247,0.51499,0.49064,0.28245,0.44102,0.22418,0.32658,0.58979,0.27437,-0.053417,0.38127,-0.23377,-0.022161,0.27685,-0.30759,0.2161,0.11232,0.51175,0.39568,0.36363,-0.13742,-0.14725,0.49886,-0.3174,0.13184,-0.17294,0.053536,0.20807,0.1961,0.17955,0.21912,-0.056205,-0.19251,0.53912,0.45457,0.21594,0.28209,0.1159,0.40285,-0.12502,6.428e-05,-0.18842,0.20878,0.025041,0.13659,0.18732,0.33454
0.3135,0.11446,1,0.26452,0.071472,0.11221,0.44328,0.40198,0.19338,0.11743,0.44835,0.13824,0.20666,0.04806,0.12486,0.28118,0.027236,-0.02563,-0.055547,0.41758,0.19243,-0.19658,0.14959,0.32619,0.24353,0.26037,-0.08956,-0.21406,0.54974,0.028576,NaN,-0.1707,0.09814,0.25956,-0.4479,0.21627,0.26609,0.38439,0.40331,0.080948,0.16789,-0.033567,0.00041754,0.51864,0.267,-0.038997,-0.38689,0.12598,0.24586,0.20147,0.22386,0.27637,0.38239,0.14814,0.12942,0.1903,0.46536,NaN,0.27136,-0.039279,0.019091,0.26566,0.27598,-0.17321,0.30967,0.41265,-0.14832,0.12181,-0.0043589,-0.065397,0.073027,-0.10106,-0.076709,0.48018,0.17552,-0.22466,0.3443,0.13452,0.043893,0.31306,-0.25493,-0.0018621,-0.074068,0.20422,0.35773,-0.17992,0.08529,0.17861,0.42872,-0.02513,0.22089,0.16263,0.1531,0.37249,-0.43487,-0.03772,0.37623,-0.13975,0.021724,-0.076096,-0.26442,-0.07432,0.0022071,-0.17141,0.32717,0.49649,0.18033,0.1366,0.29053,0.29485,0.045045,-0.21621,-0.16203,-0.0032858,0.16088,0.20383,0.34082,0.27864,0.19816,0.0039384,0.14426,0.18567,0.29568,0.29432,0.32746,-0.14014,0.23995,-0.071,0.31971,0.24383,-0.14645,0.13726,0.12205,-0.06289,-0.0063858,0.30656,0.40613,-0.38996,0.43004,0.026367,0.28232,0.4559,0.088993,0.43279,0.13656,0.074742,0.28384,0.16177,0.028082,-0.2275,0.13251,-0.087564,0.2723,0.33098,0.16293,-0.054252,0.31197,-0.07743,-0.052236,0.28986,0.46296,0.27393,-0.14436,0.22862,0.012894,-0.30622,0.27966,-0.19227,0.25088,0.17459,0.26919,-0.16041,0.10624,0.088659,0.27642,0.17532,0.28263,0.10352,0.42284,-0.22291,0.29212,0.59228,-0.24478,0.14294,-0.23637,0.1455,0.26458,0.024084,-0.019168,0.37799,0.19154,0.45983,-0.22782,0.017572,0.25115,-0.24157,0.16291,0.031047,0.33479,0.2446
0.67014,0.091348,0.26452,1,0.63864,0.57383,-0.11216,0.3448,0.66555,0.25818,0.55774,0.02698,0.15631,0.52203,0.40691,0.33858,0.11067,-0.12309,-0.095732,0.4205,0.13641,-0.18346,0.114,0.64499,0.29732,0.088307,0.36574,-0.022864,0.49946,0.11618,NaN,-0.33474,-0.30895,0.04875,0.12245,0.42246,0.38683,0.43022,0.5496,0.28142,0.098211,0.22717,0.21499,0.46007,-0.12028,0.22888,-0.2494,-0.20776,0.28641,-0.01475,0.44159,0.28608,0.42607,0.59351,-0.13316,0.30984,0.48577,NaN,0.63048,0.064129,0.22228,0.56864,0.51643,0.05448,0.097022,0.43193,0.14057,0.063035,0.17841,-0.24849,0.2835,0.03852,-0.0083751,0.22101,-0.26279,0.086886,0.26019,0.51879,0.15665,-0.10278,-0.27651,0.12875,0.25961,0.35587,0.29819,0.13561,-0.046075,0.42276,0.18442,0.24855,0.1877,0.097223,0.54374,0.534,-0.14967,-0.10222,-0.29717,-0.29966,0.3922,0.32791,0.090622,0.078716,0.0013836,0.21609,-0.025438,0.27177,-0.33134,0.36554,0.15325,-0.11485,0.29016,-0.36111,0.25909,0.13464,0.11081,0.38142,0.3512,0.19394,0.59755,0.30954,-0.084137,0.25662,0.73569,0.69574,-0.10885,-0.034712,0.38911,0.33502,0.36674,0.73788,0.14583,-0.17866,0.10991,0.22749,-0.11709,0.6595,0.41598,-0.27341,0.35864,-0.13123,0.088871,0.7188,0.38677,0.40993,0.074498,0.43597,0.51107,-0.3062,0.32213,0.16133,0.2084,-0.237,0.69752,0.63849,0.60618,0.067513,-0.25456,-0.35051,-0.026807,0.11046,0.54657,0.23351,0.35757,0.13953,0.32073,-0.15384,0.50098,0.19441,0.44022,0.47903,0.47755,-0.087109,0.23479,0.22884,-0.19994,0.19334,0.40183,-0.051461,0.43698,0.18609,0.6892,0.32879,-0.24508,0.62607,0.32025,0.3763,0.19904,-0.27696,0.12706,0.47849,0.50982,0.45311,0.13937,0.44526,0.69698,-0.038702,-0.17937,0.1333,0.39109,0.0096246
0.5697,-0.078083,0.071472,0.63864,1,0.46815,-0.31908,0.24074,0.64052,0.17364,0.35194,-0.050493,-0.12971,0.47754,0.22071,0.044958,0.22107,-0.15621,-0.17198,0.39776,0.12445,-0.24207,-0.066927,0.52566,0.1543,0.077041,0.16827,0.17629,0.31039,0.41044,NaN,-0.30924,-0.24734,-0.13112,0.070671,0.30682,0.23424,0.30355,0.53367,0.52774,-0.18686,0.22197,0.1246,0.033059,-0.43388,0.17976,0.022799,-0.32082,0.3866,0.18335,0.52462,-0.072957,0.25333,0.36348,-0.14277,0.4487,0.30012,NaN,0.49895,-0.13905,0.20998,0.25955,0.56335,-0.11631,0.24331,0.44151,0.62687,-0.11882,0.2189,-0.51931,-0.052857,-0.025327,-0.20394,-0.16674,-0.47481,-0.0085077,0.14768,0.37437,0.2574,-0.35399,-0.21752,-0.30266,0.10432,0.16769,0.11822,0.015765,-0.11562,0.66315,0.19789,0.34185,0.10179,0.082413,0.34875,0.38022,-0.27527,-0.24469,0.11504,-0.25827,0.45465,0.28097,0.12153,0.096096,-0.064296,0.2769,-0.10249,0.39497,-0.49789,0.27119,0.16645,-0.34636,0.30865,-0.18544,0.17366,0.13335,0.31176,0.47333,0.22292,-0.040754,0.46027,0.23866,-0.1275,0.35256,0.35778,0.54731,-0.11322,-0.26998,0.24845,0.323,0.27602,0.54645,0.069327,-0.061041,0.16763,0.33688,-0.20727,0.46814,0.29716,-0.050865,0.17711,-0.065274,0.15516,0.6304,0.14935,0.45722,0.074604,0.57583,0.17197,-0.32274,0.24232,0.080985,0.15202,-0.23666,0.60333,0.36643,0.37684,0.070186,-0.36407,-0.45464,-0.31206,0.053492,0.24568,0.088679,0.5169,-0.14302,0.033573,-0.079896,0.51375,0.63324,0.3672,0.24774,0.04675,-0.054482,0.0093884,0.47478,-0.29503,0.23114,0.228,0.28037,0.38276,0.25059,0.42608,0.36062,-0.30606,0.48522,0.23346,0.46892,-0.17161,-0.43097,-0.018728,0.50557,0.30373,0.32065,0.24199,0.5556,0.61874,-0.16921,-0.062783,0.1155,0.28824,-0.22998
0.6553,-0.099826,0.11221,0.57383,0.46815,1,-0.42506,0.17877,0.74192,0.37473,0.26993,0.11421,-0.28173,0.39877,0.087885,0.29919,-0.003368,-0.27827,-0.13976,0.14755,0.31998,-0.25281,0.27205,0.58612,-0.056003,0.11397,0.089801,-0.086096,0.58377,0.028952,NaN,-0.31506,-0.12114,0.036403,-0.15534,0.63501,0.4896,0.45884,0.51138,0.22849,0.0028525,0.16981,0.12329,0.23004,-0.15195,0.067708,-0.14871,0.062855,0.15957,0.071701,0.19478,0.032711,0.31135,0.47549,0.016967,0.1323,0.26851,NaN,0.66825,-0.43319,0.25722,0.48326,0.35097,0.10224,0.042951,0.45897,0.14129,-0.0056577,0.13361,-0.17048,0.23544,0.096879,0.06035,0.16152,-0.30337,-0.028643,0.18839,0.11456,0.11701,-0.34319,-0.64852,-0.17234,-0.068883,0.21614,-0.086021,-0.13841,-0.018208,0.22989,0.024012,0.020045,0.12617,0.010546,0.66252,0.2245,-0.11522,-0.11119,-0.021294,-0.11628,0.091924,0.084407,0.035346,0.016936,0.1055,0.17156,-0.06694,0.093486,-0.27301,0.13259,-0.037175,-0.62451,0.51194,-0.036424,-0.18472,0.15283,-0.17364,0.056053,0.2516,0.02178,0.65936,0.19561,0.053181,0.14573,0.63659,0.84818,-0.20992,0.018504,-0.04218,0.50925,0.31482,0.44141,0.095836,-0.046266,-0.056286,-0.024536,0.048199,0.54491,0.49309,-0.33637,0.059438,-0.17531,0.26496,0.5535,-0.077638,0.38056,-0.21251,0.29203,0.62611,-0.56141,0.23673,0.30841,0.1029,0.10106,0.33537,0.19843,0.16435,0.22768,-0.61702,-0.38971,-0.12375,0.14852,0.22772,-0.10084,0.45705,0.10335,0.062459,-0.27666,0.25876,0.12555,0.38838,0.52986,0.20119,-0.043029,0.35215,0.046086,0.030258,-0.26698,0.6597,-0.14122,0.38553,0.089805,0.44472,0.29446,-0.26241,0.071263,0.051582,0.045505,0.077671,-0.36627,0.32463,0.19851,0.43195,0.18538,0.17271,0.12153,0.79283,-0.21278,-0.14653,0.14819,0.21082,-0.088342
-0.045581,0.034394,0.44328,-0.11216,-0.31908,-0.42506,1,0.038536,-0.28254,-0.02656,0.044849,-0.20193,0.38233,-0.34654,0.13752,0.13694,-0.17518,0.13602,0.1454,-0.029677,-0.18072,0.042106,-0.065718,0.026523,0.38031,0.032503,0.24126,-0.12298,-0.1055,0.20304,NaN,0.049559,-0.30505,0.043249,-0.24866,-0.52867,0.1453,-0.0097188,-0.086278,-0.31819,0.061428,-0.022847,-0.30981,0.14176,0.27748,-0.30199,-0.39972,0.34227,0.25154,0.11658,0.054378,0.17026,-0.11084,-0.39503,0.056989,0.05982,0.1624,NaN,-0.15386,0.34646,-0.19942,0.33278,-0.054247,-0.20909,-0.074791,0.12146,-0.31976,-0.16806,0.11273,0.14615,0.30175,-0.23889,0.19535,0.16919,0.37921,-0.030772,0.10714,0.072815,-0.14403,0.15842,0.16295,0.1485,-0.20744,0.14453,0.26697,-0.22548,-0.15071,-0.24669,0.22749,-0.20631,0.034279,-0.24965,-0.14436,0.080711,-0.20528,-0.073189,0.22496,-0.11435,-0.016746,-0.33799,-0.12758,-0.10741,-0.30891,0.075644,0.36567,0.24338,0.41666,0.003893,-0.20162,0.64312,-0.13014,-0.25659,-0.051587,-0.2257,-0.054763,0.05925,0.30528,-0.11969,-0.41997,0.076082,-0.27018,-0.26049,-0.095708,-0.12862,0.44517,0.020863,0.18987,-0.31763,0.22374,-0.096475,-0.13358,-0.26748,0.073698,-0.23114,-0.19864,-0.19861,-0.17253,0.032923,0.19041,0.022325,0.089611,0.099728,-0.071663,-0.12446,-0.069366,-0.28651,0.26395,0.51265,-0.4865,-0.44553,0.019111,-0.088499,-0.071186,0.080719,0.019202,-0.3301,0.40452,0.13903,0.28701,0.10988,0.051226,0.060067,-0.37972,-0.042916,0.29325,0.24599,-0.0084058,-0.23496,0.045685,0.018676,-0.059771,-0.17979,-0.078841,-0.11899,0.18087,0.27755,-0.30881,-0.16969,0.068338,-0.23698,0.13121,-9.6746e-05,0.01413,0.19743,-0.068728,-0.19889,0.044266,0.2912,-0.065203,-0.1083,0.13365,0.092113,-0.27523,-0.13697,-0.27577,-0.13969,-0.012631,-0.022684,0.019203,0.079358
0.2108,0.33878,0.40198,0.3448,0.24074,0.17877,0.038536,1,0.27897,0.38377,0.4627,0.32952,0.17722,0.55678,0.27665,0.47469,0.6521,0.37327,0.2256,0.46679,0.37547,0.20341,0.16024,0.34574,0.35287,-0.012361,0.16959,0.19558,0.3614,-0.069599,NaN,0.14528,0.034709,0.33507,-0.076523,0.37576,0.39725,0.24214,0.42408,0.25425,0.39612,0.25259,0.077504,0.25445,0.31306,0.20191,-0.27908,-0.14367,0.18949,-0.064599,0.49219,0.61551,0.34623,0.64952,0.27549,0.1619,0.4547,NaN,0.62853,0.24616,0.20801,0.31987,0.43264,0.16166,0.41934,0.10253,0.16156,0.39957,0.30416,0.26224,0.24983,0.44768,-0.11195,0.38046,0.095801,-0.50341,0.18099,0.39314,0.10043,0.17758,0.098629,0.3137,0.3187,0.42778,0.42211,0.3357,0.10828,0.17447,0.55898,0.11207,0.42415,0.1647,0.26137,0.43422,0.01695,0.14835,0.2779,0.16634,-0.22293,0.40195,0.38683,0.27853,0.39525,-0.29536,0.13635,0.14696,0.14276,0.46,0.33491,0.25754,0.23959,-0.11048,0.1919,0.5883,0.11147,0.48544,0.5147,0.41899,0.29951,0.052731,-0.0097643,0.48696,0.41741,0.29735,0.20113,-0.33119,0.4634,0.22598,0.048231,0.42047,-0.5558,-0.039659,0.34551,0.27286,0.41515,0.49904,0.48472,0.068882,0.42999,0.56773,-0.04718,0.32183,0.30307,0.38328,0.54537,0.36624,0.20171,0.15735,0.56431,0.27527,0.15653,-0.12145,0.23088,0.6016,0.56806,0.53239,0.15936,0.21525,-0.010967,0.72726,0.50956,0.50736,0.40827,0.45992,0.28774,-0.012247,0.59252,-0.047142,0.36722,0.30304,0.57359,0.26705,0.33047,0.22059,-0.12567,0.24648,0.28798,0.47355,0.10426,0.38444,0.36195,0.38572,0.19964,0.29661,-0.24652,0.3428,0.53297,0.125,0.071024,0.49686,0.31406,0.44457,0.063817,-0.059541,0.18335,0.31269,-0.1502,0.59005,0.32645,-0.015043
0.70418,-0.12917,0.19338,0.66555,0.64052,0.74192,-0.28254,0.27897,1,0.22606,0.43353,0.18981,-0.23668,0.47604,0.12625,0.09072,0.21604,-0.34248,-0.2333,0.41587,0.31973,-0.33934,0.19852,0.52048,0.10386,0.35296,0.17969,-0.20878,0.32692,0.18813,NaN,-0.45845,-0.17274,-0.067396,-0.24025,0.62017,0.41161,0.56454,0.50321,0.28884,0.085222,-0.0048417,0.077538,0.28473,-0.14434,0.14155,-0.15677,0.039555,0.38242,0.23544,0.57124,0.30786,0.46445,0.54454,0.026348,0.24276,0.40259,NaN,0.70488,-0.15239,0.20247,0.44507,0.66177,0.034285,0.3596,0.53321,0.15141,-0.045209,0.19124,-0.35014,0.11613,0.13407,-0.046202,0.15143,-0.39188,0.076918,0.1561,0.43073,0.2902,-0.37437,-0.56218,-0.19866,0.29287,0.32131,-0.069554,-0.063025,0.13324,0.62728,0.16086,0.30152,0.27431,-0.0050841,0.81742,0.3052,-0.14082,-0.26843,0.032558,-0.065038,0.00085363,0.078774,0.071364,-0.136,0.28777,0.29841,0.037305,0.35712,-0.40097,0.20655,0.1382,-0.43818,0.41995,-0.23673,-0.191,0.13163,0.12105,0.41117,0.3316,0.081712,0.69769,0.02426,0.11063,0.30176,0.55145,0.75389,-0.32837,-0.48341,0.011911,0.37681,0.1858,0.4625,0.074093,-0.058106,0.090056,0.10409,-0.13625,0.64386,0.28772,-0.32574,0.16241,-0.2086,0.22459,0.68074,0.24676,0.56033,-0.061251,0.48261,0.3563,-0.46637,0.3981,0.19829,-0.041882,-0.24761,0.51806,0.41757,0.31237,0.069328,-0.42151,-0.47156,-0.24361,0.089728,0.29982,0.13507,0.60263,0.093326,0.14676,-0.14735,0.51713,0.21418,0.28606,0.50623,0.22338,-0.18609,0.26743,0.51503,0.05946,-0.044392,0.62724,0.20412,0.31559,0.069743,0.48059,0.23511,-0.30691,0.37698,0.21907,0.22949,-0.0093342,-0.48452,0.25321,0.29005,0.40165,0.25657,0.25405,0.37878,0.83399,-0.29831,-0.21324,0.28736,0.21727,-0.055246
0.24126,0.10684,0.11743,0.25818,0.17364,0.37473,-0.02656,0.38377,0.22606,1,0.43669,0.47265,0.28234,0.40144,0.11435,0.33651,0.11964,0.0059633,0.3609,0.16478,0.085642,0.10039,0.2167,0.2113,0.27111,0.24846,0.32334,0.23409,0.25889,0.21918,NaN,0.04677,-0.12198,0.25558,0.34623,0.11314,0.082337,0.52721,0.32318,0.23325,0.013543,0.38414,-0.018153,-0.012041,0.17042,0.28262,-0.26245,0.20208,0.20817,0.25694,0.082553,0.11359,0.13833,0.41977,0.033851,0.11657,0.057474,NaN,0.64917,-0.13542,0.24011,0.31179,0.56707,0.3253,0.22204,0.30738,-0.13263,0.35724,0.22919,0.2609,0.35671,0.45671,0.063321,0.3725,0.12071,-0.20632,0.09062,0.31452,0.32822,-0.032907,0.036114,0.18789,0.086959,0.43637,0.30137,0.36117,0.039941,0.18481,0.20887,0.27962,0.40012,-0.19514,0.51984,0.42315,-0.11328,0.028966,0.053867,0.16073,-0.22719,0.032946,0.34269,0.23622,0.094776,0.2523,0.18743,-0.072806,0.12858,0.37381,0.18376,-0.031681,0.57882,-0.15498,-0.15004,0.32523,-0.25906,0.36873,0.056248,0.50399,0.36745,0.14229,-0.16038,0.47264,0.43866,0.29684,0.09568,0.22216,0.37719,0.40821,0.073791,0.275,-0.066329,0.17656,0.15586,0.40492,0.12406,0.47513,0.23306,0.10982,0.27398,0.21368,0.21807,0.077491,0.047374,0.50563,0.29431,0.42528,0.284,0.26732,0.073261,0.3847,0.19462,-0.031898,0.4397,0.39749,0.36378,0.014198,-0.097715,0.24134,0.23395,0.56161,0.34109,0.31901,0.25286,0.13814,0.057462,0.21147,0.61314,0.16604,0.27817,0.34893,0.35288,0.17474,0.45635,0.12384,-0.23334,0.063837,0.18466,0.13856,-0.042033,0.43627,0.56189,0.19823,0.050326,-0.13996,0.095815,0.079841,0.081072,0.055505,0.29188,0.48232,0.33799,0.12232,0.2506,0.11214,0.18255,0.31309,-0.32475,0.40123,0.48432,-0.083294
0.40053,0.31723,0.44835,0.55774,0.35194,0.26993,0.044849,0.4627,0.43353,0.43669,1,0.27859,0.43898,0.47657,0.10934,0.39756,0.24697,0.099539,0.10322,0.57886,0.25863,0.22111,-0.095307,0.32766,0.28283,0.56658,0.53029,0.22764,0.43411,0.26532,NaN,0.052097,0.011075,0.32049,0.18897,0.33507,-0.0018502,0.44278,0.42742,0.057341,0.4556,0.44884,0.17556,0.50731,0.3115,0.47906,-0.28866,-0.24947,0.13185,-0.10933,0.38132,0.59236,0.32844,0.64521,0.17569,0.077588,0.3739,NaN,0.56743,0.21942,0.18357,0.32841,0.65704,0.053586,0.40209,0.29021,-0.091878,0.42637,-0.10325,0.12706,0.36753,0.42812,0.30909,0.22831,0.038757,-0.073393,0.27135,0.54519,0.26235,0.42119,0.092878,0.0035897,0.39773,0.4735,0.6386,0.48939,0.28292,0.37181,0.56122,0.32599,0.44907,0.16549,0.38048,0.79141,-0.046957,0.30103,0.11625,-0.011631,-0.018397,0.42498,0.2761,0.14262,0.37459,0.18429,0.39657,0.19995,0.013528,0.43989,0.34481,0.24964,0.27044,-0.3281,0.071669,0.53862,-0.033874,0.53429,0.11148,0.62353,0.29358,0.068741,0.15499,0.69122,0.63201,0.35331,0.066921,-0.17228,0.63536,0.22524,0.30649,0.64032,-0.036767,0.22238,-0.12327,0.2889,-0.074272,0.52841,0.19204,0.025883,0.66088,0.20298,0.18356,0.37969,0.33366,0.63674,0.61984,0.5907,0.21419,0.17934,0.38682,0.4793,-0.037612,-0.21639,0.50445,0.84953,0.70939,0.0039672,0.064496,0.10255,0.2955,0.51857,0.77007,0.43861,0.20484,0.32013,0.065967,0.17896,0.7511,0.079219,0.14974,0.35594,0.75629,0.13976,0.30939,0.25148,0.12409,0.26775,0.41906,0.24243,0.19927,0.45526,0.48806,0.32609,0.15331,0.39095,0.2693,0.18059,0.17589,0.17138,0.0076468,0.52061,0.44947,0.53408,0.26782,0.44326,0.31827,0.22419,-0.37931,0.56773,0.78416,0.36694
0.15866,0.21143,0.13824,0.02698,-0.050493,0.11421,-0.20193,0.32952,0.18981,0.47265,0.27859,1,0.045625,0.28177,-0.033777,0.23797,0.46044,0.28649,0.38223,0.27012,-0.033276,0.34556,0.20981,0.19077,-0.1155,0.40992,0.080543,-0.005231,0.10168,0.0064466,NaN,0.30175,0.42713,0.40132,0.048429,0.2804,0.16289,0.62296,0.26241,0.15162,0.30543,0.10847,0.19882,-0.032853,0.38137,0.37411,0.26247,0.21648,0.18205,0.15776,0.17967,0.36511,0.16445,0.40734,0.094853,-0.015688,-0.074793,NaN,0.41871,0.057753,0.18168,0.21337,0.45763,0.2842,0.41775,0.34756,-0.14159,0.69044,0.21294,0.34079,0.17264,0.45625,-0.026788,0.54034,0.35015,0.01664,-0.13698,0.19522,0.41009,0.25376,0.17784,0.022507,0.30242,-0.047059,0.17221,0.21541,0.6251,0.2599,0.15638,0.45787,0.34612,0.18345,0.44914,0.33441,0.34604,0.34051,0.055589,0.17538,-0.51303,0.11805,0.3718,0.047459,0.60654,-0.0043744,0.18815,-0.13145,0.35463,0.15615,0.15764,-0.078986,0.41397,0.027662,-0.43579,0.228,-0.11572,0.30497,0.27957,0.61276,0.27672,0.10358,0.45064,0.47635,0.15367,0.10652,-0.14875,-0.1209,0.14671,0.43934,0.095337,-0.034804,0.066584,0.10735,0.0060101,0.40366,0.22816,0.27759,0.12216,0.088389,0.36774,0.26115,-0.14151,-0.024599,0.20551,0.58017,0.25665,0.38743,0.10246,0.37358,0.4262,0.54134,0.1064,-0.0042738,0.28881,0.3893,0.26981,0.26439,0.40381,0.39324,-0.015854,0.40281,0.20202,0.2791,0.15733,0.57231,0.13922,0.024434,0.5184,-0.29548,0.37189,0.078794,0.26023,0.12391,0.53573,0.13789,-0.07026,-0.08111,0.20571,0.37963,-0.097313,0.33213,0.077255,0.055548,0.28449,-0.32696,0.22224,0.16145,0.27141,0.038976,0.45381,0.22857,-0.13122,0.086591,0.15819,0.31291,0.098045,0.27576,-0.11987,0.45248,0.41411,0.31259
-0.13336,0.37743,0.20666,0.15631,-0.12971,-0.28173,0.38233,0.17722,-0.23668,0.28234,0.43898,0.045625,1,0.01899,0.19714,0.58018,-0.067983,0.27686,0.52752,0.36161,-0.246,0.3252,-0.047114,0.076962,0.48501,0.35293,0.27423,0.20694,0.2083,0.055767,NaN,0.2064,-0.1677,0.39915,0.22322,-0.017249,-0.044365,0.20618,0.13584,-0.28989,0.30275,0.41111,0.44035,0.38115,0.32608,0.225,-0.35976,-0.22044,0.39967,-0.32135,-0.10176,0.37935,-0.20015,-0.07404,-0.15989,-0.24287,0.31168,NaN,0.0019859,0.37945,-0.032104,0.18204,0.20559,-0.074437,0.075734,0.059851,-0.4061,0.24068,0.034768,0.3076,0.56438,0.17181,0.37227,0.20192,0.47862,0.19076,0.11383,0.15887,-0.072136,0.42242,0.30981,0.26498,0.12441,0.47083,0.37066,0.46286,-0.039544,-0.16042,0.23268,0.1299,0.27887,0.010925,-0.15676,0.43679,-0.094765,0.27457,-0.027611,-0.14644,-0.22925,0.12851,0.010532,-0.022975,-0.018125,0.33857,0.37375,0.28028,0.52581,0.44449,-0.11837,0.50168,-0.014547,-0.069255,-0.060639,0.11075,-0.34824,0.35886,-0.16971,0.49126,-0.10982,0.21704,-0.21789,0.12757,0.32528,-0.14345,0.17533,0.095267,0.59698,0.09929,0.23871,0.35733,0.20725,0.22447,-0.16527,0.093208,0.19009,-0.059164,-0.07515,0.045153,0.55748,-0.063286,-0.010598,-0.14486,0.17263,0.10632,0.32031,-0.074818,-0.00062915,0.46138,0.12347,0.098161,0.21237,-0.0029551,0.20048,0.46364,0.52871,0.071225,0.41611,0.45761,0.38958,0.16851,0.52526,-0.017496,-0.31595,0.1041,0.20829,0.16565,0.26751,-0.063077,0.23661,0.087549,0.52738,0.24946,0.22139,-0.0667,-0.033228,0.45743,-0.33628,-0.014042,0.029134,-0.0028696,0.356,0.17556,0.23622,0.15,0.29049,-0.33504,0.39863,0.32504,0.035797,0.20242,0.4666,0.52365,-0.039248,0.19499,-0.20432,0.35881,0.0045377,0.068783,0.27045,0.13563
0.58063,-0.090904,0.04806,0.52203,0.47754,0.39877,-0.34654,0.55678,0.47604,0.40144,0.47657,0.28177,0.01899,1,0.28227,0.26317,0.60825,0.15836,0.24038,0.62236,0.20133,0.072953,0.36668,0.26427,0.39177,0.32228,0.14355,0.30005,0.38261,0.087824,NaN,0.082144,-0.12453,-0.024007,0.41241,0.33267,0.1272,0.41346,0.52074,0.39856,0.11351,0.3695,0.19875,0.36874,0.021593,0.63444,0.031874,-0.39893,0.088258,-0.14929,0.67352,0.31718,0.61108,0.74802,0.30746,0.22915,0.39448,NaN,0.60937,0.098414,0.49304,0.20834,0.55482,0.43764,0.33801,0.23953,0.31755,0.36705,0.034683,0.055329,0.29067,0.64208,-0.12116,0.020644,-0.14565,-0.065404,0.23375,0.55292,0.039805,0.22839,0.041068,0.29849,0.58328,0.31662,0.26725,0.21846,0.4287,0.19894,0.3069,0.51678,0.46264,0.47008,0.45432,0.59562,0.014293,-0.02061,0.13042,0.0046554,0.10304,0.49685,0.55259,0.35443,0.2912,0.061476,-0.23445,-0.0096089,-0.26111,0.33066,0.35567,0.14762,0.51985,-0.047947,0.26239,0.60257,0.14086,0.49408,0.28186,0.38054,0.64292,-0.10104,0.0092633,0.58669,0.50581,0.48506,0.057872,-0.11399,0.45523,0.49404,0.12791,0.6756,-0.073214,0.033173,0.0079979,0.70384,-0.046778,0.72575,0.53799,-0.015411,0.2364,0.30938,0.10494,0.41461,0.17181,0.4352,0.62304,0.62581,0.13106,0.027463,0.47314,0.61067,0.27102,0.042078,0.51189,0.52375,0.44329,0.3384,-0.071291,-0.11071,-0.15097,0.54619,0.44756,0.34421,0.63281,0.11115,0.42645,0.20034,0.60177,0.27513,0.26884,0.3383,0.49457,0.18429,0.35129,0.35158,-0.29087,-0.12915,0.58182,0.17075,0.15002,0.64998,0.59779,0.38572,0.13201,0.32012,0.36263,0.50659,0.12875,-0.23544,0.10562,0.37655,0.46195,0.36607,0.27528,0.23762,0.52277,0.14757,-0.1839,0.62285,0.44682,0.14062
0.10855,-0.078425,0.12486,0.40691,0.22071,0.087885,0.13752,0.27665,0.12625,0.11435,0.10934,-0.033777,0.19714,0.28227,1,0.068093,0.10854,0.34494,0.17757,0.19389,0.047626,0.060194,0.49205,0.081195,0.63659,0.11959,0.12122,-0.058648,0.10692,-0.043487,NaN,-0.082805,0.031112,0.11564,0.20845,0.022487,0.39789,0.10032,0.058559,-0.024657,-0.035321,0.079131,-0.060804,0.41745,0.002688,0.12886,-0.082675,-0.28068,0.15048,-0.34991,0.34242,0.22321,0.011432,0.24072,0.056154,0.1548,0.13475,NaN,0.33582,0.17161,0.12027,0.25601,0.21646,-0.015177,0.065455,0.081935,0.20691,0.31218,0.1201,0.0092959,0.34875,0.19384,-0.28951,-0.13332,0.076534,0.21498,-0.069234,0.29533,0.12457,0.079778,-0.15306,0.5771,0.19203,0.010119,0.46805,0.032681,0.087466,0.16346,0.22603,0.28054,0.41514,0.2904,0.0012406,0.38281,-0.19203,0.038317,-0.045384,0.23808,0.10044,0.16918,0.080362,-0.099021,-0.059079,0.20046,-0.30016,0.17675,0.087824,0.33278,0.16002,0.077207,0.026336,-0.090712,0.040419,-0.19356,0.0048467,0.19443,0.31234,-0.027718,0.26767,0.034458,-0.36684,-0.22741,0.38824,0.095458,0.37879,0.32215,0.4212,0.2758,0.26167,0.53109,0.17853,-0.5736,-0.053236,0.21574,-0.25142,0.5704,0.19624,0.078252,0.034793,-0.021919,0.4955,0.16262,0.22896,-0.11812,0.064665,-0.17137,0.36797,-0.045359,0.16815,-0.075577,0.24829,-0.27072,0.20369,0.38949,0.53051,-0.064561,-0.1006,0.0042446,0.32973,-0.1002,0.365,0.40268,0.038919,0.018546,0.61526,0.023727,0.21476,0.13344,0.23391,0.40524,0.3471,-0.15694,0.0087831,0.11685,0.14009,0.073299,0.22492,0.071979,0.030479,0.082387,0.35765,0.02369,0.074873,0.50204,0.084213,0.1456,0.27324,0.014819,-0.103,0.20132,0.23617,0.42146,0.14408,-0.027038,0.23455,0.14534,0.092763,0.18055,0.24448,0.010312
0.24975,0.51486,0.28118,0.33858,0.044958,0.29919,0.13694,0.47469,0.09072,0.33651,0.39756,0.23797,0.58018,0.26317,0.068093,1,0.071033,0.32045,0.51476,0.27788,0.031266,0.25432,0.065229,0.49393,0.22454,0.15737,0.094939,0.15183,0.582,-0.11589,NaN,0.16717,-0.18475,0.44948,-0.096634,0.3673,0.44537,0.4726,0.52238,-0.20778,0.50743,0.57836,0.5652,0.42377,0.34219,0.17632,-0.32373,-0.098843,0.40937,-0.35602,0.010046,0.44635,-0.07471,0.23214,0.075929,-0.091827,0.38945,NaN,0.38645,0.17348,0.069035,0.56519,0.2938,0.16787,-0.11442,0.24338,-0.20033,0.23319,0.39986,0.32458,0.69145,0.19599,0.5419,0.4341,0.35209,0.035168,0.082481,0.24352,-0.081884,0.29231,0.073065,0.071043,-0.058868,0.34255,0.22088,0.22388,0.038188,-0.30038,0.20805,0.036812,0.3109,0.088073,0.22028,0.48092,0.080644,0.2111,0.15242,-0.27089,-0.12833,0.31317,0.23617,0.14938,0.11972,0.13553,0.34656,0.10956,0.41829,0.546,-0.35034,0.19831,0.29609,0.12392,-0.18091,0.36565,-0.50431,0.24244,0.32408,0.49737,0.22683,0.48007,0.017158,0.24942,0.56088,0.47294,0.21196,-0.012248,0.43291,0.50962,0.51462,0.51224,0.098742,0.13953,0.080086,0.069213,0.57297,0.086693,0.44438,-0.16413,0.64621,0.19506,-0.086031,0.15098,0.011388,0.25012,0.15158,0.084004,0.4863,0.26397,0.40992,0.40446,0.2169,0.17856,0.32381,0.51691,0.52878,0.6419,0.187,0.30281,0.17493,0.46229,0.51585,-0.11625,0.036826,0.40975,0.28854,-0.13796,0.31632,-0.33318,0.61893,0.32082,0.55609,0.31015,0.57848,-0.29749,-0.15856,0.16869,0.0086916,-0.076509,0.28051,0.13785,0.49879,0.37901,0.14883,0.14619,0.24175,-0.1913,0.70093,0.14596,0.40426,0.12469,0.53414,0.52549,-0.17633,0.10215,0.22613,0.20512,0.10379,0.25808,0.31413,0.18208
0.28055,-0.14944,0.027236,0.11067,0.22107,-0.003368,-0.17518,0.6521,0.21604,0.11964,0.24697,0.46044,-0.067983,0.60825,0.10854,0.071033,1,0.37772,0.12112,0.48616,-0.0754,0.40405,0.071806,0.15304,0.057772,0.1737,0.20796,0.14686,0.043598,0.019874,NaN,0.36577,0.18209,-0.015616,0.050064,0.11449,0.11999,0.075537,0.29467,0.33673,0.19067,-0.038352,0.0027558,-0.096466,0.16871,0.33576,0.17298,-0.1681,0.068288,0.03984,0.66482,0.41476,0.48718,0.52656,0.22797,0.051626,0.30364,NaN,0.31431,0.3343,0.22786,0.11686,0.2065,0.24411,0.51283,0.10545,0.4028,0.48432,-0.05054,0.16769,0.12451,0.55233,-0.23782,0.15311,-0.040819,-0.26122,0.00097316,0.22893,-0.093702,0.18083,0.30179,0.17392,0.61725,0.16543,0.2057,0.22077,0.43217,0.24415,0.25463,0.35606,0.077742,0.4013,0.17074,0.27147,0.18574,0.25283,0.19697,0.15439,-0.29407,0.3879,0.50373,0.43864,0.44635,-0.15123,-0.12749,-0.0045071,0.037269,-0.034153,0.2389,0.16917,0.269,0.088193,0.116,0.47389,0.25365,0.35074,0.41709,0.19186,0.072029,-0.17499,-0.026498,0.43447,-0.0008593,0.12322,-0.151,-0.43942,0.16545,0.16713,-0.074823,0.10729,-0.35111,-0.17563,0.069281,0.55319,-0.0018723,0.38904,0.19908,0.20468,0.15376,0.47426,-0.26635,0.30096,0.10038,0.34752,0.60924,0.51855,-0.079826,0.20405,0.5122,0.34712,0.14817,0.19777,-0.015525,0.34414,0.25029,0.34958,0.22725,0.099179,-0.21066,0.49601,0.074097,0.27079,0.41254,0.32884,0.38359,0.17547,0.48204,0.13164,0.17896,0.027276,0.22397,0.22057,0.071353,0.36611,-0.071489,-0.033478,0.30956,0.54236,0.11779,0.53518,-0.04754,0.10149,0.37821,0.026035,0.011988,0.4054,0.077748,-0.12964,-0.056108,0.24445,0.058145,0.12677,0.26838,0.24004,0.15584,0.22852,-0.19708,0.58249,0.22272,-0.074256
-0.23034,0.27932,-0.02563,-0.12309,-0.15621,-0.27827,0.13602,0.37327,-0.34248,0.0059633,0.099539,0.28649,0.27686,0.15836,0.34494,0.32045,0.37772,1,0.71029,0.21433,-0.055014,0.83471,0.18919,-0.013974,0.11679,0.082842,0.25184,0.28017,-0.14997,-0.21233,NaN,0.82409,0.3781,0.54972,0.12425,-0.035194,0.14739,0.020226,-0.18433,0.065566,0.30605,0.42697,0.30192,0.10707,0.59393,0.19694,0.050616,-0.23373,0.062993,-0.61429,0.12692,0.38343,-0.23432,0.1807,0.10809,-0.078409,-0.10149,NaN,-0.10165,0.3927,-0.24268,0.072169,0.013719,-0.06118,0.010718,-0.11433,0.18702,0.53537,0.10671,0.62189,0.46948,0.36559,0.0072185,0.15169,0.58753,-0.025616,-0.064293,-0.049594,-0.092365,0.45302,0.36249,0.28327,-0.0032937,-0.19873,0.64144,0.26924,0.25667,-0.29686,0.46262,0.22699,0.23922,0.48388,-0.34522,0.39413,0.20128,0.54859,0.20989,0.2325,-0.2417,0.54654,0.44435,0.18848,0.2394,-0.13898,0.29871,-0.14446,0.63383,0.2599,0.16548,0.31518,-0.070773,-0.0023915,0.11874,0.24568,-0.039459,0.24974,0.20902,0.33901,-0.17442,0.42883,0.21409,0.079235,0.059657,-0.20839,0.5364,0.11716,0.51678,0.44421,0.13153,0.16416,-0.12055,-0.24541,-0.20527,0.21051,0.21198,0.025567,-0.12479,0.66614,0.46011,0.5926,-0.037408,-0.15479,0.043101,-0.17109,0.38817,-0.070749,0.12285,0.39648,0.25289,0.37839,0.075979,0.16888,-0.12924,0.39941,0.36341,0.38497,0.30681,0.62739,0.3937,0.36277,0.23348,0.19476,-0.29632,0.58037,0.46494,0.15171,0.071803,-0.26245,0.35694,0.27708,0.40284,0.21136,0.41801,-0.35519,-0.11436,0.070753,-0.052041,0.0015373,-0.42444,0.26525,-0.11646,-0.22034,0.84757,0.15393,0.18439,-0.024125,0.54096,0.60355,0.33468,-0.039044,-0.1245,0.4108,-0.12239,-0.20056,-0.38394,0.49689,-0.15527,0.3714,0.29073,0.43909
-0.15751,0.26475,-0.055547,-0.095732,-0.17198,-0.13976,0.1454,0.2256,-0.2333,0.3609,0.10322,0.38223,0.52752,0.24038,0.17757,0.51476,0.12112,0.71029,1,0.3542,-0.094735,0.57626,0.27444,0.093303,0.30548,0.28372,0.17588,0.42994,-0.0071346,-0.013,NaN,0.66994,0.10603,0.58988,0.25195,0.072809,0.10151,0.38108,-0.060779,0.047922,0.28667,0.56292,0.57322,0.2439,0.55869,0.27052,0.041275,-0.11942,0.41552,-0.40123,-0.016594,0.24854,-0.29149,0.062197,0.10114,-0.17141,-0.061726,NaN,0.053462,0.31778,-0.11783,0.11266,0.26137,-0.038854,0.079855,0.11251,-0.17439,0.35231,0.32492,0.66213,0.63132,0.42016,0.21864,0.2132,0.78446,0.062666,0.067803,0.022017,-0.088456,0.37412,0.1975,0.28985,-0.071606,0.11545,0.38295,0.18058,0.28677,-0.33455,0.41168,0.34349,0.39506,0.27215,-0.063085,0.37564,0.060592,0.27675,0.14708,0.016499,-0.38761,0.20682,0.32935,-0.057894,0.21628,0.17268,0.41502,0.062796,0.71864,0.42929,0.039426,0.28022,0.18151,-0.019904,-0.11368,0.27816,-0.23452,0.44381,0.067956,0.49599,0.12441,0.41008,0.21332,0.1799,0.21698,-0.11518,0.44118,0.15182,0.56184,0.6102,0.11786,0.21179,0.050881,0.079031,-0.23241,0.26116,0.37041,-0.023498,-0.10856,0.40445,0.50895,0.30935,0.033722,-0.18824,-0.058129,0.029651,0.29109,-0.07116,0.11264,0.47355,0.079405,0.47454,0.2348,0.22068,0.1766,0.31027,0.27366,0.39027,0.41079,0.69765,0.31655,0.42189,0.3018,-0.05361,-0.20493,0.30472,0.43756,0.32536,0.16351,-0.29415,0.50178,0.27605,0.37639,0.24047,0.69777,-0.19521,-0.34925,0.089934,-0.096114,-0.12305,-0.45348,0.12327,0.26324,-0.085552,0.59786,-0.00869,0.4097,-0.18069,0.50514,0.50178,0.62178,-0.0065266,0.12584,0.47109,-0.27252,-0.15861,-0.27003,0.48157,-0.16486,0.27388,0.20929,0.42685
0.37268,0.0028868,0.41758,0.4205,0.39776,0.14755,-0.029677,0.46679,0.41587,0.16478,0.57886,0.27012,0.36161,0.62236,0.19389,0.27788,0.48616,0.21433,0.3542,1,0.12907,0.17658,0.28597,0.38449,0.41932,0.51182,0.14016,0.34218,0.41725,0.2582,NaN,0.18927,0.12908,0.28689,0.083516,0.41371,0.084689,0.43225,0.50527,0.31171,0.33266,0.16025,0.407,0.56232,0.2309,0.42053,-0.0061291,-0.26898,0.44903,-0.039818,0.64364,0.45565,0.46672,0.41218,0.23255,0.23212,0.66027,NaN,0.36843,0.17803,0.28251,0.15095,0.49323,-0.22182,0.72013,0.40101,0.15957,0.33744,-0.004099,0.13707,0.27218,0.35014,-0.063339,0.12875,0.29806,-0.025817,0.4424,0.2178,-0.018387,0.35072,-0.11541,0.068141,0.42337,0.39203,0.34548,0.17951,0.4087,0.3637,0.64269,0.3541,0.37769,0.50881,0.25386,0.60236,-0.2093,0.20304,0.27671,-0.12368,-0.14602,0.24163,0.12625,-0.0065837,0.41649,0.018801,0.25642,0.61398,0.19282,0.22729,0.36177,0.22421,0.35633,-0.15227,0.066823,0.42767,0.17854,0.60928,0.19511,0.42008,0.40075,-0.051306,0.2181,0.47403,0.50116,0.24748,-0.0024357,-0.42964,0.55577,0.25792,0.23309,0.48263,-0.089707,0.22962,-0.26993,0.32937,-0.026105,0.43017,0.19297,0.0024239,0.49033,0.043598,0.11062,0.49807,0.30396,0.59593,0.53046,0.36992,-0.0017932,0.13226,0.32098,0.33674,0.17343,-0.043955,0.42905,0.5413,0.42163,0.2767,0.30305,0.107,-0.27127,0.42074,0.61501,0.059748,0.21865,0.14832,0.3077,0.19339,0.58605,0.18405,0.39318,0.27839,0.47541,0.28787,0.26598,0.47799,-0.1815,0.3467,0.42688,0.24037,0.19225,0.12039,0.42095,0.44135,0.17059,0.28125,0.26696,0.17288,0.14234,0.057085,0.084869,0.53518,0.45008,0.65006,0.081413,0.37097,0.37204,0.1226,-0.13752,0.35705,0.28428,0.36317
-0.027375,0.25118,0.19243,0.13641,0.12445,0.31998,-0.18072,0.37547,0.31973,0.085642,0.25863,-0.033276,-0.246,0.20133,0.047626,0.031266,-0.0754,-0.055014,-0.094735,0.12907,1,-0.21226,0.19965,0.089323,0.073697,-0.10328,0.016613,0.26665,0.11658,-0.11716,NaN,-0.10035,0.038573,0.13837,-0.11794,0.56248,0.16816,0.066757,0.029052,0.01476,0.25808,0.20972,-0.11273,0.32843,-0.065526,0.27908,-0.20223,-0.011043,-0.13127,-0.10745,0.028175,0.38686,0.098613,0.44988,0.36503,0.23172,0.04306,NaN,0.43454,-0.041884,0.19843,0.017005,0.26086,-0.091194,0.1534,-0.22743,-0.054603,0.027744,0.29946,-0.061997,-0.19924,0.27828,-0.061657,0.033598,-0.063973,-0.27645,0.026799,0.20186,0.46992,0.1092,-0.2491,0.17989,0.013372,0.28299,0.14032,0.068214,-0.079279,0.067735,0.4264,-0.11042,0.42449,-0.18736,0.24846,0.22975,0.17556,0.096823,0.32465,0.20704,-0.086445,0.1981,0.22701,-0.18133,0.52726,-0.32905,0.096753,-0.016546,-0.16829,0.15467,0.40476,-0.081934,-0.061793,-0.44468,0.12938,0.30182,0.20158,0.16586,0.021595,0.024225,0.30038,-0.13772,0.32685,0.25284,0.38733,0.12652,0.2211,-0.15368,0.081359,0.060395,0.025692,0.28677,-0.33279,0.19545,0.10894,-0.33211,0.22121,0.23539,0.23728,0.0034992,0.21294,0.31716,0.35839,0.019455,0.18794,0.058763,0.093056,-0.090345,0.10952,-0.39741,0.22773,0.206,-0.0982,-0.30746,0.033096,0.16938,0.26311,0.16965,-0.19388,-0.10147,-0.050027,0.35045,0.29159,0.31069,0.4928,0.17742,-0.15461,-0.090836,0.15366,-0.068883,-0.041144,0.088492,0.2319,-0.036032,0.20686,0.057874,-0.00093415,0.0054392,0.40106,0.012409,-0.16548,0.16014,0.17442,0.24482,-0.10669,0.14804,-0.3382,0.28471,0.28381,0.21421,-0.013367,0.10372,0.14089,0.095918,0.17278,-0.27749,0.068804,0.16062,-0.28517,0.4339,0.20013,0.17049
-0.26664,0.19033,-0.19658,-0.18346,-0.24207,-0.25281,0.042106,0.20341,-0.33934,0.10039,0.22111,0.34556,0.3252,0.072953,0.060194,0.25432,0.40405,0.83471,0.57626,0.17658,-0.21226,1,0.021038,-0.1147,-0.13379,0.17806,0.41704,0.3242,-0.23741,-0.14218,NaN,0.89043,0.45419,0.46426,0.22715,-0.1245,-0.14304,-0.081809,-0.18133,-0.038021,0.40522,0.29029,0.21837,-0.093679,0.60983,0.2221,0.052245,-0.050273,-0.090745,-0.46175,0.059993,0.3777,-0.21048,0.17407,0.10845,-0.10654,-0.082364,NaN,-0.17053,0.34007,-0.25804,0.023911,-0.1043,-0.0078285,0.062051,-0.19584,0.13647,0.62616,-0.12078,0.69724,0.45097,0.4077,0.23002,0.178,0.51785,0.038551,-0.1341,-0.17014,-0.12003,0.43526,0.4861,0.10948,0.12018,-0.13656,0.56944,0.52461,0.25364,-0.2469,0.31996,0.15211,0.017392,0.37412,-0.25386,0.3568,0.29171,0.7686,0.097679,0.28725,-0.36708,0.52375,0.49126,0.39128,0.31017,-0.072021,0.41251,-0.26446,0.61642,0.017717,0.025774,0.23067,0.053409,0.089022,0.05174,0.32629,-0.2392,0.067142,-0.023756,0.38428,-0.39492,0.33136,0.16599,0.16147,0.021942,-0.25396,0.21677,0.043405,0.37536,0.30236,0.078485,-0.035013,-0.059781,-0.07969,-0.32018,0.19936,0.11689,-0.083076,-0.34981,0.7665,0.41122,0.54444,-0.16398,-0.2239,0.040523,-0.04141,0.45379,0.058793,0.0051863,0.45301,0.22883,0.4958,-0.1402,0.26351,-0.26577,0.3697,0.30331,0.27571,0.20504,0.67888,0.39303,0.3499,0.1423,0.029083,-0.35455,0.58444,0.26637,0.27184,0.13134,-0.1658,0.15617,0.21397,0.38355,0.42807,0.27268,-0.36565,-0.087489,0.12274,-0.046375,0.022183,-0.37635,0.3642,-0.28558,-0.39165,0.9381,-0.082652,0.23567,-0.21493,0.27007,0.6412,0.21254,-0.00036729,-0.12835,0.15401,0.11555,0.023355,-0.40258,0.5951,-0.31748,0.38193,0.28688,0.4006
0.18789,-0.21393,0.14959,0.114,-0.066927,0.27205,-0.065718,0.16024,0.19852,0.2167,-0.095307,0.20981,-0.047114,0.36668,0.49205,0.065229,0.071806,0.18919,0.27444,0.28597,0.19965,0.021038,1,-0.06402,0.32538,0.21658,-0.30338,-0.2066,0.12465,-0.31544,NaN,0.02581,0.17173,0.085764,0.024541,0.23645,0.29691,0.35805,0.23003,0.061176,-0.10715,-0.045434,-0.053128,0.32534,0.07688,0.25975,-0.22494,0.22122,0.06481,-0.19655,0.29659,0.21459,0.34219,0.16551,0.12284,0.37043,0.31608,NaN,0.19874,-0.34251,0.25923,0.16505,0.13097,0.22892,0.11931,0.11979,0.10304,0.3545,0.10144,0.10397,0.21855,0.25104,-0.39414,0.23813,0.16913,0.31281,0.02425,-0.02565,0.20744,0.074477,-0.3208,0.39164,0.14794,-0.094148,0.048478,-0.011402,0.17225,-0.077141,0.067996,0.15991,0.47629,0.35771,0.28451,0.30306,-0.069196,0.067584,0.30375,0.35669,-0.17536,0.10986,0.21835,0.067338,0.09685,-0.066648,-0.15416,-0.017449,0.15146,0.0010431,0.14169,-0.016448,0.37025,0.033179,-0.21789,-0.17345,-0.17208,-0.017382,0.075251,0.14018,0.40304,-0.043751,0.025098,-0.17142,0.36996,0.23727,0.25205,0.14019,0.083869,0.38488,0.24938,0.2318,0.22627,-0.039306,-0.10251,0.11888,-0.099877,0.47652,0.30996,0.042746,-0.010473,0.0025623,0.43743,0.013541,0.20068,-0.00051152,-0.063599,-0.21803,0.24357,-0.044021,0.17347,0.13311,0.12569,-0.041687,0.083275,0.098342,0.13426,0.15659,-0.17462,-0.056025,-0.16973,0.076817,0.20052,0.12587,0.094324,0.22546,0.38225,-0.21617,0.07483,0.08457,0.23326,0.48406,0.1513,0.078828,0.24447,-0.087452,-0.065241,-0.15922,0.38013,-0.25471,-0.067648,-0.01734,0.31749,0.21124,0.15537,-0.057771,0.10604,-0.068907,0.2553,-0.053196,0.20462,0.086675,0.29019,0.14434,0.27293,-0.18053,0.29074,-0.074585,0.16796,0.1985,-0.0026419,0.20833
0.6741,0.2048,0.32619,0.64499,0.52566,0.58612,0.026523,0.34574,0.52048,0.2113,0.32766,0.19077,0.076962,0.26427,0.081195,0.49393,0.15304,-0.013974,0.093303,0.38449,0.089323,-0.1147,-0.06402,1,0.16457,-0.017479,0.33479,0.11627,0.64707,0.33635,NaN,-0.11111,-0.31262,0.28054,-0.24124,0.44935,0.71065,0.52105,0.63366,0.32553,0.081135,0.33475,0.27271,0.21095,-0.052891,-0.0053142,-0.046094,-0.047319,0.58918,0.13796,0.31235,0.15599,0.19322,0.23248,-0.20591,0.11619,0.45595,NaN,0.55933,-0.024998,0.32283,0.72928,0.40779,-0.24353,0.2202,0.73745,0.051489,-0.036387,0.32929,-0.11363,0.29806,-0.16044,0.044936,0.2571,0.073823,-0.14453,0.41208,0.12125,0.074255,-0.21806,-0.31513,-0.24353,-0.17949,0.33552,0.07157,-0.25654,-0.033064,0.24741,0.31489,-0.067943,0.058184,-0.061943,0.41737,0.30059,-0.0029628,0.0031302,-0.061676,-0.59062,0.15524,-0.01514,-0.045448,-0.17375,0.10312,0.075294,0.12656,0.41403,0.090662,0.25487,-0.10413,-0.25195,0.42215,-0.28491,0.017409,0.15668,0.077203,0.40937,0.58001,0.029677,0.40727,0.5072,0.11161,0.15685,0.57623,0.69148,-0.18553,-0.12297,0.28814,0.33301,0.4753,0.42719,-0.095727,-0.2253,-0.11516,-0.092301,0.13851,0.24084,0.4478,-0.27728,0.39332,-0.18773,-0.16488,0.73891,0.032144,0.50722,-0.18069,0.32562,0.68112,-0.22054,0.073974,0.15338,0.45306,0.0052605,0.48235,0.36243,0.33719,0.29732,0.026849,-0.18763,-0.22196,0.25907,0.33786,-0.17976,0.33497,0.18913,0.29104,-0.089767,0.38031,0.026027,0.80503,0.24629,0.1575,-0.03166,0.41927,0.1254,-0.15573,0.16602,0.1972,-0.048394,0.53914,-0.0040766,0.51227,0.48031,-0.19882,0.26135,0.10705,0.15143,0.22439,-0.21739,0.36038,0.31157,0.49329,0.46665,-0.087834,0.38067,0.53997,-0.15862,-0.13937,0.095945,0.21885,-0.034165
