1,0.15385,-0.061198,0.34671,0.59436,0.64053,0.49749,0.10746,0.32501,0.355,0.45026,0.4259,0.23589,0.37735,0.21825,0.0078457,0.31752,0.2027,0.1315,0.69661,-0.089825,0.26545,0.40547,0.18999,0.52937,0.35231,-0.03841,0.092513,0.27895,0.39408,0.27997,0.64804,0.49927,0.65847,0.13723,0.36028,0.31977,0.36478,0.23359,0.213,0.34975,0.10189,0.055394,0.45968,0.54535,0.57265,0.29178,0.48754,0.25405,0.29331,0.48582,0.34878,0.21832,0.31926,0.80828,0.69266,0.38345,0.49016,0.76977,0.20221,0.038192,0.11833,0.35668,0.46289,0.24288,0.38553,0.20484,0.60037,0.42507,0.22182,0.11683,-0.079155,0.11241,0.19351,0.20142,0.17546,0.34879,0.58234,0.23083,0.034131,0.42238,0.3118,-0.074676,0.376,0.30156,-0.34198,0.4044,0.47825,0.010373,0.28194,-0.17373,0.35507,-0.16254,0.28978,0.31247,0.48555,-0.32451,0.37562,0.12918,0.18588,0.46783,0.34634,0.05825,0.39926,0.29118,0.1013,0.29746,0.2672,0.13293,0.38517,0.026381,0.25661,0.025034,0.34993,0.32841,0.47707,0.40265,0.22119,0.032607,0.22937,0.52256,0.53032,0.39231,0.17438,0.24849,0.83127,0.46245,0.67264,0.21162,0.48726,0.77658,0.56682,0.33664,0.3712,0.20143,0.14679,0.042239,0.11653,0.2783,0.21307,0.19557,0.12415,0.26316,0.32671,0.20889,0.56139,0.094712,0.58176,-0.13137,0.4083,0.071033,0.17215,0.63869,0.56624,0.17958,0.38046,0.24762,0.29995,0.10967,0.54728,0.45655,0.1686,0.24727,0.56162,0.53666,0.40319,0.39531,0.35606,0.3173,0.19961,0.23827,0.16117,0.25054,0.26066,0.55032,0.36438,0.27991,0.37787,0.63585,0.30479,0.18826,0.0079899,0.46268,0.33242,0.1454,-0.11781
0.15385,1,0.75846,0.43834,0.20492,0.1731,0.37922,0.55519,0.6458,0.81235,0.50154,0.51884,0.67825,0.53112,0.61151,0.24781,0.7144,-0.14844,0.22739,0.37506,0.14679,0.65661,0.81318,0.63634,0.43742,0.58796,0.51116,-0.19458,0.64652,0.51239,0.7056,0.18966,0.29457,0.24501,0.52611,0.69662,0.46325,0.75539,0.56383,0.56324,0.35891,0.36119,0.2612,0.1724,0.55706,0.27953,0.60978,0.37304,0.066241,-0.022194,0.42799,0.77038,0.57032,0.47678,0.082987,0.31032,0.16997,0.59559,0.22589,0.44396,0.34304,0.48886,0.70184,0.67184,0.59851,0.59535,0.65229,-0.02533,0.54685,0.353,0.39781,0.57817,0.60638,0.28982,0.73871,0.40697,0.29738,0.13673,0.58616,0.12597,0.51508,0.37431,0.62402,0.65299,0.35161,0.14975,0.24118,0.062647,0.68019,0.47503,0.36295,0.37747,0.55048,0.75018,0.54439,0.4201,-0.14718,0.50685,-0.14613,0.59899,0.26791,0.72397,0.017151,0.40321,0.40798,0.63833,0.40179,0.505,0.44758,0.28725,0.52563,0.6763,0.24499,0.0052157,0.77371,0.39406,0.17538,0.45844,0.33983,0.61973,0.26407,0.40054,0.37069,0.70741,0.54203,0.38671,0.63593,0.13655,0.53511,0.462,0.12177,0.50504,0.38019,0.75145,0.46697,0.40981,-0.021244,0.32681,0.67299,0.71452,0.36958,-0.19496,0.65447,0.6731,0.37795,0.50799,0.48969,0.5026,0.29596,0.42077,0.60047,0.59692,0.19949,0.18959,0.27049,0.35885,0.76886,0.31861,0.66273,0.13691,0.43058,0.34175,-0.08398,0.18204,0.40368,0.30949,0.56935,0.60139,0.48843,0.54684,0.82413,0.57413,0.42403,0.47978,0.23452,0.22952,0.72173,0.3423,0.28958,0.07311,0.45271,0.57213,0.75832,0.70314,0.35627,0.44706
-0.061198,0.75846,1,0.46886,0.10157,-0.020878,0.3352,0.6239,0.65279,0.76422,0.43431,0.54753,0.7683,0.36899,0.55143,0.43905,0.61183,-0.27753,0.24136,0.31277,0.27147,0.65018,0.76119,0.54446,0.33959,0.61222,0.54238,0.0016894,0.59585,0.46214,0.76057,0.042251,0.34145,0.18793,0.36559,0.73788,0.42947,0.73267,0.66592,0.74183,0.14634,0.38535,0.16609,0.32399,0.31981,0.23811,0.5221,0.09437,-0.018326,0.030668,0.25453,0.6279,0.4767,0.57159,-0.026758,0.37797,0.18011,0.56491,0.084274,0.24026,0.28361,0.62915,0.60575,0.45764,0.68877,0.53418,0.82407,-0.24641,0.64242,0.23321,0.44706,0.55752,0.57822,0.40445,0.62456,0.49778,0.36495,0.11414,0.57049,-0.22084,0.59645,0.24366,0.50927,0.48069,0.44698,0.18947,0.33559,0.066983,0.64951,0.46211,0.69794,0.40499,0.23974,0.77609,0.68506,0.48503,0.027462,0.28846,-0.068579,0.46725,0.34035,0.71151,0.0083147,0.46135,0.5227,0.70646,0.32678,0.38685,0.61557,0.27768,0.52979,0.47585,0.45377,-0.12883,0.72411,0.5095,0.18915,0.32552,0.3449,0.70287,0.37822,0.2892,0.3642,0.79585,0.32357,0.27927,0.55004,0.026078,0.55859,0.49119,-0.042449,0.56952,0.3435,0.66739,0.34729,0.41358,0.11119,0.36639,0.71651,0.77101,0.12755,0.003852,0.731,0.64928,0.59292,0.43236,0.6016,0.36973,0.22695,0.28639,0.43153,0.45522,0.16598,0.10401,0.11045,0.30084,0.76524,0.21558,0.74521,0.086144,0.37977,0.43715,-0.12417,0.17698,0.33843,0.39673,0.50318,0.49984,0.51298,0.62325,0.75141,0.51253,0.5905,0.52887,0.13376,0.090576,0.69504,0.21761,0.047741,0.12016,0.28279,0.4539,0.49867,0.70315,0.49787,0.5353
0.34671,0.43834,0.46886,1,0.43093,0.37539,0.5522,0.17252,0.68364,0.64592,0.5771,0.47045,0.60871,0.24439,0.38317,0.033028,0.48423,-0.24219,0.4466,0.5566,-0.18102,0.43337,0.49145,0.39475,0.51871,0.6498,0.2075,-0.22957,0.43864,0.23477,0.65817,0.37569,0.35862,0.53452,0.083588,0.48766,0.2833,0.57291,0.48836,0.47259,0.17342,-0.2319,-0.17135,0.34459,0.28877,0.23577,0.37132,-0.19686,0.034748,-0.0032179,0.45174,0.54019,0.54265,0.34955,0.38566,0.30757,0.099399,0.65731,0.32634,-0.031782,0.12784,0.3311,0.61167,0.54093,0.42031,0.28037,0.49487,-0.036945,0.65341,0.22057,0.021267,-0.22593,0.46474,0.26523,0.51086,0.45834,0.058641,0.1434,0.39021,-0.48711,0.43602,0.1873,0.014307,0.10805,0.21921,-0.086675,0.1347,0.14674,0.30401,0.33696,0.35884,0.058262,-0.16731,0.63581,0.63894,0.47638,-0.1876,0.31902,-0.025533,0.2091,0.44632,0.37756,0.059287,0.21216,0.64008,0.5156,0.17408,0.438,0.18495,0.19183,0.43442,0.2809,0.11509,0.26145,0.73034,0.49909,0.11921,0.29823,-0.19828,0.51985,0.44603,0.5467,0.032066,0.4878,-0.057894,0.48694,0.63235,0.26288,0.48783,0.37515,0.37274,0.47094,0.26027,0.41651,0.37763,0.28026,0.080534,0.50991,0.60628,0.58641,0.27008,-0.097282,0.56509,0.49966,0.47788,0.56793,0.46174,0.49518,-0.13229,0.37233,0.16378,0.088761,0.32899,0.081089,0.2682,0.39555,0.55937,-0.06203,0.31421,0.1677,0.68307,0.35777,-0.14731,0.37044,0.33657,0.51424,0.46957,0.26023,0.68819,0.088198,0.75151,0.28156,0.48404,0.33265,0.309,0.023856,0.65122,0.35708,0.27657,0.26666,0.095285,0.41126,0.30459,0.67983,-0.064105,0.068329
0.59436,0.20492,0.10157,0.43093,1,0.61705,0.62302,0.29524,0.4459,0.55612,0.60486,0.41845,0.52711,0.12699,0.38466,0.13546,0.51614,-0.22317,0.28185,0.5188,-0.015044,0.35204,0.42722,0.41464,0.7241,0.54111,-0.12567,0.24016,0.36962,0.42086,0.31948,0.46758,0.49302,0.78415,0.13397,0.48157,0.49329,0.50844,0.45567,0.36443,0.36632,0.33068,-0.044509,0.47723,0.44941,0.60187,0.17045,0.19302,0.45554,0.043625,0.57842,0.37297,0.48595,0.38313,0.60778,0.52056,0.15577,0.69588,0.71945,0.28552,0.076134,0.25433,0.49103,0.48729,0.44405,0.39212,0.36638,0.080211,0.53518,0.10926,0.21235,-0.1232,0.37455,0.23708,0.19713,0.23485,0.52186,0.50026,0.3264,-0.12478,0.57153,0.13995,0.16367,0.25529,0.52934,-0.1536,0.32987,-0.20819,0.061406,0.50829,-0.12372,0.21651,-0.022981,0.40504,0.53484,0.65225,-0.13145,0.38675,0.2019,0.11702,0.46991,0.46475,0.091753,0.2784,0.58656,0.36822,0.11838,0.30455,0.23923,0.66218,0.3702,0.28167,0.17695,0.50273,0.47749,0.57087,0.34453,0.21785,0.2469,0.33613,0.55641,0.66883,0.22336,0.44202,0.12153,0.58175,0.36552,0.7754,0.2658,0.35338,0.48309,0.40936,0.23364,0.4333,0.0024829,0.1753,0.21202,0.49228,0.40072,0.3661,0.13063,-0.13527,0.38252,0.41817,0.50036,0.69883,0.37116,0.42423,-0.025132,0.068123,-0.040301,0.37323,0.22824,0.30216,0.17352,0.42757,0.46628,0.22132,0.27619,0.60535,0.76216,0.33101,-0.12819,0.78027,0.5889,0.7461,0.56947,0.47602,0.54523,0.25188,0.39123,0.28324,0.51948,0.33201,0.55448,0.19265,0.56809,0.50988,0.83434,0.60206,0.13361,0.15171,0.55997,0.51748,0.41613,0.12105
0.64053,0.1731,-0.020878,0.37539,0.61705,1,0.64831,0.28736,0.35581,0.35349,0.32132,0.39421,0.25191,0.30826,0.22194,0.1619,0.31757,0.015325,0.12609,0.65551,0.10549,0.48006,0.33097,0.13761,0.77723,0.25612,-0.12876,0.11582,0.33895,0.41465,0.27434,0.54574,0.44735,0.78686,0.15778,0.25854,0.36762,0.28529,0.31095,0.32391,0.24998,0.18366,-0.019965,0.49726,0.3166,0.40161,0.21343,0.2052,0.070552,0.36315,0.44042,0.3204,0.11475,0.34462,0.51801,0.37653,0.076931,0.40668,0.62892,0.067008,0.047017,0.29528,0.40155,0.43386,0.14243,0.35017,0.19585,0.096422,0.43151,-0.095579,0.28645,-0.28289,0.009667,0.075998,0.1137,0.28627,0.20933,0.33797,0.19722,-0.09021,0.23576,-0.031902,0.010719,0.22617,0.046227,-0.58813,0.32276,-0.047552,0.09025,0.38584,-0.35055,0.32396,-0.22613,0.30945,0.30865,0.43597,0.1773,0.23465,0.13546,-0.12174,0.28931,0.22059,0.23067,0.22118,0.33647,0.20894,0.15744,0.28014,0.18139,0.60401,0.11676,0.049795,0.11349,0.49153,0.35866,0.42849,0.18519,0.11636,0.138,0.063906,0.46121,0.73501,0.26355,0.16237,0.096095,0.65946,0.34364,0.35549,-0.00037945,0.2254,0.46448,0.24664,0.25083,0.33406,-0.15039,0.47309,0.18559,0.2222,0.29893,0.23289,-0.028433,0.030595,0.40639,0.28909,0.29886,0.46237,0.28469,0.58725,-0.19236,0.19153,0.019013,0.10511,0.39653,0.46913,-0.13122,0.43051,0.27939,0.19976,0.12126,0.29739,0.3355,0.097667,0.039037,0.71032,0.34237,0.39699,0.45465,0.1927,0.46713,0.10106,0.24467,0.20479,0.23112,0.064444,0.66577,0.28321,0.33959,0.27091,0.61443,0.55301,0.19263,0.21235,0.32457,0.20397,0.10982,0.0026523
0.49749,0.37922,0.3352,0.5522,0.62302,0.64831,1,0.57009,0.72747,0.60951,0.66035,0.691,0.72676,0.15755,0.39275,0.20491,0.61847,-0.07686,0.095007,0.69267,0.28239,0.62897,0.56373,0.35931,0.69012,0.68757,-0.19985,0.29656,0.53242,0.70453,0.5822,0.43887,0.43226,0.6484,0.19129,0.54949,0.72298,0.60948,0.53367,0.69109,0.27533,0.25578,0.39877,0.60443,0.40532,0.152,0.71527,0.030365,0.27343,0.13397,0.42242,0.50908,0.43855,0.30414,0.26546,0.41255,0.15599,0.71283,0.37282,0.12402,-0.10244,0.6084,0.59649,0.59007,0.65544,0.59756,0.57577,0.017556,0.79675,0.15603,0.2264,0.017364,0.44944,0.52186,0.4139,0.64037,0.34851,0.18691,0.54526,-0.078659,0.634,0.021198,0.43283,0.51676,0.39633,-0.18757,0.44752,-0.010371,0.56183,0.57029,0.075965,0.35917,0.019115,0.66659,0.69964,0.7131,-0.080686,0.32834,-0.050211,0.14983,0.47677,0.4704,0.0030362,0.50591,0.59184,0.61412,0.40556,0.69669,0.2089,0.40186,0.5499,0.40906,0.40576,0.41589,0.65914,0.69195,0.25541,0.4247,0.20847,0.47046,0.73511,0.62473,0.23313,0.53744,0.1811,0.61636,0.54711,0.45267,0.32382,0.60873,0.21894,0.54151,0.55689,0.68557,0.2048,0.64305,0.34116,0.58275,0.7126,0.62836,0.11419,0.10089,0.62781,0.51008,0.70847,0.67764,0.50345,0.51854,-0.063791,0.36006,0.19028,0.24009,0.45288,0.41292,0.01636,0.75179,0.64064,0.15186,0.50005,0.26886,0.47157,0.32764,-0.12685,0.63589,0.52271,0.54423,0.44217,0.30392,0.62294,0.26821,0.63298,0.51647,0.50298,0.24373,0.39605,0.42913,0.67775,0.60431,0.52478,0.42699,0.50904,0.46548,0.58107,0.56959,0.2339,0.25562
0.10746,0.55519,0.6239,0.17252,0.29524,0.28736,0.57009,1,0.60594,0.6102,0.42495,0.61777,0.58759,0.36145,0.61137,0.42641,0.6709,-0.044606,0.10095,0.44615,0.64039,0.75781,0.70704,0.57423,0.42195,0.51312,0.1791,0.33858,0.62729,0.71115,0.64298,0.11331,0.39684,0.28216,0.20494,0.67636,0.65179,0.58981,0.61984,0.66396,0.22456,0.52092,0.44469,0.33324,0.40121,0.075519,0.68405,0.38027,0.40235,0.32645,0.14868,0.54051,0.43997,0.38702,0.022953,0.30248,0.10582,0.60965,0.23996,0.46768,0.29195,0.62297,0.55256,0.4127,0.72695,0.78073,0.60219,-0.36305,0.71996,0.10591,0.58417,0.51803,0.60352,0.54953,0.44663,0.50718,0.54054,0.046664,0.69674,0.16815,0.51553,-0.035885,0.57373,0.67398,0.4435,0.027509,0.57836,-0.18124,0.67489,0.67895,0.37921,0.48279,0.2577,0.56725,0.5418,0.54637,0.13834,0.20242,0.064068,0.47422,0.30131,0.65966,-0.12124,0.67715,0.47356,0.57334,0.50268,0.46461,0.51216,0.47693,0.54513,0.34518,0.19901,0.20182,0.47486,0.51984,0.45499,0.27127,0.60933,0.44494,0.52938,0.35283,0.34134,0.55535,0.33776,0.41588,0.35836,0.094172,0.30847,0.40974,0.070886,0.48032,0.50233,0.66797,0.16615,0.66559,0.15552,0.4397,0.71898,0.76275,0.15954,-0.066858,0.61733,0.50858,0.65962,0.30445,0.64319,0.30462,0.15993,0.29032,0.28917,0.31167,0.12648,0.25647,-0.087728,0.50691,0.68681,0.36358,0.54864,0.23617,0.23715,0.20928,0.075933,0.35227,0.29694,0.33,0.45422,0.56351,0.44718,0.584,0.55325,0.5769,0.26068,0.24606,0.2364,0.29516,0.53608,0.44312,0.21301,0.42087,0.46339,0.55558,0.63773,0.52039,0.58931,0.49889
0.32501,0.6458,0.65279,0.68364,0.4459,0.35581,0.72747,0.60594,1,0.80659,0.713,0.72208,0.79344,0.38455,0.62617,0.40819,0.7446,-0.20623,0.30975,0.65788,0.33118,0.76917,0.83595,0.68889,0.61721,0.8143,0.34491,0.16346,0.70802,0.69753,0.87326,0.36612,0.36402,0.56543,0.36204,0.75428,0.62094,0.72105,0.7153,0.78287,0.21323,0.33725,0.22014,0.37202,0.52,0.17292,0.72164,0.18727,0.26673,0.084776,0.71069,0.8444,0.62665,0.40534,0.18291,0.46865,0.23866,0.8065,0.3576,0.33359,0.091711,0.73001,0.70299,0.75078,0.81248,0.62347,0.77635,-0.10964,0.83042,0.42355,0.44992,0.3674,0.6765,0.63516,0.69598,0.75387,0.43106,0.26401,0.81284,0.027438,0.73026,0.24476,0.52405,0.67315,0.58542,-0.095728,0.48243,0.17194,0.68958,0.70343,0.30281,0.39222,0.21345,0.78254,0.92891,0.76445,-0.080009,0.43367,0.011657,0.3632,0.7094,0.73453,0.13706,0.60897,0.67575,0.78302,0.40648,0.64021,0.47983,0.32417,0.61047,0.64636,0.35395,0.077799,0.87509,0.64398,0.41946,0.43206,0.13906,0.64983,0.68267,0.54084,0.41082,0.6954,0.27444,0.54645,0.71522,0.22891,0.47406,0.59399,0.18371,0.78892,0.5107,0.82188,0.42897,0.59265,0.22106,0.63361,0.89263,0.82641,0.43774,-0.21126,0.85878,0.70995,0.6094,0.69613,0.60989,0.57991,0.20719,0.53125,0.43633,0.41345,0.51683,0.31877,0.20787,0.66305,0.90273,0.24598,0.6558,0.34917,0.45937,0.44256,-0.14465,0.48134,0.58459,0.59705,0.60677,0.57643,0.79421,0.47909,0.80885,0.69422,0.48645,0.58124,0.47251,0.18223,0.79534,0.65809,0.35131,0.4238,0.4804,0.74762,0.67552,0.80787,0.38026,0.63979
0.355,0.81235,0.76422,0.64592,0.55612,0.35349,0.60951,0.6102,0.80659,1,0.67471,0.65628,0.88576,0.40624,0.60716,0.20366,0.81816,-0.31394,0.21868,0.56461,0.17082,0.65174,0.89831,0.74647,0.66646,0.76844,0.36655,0.042546,0.70662,0.62672,0.80182,0.34872,0.49988,0.52906,0.37126,0.82414,0.62148,0.95371,0.6865,0.65684,0.43469,0.41227,0.19464,0.43582,0.52392,0.39448,0.62355,0.2876,0.2253,0.0053143,0.57317,0.86205,0.65332,0.59644,0.36964,0.50445,0.2413,0.76442,0.45252,0.44671,0.40269,0.45899,0.89903,0.71355,0.79269,0.70452,0.78003,0.012385,0.80437,0.38316,0.35586,0.39525,0.72391,0.50397,0.69079,0.46733,0.57523,0.20626,0.65555,-0.1051,0.70926,0.30832,0.59197,0.59842,0.64491,-0.0033835,0.33783,0.088263,0.59848,0.64926,0.35774,0.36267,0.28959,0.80867,0.7917,0.71021,-0.12142,0.4356,0.031814,0.58116,0.42282,0.79513,-0.011306,0.58305,0.72936,0.78162,0.36946,0.54996,0.47889,0.41582,0.61065,0.58334,0.32751,0.16998,0.85765,0.68967,0.33651,0.43632,0.24037,0.80414,0.56459,0.61649,0.32598,0.89795,0.40022,0.56324,0.70109,0.37466,0.62517,0.56098,0.22521,0.66482,0.3901,0.81723,0.54275,0.3686,0.001124,0.58307,0.82965,0.83667,0.20646,-0.22651,0.73249,0.81057,0.66935,0.74716,0.66427,0.51136,0.21295,0.46679,0.40185,0.5768,0.27694,0.29322,0.25755,0.49043,0.88128,0.30535,0.74452,0.41861,0.65743,0.41057,-0.18243,0.47373,0.46909,0.66688,0.71046,0.62159,0.73062,0.55607,0.92705,0.50533,0.6816,0.62089,0.38596,0.20474,0.86893,0.4498,0.47578,0.33768,0.30661,0.57137,0.76742,0.91272,0.51865,0.3929
0.45026,0.50154,0.43431,0.5771,0.60486,0.32132,0.66035,0.42495,0.713,0.67471,1,0.67903,0.66633,0.34377,0.53993,0.17576,0.68404,-0.050787,0.17255,0.49828,0.29772,0.63469,0.61982,0.44179,0.6032,0.87252,0.17203,0.21822,0.58347,0.55836,0.66309,0.41424,0.58458,0.56457,0.51683,0.73979,0.59121,0.61654,0.50277,0.51776,0.61155,0.25532,0.23267,0.42915,0.68037,0.19252,0.64025,0.17424,0.45039,0.28373,0.5309,0.67008,0.62611,0.45984,0.38599,0.53305,0.34066,0.77325,0.54183,0.34675,0.059619,0.50058,0.72912,0.66241,0.69396,0.56051,0.53814,0.015752,0.77286,0.39965,0.11291,0.18567,0.71688,0.58324,0.5888,0.53416,0.45046,0.34996,0.68482,0.073423,0.78815,0.5474,0.55295,0.50145,0.56607,-0.059386,0.3793,0.035264,0.62198,0.62242,0.38587,0.53208,0.17879,0.59341,0.71925,0.72093,-0.47296,0.28352,-0.048591,0.31618,0.63434,0.69357,-0.048379,0.59731,0.68645,0.46507,0.50866,0.58978,0.12489,0.3704,0.55285,0.68641,0.54022,0.32486,0.71183,0.61325,0.62402,0.44036,0.088411,0.38925,0.74635,0.57557,0.2513,0.63162,0.2483,0.57761,0.78202,0.43812,0.6509,0.51138,0.33796,0.69803,0.39614,0.7236,0.40264,0.38247,0.23919,0.66576,0.739,0.61707,0.31672,-0.040709,0.50832,0.6529,0.54268,0.88415,0.54776,0.55635,0.14774,0.41372,0.37156,0.31727,0.4385,0.4207,0.53877,0.61149,0.74239,0.33602,0.61509,0.46286,0.7321,0.69739,-0.19475,0.52801,0.65946,0.57665,0.62669,0.55471,0.64429,0.50275,0.67266,0.56604,0.63088,0.28675,0.3985,0.068466,0.8078,0.65751,0.63802,0.40578,0.41327,0.47701,0.68015,0.73689,0.31047,0.38384
0.4259,0.51884,0.54753,0.47045,0.41845,0.39421,0.691,0.61777,0.72208,0.65628,0.67903,1,0.66572,0.62699,0.61288,0.36798,0.47368,-0.04901,0.28008,0.65186,0.35943,0.6408,0.69949,0.44696,0.57504,0.67155,0.12294,0.37365,0.52238,0.62273,0.70296,0.46062,0.41793,0.54663,0.32337,0.7494,0.58091,0.62845,0.63985,0.76385,0.33253,0.53723,0.22773,0.72394,0.541,0.11957,0.70236,0.32764,0.11934,0.21325,0.41209,0.64573,0.41122,0.48265,0.34227,0.6179,0.41158,0.64622,0.30583,0.049215,0.21962,0.60461,0.609,0.40085,0.69995,0.71759,0.77282,0.16463,0.85642,0.21868,0.38322,0.38841,0.71217,0.57144,0.67125,0.70622,0.50276,0.14033,0.62424,0.076074,0.73508,0.18719,0.43679,0.66648,0.42775,-0.014957,0.47288,0.098447,0.60306,0.6761,0.39065,0.35428,0.069654,0.64034,0.73371,0.76838,-0.12593,0.43685,-0.13549,0.42994,0.43322,0.814,0.0044312,0.64486,0.55466,0.44832,0.57853,0.66207,0.51092,0.42523,0.63093,0.38062,0.3288,0.20013,0.75343,0.52743,0.38142,0.48394,0.29857,0.5966,0.86836,0.6315,0.27137,0.63193,0.29229,0.57258,0.7262,0.23267,0.54921,0.39411,0.41727,0.7394,0.74715,0.71244,0.39423,0.70154,0.072692,0.53261,0.75786,0.68704,0.10587,-0.043195,0.68168,0.51111,0.71328,0.6399,0.53803,0.54577,0.19331,0.48394,0.49682,0.26694,0.4241,0.68385,0.012703,0.46941,0.70554,0.25669,0.6373,0.11738,0.522,0.46207,0.027448,0.63815,0.55914,0.55628,0.53667,0.55745,0.60827,0.57279,0.58784,0.47626,0.61455,0.32566,0.55392,0.56364,0.55893,0.46272,0.30372,0.28312,0.39714,0.63762,0.6639,0.59345,0.53168,0.39426
0.23589,0.67825,0.7683,0.60871,0.52711,0.25191,0.72676,0.58759,0.79344,0.88576,0.66633,0.66572,1,0.23058,0.62738,0.28553,0.72847,-0.18646,0.26229,0.44558,0.16338,0.61461,0.79834,0.66962,0.54608,0.81779,0.21658,0.25158,0.5599,0.69184,0.77285,0.27907,0.29159,0.41205,0.336,0.78031,0.64478,0.8657,0.73917,0.79567,0.31775,0.40762,0.25188,0.46218,0.36737,0.33244,0.69552,0.01543,0.14384,-0.18563,0.47055,0.69172,0.65183,0.47257,0.13449,0.47109,0.35962,0.73419,0.24213,0.27743,0.21197,0.60434,0.72642,0.64619,0.83041,0.6663,0.84312,-0.060427,0.7845,0.29371,0.37204,0.38093,0.68232,0.60369,0.5858,0.65155,0.56513,0.13425,0.64636,-0.23916,0.78761,0.30189,0.58503,0.58666,0.63986,0.13741,0.3976,-0.0046669,0.64376,0.60363,0.45396,0.29739,0.23,0.81789,0.82522,0.68141,-0.18192,0.50878,-0.10363,0.3886,0.44587,0.72067,0.013328,0.61125,0.73264,0.75908,0.36109,0.68445,0.47546,0.36419,0.73555,0.50159,0.46128,0.15135,0.80901,0.70818,0.21616,0.50548,0.26656,0.7438,0.57538,0.48646,0.34934,0.92964,0.28809,0.4263,0.57637,0.35104,0.6231,0.63776,0.0050813,0.65002,0.3805,0.81072,0.48422,0.44958,0.19624,0.61879,0.8426,0.83409,0.15378,-0.076873,0.75814,0.65357,0.75069,0.72424,0.61352,0.40059,0.29032,0.3502,0.3641,0.41141,0.27867,0.18901,0.23862,0.50166,0.88044,0.25548,0.73719,0.319,0.60255,0.56767,-0.19164,0.43007,0.52356,0.66089,0.55123,0.55594,0.78062,0.5351,0.86044,0.58668,0.75377,0.62473,0.31618,0.23478,0.87098,0.38051,0.40337,0.20763,0.3608,0.48881,0.69645,0.87035,0.55212,0.44758
0.37735,0.53112,0.36899,0.24439,0.12699,0.30826,0.15755,0.36145,0.38455,0.40624,0.34377,0.62699,0.23058,1,0.50996,0.41292,0.26767,0.072287,0.35469,0.49957,0.1623,0.49539,0.60784,0.30909,0.38965,0.2274,0.33503,0.015016,0.40263,0.25001,0.55394,0.2738,0.34027,0.40119,0.36087,0.45702,0.0093107,0.31398,0.50797,0.3258,0.17669,0.33925,-0.15574,0.2425,0.44133,0.26361,0.40035,0.53102,-0.10748,0.34317,0.29186,0.51386,0.25367,0.30735,0.2379,0.37871,0.50716,0.42125,0.42221,-0.0016282,0.41087,0.24424,0.36561,0.2842,0.1792,0.56002,0.42388,0.30344,0.4253,-0.033086,0.57053,0.29667,0.33898,0.22664,0.51944,0.49559,0.28158,0.27091,0.38831,0.26562,0.31106,0.37682,0.19215,0.41643,0.098575,-0.086192,0.24127,0.25757,0.41602,0.30474,0.21739,0.21877,-0.028643,0.29988,0.34084,0.44416,-0.15838,0.32418,0.1249,0.35339,0.27659,0.67161,0.22127,0.44739,0.21965,0.13234,0.41382,0.29885,0.51932,0.45968,0.14306,0.26688,0.0099267,0.16155,0.42679,0.007402,0.19267,0.040812,0.37305,0.29912,0.45905,0.50639,0.23176,0.27618,0.16271,0.57013,0.53165,-0.040761,0.43412,0.046209,0.47458,0.55655,0.35415,0.35192,0.38071,0.58742,-0.084024,0.1369,0.44887,0.44726,0.21817,-0.32624,0.45397,0.19458,0.19239,0.26315,0.18968,0.44677,0.24139,0.42526,0.321,0.25255,0.45791,0.49971,0.045556,-0.065845,0.47644,0.39447,0.29871,0.12064,0.25922,0.26108,0.33939,0.44424,0.37109,0.26714,0.56234,0.58239,0.41145,0.52906,0.34229,0.26565,0.30245,0.14591,0.62818,0.41725,0.24039,0.079669,0.22954,0.28408,0.21708,0.46642,0.53947,0.34641,0.39327,0.27528
0.21825,0.61151,0.55143,0.38317,0.38466,0.22194,0.39275,0.61137,0.62617,0.60716,0.53993,0.61288,0.62738,0.50996,1,0.34007,0.54393,0.21375,0.66321,0.2732,0.3114,0.60107,0.68079,0.6515,0.31975,0.63867,0.57734,0.25848,0.31716,0.65559,0.65681,0.46376,0.08088,0.23463,0.33551,0.82958,0.44719,0.52162,0.82689,0.70373,0.4201,0.36038,0.0049343,0.18316,0.59463,0.34859,0.51289,0.33082,0.242,0.03627,0.41139,0.59052,0.72558,0.51012,0.15167,0.47697,0.47817,0.62348,0.28878,0.44233,0.35094,0.60406,0.39405,0.56746,0.59465,0.68979,0.64914,-0.17239,0.53192,0.16592,0.57143,0.5437,0.7291,0.51548,0.60407,0.6542,0.66513,0.22544,0.72031,0.093126,0.68939,0.50468,0.28267,0.72115,0.54558,0.19929,0.55172,-0.20702,0.43871,0.74429,0.39537,0.34315,0.27142,0.5449,0.56101,0.43822,-0.20849,0.71306,-0.15628,0.35581,0.45583,0.72566,0.21789,0.66519,0.5615,0.2973,0.4938,0.56559,0.58984,0.48782,0.74627,0.29945,0.13743,0.29297,0.57926,0.30445,0.45007,0.37454,0.25409,0.32816,0.4249,0.3197,0.47961,0.63657,0.2809,0.38896,0.50093,0.1454,0.5899,0.21823,0.24131,0.53381,0.35224,0.68982,0.29458,0.44037,0.21372,0.44953,0.68408,0.72045,0.5036,-0.24716,0.61247,0.28654,0.53955,0.45438,0.57853,0.42326,0.622,0.17693,0.55432,0.15056,0.12782,0.25088,0.30884,0.1696,0.70776,0.23355,0.54065,0.33092,0.5158,0.6815,-0.033594,0.27567,0.60465,0.47307,0.42062,0.88792,0.70556,0.51619,0.51409,0.56954,0.44143,0.51307,0.52842,0.12,0.51217,0.30028,0.3343,0.13062,0.20197,0.60092,0.64949,0.62526,0.54851,0.58604
0.0078457,0.24781,0.43905,0.033028,0.13546,0.1619,0.20491,0.42641,0.40819,0.20366,0.17576,0.36798,0.28553,0.41292,0.34007,1,0.36192,0.10946,0.17434,0.26168,0.37844,0.57365,0.42834,0.39266,0.43479,0.30928,0.25101,0.30731,0.54609,0.42847,0.54497,-0.18368,0.14045,0.30815,0.31859,0.24542,0.18769,0.043603,0.53568,0.55472,-0.084855,0.54429,0.060409,0.1179,0.21112,0.34127,0.2608,0.22996,-0.086142,0.022745,0.39991,0.30212,0.083613,0.076037,-0.16379,0.26115,0.39959,0.41046,0.21162,0.13574,-0.15766,0.67679,0.1392,0.27686,0.37607,0.39695,0.50292,-0.32638,0.37821,0.057814,0.73002,0.34942,0.11942,0.28313,0.31077,0.57938,0.1766,0.26999,0.41436,0.109,0.38936,0.12547,0.20391,0.31607,0.11203,-0.20042,0.29577,0.063019,0.43248,0.25481,0.13683,0.34016,0.074699,0.31876,0.47003,0.41306,0.27194,0.13803,0.15804,-0.21931,0.45365,0.45719,0.5453,0.2574,0.22623,0.30661,0.042782,0.20333,0.46568,0.57275,0.0085582,0.28398,0.20246,-0.1785,0.37064,0.26781,0.17173,0.053383,0.63223,0.14793,0.32588,0.32728,0.45934,0.2333,0.064687,0.18244,0.21033,-0.084897,0.16492,0.19652,-0.075592,0.51016,0.21215,0.31593,-0.069807,0.64192,0.32278,0.28085,0.44893,0.42703,0.047501,-0.13892,0.69921,0.21759,0.092814,0.18242,0.32444,0.22892,0.12483,0.32151,0.19075,0.32585,0.4936,0.03151,-0.0023454,0.27694,0.5139,0.34329,0.2833,0.14903,0.026446,0.27733,0.14354,0.4424,0.34909,0.28461,0.58692,0.40864,0.40988,0.45892,0.11198,0.66065,0.13086,0.40258,0.49672,0.093843,0.31052,0.13189,0.20777,0.41722,0.50292,0.2828,0.24873,0.20786,0.56629,0.63401
0.31752,0.7144,0.61183,0.48423,0.51614,0.31757,0.61847,0.6709,0.7446,0.81816,0.68404,0.47368,0.72847,0.26767,0.54393,0.36192,1,-0.11071,0.070337,0.50941,0.39812,0.6823,0.78831,0.71784,0.6862,0.78069,0.32793,0.0099865,0.85008,0.72622,0.77857,0.16907,0.5684,0.44335,0.32866,0.7039,0.67426,0.7432,0.67928,0.57722,0.5626,0.29545,0.42406,0.16848,0.67228,0.35635,0.67258,0.35675,0.43293,0.10352,0.51242,0.78958,0.66959,0.42467,0.23639,0.32452,0.20549,0.84505,0.52205,0.67695,0.10716,0.52885,0.82363,0.81361,0.77345,0.77826,0.60797,-0.20294,0.76146,0.41741,0.30511,0.35986,0.6504,0.56778,0.71624,0.45068,0.47422,0.23614,0.71232,0.14146,0.685,0.36321,0.60667,0.57832,0.61208,-0.1115,0.27883,0.060428,0.69789,0.61348,0.218,0.53644,0.37653,0.72362,0.69883,0.65648,-0.07893,0.21346,0.11069,0.35383,0.4759,0.64828,0.17848,0.53843,0.69457,0.74743,0.37065,0.54958,0.17812,0.47364,0.40059,0.71309,0.33538,0.29854,0.72179,0.6396,0.45209,0.30834,0.34091,0.59092,0.48693,0.55459,0.29197,0.70841,0.33547,0.55255,0.67307,0.37172,0.6269,0.51422,0.10678,0.60875,0.3384,0.76012,0.45314,0.42072,0.20789,0.70217,0.85072,0.85041,0.30503,-0.23139,0.68688,0.72391,0.53403,0.66049,0.75378,0.42783,0.11811,0.53201,0.3487,0.62826,0.37871,0.11098,0.40073,0.63476,0.8299,0.21208,0.71476,0.53333,0.5398,0.37985,-0.27599,0.42036,0.48243,0.56582,0.78788,0.6233,0.61573,0.40226,0.79939,0.68753,0.46108,0.51926,0.3015,0.059129,0.8114,0.60226,0.61422,0.44679,0.57054,0.58208,0.68949,0.79096,0.37478,0.4684
0.2027,-0.14844,-0.27753,-0.24219,-0.22317,0.015325,-0.07686,-0.044606,-0.20623,-0.31394,-0.050787,-0.04901,-0.18646,0.072287,0.21375,0.10946,-0.11071,1,0.07775,-0.20518,0.090855,-0.047279,-0.11465,0.052353,-0.22855,0.045684,0.011653,0.24778,-0.15897,0.31327,-0.048744,0.08816,-0.35503,-0.3498,0.18242,-0.066915,-0.010961,-0.35564,-0.0088473,-0.016021,0.28775,-0.085835,0.22305,-0.21877,0.13336,0.074104,0.17623,0.19493,-0.007437,-0.04949,-0.080421,-0.11279,0.023817,-0.20832,-0.051664,0.062004,0.58887,-0.178,-0.012217,0.18724,-0.043092,0.074163,-0.23344,0.10657,-0.093504,0.1745,-0.17242,0.071222,-0.14292,-0.020213,0.084886,0.13208,-0.071863,0.17486,-0.052767,0.13187,0.070117,-0.16991,-0.016098,0.14035,-0.047846,0.37614,-0.22421,0.19506,-0.1871,-0.18069,0.21994,0.14179,0.005971,-0.02511,0.0057433,0.16763,0.044199,-0.16825,-0.27315,-0.27907,-0.31173,0.23954,-0.19601,-0.23362,-0.10534,-0.12241,0.20208,0.24924,-0.23201,-0.51223,0.14312,0.15933,-0.20862,-0.079896,-0.097174,-0.16501,-0.24001,-0.016097,-0.28111,-0.021776,0.15018,0.12065,0.017043,-0.45856,-0.15131,-0.23,0.35268,-0.16439,0.15219,-0.038039,-0.1074,-0.18036,0.050689,-0.020987,0.010036,0.052264,-0.0071521,0.0070065,0.11511,0.079715,-0.033153,-0.15924,-0.016979,-0.028011,0.082118,0.24329,-0.065974,-0.30084,-0.34379,-0.076823,-0.048307,-0.10107,0.17355,0.20933,0.16951,-0.51616,0.24677,-0.077131,0.28513,-0.029746,-0.1085,0.19212,-0.24547,0.086291,-0.1997,0.2828,0.42389,-0.26741,0.06825,-0.34656,-0.1309,0.16577,0.040699,0.025994,-0.2894,0.28143,-0.32957,0.021832,0.10429,0.020994,-0.20147,-0.29125,-0.018153,-0.37767,0.15415,-0.15755,-0.021691,-0.16897,0.015657,-0.011877
0.1315,0.22739,0.24136,0.4466,0.28185,0.12609,0.095007,0.10095,0.30975,0.21868,0.17255,0.28008,0.26229,0.35469,0.66321,0.17434,0.070337,0.07775,1,0.16873,-0.096043,0.25116,0.29538,0.36603,0.11315,0.28112,0.35925,-0.098936,-0.027868,0.13889,0.32171,0.28666,-0.1047,0.24713,-0.012783,0.41444,0.059721,0.18018,0.59458,0.39852,-0.0025033,-0.015572,-0.42958,-0.03202,0.24306,0.36544,-0.046969,-0.0024254,0.14797,-0.1409,0.3134,0.23307,0.57358,0.21552,0.12182,0.39424,0.28782,0.38679,0.12193,-0.041479,0.34633,0.34493,-0.046432,0.30188,0.10813,0.17262,0.28911,-0.089032,0.14305,-0.0387,0.30805,0.085832,0.3496,-0.019331,0.31857,0.41967,0.17557,0.21862,0.21792,-0.25367,0.23163,0.18879,-0.29866,0.18993,0.12317,0.23988,0.45122,-0.10754,-0.014404,0.43478,0.29019,0.007594,-0.12198,0.34174,0.31139,0.22392,-0.062572,0.66873,-0.031152,0.12618,0.26092,0.35171,0.36821,0.075626,0.2482,-0.056567,0.15733,0.17836,0.53959,0.33017,0.42312,-0.10368,-0.092508,0.12567,0.26598,0.017912,0.057703,0.067714,-0.10006,0.14838,0.1351,0.21778,0.255,0.23197,0.017534,0.15189,0.17852,0.042451,0.31285,-0.0052638,0.38838,0.22043,0.22509,0.17245,0.053147,0.12026,-0.026438,0.09256,0.21999,0.32587,0.58639,-0.11155,0.3853,-0.0269,0.29174,0.13657,0.29181,0.21995,0.23887,-0.053914,0.18236,-0.15326,0.062097,0.028666,0.15601,-0.19143,0.24029,-0.10529,0.089055,0.10394,0.47952,0.45345,0.16464,0.1721,0.4621,0.39821,0.1235,0.60775,0.45674,0.032877,0.19085,0.19859,0.21459,0.38012,0.49399,0.14503,0.11582,0.15209,0.066854,-0.019978,-0.09358,0.29957,0.24743,0.23459,0.11991,0.25387
0.69661,0.37506,0.31277,0.5566,0.5188,0.65551,0.69267,0.44615,0.65788,0.56461,0.49828,0.65186,0.44558,0.49957,0.2732,0.26168,0.50941,-0.20518,0.16873,1,0.049607,0.55789,0.65715,0.29011,0.71168,0.43344,-0.021775,0.13936,0.54343,0.43965,0.54784,0.4499,0.58814,0.77357,0.012895,0.49854,0.33444,0.58179,0.49514,0.50711,0.12088,0.26056,0.040323,0.56699,0.45137,0.38567,0.52609,0.25705,0.17924,0.41659,0.50173,0.54682,0.29405,0.45518,0.47716,0.54705,0.1561,0.73428,0.59944,0.011205,0.14778,0.41358,0.55953,0.5075,0.39637,0.51876,0.45343,0.27468,0.70463,0.20826,0.26791,-0.020371,0.24611,0.42626,0.43009,0.39921,0.21218,0.46354,0.44654,-0.09708,0.46513,0.036141,0.13517,0.41751,0.33129,-0.26715,0.40801,0.39368,0.37627,0.50239,0.094821,0.43718,-0.29731,0.59332,0.63111,0.64062,0.12346,0.25934,0.012941,0.2166,0.53263,0.59274,0.0082361,0.40155,0.47824,0.55095,0.54169,0.53013,0.3197,0.45773,0.25309,0.3683,0.1781,0.32726,0.61596,0.56647,0.26516,0.31739,0.18609,0.47124,0.63475,0.75875,0.27845,0.36925,0.11254,0.85499,0.64267,0.45087,0.21895,0.55387,0.62277,0.71227,0.50451,0.42758,0.19293,0.57481,0.027616,0.41239,0.58315,0.52148,0.27364,0.033356,0.63276,0.55117,0.53068,0.53142,0.311,0.77874,-0.26032,0.46229,0.24355,0.30847,0.68536,0.64735,-0.15224,0.52983,0.52473,0.15493,0.38003,0.19758,0.41601,0.14513,0.12585,0.7445,0.5766,0.58913,0.57423,0.30424,0.48916,0.30393,0.51901,0.36651,0.40431,0.17235,0.6004,0.47063,0.50196,0.55166,0.49463,0.4713,0.46823,0.46986,0.56749,0.40701,0.21097,0.11158
-0.089825,0.14679,0.27147,-0.18102,-0.015044,0.10549,0.28239,0.64039,0.33118,0.17082,0.29772,0.35943,0.16338,0.1623,0.3114,0.37844,0.39812,0.090855,-0.096043,0.049607,1,0.53956,0.28905,0.25146,0.24378,0.32066,0.18897,0.23899,0.46919,0.5454,0.37558,-0.026227,0.36813,0.11156,0.29175,0.3775,0.59528,0.12873,0.33035,0.36589,0.33018,0.36307,0.54721,0.057137,0.38172,-0.30037,0.38046,0.393,0.44174,0.43259,0.047021,0.3725,0.17097,0.11801,-0.096059,0.15244,0.062233,0.20815,0.098218,0.4495,-0.027051,0.49315,0.24666,0.23729,0.48999,0.53058,0.27824,-0.38591,0.40183,0.086255,0.30636,0.45155,0.43,0.33471,0.35523,0.42272,0.38688,-0.064418,0.49394,0.53201,0.31307,0.0093214,0.52638,0.46018,0.26659,-0.22195,0.42563,-0.12734,0.5484,0.52153,0.087504,0.52496,0.3077,0.18064,0.30222,0.46608,0.13715,-0.21679,0.27033,0.16079,0.19263,0.28348,0.22037,0.47047,0.21153,0.16534,0.23022,0.097227,0.18451,0.25684,0.13157,0.26028,0.41942,0.048436,0.11383,0.18376,0.54775,-0.12944,0.22453,0.10212,0.49501,0.11609,0.15783,0.19792,0.26259,0.088115,0.22693,-0.23304,0.25876,0.018655,-0.16747,0.19556,0.40049,0.48147,0.066803,0.4159,0.24454,0.27939,0.43179,0.40669,0.018485,-0.037901,0.27601,0.23524,0.34964,0.15926,0.61406,-0.051389,0.19328,0.25423,0.12886,0.19146,0.096878,0.19924,0.078863,0.35024,0.32696,0.15085,0.48025,0.29479,-0.082589,0.16301,-0.14861,0.12157,0.092759,0.078287,0.24877,0.38317,0.1415,0.25511,0.11673,0.36014,0.039994,0.13097,0.13133,0.053383,0.13295,0.41549,0.041917,0.3757,0.31033,0.45339,0.19308,0.18413,0.26421,0.5741
0.26545,0.65661,0.65018,0.43337,0.35204,0.48006,0.62897,0.75781,0.76917,0.65174,0.63469,0.6408,0.61461,0.49539,0.60107,0.57365,0.6823,-0.047279,0.25116,0.55789,0.53956,1,0.76117,0.55346,0.66012,0.63712,0.34474,0.18561,0.73002,0.63895,0.82665,0.13924,0.47489,0.57772,0.46539,0.65184,0.61189,0.56523,0.60568,0.67747,0.21996,0.43971,0.22576,0.27935,0.46788,0.19784,0.63979,0.26507,0.27015,0.35282,0.47731,0.67889,0.39629,0.35489,0.09086,0.50879,0.2209,0.68937,0.36394,0.37813,0.16802,0.7836,0.60815,0.63007,0.69888,0.62343,0.57721,-0.34507,0.72582,0.34052,0.59194,0.37334,0.50805,0.38527,0.51002,0.68988,0.29044,0.31998,0.8027,0.10356,0.59697,0.20758,0.56775,0.65022,0.25727,-0.11571,0.6392,0.044349,0.76603,0.66757,0.32972,0.63538,0.23525,0.63652,0.65697,0.63996,0.049315,0.29767,0.019681,0.25694,0.62053,0.67685,0.13215,0.59448,0.57729,0.5362,0.46387,0.49171,0.50773,0.60476,0.46596,0.52138,0.43175,0.067261,0.66602,0.58071,0.55622,0.37404,0.38867,0.33263,0.60259,0.58223,0.47665,0.54077,0.29491,0.49851,0.52732,0.040253,0.37919,0.55084,0.15098,0.61232,0.39535,0.743,0.13911,0.70883,0.26248,0.45145,0.73393,0.69125,0.3686,-0.068958,0.80741,0.66864,0.48561,0.52944,0.61193,0.59044,0.14314,0.47966,0.39426,0.33163,0.44438,0.30842,0.2384,0.63898,0.78737,0.52654,0.54327,0.27655,0.39073,0.4282,0.061669,0.49306,0.44464,0.44464,0.62722,0.56673,0.65026,0.53136,0.62858,0.7068,0.31622,0.39332,0.5129,0.11194,0.728,0.57712,0.38839,0.51424,0.61294,0.57173,0.62866,0.57091,0.41787,0.55988
0.40547,0.81318,0.76119,0.49145,0.42722,0.33097,0.56373,0.70704,0.83595,0.89831,0.61982,0.69949,0.79834,0.60784,0.68079,0.42834,0.78831,-0.11465,0.29538,0.65715,0.28905,0.76117,1,0.78545,0.60722,0.71377,0.40411,0.15319,0.74233,0.7264,0.85481,0.29088,0.44144,0.49862,0.42962,0.8312,0.55215,0.85321,0.77012,0.7126,0.32681,0.53369,0.23017,0.33195,0.56557,0.42864,0.71802,0.44338,0.26302,0.12475,0.61312,0.89024,0.64868,0.52854,0.23623,0.57848,0.42558,0.78805,0.47851,0.45155,0.43996,0.59639,0.77206,0.75871,0.76086,0.79501,0.77627,0.056173,0.77288,0.3599,0.58664,0.5588,0.64807,0.59528,0.69928,0.59675,0.57842,0.30066,0.72901,0.049291,0.67667,0.36235,0.5792,0.74391,0.61653,-0.040681,0.54542,0.26597,0.70821,0.69779,0.39729,0.51387,0.24264,0.80476,0.80483,0.72129,-0.088174,0.50086,0.066256,0.55943,0.51158,0.89941,0.089896,0.69651,0.59175,0.71729,0.51444,0.58521,0.61819,0.45442,0.52465,0.62217,0.29947,0.052269,0.77802,0.63941,0.38816,0.39327,0.37968,0.71215,0.56473,0.57433,0.54031,0.81712,0.46611,0.63421,0.67297,0.25431,0.557,0.62736,0.26401,0.82554,0.46592,0.81822,0.54263,0.54365,-0.030741,0.47114,0.86016,0.87179,0.38223,-0.18336,0.83607,0.75412,0.57603,0.65384,0.59392,0.56358,0.24457,0.55972,0.45898,0.52101,0.51474,0.37536,0.19197,0.45764,0.91323,0.45052,0.70501,0.41779,0.46897,0.44139,0.099447,0.47136,0.59452,0.59439,0.71917,0.74448,0.72315,0.68639,0.81987,0.6729,0.54155,0.62757,0.52398,0.33073,0.78036,0.45774,0.41497,0.32867,0.48382,0.63112,0.86125,0.81229,0.61401,0.55354
0.18999,0.63634,0.54446,0.39475,0.41464,0.13761,0.35931,0.57423,0.68889,0.74647,0.44179,0.44696,0.66962,0.30909,0.6515,0.39266,0.71784,0.052353,0.36603,0.29011,0.25146,0.55346,0.78545,1,0.45102,0.6838,0.33749,0.12691,0.66842,0.69252,0.73366,0.055756,0.11671,0.26777,0.33222,0.61844,0.57596,0.64143,0.63852,0.53286,0.33616,0.45209,0.26147,0.014605,0.4209,0.35487,0.50004,0.40482,0.40204,-0.28229,0.64183,0.80132,0.68628,0.18468,0.14589,0.38519,0.41214,0.61547,0.29464,0.64394,0.45017,0.45727,0.64327,0.7011,0.75412,0.6696,0.58975,-0.19573,0.59358,0.4519,0.4852,0.53431,0.70272,0.47121,0.60241,0.45916,0.5259,-0.017087,0.60911,0.057182,0.49215,0.22571,0.4495,0.60921,0.51022,-0.02121,0.44391,0.081311,0.52379,0.64467,0.25581,0.2402,0.45817,0.61814,0.64171,0.54863,-0.064984,0.51867,0.13059,0.47717,0.30665,0.67182,0.2069,0.50607,0.49578,0.51069,0.18759,0.42346,0.44067,0.33385,0.4629,0.44024,-0.052747,-0.12762,0.59102,0.58616,0.35653,0.36365,0.29623,0.57535,0.31336,0.37386,0.45487,0.69678,0.46755,0.2264,0.37025,0.12376,0.46796,0.41197,0.071351,0.58156,0.3365,0.68126,0.55337,0.29204,-0.20942,0.48002,0.72306,0.78192,0.38374,-0.34658,0.71759,0.62885,0.33405,0.4989,0.64566,0.15835,0.26684,0.57504,0.3426,0.36194,0.26707,-0.051547,0.36596,0.41314,0.78382,0.38275,0.44796,0.48361,0.44037,0.33591,0.11425,0.2467,0.35511,0.49161,0.61901,0.73351,0.69376,0.4445,0.6717,0.69622,0.23228,0.7829,0.39288,0.14768,0.64578,0.36797,0.29527,0.21127,0.38678,0.54212,0.69438,0.74639,0.58857,0.52519
0.52937,0.43742,0.33959,0.51871,0.7241,0.77723,0.69012,0.42195,0.61721,0.66646,0.6032,0.57504,0.54608,0.38965,0.31975,0.43479,0.6862,-0.22855,0.11315,0.71168,0.24378,0.66012,0.60722,0.45102,1,0.56958,0.053643,0.11824,0.71964,0.5243,0.61809,0.29465,0.6577,0.87838,0.25936,0.48129,0.53556,0.57009,0.5479,0.49358,0.42895,0.41241,0.077636,0.48158,0.50317,0.47294,0.37784,0.25349,0.17909,0.21723,0.63688,0.63829,0.30954,0.4196,0.47719,0.49105,0.19826,0.71192,0.66495,0.25112,0.088945,0.4511,0.72786,0.61464,0.50394,0.57586,0.47461,-0.034201,0.71466,0.25311,0.29393,-0.039737,0.3548,0.28462,0.49601,0.4288,0.30284,0.36529,0.46391,-0.029915,0.55665,0.13854,0.343,0.33553,0.3048,-0.4289,0.25069,0.053834,0.42755,0.56253,-0.10134,0.45953,-0.015388,0.55745,0.63276,0.73966,0.19391,0.17045,0.149,0.0086379,0.45684,0.54769,0.35493,0.30744,0.65852,0.51631,0.23861,0.43818,0.2137,0.74799,0.21866,0.39982,0.35707,0.36747,0.67828,0.61511,0.33188,0.25125,0.25967,0.41094,0.64629,0.93921,0.20852,0.51191,0.13688,0.6411,0.61803,0.39048,0.40083,0.34606,0.35101,0.52128,0.33175,0.53925,0.1404,0.52674,0.15657,0.61872,0.61973,0.5442,0.036047,-0.18334,0.68478,0.62903,0.47697,0.70634,0.60361,0.60168,-0.11625,0.47964,0.20666,0.50349,0.50685,0.42768,0.1535,0.58249,0.62445,0.22443,0.51264,0.39944,0.60315,0.29324,-0.19699,0.86518,0.47162,0.73362,0.85576,0.4041,0.64727,0.2519,0.54537,0.45732,0.52525,0.37096,0.71108,0.21588,0.66853,0.51021,0.76272,0.66226,0.46404,0.46276,0.51379,0.51525,0.33945,0.23412
0.35231,0.58796,0.61222,0.6498,0.54111,0.25612,0.68757,0.51312,0.8143,0.76844,0.87252,0.67155,0.81779,0.2274,0.63867,0.30928,0.78069,0.045684,0.28112,0.43344,0.32066,0.63712,0.71377,0.6838,0.56958,1,0.26094,0.15457,0.69203,0.76077,0.7702,0.3788,0.43144,0.43515,0.53186,0.80928,0.74473,0.68396,0.66231,0.74096,0.57214,0.28284,0.39346,0.40755,0.66831,0.27338,0.67344,0.18089,0.42054,0.010124,0.61964,0.7741,0.77362,0.46663,0.3095,0.5215,0.37944,0.79295,0.42889,0.45999,0.055163,0.67919,0.7523,0.80005,0.84216,0.64032,0.74552,-0.10904,0.82921,0.39584,0.21945,0.34241,0.78986,0.63059,0.71567,0.61412,0.51467,0.16886,0.65949,-0.076132,0.79659,0.45045,0.50388,0.57325,0.62564,-0.11945,0.44865,0.044705,0.64431,0.67042,0.45399,0.49646,0.29965,0.80678,0.84725,0.7288,-0.36359,0.43391,-0.015178,0.35493,0.55006,0.69889,0.10955,0.57253,0.65192,0.60273,0.35405,0.6004,0.25762,0.28129,0.6031,0.66948,0.4443,0.13647,0.80614,0.76972,0.48445,0.46538,0.13264,0.57829,0.66023,0.47099,0.42746,0.77363,0.42412,0.46466,0.75863,0.38743,0.66496,0.59287,0.21034,0.73572,0.52683,0.84541,0.47936,0.39108,0.18529,0.64856,0.8626,0.80912,0.28621,0.041246,0.70607,0.71928,0.57825,0.87322,0.73248,0.43425,0.13716,0.48405,0.40473,0.3273,0.43489,0.201,0.47425,0.67868,0.83911,0.22698,0.6823,0.48316,0.67677,0.68665,-0.17278,0.39013,0.652,0.54251,0.62921,0.63571,0.7326,0.51582,0.77458,0.74494,0.5886,0.57489,0.33021,0.13163,0.84797,0.57524,0.47719,0.26773,0.4181,0.51263,0.66972,0.85644,0.38845,0.54717
