1,0.23079,0.054903,-0.086445,-0.023264,0.37378,0.5038,0.045424,0.093081,0.15613,0.058389,0.45606,0.28671,0.12775,-0.22493,0.13864,0.23746,0.098181,-0.2527,0.84731,0.087636,-0.13139,-0.14607,0.25992,0.30191,0.34565,-0.14703,0.31214,0.14621,0.30032,0.2999,-0.052109,0.53929,0.53459,0.33529,0.026833,0.087185,0.22084,0.17014,0.31202,-0.15535,0.075278,0.32875,0.20615,0.40719,0.024918,0.038942,0.054655,0.48818,0.26707,0.44975,0.28091,-0.25664,0.1807,0.66547,-0.20246,0.014479,0.24707,0.7549,0.1078,0.056628,0.32375,0.23903,0.078242,0.02656,0.083216,0.36786,-0.068071,0.40193,-0.056897,-0.083795,0.37094,-0.088539,0.095349,0.20612,0.0010177,0.19245,0.35728,0.27794,0.030935,-0.19914,-0.05232,0.13775,0.12584,0.26938,-0.2738,-0.15557,0.19319,0.1815,-0.095637,-0.29481,0.17085,0.081616,0.40028,-0.2563,0.50282,0.04204,0.084444,0.022095,-0.14266,0.31024,0.086538,0.051868,-0.020472,0.46893,0.42435,0.23045,0.032982,-0.053242,0.32126,0.085954,0.28566,0.23259,0.25989,0.25725,0.15729,-0.28558,-0.0055411,-0.17084,0.20767,0.45086,0.41921,0.032761,0.18438,0.10211,0.74637,-0.12767,-0.24824,-0.027236,-0.070344,0.44288,0.35918,0.29927,-0.025458,-0.15593,0.098746,-0.31551,0.35561,0.245,0.34121,0.44312,0.34479,0.38309,-0.026514,-0.014885,0.28058,-0.15954,0.46946,-0.0052308,0.035861,-0.0042548,-0.3132,0.29768,0.2015,-0.36561,0.33155,-0.090956,-0.17072,0.17018,-0.14002,0.059036,-0.036159,0.28117,0.67104,-0.16952,0.27391,0.4547,0.1887,-0.21223,0.13975,0.089062,-0.16357,0.20967,0.083153,0.67718,-0.014138,0.43,0.090067,0.23606,0.45205,0.25141,-0.0015714,-0.17152,-0.043317,-0.07496,-0.29769
0.23079,1,0.028836,0.2465,-0.1709,0.219,0.28784,0.085782,0.54241,0.14271,0.16617,0.39712,0.28095,0.12802,0.086354,0.29293,0.13376,0.28191,0.17598,0.23832,-0.2184,0.1577,0.22419,0.19974,0.37756,0.0021997,0.12708,0.36616,0.22419,0.091767,0.52843,-0.038514,0.042471,0.38619,0.16066,0.3568,0.35504,0.28749,0.1781,0.26052,0.43566,0.059628,-0.064655,0.21271,0.15621,0.11094,-0.12155,0.45381,0.20284,0.33961,0.1964,0.065879,-0.24261,0.20846,0.19414,0.047407,0.23244,0.27399,0.17769,0.1233,0.22645,0.26135,0.36229,0.36152,0.35705,-0.039108,0.21638,0.30639,0.26709,-0.13425,0.092273,0.47781,-0.23794,-0.085344,0.15612,0.1091,-0.26372,0.24586,0.28333,0.15133,-0.1476,0.26236,0.16833,0.067176,-0.00051336,-0.25204,-0.23526,0.30767,0.37152,0.12252,0.17166,0.08708,0.20508,0.32642,0.17748,0.13436,0.30748,0.46679,-0.0085324,0.134,0.22672,0.42246,0.077429,0.3378,0.015365,0.25643,0.4111,0.25814,0.51554,0.58992,0.14668,0.45639,-0.071998,0.025928,0.42135,-0.089213,-0.19985,-0.22295,0.086221,0.30663,-0.088887,0.45932,0.05945,0.23881,0.36984,0.41172,0.25159,-0.4242,0.20687,-0.023706,-0.011973,0.48159,0.18555,-0.10212,-0.21596,0.39485,0.0040539,0.31004,0.2129,0.025135,0.17684,0.308,0.2587,0.11387,-0.29675,0.30788,0.085566,-0.037203,0.2322,0.050109,0.27432,0.18989,0.15368,0.10857,-0.30968,0.27072,0.46111,0.0079298,0.14486,0.078671,0.043103,0.060809,0.20572,0.096538,0.053626,0.15207,0.36706,0.19226,0.3251,-0.14371,0.33702,0.35206,0.1023,0.38718,0.17145,0.27882,0.56838,0.18999,0.45389,0.48912,0.27613,0.10038,0.41072,0.057804,0.21533,0.44881
0.054903,0.028836,1,0.64317,0.023859,0.58039,0.68545,0.34021,0.41881,0.70983,0.1936,0.34083,0.64661,0.55652,0.43666,0.65205,0.52198,0.21001,0.6556,-0.012441,-0.038763,0.2705,0.2733,0.42696,0.46251,0.74101,0.50996,0.55108,0.59899,0.53157,0.37823,-0.23009,0.041881,0.30412,0.26758,0.7294,0.10833,0.44552,0.57738,0.72007,0.53335,0.14174,0.36106,-0.082439,0.47313,0.62349,0.56944,0.48265,-0.04636,0.11119,0.3206,0.71016,0.31201,0.25623,0.11114,0.42604,0.040031,0.63698,0.14456,0.031268,0.43016,0.69462,0.66901,0.23641,0.3048,0.64477,0.57673,0.1916,0.44944,0.036353,0.38976,0.57228,0.58319,0.54516,0.60466,0.52527,0.53514,0.49792,0.58591,0.14346,0.63165,0.46598,0.46249,0.45251,0.42786,0.20737,0.24385,0.18818,0.46118,-0.052619,0.1829,0.31168,0.28551,0.60037,0.53855,0.43786,0.45854,0.55345,0.53628,0.58077,0.52572,0.25141,0.50352,0.52268,0.59429,0.43859,0.39535,0.40036,-0.060141,0.041245,0.40756,0.60738,0.095267,-0.18104,0.69508,0.6689,0.0028884,0.33658,-0.06418,0.59693,0.37647,0.53943,0.62493,0.66232,0.35131,0.090115,0.32569,-0.07066,0.56302,0.14095,0.38109,0.46535,0.20027,0.12062,0.50322,0.53637,-0.13386,0.41534,0.78722,0.61222,0.64544,0.14006,0.62075,0.29863,0.49745,0.34288,0.62889,0.61489,0.16795,0.39876,0.69242,-0.023432,0.49869,-0.055259,0.57312,0.55472,0.58266,0.035144,0.2864,0.73043,0.076857,0.39494,0.11502,0.1289,0.16396,0.44179,0.389,0.45868,0.38821,-0.17647,0.62522,0.092971,0.36164,0.60669,0.28133,-0.13426,0.38318,-0.053336,0.15406,0.44501,0.47071,0.47422,0.74937,0.59489,0.62725,0.14164
-0.086445,0.2465,0.64317,1,-0.09494,0.33921,0.42519,0.12714,0.49213,0.42148,0.25422,0.13811,0.53931,0.26552,0.47433,0.51345,0.34207,0.10907,0.53147,-0.10945,-0.43491,0.36978,0.31246,0.21713,0.50992,0.53094,0.51537,0.36421,0.39465,0.25821,0.20512,-0.29404,-0.083497,0.078244,0.12182,0.72346,0.24781,0.3657,0.55821,0.50491,0.4303,-0.093313,0.25521,-0.087393,0.52945,0.36105,0.3927,0.55083,-0.17647,0.039234,0.33076,0.32572,0.38683,0.24616,0.14332,0.37177,-0.06559,0.29573,-0.14385,0.025756,0.17934,0.36447,0.56551,0.27283,0.31353,0.54871,0.52626,0.2688,0.38167,-0.11682,0.46872,0.40178,0.51136,0.47712,0.49913,0.32235,0.36565,0.40387,0.45636,0.4508,0.27881,0.35034,0.5562,0.16444,0.47631,0.080834,0.11884,0.16525,0.65142,-0.14993,0.239,0.329,-0.089028,0.46419,0.46276,0.18309,0.4421,0.39704,0.43105,0.37321,0.60025,0.34257,0.22957,0.36803,0.31052,0.3023,0.40555,0.36666,0.07502,0.13041,0.54391,0.66538,-0.027911,-0.15809,0.53899,0.63161,0.0078946,0.022635,-0.097493,0.53634,0.040704,0.36071,0.39621,0.67451,0.13323,-0.092097,0.37476,0.031619,0.21964,0.28394,0.38555,0.53223,0.16957,-0.03195,0.35132,0.3766,0.019649,0.30542,0.65584,0.4959,0.51996,0.0079135,0.41183,0.45891,0.20016,0.21864,0.45294,0.27251,0.045164,0.37447,0.42162,0.15085,0.18151,-0.1904,0.26744,0.37829,0.55264,0.042085,0.23658,0.52695,0.15231,0.22363,0.35333,-0.017412,0.1993,0.28112,0.30056,0.43056,0.27451,-0.2009,0.34748,0.19694,0.30121,0.3852,-0.067365,-0.057067,0.54738,0.036154,0.092808,0.20289,0.4567,0.3289,0.60332,0.485,0.42261,0.43024
-0.023264,-0.1709,0.023859,-0.09494,1,-0.10618,-0.14672,-0.11162,0.12635,0.23936,-0.12803,0.18328,0.34632,-0.059636,0.029289,-0.047188,0.16158,-0.11761,0.082525,0.23205,0.07963,-0.11692,0.42777,-0.18841,0.01066,-0.25811,-0.10858,0.046744,0.036772,0.26368,-0.07218,0.16527,-0.19894,0.15699,0.11981,-0.094935,0.070527,0.081845,0.27303,0.11257,0.016004,0.28885,-0.10112,0.043918,-0.17901,0.23124,-0.21575,-0.065865,0.15824,-0.29994,0.26294,0.13202,0.053628,0.30386,-0.064702,0.178,-0.063968,0.27525,0.21468,0.29706,0.061926,0.23414,0.087476,-0.12427,0.20311,-0.30483,0.18484,-0.062755,-0.23857,-0.014998,-0.069931,-0.12886,-0.10442,0.094341,0.41878,0.21382,0.041684,0.16336,-0.15549,0.27069,-0.021874,0.012544,0.11545,0.39954,0.031743,0.34965,0.4156,-0.11295,-0.25311,-0.25681,-0.10633,0.22247,0.25368,0.18551,0.28129,0.25172,-0.31958,-0.033325,-0.083862,0.061935,-0.10964,-0.0021547,-0.12921,0.15321,-0.044851,0.21923,-0.0083294,0.39317,-0.13188,-0.28193,0.076557,0.13098,0.039786,0.071059,0.034021,-0.19836,0.16459,0.46505,-0.13987,0.3016,0.19867,0.22066,0.07025,-0.0016951,0.34693,0.075301,0.096162,-0.13597,-0.082199,0.27249,0.030375,0.14137,0.28872,0.27731,0.17549,0.17715,0.34794,-0.11685,0.05974,-0.056809,0.055119,-0.071293,0.28189,0.33504,0.22874,0.39543,0.1176,0.094088,-0.41666,0.14014,-0.13137,-0.14146,0.080821,0.38817,0.18316,-0.29362,0.14874,0.054724,0.21446,0.12819,0.035792,0.12806,0.2598,0.079936,-0.0043722,0.08445,-0.14827,0.18795,0.27892,0.49275,0.26732,0.28454,0.2472,0.35951,0.076112,-0.015291,0.0086927,0.31261,0.049343,0.096308,0.084746,-0.10355,-0.12943,0.17462,-0.29858,0.26706
0.37378,0.219,0.58039,0.33921,-0.10618,1,0.625,0.27027,0.28989,0.63853,0.25908,0.2236,0.51732,0.33696,0.33585,0.47848,0.27591,0.43664,0.42153,0.35884,0.092091,0.0094108,-0.059457,0.31913,0.58954,0.73453,0.56266,0.3711,0.37448,0.19921,0.4904,-0.042155,0.17525,0.75164,0.12439,0.35917,0.38402,0.62231,0.43662,0.43567,0.41385,-0.045899,0.20054,0.41398,0.55669,0.41845,0.1002,0.67557,0.17835,0.37862,0.32893,0.63799,-0.028328,-0.15447,0.43805,0.32292,0.15925,0.49358,0.4978,0.27318,0.30393,0.38986,0.31839,0.23471,0.086734,0.45143,0.44392,0.26191,0.23929,0.39123,0.13213,0.52153,0.00029338,0.25197,0.45167,0.037574,0.2252,0.35292,0.67279,-0.033749,0.2477,0.3094,0.24446,0.60118,0.27121,0.27602,0.20818,0.32801,0.46415,0.22901,-0.015527,0.23787,0.32948,0.36887,0.079849,0.63312,0.1823,0.62193,0.3617,0.14658,0.40544,0.3313,0.38229,0.29295,0.70693,0.42547,0.36595,0.2192,-0.044276,0.47519,0.30485,0.47661,0.4418,0.31886,0.29302,0.51422,-0.080938,0.1514,0.075558,0.50268,0.25093,0.65845,0.45586,0.42395,0.47287,0.42222,0.4405,-0.3671,0.59443,0.11711,0.28263,0.44293,0.27249,0.061602,0.1968,0.34639,-0.081339,0.81837,0.5014,0.45079,0.46973,0.16348,0.38107,0.29934,0.47793,0.30823,0.42182,0.61318,0.4059,0.27555,0.59974,-0.16022,0.28008,-0.088536,0.27222,0.34512,0.27627,-0.27825,0.30674,0.47233,0.12197,0.40075,0.35324,0.66835,-0.1243,0.63143,0.54441,0.5759,0.1273,0.18203,0.54778,-0.0080038,0.51791,0.29536,0.43368,-0.3569,0.34436,-0.32875,0.22145,0.68795,0.71764,0.066446,0.47304,0.31629,0.32986,0.085414
0.5038,0.28784,0.68545,0.42519,-0.14672,0.625,1,0.3783,0.38291,0.60797,0.39721,0.45404,0.57161,0.5761,0.33371,0.48624,0.49426,0.23263,0.47903,0.36508,-0.027581,0.054392,0.25071,0.54259,0.45851,0.797,0.47659,0.74049,0.74272,0.54302,0.44453,-0.31709,0.27837,0.42284,0.21547,0.61729,0.37056,0.5312,0.56455,0.82942,0.43592,0.28182,0.41115,0.17744,0.67594,0.52824,0.26518,0.56683,0.36119,0.16264,0.39727,0.52166,0.23903,0.26031,0.36121,0.28666,0.10934,0.47673,0.54124,0.11978,0.2934,0.77151,0.7429,0.41492,0.33806,0.46963,0.74702,-0.043573,0.65161,0.057657,0.14672,0.71539,0.30329,0.50909,0.53471,0.41827,0.55556,0.51036,0.78164,0.16092,0.43514,0.2344,0.41411,0.23712,0.32158,-0.15958,-0.051546,0.38751,0.63697,-0.025431,-0.098763,0.21638,0.27616,0.68819,0.42684,0.56983,0.30751,0.49609,0.48188,0.15012,0.51862,0.29711,0.53727,0.54709,0.58945,0.64739,0.55911,0.44854,0.08583,0.46212,0.45013,0.73946,0.16908,0.0074751,0.65501,0.55687,-0.29593,-0.00011196,-0.04823,0.58718,0.35569,0.54797,0.5901,0.54174,0.41072,0.37612,0.35457,-0.19029,0.40742,0.16523,0.44286,0.5669,0.31671,0.19119,0.18062,0.41473,-0.059774,0.56144,0.69034,0.54613,0.65917,0.47175,0.75909,0.077748,0.40759,0.32098,0.48864,0.65784,0.37318,0.25236,0.64405,-0.27379,0.43378,-0.05521,0.31169,0.56726,0.39085,0.066128,0.43129,0.5675,0.12914,0.20762,0.33233,0.40724,0.10559,0.5017,0.48928,0.51786,0.35824,-0.14795,0.47726,0.16061,0.4794,0.419,0.60583,-0.060685,0.5144,0.075706,0.33888,0.51627,0.6036,0.54414,0.61077,0.51154,0.52075,0.056107
0.045424,0.085782,0.34021,0.12714,-0.11162,0.27027,0.3783,1,0.1543,0.44335,0.37197,0.11811,0.080667,0.35744,0.52096,0.38377,0.4955,0.17349,0.47176,0.11823,0.25893,-0.089675,0.5006,0.44246,0.20351,0.29831,0.51222,0.48279,0.56495,0.43159,0.30121,-0.051413,0.27782,0.095431,0.23966,0.59145,0.43539,0.42194,0.24374,0.5079,0.62498,0.42857,0.46456,0.30912,0.36024,0.267,0.33691,0.38749,0.13539,0.35727,0.045461,0.45656,0.43353,-0.079241,-0.18506,0.62393,0.59476,0.077031,0.18654,0.41753,0.54736,0.54409,0.26426,0.40822,0.53256,0.034129,0.53085,0.0093983,0.30694,0.41696,0.019129,0.27242,0.45079,0.32165,0.38823,0.19266,0.49017,0.047674,0.56853,-0.097932,0.5205,0.31726,0.3672,0.41722,0.37236,0.20497,0.23123,0.35525,0.29673,0.54826,0.25115,-0.023666,0.16893,0.63681,0.17771,0.19358,0.10624,0.63529,0.44399,0.47921,0.44376,0.25111,0.65007,0.5522,0.14047,0.33322,0.23565,0.0012196,0.11005,0.10947,0.53253,0.26166,0.30532,0.25116,0.29886,0.58752,0.21091,0.087452,0.21046,0.44841,0.07713,0.038403,0.55404,0.3632,0.26401,0.43659,-0.0057888,-0.401,0.54411,0.25874,-0.26969,-0.10677,0.014778,0.53955,0.63995,0.04228,0.25737,0.22111,0.50311,0.44523,0.44838,-0.050716,0.52733,0.26106,0.41666,0.13852,0.52102,0.43723,0.60169,0.68755,0.18206,0.0022985,0.64536,-0.034563,0.12718,0.25473,0.2953,0.66023,0.50661,0.57162,0.13339,0.69019,0.35952,0.026024,0.49198,0.28644,0.28044,0.61271,0.31683,-0.25651,0.098397,0.18652,0.51356,0.32349,0.3301,0.15057,0.21863,0.31195,-0.066283,0.095043,0.14453,0.4737,0.4476,0.51772,0.66907,0.053009
0.093081,0.54241,0.41881,0.49213,0.12635,0.28989,0.38291,0.1543,1,0.53664,0.33745,0.55277,0.45753,0.19663,0.27226,0.76185,0.55616,0.50369,0.43964,0.062927,-0.25172,0.48157,0.35483,0.16024,0.58324,0.2262,0.36466,0.52904,0.37622,0.47714,0.3513,-0.19072,0.05742,0.40735,0.21551,0.62853,0.6063,0.7116,0.42603,0.44902,0.49909,0.15665,0.13513,0.25127,0.40452,0.31675,0.11016,0.63809,0.28127,0.20644,0.39072,0.36122,-0.11851,0.51725,0.23635,0.35256,0.29531,0.37837,-0.031761,-0.1358,0.31146,0.51567,0.68083,0.65663,0.5609,0.24599,0.49413,0.54588,0.43754,0.071883,0.45353,0.61611,0.15831,0.085788,0.35149,0.31697,0.092492,0.37727,0.45721,0.55177,0.23373,0.40468,0.4569,0.43117,0.17334,0.069122,0.32251,0.28759,0.37192,-0.22792,0.52615,0.53065,0.28441,0.54294,0.45781,0.50208,0.49742,0.50745,0.22437,0.49225,0.66255,0.14292,-0.0097749,0.40227,0.19421,0.36311,0.17783,0.29434,0.18811,0.44727,0.31594,0.71307,0.03754,-0.048919,0.599,0.31385,0.17388,0.21453,0.027622,0.65991,0.31236,0.64382,0.34516,0.46607,0.63094,0.36617,0.31971,-0.28074,0.16067,0.27904,0.12059,0.71745,0.46311,0.22373,0.074502,0.37997,-0.26563,0.29073,0.4658,0.29203,0.43151,0.20936,0.44592,0.40554,0.087965,0.6552,0.49557,0.1787,-0.077755,0.27638,0.54418,-0.056797,0.42886,0.086977,0.13341,0.41739,0.72705,0.049748,0.33845,0.41657,0.17648,0.15338,0.30986,0.11701,0.25926,0.16244,0.45753,0.32436,0.54705,-0.085854,0.36806,0.32504,0.28847,0.59424,0.15141,0.12303,0.50101,0.33145,0.30044,0.59663,0.35701,0.082177,0.59242,0.36432,0.42573,0.49176
0.15613,0.14271,0.70983,0.42148,0.23936,0.63853,0.60797,0.44335,0.53664,1,0.15485,0.36354,0.6368,0.40854,0.3471,0.50466,0.41298,0.32479,0.59562,0.25283,-0.041127,-0.061011,0.33806,0.24276,0.52819,0.66281,0.52141,0.61038,0.49896,0.57541,0.26992,-0.28023,-0.00028296,0.42122,0.096314,0.68018,0.43752,0.5726,0.59586,0.60175,0.52635,-0.043977,0.1635,0.14434,0.47183,0.41909,0.24872,0.69342,0.21497,0.14276,0.21757,0.55788,0.10281,0.20211,0.10502,0.52668,0.098621,0.64676,0.3547,0.0087804,0.22226,0.70412,0.47009,0.43434,0.44626,0.16782,0.61756,0.26315,0.2333,0.18965,0.032969,0.42145,0.20264,0.28271,0.56713,0.3786,0.40489,0.22536,0.57313,0.14809,0.32467,0.50383,0.60955,0.50234,0.26846,0.34388,0.33313,0.1822,0.48065,-0.020914,0.24429,0.20154,0.28629,0.65118,0.50029,0.59568,0.11726,0.53981,0.49157,0.48701,0.46647,0.15508,0.47045,0.43744,0.28386,0.47497,0.22589,0.41012,-0.17182,0.16464,0.43522,0.60775,0.1754,-0.094122,0.48066,0.5738,0.23799,0.2281,0.0011997,0.66681,0.24946,0.62846,0.49964,0.50084,0.53344,0.43052,0.30665,-0.23356,0.52245,0.48064,0.17,0.43837,0.3451,0.1009,0.45506,0.39935,0.011029,0.30167,0.5564,0.40171,0.5825,0.072334,0.62305,0.36895,0.4466,0.44373,0.62855,0.52267,0.16658,0.43399,0.53276,-0.3398,0.48818,-0.1446,0.26861,0.28543,0.43254,-3.0495e-06,0.41534,0.64686,0.1256,0.31353,0.33711,0.38408,0.32517,0.19417,0.31597,0.50453,0.31522,-0.21827,0.63623,0.39081,0.49741,0.55593,0.56749,-0.27678,0.4006,-0.031007,0.26212,0.50663,0.60724,0.23144,0.72481,0.60135,0.4817,0.19538
0.058389,0.16617,0.1936,0.25422,-0.12803,0.25908,0.39721,0.37197,0.33745,0.15485,1,0.11172,0.099574,0.25704,0.74162,0.29723,0.58385,0.076854,0.61155,0.011525,0.083812,0.45191,0.041096,0.43204,0.16408,0.42081,0.62467,0.39984,0.48922,0.17876,0.16235,-0.15327,0.0008489,0.2082,0.41222,0.33535,0.41047,0.63667,0.26225,0.47657,0.45024,0.38624,0.11996,0.21991,0.30943,0.37227,0.19017,0.36307,-0.0078393,0.10058,0.14665,0.1283,0.3546,0.078074,-0.074634,0.48201,0.52613,0.041847,0.13853,0.22546,0.41694,0.3801,0.44708,0.53349,0.394,0.22651,0.5139,0.17507,0.59309,0.3677,0.47944,0.44561,0.26331,0.35546,0.20638,0.26915,0.41183,0.13678,0.62016,0.066846,0.31021,-0.091812,0.098319,0.28401,0.29339,0.42526,0.13623,0.44349,0.38172,0.21363,0.14063,0.28585,0.0036853,0.23114,0.32084,0.27154,0.21833,0.3307,0.31068,-0.0087593,0.51705,0.1619,0.42698,0.54232,0.40597,0.32559,0.4465,0.080208,0.18612,0.27744,0.68121,0.49607,0.33054,0.042529,0.46018,0.35434,0.24171,-0.052563,0.13612,0.39316,0.17486,0.073232,0.56836,0.24096,0.32216,0.20808,0.22886,-0.2011,0.16368,0.4003,-0.17592,0.17807,0.10134,0.39583,0.026476,-0.11567,0.076431,0.53282,0.46032,0.35163,0.28673,0.061547,0.39402,0.35334,0.39646,0.27975,0.3677,0.19287,0.34704,0.46648,0.42306,0.34046,0.20941,-0.18532,0.17785,0.46575,0.43534,0.45342,0.39359,0.37329,0.16473,0.3885,0.28239,-0.03269,0.43365,0.42861,0.14219,0.65045,0.38968,0.24676,-0.0074778,0.19898,0.41403,0.18324,0.0024054,0.027826,0.39265,0.17384,0.040057,0.029828,0.3572,0.45962,0.2466,0.40563,0.47411,0.15879
0.45606,0.39712,0.34083,0.13811,0.18328,0.2236,0.45404,0.11811,0.55277,0.36354,0.11172,1,0.58098,0.1501,-0.021219,0.33173,0.36227,0.28793,0.20717,0.31088,-0.12689,0.38194,0.36733,0.44799,0.36195,0.19677,0.088631,0.43912,0.27401,0.51389,0.55207,0.029163,0.39333,0.39232,0.46781,0.37145,0.23061,0.42516,0.41993,0.46501,0.20013,0.44521,0.45924,0.15401,0.21185,0.19016,0.20242,0.43641,0.40158,0.45322,0.40318,0.32852,-0.19752,0.73013,0.48442,0.15869,0.0032395,0.4327,0.29036,-0.022803,0.17549,0.43724,0.57818,0.4782,0.57615,0.097394,0.255,0.31683,0.52984,-0.20085,0.12892,0.70621,0.10996,0.35813,0.52921,0.37737,0.11136,0.15024,0.4283,0.47966,0.33876,0.4531,0.40118,0.35565,0.23893,-0.11938,0.19124,0.090866,0.32164,-0.28575,0.3962,0.17648,0.54676,0.52949,0.076408,0.68157,0.32381,0.46896,0.21976,0.41135,0.44357,0.23834,0.044502,0.36595,0.44042,0.72752,0.069339,0.25129,0.13728,0.26536,0.3717,0.60874,0.18843,0.15972,0.42696,0.060616,-0.076441,0.38469,-0.20536,0.47065,0.72521,0.5185,0.29225,0.48858,0.50005,0.52021,0.02865,-0.1582,0.056656,-0.16261,0.30441,0.62513,0.30936,-0.011271,0.03844,0.64841,-0.18199,0.16444,0.48823,0.54098,0.35697,0.22984,0.49595,-0.042453,0.10061,0.44642,0.38931,0.16906,0.018096,0.30841,0.20405,-0.074643,0.44234,0.29979,-0.099076,0.37166,0.36945,-0.057469,0.55824,0.18318,0.46276,-0.013424,0.12277,0.24927,-0.13599,0.18985,0.26213,0.16018,0.1838,-0.050787,0.5003,-0.026561,0.47272,0.50655,0.4694,0.48653,0.56638,0.53787,0.091671,0.51599,0.21036,0.23241,0.26341,0.24295,0.25366,0.10042
0.28671,0.28095,0.64661,0.53931,0.34632,0.51732,0.57161,0.080667,0.45753,0.6368,0.099574,0.58098,1,0.31816,0.34799,0.32081,0.41275,0.17858,0.47771,0.39306,-0.17528,0.094453,0.40757,0.24311,0.75711,0.5493,0.39336,0.57977,0.51358,0.32355,0.40095,-0.27219,0.25268,0.54219,0.24448,0.51768,0.15686,0.51069,0.73645,0.65111,0.35295,0.12234,0.42698,0.06371,0.40649,0.69294,0.2932,0.53306,0.091544,0.21656,0.41275,0.63383,0.1141,0.3749,0.38685,0.33478,-0.12945,0.70191,0.43415,0.16484,0.11113,0.6046,0.68798,0.2276,0.47508,0.18525,0.60861,0.16765,0.33264,-0.2783,0.24044,0.59327,0.26845,0.4782,0.6986,0.42893,0.28953,0.47616,0.5991,0.31086,0.28061,0.55746,0.43338,0.43884,0.51296,0.13717,0.29823,0.049256,0.50904,-0.36386,0.042994,0.23391,0.48849,0.62741,0.41406,0.52326,0.036562,0.47582,0.15881,0.27782,0.44502,0.42078,0.39201,0.48458,0.51405,0.72538,0.29731,0.53672,0.21239,0.22338,0.53074,0.76444,0.34598,0.019662,0.55417,0.32668,-0.016163,0.24353,0.042873,0.73906,0.47318,0.67136,0.44568,0.58344,0.43233,0.34785,0.15125,-0.22207,0.30527,0.2622,0.52125,0.56525,0.54624,0.059841,0.27857,0.82405,-0.066474,0.32875,0.58803,0.44485,0.48451,-0.031613,0.69429,0.42147,0.366,0.42616,0.48583,0.40429,0.13416,0.43646,0.40838,-0.17134,0.32062,0.043805,0.096846,0.30119,0.30539,-0.036034,0.59818,0.60828,0.19844,0.15477,0.49552,0.38223,-0.054126,0.34757,0.40612,0.4653,0.30983,0.16859,0.84164,0.37157,0.5719,0.68097,0.35272,-0.0060081,0.64991,0.092235,0.044942,0.58157,0.55531,0.30542,0.53282,0.49542,0.30593,0.1761
0.12775,0.12802,0.55652,0.26552,-0.059636,0.33696,0.5761,0.35744,0.19663,0.40854,0.25704,0.1501,0.31816,1,0.55378,0.34543,0.62924,-0.15643,0.5972,0.21431,0.32281,0.043499,0.27047,0.38483,0.13485,0.50468,0.58573,0.37574,0.36852,0.37989,0.032385,-0.33806,0.0071512,0.08496,-0.032657,0.5863,0.27256,0.30603,0.58629,0.55296,0.58349,0.12294,0.090176,0.14568,0.49847,0.54471,0.13924,0.19555,-0.2412,-0.048187,0.093408,0.33989,0.44463,-0.13655,-0.16764,0.18864,0.21867,0.55254,0.33198,0.36231,0.60624,0.66992,0.5984,0.087923,0.37403,0.29898,0.41182,0.31104,0.64749,0.17591,0.029662,0.45659,0.49915,0.35797,0.2683,0.59843,0.39004,0.47079,0.3869,-0.087009,0.2737,-0.10133,0.21943,0.21317,0.23146,0.031042,0.32458,0.47178,0.45298,0.31818,0.045861,0.3015,0.27612,0.50522,0.36668,0.082681,0.017619,0.51513,0.54124,0.26069,0.29844,-0.0078102,0.26811,0.65232,0.20776,0.38417,0.64904,0.12086,-0.10393,-0.022604,0.24495,0.38592,0.33598,-0.23969,0.71137,0.2976,-0.082152,0.27441,0.033561,0.49826,0.094026,0.27505,0.77177,0.3991,0.26956,0.23842,0.23369,-0.038596,0.62892,0.29851,-0.095719,0.17701,0.21928,0.27298,0.41879,0.22434,-0.048268,0.21292,0.58286,0.26122,0.46025,0.47246,0.65227,0.33431,0.35587,0.36372,0.57724,0.4053,0.24219,0.41022,0.48014,-0.034718,0.31251,-0.21595,0.22609,0.67177,0.33283,0.36777,0.19944,0.55064,0.037081,0.37852,0.12798,-0.016571,0.12812,0.13013,0.39319,0.53851,0.58952,-0.034111,0.4729,0.27003,0.32275,0.43679,0.48972,-0.16651,0.38761,-0.064209,0.088449,0.17451,0.18454,0.44292,0.59959,0.54096,0.67906,0.22427
-0.22493,0.086354,0.43666,0.47433,0.029289,0.33585,0.33371,0.52096,0.27226,0.3471,0.74162,-0.021219,0.34799,0.55378,1,0.33556,0.62656,0.010233,0.87305,-0.038322,0.16068,0.23135,0.33912,0.3588,0.32122,0.44859,0.87889,0.4169,0.51502,0.15817,0.066513,-0.2816,-0.10855,0.13328,0.18946,0.55783,0.41702,0.57789,0.5341,0.55403,0.70436,0.26155,0.15226,0.17959,0.37981,0.6382,0.26045,0.41566,-0.35001,0.047298,0.047347,0.37062,0.61658,-0.15456,-0.30138,0.61986,0.41581,0.24014,0.057199,0.50105,0.57452,0.4897,0.49995,0.27043,0.5025,0.16139,0.56802,0.30213,0.45891,0.35509,0.38645,0.37763,0.51725,0.42564,0.38254,0.37156,0.45334,0.24294,0.59637,0.042003,0.41077,0.094034,0.18697,0.42952,0.4562,0.51703,0.44843,0.39888,0.44389,0.36432,0.15247,0.23081,0.16431,0.41185,0.41164,0.08746,0.00026675,0.57073,0.39798,0.21432,0.47584,0.24489,0.51251,0.71263,0.29962,0.3615,0.51189,0.082595,0.1881,0.069362,0.71975,0.47888,0.49734,-0.016244,0.52535,0.4557,0.27229,0.19672,0.31417,0.61004,0.0012733,0.10045,0.77421,0.43495,0.30935,0.11966,0.26805,-0.19749,0.52016,0.52382,-0.24345,0.04223,0.16405,0.51029,0.45595,0.12474,0.25695,0.41734,0.5861,0.35347,0.33258,-0.070547,0.56543,0.6586,0.55147,0.32371,0.62048,0.20209,0.48274,0.73482,0.41638,0.27278,0.26771,-0.231,0.261,0.43283,0.45631,0.58632,0.51108,0.72217,0.16873,0.63084,0.4041,-0.13001,0.36942,0.40526,0.1835,0.83596,0.56801,0.25168,0.30618,0.43436,0.54845,0.41777,-0.034683,-0.017615,0.45562,0.081036,-0.11044,0.029369,0.40041,0.4548,0.52241,0.60851,0.69009,0.3598
0.13864,0.29293,0.65205,0.51345,-0.047188,0.47848,0.48624,0.38377,0.76185,0.50466,0.29723,0.33173,0.32081,0.34543,0.33556,1,0.60244,0.50613,0.46543,0.059689,-0.1331,0.42112,0.31483,0.23936,0.52683,0.36299,0.44554,0.4977,0.53802,0.62515,0.40616,-0.14587,0.11562,0.44112,0.26076,0.67621,0.56172,0.62715,0.29686,0.55108,0.55021,0.22772,0.26945,0.18069,0.57117,0.32662,0.27952,0.5423,0.2894,0.27088,0.3933,0.68691,0.084958,0.23643,0.1747,0.39522,0.35421,0.27828,-0.040484,0.029025,0.58321,0.57953,0.60789,0.37061,0.3352,0.54052,0.55886,0.37261,0.4163,0.26164,0.54978,0.63598,0.40045,0.17455,0.34776,0.25867,0.33976,0.55872,0.49933,0.31559,0.45909,0.40688,0.46613,0.56848,0.24387,0.086874,0.35259,0.46176,0.19283,0.054901,0.29096,0.46718,0.14051,0.58263,0.29708,0.49415,0.61954,0.62181,0.39357,0.59688,0.73238,0.092455,0.15321,0.3641,0.40762,0.25638,0.26537,0.12942,0.086384,0.36302,0.18574,0.55535,0.12003,0.061516,0.61656,0.64685,0.014309,0.32272,0.097231,0.64103,0.2437,0.57432,0.46707,0.60333,0.57691,0.31063,0.45633,-0.36617,0.41748,0.11017,0.1376,0.61909,0.31343,0.33663,0.30507,0.28485,-0.24487,0.48304,0.62584,0.4496,0.60552,0.27856,0.47374,0.44419,0.3605,0.65097,0.49282,0.50082,0.10109,0.29119,0.57819,-0.00056758,0.51503,0.10388,0.40172,0.59906,0.7677,0.03525,0.27219,0.55797,0.1162,0.49006,0.21392,0.076465,0.24838,0.45634,0.54628,0.4619,0.5197,-0.073516,0.25767,0.14046,0.3044,0.60927,0.1649,0.051687,0.34476,0.26437,0.22303,0.58081,0.38497,0.088355,0.56742,0.37684,0.62607,0.39413
0.23746,0.13376,0.52198,0.34207,0.16158,0.27591,0.49426,0.4955,0.55616,0.41298,0.58385,0.36227,0.41275,0.62924,0.62656,0.60244,1,-0.020331,0.54949,0.28787,0.23512,0.4405,0.39046,0.33602,0.43016,0.43246,0.53139,0.45796,0.54153,0.48024,0.17202,-0.21195,0.31106,0.33066,0.34842,0.63465,0.37599,0.70815,0.53312,0.6211,0.58622,0.46328,0.4385,0.32066,0.54291,0.64613,0.2923,0.29029,0.028154,0.11019,0.44578,0.50628,0.40915,0.23374,0.049451,0.45702,0.60835,0.4796,0.33653,0.32413,0.62451,0.73383,0.77994,0.52652,0.61249,0.39393,0.66494,0.31258,0.76724,0.16015,0.51328,0.56928,0.60005,0.45668,0.40841,0.58301,0.52454,0.53937,0.61152,0.10656,0.38783,0.048947,0.34295,0.53909,0.50669,0.31086,0.48058,0.50934,0.39934,0.070071,0.30382,0.61477,0.25925,0.65531,0.49347,0.37805,0.25206,0.55728,0.3759,0.41141,0.68321,0.056443,0.33884,0.75005,0.41574,0.56722,0.4891,0.26434,-0.0024678,0.049805,0.5579,0.62691,0.47259,0.021717,0.80144,0.48143,0.24878,0.24591,-0.018948,0.70558,0.47737,0.43432,0.80552,0.44001,0.49397,0.44066,0.062937,-0.33127,0.33395,0.42913,-0.013672,0.33586,0.41612,0.54565,0.46455,0.24679,-0.24711,0.34256,0.71075,0.47109,0.57795,0.11294,0.70218,0.58236,0.43969,0.52482,0.64689,0.56766,0.057298,0.63848,0.53126,0.16321,0.53271,-0.031282,0.24513,0.66608,0.5052,0.58247,0.46908,0.57103,0.12363,0.49569,0.43522,0.037393,0.39949,0.29555,0.63022,0.68057,0.65985,0.16625,0.36221,0.20424,0.53627,0.63003,0.35706,-0.084017,0.4508,0.2562,-0.098848,0.31776,0.10158,0.54559,0.45944,0.59968,0.6341,0.18917
0.098181,0.28191,0.21001,0.10907,-0.11761,0.43664,0.23263,0.17349,0.50369,0.32479,0.076854,0.28793,0.17858,-0.15643,0.010233,0.50613,-0.020331,1,0.1938,-0.072137,-0.15189,-0.074004,0.035918,0.24263,0.43624,0.13029,0.15418,0.30519,0.22757,0.15155,0.51628,0.082525,0.24342,0.53825,0.23712,0.1188,0.4175,0.38889,0.029653,0.21788,0.24004,0.023833,0.072373,0.35117,0.2813,0.13137,0.23005,0.55877,0.30456,0.29893,0.07539,0.40401,-0.26707,0.18503,0.44977,0.23798,-0.017417,-0.045237,0.0056051,-0.096777,0.13505,0.095056,0.19798,0.20382,0.046615,0.10121,0.1996,0.28404,-0.092159,0.29373,0.12773,0.37492,-0.09448,-0.16376,0.2369,-0.29548,0.054793,0.12981,0.30813,0.45282,0.22257,0.54899,0.07631,0.43597,0.23078,-0.044932,0.068067,0.1874,0.074359,0.065534,0.14897,0.19725,0.44841,0.28071,-0.04304,0.43741,0.44818,0.36324,-0.018089,0.35954,0.3716,0.19453,-0.035388,0.017033,0.32059,0.036069,-0.030564,-0.045252,0.32555,0.70856,0.0024614,0.2105,-0.003894,0.36332,-0.010681,0.15406,-0.20053,0.29039,0.30788,0.35111,0.26442,0.44277,-0.063873,0.34924,0.32748,0.27724,0.10352,-0.42599,0.3404,-0.13406,0.32818,0.31232,0.083912,0.24741,0.037887,0.14915,-0.20077,0.38758,0.18844,0.35889,0.13938,0.2472,0.0611,0.14572,0.16257,0.19697,0.21376,0.074519,0.28392,-0.024346,0.27286,-0.39398,0.48509,0.25696,0.073041,0.096077,0.37915,-0.27368,0.1736,0.25899,-0.1237,0.2164,0.22902,0.46626,-0.059246,0.36329,0.28175,0.15255,0.10167,-0.022532,0.11493,-0.063315,0.093572,0.14671,0.046737,0.21557,0.19044,0.084107,0.39163,0.70744,0.38112,-0.21159,0.27477,0.045333,0.15803,-0.050157
-0.2527,0.17598,0.6556,0.53147,0.082525,0.42153,0.47903,0.47176,0.43964,0.59562,0.61155,0.20717,0.47771,0.5972,0.87305,0.46543,0.54949,0.1938,1,-0.14323,-0.020159,0.24956,0.42252,0.42914,0.33231,0.522,0.85654,0.49491,0.5732,0.38126,0.19555,-0.289,-0.22478,0.20076,0.20718,0.6718,0.42983,0.53446,0.5431,0.67439,0.78965,0.23873,0.038347,0.064159,0.39338,0.60226,0.32371,0.61354,-0.20298,0.01256,0.017182,0.40806,0.50452,0.088326,-0.26702,0.6227,0.21452,0.38738,0.043978,0.2942,0.52143,0.59555,0.60157,0.32362,0.50898,0.21455,0.53118,0.39217,0.44783,0.23816,0.34594,0.51144,0.44197,0.40767,0.47346,0.47974,0.50594,0.18825,0.59441,0.15765,0.49045,0.31419,0.35596,0.45604,0.36887,0.4819,0.37616,0.42553,0.45776,0.26554,0.22748,0.17613,0.26263,0.49909,0.56353,0.29456,0.21469,0.66969,0.52414,0.4348,0.48402,0.18954,0.48847,0.76619,0.32454,0.4508,0.51052,0.25288,0.089379,0.10077,0.63681,0.57821,0.32798,-0.16619,0.61322,0.44516,0.15479,0.31961,0.21837,0.66204,0.090918,0.33206,0.76143,0.61054,0.50805,0.10158,0.43808,-0.21934,0.62397,0.40979,-0.12728,0.24946,0.075655,0.31972,0.47024,0.3212,0.22078,0.39541,0.68645,0.45736,0.35473,0.10586,0.61178,0.55072,0.57985,0.38125,0.77645,0.19741,0.42654,0.60233,0.57323,0.17199,0.32518,-0.17728,0.37262,0.51162,0.65549,0.34636,0.52344,0.76328,0.2119,0.5353,0.21911,-0.13098,0.35065,0.3803,0.13008,0.74231,0.62758,0.017027,0.51648,0.46027,0.5451,0.60366,0.13587,0.051698,0.51698,0.12367,0.11573,0.21819,0.52389,0.47254,0.7165,0.64558,0.75733,0.41624
0.84731,0.23832,-0.012441,-0.10945,0.23205,0.35884,0.36508,0.11823,0.062927,0.25283,0.011525,0.31088,0.39306,0.21431,-0.038322,0.059689,0.28787,-0.072137,-0.14323,1,0.26265,-0.28859,0.027758,-0.033802,0.36563,0.26161,-0.034935,0.30183,0.1717,0.21438,0.095049,-0.26014,0.40719,0.50445,0.18668,0.043126,0.20818,0.23963,0.29319,0.23355,-0.098826,-0.0047172,0.26908,0.16692,0.40142,0.14407,-0.18525,0.039164,0.35002,0.18629,0.48293,0.33406,-0.094151,0.024838,0.46912,-0.030825,0.051089,0.39007,0.79135,0.38247,0.087379,0.3714,0.18116,-0.0051385,0.12331,-0.17272,0.43489,-0.11376,0.22871,-0.044893,-0.097005,0.28041,-0.11093,0.02143,0.19948,-0.022047,0.059204,0.3628,0.22601,-0.10403,-0.30809,-0.074212,0.157,0.26237,0.21308,-0.072195,0.08709,0.17655,0.13822,0.038451,-0.33804,0.043912,0.10847,0.40141,-0.2117,0.42337,-0.35189,0.12576,-0.10718,-0.22341,0.15988,0.0084055,0.10373,0.076314,0.26596,0.46171,0.2211,0.032564,0.00068649,0.23127,0.13027,0.25096,0.38881,0.3114,0.24518,0.086015,-0.1587,-0.023835,-0.11771,0.33288,0.20878,0.39881,0.17074,0.052543,0.17303,0.7949,-0.0866,-0.30718,0.010018,0.22599,0.2082,0.26696,0.39408,0.079864,0.026537,0.14368,-0.084427,0.24367,0.17354,0.13247,0.44359,0.12134,0.45779,0.23369,0.02268,0.43407,-0.11593,0.42241,-0.01629,0.1738,-0.06022,-0.27938,0.17885,0.2033,-0.39955,0.18645,-0.13085,-0.034833,0.27852,0.0041305,0.15538,0.057355,0.43044,0.58409,-0.088822,0.21164,0.41967,0.36626,-0.096659,0.29999,0.21817,0.17121,0.36261,0.20579,0.66018,-0.087843,0.38238,0.10642,0.054949,0.38054,0.25156,-0.10902,-0.099908,0.009243,-0.039674,-0.086948
0.087636,-0.2184,-0.038763,-0.43491,0.07963,0.092091,-0.027581,0.25893,-0.25172,-0.041127,0.083812,-0.12689,-0.17528,0.32281,0.16068,-0.1331,0.23512,-0.15189,-0.020159,0.26265,1,-0.17322,-0.22634,-0.040793,-0.25707,0.055614,-0.019134,-0.0268,-0.097528,-0.23863,-0.16445,-0.098671,0.072899,-0.048977,0.086315,-0.19861,-0.064714,0.068461,0.10314,-0.18311,-0.07631,0.11383,0.11611,0.12295,-0.074259,0.24425,-0.13544,-0.35931,-0.3315,-0.058644,0.26697,0.096966,0.13253,-0.22983,-0.046361,0.099212,0.30802,0.27638,0.2516,0.50793,0.3578,0.068207,-0.11419,-0.046645,-0.052514,-0.063054,-0.011459,-0.10742,0.043963,0.45696,-0.06078,-0.06671,0.077211,-0.049675,-0.052663,-0.15001,-0.22172,0.06031,-0.049988,-0.36324,0.10328,-0.4237,-0.45313,0.3116,-0.056923,0.16724,0.2399,-0.11576,-0.051769,0.54115,0.030121,0.022004,0.35776,-0.073311,-0.18244,-0.048699,-0.39153,-0.0018643,-0.17078,-0.17532,-0.33307,-0.15169,0.050515,0.11493,0.13615,-0.046451,0.046269,-0.33986,-0.030184,-0.078782,-0.032328,-0.31631,0.16871,0.31563,0.000599,-0.20309,0.047858,0.18302,-0.18398,-0.097816,0.033532,-0.16802,0.3379,-0.47903,-0.17599,0.22274,-0.29546,0.12646,0.12443,0.081459,-0.29962,-0.35725,-0.086902,0.43622,0.22937,-0.28723,0.055281,0.066215,-0.029753,-0.034249,0.13273,-0.079169,0.046056,-0.044,-0.06302,0.081418,-0.062711,0.15033,0.0098589,0.17371,0.11649,-0.015604,0.23691,0.30864,0.13127,-0.077417,-0.14201,0.32114,-0.16011,0.040524,0.030839,0.18841,-0.070177,0.18143,-0.10091,0.15181,0.11718,0.18599,-0.033754,0.29144,-0.094173,-0.23737,0.0059787,-0.23482,0.092166,-0.078856,-0.33446,-0.16493,-0.16459,-0.029238,-0.25668,-0.013501,-0.02189,-0.071374,0.024135,-0.20418
-0.13139,0.1577,0.2705,0.36978,-0.11692,0.0094108,0.054392,-0.089675,0.48157,-0.061011,0.45191,0.38194,0.094453,0.043499,0.23135,0.42112,0.4405,-0.074004,0.24956,-0.28859,-0.17322,1,0.030124,0.18306,0.077079,0.10495,0.20841,-0.0069601,0.11095,0.18625,0.22765,0.074417,0.0080198,0.021245,0.36996,0.31505,0.091469,0.40115,0.14472,0.10491,0.17225,0.30014,0.22278,-0.026912,0.059048,0.078247,0.19714,0.19702,-0.078014,0.27671,0.29055,0.063789,0.060059,0.42191,0.059711,0.22692,0.3036,0.16858,-0.33582,-0.17083,0.28001,0.083329,0.39517,0.49759,0.34564,0.55767,-0.00019842,0.3909,0.52655,-0.046293,0.68767,0.47703,0.32363,0.3803,0.11302,0.4017,-0.00033651,0.14016,0.26476,0.23849,0.37334,0.0814,0.23963,0.22161,0.051706,0.25111,0.25037,0.16772,0.20732,-0.2002,0.59847,0.39256,0.0045684,-0.044278,0.19299,0.24236,0.54442,0.2368,0.27084,0.31574,0.43923,0.040105,-0.05223,0.26094,0.32592,0.21435,0.085021,0.11017,0.044674,-0.0187,0.31804,0.4165,0.063162,-0.06946,0.41917,0.19033,0.2791,0.097944,-0.27608,0.17741,0.37026,0.12447,0.34283,0.24165,0.28916,-0.12773,0.22289,0.10415,-0.13995,-0.032954,-0.052367,0.4776,0.09688,-0.09932,-0.051245,0.24121,-0.26704,0.19035,0.3774,0.28224,0.19053,-0.057688,0.01677,0.10056,0.094396,0.29093,0.29076,0.059173,-0.21408,0.20342,0.35415,0.65068,0.0033481,-0.099599,0.27984,0.4601,0.49936,0.057645,0.11645,0.10131,0.34691,0.070334,-0.1364,-0.35753,0.15131,0.11448,0.14048,0.083179,0.27439,0.04399,0.10759,-0.17104,0.17642,0.25904,-0.23609,0.14122,0.1766,0.25316,-0.24143,0.010819,-0.081542,0.25828,0.18754,0.19859,0.30848,0.29771
-0.14607,0.22419,0.2733,0.31246,0.42777,-0.059457,0.25071,0.5006,0.35483,0.33806,0.041096,0.36733,0.40757,0.27047,0.33912,0.31483,0.39046,0.035918,0.42252,0.027758,-0.22634,0.030124,1,0.19946,0.25261,-0.093667,0.33783,0.3823,0.55409,0.55679,0.2741,0.0015537,0.12405,0.02189,0.071669,0.56406,0.47751,0.26182,0.43184,0.53675,0.55769,0.57937,0.35695,0.21336,0.27326,0.31704,0.049139,0.42051,0.27847,0.12258,0.14073,0.32533,0.46324,0.32369,-0.15213,0.50557,0.18938,0.13063,0.038012,0.37846,0.32539,0.53598,0.50266,0.25288,0.68906,-0.079118,0.45134,-0.0037337,0.1823,-0.099859,0.021883,0.32575,0.35941,0.43131,0.58313,0.46267,0.36081,0.23578,0.35334,0.40545,0.4274,0.43864,0.57919,0.31948,0.25065,-0.010774,0.36674,0.3193,0.21569,-0.0091972,0.18183,0.082413,0.29745,0.65106,0.4338,0.20171,0.042725,0.54654,0.34499,0.47933,0.34299,0.27311,0.25539,0.61636,-0.10652,0.52838,0.24651,0.46934,0.22944,0.039689,0.4063,0.50699,0.15596,0.12667,0.33361,0.25242,-0.01414,0.24738,0.093399,0.6329,0.10795,0.19905,0.43541,0.52243,0.51761,0.10522,0.25699,-0.35676,0.27788,0.23026,-0.037402,0.29503,0.27713,0.4045,0.53023,0.51037,0.44365,-0.089369,0.469,0.25433,0.28447,0.10935,0.59961,0.35393,0.3997,0.31708,0.60606,0.21734,0.20272,0.46552,0.032805,-0.023827,0.32721,0.11474,0.1998,0.10553,0.42265,0.46183,0.6501,0.57056,0.23074,0.41841,0.47397,-0.22767,0.26905,0.11753,0.13413,0.43298,0.65096,-0.084359,0.39942,0.48166,0.59114,0.64491,0.2015,0.35568,0.32575,0.68166,-0.082711,0.12585,0.10255,0.40358,0.41017,0.5659,0.41308,0.49458
0.25992,0.19974,0.42696,0.21713,-0.18841,0.31913,0.54259,0.44246,0.16024,0.24276,0.43204,0.44799,0.24311,0.38483,0.3588,0.23936,0.33602,0.24263,0.42914,-0.033802,-0.040793,0.18306,0.19946,1,0.080106,0.39959,0.41432,0.51045,0.37535,0.44721,0.66799,0.34642,0.24179,0.21863,0.49736,0.46228,0.1393,0.38335,0.43395,0.67454,0.53983,0.45574,0.29205,0.3407,0.14782,0.30122,0.57038,0.33977,0.042067,0.43283,-0.086329,0.30767,0.10803,0.11459,0.08626,0.23474,0.28553,0.16829,0.23309,0.12528,0.55801,0.4999,0.43181,0.26269,0.49254,0.2884,0.35339,0.29844,0.5833,0.31178,-0.11332,0.4726,0.3771,0.59226,0.60273,0.51612,0.4735,0.22896,0.56062,0.2532,0.56067,0.27485,0.22895,0.18379,0.44897,-0.016244,0.028287,0.25071,0.45831,0.13444,0.19789,0.32108,0.38328,0.51739,0.15617,0.20605,0.43398,0.51495,0.66258,0.42565,0.52992,0.61455,0.44182,0.44381,0.49724,0.33463,0.47887,0.13739,0.17759,0.18492,0.52564,0.47048,0.13511,-0.025037,0.42846,0.37037,0.040676,0.35954,0.19884,0.36864,0.49195,0.10019,0.34877,0.59991,0.15031,0.27732,0.034325,-0.11943,0.56742,-0.088178,0.15652,0.17695,0.1574,0.22241,0.11202,0.22716,0.057451,0.41365,0.60941,0.60396,0.38461,0.45145,0.53616,-0.012009,0.38568,0.10118,0.38817,0.3349,0.53534,0.51364,0.18728,0.0078529,0.6418,-0.12083,0.088464,0.48972,0.35419,0.32294,0.31203,0.39568,-0.077753,0.49696,0.18252,0.20328,0.10726,0.36012,0.12988,0.38404,0.26426,-0.062631,0.25297,-0.097182,0.26541,0.20083,0.26641,0.21353,0.5683,0.16632,0.30174,0.19166,0.34697,0.56259,0.32736,0.55825,0.45174,-0.073947
0.30191,0.37756,0.46251,0.50992,0.01066,0.58954,0.45851,0.20351,0.58324,0.52819,0.16408,0.36195,0.75711,0.13485,0.32122,0.52683,0.43016,0.43624,0.33231,0.36563,-0.25707,0.077079,0.25261,0.080106,1,0.47487,0.44625,0.51145,0.45184,0.15255,0.35036,-0.26635,0.41058,0.69138,0.044347,0.48658,0.32707,0.65738,0.41853,0.49343,0.40271,0.0036227,0.43512,0.30814,0.53932,0.56897,0.21186,0.61844,0.24241,0.33147,0.33628,0.66153,-0.075815,0.12204,0.43895,0.23934,0.1567,0.37112,0.32248,0.057318,0.051306,0.41857,0.5781,0.36097,0.32945,0.2015,0.59795,0.27366,0.27463,-0.13568,0.36014,0.50335,0.14969,0.12173,0.37216,0.078706,0.24925,0.40701,0.65329,0.18648,0.12264,0.5528,0.30675,0.41755,0.49496,0.055916,0.22189,0.1785,0.39995,-0.26095,0.076137,0.27216,0.27929,0.59396,0.25914,0.4572,0.1773,0.54004,-0.022166,0.23253,0.60857,0.35375,0.33742,0.32976,0.44747,0.54016,0.11841,0.30942,0.23833,0.44664,0.38454,0.63919,0.4897,0.15458,0.40448,0.47661,0.044294,0.011769,0.335,0.66526,0.3179,0.7157,0.29287,0.51168,0.46192,0.46375,0.11561,-0.47666,0.27812,0.1951,0.40089,0.44107,0.55966,0.18904,0.17776,0.60735,-0.33784,0.48182,0.39452,0.3332,0.33371,-0.1641,0.4868,0.5006,0.26019,0.33422,0.41694,0.36839,0.29552,0.3816,0.45687,-0.22059,0.30162,-0.023388,-0.052488,0.2823,0.21608,-0.023153,0.57643,0.49926,0.11685,0.18029,0.58655,0.46168,-0.0151,0.36462,0.69026,0.43277,0.25398,0.10287,0.57643,0.31583,0.48431,0.59689,0.23479,-0.09423,0.56052,-0.033801,0.034943,0.70644,0.52401,0.1108,0.45941,0.27268,0.34486,0.14216
0.34565,0.0021997,0.74101,0.53094,-0.25811,0.73453,0.797,0.29831,0.2262,0.66281,0.42081,0.19677,0.5493,0.50468,0.44859,0.36299,0.43246,0.13029,0.522,0.26161,0.055614,0.10495,-0.093667,0.39959,0.47487,1,0.56707,0.51492,0.52104,0.27631,0.22453,-0.42119,0.19927,0.35972,0.19684,0.55247,0.1584,0.51136,0.56066,0.6021,0.30564,-0.11402,0.35798,0.035661,0.64341,0.50664,0.43804,0.50936,-0.035765,0.14845,0.29569,0.49542,0.28793,0.0388,0.31408,0.36102,0.025867,0.55014,0.43643,0.014688,0.16811,0.55643,0.52113,0.34605,0.17596,0.55998,0.60999,0.083108,0.53685,0.11927,0.26306,0.52949,0.4035,0.50138,0.4132,0.30937,0.53067,0.34058,0.72267,-0.036302,0.34351,0.21291,0.37205,0.27054,0.45088,0.21758,0.068224,0.22547,0.69292,0.017134,0.017412,0.20464,0.11654,0.44232,0.33078,0.47601,0.20012,0.36229,0.47209,0.144,0.49954,0.17079,0.57932,0.38646,0.64719,0.47151,0.42635,0.25694,-0.12141,0.23665,0.53699,0.58416,0.27872,-0.062737,0.53685,0.67305,0.0086078,-0.045203,-0.089834,0.47326,0.31725,0.44002,0.58882,0.45619,0.16024,0.26953,0.18906,-0.0062268,0.41091,0.34306,0.41164,0.36161,0.19863,-0.01097,0.30418,0.2633,-0.21182,0.53304,0.63825,0.56881,0.62763,0.096226,0.52581,0.22194,0.44097,0.15806,0.45554,0.62293,0.29144,0.35111,0.63479,-0.14001,0.31482,-0.33093,0.28303,0.53378,0.21955,-0.024697,0.27637,0.54853,0.098054,0.20078,0.26831,0.43398,0.17843,0.37871,0.4226,0.51877,0.073504,-0.12679,0.45811,0.041133,0.41949,0.23056,0.4625,-0.38413,0.41679,-0.31608,0.086838,0.35408,0.57334,0.44673,0.5842,0.50509,0.50227,-0.14196
