1,0.066694,0.42478,-0.27575,0.087834,0.22795,0.14768,-0.11995,-0.20266,0.097815,-0.041858,0.236,0.17476,-0.20183,-0.071958,-0.14899,-0.019982,0.20555,0.0888,0.75587,0.054124,0.16394,-0.14179,-0.10871,0.45044,-0.23162,-0.18185,-0.027267,0.17808,-0.23801,0.077795,0.26644,0.22114,0.31724,-0.17299,-0.24665,0.43969,0.040657,-0.21853,-0.19626,-0.24822,0.053221,0.01814,0.35087,0.12998,0.074551,-0.15913,0.2354,0.27736,-0.009905,0.32693,0.17824,-0.2887,-0.0019889,0.19357,0.30294,-0.019294,-0.028161,0.56806,-0.44069,-0.20685,-0.17371,0.41728,-0.095827,0.041298,-0.10031,-0.058153,0.044751,-0.04223,-0.013053,-0.071909,0.020798,-0.078933,0.0069433,-0.11694,0.053783,0.01273,0.35845,0.021494,0.086535,-0.12485,0.50321,-0.079661,0.27465,0.007679,-0.42575,-0.17822,-0.3258,-0.096655,0.24991,-0.070648,-0.2492,-0.088517,-0.17795,-0.19558,0.71007,-0.083577,0.080191,0.024988,-0.25961,0.068867,-0.04252,0.23578,-0.023111,0.46555,0.27443,0.14248,-0.05297,0.34336,0.35627,-0.20805,-0.31663,-0.16152,0.36416,-0.074245,0.056896,-0.062643,0.016129,-0.028193,-0.091173,0.35106,0.55918,0.16428,0.27449,-0.056957,0.84286,-0.042144,-0.066505,-0.13328,0.082888,0.43398,-0.23294,-0.067368,0.25275,0.016152,-0.10933,0.21232,0.3262,-0.0087708,-0.25074,0.10093,-0.022199,-0.17336,-0.048835,0.089954,-0.1541,-0.11376,0.1423,0.073016,0.22416,0.23222,0.4188,-0.118,0.055151,0.040146,0.19294,-0.11767,0.14955,-0.067736,0.13425,-0.45435,-0.11412,0.0062676,0.5442,-0.040746,0.57708,0.28724,-0.099755,-0.076984,-0.13338,0.0036655,0.0042125,0.031495,-0.060506,0.6581,0.2916,0.21934,0.071264,0.18901,0.37665,-0.035381,0.0056154,-0.033034,0.029406,-0.23087,-0.24779
0.066694,1,0.57431,0.16989,0.28363,-0.067367,0.45765,0.36992,0.50047,0.26231,0.34248,0.38555,0.32663,0.15296,0.36262,0.31974,0.34299,-0.16996,0.56212,0.094358,0.22209,0.38267,0.47612,0.25037,0.183,0.34216,0.51432,0.53076,0.54145,0.35672,0.1517,0.3217,0.50219,0.11087,0.48815,0.27714,0.37529,0.32097,0.55942,0.47837,0.04581,0.2633,0.34347,0.23644,0.37669,0.41143,0.037429,0.4817,0.62383,-0.0039756,-0.18313,0.11649,0.3132,0.18117,0.091346,0.2982,0.66876,0.49862,-0.031998,0.18383,-0.12596,0.28911,0.43134,0.38631,0.30071,0.3286,0.60972,-0.05879,0.46552,0.48536,0.40358,0.58624,0.18944,0.1027,0.47782,0.50604,0.41444,0.27846,0.30098,-0.057742,0.46337,0.28066,0.35331,0.18055,0.41184,-0.0038635,-0.49575,0.40368,0.50396,0.52991,0.46757,0.49295,0.27937,0.49199,0.4557,0.40624,0.38908,0.17281,0.20711,0.43308,0.42066,0.24739,0.32075,0.26755,0.17401,0.54595,-0.11577,0.43553,0.55201,0.30409,0.58196,0.4637,0.6448,0.28137,0.56753,0.096599,0.1708,0.43805,-0.15667,0.57122,0.42841,0.19172,0.28636,0.50191,0.55384,-0.025895,-0.21745,0.14927,0.27644,0.30873,0.25118,0.41259,-0.30111,0.32269,0.014279,0.32732,0.38387,0.20187,0.3499,0.17823,0.12254,0.27986,0.28172,0.60481,0.32277,0.41524,0.48235,0.37578,0.58885,0.3057,0.38979,0.53777,0.52682,0.59145,0.27366,0.49232,0.51654,0.56001,0.46856,0.26275,0.037686,0.090863,0.2537,-0.051375,0.43854,0.17043,0.27985,0.36546,0.25327,0.27039,0.56624,0.66145,0.54942,0.55157,0.23912,0.52868,-0.071396,0.62359,0.109,-0.03684,0.62726,0.43482,0.4331,0.25615,0.34795,0.66344
0.42478,0.57431,1,0.025637,0.42837,0.016351,0.56641,0.39802,0.21442,0.44741,0.52429,0.3565,0.61248,0.30112,0.20017,0.31863,0.55964,0.094314,0.42155,0.22072,-0.087587,0.39069,0.40385,0.26004,0.44964,0.21026,0.12015,0.55333,0.47492,0.097899,0.42737,0.17368,0.44055,0.093549,0.39092,0.44837,0.37062,0.70139,0.41005,0.37593,0.17296,0.34518,0.45718,0.094027,0.22559,0.43272,0.28487,0.46763,0.38134,0.20848,-0.11897,0.21442,0.25229,0.038797,-0.14489,0.46889,0.55953,0.51849,0.029339,0.25277,-0.19894,0.25776,0.61298,0.24103,0.51212,0.37673,0.53509,0.059023,0.45941,0.40993,0.55198,0.39847,0.26772,-0.015928,0.34423,0.44702,0.57877,0.63943,0.20412,0.031157,0.52751,0.35856,0.19387,0.31421,0.42347,-0.15339,-0.46156,0.30719,0.43348,0.53692,0.45664,0.010773,0.35138,0.43869,0.25153,0.5325,0.38575,0.11514,0.41389,0.25151,0.49769,0.21944,0.45789,0.043213,0.66651,0.5886,-0.038136,0.49921,0.48098,0.17252,0.39049,0.23022,0.28832,0.13461,0.48673,0.40909,0.070577,0.11741,0.021311,0.61204,0.3705,0.28741,-0.085652,0.71812,0.467,0.27075,-0.0099537,0.092944,0.33263,0.51659,0.14466,0.21796,-0.051128,0.35243,0.1578,0.064141,0.41008,0.18154,0.34184,0.15504,0.2018,0.16934,0.30361,0.6652,0.59278,0.41506,0.21074,0.48167,0.42269,0.62942,0.23135,0.35205,0.27624,0.24805,0.0144,0.51816,0.38405,0.47327,0.27558,0.3146,0.06573,-0.25272,0.15908,0.047419,0.20565,0.51735,0.64367,0.1458,0.41839,0.23349,0.62691,0.61564,0.3869,0.27388,0.33777,0.47005,-0.18454,0.069546,0.035735,-0.00058951,0.52116,0.22897,0.49869,0.56509,0.21469,0.37147
-0.27575,0.16989,0.025637,1,0.29665,0.036031,0.3712,0.53821,0.52978,0.49699,0.56128,0.43835,0.30437,0.38718,0.47666,0.44175,0.30387,0.19776,0.37974,-0.22887,-0.080657,0.12655,0.2945,0.31775,-0.12807,0.31935,0.43141,0.28607,0.25482,0.59706,0.18241,0.42212,0.10735,-0.11401,0.49882,0.091468,0.15994,0.28618,0.4212,0.4348,0.48756,0.36962,0.18351,0.15169,-0.0083353,0.40049,0.46665,0.32344,0.30676,0.11055,-0.2513,0.0024056,0.43092,0.43957,-0.11592,0.25168,0.23787,0.32354,-0.099656,0.37333,0.20468,0.45803,0.0068824,0.51342,0.37077,0.51637,0.30569,-0.043985,0.23372,0.47335,0.21862,0.30509,0.27997,0.5382,0.53353,0.3193,0.32407,0.15631,-0.062375,0.090258,0.57521,0.14785,0.59592,-0.013459,0.48545,0.071708,-0.096872,0.35925,0.54768,0.48045,0.32215,0.2109,0.39012,0.40114,0.5342,-0.051691,0.39849,0.2792,0.18823,0.37968,0.65333,0.45514,-0.47756,0.3805,-0.29689,0.46496,-0.23127,0.42322,-3.1174e-05,-0.0077514,0.2205,0.57795,0.32415,0.078589,0.53247,0.49997,0.23262,-0.023728,0.36214,0.48854,0.36794,0.083252,0.19977,0.30056,0.47823,-0.19674,0.21717,-0.014147,0.38371,0.50447,-0.12201,0.52567,0.36436,0.18028,0.33922,0.61448,-0.037218,0.36879,0.47963,0.4188,-0.27432,-0.19721,0.37522,0.36343,0.40245,0.53966,0.48335,0.18485,0.59391,0.18311,0.2452,-0.013031,0.2667,0.26617,-0.16493,0.36144,0.26566,0.34911,0.46305,0.37106,0.32312,-0.096464,0.098714,-0.23291,0.57281,-0.013139,0.21164,0.35008,0.47122,0.36531,0.45319,0.09412,0.42637,0.43642,-0.22772,0.57185,0.051611,0.21466,-0.091209,0.032337,0.23952,0.54153,0.57847,0.4037,0.41721,0.28358
0.087834,0.28363,0.42837,0.29665,1,-0.013273,0.51959,0.50765,0.24514,0.47008,0.4149,0.31873,0.53606,0.45964,0.39532,0.31662,0.51742,-0.13659,0.52091,0.19181,-0.18876,0.22055,0.50993,0.17989,0.18889,0.46523,0.31729,0.37492,0.4408,0.20635,0.40947,0.059622,0.53598,0.0016301,0.53828,0.43425,0.50737,0.4414,0.36635,0.44477,0.3365,0.38537,0.1319,0.34361,0.20545,0.46167,0.10163,0.39132,0.24602,-0.0078917,-0.064611,0.41527,0.13654,0.42401,-0.11922,0.45731,0.45501,0.50878,0.001975,0.30301,0.16107,0.39589,0.25821,0.59743,0.16713,0.50963,0.42312,0.1628,0.27893,0.41469,0.41774,0.35005,0.31622,0.19466,0.48925,0.43477,0.48101,0.17188,0.060009,-0.087753,0.55332,0.16431,0.1543,-0.039802,0.63618,0.24216,-0.6614,0.39517,0.41253,0.5533,0.13394,0.12494,0.32241,0.48672,0.50251,0.27627,0.38868,0.29226,0.5058,0.42807,0.69328,0.563,0.061725,-0.063583,0.37205,0.51188,0.33476,0.40233,0.27411,0.050123,0.2829,0.416,0.45692,0.09508,0.5494,0.34621,0.13749,-0.042361,0.18552,0.59756,0.43083,0.15682,0.13899,0.42976,0.16335,0.048291,0.27342,0.17741,0.086005,0.35784,-0.26856,0.36009,-0.039345,0.37896,0.20636,0.17386,0.20435,0.51035,0.30038,0.27252,0.20433,0.10495,0.20678,0.46499,0.44013,0.3119,0.23276,0.32656,0.26635,0.646,0.51289,0.30782,0.18391,0.40926,0.0075152,0.51589,0.51621,0.72456,0.44248,0.28697,-0.089921,-0.063114,-0.10159,-0.044628,0.46005,0.35785,0.49408,0.33611,0.45605,0.1914,0.55645,0.42558,0.48686,0.20009,-0.020733,0.23912,-0.32224,0.061553,0.28601,0.2342,0.28019,0.39824,0.51431,0.50774,0.41176,0.31463
0.22795,-0.067367,0.016351,0.036031,-0.013273,1,0.0042579,0.21472,-0.24861,0.10538,0.17994,0.081673,0.0063255,-0.039312,-0.031484,0.14286,-0.0055508,0.26625,-0.060784,0.26551,0.1123,0.30096,0.005888,0.084698,0.62295,-0.087682,-0.065132,-0.016299,-0.016134,-0.21895,0.2111,0.36912,0.023081,-0.28573,0.052009,-0.4596,0.1505,0.20348,-0.29802,-0.06867,0.09808,0.11876,-0.031536,0.059966,-0.20778,0.066888,-0.50732,-0.046851,0.041037,0.090686,0.29611,-0.041343,-0.12315,-0.1607,0.54736,0.45193,-0.19331,0.20891,0.27514,-0.36962,0.08533,-0.10714,0.27482,-0.12973,-0.10652,0.13393,-0.091005,-0.20812,-0.057209,0.099478,0.14362,-0.01564,-0.25065,-0.03824,0.24619,0.011945,-0.13963,0.55194,-0.025419,-0.031297,-0.17531,-0.05069,-0.22672,0.10599,-0.23494,-0.32329,0.09898,-0.11576,-0.16558,-0.014531,-0.39052,-0.032237,0.035579,-0.017711,0.052053,-0.060702,0.18727,0.24673,0.10693,-0.37374,0.17239,0.32378,0.28361,0.40491,0.24506,-0.019186,0.2047,0.10307,0.045503,0.59189,-0.29891,-0.11557,-0.22878,0.15306,0.096802,-0.15016,-0.16185,-0.19449,0.2499,0.026325,-0.042917,0.46277,-0.11824,-0.061997,-0.18176,0.049374,-0.0097079,0.16426,-0.15151,0.24138,0.37421,-0.024279,-0.19535,0.014315,-0.12027,-0.25239,0.11663,-0.21987,-0.21302,-0.13465,0.0067136,0.129,-0.11468,0.11325,0.25141,-0.03877,0.112,0.57654,0.0010137,-0.061887,-0.037103,-0.003175,0.1145,0.19903,-0.22588,0.37164,-0.12614,-0.049273,0.10494,0.43031,0.061409,-0.19647,0.18439,0.55389,0.23462,0.027905,0.39255,-0.37798,-0.26412,-0.20553,0.032225,0.14038,-0.065597,0.075966,0.21988,0.019494,0.2025,-0.069844,0.39754,0.67288,-0.026461,0.078159,0.097319,-0.030093,-0.17435,-0.22523
0.14768,0.45765,0.56641,0.3712,0.51959,0.0042579,1,0.43867,0.64861,0.50436,0.74,0.52428,0.61302,0.5374,0.58212,0.61411,0.4987,0.065705,0.5653,0.0024521,-0.14843,0.40947,0.64282,0.34393,0.19893,0.5244,0.53242,0.53326,0.71912,0.31166,0.30088,0.11627,0.67866,0.19988,0.69505,0.5285,0.7196,0.51407,0.51881,0.64732,0.41193,0.56954,0.6293,0.23076,0.19856,0.65672,0.19276,0.54072,0.55716,0.2937,-0.066055,0.27581,0.44721,0.6116,-0.25839,0.60889,0.64671,0.50634,-0.21281,0.34962,-0.06774,0.51746,0.44223,0.60282,0.59972,0.69418,0.70468,0.43835,0.35308,0.64175,0.62699,0.57653,0.40087,0.41014,0.57186,0.52957,0.5323,0.34204,0.17926,0.23603,0.80291,0.21795,0.52354,0.38032,0.81839,0.27268,-0.51441,0.50047,0.87036,0.7578,0.42984,0.065221,0.058968,0.6773,0.70998,0.44514,0.719,0.5105,0.50312,0.66326,0.61807,0.55976,0.41476,0.18872,0.45084,0.6366,0.19176,0.59744,0.32042,0.14375,0.58361,0.57342,0.56812,0.16732,0.67793,0.36331,0.58858,0.13738,0.22355,0.60044,0.55217,0.25858,0.1934,0.57353,0.56839,0.053128,0.18835,0.093933,0.55619,0.48544,-0.16033,0.6743,0.083674,0.42421,0.14077,0.35255,0.27817,0.36189,0.70054,0.38,0.32791,0.41955,0.5322,0.64326,0.78116,0.68464,0.43069,0.43482,0.53636,0.55237,0.36099,0.58629,0.16535,0.56799,0.077864,0.70723,0.63584,0.64731,0.59101,0.44159,-0.012535,0.29271,0.29795,-0.0067515,0.49519,0.49729,0.60856,0.52053,0.61743,0.3249,0.56713,0.6424,0.67528,0.397,0.31939,0.49255,-0.26227,0.24155,0.0033045,-0.092894,0.40539,0.48307,0.71979,0.62927,0.62551,0.22325
-0.11995,0.36992,0.39802,0.53821,0.50765,0.21472,0.43867,1,0.37379,0.67086,0.81802,0.45762,0.4014,0.65702,0.69962,0.35035,0.44475,0.18813,0.72781,0.01284,0.094166,0.2154,0.62493,0.31148,0.44761,0.45425,0.49042,0.51116,0.59385,0.64428,0.62055,0.31188,0.57561,-0.0014752,0.87281,0.27529,0.48995,0.54809,0.38109,0.67046,0.42667,0.65021,0.59192,0.28458,0.29667,0.49008,0.074898,0.37997,0.2765,0.4769,-0.090127,0.01127,0.50561,0.49558,0.10778,0.6762,0.53371,0.77142,0.042415,0.51768,0.23746,0.46623,0.40726,0.62202,0.44062,0.78482,0.60917,0.14059,0.38284,0.81502,0.35841,0.41308,0.17279,0.41193,0.77203,0.62939,0.48315,0.56864,0.369,0.27556,0.56478,0.46383,0.3102,0.2779,0.38771,-0.071613,-0.50508,0.58606,0.41259,0.59437,0.36752,0.31951,0.30364,0.63221,0.6545,0.17497,0.55092,0.58162,0.47176,0.40749,0.83243,0.7522,0.16428,0.35036,0.31632,0.61443,-0.016836,0.66806,0.38478,0.26034,0.52381,0.37504,0.50965,0.36814,0.78005,0.28849,0.30272,0.36993,0.21956,0.66131,0.54336,0.37222,0.28885,0.41016,0.64609,-0.047814,0.29494,0.40415,0.43959,0.70247,-0.025537,0.23493,0.3546,0.51389,0.33006,0.30486,0.32052,0.48914,0.42459,0.52798,0.15499,0.10864,0.46426,0.45117,0.64937,0.4958,0.7174,0.7629,0.59226,0.26666,0.41768,0.22256,0.55474,0.61067,0.27816,0.50531,0.60348,0.69268,0.66854,0.62761,0.28968,-0.28161,0.33958,-0.056152,0.72412,0.34513,0.56959,0.39091,0.46832,0.68106,0.58063,0.62428,0.63639,0.55777,0.17957,0.54073,-0.072958,0.16491,0.17668,0.34509,0.66702,0.80346,0.64645,0.62293,0.38196,0.49734
-0.20266,0.50047,0.21442,0.52978,0.24514,-0.24861,0.64861,0.37379,1,0.53295,0.57367,0.66819,0.57933,0.45646,0.6922,0.61828,0.58259,0.15982,0.60655,-0.26713,-0.095708,0.54744,0.63864,0.18432,-0.18,0.34415,0.62689,0.23433,0.66234,0.54463,0.061695,0.10287,0.57748,0.30342,0.57372,0.52229,0.46693,0.35943,0.60265,0.60528,0.36513,0.44647,0.41124,0.33922,0.33976,0.49892,0.38002,0.54045,0.55054,0.14768,-0.11053,0.10808,0.56961,0.62085,-0.2939,0.36411,0.54148,0.44559,-0.36171,0.44223,0.10803,0.38028,0.10867,0.73787,0.51857,0.46484,0.63457,0.20828,0.56593,0.61042,0.57295,0.70145,0.59645,0.65443,0.52182,0.62731,0.65303,-0.090294,0.29598,0.035472,0.65307,0.23745,0.61896,0.35117,0.68028,0.51352,-0.34532,0.70491,0.83848,0.5329,0.45186,0.00681,0.3383,0.56955,0.78498,0.29563,0.58459,0.45782,0.24361,0.83999,0.47186,0.40172,0.10312,0.41884,0.02072,0.59043,0.10553,0.59807,0.37515,-0.16895,0.68639,0.77972,0.77835,0.24356,0.58075,0.56322,0.6547,0.31427,0.050986,0.65725,0.63741,-0.017855,0.35857,0.55122,0.61623,-0.088722,-0.095224,0.11213,0.69808,0.51068,-0.14824,0.82537,0.32836,0.30329,0.15319,0.76538,0.43362,0.29549,0.81911,0.54085,0.16996,0.22115,0.33793,0.67672,0.56364,0.84086,0.66991,0.25545,0.60218,0.41417,0.33805,0.43802,0.43657,0.51351,0.17052,0.59877,0.76221,0.5438,0.57673,0.46726,0.34417,0.31025,0.14852,-0.30933,0.59466,0.29139,0.34109,0.6292,0.47327,0.5153,0.67343,0.46705,0.74086,0.46462,0.059824,0.48169,0.066798,0.44062,-0.36722,-0.41322,0.47035,0.61766,0.72197,0.59551,0.82009,0.37535
0.097815,0.26231,0.44741,0.49699,0.47008,0.10538,0.50436,0.67086,0.53295,1,0.81893,0.62197,0.65266,0.33455,0.58881,0.60721,0.72095,0.19439,0.59397,0.17183,-0.093841,0.63465,0.6577,0.18422,0.41245,0.41872,0.31312,0.25605,0.52434,0.51518,0.52776,0.10733,0.6806,0.25908,0.69006,0.40064,0.45303,0.76259,0.5094,0.52688,0.48491,0.57236,0.43499,0.47975,0.30635,0.6185,0.28911,0.45705,0.26428,0.16172,0.33586,0.13902,0.47153,0.51663,0.072101,0.73689,0.57848,0.69797,0.036557,0.41233,0.16046,0.41955,0.56427,0.62474,0.56432,0.70224,0.54182,0.31738,0.56119,0.64406,0.59334,0.5308,0.40526,0.51447,0.60728,0.73027,0.74771,0.45163,0.097089,0.26953,0.59434,0.23859,0.36555,0.53786,0.53315,0.19155,-0.30058,0.76716,0.52256,0.65835,0.25117,0.057766,0.41922,0.53417,0.69511,0.27526,0.58486,0.60296,0.47054,0.46779,0.71301,0.60091,0.11753,0.27828,0.45587,0.73795,0.26839,0.69849,0.52362,0.12954,0.55681,0.46241,0.544,0.41354,0.73425,0.60435,0.39676,0.092277,0.17032,0.75755,0.71445,0.41761,0.18307,0.55209,0.53546,0.24997,0.2143,0.41402,0.67423,0.85356,0.1172,0.48942,0.40605,0.52482,0.22119,0.54236,0.2128,0.55372,0.72344,0.65579,0.35852,0.28756,0.30412,0.56702,0.6709,0.62234,0.54279,0.6508,0.66739,0.46575,0.54297,0.20713,0.25237,0.50457,0.018839,0.59115,0.64818,0.46971,0.66524,0.58119,0.3428,-0.19081,0.16379,-0.012794,0.80993,0.63211,0.70554,0.34274,0.69264,0.66122,0.73742,0.52684,0.76808,0.39249,0.13772,0.52012,0.20031,0.13347,-0.09013,0.17456,0.58489,0.55121,0.85617,0.70231,0.3719,0.42563
-0.041858,0.34248,0.52429,0.56128,0.4149,0.17994,0.74,0.81802,0.57367,0.81893,1,0.576,0.59242,0.63292,0.68342,0.6333,0.56464,0.28547,0.63257,-0.077653,-0.087955,0.42011,0.71282,0.32806,0.4132,0.51206,0.45252,0.46689,0.63596,0.5399,0.54136,0.13761,0.64917,0.07659,0.88441,0.47881,0.53066,0.73248,0.54483,0.70168,0.51377,0.67362,0.70343,0.22314,0.27401,0.63263,0.2344,0.46406,0.33551,0.46764,-0.0092455,0.075511,0.61829,0.53894,-0.12045,0.79955,0.66892,0.72165,-0.13458,0.4612,0.089776,0.50863,0.54683,0.59081,0.6573,0.84682,0.68964,0.33192,0.5026,0.81802,0.60651,0.51853,0.31693,0.48707,0.74462,0.64089,0.62246,0.5928,0.2504,0.36195,0.76273,0.30854,0.51121,0.45813,0.62151,0.090443,-0.34372,0.71803,0.68204,0.73231,0.3813,0.1138,0.25203,0.68898,0.77672,0.19956,0.73204,0.6571,0.55149,0.51662,0.76068,0.67268,0.30838,0.31351,0.47202,0.72608,0.1012,0.75109,0.42754,0.1605,0.63265,0.501,0.54751,0.29432,0.79363,0.42227,0.49096,0.1999,0.23797,0.7336,0.58805,0.37087,0.14513,0.51354,0.7218,0.021119,0.30691,0.26895,0.67237,0.81516,-0.067361,0.49579,0.36482,0.48798,0.30177,0.39904,0.25115,0.43333,0.71465,0.59815,0.29294,0.33955,0.53739,0.63135,0.80941,0.71937,0.59596,0.74402,0.66811,0.39338,0.38005,0.25575,0.33787,0.59345,0.094348,0.67386,0.65688,0.58669,0.70691,0.62887,0.29715,-0.080227,0.38088,-0.11691,0.73506,0.50181,0.68719,0.42384,0.69099,0.63911,0.66525,0.6779,0.73131,0.4966,0.20411,0.55653,0.0062902,0.13445,-0.0078886,0.094193,0.5898,0.67916,0.84397,0.72598,0.48762,0.41969
0.236,0.38555,0.3565,0.43835,0.31873,0.081673,0.52428,0.45762,0.66819,0.62197,0.576,1,0.57172,0.29814,0.72591,0.36817,0.51014,0.34386,0.6544,0.15429,0.048938,0.52646,0.38945,0.025323,0.2579,-0.068594,0.56956,0.21003,0.61667,0.23559,0.1973,0.31923,0.64363,0.31264,0.47712,0.14012,0.55581,0.34881,0.48277,0.38525,0.21463,0.26845,0.32176,0.5758,0.42108,0.23625,0.22716,0.35959,0.37863,0.20759,0.05767,0.33518,0.27062,0.48656,0.049204,0.65768,0.29342,0.54931,0.22064,0.12035,0.016979,-0.0080325,0.502,0.58976,0.52011,0.49227,0.43927,0.3622,0.58178,0.53853,0.4229,0.52545,0.35498,0.63874,0.42337,0.56782,0.55528,0.29069,0.1364,-0.044193,0.47863,0.35295,0.41814,0.27413,0.55307,0.097875,-0.46756,0.46325,0.55543,0.56752,0.30493,-0.027681,0.35327,0.41559,0.55905,0.33221,0.57525,0.38731,0.11857,0.48076,0.45557,0.42607,0.18233,0.48607,0.31695,0.63143,0.092108,0.46205,0.35506,0.20676,0.38107,0.45417,0.61669,0.53206,0.49088,0.50076,0.58534,0.062365,4.4955e-05,0.58834,0.87497,0.38913,0.49243,0.49342,0.39527,0.21875,0.074754,0.021049,0.43588,0.47624,0.18811,0.49258,0.2729,0.13026,-0.11224,0.46359,0.55093,0.42397,0.70016,0.47569,0.25185,0.29388,0.1005,0.51244,0.48138,0.56847,0.46191,0.48773,0.57752,0.34067,0.43363,0.61797,0.18213,0.59899,0.091641,0.67977,0.50965,0.56465,0.60159,0.42467,0.23457,-0.065925,0.20733,0.069745,0.60453,0.4975,0.58956,0.5357,0.52353,0.46743,0.58969,0.53071,0.78486,0.27595,0.24913,0.6579,0.40915,0.34009,-0.083243,0.12294,0.45308,0.52742,0.64351,0.53009,0.53618,0.1952
0.17476,0.32663,0.61248,0.30437,0.53606,0.0063255,0.61302,0.4014,0.57933,0.65266,0.59242,0.57172,1,0.45491,0.57904,0.55347,0.72297,0.15959,0.54757,0.0023483,-0.31837,0.60881,0.54994,-0.036505,0.077706,0.24179,0.36925,0.20396,0.58739,0.16072,0.27308,0.12575,0.45376,0.22959,0.43986,0.39652,0.47717,0.74887,0.6296,0.4389,0.39673,0.29923,0.22261,0.3776,0.37718,0.58222,0.26054,0.39094,0.54964,0.066909,0.19469,0.17791,0.48695,0.39103,-0.24804,0.52845,0.42185,0.57628,-0.20426,0.34331,-0.14217,0.23534,0.43605,0.58835,0.33307,0.47384,0.55818,0.18774,0.64428,0.44818,0.79752,0.73569,0.79465,0.2493,0.386,0.59306,0.87403,0.37674,0.23587,-0.07574,0.63185,0.28846,0.51498,0.35598,0.66516,0.43027,-0.32279,0.51892,0.59595,0.61602,0.19116,-0.11532,0.50799,0.50579,0.57023,0.48724,0.67624,0.23307,0.59448,0.62654,0.62662,0.3342,0.37065,0.47706,0.43625,0.46027,0.43546,0.61524,0.2782,-0.016413,0.49694,0.67924,0.52944,0.40921,0.44385,0.75026,0.37356,0.057141,-0.014621,0.62125,0.52825,0.037722,0.15456,0.87103,0.4344,0.21398,0.20802,0.31349,0.65298,0.60606,-0.046756,0.58017,0.36155,0.27414,0.32795,0.57508,0.52072,0.14562,0.6076,0.31271,0.43699,0.34101,0.16979,0.73355,0.69433,0.61672,0.40075,0.33597,0.54973,0.81178,0.43256,0.32168,0.36244,0.27465,0.069645,0.72964,0.65481,0.54849,0.40359,0.4921,0.28426,-0.16547,0.32214,-0.19952,0.54699,0.4702,0.66188,0.47522,0.57886,0.38705,0.7932,0.47164,0.5592,0.4655,0.033407,0.40385,-0.0090054,0.16793,-0.12121,-0.18347,0.41028,0.41034,0.67885,0.85463,0.63479,0.17756
-0.20183,0.15296,0.30112,0.38718,0.45964,-0.039312,0.5374,0.65702,0.45646,0.33455,0.63292,0.29814,0.45491,1,0.64049,0.29086,0.37258,0.16036,0.57058,-0.27511,-0.0041418,-0.023351,0.46404,0.094132,0.038064,0.47073,0.45205,0.4987,0.5889,0.36759,0.39109,0.096274,0.35734,-0.21579,0.66991,0.49441,0.4562,0.42541,0.35327,0.75177,0.33127,0.58221,0.54436,-0.064158,0.2524,0.47086,0.20167,0.20896,0.1058,0.55032,-0.43154,0.29073,0.31651,0.38499,-0.33892,0.44838,0.38259,0.49181,-0.38031,0.57811,0.33616,0.53435,0.11196,0.59108,0.45383,0.64175,0.67844,0.23284,0.24104,0.63461,0.33358,0.3991,0.26235,0.34995,0.51909,0.3854,0.43278,0.26202,0.48892,0.022326,0.54744,0.3921,0.34871,0.20563,0.57088,0.13377,-0.37507,0.37114,0.54206,0.43302,0.24776,0.064275,0.35605,0.68857,0.56327,0.1329,0.5371,0.46614,0.40548,0.52251,0.55799,0.58364,0.22073,0.25,0.3394,0.39647,0.080375,0.62935,0.13552,-0.12439,0.49229,0.4853,0.45489,0.032638,0.49267,0.35329,0.20875,0.34414,0.12621,0.43644,0.29614,-0.082807,0.19698,0.48434,0.43747,-0.22122,0.21726,0.14653,0.33888,0.50674,-0.32556,0.31743,0.37863,0.26675,0.29725,0.3419,0.33287,0.33052,0.46659,0.33796,0.074216,0.05073,0.58193,0.48108,0.58819,0.65536,0.50947,0.32735,0.286,0.30479,0.18798,0.09323,0.42038,0.38845,0.33084,0.54261,0.54559,0.62696,0.46289,0.39687,0.098722,0.080955,0.12568,-0.33122,0.4102,0.12373,0.35548,0.556,0.3035,0.36116,0.43587,0.46269,0.43235,0.38143,0.040463,0.20199,-0.28473,0.14379,-0.081697,-0.088813,0.34621,0.62099,0.45801,0.66309,0.63845,0.12227
-0.071958,0.36262,0.20017,0.47666,0.39532,-0.031484,0.58212,0.69962,0.6922,0.58881,0.68342,0.72591,0.57904,0.64049,1,0.37839,0.48215,0.10427,0.89129,-0.009749,0.015676,0.31312,0.56777,-0.00094543,0.063228,0.33544,0.85571,0.33159,0.82196,0.47519,0.23786,0.30589,0.68001,0.26905,0.74274,0.2382,0.69742,0.38037,0.56004,0.68447,0.27588,0.43553,0.50389,0.58567,0.51336,0.48661,0.12101,0.28594,0.45461,0.30292,0.07511,0.1956,0.50971,0.78238,0.023321,0.65883,0.43061,0.67016,-0.052971,0.46252,0.10657,0.35769,0.36952,0.81919,0.4265,0.75077,0.70175,0.5281,0.54942,0.693,0.46666,0.73408,0.46837,0.64623,0.54678,0.70768,0.60224,0.28483,0.43701,0.10334,0.60504,0.41716,0.518,0.43142,0.6318,0.34578,-0.51954,0.5673,0.66085,0.58093,0.23932,0.31685,0.2012,0.65653,0.70451,0.34793,0.78796,0.57682,0.32342,0.73575,0.63776,0.65812,0.26237,0.59319,0.22491,0.5036,0.20522,0.61203,0.20014,0.14439,0.66406,0.61726,0.75157,0.55873,0.61122,0.42769,0.65463,0.33752,-0.062408,0.54432,0.78181,0.10444,0.67467,0.53352,0.54894,0.028603,0.33876,0.36112,0.60017,0.52803,0.02534,0.4822,0.48184,0.27564,0.15272,0.59158,0.52401,0.44433,0.71387,0.55137,0.34647,0.37719,0.40906,0.45783,0.58117,0.59843,0.71429,0.45972,0.62905,0.32425,0.48417,0.58204,0.38872,0.70999,0.45103,0.64977,0.7552,0.74598,0.69031,0.53997,0.19537,0.050704,0.45115,-0.17497,0.7851,0.3451,0.49595,0.83722,0.51568,0.71491,0.56148,0.6485,0.79879,0.62352,0.21971,0.54446,0.12596,0.38036,0.022532,0.022298,0.63514,0.71839,0.6076,0.71661,0.74879,0.26446
-0.14899,0.31974,0.31863,0.44175,0.31662,0.14286,0.61411,0.35035,0.61828,0.60721,0.6333,0.36817,0.55347,0.29086,0.37839,1,0.60195,-0.037078,0.35086,-0.15035,-0.22699,0.72228,0.78643,0.064825,0.062426,0.53946,0.3606,0.25256,0.55432,0.44735,0.2157,0.22762,0.46823,-0.0070361,0.51775,0.5241,0.36007,0.61407,0.32107,0.59649,0.27652,0.61871,0.48289,0.10476,0.31024,0.67333,0.20085,0.58509,0.46462,0.12706,0.077592,0.034174,0.50498,0.3289,-0.064184,0.52893,0.64804,0.45936,-0.48685,0.36249,0.26107,0.52499,0.26675,0.60199,0.30538,0.4367,0.59026,0.08124,0.5899,0.4956,0.80981,0.64555,0.59476,0.50398,0.48965,0.52038,0.69561,0.18956,0.34176,0.048584,0.54582,0.047774,0.5096,0.40341,0.61647,0.35432,-0.1145,0.5411,0.67052,0.43455,0.25458,-0.0024204,0.39633,0.58968,0.5988,0.17934,0.6051,0.60346,0.63274,0.51338,0.48602,0.42589,0.15747,0.24888,0.089317,0.58814,0.084178,0.39755,0.27807,-0.1296,0.54011,0.68151,0.59306,0.099594,0.47399,0.4945,0.40537,-0.16905,-0.023553,0.6651,0.28824,0.1405,0.1056,0.47715,0.4056,-0.14361,-0.082547,0.24577,0.71909,0.6152,0.12584,0.78066,0.24361,0.47636,0.23947,0.39878,0.18146,0.13891,0.52326,0.32343,0.098725,0.20999,0.49374,0.71158,0.59112,0.60041,0.51014,0.41278,0.57474,0.53061,0.28265,0.13916,0.38493,0.36309,0.012557,0.58078,0.62706,0.38207,0.65742,0.64456,0.15497,0.16871,-0.015428,-0.18883,0.59647,0.13554,0.47797,0.31149,0.47697,0.49556,0.74228,0.48479,0.61373,0.44332,-0.11453,0.48001,-0.10111,0.095956,-0.38593,-0.20529,0.51523,0.41477,0.74858,0.61376,0.62165,0.32717
-0.019982,0.34299,0.55964,0.30387,0.51742,-0.0055508,0.4987,0.44475,0.58259,0.72095,0.56464,0.51014,0.72297,0.37258,0.48215,0.60195,1,0.042572,0.56489,-0.0023079,-0.26,0.73435,0.6285,0.16908,0.1386,0.35419,0.41481,0.37416,0.58227,0.2183,0.41805,0.15007,0.57193,0.06612,0.44131,0.59163,0.36535,0.77997,0.41556,0.4964,0.32767,0.39088,0.26025,0.36914,0.1852,0.48794,0.45735,0.39537,0.27186,0.00023776,0.13329,0.25326,0.39238,0.39832,-0.067884,0.50281,0.48339,0.69985,-0.19872,0.5326,0.097291,0.42694,0.33296,0.63124,0.51033,0.46653,0.57181,0.21371,0.69151,0.44109,0.76992,0.64657,0.52066,0.42871,0.40123,0.75191,0.78348,0.2384,0.1943,-0.071178,0.57994,0.022851,0.11704,0.49618,0.55073,0.4901,-0.41545,0.68536,0.66082,0.34043,0.3193,-0.021237,0.58765,0.55942,0.58035,0.2758,0.55125,0.31914,0.26938,0.64689,0.54189,0.54036,0.14771,0.28124,0.41778,0.54149,0.25007,0.72403,0.2969,-0.14407,0.58838,0.65976,0.57393,0.049127,0.64909,0.79423,0.281,-0.095442,0.034188,0.86912,0.53052,-0.042712,0.022066,0.70392,0.35535,0.00090975,0.022315,0.36797,0.56762,0.66859,0.0072425,0.69595,0.21803,0.2931,0.043212,0.46127,0.47972,0.17597,0.64851,0.57591,0.26641,0.15496,0.2586,0.79359,0.70957,0.74462,0.49276,0.48989,0.3753,0.67069,0.14918,0.26281,0.28721,0.33692,-0.11084,0.62889,0.69077,0.49601,0.38493,0.5467,0.48634,-0.097074,-0.061164,-0.15146,0.53423,0.42376,0.75065,0.38651,0.38528,0.47241,0.86152,0.6029,0.58351,0.26316,0.065533,0.31363,-0.039707,0.041141,-0.16159,-0.13077,0.60576,0.30343,0.79736,0.77844,0.60346,0.2878
0.20555,-0.16996,0.094314,0.19776,-0.13659,0.26625,0.065705,0.18813,0.15982,0.19439,0.28547,0.34386,0.15959,0.16036,0.10427,-0.037078,0.042572,1,0.054618,-0.070184,-0.092526,0.14122,-0.13332,0.3442,0.30433,-0.46746,-0.15291,-0.22582,-0.076985,-0.025106,-0.012591,-0.14678,0.027001,0.22374,0.13467,-0.088986,0.17599,-0.0066494,0.04163,-0.2251,0.34134,0.030887,0.057699,-0.00010153,-0.23831,-0.10961,0.012985,0.11926,0.023077,0.34521,-0.043732,-0.13876,-0.026493,0.026557,-0.31381,0.24032,-0.044191,0.12857,0.11677,-0.12705,-0.025276,-0.36441,0.16252,-0.040302,0.12504,-0.03719,-0.22514,-0.25418,0.12768,0.37591,0.045883,-0.0080355,-0.12657,0.23,0.37148,0.20004,0.011372,0.24563,-0.10585,-0.10213,-0.083687,0.32145,0.17425,-0.044291,-0.13195,-0.12548,-0.057293,0.11378,-0.0031863,0.16533,-0.014598,-0.63537,-0.029481,-0.19686,0.11051,0.10809,0.081543,0.067464,-0.12866,-0.19578,0.16944,0.073132,0.10891,0.15767,0.18538,0.1436,0.11494,0.17481,0.1311,0.10361,-0.23839,-0.049109,-0.1314,0.21444,-0.032851,0.071617,0.025906,0.15747,0.45936,0.061252,0.2371,0.25046,-0.27767,-0.016902,0.13286,0.25922,-0.13209,-0.36403,0.069273,0.29404,-0.19555,-0.098833,0.42078,-0.052169,0.044451,-0.012701,0.048501,0.014072,0.052662,-0.088016,-0.016391,-0.010826,-0.36332,0.096519,0.15231,0.25115,0.14793,0.33751,-0.042714,0.018427,-0.084469,0.042948,0.21805,0.1265,-0.34404,0.19134,0.069604,0.10219,-0.036479,0.16124,0.17234,-0.38959,0.058481,0.19092,0.071781,0.20175,0.32659,-0.2443,-0.018718,0.074386,0.0036567,-0.15205,0.029334,0.037377,0.053129,0.14198,0.56246,0.024266,-0.094161,0.06285,-0.12311,0.24319,0.1318,0.015811,0.026836,-0.18003
0.0888,0.56212,0.42155,0.37974,0.52091,-0.060784,0.5653,0.72781,0.60655,0.59397,0.63257,0.6544,0.54757,0.57058,0.89129,0.35086,0.56489,0.054618,1,0.13412,0.097423,0.36545,0.60076,0.14647,0.1976,0.41348,0.83257,0.47468,0.86967,0.5033,0.28352,0.35545,0.77669,0.32891,0.74501,0.29118,0.75969,0.43868,0.51307,0.71664,0.20372,0.51361,0.53662,0.63444,0.52856,0.60106,0.13841,0.51372,0.50209,0.27145,0.02918,0.31223,0.38469,0.70834,0.057239,0.65579,0.56839,0.74395,-0.031355,0.48225,0.19309,0.47207,0.41611,0.85378,0.46549,0.69796,0.7758,0.41287,0.56763,0.72368,0.48508,0.78108,0.36973,0.55875,0.60141,0.79788,0.62051,0.38346,0.51258,-0.0063091,0.59838,0.50986,0.4473,0.50546,0.55148,0.21092,-0.67942,0.56692,0.6484,0.567,0.2757,0.40085,0.22817,0.70304,0.61341,0.55338,0.71987,0.58908,0.34898,0.64924,0.72557,0.63159,0.27568,0.45602,0.31755,0.62826,0.15444,0.62317,0.34581,0.21161,0.64485,0.53499,0.7568,0.48058,0.68045,0.39912,0.46655,0.38215,-0.056629,0.67455,0.81422,0.17887,0.65544,0.60902,0.50133,0.10922,0.12241,0.27642,0.49111,0.59788,0.14898,0.38432,0.35568,0.4393,0.17174,0.48167,0.56319,0.53409,0.60238,0.50801,0.1907,0.26977,0.45282,0.55512,0.56223,0.53852,0.7567,0.52462,0.60223,0.40585,0.57839,0.6796,0.50069,0.79334,0.47264,0.62375,0.8256,0.85992,0.69254,0.57604,0.094536,0.024885,0.25753,-0.065486,0.78336,0.40911,0.56931,0.73844,0.45174,0.71285,0.65534,0.74761,0.78859,0.71182,0.31178,0.63646,0.047363,0.34425,0.068623,0.08654,0.81028,0.67906,0.59268,0.68958,0.69374,0.49014
0.75587,0.094358,0.22072,-0.22887,0.19181,0.26551,0.0024521,0.01284,-0.26713,0.17183,-0.077653,0.15429,0.0023483,-0.27511,-0.009749,-0.15035,-0.0023079,-0.070184,0.13412,1,-0.014005,0.14531,-0.14753,0.0072962,0.50319,-0.15937,-0.11304,-0.095951,0.10947,-0.030894,-0.018135,0.28046,0.28561,0.32387,-0.043306,-0.25206,0.40511,0.0088998,-0.15362,-0.19645,-0.0926,0.040162,0.028064,0.53434,-0.026152,0.054665,-0.17173,0.044066,0.15353,-0.34167,0.42609,0.033455,-0.28389,0.14075,0.58568,0.34797,0.01934,-0.043906,0.75948,-0.32049,-0.046288,-0.11398,0.46971,-0.00032423,-0.093456,0.091548,-0.096782,0.10331,0.020272,-0.073527,-0.067974,-0.002611,-0.15411,0.16887,0.041418,0.22614,0.046573,0.28611,-0.14883,0.021431,-0.24404,0.31834,-0.34827,0.15171,0.0013527,-0.3239,-0.3805,-0.18904,-0.18109,0.19375,-0.2011,0.058832,-0.13537,-0.24393,-0.20812,0.51921,-0.005407,0.19429,-0.0696,-0.25477,0.15404,0.25087,0.14065,-0.12328,0.38797,0.3066,0.034482,-0.14205,0.42714,0.51121,-0.1922,-0.36913,-0.13861,0.43205,0.022006,-0.068881,0.0018429,0.055784,0.078722,-0.062446,0.3816,0.52609,0.20847,0.068145,-0.093914,0.7741,0.095086,0.29982,-0.14817,0.13572,0.5512,-0.21517,-0.15394,0.16008,-0.14556,-0.14631,0.054105,0.37982,-0.049944,-0.26037,0.16443,0.051762,-0.17461,-0.10396,-0.058988,-0.25351,-0.067339,0.21222,0.22031,0.22302,0.31494,0.40687,-0.097013,0.14349,-0.017757,0.1992,-0.10163,0.10843,0.090734,0.051742,-0.53775,-0.27173,-0.0027215,0.64006,0.11305,0.43348,0.20372,-0.1272,-0.092188,-0.014208,-0.078159,0.083765,0.15813,-0.067259,0.55436,0.16427,0.28439,0.20743,0.39919,0.54268,0.088037,0.027178,-0.10169,-0.058707,-0.24861,-0.1449
0.054124,0.22209,-0.087587,-0.080657,-0.18876,0.1123,-0.14843,0.094166,-0.095708,-0.093841,-0.087955,0.048938,-0.31837,-0.0041418,0.015676,-0.22699,-0.26,-0.092526,0.097423,-0.014005,1,-0.069097,-0.06179,-0.060163,0.34871,0.068851,0.096178,0.47631,0.052305,0.082981,0.3695,0.22217,0.1029,-0.068038,0.063289,-0.38368,0.082676,-0.24859,-0.14412,0.24394,-0.11682,0.24316,0.18983,-0.20978,0.18181,0.076537,-0.45129,-0.038069,-0.16932,0.50615,0.016736,0.4425,-0.46257,-0.27439,0.41675,-0.093146,-0.059692,0.23771,0.014039,0.12897,0.38844,0.084076,0.16375,0.030269,0.21959,0.027612,0.19939,0.089951,-0.43362,0.22707,-0.39125,-0.08108,-0.4585,-0.23394,0.057019,-0.080385,-0.26581,0.18405,0.20835,0.034304,-0.24335,0.12442,0.01398,0.16951,-0.2842,-0.48637,0.015646,-0.20521,-0.21836,0.06153,0.2137,0.3697,0.1288,0.3233,0.0027323,0.0072084,-0.13762,0.080907,-0.067887,-0.21267,-0.10301,0.0088918,0.081565,0.23571,0.036825,-0.10128,-0.047775,0.13109,-0.017777,0.46958,0.020333,-0.1231,0.13014,0.20412,0.12464,-0.32589,-0.30756,0.39097,-0.081164,-0.18132,0.04582,0.42947,0.29835,-0.064415,-0.10992,-0.25254,-0.46553,-0.026532,-0.13095,-0.13358,0.38177,-0.2617,-0.097387,0.22338,-0.42155,-0.0076299,-0.10907,0.21873,-0.17972,0.085503,-0.034336,0.11095,0.22721,-0.25589,-0.054746,-0.091516,0.27467,0.093929,-0.036783,-0.62781,0.27682,0.078926,0.1431,0.37403,0.4933,-0.19318,-0.05041,0.0027809,0.2916,-0.10892,-0.010144,0.19531,-0.045003,0.37776,0.1105,-0.11241,0.014505,0.030333,-0.045531,-0.027379,-0.12862,0.062297,0.13121,0.18079,0.062134,0.20767,-0.10656,0.3058,-0.17591,0.46235,0.17952,0.096096,-0.072206,-0.248,-0.25971,0.083073
0.16394,0.38267,0.39069,0.12655,0.22055,0.30096,0.40947,0.2154,0.54744,0.63465,0.42011,0.52646,0.60881,-0.023351,0.31312,0.72228,0.73435,0.14122,0.36545,0.14531,-0.069097,1,0.60416,0.082542,0.3343,0.1591,0.26011,0.10816,0.48221,0.16918,0.23742,0.19485,0.57383,0.2823,0.29016,0.25853,0.41012,0.57675,0.24178,0.28481,0.2516,0.37876,0.22592,0.39607,0.22328,0.47956,0.01021,0.49065,0.46096,-0.02464,0.46558,0.094712,0.264,0.23549,0.21125,0.51629,0.42469,0.55929,-0.13505,0.17311,0.10028,0.15151,0.43233,0.48756,0.27469,0.23389,0.39617,0.041828,0.60335,0.39817,0.76998,0.65232,0.48608,0.37088,0.39696,0.6608,0.6747,0.24925,0.19607,-0.08542,0.26619,0.038341,0.18659,0.53146,0.31329,0.35667,-0.22838,0.54175,0.4525,0.32573,0.15556,-0.1494,0.41549,0.36883,0.49853,0.37455,0.48759,0.41587,0.34671,0.39734,0.36471,0.359,0.34831,0.41999,0.31626,0.46181,0.36119,0.46503,0.41389,0.15009,0.40287,0.52187,0.51539,0.34027,0.4327,0.51482,0.32706,-0.05992,0.0019077,0.63729,0.48269,0.30536,0.073056,0.53044,0.2226,0.13783,-0.30115,0.35118,0.6051,0.56297,0.3397,0.65345,0.13629,0.37886,-0.092415,0.36877,0.40941,0.027292,0.44683,0.30929,0.33584,0.34948,0.042457,0.67193,0.56582,0.52488,0.5107,0.54867,0.42342,0.51108,0.2978,0.36429,0.37688,0.41364,-0.068708,0.59355,0.61157,0.29871,0.47315,0.60675,0.33441,-0.013484,0.016319,0.20459,0.55821,0.39059,0.69507,0.11947,0.26724,0.37447,0.72742,0.47716,0.58186,0.32574,0.12144,0.38827,0.19157,0.18166,-0.26996,0.013932,0.51565,0.26925,0.68196,0.50447,0.43641,0.20925
-0.14179,0.47612,0.40385,0.2945,0.50993,0.005888,0.64282,0.62493,0.63864,0.6577,0.71282,0.38945,0.54994,0.46404,0.56777,0.78643,0.6285,-0.13332,0.60076,-0.14753,-0.06179,0.60416,1,0.044356,0.16735,0.71912,0.49078,0.41342,0.7607,0.56705,0.53033,0.13778,0.74078,0.077606,0.73272,0.64183,0.51233,0.61738,0.32701,0.76115,0.18034,0.7351,0.57349,0.25012,0.56646,0.65425,0.046486,0.66155,0.50106,0.33514,0.080505,0.055243,0.64469,0.51222,-0.086037,0.59967,0.78154,0.69203,-0.38117,0.45979,0.18849,0.59152,0.25935,0.71036,0.36907,0.55517,0.75628,0.20293,0.53639,0.70055,0.66872,0.63546,0.53943,0.41562,0.55184,0.60815,0.66823,0.17634,0.56919,0.33773,0.68068,0.26806,0.42654,0.49896,0.60989,0.34691,-0.34336,0.7167,0.64824,0.54365,0.42938,0.15085,0.32291,0.74043,0.8072,0.28731,0.5252,0.68102,0.70116,0.7096,0.59652,0.54051,0.28794,0.2211,0.25076,0.65476,0.22659,0.60461,0.47868,-0.12088,0.80723,0.63887,0.79409,0.20747,0.7188,0.40413,0.50495,0.17065,-0.1381,0.76759,0.45404,0.22976,0.29857,0.52291,0.60819,-0.102,0.056633,0.42341,0.66514,0.5807,-0.060698,0.65189,0.19305,0.7357,0.36053,0.41932,0.41226,0.37937,0.59005,0.59619,0.30696,0.24145,0.52685,0.64162,0.70976,0.60367,0.67473,0.59047,0.53156,0.47366,0.41386,0.28809,0.49259,0.54969,0.37239,0.52637,0.8295,0.66367,0.68754,0.74139,0.24848,0.25054,0.13831,-0.26338,0.66869,0.41233,0.51435,0.49776,0.49518,0.65557,0.8009,0.69057,0.7157,0.47421,0.15794,0.46536,-0.29928,0.11654,-0.17009,-0.077994,0.66499,0.6723,0.82024,0.69867,0.6027,0.5483
-0.10871,0.25037,0.26004,0.31775,0.17989,0.084698,0.34393,0.31148,0.18432,0.18422,0.32806,0.025323,-0.036505,0.094132,-0.00094543,0.064825,0.16908,0.3442,0.14647,0.0072962,-0.060163,0.082542,0.044356,1,0.34012,0.10632,0.0145,0.2782,-0.047648,0.32697,0.051561,-0.15415,0.20135,0.25668,0.40103,0.17045,0.17443,0.12769,0.24789,0.06382,0.69988,0.23786,0.30109,0.0025778,-0.61748,0.24406,0.2163,0.31032,0.091001,0.041731,-0.18933,-0.08407,0.078017,0.23571,-0.098784,0.075672,0.25338,0.15705,0.032829,0.2819,0.060487,0.23266,0.11413,0.12392,0.40143,0.34141,0.063209,-0.11863,-0.075925,0.36074,0.14487,-0.018782,-0.24311,0.10693,0.63027,0.33208,0.00059465,0.24719,-0.38998,0.020308,0.25713,-0.083253,0.010947,-0.053138,0.012242,-0.028494,-0.43329,0.37043,0.30628,0.26536,0.25697,0.011405,-0.21856,0.092094,0.21623,0.065083,0.20053,0.11235,-0.057129,0.034059,0.45163,0.35718,0.036297,-0.15537,0.14347,0.27642,-0.14367,0.29038,0.22075,0.34251,-0.05061,-0.0038059,-0.097322,-0.17168,0.4598,-0.061409,0.082386,0.25659,0.83864,0.32775,0.1545,0.20152,-0.38433,-0.046531,0.25974,-0.088379,-0.16006,-0.14502,0.077494,0.33036,-0.25716,0.13966,-0.0662,0.10975,-0.068268,-0.060099,-0.21601,0.068802,0.085062,0.097728,-0.13159,0.044379,0.096877,0.27513,0.29942,0.28653,0.23497,0.34035,0.15083,0.12961,0.048548,0.19743,0.17169,0.27567,-0.45228,0.12999,0.18197,0.1296,0.14702,0.021702,0.1467,-0.14904,0.016635,0.33833,0.12089,0.15321,0.30262,-0.29433,0.1819,0.016995,0.045484,0.15486,0.13895,0.16545,0.069371,0.11919,-0.078675,0.042692,0.17766,0.08507,0.15132,0.12446,0.21681,-0.034976,0.039418,0.31791
0.45044,0.183,0.44964,-0.12807,0.18889,0.62295,0.19893,0.44761,-0.18,0.41245,0.4132,0.2579,0.077706,0.038064,0.063228,0.062426,0.1386,0.30433,0.1976,0.50319,0.34871,0.3343,0.16735,0.34012,1,-0.004052,-0.12548,0.2953,0.15074,0.035134,0.52165,0.094581,0.46482,0.12821,0.375,-0.1245,0.38907,0.33566,-0.053516,0.1102,0.26927,0.39034,0.40329,0.13598,-0.063742,0.21815,-0.387,0.16897,-0.037765,0.35074,0.30533,0.17151,-0.18626,-0.058831,0.4843,0.60268,0.2105,0.45668,0.42071,-0.054332,0.14476,-0.02174,0.69216,0.023522,0.30883,0.37489,0.15116,0.08476,-0.013839,0.4173,0.13759,-0.018228,-0.35857,-0.031511,0.47263,0.3111,0.080252,0.73781,-0.027415,0.15655,-0.04278,0.20971,-0.22312,0.28337,-0.12087,-0.48999,-0.33939,0.15762,-0.10815,0.34528,0.02506,-0.0088754,-0.0034408,0.17759,0.14187,0.22669,0.20667,0.38419,0.21709,-0.2983,0.33968,0.4247,0.50733,0.05912,0.70706,0.35232,0.15843,0.29648,0.4694,0.7268,-0.03851,-0.28293,-0.030445,0.35335,0.38232,-0.17429,-0.0535,0.18334,0.34522,0.22517,0.31808,0.81483,-0.09958,0.070375,0.077617,0.29284,-0.10542,0.20778,0.022255,0.42161,0.37619,-0.1929,-0.10527,0.34716,-0.24954,-0.30608,0.061667,0.24515,-0.024591,0.062325,0.28179,0.33011,0.033777,0.14574,0.36506,0.036781,0.20669,0.78377,0.17154,0.013245,0.31273,0.25428,0.13738,0.46044,-0.024587,0.31842,0.11874,0.17698,0.37753,0.28052,-0.045747,-0.32125,0.14133,0.71154,0.30246,0.47825,0.63294,-0.30982,0.14592,0.10302,0.12855,0.4078,0.30398,0.081553,0.42613,0.2335,0.14342,0.029989,0.2795,0.73701,0.29884,0.20744,0.25433,0.068967,-0.26824,0.10936
-0.23162,0.34216,0.21026,0.31935,0.46523,-0.087682,0.5244,0.45425,0.34415,0.41872,0.51206,-0.068594,0.24179,0.47073,0.33544,0.53946,0.35419,-0.46746,0.41348,-0.15937,0.068851,0.1591,0.71912,0.10632,-0.004052,1,0.39233,0.54849,0.51917,0.51925,0.46835,0.10595,0.44537,-0.17469,0.60287,0.51104,0.32229,0.48797,0.24413,0.78414,0.15785,0.67285,0.45165,0.022698,0.30837,0.74879,0.078048,0.44956,0.25644,0.19432,-0.034132,0.1924,0.42213,0.41025,-0.058619,0.31086,0.62843,0.42632,-0.45375,0.49012,0.28035,0.90925,0.044116,0.52852,0.35704,0.58251,0.72178,0.26043,0.083528,0.45089,0.34087,0.40232,0.24006,0.14239,0.3805,0.30881,0.33808,0.11807,0.38295,0.39426,0.63936,0.043883,0.33036,0.45398,0.5201,0.21657,-0.12084,0.47163,0.55585,0.41298,0.24108,0.48949,0.17435,0.73654,0.61093,0.13202,0.36697,0.56444,0.58093,0.53396,0.50482,0.46549,0.03684,0.029025,0.12159,0.42559,0.15406,0.5369,0.24308,-0.086484,0.65753,0.47686,0.50358,-0.13495,0.66273,0.20043,0.14713,0.17204,-0.035636,0.48987,0.13426,0.032372,0.22091,0.36021,0.41588,-0.2442,0.15107,0.36053,0.38097,0.43154,-0.1071,0.46198,-0.018389,0.65462,0.39219,0.38756,0.00082986,0.41946,0.43013,0.50838,0.064206,0.1012,0.7516,0.38411,0.52181,0.43424,0.4532,0.24246,0.3665,0.20917,0.35954,0.021768,0.22765,0.3857,0.36351,0.28452,0.53855,0.43033,0.50218,0.43945,0.030966,0.47398,0.038078,-0.28612,0.52394,0.18064,0.19207,0.43282,0.37283,0.33803,0.48042,0.4722,0.40555,0.44351,0.086127,0.20776,-0.57707,0.074584,-0.0010835,-0.027691,0.44142,0.4129,0.55473,0.46889,0.36614,0.48966
