1,0.27157,0.17062,0.60394,0.39281,0.56207,0.62795,0.24176,0.41131,-0.28792,0.31163,0.58506,0.089031,0.68653,0.5051,0.16763,0.49853,0.5704,0.48483,0.72951,0.65053,0.37512,0.16919,0.17839,0.31508,-0.044086,0.26968,0.40778,0.56295,0.43904,0.035862,0.086689,0.33929,0.29097,0.40416,0.13518,0.49727,0.099945,0.3381,0.080553,0.21634,0.38815,0.31139,0.2767,-0.07967,0.49975,0.47426,0.6416,0.43397,0.32343,0.58378,0.49585,0.46377,0.63241,0.33764,0.26997,0.37891,0.38612,0.7708,0.44395,0.36524,0.277,-0.16427,0.54669,-0.27107,0.42246,0.33775,0.3073,0.27223,0.33674,0.3964,0.43704,0.5419,0.35496,0.47223,0.18885,0.29846,0.48722,0.092452,0.41321,0.18241,0.28666,0.60452,0.25982,0.46685,0.25032,0.3192,0.35186,0.52155,0.50127,0.047291,0.52854,0.43181,0.27126,0.44457,0.38483,0.19749,0.21663,0.4215,0.44704,0.47015,0.21998,0.3052,0.42487,0.2712,-0.12137,0.36717,0.71227,0.51929,0.71551,0.31951,0.65952,-0.030814,0.33277,0.3488,0.26211,0.26675,0.48618,0.45884,-0.013584,0.32195,0.098037,0.41915,-0.11094,0.42961,0.81437,0.35729,0.26228,0.17279,-0.05216,0.17904,0.23017,0.60689,0.44306,0.46394,0.062772,0.65316,0.44152,0.66,0.61141,-0.2225,0.23983,0.18977,-0.090078,0.12145,0.4652,0.41306,0.64185,0.3825,-0.087138,0.30059,0.093461,0.46123,0.60408,0.28352,0.31215,0.29126,0.48144,-0.24517,0.53362,0.46833,0.56829,0.17944,0.53898,0.48978,0.39953,0.53094,0.45647,0.20257,0.41605,0.019535,0.48099,-0.24165,0.26854,0.52031,0.65354,-0.011996,0.30416,0.70773,0.65503,0.43467,0.013739,0.47227,0.046369,0.41666,0.36316
0.27157,1,0.54088,0.36876,0.2677,0.58799,0.59055,0.007868,0.43497,0.18024,0.39379,0.47282,0.21183,0.39868,0.5364,0.33776,0.20779,0.41487,0.4493,0.26125,0.44991,0.19552,0.2889,-0.14039,0.25107,-0.11652,0.40732,0.44739,0.27614,0.54233,0.43078,-0.29027,0.30597,0.13829,0.013808,0.34874,0.40174,0.20732,0.44434,0.56044,0.56078,0.59983,0.43144,0.23231,0.35749,0.59588,0.35602,0.41284,0.3124,0.50464,0.098862,0.40881,0.42712,0.63559,-0.34026,0.10071,0.39172,0.33062,0.2852,0.54804,0.36061,0.63242,0.062348,0.25898,0.042525,0.53959,0.60427,0.25537,0.43756,0.31226,0.29734,0.31925,0.3562,0.42259,0.74097,0.42905,0.60113,0.53081,0.38804,0.45373,0.51935,0.27346,0.51538,0.45902,0.40798,0.59389,0.66006,0.41803,0.64149,0.29463,0.50715,0.3095,0.44208,0.64592,0.5011,0.56336,0.30652,0.012522,0.20404,0.43018,0.52837,0.47702,-0.13072,0.13943,0.35891,-0.053332,0.41693,0.58641,0.29111,0.44409,0.7487,0.49996,-0.36381,-0.20918,0.51625,0.025673,0.29838,0.27836,0.63752,0.26697,0.5635,0.28256,0.57175,0.20767,0.4652,0.18396,0.43916,0.1478,0.57032,0.62021,-0.35479,0.45413,0.32748,0.59729,0.33986,0.20369,0.39602,0.50983,0.69362,0.77126,-0.0054119,0.045136,0.42094,0.27013,0.45979,0.4242,0.21778,0.37156,0.62276,0.26957,0.29556,0.69561,0.29274,0.68365,0.34625,0.47169,0.31441,0.34404,-0.19833,0.56589,-0.12088,0.7566,0.53614,0.44506,0.1989,0.1718,0.14157,0.55738,0.71095,0.46616,0.3028,0.46749,-0.092709,0.26555,-0.033289,0.27517,0.18189,0.34144,0.31502,0.56022,0.414,0.053014,0.50603,0.30555,0.42516,0.61434
0.17062,0.54088,1,0.58766,0.7077,0.63335,0.45739,0.41068,0.58109,0.15627,0.44309,0.36754,0.045458,0.63016,0.63555,0.52262,0.4912,0.5961,0.5573,0.18624,0.48716,0.15102,0.36843,0.24246,-0.019607,0.17997,0.61294,0.5579,0.55362,0.72506,0.15562,-0.2111,0.48405,0.13019,0.18163,0.28294,0.67315,0.19827,0.65602,0.749,0.55674,0.62469,0.55011,0.48904,0.67466,0.7494,0.50108,0.43603,0.70499,0.55851,0.22681,0.45679,0.30087,0.62799,-0.26008,0.65039,0.54669,0.51922,0.17349,0.69621,0.65906,0.63655,-0.041139,0.52454,0.12243,0.76276,0.7415,0.46495,0.59853,0.45202,0.64797,0.46211,0.27547,0.44877,0.62217,0.60389,0.53993,0.5667,0.35527,0.33333,0.50712,0.30734,0.51705,0.50598,0.40109,0.77181,0.61164,0.40672,0.63104,0.53688,0.3437,0.42012,0.51435,0.69499,0.73065,0.44482,0.65594,0.25861,0.24461,0.32983,0.61723,0.60277,-0.1493,0.49192,0.51719,0.23939,0.35905,0.65524,0.49684,0.29961,0.37207,0.67225,0.30549,-0.3162,0.68507,0.20931,0.67436,0.32457,0.65962,0.24378,0.42047,-0.093038,0.56735,0.20452,0.81471,0.18576,0.48483,0.35571,0.77733,0.30745,-0.2963,0.77628,0.31021,0.42769,0.51594,0.32425,0.6064,0.75948,0.66829,0.72529,0.14691,-0.049451,0.48501,0.18397,0.42163,0.78214,0.63088,0.59487,0.84959,0.30789,0.55928,0.87957,0.58735,0.56617,0.46441,0.66983,0.57115,0.51175,0.1497,0.72219,0.31703,0.45888,0.57417,0.45083,0.43239,0.37328,0.094475,0.6129,0.70854,0.53208,0.20783,0.71247,0.31037,0.40433,-0.0066748,0.52314,0.20576,0.26257,0.44448,0.45777,0.76371,0.23748,0.58106,0.29623,0.30428,0.49895
0.60394,0.36876,0.58766,1,0.45746,0.624,0.59623,0.4355,0.60339,-0.10006,0.32927,0.57701,-0.04506,0.68092,0.60881,0.38927,0.62539,0.72021,0.63601,0.19939,0.76073,0.40421,0.14185,0.38281,0.20852,-0.12285,0.51768,0.42345,0.6639,0.61179,0.029687,-0.053501,0.34716,0.21062,0.084035,0.044912,0.54708,0.01765,0.66211,0.39003,0.3922,0.50669,0.48311,0.39336,0.23779,0.58748,0.66207,0.66097,0.63306,0.3734,0.40177,0.39493,0.61829,0.67005,-0.018078,0.48922,0.50276,0.50938,0.2532,0.80195,0.62266,0.40398,-0.25655,0.74758,-0.08301,0.62234,0.48349,0.35929,0.50385,0.33269,0.57384,0.34158,0.59295,0.47856,0.6572,0.46424,0.4252,0.60101,0.24598,0.17901,0.34885,0.12514,0.42928,0.27404,0.46711,0.53391,0.56156,0.45489,0.65764,0.61828,0.31857,0.53571,0.75886,0.51623,0.63989,0.40482,0.37304,0.31795,0.68778,0.39072,0.36191,0.43485,0.30406,0.46091,0.36619,-0.063543,0.38622,0.64895,0.49675,0.5566,0.31496,0.68628,0.070103,-0.044589,0.64721,0.14862,0.44514,0.22718,0.66574,-0.086339,0.40085,0.057265,0.50534,-0.11675,0.53743,0.38399,0.47273,0.30814,0.48302,0.058288,-0.078045,0.51239,0.43528,0.32519,0.71465,0.3358,0.65452,0.68972,0.74449,0.72127,-0.063566,0.43015,0.18437,0.012564,0.47593,0.74715,0.48714,0.60522,0.68012,0.13902,0.34284,0.39178,0.37173,0.63512,0.46697,0.65743,0.65322,0.5479,-0.22993,0.5416,0.50346,0.47945,0.26613,0.49542,0.50022,0.41308,0.36584,0.62737,0.40301,0.52961,0.029739,0.59512,-0.076861,0.44222,0.18386,0.45478,-0.041259,0.41772,0.52029,0.51637,0.58305,-0.016563,0.45249,0.19803,0.42874,0.41532
0.39281,0.2677,0.7077,0.45746,1,0.66961,0.40984,0.35022,0.40466,0.071241,0.43565,0.30055,0.12436,0.58134,0.4792,0.31382,0.46747,0.693,0.32068,0.47048,0.48499,0.13447,0.35486,0.30875,0.15243,0.11035,0.36603,0.60518,0.61291,0.61064,0.0031381,-0.19479,0.47433,0.12114,0.2551,-0.052743,0.68334,0.21275,0.3472,0.52406,0.10693,0.43906,0.33465,0.49296,0.4297,0.60508,0.57668,0.22272,0.7457,0.44261,0.37962,0.52744,0.32895,0.58081,-0.13903,0.60633,0.54416,0.25234,0.43873,0.48531,0.30804,0.52342,0.11035,0.47761,-0.23263,0.60837,0.56971,0.49068,0.45708,0.47441,0.59494,0.45482,0.27883,0.43553,0.34429,0.45703,0.029132,0.4241,0.14294,0.52214,0.59247,0.23956,0.59332,0.55949,0.48156,0.63498,0.26057,0.41285,0.52728,0.34429,0.15546,0.43046,0.30351,0.46145,0.60044,0.25356,0.40754,0.082721,0.35741,0.029576,0.52622,0.2507,-0.19377,0.32557,0.4612,0.17812,0.5405,0.69323,0.41385,0.45231,-0.087968,0.65368,0.40626,-0.015156,0.39989,0.2306,0.48404,0.39091,0.44474,0.1558,0.2174,-0.17773,0.27807,-0.0034688,0.61068,0.37161,0.23227,0.063326,0.45777,0.10131,-0.13624,0.65321,0.47587,0.36066,0.42044,0.41717,0.41985,0.55726,0.5999,0.59752,0.25121,0.090006,0.39574,0.2305,0.0042751,0.56853,0.40825,0.70362,0.57433,0.21452,0.70352,0.59338,0.65405,0.4883,0.13184,0.33127,0.34886,0.50742,0.27946,0.59209,0.27714,0.2129,0.36665,0.4836,0.47228,0.40742,0.02854,0.3623,0.41951,0.46362,0.11285,0.59599,0.25913,0.19555,0.25179,0.47301,0.22572,0.18519,0.60414,0.47435,0.70812,0.11054,0.36867,-0.14503,0.11622,0.36535
0.56207,0.58799,0.63335,0.624,0.66961,1,0.53423,0.32361,0.57386,-0.23567,0.31122,0.47062,-0.075989,0.5497,0.63132,0.14544,0.4992,0.71111,0.50845,0.61105,0.66411,0.47785,0.09312,0.17056,0.28791,-0.18483,0.55232,0.53021,0.54331,0.68011,0.028764,-0.1517,0.28358,0.43255,0.28317,-0.03107,0.49701,0.063615,0.52011,0.37641,0.48941,0.57152,0.25183,0.41653,0.21422,0.52971,0.61298,0.492,0.72293,0.46131,0.60274,0.3483,0.44938,0.64003,-0.11279,0.35516,0.45,0.38387,0.58773,0.60886,0.5323,0.46922,-0.21189,0.44325,-0.26944,0.68476,0.56542,0.38841,0.46535,0.30053,0.47748,0.56255,0.41257,0.50238,0.68323,0.4323,0.263,0.76263,0.33738,0.439,0.4614,0.025405,0.73484,0.40638,0.62166,0.55028,0.36262,0.35959,0.695,0.44528,0.2383,0.50671,0.47818,0.46651,0.69281,0.53464,0.20219,0.035892,0.3582,0.21308,0.52067,0.32957,-0.04891,0.41771,0.37819,-0.22584,0.59039,0.77062,0.41843,0.67192,0.39655,0.71078,-0.10002,-0.049273,0.61689,-0.061835,0.26263,0.34906,0.4318,-0.062632,0.42462,0.030084,0.54979,-0.20632,0.65758,0.59977,0.30297,0.10933,0.32581,0.3181,-0.13542,0.55683,0.4226,0.25246,0.33351,0.27052,0.42488,0.63248,0.78161,0.73424,-0.1819,0.036145,0.15843,0.21039,0.18821,0.6851,0.4065,0.68356,0.51226,0.044835,0.43953,0.55169,0.50071,0.63898,0.25044,0.62499,0.43488,0.5867,-0.083604,0.6437,0.25391,0.54486,0.37532,0.78372,0.44978,0.32646,0.41526,0.56594,0.52752,0.5374,0.01005,0.47006,-0.24373,0.11408,0.46085,0.67076,0.0017561,0.5024,0.7816,0.81659,0.61631,0.051793,0.39287,0.018772,0.33922,0.54291
0.62795,0.59055,0.45739,0.59623,0.40984,0.53423,1,0.21328,0.273,0.21538,0.61292,0.39223,0.20131,0.62965,0.47616,0.51609,0.13934,0.67,0.54362,0.45992,0.4127,0.14278,0.56779,0.15608,0.41461,0.11772,0.47336,0.34188,0.51006,0.43753,0.27584,0.23549,0.39047,0.33031,0.09719,0.27831,0.40673,0.4085,0.37461,0.43246,0.35608,0.6432,0.6692,0.54497,0.052478,0.5262,0.54776,0.56232,0.58061,0.55119,0.31359,0.69578,0.27504,0.74237,0.22526,0.33942,0.54236,0.32784,0.48276,0.67721,0.3622,0.41693,0.22254,0.29797,0.13848,0.52119,0.52724,0.32431,0.51894,0.58271,0.52662,0.38384,0.35583,0.53619,0.55362,0.44023,0.5161,0.49052,0.27608,0.56492,0.54761,0.4017,0.57128,0.49755,0.46779,0.47424,0.68145,0.46258,0.48211,0.42811,0.18767,0.39997,0.50938,0.47756,0.29011,0.18526,0.41373,0.076311,0.25727,0.56961,0.42994,0.51392,0.10504,0.39413,0.21507,0.23611,0.2845,0.65945,0.59036,0.63258,0.35157,0.53752,0.18727,0.41585,0.25351,0.31228,0.40156,0.44609,0.67131,0.35663,0.16818,0.27817,0.46615,0.29361,0.5158,0.5096,0.3119,0.38549,0.38797,0.20223,0.23379,0.51424,0.56386,0.66316,0.44516,0.35363,0.62035,0.45065,0.69654,0.71595,-0.13558,-0.0046561,0.26891,0.30943,0.31168,0.37611,0.40151,0.58268,0.68241,0.42105,0.4738,0.44479,0.71396,0.78007,0.49955,0.40319,0.18833,0.27536,0.15576,0.69016,0.4688,0.55779,0.25314,0.27317,0.32535,0.23054,0.19402,0.52289,0.67021,0.81297,0.39521,0.40819,0.15798,0.48771,0.39544,0.354,0.20731,0.31068,0.4239,0.59049,0.41198,-0.10777,0.62371,0.29073,0.42211,0.47143
0.24176,0.007868,0.41068,0.4355,0.35022,0.32361,0.21328,1,0.42099,-0.16091,0.10182,0.31179,-0.40931,0.63062,0.57007,0.38826,0.14379,0.36116,0.60418,0.076539,0.35434,0.33942,-0.053826,0.74927,-0.16162,0.25349,0.54892,0.31032,0.57739,0.34602,-0.19061,0.11151,-0.021207,0.2948,0.41418,0.12792,0.32174,-0.1531,0.64057,0.35149,0.28104,0.45446,0.52282,0.18225,0.42808,0.46981,0.51426,0.13867,0.24975,0.33735,0.17874,0.031174,0.41128,0.51037,0.041732,0.59344,0.58761,0.43332,0.10038,0.36032,0.6483,0.25007,-0.042517,0.40662,-0.17369,0.53566,0.28491,0.17719,0.43268,0.5854,0.41392,0.44001,0.27832,0.43029,0.40515,0.53995,0.13195,0.3385,0.18734,0.13559,-0.0252,0.41661,0.01354,-0.012571,0.5604,0.58668,0.40085,0.13414,0.50156,0.68427,0.18656,0.7072,0.47044,0.37208,0.56242,0.36582,0.3341,0.58689,0.13885,0.052282,0.41381,0.46686,0.29613,0.31602,0.083143,-0.21284,0.2153,0.271,0.8116,0.42084,0.00048614,0.6153,0.31909,-0.17283,0.40966,0.23785,0.33358,0.44501,0.5168,-0.25629,0.34717,-0.2175,0.527,-0.093315,0.49204,0.20609,0.42895,0.36347,0.22363,-0.21284,-0.076988,0.33322,0.61473,0.12086,0.37452,-0.082363,0.58484,0.40178,0.43571,0.38907,0.13666,0.05096,0.11675,-0.016645,0.40147,0.57758,0.56281,0.47341,0.47713,-0.11134,0.4777,0.41917,0.39306,0.45557,0.48234,0.55606,0.62103,0.53667,-0.12706,0.56545,0.29577,0.21384,0.49949,0.11543,0.77596,0.046421,0.56536,0.55717,0.16942,0.15997,-0.27095,0.3146,-0.03412,0.17532,0.21928,0.42908,-0.21992,0.62098,0.23201,0.39047,0.62694,-0.16807,0.37721,0.19653,0.27924,0.5015
0.41131,0.43497,0.58109,0.60339,0.40466,0.57386,0.273,0.42099,1,-0.04326,0.24126,0.641,-0.024201,0.59826,0.77867,0.16498,0.48686,0.32002,0.66581,0.20602,0.63508,0.66725,-0.059581,0.39433,0.073564,0.017801,0.64861,0.62975,0.56465,0.63968,0.057324,-0.58722,0.29879,0.29541,0.16453,0.21012,0.43671,-0.19194,0.84134,0.60151,0.71252,0.37548,0.31535,0.011738,0.42347,0.51921,0.54382,0.5181,0.32249,0.55739,0.56513,0.17476,0.69758,0.57471,-0.43637,0.60056,0.39819,0.36663,0.26641,0.69082,0.74551,0.59845,-0.20997,0.68536,-0.28786,0.62411,0.50738,0.55677,0.35063,0.044062,0.35177,0.44393,0.79358,0.3445,0.66946,0.37321,0.51406,0.77907,0.50164,-0.12884,0.26365,0.30453,0.47881,0.13684,0.60042,0.51358,0.37304,0.1319,0.80313,0.65113,0.23666,0.69279,0.65468,0.51511,0.80518,0.739,0.2865,0.42417,0.21873,0.39146,0.39917,0.5247,0.21194,0.28699,0.81061,-0.13411,0.50738,0.70131,0.5071,0.35557,0.48282,0.78263,-0.146,-0.47875,0.89161,0.37553,0.4362,0.49255,0.42089,-0.10194,0.6318,0.018155,0.7999,0.011907,0.73245,0.30064,0.56428,0.18388,0.45319,0.26692,-0.55209,0.46148,0.46613,0.020454,0.6538,-0.11106,0.57553,0.86704,0.70239,0.67688,-0.19044,0.075649,0.33085,-0.11819,0.6704,0.85656,0.4825,0.59989,0.6489,0.047943,0.28541,0.43704,0.26593,0.43934,0.46004,0.61488,0.86714,0.79296,-0.30278,0.51778,0.36567,0.67729,0.52941,0.76015,0.50402,0.71835,0.49953,0.78626,0.3845,0.25541,-0.058733,0.55988,-0.1157,0.17774,0.053186,0.55531,0.17424,0.38353,0.50406,0.43578,0.64631,0.088681,0.56046,0.32764,0.44686,0.54326
-0.28792,0.18024,0.15627,-0.10006,0.071241,-0.23567,0.21538,-0.16091,-0.04326,1,0.45716,-0.18685,0.64082,-0.13661,-0.17689,0.25734,-0.31651,-0.1622,-0.13695,-0.31821,-0.30603,-0.35155,0.64086,-0.17156,0.2238,0.063334,-0.1435,-0.065276,-0.1597,-0.077682,0.41977,0.0009332,0.46562,0.13529,-0.43716,0.37136,-0.1224,0.63965,0.057779,0.24235,-0.12061,-0.10519,0.20376,-0.17523,0.33828,0.0039125,-0.18478,-0.15132,0.1662,0.058952,-0.37281,0.48114,-0.18784,-0.0062657,-0.044527,0.17208,-0.078486,-0.12074,-0.35629,0.22275,-0.22483,0.07019,0.82424,-0.30669,0.54848,-0.10449,0.094691,0.23273,0.39301,0.03866,0.2422,-0.47824,0.0309,-0.20049,-0.25268,0.065799,0.30619,-0.17619,-0.13583,0.23392,0.48269,0.15307,0.0025984,0.5285,-0.10299,0.070144,0.15196,-0.21046,-0.12239,-0.23599,-0.21402,-0.24966,-0.032382,0.083668,-0.21914,-0.29585,0.34586,-0.38945,-0.069143,0.18997,0.057449,-0.052588,-0.048238,0.068227,0.24944,0.70068,-0.28264,0.064435,-0.096873,-0.23252,-0.11256,-0.08229,0.31733,0.055919,-0.20371,0.39927,0.23426,0.24806,0.11326,0.76118,-0.26383,0.43229,-0.074884,0.7359,0.005245,-0.2529,-0.20483,0.10925,0.22819,0.049181,0.14302,0.34894,0.12934,0.35233,0.10754,0.059548,-0.024495,-0.054311,-0.047963,0.0211,0.38593,-0.090324,0.20205,0.46182,0.24473,-0.11827,0.047441,0.0080491,0.25233,0.72305,0.20157,0.1169,0.14069,0.11575,0.0091432,-0.086934,-0.095763,-0.24136,0.52086,-0.113,-0.076987,-0.2017,0.082394,-0.20353,-0.34868,0.075209,-0.57979,-0.1072,0.42804,0.27221,0.72338,0.017609,0.65309,0.20967,-0.33644,-0.38174,0.67658,-0.38764,-0.43785,-0.088881,-0.052233,-0.2382,0.2982,0.29097,-0.17499,-0.23648
0.31163,0.39379,0.44309,0.32927,0.43565,0.31122,0.61292,0.10182,0.24126,0.45716,1,0.30685,0.67683,0.3454,0.2499,0.32512,0.20776,0.40085,0.32225,0.35341,0.19205,0.21163,0.86467,-0.12943,0.63921,0.11777,0.20346,0.40259,0.22172,0.42965,0.5727,0.055387,0.74815,0.33914,-0.026926,0.44403,0.43054,0.58232,0.22073,0.54451,0.15467,0.19105,0.48275,0.41929,0.23199,0.447,0.14213,0.29636,0.51305,0.5645,0.20502,0.84642,0.24447,0.4018,0.11014,0.41791,0.23354,0.24511,0.070815,0.44302,0.057499,0.51677,0.59124,0.16802,0.31929,0.33578,0.59909,0.16161,0.7535,0.18949,0.69894,0.064273,0.44043,0.057059,0.19186,0.093018,0.40275,0.38256,0.13989,0.48681,0.74519,0.31502,0.32608,0.85865,0.12865,0.2468,0.2807,-0.011662,0.26941,0.1701,0.0060247,0.050046,0.52904,0.46847,0.20233,0.25281,0.53101,-0.11619,0.20738,0.59357,0.54654,0.43766,-0.24245,0.49017,0.53697,0.66092,0.078411,0.5568,0.24065,0.39195,0.23129,0.38199,0.4834,0.23582,0.18096,0.60345,0.40072,0.50407,0.43592,0.69909,0.068136,0.53503,0.29634,0.66499,0.36955,0.27704,0.2933,0.2835,0.56168,0.32243,0.28286,0.63847,0.40498,0.55573,0.28927,0.042289,0.47932,0.38692,0.43305,0.38146,0.29989,-0.14044,0.64579,0.48633,0.29701,0.29367,0.44559,0.63671,0.56035,0.70672,0.46138,0.29465,0.58313,0.39629,0.21717,0.23414,0.17657,0.17063,0.45882,0.39771,0.35107,0.33846,0.13229,0.34755,0.043672,0.42179,-0.11242,0.33322,0.43534,0.69857,0.73953,0.54455,0.53612,0.46395,-0.10024,0.2292,0.40314,0.12652,0.1407,0.37021,0.48531,-0.3126,0.645,0.31145,-0.16185,0.19029
0.58506,0.47282,0.36754,0.57701,0.30055,0.47062,0.39223,0.31179,0.641,-0.18685,0.30685,1,0.081392,0.6117,0.77881,0.26183,0.61545,0.59889,0.76079,0.32712,0.77314,0.68166,0.087929,0.3049,0.33593,-0.08242,0.54305,0.72987,0.7351,0.79275,0.065464,-0.33962,0.27862,0.23959,0.37632,0.19904,0.71761,-0.068223,0.48934,0.56466,0.65727,0.46705,0.58545,0.33685,0.35098,0.65603,0.58312,0.64493,0.20805,0.70145,0.40938,0.39331,0.68314,0.65689,-0.33585,0.46401,0.58036,0.52859,0.34116,0.56208,0.53746,0.72027,-0.21465,0.76744,-0.18365,0.70879,0.71169,0.53756,0.51129,0.29469,0.55224,0.60455,0.75966,0.59131,0.73918,0.42459,0.46214,0.68961,0.54405,0.13068,0.30051,0.38588,0.33624,0.17628,0.63008,0.51815,0.57679,0.43659,0.77099,0.54546,0.50114,0.71435,0.61455,0.72493,0.70921,0.80043,0.43579,0.61144,0.38766,0.55419,0.5162,0.6237,0.46443,0.31443,0.5199,-0.087978,0.62768,0.7226,0.509,0.6818,0.53098,0.70363,-0.11521,-0.32705,0.73821,0.4057,0.33363,0.44209,0.56963,0.0018021,0.77729,0.24996,0.70883,0.019313,0.53108,0.39094,0.61923,0.29557,0.55288,0.054422,-0.33291,0.43712,0.59579,0.24832,0.39265,0.14987,0.72038,0.74174,0.77121,0.70524,0.037299,0.29945,0.48897,-0.2775,0.51362,0.68216,0.60785,0.68069,0.60419,0.026532,0.16239,0.39064,0.23918,0.61635,0.58963,0.52629,0.56727,0.72234,-0.47368,0.53272,0.22909,0.71703,0.48375,0.62254,0.6499,0.54567,0.56732,0.76888,0.22054,0.26977,-0.010508,0.71662,-0.16767,0.51456,0.12109,0.48624,0.22365,0.34052,0.66962,0.6238,0.69962,0.32212,0.57315,0.30547,0.49873,0.49855
0.089031,0.21183,0.045458,-0.04506,0.12436,-0.075989,0.20131,-0.40931,-0.024201,0.64082,0.67683,0.081392,1,-0.084987,-0.24332,0.07117,0.098041,-0.11637,-0.23313,0.060362,-0.19044,-0.085481,0.74801,-0.46938,0.65721,-0.094663,-0.41265,0.12309,-0.21963,0.10091,0.7058,-0.10162,0.72009,0.19201,-0.32195,0.54479,0.13908,0.7551,-0.16144,0.096347,-0.14696,-0.33039,0.079958,-0.076915,0.15388,0.089441,-0.27481,0.14076,0.19208,0.12627,-0.031668,0.73047,-0.068258,-0.073347,0.093836,0.028836,-0.30815,-0.030417,-0.014263,0.14196,-0.39655,0.11954,0.65379,-0.18275,0.36905,-0.21906,0.18548,0.066684,0.4244,-0.24628,0.39641,-0.43852,0.22124,-0.31665,-0.26239,-0.31251,0.34642,-0.081796,-0.27802,0.3823,0.65691,0.11271,0.1805,0.75906,-0.29781,-0.14538,-0.095797,-0.14501,-0.16548,-0.34182,-0.32811,-0.36732,0.097289,0.058437,-0.20065,-0.10517,0.38791,-0.46241,-0.015489,0.53916,0.24415,-0.12389,-0.12349,0.22176,0.38501,0.74844,-0.062532,0.30403,-0.28028,0.062299,0.088728,-0.055348,0.24744,0.12032,-0.13689,0.56111,0.14485,0.16748,-0.0091806,0.82988,-0.21638,0.70385,-0.15954,0.77306,-0.02703,0.046376,-0.15792,-0.085099,0.24513,0.18175,0.25836,0.39026,0.061519,0.40588,0.021616,0.058612,0.11187,-0.0242,0.033238,0.074696,0.36245,-0.15458,0.39594,0.5305,0.026303,-0.12981,0.051928,0.27479,0.143,0.65972,0.15517,-0.065811,0.027847,0.046384,-0.20839,-0.22956,-0.19546,-0.22574,0.42353,-0.17181,0.038605,0.0077838,-0.16796,0.17473,-0.47682,0.35587,-0.43787,-0.18543,0.276,0.35094,0.86685,0.23432,0.48583,0.25822,-0.31524,-0.18333,0.61959,-0.44388,-0.1063,0.056482,0.0048734,-0.13299,0.26398,0.23478,-0.41136,-0.35439
0.68653,0.39868,0.63016,0.68092,0.58134,0.5497,0.62965,0.63062,0.59826,-0.13661,0.3454,0.6117,-0.084987,1,0.80664,0.4773,0.3701,0.65486,0.7796,0.36355,0.61935,0.28473,0.21353,0.58611,0.011742,0.33249,0.63203,0.5159,0.78628,0.70958,0.13108,-0.10146,0.31216,0.1149,0.55117,0.23879,0.66391,-0.013848,0.63406,0.529,0.50691,0.67561,0.69628,0.34881,0.39442,0.84071,0.7089,0.50074,0.45395,0.49752,0.30959,0.46206,0.46665,0.86788,-0.011628,0.69502,0.69263,0.50433,0.47768,0.73357,0.74007,0.54896,-0.18492,0.69064,-0.29452,0.73991,0.5824,0.38641,0.42126,0.63322,0.50091,0.67908,0.42178,0.56037,0.69132,0.58111,0.51665,0.56734,0.26744,0.36874,0.24071,0.55609,0.40874,0.23032,0.64395,0.77148,0.65596,0.6099,0.77806,0.82034,0.32545,0.80748,0.59755,0.64253,0.72287,0.52039,0.44956,0.58597,0.32048,0.45202,0.70406,0.58056,0.26434,0.39707,0.37449,-0.053418,0.39189,0.72186,0.87961,0.64771,0.33007,0.83758,0.20698,-0.075035,0.58767,0.44791,0.56396,0.57444,0.8014,-0.063173,0.52443,-0.11778,0.71163,0.006235,0.80522,0.42985,0.69848,0.55278,0.58344,0.056988,-0.17381,0.47029,0.75504,0.53712,0.62472,0.085103,0.89989,0.69676,0.77944,0.81128,-0.059754,0.11911,0.45573,-0.13661,0.36172,0.72932,0.62389,0.67989,0.77501,-0.02172,0.69491,0.61704,0.61378,0.76606,0.62199,0.51459,0.62337,0.67709,-0.25953,0.80092,0.58632,0.64418,0.64716,0.42327,0.7737,0.36468,0.51683,0.77074,0.49017,0.48365,-0.085424,0.69142,-0.071224,0.4508,0.22134,0.66489,-0.032782,0.52306,0.60582,0.57994,0.72298,0.2537,0.63394,0.26483,0.61302,0.72228
0.5051,0.5364,0.63555,0.60881,0.4792,0.63132,0.47616,0.57007,0.77867,-0.17689,0.2499,0.77881,-0.24332,0.80664,1,0.33572,0.3987,0.65336,0.94453,0.30611,0.77984,0.57832,0.0022905,0.47908,-0.0051283,0.16595,0.88971,0.66578,0.85063,0.77046,-0.053468,-0.30777,0.18017,0.20549,0.53515,0.062249,0.60768,-0.29197,0.77386,0.71748,0.77519,0.76052,0.57676,0.37242,0.44455,0.78442,0.77344,0.48589,0.33725,0.69436,0.33445,0.25688,0.6509,0.83671,-0.33347,0.63672,0.73584,0.43524,0.35527,0.71206,0.85399,0.77534,-0.28816,0.7807,-0.31711,0.91521,0.69791,0.58197,0.41534,0.48341,0.39866,0.78573,0.60101,0.63676,0.88208,0.6522,0.4495,0.80186,0.68614,0.14706,0.15298,0.46009,0.39192,0.085446,0.8306,0.7901,0.67508,0.45185,0.94854,0.81503,0.55516,0.86838,0.64782,0.77967,0.89475,0.83572,0.36156,0.66981,0.31101,0.33643,0.57744,0.7145,0.20778,0.24117,0.56964,-0.22231,0.48587,0.68884,0.77917,0.53416,0.4683,0.86743,-0.070661,-0.33664,0.8432,0.28008,0.4917,0.59179,0.71147,-0.18253,0.84479,-0.15667,0.9348,-0.11519,0.803,0.32059,0.75471,0.5134,0.65168,0.14899,-0.41413,0.41831,0.71399,0.29508,0.5356,0.0099605,0.75038,0.88827,0.83899,0.79813,-0.13421,0.16431,0.48619,-0.33066,0.61064,0.82504,0.64916,0.59194,0.77068,-0.091205,0.41895,0.67442,0.50912,0.69282,0.73209,0.68039,0.75828,0.91609,-0.40966,0.79321,0.34242,0.7569,0.7816,0.59322,0.84386,0.48027,0.60321,0.97315,0.37233,0.26667,-0.23956,0.68563,-0.15773,0.41864,0.20404,0.67233,0.053604,0.6418,0.63954,0.6222,0.80258,0.28084,0.67094,0.29839,0.7254,0.80593
0.16763,0.33776,0.52262,0.38927,0.31382,0.14544,0.51609,0.38826,0.16498,0.25734,0.32512,0.26183,0.07117,0.4773,0.33572,1,0.16263,0.40528,0.39276,0.021331,0.14002,0.052941,0.29285,0.23383,0.058436,-0.15091,0.29599,0.46844,0.41552,0.27644,0.14545,0.093281,0.0671,-0.015282,-0.18452,0.44984,0.45909,0.3646,0.47203,0.43654,0.27292,0.40399,0.72291,0.34858,0.36936,0.49756,0.44425,0.37955,0.43595,0.5705,-0.045363,0.43042,0.20886,0.55395,0.070726,0.22474,0.34733,0.61123,0.13708,0.37709,0.40773,0.28901,0.13722,0.27365,0.23057,0.39826,0.41959,0.38327,0.40948,0.63063,0.55413,0.094825,0.098958,0.52469,0.37283,0.46554,0.47552,0.26536,0.30639,0.36075,0.36044,0.70157,0.38028,0.30942,0.29101,0.44249,0.70513,0.5202,0.27603,0.19197,0.061591,0.31772,0.19314,0.48648,0.39584,0.067098,0.66281,0.3855,0.12527,0.40066,0.33183,0.42276,0.19072,0.31134,0.097629,0.23003,0.22092,0.37336,0.52763,0.16722,0.22217,0.50478,0.2016,-0.073275,0.28774,0.254,0.22779,0.14269,0.59598,0.26672,0.17915,-0.060554,0.23838,0.27558,0.48663,0.10805,0.1932,0.13696,0.45481,-0.23367,-0.0075472,0.53918,0.27106,0.53196,0.60514,0.4711,0.57898,0.34434,0.54946,0.54187,0.17534,-0.11668,0.27187,0.26134,0.49805,0.35959,0.37707,0.4196,0.63233,0.29083,0.29876,0.57185,0.5147,0.50059,0.57166,0.43209,0.23993,0.17701,0.071715,0.4703,0.25973,0.33404,0.15357,-0.18863,0.30794,0.12494,-0.015176,0.34639,0.57157,0.4538,0.18396,0.45692,0.24835,0.3399,0.10738,0.21286,0.1371,-0.037094,0.018089,0.20047,0.39049,0.01915,0.32935,0.32161,0.26754,0.22574
0.49853,0.20779,0.4912,0.62539,0.46747,0.4992,0.13934,0.14379,0.48686,-0.31651,0.20776,0.61545,0.098041,0.3701,0.3987,0.16263,1,0.51592,0.32111,0.40746,0.73129,0.42213,0.077761,0.00034749,0.18519,-0.20133,0.19059,0.58661,0.45199,0.58284,-0.073626,-0.18162,0.4609,0.10932,0.15976,0.15469,0.75831,0.045485,0.36395,0.31747,0.26135,0.25428,0.18331,0.42883,0.32152,0.51588,0.2862,0.68896,0.46885,0.37074,0.53941,0.32872,0.52943,0.33533,-0.074355,0.3136,0.30345,0.5608,0.36764,0.30941,0.36362,0.4434,-0.34711,0.73144,0.019509,0.48294,0.52768,0.36382,0.3966,0.097757,0.59555,0.29593,0.5477,0.31735,0.46204,0.16442,0.24088,0.43572,0.15968,0.11646,0.26578,0.066407,0.49509,0.32447,0.14607,0.2721,0.24199,0.24329,0.42598,0.35268,0.27989,0.26108,0.47849,0.42357,0.61447,0.50642,0.4915,0.26695,0.51803,0.31074,0.36239,0.30051,0.11275,0.51116,0.42421,0.012103,0.50242,0.58783,0.11976,0.40243,0.36949,0.51765,0.056457,-0.20696,0.64845,0.066723,0.4521,0.044823,0.33738,0.043394,0.43715,0.031203,0.26444,-0.095774,0.34278,0.46374,0.35042,0.009495,0.45266,0.039272,-0.17423,0.44505,0.092668,0.14856,0.40878,0.33777,0.47636,0.59682,0.52964,0.50141,0.13253,0.34389,0.30431,-0.079838,0.22563,0.66216,0.53254,0.58972,0.44086,-0.0052211,0.024565,0.28424,0.17309,0.29684,0.16813,0.50358,0.45833,0.45742,-0.16686,0.39224,0.16734,0.39683,0.10715,0.58887,0.34569,0.50476,0.32739,0.34437,0.10207,0.17199,0.056741,0.68162,0.017986,0.27557,0.13289,0.51214,0.10678,0.033445,0.64013,0.3966,0.63597,0.20624,0.33468,0.068414,0.10952,0.092861
0.5704,0.41487,0.5961,0.72021,0.693,0.71111,0.67,0.36116,0.32002,-0.1622,0.40085,0.59889,-0.11637,0.65486,0.65336,0.40528,0.51592,1,0.65004,0.49983,0.76791,0.31362,0.26045,0.35587,0.23706,-0.041043,0.60665,0.55599,0.77192,0.73999,-0.10076,0.068392,0.25574,0.1349,0.35034,-0.18638,0.72768,0.060951,0.34095,0.5251,0.33433,0.7054,0.60063,0.7369,0.20489,0.65463,0.7183,0.47054,0.68088,0.56197,0.35826,0.49204,0.44106,0.78131,-0.084265,0.50784,0.76716,0.49694,0.37563,0.59567,0.45705,0.59716,-0.15098,0.65555,-0.10809,0.81833,0.71498,0.44248,0.53972,0.64555,0.63278,0.65741,0.35459,0.71036,0.67732,0.59897,0.16083,0.6307,0.41642,0.4314,0.43647,0.18228,0.5002,0.3629,0.63867,0.63376,0.63002,0.63285,0.67198,0.51054,0.50036,0.56963,0.47874,0.6819,0.61834,0.41625,0.34515,0.33444,0.64278,0.17992,0.51033,0.50842,0.12196,0.43057,0.21585,-0.044635,0.52282,0.68076,0.53248,0.69928,0.20764,0.67231,0.2054,0.12236,0.4643,0.048366,0.36852,0.32565,0.6863,-0.009314,0.41731,-0.036034,0.44977,-0.20204,0.54791,0.47908,0.4709,0.35493,0.52837,0.060348,-0.016546,0.52499,0.51105,0.41526,0.41745,0.5024,0.567,0.60703,0.77827,0.69723,0.04487,0.34591,0.34607,-0.045439,0.16264,0.6265,0.53636,0.68452,0.62536,0.14652,0.46328,0.54024,0.67885,0.73386,0.49759,0.57688,0.36012,0.52395,-0.087466,0.69905,0.36414,0.44186,0.35414,0.41841,0.6497,0.20171,0.29467,0.59528,0.38833,0.59371,-0.013857,0.63702,-0.022782,0.41873,0.37786,0.52309,0.03723,0.41024,0.69992,0.67124,0.6901,0.17357,0.46305,-0.0074881,0.45699,0.56017
0.48483,0.4493,0.5573,0.63601,0.32068,0.50845,0.54362,0.60418,0.66581,-0.13695,0.32225,0.76079,-0.23313,0.7796,0.94453,0.39276,0.32111,0.65004,1,0.22887,0.72084,0.58045,0.078387,0.48268,0.076361,0.19698,0.9076,0.52653,0.81356,0.69832,-0.04215,-0.088485,0.15201,0.2933,0.52884,0.10608,0.51823,-0.24588,0.73613,0.66539,0.76546,0.74379,0.67259,0.43508,0.38581,0.72232,0.7417,0.53628,0.28357,0.6987,0.27232,0.30356,0.59766,0.79688,-0.18409,0.6354,0.72214,0.4748,0.23823,0.7176,0.84298,0.68378,-0.24025,0.74452,-0.15891,0.87087,0.64987,0.47684,0.47375,0.49684,0.43725,0.71916,0.56739,0.60493,0.84255,0.57819,0.49727,0.76573,0.70895,0.10918,0.090559,0.4648,0.25165,0.064213,0.78414,0.70276,0.73473,0.41163,0.84199,0.83157,0.50915,0.80731,0.71265,0.75541,0.76572,0.76321,0.40155,0.69822,0.30241,0.43131,0.53322,0.76518,0.30104,0.29558,0.45384,-0.12948,0.31019,0.58299,0.81294,0.51727,0.44829,0.78607,0.023575,-0.23183,0.74745,0.32517,0.46112,0.55142,0.73655,-0.1285,0.75375,-0.056751,0.92402,-0.01866,0.73704,0.30489,0.75071,0.64393,0.64074,0.073852,-0.22174,0.36919,0.69953,0.30121,0.50248,-0.0038721,0.80253,0.82898,0.77928,0.71257,-0.17748,0.13812,0.43528,-0.33032,0.65756,0.75665,0.7187,0.55272,0.77003,0.016484,0.32962,0.57617,0.52493,0.69397,0.83667,0.71969,0.72691,0.81747,-0.38107,0.74997,0.44884,0.6923,0.68591,0.45163,0.81053,0.39511,0.62158,0.97077,0.32795,0.32065,-0.1743,0.61522,-0.11189,0.51772,0.1929,0.58227,0.022026,0.66221,0.53644,0.59247,0.73599,0.20723,0.72609,0.45495,0.72452,0.74176
0.72951,0.26125,0.18624,0.19939,0.47048,0.61105,0.45992,0.076539,0.20602,-0.31821,0.35341,0.32712,0.060362,0.36355,0.30611,0.021331,0.40746,0.49983,0.22887,1,0.45246,0.26753,0.20635,-0.069116,0.24687,-0.067241,0.18613,0.40064,0.30196,0.34967,-0.1163,0.10034,0.26447,0.32576,0.40312,0.032426,0.44986,0.19227,0.070025,0.085664,0.11676,0.28286,0.12132,0.37407,-0.07956,0.27818,0.19,0.41282,0.46934,0.36174,0.6654,0.38294,0.24548,0.39878,0.25548,0.12496,0.32082,0.37073,0.75223,0.068124,0.098074,0.26326,-0.007221,0.25223,-0.14232,0.36065,0.38632,0.16219,0.2614,0.2641,0.37059,0.47082,0.31885,0.21231,0.30286,0.098005,0.047185,0.44535,0.15692,0.46844,0.23633,0.088287,0.68955,0.37146,0.36386,0.076038,0.11532,0.11033,0.32555,0.21809,-0.018912,0.28665,0.11368,0.14602,0.31144,0.33805,0.077457,-0.060994,0.19446,0.18188,0.5094,0.21809,-0.10344,0.45797,0.20448,-0.05201,0.36158,0.60322,0.26998,0.58081,0.29438,0.50381,0.024571,0.3587,0.15822,0.0074972,0.093382,0.46206,0.21522,0.12426,0.15913,0.036932,0.23679,-0.10801,0.35534,0.89788,0.15828,0.042755,0.056254,0.1824,0.17093,0.26403,0.32407,0.30081,0.14782,0.015603,0.32939,0.28414,0.45896,0.36213,-0.13802,-0.011681,0.16621,0.07655,-0.18074,0.32208,0.32917,0.60891,0.16398,0.024849,0.17375,0.12668,0.55079,0.38063,0.0014496,0.27147,0.019115,0.268,0.089038,0.47836,0.18036,0.42033,0.069429,0.52842,0.31328,0.21391,0.32674,0.21806,0.17039,0.42759,0.11151,0.357,-0.10801,0.019506,0.52672,0.65985,-0.040414,0.18639,0.67272,0.65685,0.3723,-0.069222,0.35979,-0.14474,0.10002,0.31211
0.65053,0.44991,0.48716,0.76073,0.48499,0.66411,0.4127,0.35434,0.63508,-0.30603,0.19205,0.77314,-0.19044,0.61935,0.77984,0.14002,0.73129,0.76791,0.72084,0.45246,1,0.51755,-0.028841,0.27752,0.091078,-0.079831,0.61663,0.5675,0.7264,0.70511,-0.18174,-0.17308,0.28424,0.14663,0.41782,-0.12499,0.67846,-0.24742,0.5648,0.4916,0.44769,0.65191,0.36247,0.44373,0.28679,0.67272,0.61426,0.59983,0.40793,0.46373,0.45709,0.26837,0.74943,0.7224,-0.21965,0.47019,0.6928,0.48998,0.37698,0.55587,0.60625,0.65655,-0.36765,0.87725,-0.20739,0.80345,0.61669,0.46103,0.40348,0.38133,0.43665,0.60564,0.66353,0.55618,0.80558,0.46946,0.23713,0.68422,0.45616,0.14236,0.15073,0.1309,0.45485,0.16586,0.62999,0.57763,0.54644,0.39883,0.82157,0.69785,0.6184,0.64573,0.64104,0.65826,0.78853,0.74223,0.25017,0.44045,0.71352,0.17022,0.46644,0.48053,0.21182,0.34719,0.43166,-0.30231,0.50641,0.65533,0.46778,0.59552,0.44855,0.74801,-0.14471,-0.14642,0.73853,-0.004318,0.46532,0.35047,0.65438,-0.19406,0.72024,-0.069987,0.6467,-0.31659,0.47673,0.48915,0.6567,0.33721,0.53327,0.1542,-0.29245,0.29796,0.4986,0.26842,0.53575,0.18251,0.57828,0.75607,0.77691,0.71327,-0.059046,0.56822,0.34276,-0.3228,0.40766,0.7821,0.56785,0.57812,0.59562,-0.089773,0.20015,0.41809,0.38113,0.64922,0.4734,0.68093,0.67084,0.74011,-0.45562,0.64262,0.19526,0.62372,0.50176,0.62663,0.71147,0.37863,0.55972,0.73023,0.17418,0.2239,-0.1877,0.66795,-0.23312,0.3024,0.24861,0.59414,-0.0010797,0.49387,0.71758,0.62641,0.72944,0.1456,0.55548,0.099325,0.59468,0.59376
0.37512,0.19552,0.15102,0.40421,0.13447,0.47785,0.14278,0.33942,0.66725,-0.35155,0.21163,0.68166,-0.085481,0.28473,0.57832,0.052941,0.42213,0.31362,0.58045,0.26753,0.51755,1,-0.19948,0.25234,0.46336,-0.27921,0.52912,0.58002,0.42406,0.46396,-0.0024102,-0.29181,-0.00406,0.46706,0.12335,0.058268,0.27143,-0.27074,0.50426,0.35486,0.59655,0.19345,0.21606,0.18724,-0.0018248,0.21754,0.49606,0.48455,0.10258,0.64295,0.65622,0.081764,0.6442,0.35679,-0.2474,0.28612,0.21011,0.29285,0.24966,0.33943,0.5145,0.42826,-0.28519,0.50646,-0.3095,0.44581,0.36591,0.3865,0.27568,-0.080886,0.30341,0.38276,0.70252,0.41739,0.53546,0.03312,0.18512,0.78842,0.61565,-0.22204,0.15713,0.25411,0.3097,0.00016288,0.52563,0.13235,0.14905,0.024561,0.52398,0.38073,0.13231,0.51967,0.54644,0.37968,0.56611,0.6931,0.12968,0.45237,0.11896,0.36731,0.12419,0.39208,0.29004,0.20416,0.51251,-0.28138,0.53043,0.46644,0.33885,0.44427,0.36554,0.5289,-0.21746,-0.27521,0.68963,0.26991,-0.0077578,0.22298,0.091559,-0.23903,0.51038,0.1968,0.60196,-0.11755,0.38552,0.32126,0.36107,-0.013398,0.12943,0.014975,-0.21946,0.20986,0.30913,-0.28021,0.27249,-0.032094,0.37598,0.59564,0.57213,0.38817,-0.31604,-0.092003,0.16441,-0.1007,0.54374,0.5589,0.37743,0.55213,0.29398,-0.058215,-0.034565,0.058118,0.15993,0.25123,0.45571,0.49806,0.59506,0.6514,-0.36698,0.29827,0.33173,0.54595,0.095289,0.64181,0.40411,0.56571,0.67233,0.62076,5.7866e-05,0.1275,-0.17564,0.29095,-0.34758,0.024145,0.31626,0.42206,0.070826,0.39988,0.49173,0.41095,0.4845,-0.035373,0.31999,0.28989,0.25701,0.31244
0.16919,0.2889,0.36843,0.14185,0.35486,0.09312,0.56779,-0.053826,-0.059581,0.64086,0.86467,0.087929,0.74801,0.21353,0.0022905,0.29285,0.077761,0.26045,0.078387,0.20635,-0.028841,-0.19948,1,-0.23377,0.50519,0.28977,-0.030642,0.18366,0.082959,0.26212,0.59271,0.25734,0.81802,0.22417,-0.051952,0.51793,0.3559,0.78104,-0.016878,0.40153,-0.04178,0.1625,0.44268,0.39767,0.24253,0.3781,-0.071934,0.17581,0.45945,0.32199,-0.048985,0.87128,-0.12185,0.24362,0.27075,0.333,0.16409,0.10428,0.030809,0.31318,-0.13259,0.34376,0.72218,-0.071986,0.56387,0.16478,0.48746,0.14169,0.6814,0.27615,0.63332,-0.073525,0.13838,-0.011648,-0.035757,0.10959,0.39112,0.022009,-0.15994,0.59449,0.69313,0.26793,0.21774,0.85671,-0.11858,0.20302,0.24931,-0.025796,0.017799,0.015843,-0.05025,-0.16314,0.27497,0.33469,-0.0647,-0.073651,0.61602,-0.26198,0.064173,0.53544,0.43963,0.26961,-0.22477,0.46457,0.28881,0.84411,-0.093796,0.39352,0.11794,0.26497,0.08041,0.10796,0.6447,0.39424,-0.091808,0.57276,0.51426,0.4043,0.35462,0.88727,-0.15165,0.55409,0.050229,0.80333,0.19272,0.15844,0.09258,0.34374,0.48483,0.18758,0.44759,0.58381,0.30354,0.66013,0.047824,0.1519,0.35633,0.12227,0.1948,0.24868,0.43587,-0.15782,0.55736,0.52243,0.083352,0.055571,0.39094,0.42088,0.46354,0.70958,0.46349,0.26566,0.50885,0.33648,0.10156,0.0017641,-0.13265,-0.10404,0.64376,0.31107,0.22653,0.096063,0.1043,0.08504,-0.12031,0.20726,-0.3221,0.066948,0.47079,0.61877,0.86947,0.41082,0.74085,0.52564,-0.10341,0.051684,0.56868,-0.14019,0.01477,0.23463,0.32328,-0.17504,0.55877,0.26307,-0.2334,-0.045918
0.17839,-0.14039,0.24246,0.38281,0.30875,0.17056,0.15608,0.74927,0.39433,-0.17156,-0.12943,0.3049,-0.46938,0.58611,0.47908,0.23383,0.00034749,0.35587,0.48268,-0.069116,0.27752,0.25234,-0.23377,1,-0.23085,0.31405,0.49059,0.22035,0.56725,0.3878,-0.28186,-0.14403,-0.23706,0.047468,0.34226,-0.16611,0.24588,-0.27575,0.3788,0.28133,0.26524,0.31657,0.52609,0.034747,0.23902,0.25424,0.56084,0.030314,0.084454,0.20847,0.22247,-0.1209,0.27643,0.4558,-0.26888,0.66177,0.61571,0.27108,0.015075,0.39827,0.50819,0.15787,-0.18017,0.41224,-0.3851,0.42449,0.17919,0.24142,0.14183,0.47438,0.20024,0.51639,0.21535,0.50834,0.30741,0.51312,0.039601,0.29331,0.17226,-0.17716,-0.02551,0.27335,-0.071673,-0.28931,0.58747,0.49302,0.34422,0.36547,0.46049,0.58759,0.20462,0.78414,0.26148,0.27182,0.38576,0.16409,0.041009,0.6351,0.13669,-0.060093,0.19238,0.3674,0.54814,0.12158,0.033687,-0.27915,0.3712,0.23929,0.69622,0.40702,-0.1546,0.45516,0.25459,-0.21454,0.28049,0.28434,0.16972,0.30317,0.35994,-0.41996,0.17413,-0.22214,0.38741,-0.26476,0.43559,0.076635,0.37513,0.25822,0.033561,-0.21199,-0.32554,0.18595,0.49448,-0.15323,0.34375,0.049686,0.41662,0.32044,0.32999,0.30534,-0.051198,0.15034,-0.041263,-0.23776,0.16093,0.48165,0.30714,0.38047,0.32125,-0.12444,0.4671,0.22645,0.26562,0.38019,0.44413,0.31551,0.53058,0.40485,-0.25525,0.3508,0.43913,0.11175,0.37681,0.06443,0.68594,0.037732,0.46442,0.44796,0.14075,0.20021,-0.40533,0.15317,-0.18138,0.0754,0.17623,0.20531,-0.15527,0.38649,0.27498,0.19956,0.38055,0.15345,0.15397,0.055785,0.40197,0.49088
0.31508,0.25107,-0.019607,0.20852,0.15243,0.28791,0.41461,-0.16162,0.073564,0.2238,0.63921,0.33593,0.65721,0.011742,-0.0051283,0.058436,0.18519,0.23706,0.076361,0.24687,0.091078,0.46336,0.50519,-0.23085,1,-0.27611,-0.053443,0.22775,0.015128,0.23327,0.52588,0.10886,0.42541,0.56172,-0.19264,0.3002,0.12409,0.51038,-0.061196,0.10263,0.077245,-0.058508,0.20485,0.27026,-0.12457,0.060475,0.16093,0.39359,0.2363,0.4039,0.37378,0.66277,0.19508,0.13748,0.14141,0.055992,-0.084831,0.031455,0.21638,0.27128,-0.15269,0.15973,0.36095,-0.015243,0.14031,0.012674,0.23171,0.1204,0.46289,-0.11687,0.45133,-0.12716,0.37482,0.14247,0.073289,-0.31199,0.20209,0.32393,0.079677,0.31893,0.64415,0.12281,0.29697,0.59288,0.072884,-0.098431,0.017876,0.021181,0.010846,-0.1327,-0.19805,-0.095888,0.36205,0.15918,-0.060069,0.096107,0.26928,-0.25579,0.056143,0.55852,0.1069,0.011263,0.08169,0.23056,0.24751,0.35176,0.25825,0.39499,-0.036091,0.45743,0.13302,0.091217,0.10214,0.24742,0.054875,0.41961,-0.032276,0.046898,-0.0010064,0.47268,-0.10349,0.75158,0.06704,0.45548,0.022786,0.27342,-0.098273,-0.12217,0.050518,0.113,0.3657,0.32078,0.18671,0.14844,-0.031021,0.29471,0.1864,0.12036,0.32375,0.2408,-0.038882,-0.22049,0.15705,0.53785,0.12707,0.014259,0.15177,0.48758,0.1741,0.54029,0.1037,-0.11739,0.186,0.27542,0.080572,0.070123,-0.02681,0.012254,0.20578,0.028759,0.25703,0.1774,-0.28459,0.36805,-0.20833,0.3387,0.082633,0.082001,0.21231,0.47527,0.58279,0.09039,0.071218,0.15319,0.21026,-0.066006,0.44697,-0.034993,0.24988,0.35215,0.14609,-0.21711,0.28265,0.32697,-0.17016,-0.15152
-0.044086,-0.11652,0.17997,-0.12285,0.11035,-0.18483,0.11772,0.25349,0.017801,0.063334,0.11777,-0.08242,-0.094663,0.33249,0.16595,-0.15091,-0.20133,-0.041043,0.19698,-0.067241,-0.079831,-0.27921,0.28977,0.31405,-0.27611,1,0.25754,-0.15752,0.14214,0.073592,0.07033,0.14797,0.2426,-0.074206,0.53173,0.13013,0.082643,-0.11239,-0.018499,0.30145,0.079136,0.31206,0.24153,0.20964,0.19251,0.26003,0.0029764,-0.1151,-0.19781,-0.0019816,-0.093094,0.08029,-0.19382,0.10666,0.06143,0.50576,0.37898,-0.24215,-0.019559,0.11511,0.17786,0.19272,0.10741,0.060257,0.04666,0.15213,0.10781,-0.1068,-0.0092385,0.27731,-0.056886,0.38745,-0.12141,0.018759,0.011795,0.14924,0.089663,-0.17634,-0.092488,-0.0049649,-0.13204,0.21981,-0.30058,-0.056205,-0.02539,0.33165,0.096053,-0.012966,0.062762,0.4883,0.22107,0.17365,0.19396,0.1204,-0.069092,0.014042,0.16097,0.25621,-0.32341,0.073653,0.17423,0.3612,-0.15509,-0.021478,0.039998,0.25866,-0.17906,-0.072964,0.39212,0.034346,-0.13025,-0.05238,0.53452,0.1292,-0.049927,0.39329,0.5987,0.27698,0.20981,0.091351,0.0012963,-0.13662,0.24995,0.28644,0.17585,-0.13955,0.36805,0.52996,0.22133,0.19962,0.0030012,-0.043076,0.26481,0.13443,-0.16323,-0.24273,0.25389,0.095189,-0.15739,0.0060776,0.023953,-0.17188,0.28068,-0.18405,-0.1009,0.027217,0.27388,-0.039031,0.26265,0.0095478,0.41589,0.20864,0.25868,0.06745,0.17666,-0.13176,0.10624,0.095005,0.22897,0.36525,0.26814,0.020267,0.44098,-0.09652,0.26715,-0.01465,0.14239,0.19874,0.024878,0.0094039,0.0099903,0.054044,0.37223,0.27396,-0.092066,0.033159,0.054823,0.24825,0.038434,-0.14684,0.21921,0.19381,0.36187,0.19299,0.14459,0.28681
