0.0043615,0.0001194,0.00016364,0.0015594,0.00074161,0.0022886,0.0012466,0.00042288,0.00032757,-0.00012445,0.00010957,0.00064098,-4.3155e-06,0.00026777,0.00018029,9.0283e-05,0.0003066,0.00093803,0.00027014,0.0026752,0.00035634,0.00054958,4.144e-05,0.00024247,0.00080632,2.9727e-05,-0.00020719,0.00018393,0.00054994,0.00093003,-1.7911e-05,0.0010319,0.00029762,0.00020354,0.00022063,4.6236e-05,-5.6715e-05,-7.8321e-05,0.00052569,0.0002963,3.5469e-05,0.00024756,0.00038722,0.0010344,0.00026152,0.00057271,0.00023577,0.00028169,0.00012614,2.1531e-05,0.0026861,0.00020434,0.00033812,0.00018737,0.00098524,0.00049359,0.0004866,0.00048874,0.0039596,7.364e-05,0.00036142,0.00029616,-0.00018137,0.00022758,0.0005011,0.00034577,9.4924e-05,-2.17e-05,0.00016802,2.9154e-05,4.0895e-05,-2.5747e-05,0.00019613,0.00035927,0.00019796,4.5011e-05,0.00035586,0.00039343,-9.1141e-05,6.9273e-05,9.5747e-05,0.00012613,-0.00011893,0.0003245,2.6436e-05,0.00023989,0.00012241,0.00035767,0.00028963,1.5891e-05,0.00036165,0.00023271,8.8174e-05,0.00020635,0.0008343,0.00071648,-0.00011562,0.00048909,-5.3941e-05,0.0002185,0.00033315,0.000343,0.00050153,0.00030677,0.00081884,-0.0001259,0.00044764,0.00069591,0.00021086,0.0011676,0.00017222,0.00025629,8.6104e-05,0.00076809,0.00045185,0.0003984,5.2938e-05,0.00025248,0.00012567,-4.9019e-05,2.7997e-05,0.00047088,1.761e-05,-0.00014814,0.00050539,0.0021568,0.00020724,0.00092712,-0.00029196,0.00071427,0.00054176,0.00013293,0.00033524,0.00023499,0.00034347,-9.1962e-06,0.00031773,0.00044993,2.9189e-07,0.00027237,0.00023039,6.8251e-05,0.00023147,-2.6053e-05,-6.0861e-06,0.00031152,0.00011664,0.000577,-0.00019018,4.0364e-05,0.00058131,0.00037314,0.00042854,0.00069325,0.0001424,0.0013228,0.00024819,-0.0001504,8.8293e-06,0.0003702,-0.00021041,0.00042198,7.3133e-05,0.0032784,-3.6761e-05,0.00032288,0.00074344,0.00027614,0.00031414,-4.1067e-05,-0.00015845,4.0412e-05,9.4976e-05,0.00046728,0.0029876,0.00061259,5.8922e-05,0.00051455,0.0013687,0.0011382,0.00010072,0.00050084,0.0004437,-5.8206e-05,0.00036663,0.00010254
0.0001194,0.00012568,-6.2487e-05,-2.6891e-05,-0.00011026,-3.577e-06,-4.8857e-05,9.2026e-05,5.6466e-05,3.9644e-05,5.9722e-05,2.757e-05,7.0371e-05,9.2845e-05,9.6563e-05,6.1367e-05,4.7479e-05,8.593e-05,6.3523e-05,4.7582e-05,9.9412e-05,8.4333e-06,5.5461e-05,7.4758e-05,7.6718e-06,3.2428e-05,9.1125e-05,-3.952e-05,0.0001118,0.00011336,8.7834e-05,0.00010458,3.6432e-07,-1.5153e-05,0.00014117,6.9183e-05,-5.4421e-05,5.6412e-05,0.0001324,2.4977e-05,5.874e-05,6.2111e-05,0.00010817,-1.3296e-05,4.3994e-05,0.00011138,5.9802e-05,1.9887e-05,8.6922e-05,0.00026504,0.00011774,7.5801e-05,0.00014186,7.8392e-05,-6.7188e-05,3.0353e-05,7.2833e-05,4.8564e-05,8.0904e-05,8.2304e-05,7.6493e-05,9.931e-06,6.5657e-05,3.0612e-05,5.586e-05,0.00012,3.1686e-05,-8.6121e-05,4.7435e-05,-1.9308e-07,8.5646e-05,9.4067e-05,0.0001801,-9.3791e-06,8.5463e-05,7.6928e-05,0.0001159,-1.882e-05,0.00011741,9.7e-05,6.5773e-05,9.4492e-05,0.00014051,0.00010693,0.00013294,1.6328e-05,1.4221e-05,5.7185e-05,7.4777e-05,6.6042e-05,0.00016311,8.2992e-05,5.2121e-05,4.9326e-05,9.0658e-05,0.0001394,1.2561e-05,8.319e-05,9.8349e-05,0.0001382,0.00011292,3.9418e-05,8.726e-05,6.5669e-05,9.1949e-05,4.4905e-05,4.2326e-05,1.392e-05,9.9967e-05,2.6284e-05,8.7338e-05,5.7979e-05,3.7889e-05,-1.6459e-05,5.3885e-05,9.7355e-05,0.0001469,-1.7366e-05,7.7361e-05,8.0926e-05,4.1368e-05,1.4417e-05,6.8726e-05,8.7158e-05,7.5914e-05,3.0601e-05,5.4505e-05,5.0619e-05,7.5804e-05,-5.5292e-06,-2.5625e-05,0.00013024,0.00010598,7.0162e-05,0.0001261,6.8703e-06,1.5734e-05,1.6327e-05,-2.7129e-05,-6.048e-06,0.00011517,3.9371e-05,3.3991e-05,4.8381e-06,9.0614e-05,2.5744e-05,0.00010492,4.1144e-05,6.844e-05,8.148e-05,5.9522e-05,4.3178e-05,3.6206e-05,9.8874e-05,8.1061e-05,5.201e-06,6.96e-05,5.2341e-07,4.7011e-05,6.0376e-05,3.6489e-05,0.00014607,-1.3382e-05,1.9268e-05,3.0044e-06,3.6694e-05,5.3286e-05,0.0001224,0.00011417,5.5128e-05,8.6398e-05,2.1723e-05,3.9892e-05,9.1472e-05,-0.00018946,-6.218e-05,6.5697e-05,-1.0267e-05,4.4015e-05,1.958e-05,9.4339e-06,3.1673e-05,3.251e-05,6.3656e-05,0.00012597,4.2727e-07
0.00016364,-6.2487e-05,0.00053713,0.00013786,0.00060965,8.2746e-05,0.00032908,5.4468e-05,5.4451e-05,-4.6422e-05,-1.6701e-05,0.00016795,2.6739e-05,1.2316e-05,-8.4262e-05,6.0438e-05,0.00011899,4.3546e-05,-5.7155e-05,0.00025798,5.9408e-05,-6.7167e-06,5.2528e-05,5.1803e-05,0.00021502,-2.9169e-06,-1.3223e-05,-3.0195e-05,-2.6322e-05,6.8924e-05,5.7913e-05,0.00018737,0.00026253,7.877e-05,-0.00025366,-3.16e-05,-1.1491e-06,1.4717e-05,0.00014167,2.8048e-05,-1.3795e-05,-0.00016979,5.1604e-05,0.00037604,6.0054e-06,-3.293e-05,1.7725e-05,0.00010205,0.00012441,3.2541e-05,0.00021454,1.4916e-05,-7.9709e-06,3.0301e-05,4.9122e-05,0.00012137,0.00016227,0.00021673,0.00033867,-5.0776e-05,8.592e-06,4.1026e-05,-5.2943e-05,4.1384e-05,-3.708e-06,-3.9481e-06,-1.8817e-05,7.1042e-07,-0.00018645,5.9311e-05,0.00027989,-2.9089e-05,-6.3105e-05,0.00021013,-1.6931e-05,5.8858e-05,-4.3696e-05,9.3655e-05,-5.4192e-06,-0.00011389,8.5708e-08,0.00011342,-0.00013679,0.00030519,-0.00012347,3.8117e-05,0.00028302,-7.5415e-05,0.00015617,-1.8761e-05,-0.00019878,7.4369e-05,-1.5819e-05,3.9128e-05,7.1377e-06,-1.6871e-05,2.3806e-05,5.6935e-05,-3.3702e-05,-0.00012152,7.0788e-05,6.1146e-06,-1.2377e-05,6.1427e-05,0.0001087,-6.0285e-05,-3.0085e-06,6.073e-05,6.748e-05,0.00029808,5.6399e-05,6.2103e-05,-1.209e-05,0.00012922,0.00012334,5.3749e-05,-3.2226e-05,0.00014374,6.0203e-05,4.7188e-06,0.00016121,9.3462e-05,-0.00011066,1.1573e-05,2.7959e-05,0.00013931,7.5668e-05,0.00026591,2.5833e-05,0.00032876,8.7176e-05,-3.1203e-06,-6.3886e-05,5.2172e-05,-6.4186e-05,-2.1989e-06,-0.00010808,3.9541e-05,1.7777e-05,-2.8618e-05,-3.8951e-05,-2.6924e-05,1.1174e-05,-0.00018811,-2.3937e-05,0.00011367,-5.8526e-05,0.00015527,-5.4763e-05,-6.5316e-05,-3.606e-05,-7.2207e-06,0.00016134,0.00036124,1.7318e-05,0.00019014,9.5226e-05,-0.00010745,1.7982e-05,3.028e-05,1.5368e-05,-0.00021099,4.7293e-05,0.00050242,0.00014501,0.00022378,7.5037e-05,-9.6118e-05,-2.8504e-05,8.4627e-05,1.3299e-05,6.1147e-05,-3.1134e-05,2.2678e-05,0.00058475,0.00019225,1.0569e-05,0.00017703,0.00022363,0.00014841,-2.1842e-06,7.4566e-05,0.00013396,3.1998e-05,-0.00032672,0.00014671
0.0015594,-2.6891e-05,0.00013786,0.001109,0.00049068,0.00095109,0.00076153,0.00010685,0.00018946,-8.8934e-06,1.4815e-05,0.00035289,4.1772e-05,0.00010362,-2.4896e-06,1.5016e-05,0.00022368,0.00018387,2.1468e-05,0.00099252,0.00021977,0.00046497,4.3218e-05,5.4996e-05,0.00028982,0.00025262,-0.00019157,0.00022521,0.00018786,0.00039354,-3.612e-05,0.00043469,0.00015752,-7.5584e-05,9.2375e-05,1.5933e-05,6.1926e-05,-3.3731e-06,0.00023191,0.00019836,3.0311e-05,0.00015864,9.0836e-05,0.00060334,0.0001854,0.00017328,0.00010288,0.00021632,4.9236e-05,-0.00012518,0.001024,7.3393e-05,0.00015823,0.00015391,0.00035586,0.00052218,0.00019025,0.00031663,0.0012918,-8.1789e-05,0.00015809,0.00019105,-2.2026e-05,0.00024428,9.0054e-05,0.0001819,0.00014692,4.0315e-05,0.00012665,0.0001272,0.00017231,-1.4961e-05,3.8542e-05,0.00026522,0.00013047,4.4447e-06,0.00026783,0.00033457,3.368e-05,-9.7138e-05,4.3773e-05,0.00015169,-8.3752e-05,0.00016169,-6.8266e-05,0.00011206,0.00045371,0.00026097,0.00026343,1.9175e-05,2.2701e-05,0.00010129,1.2571e-05,0.00029066,0.00033501,0.00038053,0.00010445,0.00033529,-3.3821e-05,0.00011882,0.00016408,0.00015137,0.00019911,0.00013524,0.00023042,-3.9485e-05,0.00033273,0.00023733,0.000146,0.00047392,-2.6542e-05,0.00013381,2.5441e-05,0.00030954,0.00024299,0.00018211,9.542e-06,0.00033772,0.00010801,3.1273e-05,0.00016358,0.00018488,1.8353e-05,-6.6774e-05,0.00020902,0.0006135,0.00010543,0.00049577,-7.4832e-05,0.00039189,0.00021769,0.0001715,0.00024617,0.00010037,5.0226e-07,1.159e-05,0.00016602,0.00019323,3.1973e-05,0.00010076,9.1489e-05,0.00011573,0.00014092,6.7884e-05,-1.7351e-05,0.00015524,5.2425e-05,0.00040347,-6.2103e-05,5.8293e-05,0.0004351,0.00012921,0.00021693,0.00050455,5.1543e-05,0.00087128,5.4194e-05,9.9267e-05,1.6065e-05,0.00011638,3.4292e-05,0.00033608,9.2183e-06,0.0013037,7.2715e-07,0.00023735,0.0003553,4.8159e-05,0.00018189,8.7243e-05,-3.3977e-05,0.00011553,3.2017e-05,0.00022996,0.0010806,0.00049426,9.6286e-05,0.00042578,0.0005575,0.00042278,0.00015178,0.00012722,0.0002165,-5.5307e-05,0.0002152,0.00011641
0.00074161,-0.00011026,0.00060965,0.00049068,0.001054,0.00025117,0.00060245,7.5146e-05,0.00010346,-8.9669e-05,-6.4352e-05,0.00036198,-6.6612e-05,5.2764e-05,-0.00011106,-1.4378e-05,0.00015481,0.00023255,7.9902e-06,0.00058038,2.6337e-05,0.00015579,2.3374e-05,8.249e-06,0.0003023,2.7021e-05,-0.00016474,8.3737e-05,4.3151e-05,0.00018356,5.1521e-05,0.0002504,0.00032949,2.861e-05,-0.00029769,-6.1842e-05,-6.759e-05,-6.8067e-05,4.0117e-05,0.0001201,-4.7915e-05,-0.00029125,2.6139e-05,0.00058758,8.4561e-05,4.0722e-05,1.1506e-05,0.00016747,-1.0737e-05,-3.2816e-05,0.00049504,3.7905e-06,-0.00010558,4.9173e-05,0.00034982,0.00023041,0.00033215,0.00034236,0.00090623,-6.4776e-05,5.6527e-05,0.00011003,-9.9559e-05,5.3229e-05,-3.6188e-06,-1.6204e-05,1.6257e-05,-0.00010232,-0.0002237,8.5351e-05,0.00024252,-8.289e-05,-9.3194e-05,0.00031867,-9.3139e-06,-1.2545e-05,4.6222e-05,0.00018059,1.1448e-05,-0.00016696,-6.9865e-05,0.00017134,-0.00026295,0.00038595,-0.00013368,9.9985e-05,0.00037862,-0.00017295,0.00013524,-5.9458e-05,-0.00030629,2.8138e-05,-1.1902e-05,0.00011025,8.3519e-05,0.00018447,0.00016391,0.00013092,-8.6934e-05,-0.00014514,0.0001215,6.5597e-05,1.4607e-05,-6.7231e-05,0.00013825,-9.2566e-05,3.3972e-05,0.00017796,1.3299e-05,0.00047425,3.9144e-06,0.00010827,3.7268e-05,0.00022864,0.00015257,6.6863e-05,-2.9381e-05,0.00022408,3.0444e-05,-6.4461e-05,0.0002456,0.00013557,-0.00013528,-5.4725e-05,6.8246e-05,0.00030456,0.0001233,0.00024677,-2.0185e-05,0.00057407,0.00015096,7.4555e-06,4.3474e-05,0.00011366,-0.00011298,-2.3836e-05,-0.00017312,5.2645e-05,0.00013329,5.5998e-05,-5.6484e-05,-2.288e-05,8.3154e-05,-0.00020456,-6.6508e-05,0.00018113,-5.2137e-05,0.00033362,-0.00010645,-9.2525e-05,0.00014737,0.00011174,0.00015292,0.00054396,-4.0359e-05,0.00054946,0.00015328,-3.3244e-05,5.3202e-06,0.0001098,-2.5027e-05,-0.00010502,-1.8548e-06,0.00092429,0.00025724,0.0002586,0.00021456,-8.754e-05,4.7487e-05,7.9863e-05,-6.715e-05,8.1425e-05,-1.1703e-05,4.366e-05,0.0010907,0.00037862,8.0267e-06,0.00016801,0.00039622,0.00028961,4.8633e-05,0.00010021,0.00016387,1.1826e-05,-0.00033184,0.00021199
0.0022886,-3.577e-06,8.2746e-05,0.00095109,0.00025117,0.0022271,0.0007226,5.1043e-05,0.00046622,-8.841e-05,1.3822e-05,0.00065862,6.4902e-05,0.00017525,-0.00013797,-1.813e-05,7.1615e-05,0.00028734,-0.0003239,0.0015334,8.4083e-05,0.00058826,-4.0022e-05,8.8704e-05,0.00047626,6.4906e-05,-0.00028869,7.6357e-05,0.00015995,0.0005005,-0.00013707,0.00042845,0.00015224,0.00020996,3.3699e-05,1.8944e-05,1.2192e-05,-5.8766e-05,0.0001515,0.00014695,-3.93e-05,0.00038087,7.3591e-05,0.00060229,1.7101e-05,0.00017745,8.7751e-05,0.0002556,0.00020281,-0.00035314,0.0012885,5.4946e-05,0.00016904,0.00020766,0.00050055,0.00019924,7.228e-05,0.00021558,0.0021466,-2.3656e-05,0.00017933,0.00012983,-0.00013656,9.5205e-05,0.00015209,0.00020588,9.32e-05,5.2636e-05,0.00026871,1.9821e-05,-7.6481e-05,-0.00010396,8.0435e-05,0.00024462,8.3563e-05,-0.00011107,7.9424e-05,0.00028491,-0.00020422,-0.00013765,4.9234e-05,0.00016614,-0.00018413,-4.2832e-06,-0.00016667,4.2978e-05,0.00029334,0.00026012,8.9828e-05,-0.00023755,9.2771e-05,0.00012106,2.9401e-06,8.4538e-05,0.00041364,0.00041072,-0.00022528,0.00028981,-8.5959e-05,8.0869e-05,0.00022384,-4.8264e-05,0.00027333,0.00022791,0.00041691,-0.00012957,0.0003732,8.3994e-05,3.971e-05,0.00073542,0.00017459,1.4715e-05,-9.618e-05,0.00045587,0.00029969,0.00025682,-1.1692e-06,0.00015931,-3.6829e-05,-0.00014355,2.8339e-05,0.00029734,2.1231e-05,-0.00017495,0.00021035,0.0011618,-1.0629e-05,0.00056367,-0.00016125,0.0003334,0.00041544,0.00023323,-5.9728e-05,-0.00010369,0.00016557,6.9734e-07,0.0001279,0.00019636,-5.1889e-05,0.00010903,4.596e-05,-5.667e-05,0.00013186,2.145e-05,-0.00012728,0.00027942,1.308e-05,0.00030828,-0.0001986,-2.3678e-06,0.00047001,0.00010811,0.00029428,0.00039682,8.0998e-05,0.00085658,3.3108e-05,-0.00013567,-9.9429e-05,0.00014063,-9.5678e-07,0.00034671,1.7596e-05,0.0019167,-0.00019717,0.00013079,0.00048788,-4.9601e-05,0.00021422,-0.00010829,-0.00015738,0.00010704,-9.2815e-05,0.00021832,0.0019266,0.0005089,-1.0671e-05,0.00049319,0.0007765,0.00072116,-9.291e-06,0.00055576,0.0002201,-0.00013821,0.00012126,0.00010025
0.0012466,-4.8857e-05,0.00032908,0.00076153,0.00060245,0.0007226,0.00085615,8.3145e-06,8.5402e-05,-0.00013026,-4.3432e-05,0.00018989,-4.1195e-05,-2.9778e-05,-6.5954e-05,2.8412e-05,8.3945e-05,0.00012964,-5.0532e-05,0.00078284,6.1891e-05,0.00022765,1.2161e-05,3.7332e-05,0.00027022,0.00013778,-0.00016427,9.3989e-05,0.00010366,0.00024508,-3.4025e-06,0.00058193,0.00018228,-0.00018599,-0.00017712,-3.6913e-05,-2.6341e-05,-5.172e-05,4.2537e-05,0.00012321,-1.6434e-05,-2.9374e-05,6.1522e-05,0.00062627,4.6316e-05,8.4638e-05,4.2886e-06,0.00017443,0.00012278,0.00016285,0.0010535,4.3645e-06,5.8521e-05,7.5451e-06,0.00043421,0.00049946,0.00010899,0.00023513,0.0011764,-0.00011232,0.00013364,0.00014257,-0.00010863,2.8957e-05,0.00011255,5.221e-05,3.9251e-05,4.5318e-05,-0.00014624,3.7251e-05,6.1114e-05,-0.00011858,-8.0734e-05,0.00025001,4.0063e-05,1.443e-05,4.0113e-05,0.0001969,-3.2204e-05,-5.1698e-05,-2.0526e-05,0.00017786,-0.00018659,0.00027902,-0.00012434,0.00010959,0.0002575,0.0001196,0.00012427,-0.00014244,-0.00020552,0.00010905,-6.8106e-05,0.00013403,0.00015831,9.6729e-05,-1.8175e-05,0.00030253,-0.00010363,-4.908e-05,0.00011161,1.9677e-05,0.00010587,0.0001185,0.00019151,-0.00010384,0.00012861,0.00021708,4.4612e-05,0.00042485,7.1065e-06,1.4864e-05,2.4201e-07,0.00036987,4.0977e-05,9.6964e-05,-5.6776e-05,0.00022219,6.8995e-05,-5.0892e-05,8.4848e-05,7.2919e-05,-6.0591e-05,-8.9942e-05,5.6077e-05,0.00057234,3.7452e-05,0.00050156,-6.3984e-05,0.00041114,0.00035526,-2.4219e-05,0.00011243,7.4785e-05,-8.2302e-05,5.9852e-06,5.9279e-05,0.00015353,-6.548e-05,-2.6326e-05,2.0061e-05,0.00016756,0.00010849,-7.8284e-05,-0.00011159,8.3793e-05,-3.6033e-05,0.00030284,-9.0498e-05,-5.2876e-05,0.00013523,0.00010704,0.00021505,0.00032983,3.2601e-05,0.00054307,0.00010722,8.5964e-05,2.6204e-06,8.372e-05,0.00016555,-4.1876e-05,3.0684e-05,0.001097,2.6633e-05,0.00021367,0.00018744,-8.0246e-05,1.7851e-05,1.8596e-05,-7.7264e-05,0.0001102,-2.9753e-05,0.00012628,0.0012169,0.0002077,1.2223e-05,0.00045767,0.00055704,0.00034994,8.1624e-05,0.00025688,0.00018212,-8.3885e-05,-8.2647e-05,2.8302e-05
0.00042288,9.2026e-05,5.4468e-05,0.00010685,7.5146e-05,5.1043e-05,8.3145e-06,0.00020358,9.2046e-05,8.0838e-05,9.3468e-05,0.00012324,8.4597e-05,0.00013295,0.00013089,6.4364e-05,0.00015015,0.0001661,0.00017889,0.00029926,0.00016048,4.8189e-05,8.056e-05,0.00012241,0.0001375,-2.397e-05,0.00011174,4.5557e-05,0.00014389,0.00020764,7.8087e-05,7.3427e-05,9.7728e-05,5.785e-05,0.00016089,5.9052e-05,-2.8558e-05,6.1971e-05,0.00025639,6.9221e-05,7.4985e-05,8.9976e-05,0.00015847,8.5179e-05,0.00011355,0.0001304,0.00013747,3.1178e-05,3.3532e-05,3.3055e-05,0.00015036,0.00010203,0.00011672,0.00013824,-1.8679e-06,6.6686e-05,0.00017294,0.0001355,0.00040631,0.00012661,7.6227e-05,4.7809e-05,5.9073e-05,0.00011467,0.00012918,0.0001615,5.4489e-05,-4.7634e-05,9.4263e-05,2.1255e-05,0.000254,0.0001269,0.00016913,5.5545e-05,0.00010688,0.00016425,0.00015111,8.0366e-05,8.8211e-05,4.6592e-05,9.5914e-05,8.214e-05,0.00011628,0.00014469,0.00011907,4.719e-05,0.00016201,5.8302e-05,0.00016899,0.00016636,0.00018086,8.9659e-05,7.9505e-05,8.1292e-05,0.00018064,0.00025882,7.1637e-05,7.4288e-05,0.0001115,0.00013654,0.00012081,0.00010591,0.00014293,9.0719e-05,0.00015218,4.7129e-05,0.00019754,7.4724e-05,0.00014559,0.00014584,9.4076e-05,0.00016656,5.4833e-05,2.6723e-05,0.00015959,0.00011327,0.00014604,4.8613e-05,0.00010143,9.6669e-05,9.6506e-05,0.00012039,7.223e-05,9.374e-05,0.00019622,0.00019878,0.00013344,0.00012021,3.6847e-05,9.8875e-05,-4.4825e-05,0.00018751,0.00010947,0.00015498,0.0001507,4.55e-06,5.7542e-05,7.7288e-05,3.977e-05,7.6977e-05,0.00011884,-1.4368e-06,4.9008e-05,1.6112e-05,0.00012469,8.0551e-05,7.9161e-05,9.3135e-05,5.2555e-05,9.2635e-05,4.3457e-05,5.0518e-05,7.2951e-05,0.00029866,8.3274e-05,0.00015211,0.00010801,-3.2082e-05,6.6916e-05,0.00010087,-0.00015658,0.0001197,-2.121e-06,0.0003028,5.7265e-05,0.00010942,0.00013687,0.00016278,0.00015439,0.00012412,8.3551e-05,2.3854e-05,7.5014e-05,0.0001227,0.00014583,0.00012638,0.00010328,-1.9921e-05,0.00012866,0.00013419,2.8595e-05,-6.3667e-05,0.00011246,9.0301e-05,9.513e-05,0.00010417
0.00032757,5.6466e-05,5.4451e-05,0.00018946,0.00010346,0.00046622,8.5402e-05,9.2046e-05,0.00042412,3.1662e-05,1.973e-05,0.00015686,9.0725e-05,0.00016219,5.6398e-05,4.0581e-05,0.00014527,7.3375e-05,-3.6269e-05,0.00029886,1.187e-05,0.00039642,7.8185e-05,0.00010046,0.00013909,0.0001675,4.1434e-05,3.4487e-05,0.00016556,0.00020171,-7.6364e-06,0.0001468,0.00013402,3.4566e-05,0.00011312,8.1345e-05,-2.6851e-05,2.2842e-05,0.00017167,0.00010353,0.00012452,0.00015508,4.1502e-05,0.00023839,3.1694e-05,5.0507e-05,9.6794e-05,8.5696e-05,0.00010027,0.00012504,-5.2621e-05,8.0103e-05,7.9186e-05,0.00023298,2.5178e-05,0.0001298,0.00013667,0.0001594,0.0002317,6.2234e-05,8.6747e-05,5.18e-05,3.9148e-05,0.00012682,1.642e-05,0.00022183,0.00014661,-1.5441e-05,0.00015386,1.7555e-05,0.00015908,9.4656e-05,0.00014236,0.00014535,9.2406e-05,7.4972e-05,0.00011162,0.00015963,8.8171e-06,-1.6265e-05,8.1696e-05,0.00021179,3.7852e-05,8.4809e-05,4.4506e-05,5.2784e-05,0.00022883,5.1185e-05,0.00011646,2.867e-06,5.135e-05,9.5619e-05,6.9082e-05,0.00012888,0.00029722,0.00028061,-5.4174e-05,0.00022851,7.7352e-05,0.00016364,0.00014728,-4.0851e-05,0.00010277,5.7416e-05,0.00014389,2.774e-06,2.1947e-05,-8.8691e-05,0.00017308,0.00015164,0.00015519,0.00017796,2.6655e-05,2.5075e-05,0.00024307,0.00015421,0.00014305,9.6633e-05,3.3462e-05,7.3828e-06,4.9193e-05,0.00014157,0.00011259,4.5416e-05,0.00016816,0.00015688,0.00011816,0.00029481,7.3051e-05,0.0001254,-1.7626e-05,0.00029712,-2.1391e-05,7.1767e-05,0.00012813,4.0229e-06,-4.2416e-05,7.6868e-05,0.0001104,0.00011014,7.2228e-05,2.1063e-05,5.1174e-05,-3.5984e-05,7.1356e-05,0.00018952,4.1908e-05,9.0782e-05,-8.5421e-06,7.5424e-05,0.0002008,5.2115e-05,8.8133e-05,0.00041383,7.2186e-05,0.00028066,0.00013044,-7.4621e-06,4.2841e-05,9.459e-05,-0.00011566,0.00027671,-4.4535e-05,0.00031867,6.991e-05,8.6904e-05,0.00024967,9.7665e-05,0.0001764,8.1292e-05,9.6365e-06,8.4731e-05,1.8785e-05,4.0268e-05,0.00041512,0.00023677,0.00011139,0.00013836,0.00023041,0.00021794,2.4904e-05,0.00019164,5.9956e-05,5.1483e-05,0.00013223,0.00011254
-0.00012445,3.9644e-05,-4.6422e-05,-8.8934e-06,-8.9669e-05,-8.841e-05,-0.00013026,8.0838e-05,3.1662e-05,0.00013642,6.5355e-05,9.0046e-05,8.0283e-05,8.4009e-05,5.8886e-05,-3.9507e-05,8.2167e-05,-4.432e-06,8.3928e-05,-5.3769e-05,8.4989e-05,4.9379e-05,5.0388e-05,5.7833e-05,-9.2391e-06,1.2696e-05,7.8183e-05,2.8003e-05,-2.2716e-07,2.6508e-05,2.028e-05,-9.5346e-05,3.2358e-05,-4.4713e-07,9.3599e-05,3.2499e-05,-1.4031e-05,5.8901e-05,0.00011623,5.155e-06,2.3553e-05,7.3095e-05,5.5823e-05,-6.8941e-05,4.0513e-05,2.9375e-05,8.8976e-05,1.9447e-05,-3.1322e-05,-0.00011333,-0.00010814,4.6485e-05,4.0784e-05,0.00010239,-0.0001116,-7.5728e-06,6.0629e-06,-6.1149e-06,-0.00014526,8.789e-05,-6.3668e-06,-6.1266e-06,0.00011779,7.2705e-05,5.2146e-05,5.9548e-05,4.6109e-05,6.2031e-05,0.00013727,-9.4498e-07,0.00017348,5.7681e-05,8.572e-05,-2.6402e-06,6.5295e-05,0.0001037,0.00010663,2.8373e-05,5.662e-05,2.6145e-05,7.3067e-05,1.0235e-05,0.00011866,7.3314e-06,8.7661e-05,-2.8347e-06,0.00011523,5.2628e-05,6.2256e-05,0.00011285,5.9763e-05,1.7021e-05,3.6012e-05,3.8159e-05,4.6393e-05,0.00019973,6.5296e-05,-3.8795e-05,8.1818e-05,8.2922e-05,2.9791e-05,1.4618e-05,7.8934e-05,8.0626e-05,-2.3986e-05,7.0874e-05,0.00018324,9.9426e-06,7.1829e-05,1.2665e-05,-1.4881e-05,6.7433e-05,-4.109e-06,-4.1154e-05,6.1699e-05,7.0214e-05,0.00010666,-2.2871e-05,5.3876e-05,8.3507e-05,8.5366e-05,5.4556e-05,3.0122e-05,9.0077e-05,8.0428e-05,-0.00011469,4.0074e-05,-9.4712e-05,4.9067e-05,-5.7437e-05,-0.00012749,0.00017356,8.4516e-08,6.0965e-05,4.0773e-05,6.3125e-06,4.7378e-05,4.1627e-05,2.6576e-05,4.0546e-05,4.7718e-05,-4.5851e-05,1.292e-06,9.8962e-05,7.2976e-05,2.8936e-05,6.6708e-05,8.3958e-06,8.6112e-05,8.9601e-05,-3.2889e-05,-2.4654e-05,-3.2248e-06,0.00020527,-7.8253e-07,7.1311e-06,5.0645e-05,2.2617e-05,2.3808e-05,1.32e-05,-8.478e-05,8.3413e-05,-1.5318e-05,-0.00012654,-1.2032e-05,7.552e-05,2.677e-05,8.3441e-05,0.0001446,7.8439e-05,7.9168e-05,4.3592e-05,2.8261e-05,7.2344e-05,-0.00027338,4.6019e-05,7.9265e-05,-7.4812e-05,-0.00012894,8.4809e-06,-2.0718e-05,-7.5042e-05,2.766e-05,6.1572e-05,5.1699e-05,5.9337e-05
0.00010957,5.9722e-05,-1.6701e-05,1.4815e-05,-6.4352e-05,1.3822e-05,-4.3432e-05,9.3468e-05,1.973e-05,6.5355e-05,0.00010523,8.8915e-05,7.331e-05,5.5041e-05,0.00010986,3.0252e-05,1.9843e-05,4.7247e-05,0.00012511,9.0743e-05,8.8362e-05,-3.6052e-05,5.4587e-05,6.8392e-05,7.355e-05,-4.8808e-05,0.0001286,-2.7896e-05,4.4075e-05,6.2822e-05,3.5158e-05,9.7763e-05,3.4371e-05,6.8259e-05,9.5204e-05,5.0681e-05,-2.5474e-05,5.2479e-05,0.0001167,1.1332e-05,3.3447e-05,0.00013097,8.6279e-05,-2.1421e-05,2.7642e-05,6.9819e-05,7.7087e-05,1.9629e-05,2.1434e-05,1.187e-05,-2.6826e-06,5.8957e-05,5.5e-05,6.585e-05,5.1737e-05,-7.0242e-06,4.2351e-05,-4.8397e-06,0.00014588,8.3946e-05,2.0234e-05,1.6415e-05,5.5156e-05,5.4043e-05,0.00015221,5.7478e-05,2.9787e-05,7.1594e-05,5.6889e-05,-5.7078e-06,0.00012962,8.735e-05,0.00011227,-1.8855e-05,5.6808e-05,8.4221e-05,8.8029e-05,8.2019e-07,5.7153e-05,-2.0594e-06,6.6646e-05,-1.7909e-05,8.3584e-05,5.4424e-05,6.5943e-05,-1.1453e-05,0.00011828,3.9412e-05,6.8985e-05,0.00010086,0.00012953,7.4375e-05,6.5632e-05,2.2986e-05,5.939e-05,0.0001436,6.6756e-05,-6.988e-05,7.7823e-05,0.00011224,6.9543e-05,3.3401e-05,3.6522e-05,0.00013246,8.4813e-05,6.786e-05,0.00021025,-7.4241e-06,6.7075e-05,0.00010667,2.3196e-06,6.448e-05,2.6009e-05,-1.4203e-05,6.4797e-05,8.871e-05,4.9514e-05,-3.976e-05,5.7996e-05,9.3115e-05,3.4851e-05,9.4122e-05,6.3885e-05,7.775e-05,7.6617e-05,4.3788e-05,6.697e-05,-3.9132e-05,6.3426e-05,5.8884e-06,6.1536e-05,0.00013337,1.9042e-05,0.00010279,7.3016e-05,7.5188e-06,6.7826e-05,5.1727e-05,-3.6154e-05,4.6597e-06,6.2051e-05,-2.3676e-06,2.8278e-05,-4.7812e-05,7.4019e-05,1.7485e-05,9.6271e-05,2.4374e-05,8.3678e-05,5.326e-05,-3.2127e-05,1.1478e-05,2.824e-05,0.00010033,5.0142e-05,-6.7036e-05,1.9429e-05,-2.2565e-05,4.496e-05,2.6649e-05,-3.0323e-05,2.4508e-05,1.9606e-05,5.5565e-05,-1.3008e-05,3.1294e-05,5.0964e-05,0.00011123,0.0001118,3.3331e-05,7.4703e-05,-5.5065e-06,3.4408e-05,7.034e-05,-5.0389e-05,-2.2848e-05,7.3134e-05,-6.9334e-05,-4.3124e-06,7.9795e-05,-5.5125e-06,-2.0799e-05,7.4383e-05,4.7364e-05,2.4348e-05,9.4617e-06
0.00064098,2.757e-05,0.00016795,0.00035289,0.00036198,0.00065862,0.00018989,0.00012324,0.00015686,9.0046e-05,8.8915e-05,0.0010367,8.2736e-05,0.00014606,-4.725e-05,-5.6497e-05,5.7615e-05,0.00031526,-0.00014035,0.00049588,0.00014756,0.00023901,1.7151e-06,4.7491e-05,0.00027103,0.00019221,-0.000121,0.00013873,-1.0796e-05,0.00015784,4.0164e-05,-0.00021349,9.9181e-05,-0.00021731,7.3788e-05,6.1232e-05,-7.8781e-05,1.4691e-05,9.3814e-05,0.00015247,9.8077e-06,0.00018671,0.00013662,1.4707e-06,3.5016e-05,0.00012607,9.4488e-05,0.0002044,-3.817e-05,-0.00064838,0.00046466,4.8576e-05,5.4594e-05,0.00025094,0.00022384,0.0003395,0.00015844,0.00021911,0.00081395,0.00017301,0.00020529,9.1045e-05,2.2161e-05,6.4553e-05,0.00019224,4.2493e-05,0.00012187,-0.00013589,0.00018894,4.9659e-05,0.00018608,-3.0717e-05,0.00020517,7.5792e-05,9.3226e-05,-1.4022e-05,0.00021114,0.00013191,-9.4566e-06,-2.5213e-05,-2.0652e-06,0.00024741,3.53e-05,8.4341e-05,-2.7737e-05,9.0513e-05,0.00049092,-5.1821e-05,9.205e-05,2.0359e-05,-0.00016931,2.2149e-05,0.00011106,9.1196e-05,3.2317e-05,0.00047139,0.00038769,0.00019799,-5.3683e-05,0.0001333,0.00026299,1.1852e-05,0.00018781,5.8077e-05,0.0002314,-6.1126e-06,0.00048529,-6.9307e-05,-3.2614e-05,0.00037097,-1.0494e-05,2.5598e-05,6.7128e-05,0.00016065,0.00013357,0.00024769,5.2732e-05,7.8436e-05,-6.3754e-05,-3.994e-05,0.00038224,0.00025888,4.3121e-05,-5.1171e-05,0.00017074,0.00020488,8.8225e-05,-0.00035292,4.033e-05,0.00024744,3.0657e-05,0.00032707,2.1238e-05,1.921e-05,0.00024662,-2.2915e-05,-4.6754e-05,1.9781e-05,-9.6414e-05,-4.1169e-05,6.4015e-06,-0.00029784,0.00018944,2.2798e-05,7.5687e-05,0.00022594,0.00012326,0.00026945,-5.4528e-05,0.0001107,0.00034775,6.0936e-05,0.0001043,0.00020387,3.021e-05,0.00059069,0.00021521,-0.00010817,7.464e-05,9.5256e-05,0.00023119,0.00026093,1.2062e-05,0.00067981,4.1862e-05,0.0001343,0.00026915,4.073e-05,0.00029929,-1.8704e-05,5.6075e-06,9.8653e-05,-1.9759e-06,0.00020281,0.00075256,0.00034498,0.00010939,6.6283e-06,0.00020113,0.0001285,-4.6433e-05,0.00010086,0.0001392,-3.0513e-06,-0.00010595,0.00032442
-4.3155e-06,7.0371e-05,2.6739e-05,4.1772e-05,-6.6612e-05,6.4902e-05,-4.1195e-05,8.4597e-05,9.0725e-05,8.0283e-05,7.331e-05,8.2736e-05,0.00014756,8.7576e-05,6.9072e-05,5.1751e-05,0.00010109,-5.1451e-05,4.1055e-05,3.6925e-05,0.00011102,8.1798e-05,7.6165e-05,0.00010617,3.626e-05,7.7175e-05,0.00011615,-4.8206e-05,6.2105e-05,8.5309e-05,4.7646e-05,5.5302e-05,5.0664e-05,3.2032e-05,8.0973e-05,6.082e-05,2.6303e-05,9.0219e-05,0.00016473,1.1103e-05,4.9788e-05,0.00011564,6.5315e-05,2.3015e-05,1.985e-05,4.9475e-05,7.5166e-05,6.0141e-05,0.00010822,8.427e-05,2.8226e-05,8.783e-05,0.00013225,0.00010867,-0.00016174,2.3447e-05,-5.107e-06,5.2941e-05,3.0451e-06,6.3376e-05,2.1622e-05,1.2888e-05,7.8443e-05,9.5314e-05,2.0007e-05,0.00012051,7.0168e-05,8.1051e-05,8.7734e-05,4.2525e-05,0.00017043,8.2998e-05,9.8219e-05,4.5345e-05,6.8184e-05,8.4736e-05,0.00012192,3.771e-05,6.0564e-05,6.8526e-05,8.6165e-05,5.1582e-05,9.405e-05,8.8474e-05,6.8588e-05,-1.2495e-05,0.0001489,7.2263e-05,0.00010893,0.0001239,8.6593e-05,8.7256e-05,7.6571e-05,7.146e-05,6.5265e-05,9.8641e-05,4.4278e-05,1.4018e-05,9.6965e-05,0.00011199,7.2948e-05,1.4538e-05,0.00012097,0.00014676,0.00010075,4.2924e-05,5.5619e-05,-3.0732e-05,8.4925e-05,7.0355e-05,5.2996e-05,8.46e-05,-1.0967e-06,-1.6373e-05,8.7833e-05,0.00010071,6.9706e-05,4.5141e-05,8.1369e-05,0.00010621,3.8656e-05,6.738e-05,4.5616e-05,9.0905e-05,9.4067e-05,1.8371e-05,4.3535e-05,0.00010779,8.8177e-05,-2.8953e-05,-6.2639e-05,0.00013539,4.7508e-06,2.8131e-05,9.8092e-05,1.4018e-05,5.9152e-05,7.913e-05,-2.2541e-05,-5.6344e-06,7.7382e-05,4.001e-06,4.6171e-06,-1.2885e-05,0.00010772,5.9466e-05,8.6048e-05,4.6825e-05,5.724e-05,6.6547e-05,-3.4755e-05,-1.5996e-05,7.5073e-05,0.00015246,7.3265e-05,2.4011e-05,3.1369e-05,-4.6875e-06,2.197e-05,3.5666e-05,2.9083e-06,0.00014291,-1.5211e-05,3.2164e-05,9.0998e-06,6.3382e-05,5.843e-05,8.7443e-05,9.6684e-05,6.4677e-05,0.00010394,4.9381e-05,1.5248e-05,8.8143e-05,-6.4715e-05,6.1856e-05,9.4823e-05,1.2447e-05,1.2528e-05,1.9793e-05,-2.4679e-06,-5.7704e-05,7.6999e-05,7.7142e-05,6.9011e-05,3.0963e-05
0.00026777,9.2845e-05,1.2316e-05,0.00010362,5.2764e-05,0.00017525,-2.9778e-05,0.00013295,0.00016219,8.4009e-05,5.5041e-05,0.00014606,8.7576e-05,0.00027159,5.7916e-07,3.2246e-05,0.00011553,0.00019644,-4.9603e-06,0.00022049,7.5978e-05,0.00020815,6.0698e-05,5.7805e-05,4.6714e-05,8.3811e-05,2.506e-05,1.6745e-05,0.00014053,0.00015171,3.6307e-05,-1.8418e-05,0.00011335,0.00011621,5.2151e-05,4.1469e-05,-5.7261e-05,4.7743e-05,9.3269e-05,4.8378e-05,-1.1052e-06,1.3239e-05,7.0155e-05,8.7832e-05,7.2084e-05,8.6779e-05,8.3502e-05,5.184e-05,7.9281e-05,0.00010716,0.00023818,8.784e-05,0.0001612,0.00014638,-5.9163e-05,-5.3411e-05,9.4171e-05,9.4566e-05,0.00016943,7.7616e-05,3.1606e-05,3.6127e-05,5.8252e-05,8.7745e-05,-1.5406e-05,0.00012165,6.559e-05,-0.00011309,7.8384e-05,2.2383e-05,0.00016518,0.0001131,0.00015543,6.6558e-05,6.917e-05,5.7217e-05,0.00018345,2.9799e-05,5.1409e-05,-4.6069e-05,6.9422e-05,3.9656e-05,9.1992e-05,0.00012842,4.2919e-05,-1.1036e-06,0.00031375,1.9469e-05,9.9869e-05,5.372e-05,0.00018249,8.7336e-05,6.7051e-05,8.6188e-05,0.00021723,0.00026371,2.8822e-05,5.7147e-05,0.00010523,0.00011779,0.0001258,7.4814e-06,9.9347e-05,1.5295e-05,5.853e-05,4.4441e-05,4.8869e-05,-9.0885e-05,3.1684e-05,0.00015703,0.00012912,0.00011624,1.0344e-05,-5.1133e-05,0.00016105,0.00011071,0.00019635,8.9504e-05,6.2532e-05,8.0347e-05,7.3286e-05,4.816e-05,-2.4314e-05,6.7003e-05,0.00011913,4.0108e-05,4.9612e-05,4.4806e-05,7.0051e-05,6.3134e-05,-2.7651e-05,0.00018008,7.76e-05,7.34e-05,0.00013889,2.0539e-06,-9.3448e-06,2.1162e-05,1.3062e-05,-7.9878e-06,8.0379e-05,-0.0001316,5.3801e-05,0.00011455,7.3202e-05,6.7011e-05,0.00011538,0.00014606,3.1601e-05,8.4197e-05,3.174e-05,5.8843e-05,8.0063e-05,0.00025412,4.476e-05,0.00023299,2.2625e-05,9.4529e-06,2.874e-06,8.2494e-05,-9.0204e-05,0.00027907,-0.00013451,0.00026256,-1.211e-06,0.00011849,0.00010255,7.1734e-05,0.00018318,6.4387e-05,7.8716e-05,3.8881e-05,3.3677e-05,0.00010888,8.7574e-05,0.00014524,7.3773e-05,-1.8616e-05,0.00010277,0.00013923,5.4905e-06,-6.4216e-05,5.7276e-05,4.394e-05,0.00013493,7.6233e-05
0.00018029,9.6563e-05,-8.4262e-05,-2.4896e-06,-0.00011106,-0.00013797,-6.5954e-05,0.00013089,5.6398e-05,5.8886e-05,0.00010986,-4.725e-05,6.9072e-05,5.7916e-07,0.00028078,8.4e-05,9.7342e-05,9.0291e-05,0.00031836,4.6908e-05,0.00010273,-3.5756e-05,9.0068e-05,0.00014212,0.0001099,9.8993e-06,0.00028846,-3.759e-05,0.00010918,0.00011294,3.353e-05,0.00023395,4.7566e-06,0.00013011,0.00022234,9.9071e-05,-1.8326e-05,6.1802e-05,0.00024452,4.1946e-05,0.0001204,0.00014591,9.5971e-05,1.694e-06,6.6356e-05,0.00013715,0.00010158,2.3646e-05,5.0062e-06,0.0002685,-0.00025265,8.2005e-05,6.2447e-05,6.4205e-05,6.5681e-05,4.2902e-05,0.00012532,4.743e-05,0.00017098,0.00013197,5.871e-05,3.1256e-05,8.7026e-05,9.2154e-05,0.00024165,0.00013292,6.8265e-05,9.9811e-05,0.00010234,-3.3634e-05,0.00013786,0.00013435,0.00012139,2.4613e-06,0.00010871,0.00015316,0.00016108,1.6765e-05,0.00012115,0.00013514,9.7892e-05,6.5236e-05,0.00014355,5.5807e-05,0.00018977,3.5683e-05,-4.6238e-05,3.0627e-05,0.00011551,0.00014665,0.00017591,9.3542e-05,0.0001179,4.8601e-05,0.00014884,0.00014673,9.1454e-05,9.4869e-06,0.00013926,0.00016385,4.8707e-05,0.0001192,6.5943e-05,0.00012941,0.00013554,6.6518e-05,0.00012586,8.3406e-05,0.00019579,0.00011717,2.3601e-06,0.00013033,6.3897e-05,-4.4871e-05,9.3212e-05,0.00015416,6.186e-05,-9.6813e-05,6.5903e-05,0.00011775,-5.2031e-05,0.00014652,0.00019493,0.00012216,9.7506e-05,7.4201e-05,0.00013378,8.723e-05,8.1036e-05,-2.3618e-06,-2.8501e-05,0.00014926,8.5727e-05,0.00014887,8.4603e-05,6.1113e-06,9.7939e-05,0.00010451,5.5333e-05,9.2048e-05,0.00011931,0.00013661,1.0232e-05,-9.9896e-05,0.00013782,2.8131e-05,0.00010229,-5.9186e-06,0.00011291,8.1673e-05,8.9608e-08,2.0106e-05,2.0741e-06,0.00014497,7.5484e-05,-5.5847e-05,0.0001045,-1.1652e-05,8.5157e-05,9.3238e-05,-4.9293e-05,-3.3607e-05,9.0691e-05,0.00011492,7.2372e-05,3.6812e-05,0.00010642,0.000276,0.00010699,6.8882e-05,6.4885e-05,-3.5385e-05,7.2614e-05,8.3668e-05,-0.0001874,-7.4976e-05,0.00010803,-0.00010699,5.3419e-05,0.0001081,3.1917e-05,9.6252e-05,9.0209e-05,9.7745e-05,0.00014677,3.4529e-05
9.0283e-05,6.1367e-05,6.0438e-05,1.5016e-05,-1.4378e-05,-1.813e-05,2.8412e-05,6.4364e-05,4.0581e-05,-3.9507e-05,3.0252e-05,-5.6497e-05,5.1751e-05,3.2246e-05,8.4e-05,0.00021455,8.1279e-05,9.9317e-05,6.8385e-05,0.00011705,6.3462e-05,-1.5158e-05,4.5469e-05,6.1657e-05,8.6884e-05,2.0587e-06,0.00012878,-3.2989e-05,9.0254e-05,1.9134e-05,4.464e-05,0.00012315,1.9015e-05,0.00015111,6.7928e-05,4.3107e-05,0.0001141,5.8861e-05,0.0001657,1.4544e-05,4.1588e-05,3.5e-05,3.3249e-05,5.8467e-05,1.668e-05,7.1436e-05,-1.7499e-05,4.9191e-05,0.00014989,0.00021218,4.6514e-05,4.5497e-05,0.00015848,-2.9346e-05,1.8504e-05,-1.3638e-05,0.00012809,8.2319e-05,0.00012517,-1.6049e-06,2.6014e-05,3.0957e-05,-3.5057e-05,0.00010607,7.6426e-05,0.00012066,2.8486e-05,-8.5248e-05,-4.2698e-05,5.1458e-05,0.00018379,0.00010277,4.7818e-05,-1.3663e-05,3.9302e-05,2.1181e-05,1.9822e-05,3.4112e-05,2.5882e-05,4.0419e-05,3.3221e-05,0.00014696,4.4172e-05,8.4969e-05,4.6773e-05,-2.512e-06,5.865e-05,4.7714e-05,0.00013586,2.4492e-05,0.00015258,7.3888e-05,5.9964e-05,3.4684e-05,6.7261e-05,-0.0001821,6.865e-05,3.5319e-05,4.7994e-05,2.8278e-05,4.6119e-05,3.3124e-05,-2.2938e-05,3.2484e-05,9.0844e-05,-2.6875e-06,1.1987e-05,-5.7378e-05,6.6682e-05,-2.0279e-06,8.914e-05,6.7306e-05,5.39e-05,-1.8918e-05,7.5964e-05,3.6661e-05,-3.984e-05,5.4459e-05,2.5002e-05,7.268e-05,-6.7921e-06,4.1971e-05,6.433e-05,2.7842e-05,1.6495e-05,0.0001273,6.9636e-05,0.00019441,5.1947e-05,3.6203e-05,9.8787e-05,-4.5726e-05,0.00010647,4.0059e-05,6.1023e-05,3.3153e-06,1.9349e-05,1.376e-05,-7.0293e-05,-8.4075e-05,4.0821e-05,4.3307e-05,-7.5518e-06,-7.6641e-05,5.5052e-05,4.1666e-07,2.4291e-05,6.7524e-05,-1.2905e-05,8.039e-06,1.4235e-05,-4.713e-06,7.3462e-05,-0.00016626,0.00010149,7.6095e-05,3.0931e-05,-3.0326e-05,4.7482e-05,3.0482e-05,9.7323e-07,-3.4211e-05,-7.2262e-06,0.00025724,5.9277e-06,6.4833e-05,4.7772e-05,9.2281e-05,-9.7742e-05,9.1725e-05,2.8658e-05,-2.0113e-05,1.6505e-05,5.1508e-05,-5.8226e-05,-2.2066e-05,2.0861e-06,5.3315e-05,0.00021359,6.3004e-06,5.611e-05,1.9105e-05,5.7037e-05,6.6178e-06,8.495e-05,4.4708e-05
0.0003066,4.7479e-05,0.00011899,0.00022368,0.00015481,7.1615e-05,8.3945e-05,0.00015015,0.00014527,8.2167e-05,1.9843e-05,5.7615e-05,0.00010109,0.00011553,9.7342e-05,8.1279e-05,0.0002812,8.7391e-05,0.00014285,0.00022695,0.00015911,0.00019741,8.4794e-05,0.0001227,0.00012556,0.00015614,0.00010923,7.5062e-05,0.00012725,0.00019705,1.929e-05,5.186e-05,0.00012955,9.4476e-05,0.00012704,5.5953e-05,6.7903e-05,6.5913e-05,0.00031215,9.2468e-05,8.4249e-05,6.9149e-07,7.5992e-05,0.00018932,0.00012241,9.0053e-05,0.00010505,9.6284e-05,7.7344e-05,0.00012215,7.4181e-05,8.534e-05,0.00013551,0.0001402,-0.000136,0.00015268,0.00017267,0.00020718,0.00024062,6.5522e-05,5.0495e-05,6.9881e-05,7.6949e-05,0.00017539,1.3919e-05,0.00019572,9.5656e-05,-2.1283e-05,0.00013909,5.6926e-05,0.00031424,9.2362e-05,5.2705e-05,0.00017394,0.00010949,0.00012301,0.00019836,0.00014332,9.3163e-05,8.0003e-05,8.8469e-05,0.00016608,8.1809e-05,0.00013652,9.8113e-05,6.2361e-05,0.00019455,7.932e-05,0.00023331,0.00012279,7.638e-05,7.2344e-05,8.7337e-05,0.0001482,0.00021492,0.00018584,6.0539e-05,0.00016875,8.3732e-05,6.5218e-05,4.4648e-05,0.00010644,0.00016012,4.7182e-05,7.8744e-05,7.8e-06,2.654e-05,7.3061e-05,0.00019677,0.00017157,8.4045e-05,0.00017934,2.1197e-05,2.613e-05,0.00019384,0.00014868,0.00012049,0.00011801,9.0372e-05,9.3036e-05,4.6438e-05,0.0001141,7.8819e-05,8.1912e-05,0.0001502,0.00013231,0.00011655,0.00032378,3.4413e-05,0.00011449,-0.0001766,0.00014518,0.00010627,7.5999e-05,7.4717e-05,3.3031e-06,5.6206e-05,9.84e-05,0.00012158,0.00010766,9.7874e-05,2.7632e-05,1.2878e-05,8.3242e-05,0.00011344,0.00012313,1.2721e-05,0.00015813,1.2765e-05,8.3206e-05,0.00012551,1.4232e-05,9.5398e-05,0.0003869,5.6173e-05,0.00036162,0.00012333,8.3769e-06,4.0312e-05,0.00010624,-0.00013026,0.00012474,3.0151e-06,0.00041357,9.8566e-05,0.0002055,0.00014717,0.00014285,9.7625e-05,0.00017761,6.1252e-05,7.0583e-05,5.1022e-05,0.0001414,7.7337e-05,0.00022599,9.2391e-05,9.8874e-05,0.0002011,0.00011253,5.8053e-05,1.1631e-06,0.00010603,8.6996e-05,0.00015752,0.00017552
0.00093803,8.593e-05,4.3546e-05,0.00018387,0.00023255,0.00028734,0.00012964,0.0001661,7.3375e-05,-4.432e-06,4.7247e-05,0.00031526,-5.1451e-05,0.00019644,9.0291e-05,9.9317e-05,8.7391e-05,0.00062687,0.00013029,0.00059491,6.8092e-05,0.00010695,2.3619e-05,3.758e-05,0.00021838,6.1284e-05,2.6023e-05,3.5979e-05,0.00015158,0.00013001,1.4495e-05,9.454e-05,0.00011543,0.00024421,2.1467e-05,8.6176e-06,-3.4678e-05,-1.5659e-05,0.0001047,8.6748e-05,-5.3014e-06,-6.3516e-05,0.00010744,0.00012213,8.2461e-05,0.00020344,1.7032e-05,6.9463e-05,3.0689e-05,4.6847e-05,0.00065734,4.1085e-05,0.0001707,5.2045e-05,0.00028293,4.824e-06,0.00029143,0.0001496,0.00085597,8.1975e-05,0.00011933,6.8486e-05,-4.7646e-05,5.3235e-05,0.00025107,5.3323e-05,7.8877e-06,-0.00024109,4.526e-06,-4.4011e-05,0.00010378,4.544e-05,0.00014739,-1.5198e-05,5.1232e-05,-1.943e-05,0.00017241,3.8441e-05,-1.2565e-05,-1.2866e-05,-2.7669e-06,7.1386e-05,7.7784e-05,0.0001245,5.4011e-05,0.00010125,0.00010301,-8.9532e-05,5.3358e-05,-2.2266e-05,0.00014809,4.939e-05,7.0133e-05,-6.6208e-06,0.00030887,0.00015522,0.00013048,0.00014423,-1.4465e-05,6.9695e-05,0.00012749,0.00011843,2.495e-05,-7.6286e-05,0.0001265,-1.6828e-05,0.00017259,7.6871e-05,8.1321e-05,0.00031353,3.576e-05,5.2644e-05,6.9834e-05,7.1307e-05,0.00015063,0.00013826,7.3358e-05,-1.6721e-06,-4.2462e-05,-6.1067e-06,6.2873e-05,0.00016036,-2.3327e-05,-3.6563e-05,8.565e-05,0.00038367,8.6218e-05,-6.4816e-05,-4.3864e-05,0.00020044,7.8413e-05,1.6484e-05,0.00016906,9.4228e-05,0.00019297,-2.7025e-05,-7.3012e-05,1.5048e-05,-4.8791e-05,-3.8714e-05,1.6454e-05,-0.00016977,7.316e-05,3.6573e-06,1.4804e-05,7.3158e-05,0.00010621,0.00015698,-5.2105e-05,4.1921e-05,0.00015067,8.7061e-05,8.5555e-05,-2.2028e-05,1.2115e-06,0.00041315,0.00018238,-6.9367e-05,3.7208e-05,0.00011286,-3.4113e-05,4.9317e-05,1.1868e-05,0.0010111,1.3947e-05,0.00014985,0.00020167,0.00017253,8.8516e-05,2.3307e-06,-4.974e-05,-7.6464e-05,4.4248e-05,0.0001592,0.00042193,8.4351e-05,-1.7756e-05,-6.1498e-05,0.00034553,0.00028519,-1.1262e-06,0.00014886,6.3729e-05,-3.1062e-05,9.2622e-05,0.00018086
0.00027014,6.3523e-05,-5.7155e-05,2.1468e-05,7.9902e-06,-0.0003239,-5.0532e-05,0.00017889,-3.6269e-05,8.3928e-05,0.00012511,-0.00014035,4.1055e-05,-4.9603e-06,0.00031836,6.8385e-05,0.00014285,0.00013029,0.00053982,0.00011078,9.765e-05,-0.00011347,8.6548e-05,0.00013185,0.00012814,-0.00014805,0.0003189,-6.1412e-07,0.00012951,0.00011775,1.8371e-05,0.00021811,6.6401e-05,0.00026006,0.0001648,4.8155e-05,2.9166e-05,4.3936e-05,0.00016995,4.9734e-05,7.3883e-05,6.4029e-05,7.6252e-05,8.3873e-07,0.00012147,0.00015269,0.00010067,1.2216e-05,-5.6815e-05,0.00022324,-0.00015979,7.1344e-05,-2.5748e-06,2.8504e-05,0.00015647,-4.3152e-05,0.00019244,-2.8341e-06,0.00039489,0.00015246,-1.2477e-05,5.5093e-05,7.1218e-05,8.9648e-05,0.00032213,0.00012548,3.8085e-05,0.00013977,7.8364e-05,-4.7537e-05,0.00026264,0.00013257,4.107e-05,1.5069e-05,9.8468e-05,0.00015831,0.00018116,3.3181e-05,0.00013333,0.00010613,7.6768e-05,-3.355e-05,8.5663e-05,9.9031e-05,0.00022739,2.8362e-05,-2.7237e-05,-4.3539e-05,9.6554e-05,0.00021499,0.00018044,6.9527e-05,0.00014457,2.2263e-05,0.00015333,0.00013306,0.00015387,-0.00015049,0.00010966,9.0164e-05,-3.4338e-05,0.00015379,7.5375e-05,0.00010423,2.4587e-05,9.437e-05,0.00028241,0.00013229,0.00018652,0.00016139,-7.2267e-05,0.0001724,6.3705e-05,-1.6176e-05,3.9691e-05,9.0116e-05,4.3086e-05,-0.00013319,8.3186e-05,0.00014698,-0.00012677,0.00015584,0.00018467,0.00013276,0.00011267,0.00014429,0.00015634,8.5331e-05,4.5827e-05,3.4069e-05,-6.6102e-06,6.2905e-05,0.00011656,0.00023285,3.347e-05,-5.1789e-06,0.00012741,0.00013028,0.00010374,0.00013766,9.431e-05,0.00015999,-7.2022e-06,-9.6132e-05,0.00012369,1.5343e-05,8.2528e-05,2.6962e-05,0.00013563,3.4047e-05,-0.00013006,3.0633e-05,-2.9503e-05,0.00015192,2.76e-05,-0.00010698,0.0001094,9.464e-05,5.7336e-05,9.8483e-05,-0.00028159,-0.00015618,8.3642e-05,0.00020223,8.9482e-05,5.4778e-05,7.4606e-05,0.0003145,7.2929e-05,0.00015009,6.4753e-05,-5.4231e-05,9.5053e-05,0.000112,-0.00022622,-9.0705e-05,8.2361e-05,-0.00022112,5.0525e-05,0.00014101,4.4609e-05,-8.5212e-05,0.00011259,0.00010681,0.00011041,5.0731e-05
