0.00098646,-7.3317e-05,0.00010494,0.0004637,0.00037487,0.0011344,-1.7586e-05,0.00014625,0.00044405,6.9036e-05,0.00012329,9.2592e-05,-6.4005e-05,0.00021782,6.4222e-05,7.5069e-05,0.00015867,-0.0001294,-3.3391e-05,0.00021755,-1.7864e-05,-0.00013291,0.00011133,0.00045755,0.00010659,0.00010742,9.7203e-05,-9.9242e-05,0.00029055,0.00020868,0,-0.00016815,-0.00018089,-7.5923e-05,-2.9451e-05,0.00010632,0.00035957,0.0002635,0.00045081,0.00015395,-6.8651e-05,6.2866e-05,-1.0641e-06,6.0508e-05,-6.2659e-05,0.00010775,-3.6511e-05,-2.908e-05,0.0003069,0.00014704,0.00036422,7.3048e-05,0.00036689,0.00017188,-5.5273e-05,0.00014102,0.00071729,0,0.00020695,-6.2511e-05,0.00018682,0.00046144,0.00022834,9.6617e-05,7.304e-05,0.00087756,6.1378e-05,-3.4708e-06,2.9802e-06,-0.00010446,0.00012045,3.162e-05,-4.2449e-05,8.8667e-05,-0.0001461,0.00014948,0.00010961,0.00015997,3.39e-05,-3.7705e-05,-0.00019731,-8.4142e-05,0.00014427,0.00010722,-1.6851e-06,-7.9005e-05,0.00014941,0.00017113,1.0338e-05,8.3077e-05,7.5004e-05,7.5703e-05,0.00030039,0.00016694,-2.5262e-05,-0.00015369,1.5771e-05,-0.00029717,0.00013389,5.0706e-05,8.0393e-05,0.00010449,-1.7216e-05,0.00013426,-5.7137e-05,0.0001176,-0.00011103,2.5665e-05,-1.309e-05,-3.9926e-05,0.000165,-9.7522e-05,-2.3922e-05,4.8582e-05,0.00015049,0.00011234,0.00028866,1.0562e-05,0.00033453,5.1251e-05,-9.7903e-06,0.00021431,0.00019332,0.0007825,-8.0262e-05,-6.3735e-05,2.9265e-05,9.9116e-05,0.00018411,0.00021473,0.00019792,-0.00014449,-1.2849e-05,6.0244e-05,-0.00010786,0.0002816,0.00026118,-0.00026034,3.9196e-05,-6.6581e-05,1.8435e-05,0.00033532,-5.9942e-06,0.00030382,-1.3469e-06,0.00029187,0.00039926,-6.3843e-05,0.00011466,4.8576e-05,0.00015478,5.3208e-05,0.00020354,0.00015819,0.0001055,2.2016e-06,-0.00019727,-0.00019107,-0.00019638,7.0181e-05,7.8332e-05,1.3367e-05,0.00027052,2.1013e-05,0.00014755,-4.9198e-05,0.0001232,0.00020595,0.00015349,0.00027129,4.9997e-05,-8.142e-05,6.8153e-05,0.0001098,4.2155e-05,-6.0672e-05,0.00029303,-7.0601e-05,0.001067,0.00017552,0.00032614,0.00020913,-0.00017054,9.9278e-05,0.00010822,9.6854e-05,-2.3055e-05,-0.0001591,5.819e-05,7.7284e-05,0.00061496,0.00010337,7.2602e-05,0.00050044,0.00066934,-0.00016412,-5.3441e-05,0.00011304,0.0001729,-2.1503e-05
-7.3317e-05,0.00011914,1.3315e-05,2.1966e-05,-1.7856e-05,-6.0057e-05,4.6117e-06,8.168e-05,-2.8306e-05,1.0625e-05,3.3936e-05,4.2881e-05,6.2955e-05,-1.1851e-05,-1.6125e-05,5.3782e-05,-2.9372e-05,5.4531e-05,1.9505e-05,5.8563e-07,5.6963e-05,3.2972e-05,-4.4052e-05,4.8309e-05,1.9132e-05,-1.4413e-05,5.8495e-06,2.44e-05,4.6114e-05,1.7676e-05,0,1.1638e-05,1.4866e-05,7.6312e-05,9.4249e-06,3.0869e-05,5.2732e-05,2.4498e-05,3.5703e-05,-3.7712e-05,5.9215e-05,4.9849e-05,2.593e-05,1.7603e-05,3.2307e-05,-4.9336e-06,-4.956e-06,-5.9357e-05,2.3266e-06,-0.0001065,-4.9298e-05,8.3311e-05,-5.3675e-05,1.7801e-05,-1.4529e-05,-1.3198e-05,5.8704e-06,0,2.0974e-05,2.5992e-06,1.3917e-05,4.292e-05,4.0792e-05,-1.0341e-05,9.3561e-06,4.4574e-06,-2.9009e-05,1.9588e-05,2.8703e-05,3.2727e-05,2.2006e-05,-1.3871e-05,4.9433e-05,2.6689e-05,4.7325e-05,-9.9291e-05,2.8233e-05,2.8356e-05,5.1073e-05,1.9083e-05,4.9687e-05,-2.1189e-05,-2.706e-05,-4.7535e-06,2.7295e-05,3.9612e-05,8.6552e-06,-2.7138e-06,4.7902e-05,-2.2424e-05,7.2265e-05,-7.6992e-06,-1.9286e-05,2.7667e-05,4.2225e-05,4.8901e-05,-4.3407e-06,1.1778e-05,-7.5513e-07,3.5318e-05,3.5745e-06,-4.4146e-05,2.4718e-05,-4.5279e-05,4.5997e-05,-1.2403e-05,3.2789e-05,6.8119e-05,-5.905e-06,2.2354e-05,-5.1943e-06,6.5543e-07,2.8991e-05,6.7751e-05,-0.00017454,3.1953e-05,2.7168e-05,5.9916e-05,1.3893e-05,3.9122e-05,3.0422e-05,9.8185e-05,3.9364e-05,-1.0734e-05,6.8974e-06,-1.4088e-06,4.035e-05,5.2679e-06,2.3159e-05,2.7243e-05,-9.1141e-05,7.2856e-05,6.3814e-06,-1.0842e-05,6.9926e-05,-2.2489e-05,1.9338e-05,2.6013e-05,2.8326e-05,1.8294e-05,-5.5279e-05,-3.1923e-05,7.3601e-05,2.8189e-05,1.2085e-05,1.7608e-05,2.2136e-05,3.1564e-05,8.389e-05,2.417e-05,-2.3098e-05,-9.9411e-05,3.9237e-05,7.0776e-05,8.2121e-05,4.4527e-05,8.796e-05,4.9828e-05,5.9232e-05,3.7665e-05,6.6183e-05,2.8659e-05,-9.9463e-06,5.2515e-05,-3.4159e-05,-3.1743e-06,2.6074e-05,-8.1829e-05,2.5214e-05,2.9433e-05,7.5627e-05,5.0211e-05,3.3969e-05,-2.1942e-05,-8.5663e-05,4.784e-05,-6.6887e-05,2.8962e-05,-0.00010054,1.1986e-05,3.8906e-05,2.7088e-05,3.9244e-05,2.7284e-05,-5.8191e-06,-2.0568e-05,6.3379e-05,4.111e-05,2.2576e-05,3.9962e-05,4.3385e-05,5.2987e-05,-1.4185e-05,2.3197e-08,-5.4271e-05,2.4625e-05,5.6044e-06,1.9768e-05,2.855e-05,4.9007e-05
0.00010494,1.3315e-05,0.0001136,6.2112e-05,1.5959e-05,6.5922e-05,5.8038e-05,9.4639e-05,4.1382e-05,1.1403e-05,4.6834e-05,2.7377e-05,3.3659e-05,6.1183e-06,2.5067e-05,2.868e-05,5.2271e-06,-4.886e-06,-3.996e-06,8.2719e-05,4.2615e-05,-3.3254e-05,3.0078e-05,7.5134e-05,4.7354e-05,2.9412e-05,-1.3037e-05,-3.2963e-05,9.5401e-05,7.5058e-06,0,-3.1961e-05,1.423e-05,3.4017e-05,-4.1982e-05,2.8161e-05,6.4472e-05,5.7057e-05,8.5544e-05,1.3417e-05,2.1098e-05,-3.3234e-06,3.5333e-08,4.5154e-05,2.7667e-05,-5.6099e-06,-2.9997e-05,3.9163e-05,7.7471e-05,6.0201e-05,4.665e-05,5.6132e-05,7.2891e-05,2.2608e-05,2.0895e-05,3.8989e-05,0.00022876,0,3.4371e-05,-4.9922e-06,2.7634e-06,6.1909e-05,4.1981e-05,-2.2863e-05,5.5962e-05,0.00016448,-1.6336e-05,1.3445e-05,-3.6094e-07,-6.1729e-06,1.0328e-05,-1.6821e-05,-1.3815e-05,7.6959e-05,2.4232e-05,-0.00010177,3.9449e-05,1.7789e-05,6.5013e-06,2.6333e-05,-5.9076e-05,-3.0058e-07,-1.7125e-05,3.2371e-05,4.272e-05,-1.7173e-05,2.3706e-05,3.5239e-05,5.462e-05,-2.7712e-06,3.4148e-05,2.8338e-05,2.4697e-05,4.7702e-05,-4.4293e-05,-8.0364e-06,2.2307e-05,-3.5763e-05,3.1682e-06,-1.1136e-05,-4.2371e-05,-1.8778e-05,2.0858e-07,-2.7106e-05,3.9158e-05,0.00012216,1.9826e-05,1.3212e-05,4.2884e-05,3.5282e-05,4.5373e-06,-3.7766e-05,-2.8896e-05,-5.8283e-07,8.4245e-05,2.3797e-05,6.7783e-05,2.8618e-05,4.029e-05,4.1569e-07,1.008e-05,5.1732e-05,4.056e-05,8.9087e-05,5.2015e-05,-2.5454e-05,1.8101e-05,-6.514e-06,4.0871e-05,3.2676e-05,-5.8543e-05,3.5378e-05,1.0432e-05,-4.1501e-06,-6.7581e-07,4.9148e-05,6.216e-05,-8.6031e-05,3.0056e-05,3.0682e-06,4.0718e-05,6.527e-05,1.1895e-05,8.7015e-05,1.2613e-05,1.2714e-05,6.5551e-05,1.9115e-05,7.47e-06,-1.8572e-05,2.0393e-05,-1.9241e-05,3.454e-05,4.8414e-05,2.537e-05,-4.8077e-06,9.4868e-05,-8.5426e-06,-1.3477e-05,3.2644e-05,5.073e-05,2.7939e-05,-2.6248e-05,3.0749e-05,1.8397e-06,-4.283e-05,2.5719e-05,-4.9946e-05,2.8583e-05,4.4676e-05,3.8844e-05,-1.9877e-05,9.6914e-06,1.3823e-05,0.00015703,1.6417e-05,5.8159e-05,2.2205e-05,0.00024003,-4.8733e-05,5.3339e-05,7.989e-05,-5.2244e-05,1.738e-05,-2.3896e-05,1.518e-05,3.0372e-05,2.1268e-06,-1.9569e-06,5.2288e-05,7.0013e-05,5.9059e-05,-2.524e-05,6.1923e-06,7.0637e-05,-2.7821e-05,3.5604e-05,4.3876e-06,4.9826e-05,3.4989e-05
0.0004637,2.1966e-05,6.2112e-05,0.00048535,0.00029476,0.0006968,-3.0355e-05,0.00016779,0.00029439,5.182e-05,0.00012043,1.1044e-05,5.2624e-05,0.00013737,0.00016886,7.1385e-05,4.3904e-05,-4.8505e-05,-1.4235e-05,0.00017218,6.2439e-05,-6.4149e-05,4.7381e-05,0.00030709,0.0001195,2.0619e-05,0.00011005,-7.2776e-06,0.00017916,6.3077e-05,0,-0.00012955,-9.2594e-05,1.3206e-05,2.3724e-05,0.00011371,0.00019373,0.000132,0.00024095,9.6413e-05,2.5511e-05,4.6491e-05,3.7605e-05,8.2794e-05,-2.5763e-05,6.8055e-05,-3.997e-05,-0.0001335,0.00018654,-9.1103e-06,0.00019022,0.0001201,0.00016787,0.00018723,-4.444e-05,0.00013121,0.00049357,0,0.00016507,1.6847e-05,6.6505e-05,0.00027391,0.00016238,1.4864e-05,3.6242e-05,0.00035586,3.2002e-05,1.4381e-05,3.0537e-05,-4.8482e-05,8.2871e-05,1.3253e-05,-3.1178e-06,7.3217e-05,-7.4995e-05,8.1354e-05,6.162e-05,0.0001418,4.7959e-05,-1.7869e-05,-0.00013245,4.2958e-05,0.00012407,0.0001166,7.3605e-05,2.6755e-05,-2.6471e-05,0.00017241,4.8567e-05,5.6655e-05,5.9979e-05,3.5017e-05,0.0001813,0.00014135,-3.1511e-05,-4.5014e-05,-3.642e-05,-0.0001585,0.00011823,9.9191e-05,3.0016e-05,4.111e-05,2.7028e-07,7.0629e-05,-6.2933e-06,0.00013822,-7.5296e-05,7.3076e-05,4.6757e-05,-2.8406e-05,6.0413e-05,-0.00013037,9.5507e-05,4.9366e-05,0.00011994,9.2044e-05,0.00014437,4.1173e-05,0.00025112,6.7532e-05,-1.2152e-05,0.00014779,0.0002086,0.00043529,-3.5738e-05,-1.3033e-05,6.0673e-05,6.3534e-05,9.6909e-05,0.0002044,0.0001205,-9.5184e-05,1.942e-05,3.103e-05,-2.5614e-05,0.00021855,0.0001316,-0.00012468,5.1812e-05,-3.1565e-05,2.6494e-05,0.00021271,0.00010686,0.00017036,1.4223e-05,0.00015329,0.00024397,-7.4785e-05,0.00017712,2.7223e-05,6.6292e-05,-0.00010765,0.00018288,0.00019305,0.0001951,1.2367e-05,-0.00016,-7.9933e-05,-1.4295e-05,2.5713e-05,0.00012379,4.923e-05,0.00013438,3.879e-05,9.4593e-05,-4.4477e-05,9.5232e-05,0.00010439,0.00010367,0.00025337,0.00014244,-2.2311e-05,4.427e-05,7.3749e-05,-0.00023477,3.7423e-05,0.00017092,-2.2817e-05,0.00051273,8.4094e-05,0.00026012,9.167e-05,-0.00010812,0.00015735,6.6924e-05,8.1151e-05,4.7229e-05,-5.0556e-05,2.6813e-05,0.00013681,0.0003852,0.00012029,3.1916e-05,0.00032433,0.0004052,-9.2133e-06,-8.1028e-05,3.8939e-05,0.00012031,2.8458e-06
0.00037487,-1.7856e-05,1.5959e-05,0.00029476,0.00043892,0.00054059,-8.2119e-05,0.00011141,0.00026942,3.3143e-05,7.2264e-05,-1.9655e-05,-4.1527e-05,0.0001195,8.7101e-05,9.0139e-06,8.3397e-05,-5.8535e-05,-2.4319e-05,0.00015488,5.4171e-05,-8.0493e-05,-2.6452e-05,0.000238,5.8977e-05,1.7106e-05,4.8148e-05,5.336e-05,0.00010588,0.00021191,0,-0.00011381,-7.0493e-05,-3.3779e-05,1.3021e-05,7.8532e-05,0.00011156,8.8569e-05,0.0002225,0.00017194,-4.6158e-05,4.3199e-05,2.0726e-05,5.6576e-06,-8.8375e-05,5.0831e-05,3.4747e-06,-0.00019604,0.00023945,0.00010769,0.0002149,-2.9127e-05,9.4919e-05,0.00010904,-4.5312e-05,0.0001807,0.00028998,0,0.00012422,-3.4737e-05,5.9744e-05,0.00011889,0.00016845,-3.0176e-05,8.643e-05,0.00034592,0.00013572,-2.5778e-05,3.563e-05,-9.6353e-05,-1.4693e-05,-8.2866e-06,-7.2197e-05,-5.253e-05,-0.00012885,-7.5754e-06,3.326e-05,9.7311e-05,7.4941e-05,-5.8526e-05,-9.9081e-05,-9.603e-05,4.7411e-05,5.2248e-05,2.7749e-05,2.9576e-06,-6.317e-05,0.00025718,4.9558e-05,7.4101e-05,3.0933e-05,2.8227e-05,0.00011058,9.571e-05,-5.5111e-05,-0.00010247,1.3407e-05,-0.00012991,0.00013034,8.0824e-05,3.8281e-05,4.7726e-05,-1.1944e-05,8.6068e-05,-2.4113e-05,0.00019103,-0.00010759,5.1557e-05,4.8294e-05,-8.1468e-05,6.1111e-05,-6.3667e-05,6.0878e-05,4.6494e-05,0.0003209,0.00010862,8.7147e-05,-8.2275e-06,0.00018394,4.9515e-05,-1.7512e-05,0.00019309,9.6473e-05,0.00032563,-3.535e-05,-9.6392e-05,3.684e-05,5.825e-05,6.9359e-05,0.00014395,5.4474e-05,-3.0926e-05,2.8164e-05,4.3697e-05,-4.3118e-05,0.00014753,8.9399e-05,-2.2057e-05,2.4332e-05,-1.493e-05,4.3988e-05,0.0001774,3.9239e-05,0.0001807,1.3544e-05,0.00019254,7.8066e-05,-7.496e-05,0.00012671,1.2995e-05,4.5986e-05,-0.00010222,0.00015043,0.00010536,0.00011534,1.2226e-05,-0.00021762,-9.8595e-05,-0.00015825,1.1841e-05,5.2916e-05,1.7779e-05,0.00018473,-3.7812e-05,9.4162e-06,-2.1966e-05,9.287e-05,0.00032335,8.2234e-05,0.00012461,1.3261e-05,-1.327e-05,1.6834e-06,0.00014551,-0.00032944,4.2545e-05,9.2224e-05,0.00011822,0.0004271,0.00010769,0.00015292,9.5613e-05,-0.0001284,0.00011597,4.6393e-05,9.6166e-05,-3.8722e-05,-7.481e-05,-3.7581e-06,0.00013747,0.00021823,8.0951e-05,5.2699e-05,0.00038485,0.00034207,-3.8305e-05,-2.697e-05,3.2084e-05,8.432e-05,-6.4665e-05
0.0011344,-6.0057e-05,6.5922e-05,0.0006968,0.00054059,0.003038,-0.00028781,0.00021765,0.00082103,0.00018818,0.00014582,0.00011697,-0.00023729,0.00026253,9.1248e-05,0.00015782,-3.3428e-06,-0.00027434,-5.1996e-05,0.00015115,0.00036644,-0.00022116,0.00028288,0.00069816,-5.6316e-05,6.6578e-05,6.7603e-05,-6.8562e-05,0.00052389,3.9327e-05,0,-0.00030506,-9.0835e-05,2.4672e-05,-7.5298e-05,0.00042761,0.00061347,0.00035221,0.00056092,0.00019584,1.8538e-06,8.6946e-05,5.3953e-05,0.00010357,-8.1423e-05,5.0369e-05,-5.9627e-05,0.00010104,0.00026002,0.0001108,0.0002099,3.4358e-05,0.00030691,0.00037527,1.4167e-05,0.00014018,0.00068258,0,0.00043771,-0.00028472,0.00019254,0.00058239,0.0002761,6.9787e-05,4.014e-05,0.00094607,8.0479e-05,-3.2294e-06,5.7213e-05,-8.3216e-05,0.00017219,8.3392e-05,5.6208e-05,0.00013387,-0.0002166,-6.71e-05,0.00011162,7.8343e-05,8.9629e-05,-0.00014928,-0.00077717,-0.00014386,-8.2363e-05,0.00017717,-5.3124e-05,-6.8319e-05,-2.6171e-05,0.00023456,1.582e-05,1.1431e-05,0.00010087,9.5034e-06,0.00055268,0.00014867,-6.0691e-05,-0.00012251,-6.5289e-06,-0.00015388,6.933e-05,6.3879e-05,2.929e-05,2.2129e-05,5.156e-05,0.00014029,-4.1432e-05,0.00011895,-0.00015522,6.6316e-05,-2.8377e-05,-0.00038646,0.00026668,-3.2901e-05,-0.00017036,0.00014019,-0.00047023,3.3843e-05,0.00025877,1.1568e-05,0.00069326,0.00010677,1.9217e-05,0.00020997,0.00045159,0.0013277,-0.00017244,1.7381e-05,-1.6455e-05,0.00024162,0.00020813,0.00030592,0.00019812,-6.1669e-05,-2.488e-05,-8.3732e-06,2.6379e-05,0.00045177,0.00039028,-0.00038376,2.1483e-05,-0.00010549,0.00019762,0.00040979,-5.3666e-05,0.00039569,-0.0001015,0.00025689,0.00074777,-0.00034305,0.00032566,0.0001302,8.1894e-05,0.00011484,0.00021999,0.0001501,0.00013234,0.00010434,-0.00097031,-0.00022235,-0.00016511,8.6499e-05,0.00012904,-5.3188e-05,0.00042974,7.1887e-05,4.6088e-05,-0.00020011,0.00012306,0.00016866,0.00022883,0.00070117,0.00015014,-2.7573e-05,0.00016612,3.716e-05,8.8891e-05,-0.00012929,0.00070203,-0.00015666,0.0011318,0.00010153,0.00041993,0.0002054,-0.00028963,4.4809e-05,2.6968e-05,2.4552e-05,4.6109e-05,-0.00016727,0.00017138,0.00014201,0.00081652,0.00012313,9.8951e-05,0.00022147,0.0011532,-0.00012673,-0.00016561,0.0001083,0.00016225,-6.5351e-05
-1.7586e-05,4.6117e-06,5.8038e-05,-3.0355e-05,-8.2119e-05,-0.00028781,0.00015091,1.0457e-05,-6.9685e-05,-2.9725e-06,5.3997e-06,-4.609e-05,7.1772e-05,-5.0847e-05,3.1822e-05,1.6099e-05,-3.8751e-05,2.9886e-05,1.2056e-05,-6.7756e-06,-4.6127e-05,8.2095e-06,-1.523e-05,7.0414e-06,8.5234e-05,4.2318e-06,4.0478e-05,-2.1827e-05,-2.1101e-05,6.1467e-05,0,1.0695e-05,-5.0979e-05,6.5329e-06,-2.6863e-05,-7.9343e-05,4.0578e-05,-1.6627e-06,-2.1092e-05,-6.0784e-05,8.8973e-06,-2.6072e-06,-3.0217e-05,1.4225e-05,3.3139e-05,-5.007e-05,-3.5721e-05,0.00012263,9.1351e-05,4.0151e-05,1.3061e-05,3.9856e-05,-2.4351e-05,-6.9484e-05,1.0605e-05,1.4126e-05,9.2009e-05,0,-2.2461e-05,5.0752e-05,-3.327e-05,8.9383e-05,-9.511e-06,-3.1809e-05,-1.5578e-05,5.5802e-05,-4.0593e-05,-2.138e-05,1.0759e-05,1.59e-05,4.9185e-05,-4.583e-05,4.055e-05,3.1253e-05,6.0342e-05,-1.6066e-05,1.4148e-05,1.1098e-05,-2.4589e-05,1.5359e-05,4.352e-05,2.7628e-05,-5.5279e-05,2.6405e-05,3.6746e-05,-2.4804e-05,-4.828e-05,-5.6096e-05,3.3405e-05,-2.6223e-05,6.1078e-06,-5.0138e-05,-2.684e-05,1.1913e-05,-2.4098e-05,-1.7972e-05,1.5373e-05,-3.3726e-05,-2.8149e-06,-5.7009e-05,-2.3564e-05,-3.1281e-05,-3.3647e-05,1.3786e-05,5.0443e-05,6.9019e-05,5.2796e-05,4.3397e-07,-3.43e-05,8.8698e-05,-1.5109e-05,-5.1656e-05,-1.0604e-05,-4.6144e-05,-3.3052e-05,7.9727e-06,6.9978e-05,-1.4168e-05,-9.8415e-05,9.2556e-06,-2.1759e-05,-8.365e-05,-1.5132e-05,-4.4871e-05,8.1502e-05,4.3676e-06,1.6508e-05,-3.3588e-05,3.2966e-05,-1.4901e-05,-6.1543e-05,-7.9462e-05,7.2605e-06,-1.758e-05,-2.4229e-05,-3.6699e-05,-3.0435e-05,8.3713e-06,1.5339e-05,2.9942e-06,1.4896e-05,1.6456e-05,-1.104e-05,-2.884e-05,-7.3842e-06,-5.6173e-05,7.0259e-05,6.9817e-05,-0.00014916,-4.192e-05,3.3898e-06,-2.2414e-05,-1.0407e-05,1.3609e-05,3.4461e-06,-3.3716e-05,0.00014178,1.7679e-05,8.5345e-05,1.4262e-05,6.4695e-06,7.0613e-06,-7.9573e-05,-6.6528e-06,4.8226e-05,3.9656e-05,-8.9097e-07,-7.0349e-05,5.9991e-06,5.5082e-06,-9.9411e-06,-2.5677e-05,-8.2891e-06,-2.1383e-05,0.00011842,2.9956e-05,-7.3242e-05,-4.1954e-05,4.4711e-05,-5.9714e-05,2.7612e-05,-1.5041e-08,3.4758e-06,2.7667e-05,-8.0083e-06,-2.3916e-05,5.8567e-06,2.9639e-05,-7.6721e-06,-1.7268e-05,5.6309e-05,1.3636e-05,-3.5145e-05,-5.5632e-05,-8.9395e-05,-1.8543e-05,-3.1816e-06,-3.6949e-06,3.2938e-06,1.3084e-05
0.00014625,8.168e-05,9.4639e-05,0.00016779,0.00011141,0.00021765,1.0457e-05,0.00048792,0.00012372,7.7232e-05,0.00010017,0.00013524,5.9821e-05,0.0001469,0.00011511,0.00010035,0.00025937,0.00014748,3.3635e-05,0.00019164,0.00017232,7.1311e-05,6.6773e-05,0.00016505,0.0001422,-2.8938e-06,5.1163e-05,6.2418e-05,0.00012998,-3.7887e-05,0,5.6374e-05,1.043e-05,9.1011e-05,-1.4865e-05,0.0001014,0.00019948,7.4489e-05,0.00018642,8.7334e-05,0.00010317,5.1829e-05,1.3593e-05,4.5912e-05,6.7231e-05,6.0196e-05,-4.4846e-05,-9.2561e-05,0.00012374,-4.0005e-05,0.00021257,0.00025909,0.00013678,0.00020543,9.2183e-05,6.8747e-05,0.00046323,0,0.00016499,6.484e-05,6.24e-05,0.00015449,0.0001364,4.4225e-05,0.00015706,8.4701e-05,3.6878e-05,9.1403e-05,5.2197e-05,5.1301e-05,7.3225e-05,0.00015443,-4.1786e-05,0.00012637,2.7412e-05,-0.00047261,4.2977e-05,0.00010774,3.083e-05,3.0956e-05,4.7367e-05,0.00010494,0.00015272,0.00014053,0.00010447,6.6404e-05,6.2372e-05,7.1342e-05,0.00014759,2.5612e-05,0.00013589,5.9478e-05,8.738e-05,0.00011524,3.5779e-06,6.5501e-05,3.4148e-05,8.8218e-05,-6.738e-05,0.00012191,0.00012847,0.00014585,7.7411e-05,-9.6795e-05,3.3823e-05,7.4941e-05,3.2528e-05,9.2204e-05,0.00010245,6.3869e-05,5.0016e-05,-3.9993e-05,7.0929e-05,0.00021627,0.00012098,0.00011746,0.00021215,8.9184e-05,0.0001262,1.1535e-05,-1.414e-06,0.00028119,0.00011867,0.00018653,6.6214e-05,-0.00012467,7.2448e-05,4.2968e-05,1.2779e-05,0.00011678,-0.00046046,-2.1185e-05,6.1207e-05,3.7317e-05,9.1056e-05,0.00016581,0.00015375,3.1494e-05,6.2283e-05,0.00013691,-1.4103e-05,9.5489e-05,8.3954e-05,0.00015971,0.00010439,0.00012912,9.6544e-05,3.8533e-05,0.00031111,4.6571e-05,4.9924e-05,-5.5308e-05,6.0695e-05,0.00018238,0.00018332,9.7777e-05,0.00010043,4.9217e-05,-5.8639e-06,0.00016974,0.00011572,0.00010725,0.00015384,0.0001282,8.5088e-05,-3.55e-06,0.00011293,-2.538e-05,8.6708e-05,0.00016071,0.00017154,6.858e-05,6.2474e-05,7.128e-05,-0.00014796,4.7835e-05,0.00012281,0.00021053,0.00012266,0.00017418,0.00013697,0.00010783,8.8308e-05,7.4742e-05,-5.165e-05,7.4121e-05,0.0001268,2.2878e-05,1.5027e-05,0.00014244,0.00023792,0.00011834,1.4653e-05,-4.3484e-05,0.00010687,7.4634e-05,-6.8032e-05,0.00017282,0.00010069,-4.4597e-06
0.00044405,-2.8306e-05,4.1382e-05,0.00029439,0.00026942,0.00082103,-6.9685e-05,0.00012372,0.0004031,4.1352e-05,8.5308e-05,7.0808e-05,-7.2615e-05,0.00011416,4.7746e-05,1.7431e-05,7.8105e-05,-0.00012299,-3.1616e-05,0.00015518,0.00013338,-0.00010813,7.5195e-05,0.00022583,3.8041e-05,7.5107e-05,4.9273e-05,-6.0563e-05,0.00010687,9.3086e-05,0,-0.00016169,-4.7182e-05,-1.6639e-05,-4.242e-05,0.00015212,0.00018787,0.00015786,0.00020106,9.0181e-05,2.0174e-05,-9.0302e-07,1.236e-05,4.6697e-05,-2.8174e-05,3.8358e-05,-2.2897e-05,2.3163e-05,0.00022699,0.00013253,0.00022424,0.00011779,0.00016677,0.00015655,8.0138e-06,9.3694e-05,0.00037279,0,0.00016818,-3.6485e-05,5.521e-05,0.00019538,0.00018963,8.5248e-06,0.00012242,0.00040036,3.1415e-05,-9.3998e-06,2.983e-05,-6.2258e-05,3.0937e-05,4.2038e-05,-1.5674e-05,4.5718e-05,-0.00010192,6.5636e-05,3.3692e-05,0.00010729,8.0972e-05,-5.9318e-05,-0.0002454,-6.0406e-05,0.00012756,9.594e-05,-1.5646e-05,-1.1331e-05,6.9761e-05,0.00023314,3.8605e-05,6.2635e-05,7.9884e-05,-1.6688e-06,0.00024839,7.3625e-05,-2.7018e-05,-0.00010773,3.6364e-06,-3.1351e-05,2.3452e-07,2.1716e-05,2.1542e-05,-6.473e-05,5.123e-05,8.8888e-05,8.4108e-06,0.00016552,-8.3039e-05,3.7631e-05,3.8427e-05,-9.877e-05,7.9684e-05,-7.7891e-05,-6.4167e-05,4.3981e-05,0.0001194,9.0427e-05,0.00012423,1.5809e-05,0.00026721,4.8236e-06,1.4561e-05,0.00015838,0.0001425,0.00042985,-9.8257e-05,-0.0001654,1.6926e-06,6.5123e-05,4.4744e-05,0.00011676,5.5793e-05,-2.8212e-05,1.4501e-05,1.294e-05,-2.7162e-05,0.00019445,8.2955e-05,-0.00013537,2.1382e-05,-4.5724e-05,6.1019e-05,0.00018359,6.2132e-05,0.00021222,-1.0657e-05,0.00015465,0.00015501,-0.00010381,0.00019949,3.0494e-05,-1.2142e-05,-0.00010249,0.00012379,0.00011506,9.1624e-05,1.1573e-05,-0.00024146,-9.8004e-05,-0.00011839,1.9035e-05,6.1886e-05,2.5951e-05,0.0002064,2.3645e-05,3.9448e-05,-3.8822e-05,8.9585e-05,0.00010481,6.1394e-05,0.00024401,6.0723e-05,-4.3438e-05,4.5954e-05,0.00015127,6.3628e-05,-7.8306e-06,0.00024314,8.2482e-05,0.00033748,2.8722e-05,0.0001653,5.9739e-05,-0.00012339,8.6344e-05,4.1719e-05,4.5103e-05,-2.0185e-06,-8.06e-05,4.8695e-05,7.5581e-05,0.00027657,6.2076e-05,5.302e-05,0.00025144,0.00044186,-6.4719e-05,-8.7786e-05,7.6499e-05,6.0912e-05,-1.4887e-05
6.9036e-05,1.0625e-05,1.1403e-05,5.182e-05,3.3143e-05,0.00018818,-2.9725e-06,7.7232e-05,4.1352e-05,8.3005e-05,3.8994e-05,8.0012e-05,3.9309e-05,4.3685e-05,1.9625e-05,2.934e-05,1.9628e-05,9.7176e-07,2.2193e-05,2.7902e-05,1.6212e-05,1.4517e-05,3.7246e-05,4.1603e-05,4.5063e-05,2.3992e-05,4.0235e-05,3.0813e-05,3.8403e-05,4.9211e-05,0,7.4853e-06,-1.5118e-05,2.8633e-05,2.774e-05,1.2593e-05,1.7053e-05,6.6894e-05,5.8595e-05,3.3047e-05,1.4548e-06,3.2511e-05,-1.3131e-06,-8.9609e-07,1.5095e-05,3.4752e-05,-1.7394e-05,5.3698e-05,5.607e-05,6.5628e-05,1.4706e-05,1.972e-05,2.2539e-05,5.4761e-05,4.6719e-06,2.0415e-05,2.415e-05,0,7.0286e-05,-1.4713e-05,2.971e-05,6.211e-05,7.3736e-05,3.6703e-05,3.4299e-05,0.00010473,-1.2487e-05,3.3705e-05,1.6223e-05,2.1051e-05,4.3122e-05,6.4981e-05,9.7481e-06,5.1032e-05,1.4245e-05,-7.9889e-05,8.8753e-06,3.5551e-05,4.1556e-05,-2.366e-06,7.1536e-06,2.5925e-05,1.7187e-05,5.9125e-05,3.0764e-05,2.9467e-05,9.4895e-06,3.1168e-05,2.2746e-05,2.6359e-05,5.2875e-05,-2.9066e-05,7.168e-05,4.6321e-05,-9.863e-06,5.2752e-06,2.7301e-06,3.5157e-05,-2.8323e-05,4.1214e-06,4.694e-05,5.1019e-05,7.6562e-06,3.4103e-05,1.9176e-05,-1.5313e-05,1.2083e-05,3.0904e-05,2.3185e-05,-3.2406e-06,4.9838e-05,-2.3139e-05,-2.2873e-05,4.9314e-05,-0.00011596,3.6799e-05,9.5624e-06,4.4247e-05,6.386e-05,1.2838e-05,-9.5791e-06,0.00011257,5.1437e-05,7.6802e-05,1.2992e-05,3.4494e-05,2.4322e-05,3.2014e-05,8.0637e-06,3.1503e-05,-2.2665e-05,3.89e-05,1.1388e-05,2.2841e-05,1.1223e-05,6.5113e-05,3.0491e-05,2.0711e-05,1.6369e-05,2.1255e-05,2.6885e-05,9.4832e-06,5.4127e-06,8.6899e-05,2.3236e-05,6.1839e-05,5.6065e-05,2.7e-05,1.6659e-05,2.6845e-05,2.5602e-05,-5.9916e-06,4.7674e-05,4.9701e-05,4.842e-05,1.0755e-06,-2.54e-05,2.2761e-05,5.1593e-05,5.4064e-05,3.1948e-05,2.7813e-05,3.9298e-05,1.5882e-05,7.0085e-06,2.5283e-05,4.8199e-05,3.687e-05,2.7091e-05,7.6323e-05,4.3528e-05,1.8508e-05,3.5584e-05,1.6505e-05,-0.00011331,5.1099e-06,3.2482e-05,2.5407e-05,-2.0396e-05,8.1529e-05,8.7699e-05,2.2856e-05,9.1814e-06,-1.4547e-05,8.2802e-06,7.1205e-06,7.9554e-06,4.1899e-06,2.5471e-05,5.7032e-05,0.00010561,1.3429e-05,2.3733e-05,3.3779e-05,4.3888e-05,3.0823e-05,-6.0667e-05,4.8469e-05,6.1613e-05,-1.0185e-05
0.00012329,3.3936e-05,4.6834e-05,0.00012043,7.2264e-05,0.00014582,5.3997e-06,0.00010017,8.5308e-05,3.8994e-05,9.6057e-05,5.0733e-05,6.5746e-05,5.5789e-05,2.0186e-05,3.7289e-05,4.3587e-05,1.7449e-05,6.8284e-06,0.00010544,5.2666e-05,3.4394e-05,-1.7622e-05,6.9402e-05,5.0573e-05,5.8854e-05,7.0985e-05,3.2234e-05,6.9274e-05,6.4083e-05,0,8.9695e-06,1.4766e-06,3.8624e-05,1.6288e-05,4.0122e-05,-4.1224e-07,6.0437e-05,8.3364e-05,8.7395e-06,5.2648e-05,4.0865e-05,1.3661e-05,4.0615e-05,2.9682e-05,6.337e-05,-2.0581e-05,-7.1312e-05,3.8203e-05,-3.004e-05,7.3072e-05,0.00011063,5.757e-05,9.0547e-05,2.6084e-05,1.4618e-05,0.00016901,0,6.6091e-05,2.5644e-05,2.4435e-05,7.0375e-05,9.1907e-05,6.5042e-06,6.6819e-05,0.00010637,-9.3056e-06,4.3275e-05,-7.8616e-06,1.1028e-05,4.7795e-05,6.5528e-05,5.1189e-05,3.3648e-05,4.9204e-06,-3.0572e-05,2.8589e-05,6.6294e-05,3.5733e-05,3.2577e-05,1.9791e-05,5.3283e-07,8.4562e-05,6.9017e-05,7.0126e-05,4.2952e-05,7.2312e-05,6.7457e-05,6.5749e-05,3.3057e-05,6.384e-05,2.6517e-05,5.6438e-05,9.3197e-05,-4.398e-06,5.8977e-05,6.3383e-06,-2.7369e-06,-2.4672e-06,5.7189e-05,4.0684e-05,3.3136e-05,3.2552e-05,2.6798e-05,4.3646e-05,4.5239e-05,1.3676e-06,3.9122e-05,4.6802e-05,2.7469e-05,2.505e-05,-5.27e-05,1.1753e-05,8.7854e-05,-1.6311e-05,5.7361e-05,2.0389e-05,5.8888e-05,5.4887e-05,6.6719e-06,9.9588e-06,0.00017709,7.9723e-05,9.8338e-05,9.7751e-06,-2.8775e-05,4.4073e-05,1.9003e-05,3.603e-05,7.8908e-05,-1.3515e-05,5.2707e-05,-9.6887e-06,1.7531e-05,-7.2279e-06,7.79e-05,2.7028e-05,5.2508e-06,4.2474e-05,2.172e-05,2.4344e-05,4.9986e-05,4.101e-05,0.00011772,5.2644e-05,9.2399e-05,4.5487e-05,1.9486e-05,9.4622e-05,3.598e-05,-5.3227e-06,-4.3724e-05,5.8839e-05,0.00011427,0.00010157,3.2328e-07,1.8035e-05,1.0404e-05,7.0105e-05,5.3702e-05,7.7593e-05,4.1137e-05,3.4248e-05,3.9594e-05,8.6553e-06,2.3017e-05,6.3517e-05,1.8924e-05,1.5688e-05,8.3754e-05,0.00010036,1.5925e-05,2.5952e-05,3.6055e-05,6.4822e-05,2.3055e-05,7.9298e-05,4.7821e-05,0.00010402,9.1522e-05,8.1946e-05,4.0446e-05,3.0089e-05,4.3711e-05,2.5035e-05,1.7326e-05,1.8567e-05,1.3917e-05,7.1786e-07,6.6224e-05,0.00015108,6.3078e-05,2.7284e-05,0.00014364,8.2314e-05,2.3743e-05,-7.6228e-05,7.3779e-05,0.00010731,4.8267e-05
9.2592e-05,4.2881e-05,2.7377e-05,1.1044e-05,-1.9655e-05,0.00011697,-4.609e-05,0.00013524,7.0808e-05,8.0012e-05,5.0733e-05,0.00034524,1.2955e-05,6.2533e-05,-1.1822e-05,4.2315e-05,0.00015405,9.5213e-05,4.7937e-05,9.3282e-05,-1.2847e-05,0.00010191,7.3546e-05,7.6603e-05,-3.9154e-05,8.0724e-05,2.044e-05,-1.4043e-06,3.0761e-05,2.9519e-06,0,9.8493e-05,0.00010797,9.1692e-05,7.9134e-06,6.3651e-05,6.8804e-05,0.0001612,9.7028e-05,4.381e-05,6.6912e-05,1.8723e-05,2.9331e-05,-4.9863e-06,6.8893e-05,9.382e-05,3.5478e-05,0.00011731,0.0001,8.2181e-05,6.5272e-05,0.00012928,5.4646e-05,0.00010837,2.6699e-05,-5.6035e-06,-6.4094e-05,0,9.2455e-05,1.2796e-05,4.5846e-05,8.6682e-05,0.00012136,6.5397e-05,0.00013161,0.00024151,-2.7187e-05,0.00013285,3.0739e-05,5.6078e-05,4.2563e-05,0.00013239,-8.4106e-06,0.00015097,8.4276e-05,1.314e-05,-2.7361e-05,4.5005e-05,0.00010589,3.721e-05,7.1841e-05,6.3335e-06,0.0001219,-1.3004e-05,3.5852e-05,3.5842e-05,0.00030289,8.9394e-05,3.4731e-05,8.8023e-05,9.3281e-05,5.5728e-05,0.0001263,7.4657e-05,6.1443e-05,0.00012647,5.7458e-06,7.824e-05,-0.00013044,3.0116e-05,0.00010386,2.0905e-05,9.9928e-05,-1.2059e-06,3.9257e-05,-5.6382e-05,6.7968e-05,2.6328e-05,4.0563e-05,-1.6477e-05,7.2693e-05,8.4232e-06,-0.00013549,7.0506e-05,-0.00010564,6.2071e-05,9.6931e-05,0.00010971,9.8081e-05,1.9059e-05,5.4893e-05,0.00023138,3.6749e-05,5.6207e-05,-4.1193e-05,-3.8283e-05,1.9293e-05,7.0269e-05,2.1247e-05,-8.1311e-06,4.6401e-05,4.8235e-05,8.9558e-07,4.6438e-05,4.2094e-05,7.7581e-05,3.2595e-05,3.3994e-05,4.4807e-05,5.2976e-05,-3.558e-05,-6.1394e-06,4.7888e-05,0.00020335,4.1324e-05,0.00011489,4.1251e-05,7.6953e-05,0.00019765,7.7041e-05,2.8546e-05,-1.6372e-06,6.3863e-05,9.9273e-05,7.3241e-05,4.0845e-05,0.00021407,7.5633e-05,-7.1304e-06,7.9084e-05,3.8591e-05,4.9627e-05,4.9869e-05,0.00013419,3.4631e-05,5.9577e-06,8.311e-05,-0.00013382,7.3865e-05,3.5149e-05,6.5464e-05,2.6767e-05,8.5194e-05,3.7479e-05,-6.9581e-05,-1.3241e-05,7.3797e-05,0.00014197,-9.6303e-05,0.00012658,2.4591e-05,1.3062e-05,0.00010585,-6.9304e-05,3.917e-05,2.9366e-05,5.4314e-05,6.0004e-06,8.0766e-05,5.5121e-05,-8.3616e-05,1.9388e-05,3.0553e-05,0.00019223,4.8073e-05,5.5365e-05,-4.567e-05,0.00011148,0.00010744,7.7951e-05
-6.4005e-05,6.2955e-05,3.3659e-05,5.2624e-05,-4.1527e-05,-0.00023729,7.1772e-05,5.9821e-05,-7.2615e-05,3.9309e-05,6.5746e-05,1.2955e-05,0.00023352,3.4661e-06,5.6748e-05,8.4847e-05,-1.8707e-05,7.5674e-05,5.441e-05,0.0001027,-7.8106e-05,7.8873e-05,-1.3582e-05,2.5416e-05,0.00013522,5.716e-05,5.7236e-05,4.5688e-05,5.1828e-05,2.1001e-05,0,5.5408e-05,-3.4863e-05,7.5003e-05,2.9998e-05,-3.2202e-06,-1.5412e-05,4.3878e-05,4.131e-05,-6.8888e-05,5.4548e-05,5.8359e-05,5.3426e-05,4.7577e-05,4.8445e-05,4.6405e-05,-3.9993e-05,-9.8249e-05,0.00018056,-0.00013767,-3.0405e-05,0.00011047,-5.47e-05,-1.6201e-05,-3.7013e-05,-7.1343e-05,0.00021967,0,3.6064e-07,6.9144e-05,-6.6628e-06,6.0822e-05,4.484e-05,-1.4087e-05,1.9623e-05,3.4204e-05,-6.4129e-05,3.8088e-05,4.1277e-06,4.1629e-05,0.00011444,4.1003e-05,9.6126e-05,4.6399e-05,9.474e-05,0.00012389,1.8699e-05,3.012e-05,-1.5319e-05,5.0943e-05,0.00010293,6.1324e-05,4.1242e-05,0.000107,6.3464e-05,6.3339e-05,-1.5759e-05,-4.538e-05,4.2503e-05,2.0538e-05,6.1812e-05,2.7295e-06,-3.6254e-05,8.0199e-05,-1.3839e-05,8.3871e-05,-2.3472e-06,-5.3725e-05,-4.7937e-05,2.6963e-05,2.4196e-06,-8.3229e-06,-2.4558e-06,7.6761e-05,6.4136e-05,9.8876e-05,8.2881e-05,6.1637e-05,-2.5052e-05,8.607e-05,-2.1009e-06,-1.7344e-05,-1.5505e-05,2.8166e-05,-0.00026145,6.0069e-05,-4.8392e-05,7.234e-05,-3.2013e-05,3.2845e-05,-2.1829e-05,5.0963e-05,6.3975e-05,-6.2253e-05,3.993e-05,2.481e-05,6.4567e-05,1.3061e-05,4.3752e-05,6.8657e-05,0.00011878,8.2951e-05,-2.0255e-05,8.8187e-06,2.8843e-05,-1.3599e-05,-1.6491e-05,1.4282e-05,5.5864e-05,-1.0558e-05,-2.1916e-06,-2.9734e-05,3.3082e-05,3.0648e-05,4.2416e-05,-1.8247e-05,-2.0832e-07,7.8162e-05,4.7089e-05,1.1489e-05,4.6858e-05,-9.3101e-07,3.646e-05,9.7236e-05,0.00011803,9.0495e-06,0.00018142,7.2385e-05,0.00014411,2.7209e-05,8.2521e-05,-2.5586e-06,-8.2361e-05,2.0075e-05,4.2611e-05,3.3218e-05,3.5272e-05,-2.3493e-05,3.865e-05,3.212e-05,0.00010911,4.4319e-05,2.8955e-05,-1.491e-05,-2.7063e-05,6.1415e-05,-9.9214e-05,-4.3187e-06,2.3712e-05,-8.9946e-07,9.3196e-05,3.3952e-05,7.2283e-05,2.6148e-05,4.2106e-05,-5.0117e-05,6.5608e-05,4.1155e-05,5.2396e-06,4.0146e-05,0.00024454,9.6428e-05,-6.2343e-06,9.8515e-05,-8.2393e-05,5.9249e-05,1.4218e-06,1.3937e-05,5.7707e-05,2.7817e-05
0.00021782,-1.1851e-05,6.1183e-06,0.00013737,0.0001195,0.00026253,-5.0847e-05,0.0001469,0.00011416,4.3685e-05,5.5789e-05,6.2533e-05,3.4661e-06,0.00014266,6.3509e-05,3.0082e-05,0.00013082,3.3832e-05,1.9379e-05,0.00013816,4.9962e-05,1.383e-05,8.2624e-05,6.8216e-05,8.537e-05,4.0797e-05,2.3417e-05,5.1779e-05,7.4409e-05,2.5851e-05,0,1.7236e-05,-2.0234e-05,-3.526e-06,4.3319e-05,4.8545e-05,3.4538e-05,6.8778e-05,0.00012378,7.403e-05,1.5986e-05,4.0997e-05,1.8848e-05,3.5977e-05,2.5075e-06,0.00010228,2.7695e-06,-0.00013897,3.1165e-05,-4.9992e-05,0.00015729,7.2193e-05,0.00013054,0.00012793,5.5632e-05,5.2613e-05,0.00021731,0,8.6496e-05,1.4017e-05,7.9978e-05,5.4409e-05,9.458e-05,6.4736e-05,6.8454e-05,0.00010699,3.9196e-05,4.5401e-05,3.2184e-06,5.8526e-06,4.6067e-05,0.00011977,-2.4454e-05,3.7079e-06,-2.2535e-05,-3.3202e-05,3.0013e-05,8.1937e-05,6.6071e-06,2.1528e-05,1.0665e-05,5.3995e-05,0.00015113,5.6242e-05,3.5766e-05,2.3366e-05,0.00013353,4.3987e-05,4.3816e-05,6.3864e-05,8.015e-05,9.1793e-05,8.2129e-05,8.5479e-05,1.6314e-06,-4.9208e-06,8.6655e-06,1.335e-06,1.684e-05,8.1483e-05,9.9231e-05,0.00010036,3.0839e-05,1.0894e-05,-3.1446e-05,-2.6495e-06,-3.2169e-05,3.5839e-05,5.8834e-05,1.9796e-05,5.8682e-05,-9.3854e-06,5.244e-05,0.00011978,8.2665e-05,6.4643e-05,6.282e-05,4.3799e-05,0.00014649,-1.1951e-05,7.2535e-07,0.00018319,7.7756e-05,0.00016453,1.0302e-05,-2.3202e-05,3.8484e-05,5.0795e-05,1.8324e-05,0.00010146,-3.2798e-05,9.5818e-06,7.6611e-07,5.205e-05,-5.5479e-06,0.00013039,9.2275e-05,-3.8099e-06,1.8516e-05,4.0344e-05,1.6961e-05,6.652e-05,2.5735e-05,9.8057e-05,6.4488e-05,0.0001193,3.3919e-05,3.6366e-06,0.00014105,5.5866e-05,4.674e-05,1.0362e-05,7.2764e-05,8.5854e-05,7.7353e-05,3.3607e-05,-2.4295e-05,-1.3688e-05,-4.3647e-05,6.8933e-05,5.4958e-05,3.9344e-05,0.00012894,1.6753e-05,6.8189e-05,3.1402e-05,6.2018e-05,8.0095e-05,3.4325e-05,9.701e-05,7.9979e-05,2.5591e-05,3.5911e-05,6.143e-05,-0.00018517,-1.3553e-05,0.00013417,4.1047e-05,9.5436e-05,0.00015924,0.00012232,5.8305e-05,3.1573e-05,4.3619e-05,4.1084e-05,5.923e-05,1.6563e-05,-2.33e-05,1.2083e-05,5.8373e-05,0.00018923,5.2689e-05,3.4178e-05,9.384e-05,0.00016477,1.9046e-05,-4.504e-05,9.8643e-05,7.4521e-05,2.2541e-05
6.4222e-05,-1.6125e-05,2.5067e-05,0.00016886,8.7101e-05,9.1248e-05,3.1822e-05,0.00011511,4.7746e-05,1.9625e-05,2.0186e-05,-1.1822e-05,5.6748e-05,6.3509e-05,0.00035483,1.2275e-05,3.6816e-05,0.00011622,2.2577e-05,6.7879e-05,1.864e-05,1.7996e-05,0.00017486,3.3054e-05,0.00021877,2.3875e-05,3.1186e-05,-1.5961e-05,3.2791e-05,-2.0187e-05,0,-2.7401e-05,7.9725e-06,2.6786e-05,3.4531e-05,5.1751e-06,0.00017038,2.6319e-05,2.1951e-05,-7.2228e-06,-7.8448e-06,1.3847e-05,-9.0937e-06,6.4233e-05,4.9228e-07,3.2762e-05,-1.1329e-05,-0.00015421,8.38e-05,-0.00018479,0.00012612,8.0123e-05,3.8513e-06,6.4927e-05,1.6024e-05,5.6053e-05,0.00011706,0,7.5175e-05,3.8547e-05,3.0769e-05,0.00010544,5.8194e-05,-3.5407e-06,2.0906e-05,5.772e-05,4.0277e-05,6.0898e-05,1.7576e-05,1.5508e-06,8.7167e-05,5.7022e-05,-9.215e-05,-3.7765e-05,1.8675e-05,0.00017211,-1.402e-05,6.9021e-05,3.261e-05,1.186e-05,-6.2684e-05,0.00016464,7.847e-05,2.8347e-06,9.8784e-05,5.5128e-06,4.2966e-05,5.6999e-05,5.0894e-05,5.4676e-05,0.00011343,8.9433e-05,3.5369e-07,8.6642e-05,-3.4568e-05,1.4428e-05,-4.7557e-06,0.00010767,2.5888e-05,4.3758e-05,2.2759e-05,-4.4218e-05,-9.8675e-06,5.6023e-05,-6.3492e-05,7.6859e-05,1.7064e-05,5.6884e-05,4.1744e-05,1.6328e-05,4.6885e-06,-2.8003e-05,1.274e-05,-6.0681e-05,4.4856e-06,4.0118e-05,0.00010979,-5.0313e-06,9.618e-05,6.4279e-06,-4.5302e-05,-0.00011198,9.4125e-05,5.1065e-05,0.00010634,0.00010341,5.6155e-05,4.472e-05,5.9121e-05,0.00012579,0.00012613,-0.00026129,-8.0422e-06,2.5162e-05,-4.7026e-05,0.00016162,5.3082e-05,3.051e-05,4.2978e-06,-4.5077e-06,0.0001263,4.1146e-05,5.4088e-05,-4.1972e-05,1.0556e-05,-5.1519e-05,0.00015019,-9.4724e-06,7.9054e-05,-1.0904e-05,6.7532e-05,-0.00010514,4.5663e-05,0.00010069,0.000146,-1.0111e-05,-5.4064e-05,8.2764e-07,0.00015035,-1.9944e-05,7.0686e-05,7.2588e-05,1.2506e-05,4.4085e-06,0.00015515,5.8652e-06,3.4905e-05,6.1264e-05,4.7099e-05,0.00018327,8.8522e-05,-3.437e-05,1.416e-06,3.2198e-05,0.00014065,1.2131e-05,8.1801e-05,2.7288e-05,3.0579e-05,3.1833e-05,0.00011542,5.6475e-06,2.8243e-05,0.00010788,1.5047e-05,2.6847e-05,5.5435e-05,2.3129e-06,-1.8584e-05,4.9219e-05,0.00015258,9.567e-05,2.8211e-05,-1.684e-05,0.00011659,2.9583e-05,3.5829e-05,4.5097e-05,6.4304e-05,2.6071e-06
7.5069e-05,5.3782e-05,2.868e-05,7.1385e-05,9.0139e-06,0.00015782,1.6099e-05,0.00010035,1.7431e-05,2.934e-05,3.7289e-05,4.2315e-05,8.4847e-05,3.0082e-05,1.2275e-05,9.1587e-05,1.2241e-05,5.4854e-05,3.3251e-05,4.9425e-05,6.2169e-06,3.8629e-05,1.1777e-05,0.00010216,3.9204e-05,1.5962e-05,1.2409e-05,2.0993e-05,9.0687e-05,-2.7331e-05,0,2.8104e-05,-2.4052e-05,5.2894e-05,-8.1329e-06,4.2945e-05,9.6894e-05,6.2989e-05,9.9487e-05,-3.0923e-05,5.7257e-05,5.1416e-05,4.2945e-05,3.3128e-05,3.1838e-05,2.2775e-05,-2.2538e-05,-2.759e-05,0.00011582,-9.5523e-05,1.8798e-06,8.1401e-05,-1.2787e-05,3.181e-05,1.1008e-05,-1.6893e-05,0.0001719,0,4.3951e-05,1.9798e-05,8.9727e-06,0.00011826,4.0129e-05,1.9896e-05,-1.8566e-05,8.7107e-05,-1.9812e-05,2.3111e-05,2.973e-05,2.751e-05,8.7803e-05,2.9291e-05,8.7631e-05,6.2471e-05,4.3648e-05,1.4304e-05,8.4854e-06,2.8914e-05,-1.089e-05,2.2077e-05,1.5203e-05,1.0297e-05,-1.2221e-05,4.8753e-05,2.3685e-05,1.9187e-05,9.5307e-06,-5.3214e-05,2.38e-05,3.6451e-06,4.3157e-05,1.378e-05,3.1906e-05,5.53e-05,7.3752e-06,4.0383e-05,8.1147e-06,-6.2243e-05,-1.6805e-05,4.1152e-05,3.398e-05,3.389e-05,1.0159e-05,1.9244e-05,3.7244e-05,2.4206e-05,4.1292e-05,4.7416e-05,-4.6433e-05,2.1308e-05,2.678e-05,1.9436e-05,-2.8969e-05,5.8237e-05,-0.00023712,2.5415e-05,5.7873e-05,4.5868e-05,4.1409e-05,4.5497e-05,1.0765e-06,6.2399e-05,6.9084e-05,0.00012854,3.0232e-05,-1.9976e-06,2.9322e-05,4.1983e-05,5.9071e-05,6.1639e-05,3.5442e-05,3.2291e-05,6.1466e-06,4.101e-06,5.4448e-05,1.248e-05,6.107e-05,-3.2513e-05,4.0554e-05,2.038e-05,-1.1141e-05,1.9409e-05,1.3668e-06,4.5154e-05,1.257e-05,1.2831e-05,0.00010084,2.8006e-05,9.791e-05,2.9647e-05,2.9972e-05,3.5232e-05,3.6879e-05,6.7892e-05,7.393e-05,5.1076e-05,5.1059e-05,2.9997e-05,4.0523e-05,4.6747e-05,5.0754e-05,-1.0647e-05,6.012e-06,4.9483e-05,3.6967e-05,-1.7326e-05,2.612e-05,-7.7715e-05,6.3317e-05,7.3712e-05,7.2053e-05,3.4508e-05,4.7381e-05,-4.1648e-05,-8.0877e-05,1.4184e-05,1.6059e-06,-1.4736e-05,0.00014298,2.706e-05,8.1776e-05,4.5904e-05,2.8522e-05,1.596e-05,2.1945e-05,-1.7921e-05,7.2248e-05,1.1574e-05,3.7057e-05,1.5487e-05,0.00017531,6.0602e-05,-1.7541e-05,3.2323e-05,5.7108e-05,2.1212e-05,2.0366e-05,3.2748e-05,4.1977e-05,2.3387e-05
0.00015867,-2.9372e-05,5.2271e-06,4.3904e-05,8.3397e-05,-3.3428e-06,-3.8751e-05,0.00025937,7.8105e-05,1.9628e-05,4.3587e-05,0.00015405,-1.8707e-05,0.00013082,3.6816e-05,1.2241e-05,0.00032424,0.00012166,1.4721e-05,0.0001627,-2.8209e-05,0.00011547,2.4393e-05,5.9555e-05,1.8979e-05,3.315e-05,5.1145e-05,3.8206e-05,1.2782e-05,8.8192e-06,0,0.0001157,4.4606e-05,-3.4577e-06,7.928e-06,2.5188e-05,4.9117e-05,1.8943e-05,0.00010559,9.4291e-05,4.0481e-05,-6.4152e-06,3.9399e-07,-1.4189e-05,2.9536e-05,8.1602e-05,2.2659e-05,-8.8286e-05,3.6353e-05,2.0113e-05,0.00023407,0.00014232,0.00015689,0.00013576,6.2185e-05,1.787e-05,0.00025217,0,6.726e-05,7.1781e-05,5.5725e-05,4.6009e-05,5.3069e-05,5.4437e-05,0.00015658,7.1014e-05,7.4953e-05,9.0314e-05,-7.0704e-06,2.6741e-05,2.9749e-05,0.00015532,-7.2361e-05,4.1458e-05,-9.5211e-06,-0.00019992,1.8838e-07,5.1144e-05,-2.3448e-05,2.5697e-05,0.00011815,4.7429e-05,0.00024111,4.4303e-05,4.1501e-05,3.56e-05,0.00020294,8.1381e-05,5.4807e-05,6.6336e-05,2.0305e-05,0.00011814,4.6533e-05,5.8734e-05,3.1962e-05,9.1006e-05,1.9731e-05,6.6745e-05,-7.2457e-05,9.5906e-05,0.00013637,0.00018724,7.1264e-05,-4.0401e-05,-2.5779e-05,-1.8736e-06,6.9223e-06,-5.5807e-06,5.9576e-05,3.42e-05,4.5778e-05,2.6026e-05,3.4949e-05,0.00014201,0.00022441,6.9181e-05,0.00014014,3.3291e-05,2.4741e-05,-3.1205e-05,-3.128e-06,0.00020452,-1.9915e-07,6.3011e-05,-4.0523e-05,-0.00013485,2.1086e-05,2.5905e-05,-1.616e-05,2.4292e-05,-0.00023713,-7.6478e-05,1.0005e-05,6.1673e-05,-3.3476e-07,0.00010537,5.1477e-05,7.6289e-05,1.8156e-05,9.3236e-05,-6.4901e-05,7.2795e-05,2.2667e-05,0.00011805,9.5066e-05,0.00014903,-3.1146e-05,4.0733e-05,0.00023019,4.7874e-05,3.8525e-05,7.3419e-05,-3.3269e-06,8.5045e-05,6.5844e-05,5.2338e-05,0.00011675,1.8486e-05,-9.1821e-05,9.4373e-05,1.3717e-05,4.6662e-05,0.00012672,7.4722e-05,9.2468e-05,4.1463e-05,7.4894e-05,5.7777e-05,3.4446e-05,1.1792e-05,5.4603e-05,4.6176e-05,1.0996e-05,9.6439e-05,-6.8611e-05,-5.2963e-06,0.00010762,0.00019655,0.00011297,0.00019767,-1.4665e-05,2.3129e-05,0.00013637,5.348e-06,2.0475e-06,7.1458e-05,1.5078e-05,-1.9342e-05,-9.6774e-06,5.713e-05,3.5908e-05,2.7508e-05,5.0234e-05,0.00014291,7.4053e-05,4.4464e-05,-7.2766e-05,0.00013908,5.5998e-05,-1.7945e-05
-0.0001294,5.4531e-05,-4.886e-06,-4.8505e-05,-5.8535e-05,-0.00027434,2.9886e-05,0.00014748,-0.00012299,9.7176e-07,1.7449e-05,9.5213e-05,7.5674e-05,3.3832e-05,0.00011622,5.4854e-05,0.00012166,0.00031992,8.575e-05,7.1248e-05,-2.0445e-05,0.00023696,6.384e-05,-5.4015e-06,3.8112e-05,1.5704e-05,6.1523e-05,7.2403e-05,-4.3676e-05,-9.3594e-05,0,0.00025894,9.2e-05,0.00012091,1.9544e-05,-7.6907e-06,5.9931e-05,5.0383e-06,-6.5613e-05,1.8237e-05,6.4543e-05,7.0942e-05,4.2875e-05,1.5644e-05,0.00010328,4.7542e-05,6.5861e-06,-0.00012193,3.331e-05,-0.00030804,4.4385e-05,0.00013069,-7.4956e-05,4.628e-05,2.9287e-05,-2.6959e-05,-8.3726e-05,0,-2.1606e-05,8.3759e-05,-5.8951e-05,2.8223e-05,3.5022e-06,-1.3552e-05,3.2506e-06,-7.6476e-05,3.4568e-05,9.9166e-05,1.4828e-05,9.851e-05,0.00011142,0.00010212,2.1817e-06,4.0799e-05,0.00013613,-1.9473e-05,-1.2362e-05,-1.1006e-05,-2.2959e-05,6.3946e-05,0.00014097,7.6735e-05,-1.278e-06,-5.2864e-05,0.00012855,4.3125e-05,0.00011972,-9.829e-05,9.891e-05,4.2006e-05,6.2061e-05,0.0001415,-9.3454e-05,8.4702e-05,3.4404e-05,0.00019614,2.0884e-05,9.9842e-05,-5.9155e-05,0.00013422,0.00011949,7.9919e-05,3.7967e-05,-3.6881e-05,5.9998e-05,-5.9649e-05,0.00011694,4.2183e-05,4.0992e-05,6.3292e-05,-1.1964e-05,-7.0102e-07,3.5538e-05,7.3133e-05,-3.4676e-05,4.8931e-05,6.9762e-05,5.8431e-05,-5.9511e-05,7.5959e-05,2.5104e-05,3.7048e-05,1.3733e-05,-0.00010585,0.00014299,3.5714e-05,6.5421e-05,6.8394e-05,2.8219e-05,3.6918e-05,-8.0868e-05,-0.00010615,-2.9445e-05,2.3313e-05,3.7648e-05,6.8786e-06,-3.2051e-05,0.00024662,5.3966e-05,0.00011572,-9.0543e-06,-3.719e-05,9.6679e-06,-5.7726e-05,6.0166e-05,-2.0197e-05,4.7614e-05,7.8619e-05,0.00011289,5.1838e-05,1.9623e-05,6.2277e-05,-2.751e-05,9.8044e-05,9.4962e-05,5.725e-05,0.00015657,0.00011616,0.00017046,6.8561e-05,4.2934e-05,3.3335e-05,-9.0413e-05,0.000131,0.00011133,3.5608e-05,1.1081e-05,-0.00011441,6.8246e-05,0.00011898,9.7553e-05,4.3951e-05,6.399e-05,-9.2938e-05,-0.00010902,1.1119e-05,-1.7972e-05,5.5339e-07,-0.00040434,9.7315e-05,-3.5685e-05,-4.9876e-05,0.00030358,3.1409e-05,3.1284e-05,-4.224e-06,0.00010421,8.9445e-05,5.7338e-05,-9.0639e-06,-7.637e-05,8.8543e-05,-2.2756e-05,-0.00011861,-0.00018122,9.6036e-05,-5.6945e-05,8.8083e-05,7.261e-05,0.00010541
