0.0040177,-0.00019739,-8.8135e-05,0.0013432,0.00076985,0.0013269,0.00066683,-6.8154e-05,0.00017342,8.933e-05,-9.713e-06,0.00074065,0.00017648,0.00020976,2.5209e-05,-2.2755e-05,0.00082904,0.00015447,-0.00010945,0.0021804,4.9111e-05,0.0012097,4.2098e-05,3.8568e-06,0.00073546,0.00040792,1.6595e-05,0.00011901,0.00036544,0.0002917,0.00026252,0.001919,0.00051104,0.0013477,-0.00040367,-0.00010811,0.00032679,-9.4513e-05,-7.5697e-05,-0.00032164,2.8334e-05,-0.0002341,-0.00080781,0.00046444,-6.5294e-05,0.00028973,0.0002567,0.00012895,-0.00016471,-0.00023987,0.0017995,-3.9177e-05,0.000128,0.00012937,0.0014891,-0.00021312,-9.6242e-05,0.0002048,0.0023191,1.5904e-05,-0.00012013,-0.00028462,0.00018309,0.00026301,-0.00017209,0.00031316,4.8816e-05,0.00049104,0.00050753,9.4101e-06,-0.000107,1.0541e-05,0.00029505,-0.00013661,-0.00010485,-5.5954e-05,0.0013625,0.00032607,0.0001103,0.00043904,-6.3124e-05,0.00041808,8.1786e-06,-1.3244e-05,-0.00027543,-0.00045429,-0.000368,-0.00012087,0.00020504,0.00014116,-0.00016729,0.00020433,-0.00012539,-0.00011349,4.9614e-05,0.00042917,5.9106e-05,0.00010148,-0.00022997,-1.7103e-07,0.00038454,-0.00015156,-2.9904e-05,0.00044567,0.00036261,-0.00012392,0.00011706,0.00072732,-0.00034575,0.00062616,-7.8298e-05,4.7946e-05,-5.8995e-05,0.00045259,0.00043882,0.00052218,3.6293e-05,0.00012933,0.00011114,-1.7797e-05,0.00042695,0.00089492,-5.1177e-05,-9.9872e-05,-0.00040404,0.0019604,0.00020755,0.0006114,-0.00012063,0.00082974,0.001816,-0.00019556,0.00020828,-4.2322e-05,0.00039314,5.8951e-06,8.1198e-05,0.00092855,0.00027655,0.00043303,-0.00015174,-0.00069095,-0.00018679,0.00049875,-7.0277e-05,0.00032798,7.4406e-05,0.00043891,6.3767e-05,-0.00011962,0.00037048,-0.00010827,0.00016821,0.00049332,-5.9305e-06,0.0014762,-7.2022e-05,0.00021898,2.4007e-05,0.000139,0.00011308,0.00037467,-0.00024944,0.0026896,-1.8868e-05,0.00090648,0.00054836,-4.9279e-06,-0.00015477,4.7452e-05,-0.00017886,-0.0001873,2.5638e-05,-6.5443e-05,0.0024796,0.00079312,0.00012134,-3.6934e-05,0.0013665,0.0008972,-0.00042245,-0.00041737,-7.2158e-05,0.00010621,3.3593e-05,0.00034099
-0.00019739,0.00021794,5.8234e-05,-1.9231e-05,-7.5397e-05,-2.7097e-05,1.4133e-05,4.9369e-05,0.0001067,0.00013083,6.1347e-05,-9.4281e-06,6.5321e-05,9.6979e-05,8.1834e-05,4.9703e-05,6.0478e-05,2.3159e-05,8.9943e-05,-9.813e-05,2.0387e-05,-1.3556e-05,5.5192e-05,6.5175e-06,1.845e-05,4.2406e-05,3.6249e-05,9.6741e-05,6.8172e-05,3.3363e-05,5.4209e-05,-0.00018672,7.3081e-05,-0.00015934,2.6622e-05,7.878e-05,5.1865e-05,7.7491e-05,4.9625e-05,3.0093e-05,2.0674e-05,8.8144e-06,-0.00035434,-3.1532e-05,-4.5407e-05,2.3783e-06,4.2324e-05,4.9653e-05,-1.1937e-06,-8.4098e-05,-6.4397e-06,3.0794e-05,0.00010017,-2.557e-05,-7.2436e-05,0.00013046,8.6435e-05,2.9114e-06,-0.00010835,3.7895e-05,7.9802e-06,6.1979e-05,0.00010943,6.6596e-05,8.4175e-05,8.6912e-05,4.5842e-05,1.2807e-05,3.8879e-05,6.5865e-05,8.2058e-06,5.178e-05,6.7028e-05,0.00010237,-4.6238e-05,9.5101e-05,-0.00016821,-2.6858e-05,4.4748e-05,1.3676e-05,8.9144e-05,8.2582e-05,3.7861e-05,2.4446e-05,0.00013109,1.5881e-05,3.2799e-05,6.7721e-05,6.0638e-05,0.00010794,6.098e-05,2.4697e-05,7.5103e-05,6.9071e-05,0.0001453,5.2317e-05,-2.77e-05,6.1871e-05,2.7387e-05,0.00011889,4.0293e-05,-1.8484e-05,2.8105e-05,5.532e-06,3.8758e-05,7.802e-05,-6.8125e-05,8.8287e-05,3.3431e-05,-5.0897e-05,8.3202e-05,5.5875e-05,3.458e-05,-0.00022905,8.6927e-05,-2.8124e-05,5.0626e-05,1.4711e-05,4.2311e-05,5.5038e-05,7.4147e-05,3.1496e-05,5.7837e-05,5.2505e-05,8.4906e-05,-0.00013535,2.1017e-05,-5.0664e-06,2.9324e-05,9.5296e-06,-0.0001635,3.5043e-05,2.4506e-05,2.5233e-05,3.752e-05,8.2951e-06,7.3379e-05,7.283e-05,7.8376e-05,5.7145e-05,0.00012449,-0.00014427,5.2231e-05,4.5939e-05,6.9316e-05,5.9266e-05,2.2814e-05,2.2993e-05,5.4648e-05,8.2928e-05,3.4061e-05,7.2262e-05,7.6478e-05,1.7421e-05,-2.5861e-05,-3.5899e-05,0.00011561,1.2031e-05,5.9105e-05,1.9046e-06,0.00013125,0.00020257,0.00011618,-0.0001875,9.4583e-05,9.5991e-05,-1.6011e-06,2.7184e-05,7.8435e-05,4.2293e-05,9.7144e-05,5.3114e-05,5.3439e-05,0.00013512,-2.1204e-05,-2.9935e-05,1.1606e-05,7.9664e-06,-0.00025436,3.9095e-06,3.7501e-05,5.7822e-05,7.1902e-05,3.9543e-05,0.00010054,4.2009e-05
-8.8135e-05,5.8234e-05,0.00019928,-0.00014636,6.4759e-05,-8.8721e-05,3.7759e-05,5.1192e-05,7.1361e-05,-4.8544e-05,1.3241e-05,-7.9723e-05,2.3727e-06,-1.9883e-05,-2.0893e-05,3.5959e-05,-6.7827e-05,-3.2442e-05,-3.0995e-05,-0.00012569,-1.6284e-05,-0.000148,7.7666e-06,-2.0978e-06,-4.0053e-05,3.2853e-05,1.1985e-05,5.2446e-05,-9.6096e-05,-7.3006e-05,-7.5365e-05,-0.00024132,-4.3727e-05,-0.00016573,-1.4322e-05,-3.42e-05,3.6098e-05,2.4066e-05,9.6852e-05,-3.7432e-06,-5.2423e-05,-2.1448e-05,0.00042077,-6.871e-05,4.0625e-05,-6.0861e-05,-4.7919e-05,9.7005e-05,1.2719e-05,-6.0658e-05,-5.6299e-05,5.2361e-05,-3.0174e-05,-2.0349e-05,-0.00019702,-8.1311e-05,2.4793e-05,-1.347e-05,-0.00011061,-6.6882e-05,1.4102e-05,1.8609e-05,5.2579e-06,-4.3448e-05,4.2051e-05,-6.526e-06,-2.6095e-06,-5.0904e-05,-2.2735e-05,0.00012619,2.4751e-05,1.0959e-05,-3.7103e-05,3.397e-05,-8.1503e-05,-2.2706e-05,6.7899e-05,1.2517e-05,3.7233e-05,-0.00021428,2.0677e-05,-0.00012097,-1.8352e-06,6.584e-05,5.6106e-05,0.00011066,0.00013495,-1.8464e-05,-2.649e-05,4.196e-05,2.7551e-05,4.5154e-05,6.7234e-06,3.1963e-06,3.2164e-05,-2.1743e-05,-7.9055e-06,6.6074e-05,7.0374e-05,-6.2007e-05,-1.0953e-05,-4.3803e-05,-0.00014113,-2.185e-05,1.1753e-05,-2.2264e-05,-6.3996e-05,-8.9337e-06,1.979e-05,-5.7722e-05,-1.1565e-06,2.9683e-05,-2.3843e-05,-0.00025591,5.1503e-05,-4.6876e-05,-1.881e-06,-6.6421e-06,5.6062e-06,1.5687e-05,-6.5438e-06,-6.3638e-05,-2.6763e-05,-3.0976e-06,6.7236e-05,-6.354e-05,-3.2356e-06,-8.6436e-05,8.2577e-06,-1.9986e-06,-0.00030975,9.7868e-05,-2.657e-05,3.2992e-05,1.2404e-05,-1.1652e-07,1.0096e-05,-5.1875e-05,2.9649e-06,-6.952e-07,7.3803e-05,-0.0001605,5.3317e-06,-6.6897e-05,2.1525e-05,-2.5128e-05,1.9519e-05,-1.0292e-05,2.9275e-05,1.1722e-05,-1.4795e-05,-4.9709e-05,-4.8338e-06,-5.012e-05,-2.8757e-06,-5.815e-05,4.6868e-05,2.8524e-05,-1.1979e-05,0.00010136,-9.2394e-05,-0.0001347,-7.5621e-05,-0.00021294,4.7274e-05,1.6949e-05,-0.00010309,5.7585e-06,5.8221e-07,-2.0283e-05,3.0182e-05,1.7242e-06,-1.3561e-05,3.3858e-05,-8.7745e-05,-0.0001217,-2.9446e-05,3.2381e-06,-0.00011785,-6.0406e-05,7.1296e-06,-3.6468e-05,5.043e-05,2.7098e-05,-7.6239e-06,-3.0041e-05
0.0013432,-1.9231e-05,-0.00014636,0.0010542,0.00023134,0.00051165,0.00038089,6.0333e-05,0.00016699,0.00027028,3.9876e-05,0.00048812,0.00012497,4.5021e-05,0.00016995,1.3242e-05,0.00055172,0.00017433,0.00016296,0.00085772,9.7982e-05,0.0006009,2.0402e-05,9.1157e-05,0.00017114,0.00014192,4.521e-05,9.6138e-06,0.00041482,0.00032438,6.3584e-05,0.00046011,0.0002573,0.00052317,0.00024982,4.518e-05,0.00019729,3.3846e-05,-7.5712e-05,2.4812e-06,0.00013377,-2.0072e-05,-0.00073316,0.00021322,0.000113,0.00023098,0.0002411,2.463e-05,1.6007e-05,-4.5844e-05,0.00067977,-8.8555e-06,0.00021189,0.00017926,0.00042048,0.00013651,0.00011501,0.00015458,0.00081772,2.4398e-05,3.9762e-05,-5.5845e-05,0.00014808,0.0001914,-2.1024e-05,0.0002641,7.7555e-05,0.000342,0.00029596,0.00014431,-6.9663e-05,5.6457e-05,0.00025507,5.1882e-05,-1.6299e-05,0.00013431,0.00022213,7.7063e-05,6.5303e-05,0.00054026,-8.8884e-06,0.00033342,5.5383e-05,-6.0276e-05,3.8687e-05,-0.00024295,-0.00029219,9.7815e-05,0.00020349,0.00021273,5.1289e-05,0.00016189,4.4242e-05,3.1132e-06,0.00028674,0.0003012,8.956e-05,0.00013698,-0.00011601,9.8624e-05,0.00016271,0.00012246,0.00014353,0.00024058,0.00024671,-3.1834e-05,-7.0373e-05,0.00058579,-7.8626e-05,0.00023301,4.8657e-05,0.00011419,3.0682e-05,0.0001618,0.0003744,0.00024391,6.178e-05,0.00023275,0.00010131,5.557e-05,0.00049538,0.00028266,0.00014192,6.8632e-05,-0.00017988,0.00070554,5.2923e-05,0.00028267,3.6154e-05,0.0003544,0.00073382,-0.00011185,0.0001284,-4.5868e-05,0.00020237,2.0501e-05,4.7234e-05,0.00058814,0.00029423,0.00028464,-2.0547e-05,-0.00024814,-2.1489e-05,0.00033354,6.7878e-05,0.00037649,6.5164e-05,0.00021044,5.2988e-05,8.2545e-05,0.00033688,0.00024016,9.8992e-05,0.00022082,7.6478e-05,0.00046679,0.00019098,1.2939e-05,7.1226e-05,1.9234e-05,0.00012366,0.00019442,0.00018189,0.0010601,0.00014473,0.00062563,0.0003146,0.00013767,1.2529e-05,0.00012547,1.4869e-05,-0.00010559,2.845e-05,-0.00011849,0.00093858,0.00041715,0.00012333,1.3993e-06,0.00057841,0.00026759,-8.8991e-05,-9.0736e-05,3.4029e-05,0.00010138,0.00012943,0.00019013
0.00076985,-7.5397e-05,6.4759e-05,0.00023134,0.00054884,0.00025994,0.00018114,7.784e-05,0.00016043,3.0134e-05,-1.001e-06,0.00016471,1.1278e-05,0.00011903,8.7817e-05,8.103e-05,9.7841e-05,7.826e-05,3.3252e-05,0.00037061,3.5464e-05,0.00013338,7.4075e-05,0.00014677,0.0001275,0.00013181,8.1196e-05,0.00015281,-7.5015e-06,0.00019462,0.00012308,0.00021473,0.00011626,0.00029407,2.8819e-05,-6.4971e-06,9.2969e-05,-2.4815e-05,4.4397e-05,-1.5215e-05,3.9472e-05,4.0034e-05,0.00070541,8.2829e-05,5.0581e-05,-2.3029e-06,0.00016286,9.4484e-05,6.7943e-05,-5.9671e-05,0.00032949,0.00011144,0.00015932,0.00016148,0.00014084,-6.7864e-05,8.5357e-05,3.7128e-05,0.00031039,-4.3599e-05,0.00010431,-2.8107e-05,0.00010514,0.00010477,3.2718e-05,9.4877e-05,3.3156e-05,6.3644e-05,0.0001401,-8.2153e-06,7.6828e-05,5.7242e-05,0.0001563,-0.00010094,8.0053e-05,3.0972e-06,0.00029883,7.6e-05,7.0251e-05,-5.2732e-05,-3.5075e-07,-4.8026e-05,0.00015881,8.3335e-05,6.3725e-06,0.0001051,8.9818e-05,5.8162e-06,8.0978e-05,0.00011502,-4.8052e-06,8.0208e-05,-2.7191e-05,5.7762e-05,8.6825e-05,9.2238e-05,0.00012758,3.875e-05,0.00011696,7.6675e-06,7.7858e-05,0.00014364,-4.8966e-05,7.0092e-05,9.2453e-05,-3.6217e-05,0.00023332,0.00017345,-1.9758e-06,0.00013025,8.8566e-05,2.256e-05,3.5663e-05,6.143e-05,0.0001911,0.00015161,0.0001101,7.3871e-05,2.4218e-05,3.6277e-05,0.00019315,0.00019786,0.00010949,-1.7047e-05,-1.7581e-05,0.00035366,0.00013839,3.2762e-05,2.6107e-05,0.00022616,0.00011921,4.8453e-05,3.906e-05,2.6534e-05,0.00017417,3.0028e-05,8.809e-05,0.0001635,7.9365e-05,0.00011271,4.664e-06,-9.999e-05,2.5556e-06,9.9188e-05,1.83e-05,0.00013797,2.171e-05,0.000175,0.00015525,-1.8644e-05,0.0001442,3.0799e-05,2.4766e-05,-7.0718e-06,6.3155e-05,0.00033141,6.0059e-05,9.0986e-05,-9.411e-06,0.00014675,-7.6029e-05,0.00027314,-7.1243e-05,0.00047179,0.00010344,8.9666e-05,6.387e-05,0.00017975,-1.6652e-05,3.1907e-05,-3.0305e-05,-2.3004e-05,5.745e-06,-3.9267e-05,0.000442,7.5107e-05,0.00010904,8.9163e-05,0.00044829,0.00018295,-5.1686e-05,-7.5025e-06,7.0434e-05,8.169e-05,0.00019442,2.0227e-05
0.0013269,-2.7097e-05,-8.8721e-05,0.00051165,0.00025994,0.00067247,0.00025003,7.4815e-05,0.00011,8.1034e-05,4.0589e-05,0.00035284,9.3268e-05,0.00024021,6.7805e-05,2.8201e-05,0.00033165,0.00013727,5.4395e-05,0.00079774,8.8227e-05,0.00057108,6.4408e-05,2.227e-05,0.00038421,0.00016524,6.9337e-05,9.1517e-05,0.00019358,0.00016917,0.00016087,0.00056173,0.00024109,0.00060975,-4.0801e-06,5.8055e-05,0.00011878,2.479e-06,-4.0715e-05,-7.0245e-05,0.00013145,-4.1397e-05,0.00035645,0.00028588,-5.3551e-05,0.00017559,0.00014694,5.6495e-05,-4.6133e-05,7.4795e-05,0.00064786,1.6823e-05,0.0002305,0.00012138,0.00053811,4.0394e-05,6.3649e-05,0.00012679,0.00074864,0.00010892,3.5619e-05,-6.0429e-05,0.00012454,0.00012194,-0.00010278,0.00016815,6.3344e-05,0.00018978,0.00027574,7.6413e-05,-4.9001e-06,3.3021e-05,0.00035118,4.3409e-05,4.5023e-05,4.9304e-05,0.00051652,0.00016242,-2.1916e-06,0.00025469,1.0278e-05,0.00036886,5.5828e-05,-5.1094e-05,-6.8024e-05,-7.7499e-05,-9.374e-05,5.5507e-05,0.00013306,0.00010847,-2.7035e-05,0.00013032,-4.0133e-06,-4.2436e-06,0.00011122,0.000228,3.3473e-05,0.00011873,-3.5902e-05,0.00015274,0.00022096,-8.8563e-05,0.00016036,0.00021166,9.9345e-05,2.0912e-05,0.0003549,0.00031335,-8.1329e-05,0.00028554,1.5773e-05,3.5719e-05,6.9223e-05,0.0003059,0.00019682,0.00021595,6.9211e-05,0.00012993,8.9012e-05,3.3451e-05,0.00034467,0.0004519,6.345e-05,-1.9802e-05,-7.7508e-05,0.00067542,0.00019063,0.00012716,4.7279e-07,0.00032033,0.00063189,-7.9601e-05,0.0001601,1.8421e-05,0.00024839,4.9507e-06,3.7095e-05,0.00031452,0.00017581,0.0002171,-5.3001e-05,-5.7316e-05,-3.0489e-05,8.5783e-05,-2.4594e-05,0.00018954,2.8425e-05,0.00022292,6.6618e-05,-2.7613e-05,0.00026285,3.7798e-05,9.6812e-05,0.00038304,2.2502e-05,0.00061071,3.8126e-05,0.00012193,7.6329e-05,0.00010779,0.00018361,0.00049039,0.00010179,0.0010139,6.1802e-05,0.00025555,0.00029462,2.349e-05,-3.2564e-05,6.1768e-05,-2.1767e-05,-5.5812e-05,4.7085e-05,7.8552e-05,0.00081108,0.00031869,0.00011069,6.202e-05,0.00039425,0.00036654,-0.00012649,-8.5974e-05,4.6102e-05,7.5213e-05,0.00013973,0.00034137
0.00066683,1.4133e-05,3.7759e-05,0.00038089,0.00018114,0.00025003,0.000307,6.179e-05,0.00010764,5.0047e-05,2.4384e-06,0.00017617,3.8135e-05,0.00012517,9.9882e-05,2.4933e-06,0.00024137,8.6506e-05,8.9952e-05,0.00033972,6.6219e-05,0.00021598,-8.6359e-06,1.6083e-05,0.0001017,6.2998e-05,6.6028e-05,7.0407e-05,0.00012439,7.2809e-05,-7.9333e-05,9.5072e-05,0.00014131,0.00023635,4.1273e-06,-1.3659e-05,4.2771e-05,-7.3305e-06,8.6899e-06,4.1739e-06,-8.0021e-06,7.1684e-06,-0.00035322,0.00010736,1.8388e-05,7.8524e-05,0.00016667,2.9724e-05,-5.2016e-06,3.0158e-05,0.00041301,3.8001e-05,0.00011834,0.00010785,6.6984e-05,-1.6753e-05,0.00010636,3.4315e-05,0.00036244,-4.3641e-05,2.1616e-05,-1.0721e-05,7.1859e-05,5.1915e-05,-2.5356e-05,0.00010381,3.5737e-05,0.00011137,0.00014956,0.0001483,-3.4784e-05,6.3683e-05,0.00016569,4.235e-05,-5.593e-05,7.5753e-05,0.00023174,-5.1914e-06,4.8827e-05,0.0001393,9.1615e-06,0.0001569,8.9586e-05,-1.8406e-05,7.1842e-05,-2.8392e-05,-8.2191e-05,5.6807e-05,8.1394e-05,0.00013444,4.9277e-05,8.7781e-05,-6.6801e-05,3.0422e-05,0.00012954,0.00011398,3.2933e-05,0.00012801,-2.1675e-05,2.3025e-05,5.7133e-05,3.5245e-05,8.0214e-05,8.0923e-05,9.9867e-05,-2.9267e-05,-7.2345e-05,0.00021726,-3.5794e-05,0.00010751,5.3726e-05,4.2852e-05,3.0298e-05,-9.2336e-05,0.00015384,6.9874e-05,5.1406e-05,0.00011616,5.9264e-05,1.0659e-05,0.00022579,0.00012761,8.906e-05,-1.107e-05,-6.6113e-05,0.00032114,1.7527e-05,-7.1816e-06,-1.7723e-05,0.00012665,0.00012541,-9.538e-06,2.0573e-05,-4.4718e-06,0.00012745,-1.2818e-05,2.6069e-05,0.00022127,0.00012021,0.00011919,1.7353e-05,-0.00023386,-9.9277e-06,5.4644e-05,6.3074e-06,0.00014753,2.6794e-05,9.2247e-05,0.00010235,2.516e-05,0.0001516,3.8054e-05,2.6357e-06,0.00010532,3.8315e-05,0.00024508,8.8783e-05,5.8875e-05,3.6815e-05,0.00014485,2.7122e-05,9.9767e-06,0.00010114,0.00044626,0.00010658,0.00020986,0.00010379,0.00011718,-6.9857e-06,4.708e-05,-2.6021e-05,6.9568e-06,-1.6315e-06,-1.3369e-05,0.00047165,0.00018317,2.5401e-05,2.1401e-05,0.00016194,9.2705e-05,-4.1105e-05,-4.0286e-05,4.2116e-05,4.62e-05,7.2175e-05,0.00013153
-6.8154e-05,4.9369e-05,5.1192e-05,6.0333e-05,7.784e-05,7.4815e-05,6.179e-05,0.00014057,7.715e-05,4.7851e-05,5.4096e-05,1.3351e-05,4.0684e-05,8.2284e-05,6.1801e-05,3.854e-05,-9.0543e-06,-2.9075e-06,6.7371e-05,-5.0012e-05,7.5715e-05,-1.1715e-07,5.2167e-05,2.9609e-05,3.5194e-06,6.2295e-05,6.2315e-05,6.7803e-05,-7.0373e-06,7.0885e-05,2.7733e-05,-0.00016506,2.1007e-05,3.3921e-05,0.00030574,5.0871e-05,4.5681e-05,4.798e-05,4.0144e-05,4.8112e-05,6.9224e-05,3.6742e-05,0.00040398,-2.5983e-05,6.3481e-05,4.649e-05,6.5305e-05,9.3959e-05,3.4505e-05,-1.2041e-06,8.8101e-05,6.6421e-05,8.8762e-05,7.5958e-05,-8.4702e-05,4.3756e-05,8.2529e-05,4.9985e-05,-0.00010446,6.0662e-05,8.4047e-05,4.9436e-05,7.0151e-05,5.587e-06,6.2978e-05,5.5224e-05,3.45e-05,9.7473e-06,4.1622e-05,8.4113e-05,3.2442e-05,4.8218e-05,0.00012929,9.2508e-05,3.3128e-05,4.5426e-05,5.504e-05,3.071e-05,3.4514e-05,-9.2194e-06,3.0658e-05,6.886e-05,9.6462e-05,4.8705e-05,7.817e-05,0.00014483,9.7668e-05,7.0267e-05,4.9643e-05,9.7988e-05,1.4394e-05,7.7312e-05,2.6011e-05,2.7644e-05,0.00011166,1.4529e-05,1.3952e-05,8.7031e-05,6.9343e-05,8.106e-05,5.8427e-05,1.7755e-05,-3.846e-05,5.3712e-05,2.0053e-05,3.3169e-05,0.00015702,6.3437e-05,5.2423e-05,3.2765e-05,4.8467e-05,3.81e-05,4.6228e-05,-3.3585e-05,7.9399e-05,2.1076e-06,6.681e-05,5.345e-05,5.0968e-05,4.5072e-05,0.00012211,3.7648e-05,5.4803e-05,3.9452e-05,8.2471e-05,-3.6189e-05,3.5169e-05,-0.00010148,6.4184e-05,5.5057e-05,-0.00020609,3.5118e-05,3.8592e-05,5.0669e-05,7.8405e-05,9.9222e-06,2.2379e-05,1.7996e-06,6.0024e-05,4.3291e-05,6.5729e-05,9.6138e-06,4.0254e-05,-4.444e-05,2.8059e-05,5.4903e-05,2.9309e-05,4.6547e-05,5.2817e-05,5.0678e-05,0.00014837,6.8791e-05,2.6246e-05,6.794e-05,3.3899e-05,-8.8954e-05,9.1959e-05,3.2542e-05,2.6699e-05,8.4791e-05,-1.7815e-05,0.00020173,0.00016992,6.8871e-06,9.0013e-05,2.7125e-05,1.4318e-05,6.6678e-05,3.3545e-05,6.152e-05,6.2933e-05,-2.7502e-06,1.3184e-05,9.1188e-05,-3.7527e-05,-3.9721e-05,6.2302e-05,8.9785e-05,-2.6729e-05,-7.3361e-06,3.5458e-05,1.9413e-05,9.7782e-05,4.7362e-05,9.2248e-05,7.55e-05
0.00017342,0.0001067,7.1361e-05,0.00016699,0.00016043,0.00011,0.00010764,7.715e-05,0.00022927,9.8824e-05,3.1058e-05,0.00018921,6.3832e-05,5.949e-05,0.000101,6.4754e-05,0.00010877,0.00011927,7.5228e-05,0.00012024,3.4101e-05,0.0001272,5.3783e-05,0.00011286,9.3825e-05,6.7837e-05,5.927e-05,6.1011e-05,0.00010225,0.00012691,2.0957e-05,-0.00022546,7.1745e-05,-4.8898e-05,1.5324e-05,6.682e-05,7.9612e-05,5.962e-05,4.457e-05,1.1514e-05,6.9324e-05,3.9447e-05,-7.7251e-05,4.6786e-05,-7.0783e-07,5.7829e-06,0.00010276,8.8857e-05,4.3996e-05,-0.00011476,9.6469e-05,6.7175e-05,0.00015105,3.7496e-05,-2.6586e-05,2.0521e-05,0.00010314,3.4797e-05,7.3995e-05,-2.5695e-05,7.0126e-05,1.4487e-05,9.4055e-05,9.5689e-05,8.4072e-05,0.00014992,3.9238e-05,6.432e-05,0.00015063,0.00011592,2.6938e-05,5.2071e-05,0.00013247,7.3794e-05,-8.7536e-06,9.1939e-05,0.00013454,2.4734e-05,2.2942e-05,-2.8314e-06,4.5135e-05,-6.1055e-06,0.00010227,4.8258e-06,9.152e-05,3.7746e-05,4.4652e-05,8.9596e-05,9.7978e-05,0.00012102,6.3689e-05,6.388e-05,8.7311e-05,5.3968e-05,0.00021492,0.00018348,3.1428e-05,0.00010004,8.7926e-05,7.7309e-05,2.7193e-05,1.5994e-05,3.82e-05,1.0967e-05,0.00010468,4.418e-05,9.737e-05,0.00025139,8.4545e-06,1.4441e-06,0.00013596,8.3464e-05,6.7809e-05,-0.00013974,0.00023986,6.9787e-05,8.8674e-05,0.00011021,2.8942e-05,6.2818e-05,0.00026998,0.00010078,6.6152e-05,3.409e-05,4.9054e-05,9.6692e-05,9.0832e-05,4.7175e-06,2.9484e-05,7.9481e-05,-0.00012659,5.557e-05,2.9786e-05,6.008e-06,0.0001041,1.1057e-05,7.4611e-05,0.00015328,0.00015395,0.00016332,5.4567e-05,-0.00010398,2.9366e-06,4.7761e-05,8.0669e-05,0.00019911,1.5788e-05,8.9082e-05,7.9416e-05,3.9449e-05,0.00013908,3.5609e-05,5.18e-05,0.0001054,5.4345e-05,0.0002427,0.00016271,-1.3001e-05,6.0778e-05,3.0323e-05,2.0963e-05,0.0002362,3.175e-05,7.2456e-05,0.00012892,0.00023124,3.0882e-05,9.2111e-05,4.4786e-05,1.8161e-05,6.8107e-05,1.4586e-05,6.3049e-05,4.469e-05,0.00019307,8.8934e-05,9.6226e-05,-1.7183e-05,5.5451e-06,7.2294e-05,8.301e-06,7.1649e-05,7.3374e-05,6.6612e-05,0.00015746,9.103e-05
8.933e-05,0.00013083,-4.8544e-05,0.00027028,3.0134e-05,8.1034e-05,5.0047e-05,4.7851e-05,9.8824e-05,0.00024552,5.2727e-05,8.8761e-05,7.3658e-05,6.2257e-05,9.5387e-05,7.9042e-05,0.00018251,8.1182e-05,0.00010691,0.00015043,2.61e-05,0.00013373,5.8393e-05,1.3024e-06,2.202e-05,7.5302e-05,2.1332e-05,5.0419e-05,8.39e-05,0.00014898,0.00010637,-7.7665e-05,0.00011328,5.8817e-06,0.00018597,7.7171e-05,0.00012164,7.8944e-05,-1.4329e-05,3.4156e-05,8.0887e-05,1.9348e-05,-0.00052624,1.4912e-05,2.0919e-05,6.874e-05,0.00011596,3.7354e-05,1.1109e-05,-4.4463e-05,2.6231e-05,2.1573e-05,0.00014544,4.5851e-05,3.2427e-05,0.000186,8.2606e-05,5.5761e-05,7.3931e-05,9.2999e-05,4.9888e-05,2.7155e-05,0.00014438,0.00012267,9.1919e-05,0.00015566,5.6208e-05,8.9356e-05,0.00012207,5.9424e-05,4.1678e-07,2.9114e-05,0.00011909,4.2954e-05,4.2005e-05,0.00011336,-0.00024549,1.4703e-07,3.7155e-05,0.00021,6.6699e-05,7.4246e-05,0.00010655,-2.4402e-05,8.4766e-05,-3.9771e-05,-9.7971e-05,6.7457e-05,0.00010654,0.00012438,-8.2516e-06,4.4515e-05,0.00010672,5.1082e-05,0.00018909,8.0729e-05,2.4773e-05,4.9216e-05,1.9283e-07,0.00011915,9.7366e-05,-1.3746e-06,1.6838e-05,6.2222e-05,8.8676e-05,6.1059e-05,-1.5474e-05,0.00019889,1.3725e-05,1.938e-05,9.7966e-05,7.2739e-05,5.5318e-05,-5.1659e-05,0.00015827,7.5538e-05,4.8304e-05,8.6222e-05,4.7581e-05,6.683e-05,0.00016085,9.4113e-05,8.8113e-05,7.8531e-05,3.3798e-05,3.8849e-05,5.6735e-05,0.00010958,6.2437e-05,0.00010071,8.0404e-05,-2.547e-05,4.9627e-05,3.3456e-06,6.7421e-05,2.7715e-05,6.4753e-05,0.0001745,0.00012712,0.00010651,9.6608e-05,-4.3386e-05,5.2592e-05,0.00017506,8.3679e-05,0.00013367,4.1123e-05,9.7504e-05,4.7722e-05,0.00011113,0.00011505,0.00017519,7.7767e-05,9.9721e-05,-1.6238e-05,7.3906e-05,0.00011438,9.3674e-06,5.6013e-05,1.0289e-07,0.00010412,0.0003012,0.0001301,0.00010978,9.1207e-05,0.00019706,8.9445e-05,4.1243e-05,6.9463e-05,6.9057e-05,9.2316e-05,-5.4143e-06,4.1473e-05,3.5109e-05,0.0001667,7.4699e-05,7.6241e-05,3.2369e-05,7.0786e-05,5.5568e-05,1.1617e-05,5.1951e-05,5.3544e-05,5.5143e-05,0.00012601,9.7659e-05
-9.713e-06,6.1347e-05,1.3241e-05,3.9876e-05,-1.001e-06,4.0589e-05,2.4384e-06,5.4096e-05,3.1058e-05,5.2727e-05,6.7568e-05,3.9453e-06,4.0912e-05,3.9357e-05,4.5984e-05,2.9106e-05,2.8167e-05,-3.9419e-05,4.2511e-05,7.1011e-06,1.8489e-05,2.6509e-05,3.5409e-05,-8.1877e-06,1.7767e-05,7.3774e-05,2.1619e-05,6.3418e-05,3.8408e-05,4.2236e-05,5.7184e-05,7.1673e-05,3.8701e-05,-1.0191e-05,0.00020272,6.4253e-05,4.4464e-05,4.216e-05,3.2258e-05,3.1879e-05,3.5962e-05,6.1439e-06,-1.2952e-05,-6.2813e-06,3.7387e-05,9.246e-06,-6.0515e-05,3.9373e-05,-5.0291e-06,-4.5725e-05,2.0217e-05,1.405e-05,1.6217e-05,1.1203e-05,5.1261e-05,4.709e-05,3.4687e-05,4.1407e-05,-3.7939e-05,6.6341e-05,3.0837e-05,3.7723e-05,5.5983e-05,2.3863e-05,3.6377e-05,2.4347e-06,3.0694e-05,2.68e-05,9.8613e-07,1.2102e-05,2.849e-05,1.8101e-05,3.6137e-05,7.2422e-05,-2.1867e-06,2.069e-05,-1.7892e-05,6.5363e-05,5.2277e-05,2.0412e-05,3.2085e-05,4.1689e-05,-1.5415e-05,3.3436e-05,2.017e-05,3.6259e-05,3.7706e-05,9.0506e-06,2.2452e-05,6.6008e-05,8.7415e-06,9.3093e-06,3.5099e-05,4.0862e-05,5.1194e-05,9.697e-06,1.6778e-05,2.2404e-05,-2.5849e-06,6.296e-05,5.46e-05,3.2611e-05,1.1836e-06,5.1656e-05,2.7279e-05,3.357e-05,2.0514e-05,4.9136e-05,9.7868e-06,8.2078e-06,1.4488e-05,2.6357e-05,8.623e-06,-5.9773e-06,3.8337e-05,2.509e-05,1.7788e-05,-6.5533e-06,4.0047e-05,4.027e-05,3.7787e-05,4.9745e-05,9.2719e-06,4.1287e-05,4.9983e-06,-9.7147e-07,6.5997e-06,4.9602e-06,1.5395e-05,8.0116e-05,-4.8699e-07,1.0385e-05,-5.4363e-06,1.5426e-05,2.367e-05,1.0277e-05,2.3849e-06,4.6553e-05,3.3388e-05,1.489e-05,5.2236e-05,6.0446e-06,3.6161e-05,-1.8829e-06,3.5901e-05,1.9136e-05,2.5251e-05,2.1705e-05,2.892e-05,4.1758e-05,0.000105,3.4122e-05,4.4408e-05,-2.4128e-05,7.1216e-06,-6.3521e-05,5.0306e-05,4.0661e-06,3.2345e-05,1.2002e-06,2.788e-05,0.00010506,4.7281e-05,-5.0924e-05,4.2817e-05,5.8796e-05,1.4592e-05,2.558e-05,2.916e-05,3.9668e-05,5.9618e-05,-9.5727e-06,2.3907e-05,6.7601e-05,7.8436e-06,-3.7605e-05,2.1502e-05,3.678e-05,-5.3971e-05,3.6499e-05,-3.1253e-06,1.5724e-05,5.4552e-05,5.2575e-05,5.1922e-05,2.1397e-05
0.00074065,-9.4281e-06,-7.9723e-05,0.00048812,0.00016471,0.00035284,0.00017617,1.3351e-05,0.00018921,8.8761e-05,3.9453e-06,0.00047204,6.111e-05,7.3209e-05,0.00012888,-7.9624e-06,0.0002924,0.00016327,0.00011785,0.00053259,5.3854e-05,0.00047129,-1.462e-06,0.00015024,0.00026687,5.5084e-05,3.9116e-05,-1.7157e-05,0.00027502,0.00022685,4.9298e-05,2.487e-05,0.00016331,0.00025146,-0.00010944,5.3918e-05,0.00012328,1.378e-05,-8.4944e-05,-8.5381e-06,0.00012221,5.1472e-05,-0.00047058,0.00032651,3.5221e-05,0.00013245,0.00015909,5.1687e-06,1.1389e-05,8.6552e-05,0.00031686,6.1685e-06,0.00019995,6.2372e-05,0.00023782,2.8179e-05,9.7457e-05,0.00011857,0.00043255,-1.6364e-05,6.3793e-05,-2.6672e-05,7.23e-05,0.00014401,-3.2189e-05,0.00015324,5.4781e-05,0.00018211,0.0002729,6.0019e-05,3.2241e-06,1.1085e-05,0.00022518,5.3842e-05,2.7259e-05,8.417e-05,0.00035766,6.6077e-05,1.1763e-05,0.00029034,1.5118e-05,0.00025191,-9.2145e-06,-6.5479e-05,2.7573e-05,-0.00010019,-0.00011362,6.7183e-05,0.00013595,8.1418e-05,0.00010126,9.5575e-05,3.4282e-05,3.8745e-05,0.00021931,0.00035981,6.6537e-05,0.00011023,-3.6152e-05,6.4079e-05,6.5762e-05,5.6378e-05,0.00022801,8.6218e-05,0.00013912,6.2732e-06,0.00024494,0.00037453,-4.8875e-05,0.00014465,8.6294e-05,0.00010151,5.0502e-05,7.7852e-05,0.00029395,0.00016174,6.6798e-05,0.00017334,4.3662e-05,3.4723e-05,0.000486,0.00021794,9.7899e-05,8.3966e-07,-8.3551e-05,0.00042899,0.00010091,0.00011582,-2.0183e-05,0.00015881,0.00032143,-4.5306e-05,9.9659e-05,-4.0682e-05,0.00018626,3.0366e-06,4.2518e-05,0.00034614,0.00022923,0.00026069,-6.4634e-05,-5.913e-05,-4.7853e-05,0.00015611,5.4263e-05,0.0002813,-3.5329e-07,0.00016546,3.6915e-05,-2.0485e-05,0.00021949,4.7026e-05,7.6716e-05,0.00023828,9.6846e-05,0.00065012,0.00014711,-3.3115e-05,6.4998e-05,-3.9919e-05,0.00015517,0.00012225,5.3917e-05,0.00046689,9.1202e-05,0.00038594,0.00017549,7.8472e-05,2.5141e-05,1.761e-05,1.8497e-06,-3.7406e-05,8.1216e-05,-1.5987e-05,0.00059935,0.00039448,0.00013093,-6.5758e-05,0.00021085,0.0001929,-1.3945e-05,6.007e-05,1.5768e-05,5.7977e-05,0.00018877,0.00015974
0.00017648,6.5321e-05,2.3727e-06,0.00012497,1.1278e-05,9.3268e-05,3.8135e-05,4.0684e-05,6.3832e-05,7.3658e-05,4.0912e-05,6.111e-05,6.848e-05,3.0424e-05,3.9363e-05,8.2624e-06,8.6959e-05,1.9191e-05,3.0154e-05,9.2596e-05,2.383e-05,9.2059e-05,4.6187e-05,6.8777e-07,5.2285e-05,7.1772e-05,2.9276e-05,5.7611e-05,7.2143e-05,4.6874e-05,7.3688e-05,4.5673e-05,6.1235e-05,4.2182e-05,3.1807e-05,5.3254e-05,8.1737e-05,5.0026e-05,3.3086e-05,2.0365e-05,5.186e-05,-6.4479e-06,-0.00010928,5.1652e-06,-5.3998e-06,1.9704e-05,3.1192e-05,4.2e-05,-8.6254e-06,-7.6677e-05,8.8348e-05,2.4816e-05,5.8234e-05,1.6297e-05,9.3234e-05,2.5591e-05,2.4741e-05,4.3186e-05,8.0962e-05,8.6017e-05,8.7355e-06,2.9467e-05,7.0595e-05,4.9781e-05,5.1111e-05,7.1605e-05,4.4759e-05,5.9755e-05,5.2637e-05,7.5983e-06,-1.6017e-06,4.4926e-05,5.1595e-05,8.2445e-05,-8.3549e-06,3.3249e-05,3.8319e-05,2.1278e-05,1.9171e-05,1.9866e-05,3.3466e-05,3.1168e-05,4.7283e-05,3.2262e-05,2.5353e-05,-2.2245e-05,-3.5833e-06,2.6131e-05,5.0965e-05,7.4229e-05,8.5369e-06,2.3077e-05,4.2502e-05,3.4501e-05,5.7027e-05,4.3163e-05,-1.6078e-06,1.5297e-05,9.9365e-06,6.7447e-05,7.2653e-05,7.6624e-06,-2.4369e-05,6.6303e-05,6.4606e-05,4.9352e-05,5.6996e-05,0.00012292,-1.7965e-05,2.8222e-05,3.5183e-05,3.6215e-05,3.1524e-05,-3.2513e-05,7.768e-05,3.2878e-05,2.3475e-05,2.4969e-05,2.1713e-05,4.4664e-05,4.5618e-05,7.6558e-05,1.0822e-05,3.6066e-05,-1.7211e-06,8.5573e-05,3.0965e-05,3.6437e-05,2.0889e-05,9.7757e-05,3.8127e-05,-8.9868e-06,1.5604e-05,2.751e-06,5.3577e-05,7.2095e-06,2.9357e-05,0.00010551,6.0409e-05,7.3824e-05,4.3988e-05,-5.1396e-05,2.1554e-05,4.699e-05,3.693e-05,5.6862e-05,2.567e-05,3.8442e-05,2.588e-05,5.5272e-05,0.00010894,4.5988e-05,3.5047e-05,3.0236e-05,-9.6384e-06,5.2326e-05,4.9244e-05,1.4809e-05,4.9783e-05,-1.6604e-05,8.0431e-05,0.00020718,5.0797e-05,0.0001912,4.5756e-05,0.00014111,4.4799e-05,1.2282e-05,1.8117e-05,3.5417e-05,5.3755e-05,-5.2332e-06,4.7298e-05,1.369e-05,0.00012784,3.6572e-05,3.6605e-05,7.0644e-06,2.2146e-05,5.8602e-05,2.5508e-05,-1.2964e-06,3.3957e-05,4.9728e-05,4.6726e-05,2.7365e-05
0.00020976,9.6979e-05,-1.9883e-05,4.5021e-05,0.00011903,0.00024021,0.00012517,8.2284e-05,5.949e-05,6.2257e-05,3.9357e-05,7.3209e-05,3.0424e-05,0.0003248,0.0001455,5.0247e-05,9.7688e-05,6.0906e-05,0.00017514,0.00013309,7.2086e-05,0.00015517,6.3899e-05,-7.6798e-06,0.00019014,6.0966e-05,0.00013713,0.00018838,0.0001224,7.493e-05,0.00013155,0.00013622,0.00016215,0.00021993,-8.5694e-05,6.8738e-05,-2.1028e-05,3.0569e-06,4.3632e-06,6.2712e-05,5.2213e-05,3.5372e-05,0.00030173,0.00022824,-4.7591e-05,7.9123e-05,0.00012415,-8.2392e-06,-1.9267e-05,0.00019918,0.00027583,4.8551e-05,0.00017157,8.1493e-05,9.8563e-05,0.00012142,0.00015879,2.6925e-05,8.9715e-05,7.8836e-05,6.2057e-05,7.6173e-05,0.00010958,5.7197e-05,-5.9643e-05,5.6881e-05,8.1286e-05,2.1012e-05,0.00013037,3.9279e-05,2.8976e-05,9.9997e-05,0.00026069,5.3436e-05,3.6236e-05,0.00010056,8.839e-05,-9.7471e-07,2.4478e-05,6.1657e-05,7.5789e-05,0.00027068,0.00014654,1.1679e-05,0.00011512,9.0547e-05,2.3103e-05,7.4123e-05,8.421e-05,0.0001022,3.5599e-05,7.8318e-05,-2.7541e-05,0.00013215,9.5361e-05,8.0802e-05,1.8481e-05,9.3926e-05,3.4909e-05,0.00016275,0.00012463,2.0091e-05,0.00020824,7.4314e-05,-1.1412e-05,7.5522e-05,0.00018063,5.2796e-05,5.4638e-05,8.0586e-05,0.00010047,2.1861e-05,8.7641e-05,6.9076e-05,4.2786e-05,5.2141e-05,9.0715e-05,6.8737e-05,7.0868e-05,2.3076e-05,0.00015195,0.00019729,0.00015956,-2.7375e-06,3.2529e-05,7.3343e-05,9.7951e-05,-5.4365e-05,1.6941e-05,7.3435e-05,5.8336e-05,-1.3822e-05,8.4148e-05,4.5135e-05,0.00011428,-1.917e-06,7.8315e-05,6.6488e-05,7.1753e-05,5.7797e-05,5.2494e-05,-2.8537e-05,7.0377e-05,-1.0683e-06,1.1774e-05,3.4383e-05,2.118e-05,0.00011764,0.00011863,3.3643e-05,0.00013241,7.1451e-05,5.7548e-05,0.00012678,-1.201e-05,0.00021448,6.2597e-05,0.00011704,7.6553e-05,0.00012477,0.00018395,0.00037923,0.00020258,0.00016635,0.00013253,-7.8596e-05,0.0001163,0.00015432,4.5204e-05,7.2289e-05,-9.8494e-07,6.8276e-05,5.3824e-05,0.00011956,0.0001713,8.7009e-05,5.4915e-05,0.00012852,-5.3899e-05,7.1728e-05,5.1577e-05,3.555e-05,8.7052e-05,4.0001e-05,0.00020316,0.00017593
2.5209e-05,8.1834e-05,-2.0893e-05,0.00016995,8.7817e-05,6.7805e-05,9.9882e-05,6.1801e-05,0.000101,9.5387e-05,4.5984e-05,0.00012888,3.9363e-05,0.0001455,0.00020708,2.7471e-05,0.00012439,4.2691e-05,0.00024162,4.3725e-05,8.2999e-05,9.0666e-05,4.0425e-05,4.5193e-05,6.7686e-05,5.9927e-05,0.00013627,0.00014708,0.0002362,0.00016109,9.8983e-05,-7.4558e-05,9.9264e-05,4.7458e-05,1.9773e-05,8.8897e-05,7.9388e-06,3.1638e-05,-2.7435e-06,0.00011701,5.961e-05,7.7584e-05,-0.00019964,9.3589e-05,7.3256e-05,6.523e-05,0.00012766,-5.1066e-06,2.1301e-05,0.00010256,0.00016798,4.7684e-05,0.0001029,8.9885e-05,1.1223e-05,6.0529e-05,0.00017401,4.5471e-05,-1.838e-05,4.3763e-05,8.441e-05,9.981e-05,7.5576e-05,9.2003e-05,1.395e-05,7.4043e-05,9.9137e-05,8.1924e-05,0.00010066,3.9434e-05,2.3683e-05,0.00010091,0.00012765,6.175e-05,9.9393e-06,0.00011166,8.4237e-06,-1.5321e-05,7.6262e-05,9.675e-05,5.9108e-05,0.00018437,8.7734e-05,3.957e-05,0.00015407,3.6842e-05,-3.9035e-05,4.1633e-05,9.4113e-05,0.00012176,8.7202e-05,6.9704e-05,3.2005e-05,0.00016456,0.00017427,0.00012625,5.8032e-05,4.8205e-05,2.1318e-05,9.2508e-05,6.3034e-05,0.00017726,0.00019208,4.1124e-05,7.793e-05,5.9911e-05,3.9412e-05,0.00016365,2.2365e-05,8.0779e-06,0.00011749,6.0442e-05,8.1056e-05,1.8898e-05,0.00013238,4.5331e-05,5.518e-05,9.7401e-05,3.7377e-05,4.1264e-05,0.00021068,5.0433e-05,0.00017218,5.2024e-05,-1.8948e-05,1.4212e-05,4.0811e-05,4.483e-06,1.8084e-05,6.6919e-05,-6.2036e-06,1.1141e-06,-1.4163e-05,-3.8758e-06,8.7702e-05,6.4189e-06,6.9509e-05,0.00016453,0.00012155,0.00010132,4.878e-05,-1.2041e-05,7.1501e-05,4.823e-05,9.8385e-05,0.00010352,2.1222e-05,8.2411e-05,9.8538e-05,5.8762e-05,0.00016044,9.4131e-05,4.7217e-05,-5.8314e-05,2.5501e-05,0.00015323,0.00016018,6.1939e-06,7.8982e-05,1.3655e-05,0.0001081,0.00015616,0.00015358,4.9269e-06,0.00016654,0.00016856,5.7376e-05,0.00022896,8.4075e-05,6.3964e-05,3.9309e-05,4.7145e-05,7.6766e-05,4.377e-05,7.5892e-05,0.00010811,5.7299e-05,5.8329e-05,1.1981e-05,-1.3491e-05,0.00013355,8.9654e-05,8.136e-05,8.1497e-05,0.00019829,-1.1392e-05
-2.2755e-05,4.9703e-05,3.5959e-05,1.3242e-05,8.103e-05,2.8201e-05,2.4933e-06,3.854e-05,6.4754e-05,7.9042e-05,2.9106e-05,-7.9624e-06,8.2624e-06,5.0247e-05,2.7471e-05,9.1877e-05,1.4912e-05,3.686e-05,3.1986e-05,3.6151e-05,-1.3926e-05,9.5891e-06,3.1967e-05,-6.4009e-06,1.4356e-05,4.4034e-05,2.0951e-05,3.7915e-05,-9.7758e-06,4.4547e-05,4.4112e-05,-2.1426e-05,1.9573e-05,-3.9383e-05,0.00010935,2.5935e-05,9.8386e-06,2.5473e-05,2.5308e-05,3.3088e-06,2.1722e-05,-8.7677e-06,0.00030708,1.2721e-05,2.1982e-05,-7.5033e-06,-3.112e-05,4.0985e-05,1.5332e-05,-1.254e-05,-4.2556e-05,1.4664e-05,3.6325e-05,1.3716e-05,-2.7981e-05,7.2631e-05,4.8172e-05,3.5955e-06,-5.2224e-06,-6.2604e-06,4.821e-05,1.5396e-06,4.6216e-05,2.5171e-05,1.3777e-05,4.3344e-05,9.1601e-06,-4.0599e-06,4.5502e-05,8.5064e-05,2.5225e-05,2.7273e-06,6.024e-05,-1.1377e-05,1.4803e-05,3.8259e-05,-7.6015e-05,4.6828e-05,8.1225e-06,-1.2976e-05,2.2354e-05,-4.1879e-05,5.8649e-05,-2.3213e-05,2.8018e-05,5.5496e-05,2.7559e-05,2.3979e-05,2.5573e-05,4.0932e-05,-3.0857e-05,3.1288e-05,6.8826e-05,2.0008e-05,8.4769e-05,2.0737e-05,1.6895e-05,4.8354e-05,4.5727e-05,3.7965e-05,3.7363e-05,-5.8336e-05,-1.8698e-06,6.177e-06,9.2275e-06,1.4575e-05,-6.5595e-06,5.3649e-05,3.7267e-05,-2.1706e-05,4.6605e-05,2.6746e-05,2.4671e-05,7.5244e-06,7.4926e-05,5.5973e-05,2.4753e-05,3.7781e-05,2.6288e-05,2.5022e-05,7.215e-05,5.7543e-05,2.6691e-05,2.6466e-05,5.1929e-05,-7.6581e-06,5.5637e-05,2.8262e-05,3.5558e-05,3.5687e-05,-1.6834e-05,3.1699e-05,1.9376e-05,2.4136e-05,3.5502e-06,1.729e-05,2.4878e-05,4.4714e-06,4.1169e-05,1.4823e-05,4.5923e-05,9.0024e-06,2.6707e-05,2.0093e-05,3.6316e-05,3.8773e-05,2.1681e-05,5.131e-05,2.5872e-05,2.9426e-05,3.5877e-05,4.3897e-05,3.5038e-05,7.1172e-05,-3.7288e-06,2.0256e-05,4.5548e-05,2.2403e-05,1.5185e-05,5.5236e-05,-4.3419e-05,0.00012345,-1.584e-05,-8.3101e-05,5.6134e-05,-3.3897e-06,1.6599e-05,3.5199e-05,2.2477e-05,1.429e-05,3.393e-05,-8.3347e-06,-2.1279e-06,3.1652e-05,-1.5473e-05,-5.0797e-05,3.3932e-05,4.4517e-05,2.7148e-05,1.9659e-05,-3.1321e-05,1.0043e-05,4.3653e-05,2.5538e-05,6.6331e-05,9.699e-05
0.00082904,6.0478e-05,-6.7827e-05,0.00055172,9.7841e-05,0.00033165,0.00024137,-9.0543e-06,0.00010877,0.00018251,2.8167e-05,0.0002924,8.6959e-05,9.7688e-05,0.00012439,1.4912e-05,0.00042733,0.00014626,0.00014188,0.00056154,4.096e-05,0.0004101,3.5359e-06,3.3306e-06,0.00019139,0.00010736,3.7187e-05,5.9241e-05,0.00030296,0.00014904,4.6032e-05,0.00016402,0.0002303,0.00029795,-0.00014461,4.2944e-05,0.00014481,3.7231e-05,-2.9495e-05,2.3101e-05,4.2461e-05,-1.1814e-05,-0.00081438,0.00018474,6.4349e-06,0.00010929,0.00013799,-1.8344e-05,-3.4133e-05,2.6661e-05,0.00034638,-3.1983e-06,0.00020691,9.5371e-05,0.00028334,9.7168e-05,0.0001074,8.6964e-05,0.00049158,4.5192e-05,7.1128e-06,5.8437e-06,0.00012933,0.00016604,-4.493e-05,0.00017455,9.2071e-05,0.00020605,0.00023764,8.506e-05,-4.6204e-05,4.5461e-05,0.00020188,5.459e-05,-2.9527e-05,9.8891e-05,4.3112e-05,3.4575e-05,6.6169e-05,0.00032667,2.7739e-05,0.00024461,-1.8992e-05,-7.0867e-05,2.0988e-05,-0.00019547,-0.00023648,3.8352e-05,0.00012109,0.00014018,5.8911e-05,8.1655e-05,1.7678e-05,7.4992e-05,0.00014967,0.00021675,6.9695e-05,8.462e-05,-0.00010713,7.009e-05,0.00014329,3.3786e-05,0.0001821,0.00012001,0.00016626,9.6806e-06,-9.093e-05,0.00033892,-7.5332e-05,0.00013428,3.1017e-05,7.5521e-05,2.8479e-05,-5.4853e-05,0.00021288,0.0001479,4.294e-06,0.00015786,5.1545e-05,5.7247e-05,0.00031027,0.00021396,9.9756e-05,2.2707e-05,-0.00012382,0.00043945,8.1947e-05,0.00017709,-1.9219e-05,0.00024856,0.00047289,-7.5616e-05,2.6817e-05,-5.6715e-05,0.0001729,4.0176e-06,5.8567e-05,0.00039544,0.00019162,0.00018513,2.629e-06,-0.00022072,1.9654e-05,0.00018619,5.2695e-05,0.00022028,4.3527e-05,0.00015008,7.6342e-05,7.2329e-05,0.0001938,0.00012658,6.6302e-05,0.00015964,2.0699e-05,0.00046365,0.00010773,5.2061e-05,7.6377e-05,5.4974e-05,0.00020481,0.00015888,5.1956e-05,0.00061528,8.0286e-05,0.00038367,0.00020075,6.9025e-05,3.1124e-06,5.1735e-05,1.5313e-05,-1.3432e-05,4.4373e-05,-6.6831e-05,0.0006607,0.00030078,4.1918e-05,-2.6457e-05,0.00025952,0.00018579,-7.5235e-06,-2.8092e-08,2.28e-05,9.2028e-05,0.00011148,0.00016597
0.00015447,2.3159e-05,-3.2442e-05,0.00017433,7.826e-05,0.00013727,8.6506e-05,-2.9075e-06,0.00011927,8.1182e-05,-3.9419e-05,0.00016327,1.9191e-05,6.0906e-05,4.2691e-05,3.686e-05,0.00014626,0.00020948,5.9327e-05,0.00014806,1.6046e-05,0.00015779,1.7761e-05,6.5807e-05,9.909e-05,-3.1508e-05,4.1142e-05,-1.1983e-05,0.0001092,6.5743e-05,-3.2926e-06,-0.00019464,4.9846e-05,8.3356e-05,-0.00027212,2.4734e-05,9.8334e-06,1.9274e-05,-1.5042e-05,-2.4232e-06,5.8584e-05,2.0965e-05,0.00016512,9.7025e-05,-7.3769e-05,6.0539e-06,0.00015779,-2.1381e-05,2.4686e-05,7.293e-05,-5.0602e-07,2.5053e-05,0.00018693,6.9205e-05,-3.1461e-05,5.202e-05,8.1984e-05,-3.3676e-06,0.0001121,-1.9393e-05,2.4283e-05,-1.7352e-05,4.1466e-05,7.2075e-05,-2.3673e-05,0.00014276,2.5654e-05,5.4071e-05,0.000158,9.929e-05,-2.3018e-05,3.8114e-05,0.00016509,-2.9285e-06,2.9197e-05,7.9337e-05,-8.8165e-06,-5.2913e-05,-7.83e-05,6.5219e-05,2.3339e-06,2.6514e-05,8.8325e-05,-8.4226e-05,2.2004e-05,-5.7191e-05,-7.4299e-05,8.95e-05,7.7807e-05,4.7495e-05,4.4957e-05,4.6073e-05,5.3003e-05,1.4317e-05,0.00010309,0.00013119,2.6163e-05,5.0439e-05,5.8242e-05,4.8365e-05,1.799e-05,-2.9066e-05,0.00013147,2.3315e-06,4.9006e-05,2.1044e-05,8.3128e-05,0.00018054,-7.9354e-06,9.2672e-06,7.9347e-05,3.0359e-05,7.9341e-05,2.171e-05,0.00013068,6.1646e-05,3.3896e-05,0.00013317,-8.2323e-06,2.4874e-05,0.00020281,9.2541e-05,8.1611e-05,-8.92e-06,8.74e-06,0.0001022,0.00011353,1.2693e-05,2.0818e-05,1.5001e-05,6.8128e-05,-8.6912e-06,5.8921e-05,-2.5575e-05,8.2732e-05,3.7281e-06,5.2305e-05,9.5944e-05,0.00011453,0.00012559,-3.0564e-05,2.5558e-05,-6.5112e-06,3.4166e-05,1.7395e-05,0.00015725,-1.9667e-06,7.2565e-05,5.5603e-05,2.0187e-05,3.486e-05,7.6835e-05,-1.038e-05,0.00016915,1.3223e-05,0.00030363,6.1104e-05,3.2101e-05,5.6552e-05,3.9425e-05,0.00010492,0.00021858,8.8695e-06,0.00026398,6.7859e-05,7.6328e-05,9.0824e-05,4.6349e-05,-1.2978e-05,-9.4111e-06,-3.2534e-06,1.6783e-05,3.0159e-05,-9.4952e-05,0.00010714,0.00012399,5.044e-05,-3.2847e-05,9.3975e-05,4.1584e-05,1.3355e-05,2.5838e-05,-7.7338e-07,2.068e-05,9.7681e-05,0.00015727
-0.00010945,8.9943e-05,-3.0995e-05,0.00016296,3.3252e-05,5.4395e-05,8.9952e-05,6.7371e-05,7.5228e-05,0.00010691,4.2511e-05,0.00011785,3.0154e-05,0.00017514,0.00024162,3.1986e-05,0.00014188,5.9327e-05,0.00032932,4.6887e-06,0.00010759,8.8527e-05,2.6757e-05,1.521e-05,7.3666e-05,3.3089e-05,0.0001756,0.00015101,0.00030824,0.00016539,0.00012159,-0.00023144,8.9706e-05,6.9677e-05,-6.2689e-05,8.8416e-05,-9.7772e-06,3.4263e-05,-2.0464e-05,0.0001542,6.8066e-05,8.1966e-05,7.2676e-05,9.9161e-05,0.00010651,9.7083e-05,0.00015873,-2.8072e-05,2.0628e-05,0.00022925,0.00012189,4.1997e-05,0.00012867,0.00011464,-5.7238e-05,0.0001063,0.00022504,5.4896e-05,-9.3491e-05,5.9508e-05,0.00010455,0.00013288,6.3155e-05,8.3062e-05,-3.2256e-05,7.6276e-05,0.00012775,8.7821e-05,0.00012266,6.9129e-05,1.1543e-05,0.00011759,0.00016878,7.6884e-05,5.2145e-06,0.00013102,-9.8745e-05,-4.7139e-05,7.3167e-05,0.00011483,6.7676e-05,0.00027548,9.1547e-05,1.9208e-05,0.00020304,4.5755e-05,-7.902e-05,4.2612e-05,9.9076e-05,0.00011769,0.00011656,0.00010613,4.5654e-05,0.00019387,0.00019325,0.00013769,5.9955e-05,6.0097e-05,1.5371e-05,8.4523e-05,7.898e-05,0.00017586,0.00026468,4.3419e-05,6.7839e-05,6.1595e-05,5.4661e-05,0.00015323,4.0329e-05,-3.2283e-06,9.3006e-05,6.7218e-05,9.0506e-05,4.467e-05,0.00012653,2.7712e-05,3.1597e-05,0.00013817,3.5824e-05,4.0793e-05,0.00025871,2.2189e-05,0.00021807,5.7428e-05,-5.0627e-06,-4.7386e-05,3.924e-05,-1.5001e-05,3.186e-05,4.7459e-05,-1.1254e-05,-5.2565e-06,-7.7101e-06,-3.3217e-06,0.00010396,5.3113e-06,8.1603e-05,0.00016341,0.00014153,0.00010384,4.2587e-05,1.4077e-05,9.8328e-05,3.0363e-05,0.00011066,9.3621e-05,2.7775e-05,9.739e-05,9.1068e-05,6.971e-05,0.00016557,0.00014353,4.4633e-05,-3.2378e-05,1.7148e-05,0.00017982,0.00018091,2.4055e-05,8.6057e-05,3.497e-05,0.00015931,0.00010918,0.00019268,-2.5338e-05,0.00018823,0.00016376,7.9401e-05,0.00027591,9.9542e-05,6.8898e-05,3.5792e-05,5.3054e-05,7.5564e-05,4.3987e-05,-1.5783e-05,0.00012771,4.5886e-05,8.0433e-05,7.4374e-07,-6.6636e-05,0.00020288,8.946e-05,9.1302e-05,8.6292e-05,0.00023073,8.3546e-06
