0.0032842,0.00030044,0.000345,0.0014364,0.00058995,0.001256,0.00093518,0.00015474,0.00063898,-0.00011876,0.00034831,0.00077018,0.00022583,0.00034001,0.00022252,7.7528e-05,0.00073187,-1.4779e-05,0.00021815,0.0017235,0.00025067,0.00080421,0.00022156,0.00022897,0.00070285,0.00085192,-1.4478e-05,0.00037354,0.00030986,0.00029006,0.00050579,0.00022611,0.00035513,0.00026635,0.00032088,5.1258e-05,0.00044385,0.00022178,0.00034378,0.00046106,0.00045153,-0.0003503,9.3961e-06,0.00047255,-0.00028411,7.7538e-06,0.00027438,0.00068076,0.00033168,0.00031954,0.0021319,0.00017258,0.00023945,0.0001486,0.0010223,0.00063786,0.00031092,0.00066296,0.0021367,0.000154,0.00018444,0.00024269,3.8588e-05,0.00029032,7.3375e-05,0.00052784,0.00043122,0.00010034,0.00068424,-2.5169e-06,0.00021718,0.00011414,0.00031192,0.00039455,0.00040985,1.0376e-05,-0.00016463,0.00054231,0.00055055,5.4942e-05,0.00024381,-0.00012668,0.00026381,0.00014109,0.00015182,5.0813e-05,0.00030473,0.00012297,0.0003204,0.00010064,0.00019415,0.00027391,0.00012179,0.00042307,0.00064008,0.00043039,0.00026847,0.00065126,-1.3893e-05,0.00018049,0.00067256,0.00011938,0.00023122,0.0006966,8.616e-05,0.00018911,0.00018349,0.00077348,-3.1492e-05,0.0011304,0.00033956,0.00025496,-4.0717e-05,0.00066267,0.00074469,0.00051741,0.00021554,0.00069702,0.0001929,0.00023686,0.00080419,0.00052919,0.00030079,0.0002542,0.0002148,0.0015141,0.0003742,0.00077687,-1.8693e-05,0.00050755,0.00020535,0.00018513,0.00061744,0.00027533,0.00036652,1.6512e-05,0.00025735,8.3467e-05,0.00059049,0.00058949,0.00034175,-0.00020823,0.00012174,-0.00011571,0.00045848,0.00084104,0.00057573,0.00036393,-0.00018489,0.00011466,0.00044725,8.6906e-05,0.00038236,0.00044971,0.0002278,0.0018877,0.00067855,0.00015349,9.8018e-05,0.0005373,0.00078298,0.00032666,-0.00010975,0.0015122,0.00033995,-3.3895e-05,0.00056673,4.7943e-05,9.4889e-05,0.00028696,0.00019223,0.00023861,0.00010461,0.00062627,0.0012259,0.00041566,0.00031203,0.00024409,0.0011989,0.00070477,0.00057392,-1.4429e-05,0.00034577,0.00029314,0.00025564,0.00031929
0.00030044,0.00038033,0.00011606,0.00032113,0.00018152,7.4664e-05,0.00014598,0.0001304,0.00012722,8.8666e-05,0.00016369,0.00010038,9.6846e-05,2.2412e-05,8.0551e-05,1.784e-05,9.707e-05,-6.9895e-05,0.00016608,0.00011394,0.00014955,4.2711e-05,0.00011691,9.2058e-05,3.9211e-06,0.00016235,8.6917e-05,0.00017122,0.00018995,7.1294e-05,0.0001435,-2.0888e-05,0.00011656,-9.3092e-05,2.7197e-05,8.3273e-05,5.2052e-05,0.00011045,0.00010234,0.00012543,0.00013755,6.6163e-06,0.00011248,0.00010099,6.3824e-05,0.00014839,0.00012234,9.3063e-05,0.00010147,0.00017626,3.5914e-05,0.00013631,8.1269e-05,3.2317e-05,0.00015154,0.00013744,4.7783e-05,0.00014809,0.00014949,6.5833e-05,6.9004e-05,0.00014755,5.329e-05,0.00024529,8.9591e-05,0.00018736,0.0001389,6.9408e-06,8.0678e-05,0.00011902,7.7419e-05,0.00010477,0.00010881,5.4783e-05,6.1243e-05,1.4451e-05,4.6464e-05,9.5357e-05,0.0001033,9.2515e-05,0.00017135,-1.7969e-05,0.00010576,8.2308e-05,0.00018365,3.1561e-07,7.4499e-05,7.9291e-05,6.5819e-05,-1.1097e-05,6.2576e-05,8.7581e-05,6.9264e-05,0.00015843,0.00014684,6.0258e-05,0.00013843,0.00010239,7.8599e-05,0.00010484,0.00019831,0.00022858,5.8465e-05,0.00013828,4.1643e-05,0.00010885,-2.5268e-05,0.00011106,-4.4117e-05,0.00017312,8.9877e-05,2.3104e-05,5.1509e-05,-3.1654e-05,0.00025082,0.00014664,4.0549e-05,0.00015774,7.2012e-05,9.7098e-05,5.8582e-05,1.8455e-05,8.6573e-05,0.00014407,1.9256e-05,0.00011038,7.4947e-05,3.8226e-05,4.7551e-05,9.2725e-05,1.8477e-05,6.4233e-05,0.00025629,9.3227e-05,7.3454e-05,1.2873e-05,-2.4252e-05,7.7831e-05,0.00012215,0.00013147,0.00013635,1.5215e-05,6.7107e-05,6.1976e-05,0.000189,0.00012095,0.00017437,7.3145e-05,0.00010737,0.00013353,0.00021535,7.1072e-05,6.4628e-05,-3.1216e-05,3.8984e-05,0.00031378,0.0001633,1.217e-05,7.7502e-05,0.00011675,5.1838e-05,6.4278e-05,1.9066e-05,0.00017307,0.0001647,1.4873e-06,4.8947e-05,7.3982e-05,3.6195e-05,8.9724e-05,0.00013747,8.2629e-05,7.644e-05,0.00017551,-5.118e-05,3.353e-05,7.6185e-05,-5.4495e-05,0.00010457,7.3373e-06,0.00016342,7.8285e-05,7.2458e-05,0.00015922,1.6797e-05,0.00010826
0.000345,0.00011606,0.00011825,0.00021555,0.00010233,0.00012603,0.0001752,6.8404e-05,6.0376e-05,1.8685e-05,0.00010129,3.0033e-05,5.873e-05,4.8934e-05,-1.1565e-05,1.6802e-05,6.8887e-05,-4.3686e-05,2.7988e-05,0.00014626,7.3241e-05,1.3022e-05,6.3872e-05,7.9751e-05,6.078e-05,0.00015574,1.5198e-05,6.3748e-05,5.2729e-05,2.634e-05,0.00010791,8.5726e-05,7.7414e-05,-2.4155e-05,4.8152e-05,4.09e-05,4.807e-05,5.7216e-05,7.2556e-05,7.2e-05,8.8998e-05,1.546e-05,2.348e-05,2.62e-05,-1.8881e-05,7.4995e-05,7.2087e-05,9.9502e-05,6.8809e-05,8.4014e-05,0.00017993,6.1121e-05,1.7113e-05,3.5232e-05,0.00015055,0.0001087,5.0002e-05,0.00010325,0.00022435,6.5812e-05,6.718e-05,6.467e-05,3.5828e-05,7.8672e-05,2.4728e-05,0.00010862,6.9968e-05,1.6958e-05,3.7871e-05,1.8713e-05,3.8079e-05,5.1286e-05,3.0599e-05,5.0381e-05,6.4927e-05,2.2321e-07,0.00012947,6.1533e-05,8.1771e-05,-5.007e-06,7.1577e-05,-4.5227e-05,9.2004e-05,2.2993e-05,6.0709e-05,3.1761e-05,4.961e-05,2.7589e-05,3.6119e-05,2.8631e-05,5.4512e-05,5.0446e-05,3.4596e-05,8.3255e-05,8.0652e-05,1.0932e-05,5.9517e-05,9.96e-05,4.9842e-05,7.0995e-05,0.00011571,7.4514e-05,4.8586e-05,0.00011519,2.0685e-05,6.363e-05,-0.00011565,8.4269e-05,2.0969e-05,0.00020167,3.6221e-05,1.269e-05,4.4798e-05,2.9745e-05,0.00010276,5.7375e-05,6.6875e-05,9.1288e-05,1.6045e-05,5.7096e-05,5.3714e-05,5.408e-05,7.4499e-06,8.0771e-05,2.5105e-05,0.00011733,6.7207e-05,7.7864e-05,1.2787e-05,9.5469e-05,6.6143e-05,4.0885e-05,4.4546e-05,3.9043e-05,5.8958e-05,1.434e-05,5.6216e-05,3.499e-05,8.5891e-05,6.3935e-05,8.8471e-05,-4.4873e-05,3.4317e-05,1.6293e-06,0.00011048,9.9747e-05,6.9621e-05,4.1997e-05,3.2914e-05,6.7505e-05,0.00012764,3.8705e-05,7.2618e-05,6.6483e-05,2.0884e-05,0.00024516,7.6201e-05,4.4309e-05,6.1131e-05,7.9655e-05,8.4712e-05,5.1317e-05,-1.1356e-05,0.00010863,8.7043e-05,3.3905e-05,6.0798e-05,-4.0983e-06,1.6033e-05,5.1194e-05,6.014e-05,2.8592e-05,6.4602e-05,0.00012556,0.0001327,2.8937e-05,8.1084e-05,-4.1615e-05,0.00013062,8.9451e-05,8.0844e-05,2.1878e-05,4.6803e-05,6.1783e-05,2.3447e-05,3.113e-05
0.0014364,0.00032113,0.00021555,0.0012263,0.00035253,0.00062531,0.00044969,0.00014655,0.00037548,5.6444e-05,0.00028869,0.00048791,0.00016375,0.00021762,0.00011808,8.2943e-05,0.00049895,9.9371e-05,0.00010988,0.00092412,0.00017063,0.000494,0.00018553,7.9425e-05,0.00035501,0.00048957,1.6859e-05,0.00037626,0.00025959,0.00020864,0.00043992,-4.5991e-05,0.00025764,0.00018098,0.00027067,7.9675e-05,0.00015741,0.00015191,0.00023162,0.00024298,0.00032574,-0.00029828,4.8315e-05,0.00034068,-0.00024969,0.0001106,0.00033567,0.00026528,0.00024185,0.00059734,0.0010245,0.00016427,0.00011947,4.1298e-05,0.00035957,0.00035495,0.00012673,0.00032473,0.00097879,0.00012773,8.9172e-05,0.00017462,0.00011935,0.00043928,8.2947e-05,0.00043489,0.00022706,3.9849e-05,0.00043821,6.9313e-05,0.00017191,0.00012104,0.00026859,0.00034606,0.00031399,4.9806e-05,-0.00010543,0.00029137,0.00037383,9.1356e-05,0.00014266,5.572e-05,0.00017229,5.0735e-05,0.00022603,7.7481e-05,0.00013205,2.766e-05,0.00032293,2.2613e-05,0.00012265,0.00019553,5.175e-05,0.00018602,0.00039093,0.00030206,0.00018581,0.00025697,5.6985e-06,0.00016329,0.00047581,0.00021381,9.6753e-05,0.00040269,9.8153e-05,0.00011539,-0.00012012,0.00049282,-5.8433e-05,0.0006219,0.00025836,8.3755e-05,5.9364e-05,0.00026003,0.00052426,0.00036547,0.00012568,0.00036763,0.00016551,9.217e-05,0.0004715,0.00036083,0.00014304,0.00017619,0.00012139,0.00073916,0.00027379,0.00044648,-4.1913e-06,0.0003225,-9.2296e-05,0.00012844,0.00050297,0.00010496,0.00015625,2.9827e-05,0.00011385,9.6494e-05,0.00043083,0.0004661,0.00018207,-1.3724e-06,8.0686e-05,0.00012925,0.00020174,0.00043105,0.00043259,0.00030841,1.4963e-05,0.00019288,0.00033933,7.8186e-05,0.00027672,0.00028599,0.00013741,0.0011784,0.00040449,6.1835e-05,0.0001443,0.00043571,0.00023023,0.00019806,-5.3306e-05,0.00077476,0.00025835,2.8501e-05,0.00043064,6.2364e-05,4.1068e-05,0.00022531,0.00011366,0.00013353,0.00013476,0.00043033,0.00042735,0.00028009,0.00020011,0.00019412,0.00067251,0.00027166,0.00029558,-1.5349e-05,0.00023593,0.00020964,0.0001555,0.00046306
0.00058995,0.00018152,0.00010233,0.00035253,0.00034971,0.00019904,0.00018422,9.1382e-05,0.0001905,3.4469e-05,0.00012134,0.00024047,4.9072e-05,6.9342e-05,0.00015059,8.2386e-05,0.00023382,5.1468e-05,0.00016418,0.00041422,0.00013903,0.00028087,0.00010416,7.1621e-05,0.00011225,0.00021175,7.5844e-05,0.00011962,0.00020187,0.00010195,0.0001764,-4.9907e-05,0.00010244,9.4606e-05,0.00014461,3.1867e-05,0.00011134,0.0001019,8.1126e-05,0.00016388,0.00013348,-9.9974e-05,3.3509e-05,5.4471e-05,-3.5998e-05,0.00010592,0.00010063,0.00027492,0.0001074,0.00023428,0.00031383,0.00011216,0.00010301,4.7415e-05,0.00024562,0.00021412,8.3915e-05,0.00025686,0.00036483,2.2306e-05,7.2503e-05,0.00015452,1.9274e-05,0.00026239,7.2212e-05,9.7503e-05,0.00015819,7.1632e-06,0.00027259,7.7315e-05,9.5773e-05,7.1378e-05,0.00011781,0.0001364,9.2172e-05,1.6506e-06,-7.9804e-05,0.00019989,0.00018969,6.441e-05,7.257e-05,0.00018585,1.635e-05,0.00014357,9.2076e-05,2.4769e-05,0.00011256,4.843e-05,8.0296e-05,2.1423e-05,6.2812e-05,0.00012874,6.148e-06,0.00016891,0.00018024,0.00011936,0.00013469,0.00018722,5.3355e-05,6.8247e-05,0.00025089,0.00013696,8.1921e-05,0.00023903,-1.5459e-05,5.7164e-05,-0.00013777,0.00021992,-1.3484e-05,0.00024746,8.6787e-05,0.00011053,1.4496e-05,3.9762e-05,0.00026242,0.00014204,7.0514e-05,0.00023373,4.7261e-05,5.7502e-05,0.00025676,0.00011486,0.00015601,8.3508e-05,5.5689e-05,0.0003385,0.00010637,0.00023902,4.4644e-05,0.00015616,-8.0456e-05,9.2306e-05,0.00019008,0.00012893,0.0001563,-3.1355e-06,3.2292e-05,3.3119e-05,0.00015604,0.00020924,8.1327e-05,5.703e-05,7.5669e-05,-3.9005e-05,0.00017745,0.00023355,0.00020598,9.1864e-05,-2.5659e-05,7.2937e-05,0.00020954,6.5113e-07,9.3415e-05,0.00013865,8.2191e-05,0.00052431,0.00020732,6.3802e-05,1.7531e-05,0.00020087,0.00015664,6.2046e-05,-0.00012845,0.0005,0.00015321,-0.00012152,0.00014929,0.00014307,3.156e-05,8.8055e-05,0.00010339,8.9204e-05,-7.7069e-06,0.00024359,0.00025202,0.00011024,9.709e-05,0.00013779,0.00030487,0.00014146,0.00018178,-1.3646e-05,0.00011873,7.5939e-05,0.00012886,0.00017572
0.001256,7.4664e-05,0.00012603,0.00062531,0.00019904,0.00072141,0.00034795,1.5584e-05,0.00030146,3.2355e-05,0.00011007,0.00039031,4.6849e-05,0.00017034,6.7613e-05,3.7746e-05,0.00031496,5.3117e-05,9.1852e-05,0.00073031,0.00016774,0.00038159,0.00010094,5.9464e-05,0.00035101,0.00037498,-3.0424e-05,0.00017031,0.00012243,0.00017924,0.00019572,8.9154e-05,0.00014078,0.00023821,0.00017167,2.5967e-05,8.8687e-05,8.1263e-05,0.00012481,0.00018809,0.00014232,-0.00020123,3.9164e-05,0.00015948,-0.00017738,6.4199e-05,0.00014864,0.00036112,0.00013841,5.3055e-05,0.0009962,8.0389e-05,-3.351e-06,6.8467e-06,0.00041644,0.0002782,0.00013665,0.00027536,0.00093039,0.00010171,5.335e-05,9.7284e-05,8.492e-05,0.00012258,5.269e-05,0.00024817,0.00016593,3.0447e-05,0.000358,1.6452e-05,7.147e-05,5.1784e-05,6.0377e-05,0.00019661,0.00016554,7.0279e-05,-9.4385e-05,0.00031401,0.00024602,1.0718e-05,6.3765e-05,1.9252e-05,6.0778e-05,3.0032e-05,3.8524e-05,8.7008e-05,0.00022027,5.3575e-05,0.0002243,6.46e-05,7.6998e-05,0.00010097,3.2221e-06,0.00017628,0.00030163,0.00026149,0.00015038,0.00030185,-2.5635e-05,0.00011042,0.00032582,3.0641e-05,8.6396e-05,0.0002706,6.7971e-05,8.1137e-06,2.4958e-05,0.00038299,0.00011672,0.00053676,0.00021293,5.7321e-05,-3.5383e-05,0.00034162,0.00038496,0.00020769,0.00010511,0.00029073,1.714e-05,8.7524e-05,0.00039073,0.00026372,0.00013324,6.5073e-05,6.7626e-05,0.00065113,0.00016431,0.00037605,-2.836e-05,0.00028455,6.7741e-05,9.177e-05,0.00028481,6.9458e-05,4.4541e-05,1.8742e-05,0.00011453,3.5844e-06,0.0002913,0.00026137,9.1968e-05,-9.4078e-05,4.4537e-05,0.00013047,0.0001123,0.00037355,0.00025737,0.00027906,-5.8896e-05,4.6748e-05,0.00011511,-2.9576e-05,0.00014303,0.00026995,0.00012565,0.00079597,0.00029992,4.829e-07,1.1411e-05,0.00029145,0.00030089,6.1936e-05,-0.00019292,0.00073885,0.00011997,7.5249e-05,0.00028898,3.8389e-05,7.215e-07,0.00011267,7.3774e-05,5.4045e-05,4.7083e-05,0.00025929,0.00053934,0.00022916,0.00014229,0.00017757,0.00056481,0.00033285,0.00018011,2.2649e-05,0.00015123,8.1754e-05,7.7688e-05,0.00034769
0.00093518,0.00014598,0.0001752,0.00044969,0.00018422,0.00034795,0.00054043,0.00011884,0.00021614,-2.9952e-07,0.00018423,0.00014141,6.0777e-05,9.0707e-05,3.926e-05,9.9023e-05,0.00021316,-0.00010421,9.583e-05,0.00045098,0.000148,0.00014837,0.00010703,0.00013054,0.00025995,0.00028025,3.0454e-05,0.00014183,0.00011643,6.7902e-05,0.00015848,0.00016075,0.00020458,6.0021e-05,0.00011789,2.2955e-05,0.00013568,0.00010712,0.00017853,0.00013962,0.00022058,1.8981e-05,5.9369e-05,9.1232e-05,-0.00010017,2.7894e-05,0.00015094,0.00020594,0.0001673,0.00016551,0.00049418,6.7668e-05,2.7447e-05,0.00010193,0.00033533,0.00027398,6.6069e-05,0.00023191,0.00056545,1.4639e-05,7.6987e-05,9.939e-05,4.9635e-05,0.00014794,1.7556e-06,0.00019461,0.00014373,1.7083e-05,0.00012863,-4.2422e-06,6.1636e-05,9.515e-05,5.4426e-05,0.00013615,0.00016688,3.1748e-05,8.7291e-05,0.00015434,0.00014819,-2.0544e-05,0.00011708,-9.0632e-05,0.00013133,8.0961e-05,6.8874e-05,-2.4412e-05,8.6528e-05,6.7993e-05,0.00013415,2.1588e-05,1.6568e-05,0.00011978,3.3127e-05,0.00014457,0.00024684,0.00010645,4.3336e-05,0.00012574,5.9646e-05,7.9897e-05,0.00027446,0.00011312,7.9773e-05,0.00018984,7.9806e-05,8.0087e-05,-2.6285e-05,0.00022917,1.6087e-05,0.00041227,0.00012345,7.317e-05,6.5336e-05,0.00014336,0.0003057,0.00018742,6.7178e-05,0.00018875,6.8323e-05,7.306e-05,0.00018518,0.00022513,8.6663e-05,0.00012672,2.133e-05,0.00035639,0.00014386,0.00037004,-1.2953e-05,0.00019179,0.00015409,6.5149e-05,0.00018435,0.00010804,6.0666e-05,3.6525e-05,9.5825e-05,2.2967e-05,0.00019325,0.00011508,0.00012372,-0.00013899,6.061e-05,-2.0751e-05,0.00017934,0.00025478,0.00013984,0.00016274,-1.5682e-05,6.6169e-05,0.00023025,-1.981e-05,0.0001775,0.00011712,8.9699e-05,0.00059727,0.00020058,6.4602e-05,9.6526e-05,0.00016482,0.00036645,0.00010538,-2.7162e-05,0.00036701,0.0001642,0.0001778,0.00024683,3.157e-06,2.278e-05,0.00017998,8.4389e-05,3.9208e-05,0.00010879,0.00019563,0.00039871,0.00014077,0.00020314,-0.00019578,0.00047906,0.00027408,0.00011706,4.4784e-05,0.0001388,8.8268e-05,2.4055e-05,2.0992e-06
0.00015474,0.0001304,6.8404e-05,0.00014655,9.1382e-05,1.5584e-05,0.00011884,0.00010704,3.2098e-05,1.2941e-05,7.8631e-05,-9.0201e-07,3.9411e-05,-5.0613e-06,-7.6914e-07,2.8106e-05,6.6855e-05,-6.0109e-05,2.4963e-05,8.1819e-05,4.429e-05,-8.2705e-06,5.9203e-05,5.0081e-05,2.1952e-05,8.1442e-05,1.6977e-06,6.9057e-05,4.5875e-05,-1.7118e-05,7.5432e-05,9.6527e-05,5.6763e-05,-2.0655e-05,1.0702e-05,2.2682e-05,2.9229e-05,5.1235e-05,4.2123e-05,2.2492e-05,6.5698e-05,4.0922e-05,-1.4867e-05,6.8164e-05,4.5447e-05,0.00010527,-9.9158e-06,3.566e-05,4.3088e-05,0.00015893,2.1832e-05,5.996e-05,4.2117e-05,3.3579e-05,8.7255e-05,0.00010201,1.849e-05,8.2127e-05,5.1365e-05,4.8911e-05,4.0009e-05,4.853e-05,1.1863e-05,0.00012153,1.8254e-05,4.6203e-05,3.3214e-05,2.7002e-05,1.0683e-05,-1.0914e-05,3.862e-05,5.7316e-05,5.2137e-05,-1.0485e-05,7.1727e-06,-1.2096e-05,0.00015789,2.3908e-05,3.4055e-05,-3.2622e-05,5.0423e-05,-3.218e-05,3.4051e-05,2.7834e-05,7.5558e-05,-1.154e-05,2.7695e-05,3.3037e-05,-4.9796e-06,3.0865e-05,4.6939e-05,3.9455e-05,4.3618e-05,3.3347e-05,4.7099e-05,-5.006e-05,3.5913e-05,8.0728e-06,4.5808e-05,2.4342e-05,0.00011434,7.8825e-05,2.8432e-06,6.776e-05,3.4529e-05,4.7541e-05,-8.2051e-05,4.8285e-05,-2.5749e-05,9.26e-05,-2.5889e-05,-7.2022e-06,3.1887e-05,1.4788e-05,7.9405e-05,4.7239e-05,1.9951e-05,6.2984e-05,4.5528e-05,3.821e-05,1.2634e-05,1.5985e-05,1.3154e-05,6.344e-05,3.2735e-06,4.2006e-05,2.9383e-05,6.034e-05,1.7865e-06,5.9521e-05,3.3254e-05,1.6723e-05,9.7777e-05,4.6618e-05,5.9329e-05,1.1333e-06,1.3509e-05,7.5316e-05,5.7902e-05,4.9366e-05,4.8301e-05,-2.9024e-05,1.8313e-05,-8.4075e-06,9.5691e-05,3.4346e-05,1.0876e-05,4.4135e-05,5.1788e-05,3.8056e-05,0.00013968,3.2093e-05,3.9994e-05,-2.6043e-05,-6.6904e-06,0.00015301,3.5309e-05,3.8643e-05,4.5361e-05,4.3446e-05,6.9486e-05,3.8288e-05,-2.1504e-05,9.3465e-05,0.00011172,6.4077e-05,4.5831e-05,-1.7496e-05,1.9916e-05,2.7988e-05,5.6795e-05,4.1911e-05,4.2947e-05,0.00010125,4.8166e-05,1.3421e-05,5.401e-05,-7.632e-05,7.0279e-05,3.7681e-06,1.9081e-05,2.2716e-05,3.6355e-05,5.7906e-05,3.7297e-05,1.0404e-05
0.00063898,0.00012722,6.0376e-05,0.00037548,0.0001905,0.00030146,0.00021614,3.2098e-05,0.00027554,-4.9185e-06,8.9313e-05,0.00025239,1.425e-05,0.0001178,0.00015282,0.00010367,0.0002166,4.5461e-05,0.00021327,0.00036163,0.00012389,0.00026787,8.8993e-05,5.0355e-05,0.00015044,0.00016979,0.0001011,0.00011772,0.00016723,0.00013625,0.0001052,-0.00016062,9.7191e-05,0.0001451,0.00013435,-4.1958e-06,7.3511e-05,4.5894e-05,9.5452e-05,0.00014496,9.7071e-05,-0.00014237,9.0762e-05,4.4678e-05,-3.5795e-05,2.3898e-05,6.2761e-05,0.00021491,0.00011919,0.00014152,0.0002908,4.6637e-05,7.4236e-05,8.6933e-06,0.00023645,0.00017624,7.8581e-05,0.00018365,0.0004499,-3.0851e-05,3.6356e-05,0.0001188,9.3557e-06,0.00018216,6.0226e-05,0.00017053,0.00014993,-2.177e-05,0.00020285,9.5372e-05,8.4188e-05,0.00010016,0.00010151,0.00014243,0.00011108,3.8653e-05,-0.00034756,0.0001965,0.00014697,-1.6915e-06,5.2916e-05,5.2805e-05,-9.6111e-06,7.6584e-05,8.42e-05,2.6214e-06,9.1363e-05,4.9627e-05,0.00014827,-4.1889e-06,-1.3353e-05,0.00012629,2.6974e-05,0.00013482,0.0002316,0.0002093,0.00013741,0.00012752,-1.874e-05,5.5715e-05,0.00021307,6.4337e-05,5.581e-05,0.00015113,2.5329e-05,2.731e-06,-2.4088e-05,0.00021077,1.3176e-05,0.00025531,0.00014558,0.00010034,-1.5402e-05,8.5694e-05,0.00031178,0.00020989,5.1161e-05,0.00016344,4.5266e-05,2.5575e-05,0.00022496,0.00012479,0.00020174,3.8044e-05,4.735e-05,0.00029129,0.00010961,0.00029466,2.5785e-05,0.00013335,-3.1126e-05,7.0014e-05,0.000205,9.8091e-05,5.2863e-05,-2.756e-06,4.864e-05,-2.313e-05,0.00017,0.00017034,4.784e-05,3.7174e-05,6.1946e-05,-2.2169e-05,5.9809e-05,0.00021964,0.00018514,0.00016221,-3.0884e-05,1.2493e-05,0.00015866,-1.7351e-05,9.4022e-05,0.00015807,6.1857e-05,0.00046312,0.00024999,9.4736e-06,-8.2638e-06,0.00016947,0.00014214,5.533e-05,-9.9483e-06,0.00046629,0.00014865,2.884e-06,0.00017264,0.0001331,1.8443e-05,0.00015851,4.5834e-05,4.9538e-05,-1.2565e-05,0.00012853,0.00015439,0.00014722,4.52e-05,0.00015421,0.00032253,0.0001829,0.00011926,1.5568e-05,0.00012457,6.0952e-05,4.658e-05,0.00031015
-0.00011876,8.8666e-05,1.8685e-05,5.6444e-05,3.4469e-05,3.2355e-05,-2.9952e-07,1.2941e-05,-4.9185e-06,0.00016432,2.7333e-05,6.8492e-05,1.8658e-05,-5.3976e-06,3.9176e-05,2.6321e-05,-2.1695e-06,1.4007e-05,5.8045e-05,-7.8218e-06,0.00010193,3.7492e-05,4.1238e-05,9.8877e-06,4.0562e-06,4.4021e-05,5.2116e-05,4.5333e-05,6.1316e-05,2.7534e-05,4.9413e-05,-1.5078e-05,3.2924e-05,3.208e-05,-1.6559e-05,6.8287e-05,-1.5563e-05,6.1474e-05,5.9223e-05,4.0328e-05,4.8461e-05,1.6093e-05,0.00013679,-4.2363e-05,1.1098e-05,3.6665e-05,9.5193e-05,5.9482e-05,7.2862e-06,4.3036e-05,8.1162e-06,6.112e-05,-6.2736e-05,-4.227e-06,-3.1805e-05,4.8533e-05,2.4679e-05,2.3895e-05,-8.2542e-05,7.6713e-05,3.5547e-05,6.101e-05,0.00010061,9.4931e-05,3.4965e-05,1.5247e-05,2.1512e-05,2.9363e-06,6.029e-05,6.3422e-05,2.8671e-05,3.4026e-05,-3.777e-05,7.4302e-05,3.7328e-05,5.9083e-05,0.00011535,7.2983e-06,1.1373e-05,5.7477e-05,6.4937e-05,0.00010211,4.4492e-06,4.3127e-05,5.1262e-05,6.2698e-05,7.8925e-05,3.196e-06,4.3685e-05,2.0666e-05,7.483e-06,1.5924e-05,-9.813e-06,4.833e-05,4.3069e-05,5.8931e-05,5.3738e-05,1.9919e-05,5.9401e-05,6.0966e-05,3.1443e-05,0.00012788,3.5439e-05,3.3094e-05,4.2064e-05,4.4763e-05,2.9471e-05,3.7633e-05,9.2018e-06,4.2397e-05,6.4909e-05,5.8786e-06,5.173e-05,-7.1966e-06,0.00011008,1.077e-05,2.3132e-05,5.7763e-05,8.461e-06,3.1257e-05,-9.7639e-06,3.4367e-05,1.0671e-05,4.3376e-05,-3.919e-06,1.6654e-05,4.6373e-05,-0.00010229,1.9781e-05,3.0243e-05,-3.686e-05,3.0326e-05,9.4006e-05,2.2337e-06,-7.7526e-05,5.6089e-06,2.4227e-05,1.953e-05,4.4486e-05,3.5007e-05,4.7755e-05,5.6959e-05,2.9886e-05,0.00018278,6.0282e-05,3.5442e-05,6.5335e-05,1.3891e-05,7.4979e-05,7.7799e-05,-3.2781e-05,5.937e-06,1.4133e-05,2.5394e-05,5.5134e-05,4.9378e-05,3.759e-05,3.0811e-05,5.3257e-05,5.1029e-05,7.4123e-07,6.8354e-06,-5.9369e-05,0.00010207,4.0402e-05,1.3337e-05,3.0441e-05,5.8429e-05,3.9285e-06,-6.8527e-06,6.3612e-05,5.1534e-06,7.4165e-05,3.977e-05,-3.4955e-05,-1.5365e-05,5.9096e-05,-0.00012364,-1.5688e-05,6.3167e-06,2.8601e-05,4.8189e-05,2.6434e-05,2.5646e-05,-2.5862e-05,8.3483e-05
0.00034831,0.00016369,0.00010129,0.00028869,0.00012134,0.00011007,0.00018423,7.8631e-05,8.9313e-05,2.7333e-05,0.00015045,8.3431e-05,6.3135e-05,5.0489e-05,-3.3821e-05,1.1391e-05,0.00013774,-4.7648e-05,-4.0167e-07,0.00019728,6.8315e-05,6.3663e-05,6.8843e-05,5.6512e-05,6.1741e-05,0.00011189,-3.0127e-05,9.2272e-05,7.9698e-05,3.7921e-05,0.00011847,-1.5976e-05,0.00011178,-1.2997e-05,6.9679e-05,5.5997e-05,6.1967e-05,7.3345e-05,8.9634e-05,7.5678e-05,0.00012482,1.2017e-05,3.1227e-05,5.9003e-05,-6.3083e-05,5.5023e-05,0.00013849,8.6522e-05,5.4358e-05,0.00026305,0.0002372,8.1943e-05,4.1455e-05,1.4016e-05,0.00011526,0.00012177,3.3645e-05,0.00012573,0.00025172,2.4128e-05,5.2027e-05,7.4374e-05,3.6115e-05,0.00018659,5.6984e-05,0.00014653,7.3412e-05,8.8766e-06,6.4932e-05,5.0175e-05,4.403e-05,5.3106e-05,6.2808e-05,8.9642e-05,8.5946e-05,1.2655e-06,3.3238e-05,6.4349e-05,9.0606e-05,8.3733e-06,8.5693e-05,-4.9165e-05,8.8321e-05,3.0859e-05,0.00011348,1.3998e-05,2.8657e-05,4.4601e-05,6.6144e-05,-1.0349e-05,4.9007e-05,6.3018e-05,3.5774e-05,7.3359e-05,0.00010426,4.685e-05,5.6747e-05,9.4061e-05,4.6937e-05,8.6398e-05,0.00013774,9.2655e-05,5.3903e-05,0.00013217,1.8825e-05,8.2435e-05,-6.3762e-05,0.0001113,-4.8748e-05,0.00019144,5.6164e-05,1.7534e-05,7.4647e-05,1.81e-05,0.00015178,0.00011017,3.6891e-05,9.7662e-05,3.6152e-05,5.0759e-05,8.7889e-05,7.9943e-05,-1.9729e-06,0.00010127,3.5463e-05,0.00013872,8.599e-05,8.3272e-05,1.4634e-05,0.00010486,1.2991e-05,2.6698e-05,8.3332e-05,3.2707e-05,4.7199e-05,1.924e-05,1.8481e-05,2.811e-05,0.00011555,0.00011058,9.5473e-05,-8.3909e-05,2.5798e-05,6.7754e-06,0.00012038,9.2695e-05,0.00014016,5.5448e-05,1.6412e-05,8.6026e-05,0.00011305,3.661e-05,7.2218e-05,7.1537e-06,1.9859e-05,0.00024648,0.00010814,1.522e-05,7.8665e-05,8.5995e-05,9.0899e-05,4.0625e-05,-1.1784e-05,8.6623e-05,9.1412e-05,9.5873e-06,0.00010505,-2.8847e-05,1.6206e-05,8.8283e-05,8.1184e-05,3.6801e-05,8.7069e-05,0.00015411,6.4421e-05,-2.2308e-06,9.2167e-05,1.9761e-05,0.00019291,6.2159e-05,6.8535e-05,4.6255e-05,4.4702e-05,7.7066e-05,2.6681e-05,6.0993e-05
0.00077018,0.00010038,3.0033e-05,0.00048791,0.00024047,0.00039031,0.00014141,-9.0201e-07,0.00025239,6.8492e-05,8.3431e-05,0.0004582,2.4814e-05,0.00011656,0.00016491,4.3683e-05,0.00029229,0.0001272,0.0001323,0.00057936,0.00011159,0.0004563,7.5015e-05,-3.3232e-05,0.00020628,0.0002276,3.6128e-05,0.00017525,0.00019863,0.00017326,0.00014816,-0.00014597,0.00010487,0.00022802,0.00012585,1.52e-05,0.00012452,7.0221e-05,0.00011504,0.00018132,0.0001405,-0.00018885,7.8666e-05,8.7611e-05,-0.00010509,-4.3948e-05,0.00011838,0.00022495,7.506e-05,0.00026325,0.00060769,3.9146e-05,6.6811e-05,1.2788e-05,0.00021521,0.00017932,0.00013992,0.00019861,0.00050911,-1.507e-05,3.519e-05,0.00013388,5.5062e-05,0.00022526,7.3158e-05,0.0001748,0.00015896,1.7391e-07,0.00038024,6.4487e-05,0.00011563,4.3414e-05,0.00012399,0.00019252,0.00016014,4.4637e-05,-0.00013405,0.00021441,0.00023262,7.5294e-05,6.129e-05,0.00012254,-2.6761e-05,6.7253e-05,9.6398e-05,5.8809e-05,0.00013603,2.9733e-05,0.00016681,5.5024e-06,2.8397e-05,0.00011614,-4.4587e-05,0.00015351,0.00024826,0.00027182,0.00017312,0.00022922,6.8537e-06,7.2646e-05,0.00018313,0.00015282,7.1548e-05,0.00025552,-7.8816e-06,2.4921e-05,1.684e-05,0.00029304,-1.565e-05,0.00023683,0.00019239,7.5426e-05,5.6111e-06,0.00013789,0.00036009,0.00015102,4.227e-05,0.00025811,6.9639e-05,2.4941e-05,0.00034999,0.00020281,0.00013347,3.9006e-05,5.8815e-05,0.00048462,0.00013603,0.00018111,4.2327e-06,0.00014226,-0.0001038,0.00010344,0.00029526,4.4432e-05,5.8431e-05,-1.5308e-05,1.8999e-05,2.5832e-06,0.00019079,0.00025414,5.6191e-05,6.9903e-05,5.4597e-05,7.9355e-05,0.00010421,0.00031714,0.00027679,0.00016125,-6.2566e-05,5.4061e-05,7.5481e-05,-1.2282e-07,8.756e-05,0.00019094,9.6359e-05,0.00063246,0.00030664,4.9879e-05,1.6181e-05,0.00023021,0.00014234,8.5197e-05,-5.6933e-05,0.0006848,0.00013212,-0.00016648,0.00023796,0.00011926,1.6304e-05,6.2622e-05,5.7068e-05,8.274e-05,1.7136e-05,0.00018305,0.00025614,0.00012838,6.0532e-05,0.00017364,0.00035804,0.00017107,0.00020715,-5.4936e-06,0.00012934,5.3607e-05,8.1789e-05,0.00030803
0.00022583,9.6846e-05,5.873e-05,0.00016375,4.9072e-05,4.6849e-05,6.0777e-05,3.9411e-05,1.425e-05,1.8658e-05,6.3135e-05,2.4814e-05,7.9467e-05,3.3493e-07,-1.2187e-05,-2.5956e-05,4.6464e-05,-1.5395e-05,-2.2314e-05,9.9269e-05,2.1536e-05,2.1192e-05,2.8355e-05,3.6805e-05,2.1823e-05,8.1401e-05,-2.0882e-05,5.9078e-05,3.872e-05,-1.0033e-07,9.3499e-05,5.7456e-05,3.9878e-05,-3.614e-05,2.0075e-05,5.0917e-05,2.6389e-05,4.0989e-05,2.9098e-05,4.7956e-05,4.4911e-05,1.4409e-05,2.1914e-05,4.9086e-05,3.3067e-05,4.3563e-06,6.8675e-05,2.5744e-05,2.1718e-05,0.00010987,0.00013732,3.2705e-05,1.8188e-05,3.2491e-06,5.7765e-05,2.7806e-05,1.3001e-05,4.8567e-05,0.00010597,4.307e-05,4.3169e-05,3.6841e-05,2.3358e-05,7.4931e-05,-2.6082e-06,3.6152e-05,4.7268e-05,2.685e-05,1.1711e-05,2.8739e-06,1.305e-05,-6.7954e-06,3.34e-05,2.0719e-05,2.9419e-05,-8.5208e-06,9.8043e-05,1.9517e-06,2.992e-05,5.4072e-05,5.2133e-05,-5.2392e-05,8.5937e-05,7.4613e-06,3.9991e-05,1.2957e-05,-3.8179e-06,-2.7198e-06,1.1192e-05,2.3258e-06,4.009e-05,2.4973e-05,4.7007e-05,3.8474e-05,3.6693e-05,-1.0703e-05,2.7754e-05,5.3409e-05,1.8658e-05,4.8518e-05,3.4971e-05,7.9146e-05,1.2179e-05,7.9031e-05,2.3431e-05,6.5251e-05,2.7063e-05,4.2431e-05,-3.6467e-05,0.00010778,1.2392e-05,-6.6903e-06,3.4662e-05,5.1386e-05,3.1826e-05,4.6778e-05,3.2015e-05,5.3537e-05,2.3672e-05,4.3158e-05,2.541e-05,3.6706e-05,-2.1928e-05,6.0436e-05,2.2315e-05,0.00010887,4.4464e-05,-2.6839e-05,1.7039e-05,3.2141e-05,2.0608e-05,9.4701e-06,6.9666e-05,3.2898e-05,1.5052e-05,4.5772e-06,1.104e-05,5.7388e-05,3.4614e-05,4.9172e-05,7.3172e-05,-1.096e-05,2.1557e-05,-7.3633e-06,7.6837e-05,3.7906e-05,6.4323e-05,-2.5227e-06,1.5434e-05,6.2688e-05,4.1578e-05,4.6574e-05,3.1262e-05,1.0305e-05,2.617e-05,0.00013168,2.4089e-05,3.4514e-05,5.7489e-05,3.8696e-05,1.2065e-05,5.4679e-05,-1.083e-06,3.2574e-05,2.67e-05,3.0551e-06,2.2364e-05,-1.9746e-05,1.17e-05,9.2868e-06,4.8361e-05,3.0089e-05,5.5553e-05,6.1695e-05,3.7766e-05,4.7403e-06,5.0187e-05,-3.4299e-05,3.5558e-05,4.4065e-05,6.7527e-05,-9.4606e-06,2.4598e-05,5.782e-05,2.1569e-05,1.0436e-07
0.00034001,2.2412e-05,4.8934e-05,0.00021762,6.9342e-05,0.00017034,9.0707e-05,-5.0613e-06,0.0001178,-5.3976e-06,5.0489e-05,0.00011656,3.3493e-07,0.0001422,6.6225e-05,6.039e-05,0.00010203,3.6256e-05,0.00011277,0.00018978,2.3558e-05,0.00011255,4.8305e-05,5.2627e-05,8.8661e-05,0.00011414,8.6413e-05,1.1249e-05,7.994e-05,7.7517e-05,4.9642e-05,-0.00011507,4.0321e-05,6.6271e-05,7.2583e-05,-9.0216e-06,6.4768e-05,1.0913e-05,6.0267e-05,6.4026e-05,3.9824e-05,-0.00011668,5.6341e-05,4.4899e-06,-0.00011349,-2.8951e-05,3.3416e-05,9.3995e-05,5.1914e-05,4.3719e-05,0.00015484,3.6774e-05,4.5532e-05,-1.8059e-06,6.979e-05,0.00010102,0.00012087,8.5493e-05,0.00031166,2.0847e-05,3.7259e-05,4.2632e-05,4.5562e-06,4.1478e-05,6.3037e-05,0.00016573,6.3604e-05,-4.9613e-06,8.3372e-05,6.8693e-05,6.0465e-05,0.00010463,4.3289e-05,0.00011431,9.5418e-05,2.8173e-05,-0.00022885,0.00010591,7.4289e-05,-1.2582e-05,4.1454e-05,-2.2539e-05,1.1168e-05,1.8529e-05,6.4623e-05,5.531e-05,5.895e-05,4.5397e-05,0.00010089,4.6821e-05,5.5092e-05,9.0215e-05,9.545e-06,5.0776e-05,0.00010516,0.00013752,8.4619e-05,8.5221e-05,7.3629e-06,6.225e-05,0.00011282,-2.9025e-05,2.726e-05,0.00011043,7.6077e-06,4.8677e-06,-4.7951e-05,0.00011014,2.0673e-05,0.00014302,7.1327e-05,8.6149e-05,-6.9275e-06,1.051e-05,0.00012614,9.2043e-05,7.6315e-05,8.5684e-05,1.0117e-05,2.6007e-05,9.0196e-05,5.1302e-05,0.00010368,3.3082e-05,7.3037e-05,0.00012515,6.4767e-05,0.00011532,2.1529e-05,0.00010618,-2.8931e-05,4.5783e-05,1.654e-05,-9.1325e-07,6.3348e-05,-7.8969e-06,7.3469e-05,-2.7523e-05,0.00010377,8.6146e-05,6.3503e-05,-5.7888e-05,2.5326e-05,4.1855e-05,1.8927e-05,0.00013067,0.0001092,7.7219e-05,-1.2952e-05,1.435e-05,4.0335e-05,3.6641e-05,5.3674e-05,0.00015274,-1.3619e-05,0.00019295,0.00014111,2.6282e-05,-8.0027e-06,9.1683e-05,6.4881e-05,3.0538e-05,7.2565e-05,0.00018094,9.4025e-05,-3.2022e-05,5.9479e-05,7.2791e-05,2.576e-05,8.874e-05,4.4807e-06,3.8533e-05,-7.9216e-06,7.3138e-05,5.0226e-05,0.00011019,1.0975e-05,0.00015073,0.00017649,9.178e-05,4.7246e-05,3.1802e-05,8.6138e-05,2.8039e-05,2.5463e-05,0.00012709
0.00022252,8.0551e-05,-1.1565e-05,0.00011808,0.00015059,6.7613e-05,3.926e-05,-7.6914e-07,0.00015282,3.9176e-05,-3.3821e-05,0.00016491,-1.2187e-05,6.6225e-05,0.00031789,0.00012405,4.6478e-05,8.7742e-05,0.00032875,0.00010847,7.7843e-05,0.0001909,5.429e-05,3.9168e-05,6.3578e-05,0.00012675,0.00026568,5.833e-05,0.00020165,8.7444e-05,5.8019e-05,-0.00015691,1.9469e-05,5.9586e-05,4.2292e-05,-2.117e-05,7.3909e-05,2.2587e-05,4.9543e-05,0.00011403,2.6798e-05,-0.00016312,0.00016303,2.588e-05,6.8875e-05,-3.7152e-05,-1.9609e-05,0.00013017,0.00011386,-0.00020282,-0.00016101,1.7536e-05,6.6651e-05,4.1031e-05,6.0909e-05,9.3481e-05,0.00010557,0.0001056,2.9346e-05,2.3825e-05,2.9176e-05,0.00010211,5.6769e-06,1.9105e-05,4.3492e-05,3.6747e-05,0.00012437,-1.9364e-05,0.00013876,9.2726e-05,8.5148e-05,8.9056e-05,7.7478e-05,8.9229e-05,5.1569e-05,4.4887e-05,-0.00030404,0.00010581,6.8494e-05,0.0001312,5.6166e-05,0.00014844,-6.1186e-05,0.00012432,3.1247e-05,7.8403e-06,4.9411e-05,2.52e-05,8.1856e-05,3.8115e-05,-2.1761e-06,0.00012826,2.2229e-06,0.00012273,0.00013682,0.00016631,8.3146e-05,3.6006e-05,-1.2339e-06,-1.6653e-05,8.0327e-05,0.00010182,2.9273e-05,6.7378e-05,3.1383e-05,-1.1135e-05,7.9114e-05,0.00010976,3.6858e-05,1.6408e-05,9.2352e-05,0.0001374,-4.3413e-05,-3.5532e-05,0.00018009,0.00012971,3.2921e-05,0.00013062,5.393e-05,2.1318e-05,7.759e-05,3.0123e-05,0.00025251,2.2186e-06,4.9763e-05,0.00014069,4.5349e-05,0.00010938,6.3008e-05,1.002e-05,-9.545e-05,9.7951e-05,0.00016915,0.00012096,6.1934e-05,-2.9228e-05,3.7657e-05,9.6821e-07,5.3674e-05,6.6484e-05,2.5919e-05,0.00021298,8.5381e-05,3.1929e-05,4.5985e-05,0.00019285,0.00010548,6.0926e-05,3.4104e-05,-7.5993e-06,0.00010634,5.8424e-06,5.6296e-05,0.00012614,5.3314e-05,0.00025295,0.00017885,6.9307e-05,-3.1007e-05,0.00010852,3.7528e-05,8.2852e-05,7.7526e-05,0.00037365,0.00011514,-4.1734e-05,3.3495e-05,0.00027135,4.6333e-05,8.3099e-05,1.3737e-05,7.2845e-05,-6.8936e-05,1.0389e-05,2.8855e-05,0.00019189,-2.0972e-05,3.8979e-06,3.9132e-05,6.8058e-05,0.00014638,-9.8353e-06,0.00013607,4.5639e-05,4.7757e-05,0.00013604
7.7528e-05,1.784e-05,1.6802e-05,8.2943e-05,8.2386e-05,3.7746e-05,9.9023e-05,2.8106e-05,0.00010367,2.6321e-05,1.1391e-05,4.3683e-05,-2.5956e-05,6.039e-05,0.00012405,0.00016816,5.8161e-05,-1.9303e-05,0.00015454,4.7071e-05,4.5778e-05,5.9757e-05,5.3209e-05,6.6202e-05,5.6281e-05,5.313e-05,0.0001264,1.9561e-05,0.00010625,3.4661e-05,3.6772e-05,-0.00010389,5.0534e-05,8.5867e-05,4.6292e-05,-1.9435e-05,1.1318e-05,2.0693e-05,3.8318e-05,4.5785e-05,3.9266e-05,-4.7737e-05,0.00011144,-7.9023e-06,-4.1768e-06,4.9627e-06,-6.2565e-07,8.5546e-05,6.4449e-05,1.4261e-05,-0.000105,2.5062e-05,5.7056e-07,9.727e-06,5.9009e-05,7.6298e-05,4.337e-05,6.6902e-05,4.4138e-05,1.7688e-05,2.9261e-05,6.0849e-05,6.188e-06,1.5965e-05,3.9905e-05,4.6401e-05,5.3736e-05,-7.7943e-06,4.6985e-05,8.4917e-05,6.8428e-05,0.00010191,8.5344e-06,8.9132e-05,4.6392e-05,2.6346e-05,-0.00021731,5.1687e-05,2.3445e-05,2.7618e-05,1.3638e-05,7.9177e-05,-4.7152e-05,6.6806e-05,4.4987e-05,1.8889e-05,5.7062e-05,1.911e-05,5.6622e-05,4.5964e-05,-6.2294e-05,6.8819e-05,1.9759e-05,4.2709e-05,8.3706e-05,6.5895e-05,1.4367e-05,-3.07e-05,-2.0256e-06,3.3908e-07,0.00012436,2.6068e-05,4.2311e-05,1.3188e-06,4.8332e-05,-2.1313e-05,-3.3679e-05,3.1124e-05,1.54e-05,7.4744e-05,3.1081e-05,8.4928e-05,1.7144e-06,3.0494e-05,0.0001305,9.2162e-05,3.4172e-05,5.3536e-05,4.2695e-05,-3.0482e-05,1.7762e-05,4.0792e-05,0.00014987,-8.4286e-06,2.7565e-05,6.0208e-06,4.6509e-05,0.00011611,4.1681e-05,6.1495e-05,-3.0359e-05,1.6586e-05,6.0832e-05,5.3792e-05,1.3161e-05,-9.1404e-06,8.9993e-05,-2.627e-06,6.5074e-05,4.9825e-05,6.7174e-07,7.032e-05,6.4013e-05,2.851e-05,6.2609e-06,7.6076e-05,1.4815e-05,8.0028e-05,2.7092e-05,-2.6327e-05,9.5615e-05,-2.5656e-05,6.7798e-05,0.00012869,2.5701e-05,0.0001147,8.7565e-05,4.7128e-05,-1.0503e-05,5.9157e-05,8.7824e-05,2.5033e-05,5.5178e-05,0.00017867,0.00010614,7.0528e-05,7.0342e-05,0.00010935,1.3785e-05,8.7262e-05,6.706e-07,4.2342e-05,-8.4589e-06,3.7272e-05,2.1741e-05,0.00011474,3.1744e-05,5.6676e-05,9.9347e-05,6.6438e-05,-1.1326e-05,-4.2668e-06,6.9226e-05,6.9252e-06,3.6062e-05,8.6583e-05
0.00073187,9.707e-05,6.8887e-05,0.00049895,0.00023382,0.00031496,0.00021316,6.6855e-05,0.0002166,-2.1695e-06,0.00013774,0.00029229,4.6464e-05,0.00010203,4.6478e-05,5.8161e-05,0.00032203,5.6728e-05,2.8048e-05,0.00053787,7.3266e-05,0.00033269,7.9986e-05,1.9216e-05,0.0001907,0.00017949,-5.138e-05,0.00013962,0.00013312,0.00010088,0.00017044,-8.206e-05,0.0001215,0.00017267,0.00016707,1.6645e-05,9.1169e-05,7.1034e-05,8.4122e-05,0.00011675,0.00013574,-0.0001231,-8.3715e-06,0.00012242,-0.00012688,2.3994e-05,0.00012581,0.00020538,7.1111e-05,0.00041187,0.00055721,7.419e-05,8.1263e-05,-9.6524e-06,0.00021129,0.00019987,6.9947e-05,0.0002246,0.00052759,-1.0312e-05,3.6211e-05,9.0116e-05,1.7259e-05,0.00026971,6.1856e-05,0.0001517,0.00010894,2.0914e-05,0.00026152,3.2523e-05,7.7217e-05,5.2981e-05,0.00012372,0.00016222,0.00011944,1.2253e-05,-0.00015895,0.00017986,0.00017302,1.6616e-05,2.9055e-05,5.8469e-05,7.0919e-06,5.8133e-05,0.00010024,2.4858e-05,7.312e-05,3.7291e-05,0.00013622,8.4408e-06,5.2643e-05,0.00011137,1.9323e-05,7.7357e-05,0.00020211,0.00015033,0.00010532,0.00014893,-9.8911e-06,6.5867e-05,0.0002463,6.0887e-05,4.6796e-05,0.00022239,1.9162e-05,3.63e-05,-6.089e-05,0.00025598,-5.3861e-05,0.00028944,9.1204e-05,6.6757e-05,2.8919e-05,0.00015276,0.00027021,0.00019164,4.4314e-05,0.00019714,6.5475e-05,2.7665e-05,0.00029847,0.00018327,8.7002e-05,5.9627e-05,6.617e-05,0.00040324,0.00012957,0.00026713,-1.2393e-06,0.00018337,-7.8513e-05,4.4762e-05,0.00021291,6.4162e-05,8.2501e-05,1.2378e-06,3.988e-05,3.7103e-05,0.00020312,0.00024028,6.0089e-05,-5.6057e-05,3.2825e-05,-1.2042e-05,0.00010278,0.00021417,0.00022197,0.00016355,-7.0786e-05,3.8725e-05,0.0001233,-5.1176e-06,9.7964e-05,0.00012542,5.1643e-05,0.00052965,0.00021203,2.0894e-05,3.2254e-05,0.00019684,0.00017507,5.676e-05,-9.5146e-05,0.00046732,0.00013259,-2.5512e-05,0.00023744,1.8032e-05,1.3222e-05,0.00011289,6.3697e-05,6.9631e-05,3.354e-05,0.00021962,0.00024219,0.00011273,9.7855e-05,0.00021719,0.00041267,0.00015992,9.1017e-05,-8.9357e-06,0.00010742,5.9101e-05,0.00011818,0.00024199
-1.4779e-05,-6.9895e-05,-4.3686e-05,9.9371e-05,5.1468e-05,5.3117e-05,-0.00010421,-6.0109e-05,4.5461e-05,1.4007e-05,-4.7648e-05,0.0001272,-1.5395e-05,3.6256e-05,8.7742e-05,-1.9303e-05,5.6728e-05,0.00019536,6.5356e-05,0.00012388,2.3813e-05,0.00019545,-1.3209e-05,-7.2355e-05,2.0574e-05,1.1954e-05,5.4676e-05,3.6575e-06,1.0918e-05,6.5125e-05,1.9081e-05,-0.00011837,-5.5008e-05,9.817e-05,8.1439e-05,-2.5525e-05,-1.097e-05,-2.5724e-05,-1.1985e-05,1.2547e-05,-3.5835e-05,-0.0001449,-1.3646e-05,-5.9193e-05,-4.0663e-05,-3.6467e-05,2.299e-05,4.5581e-05,5.7231e-06,4.3039e-05,5.9694e-05,-2.2185e-05,1.7096e-05,-3.079e-05,-4.9281e-05,-5.5864e-06,2.3675e-06,-3.656e-06,3.1377e-05,-5.3095e-05,-2.3765e-05,-4.6491e-06,4.0828e-06,7.1206e-05,-2.4264e-05,-2.8946e-05,-4.9043e-06,-1.9363e-05,0.00012748,-5.2417e-06,-9.1215e-06,-2.1525e-05,2.9664e-05,5.9282e-05,3.0861e-05,3.2415e-05,-0.00018224,6.1057e-05,4.4518e-05,2.0573e-05,-5.6573e-05,0.00017081,-7.0863e-05,1.8769e-05,-5.2431e-05,2.8577e-05,-4.5806e-06,-3.7589e-05,6.0798e-05,-2.132e-05,1.9279e-05,3.1978e-05,-4.1614e-05,-2.2753e-05,3.0584e-05,0.0001105,6.5384e-05,6.9543e-06,-3.5339e-05,-1.3052e-05,-1.2847e-05,-2.7884e-05,-2.5141e-05,4.6024e-05,-4.0058e-05,-3.7718e-05,-7.4625e-05,7.5549e-05,2.3872e-05,-2.2694e-05,5.1627e-05,4.6259e-05,-3.7709e-05,-4.5726e-05,2.6488e-05,1.8331e-05,1.9638e-05,3.3538e-05,-1.2479e-05,-7.3251e-06,0.00013126,3.2447e-05,5.7639e-05,-4.3112e-05,4.883e-06,9.6793e-05,1.8047e-05,7.9509e-05,-1.3056e-05,1.3358e-06,-0.00013693,4.1079e-05,3.6429e-05,-6.0452e-06,-2.5676e-06,-9.4065e-06,-1.4724e-05,-3.0284e-05,1.8244e-05,5.3524e-05,-3.3092e-05,9.2391e-05,-1.1045e-05,6.1711e-07,-6.1722e-05,3.796e-05,7.147e-05,8.3767e-06,-5.6757e-05,-3.6457e-06,-5.7909e-05,-2.0004e-05,-1.4552e-05,9.7626e-05,1.4569e-05,0.00012585,3.7955e-05,-1.4111e-05,-4.0035e-05,7.5659e-05,-8.3884e-05,-9.3168e-06,-3.7813e-05,0.00018483,-2.702e-05,-0.00010951,3.3604e-05,0.00010723,-4.4033e-06,5.9748e-06,-3.6172e-05,-2.9274e-05,-6.8819e-05,-2.2897e-05,-6.9981e-07,5.6284e-05,-4.1978e-05,9.2018e-05,3.7952e-05,3.7038e-05,4.0374e-05,-4.894e-05,4.0454e-05,-3.6932e-05,2.2647e-05,0.00019873
0.00021815,0.00016608,2.7988e-05,0.00010988,0.00016418,9.1852e-05,9.583e-05,2.4963e-05,0.00021327,5.8045e-05,-4.0167e-07,0.0001323,-2.2314e-05,0.00011277,0.00032875,0.00015454,2.8048e-05,6.5356e-05,0.00050777,6.461e-05,0.00014831,0.00014247,0.00012304,5.5534e-05,6.7947e-05,0.00014714,0.00037607,4.6767e-05,0.00021209,0.00010241,4.0417e-05,-0.00017947,2.7894e-05,8.1914e-05,9.3308e-05,-2.8921e-05,7.3232e-05,3.4107e-05,9.7686e-05,0.0001441,3.7685e-05,-0.00017867,0.0001859,-1.679e-05,0.00014605,2.3898e-05,-0.00010186,0.00021861,0.00011805,-0.00019021,-0.00026716,5.634e-05,8.3421e-05,4.9089e-05,0.00011063,0.00020147,0.00015908,0.00012386,0.00012865,1.2487e-05,5.8386e-05,0.00015225,6.5875e-06,9.1189e-05,6.4989e-05,0.00010365,0.00015999,-3.0942e-05,0.00010908,0.00014591,0.00010967,0.00020105,5.7279e-05,6.8565e-05,5.7473e-05,7.2742e-05,-0.00039609,0.00018434,9.278e-05,-1.0385e-05,0.00011291,0.00014932,-7.0997e-05,0.00015898,5.5528e-05,2.7746e-06,0.00017495,8.3962e-05,0.00010256,5.5039e-05,1.1542e-05,0.00016316,3.7995e-05,0.00017832,0.0001924,0.00020586,0.00013397,4.5827e-05,2.8239e-05,2.4249e-05,0.00018516,6.6415e-05,4.4656e-05,6.5709e-05,2.1591e-05,6.0265e-06,9.5984e-05,0.0001189,6.3118e-05,0.00011986,0.00011743,0.00020166,-6.0546e-05,-7.6205e-05,0.00026672,0.00019259,8.1793e-05,0.00017758,4.9298e-05,7.5659e-05,5.4168e-05,6.5186e-08,0.00037109,4.1582e-05,5.7589e-05,8.7274e-05,6.9023e-05,0.00021482,5.7487e-05,0.0001144,-3.5001e-05,0.00010382,0.00014858,0.00012676,7.0892e-05,-3.5063e-05,6.4832e-05,-2.992e-05,8.7726e-05,4.4723e-05,5.3805e-05,0.00010501,9.0643e-05,9.0053e-06,5.8426e-05,0.00015937,0.00012076,9.7058e-05,5.5034e-05,-2.9321e-06,0.00018324,1.973e-05,6.9095e-05,0.0001282,1.9015e-05,0.00024605,0.00021892,8.1952e-05,-4.1825e-05,0.00011815,3.1462e-05,2.5578e-05,0.00013704,0.00045644,0.0002071,-8.0664e-05,3.9666e-05,0.00033855,5.9677e-05,0.00015979,4.6554e-05,6.9898e-05,-6.268e-05,2.3289e-05,-4.6906e-05,0.00019418,-2.696e-05,-1.8502e-05,0.00011166,0.00010741,0.0001452,5.957e-05,0.00017378,6.8077e-05,-1.127e-05,0.00029827
