0.00097516,0.00013338,0.00021354,0.00026879,0.00029803,0.00032301,0.00038294,0.00019446,0.00018348,-1.4211e-05,0.00020736,0.00034735,0.00020124,0.0002086,6.1527e-05,5.173e-05,0.00035592,6.8534e-06,7.3895e-05,0.00067807,4.5679e-06,0.00036412,0.00014735,-8.5609e-06,0.00050038,0.00011968,4.051e-05,-0.0001112,0.00021884,0.00016994,0.00026696,0.00031382,0.00032275,0.00035161,5.0415e-05,0.0001071,0.00034553,0.00012036,4.0717e-05,6.1079e-05,0.0001421,0.00013299,-3.7593e-05,0.00051778,0.00019887,-4.6264e-05,-4.2112e-05,0.00021475,0.00022948,0.00038019,0.00042665,0.00029952,-3.1402e-05,0.00025678,0.00044385,0.0001451,0.00014742,0.00031222,0.00094743,2.3615e-05,0.00012822,7.4788e-05,0.00022381,4.6899e-05,-0.00022413,0.00029167,9.3603e-05,0.00014667,0.00016029,0.00021715,6.3509e-05,0.00012433,6.4904e-06,0.00021496,0.00013054,0.00012134,5.287e-05,0.00026437,6.325e-05,0.00010619,9.3726e-05,-0.00034417,7.5359e-05,0.00052703,0.00010895,-5.3576e-05,-3.4698e-05,0.00011755,0.0001799,0.00013326,0.0002004,9.5331e-05,-3.9874e-05,6.935e-05,0.00017707,0.00015697,0.00010239,0.0001496,0.00010455,0.00015654,6.8094e-05,0.00015304,6.0774e-05,0.00028139,0.00038983,0.00017858,3.6461e-05,0.00036692,1.2e-05,0.00056742,2.5758e-06,0.00016342,2.2291e-05,0.00048029,0.00019214,0.00013394,0.00024068,5.3112e-05,0.00026183,2.3059e-05,0.0003703,0.0004319,0.00014967,-7.9452e-06,0.00015147,0.00051146,0.00013413,0.00023876,-1.2384e-05,0.00023421,0.00031775,0.00021109,0.00014909,0.0002503,-0.0001965,0.00030363,-9.6535e-05,0.00045237,0.00032461,0.0002764,3.1877e-05,-0.00031765,5.9888e-05,0.00012868,0.0001283,0.00035817,0.00023558,0.00032397,3.3534e-05,8.6747e-05,0.00021879,0.00022844,0.00012162,0.00043209,-0.00013724,0.00033713,0.00024726,2.4049e-05,0.00011761,0.00013302,3.7704e-05,0.00012411,0.00020831,0.0003804,0.00021262,0.00032826,0.00044437,0.00017177,0.00016182,9.0547e-05,0.00011646,-7.8138e-05,6.3919e-05,0.00015859,0.001192,-4.0105e-05,0.00020827,0.00041041,0.00058224,0.00045502,-0.00018368,7.1934e-05,0.0002347,0.00022195,0.00015439,-0.00025624
0.00013338,0.00034825,0.00015137,0.0001008,0.00014562,7.8131e-05,4.1431e-05,7.1172e-05,0.00012241,9.4031e-05,8.6661e-05,0.00016335,0.0001433,0.00030293,5.7122e-05,0.00010912,0.00017895,-4.0355e-05,6.8986e-05,0.00014273,3.3946e-05,0.00021614,0.0001521,-3.5361e-05,0.00012951,0.00011446,9.6677e-06,-7.1706e-05,8.5485e-05,0.00010076,0.00024866,-0.00029057,0.00014664,0.00010478,8.2183e-05,6.2415e-05,4.9942e-05,0.0001809,0.00011466,7.0616e-05,3.3447e-05,0.00013961,-8.6581e-07,0.0001969,5.4845e-05,-0.00012353,-5.3553e-05,9.806e-05,3.6368e-05,7.8013e-05,-7.2013e-05,0.00017617,0.00012623,5.9007e-05,-4.5801e-05,0.00011332,-2.7114e-05,0.00014536,-5.6211e-06,-8.1534e-06,1.4136e-05,6.4153e-05,0.00010432,0.0001435,-0.000166,0.00024211,5.3445e-05,-6.6345e-05,0.0001067,1.0858e-05,6.6251e-06,7.8482e-05,7.9089e-05,8.2846e-05,-1.0271e-05,-8.5153e-05,3.9928e-05,4.4469e-05,8.8288e-06,2.8694e-05,5.5025e-05,-8.5669e-05,5.233e-05,0.0001954,4.2325e-05,7.3914e-05,6.3535e-06,1.6829e-05,9.706e-05,-2.3136e-05,6.6553e-05,4.3638e-06,0.00013925,5.6253e-05,0.00011428,0.00010831,4.6411e-05,-6.8376e-06,0.00012664,4.2513e-05,0.00010462,0.00014071,-1.7259e-05,0.00018742,0.00026151,5.1027e-05,0.00010702,0.00018944,-4.8126e-05,9.8037e-05,2.7663e-05,8.921e-05,2.5082e-05,0.0002666,0.00016606,6.9972e-05,1.6132e-06,9.525e-05,9.7715e-05,0.00015859,7.5585e-05,0.0001727,6.7053e-05,6.6581e-05,5.4059e-05,3.585e-05,3.8148e-06,0.00011353,6.6716e-05,3.812e-05,-2.6348e-05,0.00011118,-5.4599e-05,7.748e-05,6.4676e-06,0.0002005,0.00015629,0.00028107,0.00013622,0.00010719,3.9482e-05,-0.0002978,3.7587e-05,0.00014718,0.0001218,0.00016969,8.332e-05,7.5733e-05,8.3952e-06,3.8048e-05,0.00011776,-9.7184e-05,0.00012762,-4.088e-05,9.9203e-05,6.2273e-05,0.0002153,0.00011288,8.7327e-05,-4.5611e-05,-2.5694e-05,5.3284e-05,6.4884e-05,-0.00012446,0.00011725,0.00016386,0.00015362,3.6361e-05,0.00010183,3.6061e-05,0.00015938,1.0155e-05,5.0056e-05,4.493e-05,-0.00026475,-7.1206e-05,0.00011813,0.00020097,0.00018786,6.5211e-05,0.0001119,0.00011309,0.00013953,4.5268e-05,8.0899e-05,0.00013772
0.00021354,0.00015137,0.0003203,0.00012211,0.00022628,0.00020215,8.9933e-05,8.5724e-05,0.00013947,9.6258e-05,0.00013608,0.00014306,0.00015606,0.0001566,5.1268e-05,3.8781e-05,0.00018083,-0.00010076,8.5319e-05,0.00023769,8.5033e-05,8.3399e-05,9.5158e-05,0.00013097,0.00018976,8.5608e-05,1.1561e-05,-5.3822e-05,5.6299e-05,7.9974e-05,0.0003159,3.4665e-05,0.00022833,0.00015563,-3.7117e-05,6.3742e-05,0.00011571,0.00016042,0.00012603,4.6853e-05,7.2577e-05,5.2344e-05,-2.7853e-05,0.00017798,9.3315e-05,1.9383e-05,2.6265e-05,0.00011664,0.00016228,7.4774e-05,7.1018e-05,0.00014048,-3.1414e-05,0.00020316,0.00012,0.00012827,5.838e-05,0.00017933,0.00010407,-2.615e-05,7.6995e-05,8.9072e-06,0.00013399,0.00010011,-2.5702e-05,0.00021341,2.3714e-05,5.5077e-05,9.7135e-05,7.1192e-05,8.0841e-05,6.5247e-05,6.0804e-05,0.00010513,6.1153e-05,6.0038e-05,5.2085e-05,0.00011645,7.194e-05,8.2235e-06,6.6119e-05,-6.6462e-05,1.6505e-05,0.000141,0.00013673,0.0001321,-0.00013518,0.00014591,6.9081e-05,6.296e-05,0.00016061,9.3899e-05,8.5291e-05,7.3684e-05,0.00012136,8.9038e-05,8.216e-05,5.188e-05,6.5663e-05,0.00014874,7.7775e-05,0.00012056,3.357e-05,0.00013295,0.00032884,0.0001261,0.00018958,0.00015949,-3.0322e-05,0.00012162,6.9793e-06,0.00017858,4.9497e-05,0.00020603,0.00013707,0.00011872,0.00010198,0.00011267,0.00010828,0.0001127,0.00010423,0.00020008,0.00013375,4.4121e-05,0.00011936,0.00011774,3.9474e-05,0.00013009,0.00012232,2.1005e-05,6.6062e-05,0.0001762,8.0135e-05,0.00018339,-5.0958e-06,0.00020487,9.7098e-05,0.00033571,0.00015829,0.00012774,2.7235e-05,-8.3783e-05,3.3453e-05,4.2418e-05,0.00012705,0.00019177,9.4185e-05,0.00016084,1.4466e-05,2.6557e-05,4.3447e-05,-1.6684e-05,0.0001537,0.00015304,4.1103e-05,0.00014816,0.00016855,0.00010116,0.00010573,9.0486e-05,-7.671e-06,0.0001544,0.00011435,-1.6629e-06,0.0001333,0.00028754,0.00014611,7.935e-05,0.00015645,8.2609e-05,0.00011694,2.2173e-05,4.2841e-05,6.2161e-05,0.00012136,-9.4032e-05,0.00016531,0.00024125,0.00016123,0.00010838,1.8178e-06,0.00023396,0.00013296,0.00010909,0.00010458,-0.00012718
0.00026879,0.0001008,0.00012211,0.00031578,0.00014775,0.00025114,0.0002787,9.1618e-05,0.00020869,4.4046e-05,0.00018951,0.00025976,0.0001614,0.00027335,0.000211,0.00011135,0.00018406,0.00010342,0.00014757,0.00027598,5.5699e-05,0.00023425,0.00011049,0.00012671,0.00025273,0.00014803,9.9941e-05,9.0737e-05,0.00012752,0.00016622,0.00022353,-0.00015554,0.00018097,7.02e-05,0.00012018,0.0001099,0.00013914,0.00018499,7.1104e-05,5.1735e-05,4.0649e-05,0.00011672,-3.2047e-05,0.00021974,0.00012372,6.8652e-06,0.00019435,0.00012197,7.406e-05,0.00011532,0.00031807,0.00016088,6.9013e-05,0.00028322,2.7218e-05,0.00010196,0.00012155,0.00018135,0.00029998,1.5031e-05,7.0917e-05,5.282e-05,0.00019732,0.00017322,-0.00012685,0.00031953,0.0001077,6.0037e-05,0.00019959,9.7561e-05,8.0963e-05,0.00016064,0.00012697,0.00016294,0.0001177,0.00012816,0.00014673,0.00019995,6.9176e-05,8.1774e-05,0.00012508,-2.7985e-05,4.5344e-05,0.00016641,0.00012135,4.6426e-05,-3.1567e-05,0.00012046,0.00022385,0.00015147,0.00017959,0.00013339,8.4207e-05,9.0676e-05,0.00014714,0.00013677,9.8794e-05,-5.4139e-06,0.00014836,0.00011855,0.00014515,8.776e-05,-5.3988e-06,0.00022249,0.00029253,0.00012337,0.00030148,0.00023107,9.3644e-05,0.00031371,0.00013256,0.00010705,4.6837e-05,0.00025491,0.0002301,0.00020026,0.00016922,7.1261e-05,0.00015879,9.3376e-05,0.00021517,0.00028257,0.00024488,9.2776e-05,0.00010852,0.0001613,0.00011388,0.00012366,2.6821e-05,0.00013196,-9.1362e-05,0.00020595,8.1818e-05,0.00013864,2.9928e-05,0.00018327,-1.7216e-05,0.00034388,0.00028918,0.00026624,7.0516e-05,-5.0244e-05,3.7086e-05,6.9451e-05,0.00010744,0.00019555,0.00015187,0.00024766,3.7612e-05,4.4079e-05,3.2831e-05,7.5159e-05,0.00012545,0.00016689,8.2631e-05,0.00023213,0.00025068,6.2348e-05,8.3225e-05,0.0001886,4.4356e-05,9.2189e-05,4.5046e-05,0.00014378,0.00019453,0.00033424,0.00025078,0.00020937,0.00013927,6.3279e-05,0.00014394,7.5207e-06,0.00010243,0.00015252,0.00032654,1.3389e-05,0.00020417,0.00021634,0.00021082,0.00021102,-3.115e-05,0.00016372,0.00025261,0.00016125,0.00016849,-3.3876e-05
0.00029803,0.00014562,0.00022628,0.00014775,0.0003316,0.00013746,4.3009e-05,0.00011499,0.00016457,6.9316e-05,0.00013557,0.0002046,0.00012608,0.00015343,7.1495e-05,0.0001045,0.00016488,-0.00012631,2.8397e-05,0.00033263,5.1407e-05,0.00019157,0.00014643,9.1816e-05,0.00026895,9.5218e-05,5.7013e-05,-4.6717e-05,5.2036e-05,9.2202e-05,0.00026693,-5.0832e-05,0.00027889,0.00018582,3.5943e-05,9.3072e-05,0.00013763,0.00018454,0.00010183,4.3621e-05,8.2527e-05,5.4949e-05,4.0958e-05,0.00016098,7.3151e-05,1.0944e-06,-1.1147e-05,0.00013296,0.0001283,0.00020205,6.8525e-05,0.00021145,2.8373e-05,0.00017839,0.00012226,0.00010944,5.5302e-05,0.00015244,0.00027577,2.5732e-05,8.7612e-05,4.7884e-05,0.00014643,9.1113e-05,-9.6639e-05,0.00026529,3.9856e-05,6.0558e-05,0.00010593,7.4892e-05,5.6519e-05,0.00012456,3.1704e-05,8.4867e-05,-2.1067e-05,5.2824e-05,7.471e-05,0.00012547,6.8075e-05,1.0258e-05,7.778e-05,-0.00011571,4.9111e-05,0.00025262,8.7933e-05,9.6666e-05,-0.00019852,0.00015218,5.7362e-05,7.0691e-05,4.0325e-05,4.5044e-05,0.00013744,6.9043e-05,0.00012927,0.00012841,0.00012051,8.8745e-05,7.4408e-05,0.00010507,7.0058e-05,0.00017487,4.366e-05,0.00014983,0.00035337,0.00014767,0.00014994,0.00017491,-4.6444e-06,0.00017103,-2.8499e-05,0.00017131,4.0781e-05,0.00032127,0.00018375,0.00010559,-1.4475e-05,0.00015424,0.00011743,0.00012116,0.00012881,0.0002315,0.00015895,7.0381e-05,8.0034e-05,0.00018828,7.2783e-06,9.2318e-05,3.2388e-05,6.7305e-05,5.6969e-05,0.00015622,0.00020156,0.00018844,-9.0333e-06,0.00016975,5.7869e-06,0.00032657,0.00013879,0.00012796,3.9801e-05,-0.00017038,5.2991e-05,0.0001226,0.00013651,0.00024643,8.8418e-05,0.00014671,-1.4455e-05,4.8048e-05,0.00011193,2.782e-05,0.00012067,0.00011377,5.9528e-05,0.00020623,0.00019687,9.7343e-05,0.00014257,0.00011376,3.9434e-05,0.00014801,0.00012316,0.00010432,0.00011651,0.00031879,0.00023313,8.7751e-05,0.00013192,7.8672e-05,0.00011883,3.98e-06,9.5576e-05,5.5727e-05,0.00030028,-7.5092e-05,0.00017,0.00019458,0.00021497,0.00017357,-1.6164e-06,0.00011446,0.00016365,0.00011292,9.3861e-05,-0.00012512
0.00032301,7.8131e-05,0.00020215,0.00025114,0.00013746,0.0005603,0.00015716,0.00012451,0.00018656,1.2714e-05,0.00010802,0.00016463,8.884e-05,0.00013169,9.5747e-05,7.3165e-05,0.00014837,0.00012318,0.00015292,0.00037562,0.0001244,4.7118e-05,6.0199e-05,5.5854e-07,0.00032824,9.3109e-05,3.7553e-05,-2.5245e-05,8.337e-05,0.00016879,0.00014923,0.00018583,0.00021384,0.00025037,2.0643e-05,1.2948e-07,0.0001998,4.0603e-05,4.7142e-05,7.143e-06,0.00010413,9.7225e-05,-0.00016531,0.0002073,0.00020589,1.4998e-05,8.9249e-05,6.5696e-05,0.00017656,4.0624e-05,0.00037906,0.00021192,-0.00015833,0.00022895,0.00027313,7.0211e-05,4.981e-05,0.0001389,0.00034932,4.2454e-06,3.5982e-05,-5.1072e-05,0.0001507,0.0001635,-0.00028903,0.00013148,3.0987e-05,-5.2469e-05,0.00013718,0.00016642,8.8088e-05,4.8851e-05,2.8196e-06,0.00021641,0.00010251,0.00017478,5.1464e-05,0.0001946,6.6396e-05,9.137e-05,2.9149e-05,-0.000103,-5.1682e-05,0.00015028,0.00010807,-1.7741e-05,2.7874e-05,0.00014387,0.00019594,4.4097e-05,0.00032647,0.00011655,1.8167e-05,1.5228e-05,0.00011131,0.000104,6.3092e-05,-8.0827e-06,0.00011565,0.00011775,3.0249e-05,7.1459e-06,5.9552e-05,0.00016709,0.000262,8.8985e-05,0.00025494,0.00018354,6.0238e-05,0.00053188,5.8226e-05,7.8175e-05,7.9363e-06,0.00027951,0.00016016,8.248e-05,0.00027819,-1.8937e-05,0.00012499,-1.5162e-05,0.00014168,0.00040737,0.00023581,-2.0223e-05,0.00014274,0.00022498,0.00013865,0.00013474,-5.3425e-05,5.0496e-05,0.00016901,0.00017232,0.00012428,0.00017015,-0.00010038,0.00021771,-0.00011709,0.00033894,0.00025195,0.00022151,6.0619e-05,-7.8989e-05,-2.0041e-05,9.4712e-05,0.00012207,0.00018496,0.00014221,0.00028778,-2.7194e-05,1.5126e-05,-1.5403e-05,-0.00010199,8.8431e-05,0.00026376,4.0251e-05,0.00024103,0.00012814,0.00012766,1.4577e-05,0.00012403,-2.2428e-05,0.00016612,-1.5068e-05,0.00025386,0.00011233,0.00028206,0.00028845,7.6123e-05,7.6297e-05,9.4854e-05,6.8037e-05,-2.6193e-05,4.6729e-05,0.00012998,0.00018468,-5.2928e-05,0.00014779,0.00019555,0.00038253,0.0004507,-7.3259e-05,0.00026073,0.00018948,0.00010348,9.7398e-05,2.4323e-05
0.00038294,4.1431e-05,8.9933e-05,0.0002787,4.3009e-05,0.00015716,0.00083597,0.00016088,0.00013668,5.969e-05,0.00018091,0.00036022,0.00024621,0.00034898,0.00017977,5.1713e-05,0.00033632,0.00022811,0.00013869,0.0002583,7.3879e-05,0.00034954,7.0814e-05,0.00030246,0.00027086,0.00012009,0.00013841,4.7328e-05,0.00011171,0.00014289,0.00029521,0.00010016,0.00023158,1.1662e-05,0.00011628,0.00019763,0.00011904,0.00010606,1.2726e-05,-6.7834e-05,-1.728e-05,0.00018167,6.1401e-05,0.00053649,4.6598e-05,0.00013533,0.0001297,6.58e-05,-5.5649e-06,0.00021441,0.00057346,-1.7571e-05,0.00011713,0.00017062,0.00019386,0.0001063,0.00012533,0.00018864,0.00047535,-3.8261e-05,7.4689e-05,-3.2255e-05,0.00020172,9.6437e-05,-7.5135e-05,0.00034602,7.9263e-05,0.0002026,0.00014314,5.1469e-05,8.5906e-05,0.00018557,0.00018931,0.00014483,0.00011002,0.00013179,0.00016399,0.00017912,6.8327e-05,1.8788e-06,0.00018567,8.7045e-06,8.5842e-05,0.00013699,4.4154e-05,5.4185e-05,-0.00011986,0.00010306,0.00027565,0.00024218,0.00025487,0.00015512,-8.7742e-05,2.213e-05,0.00011165,7.7023e-05,5.8459e-05,0.00019723,2.8704e-05,0.00011396,0.0002005,-8.1555e-05,2.9722e-05,0.00024442,0.0005451,0.00013336,0.00021951,0.00030502,6.8216e-05,0.00025051,0.00012342,8.6409e-05,3.0096e-05,0.0001195,0.00018343,0.00014683,0.00034334,0.00020339,0.00020976,6.2474e-05,0.00033884,0.00025464,0.00029718,7.5083e-05,0.00013208,0.00021996,7.4136e-05,0.00011837,0.00013204,0.00017303,5.2626e-05,0.00025671,-0.00020936,7.8103e-05,2.3306e-05,0.00014882,-0.0001395,0.00061132,0.00028609,0.00033037,0.00010798,9.7838e-05,-4.4968e-05,-8.5802e-05,0.00011215,0.00017237,9.1856e-05,0.00027403,4.5484e-05,2.98e-05,6.0705e-05,9.748e-05,8.4255e-05,0.00012443,9.4998e-05,0.00026137,0.00030954,-1.6207e-05,6.6772e-05,0.00013005,3.7491e-05,-2.3543e-05,0.00017399,0.00019701,0.00022759,0.00060988,0.00032018,0.00024443,0.00014797,0.00013428,0.00015976,-4.6582e-05,8.5986e-05,4.7849e-06,0.0011419,4.9726e-05,0.00022858,0.00027158,7.2936e-05,0.00018235,-0.0001573,8.662e-05,0.00024581,0.00024285,0.00019834,0.0001253
0.00019446,7.1172e-05,8.5724e-05,9.1618e-05,0.00011499,0.00012451,0.00016088,0.00016438,7.5463e-05,1.7501e-05,5.4324e-05,0.00014486,6.9157e-05,0.00017276,-2.7002e-05,5.2737e-05,0.00010019,3.2374e-05,3.6333e-06,0.0001739,5.0627e-05,1.6396e-05,3.9337e-05,5.7315e-05,0.00010723,6.0219e-05,1.3224e-05,-4.4085e-05,4.8286e-05,4.9197e-05,0.00011473,5.0944e-05,0.00014968,-3.1797e-07,3.4246e-05,4.3365e-05,5.2325e-05,1.3481e-05,4.013e-05,-1.5776e-06,5.4684e-05,2.1924e-05,2.7185e-06,0.00017372,0.0001113,4.736e-05,-8.6719e-05,4.7697e-05,3.2369e-05,9.0344e-05,0.00017635,5.9332e-05,2.488e-05,3.7291e-05,0.00011082,3.3675e-05,9.789e-06,7.0834e-05,0.00019309,8.61e-06,4.7624e-05,-5.9273e-06,6.6909e-05,7.0185e-05,-2.8399e-05,9.1996e-05,9.1832e-06,0.00011031,6.2585e-05,8.1571e-05,6.9302e-05,7.1998e-05,7.2519e-06,8.4672e-05,2.4913e-05,0.00014285,6.5155e-05,6.2351e-05,3.8142e-05,-3.1198e-05,7.8618e-05,-3.5631e-05,2.0406e-05,0.00015446,5.0665e-05,7.4762e-05,-8.8393e-05,8.5926e-05,9.0316e-05,7.429e-05,4.9535e-05,5.2855e-06,-7.7526e-06,1.5139e-06,5.4065e-05,3.8873e-05,6.299e-05,6.7712e-05,1.5076e-05,5.4e-05,6.2581e-05,3.2247e-05,6.6793e-05,0.00012023,0.00017334,6.8868e-05,1.3631e-05,0.00011265,-1.2233e-05,0.00021007,4.3708e-05,7.1918e-05,1.4982e-05,0.00014851,8.7059e-05,2.1887e-06,0.00012942,7.8109e-05,8.3859e-05,1.6863e-05,0.00010054,0.00015488,0.0001331,2.1022e-05,9.0357e-05,0.00012218,5.9951e-05,6.1828e-05,2.4432e-05,3.1465e-05,9.7887e-05,8.8452e-05,0.00014554,7.4163e-05,7.6545e-06,6.5451e-05,-0.00012482,0.00018476,0.00012451,0.00010927,2.5361e-05,-0.00014954,-1.0175e-06,2.8386e-05,7.9203e-05,8.4312e-05,7.1852e-05,0.00013606,2.585e-05,-4.035e-06,6.0159e-05,1.191e-05,4.7366e-05,0.00014872,-5.4416e-05,0.0001438,0.00012323,2.1201e-05,3.6549e-05,-1.4879e-05,3.0411e-05,7.3531e-05,8.338e-05,5.4219e-05,6.9861e-05,0.00023581,0.00013976,3.2767e-06,6.4291e-05,8.4345e-05,2.9571e-05,-2.9006e-05,2.994e-05,2.8722e-05,0.00027697,-1.5606e-06,7.2282e-05,0.00014507,0.00011451,0.00013547,-4.5319e-05,1.2703e-05,0.00012748,0.00010627,7.3591e-05,-5.9459e-05
0.00018348,0.00012241,0.00013947,0.00020869,0.00016457,0.00018656,0.00013668,7.5463e-05,0.00030122,5.7189e-05,0.00016487,0.00021478,0.00014941,0.00022102,0.00010096,8.0671e-05,0.00018189,-6.5323e-05,4.8942e-05,0.00026346,3.13e-05,4.9176e-05,0.00011541,8.8187e-05,0.000203,0.00012697,-9.593e-06,8.0609e-05,8.7092e-05,0.00017917,0.00014544,-0.00018698,0.00016009,0.00014333,0.0001189,8.4454e-05,9.4942e-05,0.00016428,5.3944e-05,5.7535e-05,5.3219e-05,0.00010282,-5.1834e-05,0.00022936,0.00012908,9.7779e-05,6.0163e-05,0.00010879,1.2267e-05,0.00010318,0.00022022,0.00018664,4.4504e-05,0.0002386,4.2584e-05,7.2968e-05,6.5697e-05,0.00016731,0.00015532,-5.6517e-05,7.0132e-05,2.8835e-05,0.00015391,0.00015752,-0.00020643,0.00026089,8.7359e-05,-9.7903e-06,0.00013007,1.3953e-05,7.7665e-05,0.00016694,3.7614e-05,0.00015505,4.6258e-05,0.00012089,6.7611e-05,0.00018951,5.7601e-05,4.3406e-05,9.6821e-05,1.1644e-06,6.8033e-05,0.00022257,0.00017135,6.7074e-05,-5.9429e-06,0.00010718,0.0001762,9.2054e-05,2.8645e-05,0.00017321,0.00012485,7.6976e-05,0.00012179,0.0001515,7.1107e-05,7.6411e-05,0.00011835,0.00010431,9.7999e-05,5.9219e-05,-4.7378e-08,0.00018837,0.000356,6.2302e-05,0.00022209,0.00018454,5.5714e-05,0.00023548,0.00010087,8.2962e-05,6.7531e-06,0.00028753,0.00018477,0.00017973,0.00010182,0.00012987,0.00012625,7.3549e-05,0.00019089,0.00023544,0.00015987,7.2726e-05,8.0983e-05,0.00013389,0.00012761,0.00013996,-3.876e-06,9.5914e-05,-4.8844e-05,0.00018524,-1.9099e-05,0.0001697,-4.2197e-06,0.00017831,9.1283e-05,0.00043043,0.00021045,0.00018577,5.4938e-05,0.00011668,4.4285e-05,9.4544e-05,0.00014099,0.00015759,0.00012286,0.00020177,7.1926e-06,2.9076e-05,8.68e-05,-2.2912e-05,0.00013353,0.00022412,0.00010379,0.00012961,0.00023274,0.00012459,8.5851e-05,0.00010027,2.4604e-05,7.9528e-05,7.3322e-05,4.4936e-05,0.00012368,0.0004675,0.0002119,8.4678e-05,0.00012572,5.7473e-05,0.00011792,2.2682e-05,4.9127e-05,0.00013482,4.553e-05,-6.0776e-05,0.00021085,0.00016514,0.00018285,0.0001516,-5.3287e-05,0.00013593,0.00021921,0.00012683,0.00012176,-0.00028648
-1.4211e-05,9.4031e-05,9.6258e-05,4.4046e-05,6.9316e-05,1.2714e-05,5.969e-05,1.7501e-05,5.7189e-05,8.9072e-05,4.5825e-05,7.7729e-05,6.8931e-05,0.00011527,7.6494e-06,4.3329e-05,7.0606e-05,-6.9851e-05,9.9054e-06,2.163e-05,7.6889e-05,5.4791e-05,6.277e-05,7.3157e-05,2.4017e-05,5.1638e-05,-4.2398e-06,1.4982e-06,3.6059e-05,4.3464e-05,9.95e-05,-0.00013752,6.0027e-05,5.3412e-06,1.0952e-05,7.3645e-05,2.159e-05,9.4567e-05,6.3758e-05,2.0644e-05,3.5801e-05,7.1624e-05,7.208e-05,5.5375e-06,-6.4935e-07,2.5542e-05,3.8263e-05,3.8971e-05,-1.3888e-05,3.4218e-05,-7.7008e-05,5.9207e-05,2.5723e-05,5.4342e-05,-1.0975e-06,5.7725e-05,9.9246e-06,6.8158e-05,-3.522e-05,3.8957e-05,2.3936e-05,1.5174e-05,6.0696e-05,0.00010797,3.8242e-05,0.0001051,2.6743e-05,1.4571e-05,4.1559e-05,8.6826e-06,2.9566e-05,8.4892e-05,4.15e-05,1.0008e-05,9.7708e-06,-5.1413e-06,4.3002e-05,2.4001e-05,3.6745e-05,-4.3872e-07,4.5697e-05,3.4122e-06,3.7221e-05,3.1533e-05,2.4549e-05,7.6081e-05,-6.6601e-05,2.0718e-05,2.229e-05,4.5416e-05,3.9799e-05,7.3952e-05,2.7876e-05,3.6398e-05,5.5366e-05,5.4054e-05,4.16e-05,-1.4574e-06,4.9207e-05,3.3459e-05,5.8467e-05,1.1029e-05,1.5303e-05,6.1077e-05,0.00015299,5.0341e-05,0.00017303,5.7064e-05,-2.493e-05,-2.3356e-05,2.6309e-05,6.3432e-05,2.3194e-05,3.62e-05,7.6419e-05,5.1138e-05,-1.7637e-05,7.567e-05,4.5753e-05,9.1301e-05,5.1402e-05,3.2651e-05,3.563e-05,4.6699e-05,3.4587e-05,-2.7013e-05,-4.4926e-05,4.51e-05,8.232e-05,1.7616e-05,-3.0677e-05,8.3949e-05,-7.192e-05,4.9355e-05,5.4576e-05,7.9975e-05,4.849e-05,0.00013362,5.9193e-05,5.6103e-05,3.8061e-05,-5.7772e-05,1.9982e-05,1.672e-05,5.324e-05,7.3895e-05,6.4527e-05,4.3623e-05,1.8667e-05,1.1486e-05,6.1704e-05,2.0602e-05,6.7533e-05,-3.7517e-05,0.00010165,3.754e-06,0.00010752,3.7534e-05,5.1649e-05,4.0495e-05,1.38e-05,4.9322e-05,6.0533e-05,-5.6433e-05,7.2734e-05,0.00018067,3.4617e-05,1.0112e-05,6.9055e-05,3.3829e-05,6.5804e-05,4.0812e-05,3.7826e-05,6.8765e-06,-2.6234e-05,-2.1938e-05,7.963e-05,7.1763e-05,-5.1611e-06,-4.5873e-05,5.3844e-05,8.2814e-05,6.6113e-05,5.4424e-05,5.9934e-05,-5.9655e-06
0.00020736,8.6661e-05,0.00013608,0.00018951,0.00013557,0.00010802,0.00018091,5.4324e-05,0.00016487,4.5825e-05,0.00019971,0.00019421,0.00014193,0.00020475,0.00013469,7.4191e-05,0.00015988,2.7152e-05,7.1892e-05,0.00021429,5.7229e-06,0.00014017,8.674e-05,7.5864e-05,0.00015815,0.00012422,4.2175e-05,8.2913e-05,9.3721e-05,0.00011411,0.0002071,-9.5181e-05,0.00012023,7.5206e-05,0.00010046,6.9968e-05,8.7568e-05,0.0001748,5.7074e-05,7.6315e-05,3.2718e-05,8.4524e-05,-2.6168e-05,0.0001815,4.7682e-05,4.5176e-05,5.4887e-05,0.00010274,4.5017e-05,0.00010256,0.00025329,0.00014968,4.7835e-05,0.00018688,2.5979e-05,9.2513e-05,0.0001137,0.00016026,0.00018153,2.0692e-06,7.2881e-05,6.8856e-05,0.00015119,9.1327e-05,-0.00012635,0.00024271,0.00010733,3.3681e-05,0.00014244,-5.8895e-06,7.6347e-05,8.4986e-05,8.7908e-05,0.0001073,0.00010162,1.2763e-05,8.6488e-05,0.00014536,3.9772e-05,-1.1466e-05,9.8153e-05,-5.0089e-05,4.5299e-05,0.00015622,9.5556e-05,3.511e-05,-8.2824e-05,0.00010054,0.00014308,9.3418e-05,0.00011615,0.00011548,6.5561e-05,0.00010777,0.00013131,0.00010218,4.7224e-05,2.939e-05,9.6799e-05,0.00010298,0.00011186,9.9449e-05,-4.1547e-06,0.0001415,0.00022863,0.00010494,0.00014851,0.00017873,3.9425e-05,0.00014773,5.2711e-05,9.5349e-05,4.2411e-05,0.00022665,0.00018649,0.00016446,0.00012955,9.3336e-05,9.2351e-05,0.0001089,0.00015375,0.00018004,0.00011431,6.9345e-05,9.0965e-05,0.00011783,8.0895e-05,0.00011371,5.3815e-05,9.3587e-05,-3.8689e-05,0.00016598,8.8409e-05,0.00012058,1.8171e-05,0.00014558,8.9115e-05,0.00025478,0.00019086,0.00014745,4.6827e-05,8.0747e-06,5.4633e-05,4.7853e-05,0.00010945,0.00014595,7.2032e-05,0.00017318,6.6304e-05,5.9009e-05,8.3747e-05,5.2025e-05,0.00010644,0.00023216,4.4082e-05,0.0001331,0.00019197,0.00011269,0.00010471,0.0001099,4.0583e-05,3.7932e-05,4.5825e-05,4.4442e-05,0.00014962,0.00026343,0.00015941,0.0001303,0.00012641,4.9305e-05,0.00010127,7.0291e-06,9.8006e-05,0.00011275,0.00022746,-3.3975e-05,0.00014946,0.00014873,0.0001459,7.7246e-05,-5.5843e-06,0.00011116,0.00018908,0.00013013,0.00014125,-0.00021134
0.00034735,0.00016335,0.00014306,0.00025976,0.0002046,0.00016463,0.00036022,0.00014486,0.00021478,7.7729e-05,0.00019421,0.00035104,0.00019954,0.00033484,0.00012049,0.00011799,0.00025584,8.6938e-06,8.1773e-05,0.00033359,4.8371e-05,0.00033572,0.00013235,0.00011389,0.00025892,0.00016865,7.9954e-05,5.4746e-05,0.00013795,0.00015508,0.00022999,-0.00010412,0.00023677,0.00010107,8.6261e-05,0.00014722,0.00012809,0.00019082,7.1297e-05,3.1074e-05,5.4382e-05,0.00015838,4.3851e-05,0.00034163,0.00012798,4.2852e-05,3.2081e-05,0.00013106,1.7029e-05,0.00019698,0.0002552,0.00018123,0.0001311,0.00024041,0.00014175,0.00011073,0.00011204,0.00023344,0.00032746,6.6221e-06,8.7865e-05,3.8248e-05,0.00019078,0.00016023,-0.00014341,0.00035759,9.8995e-05,9.8372e-05,0.00017685,7.5831e-05,6.1489e-05,0.00018953,0.00013359,0.00016084,1.9562e-05,6.698e-05,0.00014367,0.00017694,6.1852e-05,1.1985e-05,0.00015382,-8.5357e-05,8.166e-05,0.0002108,9.8869e-05,7.0428e-05,-0.00012966,9.8402e-05,0.00019006,0.00016029,0.00010859,9.6748e-05,5.7195e-05,8.2937e-05,0.00014975,0.0001586,9.0366e-05,9.6266e-05,0.000103,0.00012805,0.0001532,0.00011959,2.3171e-05,0.0002614,0.00045586,0.00013265,0.00023242,0.0002679,3.6179e-05,0.00032276,7.109e-05,0.00011374,2.5924e-05,0.00034215,0.0002622,0.00014419,0.00012597,0.00017461,0.00017584,0.00011601,0.00027297,0.000288,0.00022788,9.093e-05,0.00011741,0.00019446,6.7303e-05,0.00018432,6.3641e-05,0.00014647,3.7633e-05,0.00022801,4.7995e-05,0.0001499,5.3631e-05,0.00018113,-8.2538e-05,0.00045797,0.00026389,0.00025093,8.6196e-05,-6.9276e-05,2.5426e-05,5.6122e-05,0.00015497,0.00023907,0.00015605,0.0002421,7.0336e-05,3.2502e-05,0.00016883,3.4971e-05,0.00013689,0.00018454,6.242e-05,0.00025009,0.00032039,0.00011216,0.00011374,8.7738e-05,7.4672e-05,0.00010159,9.6324e-05,0.00012992,0.00019625,0.00046941,0.00030893,0.00015681,0.00016275,8.1928e-05,0.00015059,4.4409e-06,9.3121e-05,9.4718e-05,0.00051825,8.4653e-06,0.00021821,0.00028079,0.0002047,0.00020671,-7.5476e-06,7.7519e-05,0.00028372,0.000206,0.00017813,-0.00010065
0.00020124,0.0001433,0.00015606,0.0001614,0.00012608,8.884e-05,0.00024621,6.9157e-05,0.00014941,6.8931e-05,0.00014193,0.00019954,0.00018882,0.00022197,0.00012278,5.6979e-05,0.0002226,-2.9731e-05,9.0287e-05,0.00019552,1.9136e-05,0.00019774,0.00010081,0.00011377,0.00017386,0.00013791,4.6211e-05,2.9299e-05,8.3277e-05,8.8036e-05,0.00025518,-0.00015261,0.00013552,5.171e-05,6.7885e-05,9.5391e-05,7.3226e-05,0.00017723,7.0736e-05,4.7855e-05,2.3952e-05,0.00012239,-7.1321e-06,0.0002182,5.9028e-05,2.0408e-05,7.6834e-05,9.7108e-05,4.5753e-05,0.00011102,0.00012272,9.8255e-05,3.8665e-05,0.00020616,7.5315e-05,0.00012143,7.5681e-05,0.00017273,0.00011732,-4.9817e-05,6.9129e-05,4.2258e-05,0.00014297,0.00010319,-6.1145e-05,0.00025608,7.8558e-05,3.9762e-05,0.00011056,1.7079e-05,5.7801e-05,0.00011175,7.8068e-05,7.1109e-05,4.837e-05,2.0392e-05,8.6353e-05,0.00011338,5.533e-05,3.0014e-05,0.00011432,-5.1236e-05,7.3775e-05,0.00011967,8.8429e-05,5.3435e-05,-4.9222e-05,6.4208e-05,0.00014338,7.4242e-05,0.00010327,9.0184e-05,7.4902e-05,7.6746e-05,0.00012182,8.9223e-05,5.9655e-05,0.00010538,0.00010601,9.7361e-05,0.00013915,7.1098e-05,1.428e-05,0.00017531,0.00032807,9.5139e-05,0.00014566,0.00020461,2.5921e-05,9.5984e-05,4.5779e-05,9.1203e-05,4.8188e-05,0.00023005,0.00017635,0.00015406,9.5614e-05,0.00011428,0.00010165,0.00012846,0.00016197,0.0001857,0.00012507,7.9332e-05,8.4422e-05,0.00010875,4.7844e-05,0.00010103,8.7915e-05,0.00010586,-5.7011e-06,0.0001419,1.2463e-05,0.00010602,-5.8011e-06,0.00020285,0.00011048,0.00037111,0.00016849,0.00014619,3.8327e-05,-4.5971e-05,2.8254e-05,6.4778e-05,0.00010449,0.00016457,0.00011585,0.00012594,4.5841e-05,5.8285e-05,3.1635e-05,1.4703e-05,0.00012541,0.00010843,7.3061e-05,0.00013332,0.00021821,7.6136e-05,8.5116e-05,7.2274e-05,2.2434e-05,5.0133e-05,0.00011034,6.4559e-06,0.00015125,0.00033935,0.00019012,0.00012992,0.00013885,6.0606e-05,0.0001588,6.1006e-06,4.7606e-05,7.2225e-05,0.00014853,-3.5307e-05,0.00018599,0.00021564,0.00010446,4.8533e-05,1.0642e-05,0.00013304,0.00017906,0.00011805,0.00013146,-8.9864e-05
0.0002086,0.00030293,0.0001566,0.00027335,0.00015343,0.00013169,0.00034898,0.00017276,0.00022102,0.00011527,0.00020475,0.00033484,0.00022197,0.00057198,0.00013521,0.00017399,0.00030695,5.4877e-05,9.8531e-05,0.00021308,0.00011739,0.00035216,0.00016134,0.00017311,0.0002107,0.00017311,5.1636e-05,7.3545e-05,0.00017629,0.00016475,0.00029772,-0.00039232,0.00020461,3.6453e-05,0.0001386,0.00015821,5.5478e-05,0.00021906,0.00013093,9.7236e-05,4.6568e-05,0.00021968,5.3992e-05,0.00042358,9.5645e-05,2.2221e-05,2.5053e-05,0.00016188,-7.2472e-07,3.653e-05,0.00025039,0.00018242,0.00019376,0.00011403,-5.25e-05,0.00014955,9.3694e-05,0.00022261,0.00011359,1.7302e-05,7.6881e-05,9.6341e-05,0.00020349,0.00022236,-0.00017694,0.00039395,0.00014359,0.00011599,0.00021615,5.9557e-05,9.5807e-05,0.00020802,0.00021252,0.00018248,9.5365e-05,0.00011432,0.00020176,0.00017683,6.7636e-05,3.6704e-05,0.0002302,-6.5171e-06,9.3254e-05,0.00024319,0.00014622,0.0001883,-3.907e-05,0.00011233,0.00025972,0.00018998,0.00011162,0.00017191,0.00014988,9.9905e-05,0.00019525,0.00016814,0.00012985,7.1183e-06,0.00019453,0.00012078,0.00020402,0.00013804,4.5532e-05,0.00029043,0.00046062,0.00011601,0.00026558,0.00028036,-1.9439e-05,0.0003172,0.0001593,0.00018118,4.4642e-05,0.00025838,0.00027194,0.00017827,0.00020401,0.00020912,0.00017163,0.0001667,0.00025472,0.00029244,0.00023284,0.00015295,0.00014974,6.6654e-05,0.00011708,0.00020512,0.00010938,0.00012352,-0.00013315,0.00026258,-5.3752e-05,0.00013243,0.00013029,0.00017289,1.2579e-05,0.00042674,0.00034081,0.00029256,9.7295e-05,-0.00013609,4.897e-05,5.7157e-05,0.00018817,0.00021149,0.00013961,0.00027688,0.00010494,1.3428e-05,0.00022023,4.2204e-05,0.00019015,0.00016072,0.00018376,0.00020268,0.00038374,0.00010177,0.00011106,0.00012852,6.7302e-05,8.9965e-05,6.7937e-05,-7.9444e-05,0.00026057,0.00045824,0.00031067,0.00016771,0.00023009,7.4394e-05,0.00018926,4.1539e-05,0.00010452,0.00013096,0.00014213,-1.6029e-05,0.0001963,0.00027371,0.00016637,0.00012088,7.7238e-05,0.00012197,0.00030635,0.00021746,0.00022439,-4.0831e-05
6.1527e-05,5.7122e-05,5.1268e-05,0.000211,7.1495e-05,9.5747e-05,0.00017977,-2.7002e-05,0.00010096,7.6494e-06,0.00013469,0.00012049,0.00012278,0.00013521,0.00038385,5.978e-05,0.00018904,7.9352e-05,0.00025282,9.1976e-05,-4.6538e-05,0.00035671,4.8455e-05,0.00010061,0.000118,8.0273e-05,0.00024888,0.00010105,6.5782e-05,9.218e-05,0.00022574,-0.00034248,0.00014693,9.5533e-05,7.102e-05,7.8505e-05,8.1936e-05,0.00022129,4.1839e-05,7.2621e-05,-2.82e-05,0.00011305,-7.2351e-06,0.00015442,4.0419e-05,-4.2312e-05,0.00023329,8.0191e-05,9.5925e-05,-3.8005e-05,0.00023781,7.4926e-05,7.131e-05,0.00019088,-0.00013998,0.00010598,0.00013979,8.6017e-05,4.1919e-05,-3.0735e-05,4.1507e-05,0.00010439,0.00013458,7.2657e-05,-0.0001918,0.00028867,0.00011483,-3.6716e-05,0.00012189,-1.897e-05,2.4629e-05,9.1862e-05,0.00016031,3.8833e-05,6.4321e-05,-4.1852e-05,9.7483e-05,0.00012541,4.084e-05,9.1761e-05,8.9241e-05,6.6164e-05,5.2901e-05,1.2237e-05,3.8574e-05,2.6369e-05,-3.4682e-05,-3.1215e-05,0.00017617,8.2912e-05,0.00014651,3.4555e-05,8.6918e-05,9.4471e-05,0.00010995,6.9286e-05,6.5246e-05,1.4957e-05,0.00011787,7.9653e-05,0.00013917,9.36e-05,-2.3523e-05,0.00011331,0.00016962,0.00010131,0.0002419,0.00016945,0.00011612,6.8367e-05,6.8767e-05,9.1758e-05,4.1237e-05,0.00015426,0.00017471,0.00015821,5.9074e-05,4.4474e-05,5.0757e-05,0.00011371,0.00010797,9.6705e-05,0.00024263,9.9524e-05,2.3904e-05,6.5702e-05,7.9808e-05,1.9849e-05,8.7038e-06,0.00010773,-0.00022624,9.4596e-05,6.5507e-05,9.2437e-05,-3.8338e-06,0.00017241,0.00025288,0.0002513,0.00017923,0.00021319,3.6116e-05,0.00016539,2.8235e-05,2.8954e-05,5.5145e-05,0.00012391,-2.5267e-05,0.00013141,-3.1634e-05,9.2174e-05,-3.4183e-05,1.5012e-05,0.00010438,-1.544e-05,0.00016358,0.00010998,0.00015989,6.4123e-05,8.7121e-05,0.00013833,-1.7288e-05,3.731e-05,-5.8418e-06,-8.5093e-06,0.00015158,0.0001844,0.00014478,0.00034477,0.00010534,-4.4e-05,0.00017012,2.9218e-06,0.00010985,5.5039e-05,-0.00016881,-2.0221e-05,0.00011897,9.9635e-05,2.797e-05,4.2507e-05,1.194e-05,0.00020653,0.00012444,4.3064e-05,9.2218e-05,0.00018867
5.173e-05,0.00010912,3.8781e-05,0.00011135,0.0001045,7.3165e-05,5.1713e-05,5.2737e-05,8.0671e-05,4.3329e-05,7.4191e-05,0.00011799,5.6979e-05,0.00017399,5.978e-05,0.00012723,7.3036e-05,-1.5008e-05,1.6453e-05,0.00010185,5.5657e-05,0.00011676,8.7026e-05,8.6996e-06,0.00011538,9.1762e-05,4.7636e-05,4.3791e-05,4.3446e-05,6.7899e-05,9.6202e-05,-0.00018351,0.0001081,5.2871e-05,8.6503e-05,4.4011e-05,3.3755e-05,9.1083e-05,4.4472e-05,5.0539e-05,3.3722e-05,9.5367e-05,1.139e-05,0.00011228,8.2341e-06,-3.1137e-05,3.7365e-05,4.8314e-05,-7.8209e-06,7.3288e-05,4.9699e-05,0.00010884,3.2839e-05,2.4711e-05,-1.0035e-05,4.7943e-05,2.5814e-05,3.1965e-05,7.4616e-05,8.2197e-05,3.3141e-05,5.5857e-05,8.3009e-05,8.692e-05,-9.1951e-05,0.00014244,5.5271e-05,1.1679e-05,7.9295e-05,-6.4625e-07,3.3252e-05,7.0196e-05,5.1021e-05,7.1133e-05,2.9566e-05,5.0044e-05,5.1991e-05,5.0891e-05,2.7837e-05,8.4226e-06,6.4059e-05,-4.4644e-05,2.0444e-05,7.9572e-05,6.4428e-06,2.5713e-05,-5.1299e-05,9.6327e-05,8.9807e-05,5.1411e-05,9.3697e-05,4.3395e-05,9.0913e-05,3.6336e-05,9.0669e-05,7.1378e-05,7.9066e-05,-2.7832e-05,0.00010801,1.9103e-05,6.6242e-05,7.9395e-05,9.4354e-06,7.8379e-05,0.00011961,6.5406e-05,0.00012625,9.2938e-05,1.0873e-05,0.0001374,3.7616e-05,6.4255e-05,4.2437e-05,0.00011528,0.00014415,7.785e-05,-9.0878e-06,8.9689e-05,4.2983e-05,9.2193e-05,5.6254e-05,0.00014003,0.00010783,5.9436e-05,3.233e-05,2.7331e-05,-1.9442e-05,1.9012e-05,1.3683e-05,3.5819e-05,-7.1601e-05,6.4469e-05,5.7794e-05,3.5959e-05,4.2566e-05,7.9053e-05,5.2113e-05,9.8997e-05,9.5906e-05,6.2126e-05,3.8667e-05,-0.00014603,3.5084e-05,8.6148e-05,6.7417e-05,0.0001054,4.2673e-05,5.543e-05,2.5678e-05,1.9296e-05,6.1964e-05,4.6333e-05,4.83e-05,3.0981e-05,0.00013937,7.5378e-05,0.00013039,5.0447e-05,5.139e-05,9.0627e-05,5.6555e-05,3.7343e-05,8.4727e-06,-2.5814e-07,8.0037e-05,0.00013435,0.00011771,3.5355e-05,5.1892e-05,4.1386e-05,6.1743e-05,2.5022e-05,7.3875e-05,5.6042e-05,4.6034e-05,-1.4219e-05,7.9452e-05,6.7471e-05,0.00010568,0.00010708,8.4588e-05,3.3951e-05,0.00012027,4.6725e-05,6.544e-05,4.5317e-05
0.00035592,0.00017895,0.00018083,0.00018406,0.00016488,0.00014837,0.00033632,0.00010019,0.00018189,7.0606e-05,0.00015988,0.00025584,0.0002226,0.00030695,0.00018904,7.3036e-05,0.00041926,-0.00010515,0.00014726,0.00029849,2.3124e-05,0.00042709,0.00011648,0.00016249,0.00028271,0.00012093,0.00010994,1.8389e-05,0.00013936,0.0001258,0.0002909,-0.00018941,0.00022276,0.00021001,6.3538e-06,0.00016152,0.00014455,0.00018822,6.4937e-05,5.1647e-05,8.2845e-05,0.0002347,4.2081e-05,0.0004297,8.3707e-05,8.9515e-05,3.6675e-05,0.00016183,0.0001147,7.38e-05,0.00026467,0.00015116,-4.0398e-05,0.00019879,0.00013608,0.00016477,0.00014494,0.0002426,0.00022599,-3.1226e-05,0.00010683,6.0389e-05,0.00018358,0.00010267,-0.00025866,0.00029794,0.00011938,9.4648e-05,0.00011281,2.1769e-05,4.3985e-05,0.00015613,6.6128e-05,0.00011177,6.0422e-05,4.5796e-05,0.0001162,0.00018198,7.7546e-05,7.4065e-05,0.00018713,-6.2278e-05,0.00010263,0.00020077,0.00011259,7.656e-05,-1.9777e-05,1.0526e-05,0.00019491,0.00014867,0.00014992,0.00015794,7.0967e-05,6.5508e-05,0.00016515,0.00012267,0.00011119,0.00016985,0.00017588,0.00013514,0.00013038,0.00010544,7.4641e-05,0.00022338,0.00045805,0.00011241,0.0002015,0.00029625,1.4419e-05,0.00026474,4.4899e-05,0.00017429,3.0084e-05,0.00022819,0.00020488,0.00016089,0.00014395,0.00017639,0.00012069,0.00011291,0.00025856,0.00025862,0.00018861,0.00010522,9.7271e-05,0.00018856,0.0001313,0.00016801,6.2202e-05,0.00018128,-2.0004e-05,0.00018054,-7.9339e-07,0.00017926,-7.6158e-05,0.00028811,0.00019115,0.00050506,0.00024462,0.00021529,4.5095e-05,6.1532e-05,2.7778e-05,4.1593e-05,0.00016866,0.00024315,0.00011637,0.00022222,2.1682e-05,5.6411e-05,0.00013688,8.2411e-05,0.00015727,0.00014387,0.00015656,0.00014674,0.00027936,4.9248e-05,0.00010526,0.00011708,2.9962e-05,0.00012439,9.9536e-05,5.5462e-05,0.00021786,0.00052864,0.00037516,0.00023279,0.00022335,1.8244e-05,0.00020971,1.5539e-06,7.0105e-05,7.2066e-05,0.00017367,-7.0632e-05,0.00022232,0.00029745,0.00021342,0.00016557,-1.8446e-05,0.00019336,0.00019463,0.00017028,0.00015229,-0.00012599
6.8534e-06,-4.0355e-05,-0.00010076,0.00010342,-0.00012631,0.00012318,0.00022811,3.2374e-05,-6.5323e-05,-6.9851e-05,2.7152e-05,8.6938e-06,-2.9731e-05,5.4877e-05,7.9352e-05,-1.5008e-05,-0.00010515,0.00050517,7.4503e-05,-1.327e-05,5.1248e-06,-6.2699e-06,-3.6705e-05,9.0829e-06,1.8307e-05,-5.2214e-05,2.416e-05,-2.2662e-05,-1.9576e-05,1.959e-05,5.6408e-05,0.0001626,-0.00010562,-0.00010497,0.00014186,-6.8749e-05,-2.4459e-05,-5.7167e-05,-4.1947e-05,-6.1041e-05,-0.00011621,-6.5698e-05,-9.613e-05,-1.9548e-05,-4.6959e-05,-4.3897e-05,3.4786e-05,-7.8933e-05,3.6175e-05,-1.0895e-05,0.00036762,-6.3867e-05,8.2593e-05,-5.0718e-05,-5.8037e-05,-4.2867e-05,-3.765e-05,-6.1452e-05,0.00013619,-4.9145e-05,-9.0389e-05,-4.3611e-05,2.3906e-05,1.1645e-05,-9.2028e-05,1.564e-05,-3.5086e-06,-4.6375e-05,7.37e-05,4.0191e-05,1.8734e-05,-7.8182e-05,3.2518e-05,9.735e-06,5.9343e-05,-6.1689e-05,7.5726e-05,9.3636e-06,-5.4496e-05,-6.4113e-05,-2.5349e-05,6.7873e-05,-6.9785e-05,5.0831e-05,-7.4544e-05,-7.4174e-05,5.7761e-05,2.096e-05,8.5978e-05,-8.2894e-05,9.4041e-05,-2.9178e-05,-6.2449e-05,-2.8309e-05,-4.8746e-05,-5.574e-05,-0.00011248,-2.3723e-05,-7.0175e-05,-5.0625e-05,2.5392e-05,-0.0001578,-4.9165e-05,2.0635e-06,-4.035e-05,-2.7707e-05,-4.6622e-05,1.2701e-05,4.279e-05,3.6158e-05,2.9219e-05,-0.00011002,-3.4574e-05,3.5864e-05,-4.067e-05,-4.0553e-05,0.0002923,-0.0001103,1.7164e-05,-6.3366e-05,-4.5194e-05,5.6181e-05,1.3418e-05,-3.2067e-05,3.8784e-05,3.1247e-05,5.271e-05,-5.0195e-05,-3.5665e-05,-4.4722e-06,5.4691e-05,4.9169e-05,1.0495e-05,-9.8876e-05,-3.6105e-05,-0.00012179,-0.00035061,-1.151e-05,5.1938e-05,0.00010615,4.2302e-05,-0.00013343,-6.2835e-05,-1.8376e-05,-4.274e-05,-8.4404e-05,-6.5119e-05,0.0001081,9.2146e-06,2.4939e-05,-9.9367e-05,-0.00014716,-9.1551e-05,2.3169e-05,-9.9936e-05,0.00012993,-5.0128e-05,-2.9514e-06,-4.6772e-05,-1.7563e-05,-7.687e-05,-0.00016071,-2.4015e-05,0.00014859,-6.7738e-06,-0.00012033,6.4665e-06,3.3953e-05,-9.1698e-05,4.0095e-05,-2.7631e-05,-8.25e-05,4.17e-05,6.1854e-06,0.00034184,6.9205e-05,-6.9889e-05,-0.00011704,2.7076e-05,6.536e-05,-0.00010813,-1.075e-05,3.7484e-05,1.2333e-05,3.6324e-05,0.00016495
7.3895e-05,6.8986e-05,8.5319e-05,0.00014757,2.8397e-05,0.00015292,0.00013869,3.6333e-06,4.8942e-05,9.9054e-06,7.1892e-05,8.1773e-05,9.0287e-05,9.8531e-05,0.00025282,1.6453e-05,0.00014726,7.4503e-05,0.00023654,6.957e-05,-1.5544e-05,0.00026152,4.9338e-07,4.5045e-05,4.7906e-05,3.855e-05,0.00019174,1.6054e-05,6.3524e-05,6.5971e-05,0.00018735,-0.00016834,0.00013592,0.00010502,-3.5275e-05,3.4722e-05,7.9364e-05,0.00012637,4.3033e-05,3.952e-05,-1.1336e-05,7.9032e-05,-3.925e-05,0.00016489,0.0001115,-6.3202e-05,0.00014807,5.4418e-05,0.00012433,-6.3171e-05,0.00014792,2.7172e-05,4.0137e-05,0.00016007,-6.756e-05,7.3047e-05,9.5652e-05,8.2454e-05,6.4509e-07,-2.6523e-05,1.9615e-05,4.6033e-05,8.575e-05,7.8714e-05,-0.00011892,0.00019378,4.8032e-05,-5.736e-06,8.6618e-05,4.0062e-05,9.7343e-06,3.9867e-05,0.00010429,6.528e-05,5.6429e-05,-9.8434e-06,5.6318e-05,8.2565e-05,2.6488e-05,5.0961e-05,4.8453e-05,6.4615e-05,7.8247e-06,-1.1124e-05,3.7527e-05,3.9864e-05,-7.5145e-06,-4.3355e-05,0.00012578,4.139e-05,0.00018315,-1.0785e-05,3.8945e-06,4.5981e-05,6.2257e-05,3.1064e-05,3.5366e-05,-4.3565e-06,6.4764e-05,9.0457e-05,9.3398e-05,5.9706e-05,-2.3815e-05,9.7023e-05,0.00010345,6.4744e-05,0.00021517,0.00013065,6.3719e-05,0.00012452,6.5185e-05,7.2365e-05,1.5874e-05,0.00010602,0.00010734,7.3206e-05,9.5234e-05,2.4417e-06,5.206e-05,5.5266e-05,6.7572e-05,6.5571e-05,0.00020858,4.1107e-05,4.0387e-05,6.1237e-05,6.9919e-05,4.8448e-05,4.3499e-05,5.8355e-05,-0.00010801,7.0468e-05,4.9392e-05,7.3003e-05,-2.2931e-05,0.00015503,0.00015397,0.00018877,0.00015345,0.00018337,1.5208e-05,6.046e-05,-4.8278e-06,-1.5392e-05,3.1002e-05,8.2109e-05,5.5946e-06,0.00012936,-9.5729e-06,4.2057e-05,-3.7278e-05,-1.6459e-05,8.325e-05,2.7608e-06,6.7129e-05,9.3105e-05,0.00010706,3.2248e-05,3.2283e-05,3.126e-05,-4.1913e-05,7.5212e-05,1.4485e-05,-2.0838e-05,0.00011262,0.00011537,8.038e-05,0.00024664,7.0904e-05,-4.2507e-05,0.00011103,1.9931e-06,3.5788e-05,3.9927e-05,-0.00016629,-4.7297e-06,7.4697e-05,0.00015543,6.0472e-05,8.5661e-05,5.7104e-06,0.00020717,9.1716e-05,3.4934e-05,5.8123e-05,0.00015937
