0.00064321,-0.00015802,-0.00012773,-8.6735e-05,0.00013711,0.0003392,0.00016741,5.0685e-05,4.7319e-05,-3.7806e-05,-3.8787e-05,0.00011681,-0.00010823,0.00010881,-4.7906e-05,3.0235e-05,8.5943e-05,-0.00015778,-0.00013377,0.00056258,-8.073e-06,0.00014857,-4.7786e-05,-0.00012744,0.00022461,-4.5932e-05,-0.00013245,3.8329e-05,6.6563e-05,-9.5555e-07,0.00010407,0.00026494,0.00017259,0.00051201,5.997e-05,-0.00010044,-1.0836e-05,-9.0239e-05,-1.2021e-05,-5.4736e-05,4.7638e-06,-0.00015657,-3.6955e-05,0.00022479,0.00020085,0.00010067,-0.00013476,0.00012152,-7.8392e-06,-0.00011832,0.00018485,1.8295e-05,-0.00032152,0.00015613,0.00033341,-7.7932e-05,0.00011488,-2.6701e-05,0.00047402,-4.906e-05,-2.4727e-05,-3.5784e-05,6.9587e-05,-4.5331e-05,-0.00010894,0.00036926,-5.6251e-05,-5.2637e-05,0.00017702,2.9778e-05,-1.4606e-05,-3.0215e-05,-0.00016233,-3.8197e-05,2.661e-06,-4.8038e-05,-0.0001396,0.00031822,3.5861e-05,0.00019733,7.1453e-05,-5.1728e-05,-1.5069e-05,0.00033608,-3.6571e-05,2.8586e-05,-2.3483e-05,0.00010191,0.00010572,-0.0001339,-0.00013966,4.9548e-05,-7.4242e-05,-0.00011881,-4.4726e-05,4.4634e-05,0.0001359,2.5066e-05,-3.774e-05,1.1803e-05,-6.935e-05,-0.00010421,-8.0962e-05,4.9053e-05,4.3939e-05,-5.8668e-05,-0.00011867,-3.0766e-06,-5.9639e-05,0.0005169,1.9266e-05,7.9676e-06,-0.00010213,0.00036824,-7.0725e-05,-0.00013847,0.00015455,-6.3452e-05,8.5742e-05,-0.00016467,0.0001295,0.00024474,-0.00018419,-9.8913e-05,0.0001647,0.00041217,0.00028267,7.3649e-05,3.3639e-05,2.1819e-05,0.00016567,-8.666e-06,3.8314e-05,5.1487e-05,-0.00040431,-7.4307e-05,-2.1939e-05,0.00013065,-4.253e-05,-5.5322e-05,-9.9256e-05,7.745e-05,-4.5587e-05,-1.4606e-05,-6.8429e-05,0.00037881,-1.2342e-05,0.00011611,-1.0091e-05,3.3952e-05,-1.5553e-05,0.00016752,2.9097e-05,0.00038271,4.2569e-05,0.0003387,-1.028e-05,-4.5369e-05,-7.3458e-05,8.8263e-05,-8.5686e-05,8.1393e-05,-0.00014553,0.00074215,-3.5144e-05,3.266e-05,0.00026699,-0.00014352,-5.8066e-05,-5.7154e-05,-7.9235e-05,6.6642e-05,-0.0001589,-9.2048e-05,0.00095878,-2.2302e-05,-6.9107e-05,-4.5861e-06,0.00044092,0.0005631,3.9986e-05,7.4093e-05,-5.9626e-05,-2.7489e-05,-9.8245e-05,-5.5148e-05
-0.00015802,0.00017497,6.2353e-05,1.3702e-05,1.4515e-06,-8.1184e-05,-1.9656e-05,-6.8527e-06,9.3458e-06,-3.1339e-05,-7.0049e-06,-6.4278e-05,5.177e-05,9.9601e-06,-6.4076e-06,-5.1139e-05,-4.5824e-05,1.4264e-05,4.0776e-05,-0.00016991,7.5716e-05,-3.8599e-06,1.2133e-05,3.2161e-05,-6.2195e-05,-2.3999e-06,3.6029e-05,4.2916e-05,6.5829e-06,5.9138e-06,-5.0423e-05,-7.2287e-05,-0.00011103,-0.00010223,1.6448e-05,3.5676e-05,-7.9184e-06,4.4515e-05,-5.1306e-06,5.0232e-07,5.4051e-05,-4.1495e-05,3.2191e-05,-0.00011656,-4.3658e-05,2.8497e-05,7.8928e-05,-3.5676e-05,1.2493e-05,6.4579e-05,-2.0703e-05,1.5054e-05,6.2294e-06,2.4299e-05,-0.00010183,-1.7756e-05,3.2153e-05,3.1515e-05,-0.00016132,5.3516e-05,1.1589e-05,-4.7276e-06,-8.0551e-05,9.4305e-05,-4.2848e-05,-5.5149e-07,-2.3317e-06,5.0998e-05,-2.4615e-05,-9.4604e-07,1.3296e-05,4.5981e-05,5.8232e-05,5.3018e-05,-8.7857e-06,1.412e-05,4.7343e-05,-6.2655e-05,-5.1829e-05,5.5034e-05,-2.4182e-06,-6.5078e-05,-1.5084e-06,-3.5556e-05,-2.1782e-05,1.2952e-05,1.5735e-05,-5.1903e-06,9.9781e-06,7.4317e-05,5.3911e-05,1.5761e-05,4.5225e-05,2.7622e-05,1.853e-05,-1.4704e-05,-2.5076e-05,5.3313e-05,6.1063e-06,-3.139e-06,6.1227e-05,-1.9227e-06,3.8333e-05,-3.6884e-05,7.2263e-06,5.6972e-06,2.0928e-06,1.482e-05,5.463e-05,-0.00014152,-3.6312e-05,-6.8627e-07,2.6102e-06,-8.1877e-05,3.8974e-05,6.2599e-05,5.4571e-06,9.9827e-05,-2.0195e-05,6.2715e-05,-0.00013128,-5.5519e-05,-8.9629e-06,-3.8233e-05,6.3384e-06,-7.9365e-05,-0.00010792,-1.164e-05,-2.9313e-05,9.0484e-06,-1.1647e-05,-2.3764e-05,1.2151e-06,4.9377e-05,0.00013606,5.2018e-05,1.1899e-05,-9.1132e-06,4.1447e-05,5.4218e-05,1.998e-05,3.7557e-05,-4.6397e-06,-1.1444e-06,8.6213e-06,-0.00017054,4.0386e-05,2.07e-06,-8.3161e-06,2.6221e-05,5.09e-05,-0.00012007,2.903e-05,-9.8289e-05,-3.0847e-05,-8.0037e-06,1.3389e-05,2.0973e-05,1.637e-06,8.1237e-07,6.109e-05,3.5709e-05,-1.1819e-05,-0.0001134,3.1745e-05,-1.5068e-05,-2.9345e-05,5.1683e-05,6.4165e-05,2.6144e-06,3.206e-05,-9.7466e-06,9.5713e-06,0.00010067,-0.00020883,4.147e-06,1.8779e-05,7.5458e-05,-6.9629e-05,-6.1644e-05,-5.4962e-06,-3.214e-05,7.5187e-06,5.4876e-05,-5.6613e-06,3.0321e-05
-0.00012773,6.2353e-05,8.6495e-05,1.1708e-05,9.3327e-06,-6.0751e-05,3.3307e-05,1.8692e-05,9.8346e-06,-3.3434e-06,4.2984e-05,2.0501e-05,1.2562e-05,2.106e-05,7.7066e-06,6.1485e-05,-2.5601e-05,6.4594e-05,4.4079e-05,-0.00011617,5.513e-05,-1.7707e-05,3.2398e-05,2.5188e-05,-3.3204e-05,4.0112e-05,3.0384e-05,-1.7559e-05,-2.3172e-05,1.6448e-05,-5.1896e-05,-0.00012261,-2.4865e-05,-8.282e-05,3.4091e-05,2.7744e-05,1.189e-05,9.8951e-07,4.1998e-05,1.1202e-05,2.9753e-05,5.0751e-05,-2.9698e-06,-4.3363e-05,-2.9443e-05,-1.2056e-05,5.7474e-05,1.6405e-05,1.6921e-05,1.1543e-05,-3.8107e-05,1.3594e-05,7.0557e-05,-2.8779e-05,-0.00010919,2.504e-05,-5.5589e-06,4.0142e-05,-7.6557e-05,2.1192e-05,2.0299e-05,-2.7289e-06,-3.6325e-05,3.1321e-05,1.4756e-05,-2.6294e-05,-1.4649e-05,2.8277e-05,-5.7876e-05,2.4987e-05,4.8739e-06,7.3498e-07,1.4695e-05,2.9661e-05,2.2717e-05,4.0379e-05,5.069e-05,-2.4542e-05,-4.3051e-06,-2.4229e-05,-8.0845e-06,-1.3177e-05,3.0145e-07,-6.2876e-05,2.016e-05,-2.6523e-07,2.3899e-05,-1.1213e-05,1.1166e-05,-3.2531e-06,8.7089e-05,1.7898e-05,5.5935e-05,-4.0712e-07,2.3165e-05,1.0288e-06,-5.0604e-06,1.6027e-05,2.55e-05,1.2948e-05,4.2655e-05,2.7726e-05,4.4437e-05,-1.5044e-05,-1.0714e-05,4.769e-06,0.00010008,1.4539e-05,3.0626e-05,-0.0001349,-8.0457e-06,-5.4745e-06,5.3301e-06,-0.00011907,2.6948e-05,5.0299e-05,-3.6738e-05,2.5105e-05,-6.6736e-06,2.5709e-05,2.45e-05,-1.7104e-05,6.3953e-05,5.7832e-05,4.7479e-05,-8.5129e-05,-7.6902e-05,-6.0971e-06,4.9283e-06,-2.7758e-06,-7.1782e-05,2.9148e-05,1.5361e-05,-1.5435e-06,0.00012893,1.593e-05,-1.5181e-05,-1.4666e-05,4.1887e-05,3.459e-05,4.3783e-05,5.7307e-05,1.9406e-05,-3.1897e-05,1.8632e-05,-0.00014942,9.2979e-06,9.2647e-06,-3.1377e-05,-2.1229e-05,2.8883e-05,-7.0549e-05,5.0502e-06,-3.5826e-05,-1.2796e-05,-8.5064e-05,2.1527e-05,-1.3548e-05,1.036e-05,2.8984e-05,1.9403e-06,3.8547e-06,-1.5815e-05,-9.8373e-05,4.1968e-05,-1.0144e-05,-3.0063e-05,3.5343e-05,3.8237e-05,3.1948e-05,7.1339e-06,5.3641e-06,1.1386e-05,0.00010064,-0.00012333,1.0274e-05,1.6474e-05,5.5385e-05,-9.3268e-06,-0.00013047,-2.2131e-05,1.0214e-05,2.5748e-05,4.7892e-05,1.9477e-05,4.0479e-05
-8.6735e-05,1.3702e-05,1.1708e-05,0.0001588,2.9834e-05,-6.6e-05,-3.7446e-05,4.6194e-05,3.2287e-05,-3.2698e-05,-4.3301e-05,-3.7609e-05,-2.9282e-05,-2.3509e-05,-1.4725e-05,-6.2073e-05,4.7493e-05,-8.0765e-06,2.4964e-05,-0.00015072,2.9125e-05,-0.00012172,-1.545e-05,7.0558e-06,-5.9135e-05,1.5636e-05,2.0785e-05,-2.5765e-06,-3.9563e-05,6.3129e-06,-2.4245e-05,-2.2108e-05,1.1046e-05,-3.9971e-05,-6.3813e-05,1.676e-05,1.9738e-05,-1.2026e-05,-2.0576e-05,-7.4347e-06,-1.8811e-05,-7.173e-06,6.3309e-05,1.2771e-05,1.2556e-05,3.99e-05,-3.3482e-05,8.73e-05,-3.7869e-05,3.2202e-05,1.8013e-05,-1.826e-05,-4.7987e-05,-0.00011114,-7.1066e-05,-1.1752e-05,-1.9188e-05,2.1264e-05,-0.00012235,-3.566e-05,2.0424e-05,-2.6831e-05,4.0373e-05,-1.3625e-05,9.6342e-05,-6.4365e-05,-4.326e-05,-1.603e-05,8.0345e-06,-2.449e-05,5.9769e-06,1.8841e-05,-9.3301e-05,-3.7607e-05,3.0167e-06,2.926e-05,2.7903e-05,-4.4806e-05,-2.3368e-05,-3.2584e-05,3.5676e-05,4.5684e-05,-1.2974e-06,-0.00011464,1.1086e-05,-5.1561e-05,5.6172e-05,-3.0721e-05,2.7357e-05,4.4511e-05,1.602e-05,-2.6931e-05,-4.6619e-06,-6.3775e-06,-3.2014e-05,-2.4541e-05,1.4994e-05,2.76e-05,-1.6039e-06,-1.3386e-05,4.8307e-05,3.6673e-05,-2.0444e-05,-1.5296e-06,-2.0487e-05,-1.1543e-05,-5.3687e-05,-3.3656e-05,4.4931e-05,-5.9139e-05,1.903e-05,5.7483e-06,-2.3994e-05,-8.9863e-05,-1.7742e-05,5.5235e-06,-1.1293e-06,-7.6402e-05,-2.4878e-05,-2.5191e-05,2.7967e-05,-0.00011075,-3.307e-05,-5.582e-06,2.6667e-05,-0.00010708,-4.0506e-05,2.7736e-05,1.2478e-06,-4.2368e-06,-4.6876e-05,2.6954e-05,5.5758e-05,-5.9576e-05,-4.5323e-05,1.7676e-05,3.8073e-05,-8.5779e-06,9.4046e-06,-1.1163e-06,1.2503e-05,3.8276e-05,3.4721e-06,1.4274e-05,-1.6387e-05,-5.8685e-05,1.1272e-05,-1.7077e-05,-6.7879e-05,9.3303e-06,2.644e-05,-1.559e-06,8.1805e-06,-3.0219e-05,-2.1931e-05,-6.6293e-05,-5.5281e-05,1.5229e-05,-3.3685e-05,3.6733e-05,1.9012e-05,3.6171e-05,1.2469e-05,-4.803e-05,-2.2991e-05,-2.2237e-05,-8.9609e-05,6.7386e-06,2.8386e-05,5.4872e-05,-3.5522e-05,2.7993e-05,-1.6572e-05,2.3348e-05,-0.00012536,7.8421e-06,-3.1888e-05,4.1406e-06,-7.62e-05,-0.0001243,-5.5964e-05,9.6013e-06,-1.3454e-05,-9.9756e-06,3.958e-05,5.1541e-06
0.00013711,1.4515e-06,9.3327e-06,2.9834e-05,0.00017901,0.00013625,0.00010995,3.9893e-05,4.8074e-05,-8.7389e-05,-2.0995e-05,1.931e-05,-1.8332e-05,7.6134e-05,-4.993e-06,-1.309e-05,7.9305e-05,1.1043e-05,-1.5281e-05,0.00011777,8.0913e-05,-8.7644e-06,-2.6763e-06,-3.5931e-05,7.9102e-05,2.1757e-05,-3.1278e-05,7.1126e-05,3.8582e-05,1.4254e-06,4.3274e-05,4.726e-05,4.7115e-05,0.0001647,2.1475e-05,-5.9885e-06,-9.554e-06,-4.693e-05,-1.0581e-05,8.2821e-06,5.4842e-05,1.3986e-05,8.0595e-06,7.2365e-05,2.3688e-05,7.4982e-05,-6.0778e-05,8.3254e-05,-2.8452e-05,-5.8954e-06,7.8659e-05,1.7723e-05,-0.00017993,1.6276e-05,1.9169e-05,-2.1532e-05,8.0577e-05,7.0067e-05,9.6558e-05,-9.3537e-06,2.1327e-05,-1.1566e-05,-3.2761e-05,-1.4326e-06,3.0719e-05,0.00015355,-2.3839e-06,5.3623e-05,1.0644e-05,1.9523e-05,-3.2543e-06,-4.3847e-05,-7.8103e-05,-1.3078e-05,1.6492e-05,-1.2346e-05,-4.7281e-05,0.00017425,-3.8956e-06,6.9125e-05,5.2584e-05,-2.101e-06,3.7872e-05,7.159e-05,-5.1091e-05,-2.3728e-05,-4.106e-06,2.2963e-05,6.7052e-05,-2.9264e-05,3.3718e-05,1.9291e-05,4.5568e-05,-3.0423e-05,-1.9076e-05,8.9864e-07,7.666e-05,1.5625e-05,3.8708e-06,-2.2154e-05,4.5215e-05,-2.6927e-05,-7.1592e-05,5.2777e-05,4.308e-05,-1.316e-05,4.4507e-06,2.3101e-05,9.663e-05,0.00017126,-1.7332e-05,-9.3008e-06,-5.2281e-05,-6.7848e-06,-1.12e-05,-2.9522e-05,0.00010554,-2.3817e-05,6.5781e-05,-3.6845e-05,2.1576e-05,0.00010087,3.9681e-05,-2.8064e-05,8.3913e-05,8.0306e-05,6.5127e-05,6.0756e-05,5.2975e-05,2.534e-05,9.0892e-06,-2.4629e-06,3.9585e-05,3.0133e-06,-0.00010177,7.1261e-06,6.8264e-05,0.00011361,1.2253e-05,-6.2826e-07,2.512e-07,9.3193e-05,4.1144e-05,6.8845e-05,-2.5842e-05,2.8352e-06,4.4132e-05,5.0292e-05,-5.2393e-05,9.3122e-06,2.3807e-05,-1.5434e-05,7.1953e-05,0.00020677,3.0475e-06,4.1534e-05,3.5074e-05,2.1051e-05,-3.6565e-05,5.6848e-05,-4.0363e-06,9.3114e-05,-1.8269e-05,0.00041123,3.0864e-05,6.1274e-05,0.00012226,-1.3256e-05,1.1412e-05,3.1019e-05,-5.5288e-05,8.7345e-05,-7.4348e-05,5.1716e-05,0.00037103,8.9629e-06,-5.0957e-05,8.7476e-05,0.00013468,0.00019942,5.1856e-05,1.8095e-05,-7.006e-05,2.4728e-06,9.4474e-07,4.1505e-05
0.0003392,-8.1184e-05,-6.0751e-05,-6.6e-05,0.00013625,0.00032105,0.00015739,-3.5884e-06,3.0537e-05,-6.3468e-05,-3.1443e-05,0.00011291,-6.0206e-05,4.9929e-05,-4.377e-05,-1.6698e-05,6.4571e-05,6.8055e-05,-6.8718e-05,0.00036116,-1.4363e-05,0.0001016,-5.5526e-05,-9.6602e-05,0.00021016,-4.459e-05,-0.00010362,0.00012879,5.8964e-05,-2.5638e-06,7.3265e-05,8.8452e-05,0.00018159,0.00031185,4.3777e-06,-5.1186e-05,-1.5529e-05,-8.0483e-05,-1.8039e-05,2.3582e-05,3.3753e-05,-5.7958e-05,-1.6182e-06,0.00016094,8.1861e-05,2.2822e-05,-7.9807e-05,9.9339e-06,5.804e-06,-4.9698e-05,0.00015251,1.0273e-05,-0.00031984,0.00015658,9.3703e-05,-7.7987e-05,0.00010561,1.98e-05,0.00029717,-6.7219e-07,3.1055e-06,2.4098e-06,5.5601e-05,-3.7759e-05,-4.3657e-05,0.00019732,4.8494e-05,-2.3866e-05,0.0001247,-2.2495e-05,-3.5913e-05,-7.4145e-05,-0.00013987,-4.5512e-05,1.8086e-05,-7.7816e-05,-0.00010752,0.00023554,1.999e-05,0.00011768,4.3196e-05,-6.1855e-05,4.7439e-05,0.00020304,-2.9466e-05,-3.6021e-05,-2.2874e-05,3.6221e-05,7.3592e-05,-8.8458e-05,-0.00012873,3.2903e-05,-8.8849e-06,-8.41e-06,-1.5328e-05,4.3247e-05,1.0885e-05,-3.12e-05,-2.8592e-05,-2.3669e-05,-1.3185e-05,-7.8873e-05,-0.00011781,2.1915e-05,6.0534e-05,-4.0264e-05,2.7319e-05,3.5677e-05,3.1659e-05,0.00034814,-1.9846e-06,-1.0594e-05,-9.8584e-05,0.00014618,-3.5968e-05,-8.121e-05,0.0001122,4.7635e-06,6.0732e-05,-8.0385e-05,5.2196e-05,0.00024862,-7.0292e-05,-6.6454e-05,5.5354e-05,0.00023587,0.00016756,3.1232e-05,2.4252e-05,1.4038e-05,4.776e-05,5.8359e-06,2.4665e-05,2.9242e-05,-0.00027244,-5.6396e-05,-2.7339e-05,0.00020326,-7.9228e-06,-1.558e-05,-4.4346e-05,-3.3716e-06,3.4947e-05,2.0285e-05,-2.6332e-05,0.00012819,-5.7093e-05,0.00012737,-6.8399e-05,3.4082e-06,1.052e-05,0.00011125,-5.0188e-07,0.00024307,1.9603e-05,0.0002032,5.3938e-05,4.9481e-06,-7.9192e-05,4.8643e-05,-6.0346e-05,4.6925e-05,-0.00011316,0.00060933,1.2595e-05,6.7426e-05,0.00023084,-0.00010231,-4.35e-05,-6.4031e-05,-6.475e-05,8.4114e-05,-0.00011749,-3.3674e-05,0.00069756,-1.1935e-05,-3.8736e-05,1.8815e-05,0.00030221,0.0004019,8.3395e-05,4.2481e-05,-0.00010625,-4.7124e-05,-6.0534e-05,-2.8685e-05
0.00016741,-1.9656e-05,3.3307e-05,-3.7446e-05,0.00010995,0.00015739,0.00026869,6.0266e-05,5.7219e-05,-7.3941e-05,5.3143e-05,0.0001529,-6.2622e-05,6.1472e-05,-4.1102e-05,0.00010338,2.2473e-05,4.4648e-05,1.7339e-07,0.0001927,2.5048e-05,6.9209e-05,-2.6474e-05,-5.7425e-05,0.00012302,8.7533e-06,-3.3157e-05,-9.4253e-05,-5.9978e-05,1.7185e-05,2.5601e-05,-3.4142e-05,8.2463e-05,0.00019663,8.1966e-05,-5.3317e-05,-9.6726e-06,-6.4156e-05,1.6768e-05,-2.5929e-05,7.4599e-05,2.1144e-05,-2.1917e-05,0.00020497,-2.007e-05,1.0499e-05,-2.3339e-05,0.00011039,-2.9036e-06,-2.1395e-05,0.00017102,2.8581e-05,-0.00012911,4.2857e-05,-1.3655e-05,3.2938e-06,6.305e-05,2.6835e-05,0.00021203,4.4794e-06,1.2033e-05,-8.13e-05,1.1599e-06,-4.172e-05,1.4295e-05,0.00014115,-3.3655e-05,-7.9064e-06,5.2293e-05,6.107e-05,-1.148e-05,-2.8849e-05,-5.9268e-05,1.4855e-05,1.9609e-05,-3.3644e-05,-3.8961e-05,0.00023512,-3.1072e-06,3.11e-05,2.406e-05,3.3356e-05,1.5411e-05,0.00014489,-3.0381e-06,3.7359e-05,-7.9543e-05,5.9189e-05,8.3794e-05,-7.1423e-05,-2.4026e-05,4.6622e-05,1.2767e-05,-8.2868e-05,1.8552e-05,8.4115e-06,5.6229e-05,3.7271e-05,-1.396e-05,-2.3658e-05,9.8822e-06,-4.3864e-05,-5.0721e-05,3.1382e-05,-1.789e-05,-2.8101e-05,0.00012977,4.2679e-05,5.2994e-05,0.0001448,-2.5968e-05,-1.7659e-06,-2.8304e-05,2.0005e-05,1.56e-05,-4.337e-05,7.2604e-05,-5.7669e-06,3.6206e-05,-2.0614e-05,8.446e-05,0.00017736,0.00019885,-4.9275e-06,9.4723e-05,0.00012981,9.2541e-05,2.9046e-05,2.1173e-05,1.3588e-05,-4.2901e-05,8.5725e-06,4.8088e-05,8.3056e-07,5.0606e-06,-2.7861e-05,5.3694e-05,9.9257e-05,4.6911e-05,3.4816e-05,2.5519e-05,0.00015462,-4.0518e-06,-3.7005e-05,-1.8014e-05,9.1548e-05,-9.9038e-05,9.1437e-05,-3.3797e-05,-6.0159e-05,-1.9002e-06,-1.5792e-05,1.8039e-05,0.00033556,1.9623e-05,0.00015474,3.288e-05,-4.0772e-05,-3.5605e-05,8.0015e-05,-4.2094e-05,3.6498e-05,-0.00011975,0.00036426,7.2799e-05,1.6762e-05,0.00013538,-1.0924e-05,-1.7843e-05,7.7592e-05,-5.9846e-05,-1.0411e-05,-5.2412e-05,3.9918e-05,0.00050635,-1.0435e-05,-8.8033e-06,4.2641e-05,0.00024201,0.00011972,-1.7834e-06,0.00012022,-2.4204e-05,1.6654e-05,-5.9407e-05,4.4664e-05
5.0685e-05,-6.8527e-06,1.8692e-05,4.6194e-05,3.9893e-05,-3.5884e-06,6.0266e-05,0.00021859,5.8589e-05,-2.1055e-05,-1.3695e-05,2.3133e-05,-6.0657e-05,2.9552e-05,-1.5214e-05,5.0569e-05,-4.5373e-06,8.4602e-05,-1.8691e-05,2.8072e-05,-3.039e-06,4.1573e-05,1.5583e-06,3.2969e-05,-1.3294e-05,1.8879e-08,5.2736e-06,-8.0321e-05,-3.1399e-05,-8.1557e-06,-2.6178e-05,-3.0488e-05,5.0309e-05,3.7748e-05,7.2532e-05,-5.6163e-06,2.6035e-05,-3.8806e-05,2.0055e-05,-3.0717e-05,2.635e-05,3.5847e-05,-7.3039e-05,0.00013033,4.6428e-05,1.624e-05,3.0929e-06,-3.1415e-05,4.6714e-06,1.4451e-05,0.00012031,2.021e-05,6.2248e-05,-2.9643e-05,1.1914e-05,2.772e-05,4.2425e-05,6.1765e-05,-1.0346e-05,1.2566e-05,-2.409e-05,-2.6853e-05,9.355e-05,6.7687e-05,7.9927e-05,4.2148e-05,-4.7452e-05,7.3621e-05,-1.8462e-05,4.1535e-05,2.6921e-05,5.3126e-05,-2.4003e-06,-2.539e-06,5.5248e-06,2.5468e-05,2.9129e-05,3.7076e-05,3.664e-05,-2.4564e-05,3.1459e-05,3.3838e-05,-2.5054e-05,2.1577e-05,2.227e-06,8.2458e-05,5.6496e-05,2.1825e-05,5.1079e-05,3.6599e-05,1.4382e-05,6.566e-06,1.4732e-06,-6.3535e-05,-5.5675e-06,1.7086e-05,5.828e-05,2.1186e-05,7.916e-05,3.8499e-06,9.97e-06,8.0511e-05,1.0679e-05,1.9899e-05,-4.5967e-05,-2.9989e-05,-4.4324e-05,6.0467e-06,-7.8523e-05,-4.5759e-05,6.6278e-05,-2.1218e-06,-7.1898e-06,-3.2906e-05,-1.3903e-05,-8.3963e-07,1.3573e-05,1.7358e-05,-3.8787e-06,-2.4451e-05,5.0179e-05,1.5342e-06,3.3243e-05,1.6911e-05,0.00014141,2.9819e-05,-5.9484e-06,8.1318e-05,4.3912e-05,0.00015986,-2.3024e-05,8.7488e-05,9.2237e-05,4.0451e-07,4.6128e-05,-2.7893e-05,3.755e-05,-4.58e-05,1.3015e-05,9.0628e-06,2.8281e-05,3.1969e-05,-1.067e-05,4.0724e-05,-1.7265e-05,-2.8906e-05,-5.8087e-06,3.8039e-05,-1.956e-05,1.1364e-05,6.3109e-06,6.0473e-05,-2.0578e-06,-1.5872e-05,2.6635e-05,7.5806e-05,-2.711e-05,-4.267e-05,-1.6937e-05,8.1143e-05,-3.893e-05,6.3112e-05,-3.06e-05,0.0001242,1.2789e-05,-4.1058e-05,-2.2953e-05,-1.3694e-05,4.9116e-05,0.00011642,-4.8767e-05,-3.2151e-05,-3.6042e-05,-8.5265e-06,0.00019458,1.009e-05,-5.3524e-05,9.223e-05,5.3957e-05,-6.2232e-05,1.9948e-05,-1.3346e-05,2.3462e-05,2.1615e-05,1.0394e-06,8.2287e-05
4.7319e-05,9.3458e-06,9.8346e-06,3.2287e-05,4.8074e-05,3.0537e-05,5.7219e-05,5.8589e-05,7.3461e-05,-1.6544e-05,1.1999e-05,6.6271e-05,-1.6654e-06,6.2281e-05,-2.1651e-05,2.3005e-05,2.3501e-05,6.0401e-05,2.8499e-05,1.4388e-05,3.9825e-05,4.8541e-05,-1.6159e-06,-1.3513e-05,-5.0404e-07,4.9711e-05,9.3123e-06,-7.0267e-06,3.6376e-06,1.025e-05,6.3948e-05,-6.0326e-05,4.2671e-05,3.9755e-05,5.9398e-05,-1.0653e-05,6.6745e-06,-1.1347e-05,1.2518e-05,-2.8441e-06,5.4493e-05,-3.5036e-05,3.0543e-05,0.00010762,7.9862e-05,5.1428e-05,2.7935e-05,3.2687e-05,1.496e-05,2.042e-05,6.8411e-05,2.2892e-05,-3.2729e-05,8.8626e-06,-5.9646e-05,4.9675e-06,4.933e-05,4.9062e-05,-1.3148e-06,1.3577e-05,2.954e-05,-5.9229e-06,-2.3187e-06,6.6721e-05,9.95e-05,9.6767e-05,-6.9193e-06,3.4434e-05,2.7227e-05,1.3342e-05,2.8384e-05,1.7937e-05,-3.021e-05,2.2693e-05,2.0774e-05,-2.8292e-06,-5.3455e-06,0.00010894,6.6264e-07,2.9154e-05,5.0485e-05,9.5441e-05,1.7618e-05,6.4606e-05,4.3263e-06,2.1067e-05,2.4161e-05,1.1491e-05,5.7521e-05,1.7107e-05,4.2283e-05,3.0599e-05,2.0502e-05,-2.2153e-05,8.5756e-06,2.2756e-05,2.5694e-05,3.2699e-05,6.3259e-05,6.0816e-07,1.7326e-05,3.0229e-05,-2.585e-05,3.5414e-05,4.938e-05,-8.4238e-06,4.927e-05,1.2241e-05,2.1064e-05,-1.1513e-05,1.5593e-05,2.4766e-05,-1.1757e-05,-3.0095e-05,2.8481e-05,7.0998e-06,5.9235e-05,-4.6235e-05,-2.2297e-06,-2.8105e-05,8.1284e-05,1.5402e-06,-2.6197e-05,-1.4094e-06,5.3005e-05,1.0211e-05,4.0081e-05,4.3724e-05,1.6322e-05,2.098e-05,-6.9376e-05,4.5218e-05,3.4346e-05,6.0311e-06,2.5457e-06,6.582e-06,4.9231e-05,2.7429e-05,5.6325e-05,5.4143e-05,8.2704e-06,5.6976e-05,1.3613e-05,5.0974e-05,2.14e-06,5.5533e-05,2.2533e-05,5.5562e-05,-4.6943e-05,2.0982e-05,7.3756e-06,-1.7241e-05,5.4375e-05,1.9757e-05,-1.1319e-06,2.4623e-05,3.3077e-06,9.0349e-06,-1.1101e-05,6.9013e-05,-1.2761e-05,9.723e-05,-1.7334e-05,9.7195e-05,3.6798e-05,1.0084e-05,1.3164e-06,1.4456e-05,3.9257e-05,3.0942e-05,-1.5962e-05,7.9617e-06,-3.0219e-05,4.0984e-05,0.00016359,-3.0983e-06,8.0454e-06,1.6374e-05,8.0813e-05,2.5087e-05,-1.11e-05,2.1129e-05,1.6691e-05,3.3966e-05,5.3452e-06,1.8216e-05
-3.7806e-05,-3.1339e-05,-3.3434e-06,-3.2698e-05,-8.7389e-05,-6.3468e-05,-7.3941e-05,-2.1055e-05,-1.6544e-05,0.0001494,3.7738e-05,-3.6317e-05,5.8537e-05,-2.6588e-05,1.9141e-05,5.1985e-05,-3.1021e-05,-4.6021e-05,-1.0423e-05,-9.649e-06,-8.935e-06,3.7598e-05,7.9561e-06,1.6216e-05,-3.87e-05,1.0919e-05,5.7749e-06,-5.1524e-05,-2.1113e-05,8.1586e-06,2.2133e-05,-4.8983e-05,2.5991e-05,-8.1333e-05,-1.6644e-05,9.9454e-06,-2.1427e-05,4.9954e-05,2.8645e-05,-2.0424e-05,-3.7531e-05,-8.3192e-06,1.7144e-06,1.8939e-05,-4.0137e-06,-3.5273e-05,7.2634e-05,-2.5715e-05,5.7321e-06,-5.3251e-05,-9.8254e-05,-1.6163e-05,0.00015685,-1.2331e-05,-9.3693e-07,2.2681e-05,-4.1853e-05,-4.9324e-05,-2.4293e-05,2.7858e-05,-1.3898e-05,-2.4221e-06,1.7424e-05,-2.6575e-05,-4.5051e-06,-0.00010695,-5.9165e-06,2.2303e-06,-5.455e-05,-5.2453e-06,6.6178e-06,5.2448e-05,5.3013e-05,5.1822e-05,-4.4368e-06,3.4605e-05,1.4805e-05,-0.00011227,1.092e-05,-2.9905e-05,-2.5875e-05,-4.9476e-06,-1.989e-05,-8.2425e-05,3.8935e-05,2.1968e-05,3.066e-05,-4.8533e-05,-3.9365e-05,-2.4398e-05,5.0885e-05,-1.0882e-05,-3.2371e-06,-3.7646e-06,2.3147e-05,8.4312e-06,1.357e-05,-1.7001e-05,8.0437e-07,2.0083e-05,-3.9677e-05,1.4755e-05,3.3088e-05,-1.5265e-05,1.4049e-05,1.3582e-05,2.8491e-05,-9.5574e-06,-8.3867e-05,-0.0001104,5.5471e-05,3.3971e-05,6.8689e-05,-6.2364e-06,1.9739e-05,1.9401e-05,-6.1914e-05,3.7696e-05,-1.303e-05,3.5978e-05,1.4239e-05,-3.2185e-05,-1.9034e-05,2.9434e-05,-6.7881e-05,-3.768e-05,-6.0409e-05,-4.9724e-05,-2.039e-05,-5.0539e-05,-2.4994e-05,5.1217e-06,-2.5681e-05,1.325e-07,2.5367e-05,1.115e-05,-8.739e-05,-5.7305e-05,9.4171e-06,-1.1645e-05,-1.2736e-05,-0.0001025,-2.1742e-05,4.7483e-05,-1.0775e-05,8.4797e-05,3.3782e-05,-4.9815e-05,2.5051e-05,-2.5677e-05,-2.6293e-05,5.4492e-05,-6.2955e-05,-0.00018759,-3.4503e-05,-9.6069e-05,2.4487e-05,-1.3569e-05,1.7062e-05,-2.5413e-05,1.7139e-05,-6.8279e-05,-2.5228e-05,-0.00023033,-2.7332e-05,-1.1811e-05,-2.4544e-05,-1.2783e-05,-2.4873e-05,-8.1783e-07,7.0226e-05,-1.4367e-05,4.2782e-05,-1.5676e-05,-0.00021156,9.4701e-06,4.4169e-05,-0.00010911,-0.00010164,-6.2257e-05,2.1524e-05,-4.0368e-05,4.9981e-05,8.5314e-06,2.5454e-05,3.378e-05
-3.8787e-05,-7.0049e-06,4.2984e-05,-4.3301e-05,-2.0995e-05,-3.1443e-05,5.3143e-05,-1.3695e-05,1.1999e-05,3.7738e-05,0.00010042,6.5965e-05,2.0843e-05,4.751e-05,2.5887e-05,0.00013664,-1.5585e-05,-9.7366e-05,3.372e-05,-1.4519e-05,2.5188e-05,5.3097e-05,3.108e-05,3.2609e-05,-2.689e-05,7.9379e-05,3.3185e-05,-5.369e-05,-3.3753e-05,1.8489e-05,5.3437e-05,-0.00011727,-1.7431e-05,-6.1625e-06,7.7489e-05,-5.2025e-06,-3.1144e-06,1.5002e-06,5.8661e-05,-1.0217e-05,2.5141e-05,2.4392e-05,-1.6935e-05,3.2441e-05,-3.4979e-06,-1.0911e-05,9.1081e-05,3.7157e-05,3.6443e-05,-1.2379e-05,-3.139e-05,7.0539e-06,0.00013079,-1.2421e-05,-6.7777e-05,3.319e-05,1.5906e-05,6.733e-06,2.0995e-05,3.2703e-05,5.1057e-05,-1.8961e-06,-6.0716e-05,-3.2212e-06,6.5211e-05,-3.6785e-05,-1.3035e-05,1.3276e-05,-1.3624e-05,4.5743e-05,2.4732e-05,3.2267e-05,4.0576e-05,4.3289e-05,3.4909e-05,2.8134e-05,1.7713e-05,2.6741e-05,2.0692e-05,1.5936e-06,7.3215e-06,7.6708e-05,1.1057e-05,2.6207e-05,5.5234e-05,4.9134e-05,-2.4715e-05,2.161e-05,-1.5285e-06,-3.7272e-05,3.5463e-05,2.8841e-05,6.8659e-06,-1.9127e-05,4.0639e-05,4.915e-06,1.9795e-05,3.1501e-05,4.7922e-05,3.6166e-05,-2.9113e-08,3.7553e-05,9.9561e-06,3.8051e-05,2.2556e-05,2.8173e-05,0.00017082,1.9646e-05,2.5787e-05,-5.8972e-05,9.7342e-06,2.8761e-05,3.732e-05,-2.9702e-05,4.782e-05,3.3435e-05,-2.4503e-05,-7.6702e-06,1.7486e-06,1.0978e-05,8.6553e-05,9.5001e-06,9.1848e-05,8.1259e-05,2.1145e-05,-2.5356e-05,-3.2103e-05,-2.7131e-05,1.307e-05,-1.3491e-05,-6.6158e-05,3.6633e-05,9.7287e-06,1.0643e-05,0.00011721,-1.8673e-05,-1.6863e-06,-2.8173e-05,4.8081e-05,4.8767e-05,3.0158e-05,3.905e-05,7.2204e-06,-9.9788e-06,4.503e-05,6.2868e-05,-1.8602e-05,1.3224e-05,9.2275e-06,-5.391e-05,-4.7631e-06,-1.39e-05,3.7288e-05,8.7062e-06,2.1813e-05,-4.4616e-05,5.6053e-05,3.8363e-06,4.6879e-05,3.0203e-05,-2.4592e-07,7.8254e-06,-2.7788e-05,-9.5792e-05,4.6162e-05,1.844e-06,-1.3008e-05,5.6945e-05,2.014e-05,5.0492e-05,1.1004e-05,-8.2063e-06,4.0394e-05,5.1703e-05,6.5664e-06,3.3733e-06,5.6828e-05,-4.9502e-06,-2.1687e-05,-0.00010939,5.5646e-06,6.7297e-06,7.5383e-05,5.2396e-05,2.1654e-05,4.2322e-05
0.00011681,-6.4278e-05,2.0501e-05,-3.7609e-05,1.931e-05,0.00011291,0.0001529,2.3133e-05,6.6271e-05,-3.6317e-05,6.5965e-05,0.00023907,-5.3052e-05,9.7941e-05,-2.2001e-05,0.00011976,1.7943e-05,0.00014797,6.0827e-05,0.00012954,-1.4793e-05,0.00012777,-4.4796e-07,-5.7606e-05,8.0819e-05,7.0835e-05,-1.5703e-05,-3.162e-05,3.4742e-06,3.8582e-05,7.5924e-05,-0.00013901,8.1288e-05,8.8817e-05,0.00011466,-4.6967e-05,3.2807e-05,-6.3725e-05,5.032e-05,3.4182e-05,6.0889e-05,5.564e-06,1.6462e-05,9.1653e-05,0.00013262,-2.4482e-05,2.706e-05,3.9206e-05,4.5154e-05,-2.6795e-05,9.6393e-05,3.7636e-05,-6.513e-05,5.5104e-05,-7.5526e-05,2.6247e-05,3.6865e-05,4.6832e-05,0.00014506,2.2787e-05,5.8805e-05,1.9088e-05,2.4278e-05,1.1353e-05,9.9706e-05,0.00015767,3.0628e-05,-1.8176e-06,8.5445e-05,3.0131e-05,2.4026e-05,-3.7048e-05,-6.8175e-05,2.3004e-05,5.2572e-05,-2.2844e-05,-3.5787e-05,0.00019489,3.8363e-05,-9.1525e-06,4.7489e-05,0.00013989,3.6512e-05,0.00016108,3.9415e-05,1.7494e-05,-1.0953e-05,3.965e-05,6.4527e-05,-4.1381e-05,4.5576e-06,6.0242e-05,2.3819e-05,-1.6093e-05,2.7927e-05,6.2095e-05,-1.304e-05,9.9178e-06,4.7441e-05,1.7269e-05,5.9524e-06,3.1061e-06,-1.1795e-05,4.1841e-05,4.3307e-05,-9.9751e-06,0.00020547,2.7643e-05,3.3004e-05,7.2593e-05,9.6668e-06,1.7496e-05,-3.4706e-05,-3.1677e-05,3.0951e-05,-1.2134e-05,3.3334e-05,-9.9468e-05,3.127e-06,-8.3238e-05,0.00022381,8.2059e-05,-1.7669e-06,4.6613e-05,8.7608e-05,8.7394e-05,0.00015772,2.6344e-05,1.1992e-05,1.9813e-05,-9.3933e-05,8.6634e-05,2.1053e-05,3.9377e-06,8.8183e-08,-5.8764e-05,1.5111e-05,7.4005e-05,7.5375e-05,8.6261e-05,2.7628e-05,3.0698e-05,3.9206e-05,-1.5601e-05,5.9926e-05,4.94e-05,-4.4369e-05,0.00012545,-3.8562e-05,-1.3608e-05,1.5111e-05,1.2954e-05,3.6827e-05,0.00011983,4.518e-05,7.9469e-05,3.5955e-05,-7.152e-06,-8.1957e-06,0.00010011,-8.7207e-05,6.1142e-05,-5.1527e-05,0.00013981,8.0703e-05,-1.6683e-05,2.0788e-05,7.4418e-06,2.4916e-05,-2.9281e-05,-4.2006e-05,6.0447e-06,-3.9228e-05,4.566e-05,0.00045936,1.3399e-06,4.6028e-05,2.0722e-05,0.00022062,2.1796e-05,-4.8222e-05,0.00011609,3.2912e-05,3.2861e-05,-1.0981e-05,-8.5859e-05
-0.00010823,5.177e-05,1.2562e-05,-2.9282e-05,-1.8332e-05,-6.0206e-05,-6.2622e-05,-6.0657e-05,-1.6654e-06,5.8537e-05,2.0843e-05,-5.3052e-05,0.0001262,1.1753e-05,3.8995e-05,-3.5469e-05,3.3452e-06,-7.4566e-05,1.4709e-05,-6.9131e-05,6.4656e-05,1.4917e-05,2.7882e-05,5.2562e-06,-4.9076e-05,8.983e-06,1.7624e-05,2.7497e-05,4.4746e-05,-1.0164e-05,1.5473e-05,-4.113e-05,-9.674e-05,-0.00012081,8.8513e-06,6.0711e-05,-3.8241e-05,7.8311e-05,-3.2349e-06,1.4129e-05,3.8279e-05,-4.747e-05,5.8363e-05,4.5677e-06,-3.0207e-05,7.6236e-06,8.1499e-05,-8.5804e-06,4.3835e-05,5.3139e-05,-0.000103,1.127e-05,7.4273e-05,-6.2597e-06,-5.3894e-05,2.9509e-05,7.8388e-06,1.9962e-05,-9.1184e-05,4.2031e-05,7.5782e-06,2.9531e-05,-5.759e-05,5.576e-05,3.947e-05,-3.2425e-05,4.631e-05,6.6336e-05,-6.4023e-05,-1.319e-05,3.1795e-06,1.7807e-05,5.1944e-05,5.6712e-05,9.8522e-06,-5.7903e-06,-1.1915e-05,-1.6836e-05,-1.5177e-05,-2.3098e-05,-2.2397e-06,-5.9769e-06,1.1246e-05,-6.7812e-05,-1.9013e-05,1.2687e-05,-1.1507e-05,-2.7395e-05,-3.6111e-05,1.6824e-05,6.0427e-05,8.3106e-06,4.6313e-05,4.2013e-05,2.8312e-05,-1.5026e-06,-1.856e-05,5.6049e-06,3.5682e-05,-3.6484e-06,1.6276e-05,1.2742e-05,6.4696e-06,7.344e-06,8.7504e-05,4.0471e-05,6.1202e-05,1.7241e-05,1.4559e-05,-0.00014067,-6.9502e-06,2.3387e-05,5.4726e-05,-4.5105e-05,4.9372e-05,2.1937e-05,3.4882e-05,-2.9574e-06,6.9294e-07,7.2469e-05,-6.6823e-05,-3.0381e-05,-4.9632e-05,-1.4795e-05,-9.934e-05,-5.3715e-05,-7.3928e-05,-1.1045e-06,-8.5924e-07,-1.9584e-05,8.1701e-06,-5.7127e-05,-2.1927e-05,-1.774e-05,8.6651e-05,8.6518e-05,4.1638e-05,9.2173e-06,2.9932e-05,4.1802e-05,2.0031e-05,-2.9575e-05,1.8735e-05,7.9804e-05,1.543e-05,4.886e-05,6.8941e-05,-4.0758e-05,1.4596e-05,5.3852e-06,-3.0084e-06,-5.5285e-05,2.3766e-05,-7.5963e-05,-4.0353e-05,-7.4805e-05,2.5853e-05,3.7206e-05,3.4448e-05,-2.2378e-05,4.0992e-05,3.0812e-05,1.652e-05,-0.00011245,1.2524e-05,4.584e-05,-2.9457e-05,3.4709e-05,-4.1349e-06,3.9961e-06,8.9195e-05,6.5007e-07,4.1101e-05,1.5217e-05,-0.00021754,2.2748e-05,5.7711e-05,-3.3494e-05,-7.1302e-05,-2.6935e-05,1.6816e-05,-3.5282e-05,2.1256e-05,4.689e-05,2.6642e-05,1.3279e-05
0.00010881,9.9601e-06,2.106e-05,-2.3509e-05,7.6134e-05,4.9929e-05,6.1472e-05,2.9552e-05,6.2281e-05,-2.6588e-05,4.751e-05,9.7941e-05,1.1753e-05,0.00018169,1.3993e-05,4.9351e-05,4.7502e-05,-3.5215e-05,4.6146e-05,9.3169e-05,6.78e-05,0.00010409,2.849e-05,3.6334e-05,2.3321e-05,8.576e-05,-1.0871e-05,6.2503e-05,7.7053e-05,2.7094e-05,0.00014896,-3.3409e-05,-3.9321e-05,0.00012787,0.00012989,-7.9008e-06,1.2577e-06,-3.2914e-05,2.7536e-05,2.3858e-05,7.9537e-05,-7.4044e-05,1.5474e-05,2.6107e-05,0.00016626,5.7011e-05,1.325e-05,8.6628e-05,5.313e-05,-8.0086e-06,2.0628e-05,4.2412e-05,-5.7494e-05,5.3986e-05,-8.1548e-06,3.1191e-05,9.4124e-05,7.3729e-05,7.7576e-05,4.6971e-05,7.1793e-05,4.8702e-05,-6.1234e-05,4.6836e-05,6.9644e-05,0.00017405,1.5815e-05,8.1835e-05,1.4648e-05,2.7749e-05,3.9444e-05,3.7913e-05,3.9228e-06,3.3055e-05,4.4599e-05,2.5605e-05,-1.7481e-05,0.0001499,4.2303e-05,5.3818e-05,7.9017e-05,0.00011035,2.9601e-05,0.00014159,-1.3427e-05,6.2832e-05,-4.273e-05,2.8789e-05,6.5482e-05,-1.1524e-06,9.8589e-05,6.1695e-05,3.8505e-05,-1.4282e-05,1.211e-05,2.656e-05,8.2102e-05,2.5699e-05,0.00011033,2.918e-05,2.3953e-05,1.0588e-05,5.1022e-06,7.0672e-05,8.1229e-05,-6.0353e-06,9.7789e-05,2.2651e-05,8.7878e-05,6.4874e-05,4.3296e-06,2.3198e-05,-5.4228e-05,-7.2264e-06,4.3177e-05,2.3242e-05,0.00010011,-2.0747e-05,3.8597e-05,-7.3132e-05,8.9128e-05,2.2005e-05,-0.00016775,-1.4673e-05,8.4512e-05,8.6353e-05,0.00013269,4.2417e-05,4.6458e-05,6.1552e-05,5.2439e-06,1.5976e-05,2.0303e-05,4.3287e-05,-2.9537e-05,-2.0189e-05,4.8166e-05,2.7341e-05,7.1751e-05,8.0427e-05,1.5716e-05,7.8757e-05,3.7329e-05,9.5171e-05,5.0253e-05,4.5887e-05,7.1177e-05,7.0407e-05,1.3877e-05,1.3464e-05,4.0447e-05,-1.5531e-05,0.00011429,0.00010497,3.9757e-05,4.792e-05,5.6773e-05,2.7315e-05,3.0834e-06,8.6453e-05,-2.0635e-05,0.00015676,-1.9025e-05,0.00022773,4.715e-05,1.9156e-06,5.3893e-05,3.6058e-05,6.8729e-05,1.3062e-05,-2.6008e-05,6.5583e-05,-6.3739e-05,7.8831e-05,0.00039539,2.2116e-05,3.7009e-05,7.2572e-05,0.00011917,6.4875e-05,2.5946e-05,-2.5082e-06,3.8635e-05,6.4825e-05,2.0235e-05,-2.2201e-05
-4.7906e-05,-6.4076e-06,7.7066e-06,-1.4725e-05,-4.993e-06,-4.377e-05,-4.1102e-05,-1.5214e-05,-2.1651e-05,1.9141e-05,2.5887e-05,-2.2001e-05,3.8995e-05,1.3993e-05,0.00012309,-6.8888e-05,5.6661e-05,-7.8638e-05,3.9291e-05,-6.1821e-05,1.829e-05,3.5477e-06,2.7543e-05,2.5827e-05,-5.2872e-05,4.1946e-05,6.9988e-05,2.942e-05,4.2072e-05,-8.3964e-07,3.8744e-05,-1.5677e-05,-7.9435e-05,-0.0001314,1.1828e-05,2.7415e-05,-2.7811e-05,-2.9735e-06,5.2876e-06,4.6033e-05,1.9619e-05,0.00011748,6.0541e-05,-5.4665e-05,-2.6092e-05,1.7813e-05,4.7953e-05,2.7281e-06,-1.1197e-05,-2.523e-05,-4.0201e-05,3.35e-05,6.3538e-05,-3.8909e-05,2.4891e-05,1.5214e-05,3.2755e-05,4.3208e-05,-2.6221e-05,1.4597e-06,3.2319e-05,5.3644e-05,-3.657e-05,6.2705e-05,5.0651e-05,-3.8005e-05,3.4208e-05,3.6055e-05,-5.1303e-06,-1.191e-05,-2.9791e-06,7.597e-05,5.2698e-05,1.829e-05,3.3371e-06,3.2591e-05,2.4117e-05,3.1304e-05,3.3012e-05,-4.0883e-05,4.0748e-05,8.0669e-06,2.4232e-05,3.2989e-05,3.9778e-05,2.8971e-05,4.0053e-05,5.512e-06,-1.7264e-05,1.5275e-05,-6.4086e-06,-6.275e-06,3.5253e-05,2.3946e-05,2.9312e-06,-2.3553e-05,2.6025e-05,3.8863e-05,-2.9495e-05,2.2332e-05,5.5846e-05,1.7592e-05,1.6955e-05,1.8327e-05,1.2109e-05,3.3073e-05,6.3529e-05,-2.4359e-06,-1.6601e-05,-0.00011929,3.5396e-06,-1.0075e-05,3.8476e-05,-1.8785e-05,9.2018e-06,-2.3351e-05,1.6428e-05,-1.81e-05,1.7647e-05,4.6266e-05,-1.5897e-05,-5.8554e-05,0.00018706,-3.5999e-07,4.1051e-05,-8.1131e-07,-2.8698e-05,2.2174e-05,7.47e-06,2.6878e-05,4.1954e-05,-3.8741e-05,4.4891e-05,1.2958e-05,5.1052e-05,1.9696e-05,4.6974e-05,-2.7389e-05,-2.0044e-05,1.0094e-05,3.9067e-05,-3.9516e-05,4.4707e-05,6.3922e-05,-1.4195e-05,-6.9095e-05,6.079e-05,1.7155e-05,4.7809e-05,-2.3535e-05,3.3111e-06,-7.4188e-05,2.9427e-05,-7.376e-05,1.6836e-05,3.8506e-05,2.8858e-05,4.7915e-05,3.3984e-05,4.7055e-05,3.1945e-05,-3.9119e-05,2.1028e-05,-0.00019296,2.4276e-05,1.4113e-05,-5.7305e-05,0.0001024,-6.227e-06,7.1792e-06,2.7264e-05,1.3914e-05,5.6383e-05,3.6639e-05,5.9987e-05,4.5476e-05,3.3048e-05,6.4823e-06,4.4168e-07,-0.00011513,-8.5194e-06,2.8907e-06,4.2967e-05,4.2334e-05,4.7419e-05,2.0785e-05
3.0235e-05,-5.1139e-05,6.1485e-05,-6.2073e-05,-1.309e-05,-1.6698e-05,0.00010338,5.0569e-05,2.3005e-05,5.1985e-05,0.00013664,0.00011976,-3.5469e-05,4.9351e-05,-6.8888e-05,0.00051012,-9.8414e-05,-0.00020628,-2.8379e-05,0.00013128,7.7921e-05,0.0001231,5.9379e-05,4.3764e-07,3.0602e-05,0.00010768,-4.5047e-05,-0.0001122,-0.00012604,5.5266e-05,-6.2834e-05,-0.00016369,-5.0635e-06,0.00017048,0.00010925,-4.7484e-05,6.724e-05,2.1656e-05,0.00013502,-9.3411e-05,-4.9975e-05,9.1066e-06,-0.00022509,-3.4169e-05,-1.2056e-05,-7.6558e-05,0.000148,2.7345e-06,3.5894e-06,-3.171e-05,-5.9365e-05,-5.3493e-05,0.00025123,-2.8207e-05,-6.7299e-05,3.9253e-05,-3.8725e-05,-2.9952e-05,5.848e-05,6.6496e-05,6.3484e-06,-5.7904e-05,-4.4094e-05,-8.4721e-05,7.609e-05,-6.5986e-05,-6.8284e-05,6.8018e-05,-2.3454e-05,0.00013294,7.0427e-05,-0.00010302,1.542e-05,0.00011986,5.9044e-05,3.1633e-05,-9.2881e-05,-5.3563e-05,2.4206e-05,2.6548e-05,-8.9272e-05,0.00010758,-2.3921e-05,-5.4916e-05,6.4368e-05,2.2699e-05,4.1469e-06,5.939e-05,-5.3637e-05,-0.00016871,0.00011553,3.5864e-05,-2.4566e-05,-6.6576e-05,5.3316e-05,6.8337e-05,3.6904e-05,2.0573e-05,2.9919e-05,8.0242e-05,-9.5028e-05,2.1782e-05,-2.1395e-06,6.3713e-05,-3.8604e-05,8.4482e-05,0.00017197,1.9564e-05,8.2683e-05,5.933e-05,5.6211e-05,4.688e-05,0.00011294,-3.0698e-05,1.6313e-05,8.9048e-05,-0.00021957,-1.4123e-05,2.3549e-05,-3.6364e-05,0.00027665,9.3718e-05,5.634e-05,0.0002488,1.3524e-05,1.287e-05,3.8455e-06,-3.7409e-05,6.99e-05,4.7497e-06,-0.0001639,0.00022427,-2.2786e-05,1.0895e-06,0.00012316,-8.8249e-05,-9.8622e-05,-2.0071e-05,6.4385e-05,1.335e-05,-5.8499e-06,-4.1451e-05,-3.463e-05,-4.1917e-05,0.00010511,0.00023377,4.5831e-06,-2.6973e-05,2.369e-05,-5.5743e-05,2.3578e-05,0.00015413,1.5152e-05,1.9734e-05,7.345e-05,-0.00018386,2.1555e-05,-7.1646e-05,9.8912e-05,-2.1523e-05,-6.5532e-05,-7.6974e-05,-2.6734e-05,6.8112e-05,2.0559e-05,-0.00011568,2.1468e-05,-6.0808e-05,3.6462e-05,8.5339e-05,-1.4563e-05,-9.4632e-06,6.3191e-05,2.943e-05,5.018e-05,2.4219e-06,2.7049e-05,7.8252e-05,-6.9181e-05,-2.1266e-05,6.0638e-05,3.9056e-05,7.4431e-05,2.1774e-05,-3.1634e-05,1.3785e-05
8.5943e-05,-4.5824e-05,-2.5601e-05,4.7493e-05,7.9305e-05,6.4571e-05,2.2473e-05,-4.5373e-06,2.3501e-05,-3.1021e-05,-1.5585e-05,1.7943e-05,3.3452e-06,4.7502e-05,5.6661e-05,-9.8414e-05,0.00012439,-9.257e-05,5.6984e-06,7.9438e-05,2.8255e-05,-3.1097e-05,-1.983e-05,-1.0303e-05,2.1608e-05,1.617e-05,-2.7952e-06,7.2154e-05,5.3571e-05,-2.0489e-06,7.1969e-05,6.6423e-05,-6.5016e-07,3.0077e-05,-2.6254e-05,1.3731e-05,-2.4984e-05,-3.3404e-05,-3.1983e-05,3.877e-05,2.837e-05,1.0934e-05,9.4558e-05,0.0001088,6.1291e-05,5.2945e-05,-4.7737e-05,8.6358e-05,-1.8544e-05,-1.2076e-05,2.966e-05,1.9871e-05,-0.00013312,-2.5421e-05,5.2432e-05,-2.7281e-06,3.9235e-05,2.4122e-05,6.1981e-05,-3.2862e-05,3.5451e-05,2.8773e-05,2.8234e-06,1.1352e-05,9.0832e-05,6.7474e-05,2.5104e-05,5.8608e-06,4.7939e-05,-3.5127e-05,-1.4674e-05,2.3204e-05,-7.0536e-05,-2.5563e-05,1.5276e-05,6.6388e-06,-1.9642e-05,0.00011517,1.8777e-05,4.1551e-06,7.8166e-05,4.0766e-05,1.5614e-05,4.6077e-05,2.7689e-06,-2.401e-05,-2.6842e-05,-8.3963e-06,4.0074e-05,-3.6327e-06,-1.4872e-05,2.814e-06,1.7942e-05,7.0114e-06,-2.1627e-05,-2.5261e-05,6.2453e-05,1.4216e-05,-1.3256e-05,-4.2528e-06,6.0876e-06,-1.251e-07,-6.4035e-05,5.0244e-05,4.4086e-05,8.125e-06,3.1385e-05,-4.3827e-06,3.9517e-05,4.3067e-05,-1.348e-06,-1.2436e-05,-3.3868e-05,2.7353e-05,-1.2946e-05,-5.0154e-05,8.5099e-05,-8.1015e-05,2.1074e-05,-2.0743e-05,3.5316e-05,-7.7064e-06,1.5175e-05,-5.0142e-05,4.1777e-05,5.308e-05,8.6985e-05,5.5868e-05,1.8212e-05,2.8776e-06,4.9468e-05,-4.089e-05,7.4338e-05,-2.7289e-05,-0.00013182,2.4517e-05,7.1743e-05,5.6491e-05,-7.9902e-06,5.4052e-06,2.303e-05,3.8089e-05,4.4995e-05,6.5514e-05,-2.975e-05,0.00018062,2.7687e-05,3.3178e-05,-2.1105e-05,-1.0806e-05,2.1782e-06,-1.0808e-05,4.8839e-05,0.00010751,1.1109e-05,8.1568e-05,-4.6076e-06,4.2208e-05,-2.2463e-05,7.5436e-05,-2.7696e-06,5.9925e-05,-2.3525e-05,0.00014306,-7.7422e-06,2.5965e-05,2.2827e-05,1.2561e-05,-3.0516e-05,5.5714e-06,-1.6328e-05,6.4796e-05,-2.3673e-05,-2.9672e-05,0.00026819,2.9639e-05,-2.0467e-05,-1.9599e-07,8.7708e-05,3.9612e-05,7.0301e-06,2.4591e-05,-2.6579e-05,1.0268e-05,3.5576e-05,-4.9003e-06
-0.00015778,1.4264e-05,6.4594e-05,-8.0765e-06,1.1043e-05,6.8055e-05,4.4648e-05,8.4602e-05,6.0401e-05,-4.6021e-05,-9.7366e-05,0.00014797,-7.4566e-05,-3.5215e-05,-7.8638e-05,-0.00020628,-9.257e-05,0.0014814,0.00015847,-0.00023302,-0.00020316,1.0485e-05,-2.8394e-05,-0.00010186,7.9967e-05,3.9168e-05,3.1893e-05,-1.9735e-05,2.9751e-05,-3.9964e-05,-2.269e-05,-0.00013058,0.00026077,-0.00038312,-9.3857e-06,-6.9307e-05,1.1275e-05,-0.00011697,-5.6757e-05,0.00012358,7.8768e-05,0.00023015,-1.7663e-05,-0.00013935,3.3419e-05,-0.00013887,-0.00025367,-0.00042409,-4.679e-05,-7.0038e-05,1.7563e-05,7.0313e-05,-0.00012717,5.8641e-05,-0.00015684,-4.6368e-05,-4.8777e-05,0.000107,-0.00014093,-5.7421e-05,-5.0954e-05,3.2191e-05,0.00010162,7.2954e-05,-0.00015013,8.7348e-06,9.7167e-05,6.3912e-05,-9.002e-05,-6.1948e-05,-9.3796e-06,-0.00014402,4.3571e-05,-3.821e-05,-1.3082e-06,-8.6081e-05,6.8254e-05,4.2463e-05,-3.937e-06,-0.00017502,-2.8033e-05,7.6705e-05,0.00013234,2.016e-05,1.0584e-05,-8.973e-05,0.00011785,-0.00015035,-5.151e-06,0.00013215,7.8382e-05,-8.3774e-06,0.00013692,3.0653e-05,-3.4166e-05,1.9338e-05,-0.00015445,-0.00014565,7.2361e-05,-0.00018022,0.00018148,-7.492e-05,0.00015591,-0.00014351,-7.2754e-05,-0.00020212,-6.113e-05,5.7539e-06,-7.0619e-05,-8.7346e-05,-4.3475e-05,-9.8743e-05,-0.00013898,-0.00032125,-4.6704e-06,1.967e-05,0.00011785,-5.4567e-06,-4.0097e-05,-3.6599e-05,6.6389e-05,1.294e-05,0.00010997,-4.7661e-05,9.2276e-06,-7.9434e-05,8.663e-05,-4.7436e-05,-0.00010149,-1.5011e-05,-0.0002225,-2.5975e-05,-8.6925e-05,-3.1616e-06,2.012e-05,-5.7228e-05,-4.0789e-05,5.2122e-05,1.218e-05,-2.2866e-05,-3.9435e-05,1.8541e-05,6.7479e-05,6.4096e-05,-6.7326e-05,-0.0011378,-1.9317e-05,0.0001075,-0.00015782,9.8464e-05,-4.9135e-05,-0.00025829,-8.594e-05,-0.00022903,-0.00015161,-0.00012825,7.6508e-05,-5.4805e-05,-0.00020057,-3.1034e-05,-7.8765e-05,-4.8769e-05,0.00011967,-0.0001813,9.6089e-05,9.8375e-05,-5.0629e-05,2.4829e-05,4.3107e-05,-0.00015814,-5.2838e-05,-5.9736e-05,-0.00018154,0.00025751,-5.8959e-05,-0.00011404,-3.6017e-05,-2.7184e-05,0.00018992,6.4166e-05,-0.00014712,7.4088e-05,-8.5542e-05,-9.6153e-05,-1.4019e-05,-0.00010013
-0.00013377,4.0776e-05,4.4079e-05,2.4964e-05,-1.5281e-05,-6.8718e-05,1.7339e-07,-1.8691e-05,2.8499e-05,-1.0423e-05,3.372e-05,6.0827e-05,1.4709e-05,4.6146e-05,3.9291e-05,-2.8379e-05,5.6984e-06,0.00015847,0.00012432,-0.00017629,9.4974e-06,1.4891e-05,1.9224e-05,2.3634e-05,-5.747e-05,8.3035e-05,7.587e-05,5.8737e-06,8.9374e-06,3.4746e-05,6.6972e-05,-0.00013175,-1.5842e-05,-0.0001421,5.1368e-05,-9.8594e-06,9.9446e-06,2.4279e-06,1.3953e-05,5.4392e-05,4.6158e-05,9.5246e-05,6.8759e-05,-0.00010126,1.6044e-05,2.1655e-05,3.965e-05,2.582e-05,7.2919e-06,-1.2216e-05,-3.8299e-06,3.872e-05,4.1753e-05,-2.1906e-05,-0.00012176,2.5722e-05,3.1389e-06,5.7931e-05,-0.00010621,2.7002e-05,6.3889e-05,3.1949e-05,-4.4467e-05,5.6076e-05,8.3093e-05,-1.6357e-05,2.6006e-05,1.0688e-05,-6.5197e-07,3.9231e-06,1.9047e-05,5.3618e-05,5.7453e-05,3.2591e-05,9.0146e-06,2.1968e-05,4.5974e-05,4.9615e-05,5.6045e-06,-3.959e-05,3.6883e-05,9.7782e-05,4.2608e-05,2.7497e-05,3.7465e-05,1.1467e-05,4.0257e-05,-1.2526e-05,9.8878e-06,5.3412e-05,8.7145e-05,5.5524e-06,6.4155e-05,3.1059e-05,1.1116e-05,8.4898e-06,-1.0535e-05,4.5513e-05,1.1979e-05,-6.468e-06,7.4248e-05,-1.1206e-06,4.1984e-05,6.3305e-06,-5.6535e-06,-2.2858e-06,8.744e-05,2.8313e-06,5.148e-05,-0.00013819,-1.7075e-05,9.0956e-06,2.1226e-05,-0.00015134,4.8608e-05,2.6812e-05,1.0674e-05,-1.9925e-05,-1.0559e-05,1.2132e-05,4.4906e-05,-7.9819e-05,0.00010681,7.1012e-06,1.5896e-05,-8.3448e-05,1.9791e-05,3.6224e-06,-4.8652e-06,-2.6627e-05,-8.3298e-05,3.7728e-06,-1.2326e-05,1.4651e-05,0.0001209,7.1341e-07,3.0611e-05,-2.1721e-05,5.1107e-05,6.197e-05,4.3786e-05,1.8638e-05,4.514e-05,6.4502e-05,3.5018e-05,-0.00019401,5.929e-05,4.2669e-05,2.0104e-05,1.3867e-05,2.4719e-05,-0.00013101,5.2128e-05,-9.2804e-05,1.4165e-05,-3.5906e-05,2.4438e-05,4.5039e-05,1.8657e-05,3.5708e-05,2.6951e-05,-1.3205e-05,5.4587e-05,-0.00025396,6.279e-05,-1.8353e-05,-7.4698e-05,0.00011421,4.1727e-05,-7.7702e-06,-1.3202e-06,-2.3131e-06,4.1628e-05,9.9777e-05,4.0272e-07,2.3169e-05,4.5378e-05,3.5674e-06,-1.6969e-05,-0.00014927,-5.7049e-05,5.0004e-05,4.6211e-05,3.2907e-05,3.447e-05,-3.6858e-05
