0.0019241,5.6391e-05,-3.5389e-05,-3.7546e-05,0.00023887,0.00014654,-0.00010546,8.8452e-05,3.2166e-05,-3.7912e-05,9.4124e-06,3.3476e-05,0.00017134,2.4446e-05,0.00029001,3.7022e-05,0.00022354,-6.2833e-05,-2.2274e-05,1.3456e-05,4.8368e-05,-7.6043e-05,0.00020019,0.00054273,0.00032156,3.9823e-05,6.4211e-06,-2.9631e-05,0.00015739,3.5658e-05,0,7.2296e-05,-4.0112e-05,7.6081e-05,0.0001016,0.0001977,0.000321,0.00016957,0.00010509,0.00014897,0.00013049,8.4538e-05,-1.4101e-05,-8.8552e-07,-2.505e-05,0.00025397,5.3636e-06,-0.00010483,0.00080489,0.00032244,0.00033447,0.00024363,-2.8291e-05,0.00042335,2.0945e-05,0.00078014,0.00040735,2.0552e-06,3.6492e-05,9.6534e-05,0.00014283,0.00064926,0.00010691,-7.3668e-05,0.0002716,0.0013489,0.0001187,0.00015724,-2.9931e-05,-4.5623e-05,0.00012584,5.1171e-05,0.00030065,0.00014243,7.3677e-05,0.0004124,0.00010889,0.0001305,0.00023433,-7.9542e-06,-4.4668e-05,-4.0409e-06,8.5696e-05,4.9724e-05,7.0483e-05,-3.8578e-05,0.00018269,0.00042835,7.0012e-05,4.4197e-06,0.00029527,-5.2576e-05,0.00024989,-2.2537e-05,-3.632e-05,3.0795e-05,-1.8406e-05,2.7556e-05,-1.7734e-06,-3.3987e-06,-7.4908e-05,3.6013e-05,0.00011258,0.00018406,-9.6051e-05,5.1237e-05,2.3779e-05,1.476e-05,0.0001109,-0.00064449,0.00029364,-2.1976e-05,0.00017873,4.7098e-05,0.00025606,6.5738e-05,-8.3883e-05,0.00048939,5.3648e-05,-0.00012838,-7.5479e-05,0.00019901,0.00019908,0.00025611,-1.6732e-05,-0.00015655,7.9494e-05,-9.0828e-05,0.0003794,1.8084e-05,0.00022879,4.3854e-06,0.00026759,0.00013786,-5.647e-05,0.00027798,0.00023711,-4.3651e-06,-3.8165e-05,5.5397e-05,0.00012984,0.00076395,0.00024764,0.0002986,-1.465e-05,0.0006155,0.0006367,0.00015675,2.89e-05,8.2768e-05,-8.4567e-05,2.7876e-05,7.5841e-05,-5.3461e-09,-3.2241e-05,3.113e-05,-7.978e-05,-6.8261e-05,0.00014604,-3.3717e-05,0.00019342,1.9589e-05,5.3598e-05,-8.4472e-05,0.00013738,9.1699e-05,7.9845e-05,0.00027487,-0.00010835,9.2565e-05,-8.9068e-06,9.9749e-05,-3.4075e-05,0.00028459,0.0001165,2.9926e-06,-0.0002636,0.00015744,0.00046371,8.9024e-05,-3.0525e-05,0.00015454,-8.6192e-06,9.266e-05,-0.00010918,0.00010497,2.2087e-06,-2.0522e-06,-1.1663e-05,8.9543e-05,0.00037349,-0.00010449,0.00024228,0.00040345,0.0003049,-0.00014166,-3.9825e-06,0.00024613,-1.4606e-05,-7.282e-05
5.6391e-05,0.00016717,8.6721e-05,0.00013366,3.9162e-05,2.4192e-05,-1.5071e-05,7.1742e-05,5.7932e-05,0.00014338,0.00013158,5.2717e-06,0.00013579,2.9632e-05,8.4039e-05,9.4421e-05,8.5983e-05,0.00010404,4.9972e-05,0.00016814,1.466e-05,2.5841e-05,8.0178e-05,6.9159e-05,4.0075e-05,0.00011001,1.8217e-05,0.00011024,6.0042e-05,0.00015825,0,0.00012142,4.0557e-05,0.00010492,6.4677e-05,0.00011861,4.8631e-05,0.00010062,4.1329e-05,9.6496e-05,0.00013069,0.00013328,0.00013011,5.8953e-05,9.0778e-05,6.5485e-05,3.3997e-05,0.00015623,1.5009e-05,0.0001271,0.00012549,0.00017474,1.574e-05,0.00013267,-1.6742e-05,3.9406e-05,0.00012357,-1.4898e-07,0.00017513,0.00010311,1.5998e-05,6.2938e-05,5.7674e-05,4.9289e-05,0.00012955,0.00011396,0.00013732,0.00010643,0.00012698,7.2376e-05,0.0001308,0.00012848,0.00010432,0.00013737,0.00013803,3.7981e-05,5.477e-05,8.0825e-05,2.7692e-05,3.9538e-05,5.9798e-05,0.00013193,7.054e-05,5.6444e-05,0.00018149,2.462e-05,0.00010398,8.0534e-05,6.8497e-05,9.145e-05,2.7156e-05,8.6378e-05,0.00011391,0.00011059,7.8094e-06,-8.8075e-06,4.7874e-06,1.7357e-05,6.9416e-05,0.00010412,0.0001131,0.00012212,4.2262e-05,1.4048e-05,8.2186e-05,7.6401e-05,0.00013826,9.0429e-05,4.6876e-05,-7.9951e-05,3.9789e-05,4.982e-05,6.838e-05,0.00013323,4.8293e-05,9.3527e-05,2.012e-05,0.00014063,6.2507e-05,7.7953e-05,5.1841e-05,0.00012194,0.00016994,-5.015e-05,6.9831e-05,6.9864e-05,7.9906e-05,3.6478e-05,1.09e-05,0.00014546,0.00012851,6.9087e-05,1.3168e-05,0.00010041,0.00013537,2.7723e-05,6.2821e-05,7.9254e-05,0.00012254,0.00011683,-4.8815e-06,0.00011383,0.00012061,6.7287e-05,0.00015331,0.00022258,2.9933e-05,9.6389e-05,0.00010269,7.7461e-05,0.00013335,2.3067e-05,3.7848e-05,0.0001637,0.0001568,6.4448e-05,3.9531e-05,7.1335e-05,0.00015894,8.6836e-05,0.00011946,0.00013744,0.0001371,5.932e-05,0.00011532,0.00016887,9.0687e-05,7.4601e-05,5.9797e-05,8.9892e-05,0.0001532,-8.6779e-06,0.00011699,0.00011748,0.00018214,2.4914e-05,0.00018089,3.3488e-05,-6.4699e-05,6.5867e-05,8.5702e-05,0.00011352,0.00013065,3.2403e-05,9.3881e-05,8.282e-05,0.00014089,6.0374e-05,7.1978e-05,0.00011053,-6.1888e-05,8.6419e-05,8.3145e-05,7.1507e-05,-1.6868e-05,3.7235e-05,7.5888e-05,9.712e-05,0.00015034,9.2013e-05
-3.5389e-05,8.6721e-05,8.4097e-05,5.7367e-05,-5.2759e-06,9.9575e-06,-5.2327e-06,3.7927e-05,4.006e-05,8.4305e-05,7.6537e-05,5.9827e-06,7.3301e-05,3.908e-06,9.3667e-05,6.2283e-05,7.2916e-05,7.0285e-05,4.5308e-05,8.47e-05,4.3217e-05,2.7651e-05,3.7092e-05,2.4274e-05,3.2093e-05,6.3511e-05,1.3543e-05,6.5711e-05,2.0079e-05,0.00012664,0,7.1999e-05,5.9921e-05,5.1176e-05,3.8011e-05,4.9621e-05,1.4551e-05,5.4208e-05,5.0759e-05,6.1987e-05,8.0469e-05,8.6901e-05,6.784e-05,3.1877e-05,7.3937e-05,2.9133e-05,5.7731e-05,0.00012674,5.6866e-05,5.497e-05,4.8117e-05,0.00011716,1.5488e-06,7.9213e-05,-4.1203e-05,7.5505e-05,7.9917e-05,4.1513e-07,7.824e-05,7.2988e-05,2.7762e-05,1.8286e-06,7.2484e-05,2.3288e-05,9.2236e-05,-9.7769e-06,5.6387e-05,5.1323e-05,8.7337e-05,6.853e-05,5.8785e-05,7.3166e-05,6.6691e-05,8.3525e-05,9.8501e-05,8.0352e-05,3.8074e-05,5.3057e-05,-3.6718e-07,3.4765e-05,4.8239e-05,9.4617e-05,4.4066e-05,2.8441e-05,8.8221e-05,3.5501e-05,7.7624e-05,4.0516e-05,5.3027e-05,6.6075e-05,2.4639e-05,7.6609e-05,4.5183e-05,7.5684e-05,2.3641e-06,-3.0129e-06,3.2549e-06,1.5593e-05,5.5418e-05,8.7579e-05,6.5028e-05,6.4819e-05,3.8015e-05,-1.3933e-05,4.3403e-05,5.2174e-05,9.1092e-05,5.8909e-05,5.6679e-05,-3.7766e-05,2.2919e-05,5.5186e-05,2.5441e-05,0.00010034,3.7366e-05,7.5174e-05,1.4108e-05,8.2908e-05,2.0326e-05,3.1359e-05,3.9592e-05,0.00010418,8.3482e-05,-8.9562e-06,5.7431e-05,3.6361e-05,3.7413e-05,6.7372e-05,8.252e-06,8.8433e-05,6.6361e-05,1.4742e-05,1.5183e-06,6.0456e-05,9.0827e-05,4.9876e-05,2.8636e-05,6.2343e-05,8.6445e-05,7.811e-05,-6.1001e-06,3.4438e-05,5.6e-05,2.1324e-05,0.00010571,0.00012661,-2.0059e-05,4.8203e-05,8.4167e-05,5.5823e-05,9.1837e-05,1.6269e-05,4.0495e-06,0.00010004,8.87e-05,3.1722e-05,0.00011004,4.7958e-05,9.7978e-05,5.3193e-05,6.9389e-05,9.266e-05,6.854e-05,5.584e-05,6.4424e-05,0.00011102,6.0602e-05,5.3547e-05,4.7251e-05,5.4179e-05,9.7765e-05,-2.946e-06,8.76e-05,4.8166e-05,9.0278e-05,2.2935e-05,0.00015493,9.9674e-06,-1.4712e-05,4.9627e-05,3.9291e-05,4.164e-05,9.2987e-05,8.7794e-06,7.0958e-05,4.8629e-05,7.4346e-05,2.8142e-05,5.5088e-05,7.8581e-05,-7.6659e-06,3.863e-05,4.3849e-05,8.906e-06,-1.8787e-05,2.3926e-05,3.4911e-05,6.4714e-05,8.7932e-05,9.2907e-05
-3.7546e-05,0.00013366,5.7367e-05,0.00043109,0.00015121,-8.4325e-06,2.8608e-05,0.00011423,0.00015368,0.0002447,0.00019327,-6.4985e-05,0.00014969,0.00013426,5.8863e-05,0.00010952,7.4351e-05,0.00013932,3.8492e-05,0.00023108,-2.1536e-05,6.7099e-05,0.00017146,7.1174e-05,1.4121e-05,9.5613e-05,8.8593e-05,6.8236e-05,9.7261e-05,0.00024589,0,9.1828e-05,5.2959e-05,0.00011566,-1.8294e-05,0.00019506,-4.1463e-05,0.00016499,0.00014802,0.00010852,0.00015595,0.00018815,0.00016894,3.4207e-05,9.5906e-05,-3.298e-06,1.466e-05,9.1296e-05,-1.8062e-05,0.00012146,8.0287e-05,0.00013307,-6.1899e-05,0.00016338,-7.0727e-06,4.4684e-05,0.00012755,-5.0378e-06,5.4862e-05,-3.7124e-05,-8.058e-05,0.00013604,2.9552e-05,8.186e-05,0.00018622,6.1457e-05,-1.4736e-05,1.8009e-05,0.00010729,7.3e-05,0.00016227,0.00011637,0.00016541,9.5639e-05,0.00014107,0.00014406,4.5931e-05,0.00015964,-1.8277e-06,-1.1876e-05,4.5907e-06,8.3938e-05,2.8321e-05,6.7657e-05,0.00025084,2.5185e-05,3.7275e-05,0.00018135,9.7192e-05,0.00012495,1.2649e-05,3.646e-05,6.0509e-05,5.5127e-05,4.8988e-05,3.3415e-05,9.3578e-07,1.9838e-05,5.9528e-05,8.9769e-05,0.00015062,7.8148e-05,-2.7416e-05,8.9649e-05,5.4057e-05,7.0005e-05,0.00014694,0.0001206,4.8607e-05,-0.00013542,3.9713e-06,4.0127e-05,0.00013207,0.00018221,0.00011099,9.1126e-05,-2.5428e-06,0.00012904,0.00015632,0.00010102,7.9204e-05,0.00020571,0.00026606,-9.3592e-05,8.9757e-05,5.3096e-05,0.00010043,7.6149e-05,9.3367e-05,0.00022702,0.00021608,3.0698e-05,-3.4629e-05,7.1988e-05,0.00016819,8.1226e-05,0.00012586,-8.3925e-06,0.00011583,4.8645e-05,7.8143e-05,0.00010603,0.00018681,0.00011277,0.00013706,0.00029042,-3.1516e-05,3.4432e-05,0.00010992,7.2449e-05,0.00015069,-2.3763e-06,0.00018502,0.0002013,0.00018291,0.00011545,-1.9099e-05,6.4141e-05,0.00015761,0.00017683,0.0001409,0.00014029,0.00026675,4.3889e-05,0.00014207,0.00012903,0.00012994,0.00015953,0.00013446,0.00018221,0.00016704,-5.6519e-05,0.00011255,0.00011879,0.00013132,9.4694e-05,0.00028736,-5.1362e-05,0.00012274,0.00011695,0.00018955,0.00012849,0.00011805,4.553e-05,9.3882e-05,3.8118e-05,0.00019321,5.351e-05,0.00010329,6.7865e-05,-6.7666e-05,8.4786e-05,0.00016374,0.00010537,6.9654e-05,5.1747e-05,0.00010206,0.0001264,0.00019769,6.563e-05
0.00023887,3.9162e-05,-5.2759e-06,0.00015121,0.00034081,0.00011756,-1.4527e-05,8.6961e-05,0.00012077,0.00021452,9.4458e-05,-1.7613e-05,0.0001488,5.5226e-05,0.00011149,7.7181e-05,5.6358e-05,2.955e-05,0.00014392,0.00014258,-2.0419e-05,-4.4662e-06,8.657e-05,0.00013565,0.00018138,4.0654e-05,5.3767e-05,6.493e-05,0.00020357,7.1494e-05,0,7.186e-05,3.6014e-05,0.00013742,1.7474e-05,0.00011625,3.4274e-05,0.00013303,0.0001754,0.00012259,8.5943e-05,0.00015325,6.7201e-05,3.0323e-05,7.4923e-05,5.1302e-05,7.2982e-05,-1.0123e-05,0.00023409,8.708e-05,0.00016821,7.4894e-05,1.2125e-05,0.00011006,3.9714e-05,0.00015176,9.6323e-05,3.1925e-06,-3.3974e-05,-0.00015457,-5.8256e-05,0.00015867,5.8232e-05,5.1717e-05,0.000166,0.00031686,1.0322e-07,4.6271e-05,0.00012744,3.5779e-05,0.00013239,0.00010747,5.8085e-05,0.00015349,0.00012207,0.00010517,1.6184e-05,8.3351e-05,-9.9336e-06,1.4357e-05,-1.8979e-06,8.1942e-05,3.1779e-05,7.0468e-05,0.00013773,-1.4266e-05,9.1243e-05,0.00022628,6.1872e-05,8.8249e-05,2.7372e-06,-1.7511e-06,0.00017031,2.9354e-05,-3.8859e-05,1.9034e-05,-7.9024e-06,-3.0862e-05,7.3491e-05,5.7564e-05,0.00012528,1.1355e-05,2.1259e-06,7.3047e-05,-1.0098e-05,2.7948e-05,6.9246e-05,8.3065e-05,6.3264e-05,1.7108e-05,8.2986e-05,-1.6955e-06,0.00010742,6.5593e-05,0.00015159,8.0786e-05,-7.1532e-06,0.00014891,0.00011738,1.6144e-05,5.2116e-05,5.1042e-05,0.00019326,0.00016873,3.0137e-05,-3.1375e-05,7.0898e-05,-1.827e-06,0.00011022,0.00015845,0.00017963,3.9589e-05,9.1001e-05,0.00013515,4.2123e-05,7.8858e-05,0.0002533,2.1683e-05,5.1748e-05,1.1411e-07,5.8827e-05,9.9674e-05,0.00015793,0.00014671,-2.9947e-06,0.00049531,4.9202e-05,3.8799e-05,4.7262e-05,4.2018e-05,4.0696e-05,2.0924e-06,0.00016503,5.7283e-05,2.429e-05,2.5086e-05,-7.1483e-05,6.4332e-05,0.00016951,7.7031e-05,0.00015632,8.9504e-05,0.00042633,2.1603e-05,0.00012829,7.0061e-05,0.00017752,0.0001601,2.8395e-05,0.00010695,0.00010519,1.412e-05,4.7718e-05,0.00014192,7.7586e-05,2.4989e-05,3.2239e-05,-2.8035e-05,0.00039372,9.3393e-05,0.00012338,0.00022031,3.323e-05,7.0898e-05,1.4198e-05,3.3838e-05,8.0877e-05,4.6425e-05,6.9783e-05,7.8565e-05,0.00020838,1.7328e-05,0.00013612,0.00026239,0.0002211,-1.7346e-05,4.978e-05,0.00014723,7.8404e-05,0.000106
0.00014654,2.4192e-05,9.9575e-06,-8.4325e-06,0.00011756,0.00029021,-4.5372e-05,7.1311e-05,3.0724e-05,0.00017655,7.2299e-06,4.1316e-05,4.2073e-05,-1.1741e-05,0.00014818,1.6425e-05,0.00010031,9.0874e-05,8.7474e-05,3.0124e-05,1.426e-05,5.4156e-05,-0.00011085,0.00013118,7.2025e-05,3.7093e-05,1.98e-05,6.6973e-05,0.00016444,-2.213e-05,0,9.1408e-05,4.0314e-05,3.1666e-05,8.5637e-05,7.8334e-05,0.00011405,9.3297e-05,0.00015757,2.6396e-05,8.5802e-05,8.3021e-05,6.8195e-06,4.7749e-05,4.1642e-05,-2.0199e-05,1.317e-05,3.5033e-05,-4.9168e-06,1.6415e-05,0.00011814,3.4214e-05,3.1311e-05,0.00016969,2.6503e-05,0.00029503,7.0464e-05,2.966e-06,6.8071e-05,-3.32e-05,2.035e-05,0.00013256,0.00012393,9.8908e-05,7.4443e-05,0.00027326,9.2621e-05,0.00010843,2.5848e-05,2.4534e-05,5.2187e-05,7.0719e-06,8.7472e-05,0.0001077,5.7616e-05,-0.00015141,-2.8542e-05,7.4661e-06,-1.658e-05,1.3693e-05,4.1721e-05,3.4798e-05,-2.9566e-05,2.4467e-05,8.6376e-05,-4.5316e-05,5.0615e-05,8.4848e-05,3.1744e-05,5.6394e-05,-5.1094e-05,7.6502e-05,0.0001516,6.029e-05,-2.5211e-05,1.3247e-05,-1.0456e-05,-4.4918e-06,1.2259e-05,1.4673e-05,0.00013357,-1.1878e-05,0.00010813,-4.4295e-05,3.113e-05,-1.5166e-05,3.4216e-05,2.0708e-05,8.7119e-05,9.7134e-05,-1.951e-05,1.0165e-05,8.8287e-05,3.7139e-05,4.9759e-05,8.7528e-05,1.4716e-05,7.8041e-05,5.2195e-05,-1.1803e-05,5.5796e-05,0.00013651,1.2477e-05,0.00029521,-2.1556e-05,4.7729e-05,2.3291e-05,1.7842e-05,0.00010927,-5.7745e-06,0.00013879,0.00017489,2.7276e-05,6.3805e-05,-1.8959e-05,0.00010495,0.00022481,6.9113e-05,3.8304e-05,-5.1851e-06,-2.2945e-05,0.00010525,-3.5665e-06,5.3319e-05,5.2295e-05,0.00012,0.00012821,5.5103e-05,-2.3477e-05,8.3124e-06,1.1756e-05,-8.3646e-06,0.00018663,3.3909e-05,2.5896e-05,-2.8709e-06,-5.3825e-05,2.9364e-05,5.7554e-05,2.0783e-05,3.5922e-05,6.2625e-05,0.00014408,2.8856e-05,7.6216e-05,0.00012595,6.3091e-05,0.0002114,9.0055e-05,4.8724e-05,4.7198e-06,1.5716e-05,3.5097e-05,4.9794e-05,2.7317e-05,-2.1936e-06,0.00014231,-7.3784e-06,0.00038777,4.1238e-05,0.00015279,0.00015511,0.00011667,7.2068e-05,9.8107e-06,-4.5125e-05,-3.5047e-05,4.3323e-06,1.0391e-05,3.3211e-05,0.00015851,7.7469e-06,-1.9632e-05,0.00014211,0.00017381,9.3423e-06,6.7474e-05,1.6673e-05,1.893e-06,0.00010447
-0.00010546,-1.5071e-05,-5.2327e-06,2.8608e-05,-1.4527e-05,-4.5372e-05,0.00016251,-3.002e-05,-3.3268e-05,-6.6999e-05,-4.4435e-05,-6.8026e-05,-1.8559e-05,-4.4618e-05,-9.8776e-06,4.9134e-06,-3.4805e-05,-7.2748e-05,-5.3102e-05,-3.512e-05,-8.8267e-05,-6.7691e-05,1.861e-05,-3.9825e-05,-1.5871e-05,-1.9193e-05,2.6085e-05,-2.3574e-06,2.6909e-06,-5.5184e-06,0,-7.2674e-05,-0.00011499,-1.1018e-05,-2.0841e-05,3.1236e-05,-0.00011098,-1.2839e-05,1.6931e-06,-2.9645e-05,-4.5943e-05,-3.3809e-05,2.3713e-05,-2.4247e-05,-5.57e-05,9.1628e-05,-1.2135e-05,-2.2342e-05,-8.3684e-06,-9.1357e-05,-8.6202e-05,-1.4693e-05,-6.4121e-05,-8.9785e-05,-0.00013163,-0.00026033,-6.5396e-05,3.9005e-06,3.451e-05,-4.3594e-05,-7.4357e-05,-2.1352e-05,-5.4584e-05,-3.7512e-05,-4.7274e-05,-4.4308e-05,-6.051e-05,7.6216e-05,4.1089e-05,-6.3256e-05,5.2147e-05,-3.764e-05,-1.2945e-05,-3.9463e-05,-4.0279e-05,5.3864e-05,-2.9181e-05,1.1972e-05,-1.4875e-05,-4.5483e-05,-2.9193e-05,3.6733e-05,1.1633e-05,-2.9527e-05,4.7019e-06,-2.9191e-05,-2.6679e-05,-6.7256e-05,-4.7414e-05,-3.7302e-05,-1.6122e-05,1.2743e-05,-6.6447e-05,-4.0597e-05,-3.415e-05,1.601e-05,1.0398e-06,-2.0178e-06,-1.4192e-06,2.4779e-06,-4.3894e-05,-3.631e-05,-2.2717e-05,2.3529e-05,-2.6731e-05,4.7138e-06,-4.3422e-05,-1.4476e-05,9.1197e-06,-1.8273e-05,-1.1187e-05,-2.8745e-05,3.7185e-05,1.3579e-05,-6.7618e-05,-2.9126e-05,-4.6349e-05,-8.0034e-05,-2.5842e-05,5.3171e-06,-1.5373e-05,-5.4563e-05,-1.3216e-06,-9.8645e-05,-1.8894e-05,1.8634e-05,-4.759e-06,4.0237e-06,2.1122e-05,-2.2363e-05,3.7755e-05,-6.7137e-05,4.0982e-06,-8.7875e-05,2.3211e-05,-8.6794e-06,2.6042e-05,-7.382e-05,1.9695e-05,-4.5237e-05,-2.2849e-05,-5.1061e-05,-1.1625e-05,-1.5122e-05,-2.3793e-05,-6.559e-05,-0.00010493,-5.2891e-05,-3.0966e-05,-2.4263e-05,4.5384e-05,-1.7814e-06,8.2558e-07,-1.7553e-05,3.54e-06,-0.00011704,-3.1348e-06,-2.534e-05,5.1533e-05,-4.3148e-06,1.792e-05,-3.2646e-05,-4.4489e-05,-5.2218e-05,1.32e-05,-5.7528e-05,-1.988e-05,-3.0062e-05,-3.7212e-06,-4.7886e-05,-1.5782e-05,4.2996e-05,-1.4292e-06,-4.0411e-05,5.1838e-05,-6.4543e-06,-1.8903e-05,-6.2297e-05,-8.5318e-05,-5.0233e-05,-1.1301e-05,2.0763e-05,-0.00011195,5.6536e-05,-4.287e-06,1.6065e-05,3.6495e-05,-3.5688e-05,2.0153e-05,-2.446e-05,-0.00010793,5.0531e-05,-7.9652e-05,-3.3656e-05,-6.8166e-06,-5.2912e-05,-7.1538e-06,-5.8397e-05,9.4793e-06,-2.6667e-05
8.8452e-05,7.1742e-05,3.7927e-05,0.00011423,8.6961e-05,7.1311e-05,-3.002e-05,9.6669e-05,7.5209e-05,0.00015007,9.1414e-05,4.0779e-05,6.4943e-05,6.2516e-05,8.6239e-05,4.2761e-05,6.941e-05,7.6591e-05,5.1123e-05,0.00011161,2.6896e-05,5.6871e-06,5.9471e-05,4.7883e-05,5.288e-05,5.7291e-05,2.0193e-05,4.4838e-05,9.4111e-05,0.00011954,0,6.4402e-05,9.0082e-05,6.1582e-05,2.2473e-05,7.9141e-05,-2.1902e-06,0.0001108,0.00010831,7.8447e-05,0.00010853,0.00011494,7.4912e-05,4.4455e-05,6.1309e-05,3.6535e-05,4.7183e-05,7.6392e-05,0.0001049,9.1355e-05,0.00011239,6.99e-05,7.4902e-06,0.00013758,1.1793e-05,0.00022718,7.1741e-05,2.0928e-06,4.2208e-05,-8.2265e-07,-4.9105e-06,0.00011365,7.9303e-05,5.2311e-05,9.3517e-05,0.00017082,3.9872e-05,5.7361e-05,5.6853e-05,5.7447e-05,7.6846e-05,5.2665e-05,9.2455e-05,8.8111e-05,7.9069e-05,1.2519e-05,2.6138e-05,7.9365e-05,1.4007e-05,2.3334e-05,2.0119e-05,4.9879e-05,4.2266e-05,5.3435e-05,0.00012503,1.5329e-05,7.7854e-05,0.00010308,6.4954e-05,7.5025e-05,1.2414e-05,3.7378e-05,8.304e-05,5.0432e-05,-2.618e-05,-7.4391e-06,-7.354e-06,-1.5899e-05,5.1248e-05,5.5911e-05,0.00011969,4.6573e-05,4.3517e-05,2.4387e-06,4.3284e-05,6.1677e-05,7.0386e-05,6.0404e-05,4.533e-05,2.6936e-05,3.6424e-06,3.3098e-05,5.6964e-05,9.0151e-05,6.2629e-05,6.6837e-05,2.1341e-05,0.00012226,8.0548e-05,2.35e-05,5.6671e-05,0.00014358,0.00011816,8.8217e-05,3.8231e-05,3.1146e-05,4.3344e-05,4.1766e-05,4.457e-05,0.00011122,0.00010059,7.1325e-05,-1.3979e-05,0.00010085,6.6485e-05,7.49e-05,0.00011758,2.9227e-05,7.7479e-05,5.3953e-05,4.8276e-05,8.0516e-05,8.5839e-05,5.6127e-05,9.2344e-05,0.00012553,5.1827e-05,5.6546e-05,6.0844e-05,4.7762e-05,4.3275e-05,1.574e-05,6.2177e-05,0.00010109,7.1048e-05,4.7517e-05,-1.3803e-06,4.0719e-05,8.7793e-05,8.1073e-05,8.9976e-05,0.00010872,0.00012048,4.2896e-05,8.1507e-05,0.00012582,5.8765e-05,0.00016991,3.7282e-05,9.1011e-05,9.1295e-05,-2.4421e-06,6.9365e-05,9.0874e-05,0.00012617,7.3824e-06,0.00019116,-5.66e-06,0.00019086,6.442e-05,0.00013073,0.00010588,9.3447e-05,2.834e-05,5.3247e-05,5.2483e-05,5.6345e-05,2.5087e-05,4.8058e-05,5.53e-05,8.9825e-05,1.3044e-05,0.00010274,0.00011138,5.6762e-05,3.4965e-05,4.6777e-05,8.5657e-05,8.3636e-05,9.1211e-05
3.2166e-05,5.7932e-05,4.006e-05,0.00015368,0.00012077,3.0724e-05,-3.3268e-05,7.5209e-05,0.00012897,0.00015046,0.00011175,6.2947e-06,7.3625e-05,6.3726e-05,9.8111e-05,5.7177e-05,6.056e-05,5.8182e-05,6.2901e-05,0.00010022,-6.1762e-06,1.4196e-05,7.9399e-05,4.7141e-05,5.9958e-05,4.6043e-05,2.5028e-05,3.0293e-05,6.2882e-05,0.00012209,0,7.0428e-05,6.6424e-05,6.5805e-05,-2.9325e-06,5.3957e-05,-5.7588e-06,9.8802e-05,0.00011064,8.3555e-05,0.00010858,0.00011842,6.6281e-05,3.9901e-05,8.5018e-05,-4.9802e-05,4.5545e-05,6.3918e-05,0.00019947,3.7877e-05,9.3614e-05,7.4246e-05,1.1656e-05,8.0781e-05,3.8315e-05,0.00011848,2.7412e-05,-1.262e-07,-5.197e-05,-3.4307e-05,-5.2984e-06,7.6628e-05,7.2301e-05,4.5976e-05,0.00010284,8.5477e-05,-4.3699e-05,-9.8876e-06,7.6755e-05,6.861e-05,6.4972e-05,5.7006e-05,5.7045e-05,7.7197e-05,0.00010983,6.1255e-05,2.5545e-05,7.7221e-05,-9.0076e-06,2.3628e-05,1.2971e-05,2.8406e-05,3.9717e-05,4.4141e-05,0.00010109,3.2682e-05,6.4423e-05,0.0001162,6.4782e-05,6.1913e-05,1.0735e-05,1.6737e-05,0.00011851,3.5395e-05,4.42e-06,-2.4789e-07,6.7599e-11,-1.1659e-05,5.2914e-05,7.3816e-05,9.1256e-05,1.3493e-05,3.3842e-06,4.1269e-05,2.5728e-05,6.2701e-05,0.00010617,8.6193e-05,5.5528e-05,-3.1742e-05,-4.9343e-06,4.6697e-05,5.2547e-05,9.152e-05,9.3841e-05,6.014e-05,1.6667e-05,0.00010691,8.5354e-05,2.4022e-05,4.6461e-05,0.00011739,0.00013872,2.9141e-05,4.5781e-05,4.8579e-05,4.9327e-05,4.4491e-05,-6.4146e-06,0.00016232,0.00010162,4.9409e-05,8.3021e-07,6.5368e-05,8.576e-05,7.9136e-05,8.4061e-05,2.3378e-05,6.8526e-05,3.1486e-05,7.9937e-05,3.8499e-05,7.3129e-05,7.5537e-05,7.6567e-05,0.00027773,8.8397e-06,5.3623e-05,7.426e-05,5.2829e-05,4.2424e-05,1.0571e-05,5.3156e-05,9.3527e-05,6.6031e-05,6.1812e-05,1.1606e-05,5.3425e-05,6.8563e-05,8.273e-05,9.4085e-05,6.1505e-05,0.00018656,4.3906e-05,6.4485e-05,8.3866e-05,9.7104e-05,0.0001792,4.3291e-05,9.9412e-05,0.00011446,-5.4962e-06,5.4152e-05,7.1584e-05,9.9818e-05,3.9029e-05,0.00019783,-3.8969e-05,0.0001806,7.8063e-05,0.00010364,6.9755e-05,6.0636e-05,1.7088e-05,3.6826e-05,4.2834e-05,7.7446e-05,3.9775e-05,4.0228e-05,6.1451e-05,9.5403e-05,-9.2197e-06,0.00012574,6.85e-05,6.5082e-05,4.5404e-05,4.0064e-05,0.00012326,9.5741e-05,8.6618e-05
-3.7912e-05,0.00014338,8.4305e-05,0.0002447,0.00021452,0.00017655,-6.6999e-05,0.00015007,0.00015046,0.00041537,0.00019573,8.6464e-05,0.00014928,9.8502e-05,0.00015678,0.00011151,0.00013042,0.00018858,0.00016047,0.00024345,7.7885e-05,5.7525e-05,6.7978e-05,0.00012593,0.00011964,0.0001401,8.4739e-05,0.00014038,0.000162,0.00018311,0,0.00013376,0.00017183,0.00014354,7.2258e-05,0.00019395,1.7224e-05,0.00017259,0.00019935,0.00013732,0.0001984,0.00022418,0.00016513,9.5358e-05,0.00015957,-3.5853e-05,0.00010147,0.00016192,5.5235e-06,0.00011268,0.00018852,0.00016481,4.7558e-05,0.00023409,1.9424e-05,0.00043585,0.00011764,2.7608e-06,0.00011052,-6.953e-05,-3.3942e-05,0.00010843,0.00013249,0.00012627,0.00020344,0.00013846,7.8924e-05,0.00013847,8.9499e-05,0.00013449,0.00013409,0.00014248,0.00014092,0.0002165,0.00019894,5.0914e-05,5.416e-05,0.00013251,-5.6605e-05,8.1725e-05,7.8713e-05,0.00012842,8.1352e-05,9.763e-05,0.0002437,2.7514e-05,0.00014806,0.00017765,0.00013667,0.00017302,-5.2631e-05,8.6269e-05,0.00020147,0.00013795,2.6505e-06,4.6286e-08,1.9589e-07,7.5451e-07,8.7349e-05,0.00012115,0.00027476,9.0188e-05,6.4773e-05,3.2997e-06,8.1208e-05,6.8153e-05,0.00014895,0.00013332,9.2985e-05,0.00011893,3.1766e-05,8.7229e-05,0.00016945,0.00019224,0.00013886,0.00016639,1.3658e-05,0.00025542,0.00011247,0.00010111,0.00011605,0.00025706,0.0002406,0.00013782,9.2969e-05,5.2891e-05,8.6185e-05,5.9326e-05,5.7703e-05,0.00020237,0.00023364,0.00014853,-1.7038e-05,0.0002239,0.00014834,0.00010431,0.00019615,0.00012405,0.00015587,9.9704e-05,1.2604e-05,0.00014917,0.00016395,7.3404e-05,0.00011242,0.00026761,1.116e-05,0.0001004,0.00010997,9.2001e-05,0.00014019,1.8134e-05,0.00010911,0.00020799,0.00018392,0.00012133,3.6124e-05,0.00011924,0.00018372,0.00017112,0.00013026,0.00017575,0.0004077,0.00010327,0.00017535,0.00023351,0.00017427,0.00028802,0.00014187,0.00015779,0.00020302,1.2047e-05,0.00014039,0.00014674,0.00013353,5.5944e-05,0.00033093,5.8767e-05,0.00027338,0.00013395,0.00021577,0.00020477,0.00019858,7.4983e-05,0.00012305,9.7836e-05,0.00012755,6.7056e-05,0.00010219,0.00012319,0.00013052,6.7503e-05,0.00012231,0.00014562,0.00011811,5.5459e-05,0.00010964,0.00014782,0.00018314,0.00023595
9.4124e-06,0.00013158,7.6537e-05,0.00019327,9.4458e-05,7.2299e-06,-4.4435e-05,9.1414e-05,0.00011175,0.00019573,0.00018335,4.8165e-05,0.00014243,5.8828e-05,8.961e-05,9.2241e-05,8.3102e-05,0.0001134,0.00010519,0.00017146,8.1663e-06,4.9828e-05,0.00010483,6.6204e-05,5.3666e-05,0.00010253,2.8155e-05,8.1382e-05,6.0617e-05,0.00018632,0,0.00011502,0.00012537,0.00011106,4.004e-05,0.00011802,-3.4078e-06,0.0001213,0.00010686,0.00011727,0.00013647,0.00016419,0.00013332,6.1491e-05,0.000129,-6.7424e-06,6.4436e-05,0.00015003,6.6552e-05,0.00011666,0.00012696,0.00016573,2.2646e-05,0.00012898,-2.0724e-05,0.0001786,8.5929e-05,-1.545e-06,9.8406e-05,3.3713e-05,-8.1621e-06,4.942e-05,8.0418e-05,1.9564e-05,0.00015626,3.8276e-05,6.5991e-05,4.6607e-06,0.00014914,0.00012329,0.00011094,0.00011585,9.6358e-05,0.00014035,0.00015733,3.2589e-05,7.5202e-05,9.8008e-05,2.5331e-05,6.1493e-05,4.292e-05,0.00010562,0.0001008,6.5526e-05,0.00016542,6.0433e-05,9.4756e-05,0.00016133,0.00010052,0.0001161,2.034e-05,5.2381e-05,0.00013155,0.00010604,1.0127e-05,-8.9e-06,2.5738e-06,5.9058e-06,7.1362e-05,0.00011772,0.00013661,0.00010738,1.3159e-05,4.0574e-05,6.7857e-05,7.4064e-05,0.00013938,0.00011923,5.6051e-05,-6.7577e-06,1.2263e-05,6.349e-05,5.1014e-05,0.00014974,0.00012354,9.1161e-05,3.9463e-05,0.00017012,9.0565e-05,7.0816e-05,6.3517e-05,0.00012948,0.00020231,-2.735e-05,9.5042e-05,7.7727e-05,8.3598e-05,6.8482e-05,1.1796e-05,0.00018779,0.00014389,7.4613e-05,-3.0629e-06,0.00010452,0.00014565,6.0495e-05,6.2686e-05,8.0701e-05,0.00011478,8.9663e-05,5.1034e-05,9.2021e-05,0.0001192,8.0836e-05,0.00013435,0.00031109,-3.157e-06,0.00010155,0.0001343,8.3371e-05,9.7678e-05,3.5463e-05,1.8384e-05,0.00015379,0.00011923,9.5315e-05,8.4164e-05,9.3734e-05,0.00012978,0.00013515,0.00012396,0.00012988,0.00022689,7.2341e-05,9.5752e-05,0.0001454,0.0001315,0.00014092,6.1259e-05,0.00012549,0.00018088,-1.1548e-05,0.00011306,0.00012269,0.00024733,6.2679e-05,0.00023532,4.4989e-05,2.0525e-05,9.6801e-05,0.00012391,9.1757e-05,0.00013322,-5.1116e-06,0.0001016,0.00011608,0.00013239,6.8927e-05,8.0627e-05,0.00010625,-1.6547e-05,6.8359e-05,0.00015595,8.9014e-05,2.814e-05,5.7154e-05,7.6165e-05,0.00012142,0.00015953,0.00011532
3.3476e-05,5.2717e-06,5.9827e-06,-6.4985e-05,-1.7613e-05,4.1316e-05,-6.8026e-05,4.0779e-05,6.2947e-06,8.6464e-05,4.8165e-05,0.0002391,-1.5307e-05,-1.9588e-05,2.5733e-06,-2.8125e-06,4.7177e-05,4.8117e-05,4.6265e-05,-1.5182e-05,4.8307e-05,-4.5962e-05,-2.3919e-05,1.5923e-06,1.0783e-05,3.6103e-05,6.8493e-06,-1.158e-05,-3.5646e-05,5.2425e-06,0,3.8367e-06,0.00022995,-1.3168e-05,1.2319e-05,-5.8113e-06,-2.4869e-05,8.5784e-06,1.9679e-05,2.4143e-05,2.9756e-05,1.4138e-05,2.6154e-05,9.1585e-06,2.8858e-05,-5.8501e-05,5.7293e-05,1.6257e-05,6.1622e-05,-1.466e-05,9.8866e-05,6.1036e-05,4.4196e-05,5.3146e-05,-3.603e-05,0.00025674,-7.4257e-05,8.0638e-06,2.7073e-05,-7.0021e-06,-3.2522e-05,-2.3065e-05,3.7317e-05,7.5705e-05,-2.2672e-05,3.655e-05,6.1074e-05,2.7603e-05,2.2102e-06,4.5751e-05,-1.8077e-05,-3.3267e-05,2.8793e-05,3.0369e-05,3.5074e-05,-5.4155e-05,7.7213e-05,-1.4548e-06,1.1138e-05,8.8206e-05,2.8911e-05,3.269e-06,4.8317e-05,2.2654e-05,-3.1668e-05,2.3699e-05,9.7779e-05,0.00011189,4.6034e-05,4.507e-05,-2.5493e-05,1.2359e-05,4.9129e-05,3.7178e-05,-1.3446e-05,-8.3124e-06,7.6503e-07,-9.5565e-06,2.1812e-05,3.4812e-06,5.7635e-05,8.055e-05,2.4677e-05,-4.9552e-05,2.5382e-05,1.0624e-05,-2.876e-05,9.1597e-06,-3.5349e-05,6.9932e-05,8.6797e-06,4.0515e-05,-1.1602e-05,4.0831e-05,4.6478e-05,3.3237e-05,-1.219e-05,0.00015861,7.8241e-06,7.4304e-06,9.8906e-06,0.00010142,1.0257e-05,4.3408e-05,2.4078e-05,4.5449e-05,4.0109e-06,6.9279e-06,-5.7411e-05,-7.9268e-06,3.8626e-05,0.00010272,-2.7494e-05,0.00014708,-1.3813e-05,2.4028e-09,-4.6063e-05,8.5519e-05,2.08e-05,3.1168e-05,1.0004e-05,5.1044e-05,-3.1427e-05,1.8498e-05,-2.5842e-05,6.5618e-05,-1.7146e-06,6.9599e-05,7.9938e-06,1.0149e-05,-2.5342e-05,3.245e-05,-8.2946e-05,7.9378e-06,-2.4749e-05,1.0364e-05,5.9602e-05,2.2939e-05,-4.0486e-05,3.9045e-05,-5.2166e-06,-4.4775e-05,2.6415e-05,5.5222e-05,-2.0583e-05,-6.9543e-06,4.3458e-05,0.0001006,7.907e-06,1.1407e-05,4.4954e-05,8.5261e-05,-1.1605e-05,9.6182e-05,3.8254e-05,2.4786e-05,0.00012544,0.00017928,1.3651e-05,2.1245e-05,4.1422e-05,-3.715e-05,4.4072e-05,-2.8143e-05,5.3563e-05,9.8172e-05,-3.6884e-05,7.3758e-06,1.0187e-05,1.362e-05,1.431e-05,2.5357e-06,2.6438e-05,1.5417e-05,1.4197e-05,3.4418e-05,-4.5541e-06,2.2376e-05,1.6061e-05,0.00013579
0.00017134,0.00013579,7.3301e-05,0.00014969,0.0001488,4.2073e-05,-1.8559e-05,6.4943e-05,7.3625e-05,0.00014928,0.00014243,-1.5307e-05,0.00024904,4.1834e-05,9.6548e-05,0.00012083,9.1437e-05,8.8112e-05,0.00014319,0.00017626,-1.1541e-05,6.6746e-06,9.0229e-05,0.00014247,7.1698e-05,0.00011011,4.002e-06,0.00010936,0.00014034,0.00012361,0,0.00013503,9.4343e-05,0.00014881,6.4638e-05,0.00013197,8.4427e-05,0.00012638,9.4922e-05,0.00013643,0.00010261,0.00015249,0.00012628,3.1576e-05,0.00011805,4.0503e-05,8.2692e-05,0.00012409,0.00012606,0.00014514,0.00013969,0.00018736,-3.2411e-07,0.00016178,-5.0396e-05,0.00013383,0.00014402,2.8243e-06,0.00012878,-2.6729e-06,4.5232e-05,9.1344e-05,7.7414e-05,-1.8533e-05,0.00017027,0.00011283,0.00010638,9.505e-05,0.000194,8.5487e-05,0.00017164,0.00013482,0.00010154,0.00018636,0.000161,9.8944e-05,5.4776e-05,9.2649e-05,5.7151e-05,4.4685e-05,4.4716e-05,9.1655e-05,7.2143e-05,5.2472e-05,0.00012868,3.3854e-05,7.2926e-05,0.00016812,6.9925e-05,0.00010172,6.6252e-05,8.9112e-05,0.00012644,0.00011335,-3.1393e-05,-1.2904e-05,1.4343e-06,3.6328e-05,7.9742e-05,0.0001177,7.067e-05,0.00010726,-6.7387e-07,-1.1372e-05,3.2274e-05,3.2193e-05,0.00013674,0.0001005,6.9069e-05,-9.4537e-06,9.886e-06,1.8533e-05,7.3494e-05,0.00010413,0.00011605,9.9883e-05,1.6155e-05,0.00019115,0.00010342,5.8251e-05,5.8985e-05,4.2918e-05,0.0002129,5.2244e-05,8.3558e-05,5.3116e-05,8.3621e-05,6.1759e-05,7.9971e-05,0.00014841,0.00018185,-2.3084e-06,9.0377e-05,4.3124e-05,0.00013291,5.3493e-05,0.00015326,8.3657e-05,9.8959e-05,8.2467e-05,4.832e-05,0.00013328,0.00013187,0.00010895,0.00012211,0.00048775,1.6458e-05,8.4525e-05,0.00011232,7.9075e-05,0.00010423,2.0404e-05,0.00011756,0.0001278,9.5405e-05,3.0754e-06,5.3212e-05,9.365e-05,0.00020624,0.00010551,0.00014045,0.00014993,0.00027305,5.1132e-05,0.00011932,0.00013097,0.00014925,7.5486e-05,6.6101e-05,0.00010137,0.00016408,-2.032e-05,0.00012313,9.951e-05,0.0001904,7.9091e-05,2.2481e-05,4.5271e-05,0.00013096,7.7189e-05,8.1525e-05,0.00017278,0.00014097,1.7386e-05,7.4172e-05,8.4603e-05,0.00014658,7.8814e-05,9.8247e-05,0.00010656,4.3763e-06,0.00010925,6.0696e-05,0.00017976,9.0015e-05,2.1386e-05,6.9404e-05,0.00013083,0.00013353,9.3222e-05
2.4446e-05,2.9632e-05,3.908e-06,0.00013426,5.5226e-05,-1.1741e-05,-4.4618e-05,6.2516e-05,6.3726e-05,9.8502e-05,5.8828e-05,-1.9588e-05,4.1834e-05,0.00016912,-2.1936e-06,2.9847e-05,-9.2056e-06,4.2797e-05,8.9181e-06,9.3887e-05,4.048e-05,-4.4853e-05,7.2976e-05,-1.5294e-05,-9.4421e-06,2.1929e-05,2.2845e-06,-2.3013e-05,4.963e-05,6.9692e-05,0,3.6919e-06,5.6233e-05,3.6437e-05,1.2015e-06,5.5618e-05,4.2965e-05,7.9567e-05,1.1479e-05,7.0839e-05,5.4332e-05,4.6157e-05,4.4644e-05,2.801e-05,3.9384e-05,1.5023e-06,-9.3802e-06,2.6395e-05,9.4452e-05,0.00011694,-6.6147e-06,-2.157e-06,-3.7417e-05,6.113e-05,7.6256e-05,0.00028512,1.6517e-05,2.1514e-06,-2.225e-05,-5.319e-05,5.7208e-05,8.1739e-05,2.5702e-05,1.9906e-05,1.8084e-05,1.3786e-05,-5.2216e-05,-6.5226e-05,-0.0001044,2.9504e-05,2.0423e-05,3.1158e-05,3.0577e-05,2.9146e-05,3.3223e-05,4.8704e-05,1.0329e-05,7.3935e-05,-8.8675e-06,-8.1275e-06,-9.437e-06,-4.815e-05,2.5959e-05,2.9649e-05,6.4035e-05,2.9827e-05,-9.7421e-06,-2.7092e-05,3.8303e-05,6.5404e-05,3.1212e-05,-1.953e-06,1.3569e-06,2.5092e-05,-3.4658e-05,-2.8052e-05,-6.5979e-06,-3.5782e-06,3.6098e-06,6.5344e-06,5.7846e-05,4.6499e-05,-1.6353e-05,3.6831e-06,1.8374e-05,3.4698e-05,3.8559e-05,3.3506e-05,1.3064e-05,-8.8987e-05,-3.441e-05,-4.9716e-06,4.415e-05,-3.1486e-06,2.9236e-05,1.0814e-05,5.9207e-06,9.4795e-05,8.4984e-05,4.8537e-05,4.086e-05,-6.2206e-07,8.2577e-05,9.3169e-06,2.2835e-05,-1.488e-05,1.3082e-05,5.8268e-05,7.1389e-06,8.2965e-05,-2.0035e-05,3.4356e-05,-3.4327e-05,3.9751e-05,4.2329e-05,5.8404e-05,2.4814e-05,-1.5693e-05,3.133e-05,2.8988e-05,7.0359e-05,6.6034e-05,0.00010831,-3.2546e-05,6.9524e-05,-0.00015177,3.7464e-05,2.3925e-05,1.8643e-05,3.6645e-05,1.6201e-05,-8.1452e-06,2.2937e-05,8.2146e-05,4.9531e-05,3.0697e-05,-4.8362e-05,6.9011e-06,1.9727e-05,6.6513e-05,4.6163e-05,7.2754e-05,5.6895e-05,1.8507e-05,3.6216e-05,5.7633e-05,-3.0295e-05,8.4919e-05,4.4834e-05,6.6137e-05,4.2958e-05,-5.1488e-05,5.6583e-05,-1.0074e-05,4.2912e-06,-6.217e-06,2.4514e-05,-3.2794e-05,0.00013209,2.8807e-05,6.3602e-05,5.9041e-05,5.9004e-05,1.3142e-05,1.7793e-05,3.0254e-05,4.089e-05,6.2681e-08,5.6515e-05,-2.8164e-05,5.2357e-05,8.9283e-06,4.7592e-05,4.432e-05,-1.4414e-05,2.3669e-05,-6.042e-07,3.5372e-05,5.9772e-05,-1.495e-05
0.00029001,8.4039e-05,9.3667e-05,5.8863e-05,0.00011149,0.00014818,-9.8776e-06,8.6239e-05,9.8111e-05,0.00015678,8.961e-05,2.5733e-06,9.6548e-05,-2.1936e-06,0.00030328,7.7498e-05,0.00015951,8.0529e-05,7.8848e-05,6.208e-05,4.3975e-06,7.3133e-05,4.4527e-05,0.00018943,0.00013773,7.4285e-05,3.0387e-05,7.9952e-05,0.00011445,0.00013701,0,9.5588e-05,3.6243e-05,7.3053e-05,6.6532e-05,9.6101e-05,0.00012569,0.00014686,0.00019804,7.9846e-05,0.00015397,0.00015587,7.0745e-05,6.5366e-05,0.00010829,4.9588e-05,7.9302e-05,0.00013016,0.00042747,7.8395e-05,8.5992e-05,0.00016492,-1.2599e-05,0.00015803,-2.1475e-05,0.00035992,7.6053e-05,2.0564e-07,8.0585e-05,5.4216e-05,4.1063e-05,0.00018372,0.00019166,4.1863e-05,0.0001721,0.00025561,2.9004e-05,0.00010759,0.0001277,7.7686e-05,9.6677e-05,5.442e-05,0.00011696,0.00015578,0.00016228,0.00014539,2.7023e-05,0.00011442,-6.598e-06,3.4925e-05,5.5969e-05,0.00017344,5.6084e-05,4.7239e-05,0.00015098,3.0078e-05,0.00014811,0.00011024,7.5912e-05,9.8958e-05,3.2739e-06,8.6805e-05,0.00017,9.55e-05,-1.9488e-05,1.2645e-05,-6.8895e-06,1.4949e-06,5.8436e-05,0.00011076,0.00012734,6.6688e-05,7.7498e-05,5.6269e-05,2.9959e-05,6.5457e-05,0.00011991,9.9842e-05,0.00017183,-0.00011119,5.6142e-05,7.4486e-05,9.0395e-05,0.00014713,9.9014e-05,0.00013302,-1.9535e-05,0.00016799,4.7465e-05,-4.9494e-06,6.5246e-05,0.00019941,0.00012187,0.00014587,7.2415e-05,4.5239e-05,4.8075e-05,4.7708e-05,9.1209e-05,0.00014072,0.00013527,8.3608e-05,5.4768e-05,9.6184e-05,0.00011743,0.00020432,0.0001916,5.6439e-05,0.00010434,6.9324e-05,5.4523e-05,0.00017228,0.00010197,0.0001026,0.00014474,0.00029194,0.00017995,0.00010303,0.0001542,7.4937e-05,9.4748e-05,2.7985e-05,6.3347e-05,0.00012078,9.5538e-05,1.0968e-05,0.00010612,6.1525e-05,0.00014733,8.2756e-05,0.00013916,0.00012272,0.00017962,5.38e-05,0.00012618,0.00016945,0.00011243,0.00029639,8.7661e-05,8.4935e-05,0.00011097,2.3275e-05,9.885e-05,8.3954e-05,0.00020194,3.8532e-05,0.00020357,-8.5262e-06,0.00030829,7.9658e-05,0.0001123,0.00012001,0.00011193,6.6715e-05,5.3936e-05,5.5477e-05,7.1419e-05,-5.4081e-06,6.7774e-05,0.00010218,0.00015835,1.7424e-06,0.00010946,6.7594e-05,0.00010932,-8.1891e-06,6.3668e-05,0.00011545,9.9268e-05,0.00014675
3.7022e-05,9.4421e-05,6.2283e-05,0.00010952,7.7181e-05,1.6425e-05,4.9134e-06,4.2761e-05,5.7177e-05,0.00011151,9.2241e-05,-2.8125e-06,0.00012083,2.9847e-05,7.7498e-05,9.2787e-05,5.039e-05,5.5388e-05,6.5632e-05,0.00011344,-1.2018e-05,-1.8602e-05,8.7964e-05,7.1213e-05,6.2295e-05,7.2475e-05,2.4326e-05,5.3865e-05,7.4813e-05,9.2984e-05,0,7.1356e-05,4.2358e-05,8.3821e-05,2.8588e-05,0.00010006,5.9072e-05,8.0005e-05,5.1424e-05,8.6814e-05,8.3995e-05,0.00010142,8.7391e-05,2.7682e-05,7.5997e-05,2.0255e-05,4.0997e-05,8.1124e-05,0.00011731,7.1323e-05,7.0837e-05,0.00012764,-2.5032e-05,7.0016e-05,-5.0169e-05,4.8923e-05,7.7829e-05,2.844e-06,0.00010149,4.1907e-06,-3.3112e-06,3.8744e-05,3.2188e-05,3.8494e-05,9.9911e-05,5.1213e-05,5.151e-05,1.6136e-05,0.0001019,5.3032e-05,9.775e-05,8.8746e-05,7.9663e-05,9.8207e-05,0.00012211,0.00010193,4.8385e-05,7.1336e-05,2.402e-06,2.5235e-05,3.5424e-05,8.2624e-05,3.2244e-05,3.8389e-05,0.00011453,1.9651e-05,6.8556e-05,9.6216e-05,4.4019e-05,8.2166e-05,1.6343e-05,7.5616e-05,7.0018e-05,7.3934e-05,-2.0283e-05,-1.387e-06,4.0639e-06,1.8587e-05,5.7309e-05,8.0441e-05,6.2312e-05,9.8647e-05,1.2001e-05,2.8459e-05,3.0475e-05,3.356e-05,9.0365e-05,7.6651e-05,4.9091e-05,-6.3669e-05,2.6509e-05,2.1102e-05,5.2058e-05,6.9773e-05,6.3836e-05,7.2186e-05,-6.8496e-06,0.00012431,4.9358e-05,6.3612e-05,3.6599e-05,6.4076e-05,0.00014197,-2.0747e-05,5.6872e-05,2.8121e-05,5.928e-05,6.3271e-05,1.8682e-05,0.00010688,0.00011744,-9.9851e-06,2.8752e-05,8.9793e-05,9.3322e-05,3.9222e-05,7.7474e-05,4.6347e-05,7.9747e-05,5.911e-05,5.8855e-06,8.7598e-05,0.00011584,6.8321e-05,7.6035e-05,0.00027207,-1.4249e-05,5.5111e-05,6.7046e-05,5.4551e-05,8.371e-05,1.2776e-05,6.419e-05,0.00011011,8.9385e-05,3.5792e-06,6.2617e-05,5.8125e-05,0.00013001,7.0349e-05,0.00010428,8.7273e-05,0.00017195,4.3481e-05,8.0696e-05,8.7507e-05,9.8918e-05,6.1945e-05,6.8637e-05,7.3361e-05,0.00011094,-7.2668e-06,8.9256e-05,8.1608e-05,5.9845e-05,3.3719e-05,7.7959e-05,3.2724e-06,4.9236e-05,5.4412e-05,4.7431e-05,9.4479e-05,6.805e-05,2.6261e-05,5.9014e-05,4.7596e-05,0.00010332,3.5543e-05,7.855e-05,7.6944e-05,-2.9722e-05,7.2978e-05,3.2267e-05,6.7767e-05,3.3725e-05,3.4647e-06,4.1625e-05,7.0587e-05,0.00010029,7.2337e-05
0.00022354,8.5983e-05,7.2916e-05,7.4351e-05,5.6358e-05,0.00010031,-3.4805e-05,6.941e-05,6.056e-05,0.00013042,8.3102e-05,4.7177e-05,9.1437e-05,-9.2056e-06,0.00015951,5.039e-05,0.00016202,0.00011056,5.3503e-05,7.725e-05,6.8434e-05,8.2698e-05,-8.3289e-06,0.00012478,6.2202e-05,6.8626e-05,4.0183e-05,7.7585e-05,4.489e-05,0.00015914,0,0.00010931,0.00012347,6.5466e-05,6.5553e-05,6.5779e-05,4.8717e-05,9.4918e-05,0.000118,6.5627e-05,0.00010993,0.00011857,6.6083e-05,2.3101e-05,7.9008e-05,5.216e-05,7.7902e-05,9.7601e-05,0.00017458,9.428e-05,0.0001225,0.00015833,3.1083e-05,0.00018719,1.882e-05,0.00022595,0.00015113,-6.4401e-07,3.6994e-05,8.2958e-05,4.9435e-05,0.00010867,0.00012835,9.3472e-05,0.00014331,0.00022021,8.1074e-05,0.00015433,9.9644e-05,6.2597e-05,8.6544e-05,6.5412e-05,0.00012311,0.00012315,0.00012651,0.00011022,5.2191e-05,7.1203e-05,2.2339e-05,4.3736e-05,5.8591e-05,0.00012351,3.2594e-05,4.702e-05,0.00011472,1.9988e-05,0.00013552,0.00014021,8.0217e-05,7.8445e-05,4.8067e-05,5.1051e-05,0.00011273,6.4322e-05,3.3171e-05,2.6908e-05,-2.9509e-06,2.3459e-05,6.1782e-05,7.0906e-05,9.7231e-05,4.6001e-05,7.4524e-05,-2.8615e-05,3.2039e-05,5.3442e-05,0.00010695,5.5764e-05,7.6183e-05,-0.00011508,8.6173e-05,6.8624e-05,7.3768e-05,0.00015105,7.8826e-05,0.00011961,1.4328e-05,0.00014937,7.0099e-05,-6.7967e-06,4.9869e-05,0.00021219,9.9361e-05,8.8072e-05,4.7635e-05,6.4126e-05,4.9795e-05,5.264e-05,7.4086e-05,0.00010468,0.00013721,0.0001309,4.9035e-05,7.8722e-05,6.642e-05,0.00011992,9.5722e-05,9.3035e-05,7.952e-05,8.2446e-05,3.4316e-05,0.00012739,6.4384e-05,7.1814e-05,0.00011,0.00022749,8.447e-05,7.4201e-05,0.00010861,6.2759e-05,0.00010466,6.8598e-06,8.7029e-05,9.7452e-05,9.93e-05,5.6992e-05,6.6448e-05,3.6769e-05,0.00010646,6.7767e-05,8.7982e-05,8.0959e-05,0.00012337,5.2572e-05,9.4007e-05,0.00013237,0.0001031,0.0001629,6.6879e-05,8.1107e-05,9.1135e-05,2.7613e-05,7.861e-05,0.00010545,7.0401e-05,6.3004e-05,0.00020497,7.3421e-05,0.00015675,8.8631e-05,9.9944e-05,7.1609e-05,0.00012819,3.0615e-05,6.4111e-05,4.4761e-05,5.6155e-05,4.3755e-05,5.6346e-05,8.2987e-05,0.00011386,3.9359e-06,0.00011769,8.1788e-05,7.1486e-05,3.8388e-05,6.7655e-05,0.00012217,8.3493e-05,0.0001495
-6.2833e-05,0.00010404,7.0285e-05,0.00013932,2.955e-05,9.0874e-05,-7.2748e-05,7.6591e-05,5.8182e-05,0.00018858,0.0001134,4.8117e-05,8.8112e-05,4.2797e-05,8.0529e-05,5.5388e-05,0.00011056,0.00021611,9.2715e-05,0.00015761,0.00016244,0.00016568,5.141e-06,2.4769e-05,-1.0283e-05,0.00010569,3.3571e-05,0.00012458,4.5609e-05,0.00017711,0,0.00016722,0.00012813,6.1183e-05,6.2397e-05,9.0865e-05,9.123e-05,9.9551e-05,0.00011654,6.479e-05,0.00013888,0.00014247,9.1621e-05,4.858e-05,0.00010163,2.7806e-05,5.8616e-05,0.00016,-0.00016976,0.00013328,0.00010838,0.00013127,1.8959e-05,0.00018294,4.2847e-05,0.00025684,0.0001319,-3.0106e-06,0.0001154,5.7016e-05,-1.9444e-05,4.63e-05,0.00016628,0.00014585,0.00012862,6.0979e-05,0.00015879,3.7171e-05,8.4065e-05,9.7671e-05,7.8312e-05,0.00010793,8.8869e-05,0.0001328,0.00010386,3.7958e-05,4.1153e-05,7.2377e-05,-2.8059e-05,6.2765e-05,9.3469e-05,0.0001235,9.233e-06,4.1796e-05,0.00014547,3.8153e-05,0.00010958,0.00013745,9.959e-05,0.00013631,1.8741e-05,8.428e-05,8.6412e-05,0.00013532,4.2844e-05,6.0538e-06,-2.0869e-06,4.1962e-05,2.9882e-05,7.6369e-05,0.00015179,6.347e-05,7.7485e-05,-0.0001166,8.5783e-05,5.955e-05,9.3939e-05,6.8942e-05,6.0622e-05,-0.00010637,-3.736e-06,7.4609e-05,6.2407e-05,0.0001352,7.5311e-05,0.00011819,3.7434e-05,0.00014684,7.9279e-05,3.7947e-05,8.9593e-05,0.00022292,0.00011742,9.3796e-05,7.1495e-05,9.1543e-05,6.1724e-05,5.5582e-05,6.8136e-05,9.6482e-05,0.00011396,0.00011585,-4.7533e-05,2.4144e-05,8.5609e-05,5.3593e-05,4.6843e-05,0.00015224,8.6001e-05,9.0682e-05,-1.804e-05,8.0437e-05,4.0643e-05,7.7359e-05,0.00015972,0.00019268,1.3974e-05,6.0889e-05,0.00011984,6.3678e-05,0.00012631,1.698e-06,0.000122,0.00016544,0.00015568,0.00010671,8.1885e-05,7.5283e-05,8.2013e-05,9.1706e-05,7.4093e-05,0.00011783,0.00017856,0.00011304,8.9569e-05,0.00017493,0.00012775,0.00014912,0.00011686,0.00011303,0.00013291,8.4091e-06,9.9036e-05,9.9254e-05,8.6685e-05,8.8814e-05,0.00031492,3.7544e-05,7.3344e-05,0.00010849,0.00011653,9.4751e-05,0.00024427,1.634e-05,0.00011635,2.5821e-05,7.6271e-05,9.9182e-05,4.7076e-05,7.5626e-05,1.5571e-05,8.6279e-05,3.6651e-05,0.0001063,2.7442e-05,8.2129e-05,7.452e-05,6.4612e-05,0.00013035,0.00016366
