0.00050991,9.1606e-05,0.00018496,0.00016218,0.0001311,0.00029617,0.00012915,0.00015513,8.6832e-05,0.00010565,-2.6304e-05,9.6355e-05,0.00014276,4.6022e-05,2.7166e-05,3.8655e-05,8.9463e-05,-1.5532e-05,0.00010194,0.00039803,5.8462e-05,0.00024231,3.9553e-05,9.5113e-05,0.00022186,1.8101e-05,6.1127e-05,-2.3628e-06,-6.9707e-07,0.00010005,0.00018576,0.00037236,0.00019633,0.00028924,2.4969e-05,2.5188e-05,0.00010068,7.7276e-05,0.00010428,3.9391e-05,-4.5522e-05,8.8916e-05,2.4525e-05,0.00017302,2.0955e-05,0.00020418,-1.7862e-05,0.00014714,0.00018418,0.00015349,8.0366e-05,0.00011135,5.6362e-05,0.00021679,0.00036927,6.1165e-06,5.1257e-06,1.9219e-05,0.00040255,-1.0025e-05,6.1705e-05,1.2979e-05,7.0424e-05,6.8889e-05,-7.2179e-05,0.00024706,6.2674e-05,-8.8661e-05,9.2754e-05,0.00012989,9.1731e-05,3.3553e-05,5.7471e-05,1.3728e-05,3.7874e-05,6.4164e-05,6.1477e-06,0.00010459,-0.00013135,2.7108e-05,-2.0483e-05,0.00019915,3.4422e-05,8.695e-05,-4.7411e-05,-2.3572e-05,-6.0542e-05,1.4578e-05,0.00013525,8.6126e-05,-3.5938e-05,2.5338e-05,-1.0121e-05,3.8221e-05,7.1588e-05,9.4219e-05,5.7737e-05,1.0484e-05,2.2888e-05,1.0891e-05,1.6665e-05,7.603e-05,-4.1166e-05,8.1519e-05,5.6273e-05,0.00013071,-1.2737e-05,0.00013388,0.00010932,0.00036228,5.5357e-06,0.00018599,0.00010803,0.0001829,9.6156e-05,3.1698e-05,7.1079e-05,5.9674e-05,4.953e-06,1.4645e-06,0.0001546,0.00027406,0.00011998,4.1845e-06,2.7765e-05,0.000284,9.1621e-05,0.00017035,7.9552e-05,0.00010999,0.00025365,6.7258e-05,2.6508e-06,7.6951e-06,-2.4737e-05,8.8671e-05,0.00018529,0.00014887,8.9965e-05,0.0001119,4.6894e-05,0.00013239,5.9994e-05,-7.6991e-05,1.331e-05,-3.9653e-05,6.1095e-05,0.000106,4.6248e-05,9.8359e-06,1.5729e-06,0.0001827,0.00015509,0.00038695,0.00013618,0.00016851,0.00014003,5.3137e-05,0.00012429,4.3403e-05,0.0001945,-0.00027489,-1.3719e-05,0.00044223,-1.1829e-05,0.00011326,0.00017018,2.8967e-05,-6.0255e-06,-2.4241e-05,6.1197e-05,-8.4073e-05,0.00013414,-2.729e-06,0.0009314,5.5834e-05,6.5319e-05,0.00016589,0.00016721,0.00023195,0.00015977,7.5398e-05,4.5803e-05,8.5106e-05,2.3309e-05,-7.7172e-05
9.1606e-05,0.00017278,0.00011232,0.00011041,8.1336e-05,0.00015933,5.8456e-05,4.5524e-05,0.00012436,0.00011278,4.2804e-05,7.3403e-05,0.00013397,0.00010182,2.5712e-05,4.448e-05,8.4227e-05,1.8801e-05,1.9923e-05,9.7837e-05,6.3546e-05,7.9751e-05,4.9944e-05,0.00012321,8.5488e-05,9.2024e-05,8.3062e-06,8.1617e-05,6.157e-05,9.0454e-05,4.5628e-05,9.8677e-05,7.9057e-05,7.8264e-06,5.1858e-05,8.429e-05,6.9402e-05,0.00010414,9.849e-05,6.1508e-05,3.7519e-05,5.6031e-05,9.7122e-05,-2.1583e-05,2.9299e-05,0.00014025,8.3668e-05,0.00010884,0.00013222,-3.3758e-08,9.7428e-05,4.0941e-05,8.6075e-06,1.9831e-05,5.0984e-05,6.8278e-05,3.8713e-05,9.538e-05,5.5389e-05,7.8366e-05,7.5432e-05,5.0359e-05,8.6504e-05,4.094e-05,3.8687e-05,0.00015734,6.7073e-05,-2.1363e-05,1.0917e-05,2.9293e-05,-9.7093e-06,5.8155e-05,1.019e-05,9.0715e-05,4.9034e-05,8.4741e-05,7.1178e-05,5.9806e-05,-8.3035e-05,0.00010613,8.156e-05,4.6712e-05,5.7495e-05,0.00012012,8.8093e-05,2.5762e-05,-0.00014085,4.4488e-05,9.4797e-05,0.00014601,9.6386e-05,1.5903e-05,7.5442e-05,7.8061e-05,7.0015e-05,5.8801e-05,1.5115e-05,6.3706e-05,8.1414e-05,1.8019e-05,9.2908e-05,9.1387e-05,2.8391e-05,0.00011544,5.6076e-05,5.8081e-05,1.3718e-05,0.00011146,2.8132e-05,6.9072e-05,0.00013271,9.2124e-05,2.2074e-05,2.2587e-05,0.00015184,5.9125e-05,5.4428e-05,4.7147e-05,1.1897e-06,6.3844e-05,5.0735e-05,0.00011365,4.8384e-05,5.7588e-05,3.7276e-05,4.8722e-05,8.0827e-05,9.6581e-05,3.011e-05,9.6019e-05,7.119e-05,4.9212e-05,1.7851e-05,7.3557e-05,6.82e-06,0.00012649,7.5137e-06,0.00013571,0.00014463,0.00014222,5.7674e-05,-2.2751e-05,6.6262e-05,4.499e-05,3.4261e-05,-0.00017239,0.0001025,9.8314e-05,5.5809e-05,4.6754e-05,-2.5277e-05,0.00013767,0.00017859,3.3559e-05,8.7593e-05,7.9209e-05,9.3208e-05,0.00011646,7.276e-05,0.00010642,7.4192e-05,-1.0722e-05,3.5305e-05,7.7002e-05,5.6919e-05,0.00012662,7.1741e-05,6.0563e-05,9.7471e-06,3.6476e-05,8.0211e-05,-6.5019e-06,0.00010793,4.3453e-05,1.2624e-05,-3.4883e-05,6.2333e-05,0.00010059,2.1717e-05,9.6087e-05,4.4127e-05,9.4671e-05,0.00013578,6.4592e-05,7.8621e-05,-6.665e-05
0.00018496,0.00011232,0.00027984,0.00016696,0.00013529,0.0001801,0.00014449,7.5011e-05,0.00021134,0.00015668,2.0908e-05,0.00017193,0.00016571,1.4664e-05,5.7774e-05,5.3747e-05,0.00012503,-9.1296e-05,0.00011658,0.00014696,5.1669e-05,0.00015688,7.742e-05,0.0001367,0.00010477,0.0001088,-3.9393e-06,3.8798e-05,7.4587e-05,0.00013358,0.00014032,0.00025496,8.1305e-05,4.8591e-05,-1.6682e-05,9.0494e-05,0.00016509,0.00011809,0.00012865,7.9811e-05,6.2289e-05,0.0001493,6.1461e-05,0.00010269,2.5403e-05,0.00021998,6.4986e-05,0.00025177,0.00029645,0.00015303,7.1837e-05,0.00013777,-6.2325e-06,0.00012302,0.00013314,0.00010815,7.2454e-05,0.00013566,0.00018285,9.9144e-05,6.3694e-05,6.8085e-05,8.9744e-05,0.00015884,-7.0934e-06,0.00018357,0.0001023,1.8764e-05,2.5595e-08,5.7588e-05,9.6727e-05,9.4522e-05,9.1574e-05,0.00010839,6.5094e-05,0.00013895,6.1153e-05,0.00017274,-0.0001315,-6.3103e-05,9.4845e-05,0.00011242,0.00010512,0.00016502,0.00013767,-6.832e-06,-8.4737e-05,0.00016756,0.00015726,9.6979e-05,4.2662e-05,4.0213e-05,5.7902e-05,0.00010172,0.00011503,9.3118e-05,0.00010968,7.1756e-05,3.56e-06,6.475e-05,0.00011226,7.469e-05,4.847e-06,0.00015353,7.8575e-05,8.6085e-05,6.0652e-05,0.00017152,1.0263e-05,0.00011638,9.1787e-05,0.0001504,8.0852e-05,7.49e-05,0.00015673,9.4113e-05,0.0001172,6.5265e-05,4.9163e-05,6.6075e-05,0.00012552,0.00015189,4.5023e-05,0.00010241,0.0001323,2.3334e-05,0.0001203,5.0695e-05,4.4253e-05,0.00016792,0.0001159,7.0693e-05,2.0646e-05,0.00013582,3.9657e-05,0.00011203,9.4979e-05,0.00015071,0.00017288,0.00021424,9.9749e-05,5.1052e-05,0.00011465,6.3398e-06,7.5228e-05,8.1292e-05,0.0001564,0.00015269,0.000105,0.00010804,5.3598e-05,5.3e-06,0.00030443,0.00024083,0.00013475,0.00013374,0.0001833,0.00013831,0.00013428,0.00011936,9.5076e-05,0.00011279,7.6535e-05,0.00013363,0.00010555,0.00012148,0.00010411,5.3852e-05,1.0314e-05,5.706e-05,0.00010137,-6.6508e-06,0.00016142,1.4458e-05,0.00021392,0.00012035,7.481e-05,3.2089e-05,0.00014918,9.6085e-05,4.911e-05,0.00012133,0.0001249,0.00015574,9.1427e-05,2.9899e-05
0.00016218,0.00011041,0.00016696,0.00020264,0.00014666,0.00014626,0.0001491,7.0334e-05,0.00013384,0.00015247,4.609e-05,0.00015734,0.00010607,9.9004e-05,8.1491e-05,8.1582e-05,0.00010665,-4.2968e-05,6.6314e-05,0.00017122,1.4247e-05,0.00016001,7.646e-05,0.00012068,0.00011803,0.00013983,4.1657e-05,6.8265e-05,6.7074e-05,0.00011928,0.00010615,0.00018287,0.00011229,-1.2655e-05,4.5796e-05,9.0687e-05,0.00011481,0.00011977,8.443e-05,6.6649e-05,3.0017e-05,0.00011287,0.00010048,3.9738e-05,2.7722e-05,0.00017087,0.00011321,0.00017569,0.00014051,0.00014683,0.00013328,8.66e-05,5.8351e-05,5.7459e-05,0.00016727,0.00011313,3.9397e-05,0.00013534,0.00014814,0.00011101,4.167e-05,7.5832e-05,0.00010077,5.8596e-05,0.00010389,0.00014764,0.00010392,-0.00013316,4.7641e-05,7.7178e-05,1.4826e-06,8.3758e-05,0.0001467,0.00010513,3.4896e-05,0.00011841,8.0599e-05,0.00012474,-9.7927e-05,8.4758e-05,9.056e-05,7.1347e-05,8.164e-05,0.00012126,0.00010366,2.8535e-05,-6.5379e-05,4.7799e-05,9.4785e-05,0.0001427,6.1719e-05,4.2119e-05,8.7583e-05,7.7494e-05,8.9538e-05,6.9628e-05,5.3636e-05,3.2016e-05,5.1166e-05,4.5195e-05,6.6569e-05,0.00012498,-2.1665e-05,0.00011798,7.8631e-05,9.0808e-05,-1.2612e-06,0.00018044,2.4808e-05,0.00012521,0.00014503,0.0001305,8.1818e-05,6.9422e-05,0.00015314,8.2995e-05,0.00010666,9.9594e-05,3.0284e-05,6.5173e-05,8.4974e-05,0.00017488,6.1594e-05,0.00011167,0.00017493,0.00010734,9.0678e-05,2.4501e-05,6.0704e-05,9.7418e-05,0.00017338,0.00011092,0.00011777,0.00010805,8.3972e-05,9.8269e-05,4.5471e-05,0.00014759,0.00014155,0.00015577,8.141e-05,3.8019e-05,0.00010328,2.9363e-05,6.7915e-05,-0.00014903,0.00010253,0.00013631,0.00011066,0.00013094,1.3898e-05,2.0593e-05,0.00015567,-1.6753e-05,8.7495e-05,0.00011614,0.00018355,0.00017385,0.00011897,9.749e-05,9.3546e-05,-0.00012946,5.6069e-05,9.1597e-05,0.00010897,0.00014463,0.00012061,7.721e-05,2.172e-05,3.7671e-05,8.1848e-05,8.3786e-06,0.00016299,3.9251e-05,9.7096e-05,2.0964e-05,8.9361e-05,4.8585e-05,8.9285e-05,8.8907e-05,-1.1336e-06,8.5318e-05,8.6168e-05,0.00012864,9.4614e-05,-2.3076e-05
0.0001311,8.1336e-05,0.00013529,0.00014666,0.00021181,0.00011733,0.00011113,5.5799e-05,4.7079e-05,9.5233e-05,3.6491e-05,9.3515e-05,8.0995e-05,0.00011467,9.7272e-05,2.9978e-05,4.5676e-05,-7.1896e-05,5.948e-05,0.00013642,4.193e-05,0.00010121,5.5537e-05,0.00011122,9.4158e-05,9.1909e-05,4.1729e-05,7.1806e-05,4.6355e-05,5.1611e-05,4.8328e-05,0.00018157,0.00015053,-0.00023985,4.9269e-05,5.7131e-05,0.00011778,8.4335e-05,4.6306e-05,3.8395e-05,6.8717e-06,8.9319e-05,0.00015508,8.8596e-06,-3.7769e-05,0.00010843,7.2309e-05,8.8877e-05,0.0001135,2.4187e-05,7.2716e-05,0.00010181,9.2005e-05,0.00012343,0.00010143,8.4042e-05,2.8264e-05,7.3772e-05,7.0581e-05,4.2812e-05,3.9342e-05,3.8229e-05,5.7794e-05,3.2461e-05,-1.2248e-05,0.00011535,8.3605e-05,-2.1544e-05,6.7491e-05,6.5727e-05,5.6756e-05,6.3669e-05,0.00011822,5.9439e-05,1.7374e-05,7.8353e-05,2.7639e-05,0.00010592,-0.00010717,7.4259e-05,5.1758e-05,-3.3252e-05,8.3962e-05,9.5095e-05,5.6056e-05,1.0097e-05,-7.8806e-05,6.7474e-05,7.6563e-05,8.4001e-05,8.8342e-05,-1.9285e-05,7.9065e-05,7.3671e-05,6.5846e-06,2.8277e-05,8.0372e-05,2.7809e-05,3.4889e-05,2.0173e-05,3.8922e-05,6.1091e-05,9.936e-06,9.6411e-05,7.4559e-06,7.8958e-05,-2.9406e-05,0.00010686,-2.0258e-05,0.00010201,7.1515e-05,5.0179e-05,8.86e-05,0.00010184,9.4404e-05,4.6718e-05,5.5059e-05,5.4067e-05,1.2944e-05,3.9388e-05,7.5805e-05,0.00012535,5.1677e-05,7.6381e-05,0.00016447,8.3319e-05,0.00015217,2.4343e-06,5.706e-05,4.473e-05,0.00013841,0.00011636,0.00011002,3.7671e-05,-4.5184e-05,4.4688e-05,8.2535e-06,5.9307e-05,7.8628e-05,8.7007e-05,4.0666e-05,-3.6834e-05,8.4409e-05,1.8856e-05,5.2165e-05,-2.7995e-05,8.5648e-05,0.00010728,8.1516e-05,0.00010007,-1.0605e-05,-1.018e-05,0.00011755,0.00011267,4.8881e-05,0.00013475,0.00012552,0.00013545,9.8489e-05,5.7776e-05,4.3225e-05,-0.00021142,7.1242e-06,0.00016885,9.0107e-05,6.2364e-05,8.958e-05,3.8976e-05,-4.8426e-05,3.4618e-05,7.2862e-05,-4.7995e-05,0.00014405,-9.9679e-06,2.911e-05,-2.4453e-05,7.8945e-05,4.7939e-05,-2.3588e-05,3.0366e-05,1.1735e-05,2.8544e-05,6.8067e-05,9.1888e-05,8.1231e-05,-1.4619e-05
0.00029617,0.00015933,0.0001801,0.00014626,0.00011733,0.0004208,0.0001443,0.00016479,0.00018693,0.00014424,4.1215e-05,8.6141e-05,0.00013037,3.0074e-05,6.6486e-05,2.7219e-05,1.6782e-05,-0.00010136,0.00010707,0.00030214,0.00014733,0.0001588,4.9857e-05,0.00015714,0.00021849,3.0505e-05,6.8344e-05,8.6348e-05,5.5214e-05,8.5307e-05,0.00014068,0.00036732,0.00018826,0.0002859,3.782e-05,7.5647e-05,0.0001439,0.00012362,0.00013121,7.4763e-05,-2.1162e-05,6.2616e-05,4.4379e-05,0.00018486,9.2651e-05,0.00023667,7.874e-05,0.00016638,0.00021805,9.7484e-05,0.00018388,0.00011027,3.7415e-05,0.00017947,0.00024988,7.0061e-05,-1.6948e-05,3.7719e-05,0.00026897,6.2657e-05,0.00012818,5.0061e-05,0.00010471,6.5769e-05,-3.3504e-05,0.00027049,9.4442e-05,-8.2725e-05,4.4469e-05,8.1844e-05,3.5863e-05,7.098e-05,-2.9213e-05,6.0975e-05,3.4585e-07,0.00010355,2.3081e-05,8.433e-05,-0.00012525,0.00018566,7.0356e-05,0.00015216,-2.3546e-06,0.00011821,7.2981e-06,4.264e-05,-0.00038007,3.1775e-05,9.0924e-05,0.0001007,-3.2716e-06,2.7099e-05,4.7328e-05,0.00010608,0.00010839,9.2019e-05,-6.3387e-05,0.00011032,5.5446e-05,-4.7261e-06,1.756e-05,0.00013143,2.0819e-05,0.00010884,0.00013395,0.00013767,-0.00010263,0.00014073,0.0001153,0.00035198,9.8921e-05,0.00016528,9.0788e-05,0.00016535,0.00017473,3.9385e-05,4.5749e-05,9.3697e-05,1.5712e-05,4.2692e-05,9.4322e-05,0.00026384,7.6658e-05,1.297e-05,2.8241e-05,0.00014803,0.00011843,0.00019121,0.00010112,0.00013899,0.00016355,4.3959e-05,-5.099e-05,6.6051e-05,-7.3011e-05,0.0001248,6.2887e-05,0.00019566,0.00014485,0.0001778,5.5909e-05,7.71e-05,0.00011685,1.7211e-05,3.7785e-05,2.2911e-05,0.00010317,0.00020306,4.1231e-05,1.6546e-05,5.6641e-05,0.00025798,0.00020054,0.00037193,0.0002047,0.00026511,0.00019749,0.00020768,0.00015115,8.2693e-05,7.8693e-05,-7.0163e-05,5.69e-05,0.0004444,4.1934e-05,0.00013632,0.00016178,0.00010845,7.5472e-06,3.5181e-05,5.6746e-05,-6.6298e-06,0.00017854,3.9186e-05,0.00070223,5.8414e-05,7.715e-05,0.00019225,0.00015571,0.00032023,0.00013374,0.00015631,0.00012613,9.0548e-05,4.6005e-05,-2.5931e-05
0.00012915,5.8456e-05,0.00014449,0.0001491,0.00011113,0.0001443,0.00022596,6.8007e-05,6.3817e-05,0.00013468,1.1793e-05,9.6713e-05,9.5165e-05,2.149e-05,6.6906e-05,6.9832e-05,1.3158e-06,-3.2946e-05,7.656e-05,0.00014513,3.4702e-05,0.00011845,4.3192e-05,0.0001156,7.9812e-05,3.5026e-05,4.1512e-05,1.6489e-05,7.0578e-05,9.1519e-05,0.00010169,0.00043049,0.00012899,0.000106,6.0964e-05,7.6845e-05,9.3651e-05,0.00011952,4.7456e-05,4.381e-05,2.0056e-05,6.6732e-05,1.6364e-05,0.00014112,5.3784e-05,0.0001512,0.00010238,0.0001303,0.0001924,0.00022564,0.00010731,7.3852e-05,3.8134e-05,0.00011766,0.00013996,8.8892e-05,1.2118e-05,6.5223e-05,0.00012592,6.538e-05,4.5198e-05,4.1071e-05,7.7695e-05,6.0574e-05,9.4097e-05,0.0001668,6.5625e-05,-0.00015235,2.5844e-05,3.7676e-05,2.2783e-05,0.00010348,9.4001e-05,9.7712e-05,6.0865e-05,8.4192e-05,3.6316e-05,0.00010005,-8.3833e-05,7.5338e-05,6.6561e-05,0.00010117,5.7154e-05,9.511e-05,4.4116e-05,-3.6274e-06,-0.00012657,7.1126e-05,6.5529e-05,0.0001107,-7.8618e-06,2.6917e-05,7.4728e-05,6.0457e-05,7.918e-05,4.5057e-05,4.3757e-05,1.3565e-05,2.3291e-05,2.948e-05,2.3972e-05,7.839e-05,-3.8975e-05,6.9245e-05,5.4573e-05,9.7519e-05,-2.1968e-05,0.00013647,-5.0035e-05,0.00017251,0.00013311,7.9434e-05,9.9804e-05,0.00012531,0.00012899,4.7829e-05,6.7312e-05,6.6026e-05,3.7006e-05,6.8553e-05,3.1995e-05,0.00017808,6.0313e-05,6.3007e-05,0.00010546,9.0969e-05,5.7414e-05,5.0113e-05,2.1067e-05,6.6414e-05,0.00015304,9.4524e-05,5.437e-05,5.1434e-05,4.8338e-05,6.5615e-05,-1.659e-05,9.3434e-05,0.00010609,0.00010191,5.1981e-05,0.00010449,8.3742e-05,-1.2693e-07,4.164e-05,-2.4737e-05,6.2171e-05,0.00013048,8.6659e-05,0.00011504,4.7238e-05,2.8878e-05,7.9015e-05,-6.1608e-06,4.282e-05,0.0001517,0.00015569,0.00015729,0.00010081,7.5767e-05,7.2153e-06,-3.8682e-05,-1.6482e-05,0.00012954,7.5077e-05,8.5995e-05,4.6539e-05,7.5998e-05,1.2776e-05,1.932e-05,5.2881e-05,-9.5773e-06,0.00015454,4.6455e-05,0.00018204,6.2138e-05,4.876e-05,7.8938e-05,1.8148e-05,0.00011537,-5.5122e-05,8.0143e-05,4.2626e-05,0.00012969,5.1266e-05,7.5037e-06
0.00015513,4.5524e-05,7.5011e-05,7.0334e-05,5.5799e-05,0.00016479,6.8007e-05,0.0001688,9.2235e-05,7.8979e-05,1.4324e-05,5.5046e-05,2.6039e-05,-1.075e-05,5.2763e-05,5.3276e-05,2.9023e-06,-1.3914e-06,8.6452e-05,0.00014208,1.714e-05,9.8072e-05,1.5817e-05,6.0167e-05,8.0571e-05,2.8687e-05,7.1251e-05,6.114e-06,1.0695e-05,2.6086e-05,4.0019e-05,0.00028411,8.9558e-05,0.00013475,-4.7358e-06,2.1637e-06,7.5391e-05,3.8604e-05,3.4039e-05,1.9126e-05,-3.5518e-05,5.1644e-05,5.2183e-05,0.00010022,6.7168e-06,8.0391e-05,5.8037e-05,9.5216e-05,0.000118,0.00014047,0.00010196,5.56e-05,2.5365e-05,0.0001103,0.00018169,1.4301e-05,1.1539e-05,5.0889e-05,0.00019763,3.393e-06,2.5011e-05,1.8182e-05,3.1732e-05,-5.6464e-06,4.2061e-05,6.5977e-05,2.8415e-05,-0.00010767,2.0611e-06,5.0448e-05,-1.423e-05,1.4252e-06,4.2473e-05,6.336e-05,-3.5418e-05,3.6362e-05,-2.1813e-05,8.2623e-05,-8.9804e-05,6.1725e-05,1.6836e-05,7.5923e-05,1.336e-05,7.0392e-05,2.9724e-05,1.5067e-05,-0.00012714,3.3647e-05,1.9329e-05,3.2168e-05,4.1011e-05,7.7568e-06,6.0687e-05,6.498e-06,4.2064e-05,5.8919e-05,-1.5466e-05,3.4496e-05,4.9856e-07,4.0508e-05,1.2392e-05,2.3284e-05,6.0603e-06,5.9608e-05,6.4832e-05,5.0513e-05,-9.7519e-05,7.3701e-05,7.1119e-05,0.00014055,2.3868e-05,0.00012623,8.5481e-05,0.00012465,7.1666e-05,6.2668e-06,6.9735e-05,4.5649e-05,1.0269e-05,1.4405e-05,7.0499e-05,0.00012187,2.7233e-05,-1.0799e-05,6.9831e-05,0.00012195,1.8239e-05,2.5845e-05,5.806e-05,4.5554e-05,0.00013302,4.4515e-05,4.4826e-05,5.1224e-05,3.2602e-06,6.2584e-05,5.6584e-05,5.4304e-05,0.00011445,0.00014394,-5.877e-06,6.4538e-05,2.9441e-05,-1.1e-05,1.687e-05,1.5856e-05,8.408e-05,0.00012177,2.2576e-05,6.6512e-05,5.9726e-05,3.6704e-05,0.00013684,0.00014032,0.0001021,1.9423e-05,6.8968e-05,8.8531e-05,6.157e-05,6.1255e-05,7.2412e-05,-0.00010057,-4.8907e-05,0.00015897,2.8384e-05,3.4019e-05,4.3658e-05,1.8442e-05,-1.9514e-05,-1.7745e-06,-2.1763e-06,-1.9322e-05,9.6305e-05,7.1901e-05,0.00043235,0.00015208,1.7064e-05,2.4919e-05,0.00011492,9.8781e-05,5.6753e-05,5.4018e-05,6.4736e-05,3.9947e-05,4.0848e-05,-3.8775e-05
8.6832e-05,0.00012436,0.00021134,0.00013384,4.7079e-05,0.00018693,6.3817e-05,9.2235e-05,0.00038604,0.00014845,6.0125e-05,0.00016025,0.00012873,8.0244e-05,4.1095e-05,1.1298e-05,0.00010865,-7.0578e-05,0.00014036,0.0001431,3.2185e-05,7.2222e-05,7.2638e-05,9.9817e-05,0.00010993,0.00012318,2.4666e-05,8.5059e-05,0.00011528,0.00010897,0.00016383,0.00017208,5.0459e-05,0.00015994,-0.00010178,8.171e-05,0.00014946,0.00011323,0.00017593,0.00013711,6.4257e-05,0.0001509,2.0773e-05,0.0001217,2.3608e-05,0.0001931,0.00015162,0.00032827,0.00015199,0.00010349,0.00014846,0.00013068,2.0783e-05,2.9301e-05,0.00022596,0.00010472,4.4102e-05,0.00018483,0.00020484,0.00013262,6.7247e-05,0.00013731,8.6658e-05,0.00014535,0.00011402,0.00012422,0.00014636,4.1364e-05,-6.8377e-05,6.6115e-05,-5.7086e-05,8.8458e-05,5.545e-05,0.00013306,4.1616e-05,0.00013616,7.5648e-05,0.0001402,-2.9283e-05,3.2454e-05,0.00011005,0.00010339,3.9919e-05,0.00016244,0.00013389,6.7487e-05,-0.00017701,0.00011579,7.8111e-05,9.4841e-05,9.7205e-05,7.5715e-05,5.1085e-05,0.00012365,0.00016956,0.00010078,-4.9819e-05,7.1564e-05,-6.9371e-07,0.00013187,8.3346e-05,0.00011255,1.277e-05,0.00014939,0.00012928,0.00010484,1.6868e-05,0.00016579,5.0419e-05,0.00010025,0.00014221,0.0001597,5.7069e-05,0.00013689,0.00017483,0.00010712,0.00012671,2.7357e-05,2.0285e-05,2.296e-05,0.00011658,0.00011344,5.4867e-05,9.7799e-05,0.00013059,-3.7167e-05,3.8049e-05,4.4355e-05,7.4059e-05,0.0002006,0.00014077,4.8215e-05,0.0001023,0.00020841,7.8889e-05,0.00012646,8.7918e-05,0.0001741,0.00026481,0.00034784,0.00012158,1.6393e-05,0.0001418,7.8396e-07,8.0795e-05,0.0001251,0.00018276,0.00016222,0.00011637,9.086e-05,0.00010081,2.5435e-05,0.0004495,0.00024709,0.00017944,2.576e-05,0.0001756,0.00015227,0.00015498,0.00013152,6.5079e-05,-0.00012482,3.5537e-05,9.0014e-05,0.00012333,0.0001388,0.00012591,5.6537e-05,4.9709e-05,7.2601e-05,8.3926e-05,9.1162e-05,0.00018745,9.4403e-05,0.00014313,0.00017042,4.849e-05,-3.1613e-06,0.00016419,0.0001469,7.2543e-05,0.00019979,0.00014377,7.6529e-05,7.4351e-05,5.0166e-05
0.00010565,0.00011278,0.00015668,0.00015247,9.5233e-05,0.00014424,0.00013468,7.8979e-05,0.00014845,0.00023953,4.0446e-05,0.00011362,0.00013476,1.5737e-05,7.9948e-05,8.9138e-05,6.2056e-05,-2.317e-05,9.4332e-05,6.5376e-05,6.6306e-05,0.00014001,8.1063e-05,0.00013655,8.9017e-05,0.00010425,4.3034e-05,8.8252e-05,9.7778e-05,0.00010923,0.00015629,0.0001759,6.8796e-05,4.9368e-05,5.8659e-05,0.00012539,0.00010125,0.00013245,4.2072e-05,0.00011019,8.3299e-05,0.00010668,7.2425e-05,6.5633e-05,7.5909e-05,0.00016301,0.0001329,0.00020507,0.00019632,0.00017536,0.00014138,9.3693e-05,5.0332e-05,4.7668e-05,0.00017367,0.00012441,8.1759e-05,0.00015606,9.2253e-05,0.00011236,6.4731e-05,0.00012008,0.0001373,0.0001073,0.00013425,0.00013011,0.00011583,-0.00021385,2.5953e-05,0.00011684,2.4659e-05,8.5939e-05,0.00013985,0.00015182,6.2467e-05,0.00013684,0.00010759,0.00011628,-4.8312e-05,6.0805e-05,0.00010757,0.00015976,6.5939e-05,0.00012756,8.5108e-05,-1.3916e-05,-7.1768e-05,8.8995e-05,0.00010769,0.00012506,6.9183e-05,2.269e-06,0.00010603,0.00010858,9.5916e-05,8.7303e-05,6.1186e-05,9.228e-05,6.2708e-05,8.8858e-05,0.00010683,9.2103e-05,9.018e-06,0.00011111,4.9013e-05,8.2206e-05,4.9182e-05,0.00015498,3.5449e-05,5.746e-05,0.00013509,0.00015153,5.5236e-05,0.00010837,0.00015799,7.1991e-05,0.00012364,8.2135e-05,4.125e-05,7.4133e-05,8.5155e-05,0.00012428,6.5664e-05,9.5672e-05,0.00013331,6.448e-05,3.5596e-05,2.917e-05,9.3693e-05,7.9522e-05,0.00016139,0.00012248,0.00014892,0.00011153,8.785e-05,0.00013147,5.2325e-05,0.0001087,0.00018788,0.00020598,7.553e-05,8.6432e-05,0.00013911,0.00011087,9.4691e-05,-4.6126e-05,9.8026e-05,0.00010423,5.5053e-05,0.00013883,2.5734e-05,6.8782e-05,0.00021356,-9.1522e-05,0.00014609,-2.9112e-06,0.00017248,0.00017248,9.2794e-05,0.00013745,0.00012207,-4.7048e-05,9.5867e-05,1.9743e-05,0.00010202,0.00013445,9.0484e-05,8.1119e-05,3.8239e-05,4.5611e-05,9.8903e-05,6.4309e-05,0.00014782,7.9889e-05,7.2089e-05,2.7722e-05,0.00010184,5.7046e-05,1.9808e-05,5.5189e-05,0.00011771,0.00014462,0.00011901,0.00012748,0.00011814,-1.6908e-05
-2.6304e-05,4.2804e-05,2.0908e-05,4.609e-05,3.6491e-05,4.1215e-05,1.1793e-05,1.4324e-05,6.0125e-05,4.0446e-05,6.1863e-05,5.9077e-05,3.7262e-05,7.3697e-05,4.3366e-05,4.3927e-05,1.611e-05,-3.1549e-05,3.2008e-06,7.3089e-06,-1.6163e-05,2.4176e-05,2.5954e-05,4.9683e-05,2.1579e-05,7.4872e-05,1.8726e-05,4.4457e-05,2.898e-05,3.6147e-05,1.4092e-05,-7.2098e-05,3.2972e-06,-8.8828e-05,6.4165e-06,4.5644e-05,3.5322e-05,4.6016e-05,4.9349e-05,2.6525e-05,2.7069e-05,5.0263e-05,4.7031e-05,7.6047e-06,3.129e-05,2.1707e-05,7.1321e-05,5.5136e-05,-4.7367e-05,1.6938e-05,4.3338e-05,2.2016e-05,5.2321e-05,5.173e-06,-6.7346e-05,5.7065e-05,4.5833e-06,5.5553e-05,-2.0859e-05,5.9913e-05,2.9277e-05,4.1237e-05,3.8723e-05,4.03e-06,5.3691e-05,3.6725e-05,4.2743e-05,-1.69e-05,1.919e-05,4.7216e-05,-1.7882e-05,5.0028e-05,6.318e-05,4.2078e-05,-4.0845e-06,4.5049e-05,2.0751e-05,3.1437e-05,1.4815e-05,7.9198e-05,6.6684e-05,-1.4281e-05,1.9373e-05,3.1291e-05,8.5583e-05,4.1347e-05,-7.2078e-05,1.3829e-05,2.6018e-05,2.7232e-05,5.8885e-05,2.1775e-05,4.7368e-05,3.5064e-05,3.1643e-05,2.1896e-05,1.7507e-05,2.5973e-05,4.6492e-05,2.055e-05,2.0484e-05,5.3109e-05,1.4601e-05,5.6209e-05,3.5456e-05,1.4192e-05,-3.6113e-05,6.3508e-05,1.4465e-05,-1.1345e-05,8.4501e-05,5.8551e-05,-1.0978e-05,-2.1864e-05,6.5127e-05,5.0599e-05,3.9884e-05,2.7534e-05,2.8624e-05,1.7529e-05,2.2139e-05,2.6222e-05,1.4011e-05,6.0037e-05,9.7999e-05,-1.7323e-05,4.5781e-05,-2.5825e-05,6.6518e-05,4.3425e-05,-2.4554e-05,5.6774e-05,1.2599e-05,5.4067e-05,3.7275e-05,2.9594e-05,-3.6995e-06,4.5393e-05,6.713e-05,8.5341e-05,2.0189e-05,-0.00011553,4.8235e-05,4.725e-05,3.6902e-05,-4.7011e-05,4.4127e-05,6.1495e-05,4.2034e-05,6.0493e-05,2.9382e-05,2.9091e-06,5.3921e-05,2.7539e-06,6.9177e-05,6.6398e-05,9.7706e-05,5.6928e-05,2.2341e-05,4.6605e-05,1.8359e-05,-1.5348e-05,6.9718e-05,-1.5609e-05,6.2762e-05,3.5327e-05,2.5236e-05,4.197e-05,1.4912e-05,3.2159e-05,3.0366e-05,2.8098e-05,4.7165e-05,2.1363e-05,-0.00013496,-1.298e-05,2.6785e-05,5.4635e-06,6.5682e-06,-1.5289e-05,1.9838e-05,4.0518e-05,3.7632e-05,3.0907e-05,3.9666e-05,1.8361e-05
9.6355e-05,7.3403e-05,0.00017193,0.00015734,9.3515e-05,8.6141e-05,9.6713e-05,5.5046e-05,0.00016025,0.00011362,5.9077e-05,0.00028067,0.00012662,-3.6467e-05,7.0382e-05,0.00011185,9.5257e-05,-2.6325e-05,5.0714e-05,0.00015367,-1.5806e-05,0.00019569,8.6655e-05,9.5407e-05,0.00010218,0.00014881,-1.2061e-05,4.2947e-05,5.0736e-05,0.00011818,9.8675e-05,0.00020969,2.2181e-05,7.6321e-05,-1.9331e-05,7.4089e-05,0.00011222,0.00011557,0.00013657,3.0047e-05,3.0777e-05,0.00015688,0.00010265,6.9325e-05,7.5447e-05,0.00011435,0.00011992,0.00021094,8.7829e-05,0.00014885,8.3999e-05,0.00011308,5.6734e-05,6.6954e-05,1.2952e-05,0.00011324,1.2292e-05,0.00011653,0.00016648,0.00016815,2.945e-05,4.8189e-05,8.6998e-05,0.0001034,0.00017955,6.1541e-05,7.331e-05,-3.9388e-05,3.016e-05,9.6193e-05,2.3495e-05,0.00011119,0.00015957,0.00010127,6.3956e-05,0.00012239,5.4842e-05,0.0001361,-5.0016e-05,2.6311e-05,9.3644e-05,6.0091e-05,6.1388e-05,0.00014438,0.00024776,2.1123e-05,-8.6658e-06,3.1307e-05,8.0395e-05,0.00010037,5.3182e-05,0.00010536,7.5918e-05,5.6392e-05,4.6341e-05,9.5347e-05,7.5726e-05,4.6762e-05,3.7614e-05,5.1359e-05,3.5368e-05,0.00010399,-4.806e-05,0.00010086,7.6221e-05,3.6988e-05,7.1837e-05,0.0001739,4.336e-05,9.457e-05,0.00012875,0.000133,7.6477e-05,2.6385e-05,0.00011088,0.0001078,0.00013822,0.00012582,6.4267e-05,8.1008e-05,0.00014785,0.00016301,-3.311e-05,0.00016711,0.00024427,3.1631e-05,8.5607e-05,-0.0001362,7.3457e-05,0.00014606,7.0966e-05,0.00013825,6.3811e-05,0.00013961,0.00012525,7.8937e-05,4.1801e-05,0.00012439,0.00012361,0.00012762,0.00011949,6.9898e-05,8.8531e-05,2.3872e-05,0.00010459,-8.6493e-06,8.2203e-05,0.00010106,0.00013669,0.00018196,6.8957e-05,5.6617e-06,0.00015683,0.00010024,0.00014923,0.00026558,0.00016976,8.7305e-05,0.00011033,0.00010298,8.0197e-05,-2.814e-05,7.4858e-05,8.5369e-05,0.00019018,0.0001267,0.00011364,5.1452e-05,3.3772e-05,1.6101e-05,7.8339e-05,-2.4996e-05,0.0001484,2.8853e-05,0.00013402,2.7297e-05,7.1323e-05,-5.6411e-05,0.00015511,1.1736e-05,-1.0186e-05,6.5576e-05,9.5127e-05,0.00012636,8.5396e-05,-2.2857e-06
0.00014276,0.00013397,0.00016571,0.00010607,8.0995e-05,0.00013037,9.5165e-05,2.6039e-05,0.00012873,0.00013476,3.7262e-05,0.00012662,0.00024955,3.6491e-05,4.8363e-05,8.3389e-05,5.1465e-05,-2.9887e-06,3.52e-05,0.00010515,4.9266e-05,0.00016118,4.8233e-05,0.00011146,9.3045e-05,4.7666e-05,-6.83e-07,3.9289e-05,9.0291e-05,0.00010859,0.00013227,0.00017309,7.7341e-05,0.00010386,2.6908e-05,9.3762e-05,6.9426e-05,0.00015435,0.00011506,5.17e-05,6.0168e-05,9.282e-05,1.7476e-05,4.3257e-05,7.6128e-05,0.00014315,4.6859e-05,0.00014212,0.00010389,7.8821e-05,1.0011e-05,8.1711e-05,3.0627e-05,9.389e-05,-4.1796e-05,7.0627e-05,4.709e-05,5.4009e-05,5.9144e-05,3.1086e-05,8.1423e-05,4.948e-05,9.9835e-05,9.8764e-05,0.00010918,0.00018074,8.1502e-05,-3.5764e-05,2.3828e-05,6.5182e-05,0.00011101,8.2993e-05,3.9253e-05,7.9898e-05,8.3192e-05,0.00012304,6.2925e-05,8.7129e-05,-4.818e-05,-1.3107e-05,0.00010085,0.00015188,6.9021e-05,0.00011735,0.00012417,1.446e-05,-6.3936e-05,0.00010105,0.00014728,0.00010364,6.5607e-05,3.6131e-05,4.359e-05,9.7588e-05,5.2068e-05,7.3646e-05,0.00015422,3.638e-05,7.1499e-05,5.5745e-05,0.00010399,3.9514e-05,-2.72e-06,0.00012517,3.5076e-05,6.6748e-05,-4.7132e-05,0.00012767,-5.3413e-05,7.8816e-05,0.0001636,0.00010593,3.3925e-05,2.6943e-05,0.00012761,0.00010043,7.2526e-05,2.2394e-05,3.7862e-05,5.4786e-05,9.1272e-05,0.00013541,7.7638e-05,9.9239e-05,4.0603e-05,2.4693e-05,0.00010005,5.2176e-05,4.6422e-05,0.00013066,3.5888e-05,6.917e-05,-4.1125e-05,6.5246e-05,3.0444e-05,0.00012923,3.927e-05,0.00014272,0.00014284,0.00015429,6.8837e-05,-3.7325e-05,8.048e-05,1.3971e-05,6.2186e-05,-0.0001163,0.00011164,8.9646e-05,6.5481e-05,8.5538e-05,-3.0317e-05,9.8672e-05,0.00024865,0.0001209,0.00012307,0.00018262,0.00015238,5.8715e-05,8.7704e-05,0.00012277,0.00010849,-0.00021697,0.00011249,5.9546e-05,7.7222e-05,0.00013165,5.734e-05,6.8992e-05,4.1555e-05,4.8105e-05,0.00012402,-3.215e-05,0.00011682,4.5902e-05,5.3009e-05,-5.9702e-05,8.8518e-05,0.000103,-3.7e-05,5.707e-05,3.4496e-05,0.00010198,0.00010038,9.1009e-05,6.1386e-05,-8.2763e-05
4.6022e-05,0.00010182,1.4664e-05,9.9004e-05,0.00011467,3.0074e-05,2.149e-05,-1.075e-05,8.0244e-05,1.5737e-05,7.3697e-05,-3.6467e-05,3.6491e-05,0.00056982,3.248e-05,-4.5789e-05,2.8363e-05,-2.8816e-05,4.5189e-05,7.521e-05,9.0529e-06,-5.3593e-05,2.6419e-05,2.0924e-05,0.00010321,0.00013426,0.00014719,0.00016026,7.3782e-05,8.3875e-05,8.9534e-05,-0.00026133,0.00011809,-9.2851e-05,-1.0712e-05,8.9647e-05,3.7707e-05,5.5661e-05,0.00012326,8.802e-05,6.1302e-05,0.00011535,5.1724e-05,5.7656e-05,-7.4378e-05,0.00011064,6.9803e-05,2.8145e-05,2.8264e-05,-9.9735e-05,8.8357e-05,1.6178e-05,0.00011823,-5.473e-05,0.00010374,7.5739e-05,5.3139e-05,0.0001455,-5.8623e-05,5.434e-06,3.127e-05,0.00013612,5.8009e-05,-5.8217e-05,-3.6391e-05,0.00013598,0.00011042,0.0001548,8.5029e-05,6.522e-05,-0.00012099,7.3061e-05,0.00011521,4.2313e-05,5.0021e-05,1.9446e-07,4.0702e-05,2.1001e-05,-0.00010523,0.00021338,4.3744e-05,-3.0101e-05,6.2168e-05,2.3711e-05,-4.5432e-07,6.3174e-05,0.00010054,4.4264e-05,7.2492e-05,9.5457e-05,0.00011041,-1.063e-05,3.0549e-05,0.00010578,3.3993e-05,2.6121e-05,-1.3615e-05,-9.5047e-05,7.4644e-05,3.2061e-05,7.1982e-05,0.00013013,6.9436e-05,0.00011362,-2.9108e-05,9.1684e-05,-0.00011223,0.0001087,-7.6607e-06,-1.5202e-05,0.00011821,7.2664e-05,-6.5781e-06,6.8737e-05,0.00014548,5.3168e-05,3.7876e-05,-3.3836e-05,8.4414e-06,1.5006e-05,1.3348e-05,5.5683e-05,0.00025644,6.15e-05,0.0001356,4.4979e-05,6.2531e-05,6.2144e-05,7.3515e-05,3.7708e-05,1.932e-05,8.0443e-05,0.00012955,1.2007e-06,2.7735e-06,7.6958e-05,5.6004e-05,5.4611e-05,9.3407e-05,0.00016501,-4.1624e-06,-0.00023178,0.00010477,-1.7547e-05,-5.4605e-06,-0.00016849,8.0838e-05,9.0649e-05,7.376e-05,1.93e-05,3.3262e-05,-8.8408e-05,4.8278e-05,-2.0373e-05,7.9563e-05,-9.9937e-05,8.8451e-05,0.00010983,7.0682e-05,3.8462e-05,8.6834e-06,-0.00013766,-7.5603e-05,8.7074e-05,1.2549e-06,7.6226e-06,7.5366e-05,5.0895e-05,-6.5126e-06,1.4813e-05,4.4541e-05,8.844e-05,0.00012523,6.5176e-05,-0.00032513,-8.5265e-05,2.2544e-05,8.0104e-05,-9.2419e-05,3.979e-05,0.00014351,6.552e-05,1.1148e-05,4.3314e-05,8.5692e-05,0.0001146
2.7166e-05,2.5712e-05,5.7774e-05,8.1491e-05,9.7272e-05,6.6486e-05,6.6906e-05,5.2763e-05,4.1095e-05,7.9948e-05,4.3366e-05,7.0382e-05,4.8363e-05,3.248e-05,0.0001072,4.6436e-05,9.4665e-06,-5.0485e-05,5.467e-05,5.7437e-05,1.7895e-05,8.9121e-05,3.5971e-05,6.8022e-05,4.5284e-05,6.718e-05,6.9483e-05,6.311e-05,4.9251e-05,2.8923e-05,4.1209e-05,0.00011759,5.8766e-05,-7.7672e-05,1.7805e-05,4.9213e-05,7.5542e-05,6.7558e-05,8.7364e-06,2.724e-05,9.6995e-06,2.3674e-05,5.9205e-05,1.1958e-05,3.0906e-05,4.9443e-05,8.7609e-05,6.4815e-05,3.7655e-05,8.1835e-05,7.5521e-05,6.3066e-05,5.3535e-05,7.9302e-05,1.5599e-05,6.4053e-05,5.3033e-06,4.4224e-05,-1.332e-05,2.5303e-05,2.8486e-05,4.4513e-05,4.1483e-05,-9.8137e-07,7.4992e-05,3.7852e-05,5.999e-05,-0.0001124,3.0125e-05,5.5511e-05,1.9366e-05,2.4813e-05,0.00010822,4.98e-05,-2.7386e-05,5.4e-05,2.4225e-05,3.9683e-05,-3.21e-05,5.0619e-05,6.3193e-05,-1.875e-05,3.5269e-05,2.8399e-05,4.9958e-05,3.2348e-05,-4.5555e-05,-7.2454e-06,3.2258e-05,2.2009e-05,1.9774e-05,-8.1166e-06,3.9893e-05,5.1875e-05,-8.0809e-06,3.1808e-05,4.6141e-05,3.2724e-05,2.4043e-05,1.3872e-05,1.1637e-05,3.6747e-05,1.7596e-05,5.1724e-05,3.9493e-05,2.8001e-05,-0.0001779,8.195e-05,4.3939e-06,4.9744e-05,7.2607e-05,5.4264e-05,4.4133e-05,5.8861e-05,5.6917e-05,3.2822e-05,3.5935e-05,4.7469e-05,2.8826e-05,1.3775e-05,3.6455e-05,6.1222e-05,2.5588e-05,5.2573e-05,9.0533e-05,3.2217e-05,4.027e-05,-1.0735e-05,7.0401e-05,1.1115e-05,3.6325e-05,6.696e-05,7.6575e-05,3.2399e-05,1.4327e-05,4.8761e-05,-8.9951e-06,4.8992e-05,7.0831e-05,9.1293e-05,2.2369e-05,-3.1753e-05,6.6349e-05,4.477e-05,4.0041e-05,-4.3203e-05,5.0933e-05,8.106e-05,3.7905e-05,8.0276e-05,6.1581e-06,-7.1925e-05,4.7629e-05,-2.632e-05,6.024e-05,5.2985e-05,0.00010388,9.1149e-05,5.3663e-05,4.4958e-05,3.8817e-05,-0.0001342,4.989e-05,3.9087e-05,6.1862e-05,3.9196e-05,4.7156e-05,6.2969e-05,1.8439e-06,4.0298e-05,3.7423e-05,1.6986e-05,7.0289e-05,1.5646e-05,1.6956e-05,7.401e-06,5.9018e-05,1.6179e-05,-3.1661e-05,9.1213e-06,1.6921e-05,3.0815e-05,1.785e-05,4.6808e-05,5.0471e-05,-9.2106e-06
3.8655e-05,4.448e-05,5.3747e-05,8.1582e-05,2.9978e-05,2.7219e-05,6.9832e-05,5.3276e-05,1.1298e-05,8.9138e-05,4.3927e-05,0.00011185,8.3389e-05,-4.5789e-05,4.6436e-05,0.0001642,5.2674e-05,-1.9221e-05,-2.18e-05,4.1812e-05,-3.883e-05,0.00014688,3.4183e-05,5.0271e-05,-6.9909e-06,8.1439e-05,-1.4641e-05,-1.3493e-05,2.1482e-05,6.1966e-05,8.2224e-07,0.00012883,-5.9951e-06,2.5438e-05,5.7213e-05,4.3106e-05,2.4806e-05,7.6696e-05,2.9323e-05,-1.4266e-06,2.1466e-05,0.00010578,1.6706e-05,-2.7201e-05,3.7592e-05,2.3644e-05,7.7735e-05,4.7042e-05,2.6804e-05,0.00019518,2.386e-05,1.9765e-05,2.3555e-05,4.0905e-05,-5.0382e-05,5.5294e-05,2.7421e-05,5.1868e-05,6.6392e-05,7.6277e-05,1.6951e-05,1.3138e-05,4.6843e-05,-7.0817e-07,0.00012226,7.3323e-05,1.8355e-05,-0.00014775,1.5611e-05,7.8404e-05,4.5247e-05,1.9139e-05,0.00010086,6.7786e-05,2.3769e-05,6.3307e-05,3.859e-05,8.1598e-05,1.0828e-06,6.6219e-06,9.2174e-05,7.015e-05,5.3862e-05,5.5315e-05,0.00012874,2.817e-06,5.8005e-05,4.4832e-05,6.0215e-05,7.1006e-05,7.3074e-05,5.1158e-05,7.9428e-05,3.6791e-06,5.718e-05,4.3867e-05,0.00011071,2.5612e-05,4.069e-05,4.7027e-05,4.3865e-05,4.2734e-05,-1.7365e-05,6.5476e-05,2.7801e-05,-1.812e-06,-3.8149e-05,9.3556e-05,1.03e-05,1.5233e-05,0.00013305,0.00011385,2.7108e-05,-6.8395e-05,6.6033e-05,6.3766e-05,0.00011197,8.1893e-05,3.746e-05,4.7795e-05,3.1544e-05,7.3535e-05,-2.998e-05,8.1662e-05,0.00013958,5.4777e-05,3.0021e-05,-6.579e-05,5.9647e-05,2.675e-05,1.762e-05,8.0127e-05,-3.6039e-05,7.9939e-05,7.8468e-05,5.2969e-05,3.1676e-05,8.0366e-05,8.5378e-05,7.3241e-05,1.3455e-05,-7.8527e-05,1.7252e-05,4.0462e-05,5.5716e-05,-0.00025456,5.5602e-05,7.3032e-05,4.683e-05,0.00015269,1.2821e-05,4.1247e-05,5.4563e-05,-8.6295e-05,5.7057e-05,0.00010637,0.00011489,2.8382e-05,1.5749e-05,7.9685e-05,9.3426e-05,5.8831e-05,0.00014349,-0.00012903,8.8912e-05,9.4582e-05,-1.2722e-05,2.319e-05,1.3022e-05,8.5592e-06,4.1636e-05,-5.3332e-06,5.1186e-05,2.9586e-05,-3.4592e-05,1.8837e-05,3.8209e-05,-2.8748e-05,3.9395e-05,-4.0361e-05,-6.5673e-06,2.0678e-05,5.3309e-05,6.0095e-05,5.1389e-05,-3.0421e-05
8.9463e-05,8.4227e-05,0.00012503,0.00010665,4.5676e-05,1.6782e-05,1.3158e-06,2.9023e-06,0.00010865,6.2056e-05,1.611e-05,9.5257e-05,5.1465e-05,2.8363e-05,9.4665e-06,5.2674e-05,0.00023063,3.1439e-06,1.8148e-05,5.6326e-05,-5.6146e-05,0.00010552,5.6269e-05,8.1637e-05,-1.1038e-05,0.0001482,-3.4022e-05,1.6573e-05,1.9061e-05,9.6609e-05,-7.4472e-06,-1.1368e-05,-6.204e-05,-0.00017617,5.324e-09,4.7064e-05,6.2509e-05,1.7249e-05,6.8345e-05,4.9098e-05,5.0278e-05,7.3977e-05,8.3908e-05,-0.00010346,-3.1889e-05,8.2636e-05,7.3249e-05,0.00015473,8.4182e-05,7.4876e-05,3.7285e-05,3.3806e-05,-4.9517e-05,1.7705e-05,6.4113e-05,6.1167e-05,5.8701e-05,0.00012951,6.7775e-05,0.00011488,1.8025e-05,3.6251e-05,1.5481e-05,4.6039e-05,-4.8043e-05,6.0346e-05,5.285e-05,1.8996e-05,-2.6376e-05,4.3159e-05,-8.115e-06,9.7632e-06,0.00011075,6.4468e-05,2.4112e-05,6.4364e-05,8.0112e-05,7.4546e-05,-2.8811e-05,-9.4709e-05,6.5915e-05,-5.3161e-05,8.6483e-05,7.3785e-05,8.4597e-05,2.6986e-06,8.3528e-05,2.475e-05,0.00011191,8.8453e-05,5.168e-05,2.6775e-05,3.3087e-05,2.5945e-05,9.9072e-05,4.384e-05,5.115e-05,4.1805e-05,2.0079e-05,1.6655e-05,7.651e-05,7.4773e-05,9.3975e-06,0.00010469,6.6881e-05,-6.921e-06,8.4124e-05,0.00010468,8.0697e-05,-2.5589e-05,4.4066e-05,0.00011233,-2.3857e-05,-6.3521e-05,8.6198e-05,6.2226e-05,7.5194e-05,4.1484e-05,-7.6245e-07,1.7162e-05,5.643e-05,1.2387e-06,-1.3569e-05,5.8674e-05,4.3904e-05,2.0849e-05,4.0096e-05,6.1033e-05,3.4219e-05,7.6185e-05,4.1693e-05,2.3075e-05,3.2597e-05,0.00011651,9.5791e-05,6.872e-05,8.5884e-05,0.00011303,0.00014173,0.00015709,6.3078e-05,-7.9009e-05,3.4651e-05,3.2532e-05,1.7592e-05,-0.00014616,9.1549e-05,3.3118e-05,7.532e-05,4.8355e-05,-3.4217e-05,-5.2698e-05,0.00015404,2.3703e-05,1.7473e-05,-4.8369e-05,7.9912e-05,2.5305e-05,1.6672e-05,7.0927e-05,0.00012262,0.00020798,6.8554e-05,-0.00013332,3.7855e-05,0.00011918,5.5398e-05,1.1588e-05,7.0912e-06,4.5728e-05,6.3566e-05,3.0912e-05,1.205e-05,-2.9502e-05,1.7021e-05,7.0499e-05,3.727e-05,-5.0044e-05,0.00010273,-3.4101e-05,1.5933e-05,3.0112e-05,7.7691e-05,4.724e-05,5.3734e-05,1.4469e-05
-1.5532e-05,1.8801e-05,-9.1296e-05,-4.2968e-05,-7.1896e-05,-0.00010136,-3.2946e-05,-1.3914e-06,-7.0578e-05,-2.317e-05,-3.1549e-05,-2.6325e-05,-2.9887e-06,-2.8816e-05,-5.0485e-05,-1.9221e-05,3.1439e-06,0.00028097,-2.5557e-05,-4.498e-05,-8.0786e-05,-5.2587e-05,-2.4376e-05,3.7856e-05,-3.8291e-05,-2.642e-05,-4.3476e-06,-6.2029e-05,-3.6327e-05,9.9958e-06,-5.627e-05,3.4753e-05,-2.9968e-05,-6.57e-05,2.1734e-05,-9.4412e-06,-8.1044e-05,-2.9244e-05,-2.0447e-05,-2.8572e-05,-1.4467e-05,-0.00013664,6.9086e-05,-3.0636e-05,2.158e-05,-6.0995e-05,3.4469e-06,-3.5259e-05,-7.8705e-05,-1.7138e-05,-2.5217e-05,-8.7187e-05,1.3177e-05,-4.237e-05,-8.4911e-05,-5.5393e-05,-3.7166e-06,6.1634e-06,-4.9678e-05,-2.0874e-05,-3.1926e-05,-3.3887e-05,-1.1592e-06,-5.9018e-05,6.2456e-05,-9.6937e-05,-4.7606e-05,-8.0352e-05,-1.6582e-05,-5.1378e-05,-0.0001244,1.6074e-05,2.679e-05,2.7372e-05,1.6369e-05,-3.3397e-05,2.3474e-06,-5.8829e-05,4.0904e-06,1.3731e-05,-6.0938e-05,-3.1274e-05,-8.0166e-06,8.1721e-06,1.3414e-05,-1.8646e-05,-4.7327e-05,-6.4788e-05,-2.2912e-05,4.6491e-05,2.999e-06,2.7107e-06,1.8741e-05,-6.731e-05,-5.798e-05,-1.7071e-05,-2.3181e-05,-3.6092e-05,3.2207e-05,-2.3564e-05,4.8778e-06,-5.7348e-05,-3.3319e-05,-2.5946e-05,-2.4023e-06,-3.5602e-05,0.00010596,-2.9322e-05,-2.3385e-05,-0.00010034,-3.3312e-05,-1.2995e-05,-2.4565e-06,-2.3575e-05,-5.7138e-06,-2.4912e-05,-3.7546e-05,-4.0108e-05,-1.2017e-05,3.0738e-05,-2.3145e-05,-3.7581e-05,-1.6448e-05,-4.0482e-05,-0.00013344,4.9124e-05,-6.5861e-05,-7.7375e-06,-6.4732e-05,-6.9943e-06,2.5144e-07,1.188e-05,9.4874e-05,-6.043e-05,0.00011565,3.8593e-05,-5.6246e-05,-6.4294e-05,1.6224e-05,-3.1532e-05,-7.8234e-06,8.167e-05,-7.6431e-05,1.5852e-05,-4.4278e-05,-2.4804e-05,-3.0636e-05,-7.3903e-05,1.4466e-06,-6.1928e-05,-7.1882e-05,2.867e-05,-9.4073e-05,-0.00019873,-6.558e-05,-0.00011034,-0.00011917,-7.746e-05,-7.7623e-05,2.5406e-05,3.7682e-06,-0.00020082,-0.00019253,-6.632e-05,-6.6591e-05,-3.4357e-05,-5.2879e-05,-2.1566e-05,1.572e-05,-2.6268e-05,-1.4873e-05,-4.9042e-05,-5.4469e-05,6.2416e-05,-2.7883e-06,-2.0334e-06,-1.6285e-05,3.9334e-05,-7.0255e-05,-0.00010431,-6.3888e-05,-3.8105e-05,1.6631e-06,-2.038e-05,1.0553e-06,-0.00015931
0.00010194,1.9923e-05,0.00011658,6.6314e-05,5.948e-05,0.00010707,7.656e-05,8.6452e-05,0.00014036,9.4332e-05,3.2008e-06,5.0714e-05,3.52e-05,4.5189e-05,5.467e-05,-2.18e-05,1.8148e-05,-2.5557e-05,0.00013638,0.0001004,4.005e-05,4.9174e-05,3.5422e-05,6.6248e-05,7.1941e-05,3.6775e-05,7.6684e-05,5.4214e-05,5.5725e-05,4.6827e-05,0.00011606,0.00022847,5.9553e-05,7.7978e-05,-4.9891e-05,4.3354e-05,0.00010002,3.8826e-05,5.2689e-05,7.5661e-05,2.6767e-05,4.899e-05,2.1262e-05,0.00014383,7.6861e-06,0.00010848,7.4209e-05,0.00016317,0.00017803,0.000112,9.0347e-05,8.8521e-05,3.0856e-05,9.67e-05,0.00020227,5.1407e-05,2.8088e-05,9.067e-05,0.0001099,2.7322e-05,2.8015e-05,8.036e-05,4.0196e-05,6.473e-05,-5.0191e-06,5.1169e-05,8.1287e-05,-1.0729e-05,-8.142e-06,5.324e-05,-2.3551e-05,4.6016e-05,8.9646e-05,6.7453e-05,1.38e-05,4.9614e-05,1.4003e-05,6.8143e-05,-6.1978e-05,6.0138e-06,2.0911e-05,5.5159e-05,2.4333e-05,6.3716e-05,7.9206e-06,-7.7811e-06,-5.5979e-05,5.694e-05,4.2409e-05,1.8121e-05,-1.1562e-05,-2.4469e-06,1.5499e-05,7.188e-05,4.132e-05,5.4355e-05,-2.44e-05,3.0015e-05,-2.6532e-05,5.2294e-05,2.3342e-05,3.4952e-05,1.7063e-05,5.8895e-05,4.4201e-05,6.4445e-05,-4.6882e-05,7.9236e-05,3.5687e-05,8.5283e-05,4.9187e-06,9.2362e-05,6.9765e-05,0.00016013,7.4971e-05,1.8746e-05,5.3683e-05,1.3653e-05,2.3678e-05,1.4847e-05,6.8526e-05,6.7941e-05,6.5808e-05,1.6279e-05,4.9377e-05,3.4254e-05,5.42e-06,3.2922e-05,5.5638e-05,6.5003e-05,0.00010839,4.9148e-05,0.00012245,5.3057e-05,2.0747e-05,6.3264e-05,5.784e-05,3.531e-05,0.00012172,0.00017411,4.0082e-05,9.1147e-05,9.434e-05,3.6537e-06,2.9318e-05,0.00018834,7.4636e-05,8.4123e-05,4.2301e-05,3.4236e-05,7.0271e-05,-6.1057e-05,0.00015387,0.00015135,0.00010543,-3.8777e-05,7.2304e-05,9.0792e-05,7.8587e-05,5.3433e-05,3.4828e-05,-6.455e-05,-5.1895e-05,0.00014756,2.5597e-05,1.5364e-05,6.7313e-05,3.315e-05,3.5504e-07,2.683e-05,2.8259e-05,5.1341e-05,9.9904e-05,5.0676e-05,0.00028163,0.00013952,3.2487e-05,1.4125e-05,4.4798e-05,6.9711e-05,0.00010077,9.1514e-05,3.7004e-05,5.9629e-05,4.77e-05,5.8266e-05
