0.0069046,-0.00011826,-0.00026945,0.0011031,0.001528,0.002291,-8.8238e-05,0.00018618,0.00050772,0.0002036,0.00029877,0.00028211,-0.00072491,-0.00020427,0.00093876,-0.00016607,0.00011733,-0.0002046,-0.00021546,0.00080912,8.8385e-05,-0.00017835,0.00048219,0.0033627,0.0010619,-2.8195e-05,0.00053252,0.00029823,0.0017426,0.0004852,0,-0.0003181,5.863e-06,0.00035406,-6.2095e-05,-0.00047784,0.00051188,0.00029546,0.0012219,0.00049971,9.2703e-05,0.00028177,-0.00021311,-0.00027641,0.00010524,0.00023367,3.5069e-05,-0.00067026,0.0013532,0.00030306,0.00050325,0.00028066,0.00062655,0.00038848,4.616e-07,3.7288e-05,0.0027515,0,0.0001039,-0.00054293,-0.00020457,0.0017368,0.00033106,0.00018978,0.00032258,0.0047277,-9.7795e-05,-0.00018174,-0.00027877,-6.369e-06,-8.7264e-05,0.00066408,-0.00025929,8.2936e-05,-1.364e-05,-0.00058653,0.0005031,0.0006492,9.3894e-05,-0.00037271,-0.00024101,-0.00033169,-0.00022891,0.00065303,0.00039166,-0.00037101,-0.00033858,0.0013155,3.4432e-06,9.4596e-05,-0.00016451,-0.00055929,0.00024241,-0.00050171,-0.00032116,0.00041657,1.1554e-05,-0.00022453,0.00017546,0.00065868,0.0001596,-0.00042147,0.00012566,-0.0014009,-0.00017318,0.00031241,3.7685e-06,0.00042018,0.00066424,-6.9875e-06,0.00024403,3.209e-05,-0.00079634,-0.00048155,0.00034413,0.0003978,0.00017481,0.00036144,0.00044708,-9.3745e-06,-7.1917e-05,0.0011786,0.0013674,0.001514,-1.8259e-05,-1.2256e-05,0.00028698,-0.00018282,0.00070046,0.000997,0.0018659,-0.00019963,-0.00083818,5.723e-05,-0.0003443,0.0013001,0.0017199,-4.7855e-06,-0.0002538,7.1983e-05,0.00035209,0.0026527,0.00018016,0.0012307,-0.00048012,0.00048079,9.1841e-05,3.8295e-05,-3.749e-05,0.00016656,-0.00052881,-0.00014855,0.00010028,0.0002785,0.00026703,-2.1291e-06,-0.00033613,1.8734e-05,-0.00063329,-0.00038997,0.00071589,-0.00027529,0.00098274,-0.00065987,-2.53e-05,0.00012925,0.00018075,0.00077985,2.2694e-05,0.0013745,0.0001482,7.7679e-05,-0.00012411,0.00045185,0.00067521,-0.00087055,-6.9019e-05,-0.00025289,0.0036224,0.00026631,0.00083944,0.0012685,-0.00037594,-0.0013207,-0.00014416,-0.0001685,-0.00021782,4.2388e-05,-0.00018379,0.00065371,0.0028539,-0.00027503,0.00031046,0.0020302,0.0014476,-0.00024766,0.0002308,0.00017878,-0.00021424,-0.0002333
-0.00011826,0.00021779,0.00018528,0.00019407,9.9115e-05,0.00020114,7.9961e-05,0.00017651,0.00012697,0.00011598,0.0002186,7.9258e-05,0.00020265,8.9787e-05,0.00016951,0.0001739,0.00010368,0.00018374,0.0001313,4.241e-05,0.00013324,0.00013346,5.6357e-05,9.2203e-05,0.00014186,0.00014679,5.8952e-05,0.00017563,9.168e-05,4.2995e-05,0,0.0001812,0.00019001,0.00018992,0.00013289,0.00018389,-9.3325e-06,0.00013543,7.9002e-05,0.00014547,0.00011565,0.00012825,0.0001435,0.00017371,0.00019488,0.00018333,0.00010495,0.0001904,4.8248e-05,5.8002e-05,-2.5594e-05,0.00021811,3.9544e-05,5.9242e-05,0.00024607,2.591e-05,9.9195e-05,0,0.00017928,5.7504e-05,0.00027841,6.9082e-05,0.0001231,0.00017078,6.2656e-05,0.00012388,0.00011735,9.0557e-05,0.00030475,0.00018255,9.0812e-05,8.1154e-05,0.00019883,0.00024543,0.00015922,6.0186e-05,0.00014834,0.00016654,0.00016825,0.00015193,0.0001758,0.00016238,0.00025302,0.00012443,0.00022294,0.00014384,0.00013503,4.7495e-05,0.00010545,0.00012772,0.00013286,0.00021875,0.00010453,0.00020755,8.1109e-05,0.0002273,2.3899e-05,0.00010241,9.8756e-05,0.00021037,7.3572e-05,0.00027593,0.0001813,0.00010852,0.00013508,0.00011774,0.00014068,0.00015369,0.00010563,0.00010378,5.0514e-05,8.6137e-05,6.3948e-05,0.00010437,8.3784e-05,0.00010926,0.00013466,0.00014681,0.00011606,0.00016016,0.00013717,-4.2967e-05,0.00020741,0.00016883,0.00017333,8.9232e-05,0.00013119,0.00012012,5.3324e-05,0.00010773,0.00014262,0.00010122,0.0001793,6.894e-05,0.00012063,8.3195e-05,0.00021956,0.00017661,0.00018201,0.00018019,3.4889e-05,5.9977e-05,0.00017661,8.218e-05,0.00017134,5.199e-05,-4.148e-05,0.00016936,0.00018216,8.2598e-05,9.2348e-05,3.9486e-05,0.00013139,0.00018072,0.00015068,0.00023998,9.563e-05,8.5604e-05,0.00013634,0.00017908,0.00010227,0.00019836,6.3502e-05,7.8749e-05,0.00017634,0.00025343,0.00010598,0.0001102,0.00011833,8.7904e-05,0.00022302,0.00014218,0.00013741,0.00012368,0.00018322,6.2433e-05,0.00012027,0.00011488,0.00019653,0.000121,5.1873e-05,0.00015741,0.00018795,0.00023975,0.00012526,3.8001e-05,0.00020966,0.0001534,0.00013824,8.2823e-05,4.6182e-05,0.00018592,5.174e-05,1.8751e-05,0.00012128,0.00014114,7.965e-05,0.00014937,0.00020112,0.00011193
-0.00026945,0.00018528,0.00032954,0.00026175,7.341e-05,0.00016989,0.00013703,0.00016397,4.7477e-05,0.00016024,0.00031782,0.00014172,0.00025858,0.00014246,0.00017902,0.00019233,0.00010898,0.00027618,0.0002103,3.6155e-05,0.00014279,0.00024311,0.00016828,0.00011695,0.00016031,0.00017063,0.0001165,0.00025278,9.5259e-05,0.00010095,0,0.00027151,0.00020066,0.00017199,0.00013802,0.00024421,4.7089e-05,0.00015291,-2.9339e-05,0.00016636,0.00011328,0.00021825,0.00024113,0.00020471,0.00021506,0.0002528,0.00019135,0.00029071,3.521e-05,0.00011291,3.0926e-05,0.00028894,-2.3294e-05,8.4192e-05,0.00031105,3.8079e-05,3.7995e-05,0,0.0002407,0.00013465,0.00024946,1.6519e-05,0.00018891,0.00019301,0.00015815,0.00023184,0.00015916,0.00015396,0.00034915,0.00017939,0.00018012,0.00014017,0.0002019,0.0002296,0.00018836,1.7809e-05,0.00016215,0.00021414,0.00020843,0.00025122,0.00024774,0.00026034,0.0002538,0.00011369,0.00029923,0.00018976,0.00021592,8.2218e-05,0.00014897,0.00020271,0.0001737,0.00027609,0.00012437,0.00027502,9.7998e-05,0.00024955,3.6182e-05,0.00010846,0.00011827,0.00018811,0.00014766,0.0003604,0.00019434,2.9033e-05,0.00018127,0.00011441,0.00013985,0.00025843,0.00015467,0.00021138,0.00016393,0.00014702,2.1514e-05,0.00018264,6.3937e-05,0.00013867,8.2293e-05,0.00016085,0.00013015,0.00020014,0.00016507,9.4105e-05,0.0002714,0.00013466,0.00018879,0.00015895,0.00020665,0.00017916,1.3529e-05,0.00023869,0.00022104,0.00013752,0.00020066,0.00014968,0.00016494,0.00011881,0.00017049,0.00023442,0.00023556,0.00023159,0.000106,6.0728e-05,0.00025751,9.8672e-05,0.00022265,0.00014723,-0.00010036,0.00028424,0.00010378,7.9404e-05,0.00017259,5.1457e-05,0.00010107,0.00025317,0.00021639,0.00029776,0.00016252,9.7705e-05,0.00018908,0.00023744,0.00017944,0.0002634,7.2646e-05,9.3e-05,0.00020791,-1.8173e-05,0.00012165,0.00012918,0.00011621,0.0001039,0.0003204,0.00014555,0.00018205,0.00012025,0.00016889,0.00013096,0.00030873,0.0001552,1.9814e-05,0.00017648,0.00010345,0.00014365,0.00028336,0.00022271,0.00016393,5.387e-05,0.00028034,0.000152,0.00018724,0.00011786,-5.9993e-05,0.00028259,7.611e-06,1.217e-05,0.00011833,0.00016126,7.0294e-05,0.00021868,0.00025529,0.0001714
0.0011031,0.00019407,0.00026175,0.0011245,0.00070039,0.00097719,0.00020933,0.00034337,0.00068195,0.00030785,0.00057577,0.00019366,4.8732e-05,0.00031171,0.00082453,0.00022532,0.00029443,0.00034635,0.00030747,0.0003032,0.00058667,0.00019452,0.00065923,0.0010105,0.00088745,0.00027902,0.00037035,0.00052717,0.00071266,0.00033661,0,0.00023842,0.00031027,0.00040015,0.00035218,0.00011671,0.00033902,0.0003829,0.0003767,0.00044217,0.00033748,0.00037793,0.00027345,0.00017444,0.00031186,0.0004081,0.00019643,0.00023904,0.0005489,0.00028809,0.00030469,0.00053137,7.6996e-05,0.00043616,0.00045412,9.9167e-05,0.00073756,0,0.0003155,0.0001608,0.00047039,0.00065742,0.00059755,0.00054169,0.00037068,0.0012558,0.00014933,0.00034116,0.00042171,0.00023182,0.00015553,0.00054451,0.00029164,0.00039815,0.00027148,3.0783e-05,0.00038769,0.00057955,0.00043763,0.00027837,0.00032554,0.00036574,0.00030516,0.00038098,0.00034471,0.00027151,0.00049401,0.00069243,0.00033493,0.00029532,0.00029927,0.00038,0.00028409,0.00035159,-9.3963e-05,0.00034874,-6.1641e-05,0.00014024,0.00022262,0.00048755,0.00041509,0.0004488,0.00045278,-0.0001805,0.00012846,0.00040571,0.00027008,0.00050008,0.00065882,0.00028433,0.00050884,0.00028464,0.00017897,0.00026991,0.00027472,0.0003388,0.00036182,0.00042514,0.00029126,0.00026501,0.00030663,0.00070449,0.00090793,0.00056167,0.00043447,0.00011768,0.00036567,0.00023023,0.00036877,0.00055939,0.00064573,0.00021253,-0.00011308,0.00023126,5.5004e-05,0.00067916,0.00069819,0.0003827,0.00030381,0.00040293,0.00039914,0.00080809,0.00040877,0.00069038,0.00016877,0.00045616,0.00015085,0.00047086,0.00044255,0.00022348,0.00017614,5.7003e-05,0.00018697,0.000587,0.00051929,0.00036603,0.00012476,0.00017265,0.00014617,0.00034192,0.00053234,0.00036387,0.00049451,0.00022776,0.00030281,0.00021779,0.00032003,0.00061095,0.00027104,0.00076447,0.00045419,0.00038281,0.00024291,0.00064918,0.00042907,-5.6957e-05,0.00053548,1.461e-05,0.0014183,0.00045389,0.00027648,0.00053377,0.00033854,0.00018939,0.0002727,0.00011946,0.00024493,0.00022515,0.00026768,0.00035716,0.00054314,0.00043702,0.00021183,0.00084908,0.00056274,0.00027917,0.00015157,0.00052728,0.00032764,0.00031856
0.001528,9.9115e-05,7.341e-05,0.00070039,0.00086701,0.001053,0.00014115,0.00017444,0.00053323,0.00021593,0.00040506,0.00022225,-2.7125e-05,0.00015197,0.0006271,0.00011506,0.00033334,0.00012995,6.813e-05,0.00036786,0.00027143,8.7511e-05,0.00042903,0.0011002,0.00066342,0.00013914,0.0002658,0.00027238,0.0007865,0.00021161,0,6.366e-05,0.00016698,0.00029238,0.00011186,1.3516e-06,0.00034972,0.00025435,0.00058524,0.00046761,0.00022589,0.00026572,0.00013261,8.8872e-05,0.00024791,0.00023419,0.00016262,2.8253e-05,0.00071604,0.00032247,0.00022053,0.00034212,0.00017493,0.00038244,0.00015289,0.00014428,0.00075437,0,0.00024725,-8.8105e-05,0.00010336,0.00058409,0.00046818,0.0003006,0.00030284,0.0011552,9.2608e-05,0.00012746,0.00020547,0.0001795,7.4482e-05,0.00040956,0.0001447,0.00028361,0.00015241,-8.9115e-06,0.00027995,0.00045547,0.00021237,6.7314e-05,0.00017264,7.3094e-05,0.00015626,0.00034329,0.00030147,6.4261e-05,0.00014141,0.0006586,0.0002398,0.00020449,9.2903e-05,0.00010758,0.0002414,0.00013115,1.3344e-05,0.0002958,-1.0148e-05,0.00015334,0.00016696,0.00036156,0.00031905,0.00018341,0.00030601,-0.00022357,1.3402e-05,0.00031696,0.00016591,0.0003662,0.00051469,0.0001302,0.0004626,9.0665e-05,-2.625e-05,3.1255e-05,0.00028475,0.00024753,0.00030907,0.0002664,0.0003226,0.00017664,0.00021266,0.00051366,0.00071802,0.00083452,0.00018316,0.00011035,0.0002961,9.0898e-05,0.00024874,0.00047288,0.00055085,7.9182e-05,-0.00012361,0.00011443,-1.1425e-07,0.00054927,0.00085722,0.00012696,0.0001913,0.00027201,0.0003257,0.00078582,0.0002459,0.00066663,4.0674e-05,0.0003355,2.4536e-05,0.00028272,0.00040864,0.0001986,-6.6255e-05,1.0238e-05,0.00011762,0.00040327,0.00037264,0.00016132,-3.0247e-05,9.168e-05,2.7412e-05,0.00014568,0.00035495,-2.0819e-06,0.0005031,-4.4051e-05,0.00015167,0.00056704,0.00026404,0.00053872,0.00023061,0.00060356,0.00029532,0.00026109,0.00012769,0.00053801,0.00026604,-0.00012188,0.00015373,-2.7248e-05,0.0018027,0.0002555,0.00036859,0.00067312,0.00011249,7.1167e-05,0.00018203,7.1348e-05,9.985e-05,0.00011361,9.901e-05,0.00030033,0.0011212,0.00016483,0.0001988,0.00093674,0.00069553,0.00015688,0.00019345,0.00033988,0.00021263,0.00015709
0.002291,0.00020114,0.00016989,0.00097719,0.001053,0.0020909,0.00024323,0.00030363,0.00044785,0.00026819,0.00062518,0.00031167,-7.5125e-05,0.00019008,0.0008862,0.0001194,0.00032532,0.00013091,0.00011219,0.00051033,0.00027317,-6.0025e-05,0.00055683,0.0018279,0.00089323,0.00022467,0.00054726,0.00034795,0.0012996,0.00037219,0,-4.2131e-06,0.00033733,0.00048918,0.00021509,-2.9344e-05,0.000377,0.00038567,0.00082625,0.00055836,0.00022076,0.00042871,0.00015035,0.00016941,0.00035315,0.00042462,0.00029404,4.4443e-05,0.00087607,0.00047091,0.00034616,0.00042113,0.00054076,0.00059825,0.00040985,0.00015032,0.00095091,0,0.00036398,-0.00010569,0.00021885,0.00092413,0.00066552,0.00043114,0.00048491,0.0021078,0.00014896,8.2097e-05,0.00044765,0.00023999,0.00014162,0.00056112,0.00015442,0.00035646,0.00029955,0.00021376,0.00044909,0.00063073,0.00039051,6.3016e-05,0.00020289,4.4784e-05,0.00023618,0.00059241,0.00042694,-2.4743e-07,0.00011652,0.0010095,0.0003348,0.00028964,-3.4323e-05,0.0001828,0.00028081,0.00018747,3.8488e-05,0.00049628,1.1628e-06,0.00028717,0.00041414,0.00049679,0.00051323,0.00033255,0.00053292,-0.00052115,7.739e-05,0.00035349,0.00020588,0.00055127,0.00059542,0.00015514,0.00055595,0.00016805,-3.4995e-05,-4.4259e-05,0.00032106,0.00036728,0.0003202,0.00050083,0.00041257,0.00023152,0.00032802,0.00050065,0.0010036,0.0013337,0.00022751,0.00012806,0.00038739,0.0001513,0.00040233,0.00068911,0.0012283,2.8921e-05,-0.00010604,0.00023538,-2.3058e-05,0.00070039,0.0012607,0.00011148,0.00030171,0.00032097,0.00031284,0.0013035,0.0004527,0.00097836,-1.4181e-06,0.00047072,8.9187e-05,0.00046067,0.0004234,0.00018869,-0.00016304,5.4122e-05,0.00014025,0.00053439,0.00047243,0.00018416,-4.7251e-05,0.00016711,0.00028857,0.00016784,0.00062539,9.321e-05,0.00078571,-0.00018342,0.0002332,0.00050506,0.00028756,0.00079457,0.00020128,0.00095347,0.00047221,0.00033837,0.00017021,0.00069297,0.00047661,-0.00021805,0.00011223,-3.5019e-05,0.002661,0.00036409,0.00071538,0.0010486,-7.8914e-06,0.00015677,0.00028324,-3.3306e-05,0.00015806,0.00011786,0.00011665,0.00043581,0.0011843,0.0003129,0.00028248,0.0013865,0.0010416,0.00013352,0.00038537,0.00051575,0.00028207,0.00013109
-8.8238e-05,7.9961e-05,0.00013703,0.00020933,0.00014115,0.00024323,0.00034759,0.0001046,0.00010487,8.5227e-05,0.00020401,0.00013885,8.8148e-05,0.00015514,0.00018456,8.5477e-05,0.00011397,7.5359e-05,0.00011209,2.6122e-05,0.00012996,1.7783e-05,0.00016016,0.00011748,0.00022979,9.4736e-05,3.2747e-05,0.00013029,0.00019813,0.00011135,0,6.7626e-05,8.7905e-05,9.8402e-05,7.3506e-05,0.0001033,0.00013279,0.00010417,5.8083e-05,0.00017261,0.00010805,9.3402e-05,7.5381e-05,0.00011943,9.4649e-05,0.00011986,0.00017051,0.00017674,9.2986e-05,-4.519e-05,0.00010692,9.5767e-05,-1.1254e-05,0.000182,0.00011754,8.5725e-05,9.2422e-05,0,0.00013498,6.839e-05,0.00017451,5.7129e-05,0.00015446,0.00016497,8.6481e-05,8.4666e-05,5.105e-05,6.5561e-05,0.00023129,7.9238e-05,4.9935e-05,9.8997e-05,-2.424e-05,8.1186e-05,0.00010729,0.00011547,5.0342e-05,0.00017815,0.000147,0.00013127,0.00015559,0.00015697,7.2033e-05,8.5637e-05,0.00013599,8.0968e-05,8.7662e-05,0.00010537,0.00014136,0.00010454,0.00014589,0.00012973,4.1816e-05,0.00015711,9.2472e-05,0.00015572,-3.5145e-06,0.0001146,0.00016631,4.6522e-05,4.8756e-05,0.00015936,0.00020221,-0.00017244,8.3758e-05,0.00015644,9.7665e-05,0.00020892,0.00012217,0.00010222,0.0002837,0.00014351,-6.6004e-06,0.00012123,0.00010229,9.2871e-05,0.00013512,8.1801e-06,0.00010097,0.00013205,0.00019289,4.2203e-05,0.00019227,0.00017789,0.0001459,1.0889e-05,0.00012065,0.0001153,-1.8943e-05,0.00015711,9.4217e-05,6.3016e-05,7.4999e-05,9.5602e-05,4.8146e-05,4.715e-05,0.00025595,5.0201e-05,0.00014608,0.00015516,0.00012922,-5.445e-05,9.6228e-05,0.00017042,8.9913e-05,0.00017545,1.4803e-05,0.0001679,0.00025431,5.855e-05,3.6832e-05,2.4399e-05,7.2377e-05,0.00015925,0.00011754,0.00014184,2.4479e-05,5.9342e-05,7.0682e-05,0.00019508,7.9281e-05,0.00014356,0.00016519,7.7159e-06,0.00012441,4.3461e-05,0.00016207,0.00019939,8.0098e-05,0.00019027,0.00013665,0.00011293,8.2852e-05,0.00012341,-2.5745e-05,7.9625e-05,5.897e-05,8.6811e-05,0.00029516,8.818e-05,0.00012722,0.00014538,9.0382e-05,0.00019753,0.00010305,2.9737e-05,0.00011104,8.8434e-05,7.0548e-05,0.00012806,0.00024047,0.0001781,6.4545e-05,0.00014047,0.00018581,8.8423e-05,0.00019569,0.00016175,0.00015168,0.00014193
0.00018618,0.00017651,0.00016397,0.00034337,0.00017444,0.00030363,0.0001046,0.00054225,0.00011095,0.00020686,0.00036486,0.00010545,0.00023351,9.7195e-05,0.00039291,0.00017176,0.00010174,0.00027891,0.00020208,0.00024182,0.00031034,0.0002582,0.00029921,0.00035332,0.00038011,0.0002023,0.00029082,0.00023616,0.0002876,0.00022576,0,0.0001942,0.00020114,0.00026194,0.00022187,0.00014568,-2.3771e-05,0.00027065,5.1324e-05,0.00015152,0.0001289,0.00027242,0.00023747,0.00022978,0.00032097,0.00017669,5.6274e-05,0.00010988,0.00010123,0.00017023,0.00012986,0.0003282,-0.00014227,0.00011505,0.00018827,-3.3295e-05,0.00047609,0,0.00023978,0.0001793,0.00052659,0.0001897,0.00024963,0.00022727,0.00021435,0.00034738,8.4141e-05,0.0001065,0.0001689,0.00027727,0.00013699,0.00018675,0.00028742,0.00039276,0.00024225,0.00015457,0.00020758,0.00026498,4.7704e-05,0.00014366,0.00019537,0.00041096,0.00014894,0.00019694,0.00024167,0.00014852,0.00023181,0.0002335,0.00024673,0.00017916,3.8714e-05,0.00041948,0.00020309,0.00029135,-1.0947e-05,0.00011878,2.6269e-05,9.5224e-06,0.00014245,0.00042694,0.00011795,0.0003207,0.00014145,-0.00013978,0.00014419,0.00013354,0.00026311,0.00032512,0.00027876,7.9351e-05,0.00015608,0.00015743,-2.8562e-05,0.00015458,0.00012808,0.00018341,1.7283e-05,0.00038232,0.00017218,0.00017772,0.00017343,0.00015761,0.00042703,0.00021597,0.00030113,2.9726e-05,0.00018714,0.00020428,2.9313e-05,0.0003591,0.00024721,0.00015197,9.1971e-05,0.0001317,0.00015174,0.00030182,0.00029381,0.00021659,0.00021269,0.00027138,0.00014847,0.00029795,0.00030132,0.00030558,0.00021267,0.00018347,-2.7077e-05,0.0002266,0.00028653,0.00011534,0.00028053,6.6592e-05,3.7442e-05,0.00033114,0.00028509,0.00017209,0.00015156,0.00019104,0.00029232,0.00029996,0.00027553,0.00039445,0.00010114,0.0002514,0.00025536,0.00044161,0.0001915,0.00011687,0.00015521,0.00033737,0.00034831,0.00021388,0.00019322,0.00023517,-1.7785e-05,-2.7055e-05,0.00033689,-6.0333e-05,0.00044106,0.00021885,2.5312e-05,0.00029889,0.00030147,0.00014847,0.00018166,8.972e-05,0.0002363,0.00027907,0.00017204,0.00026604,2.0961e-05,0.0002567,-3.7635e-05,0.00029778,0.00023224,0.00020019,3.0921e-05,0.00030037,0.00028334,0.00015679
0.00050772,0.00012697,4.7477e-05,0.00068195,0.00053323,0.00044785,0.00010487,0.00011095,0.00079829,0.00015977,0.0002515,0.00016245,1.7271e-05,0.00022393,0.0004294,0.00015478,0.00028673,0.00016561,0.0001656,0.00015343,0.00039309,7.8613e-05,0.00026615,0.00045941,0.00045365,0.00015686,0.00018405,0.00036223,0.00035731,7.1761e-05,0,0.00011008,0.00027633,0.0002259,0.00020347,4.0756e-05,0.0002073,0.00017687,0.00038934,0.0002724,0.00035149,0.0001291,7.1983e-05,5.3623e-05,0.00013806,0.00018824,0.00014689,0.00017119,0.00041627,7.0034e-05,0.00019351,0.00029486,2.5762e-05,0.00026391,0.00016544,7.4635e-05,0.00028088,0,0.00012862,7.1462e-05,0.00020814,0.00034147,0.00035808,0.00034487,0.00012575,0.00045256,8.7591e-05,0.000248,0.00020067,0.00011743,4.5554e-05,0.00042185,0.00025688,0.00032618,9.7755e-05,-2.2086e-05,0.00024292,0.00033073,0.00022654,0.00014485,0.00018812,0.00013239,0.00021861,0.00022747,0.00013092,0.00021909,0.00035371,0.00034362,0.00022065,0.00011017,0.00034075,0.00020899,0.00018312,0.00019697,-0.00015707,0.00023101,-6.6814e-05,0.00014176,0.00011095,0.00034862,0.00015243,0.00024066,0.00029564,0.00016191,8.7459e-06,0.00027824,0.00015514,0.00020137,0.00039909,0.0001539,0.00033455,0.0001327,0.00032801,0.00021969,0.00022621,0.00014794,0.00034725,0.000181,0.00012662,0.00014114,0.00016202,0.00049008,0.00051744,0.00032872,0.00028948,9.6509e-05,0.00017908,6.3135e-05,0.00031894,0.00021288,-3.8999e-06,0.00014025,2.7891e-05,0.00010249,8.7254e-06,0.00032532,0.0004913,0.00024034,0.00017865,0.00023442,0.00016742,0.00034942,0.0001496,0.00042206,0.00010876,0.0002627,9.231e-05,0.00019638,0.00049114,0.00017556,2.3053e-06,1.0383e-05,0.00016185,0.00032986,0.00031688,0.00028006,5.8787e-06,8.7089e-05,-4.1481e-06,0.00021361,0.00019676,5.8128e-05,0.00031729,0.00015824,0.00016041,0.00036318,0.00025569,0.00037659,0.00026886,0.00037229,0.0002057,0.00024042,0.00013645,0.00048839,0.00027036,-7.0592e-05,0.00019797,0.00015594,0.00099979,0.00024178,3.0609e-05,0.00029851,0.00021213,0.00028716,0.00014514,0.00012599,9.3909e-05,0.00016279,0.00016107,0.00016728,0.00057689,0.00019278,0.00020508,0.00046971,0.00023372,0.00022364,0.00010846,0.00025198,0.00016511,0.00019894
0.0002036,0.00011598,0.00016024,0.00030785,0.00021593,0.00026819,8.5227e-05,0.00020686,0.00015977,0.00018907,0.00025501,0.00014023,0.00011805,0.00012104,0.00028816,0.00013105,0.00017206,0.00022087,0.0001472,0.00014087,0.00019979,0.00021434,0.00020928,0.00024118,0.00029628,0.00014958,0.00017138,0.00021231,0.00017029,0.00012595,0,0.00015971,0.00016835,0.00018002,0.00012623,0.0001018,5.9827e-05,0.0001491,4.8347e-05,0.00022902,0.00015139,0.00018913,0.00015844,0.00014164,0.00019634,0.00020641,0.00013189,0.00012084,0.00017042,0.00020832,0.0001085,0.00024392,2.9926e-05,0.00011792,0.00016637,7.048e-05,0.00023686,0,0.00020512,0.00010708,0.00022628,0.00015089,0.0002061,0.00017844,0.00019824,0.0002588,7.8989e-05,0.00011276,0.00020335,0.00015945,0.00010287,6.6155e-05,0.00023125,0.00017854,0.00015103,6.9998e-05,0.00016419,0.00024029,0.00014991,0.00015507,0.00016696,0.00021529,0.00014713,0.00018084,0.00022647,0.00013849,0.00019952,0.00020711,0.0001628,0.00014831,0.00010294,0.00020171,0.00015042,0.00020042,6.5506e-06,0.00019108,1.622e-05,7.9078e-05,0.00010334,0.0002577,0.00017228,0.00021808,0.00017799,-3.467e-05,0.00011355,0.00011968,0.00014358,0.00020343,0.0002193,0.00014435,0.00016627,0.00010253,-2.6754e-05,0.00015034,0.00014651,0.00012925,0.00012476,0.00023349,0.00023331,0.00014329,0.00012024,0.00018997,0.00034232,0.00015582,0.0002219,8.9264e-05,0.00017558,0.00012381,3.905e-05,0.00022272,0.0001642,0.00011419,0.00012941,0.00012371,9.7617e-05,0.00021792,0.00025227,0.00019387,0.00017556,0.00020377,0.00017108,0.00016942,0.00018078,0.00021676,0.00013673,0.00018271,-9.8898e-05,0.00020071,0.00017924,0.0001061,0.00014046,2.3732e-05,0.00014348,0.00023614,0.00022039,0.00018359,0.00010535,0.00012252,0.00014026,0.00020112,0.00020736,0.00020556,0.0001514,5.7766e-05,0.00015145,0.00013541,0.000149,0.00015734,0.00013,0.00026754,0.0002265,0.0002019,0.00012537,0.00021393,-1.0142e-06,2.1813e-05,0.0002488,2.5597e-05,0.00029888,0.00017914,0.00017518,0.00018267,0.00022517,0.00012438,0.00013301,6.5006e-05,0.00016856,0.00012893,0.00012225,0.00012067,0.00031081,0.00018456,3.7601e-05,0.00023965,0.00014141,0.00015746,5.975e-05,0.00021407,0.00019175,0.00014254
0.00029877,0.0002186,0.00031782,0.00057577,0.00040506,0.00062518,0.00020401,0.00036486,0.0002515,0.00025501,0.00053836,0.00019528,0.00026829,0.00022816,0.00053443,0.00024678,0.00022293,0.0003373,0.00024365,0.00023622,0.00030057,0.00027934,0.00039569,0.00054537,0.00051876,0.00025062,0.00023257,0.00032277,0.00048902,0.00024021,0,0.00026947,0.00025975,0.00031588,0.0002568,0.00023061,8.8958e-05,0.0003321,0.00019027,0.00033946,0.00023089,0.00035095,0.00030597,0.00026207,0.00033277,0.00033565,0.0001963,0.00025006,0.00027036,0.00023851,0.00018233,0.00045598,-1.2709e-05,0.00024788,0.00036178,3.6346e-05,0.00037811,0,0.00033721,0.00015112,0.00040434,0.00026667,0.0004325,0.00035728,0.00032368,0.00061339,0.00020279,0.00019496,0.00029937,0.00028387,0.0002185,0.00030269,0.00024874,0.00041793,0.00027088,3.6985e-05,0.00029161,0.00044074,0.00025026,0.00024946,0.00029677,0.00035814,0.00031527,0.00024552,0.00038902,0.0002208,0.00027436,0.00041504,0.00027246,0.00028039,0.00017997,0.00040774,0.00024377,0.00035802,7.1089e-05,0.00026033,1.7591e-05,0.00012451,0.00019565,0.00042018,0.0003025,0.00045025,0.00030754,-0.00013049,0.00018368,0.00025487,0.0002452,0.00048694,0.00042739,0.00021319,0.00032715,0.00018751,-3.7186e-05,0.00018308,0.00017459,0.00025229,0.0001881,0.00034876,0.00029531,0.000267,0.00026548,0.0003349,0.00063417,0.00043577,0.00031274,0.00017224,0.00031918,0.00024491,0.00010725,0.00050955,0.00041284,0.00019112,0.00013014,0.00020341,0.00016259,0.00038849,0.000483,0.00027341,0.00033557,0.00034204,0.00025992,0.00040091,0.00038479,0.00045882,0.00024106,0.00032026,-7.9196e-05,0.00040602,0.00032245,0.00014741,0.00021909,6.9506e-05,0.00015114,0.00045042,0.00037966,0.00034161,0.00013497,0.00016364,0.00027047,0.00035166,0.00038453,0.00036772,0.00030702,0.00015151,0.0003038,0.00030288,0.00025037,0.0003366,0.00023016,0.0004507,0.00048275,0.00024453,0.0002452,0.00038634,0.0002284,7.7856e-05,0.00037033,2.2461e-05,0.00074744,0.00031742,0.00029727,0.00044441,0.00035127,0.00028339,0.00025353,9.644e-05,0.00032571,0.00022298,0.00024385,0.00029672,0.00039563,0.0004037,6.1595e-05,0.00047212,0.00037276,0.00025302,0.00015447,0.00041184,0.0003689,0.00025074
0.00028211,7.9258e-05,0.00014172,0.00019366,0.00022225,0.00031167,0.00013885,0.00010545,0.00016245,0.00014023,0.00019528,0.00025778,7.9477e-05,0.00012169,0.00014294,7.1053e-05,0.00015491,0.00013697,6.5342e-05,0.00012397,7.404e-05,0.00014451,0.0001067,0.00031859,0.00018126,0.00011219,0.00018153,0.00019313,0.00017201,9.259e-05,0,0.0001031,0.00016776,0.00013157,4.063e-05,6.084e-05,5.509e-05,0.0001044,0.00013915,0.00017345,0.00015889,0.00011571,9.0025e-05,0.00010655,0.00012165,0.00015546,0.00017316,0.00014223,0.00015932,0.00014208,0.00014758,0.00014739,8.3165e-05,7.4154e-05,8.0129e-05,2.9664e-05,0.00012524,0,0.00015038,6.3837e-05,0.00015475,0.00010021,0.0001222,0.00013058,0.00014233,0.00036959,7.4348e-05,7.2256e-05,0.00012241,8.0066e-05,0.0001165,9.6016e-05,0.00019208,0.00012907,8.9926e-05,0.00014045,0.0001412,0.00018005,7.3382e-05,0.00010049,0.00015262,0.00011846,9.6167e-05,0.00019836,0.00018194,0.00010164,0.00011612,0.00018848,0.00014741,0.00010742,9.185e-05,0.00012049,9.1115e-05,0.0001519,-1.3244e-05,0.00026105,5.0505e-05,0.00017103,0.00013093,0.0001697,9.1725e-05,0.00017926,0.00010627,-3.2726e-05,6.4503e-05,0.00010102,7.47e-05,0.00015108,0.00017669,9.3941e-05,0.00022453,0.00010391,4.5821e-06,0.00010433,0.000113,7.4489e-05,9.2256e-05,0.0001328,0.00011522,0.00012377,0.00012177,7.9753e-05,0.00022215,0.000234,0.00013274,0.00011597,0.00014359,8.0998e-05,8.2931e-05,0.00020787,3.2594e-05,6.7336e-05,0.00015358,0.00011316,5.7804e-05,0.00011713,0.00032772,9.9731e-05,0.00014918,0.00014935,8.2031e-05,0.00018156,0.0001372,0.00020499,8.7632e-05,0.00015514,-0.00013492,0.00017073,0.00022972,7.6048e-05,3.7528e-05,1.1311e-05,0.00011145,0.00014503,0.00011521,0.00018681,6.3435e-05,0.00011029,3.2855e-05,0.00017304,0.00012328,4.801e-05,0.00017898,-0.00010397,0.00010561,-2.5432e-06,0.00013722,0.00010169,0.00014052,0.00017771,0.00017138,0.00014969,0.00010007,0.00020238,5.1183e-05,-6.3482e-05,0.00010239,6.8023e-05,0.00045536,0.00012431,0.00018723,0.00025082,0.00013722,0.00012792,9.285e-05,1.6289e-05,0.00010782,8.8274e-05,7.5685e-05,7.5548e-05,0.00029563,0.00013659,4.9572e-05,0.00021803,0.00011866,9.0815e-05,0.00013941,0.00015072,0.00013528,9.3835e-05
-0.00072491,0.00020265,0.00025858,4.8732e-05,-2.7125e-05,-7.5125e-05,8.8148e-05,0.00023351,1.7271e-05,0.00011805,0.00026829,7.9477e-05,0.00048065,8.7738e-05,8.1784e-05,0.00022357,0.00015373,0.00027399,0.0001925,3.4894e-05,4.9367e-05,0.00020926,9.4244e-05,-0.00018141,3.8504e-05,0.00018152,5.684e-05,0.00019499,-1.6849e-05,0.00011148,0,0.00026938,0.00024738,0.00014335,0.00012582,0.00034139,-9.3155e-05,0.00020388,-3.2714e-05,0.00014895,3.4837e-05,0.00022059,0.00027842,0.00021416,0.00028092,0.00020885,9.1012e-05,0.00020986,-0.0001139,9.3384e-05,5.3791e-05,0.00028514,-0.00016342,4.1445e-05,0.00026167,0.00016987,-2.6323e-05,0,0.00022894,0.00017998,0.00038764,-0.0001495,0.00017813,0.00014797,0.00015204,-0.00023783,0.00020237,0.00012219,0.00024988,0.0002284,0.00021893,0.00010212,0.00023151,0.00035594,0.00020942,0.000111,0.00013426,0.00015602,7.9356e-05,0.0001826,0.00016744,0.00032954,0.00034592,2.9556e-06,0.00023739,0.00021142,0.00017657,-1.3702e-05,0.0001405,0.00016618,9.0003e-05,0.00031869,0.000107,0.00025195,0.0001975,0.00018848,6.0043e-05,9.7781e-05,9.3324e-05,0.00025934,8.4899e-05,0.00036232,0.00013889,0.00018407,0.00018887,0.00010024,0.00021189,0.00024543,3.463e-05,0.00017167,0.00012076,0.00012876,6.4297e-05,0.00011804,0.00014635,0.0001189,0.00014446,0.00018468,0.00016693,0.00016694,0.00014476,0.00014345,0.00013147,0.00010877,0.00013675,0.00017661,0.00014841,0.00016625,-6.5349e-05,0.00011951,6.9436e-05,0.00010524,0.00030027,0.00010594,0.00022232,2.5116e-05,3.1197e-05,0.00025055,0.00024276,0.00022297,3.7986e-05,-0.00020205,0.00023344,0.00018268,0.00025009,0.00012113,-0.00012298,0.00021302,0.00020506,6.4614e-05,0.0002302,4.2301e-05,0.00012183,0.00020424,0.00017459,0.00028355,0.00019206,0.00011733,0.00030363,0.00022475,0.00010987,0.00033317,1.8833e-05,0.00020673,0.00026178,0.00033328,0.00011225,5.9242e-05,0.00013369,2.8673e-05,0.0003399,0.00010708,0.0001893,0.00011347,0.00014816,0.00020353,0.00016468,0.00016399,-9.657e-05,0.00012049,9.4625e-05,6.8832e-05,0.00030984,0.00035433,0.00019162,9.1939e-05,0.00033896,0.00021489,0.00018848,0.0001599,-9.3955e-05,0.00032453,3.9446e-05,-6.9557e-05,-1.7198e-05,0.00027809,4.4286e-05,0.00020767,0.00025618,0.00014232
-0.00020427,8.9787e-05,0.00014246,0.00031171,0.00015197,0.00019008,0.00015514,9.7195e-05,0.00022393,0.00012104,0.00022816,0.00012169,8.7738e-05,0.00030684,0.00021598,0.00013341,0.00011957,0.0001696,0.00012651,4.4437e-05,0.00027485,0.00017268,0.00020139,5.5624e-05,0.00025427,0.0001316,5.9081e-05,0.00018773,0.00019089,8.4991e-05,0,0.00018505,0.00011035,0.0001173,0.0001335,9.5173e-05,0.00012409,0.00013999,0.00013581,0.00021306,0.00021501,0.00016799,0.00011403,0.00010662,9.2908e-05,0.00019419,0.00010175,0.00027934,3.5652e-05,0.00020027,0.00012414,0.00016603,0.00010896,6.8068e-05,0.0001648,-2.6355e-05,-3.4668e-05,0,0.00012082,7.2483e-05,0.00022942,0.00010567,0.0002475,0.00022673,9.0646e-05,-2.3087e-05,0.00010973,0.00018486,0.00013157,9.5428e-05,0.00011542,0.00010614,0.00017906,0.00013227,0.00011338,0.00018443,0.00012261,0.0002199,0.00024003,0.00016078,0.00020345,0.00014022,0.00010045,0.00015165,0.00015435,0.00015496,0.00017458,0.0001384,0.00011343,0.00011459,0.00019825,0.00021732,9.1325e-05,0.00019324,4.6446e-05,0.00019765,4.0616e-06,0.00017482,5.6116e-05,0.00012757,6.2799e-05,0.00028573,0.00021728,0.00012028,8.7969e-05,0.00016985,6.7955e-05,0.00021889,0.00018905,9.4192e-05,0.00018873,0.0001017,0.00011674,0.00013784,7.1192e-05,5.9653e-05,0.00013387,3.0045e-05,0.00011348,0.00012203,0.00012537,-8.7599e-05,0.00026006,8.9443e-05,0.00019455,6.196e-05,0.00015192,0.00012334,0.00013339,0.00020816,-8.0658e-05,0.00012686,2.8126e-05,0.0001223,6.1036e-05,0.00011207,0.00014755,0.00018571,0.00017914,0.00015885,0.0002181,5.6711e-05,0.00014784,0.00016715,0.00014858,0.00020202,1.1095e-05,0.00021064,0.00021587,8.4384e-05,7.8957e-05,3.3185e-05,0.00012129,0.00017286,0.00011605,0.00019806,0.00012401,8.8372e-05,4.2611e-05,0.00022132,0.00015807,0.00013536,0.00015443,-1.1978e-05,0.00010966,-9.2173e-05,0.00010867,0.00015822,0.00020401,0.00020434,0.000207,0.00024947,0.00011224,0.00022342,0.00012677,6.0775e-05,0.00017343,5.9402e-05,0.00028278,0.00018698,0.00019972,0.00016078,0.00020377,0.00028362,0.00013443,7.6385e-05,0.00011421,6.573e-05,0.00013734,3.9621e-05,-5.2509e-05,0.00023591,-4.7817e-06,0.00010308,0.00010016,0.00010878,0.00014323,0.00016804,0.00015771,0.0001368
0.00093876,0.00016951,0.00017902,0.00082453,0.0006271,0.0008862,0.00018456,0.00039291,0.0004294,0.00028816,0.00053443,0.00014294,8.1784e-05,0.00021598,0.00080428,0.00019216,0.00027218,0.00026587,0.00020164,0.00034907,0.00048262,0.00018549,0.00054786,0.00080988,0.00081907,0.00024587,0.00032701,0.00033574,0.00064911,0.00033909,0,0.00013195,0.00024734,0.00037156,0.00028969,7.9671e-05,0.00016987,0.00036409,0.00032034,0.00045028,0.00025642,0.00036207,0.00025035,0.00017983,0.00031487,0.0003073,0.00011431,6.3835e-05,0.00050363,0.00032466,0.00025022,0.00046186,4.5928e-05,0.00037653,0.00032214,9.5654e-05,0.00077089,0,0.00033322,0.00011541,0.0004021,0.00051175,0.00052099,0.00043641,0.00038915,0.00085403,0.00012526,0.00018076,0.00022025,0.00025196,0.00012056,0.00033361,0.00023135,0.00038377,0.00024585,-6.2546e-05,0.00033721,0.00053611,0.00031907,0.00019001,0.00021937,0.00032254,0.00024533,0.0003247,0.00034456,0.00016942,0.00028534,0.00064337,0.00031437,0.00024455,0.00012632,0.00032731,0.00028192,0.00028907,-8.7887e-06,0.00017518,-4.9974e-05,6.2023e-05,0.00017504,0.00047215,0.0004297,0.00033575,0.00037738,-0.00025961,0.00011322,0.00034106,0.00026336,0.00047525,0.00060322,0.00018295,0.00039142,0.00017854,-7.0748e-05,0.00016828,0.00026897,0.00029633,0.00029352,0.00042556,0.00039738,0.00023186,0.00026462,0.00054433,0.0008162,0.00053377,0.00037016,0.00010031,0.00033277,0.00021227,0.00016144,0.00051837,0.00055136,0.00018623,-4.3681e-05,0.00018054,6.0698e-05,0.00061371,0.00062151,0.00021995,0.00028886,0.00033942,0.00036737,0.00062422,0.00034213,0.00062988,0.00012332,0.00039846,3.4109e-05,0.00037435,0.00040976,0.00019692,0.00020007,5.2043e-05,0.0002134,0.00051367,0.00045056,0.00018883,6.1184e-05,0.00015461,0.00024981,0.00031094,0.00047282,0.0003664,0.00045698,0.00016246,0.00026469,0.00047523,0.00029551,0.00051539,0.00021704,0.00073122,0.00040479,0.00029512,0.00019878,0.00056601,0.0001905,-9.5816e-06,0.0003599,-0.00012426,0.0012583,0.00035649,0.0004078,0.00051233,0.00025125,0.00014093,0.0002366,0.00010818,0.00023621,0.00017769,0.00018662,0.00034476,0.00085018,0.00035657,0.00014316,0.00079305,0.00053244,0.00027475,0.00016778,0.00048044,0.00032855,0.00023554
-0.00016607,0.0001739,0.00019233,0.00022532,0.00011506,0.0001194,8.5477e-05,0.00017176,0.00015478,0.00013105,0.00024678,7.1053e-05,0.00022357,0.00013341,0.00019216,0.0002004,0.00011876,0.00020711,0.000167,6.1982e-05,0.00012464,0.00016523,0.00013404,1.3686e-05,0.00016344,0.00014954,1.7353e-05,0.00019471,0.00011553,6.285e-05,0,0.000208,0.00017983,0.00016385,0.00014742,0.00020517,-5.6217e-06,0.00012871,2.4705e-05,0.000186,0.00014391,0.00016932,0.00016794,0.00015459,0.00018066,0.00020746,0.00010415,0.0001851,5.3236e-05,8.4817e-05,2.2232e-05,0.00024896,-3.3176e-05,7.1942e-05,0.00021074,3.9744e-05,7.3332e-05,0,0.00018439,6.7977e-05,0.00021796,3.2501e-05,0.00019311,0.0001673,0.00011088,3.5057e-06,0.00016017,0.00013416,0.00022411,0.00017712,0.00011838,8.1513e-05,0.0001883,0.00026125,0.00016092,-3.4725e-05,0.00013883,0.0001965,0.00016729,0.00017863,0.00017831,0.0001864,0.00024507,8.9949e-05,0.00021791,0.00017888,0.00017172,8.1498e-05,0.00010353,0.00013892,0.00018576,0.00024902,0.00012493,0.00020079,3.2834e-05,0.000196,2.9681e-05,9.054e-05,8.1678e-05,0.000237,9.3046e-05,0.00027432,0.00019828,0.00010369,0.00012737,0.00012723,0.00014637,0.00022073,0.0001392,0.00012128,9.6829e-05,7.7245e-05,1.8405e-05,0.00013242,0.0001073,0.00010475,0.00015056,0.00014146,0.00018266,0.00014792,0.00012157,5.0944e-05,0.00026422,0.00014005,0.00017197,0.00010492,0.00014376,0.00011581,1.117e-05,0.00019066,7.9631e-05,0.00012193,0.00014021,8.6379e-05,0.00013438,0.00011068,0.00015895,0.00020083,0.0001814,0.00019807,0.00010619,1.2925e-05,0.00017532,0.00014733,0.00018801,0.00011607,-5.7134e-05,0.00018651,0.00016936,7.6471e-05,0.00011047,3.1199e-05,0.00012606,0.00020774,0.0001706,0.00025027,8.4629e-05,8.7196e-05,0.00012821,0.00018925,0.00013367,0.0002264,7.1751e-05,0.0001191,0.00018851,0.00017982,0.00013412,0.00011211,0.00015023,0.00012008,0.000263,0.00013713,0.00013589,0.00013983,0.00013283,0.00010692,0.00018587,0.00011169,0.0001187,0.00014174,9.5128e-05,0.00013643,0.00024365,0.00022641,0.00013072,7.3286e-05,0.00022705,0.0001532,0.00014903,0.00012797,9.2865e-05,0.0002026,3.7483e-05,4.8748e-05,0.00010334,0.00017486,5.7065e-05,0.00016484,0.00020667,0.00013837
0.00011733,0.00010368,0.00010898,0.00029443,0.00033334,0.00032532,0.00011397,0.00010174,0.00028673,0.00017206,0.00022293,0.00015491,0.00015373,0.00011957,0.00027218,0.00011876,0.00031044,0.00020888,0.00012992,0.00012555,0.00016695,0.00015823,0.00020603,0.00022615,0.00027304,0.00013589,0.00017488,0.00019101,0.00017854,8.8412e-05,0,0.0001344,0.00020446,0.0001655,8.7409e-05,0.00011549,0.00014238,0.00015103,0.0001576,0.00029416,0.00014549,0.00015346,0.00015081,0.00013778,0.0002221,0.00021682,0.0001995,0.00011516,0.0002756,0.00021641,0.00015039,0.00022185,7.306e-05,0.00019467,0.0001314,0.0002093,9.0853e-05,0,0.00019285,9.9074e-05,0.00015053,0.00017922,0.00023696,0.00018018,0.00020878,0.00013858,7.9381e-05,0.00012833,0.00025694,0.00015719,9.3473e-05,9.2444e-05,0.00021534,0.00016121,0.00013761,0.00020023,0.00013911,0.00024664,0.0001404,0.0001301,0.00013916,0.00017787,0.00018742,0.00016046,0.00020112,0.00013334,0.00020555,0.00023126,0.00017841,0.00014991,7.9121e-05,0.00013496,0.00012471,0.0001841,0.00010037,0.0002261,1.6748e-06,0.00013649,0.00014559,0.00024583,0.00019209,0.00019179,0.00021648,3.6103e-05,0.00011952,0.00016132,0.00014597,0.0001662,0.00018867,0.00019641,0.00027686,8.3701e-05,5.0112e-05,0.00013093,0.00021481,0.00014224,0.00024615,0.00020045,0.00030015,0.00013866,0.00013557,0.00032839,0.00030755,0.00026179,0.00019347,0.00010518,0.00017001,0.00010408,7.8963e-05,0.00010903,0.00015009,7.5611e-05,0.00016792,0.00012397,8.9755e-05,0.00019029,0.00031276,0.00020731,0.0001917,0.00018625,0.00016851,7.7879e-05,0.00014809,0.00030105,0.00011363,0.00021398,-8.7286e-05,0.00018893,0.00028351,0.00012885,0.00010783,7.6028e-06,0.00018724,0.00023201,0.00024705,0.00019064,7.6949e-05,0.0001079,0.00017761,0.0001863,0.00016885,9.6941e-05,0.00022694,3.6565e-05,0.0001461,0.00033881,0.00015957,0.00025249,0.00014443,0.00025532,0.00019087,0.00021465,0.00011662,0.00027457,1.4431e-05,7.6718e-05,0.00015059,9.1413e-05,0.00050066,0.0001593,0.00024515,0.00017982,0.00020552,0.000253,0.00016455,8.5954e-05,0.00014171,0.00011744,0.00011842,0.00011759,0.00060249,0.00019753,0.00012316,0.00032804,0.00014366,0.00019916,9.4656e-05,0.00021401,0.00018357,0.00016179
-0.0002046,0.00018374,0.00027618,0.00034635,0.00012995,0.00013091,7.5359e-05,0.00027891,0.00016561,0.00022087,0.0003373,0.00013697,0.00027399,0.0001696,0.00026587,0.00020711,0.00020888,0.00039856,0.00025323,9.7429e-05,0.00028216,0.00036295,0.00024346,0.00014487,0.00022316,0.00022176,0.0002204,0.00031519,8.2356e-05,0.0001064,0,0.00034113,0.00024729,0.0002199,0.00019379,0.00022057,8.3406e-05,0.00020315,-1.5685e-05,0.00019817,0.0001564,0.00024143,0.00027635,0.00024356,0.00031098,0.00030428,0.00020319,0.00030348,9.3856e-05,0.00021625,0.00012901,0.00035072,-2.6589e-05,7.5398e-05,0.00028949,2.2902e-05,4.5334e-05,0,0.00024321,0.00021469,0.00032501,0.000147,0.00023014,0.00025672,0.00018521,0.00017597,0.00016336,0.00021954,0.00031618,0.000262,0.00018965,0.00015028,0.00035088,0.00027959,0.00022428,0.00014493,0.00019566,0.00025505,0.00015089,0.0002568,0.00025802,0.00036158,0.00026449,0.00014787,0.00028688,0.00022193,0.00033121,0.00013105,0.00018145,0.00023994,0.00015102,0.0003695,0.00016361,0.00033982,9.4382e-05,0.00022763,2.7699e-05,9.3455e-05,0.00014156,0.00033311,0.00016309,0.00038012,0.00021323,6.2497e-05,0.00023406,0.00013483,0.00019486,0.00026257,0.00020839,0.00024872,0.00019894,0.00014287,4.3732e-05,0.00023638,8.9894e-05,0.00017532,0.00010097,0.00026749,0.00023583,0.00021486,0.0001554,0.00023992,0.00035834,5.3934e-05,0.00031846,0.00012303,0.0002178,0.0002045,0.00011474,0.00024594,0.00019786,0.00017523,0.0002126,0.00019233,0.00018789,0.0001998,0.00016308,0.00036673,0.00027186,0.00025148,0.00017457,0.00013991,0.00029184,0.00015059,0.00025283,0.00019167,-7.7984e-05,0.00029257,0.00018085,0.00012494,0.00028589,4.39e-05,0.00014739,0.00031124,0.00030235,0.00033601,0.00021113,0.00016768,0.00023435,0.00032588,0.00024242,0.00031268,9.0729e-05,0.00021425,0.00023946,0.00016399,0.00015082,0.00012406,0.00017217,0.00016894,0.00034277,0.00022594,0.00021894,0.00018417,0.00010424,0.00014301,0.00043312,0.00013134,5.2945e-05,0.00025744,0.00011683,0.00011396,0.00041986,0.00026734,0.00021476,0.00010659,0.00025314,0.00021982,0.00024109,0.00015289,9.1228e-05,0.00032268,-1.1881e-05,0.00010648,4.2024e-05,0.00019665,7.1282e-06,0.00026899,0.00029771,0.00022747
