0.0015969,0.000392,0.00042819,0.00057342,0.000407,0.00078966,0.00033011,0.00037824,0.00050521,0.00043196,0.00041533,0.00062431,0.00037026,0.00045647,0.00049478,0.00030451,0.00075572,0.00044272,0.00056522,0.0015003,0.00044985,0.00054418,0.00049466,0.00040892,0.00088267,0.00069431,0.00049765,0.00056102,0.0005824,0.00044844,0.00057971,0.00031574,0.0006054,0.00075014,0.00031661,0.00039389,0.00036961,0.00033429,0.00036095,0.00047735,0.00024083,0.00040692,0.00036153,0.0006719,0.00025845,0.00044361,0.00025718,8.7445e-05,8.0007e-05,0.00043681,0.00089277,0.00053339,0.00029242,0.00036438,0.00076351,0.0003822,0.00058491,0.00059596,0.0015831,0.00025166,0.00029937,0.00044729,0.00046833,0.00045469,0.00013007,0.0004274,0.00043213,0.00032444,0.00075936,0.00021829,0.00019797,0.00035972,0.00034179,0.00025777,0.00036054,0.00042783,0.00056322,0.00032569,0.00040571,0.00034695,0.00040499,0.00046442,0.00035909,0.00031923,0.00041484,0.00012243,0.00056683,8.2782e-05,0.00060934,0.00042569,0.00026336,0.00047002,0.00021034,0.00053166,0.00047043,0.00033841,0.00021454,0.00017203,0.00035913,0.00039993,0.00050459,0.00051215,0.00033473,0.00075327,0.00027085,0.00048583,0.00031487,0.00061654,0.0003189,0.00092196,0.00053169,3.3658e-06,0.00047683,0.00061415,0.00025206,0.0004896,0.0001317,0.0003173,0.00036935,0.00053167,0.00054524,0.00079023,0.00041648,0.00038251,0.00022292,0.0011247,0.00046605,0.00022562,0.00052093,0.00022799,0.00043344,7.6687e-05,0.00046922,0.00036918,0.00055121,0.00045525,0.00028206,0.00044286,0.00057896,0.00046585,0.00042403,0.0004944,0.00030977,0.00053142,0.00042672,0.00052639,0.00049988,0.00050567,0.00020766,0.00062218,0.0003699,0.0003213,0.00024977,0.00015981,9.3442e-06,0.0006987,0.00071634,0.00059498,0.00034924,0.00041033,0.00029547,0.00063739,0.00048961,0.0013814,0.00040423,0.00046683,0.00099898,0.00039618,0.00054634,0.0001715,0.00041607,0.00048914,0.0004157,0.00056981,0.0011932,0.00023613,0.00054373,4.8035e-05,0.00059982,0.00076234,0.00038284,9.1167e-05,0.00034794,0.00047717,0.00020705,0.00034825
0.000392,0.00024513,0.00015725,0.00027054,9.8625e-05,0.00029432,0.0001578,0.00022912,0.00026983,0.00022371,0.00022931,0.00032379,0.00020854,0.00018772,0.00029241,0.00019089,0.00035718,0.00027171,0.00028169,0.00044371,0.00023467,0.00022518,0.00022382,0.0002494,0.00026641,0.00030178,0.00028302,0.00020511,0.00027504,0.00025469,0.00035076,1.9518e-06,0.000218,0.00019698,0.00016929,0.00016605,0.00019992,0.00016325,0.00013649,0.00021506,0.00019843,0.00027386,0.00017321,0.000265,0.00014231,0.00021473,0.00028855,9.0946e-05,6.13e-05,0.00029358,0.00038397,0.00027435,0.00023228,0.00021352,0.00015838,0.00012136,0.0003504,0.00022313,0.00046684,0.00022977,0.00011559,0.00024328,0.00020964,0.00027307,0.00017803,0.00026448,0.00021309,8.9425e-05,0.0003162,0.00014672,0.0001809,0.00024002,0.00026282,0.00024386,0.00025514,0.00023922,0.00025069,0.00011836,0.00026804,0.00022689,0.00021959,0.00022978,0.00022433,0.00025853,0.0002897,5.7895e-05,0.00034309,8.868e-05,0.00034039,0.000213,0.00032095,0.0002218,0.00020078,0.00023778,0.00020624,0.0001839,0.00014472,8.4466e-05,0.00020643,0.00019707,0.00020947,0.00023748,0.00014823,0.00034417,0.00016205,0.00022502,0.00025053,0.00033338,0.00017094,0.00031322,0.00031908,8.2662e-05,0.00024017,2.1185e-05,0.00020241,0.00020047,0.00018495,0.0002058,0.00021091,0.00025268,0.00023594,0.00026118,0.00025883,0.00018327,0.00029019,0.0003162,9.3701e-05,0.00016992,0.00023963,0.00025552,-3.1606e-05,0.0001335,0.00023652,0.00019996,0.00033015,0.00030956,0.00013072,0.00021296,0.00033113,0.0002871,0.00021639,0.00026012,0.00019133,0.00029446,0.00023128,0.00027173,0.000293,0.00025468,0.00014187,0.00031448,0.00023277,0.00032111,0.00023914,6.3719e-05,0.00010041,0.00028985,0.00035388,0.00029684,0.00017523,0.00017104,0.00015223,0.00023307,0.00030092,0.00035439,0.00025521,0.0002044,0.00037723,0.0002629,0.00026771,9.5354e-05,0.0002413,0.00019295,0.00020295,0.00031218,0.00038978,0.00013237,0.00026278,5.2365e-05,0.00020696,0.00020912,0.00026274,0.00014451,0.00022927,0.00025657,0.00016095,0.00024981
0.00042819,0.00015725,0.00043826,0.00020903,5.6935e-05,0.00018931,0.00013669,0.00014528,0.00022402,0.00013631,0.00015327,0.00022774,0.00011666,0.00013342,0.00022778,0.00018214,0.00023273,0.00013666,0.00024622,0.00040095,0.00021383,0.00026716,0.00018641,0.00011494,0.00025435,0.00022397,0.00021555,0.00026448,0.00023269,0.00021318,0.00028523,0.00012412,0.00025792,0.00029975,9.519e-05,0.00015431,0.00011203,0.00013911,0.00012845,0.00021385,0.00018439,0.0001905,0.00017141,0.0001733,0.0001084,0.00014241,0.0002273,-4.9702e-06,0.00025134,0.0002224,0.00045668,0.00019371,0.00014272,0.00014047,0.00033301,0.00010914,0.00022435,0.00023454,0.00036806,9.6327e-05,6.6918e-05,0.00023589,0.00014871,0.00020869,0.0002049,0.00015055,0.00012842,4.5723e-05,0.0002544,7.6133e-05,0.0001021,0.00013417,0.00013677,0.00014646,0.00012576,0.00020093,0.00016144,8.8012e-05,0.0001168,0.00012636,0.00020324,0.00015572,0.00017035,0.00018155,0.00024767,1.7966e-05,0.00022399,0.0001119,0.00025284,0.00020301,0.00018269,0.00018924,0.00012088,0.00021691,0.00018242,0.00013102,0.00010076,9.7699e-05,0.00013302,0.00014362,0.00017007,0.00017287,0.00019653,0.00024304,7.7653e-05,0.00021519,0.00012178,0.00026084,0.00019514,0.00025628,0.00024185,0.00012041,0.00022774,-1.8599e-05,0.00015329,0.0001712,0.00016431,8.179e-05,0.00013747,0.00023645,0.00018777,0.00019778,0.00017009,0.00015599,7.4874e-05,0.00026521,0.00013245,0.00012973,0.00022657,7.7302e-05,0.00015569,0.00010006,0.00019505,0.00015457,0.0002648,0.00022949,0.00014152,0.00013983,0.00023358,0.00021506,0.00014436,0.00021544,0.00014433,0.00016464,0.00018986,0.00024875,0.00020297,0.00020575,7.8405e-05,0.00019652,0.00019583,0.00022121,0.00010008,-1.7929e-05,3.5891e-05,0.00023204,0.00028899,0.00028308,0.00017984,9.8812e-05,0.0001859,0.00024454,0.00021882,0.00024396,0.00017635,0.00014591,0.00033578,0.00015017,0.00024548,1.9215e-05,0.00017523,0.00016626,0.00018494,0.0001681,8.331e-05,0.00011846,0.00019398,7.609e-05,4.0114e-05,0.00016259,0.00023969,0.00011704,0.00014994,0.00023108,9.0867e-05,9.2261e-05
0.00057342,0.00027054,0.00020903,0.00039537,0.00016739,0.00040515,0.00018586,0.0002691,0.0003279,0.0002384,0.00026221,0.0003778,0.00022694,0.00027521,0.00037169,0.00024256,0.00043628,0.00035756,0.00036446,0.00062725,0.00026853,0.0002936,0.00026121,0.00027971,0.00037954,0.00036415,0.00035508,0.00025077,0.00034623,0.00031561,0.00037237,2.0802e-05,0.00028767,0.00029545,0.00017219,0.00021291,0.00023152,0.00021014,0.00017887,0.00027489,0.00024102,0.00036309,0.0002279,0.00028703,0.00020556,0.00024758,0.00028748,0.00011001,0.00015028,0.00032298,0.00041013,0.00033051,0.00026997,0.00024643,0.00020722,0.00018511,0.00039622,0.00027186,0.000598,0.00024085,0.0001887,0.00028472,0.00021952,0.00031362,0.00018637,0.00028152,0.0002503,6.4964e-05,0.000405,0.00015133,0.00021584,0.00028439,0.00029441,0.00024923,0.00027843,0.00026418,0.00032441,0.0001552,0.0002886,0.00022906,0.00028426,0.00027465,0.00022931,0.00025468,0.00031547,7.4014e-05,0.00039108,0.00010453,0.00041463,0.00027549,0.00036059,0.00026051,0.00020975,0.00029445,0.00027184,0.00025956,0.00016666,0.00013145,0.00025268,0.00027444,0.00024498,0.00024698,0.00023598,0.00047022,0.00016444,0.00028023,0.00025772,0.00036686,0.00021516,0.00042272,0.00036684,6.0514e-05,0.00030848,6.3597e-07,0.00027,0.0002689,0.00022102,0.00024524,0.00024215,0.00029265,0.00031888,0.00035713,0.0003294,0.00019348,0.00037567,0.00045568,0.00010961,0.00017823,0.00029827,0.00016773,-3.3797e-07,0.00017272,0.00029595,0.00023477,0.00040007,0.00035584,0.00017793,0.0002471,0.00039665,0.0003386,0.00027811,0.00030411,0.00021463,0.00031533,0.00027769,0.00032585,0.00032096,0.00028074,0.00015225,0.00035794,0.00025525,0.00027925,0.00022341,0.00010651,7.3079e-05,0.00034027,0.0004538,0.00037259,0.00022067,0.0001869,0.00022168,0.00034628,0.00036393,0.0005029,0.00028378,0.00025011,0.00050601,0.00030459,0.00032161,0.00010537,0.00025595,0.000242,0.00025089,0.00037416,0.00064515,9.8403e-05,0.00029819,6.6002e-05,0.00028875,0.00029142,0.00032266,0.00012973,0.00026066,0.00032315,0.00020418,0.00032101
0.000407,9.8625e-05,5.6935e-05,0.00016739,0.00060177,0.00027701,-8.1057e-06,4.1861e-05,8.6658e-05,0.00011648,5.4469e-05,0.00011926,4.1352e-05,0.00015943,0.00011232,0.00010434,0.00016577,8.8939e-05,3.951e-05,0.00045863,3.4704e-05,0.00011822,8.1707e-05,2.0083e-05,0.00031416,9.9361e-05,-6.3076e-06,6.2553e-05,0.00010255,0.00012961,6.6967e-05,0.00037882,9.6785e-05,0.0002866,-0.00011999,3.4714e-05,0.00010876,9.7718e-05,4.1212e-05,6.9219e-05,3.2666e-05,7.2448e-05,6.1759e-05,0.00018627,6.8563e-05,2.446e-05,0.00011548,-8.026e-06,-0.00012264,-7.4689e-06,0.00056564,0.00015312,0.0001165,7.1308e-05,0.00012257,0.00017223,0.0001322,8.9021e-05,0.00028178,0.00011839,0.00012302,2.1313e-05,7.1257e-05,3.0235e-05,4.1694e-05,4.0646e-05,3.0084e-05,-5.2135e-05,0.00016453,-1.577e-05,0.00010694,8.023e-05,0.00011814,9.5059e-06,2.5228e-05,0.00014938,5.5774e-05,0.00012589,3.4195e-05,0.00010212,0.00012715,0.00014048,-4.5958e-05,0.00025094,0.00014706,2.2389e-05,0.00014072,5.9046e-05,0.00011705,5.4508e-05,-4.0794e-05,0.00012311,-5.1834e-06,6.8331e-05,6.4905e-05,0.00011965,7.6289e-05,9.2763e-06,-3.1405e-05,0.00011023,-3.918e-05,7.06e-05,7.0897e-05,8.8712e-05,1.4183e-05,0.00010558,0.00013141,7.6223e-06,6.5957e-05,0.00027686,3.9173e-05,-9.0018e-05,0.00011568,0.00025768,-9.2265e-05,0.00011916,-4.3277e-05,7.7568e-05,8.8001e-05,7.6844e-05,0.00015241,0.00020715,0.00010686,7.0315e-05,7.4037e-05,0.00035936,7.1659e-05,4.4853e-05,0.00013299,0.00017907,0.00015251,9.4776e-05,0.00019098,7.979e-05,0.00017184,7.2737e-05,-2.7431e-05,6.3813e-05,0.00015364,0.00014253,9.2275e-05,-5.8878e-06,3.0155e-06,0.00029866,0.00011405,0.00010758,-5.6057e-06,4.5771e-05,-1.9045e-05,0.00015288,-4.3754e-05,0.00020955,-1.0908e-05,9.2678e-05,8.9016e-06,0.00012423,0.00018684,9.8858e-06,8.3948e-05,2.833e-05,8.2493e-05,6.9575e-05,3.6226e-05,0.00056105,9.4787e-05,0.000102,0.00019318,3.1613e-05,5.1377e-05,7.5269e-05,8.6758e-06,7.6207e-05,9.952e-05,9.1385e-05,0.0003417,-2.0825e-05,0.00014079,0.00011314,0.00016539,9.2814e-05,8.869e-05,5.5982e-05,2.0588e-05,0.00010346,2.8866e-05,8.2169e-05
0.00078966,0.00029432,0.00018931,0.00040515,0.00027701,0.00070411,0.00018186,0.00030532,0.00041285,0.00031889,0.00029625,0.00047603,0.00029594,0.00037578,0.00039344,0.00023901,0.00051183,0.00046136,0.00040948,0.00084115,0.0003146,0.00035349,0.00038317,0.00028031,0.00054592,0.00037219,0.00040247,0.00029179,0.0004429,0.00035131,0.00055308,0.00025348,0.000354,0.00039463,0.00026132,0.00026958,0.00029239,0.00023848,0.00020336,0.00032619,0.00021353,0.00042594,0.00023632,0.00050504,0.0002335,0.00030634,0.00036246,0.00022364,4.8692e-05,0.00038395,0.00053198,0.00034526,0.0002792,0.00034497,0.00027073,0.00019889,0.00036912,0.00031543,0.00090888,0.00030723,0.0001754,0.00033534,0.00030723,0.00033699,0.00017845,0.00030418,0.00032022,0.00013735,0.00049535,0.00020153,0.00022006,0.00025758,0.00038091,0.00024119,0.0003085,0.00029457,0.00043107,0.00025062,0.00035867,0.00026146,0.00030492,0.00036789,0.00037363,0.00035505,0.00028655,3.7453e-05,0.0004889,0.00014026,0.00048158,0.00031393,0.00043325,0.00030345,0.00023593,0.00036012,0.00034207,0.00034268,0.00020631,0.00014175,0.00026282,0.00033389,0.00025674,0.00030832,0.00025474,0.00052754,0.0001619,0.00034541,0.00021541,0.00056527,0.00015318,0.00067644,0.00040763,0.00015372,0.00034702,0.00017188,0.00031212,0.00029818,0.00027898,0.00027778,0.00026857,0.00032888,0.00039001,0.00052894,0.00039054,0.00021197,0.00037129,0.00059405,0.0001461,0.00023457,0.00033482,0.00020137,3.4158e-05,0.00014278,0.00038431,0.0002625,0.0004724,0.00042841,0.00023812,0.00028843,0.00044461,0.00036893,0.00024696,0.00042503,0.0002638,0.00034044,0.00025727,0.00043372,0.00039289,0.00037297,0.00010996,0.00044326,0.00020198,0.00037716,0.00030095,0.00010797,9.1642e-05,0.0003372,0.00052192,0.00044371,0.00025098,0.00028444,0.00028515,0.00050433,0.00046918,0.00082334,0.00031986,0.00031821,0.00064372,0.00035214,0.00036989,0.00011736,0.00029922,0.00035148,0.00028284,0.00042505,0.00083165,0.00017345,0.00037313,0.00010885,0.00047845,0.00049881,0.00038112,9.2158e-05,0.0002783,0.00034719,0.00022421,0.00060121
0.00033011,0.0001578,0.00013669,0.00018586,-8.1057e-06,0.00018186,0.00018837,0.00016128,0.00019044,0.0001193,0.00016789,0.00023396,0.00014212,8.8101e-05,0.00021676,0.00013016,0.00025297,0.00015856,0.00017046,0.00035692,0.00018035,0.00015755,0.00015696,0.00018203,0.00017225,0.00024314,0.00021904,0.0001727,0.00019573,0.00018015,0.00029126,-0.00012854,0.00015139,0.00017197,0.00010008,0.00013125,0.00013457,0.00010417,0.00010343,0.00015516,0.00014023,0.00019364,0.00014306,0.00013757,0.00010682,0.00016785,0.00018884,6.1979e-05,0.00011063,0.00022838,0.00023663,0.00017904,0.00014754,0.00013702,0.00013778,1.676e-05,0.00023047,0.00018638,0.00036394,0.00013364,4.9058e-05,0.00017044,0.00011956,0.00020284,0.00012282,0.00018868,0.00015311,0.00013408,0.00022502,0.00015076,9.0163e-05,0.00015691,0.00018811,0.00018562,0.0001633,0.00016638,0.00019725,6.8756e-05,0.00017098,0.00018736,0.00014964,0.00019477,0.00013937,5.6321e-05,0.0002125,3.6337e-05,0.00027647,5.3738e-05,0.00022934,0.00015225,0.00020217,0.00015069,0.00013078,0.00017028,0.00014329,0.00011264,9.5442e-05,8.8285e-05,0.00017815,0.00013358,0.00013293,0.00019207,0.00011634,0.00026509,0.00013581,0.00014242,0.00019334,0.00021899,0.00011518,0.0002744,0.00026504,4.2327e-05,0.000144,7.5675e-05,0.00016173,0.00012832,0.00018354,0.00013009,0.00013573,0.00017919,0.00019612,0.00011937,0.00016416,0.00013479,0.00019506,0.00020677,9.8222e-05,6.5449e-05,0.00018917,5.3034e-05,-7.8012e-05,5.4596e-05,0.00016036,0.0001228,0.00020676,0.00018816,0.00010078,0.00016298,0.00022858,0.00020085,0.00019033,0.00020297,0.00012896,0.0001419,0.00017292,0.00017798,0.00021054,0.00015278,9.4279e-05,0.00019576,0.0001579,8.4375e-05,0.00013188,2.4092e-05,7.4412e-05,0.00019289,0.00025712,0.00023787,0.00010937,0.00012836,0.00012419,0.00023255,0.00019125,0.00022861,0.00016329,0.0001646,0.00026037,0.00018047,0.00020447,4.3559e-05,0.00018327,0.00013837,0.00013515,0.00022545,0.00030616,6.7049e-05,0.00019062,4.4431e-05,0.00016368,0.00021699,0.00018588,0.00010493,0.00015955,0.00017066,0.00010337,0.00016205
0.00037824,0.00022912,0.00014528,0.0002691,4.1861e-05,0.00030532,0.00016128,0.00028815,0.00029579,0.00022824,0.00022879,0.00032445,0.00022683,0.00022487,0.00030786,0.00018112,0.0003812,0.00024032,0.00031119,0.00044085,0.0002526,0.0002168,0.0002267,0.00026218,0.00023678,0.00032146,0.00033147,0.00022598,0.00031356,0.00028171,0.00029318,-8.1451e-05,0.00022064,0.00016718,0.00018842,0.00018487,0.00021395,0.0001374,0.00015536,0.00023164,0.00022339,0.0003421,0.00016919,0.00026708,0.000175,0.00024918,0.00026443,0.00014585,4.7603e-05,0.00032877,0.00044109,0.00026706,0.00017736,0.00023917,0.00016554,0.000147,0.00031286,0.00024431,0.00047279,0.00020407,0.00014122,0.00025978,0.00019405,0.00030084,0.00018883,0.00025859,0.00022739,0.00010968,0.0003138,0.00016823,0.00018574,0.00023597,0.0002343,0.0002596,0.00026038,0.00023868,0.00029742,0.00014719,0.00027613,0.00021723,0.0002376,0.00023342,0.00027031,0.00021763,0.00029949,5.5045e-05,0.00037538,0.00012415,0.00037009,0.00021001,0.00038555,0.00023452,0.00019442,0.00026853,0.00023018,0.00019088,0.00016901,0.00011523,0.00024068,0.00021761,0.00024008,0.00023085,0.00019736,0.00037382,0.0001334,0.00023245,0.00021645,0.00038905,0.00016402,0.00029015,0.00033501,0.00010645,0.00023694,2.1194e-05,0.00022338,0.00021277,0.00022974,0.00019817,0.00019934,0.00024884,0.00021917,0.00025633,0.00026968,0.00018495,0.00037824,0.00031922,0.00010243,0.00021003,0.00023861,0.00019044,-6.2489e-05,0.00011925,0.00029603,0.00022008,0.00031769,0.00031234,0.00016239,0.00018541,0.00035295,0.00029024,0.00022081,0.00029295,0.00020688,0.00020085,0.00024954,0.00026652,0.00029814,0.00029433,0.00015695,0.00032372,0.00024114,0.00013532,0.00028037,4.0413e-05,7.8727e-05,0.00025375,0.00036722,0.00036386,0.00017422,0.00019616,0.00015841,0.00025388,0.00032445,0.00034613,0.00029444,0.00018632,0.00038882,0.00029644,0.00029855,7.5934e-05,0.00023812,0.00020199,0.00019672,0.00035301,0.00055817,0.00012434,0.00024571,4.5905e-05,0.00020884,0.00028098,0.0002706,0.00017233,0.00024373,0.00027597,0.00017625,0.00035208
0.00050521,0.00026983,0.00022402,0.0003279,8.6658e-05,0.00041285,0.00019044,0.00029579,0.0004173,0.00029578,0.00026563,0.00039818,0.00026636,0.00028373,0.00038511,0.00022314,0.00047579,0.0003375,0.0004094,0.00058431,0.00029626,0.00028769,0.0002934,0.00030915,0.00032059,0.00036832,0.00038224,0.00028073,0.00037391,0.00034057,0.00036527,-1.1762e-05,0.00030679,0.00021519,0.00024647,0.00023116,0.00025253,0.00023218,0.00022727,0.00029762,0.00025508,0.00042647,0.00020339,0.00037533,0.00022755,0.0003119,0.00037579,0.00019005,0.00012087,0.00041151,0.00052442,0.00032958,0.00029426,0.00029792,0.00021579,0.00020781,0.00037309,0.00028875,0.00068702,0.00026234,0.00015506,0.0003308,0.00027375,0.00035708,0.00020677,0.00030325,0.00027663,0.00012695,0.0004359,0.00019409,0.00023452,0.00025743,0.00032998,0.00030054,0.00029403,0.00027222,0.00034254,0.00018398,0.00035686,0.00024986,0.00026974,0.0002585,0.0003588,0.00028956,0.00032972,5.6378e-05,0.00038898,0.00018268,0.00043869,0.0003023,0.00044355,0.0002502,0.0002669,0.0003299,0.00032859,0.00030656,0.00018784,0.00016121,0.00026633,0.00025654,0.00027786,0.00028652,0.00023684,0.00042717,0.00021838,0.00029221,0.00027156,0.00052604,0.00015726,0.00040993,0.0004199,0.00018763,0.00030458,8.7338e-06,0.00033344,0.00027611,0.00026521,0.00027915,0.00022235,0.00031933,0.00036089,0.00037958,0.00033187,0.00019006,0.00037924,0.00046905,0.00013444,0.00022767,0.00026234,0.00020556,-4.6328e-05,0.00015518,0.00040526,0.00027156,0.00040418,0.00040214,0.00023959,0.0002674,0.00044397,0.00040364,0.00025649,0.00037188,0.00026846,0.00027431,0.00024625,0.00035646,0.00035737,0.00034002,0.00018706,0.00038998,0.00025504,0.0002537,0.00026318,4.7824e-05,6.6978e-05,0.00031089,0.00049579,0.00043568,0.00023955,0.00023151,0.0002569,0.00035803,0.00042472,0.0004258,0.00032997,0.00031099,0.0005099,0.00034348,0.00035836,0.00010078,0.0003071,0.00024597,0.000269,0.00037667,0.00049439,0.00019795,0.00033108,0.00013833,0.00031462,0.00036103,0.0003324,0.00024402,0.00028647,0.00033494,0.00021522,0.00042011
0.00043196,0.00022371,0.00013631,0.0002384,0.00011648,0.00031889,0.0001193,0.00022824,0.00029578,0.00035834,0.00021575,0.00033428,0.00025169,0.00020166,0.00027833,0.00012374,0.00039243,0.00027955,0.0003148,0.00051146,0.00022925,0.00017666,0.0002408,0.0002806,0.00035494,0.0003014,0.00027246,0.00024487,0.00031229,0.00023906,0.00027815,6.7829e-05,0.0002229,0.00020789,0.0002283,0.00017228,0.00022703,0.0001821,0.00018043,0.00022621,0.00016986,0.00024576,0.00013063,0.00033717,0.00011906,0.00023631,0.00028973,0.0001483,4.3526e-05,0.00022454,0.00049019,0.00026574,0.00018419,0.00022839,0.00019216,0.00019398,0.0003411,0.00020972,0.00054907,0.00020332,0.0001283,0.0002467,0.00029078,0.00027923,0.00019208,0.00030066,0.00022455,0.0001562,0.00037883,0.00014149,0.00019461,0.00018224,0.00024866,0.00024929,0.00025477,0.00020149,0.00034806,0.0001551,0.00040034,0.0001975,0.00020435,0.00020101,0.00023988,0.00029906,0.00023667,2.9923e-05,0.00026913,9.9958e-05,0.00036346,0.00022898,0.00034926,0.00023386,0.0002169,0.00024521,0.00026514,0.00024071,0.00012856,4.5021e-05,0.00020756,0.00017707,0.00025259,0.00027716,9.0816e-05,0.00034049,0.00016356,0.00024041,0.00027581,0.00040458,0.00017131,0.00033597,0.00028923,6.4545e-05,0.00025611,6.704e-05,0.00027122,0.00021703,0.0001053,0.00022669,0.00021869,0.00027712,0.00022658,0.00040256,0.00025537,0.00017835,0.00023845,0.00041544,0.00012992,0.00019812,0.00017791,0.00025415,3.0789e-05,0.00010741,0.00033029,0.000173,0.00035887,0.00033725,0.00012807,0.00019031,0.00036336,0.0003495,0.00023853,0.00025424,0.00017625,0.00029823,0.00020541,0.00029995,0.00026843,0.00033092,0.00015148,0.00038448,0.00023945,0.0002824,0.00022068,4.6918e-05,3.1865e-05,0.00038005,0.00036947,0.00028552,0.00020347,0.00024674,0.00011045,0.00028355,0.00031524,0.00049536,0.0002291,0.00025366,0.00046167,0.0003088,0.00023591,0.00010995,0.00027306,0.00023718,0.00023228,0.00032546,0.0002871,0.00020963,0.00031958,0.00013899,0.00024434,0.00025455,0.0002178,0.00022375,0.00024658,0.00025605,0.00013924,0.0002431
0.00041533,0.00022931,0.00015327,0.00026221,5.4469e-05,0.00029625,0.00016789,0.00022879,0.00026563,0.00021575,0.00023479,0.00032598,0.00021057,0.00017135,0.0002971,0.00017121,0.00035718,0.00024958,0.00028481,0.00046147,0.00022959,0.00020899,0.00022315,0.00024413,0.00025682,0.00031612,0.00029608,0.00020521,0.00027306,0.00024672,0.00035291,-2.6893e-05,0.00020538,0.00017858,0.00018555,0.00017898,0.00018993,0.00014954,0.00013821,0.00020977,0.00019658,0.00027086,0.00018093,0.00025275,0.00013444,0.00021861,0.00024176,9.1858e-05,6.2484e-05,0.00028768,0.00033239,0.00026421,0.00020267,0.00022044,0.0001807,0.00010241,0.00032457,0.00022573,0.00050928,0.00018677,0.00011101,0.00023548,0.00020678,0.00026673,0.00016376,0.00025866,0.00020809,9.4906e-05,0.00030885,0.00014783,0.00015498,0.00022382,0.00022958,0.00023764,0.00023595,0.00022019,0.00028023,0.00011741,0.00027912,0.00021014,0.00020946,0.00020552,0.00021675,0.00018598,0.00026699,4.6822e-05,0.00033875,9.1855e-05,0.00034244,0.00020172,0.00030983,0.0002155,0.00018155,0.00023767,0.00021712,0.00017736,0.00012761,8.6027e-05,0.00021258,0.00020015,0.00020042,0.00023228,0.00015496,0.00033856,0.0001634,0.00022172,0.00021483,0.00033499,0.00017283,0.00030785,0.00030991,9.0261e-05,0.0002305,6.7525e-05,0.00020067,0.00020083,0.00020137,0.0002008,0.00020066,0.00024914,0.00021719,0.00027489,0.00024834,0.00017012,0.00027046,0.00032289,0.0001036,0.00015058,0.00022723,0.00020153,-2.1908e-05,0.00010766,0.00021119,0.00018399,0.00029753,0.00028835,0.00011731,0.000214,0.00032444,0.00027388,0.00022047,0.00027045,0.00019255,0.0002531,0.00022314,0.00027346,0.000278,0.00024726,0.0001345,0.00031394,0.00022112,0.00024031,0.00022494,7.3272e-05,9.1265e-05,0.00027866,0.00034637,0.00031175,0.00016937,0.00017791,0.00011539,0.00024821,0.00030991,0.0003516,0.00023674,0.00020922,0.00038291,0.00026945,0.00027555,8.5639e-05,0.00023968,0.00018577,0.00019737,0.00032155,0.00043548,0.00011482,0.00025472,4.6566e-05,0.00022085,0.00024156,0.00025425,0.00013946,0.00022148,0.0002545,0.00016096,0.00022406
0.00062431,0.00032379,0.00022774,0.0003778,0.00011926,0.00047603,0.00023396,0.00032445,0.00039818,0.00033428,0.00032598,0.00050759,0.00029717,0.00025645,0.00043256,0.00023999,0.00054754,0.00042483,0.00041872,0.00068352,0.00034396,0.00034509,0.00033184,0.00035377,0.00040952,0.00045597,0.00041565,0.00032023,0.0004026,0.00036497,0.00055642,-5.6446e-05,0.00029623,0.00030461,0.00029246,0.00025804,0.00026851,0.0002459,0.00019313,0.00030248,0.00027117,0.00041579,0.00022513,0.00038153,0.00021926,0.00031235,0.000356,0.00017957,0.00011049,0.00040025,0.00050188,0.00037345,0.00030029,0.00031911,0.0002124,0.00017404,0.0004764,0.00032684,0.00077595,0.000283,0.00015674,0.00034013,0.0003255,0.00039461,0.00023514,0.00038481,0.00030168,0.00014227,0.00048242,0.00024618,0.00021697,0.00031439,0.00040244,0.00034206,0.00034465,0.00032214,0.00042199,0.00018781,0.00039487,0.00030196,0.00030768,0.00030054,0.00036294,0.00034214,0.00036922,6.7123e-05,0.00051804,0.00012725,0.00049525,0.00030857,0.00048592,0.00031969,0.00027467,0.00035053,0.00032581,0.00030699,0.00018963,0.00013164,0.00032074,0.00028865,0.00021519,0.00035961,0.00021733,0.00048991,0.00023504,0.00032691,0.00032346,0.00051623,0.00025417,0.00053021,0.00045849,0.00011932,0.00032382,0.00010135,0.00031156,0.00028639,0.00025899,0.00030508,0.00028025,0.00037717,0.00034566,0.00042505,0.00037076,0.00023425,0.00041821,0.00049074,0.00015697,0.00020342,0.00031355,0.00028398,-5.8932e-05,0.00015185,0.00031301,0.00025689,0.00047837,0.00045191,0.00015134,0.00030779,0.00046504,0.00043905,0.00032327,0.00039311,0.00025607,0.00043165,0.00029429,0.00044339,0.00040498,0.00034851,0.00017998,0.000453,0.00031006,0.00031774,0.00031465,7.4652e-05,0.00012887,0.00043779,0.00051735,0.00045276,0.00025287,0.00026116,0.00021555,0.00039188,0.00045376,0.00056277,0.0003645,0.00032325,0.00059739,0.0003952,0.00036023,0.00012871,0.00036685,0.00028055,0.00028511,0.0004513,0.00060535,0.00017356,0.00039101,0.00010484,0.00034921,0.00041891,0.00036082,0.00021138,0.00032804,0.00036529,0.00021348,0.00038673
0.00037026,0.00020854,0.00011666,0.00022694,4.1352e-05,0.00029594,0.00014212,0.00022683,0.00026636,0.00025169,0.00021057,0.00029717,0.00024612,0.00017767,0.00028262,0.00014516,0.00036855,0.00026011,0.00029735,0.00045157,0.0002478,0.00019806,0.00023713,0.00025879,0.00025831,0.0003075,0.00029975,0.00021768,0.00029734,0.00021832,0.00030156,-3.9379e-05,0.00020191,0.0001704,0.00020896,0.00015767,0.00022705,0.00014113,0.00016818,0.00021027,0.00016383,0.00024778,0.00016582,0.00030606,0.00013288,0.00022915,0.00030627,0.00010765,7.0675e-05,0.00029587,0.0003742,0.00024781,0.00016105,0.00020777,0.00012488,0.00011894,0.00029079,0.00020869,0.00048523,0.00019957,0.00010786,0.00023377,0.00022145,0.00026642,0.00017068,0.00026059,0.00021662,0.00012387,0.00031689,0.0001637,0.00017327,0.00020215,0.00022922,0.00023907,0.00024389,0.00017728,0.00028136,0.00013457,0.00032248,0.00020572,0.00020863,0.00021375,0.00022846,0.00021596,0.00024444,2.7101e-05,0.00028485,8.897e-05,0.00033307,0.00020903,0.00032973,0.00020666,0.00021946,0.00023647,0.00023153,0.00016551,0.00013536,6.7399e-05,0.00020994,0.00017853,0.00024064,0.00024523,0.00012581,0.00035293,0.00014643,0.00020937,0.00025861,0.0003783,0.00016544,0.00031778,0.00030028,0.00011114,0.00023222,3.9921e-05,0.00022785,0.0001928,0.00018215,0.00020375,0.00020155,0.00023958,0.000211,0.00029399,0.00026015,0.00017027,0.00027944,0.00033501,0.00012181,0.00017097,0.00020836,0.00020995,-5.4865e-05,7.0846e-05,0.00027365,0.0001879,0.00031311,0.00028594,0.00016826,0.0002002,0.00033568,0.00028299,0.0002135,0.00028028,0.00019942,0.00018111,0.00020195,0.00026193,0.00028663,0.000262,0.00016034,0.00031582,0.00020963,0.00025386,0.00020803,7.1833e-05,6.4425e-05,0.00024824,0.00033426,0.00030558,0.00017218,0.00020501,0.0001136,0.00024436,0.00029889,0.00038445,0.0002202,0.00022709,0.00038773,0.00029504,0.0003013,7.7783e-05,0.00024878,0.00020763,0.00019813,0.00029401,0.00043806,0.00019211,0.0002617,5.8897e-05,0.00022645,0.0002397,0.00024419,0.00014892,0.00022283,0.00022247,0.00016195,0.00026306
0.00045647,0.00018772,0.00013342,0.00027521,0.00015943,0.00037578,8.8101e-05,0.00022487,0.00028373,0.00020166,0.00017135,0.00025645,0.00017767,0.00042836,0.00022669,0.00016996,0.0002879,0.00033458,0.00033255,0.00047213,0.00022474,0.00027616,0.00023828,0.00021513,0.00032215,0.00019977,0.00027789,0.00023886,0.00030545,0.00023985,0.0003007,0.00029379,0.00030226,9.854e-05,0.00019213,0.00013517,0.00020771,0.00013605,0.00014834,0.00024131,0.0001441,0.00033316,0.00017907,0.00034022,0.00019675,0.00019793,0.00016267,2.4769e-05,6.0971e-05,0.00030445,0.0004863,0.00023666,0.00015928,0.00024592,0.00025017,0.00022575,0.00023364,0.00015117,0.00051776,0.0002138,0.00019998,0.00023972,0.00017063,0.00023062,0.00012172,0.00018549,0.00021939,8.4471e-05,0.00032089,0.00015036,0.00018385,0.00019401,0.00013435,9.8965e-05,0.00022429,0.00019596,0.00017461,8.0371e-05,0.00012498,0.00017286,0.00022886,0.00025545,0.00031731,0.00016418,0.00024163,6.6599e-05,0.00028446,0.00016066,0.00026457,0.00023817,0.00028635,0.00022159,0.00015852,0.00026985,0.0002259,0.00019767,0.00015859,0.00015577,0.00020336,0.0002478,0.00019011,0.00017316,0.00023913,0.00030685,5.694e-05,0.00025841,0.00017561,0.00031746,8.9494e-05,0.00033911,0.00028692,0.00010424,0.0002645,5.8416e-05,0.00025315,0.00023216,0.00017092,0.00014877,0.0001905,0.00017281,0.00028789,0.00032415,0.00029059,0.00014975,0.00027788,0.0004085,0.00012096,0.00016718,0.00024696,0.00014077,0.00016885,8.3474e-05,0.00037968,0.00022041,0.00030355,0.00023563,0.00022904,0.0001459,0.00028764,0.00020181,0.00015423,0.00031247,0.00019418,0.00025964,0.00020275,0.00028954,0.00023099,0.00020202,0.00015153,0.00029356,0.00013972,0.0002564,0.00016486,6.9864e-05,1.0696e-05,0.00022686,0.00036736,0.00033315,0.00020048,0.00012124,0.00019548,0.00022734,0.00035556,0.0003975,0.00028161,0.00016265,0.00041338,0.00023108,0.00030517,5.6809e-05,0.0001284,0.00026075,0.00024164,0.00025663,0.0005213,8.3846e-05,0.00022311,5.4039e-05,0.00020151,0.00026254,0.00027084,0.00016692,0.00020581,0.00025918,0.00016182,0.00055622
0.00049478,0.00029241,0.00022778,0.00037169,0.00011232,0.00039344,0.00021676,0.00030786,0.00038511,0.00027833,0.0002971,0.00043256,0.00028262,0.00022669,0.00049031,0.00023319,0.00052279,0.00038446,0.00043667,0.00061934,0.00032264,0.00033276,0.00029442,0.00033108,0.00031904,0.00044047,0.00044152,0.0002847,0.00038531,0.00033231,0.00043591,-9.5219e-05,0.00028718,0.00029744,0.00030152,0.00024215,0.00026275,0.00025488,0.00021738,0.00029412,0.0002795,0.00037751,0.00026384,0.00032861,0.00022949,0.0002721,0.0003569,0.00013129,0.00015156,0.00042009,0.00057145,0.00035522,0.00029581,0.00029503,0.00017624,0.00017394,0.00044129,0.00031469,0.00056654,0.0002544,0.00018129,0.00033167,0.00030093,0.00036778,0.00029575,0.00034373,0.00027779,8.5646e-05,0.0004275,0.00020485,0.00021681,0.00031009,0.00033644,0.00033507,0.00030412,0.00026237,0.00034111,0.00018124,0.00033799,0.00027964,0.00030316,0.00022226,0.00035857,0.00025549,0.00036583,5.5253e-05,0.00042685,0.00018048,0.0004493,0.00030992,0.00042965,0.00030985,0.0002616,0.00033415,0.00034693,0.00028838,0.00017159,0.00013811,0.00027433,0.00026088,0.00022657,0.00029758,0.00023606,0.00045947,0.00023719,0.00031115,0.00031236,0.000509,0.00023255,0.00040793,0.00044536,0.00015331,0.00029962,2.3513e-06,0.00031054,0.00028668,0.00028436,0.000292,0.00023248,0.00034501,0.0003394,0.00037334,0.00039055,0.00018209,0.00043987,0.0004767,0.00012712,0.00017992,0.00028602,0.00021762,-7.6183e-05,0.00013064,0.00032274,0.00025661,0.00042208,0.00040227,0.00016935,0.00029394,0.00046093,0.00041633,0.00033462,0.00038576,0.00026847,0.0003125,0.00026958,0.00038413,0.00035533,0.00030325,0.00019783,0.00039024,0.00028151,0.00028209,0.00024617,8.5202e-05,0.000107,0.0003442,0.00050485,0.00041495,0.00024711,0.00021122,0.00020654,0.00032966,0.0004409,0.00034939,0.0003291,0.00034278,0.00054154,0.00042069,0.00038168,8.4395e-05,0.0003286,0.00024561,0.00028234,0.00039935,0.00065426,0.00013805,0.00035244,0.00010689,0.00027461,0.00028607,0.00036529,0.0002409,0.00029921,0.00033756,0.00023182,0.00030188
0.00030451,0.00019089,0.00018214,0.00024256,0.00010434,0.00023901,0.00013016,0.00018112,0.00022314,0.00012374,0.00017121,0.00023999,0.00014516,0.00016996,0.00023319,0.00021798,0.0002925,0.00020984,0.00021768,0.00034874,0.00020251,0.00023986,0.00016863,0.00017769,0.00018874,0.000227,0.00022781,0.00015975,0.00021539,0.00023224,0.00028119,-5.7169e-05,0.00020151,0.00013316,6.362e-05,0.00013334,0.00015655,0.0001387,0.0001306,0.00018316,0.00019326,0.00027758,0.00015881,0.00019373,0.00015671,0.00017619,0.00031475,8.1163e-05,5.0004e-05,0.00026477,0.00030748,0.00022941,0.00022725,0.00017425,0.00010456,6.4818e-05,0.00026849,0.00018972,0.00038654,0.00020427,9.7855e-05,0.00020005,0.0001107,0.00023408,0.00013011,0.00018449,0.00016838,3.6775e-05,0.00024355,0.0001235,0.00017581,0.00019464,0.0002605,0.00020371,0.00019896,0.00019871,0.00014805,9.8026e-05,0.00015412,0.00019347,0.00020238,0.00025529,0.00016033,0.00022887,0.00026003,5.0535e-05,0.00031636,7.4905e-05,0.00026576,0.00018201,0.00025359,0.00016936,0.00016572,0.00019788,0.00016241,0.00013816,0.00014429,0.00011131,0.0001688,0.0001908,0.00016973,0.0001681,0.00018179,0.0003142,0.00010263,0.00016443,0.00023157,0.00024797,0.00013107,0.00023146,0.0002748,9.6323e-05,0.00021336,-2.3074e-05,0.00014666,0.00015709,0.0002103,0.00015973,0.00016905,0.00019324,0.00022486,0.00012115,0.00021728,0.00014876,0.00027196,0.00022923,5.0268e-05,0.00013453,0.00023758,0.00014082,-7.616e-05,0.00014879,0.00022614,0.00019119,0.00029076,0.00025223,0.00015754,0.00016157,0.00027767,0.00022658,0.00016796,0.00021351,0.00017454,0.00021499,0.00021097,0.00019974,0.00025454,0.00019434,0.00011431,0.00020948,0.00018339,0.00026836,0.0001628,5.5528e-05,9.703e-05,0.00015835,0.00030201,0.00027074,0.00014569,0.00010963,0.00021835,0.00021361,0.00021911,0.00023181,0.00018491,0.00012903,0.00026821,0.00016371,0.00023488,7.005e-05,0.00017965,0.00015484,0.00015443,0.00023406,0.00042902,9.4901e-05,0.00019715,3.493e-05,0.0001554,0.00015361,0.00024713,8.2768e-05,0.00018658,0.00022383,0.00015627,0.00023588
0.00075572,0.00035718,0.00023273,0.00043628,0.00016577,0.00051183,0.00025297,0.0003812,0.00047579,0.00039243,0.00035718,0.00054754,0.00036855,0.0002879,0.00052279,0.0002925,0.00074269,0.00043697,0.00050474,0.00086767,0.00041481,0.0004402,0.00036018,0.00042391,0.00044547,0.00061009,0.00048323,0.00037884,0.00046374,0.00042057,0.0004742,-0.00022253,0.00037568,0.000335,0.00033997,0.00029894,0.00034156,0.00031392,0.00032573,0.00035602,0.00030959,0.00048351,0.00026299,0.00051227,0.00028677,0.00039001,0.00047695,0.00022499,8.1669e-05,0.00048018,0.00063414,0.00046997,0.00036459,0.00034571,0.00020575,0.00025373,0.00057755,0.000445,0.00097693,0.00033996,0.00021928,0.00038636,0.00040101,0.0004927,0.00022096,0.00043985,0.00038315,0.00018276,0.00059752,0.00029189,0.00027641,0.00036992,0.00047829,0.00043411,0.00040659,0.0003432,0.00045186,0.0002518,0.00045848,0.00037972,0.00036677,0.00035459,0.00041637,0.00045981,0.00043125,9.805e-05,0.00052376,0.00014787,0.00055686,0.00037164,0.00050761,0.00036636,0.00034555,0.00043632,0.00043969,0.00032818,0.00021447,0.00017094,0.00036383,0.00032284,0.0003552,0.00043518,0.0002745,0.00062912,0.00029466,0.00035834,0.00046585,0.00064636,0.00026943,0.00056215,0.00053561,0.00013548,0.00036338,0.00013165,0.00031416,0.00035812,0.00025116,0.00038406,0.00031516,0.00046068,0.00043039,0.00048353,0.00042597,0.00027498,0.00053741,0.00068823,0.00022857,0.00023336,0.00034199,0.00033264,-9.606e-05,0.0001538,0.0004297,0.00034485,0.00055981,0.00051856,0.00024673,0.00037992,0.00058566,0.00053087,0.00040762,0.00043889,0.0003228,0.000441,0.00035385,0.00043525,0.00049263,0.000452,0.00025062,0.00051792,0.00037115,0.00027445,0.00029294,0.00010885,0.00010888,0.00048009,0.00060336,0.00054287,0.0002913,0.00030588,0.00029028,0.00040341,0.00046909,0.00064828,0.00038484,0.00040726,0.00070227,0.00045869,0.00045677,0.00016633,0.00044926,0.00032176,0.00032477,0.00051605,0.00095458,0.00024471,0.00046754,9.9389e-05,0.00042206,0.00049056,0.00038198,0.00025663,0.0003774,0.0004229,0.00026081,0.00038825
0.00044272,0.00027171,0.00013666,0.00035756,8.8939e-05,0.00046136,0.00015856,0.00024032,0.0003375,0.00027955,0.00024958,0.00042483,0.00026011,0.00033458,0.00038446,0.00020984,0.00043697,0.0006137,0.0004379,0.00050844,0.00033758,0.00038519,0.00033195,0.00034385,0.00038971,0.00031176,0.00039176,0.00029239,0.00038349,0.00026545,0.0005976,5.8716e-05,0.00030199,0.0002334,0.00035671,0.0001746,0.000257,0.00025814,0.00015824,0.00028297,0.00018073,0.00035287,0.0002234,0.00035118,0.00023456,0.00023511,0.00033613,9.8749e-05,0.0002037,0.00038589,0.00036094,0.0002988,0.00028348,0.00027943,5.7376e-05,0.00016344,0.0004044,0.00017274,0.00055961,0.00031079,0.00017212,0.00031709,0.00029192,0.00032664,0.00023822,0.00034503,0.00028508,8.2536e-05,0.00043979,0.00024832,0.00022324,0.000291,0.00040214,0.00023059,0.00033364,0.00020043,0.00027352,0.00011269,0.00028136,0.0002354,0.00028199,0.00028242,0.00042107,0.00033082,0.0002676,5.7439e-05,0.00042759,8.9718e-05,0.00037354,0.00034482,0.00047392,0.0002796,0.00030719,0.00030259,0.00028793,0.00030579,0.00017718,0.00012841,0.00029964,0.00026051,0.00011664,0.0002901,0.00017575,0.00045398,0.00017333,0.00029938,0.00033393,0.00044868,0.00021426,0.00051688,0.00042006,0.00013218,0.00031814,-7.8936e-05,0.0004042,0.00024505,0.00021353,0.0002746,0.00025253,0.0002896,0.0003741,0.00040082,0.00042479,0.00016229,0.00039501,0.00040916,9.7082e-05,0.00013312,0.00028786,0.00023123,-6.4235e-05,0.0001001,0.00030762,0.00022456,0.00049293,0.00041108,0.00019859,0.0002636,0.00036679,0.00036894,0.00027445,0.00040887,0.00023772,0.0004217,0.00018741,0.00046557,0.00037147,0.00019939,0.00020316,0.00035256,0.00024347,0.00048892,0.00021885,8.9505e-05,9.9405e-05,0.00036957,0.00047332,0.00036414,0.00025645,0.00018602,0.00026285,0.00035114,0.00047599,0.00039988,0.00032258,0.00030311,0.00056699,0.00038763,0.0003306,9.2135e-05,0.0002998,0.00032442,0.00029129,0.00030816,0.00046796,0.00018558,0.00034712,9.0573e-05,0.00029011,0.00027599,0.00036599,0.00015536,0.0003056,0.00027766,0.00021431,0.00051621
0.00056522,0.00028169,0.00024622,0.00036446,3.951e-05,0.00040948,0.00017046,0.00031119,0.0004094,0.0003148,0.00028481,0.00041872,0.00029735,0.00033255,0.00043667,0.00021768,0.00050474,0.0004379,0.00052964,0.00062608,0.00034621,0.00037005,0.00032497,0.00036355,0.000356,0.00041181,0.00045761,0.00033257,0.00041798,0.00031475,0.00038663,1.2201e-05,0.00035237,0.00023385,0.00037282,0.00023708,0.00027515,0.0002531,0.00024209,0.00032668,0.00025209,0.00039652,0.00024428,0.00039608,0.00024143,0.00030122,0.00032641,0.00010085,0.00014739,0.00044836,0.00054431,0.00034913,0.00025345,0.00030444,0.00024319,0.00027129,0.00040605,0.00029292,0.00070231,0.00023211,0.00022304,0.00036368,0.00032744,0.00036369,0.00024737,0.00034354,0.00028873,9.9483e-05,0.00045792,0.00018692,0.00022831,0.00030092,0.00028439,0.00026985,0.00032243,0.00023179,0.00033053,0.0001779,0.00034043,0.00021508,0.00029653,0.0002077,0.00041874,0.00023114,0.00032706,6.7325e-05,0.00036712,0.00017432,0.00044824,0.00033904,0.00044395,0.00030982,0.00027619,0.00036158,0.00036021,0.00029306,0.00018445,0.0001377,0.00029312,0.00027371,0.00030673,0.00030002,0.00024188,0.00046824,0.0002086,0.00033463,0.00027167,0.00055278,0.00024696,0.00039938,0.00043753,0.0001889,0.00034948,-1.0873e-06,0.00035971,0.00032273,0.00021676,0.00029161,0.00024154,0.00034196,0.00035574,0.00046722,0.00040613,0.00019086,0.00037679,0.00055184,0.00017791,0.00023065,0.00029674,0.00022367,6.2093e-05,0.00010366,0.00037736,0.00029373,0.0004228,0.00039732,0.00024535,0.00028547,0.00045206,0.00039723,0.00028273,0.00042515,0.00029498,0.00031028,0.0002464,0.00042556,0.00037906,0.00031272,0.00026174,0.00040915,0.00031165,0.00037314,0.00025184,8.6855e-05,4.8966e-05,0.00037232,0.00052411,0.00044955,0.00027662,0.00024166,0.00020709,0.00032402,0.00048174,0.00041019,0.0003585,0.00033877,0.00059874,0.00041695,0.00042984,7.8176e-05,0.00031549,0.00027905,0.00031086,0.00037045,0.00060848,0.00022392,0.00034249,6.8904e-05,0.00027928,0.0003264,0.00034856,0.00021877,0.00032115,0.00033548,0.00023373,0.00035911
