0.00064048,0.00010761,1.3403e-05,-4.2617e-05,-8.6966e-06,0.00014138,0.00023552,1.018e-05,2.6813e-05,5.5769e-05,1.6315e-05,0.00016177,9.8353e-05,4.7568e-05,-9.4282e-05,3.2316e-05,0.0001147,6.0347e-05,-8.7413e-05,0.00042382,3.4071e-05,-5.6164e-05,-3.3477e-05,0.00012609,9.1092e-05,0.00011478,-6.062e-05,0.00012324,3.1602e-05,7.75e-05,0.00011827,-2.3083e-05,0.0002254,0.00026104,6.5066e-05,8.052e-06,2.2162e-05,7.9627e-05,3.2978e-05,7.5893e-05,-4.3375e-05,1.7945e-05,0.00010849,0.00010168,0.00016624,8.2535e-06,1.8713e-05,1.6068e-05,0.00015903,0.00012104,0.00029119,6.4182e-05,-7.0053e-05,8.8176e-05,0.00030691,-5.2164e-05,4.1645e-06,8.4891e-05,0.00029141,4.6299e-05,1.0011e-05,9.1889e-05,7.6497e-05,2.366e-05,1.1298e-05,3.4146e-05,6.9157e-05,-3.5307e-05,0.00014494,-1.3154e-05,-2.6114e-05,9.4501e-05,-3.803e-05,2.5676e-05,6.3216e-05,2.2645e-07,7.1777e-05,0.00011692,7.22e-05,1.9052e-05,-6.8705e-05,-1.6144e-05,3.8436e-05,3.4145e-05,0.00010262,-5.9668e-05,-9.5329e-05,6.6831e-05,5.809e-05,-3.7026e-05,-0.00014674,4.0938e-05,2.3685e-05,7.7941e-05,-7.8492e-05,0.00010431,1.1318e-05,2.684e-05,6.9925e-06,-2.8417e-05,9.7977e-05,3.0293e-05,1.2814e-05,-8.36e-06,0.00017406,0.00013337,0.00014666,1.0337e-05,-1.4518e-05,0.00026755,2.7171e-05,6.1919e-05,5.7317e-05,9.856e-05,7.3085e-05,6.3955e-05,-9.9539e-05,-1.1985e-06,-4.8061e-05,5.6167e-05,0.00014345,0.00014764,1.4193e-05,4.2232e-05,4.095e-05,0.00036475,-4.7731e-05,-0.0012616,-7.8649e-06,-2.5865e-05,0.00016696,8.4388e-05,0.00014422,-4.9758e-06,-5.9283e-05,2.3445e-05,-9.4314e-05,0.00015479,7.2548e-05,9.263e-05,0.00010866,0.00017526,9.6477e-05,-1.3787e-05,-5.5015e-06,7.0762e-05,-7.2006e-05,0.00012723,-1.6346e-06,1.1385e-05,-1.9842e-06,-0.00020227,6.4357e-05,0.00012827,-0.0001167,0.00014065,-3.3614e-05,-5.0729e-05,4.5986e-05,-5.1693e-05,2.5588e-05,-1.5231e-05,9.3e-05,0.00059528,-3.9939e-05,0.00012113,0.0001789,7.5077e-05,-9.2452e-05,2.4587e-05,3.1007e-05,-5.161e-05,6.7928e-05,3.077e-05,0.00061635,-6.9066e-06,0.00010151,4.1489e-05,0.00013512,0.00017025,9.7597e-05,-5.3813e-07,-4.1731e-05,-1.4931e-05,-2.2215e-05,-0.00030943
0.00010761,0.00033947,5.1248e-06,8.8471e-05,-4.6509e-05,6.0308e-05,9.7965e-05,1.3996e-05,0.00011375,3.711e-05,3.3804e-05,0.00010255,7.0164e-05,3.4705e-05,2.6352e-05,4.9708e-05,4.7038e-05,0.00012615,4.4318e-05,8.6784e-05,-6.1815e-05,4.9074e-05,3.7405e-05,7.0539e-05,8.2933e-05,5.3178e-07,3.8144e-05,0.00010525,3.5277e-05,1.7241e-05,0.00015172,-1.2421e-05,1.2923e-05,0.00013729,2.2698e-05,7.7947e-05,6.5704e-05,7.5465e-05,2.5132e-05,4.6132e-05,8.8556e-05,1.0348e-05,-1.5534e-05,7.6378e-05,4.643e-05,2.6753e-05,-4.2522e-05,9.7129e-05,4.8105e-05,0.00011206,9.2574e-05,1.0958e-05,-4.8212e-05,7.4057e-05,6.5187e-05,8.8921e-06,4.8672e-05,6.8538e-05,4.9936e-05,3.8554e-05,2.9146e-05,5.4002e-05,8.4412e-05,7.9588e-05,0.00011057,-1.1683e-05,2.9615e-05,0.0001157,7.0119e-05,-2.2596e-05,2.0935e-05,8.8621e-05,-7.4405e-05,-1.6731e-05,3.486e-05,1.7673e-05,-7.1606e-05,5.8576e-05,5.3582e-05,6.7851e-05,-3.7074e-05,5.8937e-05,3.4194e-05,1.327e-05,-1.4237e-07,-3.9988e-05,-0.00010495,7.7487e-05,8.6564e-05,3.4532e-05,6.2202e-05,1.5191e-05,4.3328e-05,4.6273e-05,3.9569e-05,2.0293e-05,6.0266e-05,0.00010802,-1.9659e-06,1.9433e-05,5.2126e-05,0.00010766,1.3926e-05,0.00010042,4.1521e-06,5.8672e-05,0.00019047,5.8902e-05,0.00010235,0.00035767,3.3758e-05,7.202e-05,-1.2917e-05,7.1585e-06,8.7147e-05,-2.6408e-05,-5.0714e-05,-3.5107e-05,1.7659e-05,6.0375e-05,-2.0589e-05,0.00011777,1.8751e-05,3.9824e-05,0.00010799,0.00014648,6.8476e-05,-0.0015695,4.3491e-05,-6.3459e-06,-3.286e-06,8.2374e-05,6.5098e-05,-1.4531e-05,-5.9778e-05,6.825e-05,8.8221e-07,9.8248e-05,4.5898e-05,4.9678e-06,3.1571e-05,0.00011398,4.743e-05,4.3106e-05,-7.9846e-05,5.6529e-05,2.8116e-05,-7.3406e-06,5.2826e-05,1.1582e-05,9.3137e-05,8.9282e-05,2.4189e-05,5.0316e-05,-7.1962e-05,8.3613e-05,0.00012406,1.7155e-06,2.8497e-05,2.1144e-05,1.3601e-05,1.8647e-05,4.9538e-05,6.2347e-05,9.198e-06,4.8959e-05,0.00010514,5.5688e-05,0.0001031,-1.8408e-05,8.5422e-05,8.0869e-05,2.413e-05,0.00010431,0.00011361,9.9161e-05,9.7683e-05,6.3715e-05,0.00018914,0.00013411,7.8039e-05,2.5027e-05,7.275e-05,1.4505e-05,4.6459e-05,0.00033964
1.3403e-05,5.1248e-06,9.3042e-05,0.00012085,3.3994e-06,8.3672e-05,0.00012213,2.9059e-05,4.5981e-05,9.6636e-05,2.0619e-05,4.608e-05,8.4542e-05,7.8982e-05,6.9761e-05,5.7929e-05,9.6097e-05,4.9199e-05,8.6438e-05,-2.3718e-06,-5.7438e-06,4.407e-05,2.3872e-05,7.8942e-05,5.3188e-05,9.3785e-05,8.0137e-05,8.2929e-05,4.9345e-05,5.2284e-05,5.6851e-05,-3.8848e-05,6.6717e-06,5.6602e-05,1.9791e-05,8.3423e-05,1.0496e-05,6.1225e-05,4.2655e-05,6.6755e-05,5.6757e-05,1.2878e-05,4.5415e-05,-1.5498e-05,7.3623e-05,7.8713e-05,0.0001043,5.4082e-05,-5.7561e-06,1.9207e-05,7.9114e-05,6.1843e-05,3.246e-05,4.7655e-05,1.9536e-05,4.1837e-05,4.3884e-06,8.3418e-05,2.1269e-05,5.1187e-06,2.8986e-05,7.5143e-05,8.1605e-05,2.7248e-05,4.9417e-05,0.00010084,4.1325e-05,3.7877e-05,6.1771e-05,3.2033e-06,4.6296e-05,5.5569e-05,9.5476e-05,5.5953e-05,7.0683e-05,4.4547e-05,7.6071e-05,6.2106e-05,5.801e-05,3.3675e-05,8.306e-05,5.4804e-05,4.9184e-05,4.6796e-05,6.2122e-05,1.7224e-05,5.6952e-05,2.4812e-05,5.6256e-05,-7.7645e-06,3.4698e-05,2.8464e-05,3.158e-05,4.4556e-05,6.2862e-05,3.4621e-05,4.7051e-05,6.7048e-05,6.4688e-05,4.4093e-05,6.3279e-05,3.3543e-05,4.7412e-05,8.1351e-05,8.4076e-05,5.2538e-05,9.5899e-05,4.7826e-05,-6.2506e-06,1.3092e-05,4.9105e-05,5.0179e-05,8.948e-06,-2.6168e-05,7.5265e-05,0.00010366,3.8372e-07,2.7747e-05,-6.8815e-06,6.1534e-05,4.5653e-05,7.2412e-05,0.00010319,5.7822e-05,5.3701e-05,1.6785e-05,4.6408e-05,-0.00013687,6.1967e-05,1.9753e-05,5.4758e-05,4.1671e-05,3.6784e-05,8.9861e-06,7.2923e-05,4.8538e-05,-1.5251e-05,6.8905e-05,8.8848e-05,6.3348e-05,6.0328e-05,2.7134e-05,5.9583e-05,5.9186e-05,7.0074e-05,3.2959e-05,0.00010818,6.3517e-05,2.0004e-05,4.8252e-05,0.00012308,-5.7678e-06,4.1093e-05,-1.3408e-05,6.9722e-05,8.9694e-05,8.2072e-05,3.9804e-06,2.9497e-05,0.00010278,1.2696e-05,6.3404e-05,1.4501e-05,4.3582e-05,1.4723e-05,7.4463e-05,5.8333e-05,6.9556e-05,6.4455e-05,-1.1834e-05,8.2965e-05,1.118e-05,4.4657e-05,8.5566e-05,9.7597e-05,-2.4998e-05,3.4477e-05,-9.3644e-06,3.3611e-05,6.3878e-05,6.9646e-05,6.1896e-05,6.9489e-05,7.8153e-05,7.0851e-05,5.6113e-05
-4.2617e-05,8.8471e-05,0.00012085,0.00037948,-2.7318e-05,9.876e-05,0.000153,2.1931e-05,0.00010912,0.00011588,5.4678e-05,3.771e-05,0.0001424,7.6104e-05,0.00015304,9.2122e-05,0.00012718,5.1601e-05,0.00014151,-4.2139e-05,-0.00013015,0.00012167,5.512e-05,8.1077e-05,0.00011842,0.00013571,0.00016356,0.00011069,6.5658e-05,5.129e-05,6.2266e-05,-0.00010026,-2.6863e-05,2.9409e-05,1.8197e-05,0.0001671,4.8488e-05,0.00010149,8.3283e-05,9.4531e-05,9.2476e-05,-1.7122e-05,6.4828e-05,-3.3179e-05,0.00016638,9.2051e-05,0.00014526,0.00012465,-4.4249e-05,1.3687e-05,0.00016484,5.7283e-05,8.1275e-05,9.2458e-05,5.088e-05,7.3727e-05,-1.4521e-05,7.8212e-05,-4.2743e-05,8.5148e-06,2.4405e-05,7.9625e-05,0.00013931,6.3504e-05,0.00010266,0.00017331,7.6154e-05,0.00010731,0.00010594,-2.0788e-05,0.00011244,7.8788e-05,0.00016907,9.8896e-05,0.00011783,5.5209e-05,0.00010497,0.00010174,9.1249e-05,0.00021371,7.4041e-05,8.3212e-05,0.00011946,3.4344e-05,0.00013966,1.356e-05,5.6053e-05,4.4003e-05,0.00016048,-4.468e-05,9.1566e-05,6.068e-05,-1.9887e-05,6.9573e-05,0.00010909,2.9236e-05,9.1615e-05,9.7138e-05,0.00010501,5.7223e-05,0.00014591,9.2305e-05,4.3656e-05,0.00011568,8.8719e-05,7.3131e-05,0.00019867,8.8457e-05,1.5746e-05,8.36e-05,0.00013235,0.00011102,-5.2943e-06,-4.6149e-05,0.00011787,0.00019767,2.118e-06,3.7684e-06,-2.1111e-05,0.00011166,9.9684e-06,9.7788e-05,0.00013213,0.00011892,4.1129e-05,-3.4643e-05,0.00010784,0.00012369,4.8819e-05,8.0362e-05,0.00011188,9.6251e-05,6.2901e-05,-4.8068e-06,0.00010282,6.8824e-05,4.5211e-06,0.00010233,0.00014949,0.00010363,9.8148e-05,3.0962e-06,7.9832e-05,0.00018368,5.6943e-05,4.2444e-05,0.00015735,5.6851e-05,1.0864e-05,9.1512e-05,0.00015135,7.4989e-05,3.0206e-05,-9.3299e-05,6.5707e-05,0.00012353,0.00015721,9.6261e-06,4.9207e-05,0.00014974,5.0812e-05,7.2504e-05,8.9959e-05,-1.189e-05,3.6142e-05,9.569e-05,9.1023e-05,0.00013186,9.2048e-05,-2.7207e-05,9.312e-05,4.783e-05,7.5116e-05,0.00010972,-4.7195e-05,-2.1459e-05,9.9464e-05,1.2819e-05,4.089e-05,5.8817e-05,0.00013647,8.6697e-05,0.00011299,0.00012868,9.6405e-05,0.00034424
-8.6966e-06,-4.6509e-05,3.3994e-06,-2.7318e-05,0.00021818,-2.344e-05,-4.0033e-05,-1.4599e-05,2.1242e-05,4.9901e-05,-2.088e-05,3.7945e-05,6.9338e-05,-1.2961e-05,7.1655e-06,-6.4196e-06,4.5553e-05,-4.2193e-05,1.6662e-05,6.7743e-05,1.8069e-05,-2.9169e-05,5.7218e-05,-5.3345e-05,1.8772e-06,-5.0024e-05,-2.6128e-05,1.0772e-05,4.6388e-06,3.9715e-05,-1.6614e-05,4.273e-05,-4.8531e-05,4.4744e-05,1.357e-05,-1.6627e-05,1.0464e-05,1.7224e-05,3.0888e-05,1.598e-05,2.608e-06,4.0188e-05,-1.9476e-05,1.2643e-05,-4.2656e-05,4.4704e-05,-6.051e-05,-1.1302e-05,3.0086e-05,-7.9343e-05,9.9359e-05,1.7605e-05,8.5436e-06,8.654e-05,-1.7416e-05,2.6766e-05,-1.0738e-05,5.5199e-05,4.8369e-05,7.4466e-05,6.3899e-06,3.8786e-05,1.634e-05,-2.1933e-05,5.0426e-05,-7.3004e-05,2.0282e-05,-1.8998e-05,-5.0211e-05,-2.0237e-06,-1.272e-05,-1.9161e-05,-2.6177e-05,1.4827e-05,7.4965e-05,2.7768e-05,9.0738e-06,3.1202e-05,-2.3575e-05,9.7304e-05,-4.4047e-06,2.2591e-06,1.8802e-05,6.3272e-05,7.0577e-06,4.4473e-05,0.00014864,-2.2806e-05,-4.728e-05,-5.8029e-05,-3.0891e-05,3.1113e-05,4.2967e-05,2.1083e-05,5.0279e-05,3.0478e-05,-5.0216e-05,-6.1822e-06,-1.549e-05,7.2006e-06,-2.0208e-05,-4.4022e-07,-1.8632e-05,3.6516e-05,-9.7167e-06,4.0215e-05,-3.0939e-06,7.1923e-05,-2.099e-05,-0.00013704,1.4125e-05,1.6571e-05,5.7224e-06,1.5728e-05,5.6412e-06,-4.7073e-05,3.3483e-05,5.8708e-05,-2.2965e-05,4.761e-05,3.6892e-05,4.5359e-05,1.7763e-05,-2.2662e-07,8.1208e-05,2.1478e-05,2.0983e-05,-0.00040331,-1.3854e-05,5.8478e-05,6.6834e-06,1.9385e-05,8.1208e-05,3.1635e-05,3.8942e-05,2.4549e-05,6.0703e-05,-2.9685e-05,1.0325e-05,-9.0014e-06,7.8891e-06,-2.1151e-05,4.1433e-05,0.00010168,4.9341e-05,5.8206e-05,3.0978e-05,1.4883e-05,-7.5993e-05,2.5967e-05,-3.5757e-05,-5.3323e-05,1.0198e-05,0.00014422,3.4121e-05,-7.2701e-05,3.2083e-05,9.491e-06,3.3823e-05,2.7622e-05,9.0542e-06,3.1482e-05,5.0156e-05,4.1388e-05,-6.012e-07,2.1797e-05,-3.4046e-05,4.3645e-05,7.0916e-05,5.0599e-05,5.432e-05,5.24e-05,4.6743e-05,7.7645e-05,4.0433e-05,-4.3598e-06,1.1977e-06,8.4049e-05,1.6485e-05,2.117e-05,1.9201e-05,-2.0697e-05,-1.8379e-05,3.5129e-05,-5.1646e-05,0.00016202
0.00014138,6.0308e-05,8.3672e-05,9.876e-05,-2.344e-05,0.00022338,0.00017255,3.577e-05,4.9314e-05,0.00013469,4.2753e-05,4.684e-05,0.0001048,7.4099e-05,8.3136e-05,6.5866e-05,7.8706e-05,0.0001585,8.6114e-05,0.000106,2.1144e-05,2.3757e-06,-8.0472e-06,9.1425e-05,0.00010505,0.00014405,0.000137,8.6528e-05,4.7801e-05,3.0359e-05,0.00011421,-1.1028e-05,4.3257e-05,0.00021675,1.4256e-05,6.3651e-05,5.7649e-05,0.00013251,4.998e-05,6.2582e-05,6.8239e-05,-6.4616e-06,3.9083e-05,0.00012058,0.00013422,8.1853e-05,2.8436e-05,0.00011729,3.4311e-05,0.00010134,0.00012577,8.6086e-05,-4.5665e-06,-4.4516e-05,0.00011931,4.9134e-05,2.705e-05,0.00010015,0.00011348,6.9292e-05,3.1733e-05,6.5347e-05,6.0177e-05,4.1915e-05,2.1789e-05,0.00010939,4.9287e-05,8.0226e-05,5.0958e-05,5.3416e-05,2.4318e-05,7.8467e-05,7.4422e-08,4.007e-05,8.181e-05,4.9375e-06,4.9602e-05,6.8208e-05,0.00010321,-1.2275e-05,5.047e-05,5.6383e-05,4.0282e-05,9.6333e-05,6.1014e-05,3.5524e-05,7.5336e-05,6.7012e-05,8.7728e-05,5.2359e-05,-4.564e-06,3.366e-05,5.6468e-05,4.2417e-05,1.4441e-05,7.7568e-05,2.8984e-05,0.00011674,6.7603e-05,1.7244e-05,7.5617e-05,6.8489e-05,5.5777e-05,7.0647e-05,0.00015497,7.8971e-05,0.00013754,4.0573e-05,-7.1302e-06,0.00023371,5.6912e-05,6.1011e-05,6.4297e-05,7.1412e-05,4.9163e-05,0.00012348,-1.666e-05,1.9339e-05,1.2553e-05,8.0291e-05,4.7148e-05,0.00013695,0.00011663,5.7349e-05,0.000112,0.00012186,9.7256e-05,-0.0011018,0.00010137,2.5431e-05,6.2924e-05,6.1457e-05,7.7551e-05,7.1108e-06,4.4189e-05,4.8569e-05,-1.4359e-05,0.00021037,8.7683e-05,7.2274e-05,6.8028e-05,4.9075e-05,5.6675e-05,9.1925e-05,0.00010432,4.5909e-05,0.00011243,9.8143e-05,7.4908e-05,5.1664e-05,0.00016518,-6.1107e-05,3.576e-05,-3.3285e-05,5.1313e-05,8.6466e-05,6.0297e-05,-4.883e-05,4.8949e-05,0.00010298,3.1219e-05,9.9687e-05,6.9002e-05,0.00035014,-1.7294e-05,0.0001649,0.0001265,0.00013532,3.275e-05,1.8913e-05,0.00011263,-1.4914e-06,9.9094e-05,6.4546e-05,0.00023311,-0.00010297,4.8009e-05,-8.9435e-05,7.486e-05,0.00015301,0.00016452,1.3438e-05,6.7968e-05,6.4384e-05,5.7731e-05,5.2433e-05
0.00023552,9.7965e-05,0.00012213,0.000153,-4.0033e-05,0.00017255,0.00034122,6.1879e-05,8.0509e-05,0.0001585,8.101e-05,0.00011756,0.00014312,0.00015658,0.0001021,8.2725e-05,0.00017426,0.00010437,0.00012095,0.00013329,-7.8265e-06,1.697e-05,4.1938e-05,0.00019212,0.00010097,0.00019317,0.00014342,0.00021339,0.00011717,0.00010228,0.00012796,-0.00010253,8.4923e-05,0.00015071,3.052e-05,0.0001352,6.8752e-05,0.0001398,7.9871e-05,0.00014725,8.8837e-05,4.9035e-05,9.9036e-05,6.3879e-05,0.00020143,0.00012771,9.3011e-05,0.00012163,8.5879e-05,5.3805e-05,0.00018774,8.6996e-05,4.7622e-05,9.2715e-05,0.00012159,5.3908e-05,2.2954e-05,0.00011956,0.0001525,3.755e-05,3.786e-05,0.00015983,0.00017354,9.1581e-05,0.00010496,0.00014066,0.00010251,-1.6496e-05,0.00017151,9.7293e-06,3.3375e-05,0.00013303,9.5084e-05,0.00010006,0.0001197,6.7931e-05,0.00015124,0.00012191,0.0001482,7.2337e-05,0.00010958,5.2794e-05,8.4336e-05,4.696e-05,8.9415e-05,-2.5383e-05,-2.3055e-05,9.7846e-05,0.0001488,-7.1861e-06,-3.588e-05,3.7844e-05,5.8496e-05,9.7807e-05,9.5412e-05,8.6285e-05,6.0428e-05,0.00011509,0.00011131,2.1827e-05,0.00011955,7.5912e-05,9.6882e-05,0.00016307,0.0001597,0.00014851,0.00025972,0.00010261,1.7083e-05,0.00028091,0.00010386,0.00011699,3.0412e-05,2.0691e-06,0.00013583,0.00016527,-7.5286e-05,-1.7675e-08,-9.9033e-06,0.00011592,8.2601e-05,0.00014087,0.0001866,9.0572e-05,0.00012023,0.00013416,9.6755e-05,-0.00070588,8.5873e-05,4.4345e-05,0.00012186,9.7215e-05,0.0001114,2.7275e-05,5.0125e-05,7.1871e-05,-1.3042e-05,0.00017837,0.00014921,0.00010822,0.00011799,0.00017502,0.00013953,2.9509e-05,0.00010995,5.9086e-05,0.00016097,0.00013013,8.5117e-05,5.848e-05,0.00021923,-0.00012906,6.8452e-05,-2.5653e-05,7.2615e-05,0.00017565,0.00010543,1.4343e-05,8.5064e-05,0.00015292,4.0855e-05,6.3831e-05,8.0233e-05,0.00026369,1.8158e-05,0.00016194,0.00014051,0.00015039,0.0001139,-1.8999e-05,0.00012128,3.6988e-05,0.00011337,0.00011317,0.00040248,-2.1638e-05,8.8633e-05,2.5455e-05,0.00014158,0.00014192,0.00017103,0.00013601,0.00010846,0.00012869,0.00011264,4.2568e-05
1.018e-05,1.3996e-05,2.9059e-05,2.1931e-05,-1.4599e-05,3.577e-05,6.1879e-05,7.8415e-05,1.5552e-05,5.541e-05,3.6367e-05,1.466e-05,9.6825e-06,4.6571e-05,7.6407e-05,3.13e-05,8.3746e-05,3.7313e-05,5.7101e-05,2.0692e-05,3.5224e-05,-1.3412e-05,4.0143e-05,7.5101e-05,2.1484e-05,3.466e-05,7.3895e-05,6.6697e-05,4.2726e-05,3.8971e-05,4.1563e-05,-7.9691e-06,4.063e-05,1.6305e-05,1.6274e-05,6.2101e-05,3.8725e-05,5.3232e-05,1.6531e-05,4.3226e-05,6.1057e-05,3.5747e-05,5.3644e-05,5.3349e-05,5.1462e-05,3.0944e-05,5.6648e-05,3.986e-05,1.5432e-05,5.6658e-05,1.0299e-05,3.65e-05,4.1406e-05,-1.353e-05,-2.9863e-05,5.6247e-05,5.9856e-05,9.261e-06,2.5195e-05,6.2748e-05,3.386e-05,5.4035e-05,2.9592e-05,4.3193e-05,7.9267e-05,4.9001e-06,3.4919e-05,1.7057e-06,3.8729e-05,3.3729e-05,2.086e-06,2.4284e-05,6.7751e-05,3.0307e-05,4.1662e-05,1.5e-05,6.3968e-05,5.4591e-06,5.1675e-05,-2.1104e-05,6.2835e-05,3.4255e-05,3.585e-05,3.961e-05,4.9632e-05,1.5629e-05,4.9578e-05,4.3e-05,3.3229e-05,7.4269e-05,4.374e-05,-1.9842e-06,1.7153e-05,4.3387e-05,1.9043e-05,1.4052e-05,1.0008e-05,7.0654e-05,4.9165e-05,3.34e-05,4.9036e-05,3.0757e-05,5.6195e-05,7.89e-05,1.8244e-05,3.6644e-05,5.2475e-05,1.3375e-07,1.05e-05,3.19e-05,5.8903e-05,1.9845e-05,2.6327e-05,3.3327e-05,2.9709e-05,8.3587e-05,2.5722e-05,6.6185e-06,2.0716e-05,4.2435e-05,8.5865e-06,4.7325e-06,8.3986e-05,2.9109e-05,3.7049e-05,7.4656e-05,-7.5725e-07,-0.00071307,5.4977e-05,3.3289e-05,-3.5575e-05,-8.7773e-06,2.4918e-06,3.69e-05,8.5136e-05,3.5124e-06,2.6919e-05,3.3675e-05,5.2128e-05,4.2293e-05,3.8473e-05,-9.0201e-06,4.6467e-05,4.7499e-05,5.3882e-05,1.2224e-05,8.2281e-05,4.1463e-05,6.579e-05,7.6378e-05,2.9708e-05,5.1941e-07,4.882e-05,-7.6988e-06,1.4204e-05,3.7812e-05,3.8185e-05,6.8647e-05,4.79e-05,7.3839e-05,2.023e-05,0.00010172,4.1609e-05,8.078e-06,4.0557e-05,4.4321e-05,3.8607e-05,8.5297e-05,4.8292e-05,-1.5791e-05,1.1987e-05,2.0592e-05,5.8218e-05,4.1884e-05,0.00010513,2.5737e-05,1.8059e-05,5.0282e-05,-1.3275e-05,1.2525e-05,1.9632e-05,5.676e-05,3.8104e-05,6.244e-05,6.938e-05,1.928e-05
2.6813e-05,0.00011375,4.5981e-05,0.00010912,2.1242e-05,4.9314e-05,8.0509e-05,1.5552e-05,0.00012955,8.6208e-05,4.2408e-05,8.8187e-05,7.0588e-05,3.2929e-05,5.1326e-05,7.9867e-05,0.00012082,0.00013924,6.8399e-05,1.4156e-05,-4.4015e-05,9.2582e-05,3.6574e-05,3.4961e-05,7.9144e-05,3.3782e-05,6.762e-05,9.3943e-05,3.6573e-05,5.5379e-05,6.2309e-05,-3.7999e-05,1.0794e-05,8.9461e-05,1.8809e-05,8.4827e-05,6.9315e-05,0.0001154,3.7139e-05,4.9119e-05,6.2673e-05,1.6795e-05,2.0056e-05,5.574e-05,7.4277e-05,4.7186e-05,2.3807e-05,8.437e-05,4.1208e-05,4.2082e-05,0.00011377,3.7119e-05,-1.4549e-05,0.00011352,4.9025e-05,4.0853e-05,3.82e-05,5.847e-05,-5.5141e-06,-2.6233e-05,2.4765e-05,6.5826e-05,9.7996e-05,8.9304e-05,0.00010731,4.5397e-05,4.178e-05,0.00012734,7.0961e-05,7.4743e-06,6.3569e-05,7.0594e-05,3.0582e-05,1.039e-05,4.8484e-05,3.1721e-05,1.5515e-05,5.5528e-05,5.3417e-05,0.00015284,3.6268e-05,5.6162e-05,5.7337e-05,5.2617e-05,2.9699e-05,6.7749e-06,8.8882e-05,4.4746e-05,5.3534e-05,-3.9686e-05,0.00011778,5.7186e-05,3.712e-05,4.7547e-05,6.3057e-05,4.6846e-05,6.023e-05,7.2542e-05,3.1936e-05,4.41e-05,9.4105e-05,2.2501e-05,-1.0861e-06,7.388e-05,3.2421e-05,5.1326e-05,5.0901e-05,4.149e-05,2.307e-05,0.00016753,4.4919e-05,6.9516e-05,4.1607e-06,-8.3437e-06,7.6537e-05,5.7394e-05,2.7257e-05,2.0869e-05,3.4949e-06,8.0271e-05,4.4697e-05,0.00010198,6.7253e-05,4.8013e-05,0.00011381,8.0481e-05,5.3757e-05,-0.00064169,2.0867e-05,4.6146e-05,2.0447e-05,7.5811e-05,0.00010038,1.9667e-05,1.274e-05,4.0574e-05,-3.5712e-05,5.6916e-05,6.2035e-05,3.5656e-05,4.7592e-05,4.7861e-05,5.0507e-05,9.4844e-05,1.4622e-05,7.4318e-05,0.0001006,2.1783e-05,-1.0928e-05,3.9464e-05,0.00011414,-1.6497e-05,4.1701e-05,2.4902e-05,1.9151e-05,7.9638e-05,0.00012085,6.6487e-06,4.1132e-05,6.9167e-05,3.4401e-05,2.9056e-05,4.6095e-05,4.6683e-05,2.7471e-05,3.2307e-05,8.0959e-05,5.8041e-05,0.00010718,-6.7936e-06,5.7631e-05,4.6125e-05,4.2033e-05,9.8897e-05,6.1982e-05,2.703e-05,5.3193e-05,6.8669e-05,7.7343e-05,0.00010106,6.2331e-05,1.2657e-05,6.4825e-05,5.6477e-05,5.6744e-05,0.0002299
5.5769e-05,3.711e-05,9.6636e-05,0.00011588,4.9901e-05,0.00013469,0.0001585,5.541e-05,8.6208e-05,0.0001992,2.413e-05,7.1917e-05,0.00012183,8.4838e-05,8.1139e-05,6.5601e-05,0.00011125,0.00011133,0.0001149,7.0527e-05,-8.917e-06,-1.4544e-05,4.3207e-05,6.5674e-05,8.8874e-05,0.00012274,0.00011989,0.0001344,6.0145e-05,8.2812e-05,5.9364e-05,-6.923e-05,-6.5957e-08,0.00011471,1.0423e-05,0.00011383,6.2024e-05,0.00011514,6.4411e-05,8.1625e-05,8.1956e-05,-5.8463e-06,3.0091e-05,3.9703e-05,0.00010743,7.7414e-05,6.6655e-05,0.00011369,3.9053e-05,3.6083e-05,7.8559e-05,7.1085e-05,1.565e-05,5.5001e-05,2.7012e-05,7.5676e-05,1.5819e-05,0.00012393,7.6359e-05,2.1031e-06,2.1914e-05,0.00011145,8.3902e-05,7.3248e-05,0.00010587,3.8403e-05,6.4747e-05,7.6118e-05,4.6917e-05,2.4452e-05,5.7301e-06,5.9878e-05,4.8542e-05,4.2456e-05,9.7003e-05,4.6981e-05,8.4217e-05,4.113e-05,8.3028e-05,5.0864e-05,6.2469e-05,8.6702e-05,9.485e-05,7.6013e-05,5.7033e-05,4.1794e-05,0.00011384,3.5151e-05,8.5789e-05,-4.5155e-06,6.7811e-05,2.6932e-05,4.6334e-05,7.0712e-05,8.5444e-05,6.8917e-05,1.7606e-05,9.5686e-05,8.676e-05,5.4101e-05,8.2155e-05,3.0275e-05,6.4817e-05,9.9619e-05,5.8761e-05,8.3249e-05,8.0175e-05,7.1685e-05,-2.6129e-05,7.6466e-05,7.6727e-05,7.3467e-05,2.4105e-05,-1.9906e-05,7.6154e-05,0.00013011,4.6262e-05,2.7515e-05,1.8823e-07,0.00010058,4.4263e-05,0.00012344,0.00012072,6.3978e-05,0.00011931,0.00011733,6.3935e-05,-0.00066196,8.4136e-05,9.8558e-05,3.5741e-05,5.7438e-05,9.2747e-05,1.0998e-05,9.6488e-05,5.2877e-05,1.8387e-06,7.323e-05,9.1885e-05,6.0819e-05,7.9664e-05,2.0505e-05,8.7505e-05,0.00010699,9.2051e-05,6.241e-05,0.00015821,7.9e-05,2.9031e-05,7.684e-05,0.00013856,-0.00012239,5.8861e-05,-5.1335e-05,4.7813e-05,6.753e-05,8.9147e-05,-5.0536e-10,6.259e-05,0.00013318,3.036e-05,7.3649e-05,6.2185e-05,0.00019001,4.2723e-05,4.7887e-05,6.9329e-05,0.00011195,7.6579e-05,-2.1417e-05,0.00012353,6.8768e-05,8.9873e-05,0.00011473,0.00028806,-7.5406e-05,5.274e-05,-7.9655e-06,8.3674e-05,0.00010641,0.00013146,4.4199e-05,9.8346e-05,0.00011559,7.9613e-05,0.00011326
1.6315e-05,3.3804e-05,2.0619e-05,5.4678e-05,-2.088e-05,4.2753e-05,8.101e-05,3.6367e-05,4.2408e-05,2.413e-05,0.0001219,1.729e-05,1.4902e-05,4.1755e-05,0.00013562,3.0226e-05,0.00012303,2.0609e-05,9.2292e-05,2.5149e-06,1.4216e-05,8.4276e-05,4.1089e-06,9.1433e-05,2.1598e-05,6.0962e-05,0.00011236,6.8872e-05,4.6131e-05,2.0126e-05,2.7932e-05,-2.9621e-05,1.5479e-07,4.4354e-05,3.49e-05,4.3902e-05,4.552e-05,0.00010015,2.2177e-05,5.057e-05,5.4843e-05,4.0168e-05,1.7271e-05,4.732e-05,5.5114e-05,5.3795e-05,3.9868e-05,4.6567e-05,-1.1141e-06,1.9889e-05,4.1424e-05,1.2788e-05,4.2227e-05,1.6621e-05,-1.5017e-05,5.4179e-05,6.6019e-05,6.2728e-06,2.333e-05,4.2246e-05,3.2159e-05,4.7066e-05,6.2423e-05,7.0382e-05,7.3119e-05,4.055e-05,4.2149e-05,3.9616e-05,9.3305e-05,3.7087e-05,6.5186e-05,4.9528e-05,4.9342e-05,4.1759e-05,2.7615e-05,2.6127e-05,6.701e-05,1.9528e-05,7.0282e-05,1.7961e-05,4.6692e-05,-1.236e-05,1.1968e-05,3.3619e-05,4.8759e-05,4.0431e-05,3.6419e-05,6.6933e-05,5.3298e-05,3.6082e-05,3.0537e-05,2.9881e-05,4.6659e-07,1.9635e-05,4.2866e-05,2.4576e-05,2.5643e-05,4.5857e-05,4.2896e-05,-7.6121e-07,7.1238e-05,2.4724e-05,4.6021e-05,9.6616e-05,6.5742e-05,4.4644e-05,0.00012397,1.0967e-05,2.2142e-05,0.0001008,9.3947e-05,4.6911e-05,3.5537e-05,7.0363e-06,5.7037e-05,6.2856e-05,3.6755e-05,-4.96e-06,1.6707e-05,4.639e-05,2.4272e-05,1.1252e-05,0.00010742,2.4079e-05,5.6367e-05,4.4362e-05,3.7327e-05,-0.00044587,2.062e-05,6.4214e-05,-2.8934e-05,1.8252e-05,2.1305e-05,3.3753e-05,4.3915e-06,-1.1981e-05,9.9674e-06,0.00010118,5.9467e-05,4.1646e-05,3.0676e-05,1.3648e-05,4.329e-05,8.016e-05,6.3925e-05,3.078e-05,7.2401e-05,2.2806e-05,4.7312e-05,6.4611e-05,8.6075e-05,9.5927e-05,1.9752e-05,-5.1468e-05,2.4766e-05,8.6201e-05,7.0191e-05,5.8781e-05,4.64e-05,6.0123e-05,3.1149e-05,7.1391e-05,4.075e-05,-1.2652e-05,4.4572e-05,8.2691e-05,2.4406e-05,0.0001129,7.4058e-05,1.8941e-05,-1.1358e-06,2.739e-05,5.8521e-05,2.9581e-05,9.5515e-07,5.9304e-06,4.0439e-05,3.4937e-05,1.0003e-05,4.9008e-06,6.0495e-05,6.8666e-05,2.6175e-05,6.0997e-05,6.1299e-05,7.2007e-05
0.00016177,0.00010255,4.608e-05,3.771e-05,3.7945e-05,4.684e-05,0.00011756,1.466e-05,8.8187e-05,7.1917e-05,1.729e-05,0.00019645,0.00011038,3.0954e-05,-4.9259e-06,4.2824e-05,9.6913e-05,9.8015e-05,3.969e-05,8.6121e-05,-2.7321e-05,9.042e-05,4.6623e-05,0.00012036,6.0482e-05,3.6187e-05,2.0238e-05,9.6021e-05,3.2801e-05,7.3447e-05,0.00012058,7.1549e-06,9.1048e-05,0.0001061,5.0278e-05,6.1732e-05,3.2466e-05,8.49e-05,4.508e-05,6.2641e-05,3.0946e-05,5.8777e-05,8.3935e-05,4.207e-05,4.7902e-05,3.4884e-05,5.387e-05,7.1057e-05,7.2451e-05,0.00011376,0.00014457,4.1571e-05,-2.986e-05,0.00019732,0.00012373,2.2644e-05,5.1603e-07,8.2339e-05,6.2076e-05,-5.4242e-06,1.7183e-05,6.873e-05,0.00010248,8.0087e-05,0.00013573,2.2133e-05,2.655e-05,9.1011e-05,0.00010582,-2.5717e-05,2.2252e-05,9.9642e-05,2.6159e-05,5.3411e-05,8.9892e-05,4.6504e-05,2.3002e-05,2.7231e-05,6.1619e-05,0.00016361,6.473e-05,7.7434e-05,6.1995e-05,5.3444e-05,5.0408e-05,-1.4408e-05,6.4901e-05,1.7409e-05,5.7011e-05,-6.1269e-05,0.00010922,2.342e-05,8.7878e-05,5.71e-05,1.296e-05,7.8309e-05,4.8281e-05,8.2554e-05,3.8519e-05,4.5381e-05,7.7582e-05,4.6206e-05,6.089e-06,8.2762e-05,9.0539e-05,0.00012663,2.444e-05,4.362e-05,2.0733e-05,0.0001224,6.5076e-05,7.3077e-05,2.5717e-05,3.3545e-05,6.718e-05,1.365e-05,-1.4756e-05,4.6082e-05,-3.1996e-05,7.0499e-05,0.00012779,0.00010114,7.0122e-05,6.198e-05,0.00011107,0.0001408,5.9321e-06,-0.00044527,9.061e-06,-3.3115e-05,6.3557e-05,8.1342e-05,8.2567e-05,-1.2201e-06,8.0942e-06,8.5262e-05,-3.0128e-05,3.9641e-05,8.0069e-05,8.1339e-05,4.8482e-05,6.4704e-05,6.9172e-05,-1.2226e-05,2.0593e-05,6.2354e-05,9.7313e-05,2.5377e-05,3.1319e-06,5.4229e-05,5.2702e-05,-2.6698e-05,5.2965e-05,0.0001057,-1.7514e-05,8.7324e-05,7.5618e-05,-9.4579e-06,8.3544e-05,3.7453e-05,0.00011108,-3.1314e-06,2.2491e-05,0.00012247,-1.7744e-05,4.6496e-05,5.7119e-05,3.5295e-05,4.4345e-05,-4.9487e-06,9.6467e-05,-4.6413e-06,8.4822e-05,0.00010381,0.00023662,0.00013163,7.405e-05,0.00013722,2.9061e-05,0.00010762,4.5226e-05,4.4079e-05,3.5494e-05,4.6378e-05,4.1635e-05,5.7808e-05
9.8353e-05,7.0164e-05,8.4542e-05,0.0001424,6.9338e-05,0.0001048,0.00014312,9.6825e-06,7.0588e-05,0.00012183,1.4902e-05,0.00011038,0.00018373,6.3452e-05,7.8125e-05,4.005e-05,0.00010678,5.8791e-05,8.8507e-05,0.0001053,-3.6499e-05,2.1624e-05,5.0028e-05,6.3164e-05,0.00012235,9.7694e-05,8.6865e-05,0.0001226,5.9454e-05,4.472e-05,8.4689e-05,-6.4581e-05,5.6564e-05,0.0001418,2.541e-05,8.3202e-05,2.1355e-05,9.8622e-05,7.6455e-05,8.4822e-05,5.2781e-05,1.562e-05,7.547e-05,1.683e-05,8.8885e-05,0.00012293,7.5462e-05,8.3935e-05,1.5972e-05,5.2569e-05,0.00014313,7.7563e-05,1.6682e-05,9.7982e-05,9.5559e-05,4.6198e-05,-1.9942e-05,0.00012917,8.9762e-05,3.7918e-05,1.0523e-05,9.1908e-05,0.00011793,3.6862e-05,0.00010824,4.0713e-05,6.1281e-05,4.6574e-05,6.4246e-05,-3.446e-05,4.0133e-05,8.0951e-05,6.1758e-05,6.8969e-05,0.00011476,5.1117e-05,5.7837e-05,8.3459e-05,8.3353e-05,0.00010254,5.1853e-05,9.2131e-05,6.4766e-05,6.3774e-05,0.00010466,1.601e-05,9.7879e-05,9.1262e-06,8.7258e-05,-7.5448e-05,1.1462e-05,3.0018e-05,7.5926e-05,6.5431e-05,6.7916e-05,5.814e-05,5.2721e-06,8.1002e-05,2.6919e-05,2.964e-05,7.5273e-05,7.8891e-05,5.1872e-05,0.00010598,0.0001022,0.0001221,0.00010134,9.0098e-05,3.102e-05,9.9638e-05,8.986e-05,8.8747e-05,4.5665e-05,3.9936e-06,8.4323e-05,7.1142e-05,-3.0174e-06,2.8212e-05,6.4599e-06,0.00010706,8.0633e-05,0.00012664,0.00010341,7.1577e-05,9.2866e-05,9.1048e-05,3.0286e-05,-0.00060448,4.7214e-05,5.1636e-05,0.00010525,7.1128e-05,0.00014099,6.2644e-06,5.6727e-05,0.00010479,-1.0643e-05,7.6642e-05,9.3261e-05,6.4682e-05,6.3638e-05,-8.6064e-06,9.3647e-05,0.00011738,7.245e-05,5.7565e-05,0.00011744,5.8686e-05,2.2454e-05,7.4216e-05,0.000102,-5.9266e-05,3.7126e-05,1.4936e-05,1.6556e-05,6.8436e-05,6.0448e-05,-5.735e-06,8.6573e-05,0.00012027,4.6066e-05,3.4916e-05,8.7785e-05,0.00018161,-6.8299e-06,8.2322e-05,8.5579e-05,9.9154e-05,7.2289e-05,1.5886e-05,0.00015694,6.2792e-05,9.9239e-05,0.00013496,0.00017194,-1.572e-06,8.2172e-05,2.2756e-05,1.3778e-05,0.00011731,0.00011546,5.6017e-05,6.9432e-05,9.146e-05,4.8561e-05,9.8037e-05
4.7568e-05,3.4705e-05,7.8982e-05,7.6104e-05,-1.2961e-05,7.4099e-05,0.00015658,4.6571e-05,3.2929e-05,8.4838e-05,4.1755e-05,3.0954e-05,6.3452e-05,0.00021648,0.00013495,4.681e-05,0.0001767,-5.59e-05,0.0001201,6.2322e-05,7.2964e-05,1.081e-05,3.6037e-05,0.00010853,2.3654e-05,9.7431e-05,0.0001404,8.6247e-05,4.6308e-05,5.6995e-05,7.4252e-06,-8.7066e-05,1.7377e-06,2.4119e-05,-3.6844e-06,0.00010229,4.0279e-05,6.4151e-05,6.6068e-05,7.8193e-05,9.4713e-05,1.7039e-05,1.7301e-05,4.1773e-05,0.00011832,0.00010489,3.89e-05,3.3424e-05,-4.568e-05,-1.2697e-05,3.516e-05,4.5148e-05,7.0559e-05,-3.874e-05,-4.4949e-05,2.8257e-05,3.6565e-05,0.00011037,7.4504e-05,9.047e-05,6.2312e-05,0.00011054,0.00011134,1.5457e-05,9.2499e-05,7.1325e-05,4.501e-05,9.3794e-05,0.00013574,2.3644e-05,5.3742e-06,6.7627e-05,0.00012465,5.6042e-05,4.7841e-05,7.7413e-05,8.4574e-05,8.9572e-05,5.8431e-05,-3.1155e-05,5.49e-05,-1.8179e-05,3.5595e-05,3.3627e-05,5.1262e-05,3.9329e-06,0.00011563,9.4885e-05,8.4285e-05,7.1617e-05,1.3271e-05,4.2001e-05,4.6586e-05,5.7192e-05,6.5286e-05,9.9722e-06,2.7577e-06,9.5191e-05,9.9584e-05,3.019e-05,5.4794e-05,-1.5895e-06,3.8509e-05,0.00015487,4.4833e-05,7.0196e-05,0.00024015,2.2022e-05,-1.6477e-05,-1.0944e-05,4.5017e-05,4.8633e-05,4.8136e-05,-5.2846e-05,0.0001175,7.035e-05,-1.6647e-05,3.4506e-05,5.489e-06,7.8346e-05,1.7392e-05,5.632e-05,0.00019439,5.3147e-05,6.2851e-05,6.774e-05,5.0793e-05,-0.00011404,0.00010559,6.3813e-05,-2.0979e-05,2.4178e-05,6.1436e-05,3.1019e-05,9.2569e-05,3.0967e-05,-8.3884e-06,5.3881e-05,0.00010034,4.1228e-05,6.5619e-05,0.00013962,9.55e-05,0.00010107,7.6467e-05,5.333e-05,0.00015146,6.3862e-05,4.4001e-05,7.5718e-05,0.00013018,-1.3035e-05,3.928e-05,-7.9923e-05,4.1955e-05,0.00016568,7.1511e-05,6.3536e-05,3.1332e-05,0.00011818,9.3438e-06,9.2691e-05,2.4611e-05,-8.5463e-06,1.7549e-05,3.3456e-05,8.9936e-05,0.00012456,0.0001493,-3.4891e-06,9.5719e-05,4.9533e-05,6.0792e-05,9.3967e-05,0.00025914,-4.7292e-05,5.3197e-05,-1.7196e-05,2.9434e-05,3.8209e-05,4.1649e-05,8.8181e-05,8.481e-05,0.0001084,0.000117,0.00013553
-9.4282e-05,2.6352e-05,6.9761e-05,0.00015304,7.1655e-06,8.3136e-05,0.0001021,7.6407e-05,5.1326e-05,8.1139e-05,0.00013562,-4.9259e-06,7.8125e-05,0.00013495,0.00027432,5.1189e-05,0.00019807,4.1163e-06,0.00019765,-1.2545e-05,4.0883e-05,6.4721e-05,5.0863e-05,0.00011391,6.3427e-05,9.7488e-05,0.00023715,0.00010772,7.2852e-05,2.6713e-05,1.7167e-05,-8.164e-05,-2.9693e-05,4.2594e-05,2.4062e-05,0.00010955,6.9375e-05,0.00013637,6.7752e-05,8.8192e-05,0.0001287,4.0803e-05,3.2884e-05,5.797e-05,0.00010148,0.00013834,8.1908e-05,7.9973e-05,-7.4618e-05,1.4029e-05,2.0062e-05,5.5418e-05,0.00011015,-4.9359e-05,-9.0967e-05,0.00010452,7.827e-05,5.3998e-05,1.445e-05,0.00014084,6.6473e-05,9.0961e-05,0.00010471,5.3518e-05,0.00013989,4.334e-05,6.9886e-05,0.00010256,0.0001083,5.3726e-05,7.8819e-05,6.2963e-05,0.0001454,7.5011e-05,7.6783e-05,5.4107e-05,0.00011066,5.2031e-05,0.00010139,1.693e-05,9.2749e-05,1.899e-05,3.4143e-05,7.6271e-05,0.00011373,7.374e-05,0.00017984,9.0307e-05,9.2975e-05,9.2307e-05,4.9665e-05,3.6195e-05,3.1207e-05,5.2482e-05,8.2503e-05,1.1874e-05,4.7e-08,0.00011872,8.243e-05,2.7939e-05,9.8347e-05,5.6102e-05,8.2865e-05,0.00019045,7.2784e-05,7.4355e-05,0.00021321,1.6942e-05,3.3568e-05,3.7805e-05,0.0001489,6.7932e-05,8.021e-05,-4.0316e-06,9.7678e-05,0.00012126,6.2112e-05,2.7847e-05,5.7842e-05,0.00010798,2.6514e-07,2.3152e-05,0.00021951,6.5201e-05,8.1195e-05,3.8272e-05,6.5583e-05,-0.00065684,9.8302e-05,0.00012605,-6.0064e-05,6.4933e-06,5.1739e-05,6.5274e-05,0.00011345,1.9383e-05,5.0268e-05,0.00011888,0.00011358,6.28e-05,5.3376e-05,-2.3468e-05,9.3191e-05,0.00022413,0.00013339,5.3428e-05,0.00018327,3.5844e-05,9.8727e-05,0.00015268,0.00012708,0.00011529,3.7878e-05,-9.6238e-05,5.452e-05,0.00012017,0.00011036,0.00011402,9.0381e-05,0.00017448,4.7862e-05,0.0001739,8.7476e-05,-7.5482e-05,5.696e-05,0.00011729,4.7249e-05,0.00021767,0.00016194,2.8979e-05,6.9764e-05,8.9692e-05,0.00011629,0.00010117,-2.066e-05,-5.6317e-06,7.039e-05,2.443e-05,-4.1372e-05,7.2388e-06,0.00010173,0.00010193,8.3182e-05,0.00013727,0.00013385,0.00024476
3.2316e-05,4.9708e-05,5.7929e-05,9.2122e-05,-6.4196e-06,6.5866e-05,8.2725e-05,3.13e-05,7.9867e-05,6.5601e-05,3.0226e-05,4.2824e-05,4.005e-05,4.681e-05,5.1189e-05,8.4829e-05,0.0001059,0.00011322,5.8594e-05,1.0866e-05,-1.8832e-05,6.5511e-05,2.6258e-05,4.2257e-05,5.7848e-05,4.3866e-05,6.6852e-05,7.1514e-05,4.2321e-05,5.8711e-05,5.8294e-05,-2.3517e-05,1.7587e-05,7.8392e-05,1.8416e-05,7.3848e-05,5.1964e-05,8.2295e-05,2.0941e-05,4.8781e-05,5.5908e-05,1.9756e-05,3.2362e-05,3.2433e-05,8.4864e-05,3.9372e-05,4.8883e-05,5.8021e-05,3.4309e-05,4.468e-05,9.2672e-05,5.7117e-05,8.4395e-06,4.1987e-05,2.9323e-05,3.7057e-05,3.7077e-05,3.4797e-05,-5.6874e-06,4.5368e-06,3.7524e-05,5.9861e-05,7.0801e-05,4.0786e-05,5.1892e-05,8.0718e-05,3.8236e-05,7.0333e-05,5.4633e-05,2.2013e-05,6.2355e-05,5.8965e-05,6.2598e-05,1.7106e-05,3.8816e-05,2.0946e-05,4.6117e-05,6.6543e-05,4.7205e-05,7.0737e-05,5.7643e-05,4.5692e-05,4.7333e-05,5.6134e-05,3.3809e-05,6.89e-06,7.8632e-05,5.8134e-05,2.246e-05,7.7353e-06,5.2705e-05,4.0739e-05,1.484e-05,4.1287e-05,3.311e-05,3.7308e-05,6.0702e-05,7.1927e-05,4.533e-05,4.327e-05,8.4173e-05,1.1778e-05,1.3775e-05,5.411e-05,5.5063e-05,2.9324e-05,6.1464e-05,1.4762e-05,8.5727e-06,0.00011003,2.1368e-05,4.3809e-05,1.0765e-05,8.49e-06,6.3748e-05,9.5717e-05,1.8151e-06,2.5403e-05,9.9547e-06,6.3096e-05,2.8218e-05,7.3613e-05,7.3641e-05,5.0293e-05,8.4204e-05,5.5245e-05,6.2087e-05,-0.00067725,4.3873e-05,1.4743e-05,1.8878e-05,5.2934e-05,5.497e-05,2.3946e-05,4.2212e-05,2.4613e-05,-2.6638e-05,7.6518e-05,6.7444e-05,4.442e-05,5.404e-05,5.153e-05,4.3419e-05,8.4061e-05,4.8489e-05,5.9748e-05,8.0948e-05,4.9398e-05,1.1497e-05,3.3645e-05,9.8131e-05,-1.334e-07,4.0523e-05,2.4067e-05,4.6663e-05,9.249e-05,0.00010325,3.8121e-06,2.6768e-05,7.4966e-05,1.8328e-05,7.5122e-05,2.5751e-05,2.4686e-05,2.1296e-05,7.3442e-05,7.8219e-05,6.6881e-05,8.2391e-05,-4.7072e-06,3.2648e-05,1.6129e-05,3.5891e-05,8.205e-05,5.4622e-05,9.1891e-06,2.9619e-05,4.4321e-05,4.646e-05,7.9607e-05,5.4387e-05,1.1011e-05,5.0241e-05,4.7271e-05,6.7524e-05,0.00014909
0.0001147,4.7038e-05,9.6097e-05,0.00012718,4.5553e-05,7.8706e-05,0.00017426,8.3746e-05,0.00012082,0.00011125,0.00012303,9.6913e-05,0.00010678,0.0001767,0.00019807,0.0001059,0.00036428,-9.4246e-06,0.00014335,0.00010859,6.8938e-05,0.000142,6.7485e-05,0.00012293,9.7879e-05,0.0001083,0.00016523,0.00013636,8.8272e-05,9.3464e-05,5.1163e-05,-7.081e-05,9.8051e-05,0.00012177,5.0992e-05,0.00014363,7.2079e-05,0.00019256,7.7931e-05,0.00011393,0.00012344,8.3288e-05,0.00010913,0.00011928,0.00016716,0.0001614,0.00010593,6.4363e-05,6.9168e-06,3.7664e-05,0.00021767,8.7237e-05,8.4225e-05,8.6019e-05,1.72e-05,8.8803e-05,0.00013196,0.00012428,9.7973e-05,0.00010499,8.3267e-05,0.00015708,0.00018825,0.00012008,0.00019649,0.00012191,9.4277e-05,0.00012227,0.00020865,2.7923e-05,0.00012064,0.00010938,0.00019438,9.2746e-05,9.4467e-05,9.7834e-05,0.00014754,0.00013312,0.0001198,4.9494e-05,0.00010091,1.1391e-05,7.2167e-05,0.00011031,0.00014557,5.1091e-05,0.00022209,0.00013288,9.6388e-05,2.0459e-05,0.00011405,0.00011109,5.674e-05,9.6231e-05,0.00011397,5.9148e-05,5.1178e-05,0.00013358,8.9719e-05,6.1805e-05,0.00016272,1.4901e-05,6.3133e-05,0.00023099,0.00011638,0.00013445,0.00023475,6.2482e-05,-5.0751e-07,3.1281e-05,0.00013301,0.00010248,8.7832e-05,6.2112e-06,0.00017172,0.00014763,6.5394e-05,4.0112e-05,-4.0201e-06,0.00014392,0.00011454,0.00011536,0.00026318,7.601e-05,0.00014941,0.00016241,1.7745e-05,-0.0012697,7.2727e-05,0.000119,-3.8872e-06,5.9509e-05,0.00015124,8.0432e-05,0.0001332,4.4189e-05,-5.5707e-05,0.00011245,0.00015873,9.6451e-05,0.00010689,4.3294e-05,0.00013336,0.00022838,0.00012255,9.9821e-05,0.00022019,0.00011603,1.3504e-05,0.00015287,0.00018685,7.9491e-05,8.6858e-05,-1.5018e-05,5.9007e-05,0.00021311,0.00014081,0.00013053,9.5594e-05,0.00015899,4.041e-05,0.00015746,0.00010857,2.5017e-05,7.098e-05,9.8568e-05,0.000187,0.00020421,0.00021678,2.2059e-05,9.5103e-05,4.86e-05,0.00013103,0.00017582,0.00024509,-3.0953e-05,8.0257e-05,8.9007e-05,-4.2671e-05,9.0254e-05,2.9739e-05,0.0001409,8.4301e-05,0.00015589,0.00014172,0.00014829
6.0347e-05,0.00012615,4.9199e-05,5.1601e-05,-4.2193e-05,0.0001585,0.00010437,3.7313e-05,0.00013924,0.00011133,2.0609e-05,9.8015e-05,5.8791e-05,-5.59e-05,4.1163e-06,0.00011322,-9.4246e-06,0.00058987,6.4335e-05,-3.4627e-05,-5.6671e-05,-3.0358e-05,7.8997e-06,0.00011295,0.00012631,4.152e-05,6.1004e-05,0.00011564,4.7204e-05,3.7533e-05,0.00019539,3.5083e-05,9.764e-05,0.00025223,4.4161e-05,3.4213e-05,0.00010185,0.00013457,5.5159e-06,5.0858e-05,6.4318e-05,5.4521e-06,2.2921e-05,0.00016622,0.00011021,4.1759e-05,0.00010609,0.00015765,9.5211e-05,0.00013002,4.6843e-05,8.8587e-05,-6.996e-05,8.6648e-05,0.00019907,5.8843e-05,-4.8075e-06,-1.4916e-05,2.0765e-06,-3.989e-05,2.2914e-05,2.5892e-05,6.0807e-05,5.915e-05,1.9029e-05,3.9854e-05,3.601e-05,0.00014139,-3.1893e-05,6.5168e-05,3.8201e-05,9.1664e-05,-3.8946e-05,-4.2321e-05,6.9728e-05,-6.3095e-05,1.9612e-05,4.0769e-05,7.6814e-05,0.00026764,7.3692e-05,0.00016257,2.0434e-05,0.00011352,8.4367e-05,-9.3971e-06,4.0028e-05,6.2216e-05,2.2839e-05,2.4348e-05,7.1157e-05,4.5358e-05,0.00012488,5.2455e-05,-1.2649e-05,8.7085e-05,0.00011579,0.0001108,-5.4938e-06,6.8731e-05,0.00011262,6.535e-05,-8.3901e-06,6.675e-06,0.0001142,1.0879e-05,-1.8667e-05,-1.3611e-05,8.5194e-05,0.0005663,7.4673e-07,4.3787e-05,-9.2091e-07,0.00013223,-2.9121e-06,6.0114e-05,-6.7078e-05,6.0277e-05,8.312e-05,9.1133e-05,8.0737e-05,0.00014965,-2.6556e-05,7.6769e-05,0.00012604,0.00013002,3.7141e-05,-0.0020776,9.4333e-05,-4.7307e-05,0.00011873,7.0419e-05,3.8808e-05,4.6408e-05,1.3824e-05,3.3985e-05,-5.7595e-05,0.0001619,5.3551e-05,9.3501e-05,3.2801e-05,0.00012059,1.4767e-05,7.272e-05,5.7661e-05,4.7673e-05,9.2588e-05,1.9382e-05,8.5144e-05,-7.4178e-06,0.00012212,-0.00024418,0.00010065,0.00015699,2.2373e-05,3.9116e-05,0.00013447,-7.8045e-05,4.5018e-05,9.1758e-05,-5.145e-05,8.7473e-05,7.2696e-05,0.00039694,-1.3395e-05,0.00015418,0.00010638,5.8246e-05,4.2503e-05,-3.8044e-06,3.8398e-05,-1.9171e-05,2.9094e-05,5.2101e-05,4.0824e-05,0.00010106,4.3145e-05,3.7182e-05,0.00021513,0.00025569,0.00014199,-6.9535e-05,6.4155e-05,1.4995e-05,4.4945e-05,-5.0034e-05
-8.7413e-05,4.4318e-05,8.6438e-05,0.00014151,1.6662e-05,8.6114e-05,0.00012095,5.7101e-05,6.8399e-05,0.0001149,9.2292e-05,3.969e-05,8.8507e-05,0.0001201,0.00019765,5.8594e-05,0.00014335,6.4335e-05,0.00018683,-3.8694e-05,-4.2329e-06,5.7615e-05,5.2299e-05,0.00011243,5.4152e-05,9.362e-05,0.00019073,0.00010553,6.6914e-05,5.3139e-05,4.1651e-05,-6.9144e-05,-5.0741e-05,5.2948e-05,2.1715e-05,0.00010888,5.9011e-05,0.00010408,5.6856e-05,8.8594e-05,0.00011908,3.0736e-05,6.8349e-06,1.7091e-05,8.6741e-05,0.00010774,8.4014e-05,9.742e-05,-3.5711e-05,3.0746e-06,6.0081e-06,5.0355e-05,7.4379e-05,2.3278e-05,-6.6513e-05,8.665e-05,3.3324e-05,7.1888e-05,9.1688e-06,6.8245e-05,4.9789e-05,9.1294e-05,0.00010398,5.2854e-05,0.00011694,4.7547e-05,5.3934e-05,0.00010986,8.7219e-05,2.9738e-05,5.8228e-05,7.0372e-05,0.00010253,5.9291e-05,7.8428e-05,5.7653e-05,0.00010192,3.3274e-05,8.3396e-05,5.2441e-05,9.139e-05,5.2363e-05,5.3643e-05,6.683e-05,7.5893e-05,5.6721e-05,0.00012449,7.9506e-05,7.9127e-05,5.5523e-05,6.1153e-05,2.2794e-05,4.1164e-05,5.2487e-05,9.321e-05,3.3004e-05,3.1217e-05,0.00011496,8.959e-05,4.6778e-05,8.2558e-05,3.5835e-05,6.5177e-05,0.00016898,6.5062e-05,7.6522e-05,0.00017548,4.2807e-05,1.3164e-05,4.5325e-05,0.00010873,6.7692e-05,4.3653e-05,-3.404e-05,9.4093e-05,9.7759e-05,2.914e-05,3.7337e-05,3.3179e-05,9.6707e-05,1.5623e-05,6.3164e-05,0.00017816,7.5531e-05,0.00011005,2.6811e-05,8.8456e-05,-0.00060204,9.7317e-05,8.138e-05,-2.5916e-05,3.1655e-05,1.9692e-05,3.3751e-05,9.6563e-05,4.1188e-05,3.5644e-05,9.2956e-05,0.00010979,6.706e-05,4.6982e-05,2.9061e-05,8.3212e-05,0.00015467,0.00011575,5.1931e-05,0.00018927,2.8897e-05,7.1991e-05,0.00010328,0.00014438,5.9992e-05,3.797e-05,-6.0951e-05,6.4235e-05,0.00011723,0.00013084,5.5588e-05,7.6392e-05,0.00015219,4.9603e-05,0.00012178,3.9144e-05,-6.2755e-05,4.4619e-05,9.0832e-05,2.7641e-05,0.00015951,0.00014765,1.6179e-06,9.7118e-05,7.8436e-05,9.5384e-05,0.00012065,6.6793e-05,1.364e-05,6.5915e-05,3.0769e-05,3.5777e-05,4.4382e-05,0.00010984,8.7399e-05,9.4151e-05,0.00012018,0.00012122,0.00023368
