0.001786,-6.8724e-05,0.00018749,0.0006267,0.00069033,0.00080721,0.00063666,6.0281e-05,0.00028982,4.5584e-05,0.00032344,0.00013543,0.00017128,0.00018943,-1.0691e-05,-0.00011361,0.00043958,5.8806e-06,-0.00010458,0.00078172,-7.6519e-05,0.00044534,0.00017791,-7.1241e-05,0.00046814,0.00055006,-0.00016093,-0.00026546,-0.0001456,-4.4667e-05,0.00015362,0.00017693,0.00044582,0.00065265,0.00026972,1.3957e-05,0.00010204,4.1186e-06,-2.5006e-05,-9.8732e-05,-2.8705e-06,3.8191e-05,-0.0002485,0.00066791,0.00072252,0.00048911,-0.00017305,0.00035365,-0.00018152,0.0001771,0.0013311,0.00025479,-0.00027536,0.00016274,0.00061424,0.00046467,0.00011066,0.00034717,0.0015455,-2.0716e-05,-3.5239e-05,-0.00016631,7.2777e-05,-0.00027569,-0.00025982,0.00015918,-0.00012307,0.0005572,0.00030572,0.00024344,-0.00010253,-6.8405e-05,-0.00026262,0.00021229,-3.4374e-07,-5.3378e-05,0.00014088,0.0005225,-2.0296e-05,-0.00034236,0.00016832,0.00029872,-1.2073e-05,0.00020217,8.5292e-05,-5.1161e-05,3.658e-05,8.7577e-07,-3.9678e-06,7.5328e-06,0.00015625,8.4941e-05,-3.0605e-05,-8.8822e-05,0.00012405,0.00010752,0.00012856,0.00023639,-1.1059e-05,5.3316e-05,0.00030333,-9.9125e-05,0.00020805,0.00030825,0.00044632,-7.1062e-05,0.00051382,0.00039463,7.1941e-06,0.001264,-0.00022288,7.5542e-05,5.1213e-05,0.0001569,0.00032801,0.00051802,5.8818e-05,9.7266e-05,9.4924e-05,-0.00012589,0.00029031,0.00049471,-3.2227e-05,1.9529e-05,-5.5427e-05,0.0008395,0.00012476,0.00080942,0.00012483,0.00047791,0.0003037,0.00011591,6.9438e-05,-8.2862e-05,-0.00023122,-4.9329e-05,3.1735e-05,0.00036225,0.00018913,9.5042e-06,5.9547e-05,1.0766e-05,-0.00016543,-0.00031268,0.00022022,0.00033473,-1.4732e-05,0.0002052,-0.00010505,-7.2235e-05,-0.00039913,-0.00010537,0.00024583,0.00054979,9.3321e-05,0.00083247,5.0449e-05,-0.00021893,6.9424e-05,0.00034059,0.00010523,0.00012777,-0.00030029,0.0015263,0.00025481,0.00062649,0.0004057,-3.7135e-05,0.00016277,0.0002264,6.6348e-07,-0.00023788,5.4708e-05,0.00024926,0.0017974,-1.693e-05,7.0556e-05,0.00030905,0.0011248,0.00059076,-0.0002381,-5.6374e-05,0.00019362,0.0002394,-1.9802e-05,0.00034095
-6.8724e-05,0.0001954,9.5715e-05,5.6984e-05,0.00019974,2.1312e-05,3.978e-05,7.2777e-05,0.00016206,6.1076e-05,9.1518e-05,9.2593e-05,7.9122e-05,5.8154e-05,8.976e-05,4.2781e-05,2.8903e-05,9.7858e-05,8.0522e-05,-2.7509e-06,0.00010829,2.4646e-05,6.9817e-05,6.7243e-05,6.0819e-05,0.00010723,8.689e-05,4.3672e-05,0.00010432,9.0905e-05,8.4815e-05,6.8831e-05,5.0424e-05,3.8033e-05,0.00010534,0.00012581,7.1669e-05,8.1434e-05,7.2969e-05,8.3884e-05,8.8976e-05,1.459e-05,6.1936e-05,-4.0533e-05,-2.8847e-05,8.5612e-05,0.00029961,0.00010681,7.3509e-05,-9.9027e-05,-1.7229e-05,9.972e-05,0.00012766,8.6608e-05,8.7391e-06,7.1086e-05,7.0378e-05,0.00012462,0.00021212,4.1379e-05,8.0824e-05,8.1911e-05,6.6163e-05,0.00010807,0.00018167,0.00010079,7.1012e-05,-2.0975e-05,9.8139e-05,3.8859e-05,7.0256e-05,0.00011122,0.00014929,0.00010418,0.0001078,9.5587e-05,0.00011205,2.2436e-05,0.00012104,0.00011058,6.6669e-05,6.2896e-05,4.8952e-05,0.00011457,0.00011055,5.4481e-05,0.00016294,8.783e-05,0.00011343,0.00011606,0.00012187,5.8269e-05,0.00013139,9.8446e-05,0.00014488,8.5208e-05,2.7792e-05,4.0457e-05,2.9119e-05,9.1539e-05,0.00010326,0.00013324,7.3401e-05,0.00013203,0.00015644,7.2459e-05,9.4933e-05,0.00010894,4.3734e-05,-4.2549e-05,0.00011804,6.1594e-05,3.1141e-05,6.0243e-05,0.00014921,-2.5056e-05,9.0734e-06,3.527e-05,2.0798e-05,0.00011148,8.002e-05,4.3642e-05,9.3652e-05,0.00011189,7.0194e-05,-3.4213e-05,0.00011341,-4.323e-05,4.9541e-05,0.00014842,4.6375e-05,9.8395e-05,0.00014185,8.0426e-05,0.00013024,-0.00011421,9.1663e-05,0.00030878,0.00015542,0.00015427,0.00010852,6.7438e-05,5.7525e-05,0.0001043,0.00011164,0.00012562,8.4833e-05,3.8038e-05,0.00015378,0.00011739,0.00017003,2.7781e-05,4.975e-05,-3.0952e-05,0.00012316,6.8597e-05,0.0001582,0.0001083,7.7502e-05,2.6769e-05,5.0752e-05,0.00010288,4.1218e-06,-9.7468e-05,0.00011935,0.00013392,7.0257e-05,0.00012307,7.9923e-05,4.339e-05,0.00011779,8.0105e-05,8.4231e-05,0.00017533,-0.00029721,2.271e-05,0.00011044,6.2961e-05,2.0809e-06,7.5948e-05,6.3934e-05,6.5475e-05,0.00028622,0.00011813,0.00012281,-1.7739e-05
0.00018749,9.5715e-05,0.00018963,6.9231e-05,0.00020773,9.5446e-05,9.7247e-05,7.5834e-05,0.00013137,0.00011059,9.352e-05,9.5244e-05,9.8797e-05,4.996e-05,9.0444e-05,2.3206e-05,0.00014758,8.3869e-05,5.4826e-05,0.00011214,0.00010813,0.00011101,8.8523e-05,5.0789e-05,8.9903e-05,0.0001349,6.2471e-05,2.7124e-05,7.5851e-05,-1.2662e-05,8.3751e-05,7.4663e-05,0.0001101,8.8749e-05,0.00010336,9.1646e-05,6.3273e-05,8.5705e-05,6.8271e-05,7.2213e-05,3.5623e-05,4.8156e-05,-2.0994e-06,0.00015608,0.00024514,0.00012705,0.00015349,8.9995e-05,6.1462e-05,-0.00010543,0.00020158,9.8499e-05,8.0738e-05,3.7448e-05,9.5944e-05,0.00012464,3.6694e-05,0.00014053,0.00030353,7.7231e-06,6.1595e-05,3.8067e-05,9.9164e-05,1.7037e-05,0.0001028,9.5607e-05,5.6749e-05,3.1558e-05,6.4953e-05,1.5044e-05,4.1457e-05,5.9196e-06,0.00011188,2.4773e-05,9.6891e-05,4.2077e-05,8.9358e-05,4.749e-05,0.00010482,4.7118e-05,8.7973e-05,0.00010599,7.1143e-05,6.8443e-05,0.00010241,6.4792e-05,0.00011809,5.5708e-05,7.953e-05,3.1539e-05,4.8082e-05,2.463e-05,0.00013339,9.6611e-05,9.342e-05,9.7685e-05,5.6628e-05,7.8042e-05,1.6693e-05,5.859e-05,0.00013366,0.0001024,7.946e-05,0.00014332,0.00017903,2.7247e-05,9.1795e-05,0.00011148,1.8773e-05,0.00019814,0.00011451,6.0438e-05,3.205e-05,6.525e-05,0.00012042,3.2231e-05,7.254e-05,2.2646e-05,2.227e-05,6.5984e-05,9.6355e-05,4.0981e-05,5.6706e-05,9.9933e-05,4.1082e-05,8.1253e-05,9.4486e-05,3.2609e-05,8.2776e-05,0.00013991,8.2654e-05,8.9264e-05,0.00013083,3.2429e-05,8.4018e-05,-3.1115e-05,9.2564e-05,0.00025625,0.00012476,8.4429e-05,8.1403e-05,6.0833e-05,9.508e-06,9.6269e-05,9.7997e-05,0.00013016,6.9959e-05,4.8667e-06,8.2347e-05,9.8893e-05,-1.0664e-05,7.7013e-05,7.4429e-05,2.3243e-05,0.00012187,0.00019446,8.7053e-05,-1.3576e-05,4.5786e-05,5.6882e-05,0.00018454,0.00011761,-6.1177e-05,8.1791e-05,6.3065e-05,0.00017036,7.3887e-05,7.6898e-05,7.8598e-05,4.146e-05,9.8164e-05,5.2327e-05,4.8274e-05,0.00017335,8.7297e-05,2.5066e-05,0.00015802,6.379e-05,4.6458e-06,0.00011078,2.7373e-06,7.4581e-05,0.00023732,0.00013538,0.00010647,0.00020656
0.0006267,5.6984e-05,6.9231e-05,0.0005194,0.0003817,0.00032637,0.00037208,9.0362e-05,0.00026843,0.00015312,0.00020851,0.0001638,0.00011661,0.0001402,1.588e-05,-5.1151e-06,0.00029225,-3.4165e-05,6.2218e-06,0.00029151,2.9734e-05,0.0002563,0.00012289,6.826e-06,0.0002293,0.00022843,-6.0771e-05,-7.9965e-05,4.3326e-05,8.6221e-05,0.00014012,9.4027e-05,0.00025004,0.00034127,0.00016805,7.4787e-05,9.1611e-05,5.1843e-05,4.8475e-05,5.1188e-05,0.00010122,-4.4705e-05,-0.00010505,0.00035509,8.1191e-05,0.00023836,0.00019598,0.00025485,-8.0423e-05,0.00023242,0.00072354,0.00011588,7.1672e-06,5.8377e-05,0.00029872,0.00026953,5.4763e-05,0.00019275,0.00076334,6.8568e-05,3.042e-05,3.9327e-06,0.00010006,1.4333e-06,6.3064e-05,0.00015913,1.8134e-05,0.00031671,0.000205,0.00014522,-3.3206e-07,3.102e-05,-9.4314e-06,0.00021477,0.00013227,0.00010597,4.1092e-05,0.0002931,5.1298e-05,-2.3383e-05,0.00010341,0.00013783,2.89e-05,0.0001843,0.00015566,-1.2353e-06,0.00010396,-3.4377e-06,6.1833e-05,7.4398e-05,0.00015616,9.2051e-05,6.5698e-05,3.7095e-05,0.00019533,0.0001227,8.6935e-05,0.00013034,-6.7884e-05,6.7089e-05,0.00015598,7.2066e-05,6.2326e-05,0.00021005,0.00024393,4.0548e-05,0.00033762,0.00029181,1.0328e-05,0.00044633,-4.4046e-05,0.0001059,4.3757e-05,5.7134e-05,0.00028192,0.00023193,2.9623e-05,3.8968e-05,6.0883e-05,-1.0525e-05,0.00019279,0.00019658,1.0159e-05,8.4867e-05,-4.5399e-06,0.00032952,0.00014882,0.00040208,7.5382e-05,0.0002724,0.00016532,7.9273e-05,0.0001222,2.1865e-05,3.6165e-05,-0.0001168,6.7981e-05,0.00023435,0.00026451,0.00018354,5.5395e-05,3.0987e-05,1.2368e-05,-1.8684e-05,0.00014825,0.00024864,6.8198e-05,7.9044e-05,6.0576e-05,5.6127e-05,-9.9739e-06,-5.4466e-05,0.00015648,0.00025665,0.00014616,0.00046468,0.0002323,1.0858e-05,9.0093e-05,0.00018957,-0.00013325,6.1448e-05,-8.1578e-05,0.00050884,0.00012976,0.00034887,0.0001931,6.3484e-05,0.00015317,9.9317e-05,6.8956e-05,-1.674e-05,0.00010617,0.00016368,0.00065545,-3.3199e-05,0.0001363,0.00016821,0.00064488,0.00026851,1.9141e-05,-6.879e-05,0.00015669,0.00016294,4.7666e-05,0.00016277
0.00069033,0.00019974,0.00020773,0.0003817,0.00084671,0.00040965,0.00045884,0.00011858,0.00043148,0.00015611,0.00031492,0.00023997,0.00021679,0.00016122,6.9772e-05,1.9247e-05,0.00037197,5.1639e-05,1.2267e-05,0.00046367,0.00012597,0.00024505,0.00019988,0.00017443,0.00030346,0.00052521,1.5564e-05,-3.5072e-05,9.0313e-05,0.00012722,0.00019194,4.5781e-05,0.00037101,0.00033193,0.00032056,0.00024078,0.0001106,0.00015717,0.0001142,7.0407e-05,0.00010896,8.685e-05,-4.8821e-05,0.00060312,0.00045242,0.00037349,0.00021469,0.00033389,0.00010919,-1.7823e-05,0.00069809,0.00029276,0.00011442,0.00021091,0.0001848,0.00033883,9.5999e-05,0.00047683,0.0014166,5.1635e-05,7.4599e-05,4.7554e-05,0.00014987,1.5687e-05,0.00019176,0.00016565,0.00011939,0.00033111,0.00029188,0.00014789,2.6949e-05,0.00010948,6.2699e-05,0.00025037,0.0001606,9.4507e-05,0.00022491,0.00038622,0.00015278,-0.00013811,0.00022867,0.00014162,-4.6618e-06,0.00033325,0.0001552,0.0001032,0.00023992,0.00014516,6.2916e-05,0.00016909,0.00018759,0.00014287,0.00019145,0.00015685,0.00029702,0.00018876,5.9524e-05,0.00018874,4.5792e-05,0.00014657,0.00031518,0.0001129,0.00011407,0.00032572,0.00045682,6.958e-05,0.0003047,0.00038906,5.0735e-05,0.00044247,5.6352e-05,0.00012386,0.00013603,0.00017652,0.00040625,0.00032813,6.6022e-05,2.6706e-05,6.9716e-05,0.0001003,0.00024404,0.00025223,0.00010231,0.00018437,6.7051e-05,0.00048208,0.00016148,0.0004567,0.00012351,0.00042995,0.00012962,0.00019763,0.00012764,5.796e-05,8.7972e-05,-2.0101e-05,0.00019854,0.00073833,0.00031276,0.00019651,0.00016277,0.00013083,6.7285e-05,-2.8537e-05,0.00029217,0.00034609,2.9778e-05,0.00016816,0.00010424,0.00015951,0.0001003,2.0852e-05,0.00019614,0.00037557,0.00023193,0.00052936,0.00025463,8.0488e-05,0.00018883,0.00030145,-6.3333e-06,0.00023739,-4.2654e-05,0.00062486,0.0002104,0.0005697,0.00025668,7.8224e-05,0.00019719,0.00019126,0.0001531,-7.4573e-07,0.00018241,0.00042549,0.00043379,3.2637e-05,0.00017534,0.00023933,0.00073044,0.00041391,3.9358e-05,8.861e-05,0.00037704,0.00028679,0.00013008,0.0001909
0.00080721,2.1312e-05,9.5446e-05,0.00032637,0.00040965,0.00059766,0.00037059,0.00010036,0.00017838,4.0257e-05,0.00020987,8.8923e-05,0.00010775,0.00020569,3.2887e-05,-3.8418e-05,0.0002817,8.1371e-05,1.3047e-05,0.00036892,4.3755e-05,0.00030009,0.00012309,3.6578e-05,0.00032923,0.00027104,-5.8738e-06,-7.0871e-05,-2.0851e-05,1.3142e-05,0.00014819,0.00014461,0.00020954,0.00048264,0.00024121,9.089e-05,7.8015e-05,3.661e-05,-1.3737e-05,-7.6333e-06,9.6349e-05,1.918e-05,-6.1431e-06,0.00031614,0.00033451,0.0003564,9.1027e-05,0.00026538,-4.6248e-05,2.5692e-05,0.00071076,0.00019026,-8.1207e-05,3.9803e-05,0.00032192,0.00025768,0.00010753,0.00023522,0.0012283,8.4952e-05,4.3583e-05,-2.2994e-05,6.2908e-05,8.8932e-05,-0.00014207,0.00015543,-1.4751e-05,0.0002572,0.00018028,9.4935e-05,-9.122e-06,1.3445e-05,-5.7518e-05,0.00020511,1.589e-05,2.042e-05,9.7835e-05,0.00029755,6.1495e-05,-2.8305e-05,8.1264e-05,0.00017741,3.678e-05,0.00021758,9.0325e-05,3.1385e-05,0.0001475,7.871e-05,6.2124e-05,0.00012459,0.00011393,0.00010475,3.749e-05,-2.8532e-06,3.3406e-05,7.7162e-05,3.8425e-05,0.00011832,4.8313e-05,9.6085e-05,0.00022554,7.4341e-05,0.00011534,0.00020907,0.00029881,-4.5172e-06,0.00038016,0.00023976,5.4875e-05,0.00073699,-0.0001056,3.0388e-05,7.3804e-05,0.00014189,0.00019867,0.00027031,-2.4431e-05,0.00016707,0.00010403,1.7666e-06,0.00020673,0.00036931,3.0236e-05,5.5271e-05,2.8083e-05,0.00037313,7.646e-05,0.00036533,6.2634e-05,0.00032777,0.00020163,9.2052e-05,0.00022097,5.2813e-06,-6.8891e-05,-5.8053e-05,0.00011085,0.00031051,0.00012279,7.1679e-05,5.3477e-05,4.6795e-05,-5.4497e-05,-0.00025663,0.00014223,0.00016373,1.9121e-05,0.00018485,1.5079e-05,2.2811e-05,-8.9108e-05,-6.4098e-06,0.00015305,0.00032414,9.3291e-05,0.00044251,6.2135e-05,-1.3254e-05,4.6263e-05,0.0001878,-9.0473e-05,9.63e-05,-4.1249e-05,0.00098659,0.00016797,0.00037965,0.0003312,3.1747e-05,0.00011484,0.00013751,7.6047e-05,-9.5885e-05,4.8506e-05,0.00022817,0.00069352,5.7959e-05,7.7885e-05,0.00022762,0.00071408,0.00048394,-3.4791e-05,-1.3687e-05,8.5282e-05,0.00015319,-9.7212e-06,0.00015287
0.00063666,3.978e-05,9.7247e-05,0.00037208,0.00045884,0.00037059,0.00049613,4.4602e-05,0.00020474,0.00011737,0.00017157,0.00013371,9.3425e-05,0.00014257,-4.7454e-05,-6.5629e-05,0.00029371,2.1402e-05,-6.0271e-05,0.00040251,-1.3458e-05,0.0002439,0.00011394,8.2253e-07,0.00023162,0.00029914,-0.00014935,-3.2861e-05,1.9894e-06,-2.1362e-06,0.00014421,0.0001513,0.00028415,0.00037097,0.00014242,9.1381e-05,5.7815e-05,4.8581e-05,1.5817e-05,1.5004e-05,3.0239e-05,6.78e-05,-6.7218e-05,0.00053344,0.00039073,0.00025591,9.9116e-05,0.00023665,-6.0581e-05,0.00020383,0.00073574,0.00014569,1.0921e-05,0.00010753,0.00034001,0.00030604,3.6936e-05,0.00029373,0.0010882,8.333e-05,1.1882e-05,-2.5636e-05,7.4455e-05,-8.5334e-05,-1.2078e-05,9.1093e-05,1.9431e-05,0.000352,0.00018694,0.00018098,-5.4096e-05,-3.5335e-05,-7.899e-05,0.0001876,4.9355e-05,2.9509e-05,7.3321e-05,0.00040159,2.212e-05,-7.166e-05,0.00010217,0.00011789,-8.3427e-05,0.00021477,6.3085e-05,7.7583e-05,6.3358e-05,0.00013926,-3.4486e-05,2.9844e-05,-6.6011e-05,0.00013323,4.158e-05,6.958e-05,0.000138,9.4953e-05,1.7207e-05,0.00012728,-2.9794e-06,3.6934e-05,0.00012371,3.1173e-05,7.634e-05,0.0001783,0.00023874,-9.9579e-06,0.00024442,0.00024633,2.112e-05,0.00050681,-0.00013705,5.3879e-05,8.3144e-05,0.00011418,0.00019504,0.00027192,3.7508e-05,1.083e-05,4.2798e-05,-4.6959e-08,0.00017286,0.00021471,-3.4321e-05,5.2202e-05,-3.4272e-05,0.00038398,0.00017271,0.00042282,4.9143e-05,0.0002785,0.00017649,4.7748e-05,0.00017111,-1.663e-05,-3.7155e-05,-7.2954e-05,0.00010044,0.00022839,0.00017868,0.00011047,5.0716e-05,1.6506e-05,-1.8081e-05,-9.4591e-05,0.00013111,0.00021298,9.2773e-06,0.00015813,-5.9733e-06,1.528e-05,-0.00011735,3.7233e-05,0.00017581,0.00033026,8.1543e-05,0.00048832,0.00012339,-3.7025e-05,7.6917e-05,0.00027171,0.00014037,7.164e-05,2.6153e-05,0.00066947,3.9108e-05,0.00032852,0.00019869,-4.4283e-05,0.00012317,9.2283e-05,7.3053e-05,-4.7598e-05,9.1256e-05,0.00017114,0.00071844,-2.8747e-05,0.00011347,0.0001944,0.00069856,0.00034351,-3.2614e-05,1.1033e-05,-3.6631e-06,0.00013906,1.0534e-05,0.00019958
6.0281e-05,7.2777e-05,7.5834e-05,9.0362e-05,0.00011858,0.00010036,4.4602e-05,0.00011886,0.00012,7.9011e-05,9.434e-05,8.0704e-05,6.4564e-05,9.7663e-05,7.7957e-05,3.3898e-05,6.2287e-05,7.6462e-05,9.6985e-05,2.358e-06,0.00012501,9.7686e-05,6.5505e-05,9.9483e-05,5.2583e-05,9.9112e-05,0.00010893,2.352e-05,6.0293e-05,5.7475e-05,6.4254e-05,2.8378e-05,2.0318e-05,8.6663e-05,0.00010683,8.7729e-05,7.3619e-05,5.2591e-05,2.3404e-05,6.939e-05,9.2884e-05,3.11e-05,3.1094e-05,-1.3269e-05,0.00013416,9.2939e-05,0.00017528,0.00012782,6.8215e-05,-6.0854e-05,-2.5622e-05,8.0773e-05,9.9943e-05,-5.5104e-06,7.1223e-05,9.2298e-05,6.776e-05,6.7722e-05,0.00012788,6.4724e-05,7.538e-05,6.6881e-05,8.0868e-05,0.00016505,0.00015346,8.3156e-05,3.7288e-05,-2.5357e-05,7.2829e-05,2.3125e-05,5.6586e-05,9.8387e-05,0.00014535,8.7755e-05,0.00010527,8.0072e-05,6.8647e-05,1.9835e-05,8.0982e-05,5.4752e-05,6.2875e-05,0.00011441,6.1784e-05,8.3904e-05,0.00010347,6.5258e-05,9.8947e-05,4.936e-05,9.7971e-05,0.00011085,0.00012387,4.9448e-05,9.3661e-05,6.6258e-05,7.4072e-05,8.2631e-05,4.7601e-05,7.2193e-05,2.1768e-05,9.9086e-05,0.000109,0.000116,5.1369e-05,0.00012233,0.00010166,1.4798e-05,0.00016804,9.2395e-05,2.1174e-05,0.0001241,8.6876e-05,5.1791e-05,1.0873e-05,1.3138e-05,0.00010144,-1.0267e-05,1.0361e-05,7.935e-05,5.6268e-05,6.351e-05,8.3483e-05,3.5126e-05,0.00011038,7.4221e-05,7.6643e-05,-1.0508e-05,4.8179e-05,7.1189e-06,8.0194e-05,0.00014672,7.5906e-05,8.4603e-05,0.00012894,7.017e-05,0.00010241,-4.3872e-05,6.0337e-05,0.00016402,0.00010855,0.00010297,6.9443e-05,4.7016e-05,3.6035e-05,0.00011578,9.157e-05,8.1713e-05,8.7109e-05,4.8065e-05,7.7248e-05,9.5441e-05,9.4534e-05,3.4807e-05,7.5027e-05,2.2406e-05,9.3828e-05,9.8651e-05,9.1485e-05,2.5661e-05,2.4999e-05,4.0991e-05,-2.5641e-05,8.4357e-05,-1.1158e-05,3.8677e-06,0.00016534,9.1481e-05,4.5223e-05,0.00011797,8.9175e-05,5.2833e-05,6.3761e-05,7.2062e-05,3.4166e-05,0.00012556,-6.5348e-05,4.4237e-05,9.027e-05,9.4717e-05,6.6234e-05,5.6531e-05,8.8117e-05,-2.4049e-05,0.00025371,0.00011974,5.6541e-05,-2.3811e-06
0.00028982,0.00016206,0.00013137,0.00026843,0.00043148,0.00017838,0.00020474,0.00012,0.00035702,0.00011605,0.00017768,0.00017417,0.00016112,0.00011287,8.1247e-05,4.5906e-05,0.00017986,4.8821e-05,4.6933e-05,0.00015236,0.00013375,0.00012128,0.00014967,7.2012e-05,0.00015829,0.00024396,4.4244e-05,6.0702e-06,0.00010342,0.00010237,0.00013892,3.9328e-05,0.00019345,0.00016418,0.00016404,0.00015517,8.3871e-05,8.9102e-05,9.0462e-05,9.7499e-05,0.00011558,-2.0176e-05,-2.634e-05,0.00022503,3.7602e-05,0.00019082,0.0002669,0.00023686,7.1044e-05,-6.7562e-05,0.00025979,0.0001192,8.8708e-05,3.0353e-05,0.0001017,0.00019938,5.0646e-05,0.00024232,0.00064368,6.3936e-05,7.207e-05,5.8594e-05,0.0001317,0.00015385,0.00023277,0.00015403,7.1939e-05,8.3641e-05,0.0002008,0.00011156,6.5184e-05,0.00011341,8.5993e-05,0.00019399,0.00016543,0.00010871,0.00014121,0.00016382,0.00010937,-0.00010016,0.00014028,0.000185,7.9682e-05,0.000188,0.00016247,4.4381e-05,0.00016731,9.2616e-05,0.00010908,0.0001672,0.00019617,8.1606e-05,0.00016543,0.00010291,0.00024888,0.00016515,7.8396e-05,8.223e-05,-3.1449e-05,9.046e-05,0.00016268,0.00014506,6.8347e-05,0.00022774,0.00023946,7.0203e-05,0.00027239,0.00024617,4.8954e-05,0.00016793,0.00011952,0.0001061,5.9038e-05,6.7231e-05,0.00029945,0.00012318,5.1844e-05,5.8801e-05,5.1285e-05,7.9031e-05,0.00016717,8.8316e-05,7.9051e-05,0.00015478,8.2373e-05,0.00020156,8.3173e-05,0.00022044,9.1215e-05,0.0002619,0.00010594,0.00013903,0.00013324,6.995e-05,9.4208e-05,-2.2606e-05,0.0001075,0.00045182,0.0002806,0.0001993,9.0014e-05,0.00010493,7.4696e-05,0.00014084,0.00019484,0.00023668,9.6189e-05,6.9092e-05,0.00015025,0.00011341,0.00012215,3.3515e-05,0.00012203,0.0001506,0.00019002,0.00029619,0.00023018,4.9316e-05,0.00011966,0.00013682,0.0001418,0.00014197,-9.0551e-06,0.00016376,0.00018672,0.00028268,0.00012667,0.00012866,0.00012985,0.00011091,0.00011802,5.4932e-05,0.00012459,0.00024058,7.9331e-05,3.1306e-05,0.00014563,0.00016865,0.00037975,0.00013482,7.3511e-05,-1.5921e-05,0.00037771,0.00023598,8.057e-05,0.00010766
4.5584e-05,6.1076e-05,0.00011059,0.00015312,0.00015611,4.0257e-05,0.00011737,7.9011e-05,0.00011605,0.00020338,8.1138e-05,0.00012704,7.3357e-05,2.6056e-05,4.1439e-05,2.8361e-05,0.00012874,1.5965e-05,6.1928e-05,6.2959e-05,0.00011993,0.00012841,8.5747e-05,6.7285e-05,4.2645e-05,5.7759e-05,4.9671e-05,-1.5006e-05,6.3288e-05,3.3397e-05,7.3282e-05,4.1791e-05,6.9315e-05,4.665e-05,6.5266e-05,7.4269e-05,8.0718e-05,9.2098e-05,7.1932e-05,7.1643e-05,7.7941e-05,2.57e-05,-1.5383e-05,0.00021386,0.00012734,4.9733e-05,0.00019769,8.918e-05,4.949e-06,-3.3956e-05,0.00018761,7.1468e-05,0.00017657,1.8075e-05,0.00011105,0.00010803,3.3285e-05,6.5545e-05,0.00021008,1.9947e-05,4.1346e-05,4.9848e-05,0.00013955,7.4057e-05,0.00017957,8.506e-05,6.4362e-05,0.00018111,6.886e-05,-1.2049e-06,4.477e-05,2.9316e-05,0.0001847,7.9866e-05,0.00012037,7.3867e-05,-2.9402e-05,2.9734e-05,6.5478e-05,8.6277e-05,8.3177e-05,4.7156e-05,-5.3821e-06,8.7321e-05,0.00011233,8.4773e-05,4.086e-05,1.3435e-05,7.0408e-05,3.6845e-05,1.6033e-05,3.2792e-05,0.00011375,0.0001119,8.9392e-05,7.2269e-05,5.1838e-05,5.5936e-05,-3.5192e-05,2.8118e-05,7.9565e-05,0.00011358,-1.7703e-05,0.00010184,0.00010164,3.4309e-05,2.0992e-05,0.00011946,-1.6784e-05,9.4061e-05,8.7067e-05,6.4289e-05,4.1351e-05,5.3743e-05,0.00013147,0.00015432,4.3747e-05,-1.0881e-05,2.4258e-05,4.1876e-05,8.5466e-05,-1.3767e-05,3.7272e-05,9.1425e-05,1.2235e-05,2.6963e-05,8.2152e-05,-2.2604e-05,6.495e-05,8.5409e-05,8.3483e-05,4.2613e-05,0.00010708,3.7547e-05,0.00015547,1.6723e-05,6.8433e-05,0.00014988,0.0001283,0.00012832,5.023e-05,1.529e-05,2.197e-05,0.00019554,6.1824e-05,0.0001069,4.7531e-05,-4.7066e-06,5.2754e-05,0.00013679,4.6687e-05,7.0769e-05,6.5888e-05,5.411e-05,7.8158e-05,0.00017184,0.000133,-5.9926e-06,4.8493e-05,5.0698e-05,9.4736e-05,7.2926e-05,-7.7464e-05,1.34e-05,3.5106e-05,0.00014098,2.5344e-05,6.4159e-05,0.00011509,1.1222e-05,9.7478e-05,7.4855e-05,5.5608e-05,9.8e-05,0.00010379,4.0175e-05,0.00015276,6.0834e-05,5.0449e-05,6.5016e-05,6.8037e-05,-1.2658e-06,0.00013205,0.0001167,6.4268e-05,6.322e-05
0.00032344,9.1518e-05,9.352e-05,0.00020851,0.00031492,0.00020987,0.00017157,9.434e-05,0.00017768,8.1138e-05,0.00019361,8.8635e-05,0.00011526,0.0001561,9.7862e-05,2.9933e-05,0.00018061,4.2099e-05,7.9943e-05,0.00015655,7.5366e-05,0.00011419,8.1169e-05,0.00011502,0.00013559,0.00017982,9.8448e-05,-1.5987e-05,4.8973e-05,8.1999e-05,0.00010763,5.611e-05,0.00015445,0.0001842,0.00016857,0.00010334,9.6794e-05,8.5122e-05,4.0842e-05,5.8938e-05,0.00012186,3.1858e-05,-1.0301e-05,0.00015043,0.00015073,0.00016652,0.00019724,0.00018374,6.4972e-05,4.2104e-05,0.00027732,0.00013138,9.7239e-05,9.771e-05,0.00013737,0.00014396,0.00010589,0.00014561,0.00045731,6.3242e-05,6.6767e-05,5.3238e-05,9.1177e-05,7.4907e-05,0.00012179,0.00012277,5.4234e-05,0.00010468,0.00012952,4.3062e-05,4.2583e-05,0.00011541,0.00011205,0.00012791,0.00011012,8.8453e-05,0.00010638,8.7954e-05,7.8464e-05,6.9147e-06,0.00011176,3.907e-05,4.6054e-05,0.00013833,0.00012685,5.9688e-05,0.00018357,3.3159e-05,0.00010606,0.00014596,0.00024067,8.0874e-05,9.2576e-05,8.4541e-05,0.00013244,8.7998e-05,6.3018e-05,0.00012169,2.4018e-05,0.00012336,0.00018341,8.1029e-05,8.5624e-05,0.00016667,0.00021461,4.5324e-05,0.00023275,0.00017076,2.1222e-05,0.00025952,7.2819e-05,6.8692e-05,5.9132e-05,6.574e-05,0.0001944,7.2458e-05,2.7337e-05,3.4927e-05,5.2839e-05,6.5993e-05,0.00011773,0.00014499,9.2487e-05,0.00010417,8.2547e-05,0.0001537,7.5975e-05,0.00014332,9.1923e-05,0.00022246,9.8343e-05,0.00011151,0.00012681,6.5791e-05,0.0001244,1.034e-05,8.7677e-05,0.00027522,0.00015915,0.00011135,0.00011412,5.3235e-05,3.2935e-05,-1.3243e-07,0.00017076,0.00014924,5.8854e-05,9.6663e-05,9.3392e-05,0.00011732,7.8698e-05,4.001e-05,9.5245e-05,0.00011326,0.0001199,0.00021669,0.00014486,5.8909e-05,8.518e-05,8.6805e-05,-0.00017918,0.0001084,-8.5272e-05,0.00021,0.00020376,0.00024717,0.00013549,0.00011822,0.00012011,0.00010175,9.5227e-05,3.0907e-05,9.7101e-05,0.00015878,0.0001699,3.3961e-05,0.00010978,0.00011875,0.00024714,0.0001674,5.6377e-05,1.2648e-05,0.00027143,0.00015133,8.7941e-05,2.9607e-05
0.00013543,9.2593e-05,9.5244e-05,0.0001638,0.00023997,8.8923e-05,0.00013371,8.0704e-05,0.00017417,0.00012704,8.8635e-05,0.00018804,6.8764e-05,1.083e-05,6.0569e-05,3.5404e-05,7.4477e-05,5.4293e-05,5.1447e-05,5.7917e-05,8.6846e-05,0.00014595,0.00012884,4.4912e-05,9.538e-05,0.00010905,5.1118e-05,-5.9842e-07,7.9058e-05,6.5554e-05,9.1391e-05,5.7473e-05,7.4159e-05,0.0001004,0.00010572,0.00010214,8.9772e-05,6.854e-05,7.234e-05,6.5266e-05,6.9453e-05,1.4065e-05,-1.3566e-05,0.0002001,7.0966e-05,9.4634e-05,0.00017415,0.00012362,2.3355e-05,3.7459e-05,0.00012806,0.00010352,9.3795e-05,2.5269e-05,6.8059e-05,0.0001531,3.331e-05,0.00010384,0.00028114,5.0639e-05,5.202e-05,4.1365e-05,9.4029e-05,9.2347e-05,0.00021655,9.2035e-05,5.7132e-05,0.00027701,0.00011209,9.7824e-05,6.1167e-05,4.0167e-05,0.00010404,7.9363e-05,0.0001417,6.4137e-05,5.6648e-05,0.00011023,8.7623e-05,2.5907e-05,8.8739e-05,0.00018994,4.5361e-05,0.0001127,0.00011904,4.778e-05,6.6965e-05,4.4499e-05,6.7195e-05,4.471e-05,2.0142e-05,6.14e-05,0.0001031,9.2679e-05,0.00015272,8.7011e-05,4.573e-05,7.7218e-05,4.0133e-05,2.2768e-05,9.1071e-05,8.1565e-05,2.2174e-05,0.00014752,0.00012079,2.0988e-05,6.1251e-05,0.00017017,-5.272e-06,0.00011196,0.00011831,7.6469e-05,2.3172e-05,5.6596e-05,0.00018763,0.00025376,2.9154e-05,3.8914e-05,4.2944e-05,4.538e-05,9.9937e-05,5.8311e-05,7.7799e-05,7.6254e-05,3.032e-05,6.6558e-05,5.1641e-05,0.0001194,5.4904e-05,0.00010776,7.3733e-05,7.6557e-05,8.126e-05,5.2078e-05,0.00010928,-9.2727e-05,7.1565e-05,0.00019022,0.00014777,0.00014161,9.2144e-05,6.3296e-05,4.1034e-05,0.00015285,7.8522e-05,0.00015396,5.5537e-05,-8.3196e-06,7.275e-05,0.00010109,5.73e-05,1.2943e-06,8.1796e-05,6.8277e-05,9.9106e-05,0.00022221,0.00015568,2.9881e-06,6.7748e-05,8.1416e-05,0.00017698,0.00011062,-3.1437e-05,0.00012329,7.1582e-05,0.00012708,6.723e-05,9.1426e-05,0.00012545,4.0293e-05,8.4286e-05,6.2344e-05,6.9386e-05,0.00012338,4.7563e-05,5.0636e-05,0.00010882,9.1993e-05,0.00018183,8.8925e-05,5.6407e-05,7.0648e-05,0.00024798,0.00012955,9.0983e-05,7.9312e-05
0.00017128,7.9122e-05,9.8797e-05,0.00011661,0.00021679,0.00010775,9.3425e-05,6.4564e-05,0.00016112,7.3357e-05,0.00011526,6.8764e-05,0.00012061,6.8396e-05,5.7994e-05,2.4742e-05,0.00013265,4.7736e-05,2.0638e-05,7.5823e-05,5.995e-05,7.4669e-05,5.7776e-05,5.0314e-05,7.713e-05,7.2354e-05,2.9549e-05,-2.2912e-06,4.7647e-05,2.4277e-05,9.8813e-05,2.5462e-05,0.00013129,8.5032e-05,8.3338e-05,8.1228e-05,4.1078e-05,7.7675e-05,4.7339e-05,4.9599e-05,7.692e-05,-3.1751e-07,-1.7734e-05,0.00012147,7.0552e-05,9.586e-05,0.00014595,0.00010827,5.8097e-05,-0.00010197,0.00019975,4.8988e-05,5.1296e-05,1.7929e-05,5.9472e-05,8.0606e-05,6.2457e-05,0.00010129,0.00028717,1.5304e-05,4.125e-05,2.7673e-05,7.6315e-05,5.0792e-05,9.2214e-05,9.4289e-05,3.683e-05,9.5025e-05,8.0546e-05,1.6167e-05,2.3551e-05,5.6307e-05,9.3725e-05,7.4977e-05,5.1812e-05,6.6467e-05,4.2082e-05,1.1693e-05,3.11e-05,-2.7214e-05,8.3515e-05,4.3905e-05,4.5767e-05,8.2192e-05,7.7057e-05,2.526e-05,0.00013067,3.8324e-05,7.7205e-05,0.00010364,0.00015251,3.1621e-05,8.9702e-05,6.4672e-05,0.00011367,7.7502e-05,4.9719e-05,5.5132e-05,-8.4145e-06,4.1351e-05,9.2572e-05,7.024e-05,1.899e-05,0.00012729,0.0001804,4.3653e-05,0.00011451,0.00012543,9.1086e-06,0.00015074,7.6194e-05,3.9642e-05,4.3746e-05,3.0279e-05,0.0001536,7.7964e-05,5.4879e-05,3.7265e-05,1.5161e-05,7.1062e-05,7.0604e-05,6.2304e-05,2.1268e-05,0.00010217,4.817e-05,9.3429e-05,5.731e-05,3.7113e-05,5.559e-05,0.00011984,4.661e-05,7.5231e-05,0.00013011,2.9919e-05,7.4188e-05,3.2056e-05,7.6727e-05,0.00027338,0.00012451,7.685e-05,6.2814e-05,2.0812e-05,2.4627e-05,2.4738e-05,0.00010217,0.00011119,4.6511e-05,5.1844e-05,8.5842e-05,8.3581e-05,1.4917e-05,7.2757e-05,4.3777e-05,6.4209e-05,0.00010371,0.00014662,9.1598e-05,1.7541e-05,5.6958e-05,4.0612e-05,1.3709e-05,5.4983e-05,-8.0024e-05,6.8385e-05,9.2742e-05,0.00019756,8.139e-05,6.5668e-05,7.306e-05,6.2305e-05,9.6596e-05,1.975e-05,6.7883e-05,0.00012392,0.00011667,2.7998e-05,9.8989e-05,9.7537e-05,0.00010976,7.985e-05,3.3699e-05,4.4279e-05,0.00021776,0.00010696,4.1583e-05,6.028e-05
0.00018943,5.8154e-05,4.996e-05,0.0001402,0.00016122,0.00020569,0.00014257,9.7663e-05,0.00011287,2.6056e-05,0.0001561,1.083e-05,6.8396e-05,0.00032413,0.00014782,3.3269e-05,0.00014281,6.0684e-06,0.00017901,8.8651e-05,5.2598e-05,-2.4721e-05,6.7252e-05,7.4098e-05,0.00010052,8.7531e-05,0.00018903,7.0587e-05,5.0896e-05,5.242e-05,0.00012185,0.00012898,5.684e-05,0.00019721,0.00015473,8.9857e-05,7.1703e-05,5.4402e-05,-1.6375e-05,7.9916e-05,0.0001041,1.9341e-05,8.9107e-05,3.8037e-05,9.8709e-05,0.00013858,0.00028537,0.00019631,3.9065e-05,0.00012086,0.00016677,0.00011499,0.00011331,3.7288e-05,0.00015105,9.7887e-05,7.5694e-05,0.00014949,0.00021255,0.00013843,9.4793e-05,7.7602e-05,7.1425e-05,0.00017108,0.00010866,0.00017813,4.0039e-05,-0.0002099,7.2908e-05,2.7426e-05,5.4708e-05,0.00011211,8.0737e-05,0.00017815,0.00011726,0.00010198,0.00014307,0.0001123,8.9241e-05,3.9006e-05,8.0486e-05,3.4837e-06,9.3426e-05,0.00010354,0.00012051,9.6394e-05,0.00019313,8.8742e-05,0.00013231,0.00014735,0.00031872,0.00013003,8.8912e-05,9.2689e-05,8.0279e-05,5.7856e-05,2.906e-05,0.00010528,7.7122e-05,0.0001645,0.00015024,9.4549e-05,0.00016635,0.00012696,7.653e-05,2.135e-05,0.00033859,6.7756e-05,5.3946e-05,0.00019422,9.9425e-06,4.697e-05,3.1072e-05,2.0561e-05,8.3585e-05,-0.00018395,1.9366e-05,5.6073e-05,6.8505e-05,7.7387e-05,0.00010307,0.00010696,0.00012673,7.1626e-05,0.00012734,7.4553e-05,3.9631e-05,0.00015466,9.9608e-05,0.00021777,8.36e-05,8.7797e-05,0.00024027,8.1731e-05,0.00011791,7.2609e-05,0.0001372,3.3651e-05,0.00013432,0.00010218,0.0001479,0.00010032,5.1567e-05,-2.8177e-05,0.000183,8.4144e-05,7.5328e-05,9.199e-05,0.00014437,7.5268e-05,8.534e-05,0.00011151,0.00010771,1.3341e-05,0.00010262,0.00012366,0.00013844,9.7232e-05,5.5046e-05,8.8157e-05,-0.0001592,0.00011446,8.6141e-05,0.0001518,0.00022585,7.4645e-06,9.9722e-05,0.00019307,5.8425e-05,7.1581e-05,7.5891e-05,5.1209e-05,8.6341e-05,8.9703e-05,-6.4798e-05,4.9695e-05,8.6991e-05,9.0036e-05,0.00018301,0.00010954,8.2669e-05,-7.3901e-05,0.00026793,0.00010951,3.718e-05,8.9716e-05
-1.0691e-05,8.976e-05,9.0444e-05,1.588e-05,6.9772e-05,3.2887e-05,-4.7454e-05,7.7957e-05,8.1247e-05,4.1439e-05,9.7862e-05,6.0569e-05,5.7994e-05,0.00014782,0.00020975,8.2827e-05,5.0735e-05,5.1571e-05,0.00020694,-6.2542e-05,0.00011294,-5.6329e-05,9.8408e-05,7.5683e-05,2.0206e-05,-3.4015e-07,0.00026214,6.9082e-05,8.8209e-05,6.5485e-05,7.9072e-05,6.8182e-05,1.0498e-05,2.1307e-05,9.8692e-05,8.3121e-05,9.3784e-05,7.8559e-05,4.8466e-05,8.6315e-05,0.0001336,-3.5368e-06,8.5956e-05,-8.5215e-05,-8.6634e-05,5.6229e-05,0.0002915,8.6015e-05,7.9553e-05,1.2433e-05,-0.00012709,9.0793e-05,0.00013377,2.786e-05,1.8135e-05,3.5407e-05,6.5515e-05,2.8884e-05,-0.00017804,6.1435e-05,0.00011263,7.856e-05,8.0728e-05,0.00016409,0.00018334,0.00015236,6.8184e-05,-5.4793e-06,3.749e-05,1.6917e-06,0.00011375,0.00011487,0.00015807,6.4659e-05,0.00015517,8.91e-05,0.00016303,-5.8066e-05,0.00012669,0.00011611,0.00010094,2.8844e-05,0.00015066,3.7942e-05,0.00017182,8.5637e-05,0.00021068,6.4588e-06,0.00018214,0.00012822,0.00028191,6.4374e-05,0.00012658,9.6994e-05,7.3059e-05,4.4177e-05,4.5108e-05,6.5122e-05,5.3654e-05,9.6017e-05,0.00012594,0.00010098,0.00011471,0.0001027,6.1432e-05,5.9151e-05,0.00016056,4.0058e-05,3.8903e-05,-1.3555e-06,0.00018406,5.719e-05,2.5663e-05,5.0159e-05,9.7094e-05,1.1109e-05,2.4077e-05,2.5491e-05,4.405e-05,6.5314e-05,6.1117e-05,1.9202e-05,0.00016425,0.00010092,0.00012403,-7.7571e-05,4.353e-07,-3.1883e-05,8.4433e-05,8.7527e-05,4.2879e-05,0.00010175,0.00015122,0.00010018,0.00016576,1.3453e-05,7.5408e-05,7.8619e-05,0.00011648,0.00011618,0.0001379,0.00010866,5.2289e-05,0.0001045,0.00011645,6.6846e-05,7.7479e-05,-3.1414e-05,0.00017391,0.00012793,0.00012986,5.9914e-05,3.9622e-05,-0.0001445,0.00011328,2.5344e-06,0.00013029,7.6418e-05,6.0901e-05,-4.6981e-05,-6.609e-05,0.00014251,-3.6777e-05,-0.0001419,0.00019787,-2.4931e-05,3.6485e-05,0.0002289,8.2951e-05,3.9892e-05,8.785e-05,8.6365e-05,7.5231e-05,6.1441e-05,-0.00033176,5.5276e-05,0.00010108,1.0442e-05,-9.0643e-05,1.1239e-05,7.4759e-05,1.2855e-05,0.00036735,0.00012952,0.00014943,4.8963e-05
-0.00011361,4.2781e-05,2.3206e-05,-5.1151e-06,1.9247e-05,-3.8418e-05,-6.5629e-05,3.3898e-05,4.5906e-05,2.8361e-05,2.9933e-05,3.5404e-05,2.4742e-05,3.3269e-05,8.2827e-05,5.7324e-05,1.8274e-05,1.7633e-05,8.0447e-05,-6.8351e-05,6.046e-05,-3.614e-05,3.1392e-05,5.5601e-05,-1.9127e-05,-2.2496e-05,0.00012364,3.4242e-05,5.4777e-05,4.2343e-05,3.0283e-05,-2.1061e-06,-2.3617e-05,-3.3507e-05,3.3618e-05,4.1111e-05,3.3206e-05,3.6017e-05,3.7852e-05,4.171e-05,6.0322e-05,-1.5563e-05,3.9204e-05,-3.7465e-05,-0.00010686,-8.3501e-07,0.00012089,1.8051e-05,5.4255e-05,-1.8839e-06,-0.00010405,2.2843e-05,7.4092e-05,-1.0084e-05,-6.058e-05,-1.584e-05,1.6066e-06,1.0531e-06,-0.00013509,2.029e-05,3.876e-05,4.4971e-05,4.1364e-05,0.0001165,0.00011682,5.1696e-05,4.7314e-05,-3.6792e-05,2.5935e-06,-1.1273e-05,6.3376e-05,4.6918e-05,9.0615e-05,2.0225e-05,7.5857e-05,4.3298e-05,4.4309e-05,-6.2435e-05,6.1738e-05,3.638e-05,3.1192e-05,3.5599e-05,8.5591e-05,1.1412e-05,7.3151e-05,2.8531e-05,8.7081e-05,-2.3525e-05,7.8963e-05,5.9826e-05,0.00010627,1.5188e-05,6.5394e-05,4.4955e-05,4.215e-05,2.2951e-05,2.5126e-05,1.7846e-05,5.1815e-06,3.7083e-05,4.3137e-05,6.1312e-05,1.8169e-05,3.0521e-05,7.1041e-06,3.1243e-05,3.0807e-05,1.672e-05,9.5631e-06,-8.2652e-05,0.00010635,3.4571e-05,2.93e-06,8.1411e-06,4.8718e-05,-2.8629e-05,2.521e-05,4.3138e-06,1.366e-05,3.552e-05,1.0042e-05,-3.9587e-05,7.5653e-05,4.6847e-05,5.5862e-05,-6.4633e-05,-1.8887e-05,-4.8107e-05,2.8769e-05,-5.1532e-06,-1.6519e-05,3.3484e-05,3.0797e-05,5.1802e-05,9.8357e-05,2.5535e-05,4.2872e-05,4.7812e-05,5.4404e-05,5.9245e-05,5.5086e-05,6.3872e-05,4.0884e-05,6.1314e-05,4.2778e-05,1.9857e-05,3.5446e-05,-2.4204e-05,7.6838e-05,6.9886e-05,9.4596e-05,1.6912e-05,8.6558e-07,-6.1751e-05,4.9894e-05,-4.1157e-05,6.6612e-05,5.0362e-05,2.9188e-05,-3.2347e-05,-0.00011126,5.2662e-05,-1.3514e-05,-0.00017786,6.1318e-05,-2.9359e-05,-1.405e-05,9.67e-05,2.7796e-05,5.7297e-06,3.475e-05,6.0726e-05,3.0272e-05,2.4673e-05,-0.00022999,3.517e-05,4.4957e-05,-3.7112e-06,-8.6378e-05,-4.5111e-05,5.8806e-05,-4.7612e-06,0.00016432,4.1663e-05,5.8292e-05,2.6675e-05
0.00043958,2.8903e-05,0.00014758,0.00029225,0.00037197,0.0002817,0.00029371,6.2287e-05,0.00017986,0.00012874,0.00018061,7.4477e-05,0.00013265,0.00014281,5.0735e-05,1.8274e-05,0.00043893,2.4583e-05,4.8334e-07,0.00028023,5.5437e-05,0.00020184,7.7946e-05,0.00010763,0.0001601,0.00028024,-6.2039e-06,2.4952e-05,6.8246e-05,-1.3162e-05,0.00015773,5.9839e-05,0.00027416,0.00025165,0.00012816,9.9551e-05,2.9143e-05,8.8936e-05,6.1931e-05,4.6483e-05,7.6148e-05,1.6139e-05,-2.8559e-05,0.00042037,0.00025393,0.00023275,0.00014933,0.00014112,6.2645e-05,7.7756e-05,0.00064535,0.00011962,3.8766e-05,3.0705e-05,0.00016247,0.00017547,-2.0902e-05,0.00026633,0.00086346,7.6865e-06,2.9667e-05,1.3119e-05,9.3788e-05,-6.5497e-06,-5.5483e-05,9.6262e-05,9.2786e-05,0.00012077,8.9399e-05,3.4353e-05,-4.5815e-06,-7.4337e-05,2.0124e-05,9.3711e-05,6.9772e-05,7.1967e-05,7.8723e-05,0.00021311,9.7604e-05,-5.0263e-05,0.00010018,1.3067e-05,7.1578e-05,0.00012907,0.00011447,4.6125e-05,0.00017823,2.7976e-05,2.8243e-05,5.1083e-05,7.5315e-05,7.7059e-05,0.00012566,8.3423e-05,9.1088e-05,9.4389e-05,6.0471e-05,0.00012516,-7.6386e-05,6.6607e-05,0.0001776,0.00010858,5.6823e-05,0.00015429,0.00029075,3.3377e-05,0.00027114,0.00019592,1.7356e-05,0.00042063,-1.1317e-05,7.472e-05,6.6951e-05,8.4538e-05,0.00017451,1.9992e-05,8.0158e-05,-1.0273e-05,1.3593e-05,1.9078e-05,0.0001264,9.7975e-05,1.4388e-05,0.00011436,2.7861e-06,0.00029354,0.00013252,0.00024563,7.1581e-05,0.00016911,7.8481e-05,6.8829e-05,0.00013144,-1.8064e-06,3.8825e-05,3.4644e-06,0.00014345,0.00031584,0.0001865,9.0865e-05,3.4285e-05,6.6903e-05,1.6789e-05,-0.00014709,0.0001389,0.00016498,5.7617e-05,9.7725e-05,3.7006e-05,7.7691e-05,-1.6574e-05,4.6703e-05,0.00011045,0.00022877,0.00015632,0.00032294,0.00011395,2.8011e-05,5.6619e-05,0.00018227,-0.00023048,5.2566e-05,-5.7999e-05,0.00028479,1.5043e-05,0.00035529,0.00016822,1.1403e-05,6.8768e-05,6.8792e-05,7.6677e-05,5.7102e-06,7.3456e-05,0.00019748,0.00050405,-4.4456e-05,0.00019575,0.00013649,0.00041728,0.0002727,1.2194e-05,-3.1058e-05,9.8969e-05,0.00012453,6.5142e-05,0.00037491
5.8806e-06,9.7858e-05,8.3869e-05,-3.4165e-05,5.1639e-05,8.1371e-05,2.1402e-05,7.6462e-05,4.8821e-05,1.5965e-05,4.2099e-05,5.4293e-05,4.7736e-05,6.0684e-06,5.1571e-05,1.7633e-05,2.4583e-05,0.00037961,1.7467e-05,1.0282e-05,0.00011025,0.00013222,1.2056e-05,0.00010751,-9.1597e-06,4.6429e-05,4.4706e-05,-4.0149e-05,2.5951e-05,-2.4561e-05,7.4525e-05,0.00011545,-2.1629e-05,7.9959e-05,-2.4364e-06,8.238e-05,7.3383e-05,-6.4359e-06,2.7614e-05,-1.3209e-05,9.2199e-05,9.864e-06,5.9487e-05,-2.5262e-05,0.00012227,0.00011106,0.00019165,7.2451e-05,0.00010717,-1.7157e-05,5.8063e-05,0.00010826,2.6669e-05,5.6439e-05,9.8268e-05,0.00011096,2.688e-05,5.0255e-05,-0.00023806,8.0764e-06,4.9495e-05,-1.4183e-06,1.1103e-05,0.00013749,6.0346e-05,1.7325e-05,-1.2731e-05,-6.734e-05,7.0216e-05,0.00014874,3.9081e-05,6.1033e-05,0.00011344,4.1167e-05,2.6571e-05,3.4024e-05,-1.9913e-05,-3.3332e-05,0.00011557,2.5777e-05,1.9883e-06,0.00027559,-3.1187e-05,6.2876e-05,9.7472e-05,8.2813e-05,8.2539e-05,7.5563e-05,0.0001057,0.0001415,-4.268e-05,6.0055e-05,6.5461e-05,-1.3553e-06,2.3909e-05,4.9702e-05,5.305e-05,3.9387e-05,-7.3555e-05,0.00010174,6.8781e-05,0.00011234,7.1464e-05,5.312e-05,6.0179e-05,-2.6248e-05,0.00011342,7.8151e-05,1.5799e-05,0.00011594,0.00010329,3.1857e-05,-2.009e-05,4.9312e-05,5.8031e-05,-0.00014581,8.8411e-05,9.9332e-05,1.1716e-06,6.8328e-05,4.016e-05,2.7638e-05,0.00012505,5.3321e-05,9.0663e-05,-8.0313e-05,8.9698e-05,-5.3041e-05,5.5411e-05,2.4493e-05,5.298e-05,2.422e-05,0.0001854,5.5661e-05,3.4866e-06,-0.00021814,7.0048e-05,9.7588e-05,6.2244e-05,0.00013095,7.1861e-05,1.5083e-05,-2.6128e-05,-6.8363e-06,6.8515e-05,5.8127e-05,7.896e-05,0.00017736,5.7247e-05,3.806e-05,-8.0979e-07,-6.301e-05,7.3246e-05,1.2066e-05,2.4609e-05,-2.9748e-06,-3.6353e-06,-9.1007e-06,-3.8101e-06,1.4399e-05,-7.7121e-05,5.8563e-05,4.8527e-06,-0.00010568,0.00017302,7.3505e-05,5.6309e-05,4.351e-05,1.1916e-05,4.3497e-05,6.7937e-05,5.6331e-05,-4.4773e-05,9.8331e-05,0.00014614,3.1438e-05,4.2738e-05,0.00010703,-9.6896e-05,-4.3913e-06,3.5955e-05,-3.0875e-05,0.00030127,7.5162e-05,4.1353e-05,7.0029e-05
-0.00010458,8.0522e-05,5.4826e-05,6.2218e-06,1.2267e-05,1.3047e-05,-6.0271e-05,9.6985e-05,4.6933e-05,6.1928e-05,7.9943e-05,5.1447e-05,2.0638e-05,0.00017901,0.00020694,8.0447e-05,4.8334e-07,1.7467e-05,0.00026526,-9.1619e-05,0.00015716,-9.3043e-05,0.00010267,9.3119e-05,-1.596e-05,1.3244e-06,0.00030567,7.945e-05,7.7045e-05,9.3824e-05,5.3779e-05,5.7214e-05,-5.6168e-05,-3.3877e-06,0.00010372,8.1647e-05,9.8892e-05,8.1131e-05,2.7309e-05,9.1093e-05,0.00014419,2.5452e-05,0.00012715,-0.00014571,-4.3405e-05,3.4589e-05,0.00032191,9.5474e-05,5.1233e-05,4.7406e-06,-0.0002515,9.4339e-05,0.00019138,2.6551e-05,4.4552e-05,2.6299e-05,7.0071e-05,1.5769e-05,-0.00029586,9.1755e-05,0.00013186,0.00010007,9.3865e-05,0.00020765,0.00022508,0.00015275,6.6184e-05,-2.7315e-05,2.8278e-05,-1.798e-05,0.00011978,0.00014963,0.00019925,0.00011501,0.00016568,0.00010033,0.00017377,-4.6088e-05,0.00012753,0.00018894,0.00010518,-7.4234e-06,0.00012382,4.8873e-05,0.00017441,0.00013259,0.00017625,1.3506e-05,0.00019005,0.00013181,0.0002743,7.8007e-05,0.00012551,0.00010654,3.658e-05,2.9711e-05,1.9023e-05,5.5796e-05,6.627e-05,0.00011193,0.00011029,0.00012087,0.000116,8.4114e-05,2.5033e-07,5.417e-05,0.00015939,5.0074e-06,4.7581e-05,-7.1453e-05,0.00014029,4.8925e-05,2.2952e-05,4.3607e-05,4.952e-05,2.4452e-05,-6.8323e-06,2.7289e-05,6.433e-05,5.9902e-05,6.2579e-05,-2.6555e-05,0.00020111,8.6931e-05,0.00012139,-0.00014111,8.7833e-06,-7.6115e-05,9.0298e-05,0.00011196,5.5703e-05,9.4943e-05,0.00016574,0.00011967,0.00018245,1.6374e-05,6.3495e-05,9.4062e-06,9.7695e-05,0.00012964,0.00013705,0.00010826,5.6047e-05,0.0001639,9.6381e-05,3.722e-05,6.5689e-05,-3.9317e-05,0.00016805,0.00014212,0.00018228,6.4789e-05,5.2277e-05,-0.00017435,8.9215e-05,-4.5884e-05,0.00012444,9.0288e-05,4.5816e-05,-4.439e-05,-0.00010276,0.00015726,1.4121e-06,-0.00018179,0.00022816,-0.00010394,-1.0827e-05,0.00025918,0.00010616,2.7545e-05,6.9049e-05,0.00010491,6.8648e-05,5.4567e-05,-0.00046664,5.9528e-05,8.3706e-05,-1.2281e-06,-8.1991e-05,2.9845e-06,0.00010905,-4.9595e-05,0.00034303,0.00012305,0.00014302,-5.025e-05
