0.0051805,0.00034829,0.00030431,0.0008612,0.00091628,0.0016236,-6.0562e-05,0.00025958,0.00058209,0.00031405,-0.00017663,0.00055166,0.00020903,0.00015117,0.0001754,-4.6352e-05,0.00077526,7.7341e-05,0.00016616,0.0025881,0.0012023,0.00059126,0.0002528,2.6725e-05,0.001142,0.00065602,0.0001696,0.00018457,0.00039777,7.0008e-05,0.00028633,8.0987e-05,0.00048161,0.00092467,0.00026031,-0.00010184,0.00049734,0.00044766,0.00019213,0.00042523,0.00027826,0.00032054,-0.00028888,0.0010661,0.00033659,0.00055683,0.00067186,-0.00013648,0.00041039,0.00028193,0.0022997,0.00034498,-7.9919e-05,0.00030866,0.001078,9.149e-05,0.00011072,0.00056143,0.0040089,6.0893e-05,-8.7605e-05,0.00024821,0.00034884,0.0004666,-0.00012744,0.00061602,0.00018685,0.00055427,0.00057033,0.00019534,-0.00014898,7.5557e-05,0.00022966,0.00023685,0.00074687,-0.00030317,-0.00017117,0.00084792,0.00024775,0.00027147,0.00027393,-6.4121e-05,-0.00024718,0.0002306,-0.0001871,0.00055232,-0.00013483,-0.00017694,0.00082069,0.00011546,0.00030334,0.00013444,5.3974e-05,0.00019642,0.0006258,0.00042789,0.00012908,0.00025246,0.00017133,-0.0003515,0.00021173,0.00033566,0.00032332,0.00036063,0.00052938,9.229e-05,0.00053117,0.0010991,-0.00024348,0.0014239,6.4328e-07,0.00034353,0.00013155,0.00067147,0.00077854,0.0021472,-8.9684e-05,-0.00056319,2.7262e-05,8.0682e-05,0.00097746,0.0010599,0.00025568,4.8669e-06,0.00019417,0.0019678,0.00049441,0.00098975,-2.0687e-05,0.00043485,-0.00022132,0.0003566,0.00010647,8.8098e-05,0.00016206,5.0264e-05,0.00018811,0.00020703,0.00043662,0.00022409,0.00042195,-0.00025627,3.4298e-05,-0.00021022,-0.00017058,0.00072728,0.00011793,0.00068305,-0.00031496,0.00027021,0.00023199,0.00033363,7.4441e-05,0.00068402,0.00047371,0.00084702,0.00048714,0.0003107,5.3023e-05,0.00022983,0.00090662,0.00024663,3.418e-05,0.0022502,0.00034951,0.0011882,0.0011075,-6.8175e-06,0.00017349,6.4915e-05,0.00037627,0.00028925,7.2653e-05,0.00050601,0.0018087,0.00037021,0.00023352,0.00035684,0.0011861,0.0012169,4.5835e-05,0.00033391,0.00039372,0.00021905,1.972e-05,-0.00026806
0.00034829,0.00017059,0.00015366,0.00023451,0.00015579,0.00033571,0.00010013,0.00014922,0.00019694,0.00016345,4.4383e-05,0.00016162,0.00012054,0.00011779,0.0001569,0.0001013,0.00016666,0.00011268,0.0001443,0.00031296,0.00016687,0.00017594,0.00012123,0.00010725,0.00017724,0.00014755,0.00013683,0.00014369,0.00015227,6.9545e-05,0.00011505,2.7757e-05,0.000122,0.00014729,0.00014736,0.00013316,0.00014625,0.00013937,0.00016797,0.0001516,0.0001137,0.00014998,9.9988e-05,0.00021294,0.00016971,8.2377e-05,0.00020138,9.9663e-05,0.00014995,9.2832e-05,0.00021891,0.00020069,6.2412e-05,0.000187,8.9548e-05,0.00011767,5.4578e-05,0.00019828,0.00039407,6.4369e-05,6.8382e-05,0.00012318,9.4337e-05,8.9195e-05,0.00018034,0.00021316,0.00013444,5.886e-05,0.00015633,9.3581e-05,9.5009e-05,0.00015765,0.00015018,0.00010406,0.00021547,6.9328e-05,0.00012515,0.00013941,0.00016879,0.0001156,0.0001073,7.1766e-05,0.00012546,0.00012384,0.00012784,0.00020295,0.00013628,4.0271e-05,0.0002127,7.1339e-05,0.00020735,0.00013213,9.2031e-05,0.0001338,0.00016857,0.00011734,7.0595e-05,0.00019574,0.00011738,9.7937e-05,0.00014743,9.7145e-05,0.00011924,0.00018289,9.5173e-05,0.00010002,-3.1525e-05,0.00026597,8.8992e-05,0.00029573,0.00013367,0.00012019,9.4168e-05,3.5714e-05,0.00019127,0.00019468,8.1585e-05,0.00010702,7.3536e-05,0.00011493,0.00013533,0.00029057,0.00013555,0.00012168,0.00019055,0.00018438,0.00013929,0.00018876,0.0001016,9.0223e-05,-9.2663e-05,0.00015229,0.00017303,8.292e-05,6.6774e-05,3.7719e-05,6.3387e-05,5.5154e-05,0.00021267,0.00017675,0.00017012,6.1736e-05,8.8787e-05,0.00017141,0.00011895,0.00015351,0.00012254,0.00011617,3.7283e-05,0.00015284,0.00026953,8.3564e-05,0.00010222,9.6565e-05,0.00017666,0.00015755,0.00021396,0.00017828,8.9911e-05,0.00014964,1.2939e-05,0.0001209,8.354e-05,0.00033981,0.00010691,0.00011013,0.00024029,0.00014711,0.00011063,6.9386e-05,0.00017952,0.00013947,7.1846e-05,0.00012269,0.00015832,0.00024419,8.2579e-05,8.5971e-05,0.00023245,0.00024487,0.00012967,0.00011203,0.00017528,0.00017969,0.00010436,3.2383e-05
0.00030431,0.00015366,0.00033173,0.00033438,0.00015605,0.000326,9.2158e-05,0.0002443,0.00029855,0.00023241,0.00012803,0.00020367,0.00016856,0.00015002,0.00026734,0.00020213,0.00018218,0.00020313,0.00024568,0.00034833,0.00015068,0.00021032,0.00018367,0.00025505,0.00014453,0.00023314,0.00024057,0.0002167,0.00016381,8.6886e-05,0.00018122,0.00011917,0.00015787,-1.7555e-05,0.00021484,0.00017787,0.00025118,0.00025209,0.00018962,0.00019385,0.00019854,0.00025886,0.00019151,0.00025552,0.00021974,0.00014299,0.00028435,0.00015055,0.0002621,0.00010186,0.00026972,0.00029475,0.00016961,0.00018218,8.2309e-05,0.00017298,0.00011119,0.00030155,0.00059146,9.685e-05,0.0001372,0.00012977,0.00018152,0.00014802,0.00029195,0.00022909,0.00017976,0.00024476,0.00022649,0.0001849,0.00025041,0.00024067,0.00026615,0.00013699,0.00033622,0.00016069,0.00024717,0.00018769,0.00023036,0.00034604,0.00019012,0.00013618,0.00018959,0.00014593,0.00021787,0.00028863,0.0002056,5.627e-05,0.00020843,0.00021261,0.00024611,0.00020339,0.00017616,0.0001552,0.00025723,0.00018452,0.00021961,0.0003429,0.00019383,0.00021997,0.00018589,0.00016755,0.00010732,0.00022871,0.00014753,0.0001778,0.0002019,0.00038454,2.3604e-05,0.00027287,0.00023809,0.0001916,0.00016382,5.8627e-05,0.00030669,0.00026997,0.00012741,0.00016472,0.00016803,0.00017573,0.00023088,0.0002402,0.00023157,0.00019074,0.00025138,0.00020476,0.00023705,0.00020568,0.00015354,0.00021223,-0.00013798,0.00029904,0.00012747,0.00011,0.00019059,4.9193e-05,8.9464e-05,6.5367e-05,0.00030885,0.0002852,0.00024254,8.414e-05,0.00013387,0.00026527,0.00020432,0.0002629,0.00019498,0.00014784,4.0866e-05,0.00020941,2.636e-05,0.0001949,0.00013081,0.00013684,0.00025191,0.0002068,0.00031086,0.00023453,0.00014897,0.00020657,1.3646e-05,0.00033554,0.00014743,0.00013171,0.00019033,0.00021183,0.00020953,0.00025484,0.00017921,0.00010954,0.00028287,0.00015326,0.00012363,0.0001467,9.7279e-05,0.00019559,0.00020643,0.00011715,0.00023568,0.0002397,0.00019732,0.00012285,0.00027489,0.00025539,0.00016693,-3.5697e-05
0.0008612,0.00023451,0.00033438,0.00085166,0.00041844,0.00071172,0.00030478,0.00027256,0.00043517,0.00027544,0.00018657,0.00043217,0.00021996,0.00025538,0.0003483,0.00019554,0.0003663,0.00032539,0.00026376,0.00076829,0.00022761,0.00040512,0.00025255,0.000332,0.00035555,0.00035897,0.0003251,0.0002785,0.00032388,0.00018045,0.00023575,0.00016135,0.00020068,0.00032092,0.0002869,0.00014068,0.00037163,0.00038679,0.00018258,0.00029468,0.00026408,0.00021007,0.00022895,0.0005589,0.00038747,0.00034511,0.00051178,0.00013974,0.00033012,0.00034898,0.00049386,0.00030249,0.00026837,0.00025973,0.0003049,0.00030569,0.00019029,0.00046191,0.00096781,0.00015062,0.00026882,0.00019728,0.00025715,0.00034287,0.00036666,0.00046056,0.0002312,-0.00023159,0.00031498,0.00024589,0.00020931,0.00030745,0.00035592,0.00022891,0.00033624,0.00019793,0.00041667,0.00047115,0.00035617,0.00057746,0.00025058,9.4964e-05,0.0002844,0.00023203,0.00022053,0.0003541,0.00048281,0.00011994,0.00040724,0.00033895,0.00046194,0.00030023,0.00011013,0.00023562,0.00037824,0.00044182,0.00015243,0.00066746,0.00027066,0.00022643,0.00021919,0.0001532,0.00033084,0.0003441,0.00016108,0.00015602,0.00014913,0.00055268,0.00011269,0.00062225,0.00023732,0.00027234,0.00016674,0.0002587,0.00040122,0.00057605,0.00018999,-9.9974e-05,0.00014293,0.00015614,0.00045762,0.00042935,0.00031544,0.00019654,0.00036626,0.00053962,0.00035594,0.00045783,0.00013535,0.00028272,-3.8349e-05,0.00038633,0.00035751,0.00013522,0.00032335,7.7194e-05,4.397e-05,0.00011796,0.0004828,0.00036022,0.00030617,9.9703e-05,0.00015564,9.833e-05,0.00021714,0.00039316,0.00022178,0.00027669,0.00021753,0.00025538,0.00016414,0.00017369,0.00017243,0.00032004,0.00021991,0.0003682,0.0004251,0.00034152,0.00017834,0.0004812,0.00028815,0.00055573,5.5045e-05,0.0010082,0.00030191,0.00028033,0.00048798,0.00035841,0.00023017,0.00013609,0.00027457,0.0002019,0.00017227,0.00024578,0.00012675,0.000566,0.00028496,0.00016116,0.00062134,0.00050947,0.0002893,0.00012554,0.00045931,0.00033167,0.00026098,8.2707e-05
0.00091628,0.00015579,0.00015605,0.00041844,0.00059211,0.00068987,0.00025549,0.00019023,0.00034734,0.00019654,7.9356e-05,0.000402,0.00014216,0.0002544,0.00016671,3.5127e-05,0.00032511,0.00017422,0.00012261,0.00076379,0.00019733,0.00043715,0.00017217,0.00020433,0.00046139,0.00022349,0.00013521,0.00018564,0.00025791,7.4208e-05,0.00014065,0.0002032,0.00024294,0.00038041,0.00033738,6.5884e-05,0.00025886,0.00025304,0.00013456,0.0003094,0.00018023,9.7119e-05,2.5056e-05,0.00048369,0.00032892,0.0001475,0.00032332,0.00016203,0.00016647,0.00017689,0.00068107,0.0002415,-1.68e-06,0.00028879,0.00034963,0.00027946,0.00021165,0.00026271,0.00080947,0.00010529,8.8909e-05,0.00020645,0.00015793,0.00024702,0.00025688,0.00033523,0.00017465,0.00045557,0.0003045,0.00013122,7.2897e-05,0.00018023,0.00018232,0.00023049,0.0003007,6.8358e-05,0.00012292,0.00046412,0.00022553,0.00022373,0.00019178,-1.4157e-05,0.00015627,0.00018007,0.00016062,0.00033157,0.00022505,0.00019303,0.00031031,0.00027212,0.00025494,0.00017133,3.4233e-05,0.0001953,0.0002685,0.00037258,8.702e-05,0.00035589,8.6979e-05,7.9288e-06,0.0002291,0.00018573,0.000243,0.00025868,0.00026291,0.00016825,0.00024512,0.00042373,8.9774e-05,0.0007114,0.00011653,0.00023313,0.00012661,0.00017895,0.00029786,0.00049546,5.571e-05,-6.8313e-05,5.129e-05,7.9798e-05,0.00041938,0.00056949,0.00012178,0.00018298,0.0002341,0.00055257,0.00027863,0.00048722,0.0001176,0.00020205,-2.7733e-05,0.00027464,0.00037795,0.00015287,0.00010253,4.2784e-05,0.00012477,8.9179e-05,0.00031035,0.00024444,0.00014811,1.3568e-05,0.00012043,7.7253e-05,0.00014203,0.00025349,6.2811e-05,0.00029689,3.3043e-07,0.0001744,0.00055167,0.00024397,0.00017607,0.0003558,0.00020881,0.00035565,0.00027432,0.00027357,0.00014436,0.00042695,0.00030036,0.00017428,-4.86e-05,0.0013551,0.00020774,0.00032931,0.00055147,0.00013851,0.00021294,7.1532e-05,0.00018745,0.00014846,0.00010421,0.00019322,0.00052581,0.00047009,0.00021999,0.000171,0.00058066,0.00052358,0.00019384,0.00013006,0.00030996,0.00023935,0.00012544,-5.9443e-05
0.0016236,0.00033571,0.000326,0.00071172,0.00068987,0.0018265,7.9773e-05,0.00027476,0.00054932,0.0003166,0.000115,0.00057604,0.00018088,0.00028262,0.00022968,4.9288e-05,0.00046635,9.0106e-05,1.049e-05,0.00146,0.00072361,0.00048081,0.00030112,0.00015517,0.00085211,0.00041094,0.00013734,0.00051554,0.00045028,0.00016522,0.00021645,0.00020337,0.00036177,0.00069858,0.00045386,5.5931e-05,0.00045568,0.00037363,0.00022393,0.0004323,0.00035637,0.00031954,6.749e-05,0.0006639,0.00054474,0.00034824,0.00047585,0.00033158,0.00047244,0.00053175,0.00070059,0.0004091,0.00013115,0.00037185,0.00057735,0.00041141,0.00021346,0.00056318,0.0017895,0.00023871,7.4353e-05,0.0002866,0.00033425,0.00035495,0.00032463,0.00051513,0.00034695,0.00089688,0.00042953,0.00033996,5.4652e-05,0.00022635,0.00019629,0.00034143,0.00046691,-1.2202e-05,0.00010377,0.00075557,0.00039981,0.00062401,0.00027499,-0.00011888,0.0001533,0.0002311,0.00015684,0.00053549,0.00021308,0.00026978,0.00048056,0.00049976,0.000516,0.00034996,0.00010399,0.00028798,0.00046814,0.00039661,0.00010794,0.00058745,0.00023543,-4.0947e-05,0.00032597,0.00021947,0.00039317,0.00047745,0.00034289,0.00020958,-1.8986e-05,0.0006295,-3.7197e-05,0.0012981,0.00010431,0.00031692,0.00019584,0.00029354,0.00046429,0.0011889,1.623e-05,-1.6302e-05,0.0001666,0.00010664,0.00053421,0.00094947,0.00013932,0.00027672,0.00028842,0.00093147,0.0004825,0.00070554,7.3248e-05,0.0003098,-5.6807e-05,0.00045656,0.00043501,0.00012767,0.00012981,0.00010656,0.00011184,9.4307e-05,0.00048091,0.00030939,0.00024428,-6.7026e-05,0.00020732,0.00038274,0.00013684,0.00050485,0.00013941,0.00059204,-0.00014467,0.00028832,0.00049405,0.00033568,0.00013233,0.00056498,0.00022834,0.00057562,0.00049553,0.00036996,0.00017204,0.00059887,0.000448,0.00015865,-1.2668e-05,0.0020253,0.00033586,0.00074921,0.00090374,6.7424e-05,0.00034097,5.8486e-06,0.00030935,0.00017632,0.00012846,0.00030601,0.00060891,0.00071696,0.00032768,0.0003054,0.00096856,0.00092861,0.00033431,0.00037218,0.0005568,0.00037453,0.00012569,-0.00026264
-6.0562e-05,0.00010013,9.2158e-05,0.00030478,0.00025549,7.9773e-05,0.00049499,0.00016233,0.00019283,0.00019093,0.00015788,0.00020079,0.00013173,0.00016261,0.00017601,0.0001237,0.00022049,0.00027659,0.00013893,0.00020238,-0.00014073,0.00021313,0.00017189,0.00029879,0.00010314,0.00010061,0.00019858,0.00021348,0.00015017,0.00011411,0.00010137,4.508e-05,0.00014023,0.00017804,0.00017825,0.00019529,0.00014174,0.00016514,6.3464e-05,0.00016812,9.0638e-05,8.1102e-05,0.00017573,0.00020918,0.00011831,0.00014601,0.00024454,8.5382e-05,8.3849e-05,-1.918e-05,0.00022877,0.00011261,0.00010846,0.00028294,5.8319e-05,0.00018355,0.00021783,0.00012391,7.9515e-05,8.0426e-05,0.00019285,0.00012648,0.00010267,0.00032046,0.00036311,0.0003851,0.00010247,0.00036637,0.00016989,4.3521e-05,0.00014809,0.00020977,0.00023791,0.00016638,0.00011757,0.00019724,0.00028975,0.0001692,0.00022534,0.00014305,0.00010316,0.0001837,0.00027961,0.00012621,0.00018586,0.00020139,0.00041601,0.0001566,0.00029481,8.188e-05,0.00025609,0.00013401,6.5759e-05,0.00016617,0.00015863,0.00028632,8.1951e-05,0.0003927,0.00012927,0.0001993,0.00018334,8.6859e-05,0.0001462,0.00013241,-2.0099e-05,0.00011655,0.00013317,0.00024123,0.00021766,0.00024065,0.00022847,0.00012478,7.1672e-05,0.00018931,0.00019104,-0.00014075,0.0001288,-1.0403e-07,7.0625e-05,8.412e-05,0.00023154,0.00021191,0.00017113,0.00015648,0.00019894,0.00018067,0.00015493,0.00029967,0.00014593,0.00011567,6.2525e-06,0.00016219,0.00041494,0.00012658,0.00011051,2.3132e-05,2.4148e-05,-2.1214e-05,0.00024737,0.0002165,0.00018562,4.7075e-05,0.00012984,6.1811e-05,0.00021752,0.00010316,8.9265e-05,9.8761e-05,0.00020127,0.0002031,0.00035594,0.00015469,0.00019991,5.8398e-05,0.00018367,0.00011268,0.00020338,0.00027651,0.00014184,0.0003585,0.00013201,0.00023456,9.42e-05,0.00055143,0.00018679,-4.5555e-05,0.00023137,0.00024509,0.00017529,0.00016652,0.00013926,0.00019922,0.00012163,0.00014648,-9.4691e-05,0.00047664,0.00018505,0.00010302,0.00022389,0.00012472,0.00020828,7.8827e-05,0.00020734,0.0001957,0.00014806,0.00021507
0.00025958,0.00014922,0.0002443,0.00027256,0.00019023,0.00027476,0.00016233,0.0002916,0.00028891,0.00024326,0.00014904,0.00025007,0.00017771,0.00021641,0.00027192,0.00017878,0.00023747,0.00019906,0.00025929,0.00025184,0.00015274,0.00024085,0.0002132,0.00020643,0.00011045,0.00017192,0.00024353,0.00022603,0.00017226,0.00011094,0.00015783,3.7696e-05,0.00018354,-3.8365e-05,0.00028488,0.00020724,0.00022365,0.00024589,0.00017754,0.00022459,0.00019976,0.00023928,0.00016195,0.0002401,0.00027118,0.00015596,0.00029423,0.00011048,0.00018689,7.6461e-05,0.00027608,0.00027553,0.00017166,0.00022656,9.2014e-05,0.00017127,0.00013046,0.00030435,0.00034046,9.0896e-05,0.00012896,0.00017032,0.00016101,5.6696e-05,0.00032469,0.00027471,0.00017034,0.00054207,0.00023528,0.00014152,0.00021053,0.00023185,0.00029184,0.00016074,0.0003097,0.00016136,0.00024033,0.00018683,0.00024632,0.0002162,0.00018029,0.00014896,0.00019826,0.0001596,0.000212,0.00025249,0.00023028,9.49e-05,0.00029977,0.00025066,0.00024194,0.00018279,0.00017561,0.00017641,0.00024311,0.00022325,0.00018098,0.00031009,0.00015281,0.00021313,0.00023395,0.0001616,0.00014655,0.00026828,0.0002427,0.00017255,0.00016519,0.00037816,0.00013597,0.00021401,0.00028862,0.00017855,0.00014827,6.1695e-05,0.00028105,0.0001629,0.00013329,0.00014857,0.00014913,0.00016826,0.00024478,0.00021618,0.00023249,0.00020183,0.00024387,0.00016442,0.00019927,0.00023381,0.00017563,0.00019003,-0.00019125,0.00026523,0.00021853,0.00011507,0.00021414,3.3107e-05,0.00013364,7.6942e-05,0.00029334,0.00026535,0.00024029,1.5644e-05,0.00015796,0.00024848,0.00023589,0.0002501,0.00020321,0.00015292,6.5552e-05,0.00022856,0.00018293,0.00018322,0.00017386,8.759e-05,0.00024531,0.00020348,0.00026921,0.00030548,0.00013896,0.00024648,-9.8608e-05,0.00031134,6.921e-05,3.9191e-05,0.00022311,0.00026433,0.00019409,0.00027987,0.00020781,0.00015056,0.00024852,0.00018046,0.00012486,0.00012082,0.00026133,0.00027631,0.00019675,0.00011737,0.00025179,0.00014735,0.00023944,0.00012383,0.00027629,0.00027186,0.0001793,-4.1009e-06
0.00058209,0.00019694,0.00029855,0.00043517,0.00034734,0.00054932,0.00019283,0.00028891,0.00039091,0.00027331,0.00011865,0.00035183,0.00019699,0.00023804,0.0002857,0.00017835,0.00032194,0.00020936,0.00025295,0.00054727,0.00021625,0.00035925,0.00022701,0.0002504,0.00029159,0.00027247,0.00023102,0.00026259,0.00025024,0.00012746,0.00019283,5.9471e-05,0.00022907,0.00012886,0.00030606,0.00019426,0.00030268,0.00030489,0.00021936,0.00027835,0.00023583,0.00025017,0.00012764,0.00039895,0.00034142,0.00019821,0.00038186,0.00016672,0.00024862,0.00012521,0.00043817,0.00033451,0.00015039,0.00025877,0.00017918,0.0002574,0.00016562,0.00039922,0.00069196,0.00011858,0.0001395,0.0001911,0.00020681,0.00017013,0.00034528,0.00035629,0.00021062,0.00033159,0.00031576,0.00017835,0.00021042,0.000254,0.00029764,0.00021479,0.00037865,0.00015758,0.00026068,0.00036246,0.00029919,0.00029915,0.00021657,9.4153e-05,0.00023458,0.00020668,0.00023875,0.0003305,0.00029483,0.00012183,0.00036603,0.00030503,0.00032374,0.00022949,0.00015059,0.0002077,0.00032287,0.00032272,0.00018722,0.00039052,0.00016961,0.00018254,0.00024865,0.00019673,0.00019082,0.00035066,0.00026449,0.00018572,0.00023446,0.00050242,8.1181e-05,0.00048404,0.00024604,0.00024242,0.00017157,0.00010057,0.00037472,0.00037732,0.00013685,0.00012618,0.0001565,0.00017471,0.00035328,0.00039318,0.00022327,0.0002335,0.00029425,0.00037502,0.00029129,0.00040355,0.00016945,0.00024807,-0.00018281,0.00033584,0.00026915,0.00013559,0.00021108,5.7501e-05,0.00014252,0.00011122,0.00037999,0.00032885,0.00024907,5.0143e-05,0.00016191,0.00028864,0.0002253,0.00033251,0.00020718,0.00024425,4.8369e-05,0.00025106,0.00028045,0.00022463,0.00019163,0.00022153,0.00026944,0.00032945,0.00036905,0.0003075,0.00016919,0.00035417,7.5266e-05,0.00033145,6.3993e-05,0.00058755,0.00024256,0.00034959,0.00039473,0.00026688,0.00022777,0.00013047,0.00030799,0.00018808,0.0001382,0.00019874,0.0003463,0.00036743,0.00024934,0.00015517,0.00045416,0.00034848,0.00025483,0.00015032,0.00035121,0.00030834,0.00018809,-3.7575e-05
0.00031405,0.00016345,0.00023241,0.00027544,0.00019654,0.0003166,0.00019093,0.00024326,0.00027331,0.00032909,8.6238e-05,0.00020876,0.00017614,0.00020981,0.00028109,0.00018089,0.00022686,0.00022593,0.00026123,0.0003415,0.00020487,0.0001791,0.00020956,0.00022475,0.00017023,0.00019709,0.00022658,0.00029609,0.00015397,9.2314e-05,0.00014261,9.6813e-05,0.00020655,0.00012116,0.00021942,0.00019289,0.00025066,0.00023425,0.00018489,0.00024204,0.00016032,0.00021688,0.00013211,0.00023295,0.00028779,0.00019524,0.00031045,0.00013817,0.00021507,0.00014504,0.00036014,0.00028131,0.00018335,0.00023657,9.5553e-05,0.00020991,0.00010249,0.00029444,0.00050163,0.00014629,0.00011992,0.00018169,0.00020551,0.00020542,0.0003697,0.00035383,0.00017643,0.0004841,0.00022418,7.305e-05,0.00017607,0.00018535,0.00027546,0.00016793,0.00032444,0.00012314,0.00022788,0.00017584,0.00025765,0.00020264,0.0001542,0.00014551,0.00019913,0.00017562,0.0001986,0.00017845,0.00026828,1.0955e-05,0.00032068,0.0001627,0.00026899,0.00017359,0.00013547,0.00020077,0.000255,0.00015691,0.00018187,0.00031452,0.00016233,0.00020098,0.00023717,0.00015303,0.0001352,0.0002607,0.00016131,0.00013817,0.00025496,0.00039045,0.00025353,0.00028989,0.00025924,0.00016846,0.00013365,0.0001049,0.00029424,0.00017115,0.00012511,0.00022366,0.00016454,0.00018749,0.00021893,0.00026877,0.00025623,0.00020343,0.00024407,0.00023834,0.00020496,0.00024648,0.00016825,0.00021049,-0.00015034,0.00023728,0.00022293,0.00012063,0.0001539,4.1568e-05,9.3481e-05,2.4443e-05,0.00032621,0.00032065,0.00022341,3.4785e-05,0.000144,0.00038861,0.00020363,0.00023903,0.00019422,0.00015711,0.00012731,0.00023134,0.00043753,0.00023954,0.00015093,0.00013631,0.000265,0.00019227,0.00032026,0.00023446,0.00014346,0.00024765,-1.7925e-05,0.00025773,0.00018649,0.00023174,0.00020834,0.00019777,0.00020669,0.00027944,0.00021936,0.00016118,0.00026882,0.00020093,0.00012565,0.00018104,0.00038608,0.00030835,0.00019777,0.00011977,0.00027477,0.00019306,0.00026835,9.7974e-05,0.00028995,0.00027568,0.00013704,0.0001031
-0.00017663,4.4383e-05,0.00012803,0.00018657,7.9356e-05,0.000115,0.00015788,0.00014904,0.00011865,8.6238e-05,0.00032443,7.4244e-05,0.00010768,0.00013813,0.00012468,7.4678e-05,5.1667e-05,0.00017052,0.00013265,-5.265e-05,-2.0111e-05,7.9613e-05,9.6352e-05,0.00016174,3.0166e-05,7.2695e-05,0.0001765,0.00011431,8.1187e-05,4.914e-05,9.2284e-05,0.00010373,9.0136e-05,-6.9014e-06,0.00020621,0.00018552,0.00012466,0.00010556,4.0143e-05,6.2374e-05,0.00013291,7.4238e-05,0.00025304,4.1067e-05,0.00018895,0.0001058,7.8203e-05,1.2895e-05,7.1666e-05,5.4591e-05,-0.00012748,9.974e-05,0.00010965,0.00018105,5.4911e-05,0.0001136,8.0272e-05,7.4503e-05,-6.3764e-05,7.0446e-05,0.00014692,4.2432e-05,0.00011362,6.3397e-06,0.00024147,0.00010673,8.0857e-05,0.00018265,7.8684e-05,0.00016298,0.00012538,0.00014786,0.00011231,3.4791e-05,9.5877e-05,0.00018978,0.00013628,5.0789e-05,9.616e-05,0.00021373,8.5957e-05,8.5501e-05,0.00013512,4.084e-05,0.00011407,0.00025468,0.00023687,0.00020665,6.53e-05,0.00013123,0.00013124,0.00011309,0.00010785,3.9991e-05,0.00010047,0.00011231,4.61e-05,0.00024005,0.0001128,0.00010998,0.00012625,5.0044e-05,0.00012996,5.2091e-05,7.0616e-05,0.00012521,-0.00010747,0.00010863,-1.1123e-05,7.8525e-05,0.00015893,7.0609e-05,8.7825e-05,0.00011755,0.00010394,-0.00020192,8.1742e-05,5.8007e-06,8.1377e-05,7.4801e-05,7.5688e-05,6.1757e-05,0.00017256,0.00010255,0.00013741,-6.6423e-05,0.0001204,7.8178e-05,9.9938e-05,0.00012701,-8.4728e-06,0.00016686,0.0002234,6.7155e-05,0.00016157,1.2965e-05,8.0382e-06,9.3445e-05,8.3914e-05,3.5107e-05,0.00015334,6.2762e-05,0.00010824,-5.6787e-06,0.00017139,0.00010821,1.3906e-05,8.9471e-05,-7.7407e-05,9.0687e-05,-0.00016157,5.9058e-05,4.602e-05,-5.3417e-07,7.4066e-05,6.6231e-05,0.0001273,0.000222,8.2671e-05,0.0002255,2.6879e-05,0.00014262,-1.3469e-05,2.4965e-05,0.00011178,0.00013822,0.00012156,0.00017148,9.4744e-05,5.642e-05,6.9464e-05,5.9024e-05,7.6595e-05,-4.6744e-05,-0.000276,0.00022112,0.00012675,3.8657e-05,7.0189e-05,4.9535e-06,0.00013832,0.00012674,0.00012743,0.00010678,7.1254e-05,3.2758e-05
0.00055166,0.00016162,0.00020367,0.00043217,0.000402,0.00057604,0.00020079,0.00025007,0.00035183,0.00020876,7.4244e-05,0.00041178,0.00015679,0.00023074,0.00024882,0.00010392,0.00032579,0.00016365,0.00018651,0.00054151,0.00019279,0.00037475,0.00020854,0.00017497,0.0002804,0.00021992,0.00018423,0.00023286,0.00025727,0.00014037,0.00015383,4.3121e-05,0.00020088,0.00016097,0.00031856,0.00011986,0.00025068,0.00028717,0.0001565,0.00027946,0.00020916,0.00016862,3.7454e-05,0.00042149,0.00031515,0.00017381,0.00036931,0.00016301,0.00019676,0.00018552,0.00040199,0.00026499,0.00013174,0.00020778,0.0002209,0.00023933,0.00017732,0.00036895,0.00054838,0.00012023,0.00012692,0.00020514,0.0001605,0.00013312,0.0003102,0.00034651,0.00018753,0.00035231,0.00029332,0.00013979,0.00014877,0.00020515,0.00025708,0.00023367,0.00029095,0.00012329,0.00022734,0.00041711,0.00026374,0.00024687,0.0001994,2.4819e-05,0.00020853,0.0001912,0.00019277,0.00023521,0.00022942,0.00010347,0.00036476,0.0003538,0.00028132,0.00018082,0.00010944,0.00021262,0.00028173,0.0003841,0.00012944,0.00040067,0.00011219,0.0001278,0.00022017,0.00016038,0.00022614,0.00032929,0.00028988,0.00016068,0.00018508,0.00043195,0.00011917,0.00049634,0.00019835,0.00021702,0.00013779,8.5044e-05,0.00031156,0.00040482,0.00011788,3.9772e-07,9.8128e-05,0.00011203,0.00040513,0.00037831,0.00015539,0.00019627,0.00023104,0.00038608,0.00025936,0.00039147,0.00011371,0.00017655,-0.00012549,0.00027893,0.00028895,0.00012474,0.00022445,4.778e-05,0.00014698,9.5775e-05,0.00035515,0.00028614,0.00018033,-8.3397e-06,0.00014827,0.00018077,0.00019473,0.00028527,0.00017101,0.0002433,9.685e-05,0.00022232,0.00037859,0.00017663,0.00017501,0.000213,0.00017718,0.0003107,0.00029863,0.000272,0.00014159,0.00038827,9.027e-05,0.00031291,-7.9765e-05,0.0007518,0.00024453,0.00033004,0.00038875,0.00023351,0.00021203,0.00011236,0.00022305,0.00015376,0.00012119,0.00019908,0.00042841,0.00038314,0.00021381,0.00014375,0.00050138,0.00036912,0.00025008,0.00010227,0.00034559,0.00028722,0.00018882,-7.7456e-05
0.00020903,0.00012054,0.00016856,0.00021996,0.00014216,0.00018088,0.00013173,0.00017771,0.00019699,0.00017614,0.00010768,0.00015679,0.00014815,0.0001307,0.00017991,0.00014031,0.00015623,0.00014891,0.00017473,0.00016867,3.4437e-05,0.0001611,0.0001281,0.00014597,0.00011062,0.00012756,0.00016529,0.00015002,0.00012506,8.5577e-05,0.00012959,4.4787e-05,0.00011711,-7.4688e-06,0.00016353,0.00015247,0.00016606,0.00016705,0.00013434,0.00015297,0.00012961,0.00014228,0.00010584,0.00017813,0.00017193,7.6196e-05,0.00020345,6.8886e-05,0.00011875,5.3987e-05,0.00020516,0.00018749,9.1216e-05,0.00018098,7.7105e-05,0.00013205,5.853e-05,0.00018627,0.00026175,7.3759e-05,0.00010157,0.00011965,0.00011205,5.7834e-05,0.00023442,0.00022153,0.00012879,0.00022883,0.00014861,0.00010087,0.00014266,0.00015535,0.00018971,0.00010084,0.00021309,0.00012545,0.00017535,0.00011581,0.00016026,0.00012046,0.00011448,0.00011348,0.00016194,0.00011994,0.00014503,0.00019384,0.0001676,5.2317e-05,0.00022369,0.00011919,0.00017233,0.00012333,9.983e-05,0.00012887,0.00016686,0.00013503,0.00010262,0.00017798,9.4489e-05,0.00013916,0.0001519,0.00011012,0.00010055,0.00019252,0.00015416,0.00011177,9.0711e-05,0.00027148,6.6288e-05,0.00019429,0.00017432,0.00010786,0.00010205,4.2126e-05,0.00019506,0.00010277,9.0112e-05,6.8156e-05,8.1383e-05,0.00012909,0.00016839,0.0001657,0.0001774,0.00011669,0.00018495,0.00012051,0.00015688,0.00016387,0.00014112,0.00012523,-8.6127e-05,0.00017168,0.00016227,8.1661e-05,0.00013997,3.4993e-05,8.1348e-05,4.4734e-05,0.00020891,0.00018475,0.00016443,2.104e-05,9.9463e-05,0.00018024,0.00014269,0.00016662,0.00012599,7.1777e-05,6.5082e-05,0.00015822,0.00017975,0.00011668,0.00010811,7.1546e-05,0.00017379,0.00013747,0.00020707,0.00019753,9.4237e-05,0.00016376,-2.5309e-05,0.00021859,6.0628e-05,0.00011066,0.00012783,0.00010838,0.00016881,0.00019484,0.00012648,0.00010089,0.00018354,0.00014619,8.729e-05,9.4206e-05,7.2253e-05,0.00020124,0.00011387,7.2547e-05,0.00016591,0.00014455,0.00015985,5.6205e-05,0.00017228,0.00017878,0.00010674,1.7666e-05
0.00015117,0.00011779,0.00015002,0.00025538,0.0002544,0.00028262,0.00016261,0.00021641,0.00023804,0.00020981,0.00013813,0.00023074,0.0001307,0.00027736,0.0002184,0.00011277,0.00019884,0.00018181,0.00022697,0.00021554,0.00015643,0.00024528,0.00015857,0.00019062,0.00013357,0.00014299,0.00017857,0.00018081,0.00016183,5.4618e-05,0.0001025,8.2641e-05,0.00015695,0.00011133,0.00027623,0.00011877,0.00019514,0.00018965,0.0001522,0.00022165,0.00017822,0.00015131,0.00014749,0.00025668,0.00032962,0.00016213,0.00023599,9.5145e-05,0.00011775,0.00015175,0.0002227,0.00023218,0.00011178,0.00020454,0.00012732,0.00018834,0.0001155,0.00023523,0.00018188,0.000103,9.7516e-05,0.00015077,0.00014226,6.7958e-05,0.00027439,0.00022252,0.00013428,5.7336e-05,0.00019044,8.1981e-05,0.0001152,0.00015194,0.00020872,0.00014875,0.00023959,0.0001158,0.0001681,0.00018768,0.00020846,0.00015669,0.00015381,3.4581e-05,0.00015306,0.00013879,0.00017635,0.00019654,0.00021712,0.00013914,0.00024595,0.0002235,0.00021858,0.00016234,0.00011908,0.00013386,0.00016972,0.00019676,0.00012995,0.00030495,0.00010682,0.00013451,0.0002068,0.00013895,0.0001754,0.00022664,0.00024406,0.00013869,0.00018647,0.00027728,0.00021872,0.00024576,0.00019955,0.00016856,0.00011091,5.9595e-05,0.00016862,0.00014159,9.6836e-05,0.00012975,0.00011571,0.00012846,0.00017764,0.00026548,0.00019727,0.00019174,0.00023162,0.00011847,0.00017317,0.00023806,0.00013411,0.00017397,-0.00012443,0.00020593,0.00028758,0.00011349,0.00014675,1.6616e-05,9.8299e-05,0.00013342,0.00023927,0.00022794,0.00015194,7.5674e-05,0.00011038,0.00021627,0.00019769,0.00018158,0.00011793,0.00016429,6.2957e-05,0.00016833,0.00035845,0.00012957,0.00015358,0.00014383,0.00019849,0.00019133,0.00021195,0.00022284,0.00011897,0.00026711,-3.2714e-05,0.00020135,4.8684e-05,0.00034924,0.00015058,0.00024745,0.00021694,0.00022496,0.00017413,9.948e-05,0.00015887,0.00012839,9.2769e-05,8.6397e-05,0.00043883,0.00036934,0.00017231,7.7032e-05,0.0002909,0.00011425,0.00018944,0.00010229,0.00024179,0.00022163,0.00012059,7.9767e-05
0.0001754,0.0001569,0.00026734,0.0003483,0.00016671,0.00022968,0.00017601,0.00027192,0.0002857,0.00028109,0.00012468,0.00024882,0.00017991,0.0002184,0.000376,0.00021661,0.00021411,0.00025136,0.00036081,0.00028061,0.00015653,0.00022623,0.00022821,0.000269,8.917e-05,0.00021688,0.00031353,0.00028178,0.00017848,0.00012733,0.00018001,0.00010084,0.00016934,5.3568e-05,0.00027369,0.00019093,0.000271,0.00027852,0.00019682,0.00025457,0.00025385,0.00024771,0.00018427,0.00024565,0.00034259,0.00021618,0.00035169,0.00013213,0.00024739,0.00020134,0.00018243,0.00029309,0.00021704,0.0002186,9.7385e-05,0.00021618,0.0001452,0.00033549,0.00037501,0.00016319,0.00020463,0.00020012,0.00020604,0.00013297,0.00041873,0.00028564,0.00020732,0.00026571,0.00026014,0.00014214,0.00023697,0.00023797,0.00032159,0.00018327,0.00031241,0.00017396,0.00032011,0.00020087,0.00023743,0.00028582,0.00020535,0.00015196,0.00023986,0.00018916,0.00023025,0.00023059,0.00032416,1.5309e-05,0.00034879,0.00017969,0.00031413,0.00019327,0.00020498,0.00021217,0.00025846,0.000207,0.00024768,0.00037365,0.00017698,0.00025717,0.00022836,0.00013982,0.00016451,0.00025822,0.00024553,0.00016116,0.00020925,0.00039701,0.00024115,0.0001798,0.00028414,0.00020639,0.00015528,5.8904e-05,0.0002936,0.00019876,0.00015919,0.0001756,0.00018825,0.00018917,0.0002731,0.00021218,0.00033329,0.00021674,0.00025565,0.00017766,0.00022787,0.00024228,0.0001734,0.00021295,-0.00015761,0.00025997,0.00017732,0.00014261,0.00022595,3.0934e-05,0.00011056,0.00010457,0.0003479,0.0003273,0.00028444,0.00015796,0.00017749,0.00027442,0.00024625,0.00026618,0.00025181,0.00015348,0.00015814,0.00024658,0.00018506,0.00020619,0.0001478,8.9026e-05,0.0002457,0.00022405,0.0003381,0.00029548,0.0001631,0.00024249,-5.5453e-05,0.00040377,0.00014267,0.00013339,0.00025702,0.00023115,0.00014481,0.00038294,0.00021439,0.00016765,0.00026983,0.00019838,0.00016586,0.00019342,0.00027833,0.00030583,0.000216,8.344e-05,0.00025742,0.00016595,0.00025953,6.6699e-05,0.00030241,0.00028795,0.00021032,0.00016172
-4.6352e-05,0.0001013,0.00020213,0.00019554,3.5127e-05,4.9288e-05,0.0001237,0.00017878,0.00017835,0.00018089,7.4678e-05,0.00010392,0.00014031,0.00011277,0.00021661,0.00022524,0.00011764,0.00015921,0.00018986,7.0761e-05,-7.0635e-05,0.00012004,0.00013375,0.00022378,1.5831e-05,0.00010965,0.00019556,0.00017218,9.5769e-05,8.9373e-05,0.00013285,4.0085e-05,6.8227e-05,-0.00013014,0.00012077,0.00011474,0.00017148,0.00017013,0.00013756,0.0001501,0.00016888,0.00020249,0.00015257,0.00011786,0.00015161,6.6974e-05,0.00019885,8.6283e-05,0.00015087,1.9803e-05,0.00011934,0.00018542,0.00011131,0.00014593,2.1026e-05,0.00012893,6.9444e-05,0.00018394,0.00018306,7.1603e-05,0.00013117,0.00010304,0.00010637,8.6394e-05,0.00024389,0.00018106,0.00013638,0.00018872,0.00012656,0.00010779,0.0002031,0.0001674,0.00023129,0.0001034,0.00020371,0.00013831,0.00025676,4.3963e-05,0.00016429,0.00018914,0.00012687,0.00015361,0.00019436,0.00010397,0.00017117,0.00018687,0.00019719,4.5881e-05,0.00021696,9.3163e-05,0.00019854,0.00015907,0.00014168,0.00012001,0.0001376,7.4048e-05,0.00018952,0.00018128,0.0001098,0.00021624,0.00013377,0.00012028,3.6862e-05,0.00019217,0.00013404,9.6857e-05,0.00018783,0.00023912,5.9169e-05,6.0349e-05,0.00019759,0.00010834,9.6817e-05,7.9044e-06,0.00015793,0.00014841,8.9307e-05,0.00010976,0.00012611,0.00014563,0.00012034,6.0055e-05,0.00022149,0.00012739,0.00018998,5.2063e-05,0.00015592,0.00012659,0.00016756,0.0001295,-7.9771e-05,0.00017245,7.8715e-05,6.962e-05,0.00011651,2.8119e-05,6.7393e-05,7.5386e-06,0.00021521,0.00023159,0.0001657,7.4339e-05,9.3602e-05,0.00026687,0.00014618,0.00015896,0.00017998,6.9707e-06,0.00014662,0.00017837,4.8636e-05,0.00014001,0.00012402,4.5317e-05,0.00021084,9.5054e-05,0.00020209,0.00019709,9.986e-05,8.4494e-05,-8.3822e-05,0.00031348,0.00017934,-0.00015159,0.00012581,3.5169e-05,3.9148e-05,0.00022467,0.00013929,0.00011727,0.00020079,0.00016128,9.9287e-05,0.0001078,-7.0909e-05,0.00017399,0.00013851,4.7136e-05,6.2785e-05,3.7225e-05,0.00013547,8.2317e-06,0.00015029,0.00017079,0.00011733,7.7109e-05
0.00077526,0.00016666,0.00018218,0.0003663,0.00032511,0.00046635,0.00022049,0.00023747,0.00032194,0.00022686,5.1667e-05,0.00032579,0.00015623,0.00019884,0.00021411,0.00011764,0.0004001,0.00019168,0.00018889,0.00056423,0.00024596,0.0003619,0.00020925,0.00016341,0.00028446,0.00029399,0.00016362,0.00015792,0.00022066,0.0001241,0.00013079,-9.046e-05,0.00020474,0.0001674,0.00022695,0.00014395,0.00023167,0.00024655,0.00018642,0.00021494,0.00017166,0.00019659,9.1815e-06,0.00046324,0.00028548,0.00024807,0.00033956,0.00010082,0.00018557,1.9899e-05,0.00045988,0.00025607,8.3786e-05,0.00020197,0.00018148,0.00018116,0.00015354,0.00038411,0.00067494,7.901e-05,8.1746e-05,0.00014632,0.00014284,0.00015801,0.00028123,0.00037111,0.00014865,0.00015171,0.00028563,7.6109e-05,0.00011966,0.00017721,0.00022446,0.00020419,0.00028413,7.9098e-05,0.00020163,0.00037096,0.00025323,0.00011049,0.00016873,3.4519e-05,0.00018354,0.00017074,0.000159,0.00021583,0.00018557,5.7134e-05,0.00041953,0.00024239,0.00022987,0.00019292,0.00013443,0.00016618,0.00026561,0.00031686,0.00012868,0.00037399,0.00010231,0.00011474,0.00021797,0.0001781,0.00017636,0.00030664,0.00026918,0.00011465,0.0002634,0.00047526,0.00017249,0.00043632,0.00022072,0.00017239,0.00010764,0.00015397,0.00031678,0.00042675,9.1497e-05,3.0063e-07,9.161e-05,0.0001289,0.00036229,0.00030842,0.00016613,0.00018834,0.00021138,0.0004316,0.00023798,0.00049135,9.1322e-05,0.00018709,-0.00015544,0.00024662,0.00028231,0.00010924,0.00014104,4.1529e-05,0.00013867,0.00012892,0.00033344,0.00028902,0.00019423,1.4569e-06,0.00011995,0.00022403,0.00016749,0.00031402,0.00016431,0.00024857,0.00012119,0.00025178,0.00035739,0.00018565,0.0001842,0.00014931,0.00024257,0.0003433,0.00029098,0.0002924,0.00011529,0.00032473,8.5352e-05,0.00023307,-1.3193e-06,0.00062193,0.0002108,0.00042507,0.00037818,0.00019895,0.00020354,0.00015853,0.00024131,0.00016427,8.7915e-05,0.00021389,0.00044159,0.00035904,0.00020975,0.00019034,0.0005097,0.00026726,0.00015191,0.00016156,0.0002991,0.00025447,0.00015841,-5.5173e-06
7.7341e-05,0.00011268,0.00020313,0.00032539,0.00017422,9.0106e-05,0.00027659,0.00019906,0.00020936,0.00022593,0.00017052,0.00016365,0.00014891,0.00018181,0.00025136,0.00015921,0.00019168,0.00030679,0.0002438,0.00020024,5.6938e-05,0.00020813,0.00018133,0.00027677,8.1086e-05,0.00021119,0.00025495,0.00015745,0.0001228,7.523e-05,0.00012814,0.00015557,0.00014078,9.2065e-05,0.0001919,0.00017583,0.00019283,0.00020717,0.00013988,0.00016234,0.00012967,0.00015195,0.00021071,0.00026788,0.00022673,0.0002017,0.00024351,0.00010196,0.00017574,7.6083e-05,0.00021568,0.00020732,0.00014883,0.0002107,6.8286e-05,0.00017159,0.00015049,0.00020687,0.00025291,0.00010317,0.00018279,0.00011538,0.00014631,0.00022587,0.0003425,0.00026066,0.00013187,0.00013434,0.00017395,8.9207e-05,0.00019006,0.00021816,0.00023998,0.00012566,0.00019895,0.00015922,0.00027711,0.00014039,0.00020132,0.00024546,0.00015273,0.00015173,0.00021099,0.00012788,0.00019371,0.00019974,0.00029352,7.0142e-05,0.00020191,0.00011765,0.00021323,0.00018012,0.00013539,0.00014805,0.00018297,0.0001948,0.00015905,0.00042263,0.00017153,0.00022261,0.00019281,0.00012668,0.00015297,0.00012394,7.8059e-05,0.00013696,0.00021052,0.00029445,0.00025944,0.00017473,0.00025377,0.00013972,0.00011618,0.00014851,0.00021434,5.0502e-05,0.00013075,6.2939e-05,0.00011583,0.000146,0.00019549,0.00016394,0.00025395,0.00017415,0.00023047,0.00013887,0.00017348,0.0002318,0.00013615,0.00017322,-1.3087e-05,0.00022595,0.0002784,0.0001337,0.0001458,2.776e-05,3.5132e-05,5.4948e-05,0.00028011,0.00026229,0.00021582,0.00012069,0.00012307,0.00014645,0.00021961,0.00018042,0.00013488,0.00012096,0.00019417,0.00019713,0.0002222,0.00019204,0.00014888,8.7147e-05,0.00021511,0.00014912,0.0002358,0.00026399,0.0001389,0.00026696,4.2403e-05,0.00029303,0.00014427,0.00026215,0.0001867,0.00011379,0.00015247,0.00028892,0.00018896,0.00016775,0.00018749,0.00015819,0.00011876,0.00013161,3.8045e-05,0.0003275,0.00018801,0.00012827,0.00022333,0.00013478,0.00017253,9.9691e-05,0.00024966,0.00022597,0.00017718,0.00015498
0.00016616,0.0001443,0.00024568,0.00026376,0.00012261,1.049e-05,0.00013893,0.00025929,0.00025295,0.00026123,0.00013265,0.00018651,0.00017473,0.00022697,0.00036081,0.00018986,0.00018889,0.0002438,0.00045445,0.00015532,0.00014361,0.0001975,0.00018196,0.00023427,3.4846e-05,0.00019926,0.00031064,0.00015668,0.00014809,8.8338e-05,0.0001702,2.1612e-05,0.00016737,4.0128e-05,0.00024367,0.00022627,0.00024373,0.00022974,0.00021137,0.00021168,0.00021148,0.00019129,0.00018916,0.00020212,0.00032383,0.00019176,0.0003241,6.2292e-05,0.00020088,0.00014328,0.00015091,0.00029219,0.00019721,0.00020557,9.2392e-06,0.00017098,0.00010243,0.0003068,0.00023287,9.5157e-05,0.00015427,0.0001816,0.00017239,5.5948e-05,0.00037192,0.00023094,0.0001635,-0.00021258,0.00025122,9.5797e-05,0.0002077,0.00021942,0.0002885,0.00013764,0.00031934,0.00018863,0.00026211,0.00011342,0.00018984,0.0001272,0.00018492,0.00012914,0.00020706,0.00020404,0.00022124,0.00019744,0.0003193,-3.5542e-05,0.00032789,0.00011045,0.00023911,0.00014803,0.00020919,0.00016804,0.00023294,0.00016117,0.00022484,0.0002576,0.00015723,0.00022428,0.00021464,0.00012886,0.00013079,0.00023961,0.00023785,0.00015882,0.00024132,0.00039431,0.0002492,3.8397e-05,0.00028711,0.00020317,0.00014511,2.2452e-05,0.0002774,2.9573e-05,0.00017314,0.00027822,0.00016866,0.00020611,0.00020492,0.00016988,0.00034533,0.00020895,0.00026773,7.2333e-05,0.0001848,0.0002076,0.00016783,0.00020931,-0.00026431,0.0002145,0.00013088,0.00014914,0.00021534,1.5279e-05,0.00012586,0.00020109,0.00029007,0.00029931,0.0003058,0.00024845,0.00015494,0.00018412,0.00023846,0.00024833,0.00023955,0.00012552,0.00010657,0.00020346,0.00014598,0.00013393,0.00012817,1.928e-05,0.00026324,0.00022644,0.00032394,0.00026587,0.00015657,0.00017755,-0.00012191,0.00033561,0.00011888,-8.7393e-05,0.00019851,0.00020685,0.00011368,0.00039933,0.00014937,0.00015656,0.00026426,0.00017324,0.00015299,0.00013929,0.00036777,0.00020815,0.00017573,3.8556e-05,0.00021182,5.869e-05,0.00020499,5.9959e-05,0.00023691,0.00024579,0.00019407,0.0002499
