0.0063368,0.00052987,0.00028231,0.0024507,0.0015575,0.0040815,9.3316e-05,0.00068451,0.0015969,0.00076956,0.0013015,0.00039547,0.0005519,0.00041643,0.0022148,0.00039168,0.00073814,-0.00013851,3.7452e-05,0.00080387,0.00043872,0.00023204,0.0012454,0.0036264,0.0017614,0.00031072,0.0012736,0.00035639,0.0019113,0.0021159,0,-3.4245e-05,0.00029009,0.0009619,0.00072734,0.0008045,-0.00046483,0.00061299,0.0010778,0.00067816,0.00030048,0.00049976,0.00028216,0.00052655,0.00065406,0.00065487,-0.00049131,-6.6875e-05,0.0023014,0.0009597,0.00098002,0.00070803,0.00056044,0.00060791,0.00037652,-0.00059056,0.0018885,-4.1875e-05,0.00090816,0.00032891,0.0011394,5.9566e-05,0.00088064,0.00036078,0.0012365,0.0051237,0.0004321,0.00034514,0.00053411,0.00049351,0.00049717,0.0011897,0.00078735,0.0010094,0.00065758,0.00063083,0.0008366,0.0010596,0.00034088,0.00029887,0.0001332,6.5829e-05,0.001103,0.00044812,0.0005137,8.6821e-05,0.00076648,0.0013438,0.00056241,0.00023421,0.00021681,0.00064638,0.00068221,0.00027923,3.5008e-05,0.00019974,2.9666e-05,0.00047334,0.0014652,0.0010538,0.00027115,2.6739e-05,0.00043976,-0.00019694,9.0545e-05,-7.3938e-05,0.00066431,0.0014484,0.0011792,0.00065748,0.00063994,0.00032265,0.00020671,0.00044903,0.00084066,0.00050634,0.0010679,0.00092475,0.00041193,0.0002217,5.7663e-05,0.0010222,0.0016716,0.0016299,0.00062386,0.0002421,0.00047417,0.00033733,0.00014368,0.0017081,0.001686,0.00034534,0.00086161,0.00034228,0.00047907,0.001293,0.0017212,0.00032118,0.00011275,0.00043935,0.00052886,0.0029487,0.00060852,0.0010098,0.00020487,0.0019181,-4.7574e-05,0.0010197,0.00071106,0.00026482,-0.00025679,4.9868e-05,0.00070178,0.00066805,0.0004575,0.00047632,0.00023847,0.00055087,0.0011245,0.00024043,0.0012026,0.00058107,0.0011773,0.00013856,0.0003489,0.0010363,0.00070358,0.0002654,0.00061871,0.0032153,0.0011764,0.0010661,0.0001713,0.00053933,0.00091219,0.0004973,0.00088557,0.00058007,0.0046443,0.00048276,0.0003593,0.0015437,-1.2776e-05,-0.00030958,0.00038731,0.00012466,0.00044853,0.00034043,0.00036191,0.0010233,0.0042073,0.00060417,0.0015642,0.0018758,0.0013721,5.5659e-05,0.00018844,0.00073726,0.00032416,0.00076583
0.00052987,0.00021866,-1.4099e-05,0.00025815,5.7268e-06,0.00031646,2.9902e-05,0.00019396,0.00011381,0.00027482,0.00020218,0.00015317,0.00018013,0.00016701,0.00024291,9.9492e-05,0.00022274,0.00020143,8.695e-05,0.00010947,0.00028675,0.00020726,0.00020359,0.00020562,0.00021111,0.00016149,0.00022912,0.00012803,0.00018342,0.00023715,0,0.0001784,-5.835e-06,0.00014263,0.00016348,0.00020155,-2.218e-06,5.0362e-05,6.9496e-05,0.0002552,0.00013828,6.1738e-05,0.0001207,0.00018644,0.0001229,0.00019853,4.9316e-05,0.00013191,0.00019128,0.0002064,0.00026059,0.00011581,4.835e-05,0.00018538,0.00015232,0.00036464,0.00015516,4.5834e-07,0.00020745,0.00018617,0.00021168,-0.00012094,0.00013479,0.00013795,0.00018311,0.00042045,0.00017814,0.00012817,0.00014778,0.00011469,0.00016878,0.00011994,0.00016679,0.00031736,0.00012579,8.1754e-05,5.8748e-05,0.00019031,0.00011062,0.0001348,0.00018937,0.00027424,9.0751e-05,9.9102e-05,0.00017134,6.7153e-05,0.00026939,0.00015242,0.00024414,0.00013196,0.00014804,0.0002785,0.00021371,0.00024905,0.00014962,3.5205e-05,1.3723e-06,7.393e-05,6.6423e-05,0.00024952,9.8065e-05,0.00032893,0.00023501,5.8185e-06,0.00014558,0.0001918,0.00014994,0.00028271,0.00028777,9.4488e-05,0.00019319,0.00018335,3.4872e-06,0.00026256,0.00019837,0.00010879,0.00014132,0.00021798,9.5105e-05,9.1338e-05,9.5468e-05,0.00024667,0.00020839,0.00035186,0.00020502,4.7781e-05,0.00010824,8.4116e-05,-6.8728e-05,0.00028618,0.00024864,0.00025348,4.493e-05,0.00022641,0.0002107,0.00020715,0.00016581,0.00017157,0.00018481,0.0001514,9.5862e-05,0.0001808,0.0001336,0.00013133,0.00018987,0.0002326,-0.00016647,0.00022339,0.00020349,0.00015576,0.00015115,1.3662e-05,0.00013806,0.00014001,0.00010263,0.00018963,0.0001471,9.331e-05,0.00021889,0.0001496,0.00013883,0.0002104,0.00018614,0.00017436,0.00018605,0.00024612,0.00015145,0.00014862,7.2533e-05,0.00023705,0.00022363,0.00021183,9.2106e-05,0.00020441,0.00020437,0.00019714,0.00022745,0.00018698,0.0003451,0.00010188,7.5882e-05,0.00015337,0.00020805,-9.091e-05,0.00019181,0.0001074,0.00015181,0.00011787,7.5084e-05,0.00021626,7.604e-05,0.00016119,0.00019245,0.00020374,0.0002636,8.2089e-05,0.00015524,0.00014624,0.00018082,0.00025672
0.00028231,-1.4099e-05,0.00052557,0.00043083,0.00064343,0.00039719,-4.039e-05,6.7634e-05,0.00040192,0.00027266,0.00023576,8.6088e-05,2.4506e-05,4.7134e-05,0.00028909,9.4286e-06,0.00015408,7.7261e-05,0.00010177,0.00020951,0.00024572,0.00017733,0.00026392,0.00026949,0.00027454,0.00012338,0.00026182,0.00013534,0.00027513,0.00018511,0,0.00013672,6.3764e-05,0.00015542,0.00017503,0.00014425,-9.4691e-05,0.00033067,0.0001806,-0.0002348,-1.2787e-05,0.00010606,5.3182e-05,3.623e-05,0.00020501,0.00010448,-3.0058e-05,7.1968e-05,0.00056676,0.00010662,6.4932e-05,3.6993e-05,9.4947e-05,0.00017442,0.00023355,8.6787e-05,0.00032339,-3.0433e-05,0.00013836,6.9069e-05,0.00014341,-0.00021969,0.00016825,0.00019788,0.00033305,0.00049075,1.5186e-05,7.5703e-05,0.00012242,0.0002125,-5.3705e-06,0.00012666,7.7248e-05,0.00020718,0.00012466,1.3284e-05,0.00010979,-2.0668e-05,8.8326e-05,0.00025143,6.8377e-05,0.0001238,0.00030368,0.00012907,0.00015941,3.5611e-05,0.00012468,0.00019149,0.00011258,-4.7443e-05,0.00020493,3.0132e-05,0.00035455,-2.2676e-05,0.00013221,4.0026e-05,-4.1945e-06,-5.0524e-05,0.00018459,0.00030429,5.1728e-05,-3.0379e-05,0.00017545,-7.2013e-05,2.3765e-05,-3.9662e-06,0.00022131,0.00023552,9.2547e-05,0.0001111,0.00015709,6.9865e-05,-4.5784e-05,-2.1448e-05,5.9713e-05,7.8534e-05,9.2801e-05,0.00015246,7.8077e-05,-2.3289e-06,0.00010264,0.0002399,0.0002236,0.000417,6.212e-05,5.026e-05,0.0001602,7.0347e-05,2.8689e-05,0.00035696,0.00014356,0.00010172,0.00020633,0.00010367,8.8514e-05,0.00028572,0.00010847,0.00010023,5.9646e-05,0.00015345,0.00019672,0.00016513,9.6693e-05,0.00031401,0.00014922,0.00029337,-0.00023987,0.00010106,0.00013701,0.00010053,6.4977e-05,1.2917e-05,0.00014649,0.00022489,0.00011756,7.0374e-05,0.00015576,0.00013885,2.9172e-05,3.0693e-07,0.00029471,7.247e-05,0.00030121,7.8717e-05,1.1922e-05,2.5908e-05,0.00020391,0.00032279,0.00022474,0.00040153,0.00030582,0.00025605,4.6887e-05,0.00013755,8.2479e-05,0.00016041,-5.3708e-05,0.00017801,0.00051529,0.00022886,0.00025361,0.00011675,8.291e-05,9.3301e-05,4.3784e-05,7.1958e-05,5.7104e-05,0.00018225,3.0475e-05,0.00017306,0.00064225,6.0539e-05,0.00026507,0.00033305,0.00027434,6.8885e-05,-7.9117e-06,0.00016383,8.359e-05,-6.3518e-05
0.0024507,0.00025815,0.00043083,0.0017433,0.00085818,0.0023458,7.8994e-05,0.00063926,0.00094809,0.00085836,0.00094209,0.00060328,0.00042912,0.00036905,0.0012668,0.00021447,0.00061176,0.00027036,0.00015607,0.00067458,0.00063216,0.00040679,0.0011337,0.0016147,0.001206,0.00036193,0.0008816,0.00036295,0.0010168,0.0010985,0,0.00024751,0.00034574,0.00054052,0.00059225,0.00046763,-0.0006829,0.00055442,0.00046629,0.00041416,0.0002648,0.00045643,0.00023704,0.00044175,0.00057089,0.00056603,0.00013375,0.00016257,0.0014597,0.00068009,0.00058654,0.00041806,0.00036558,0.00051899,0.00039436,-0.00024302,0.00083166,3.8305e-06,0.00060697,0.00039717,0.00079402,-0.000452,0.00066663,0.00043678,0.00095798,0.0022249,0.00035913,0.00033367,0.00055547,0.00052728,0.00029893,0.00066407,0.00044742,0.0009332,0.00052191,0.00037479,0.00057853,0.00073429,0.00038756,0.00044672,0.00034134,0.0004748,0.00067821,0.00047707,0.00050743,0.00018912,0.00064511,0.00084556,0.00043536,0.00019925,0.00039627,0.00058744,0.00049816,0.00031835,0.00032525,9.5845e-05,4.9661e-07,0.00036766,0.00084787,0.00090327,0.00031567,0.00052582,0.00058302,-5.2778e-05,0.00015441,5.3525e-05,0.0006701,0.0010303,0.00086133,0.00042019,0.00067244,0.00045313,0.00036501,0.00047524,0.0004136,0.00038683,0.000472,0.00063148,0.00033275,0.00016362,0.00020046,0.0010375,0.00087219,0.0011877,0.00041696,0.00028796,0.00045368,0.00027657,9.833e-06,0.0012527,0.00085407,0.00043244,0.00058175,0.00047758,0.00035718,0.00085475,0.00075379,0.00041716,0.00027203,0.00060562,0.00051934,0.0011097,0.00042549,0.0007942,0.00033966,0.00089499,-0.00069368,0.00075655,0.00056539,0.00033728,0.00031779,4.2289e-05,0.00054655,0.00066712,0.00051114,0.00047541,0.00038152,0.00042801,0.000789,0.0002682,0.00080242,0.00044889,0.00083669,0.00030679,0.00040797,0.00076621,0.00064074,0.00053594,0.00047605,0.001834,0.00077784,0.00081667,0.00022091,0.00048129,0.00038272,0.00050326,0.00065181,0.00052785,0.0021469,0.00044,0.00043487,0.00078863,0.00033165,0.00014201,0.00042642,0.0002674,0.00026942,0.00045406,0.0002405,0.00070502,0.0019664,0.00045723,0.00096058,0.0010149,0.0010311,0.00028695,5.0281e-05,0.00058568,0.0004079,0.00063299
0.0015575,5.7268e-06,0.00064343,0.00085818,0.0012988,0.001189,-6.066e-05,0.00016303,0.00076057,0.00034685,0.00043956,8.0494e-05,0.00014002,6.6851e-05,0.00082198,3.0591e-05,0.00027598,-5.9177e-05,-3.0163e-05,0.00037573,0.00020996,0.00018012,0.00058879,0.00094903,0.00058965,0.00013938,0.00040694,0.00021239,0.00067218,0.00055304,0,3.1104e-05,0.00016194,0.00024472,0.00029577,0.00023272,-0.00026197,0.00046266,0.00051481,-0.00017224,1.8955e-07,9.578e-05,5.9223e-05,4.776e-05,0.00032647,0.0001753,-0.00037476,-3.3797e-05,0.0010161,0.00024028,0.00017791,0.00023701,0.00021784,0.00017898,0.00017309,-9.5441e-05,0.00055729,-4.3312e-05,0.00024739,-8.7378e-05,0.00041593,-7.6366e-05,0.00037552,0.0002929,0.0005691,0.0015038,0.00015754,6.2565e-05,0.00013402,0.00029167,0.00010078,0.00029689,0.00021816,0.00026293,0.0002512,0.0001466,0.00021067,0.00012661,0.00011026,0.00027808,2.8691e-05,-6.4523e-05,0.00063842,7.9994e-05,0.00019384,8.0697e-05,0.00024313,0.00050301,0.00018575,1.0244e-05,0.00021662,1.0332e-05,0.00048177,-4.1329e-05,0.00014466,0.00012073,1.0533e-05,-7.1915e-05,0.0004303,0.00040939,6.3597e-05,-0.00029198,0.0002306,-0.00014015,4.823e-05,-8.1264e-05,0.00030119,0.00041434,0.00041142,0.00040563,0.0002738,4.7075e-05,-1.5927e-05,-7.9852e-05,0.00029613,0.00016966,0.00033365,0.00020237,0.00011841,1.3383e-05,0.00012189,0.000392,0.00055154,0.00083485,0.00016392,8.9152e-05,0.00024543,0.00015162,1.9077e-05,0.00064304,0.00048627,0.00011854,0.00040427,9.5649e-05,0.00013559,0.00061147,0.00052679,5.9778e-05,1.3501e-05,0.00016613,0.00022884,0.0006696,0.00023073,0.00036717,0.0001207,0.0008637,-0.00021729,0.00031359,0.00025603,0.00015281,-0.00012663,-1.0495e-05,0.0002461,0.00042405,0.00025259,8.0518e-05,0.00015053,0.00024993,0.00025507,1.9942e-05,0.00052687,0.00013692,0.00054011,6.2861e-05,-7.0795e-06,0.00020554,0.00030369,0.00055682,0.00038445,0.0012393,0.00052266,0.00045428,6.0977e-05,9.5786e-05,0.00028848,0.00017153,-9.8273e-05,0.00025107,0.0017141,0.00042446,0.0002642,0.00046409,-3.4852e-05,9.3486e-05,0.00010855,8.5541e-05,0.00010346,0.00021275,0.00010039,0.00026152,0.0017533,0.00019059,0.00053324,0.00067042,0.00062837,9.6667e-05,1.9786e-05,0.00033656,0.00014529,-0.00012873
0.0040815,0.00031646,0.00039719,0.0023458,0.001189,0.0041661,0.00014708,0.0008316,0.0014573,0.0010354,0.0012487,0.00071989,0.00053928,0.00040083,0.0019527,0.00025533,0.00086161,0.0002112,4.9118e-05,0.00083654,0.00069242,0.00034982,0.0016455,0.0026218,0.0018049,0.00034553,0.0011298,0.00044916,0.00138,0.0016329,0,0.00017539,0.00037998,0.00087562,0.00079552,0.00058916,-0.00082851,0.00057575,0.0006518,0.00055197,0.00026841,0.00054558,0.00025885,0.00053982,0.00071508,0.00067994,7.1267e-05,0.00018974,0.0019562,0.0006611,0.00077968,0.00070314,0.00058272,0.00048397,0.00058666,-0.0004631,0.0019709,-3.5261e-05,0.00078641,0.00047161,0.0011352,-0.00059868,0.0010112,0.00052924,0.0010491,0.0036013,0.00052955,0.00043282,0.00081035,0.00067922,0.00039165,0.0009995,0.0006444,0.0011374,0.00070263,0.00039374,0.00069559,0.0010701,0.00036892,0.00021744,0.00027852,0.00055112,0.00097401,0.00052771,0.00060348,0.00018163,0.0008759,0.0011346,0.0004737,0.00020188,0.00038668,0.00070986,0.00037646,0.00027772,0.00042276,0.00010355,1.1159e-05,0.00064186,0.0010585,0.0011327,0.00039581,0.00055501,0.00063464,-0.00020165,0.00031718,0.00016164,0.00085625,0.001314,0.0011169,0.00047348,0.00089355,0.00043737,0.00043244,0.00050241,0.001031,0.00043195,0.00097698,0.00079483,0.00052635,0.00016098,0.00013432,0.001394,0.0012995,0.0016897,0.00058619,0.00032066,0.0004828,0.00034713,0.00012328,0.0016495,0.0012525,0.00044279,0.00086747,0.00047942,0.00036015,0.00097798,0.0010857,0.00052145,0.0001239,0.00080223,0.00072267,0.0019769,0.00047967,0.0011018,0.00027039,0.0011994,-0.0007954,0.00096607,0.00072385,0.00033021,0.00034638,3.9666e-05,0.00068078,0.00082037,0.00070086,0.00060401,0.0005028,0.00053403,0.0010293,0.00030089,0.0011366,0.00059258,0.0011216,0.00032863,0.00039403,0.0011182,0.00088396,0.00050294,0.00054136,0.0028364,0.00096608,0.00094131,0.0002058,0.00026302,0.0010155,0.00063109,0.0010415,0.00063913,0.0037765,0.0004467,0.00040693,0.0011745,0.00033351,0.00036145,0.00046682,8.295e-05,0.00033114,0.0004374,0.00029495,0.00094526,0.0032172,0.00054594,0.0015042,0.0015445,0.0017113,0.00030904,3.5852e-05,0.00072751,0.0004629,0.00080781
9.3316e-05,2.9902e-05,-4.039e-05,7.8994e-05,-6.066e-05,0.00014708,0.00073424,5.5056e-06,-1.8429e-05,0.00037973,-6.887e-05,-0.00015016,-2.3483e-05,5.0696e-05,2.2593e-05,4.9061e-05,4.4686e-05,-3.3629e-05,-0.00010845,1.5974e-05,6.6161e-05,-0.00027754,-7.4852e-05,-6.8158e-05,1.9174e-05,8.1062e-06,-3.8604e-05,1.3932e-05,-0.00012922,2.1884e-05,0,-0.00011636,8.8828e-05,8.0624e-05,-9.1757e-06,1.974e-05,1.0959e-05,8.7651e-06,-5.7019e-05,-3.5586e-05,-1.561e-05,-1.8108e-05,7.9943e-05,-2.7218e-05,9.6135e-05,-2.6605e-05,-0.00011108,-0.00015325,9.7558e-05,-0.00016479,0.00014127,0.00012499,8.0309e-05,0.0001028,3.5105e-05,-0.00016283,-0.00012986,0.00022024,-6.6538e-06,-7.1109e-05,-0.00015273,-6.2009e-05,-7.8801e-05,-7.8112e-05,8.7998e-05,1.3723e-05,9.3892e-05,-0.00012664,0.00035923,6.3909e-06,8.9873e-05,9.6256e-05,0.00016147,1.5672e-05,0.00022051,-2.2226e-05,-7.8366e-05,-4.133e-05,6.374e-05,-0.00020773,7.075e-05,7.4118e-05,0.00014095,3.6334e-05,-5.41e-05,-0.00024032,-0.00015969,0.0001388,-1.675e-05,-4.1641e-06,4.2299e-05,-3.5363e-06,-1.9324e-05,-6.6042e-05,-1.3576e-05,1.6191e-05,4.0666e-07,-3.0397e-06,-0.00023368,4.0899e-06,-0.00010113,1.7318e-05,-0.00015101,0.00011703,0.00010062,2.9607e-05,8.4476e-05,-0.00010133,-1.7175e-05,-5.9834e-05,0.00013689,3.1065e-05,0.00061869,-3.6557e-05,-0.00011468,-8.5226e-05,0.00011697,-0.00010356,9.8638e-05,4.8966e-05,-0.00012223,0.00010499,-5.5905e-05,-9.9245e-06,-0.00016126,-0.00011307,4.9469e-05,1.7504e-05,2.6293e-06,-8.2139e-05,-4.6845e-05,-4.2689e-06,0.00017945,-0.00012628,0.00019368,-0.00015261,-5.5781e-05,2.7544e-05,-1.6139e-05,-2.7061e-05,0.00025809,-7.0913e-05,-9.8827e-05,2.2659e-05,1.2984e-05,-0.00049273,4.4568e-05,-2.7377e-05,8.3661e-05,-0.00012272,5.9123e-05,-2.3625e-05,0.0001089,-3.812e-05,1.8972e-05,-6.0873e-05,0.00020954,7.5179e-05,4.3807e-05,4.982e-05,3.3884e-05,-0.0001265,-4.3408e-05,-8.7414e-05,2.7483e-05,3.3585e-06,3.2681e-05,-9.2734e-08,1.2127e-05,3.5901e-05,-4.434e-05,-0.00010981,8.2431e-05,9.1505e-05,0.00010759,0.00011224,-5.3896e-05,0.00020183,0.00020005,-7.2925e-05,-8.2166e-05,2.212e-06,-9.1984e-05,0.00079213,-3.2186e-05,-4.9775e-05,2.4359e-05,7.7004e-05,2.9756e-05,8.0263e-05,0.00020796,-4.2708e-05,8.4678e-06,3.5771e-05,-0.0001231,4.9813e-05,1.9426e-05,-5.494e-05,-3.5954e-05,-1.1513e-05
0.00068451,0.00019396,6.7634e-05,0.00063926,0.00016303,0.0008316,5.5056e-06,0.00062855,0.00043255,0.00046675,0.00039052,0.00041159,0.00018885,0.00022579,0.00042788,0.00011191,0.00029755,0.00031097,3.5576e-05,0.00029418,0.00037131,0.00039734,0.00037699,0.00043378,0.00044229,0.00023059,0.00046369,0.00019309,0.00043675,0.00052883,0,0.00025248,7.1135e-05,0.00020204,0.00024499,0.00022565,-0.00032723,0.00021437,8.2249e-05,0.00034267,0.0002418,0.00018652,0.00012199,0.00026781,0.0001954,0.00037604,-0.00016947,-7.2651e-05,0.00051849,0.00036655,0.00035147,0.00010102,2.235e-06,0.00026949,0.0001015,0.00028225,-7.5729e-05,0.00013935,0.00030775,0.00026082,0.00039714,-0.00026781,0.00028123,0.00026392,0.00039191,0.00069408,0.00025421,0.00015694,-3.6869e-06,0.00020791,0.00017911,0.00021546,0.00020303,0.00050147,0.00020379,0.00018397,0.00013991,0.00036924,0.00023966,5.4238e-05,0.00021944,0.00032778,0.0002737,0.00025403,0.00015521,0.00018448,0.00048061,0.00028484,0.00026304,0.00014679,8.5094e-05,0.00035419,0.00020391,0.00035257,0.00034442,-2.0717e-05,-4.8702e-06,9.3828e-05,0.00021414,0.00035748,0.00024324,0.0004193,0.00039272,0.00013708,0.00020741,0.00021515,0.00030514,0.00045144,0.00044247,0.00010885,0.00034905,0.00032894,0.00020052,0.00037665,0.00033552,0.0002394,0.00010293,0.00019455,0.00017302,7.3e-05,0.00022719,0.00016963,0.00033285,0.00060576,0.00033729,8.3864e-05,0.00015829,0.00014257,-8.067e-05,0.00050559,0.00039918,0.00028231,0.00020318,0.00037373,0.00017846,0.00020703,0.00024665,0.0002283,0.0002527,0.00033652,0.00017968,0.00025706,0.00026143,0.00043497,0.00022047,0.00038107,-0.00053482,0.00028957,0.00026128,0.00023448,0.00023476,1.0428e-05,0.00030209,0.00036859,0.00030595,0.00036824,0.00023585,5.2609e-05,0.00029171,0.0002624,0.00026479,0.00023217,0.00033911,0.00021055,0.00025733,0.0004385,0.00037157,0.00024532,0.00018031,0.00060213,0.0002688,0.0002777,0.00013351,0.00035039,0.00037431,0.00023392,0.00031964,0.0002947,0.00085168,0.0002899,3.9705e-05,0.00031992,0.0003449,-0.00015525,0.0002277,0.00019299,0.00012434,8.3897e-05,0.00012676,0.00025155,0.00049701,0.00026326,0.00042575,0.00033498,0.00061328,0.00020539,0.00015506,0.00032114,0.00037655,0.00035206
0.0015969,0.00011381,0.00040192,0.00094809,0.00076057,0.0014573,-1.8429e-05,0.00043255,0.00097274,0.00045411,0.0003901,0.00020738,0.00011212,0.00014939,0.00066459,0.00012374,0.00024387,-4.6367e-05,1.6046e-05,0.00034169,0.00010785,8.1463e-05,0.00028223,0.0010355,0.00059408,0.00015379,0.0005633,0.00010628,0.00063289,0.00060039,0,-4.2144e-05,2.4907e-05,0.00029872,0.00020876,0.00029508,-0.00022186,0.00030623,0.00023662,1.696e-05,8.0714e-05,0.00020138,0.00013026,0.00011958,0.00021787,0.00021796,-0.00038472,-0.00018985,0.00077511,0.00031865,0.00032898,0.00012524,0.00024455,0.00018089,0.00022171,-0.00020791,0.00059199,0.0001399,0.00026444,0.00017753,0.00034772,-0.00010066,0.00028094,0.00022159,0.00039774,0.0016119,0.00012896,8.7259e-05,0.00010544,0.00021295,8.026e-05,0.00042802,0.00028602,0.00040933,0.00020189,0.00019767,0.00021143,0.00018724,0.0001449,0.00015121,4.6102e-05,0.00011884,0.00042169,0.0002596,0.0001382,0.00010721,0.0004205,0.00038004,0.00018057,-4.4401e-05,-3.2105e-05,0.00011117,0.00034368,4.9946e-05,0.0001822,-3.6735e-05,4.2447e-06,0.00010316,0.00032658,0.00044854,0.0001358,-5.7998e-05,0.00029307,0.00013329,0.00012963,-3.357e-05,0.00026889,0.00046753,0.00029666,0.00019818,0.00029069,0.00016476,0.00028055,9.4555e-05,0.00051397,0.00014223,0.00039403,0.00022016,0.00010618,1.1856e-05,0.00014607,0.00027837,0.00046847,0.0006871,0.00023867,7.6333e-05,0.0001245,0.00012558,4.0137e-05,0.00055671,0.00044181,0.00014062,0.00042921,0.0003397,0.00013872,0.00035373,0.00038439,-3.093e-05,6.9183e-05,0.00024622,0.00024959,0.00076871,0.00021297,0.00055171,4.4444e-05,0.00061407,-0.00012432,0.00019871,0.00031322,0.00016087,4.0546e-05,1.0605e-06,0.00029735,0.00025765,0.00018012,0.00022161,0.00015949,7.7221e-05,0.00024516,6.0177e-05,0.00040436,0.00010424,0.00048145,9.7773e-05,7.9365e-05,0.0003194,0.00038764,0.00021988,0.00025462,0.00093358,0.00035043,0.00049601,2.2727e-05,0.00012829,0.00035723,0.00024981,0.00010005,0.000189,0.0016914,0.00022439,0.00017029,0.00036619,3.9257e-06,-7.9096e-05,7.0879e-05,0.0001461,0.00013472,5.0867e-05,7.4254e-05,0.00031084,0.0014082,0.00019089,0.00069469,0.00048412,0.00072205,4.3611e-05,-2.5425e-05,0.00035732,0.00021442,9.4161e-05
0.00076956,0.00027482,0.00027266,0.00085836,0.00034685,0.0010354,0.00037973,0.00046675,0.00045411,0.00093214,0.00050354,0.00042745,0.00030789,0.00032333,0.00060478,0.00014944,0.00046436,0.00043268,8.161e-05,0.00041413,0.00065775,0.00036966,0.00049982,0.00038342,0.00063033,0.00033209,0.00062091,0.00029523,0.0003744,0.00052121,0,0.00031284,0.00015953,0.00034335,0.00039318,0.00032711,-0.00036786,0.0002953,6.9346e-05,0.00031713,0.0002177,0.00020101,0.0002437,0.0003311,0.00042776,0.00040976,7.0159e-05,0.00014044,0.00065484,0.00032463,0.00053041,0.00024679,0.00019524,0.00038049,0.00031931,0.00025443,0.00025963,0.00013798,0.00038714,0.00028751,0.00040061,-0.00049881,0.00031464,0.00037318,0.00053737,0.00083683,0.0004085,0.00021417,0.00044474,0.00036785,0.00030143,0.00036043,0.00039307,0.00070613,0.00042013,0.00012584,0.00015972,0.00041059,0.00027183,0.00023734,0.00038808,0.00062206,0.00041266,0.00033634,0.00037921,7.835e-05,0.00049328,0.00043535,0.00043382,0.00012775,0.00036584,0.00048328,0.00040585,0.00036705,0.00032765,5.9655e-05,-4.2403e-06,0.00015836,0.00016376,0.00062842,0.00022696,0.00052379,0.00043334,5.6086e-05,0.00034216,0.00031117,0.00048261,0.00059291,0.00062626,0.00018748,0.00056828,0.00042347,0.00046993,0.00038745,0.00030973,0.00023083,0.00034244,0.00033796,0.00027679,0.00016067,0.0001777,0.0006892,0.00049414,0.0008364,0.00024361,0.0001215,0.00033761,0.00021159,-7.6045e-05,0.00070694,0.00043384,0.00049099,0.00028932,0.00041345,0.00041892,0.00038958,0.00023304,0.00040631,0.00031964,0.00046444,0.00045473,0.00022052,0.00024176,0.00042527,0.00035439,0.00017248,-0.00067283,0.00045571,0.00049051,0.0002688,0.00045604,7.9261e-06,0.00042394,0.00050268,0.0004301,0.00037178,0.00048809,0.00025445,0.00047283,0.00027037,0.00048096,0.00028418,0.00047086,0.0003314,0.00037009,0.00050824,0.00040946,0.00054506,0.00026055,0.00072346,0.00053484,0.00049767,0.00021256,0.00044142,0.00032584,0.00055414,0.00035543,0.00051677,0.00086425,0.00031957,0.00026697,0.00031885,0.00042686,0.00046834,0.0003724,0.0002201,0.00023141,0.00035827,0.00015783,0.00049068,0.00057307,0.00028909,0.00048812,0.00043755,0.00063139,0.0002219,0.0001662,0.00033216,0.00038526,0.00045126
0.0013015,0.00020218,0.00023576,0.00094209,0.00043956,0.0012487,-6.887e-05,0.00039052,0.0003901,0.00050354,0.00070724,0.00039945,0.00032818,0.00023468,0.00070852,0.00012177,0.00040791,0.00037685,0.00014736,0.00041491,0.00053615,0.00051161,0.00075254,0.00075495,0.00077369,0.00028058,0.00058159,0.00028495,0.00057861,0.00071227,0,0.00040873,0.00024414,0.00041562,0.00048353,0.00029738,-0.000349,0.00029039,0.00027207,0.00037934,0.00020063,0.00027332,0.0001348,0.00040343,0.00042651,0.00045647,0.00027775,0.00027422,0.00082024,0.00043266,0.00033138,0.00031369,0.00011056,0.0003349,0.00020134,0.00012371,0.00031716,-0.00013013,0.00042191,0.00027975,0.00056997,-0.0004283,0.00047095,0.00032434,0.00060194,0.0010484,0.00027702,0.00029448,0.00027563,0.00040376,0.00025818,0.00044767,0.00018592,0.00066399,0.00035646,4.7322e-05,0.00033464,0.00058543,0.00021584,0.00030012,0.0003063,0.00044514,0.00040574,0.00024097,0.00038425,0.00020956,0.00050145,0.00049504,0.00036973,0.00019542,0.0003745,0.00045961,0.00030227,0.00031025,0.00026667,0.00011119,-3.0487e-06,0.00021658,0.00057014,0.00063804,0.00031308,0.00052714,0.00040116,-0.00017952,0.0001711,0.00015601,0.00051664,0.00074076,0.00063889,0.00020248,0.00047802,0.00032976,-7.8608e-05,0.00040488,0.00028573,0.00033196,0.00023768,0.00048388,0.00023562,0.00010925,0.00021006,0.0006172,0.00058869,0.00076989,0.00040405,0.00019043,0.00035749,0.00016221,-8.1243e-05,0.00089549,0.00056654,0.00038495,0.00027931,0.00034213,0.00026729,0.00059775,0.00045511,0.00047293,0.00023186,0.00046505,0.00027159,0.00054132,0.00031338,0.00053045,0.00032226,0.00065493,-0.00063998,0.00059057,0.00034932,0.0002681,0.00024901,4.7766e-05,0.00036135,0.00054343,0.00042463,0.00036427,0.00031333,0.00029635,0.00052007,0.00023026,0.00055501,0.00038891,0.00052374,0.00029258,0.00031198,0.00058789,0.00035989,0.00052213,0.00027295,0.001076,0.00056432,0.00044557,0.00015906,0.00038016,0.00026065,0.00032127,0.00052736,0.0003716,0.0010671,0.00037687,0.0002959,0.00048006,0.00042757,-3.8113e-05,0.00033376,0.0001588,0.0001906,0.00033568,0.00016608,0.00041742,0.0009116,0.0003334,0.00054705,0.0006691,0.00066538,0.00024779,0.0001541,0.00035833,0.00031983,0.00053991
0.00039547,0.00015317,8.6088e-05,0.00060328,8.0494e-05,0.00071989,-0.00015016,0.00041159,0.00020738,0.00042745,0.00039945,0.00066492,0.00022312,0.00023297,0.00037117,7.3981e-05,0.00034059,0.00038198,9.7622e-05,0.00039774,0.00042979,0.00045066,0.00051683,0.00042367,0.00043532,0.00020534,0.00040009,0.00019242,0.00033843,0.00047233,0,0.00033085,6.5453e-05,0.00025568,0.00027949,0.00020423,-0.00037871,0.00032602,0.00011994,0.00035632,0.00021438,0.00019351,8.6206e-05,0.00029064,0.00022261,0.00031724,0.00019492,0.00021168,0.00053999,0.00040324,0.00034446,0.0002193,9.491e-05,0.0002327,0.00021471,0.00023553,9.2242e-05,1.6744e-06,0.0002985,0.00026996,0.00039304,-0.00032796,0.0002961,0.00030805,0.00038268,0.00063837,0.00027065,0.00024508,6.1355e-05,0.00023475,0.00013586,0.00021075,0.00021135,0.00053112,0.0001837,0.00021163,0.00022283,0.00038591,0.00015284,0.00025987,0.00024641,0.0004178,0.00024714,0.00033293,0.00032106,0.00018503,0.00046407,0.00020402,0.00035195,0.00014713,0.0002292,0.00045205,0.00020138,0.00036688,0.00026728,-1.1519e-05,-1.2638e-05,0.00018416,0.0002611,0.00040887,0.00024034,0.00047357,0.00036406,-8.9976e-06,0.00011703,0.00018821,0.00029735,0.00050779,0.00050539,0.00013794,0.00029644,0.00039838,0.00015474,0.00035642,0.00020676,0.00023524,0.00015074,0.00027982,0.00017546,0.00012626,0.00017235,0.00041287,0.0003777,0.00050293,0.00019201,0.00018623,0.00022564,0.00016415,2.7221e-05,0.00052487,0.0003956,0.0003634,6.2139e-05,0.00033486,0.00012234,0.00015351,0.00019688,0.00031441,0.00026577,0.00038957,0.00017121,0.00018239,0.0002379,0.00034827,0.00027397,0.00023704,-0.00058537,0.00038724,0.00024759,0.00027813,0.0004105,1.4496e-05,0.00025685,0.00043389,0.00036363,0.00036078,0.00022409,0.00015318,0.00031922,0.00023749,0.0002794,0.00028787,0.00035771,0.00030616,0.00029838,0.00041166,0.00031105,0.00026781,0.00019731,0.00050169,0.00035851,0.00035374,0.00013742,0.00030987,8.3038e-05,0.00032717,0.00047924,0.0002376,0.00034268,0.0002629,0.00028495,0.00027418,0.00042823,-5.6118e-05,0.00033242,0.00020013,0.00013091,0.00019652,0.00015098,0.00038871,0.0001831,0.00025494,0.00027127,0.00024096,0.00051282,0.00013892,4.4735e-06,0.00026515,0.00033557,0.0004261
0.0005519,0.00018013,2.4506e-05,0.00042912,0.00014002,0.00053928,-2.3483e-05,0.00018885,0.00011212,0.00030789,0.00032818,0.00022312,0.0004002,0.00018371,0.00044274,8.7966e-05,0.00028659,0.00021872,7.9557e-05,0.00022324,0.00044217,0.0002845,0.00052547,0.0002658,0.00048866,0.00019887,0.00019822,0.00015974,0.00021457,0.00021001,0,0.00018394,0.00015682,0.00019426,0.00020338,0.00028036,-0.00029076,3.3891e-05,8.9089e-05,0.00032254,0.00013356,0.00016599,0.00011757,0.00024861,0.00019017,0.00029487,0.0002435,0.00030936,0.00030711,0.00028233,0.00023582,0.00037718,-1.9258e-06,0.00016258,0.00010338,0.00015613,0.00019646,-0.00010721,0.00024824,0.00015447,0.00036793,-0.00027498,0.0002872,0.0002199,0.0002963,0.0004672,0.00026229,0.0001886,0.00014736,0.00020195,0.00026915,0.0002338,0.00016011,0.0004762,0.00021861,0.00012832,0.00017683,0.0003518,0.00010406,0.00026265,0.00022874,0.00036772,0.00011378,4.1242e-05,0.00025653,0.00011882,0.00036036,0.00030064,0.00026424,0.00022181,0.00025455,0.0003711,0.00016817,0.00033844,0.00019436,9.8637e-05,9.6523e-06,7.1498e-05,0.00020386,0.00033602,0.00015743,0.00050932,0.00025374,-2.5074e-05,0.00015187,0.00017773,0.00023509,0.00039261,0.00046053,0.00025,0.00029334,0.00020167,-9.3374e-05,0.00032781,0.00030958,0.00014368,0.00030009,0.00028506,7.0723e-06,0.0001025,0.00014529,0.00063863,0.00033186,0.00047067,0.00024548,0.00020055,0.00017533,9.4677e-05,-0.00010067,0.00042293,0.00025464,0.00032662,9.0274e-05,0.00031536,0.0002136,0.00041074,0.00025742,0.00021062,0.00022529,0.00029566,0.00012412,0.00020004,0.00020973,0.00017412,0.00020833,0.00041218,-0.00048028,0.00038936,0.00018892,0.00024137,0.00019007,1.712e-05,0.00016489,0.00032016,0.00026123,0.00019378,0.00016939,0.00017401,0.00043864,0.00021192,0.00025117,0.00029329,0.0002771,0.00023101,0.00025242,0.00046992,0.00019682,0.00034726,0.00011297,0.00052788,0.00036328,0.00033026,0.000135,0.00020388,8.0552e-05,0.00018279,0.00032843,0.00024308,0.00052079,0.0001759,0.0002056,0.00018767,0.00024909,3.0292e-05,0.00028555,0.00018137,0.00015924,0.00023575,0.00011127,0.00026041,0.00018751,0.0002565,0.00020414,0.00025536,0.00049873,0.00019665,0.00011065,0.00021427,0.00029358,0.00031129
0.00041643,0.00016701,4.7134e-05,0.00036905,6.6851e-05,0.00040083,5.0696e-05,0.00022579,0.00014939,0.00032333,0.00023468,0.00023297,0.00018371,0.00021295,0.00034525,8.7258e-05,0.0002282,0.00020964,8.5177e-05,0.00015854,0.00038463,0.00024274,0.00027672,0.00023765,0.0002662,0.00016896,0.00025839,0.00014431,0.00022705,0.00025122,0,0.00017689,5.292e-05,0.00018247,0.00017551,0.00021833,-0.00016877,0.00016725,7.9499e-05,0.0002542,0.0001472,0.00011053,0.00012332,0.00016731,0.00016423,0.00020873,0.00013376,0.0001233,0.00028671,0.00019356,0.00024815,0.00016345,8.1245e-05,0.00020178,0.00011445,9.166e-05,6.3655e-05,-1.6954e-06,0.00020898,0.00019945,0.00023524,-0.00014529,0.00016216,0.00014545,0.00025574,0.00043745,0.00019269,0.000135,0.00021453,0.00015682,0.00015453,0.00019156,0.00016759,0.00035106,0.00017299,8.8703e-05,0.000122,0.00022904,0.00011337,0.00017968,0.00022914,0.00037666,9.7754e-05,0.00018554,0.00019272,8.4245e-05,0.00028216,0.00017853,0.00023427,0.00012331,0.00021634,0.00030481,0.00017954,0.00022555,0.00020346,2.3559e-05,-8.1493e-07,6.8015e-05,0.00015076,0.00025582,0.00013048,0.00037,0.00024367,5.9611e-05,9.8943e-05,0.00021965,0.000202,0.00028704,0.00033723,0.0001766,0.00020295,0.00023603,0.00014943,0.00028335,0.00025141,0.00014129,0.00011452,0.00023293,0.00011326,0.00011306,0.00013386,0.0003929,0.00021913,0.00030774,0.00021206,9.7194e-05,0.0001281,0.00011601,-7.5741e-05,0.00034515,0.00025445,0.00026045,4.8861e-05,0.00020972,0.00022792,0.00028122,0.0001513,0.00019807,0.0001884,0.0002222,9.1699e-05,0.00012439,0.0001629,0.00011653,0.00023398,0.00024158,-0.00025371,0.00027765,0.0001891,0.00017645,0.00022027,1.3692e-05,0.00016727,0.0001728,0.0001505,0.00019395,0.00012661,0.0001159,0.00024453,0.00015412,0.00018216,0.00024655,0.00025266,0.00019325,0.00022551,0.00028272,0.0002054,0.0001347,0.00012271,0.00031369,0.0002594,0.00018768,0.00013642,0.00026203,0.0001533,0.00022373,0.00022397,0.00021191,0.0003053,0.00012991,0.00010663,0.00019721,0.00022665,7.0738e-05,0.00021553,0.00014978,0.00013915,0.00012715,0.00011343,0.00023968,0.00015462,0.00018131,0.00018352,0.00021295,0.00030413,9.4466e-05,0.00010922,0.0001985,0.0002008,0.00023835
0.0022148,0.00024291,0.00028909,0.0012668,0.00082198,0.0019527,2.2593e-05,0.00042788,0.00066459,0.00060478,0.00070852,0.00037117,0.00044274,0.00034525,0.0016804,0.00010888,0.00056523,0.00025593,3.0803e-05,0.00030917,0.00089097,0.00048302,0.0010216,0.0012941,0.00099415,0.0002504,0.000753,0.00029593,0.00092774,0.00081527,0,0.00023868,0.00032798,0.00036352,0.00045924,0.00041662,-0.00066469,0.00035139,0.00029193,0.00030913,0.00019742,0.00021715,0.00015076,0.00017726,0.00049151,0.00040877,0.00022857,0.00021991,0.0009385,0.00045837,0.0004821,0.00031722,0.00029789,0.00054243,0.00015306,-0.00046938,0.00084228,-0.0001085,0.00049155,0.00020752,0.00072452,-0.00010091,0.0005986,0.00039259,0.00067333,0.0021241,0.0004131,0.00035684,0.00037915,0.00045346,0.00029655,0.00041212,0.00051894,0.00062418,0.00040727,0.00019297,0.00040627,0.00071418,0.00023198,0.00029084,0.00021214,0.0005043,0.00042964,0.00028858,0.00043191,0.00011092,0.00062223,0.00063665,0.00031785,0.00010832,0.00043179,0.00048628,0.00032837,0.00028711,0.00035123,0.00013253,3.1974e-05,5.5842e-05,0.00082913,0.00061633,0.00020465,0.00037239,0.0003842,-8.6199e-05,0.00023062,0.0003958,0.00047111,0.00070572,0.00095219,0.00060965,0.00037815,0.00023357,6.3018e-05,0.00043236,0.00055968,0.00027306,0.00044433,0.00050294,0.00022631,0.00014966,0.00020151,0.0012493,0.00066726,0.0011873,0.00034772,0.00031634,0.00026565,0.00022597,-3.8529e-05,0.00096765,0.00078529,0.0003672,0.0002666,0.00019128,0.00026705,0.00093915,0.00074204,0.00048547,0.00016094,0.00047225,0.00024997,0.00091448,0.00035408,2.964e-05,0.00034143,0.00093649,-0.00053305,0.00072849,0.00036885,0.0002991,0.00019245,2.6325e-05,0.00032791,0.00047695,0.00035092,0.00031306,7.5458e-05,0.00042414,0.0006474,0.00019591,0.00070708,0.00051886,0.00075732,0.00025522,0.00034189,0.00063402,0.00041255,0.00034147,0.00036102,0.0015954,0.00076333,0.00055442,0.00019575,0.00045673,0.00066947,0.00042389,0.0005388,0.00047755,0.0018308,0.00033379,0.00023928,0.00070909,0.00035829,0.00010324,0.00051249,5.3552e-05,0.00019996,0.00032276,0.00018047,0.00060335,0.0016987,0.00036211,0.00054077,0.00087933,0.00091605,0.00015028,0.00023142,0.00045064,0.00027309,0.00036499
0.00039168,9.9492e-05,9.4286e-06,0.00021447,3.0591e-05,0.00025533,4.9061e-05,0.00011191,0.00012374,0.00014944,0.00012177,7.3981e-05,8.7966e-05,8.7258e-05,0.00010888,0.00011022,8.4009e-05,1.8974e-05,4.1641e-05,9.6377e-05,7.6992e-05,1.8619e-05,0.00010496,0.00021131,0.0001571,7.4711e-05,9.2081e-05,4.2289e-05,0.00013943,0.0001822,0,3.7059e-05,8.4574e-06,0.00010395,8.5893e-05,7.0003e-05,-3.1856e-06,3.4133e-05,8.98e-05,0.00010685,7.4799e-05,3.812e-05,7.212e-05,0.00010567,5.5716e-05,9.2776e-05,-4.6629e-05,-1.8185e-05,0.00019735,8.7316e-05,0.00013256,7.1877e-05,3.0361e-05,7.8146e-06,6.1555e-05,0.00012468,0.00012801,5.0354e-05,9.547e-05,0.00012608,0.00010881,-8.57e-05,5.3174e-05,4.6249e-05,0.00012405,0.00028699,6.8498e-05,2.9491e-05,4.3472e-05,3.9669e-05,0.00010466,0.00012283,8.8892e-05,0.00014982,7.3333e-05,4.771e-05,6.7794e-05,9.605e-05,4.0179e-05,6.5304e-05,8.3596e-05,9.2149e-05,9.3795e-05,6.0867e-05,4.6272e-05,3.3495e-05,0.00011292,9.0104e-05,0.00010221,6.4232e-05,-3.0847e-05,0.00010352,0.00013529,7.1988e-05,4.0785e-05,1.0051e-07,-4.171e-07,3.4405e-05,8.7656e-05,0.00011318,5.2964e-05,0.00010334,0.00011015,9.9557e-05,6.0024e-05,3.1928e-05,9.2903e-05,0.00015189,0.00016555,3.4581e-05,8.4708e-05,9.6939e-05,0.00011383,0.00011425,8.1981e-05,6.5001e-05,8.4852e-05,0.00010519,4.4085e-05,5.417e-05,3.4857e-05,0.00010957,8.3721e-05,0.00020415,6.3931e-05,2.1897e-05,6.0065e-05,5.768e-06,-2.8424e-05,0.00013368,0.00016986,0.00010764,7.9396e-05,0.00011136,0.00013139,7.4623e-05,0.00012992,2.5836e-05,9.5321e-05,5.8486e-05,4.9208e-05,0.00013424,8.9434e-05,0.00018585,6.7427e-05,0.00012041,-2.8296e-05,0.00013508,0.00010515,5.3223e-05,1.5141e-05,1.2357e-05,8.9932e-05,2.3443e-05,2.6618e-05,9.331e-05,6.4886e-05,4.1215e-05,8.9871e-05,7.763e-05,9.6806e-05,9.5901e-05,0.00012212,3.8555e-05,8.2004e-05,0.00010992,0.00010962,0.0001367,4.64e-05,0.00019593,5.9557e-05,7.2448e-05,3.9441e-05,0.00014619,4.1117e-05,8.7064e-05,8.0401e-05,4.6839e-05,0.00039785,2.7357e-05,7.3601e-05,0.00010558,2.8041e-05,2.2631e-05,9.3878e-05,8.1346e-05,9.8347e-05,3.6917e-05,3.5544e-05,0.00010661,0.00015097,9.6585e-05,0.00011363,0.00016596,0.00011608,3.6818e-05,2.4115e-05,9.9088e-05,8.5734e-05,0.00011834
0.00073814,0.00022274,0.00015408,0.00061176,0.00027598,0.00086161,4.4686e-05,0.00029755,0.00024387,0.00046436,0.00040791,0.00034059,0.00028659,0.0002282,0.00056523,8.4009e-05,0.00056992,0.00038437,9.5972e-05,0.00025331,0.00055713,0.00044036,0.00062216,0.00043418,0.00049827,0.00025646,0.00035904,0.00029768,0.00033114,0.00035066,0,0.00031191,0.00014306,0.00018638,0.00035708,0.00021561,-0.00018128,0.00027366,0.00025034,0.00028202,0.00013949,0.0001335,0.00013514,0.00029061,0.0002775,0.0003199,0.00021928,0.00031232,0.00057607,0.00035406,0.00033318,0.00030455,0.0001817,0.00027294,0.00040098,0.00052191,0.00038347,-5.465e-05,0.00034786,0.00019623,0.00051675,-0.00027609,0.00044729,0.00031526,0.00034345,0.00076171,0.00030259,0.00025011,0.00041599,0.00029139,0.00017413,0.00014793,0.00028584,0.00054015,0.00024192,0.00014619,0.00012875,0.00034704,0.00021215,0.00031816,0.00028528,0.00041539,0.00040508,0.0002686,0.00040212,0.00013348,0.00042971,0.00043674,0.00035033,0.00026765,0.00040072,0.00040058,0.00034038,0.00029368,0.0003401,7.1275e-05,-4.597e-06,0.00017147,0.00020591,0.00050373,0.00015417,0.00039553,0.00038725,-2.5322e-05,0.0002236,0.00034762,0.00033196,0.00046658,0.0005545,0.00018342,0.00034717,0.00024104,7.6889e-05,0.00034569,0.00043007,0.00014122,0.00032099,0.00030325,0.00018832,0.00011871,7.6211e-05,0.0006743,0.00032941,0.00073626,0.00027782,0.00013429,0.00025232,0.00016076,2.2221e-05,0.00060063,0.0003518,0.00043281,0.00030013,0.0002445,0.00022933,0.00040803,0.00030789,0.0003949,0.00020688,0.00039461,0.00021879,0.00023983,0.000234,0.00024359,0.00033915,0.00043981,-0.00040853,0.00044932,0.0003388,0.00029444,0.00028046,2.1894e-05,0.00024722,0.00040101,0.00030233,0.00028426,0.00029439,0.00023582,0.00039254,0.00023034,0.00027533,0.0002854,0.00039024,0.0002744,0.00025626,0.0004425,0.0003338,0.00046419,0.00019376,0.00062704,0.00041643,0.00038443,0.00014569,0.00023331,0.00041559,0.00029361,0.00046664,0.00036744,0.00075622,0.00020272,0.00019111,0.0003143,0.00041337,0.00010062,0.00034775,0.00015203,0.00017032,0.00027384,0.00011928,0.00035694,0.00056294,0.00025968,0.00052471,0.00044606,0.00068293,0.00023555,0.00014751,0.00022926,0.00023355,0.00028623
-0.00013851,0.00020143,7.7261e-05,0.00027036,-5.9177e-05,0.0002112,-3.3629e-05,0.00031097,-4.6367e-05,0.00043268,0.00037685,0.00038198,0.00021872,0.00020964,0.00025593,1.8974e-05,0.00038437,0.00062212,0.00015407,0.00016828,0.0006771,0.00066818,0.00034162,-0.00018789,0.00026387,0.00026325,0.00036075,0.00024317,0.00010433,0.00025307,0,0.00057074,0.00011437,0.00015834,0.00031288,0.00013732,-0.00015709,0.00013882,-1.891e-05,0.00033363,0.00016523,0.00016125,8.9769e-05,0.00029249,0.00029527,0.00034297,0.00037981,0.00034755,0.00013776,0.00028289,0.00026144,0.00010995,8.6757e-06,0.00033446,0.0001984,0.00057619,-0.0001047,-0.00010125,0.00027018,0.00024842,0.00033186,-0.0003594,0.00028361,0.00030126,0.00023345,-2.7718e-05,0.00030266,0.00028625,0.00018824,0.00031431,0.00015215,0.0001018,0.00013852,0.00051025,0.00020484,-0.00014415,1.8917e-05,0.00037195,0.0001914,0.00022454,0.00033735,0.00054659,0.00014757,0.0002067,0.00032657,0.00016566,0.00044223,0.00019202,0.00035272,0.00020225,0.00043232,0.0004154,0.00020596,0.00040034,0.00036822,6.5293e-05,-8.8013e-06,7.9685e-05,8.3656e-05,0.00042664,0.00027399,0.0005981,0.00035863,-0.00012186,0.0002978,0.00038618,0.0003393,0.00041889,0.00038211,4.8758e-05,0.00035804,0.00029941,-0.000105,0.00038983,0.00019662,0.00021927,-2.7072e-06,0.00028831,0.00018425,7.8458e-05,0.00022619,0.00041907,0.00022327,0.00051341,0.00033362,9.4521e-05,0.00022866,0.00011818,-6.7165e-05,0.00047904,0.00018977,0.00041574,4.4554e-05,0.00030378,0.00020826,0.00024533,4.686e-05,0.00053888,0.00025446,0.00040363,0.00013737,-0.00018242,0.00017292,0.00013996,0.00038477,0.00020829,-0.00061184,0.00031572,0.00026881,0.00026531,0.00044601,2.5855e-05,0.00025931,0.00041057,0.00031933,0.00030391,0.00033089,0.00016232,0.00029837,0.00023702,0.00021048,0.00030436,0.00025378,0.00034897,0.00029938,0.00039688,0.00022092,0.00031501,9.5615e-05,0.00016645,0.00037623,0.00024653,0.00012451,0.00034642,0.0002734,0.00028374,0.00043113,0.00035677,-5.3662e-05,0.0002777,0.00015652,0.00010888,0.00064398,-2.5722e-05,0.00028036,0.00013409,9.999e-05,0.00026888,7.4446e-05,0.00025867,-0.00023055,0.00019753,0.00023818,0.00022627,0.00042063,0.00025158,0.00022789,0.00017153,0.00028199,0.00042339
