0.00044797,0.00010242,5.6078e-05,8.382e-05,5.4888e-05,2.5606e-05,9.1086e-05,6.1943e-05,7.0785e-05,0.00010099,0.00010092,0.00015648,-1.3479e-05,9.8858e-05,5.3704e-05,3.4112e-05,0.00011946,0.00022837,-4.9541e-05,0.00034228,8.8495e-05,0.00019003,9.4841e-05,4.2402e-05,0.00014506,0.00011404,2.2291e-05,-9.1045e-05,-3.6813e-05,0.0001029,5.0711e-05,4.4706e-05,9.7057e-05,0.00022122,5.389e-05,3.183e-05,3.5372e-05,1.0102e-05,3.3893e-05,-3.0959e-05,3.3739e-05,3.6823e-05,9.4995e-05,9.624e-05,3.353e-05,-8.1491e-05,0.00013193,0.00010256,9.7327e-05,4.1158e-05,0.00020586,5.933e-05,2.9249e-05,0.00028374,0.00020393,9.3806e-05,3.9914e-05,9.8703e-05,0.0002815,-3.8139e-06,7.1111e-05,-3.1697e-05,6.3429e-05,0.00013232,-1.2571e-05,0.00014792,2.0601e-06,5.0185e-05,8.7113e-05,6.952e-05,-1.3769e-05,3.3083e-05,0.00013966,5.4199e-05,4.4628e-05,1.2237e-05,7.3269e-05,0.00011108,0.00012214,0.00010337,3.6861e-05,7.5741e-05,4.3658e-05,4.2022e-05,6.1235e-05,4.9325e-05,-4.076e-05,3.5924e-06,3.3153e-05,3.4635e-05,7.4423e-06,7.1595e-05,8.4259e-05,-1.7874e-05,9.0682e-05,6.9694e-05,2.5091e-05,6.5905e-05,3.5224e-05,-7.0862e-06,1.1756e-05,6.4234e-05,4.4785e-05,9.3308e-05,0.00015504,0.00012242,1.8689e-05,0.00010114,0.00011544,0.000191,4.0761e-05,3.2064e-05,6.3771e-05,0.00022211,0.00010317,6.1312e-05,3.3809e-05,7.192e-05,5.6497e-05,4.8677e-05,0.00010486,0.00014954,3.4354e-05,3.9302e-05,1.6596e-05,0.00024501,0.00015956,4.9355e-05,0.00011691,9.522e-05,0.0002143,5.2037e-05,1.93e-05,8.7689e-05,7.0797e-05,7.6933e-05,8.3689e-05,0.00010433,7.4995e-05,9.6759e-05,8.2151e-06,9.6713e-05,-5.9585e-05,7.8121e-05,7.8193e-05,9.8754e-05,1.9796e-05,5.6242e-05,-4.5783e-05,7.4919e-05,0.00011704,0.00010015,6.5691e-05,0.00017843,7.7263e-05,0.00018585,1.8033e-05,-8.2682e-05,2.7621e-05,6.0896e-05,5.8633e-05,0.00015002,2.2795e-05,0.00029563,0.00010374,8.9102e-05,0.00016417,6.5713e-05,5.7504e-05,6.8071e-05,3.9229e-05,3.8397e-05,0.00014672,1.6859e-05,0.00045253,6.9096e-05,8.2185e-05,0.00012942,0.00014646,0.00013135,-1.191e-05,1.2435e-06,0.0001627,0.0001371,3.7453e-05,0.00010404
0.00010242,0.00028733,0.00011531,0.00010931,0.0001038,8.3894e-05,8.6287e-05,7.8583e-05,0.00014674,9.8478e-05,0.00010153,0.00016019,9.8457e-05,0.00012749,0.00020318,7.4748e-05,0.00018231,6.8703e-05,0.0001703,0.00011834,-2.019e-05,0.00014027,0.0001142,0.00018022,8.8838e-05,0.0001351,0.0001164,9.4069e-05,5.6246e-05,0.00013114,0.00014705,3.5188e-05,0.0001128,6.3247e-05,9.3268e-05,8.7462e-05,8.5956e-05,9.3605e-05,5.122e-05,0.00010005,7.5044e-05,8.7258e-05,0.00012035,0.00011272,7.0425e-05,0.00015055,0.00015469,0.0001138,0.00013397,9.8675e-05,0.00021267,0.00012194,9.7567e-05,0.00025316,6.0339e-05,0.00010961,2.0676e-05,0.00014983,9.6556e-05,2.2587e-05,4.9646e-05,8.4714e-05,9.1578e-05,0.00011064,5.1834e-05,0.00018634,9.3631e-05,0.0001518,7.1112e-05,5.5691e-05,6.2543e-05,8.7204e-05,0.00011529,0.00011207,9.2192e-05,7.6475e-05,0.00016592,0.00011134,9.998e-05,1.9764e-05,4.1758e-05,2.1422e-05,5.507e-05,3.4394e-05,9.2032e-05,6.1433e-05,0.00010312,4.1137e-05,0.0001581,0.00011368,0.00013192,9.1375e-05,1.5102e-05,0.00012045,9.3423e-05,5.7156e-05,5.6601e-05,0.00013297,2.7127e-05,0.00013809,3.0308e-05,5.3994e-05,5.0045e-05,0.00013858,0.00018427,0.00010196,0.00017311,0.00015222,0.0001028,1.8149e-05,0.00019668,7.8058e-05,9.7882e-05,1.6957e-05,0.00014111,7.961e-05,8.0393e-05,8.2146e-05,7.9685e-05,0.00012467,8.7406e-05,0.00011972,0.00012326,7.8457e-05,7.9975e-05,8.2008e-05,2.8781e-05,3.9107e-05,9.5489e-05,0.00014185,1.5275e-05,0.00011931,2.4639e-05,7.3478e-05,0.00013655,8.308e-05,0.00013377,0.00020704,0.00012857,0.00011188,0.00012024,1.5936e-05,5.3293e-05,8.0343e-05,0.00013196,0.00015205,0.00010949,0.00010299,6.1163e-05,8.2702e-05,0.00017989,0.00019223,0.00010457,8.7372e-05,3.9114e-05,0.00024409,0.00011813,1.1083e-05,0.00013962,9.6379e-05,6.4276e-05,5.0816e-05,7.2098e-05,0.00026464,0.00014097,0.00021221,0.00017203,0.00018459,8.7516e-05,8.2962e-05,0.0001492,0.00011076,0.00016366,8.5745e-05,0.00021113,0.00014312,8.0307e-05,7.6764e-05,2.9212e-05,9.0358e-05,8.1441e-05,-2.3501e-06,0.00012679,0.00010766,0.00012281,5.0984e-05
5.6078e-05,0.00011531,9.1606e-05,9.5446e-05,6.2668e-05,2.2965e-05,7.6865e-05,3.0009e-05,9.0556e-05,6.6109e-05,5.3699e-05,9.3783e-05,5.9582e-05,6.9223e-05,8.9984e-05,5.2297e-05,0.00010655,3.4413e-05,1.6114e-05,7.2013e-05,1.9043e-05,0.00014013,7.4125e-05,4.7503e-05,3.7724e-05,7.6022e-05,5.0075e-05,4.835e-05,3.1964e-05,6.8034e-05,7.3689e-05,4.2374e-05,6.4002e-05,3.902e-05,6.4384e-05,4.9761e-05,5.661e-05,2.9313e-05,3.352e-05,6.3048e-05,4.4079e-05,3.9792e-05,7.5494e-05,3.0464e-05,4.5413e-05,0.00010914,0.00010873,6.2968e-05,8.4726e-05,3.0462e-05,5.7941e-05,8.0373e-05,5.2758e-05,8.5168e-05,2.6233e-05,6.7026e-05,2.9337e-05,0.00010446,5.7424e-05,1.3378e-05,4.1963e-05,5.6874e-05,5.7723e-05,7.7593e-05,5.076e-05,0.00010707,6.594e-05,0.00010197,4.5407e-05,1.0435e-05,4.4296e-05,6.3296e-05,8.6292e-05,8.1429e-05,-3.3092e-05,6.0594e-05,8.2669e-05,7.3728e-05,7.4669e-05,3.9534e-05,4.1739e-05,-1.6114e-05,5.0313e-05,2.6343e-05,4.533e-05,3.1573e-05,7.7349e-05,4.0816e-05,0.00010256,6.9698e-05,8.225e-05,2.7447e-05,3.1058e-05,7.5311e-05,6.1373e-05,2.4696e-05,2.352e-05,7.1773e-05,5.4545e-06,7.4573e-05,3.2187e-05,4.61e-05,3.4092e-05,7.9987e-05,0.00011175,5.3274e-05,0.00010093,8.7597e-05,7.1123e-05,-2.3569e-05,0.00010408,5.6073e-05,6.1197e-05,2.0511e-05,9.0231e-05,2.6601e-05,4.8099e-05,5.4984e-05,2.9023e-05,6.7983e-05,5.4602e-05,5.1713e-05,6.5238e-05,4.2678e-05,4.4931e-05,5.1639e-05,-2.1851e-05,3.4475e-05,6.8311e-05,6.841e-05,5.2939e-06,6.258e-05,1.2264e-05,4.4607e-05,8.9264e-05,5.3357e-05,7.6938e-05,9.6267e-05,8.8778e-05,9.2873e-05,3.3568e-05,2.9208e-05,2.8891e-05,5.3718e-05,6.2711e-05,8.3856e-05,4.2704e-05,7.2663e-05,5.1041e-05,5.6995e-05,9.2328e-05,0.0001445,8.7292e-05,5.0229e-05,4.4398e-05,0.00010969,7.8162e-05,3.9845e-06,5.811e-05,6.4785e-05,7.8707e-05,2.8709e-05,2.229e-05,0.00010598,8.1664e-05,0.00011065,9.4697e-05,0.00010392,4.6252e-05,4.0331e-05,9.0871e-05,5.754e-05,9.3983e-05,6.1634e-05,7.1908e-05,7.2455e-05,4.5951e-05,3.8495e-05,2.3115e-05,2.1013e-05,4.0633e-05,1.4098e-05,6.8408e-05,6.557e-05,6.8461e-05,3.1508e-05
8.382e-05,0.00010931,9.5446e-05,0.0001818,8.871e-05,5.6476e-05,0.00013441,2.8895e-05,0.00012964,9.5033e-05,7.2995e-05,0.00012517,0.00010218,0.00010232,0.00013337,7.2948e-05,0.00017289,9.568e-05,3.6593e-05,0.00010332,1.2165e-05,0.00027786,0.00010511,7.5153e-05,8.919e-05,9.4465e-05,8.3715e-05,7.2985e-05,9.5118e-05,0.00011714,0.00013593,2.1788e-05,0.00010786,4.723e-05,7.9301e-05,6.9091e-05,9.8291e-05,9.2254e-05,4.9884e-05,8.9676e-05,6.8677e-05,4.8827e-05,0.00010821,7.5165e-05,6.0964e-05,0.00010696,0.0001913,8.9594e-05,0.00012593,3.4476e-05,5.3552e-05,0.00012129,3.9815e-05,0.00013183,2.6972e-05,0.00011006,5.6744e-05,0.00011595,8.9818e-05,5.0622e-05,0.00010112,8.7203e-05,0.00010097,0.0001073,4.4687e-05,0.00015139,9.8269e-05,0.00011619,7.6488e-05,5.6929e-05,5.9534e-05,0.00011058,0.00015151,0.00010555,3.5436e-05,9.6205e-05,0.00010824,8.4948e-05,0.00010631,6.6477e-05,8.9989e-05,-1.7456e-05,8.2866e-05,2.8443e-05,8.4678e-05,4.4723e-05,0.0001172,4.0434e-05,0.00015783,8.0185e-05,0.00010948,2.7015e-05,4.3298e-05,0.00011113,8.2434e-05,4.34e-05,4.685e-05,7.0154e-05,3.6551e-05,9.1328e-05,5.8489e-05,9.2671e-05,3.9329e-05,0.00013517,0.00014015,0.00010523,9.8954e-05,0.00013908,0.00013535,5.9249e-05,0.00013001,8.272e-05,0.00013191,6.0193e-05,0.00012602,5.9807e-05,8.5262e-05,8.3499e-05,7.5762e-05,0.00011183,8.3713e-05,9.7013e-05,9.5601e-05,9.8353e-05,7.9763e-05,7.3631e-05,5.2201e-05,4.5824e-05,0.00013226,8.1201e-05,9.0464e-06,6.0118e-05,1.9023e-05,7.0662e-05,0.00011273,0.00012021,1.8476e-05,0.00011372,0.00014297,0.00015655,5.3247e-05,2.1106e-05,4.9268e-05,7.8482e-05,0.00011288,0.00014265,9.3333e-05,0.0001186,8.7883e-05,7.9643e-05,0.00012172,0.00028487,0.00011246,0.00011356,6.6741e-05,0.00012212,9.4101e-05,6.2682e-06,0.00014017,0.00012181,0.00013788,6.3357e-05,3.7368e-05,0.00012815,0.00013513,0.00013841,0.00017395,0.00016278,8.6735e-05,4.9604e-05,0.00014489,8.3505e-05,0.00014118,8.0484e-05,0.00012022,7.4024e-05,0.00012746,8.5338e-05,4.3233e-05,2.5441e-05,7.5003e-05,3.693e-05,0.00011164,0.00012117,0.00011115,7.1174e-05
5.4888e-05,0.0001038,6.2668e-05,8.871e-05,0.00010465,5.0385e-05,1.7133e-05,4.4615e-05,7.8581e-05,6.7092e-05,4.5124e-05,5.5515e-05,7.1009e-05,9.8575e-05,8.1114e-05,5.2759e-05,0.00010315,-1.2543e-05,6.5844e-06,8.3268e-05,-3.75e-05,9.1766e-05,6.5974e-05,9.0018e-05,5.7503e-05,5.666e-05,5.2482e-05,3.9995e-05,2.4772e-05,4.6784e-05,7.5681e-05,4.2825e-06,8.2679e-05,2.5119e-05,3.2893e-05,5.1357e-05,6.3531e-05,7.0252e-05,2.8598e-05,5.4416e-05,4.4895e-05,2.5069e-05,8.5529e-05,2.2789e-05,4.8589e-05,9.9904e-05,0.00013786,7.5022e-05,7.6113e-05,2.8583e-05,0.00011568,7.8099e-05,3.4093e-05,9.162e-05,4.2241e-05,6.0823e-05,3.4686e-05,6.7266e-05,5.0543e-05,4.5712e-05,4.3529e-05,5.3892e-05,6.3511e-05,6.9387e-05,5.4385e-05,0.00011002,6.6571e-05,5.1856e-05,3.6852e-05,4.3529e-05,2.6029e-05,4.879e-05,8.2362e-05,5.5704e-05,-5.7115e-06,4.8214e-05,6.4837e-05,7.2336e-05,6.7984e-05,3.6295e-05,5.3615e-05,9.3532e-06,3.8011e-05,3.9427e-05,2.0437e-05,2.3472e-05,4.3269e-05,7.527e-06,7.4643e-05,5.3087e-05,8.0104e-05,3.1907e-05,2.2431e-05,7.2544e-05,4.7247e-05,1.6226e-05,4.734e-05,4.9075e-05,1.9422e-05,6.6492e-05,3.4942e-05,3.3606e-05,1.2734e-05,8.1672e-05,8.4333e-05,6.8964e-05,8.7628e-05,8.6165e-05,7.8162e-05,2.9134e-05,7.9007e-05,6.2249e-05,6.9148e-05,2.0467e-05,7.8546e-05,4.5844e-05,5.8335e-05,4.6619e-05,5.5657e-05,8.1132e-05,3.5153e-05,6.5329e-05,5.4483e-05,5.5678e-05,4.9053e-05,2.806e-05,2.1928e-05,3.2662e-05,8.8819e-05,6.885e-05,2.9758e-05,5.278e-05,3.4211e-05,9.3659e-06,2.8257e-05,6.0623e-05,3.299e-05,8.0927e-05,7.3031e-05,7.3354e-05,4.017e-05,2.0228e-05,3.0362e-05,6.4244e-05,6.1447e-05,6.4432e-05,4.8933e-05,4.6799e-05,4.5237e-05,5.9899e-05,9.3125e-05,0.00016568,5.3868e-05,0.00013743,4.3298e-05,8.4412e-05,6.5868e-05,2.2696e-06,8.4446e-05,7.0624e-05,6.3643e-05,5.3695e-06,3.3237e-05,0.00012423,7.4929e-05,7.0786e-05,8.515e-05,8.9931e-05,5.1089e-05,2.8255e-05,9.7438e-05,4.071e-05,9.4876e-05,6.7927e-05,6.2941e-05,4.7517e-05,7.0229e-05,5.2717e-05,5.852e-05,2.4656e-05,4.2595e-05,7.3943e-06,5.8703e-05,7.7239e-05,5.4566e-05,6.3118e-05
2.5606e-05,8.3894e-05,2.2965e-05,5.6476e-05,5.0385e-05,9.429e-05,4.5275e-05,4.4669e-05,4.5058e-05,4.6928e-05,6.4141e-07,4.4969e-05,2.3316e-05,6.5028e-05,7.5692e-05,4.278e-05,9.3767e-05,5.7832e-05,0.00010676,2.3834e-05,-2.2638e-05,0.00010531,1.4287e-05,6.783e-05,5.7844e-05,5.1708e-05,5.4976e-05,5.5598e-05,3.1216e-05,5.2276e-05,7.4428e-05,-2.6447e-05,4.727e-05,3.9045e-05,3.9347e-05,2.9104e-05,3.8777e-05,7.7506e-05,2.4915e-05,4.5537e-05,4.2756e-05,3.1383e-05,5.2216e-05,8.8935e-05,7.1532e-05,0.0001644,9.4535e-05,6.6686e-05,9.0208e-05,7.1355e-05,7.6257e-05,3.6983e-05,2.9134e-05,8.7839e-05,1.9091e-05,3.1224e-05,3.8332e-05,6.2425e-05,1.9379e-05,4.5169e-05,5.596e-05,4.4256e-05,3.494e-05,4.2215e-05,3.9669e-05,8.5351e-05,4.7802e-05,8.1006e-05,3.0832e-05,4.1237e-05,2.7607e-05,4.6225e-05,7.1818e-05,5.7488e-05,0.00013036,3.6718e-05,6.0462e-05,5.645e-05,3.4753e-05,-8.4585e-06,5.3667e-05,2.3967e-05,5.0773e-05,-5.2386e-06,4.3192e-05,2.1749e-05,7.7346e-05,1.7943e-05,8.0593e-05,5.0631e-05,5.2276e-05,3.4908e-05,9.7192e-06,5.9012e-05,3.1667e-05,2.4459e-05,3.0264e-05,1.2229e-05,3.5776e-05,3.0886e-05,4.6091e-05,2.8828e-05,1.6781e-05,5.9582e-05,4.047e-05,4.2179e-05,7.7795e-05,6.0205e-05,9.8921e-06,0.00010248,7.0599e-05,3.2673e-05,3.7948e-05,6.8235e-06,5.2662e-05,5.667e-05,6.8029e-05,8.4146e-06,5.7344e-05,4.7401e-05,4.6415e-05,4.7905e-05,7.2944e-05,4.7658e-05,4.901e-05,1.1841e-05,-5.202e-07,5.354e-05,8.8255e-05,3.5381e-05,-1.2258e-05,3.9854e-05,2.8535e-05,2.7515e-05,-9.4307e-06,4.5886e-05,1.9114e-05,4.5757e-05,6.0703e-05,6.137e-05,8.7307e-05,-1.595e-05,4.0948e-05,3.7148e-05,7.1961e-05,6.4398e-05,6.5532e-05,5.658e-05,3.0475e-05,5.084e-05,8.1155e-05,0.00011664,3.8224e-05,0.00016599,2.9838e-05,7.4666e-05,3.1827e-05,4.3716e-06,6.1641e-05,6.957e-05,4.7838e-05,3.2509e-05,3.7146e-05,0.00015728,5.8891e-05,6.4811e-05,0.00010336,7.1199e-05,7.1368e-05,3.7078e-05,6.1815e-05,5.0301e-05,3.5544e-05,4.4728e-05,7.1762e-05,5.2481e-05,5.6703e-05,5.5315e-05,4.9895e-05,3.9816e-05,3.1495e-05,3.0956e-05,7.0161e-05,5.4156e-05,4.4524e-05,3.9431e-05
9.1086e-05,8.6287e-05,7.6865e-05,0.00013441,1.7133e-05,4.5275e-05,0.0002435,3.1889e-05,8.5352e-05,7.1319e-05,6.8521e-05,0.00014254,3.1038e-05,4.6849e-05,8.7206e-05,5.6191e-05,0.00011621,0.00017246,-1.3074e-05,8.704e-05,4.2197e-05,0.0002212,4.2727e-05,2.4621e-06,5.7219e-05,9.8179e-05,6.664e-05,5.9872e-05,0.00011084,0.00013332,7.9165e-05,0.00010559,5.0529e-05,3.2853e-05,0.00010121,4.0047e-05,7.326e-05,6.3349e-05,4.0622e-05,8.5739e-05,5.4944e-05,4.9044e-05,6.2026e-05,0.00012805,5.5656e-05,5.2864e-05,0.00011093,5.3632e-05,0.00010341,0.00012956,4.9895e-06,0.00010962,6.1464e-05,8.2459e-05,2.5563e-05,9.494e-05,3.4611e-05,0.0001261,7.8769e-05,-1.1807e-05,9.7616e-05,7.219e-05,7.6957e-05,9.4173e-05,4.4969e-05,0.00011067,7.3393e-05,0.00011003,7.6212e-05,3.262e-05,3.6441e-05,8.7344e-05,0.00014156,8.9956e-05,-7.672e-05,7.8749e-05,0.0001142,4.384e-05,6.5638e-05,4.9369e-05,8.3342e-05,9.4366e-07,7.964e-05,9.7934e-06,0.00013451,7.0716e-05,0.00016217,6.9413e-05,0.00014789,7.8049e-05,9.7345e-05,3.7436e-06,7.024e-05,9.444e-05,6.4117e-05,4.9311e-05,1.1745e-05,4.7765e-05,3.4947e-05,7.2761e-05,6.9982e-05,0.00011285,4.4031e-05,0.00012467,9.5788e-05,8.7106e-05,5.6476e-05,0.00010975,8.4979e-05,0.00012422,0.00012441,3.4763e-05,7.3629e-05,2.7235e-05,9.0082e-05,5.6702e-05,8.2988e-05,4.6562e-05,3.9935e-05,6.2195e-05,0.00011856,5.5789e-05,6.3708e-05,6.3406e-05,8.1482e-05,7.8494e-05,4.3037e-05,5.0297e-05,0.00010236,9.3471e-05,1.1329e-05,4.5104e-05,-4.8614e-06,9.2795e-05,0.0001337,8.0868e-05,8.7394e-05,0.00010718,0.00012443,0.00015229,0.00010182,-5.2973e-05,5.1762e-05,4.175e-05,8.4499e-05,0.00012646,7.5824e-05,9.3018e-05,6.5559e-05,8.7554e-05,0.00012122,0.00016481,0.00014723,0.00010405,4.1189e-05,9.7684e-05,8.3764e-05,7.614e-06,8.538e-05,9.0961e-05,0.00010597,5.1725e-05,5.5952e-05,8.0364e-05,9.8675e-05,0.00015497,0.00013782,0.00011925,8.9259e-05,5.8178e-05,7.1622e-05,0.00011214,9.3879e-05,5.4955e-05,0.00015616,8.5196e-05,9.5504e-05,0.0001109,6.0603e-05,3.4036e-05,5.4787e-05,7.3185e-05,0.00011063,9.6359e-05,8.0007e-05,6.4569e-05
6.1943e-05,7.8583e-05,3.0009e-05,2.8895e-05,4.4615e-05,4.4669e-05,3.1889e-05,8.8275e-05,3.6163e-05,4.0641e-05,2.6706e-05,4.466e-05,5.0962e-05,2.2038e-05,8.5308e-05,4.6606e-05,5.6491e-05,8.6458e-05,5.5045e-05,4.6628e-05,-2.3168e-05,3.7889e-05,2.1628e-05,5.385e-05,3.253e-05,4.6429e-05,6.2684e-05,2.3065e-05,2.3162e-05,5.708e-05,3.1263e-05,1.0436e-05,6.8763e-05,3.2562e-05,3.9316e-05,2.9111e-05,2.7649e-05,4.9419e-05,3.2442e-05,2.8648e-05,6.2394e-05,1.1636e-05,7.8614e-05,4.8239e-05,2.9063e-05,0.00012493,8.9647e-05,6.8788e-05,4.1897e-05,5.7426e-05,7.4392e-05,3.8765e-05,2.9457e-05,7.0965e-05,3.9856e-05,4.6936e-05,2.7131e-05,5.3497e-05,5.7471e-05,5.2557e-05,3.9543e-05,2.7284e-05,3.7323e-05,5.9185e-05,7.341e-05,8.7301e-05,2.3252e-05,-2.8242e-06,9.2452e-06,2.2949e-05,8.1417e-06,3.7217e-05,2.177e-05,5.91e-05,1.1571e-05,3.6143e-05,5.8274e-05,4.5804e-05,5.6819e-05,3.0242e-05,5.2241e-05,4.0595e-05,2.48e-05,1.2531e-05,3.8191e-05,3.3507e-05,4.996e-05,1.5645e-05,5.5241e-05,2.7069e-05,3.8631e-05,1.7431e-06,2.5483e-05,2.6776e-05,2.1041e-05,2.4578e-05,9.1449e-06,3.3726e-05,6.3224e-05,4.4635e-05,2.8466e-05,4.1203e-05,1.2673e-05,7.6138e-05,5.7413e-05,7.0169e-05,6.0299e-05,3.899e-05,3.3062e-05,7.9231e-05,6.451e-05,3.48e-05,-6.3979e-06,3.495e-05,5.5971e-05,3.9771e-05,3.0886e-05,1.4099e-05,2.7058e-05,3.4983e-05,4.375e-05,3.2519e-05,6.0507e-05,4.1391e-05,4.7938e-05,8.8317e-07,1.6001e-05,2.237e-05,5.0086e-05,3.6589e-05,3.4428e-05,1.9399e-05,3.6565e-05,3.2788e-05,-6.0018e-06,3.6853e-05,7.0074e-05,5.8237e-05,5.8129e-05,4.3745e-05,8.7708e-05,2.029e-05,2.8696e-05,4.5858e-05,3.6084e-05,5.1736e-05,5.6909e-05,1.7143e-05,4.1774e-05,4.8043e-05,7.0297e-05,3.1521e-06,6.1703e-05,0.00010379,3.1608e-05,5.6072e-05,3.6468e-05,1.2248e-06,-1.0743e-05,4.0379e-05,5.4066e-05,-3.0539e-05,1.751e-05,8.2558e-05,4.1179e-05,5.5526e-05,4.9304e-05,7.3123e-05,7.1217e-05,2.5868e-05,4.9845e-05,3.4095e-05,2.0378e-05,6.1296e-05,7.015e-05,4.344e-05,2.5866e-05,-8.151e-08,5.595e-05,2.4175e-05,8.7254e-05,1.8552e-05,5.6003e-05,6.6005e-05,4.004e-05,5.5572e-05
7.0785e-05,0.00014674,9.0556e-05,0.00012964,7.8581e-05,4.5058e-05,8.5352e-05,3.6163e-05,0.00013927,9.5706e-05,8.2558e-05,0.00012991,0.00010537,0.00010047,0.00013659,6.7187e-05,0.00017468,3.5671e-05,4.8847e-05,9.4187e-05,4.222e-06,0.00022325,0.00010842,0.00010962,7.5657e-05,8.7868e-05,8.0967e-05,6.7443e-05,5.5369e-05,0.00010562,0.0001311,-5.305e-06,9.3463e-05,6.192e-05,7.223e-05,7.5314e-05,8.0488e-05,7.4337e-05,5.7031e-05,7.7961e-05,6.5229e-05,4.8573e-05,8.7611e-05,6.2295e-05,7.1641e-05,8.8141e-05,0.00017778,8.8142e-05,0.00010246,2.6818e-05,3.7516e-05,0.00011366,6.7662e-05,0.00012767,2.1206e-05,0.00010087,4.3026e-05,0.00011983,9.4919e-05,4.7196e-05,7.6166e-05,7.5538e-05,8.8737e-05,9.9356e-05,7.9984e-06,0.00014952,9.1731e-05,0.00010498,7.0121e-05,4.7387e-05,6.2176e-05,8.5484e-05,0.00012192,9.5233e-05,1.3962e-05,7.4963e-05,0.00011486,8.8367e-05,8.9524e-05,8.6231e-05,5.7839e-05,-8.9606e-06,7.0675e-05,2.018e-05,8.2733e-05,2.2606e-05,6.2383e-05,2.1479e-05,0.00014074,0.00010219,0.0001079,5.604e-05,2.7279e-05,9.6702e-05,9.2967e-05,4.0274e-05,4.0763e-05,7.5419e-05,2.4795e-05,0.00011547,4.5163e-05,8.6168e-05,3.5138e-05,0.00011598,0.00013965,7.0652e-05,0.00010432,0.0001259,0.00010765,3.3311e-05,0.00013302,7.5637e-05,0.00011793,1.7627e-05,0.00013537,6.3237e-05,5.1112e-05,7.7178e-05,7.0999e-05,0.00011336,9.3553e-05,8.8902e-05,8.4866e-05,8.6544e-05,5.1177e-05,6.9981e-05,2.8845e-05,3.9746e-05,0.00010815,9.2866e-05,-5.7688e-06,8.0879e-05,3.5332e-05,5.9829e-05,0.00012839,9.6806e-05,8.8779e-06,0.00013997,0.00012708,0.0001334,5.4996e-05,3.3755e-05,4.0937e-05,9.5891e-05,0.00011024,0.00014167,8.0082e-05,8.7869e-05,8.3263e-05,6.2381e-05,0.00012253,0.00024841,9.7311e-05,6.7186e-05,5.1502e-05,0.00015113,9.1662e-05,1.8045e-05,0.00013188,8.2199e-05,9.2777e-05,5.7677e-05,4.4805e-05,0.00011908,0.00011825,0.00014972,0.00016331,0.00015698,7.4229e-05,5.2094e-05,0.00014411,5.3906e-05,0.00014437,6.9678e-05,0.00010837,6.992e-05,8.0576e-05,6.1106e-05,2.2763e-05,2.9289e-05,0.00011069,2.0221e-05,8.6828e-05,9.7545e-05,0.00011254,1.2993e-05
0.00010099,9.8478e-05,6.6109e-05,9.5033e-05,6.7092e-05,4.6928e-05,7.1319e-05,4.0641e-05,9.5706e-05,0.00011158,5.3282e-05,0.00010434,7.2976e-05,7.8279e-05,6.5775e-05,5.1163e-05,0.00012983,4.6646e-05,1.1982e-05,0.00011129,1.7917e-05,0.00019666,6.6656e-05,6.7576e-05,7.8437e-05,6.8565e-05,2.0254e-05,-2.5967e-07,5.5729e-06,7.8022e-05,9.1938e-05,3.8286e-06,9.2828e-05,4.3065e-05,5.1257e-05,5.7472e-05,5.6695e-05,4.8546e-05,4.7535e-05,3.3727e-05,4.7383e-05,3.5015e-05,5.6305e-05,5.3271e-05,7.1406e-05,6.2337e-05,0.00015134,6.2554e-05,7.9522e-05,4.7349e-05,5.4805e-05,6.8315e-05,5.3733e-05,8.063e-05,2.8486e-05,6.6518e-05,4.2497e-05,0.00010446,8.146e-05,1.9015e-05,6.316e-05,2.4547e-05,7.5668e-05,7.8031e-05,1.0474e-05,0.00010567,4.4266e-05,2.7906e-05,6.3985e-05,2.9643e-05,2.0013e-05,4.6702e-05,0.0001115,5.5962e-05,6.6928e-05,3.5996e-05,9.7464e-05,7.1715e-05,7.2828e-05,6.3475e-05,5.169e-05,2.4882e-06,5.2792e-05,1.3164e-05,5.9088e-05,2.3223e-05,-2.4521e-06,1.7015e-05,8.2938e-05,7.0529e-05,8.0251e-05,4.7359e-05,3.2778e-05,4.3455e-05,5.6512e-05,3.2509e-05,3.0087e-05,3.9355e-05,9.3724e-06,6.3947e-05,3.353e-05,5.9816e-05,2.9466e-05,9.2038e-05,8.9318e-05,7.1796e-05,4.4558e-05,9.7492e-05,6.2842e-05,3.5123e-05,6.3874e-05,4.0973e-05,7.5265e-05,6.071e-05,8.4783e-05,6.1981e-05,3.2951e-05,4.0104e-05,4.8139e-05,7.8907e-05,8.6861e-05,8.0273e-05,3.9043e-05,5.9535e-05,1.9537e-05,6.9115e-05,3.3652e-05,6.0125e-05,8.7566e-05,7.0564e-05,2.1208e-05,6.4742e-05,4.5498e-05,3.0843e-05,6.7353e-05,7.1127e-05,2.6462e-05,0.00010039,8.8422e-05,9.8145e-05,2.5505e-05,1.7042e-05,4.7646e-06,7.9333e-05,7.6242e-05,0.00011452,3.7692e-05,5.9304e-05,4.362e-05,6.1132e-05,8.4388e-05,0.00013121,7.5272e-05,9.2408e-05,3.8899e-05,0.00011525,4.9413e-05,-3.5154e-06,7.1791e-05,6.0439e-05,4.8783e-05,8.2302e-05,7.2611e-05,0.00012933,7.6285e-05,0.00010659,0.00014831,8.6995e-05,5.8614e-05,4.9473e-05,9.4553e-05,1.3663e-05,0.0001125,5.3818e-05,0.00012706,3.2817e-05,6.3789e-05,8.9009e-05,8.432e-05,2.9663e-05,5.6156e-05,1.655e-05,7.2835e-05,8.3202e-05,7.1983e-05,2.0523e-05
0.00010092,0.00010153,5.3699e-05,7.2995e-05,4.5124e-05,6.4141e-07,6.8521e-05,2.6706e-05,8.2558e-05,5.3282e-05,9.9547e-05,0.00010553,7.5931e-05,6.0568e-05,6.0919e-05,3.0988e-05,8.1091e-05,2.0382e-05,-3.0926e-05,0.00011603,6.5213e-06,8.0308e-05,7.4788e-05,6.6055e-05,5.1256e-05,7.7975e-05,3.3596e-05,2.4787e-05,4.2384e-05,8.1074e-05,6.8487e-05,2.7371e-05,6.8124e-05,3.6544e-05,4.6133e-05,5.4482e-05,5.0664e-05,3.3339e-05,2.3061e-05,4.4531e-05,3.6479e-05,3.8501e-05,4.6915e-05,4.3837e-05,2.42e-05,-0.00013682,0.00010432,3.6577e-05,2.6309e-05,4.1345e-05,5.2973e-05,8.4676e-05,5.0837e-05,0.00011149,3.8061e-05,7.4727e-05,1.0252e-05,6.1611e-05,0.00010146,-2.1441e-06,4.2206e-05,3.8349e-05,6.849e-05,6.7392e-05,8.1826e-06,8.1628e-05,3.8605e-05,4.0229e-05,5.5369e-05,3.4807e-05,2.1588e-05,4.4019e-05,6.0337e-05,3.0434e-05,-5.4356e-05,3.7447e-05,8.4096e-05,5.1745e-05,5.8423e-05,5.5068e-05,2.7165e-05,4.1888e-06,2.0337e-05,2.6427e-05,6.7464e-05,3.237e-05,2.8534e-05,9.7365e-06,7.4455e-05,5.4413e-05,6.85e-05,1.7468e-05,3.6088e-05,4.9814e-05,6.1079e-05,3.2746e-05,1.9289e-05,5.952e-05,8.2931e-06,9.1308e-05,2.2709e-05,8.1095e-05,2.6036e-05,7.148e-05,0.00011523,6.5684e-05,3.6051e-05,7.9387e-05,6.6513e-05,3.8061e-05,8.7515e-05,3.6438e-05,8.0483e-05,1.2621e-05,7.5232e-05,4.3528e-05,1.4258e-05,5.185e-05,3.9324e-05,7.5904e-05,5.9081e-05,7.8298e-05,1.3323e-05,5.5448e-05,3.4985e-05,7.2304e-05,8.9874e-05,-7.1451e-06,4.7958e-05,7.7909e-05,3.7951e-05,4.7271e-05,1.2144e-05,4.6781e-05,0.00012326,6.2734e-05,4.1932e-05,0.000123,7.878e-05,7.5133e-05,-9.1599e-06,1.3048e-05,1.339e-05,6.5801e-05,5.6211e-05,8.1851e-05,1.5976e-05,3.7162e-05,4.5513e-05,5.2586e-05,9.1492e-05,0.0001252,5.8779e-05,1.4347e-05,1.8497e-05,0.00010279,7.3311e-05,8.0055e-06,0.00010681,2.8682e-05,5.1678e-05,4.2593e-05,3.1296e-05,5.7843e-05,6.8498e-05,9.3804e-05,9.183e-05,7.4992e-05,4.0902e-05,4.1895e-05,8.1999e-05,4.8598e-05,0.00013254,2.2698e-05,0.00014263,5.0557e-05,6.1259e-05,6.0594e-05,1.7588e-05,4.1668e-05,9.1051e-05,6.3019e-06,6.4395e-05,6.7072e-05,6.3926e-05,4.5183e-05
0.00015648,0.00016019,9.3783e-05,0.00012517,5.5515e-05,4.4969e-05,0.00014254,4.466e-05,0.00012991,0.00010434,0.00010553,0.00019112,6.8744e-05,0.00010485,0.00012001,6.0404e-05,0.00017198,0.00016522,5.8173e-05,0.00013676,2.8493e-05,0.00025403,9.9845e-05,8.6132e-05,9.8417e-05,0.0001247,6.4631e-05,3.4717e-05,5.5223e-05,0.00013448,0.00012614,3.4869e-05,8.7689e-05,7.9184e-05,8.7458e-05,6.5811e-05,7.6512e-05,3.0512e-05,5.8233e-05,5.7641e-05,7.1618e-05,6.675e-05,0.00010512,0.00011862,7.8479e-05,7.7208e-06,0.00018326,8.6742e-05,0.00010174,7.626e-05,8.9184e-05,0.00010922,8.6206e-05,0.00016665,3.9928e-05,9.7358e-05,4.8638e-05,0.00015631,0.00013122,2.1002e-05,8.3603e-05,4.971e-05,9.4219e-05,0.00010512,3.1493e-05,0.00015314,5.6683e-05,0.00012995,9.8394e-05,4.3062e-05,4.8291e-05,7.3625e-05,0.0001682,9.5774e-05,4.6371e-05,6.7775e-05,0.00014254,0.00010333,8.6037e-05,7.3425e-05,7.6363e-05,-2.4828e-06,8.1821e-05,1.0764e-05,0.0001134,3.8206e-05,8.4086e-05,6.1299e-05,0.00014286,8.215e-05,0.0001128,5.9579e-05,5.1806e-05,6.9611e-05,9.2027e-05,7.0421e-05,3.59e-05,8.1391e-05,2.3185e-05,0.00011938,5.2068e-05,9.4398e-05,6.0998e-05,0.00012424,0.00015191,9.5658e-05,0.00011377,0.00013589,9.2824e-05,7.8533e-05,0.00014093,6.1444e-05,0.00010189,4.1956e-05,0.00012844,7.319e-05,6.5277e-05,6.3791e-05,6.1006e-05,9.6698e-05,0.00012318,0.00011415,7.8385e-05,8.3718e-05,5.9094e-05,0.00010915,8.2802e-05,6.7999e-05,0.00010212,0.00010432,1.4074e-05,8.9335e-05,2.9778e-05,8.8018e-05,0.00016509,9.4134e-05,9.0475e-05,0.0001412,0.00013254,0.00014741,3.4745e-05,3.4431e-05,2.3079e-05,0.00010024,0.00012413,0.00014491,5.78e-05,0.00010328,7.5234e-05,8.51e-05,0.00015371,0.00025529,0.00012874,6.0211e-05,5.3023e-05,0.00019348,9.7684e-05,1.2067e-05,0.00013308,9.19e-05,8.018e-05,0.00011759,6.2194e-05,0.00017867,0.00012207,0.00016436,0.00020222,0.00014214,9.9911e-05,7.6001e-05,0.00012628,6.833e-05,0.00015086,6.521e-05,0.0002181,7.1586e-05,7.7424e-05,0.00011184,4.4218e-05,8.1083e-05,0.00012576,3.6121e-05,0.00011341,0.00011895,0.00010495,7.6078e-05
-1.3479e-05,9.8457e-05,5.9582e-05,0.00010218,7.1009e-05,2.3316e-05,3.1038e-05,5.0962e-05,0.00010537,7.2976e-05,7.5931e-05,6.8744e-05,0.00017191,4.583e-05,0.00010552,5.0891e-05,0.00011671,-3.7305e-05,3.1458e-05,5.1951e-05,-2.1758e-05,0.00012297,8.9761e-05,9.3489e-05,3.8214e-05,6.0896e-05,5.5651e-05,6.5318e-05,6.6612e-05,7.9627e-05,0.00010755,-4.2068e-05,0.00012945,-3.6741e-05,4.3094e-05,8.5529e-05,7.1313e-05,8.7044e-05,2.8754e-05,7.6739e-05,6.4547e-05,4.3673e-05,5.4041e-05,8.1556e-06,2.4394e-05,1.7389e-05,0.00015665,5.0192e-05,3.0671e-05,-3.5005e-06,-9.8636e-06,8.8557e-05,5.0951e-05,6.0111e-05,-4.9357e-06,8.0079e-05,2.165e-05,4.7609e-05,5.1761e-05,4.7493e-05,6.0239e-05,7.2752e-05,9.1072e-05,6.9013e-05,3.1186e-05,9.4835e-05,7.5098e-05,1.8286e-05,3.3728e-05,3.7547e-05,4.0347e-05,8.0221e-05,5.5332e-05,4.8834e-05,5.1411e-05,6.4231e-05,0.00010019,4.436e-05,8.3892e-05,5.6587e-05,5.1746e-05,-1.3644e-05,2.7401e-05,1.7733e-06,6.3072e-05,2.3726e-05,4.4392e-05,3.4769e-06,0.00010672,6.0144e-05,9.2186e-05,-1.1127e-05,2.2279e-05,8.4072e-05,4.5975e-05,1.8769e-05,1.0626e-05,6.3861e-05,3.3079e-05,0.00011737,2.6366e-05,9.1513e-05,1.806e-05,0.00011212,9.1832e-05,9.2357e-05,2.2033e-05,9.016e-05,8.6799e-05,-3.5093e-05,0.0001085,5.6372e-05,9.9374e-05,3.2863e-05,9.3081e-05,4.8116e-05,3.8964e-06,6.2073e-05,4.7572e-05,0.0001057,3.1118e-05,6.3203e-05,4.9526e-05,8.5775e-05,5.1475e-05,-1.6079e-06,5.5553e-05,-1.5704e-05,5.3e-05,4.1899e-05,-1.3089e-05,3.2189e-05,3.1409e-05,2.7212e-05,8.6745e-05,9.8057e-05,-1.8349e-05,0.00011936,0.00010969,8.6275e-05,2.1494e-05,3.1842e-05,5.1721e-05,9.3252e-05,6.6816e-05,0.00012363,5.8833e-05,3.7714e-05,8.8333e-05,4.7311e-05,6.5586e-05,0.0001231,4.7559e-05,-1.4072e-06,2.5414e-05,6.4085e-05,7.5737e-05,3.3706e-05,9.9136e-05,5.6612e-05,8.7982e-05,6.7642e-06,4.5333e-05,-5.1262e-06,7.8468e-05,9.5168e-05,9.8376e-05,0.00011208,5.929e-05,2.6649e-05,0.00012932,4.1235e-05,0.00013122,6.1673e-05,2.0222e-05,2.7755e-05,8.6827e-05,1.4471e-05,-7.7355e-07,-1.8358e-05,0.00010603,-9.3691e-06,4.881e-05,7.8496e-05,0.00011212,1.7398e-05
9.8858e-05,0.00012749,6.9223e-05,0.00010232,9.8575e-05,6.5028e-05,4.6849e-05,2.2038e-05,0.00010047,7.8279e-05,6.0568e-05,0.00010485,4.583e-05,0.00024243,9.3592e-05,5.4543e-05,0.00013188,-9.3848e-06,4.795e-05,9.3548e-05,-1.2022e-05,0.00020009,0.00011112,0.00013557,6.9551e-05,8.9589e-05,6.079e-05,5.4668e-05,-9.7506e-06,7.6016e-05,0.00011486,6.0754e-05,6.1591e-05,7.8259e-05,6.8201e-05,5.1341e-05,7.5846e-05,0.00016812,2.9689e-05,3.0094e-05,3.1808e-05,2.9027e-05,8.3339e-05,6.1265e-05,0.00012912,0.00010843,0.00014225,0.00011261,8.8274e-05,0.0001145,0.00021581,0.00011759,8.4839e-05,0.00019403,2.647e-05,8.0736e-05,9.1972e-05,9.1636e-05,7.4647e-05,2.0686e-06,5.0601e-05,3.8103e-05,5.9002e-05,8.7641e-05,4.0472e-05,0.00014524,5.8637e-05,0.00010045,9.5651e-05,4.5225e-05,2.735e-05,6.198e-05,0.00015381,7.8156e-05,9.847e-05,5.838e-05,9.8315e-05,9.7269e-05,5.737e-05,6.2663e-05,7.5218e-05,-1.8832e-05,0.00011097,4.0875e-05,3.8222e-05,1.659e-05,7.8312e-05,3.5444e-05,0.00011084,8.9617e-05,7.7859e-05,0.00012563,2.3061e-06,4.5753e-05,7.364e-05,2.4989e-05,5.3537e-05,2.5707e-05,-2.3433e-05,9.1862e-05,6.549e-05,3.4142e-05,2.7443e-05,8.6246e-05,6.5649e-05,5.0484e-05,7.0765e-05,0.00010416,0.0001218,3.2053e-05,5.9746e-05,5.8986e-05,0.00014393,-1.4251e-05,9.9192e-05,6.1376e-05,0.00011234,5.5232e-05,7.9277e-05,9.9069e-05,3.584e-05,7.9251e-05,6.3311e-05,6.5489e-05,7.5736e-05,5.2276e-05,8.7719e-05,4.4498e-05,0.00010711,7.675e-05,-1.1302e-05,9.5114e-05,-1.8704e-05,5.232e-05,8.3895e-05,7.7085e-05,3.9289e-05,5.1864e-05,8.6233e-05,7.9351e-05,-9.2851e-06,-5.8265e-06,1.5839e-05,5.6841e-05,9.8365e-05,7.7052e-05,4.1347e-05,0.00011128,6.0332e-05,4.6887e-05,0.0001167,0.00035333,9.9054e-05,0.00015491,5.0511e-05,0.00015444,3.1162e-05,2.4682e-05,0.00016676,0.00011021,5.6742e-05,6.8264e-05,2.0339e-05,0.00017816,0.00010843,1.4253e-05,9.992e-05,0.0001197,6.6401e-05,4.0337e-05,0.00010208,2.6241e-05,0.00015932,6.0599e-05,8.1087e-05,4.0841e-05,0.00011791,9.1381e-05,7.4247e-05,8.4491e-05,4.2006e-05,4.8964e-05,9.4039e-05,9.479e-05,6.9462e-05,3.585e-05
5.3704e-05,0.00020318,8.9984e-05,0.00013337,8.1114e-05,7.5692e-05,8.7206e-05,8.5308e-05,0.00013659,6.5775e-05,6.0919e-05,0.00012001,0.00010552,9.3592e-05,0.00030365,7.1545e-05,0.00018518,0.00016917,0.0002957,4.4011e-05,-2.4005e-05,0.00021974,0.00011327,0.00013306,7.3393e-05,8.4034e-05,0.00021232,0.00011542,0.00010304,0.00014234,0.00013664,2.8008e-05,0.00011729,6.4064e-05,0.00010088,4.4807e-05,9.9266e-05,7.7188e-05,6.9552e-05,8.162e-05,0.00011427,4.6257e-05,0.00013355,8.7956e-05,7.6241e-05,0.00034841,0.00019778,0.00015471,0.00014386,2.2629e-05,0.00013988,0.00010705,6.441e-05,0.00021269,-2.0702e-06,0.00013464,4.2416e-05,0.00013354,6.8482e-05,8.6265e-05,6.6876e-05,8.5198e-05,8.2998e-05,0.00011708,6.3823e-05,0.00020871,8.2831e-05,0.0001147,4.0415e-05,7.3665e-05,7.4174e-05,0.00011713,0.00011233,0.00015851,0.00016902,0.0001065,0.00011877,8.8168e-05,0.00011935,9.9248e-05,9.97e-05,2.4064e-05,8.6704e-05,4.2944e-05,8.3155e-05,4.271e-05,0.00012702,3.9117e-05,0.00016126,7.1258e-05,0.00010597,6.4738e-05,-1.417e-05,9.4014e-05,7.4084e-05,5.9546e-05,5.3901e-05,0.00011828,9.3469e-05,9.9253e-05,2.6917e-05,4.1165e-05,1.9718e-05,0.00018484,0.00012203,9.0152e-05,0.00014903,0.00013071,0.00018552,5.5922e-05,0.00018825,0.0001006,7.882e-05,7.2392e-06,0.00015735,5.1125e-05,9.5263e-05,9.1461e-05,0.00010016,0.00010287,9.5269e-05,7.6093e-05,0.00018916,8.7281e-05,9.4491e-05,2.5803e-05,-9.424e-07,6.421e-05,0.00011385,8.9359e-05,-4.4717e-05,7.7129e-05,3.738e-05,0.00010719,9.6817e-05,0.00010829,3.9972e-05,0.00011049,0.00013835,0.00012556,0.00020389,3.3747e-05,7.4547e-05,7.8647e-05,0.00013909,0.0001523,0.00020528,0.00012868,0.00010024,4.5621e-05,0.00014885,0.00027169,0.00015308,0.00011714,4.5829e-05,0.0001813,0.0001097,2.6373e-05,9.7485e-05,0.00014368,0.00013253,1.3644e-05,1.7675e-05,0.0001757,0.00015866,0.00012925,0.00015161,0.00027584,0.00010936,5.1381e-05,0.00014275,8.942e-05,8.0612e-05,0.00013254,0.00010401,0.00010597,0.00010241,2.8187e-05,6.9358e-08,5.1758e-05,9.4467e-05,3.9011e-05,0.00010564,0.00011449,0.00013712,2.7597e-05
3.4112e-05,7.4748e-05,5.2297e-05,7.2948e-05,5.2759e-05,4.278e-05,5.6191e-05,4.6606e-05,6.7187e-05,5.1163e-05,3.0988e-05,6.0404e-05,5.0891e-05,5.4543e-05,7.1545e-05,6.1469e-05,9.0438e-05,5.0037e-05,4.9822e-06,3.3204e-05,-5.2575e-06,0.00011947,4.1363e-05,7.5523e-05,3.53e-05,5.1949e-05,4.9855e-05,4.9427e-05,4.3884e-05,6.0476e-05,6.268e-05,1.3265e-05,4.6907e-05,4.8017e-05,4.6078e-05,4.0446e-05,3.9285e-05,7.1035e-05,4.1166e-05,5.2069e-05,5.2908e-05,1.5695e-05,8.5065e-05,4.095e-05,3.8312e-05,8.5172e-05,9.7237e-05,6.5316e-05,7.3153e-05,6.1244e-05,2.1407e-05,6.3394e-05,3.8376e-05,7.0122e-05,3.1412e-05,5.5732e-05,4.563e-05,7.1381e-05,5.344e-05,5.2813e-05,5.8864e-05,5.1539e-05,4.2411e-05,7.2346e-05,5.8594e-05,9.4623e-05,5.5968e-05,5.8072e-05,2.9155e-05,1.8005e-05,4.0244e-05,5.9231e-05,5.0544e-05,8.3397e-05,-3.1707e-05,5.8869e-05,6.3189e-05,6.1375e-05,5.5694e-05,3.0007e-05,4.4262e-05,7.0552e-06,4.5376e-05,1.2591e-05,4.3134e-05,2.3468e-05,7.584e-05,2.6608e-05,9.3425e-05,6.2934e-05,5.6065e-05,2.5885e-05,2.0183e-05,5.6505e-05,5.215e-05,1.9139e-05,2.1678e-05,2.5857e-05,3.1449e-05,6.2963e-05,5.1754e-05,5.939e-05,2.418e-05,7.0175e-05,9.8705e-05,4.4557e-05,0.00010649,6.7887e-05,4.1548e-05,6.2174e-05,8.0524e-05,5.2744e-05,4.1143e-05,1.0492e-05,7.7015e-05,3.4517e-05,4.8247e-05,3.3063e-05,3.6442e-05,5.9119e-05,5.3495e-05,3.9689e-05,5.6361e-05,5.466e-05,5.1007e-05,1.8909e-05,4.9611e-06,2.1438e-05,7.7012e-05,4.8353e-05,1.5086e-05,3.5784e-05,2.3004e-05,3.4064e-05,3.7389e-05,5.4053e-05,4.6475e-05,7.8485e-05,8.1285e-05,7.5986e-05,4.6699e-05,1.2665e-05,3.3596e-05,4.6219e-05,4.8342e-05,6.4423e-05,5.0517e-05,5.3669e-05,6.6658e-05,5.3545e-05,8.2456e-05,0.0001017,7.4802e-05,8.511e-05,5.1147e-05,8.4548e-05,4.7152e-05,1.2353e-05,3.4313e-05,5.2989e-05,7.7093e-05,-1.0389e-05,-4.2069e-07,8.3747e-05,6.2173e-05,8.9041e-05,8.0608e-05,7.9876e-05,6.2907e-05,2.6434e-05,8.1963e-05,4.1743e-05,4.6667e-05,5.4507e-05,2.7635e-05,6.4478e-05,4.437e-05,2.0001e-05,3.5229e-05,1.1255e-05,0.0001108,2.4641e-05,6.0247e-05,6.4382e-05,5.0213e-05,2.8025e-05
0.00011946,0.00018231,0.00010655,0.00017289,0.00010315,9.3767e-05,0.00011621,5.6491e-05,0.00017468,0.00012983,8.1091e-05,0.00017198,0.00011671,0.00013188,0.00018518,9.0438e-05,0.00027114,0.00012084,0.000101,0.00012753,-5.37e-06,0.00034813,0.00013167,0.00015561,0.00011176,0.00010868,0.00011147,7.6976e-05,6.1702e-05,0.00013493,0.00018094,-2.3214e-05,0.00012827,7.7098e-05,8.5042e-05,0.00010093,0.00011087,9.5445e-05,8.4512e-05,9.0367e-05,9.3488e-05,7.0088e-05,0.00013881,0.00011405,9.5367e-05,0.00028218,0.00025024,0.00013204,0.00016915,3.3365e-05,4.1075e-05,0.00013757,8.6771e-05,0.00017488,5.2286e-05,0.00012121,5.9028e-05,0.00016889,0.00013032,9.3548e-05,0.00012238,9.5725e-05,0.00010704,0.00014155,2.5345e-05,0.00022123,0.00013144,0.00015479,9.0871e-05,7.9291e-05,8.2475e-05,0.00010462,0.00021691,0.00013679,0.00011221,0.00010174,0.00014844,0.0001231,0.00011438,0.00010571,9.8053e-05,1.8421e-05,0.00012128,5.4283e-06,0.00012147,1.9397e-05,0.00012849,2.0998e-05,0.00018229,0.00011859,0.00012942,7.8386e-05,5.4336e-05,0.00013017,0.00011639,6.555e-05,4.853e-05,8.1111e-05,5.7454e-05,0.00013063,6.8374e-05,0.00011558,4.471e-05,0.00016934,0.00015244,0.00010374,0.0001696,0.00017408,0.00013326,0.00010319,0.00018257,9.5739e-05,0.00014117,6.3483e-05,0.00018397,8.5897e-05,7.3169e-05,9.3194e-05,0.00010233,0.00013916,0.00011842,0.00011245,0.000143,0.00011836,7.4123e-05,9.8118e-05,5.074e-05,7.3949e-05,0.00017172,0.00010445,9.044e-06,9.3913e-05,5.3555e-05,7.6467e-05,0.00012757,0.00012488,-5.9013e-06,0.00014992,0.00017293,0.00019078,0.00013959,6.8366e-05,6.0013e-05,0.00013355,0.00017449,0.00019925,0.00013318,0.00012795,0.00010225,9.1869e-05,0.00018407,0.00035536,0.0001116,0.00018232,8.1356e-05,0.00021046,0.0001072,2.5739e-05,0.00015374,0.00014354,0.00013303,9.8694e-05,6.706e-05,0.00021248,0.00017055,0.000212,0.00024027,0.0002091,0.00012677,6.808e-05,0.00019026,6.5627e-05,0.00016452,0.00010812,0.00017379,6.5821e-05,0.00012303,0.00010382,5.6767e-05,4.8134e-05,0.00011395,2.4251e-05,0.00012422,0.00015528,0.00015029,3.7691e-05
0.00022837,6.8703e-05,3.4413e-05,9.568e-05,-1.2543e-05,5.7832e-05,0.00017246,8.6458e-05,3.5671e-05,4.6646e-05,2.0382e-05,0.00016522,-3.7305e-05,-9.3848e-06,0.00016917,5.0037e-05,0.00012084,0.00063861,0.00019583,7.3988e-05,2.4866e-05,0.00030175,1.8013e-05,6.0981e-05,9.6406e-05,7.0072e-05,0.00011853,-2.7671e-05,0.00013067,0.00012862,6.1098e-05,-4.9599e-06,4.1981e-05,5.9916e-05,3.2994e-05,-3.3984e-05,2.5346e-05,-7.9844e-05,5.8733e-05,-1.5618e-05,0.00011107,2.899e-05,0.0002088,0.00014782,-5.4187e-05,0.00016573,0.00014388,0.00012458,0.0001246,4.5365e-05,0.00011772,8.8787e-06,2.2043e-05,0.00020137,0.00010552,4.2041e-05,6.0459e-05,0.00013769,0.00012045,0.00011438,8.2366e-05,-1.3994e-05,4.9142e-05,7.9797e-05,0.00011938,0.00013365,-2.3975e-05,0.00015326,3.4818e-05,4.522e-05,3.5696e-05,6.2781e-05,0.00021076,0.00016418,0.00015128,7.8497e-05,8.6091e-05,7.206e-05,7.9654e-05,2.8484e-05,0.00012921,4.1207e-05,7.7634e-05,-3.5229e-05,9.3961e-05,3.6521e-05,0.00014297,0.00014064,8.9659e-05,-8.8205e-05,5.0618e-05,2.3323e-05,3.1992e-05,-2.6475e-05,1.0593e-05,0.00010254,3.3279e-05,5.2113e-05,0.00011693,4.6564e-06,4.2269e-05,-3.714e-06,7.058e-05,0.00018275,9.6012e-05,0.00015988,0.00016167,0.00011441,0.00014401,0.00017533,0.00012817,6.4473e-05,-3.9566e-05,0.00020974,8.329e-05,1.2619e-05,0.00010663,4.2538e-05,1.4891e-05,-7.8231e-06,0.00010522,8.0673e-05,0.00014513,5.4962e-05,9.3469e-05,7.8185e-05,0.0001634,0.00012928,8.2113e-05,4.1075e-05,6.2262e-05,-1.0022e-05,2.4922e-05,9.8583e-05,3.5444e-05,9.4531e-05,0.0001518,-1.0837e-06,9.3996e-05,0.00012512,0.00012533,8.0072e-05,1.2352e-05,4.3065e-05,9.64e-05,8.7712e-05,0.00014591,9.3949e-05,5.7304e-05,5.4312e-05,0.00011143,0.00013966,0.00018512,-7.1707e-06,0.0001129,0.00018316,1.2533e-05,-1.6003e-05,-6.7651e-05,0.00015495,6.5978e-05,7.5101e-05,1.7968e-05,0.00023093,0.00010417,0.00012967,0.00019104,0.00013657,0.00013676,1.9602e-05,3.1028e-05,9.0419e-05,-7.9613e-05,0.00011744,0.00023918,4.1163e-05,5.8823e-05,8.1646e-05,3.5352e-05,8.187e-05,0.0001262,2.0307e-05,0.0001014,0.00015823,5.0859e-05,0.00021017
-4.9541e-05,0.0001703,1.6114e-05,3.6593e-05,6.5844e-06,0.00010676,-1.3074e-05,5.5045e-05,4.8847e-05,1.1982e-05,-3.0926e-05,5.8173e-05,3.1458e-05,4.795e-05,0.0002957,4.9822e-06,0.000101,0.00019583,0.00079059,-7.2545e-05,-4.2645e-05,5.1398e-05,2.6787e-05,7.2398e-05,7.8208e-05,2.2196e-05,0.00018626,7.0089e-05,3.4652e-05,7.9489e-05,9.2118e-05,1.2932e-05,0.00010655,3.0983e-05,7.9248e-05,-1.4985e-05,3.9755e-05,6.3923e-05,3.3864e-05,-1.4087e-05,0.00010824,4.0366e-05,5.1209e-05,0.0001702,0.0001542,0.00038547,8.2504e-05,9.1745e-05,0.00012497,3.0934e-05,0.00013043,-6.1657e-05,2.6095e-05,0.00015183,-8.2456e-05,7.4726e-05,5.4332e-06,5.8314e-05,-2.9209e-05,7.4428e-05,3.5022e-05,-1.5357e-05,3.7648e-05,-6.7802e-06,2.4137e-05,0.00011941,-4.912e-05,9.6444e-05,8.1158e-06,4.8316e-05,2.2733e-05,6.3332e-05,1.3009e-05,9.4238e-05,0.00093105,2.6289e-05,6.4923e-05,4.967e-05,2.5627e-05,-5.9701e-05,7.3691e-05,1.0796e-05,3.4173e-05,-1.9657e-06,1.97e-05,2.0568e-05,-6.2206e-06,5.438e-05,9.3706e-05,-8.3782e-05,9.4579e-05,9.5994e-05,-0.0001368,-3.9531e-05,-2.4055e-05,9.5427e-05,1.0576e-05,9.5846e-05,7.4718e-05,2.8149e-05,-4.7762e-05,-3.9149e-05,5.5024e-05,7.3724e-05,-2.3561e-05,6.9018e-05,0.00019149,3.7189e-05,7.9023e-05,5.0758e-05,9.8017e-05,2.9897e-05,2.6604e-05,-2.0908e-05,5.757e-05,3.8438e-05,8.468e-05,-5.401e-06,6.1434e-05,3.7831e-05,5.9988e-06,3.2685e-05,0.00022127,2.299e-05,6.0849e-05,-5.684e-05,-2.1405e-05,8.5755e-05,5.2838e-05,-2.9826e-05,-0.00015246,1.9659e-05,3.7963e-05,7.054e-05,-4.5783e-05,2.8526e-05,0.00010105,9.2197e-06,5.1981e-05,5.5034e-05,0.00016616,4.4022e-05,3.0856e-05,1.7303e-05,0.00017616,8.5e-05,0.00020167,0.00016084,3.1279e-05,-1.1105e-05,9.5091e-05,0.00010671,7.9766e-05,3.1254e-05,-4.2793e-05,0.00013169,4.1955e-05,5.7886e-05,9.0285e-05,0.00011003,2.3188e-05,4.825e-05,5.0805e-05,0.00028911,0.00010117,-1.0276e-05,0.00015253,0.00021876,9.998e-05,6.2659e-05,4.1047e-05,-5.6186e-06,6.7434e-08,0.00012581,8.5505e-05,5.6315e-05,-8.494e-06,3.3877e-05,-3.8638e-05,0.00015162,-1.7735e-05,4.8011e-05,6.5554e-05,3.7259e-05,9.8072e-05,3.2728e-06
