0.0053014,-0.00012362,-9.9491e-05,0.001801,0.00092125,0.0017311,6.2167e-05,8.4406e-05,0.0010878,-0.00010439,0.00042062,0.00051241,-0.00014888,0.00013285,0.0012263,0.00013244,0.00012046,-1.3226e-05,-0.00021214,0.0011288,0.00012737,-2.6123e-05,0.00080487,0.0028913,0.0015652,0.0001101,0.00032929,0.00010484,0.00088361,0.00061297,0,-0.00022856,-0.0001009,0.00055164,0.0004017,0.00018614,0.0016902,0.00046426,0.0012256,-0.00012425,-0.00013246,0.00036276,2.222e-05,-1.7487e-05,3.8257e-05,0.00024809,-0.0003613,-0.00042317,0.00060887,-9.7381e-05,8.1581e-05,0.00033485,-0.00040027,0.00048101,0.0001003,0.0003115,0.0028762,0.00018821,-1.5094e-05,0.00019213,0.00021804,0.0018599,0.00019641,6.16e-05,0.00062214,0.0032084,-0.00018728,-6.331e-05,-0.0001593,-0.00010733,-1.3304e-05,0.00039506,7.196e-05,0.00045861,0.00028688,0.00043951,0.00031293,0.00081101,-6.0963e-05,-9.4804e-05,-3.221e-05,0.00027342,4.6296e-05,-0.00020101,0.00019648,-0.00015961,0.0011101,0.00060373,0.00022933,-5.2408e-07,0.00015583,-4.9969e-05,6.298e-05,-0.00024123,-2.462e-05,-0.00049184,-3.1885e-06,3.2381e-05,0.00063894,0.00024496,-1.6426e-05,-0.00011161,0.00022698,1.4209e-06,-0.00010413,8.4427e-05,0.00012066,0.00035369,0.00056814,0.00028019,0.00042255,-0.0002374,0.00025535,-1.0226e-05,0.00049917,0.00012343,0.00042999,0.0007239,0.0001628,-8.1712e-05,-0.00022516,0.0003106,0.0010309,0.0010348,9.766e-05,-0.0004392,0.0001876,-0.00014207,0.00072081,0.00081463,0.00072245,-2.68e-05,0.00057245,5.8337e-05,9.7375e-05,0.00088327,0.00093354,5.4709e-05,2.9567e-05,-0.0003609,0.00014455,0.0026384,0.00025681,0.00079167,-0.00020081,0.00079845,0.0017934,-5.456e-05,0.00024806,6.6306e-05,0.00039968,-2.783e-05,0.00073049,0.00038661,0.00050347,-0.00016076,-0.00062034,-0.00018452,6.7879e-05,0.00018671,0.00079003,0.00037601,0.00044765,-0.00024115,-0.00022133,0.00061539,0.00015136,0.00037918,0.000193,0.0022425,0.00034592,3.48e-05,-5.0618e-06,0.00027899,0.0006247,-0.00019963,0.00016324,-0.00037907,0.0031717,0.00012206,0.00027976,0.00075659,-9.4757e-05,0.00010086,-9.5247e-05,0.00021985,-3.2388e-05,-9.7904e-05,-6.2608e-05,2.4054e-05,0.002567,0.00016331,-3.3084e-05,0.0018811,0.0011011,-5.5618e-05,-0.00017906,-1.2598e-05,0.00021912,-7.4904e-05
-0.00012362,0.00023057,7.0842e-05,-2.113e-06,1.1478e-05,-1.2604e-05,-4.088e-05,7.0838e-05,-4.6933e-06,4.4218e-05,3.1286e-05,0.00012981,5.8353e-05,0.00011008,-1.5056e-05,5.4112e-05,0.00010602,1.7482e-05,3.8329e-06,2.2305e-05,-2.9253e-05,9.1183e-05,-0.00013694,-6.1562e-05,-7.876e-05,6.1929e-05,-3.3457e-05,3.893e-05,-2.3406e-05,4.2371e-05,0,1.0876e-05,9.6686e-05,2.6067e-05,1.0902e-05,8.2878e-05,-0.00018474,-1.052e-05,-0.00014819,5.5913e-05,8.9016e-05,6.8894e-05,7.5364e-05,6.0304e-05,9.5756e-05,6.2259e-05,1.7445e-05,5.3288e-05,2.0816e-05,-3.3532e-05,6.2423e-05,8.4055e-05,0.0001768,5.3445e-05,3.8497e-05,0.00014254,3.069e-05,-3.3552e-05,8.5741e-05,0.00010003,-2.6551e-06,-6.0361e-05,0.00015503,8.3701e-05,6.1334e-05,4.456e-06,5.9897e-05,6.8766e-05,-5.7616e-05,9.8298e-05,3.423e-05,0.0001288,2.5861e-05,9.4076e-05,6.5884e-05,-2.222e-05,3.7525e-06,1.9097e-05,5.2824e-05,5.5318e-05,4.0651e-05,5.0827e-05,3.7551e-05,-6.1686e-05,4.8326e-05,3.3774e-05,-0.00022022,3.9087e-05,6.2593e-05,0.00015375,1.7898e-05,4.4973e-05,1.4636e-05,0.00014591,2.5356e-05,7.5907e-05,-3.6308e-06,8.4648e-05,3.238e-05,2.8265e-05,3.1425e-05,0.00011308,2.0492e-05,0.0001643,6.0513e-05,1.7002e-05,0.00011493,7.7694e-05,4.7383e-06,1.1564e-05,0.00011682,6.6727e-05,7.5491e-05,0.00012538,7.418e-05,3.8559e-05,9.9211e-05,9.8361e-05,-2.6152e-05,0.00011096,9.5516e-05,4.6103e-05,4.616e-06,0.00010078,5.357e-05,5.3879e-05,3.2331e-05,3.4141e-05,-3.7533e-05,3.1737e-05,2.7451e-05,7.5749e-05,0.00010626,3.0075e-05,8.7878e-05,2.3116e-05,-3.0011e-05,9.4574e-05,0.00011409,8.1388e-05,4.7047e-05,-0.00010232,4.3054e-05,-4.0976e-05,3.6866e-05,7.8e-06,-0.00012155,4.5895e-05,4.2382e-05,1.9993e-05,7.8187e-05,1.0614e-05,-4.4657e-05,6.6307e-05,5.6655e-05,0.00012445,-8.4141e-05,3.9257e-05,-2.8035e-05,0.00011903,3.199e-05,0.00010356,-1.4978e-05,5.1657e-05,7.9633e-05,-6.4591e-06,3.8356e-05,-3.5712e-05,6.2388e-05,-1.7075e-06,9.9642e-05,1.1943e-05,4.541e-05,2.2166e-05,0.000138,0.00010604,2.0914e-05,7.6912e-05,-0.00016793,6.3846e-05,-0.00018381,-1.7958e-05,1.6337e-05,6.5792e-05,7.9937e-05,4.5673e-05,0.00011,8.5445e-05,5.3322e-05,0.00020801,-0.00017419,4.0911e-05,9.0092e-05,-9.8111e-05,-6.114e-06,0.0001031,0.0001088,4.8283e-05,6.8732e-05,6.0907e-05
-9.9491e-05,7.0842e-05,0.00013227,-0.00019317,4.9436e-05,-6.5025e-05,4.8828e-06,4.7962e-05,1.4673e-05,4.3235e-05,2.9692e-05,8.2267e-05,-5.5538e-05,4.3877e-05,-8.4604e-05,8.2643e-06,-3.971e-07,-4.9627e-05,3.2603e-06,-0.00011885,-6.5391e-05,-3.2927e-05,-0.00012615,-0.00013612,-0.00015567,2.5282e-05,-1.6278e-05,3.0265e-05,-1.01e-05,3.6455e-05,0,-1.6383e-07,1.2805e-05,-0.00012017,-6.1259e-05,-1.2344e-05,-0.00010339,-4.0489e-05,-0.00017319,-4.9393e-05,1.6457e-05,2.1485e-05,4.3426e-05,8.3615e-05,2.2648e-05,3.9118e-06,4.0913e-05,7.1206e-05,-3.9201e-05,1.4126e-05,-5.4278e-05,-3.1355e-05,6.6299e-06,8.0112e-05,2.0307e-06,-8.151e-06,-3.7927e-05,5.8389e-06,5.7681e-05,-3.0014e-05,-3.4278e-06,-7.3369e-05,-2.4182e-05,1.9553e-05,1.0014e-05,-8.2131e-05,8.2778e-06,4.4902e-05,1.2613e-05,3.5577e-05,-1.0469e-05,-1.3611e-06,5.2311e-05,1.4028e-05,5.9935e-06,-7.0224e-05,-1.7127e-05,-3.9321e-05,2.2145e-05,3.7993e-05,1.7317e-05,-4.0406e-05,-8.3377e-06,-6.0378e-05,3.0059e-05,-3.4221e-05,9.75e-05,2.22e-05,2.2578e-05,5.5217e-05,-0.00022995,4.5307e-05,3.2489e-05,1.3637e-05,2.5431e-06,0.000111,8.2701e-08,2.9468e-05,-2.7428e-05,-3.4554e-05,-1.6824e-05,1.4805e-05,6.4551e-06,2.1304e-05,1.7332e-05,-3.0918e-05,3.47e-05,-2.6842e-05,-5.0424e-05,-5.7052e-06,5.3929e-05,0.00010315,2.1071e-05,9.4219e-07,-2.7549e-06,-4.3684e-05,-8.9801e-05,1.6907e-05,-2.0582e-05,5.3835e-05,6.3744e-05,4.7391e-05,-6.7203e-05,1.1607e-05,3.1241e-05,7.1643e-05,-2.41e-07,2.2503e-05,-5.1566e-05,-1.2333e-05,-1.4506e-05,2.9523e-05,1.298e-05,-9.1368e-06,4.5808e-05,-7.4123e-05,-4.8317e-05,-3.3451e-05,4.5216e-05,7.6935e-05,1.4813e-05,-7.4017e-05,2.4006e-05,-8.6635e-05,1.3592e-05,-1.1736e-05,-0.00021076,5.3614e-05,-2.0194e-05,2.2413e-05,1.0709e-06,7.9007e-06,-0.00012809,-1.2223e-05,-2.1203e-05,7.902e-05,-2.4347e-05,6.7588e-06,-8.7497e-05,6.516e-05,-3.8431e-05,3.9219e-05,-4.5655e-05,2.9193e-05,4.4554e-05,-1.4465e-05,-1.9163e-05,-4.8013e-05,-1.1817e-05,-1.8415e-05,-4.1202e-06,3.6842e-05,1.4959e-05,2.4909e-05,-4.9611e-05,1.8078e-05,-4.9666e-05,-6.5084e-05,-0.00019384,1.3956e-05,-0.00014119,-8.5974e-05,-3.477e-05,-4.6753e-05,7.4694e-08,-2.0738e-05,5.6675e-05,4.0063e-05,2.8941e-05,6.0364e-05,-0.00015201,2.7022e-05,-3.4098e-05,-4.7055e-05,-3.2119e-05,5.6008e-05,4.1601e-05,3.0628e-05,2.849e-05,-2.0887e-05
0.001801,-2.113e-06,-0.00019317,0.0012455,0.00026359,0.00070128,1.1385e-05,5.6511e-06,0.00033525,-2.5875e-06,0.00013839,0.00010822,0.00017422,0.00012067,0.0006124,0.00010873,5.6046e-05,3.0152e-07,-0.00013085,0.0006455,0.00016159,7.5484e-05,0.00040576,0.0012298,0.00077658,7.9333e-05,0.00018015,-4.5477e-05,0.00022948,0.00020242,0,-0.00012961,-1.675e-05,0.00037691,0.00032143,0.00017663,0.00042992,0.0002515,0.00069296,0.00037625,1.226e-05,0.00018428,4.111e-05,-5.8392e-05,9.3115e-05,0.00017327,-0.00022999,-0.00018082,0.00018067,1.5077e-05,0.00017213,0.00031485,0.00017756,0.00010012,4.9557e-05,0.00046382,0.0012628,1.7747e-05,-1.4758e-06,0.00019273,0.00012679,0.00060038,0.00024973,5.0874e-05,0.00023853,0.001199,-1.9117e-05,-2.7443e-06,-0.00010124,3.5161e-06,0.00010526,0.00039516,5.8758e-05,0.00033715,0.00014652,0.0002685,0.00015995,0.00041591,-1.3376e-05,-5.192e-05,5.9115e-06,0.00022374,0.00015608,5.2214e-05,0.00018061,2.0647e-05,4.2146e-05,0.00022395,0.00016109,-4.7933e-06,0.00034134,3.6335e-05,-3.356e-05,3.3786e-05,8.7056e-05,-0.00023113,-6.8319e-07,5.2483e-05,0.00038543,0.00023768,3.5523e-05,-2.8799e-05,0.00012835,0.0001484,-1.519e-05,0.00013008,1.2785e-05,0.00024914,0.000307,0.00016966,0.00013464,-0.00016284,0.00019211,0.00012905,0.00027888,0.00017791,0.0002178,0.00037197,7.4907e-05,-3.193e-05,-4.6213e-05,9.2302e-05,0.00054049,0.00044304,7.4934e-05,-0.00015122,8.0403e-05,-5.3983e-05,0.00025578,0.00041083,0.00028395,6.1245e-06,0.00029234,4.7264e-05,5.3995e-05,0.0005296,0.00037922,8.4517e-05,8.7184e-05,-0.00016118,0.000113,0.00098178,9.4614e-05,0.00035228,-2.2779e-05,0.00042732,0.00073749,-9.2385e-05,0.00015358,-7.1958e-05,0.0001682,5.959e-06,0.00042321,0.00024369,0.00028787,-5.4458e-05,-0.00027682,-4.4161e-05,0.00021368,1.2267e-05,0.00032806,0.00023648,0.00024239,-0.00011747,6.631e-05,0.00034195,9.5289e-05,0.00021165,0.00012594,0.00072584,0.00023549,-5.4921e-05,1.149e-05,0.00015215,0.0002059,1.3876e-05,0.0001747,9.6756e-05,0.0013832,6.7489e-05,0.00012552,0.00044716,-5.3463e-06,0.00018701,-6.8712e-06,0.00019868,2.9479e-05,-0.00010806,-2.9974e-05,1.3881e-05,0.00088263,8.0558e-05,0.00017128,0.00085715,0.00037714,1.8105e-05,-3.9812e-05,3.8185e-05,0.00011641,-2.5507e-05
0.00092125,1.1478e-05,4.9436e-05,0.00026359,0.00044449,0.00031583,-4.7432e-05,0.00011403,0.00018715,4.5248e-05,0.0001539,0.00014213,1.8529e-05,4.2755e-05,0.00026178,1.7085e-05,2.991e-05,3.7373e-05,2.0605e-05,0.00022578,8.2471e-05,3.3484e-05,0.00015068,0.00056426,0.00034859,6.1165e-05,0.00010465,2.4458e-05,0.00018004,0.00014701,0,-1.7373e-05,-1.5573e-05,4.005e-06,0.00010012,7.2891e-05,0.00011111,0.00014139,0.00026211,6.3784e-05,-2.6312e-06,9.1826e-05,6.8633e-05,2.1557e-05,4.6541e-05,6.3002e-05,-7.3876e-05,-6.2012e-06,5.3183e-05,1.4905e-05,-2.6125e-05,9.2257e-05,4.8985e-06,0.00029184,-1.9039e-05,0.00017334,0.00049391,2.1796e-05,9.7454e-05,0.00011207,9.2902e-05,0.00025187,8.9511e-05,5.2495e-05,0.00019479,0.0004899,-1.159e-05,4.1358e-05,0.00011408,3.1659e-05,5.6399e-05,0.00017107,0.00013055,2.5328e-05,8.3301e-05,3.8583e-05,7.9931e-05,0.0002963,4.2677e-05,4.1698e-05,2.6112e-06,0.00011663,7.3094e-05,-1.1951e-05,8.4807e-05,-4.6862e-05,0.00010928,0.00017995,0.00013412,-8.6398e-06,7.4792e-05,3.0954e-05,0.00010855,-7.2947e-05,6.491e-05,2.6007e-05,3.8682e-06,2.7275e-05,0.00020415,4.104e-05,3.5063e-05,-2.7592e-05,3.9533e-05,-5.3549e-05,-5.5432e-05,5.0339e-05,6.5205e-05,7.1335e-05,8.7698e-05,0.00012501,0.00014713,4.2123e-05,6.8691e-05,-1.1525e-05,0.00018779,3.176e-05,1.6267e-05,0.00018299,-2.2425e-05,-1.52e-05,1.7136e-05,0.0001612,0.00020025,0.00021823,6.1526e-05,5.0384e-05,9.7011e-05,-2.5983e-05,8.8653e-05,0.00021738,0.00013585,3.3168e-05,0.00017353,1.903e-05,5.5188e-05,0.0002911,0.00020314,6.4531e-05,-8.3883e-07,6.3814e-06,4.8249e-05,0.00054761,8.3227e-05,8.3605e-05,-7.7944e-06,0.00025889,3.7975e-05,1.6985e-05,8.2401e-05,7.3228e-05,0.00015602,1.1526e-06,6.4746e-05,0.0001025,0.00017358,2.1533e-05,6.7956e-06,8.2489e-06,-4.0896e-05,7.4331e-05,0.00015169,0.00015977,9.7548e-05,-2.9867e-06,3.4776e-05,0.00020308,-1.9574e-06,9.4555e-05,2.1688e-05,0.00052659,5.9919e-05,8.1708e-05,-2.7863e-05,0.00020385,5.8973e-05,2.9372e-05,1.0504e-05,-0.00024462,0.0006946,4.4376e-05,-0.00019651,0.00014306,6.1357e-05,1.1591e-05,-5.6632e-05,2.2288e-05,6.4668e-05,8.874e-06,-5.6923e-05,7.078e-05,0.00044986,6.6445e-05,0.0001301,0.0004232,0.00022084,2.8963e-05,-5.6982e-05,5.2486e-05,7.5062e-05,0.00010697
0.0017311,-1.2604e-05,-6.5025e-05,0.00070128,0.00031583,0.00080811,5.1395e-05,3.9282e-05,0.00039365,-1.184e-06,0.00020616,0.00022009,-1.6284e-05,6.9695e-05,0.00051656,1.5382e-05,0.00019021,7.4599e-05,-8.4777e-05,0.00044411,8.4784e-05,0.00014309,0.00031682,0.0010072,0.00062798,6.3298e-05,0.00012315,2.5438e-05,0.00041162,0.00024406,0,-2.3237e-05,3.0719e-05,0.00027376,0.00023721,8.1332e-05,0.0005108,0.00024286,0.00057156,9.7986e-05,-2.6116e-06,8.5323e-05,3.5606e-06,-4.6671e-05,7.2943e-05,8.7907e-05,-0.00015763,-0.00017307,0.00034548,-3.702e-05,0.00013532,0.00011704,4.6996e-05,0.0002186,3.791e-05,0.00014908,0.0010667,5.669e-05,2.6167e-05,0.00014517,0.00011641,0.00062448,0.00018648,0.00013439,0.00027225,0.0010814,-3.4706e-06,-1.0368e-06,2.4389e-05,1.4774e-05,6.9387e-05,0.0001789,3.6851e-05,0.00019899,0.00015319,0.00014954,0.0001107,0.00037883,7.4639e-07,-9.043e-06,2.479e-05,0.00023387,8.2842e-05,-1.063e-05,8.537e-05,1.3071e-05,0.00027677,0.00032573,0.00016661,2.415e-06,0.00026286,-4.4288e-05,1.5621e-05,-5.5402e-05,3.0267e-05,-0.00010448,6.6937e-07,6.887e-05,0.00023761,0.00018597,5.4991e-05,5.0162e-05,0.00011891,0.00011936,-9.5438e-05,0.00011651,0.00012607,0.00020613,0.00032049,0.00016618,0.00024071,-0.00011311,6.7872e-05,8.7008e-05,0.00027464,7.6593e-05,0.00025001,0.00027919,4.2311e-05,-6.715e-05,-0.00011333,0.00020635,0.00043526,0.00042788,0.00010378,-0.00015123,6.3579e-05,-7.4541e-05,0.00027149,0.00034487,0.00026297,2.0234e-05,0.00021944,1.0151e-05,6.4598e-05,0.0005005,0.00039141,0.00013222,-1.4355e-06,-0.00011698,9.0595e-05,0.00091448,9.6356e-05,0.00031648,-7.7641e-05,0.00038921,0.00058255,-1.176e-05,0.00012173,2.1212e-05,0.00018903,-2.9444e-06,0.00024496,0.00021251,0.00020703,-7.2694e-05,-0.00018765,-3.1623e-05,7.4867e-05,7.972e-06,0.00031896,0.00017338,0.00029942,-2.2435e-05,-4.1822e-05,0.00033655,7.2748e-05,0.00017235,0.00011737,0.00084342,0.00019761,-1.1312e-05,-1.3505e-05,0.00021535,0.00025435,-3.4511e-05,7.7834e-05,-0.00011678,0.0010825,8.5292e-05,8.919e-05,0.00033121,7.5291e-05,0.00012601,-3.5688e-05,0.00013531,5.6461e-06,-4.1778e-05,-3.9443e-05,8.2876e-05,0.00091437,5.9972e-05,0.00014946,0.00062811,0.0003917,6.0502e-07,6.3046e-06,7.7582e-05,0.0001034,7.185e-05
6.2167e-05,-4.088e-05,4.8828e-06,1.1385e-05,-4.7432e-05,5.1395e-05,0.00015945,-7.5958e-05,-8.9967e-06,-2.7874e-05,2.2035e-05,-3.6783e-05,-1.0507e-06,1.3984e-05,3.6467e-05,-2.4908e-05,-4.1995e-05,-1.039e-05,1.0259e-05,-1.3907e-05,-4.6264e-06,2.2019e-05,2.0078e-05,0.00010337,4.5764e-05,-2.4867e-06,2.45e-05,-8.6711e-06,4.7339e-05,3.9494e-05,0,9.0353e-07,-4.7045e-05,2.8368e-05,3.5811e-06,-2.3881e-05,0.00010973,-1.37e-05,-2.962e-05,4.0939e-05,4.5847e-06,1.4716e-05,-4.9236e-06,2.4977e-05,-7.5551e-06,6.3253e-06,-4.6921e-05,-2.469e-05,3.4372e-05,2.5875e-05,3.1193e-05,-0.00016669,-9.5931e-05,1.2835e-05,7.1688e-06,-0.00010122,1.5844e-05,4.7743e-06,-3.3331e-05,-7.1711e-05,-3.7218e-05,0.0001344,4.0309e-05,-3.3578e-05,1.4713e-05,8.3804e-05,-2.3159e-05,-3.7226e-06,-2.5823e-05,-2.5384e-05,-1.7357e-05,9.189e-06,-5.2842e-05,-1.8915e-06,-1.8122e-05,-5.5453e-06,6.9542e-06,6.7413e-06,-1.7751e-06,1.1586e-05,-4.4621e-05,-4.0172e-05,-6.2622e-06,5.0532e-06,4.1402e-06,-3.022e-06,2.0725e-05,0.00010918,1.5947e-05,-2.1756e-05,-2.8585e-05,-0.00010783,-1.2875e-05,-8.4911e-05,-1.6465e-05,-4.6979e-05,9.8396e-07,-3.4365e-05,-3.8503e-06,-4.7882e-06,-5.0461e-05,-1.5767e-05,1.2125e-05,-4.8492e-05,5.0604e-05,-1.5047e-05,-2.9638e-06,3.3569e-05,0.00010555,4.7869e-05,-8.2778e-06,-3.439e-05,-4.2305e-05,-1.7464e-05,5.3726e-06,-4.0275e-05,2.5707e-05,-1.8483e-05,5.7173e-08,-1.3479e-05,-4.183e-05,-6.3446e-05,5.5781e-05,-2.6306e-06,6.7653e-06,-3.0082e-05,2.3267e-05,-5.0067e-05,4.4242e-05,5.5364e-05,5.0217e-05,-4.3443e-05,-9.5427e-06,-2.5698e-05,2.5204e-05,4.8533e-05,2.3768e-05,-3.825e-05,1.4325e-05,-4.49e-05,2.3873e-05,6.8109e-05,2.8028e-05,0.00015137,-2.6684e-05,4.5241e-05,0.00016339,2.1138e-05,-1.385e-05,-1.704e-05,-6.3944e-05,9.3053e-06,-2.2927e-05,2.8505e-05,-3.3638e-05,-1.4894e-05,2.5993e-05,-2.0198e-05,1.1082e-05,8.829e-06,2.0933e-05,-2.695e-06,5.3889e-06,-5.628e-05,-1.5677e-05,6.5851e-06,4.274e-05,-5.5792e-06,1.0921e-05,0.00010487,4.0667e-05,-5.267e-05,-1.3055e-05,-4.7919e-08,-4.7838e-05,-2.3073e-05,-1.8677e-05,-0.00011377,-0.00010084,-2.1149e-05,0.00011349,5.478e-06,-8.9486e-06,6.4496e-05,-8.4133e-06,4.0524e-06,3.7714e-06,-6.8912e-05,-7.5654e-06,-1.3143e-05,7.2739e-05,4.6017e-06,-0.00010741,4.8516e-05,3.9205e-05,-2.5279e-05,3.0417e-05,1.6714e-05,9.1797e-06,-6.3995e-05
8.4406e-05,7.0838e-05,4.7962e-05,5.6511e-06,0.00011403,3.9282e-05,-7.5958e-05,0.00027624,0.00013228,7.5048e-05,2.6951e-05,0.00013147,3.5277e-05,4.1873e-05,-9.3254e-06,2.2224e-05,8.3966e-05,7.9952e-05,8.8401e-05,4.5665e-05,-3.5275e-05,0.00011949,1.4167e-05,-9.5032e-06,-3.6816e-05,4.8806e-05,5.0326e-05,4.771e-05,6.3674e-05,9.0383e-05,0,9.2688e-05,8.5785e-05,4.504e-05,2.1441e-05,5.0465e-05,-4.4771e-05,3.8731e-05,7.7755e-05,-7.0704e-05,1.821e-05,0.00011275,6.9758e-05,7.753e-05,8.4648e-05,7.2571e-05,7.6612e-05,8.8935e-05,1.0346e-05,4.6795e-05,-5.8382e-05,2.1812e-05,0.00015744,2.7389e-05,3.6323e-05,7.2172e-06,-8.1e-05,-3.1399e-05,4.2332e-05,0.0001406,0.00016958,-1.4251e-05,9.2472e-05,0.00013645,4.0665e-05,-9.0067e-05,8.7799e-05,8.0178e-05,7.1207e-05,9.396e-05,5.8786e-05,-2.1715e-05,1.9258e-05,6.3382e-05,8.5696e-05,2.1566e-05,5.1549e-05,5.7782e-05,-1.4356e-05,6.6124e-05,9.6532e-05,9.8916e-05,1.1137e-05,3.1661e-06,8.1955e-05,-4.5818e-06,-2.0947e-05,2.1968e-06,8.0024e-05,8.6654e-05,-8.5662e-05,1.2032e-05,2.0528e-05,2.4557e-05,-1.6706e-05,7.2322e-05,-2.7073e-06,8.6103e-05,5.3197e-05,1.3529e-05,0.00011295,1.8327e-05,2.976e-05,-2.1107e-05,-2.8952e-05,4.3762e-05,0.00011169,-1.272e-05,-6.5019e-05,-7.8585e-06,5.1705e-05,8.6222e-05,-7.327e-06,2.3813e-05,0.00010049,7.7789e-05,1.8988e-05,9.4971e-05,4.4729e-05,4.1082e-05,8.0844e-05,9.5018e-05,-8.603e-06,7.319e-05,-4.5901e-06,5.9299e-05,2.0439e-05,2.8923e-05,-6.6152e-07,2.8471e-05,1.2148e-05,5.3857e-05,0.00012223,7.2821e-05,5.5575e-05,4.5307e-06,5.4283e-05,0.0001159,4.2716e-05,2.4742e-05,3.3111e-05,-5.0765e-06,2.9794e-05,-6.7322e-05,3.9815e-05,0.00011812,-3.7406e-06,1.6453e-05,2.2031e-05,4.7659e-07,0.00015251,1.0413e-05,2.5739e-05,2.8554e-05,1.1017e-05,3.3335e-05,-2.0053e-05,8.7267e-05,-4.5554e-05,6.4997e-05,8.6936e-05,2.5673e-05,5.2671e-05,0.00012885,6.9661e-05,0.00017391,1.4727e-05,3.0884e-05,3.9038e-05,7.4092e-05,2.273e-05,0.00016722,3.84e-05,5.5152e-05,0.00017545,6.7513e-05,7.9093e-05,0.00011716,0.00026206,7.8542e-05,-0.00015313,5.4015e-05,6.2696e-05,3.5385e-05,2.2359e-06,2.0978e-05,4.7364e-05,8.5198e-05,2.1441e-05,-4.3009e-06,4.5499e-05,5.6573e-05,-1.0611e-05,9.3304e-05,4.8481e-05,9.1331e-05,9.1864e-06,7.0925e-05,6.9827e-05,9.0346e-05
0.0010878,-4.6933e-06,1.4673e-05,0.00033525,0.00018715,0.00039365,-8.9967e-06,0.00013228,0.00052154,6.6891e-05,0.00012003,0.00030612,-1.7274e-05,7.6506e-05,0.00018526,1.7431e-05,0.00010153,1.3834e-05,-3.9686e-05,0.00021497,-7.6082e-05,8.0889e-05,0.00022095,0.00049421,0.0002531,3.9375e-05,5.0665e-05,6.5212e-05,0.00025393,0.00010969,0,-1.4218e-06,-5.0192e-07,7.7522e-05,7.5941e-05,1.4742e-05,0.00037594,0.00029517,0.00029478,8.5811e-06,-9.5432e-06,0.00010131,3.183e-05,5.2656e-05,5.2451e-05,0.00010918,5.4439e-05,-5.6875e-05,9.8689e-05,-2.0797e-05,-7.3583e-06,0.00018584,8.9537e-05,0.00011813,1.1591e-05,0.00014561,0.00065976,2.8506e-05,2.2938e-05,9.7382e-05,0.00016065,0.00032666,0.00015861,7.3373e-05,0.0001452,0.00060626,-5.0905e-05,1.716e-05,1.0733e-05,3.4202e-06,5.0153e-05,8.9853e-05,1.246e-06,0.00010896,9.3772e-05,8.3868e-05,7.304e-05,0.00011132,-4.4682e-05,-3.0702e-05,7.4266e-05,9.3062e-05,6.7535e-05,-3.4575e-05,9.7978e-05,2.1613e-05,0.00025867,6.2867e-05,4.7258e-05,4.9586e-05,2.685e-05,0.0001836,4.9285e-05,6.2289e-06,-2.9469e-05,-0.00011759,5.1292e-06,0.0001062,7.1185e-05,9.2409e-05,4.5723e-05,-1.0559e-05,6.2863e-05,2.7121e-05,-8.2745e-05,8.7704e-06,6.2422e-05,0.0001286,9.0464e-05,2.4342e-06,7.2583e-05,2.7229e-05,9.488e-05,5.9526e-05,0.00015844,5.8687e-05,0.0001162,0.00015186,3.0153e-05,1.3868e-05,-5.867e-05,0.00025964,0.00018855,0.00029041,8.8803e-05,-4.628e-05,5.4374e-05,3.4954e-05,0.0001316,0.00018745,8.5869e-05,4.0019e-05,0.00010914,2.3718e-05,3.7273e-05,0.00020303,0.00023356,8.233e-05,4.5868e-05,-6.6511e-05,2.3003e-05,0.00044924,4.7363e-05,0.00018763,-5.0706e-05,0.00020002,0.00034831,-5.2472e-05,5.2402e-05,4.1814e-05,0.00010432,1.2506e-05,0.00011253,8.8488e-05,4.9386e-05,5.6022e-05,-0.00024071,-1.0519e-05,-1.3164e-05,5.2728e-05,0.0001331,4.165e-05,0.00010617,-1.0975e-05,3.3955e-05,0.00019567,4.8521e-05,4.6965e-05,0.00011052,0.00040358,7.0695e-05,5.3873e-05,3.9835e-05,7.4448e-05,0.00034386,-1.1026e-05,5.7782e-05,4.8369e-05,0.00055992,8.1461e-05,8.1812e-05,0.0002167,-8.1407e-09,0.00012758,-2.2094e-05,0.00013818,1.6212e-05,-1.9823e-05,3.1818e-05,1.9667e-05,0.00053198,0.00011466,-0.00017673,0.00043811,0.00027897,1.0252e-05,3.0732e-05,6.4228e-05,4.6973e-05,-1.0984e-05
-0.00010439,4.4218e-05,4.3235e-05,-2.5875e-06,4.5248e-05,-1.184e-06,-2.7874e-05,7.5048e-05,6.6891e-05,0.000144,-1.0573e-05,0.00011915,1.9145e-05,6.6046e-05,-4.4572e-05,2.1179e-05,1.8241e-05,-3.0784e-05,-9.0322e-06,-1.984e-05,-9.5053e-05,1.2924e-06,-4.3205e-05,-6.051e-05,-6.4606e-05,3.9305e-05,-1.48e-05,3.2049e-05,-2.4813e-05,3.677e-05,0,-3.0499e-05,-1.1358e-06,-6.8009e-05,1.0856e-05,-1.872e-06,-3.9881e-05,3.3624e-05,-4.4049e-07,0.00025108,3.4016e-05,2.1194e-05,5.443e-05,1.3478e-05,3.4472e-05,4.885e-05,0.0001007,1.4499e-05,-7.1609e-06,0.00010063,6.628e-05,-4.9392e-06,0.00014802,7.3449e-05,-8.3245e-06,0.00015405,0.00011131,-2.0821e-06,6.6931e-05,4.8905e-05,6.8798e-05,-4.4923e-05,8.5231e-05,5.7425e-05,6.2858e-05,-0.00011695,6.3616e-05,7.5775e-05,8.2149e-05,4.8326e-05,4.1537e-05,3.0792e-05,7.8797e-05,-5.8544e-06,7.0213e-06,9.4525e-06,-3.0656e-06,-9.7753e-06,-1.0643e-05,2.5811e-05,3.91e-05,6.1158e-05,3.5522e-05,-4.3457e-05,3.6903e-05,-4.6512e-06,0.00015679,5.3662e-06,3.386e-05,2.1605e-05,1.7384e-06,4.9429e-05,4.1108e-05,5.7736e-05,1.5238e-05,0.0001154,1.3663e-06,6.3494e-05,2.1652e-05,-2.36e-05,7.1239e-05,2.3674e-05,2.4225e-05,-3.945e-06,3.9731e-06,2.028e-05,6.7911e-06,3.0108e-05,-8.69e-05,2.7882e-05,4.6592e-05,5.6758e-05,-2.2273e-05,4.9903e-05,6.9663e-05,3.5575e-05,-3.3578e-05,4.5253e-05,-1.2197e-05,3.6045e-05,5.3636e-05,8.5363e-05,-2.6036e-05,5.498e-05,-2.1904e-05,6.6456e-05,6.4276e-06,2.143e-05,-1.8265e-05,1.2361e-05,-4.7372e-05,4.1556e-05,3.4478e-05,4.0199e-05,4.5894e-05,5.4686e-05,-2.3445e-05,-4.2491e-06,4.8467e-05,5.3988e-05,8.5398e-06,-6.3279e-05,-1.2673e-05,-0.00012049,2.2868e-05,5.7715e-05,-0.00014554,-8.8926e-06,9.1985e-06,2.9698e-05,5.7969e-05,3.6446e-06,6.6603e-07,1.8469e-05,-1.1574e-05,6.5103e-05,-3.7454e-05,2.493e-05,-5.5538e-05,5.1575e-05,-2.549e-05,-1.1007e-05,6.5971e-06,3.4246e-05,5.1924e-05,0.00014116,-3.2535e-06,-2.5026e-05,3.4441e-05,-0.00011231,1.5073e-05,3.3217e-05,1.1276e-05,4.5556e-05,2.3891e-05,7.7492e-05,5.0875e-05,0.0001044,-7.272e-05,7.7213e-05,-5.2829e-05,-6.1955e-06,-3.6062e-05,2.1622e-05,1.962e-05,2.7586e-05,7.3341e-05,1.1243e-05,1.3207e-05,9.246e-05,-4.3357e-05,5.4651e-05,1.8111e-05,-2.1242e-05,-4.2166e-05,1.6641e-05,5.3318e-05,5.5757e-05,3.644e-05,5.0618e-05
0.00042062,3.1286e-05,2.9692e-05,0.00013839,0.0001539,0.00020616,2.2035e-05,2.6951e-05,0.00012003,-1.0573e-05,0.00020657,0.00011908,-2.5264e-05,3.4855e-05,0.00018677,-2.6864e-05,0.00011734,0.00010999,6.7175e-05,0.00012546,4.5648e-05,0.00017022,0.0001046,0.00023909,0.00018902,4.7764e-05,5.3956e-05,2.4192e-05,0.0001305,6.2527e-05,0,7.8066e-05,7.7039e-06,7.1354e-05,8.3741e-05,2.9859e-05,-0.00023113,9.7255e-05,0.00011181,3.381e-05,-7.1874e-06,7.7767e-05,1.8602e-05,4.8379e-05,9.378e-05,2.9366e-05,-0.00012988,6.3134e-05,3.856e-05,-3.4791e-05,-4.5765e-05,2.5958e-05,9.629e-05,0.00017957,2.7772e-05,6.8887e-05,0.00019935,-3.0184e-06,3.805e-05,8.4748e-05,7.0036e-06,9.2663e-05,0.00012187,9.7301e-05,0.00012179,0.00031057,-3.4923e-05,2.5496e-05,1.9276e-05,6.0918e-05,-2.5593e-07,0.00010253,7.9969e-05,0.0001148,0.00010089,-3.4058e-05,-1.55e-05,0.00015835,8.7386e-05,6.9201e-05,6.1737e-05,8.2173e-05,0.00011451,8.5532e-06,8.497e-05,1.8921e-05,-0.00037519,0.00014263,9.6311e-05,2.8019e-05,3.0446e-06,1.6916e-05,5.5402e-05,4.1108e-05,4.1466e-05,1.1104e-05,3.1613e-06,5.6308e-05,9.3781e-05,0.000102,1.7427e-06,-1.7211e-06,8.4645e-05,-6.7461e-06,4.197e-06,6.9668e-05,9.1399e-05,0.00014378,0.0001933,7.9657e-05,0.0001048,1.2623e-06,3.7558e-05,2.8964e-05,0.00011695,-3.4802e-05,4.4898e-05,8.8827e-05,-2.1203e-05,-1.4701e-05,-5.8098e-05,0.00014891,0.00013653,0.00012868,0.00012487,1.7001e-05,0.00010821,-3.1825e-05,4.4218e-05,0.0001903,0.0001278,3.2669e-05,9.5532e-05,-6.3708e-06,2.093e-05,0.00018632,8.0918e-05,0.00016753,9.4964e-06,7.045e-05,4.5676e-05,0.00020305,7.1873e-05,0.00016428,2.3964e-05,0.00011041,-8.2959e-05,3.5996e-05,5.7871e-05,5.1176e-05,6.1901e-05,-8.7459e-06,-7.5678e-05,0.00010942,0.00011441,4.6787e-05,1.2922e-05,3.0744e-05,-3.5044e-05,1.0635e-05,0.00012521,0.00013773,9.4691e-05,-3.3852e-05,1.1354e-05,7.1352e-05,3.8141e-05,9.7021e-05,1.6574e-05,0.0002881,0.00017133,1.0249e-05,-3.8543e-05,0.00012127,8.0083e-05,-1.0246e-05,2.753e-06,-4.1186e-05,0.0002371,7.2869e-05,-9.7906e-05,8.6092e-05,0.00011307,0.00010751,4.974e-06,0.00010344,2.7928e-05,3.2609e-05,-4.2923e-05,7.0978e-05,7.8074e-05,5.1069e-06,0.00018967,0.00020582,0.00012154,7.0861e-05,3.3862e-05,9.5886e-05,3.5897e-05,4.9651e-05
0.00051241,0.00012981,8.2267e-05,0.00010822,0.00014213,0.00022009,-3.6783e-05,0.00013147,0.00030612,0.00011915,0.00011908,0.00051705,-3.118e-05,0.0001073,-6.9862e-06,4.5343e-06,0.00010708,-4.3008e-05,5.3388e-05,0.00011733,-0.00014195,0.00011782,5.2332e-05,0.00021842,9.6838e-07,9.2252e-05,5.615e-06,0.00012084,0.0001424,7.2421e-05,0,-3.0569e-06,-2.769e-05,2.3397e-05,2.9385e-05,-2.8002e-06,7.2056e-05,0.00012407,7.0645e-05,8.3661e-05,-1.4156e-05,3.8174e-05,6.6566e-05,2.5685e-05,3.6217e-05,5.7069e-05,4.2845e-05,-9.6759e-06,6.3546e-05,-1.6239e-05,0.00010656,9.7497e-05,0.00024379,0.00018107,2.6835e-05,0.0001567,0.00034344,8.0137e-06,0.00012596,7.2688e-05,3.9122e-05,0.00018971,0.00018308,6.3258e-05,0.00016739,0.00042455,1.0224e-06,4.7482e-05,-7.6942e-05,3.8229e-05,-1.0175e-05,9.0632e-05,8.9359e-05,0.00015286,5.7917e-05,3.9193e-05,4.6372e-05,3.6834e-05,4.9898e-05,-8.6202e-08,0.00014288,1.3205e-05,3.123e-05,-0.00021643,4.5453e-05,9.6847e-06,-8.1295e-05,0.00013051,1.2823e-05,8.7854e-05,-5.6974e-05,8.2939e-05,8.1097e-05,7.9756e-05,-5.2397e-06,1.2351e-05,7.9425e-07,0.00016591,2.684e-05,6.2955e-05,7.0483e-05,2.2262e-05,6.7635e-05,0.00010357,4.6859e-05,2.321e-06,4.5933e-05,0.00010707,3.688e-06,-1.0694e-05,3.9833e-05,4.8089e-05,4.3804e-05,6.5475e-05,0.00029584,-8.0973e-05,5.9504e-05,7.6807e-05,3.7579e-05,2.0526e-05,1.0614e-05,0.00015644,7.1628e-05,0.00027999,2.1737e-05,5.4318e-05,9.6306e-05,-1.4165e-05,9.1181e-05,0.0001535,0.0001156,8.068e-05,0.00014603,1.5037e-05,7.6158e-05,0.00010666,5.2577e-05,0.00014947,8.1219e-05,2.6073e-05,4.8901e-05,0.00013567,2.7469e-05,0.00018819,1.6698e-06,0.00023842,0.00010355,-4.0014e-05,3.0798e-05,4.083e-05,0.00011451,1.7488e-05,2.8856e-05,0.00011491,5.2094e-05,8.2539e-05,-0.00033449,1.2888e-05,-4.3937e-05,7.9555e-05,2.4852e-05,3.8637e-05,0.00013664,1.2363e-06,3.255e-06,0.00017195,2.6774e-05,2.7438e-05,5.2192e-05,0.00016284,6.5475e-05,-2.6288e-05,-2.8547e-05,6.5361e-05,0.00029222,5.6592e-05,-6.5304e-05,4.1756e-05,0.0002115,0.00012094,5.7577e-05,8.0073e-05,-2.1116e-05,0.00019482,1.665e-05,0.00014829,8.2016e-05,4.1505e-05,5.0009e-07,0.00014675,0.00015242,0.00011159,8.7912e-05,0.00034301,0.00013836,-3.6205e-05,0.00010394,6.9528e-05,7.021e-05,2.6922e-05
-0.00014888,5.8353e-05,-5.5538e-05,0.00017422,1.8529e-05,-1.6284e-05,-1.0507e-06,3.5277e-05,-1.7274e-05,1.9145e-05,-2.5264e-05,-3.118e-05,0.00017794,2.8225e-05,2.7142e-05,2.3981e-05,-2.4322e-05,7.8254e-06,-2.2413e-06,9.2992e-05,7.1412e-05,4.7076e-05,4.377e-05,5.796e-05,5.7003e-05,2.5053e-05,1.0271e-05,-3.1578e-05,-4.5528e-05,1.8444e-06,0,-2.2218e-05,6.7272e-06,1.2018e-05,6.4306e-05,6.1942e-05,-6.7822e-05,5.3099e-05,4.0338e-05,0.00017146,4.317e-05,5.7018e-05,4.1232e-05,-2.017e-05,1.9717e-05,5.4996e-05,3.2025e-06,-8.7241e-06,-6.8226e-05,9.2205e-06,5.6566e-05,7.2719e-05,0.00010214,-1.5205e-06,4.3783e-06,9.4003e-05,-6.7691e-05,-5.2838e-05,1.7234e-05,9.418e-05,5.0404e-05,-7.9249e-05,0.00017184,2.0718e-05,1.8463e-05,-7.0592e-05,3.842e-05,1.9429e-05,2.5006e-05,5.7035e-06,8.833e-05,0.00012237,1.1099e-05,2.2119e-05,9.0572e-06,4.6808e-05,5.5684e-05,6.6329e-05,-2.6944e-05,-1.3478e-06,-1.9946e-05,4.6296e-05,1.9333e-05,6.2847e-05,3.5943e-05,5.3003e-05,-0.00019775,-7.7212e-06,3.5982e-05,2.7614e-05,0.00014912,5.4999e-05,-1.0855e-05,2.8289e-05,2.6014e-05,-4.7337e-05,1.056e-06,1.7061e-05,7.0767e-05,3.8345e-05,4.8656e-05,4.2675e-05,-2.366e-05,2.9392e-05,2.0814e-05,2.1821e-05,2.5574e-06,7.4848e-05,6.3151e-07,4.9023e-05,-5.967e-06,8.4194e-06,3.602e-05,5.5452e-05,4.6293e-05,8.614e-05,3.2186e-05,3.8686e-05,-9.9949e-06,1.1891e-05,3.9477e-05,-6.681e-07,7.3603e-05,1.6828e-05,1.0718e-05,4.4243e-05,1.6976e-05,8.1658e-07,-3.9836e-05,5.4798e-05,-2.5441e-05,1.1813e-05,5.0216e-05,8.0836e-06,4.5965e-05,9.9637e-05,2.3588e-05,2.8584e-05,4.8598e-05,-1.6634e-05,4.1117e-05,-3.0801e-05,3.9792e-07,4.9667e-05,7.9039e-06,6.17e-05,4.7576e-05,-1.1481e-05,4.1633e-05,-2.0754e-05,2.8072e-05,1.7074e-05,7.7296e-05,3.8141e-05,2.9927e-05,3.7351e-05,1.5598e-06,1.4018e-05,0.00011091,2.7874e-05,3.8529e-05,2.4259e-05,2.6782e-05,8.5886e-06,8.0496e-05,2.5978e-05,2.3216e-05,-5.3267e-06,3.1814e-05,-1.5074e-05,2.5766e-05,-6.9422e-06,1.0967e-05,3.335e-05,6.3446e-05,9.2413e-05,6.7512e-05,3.8719e-06,4.4229e-05,8.9483e-06,-9.1516e-06,6.5453e-05,2.0059e-05,8.4357e-05,2.1696e-05,1.5227e-05,5.1574e-05,-3.6859e-05,-3.6705e-06,2.824e-05,2.068e-06,3.5268e-05,-4.0136e-05,5.29e-05,1.3991e-05,-1.1822e-06,2.6839e-05,1.4194e-05,1.8719e-05,4.5359e-05
0.00013285,0.00011008,4.3877e-05,0.00012067,4.2755e-05,6.9695e-05,1.3984e-05,4.1873e-05,7.6506e-05,6.6046e-05,3.4855e-05,0.0001073,2.8225e-05,0.00012627,2.7457e-05,5.267e-05,4.5804e-05,-3.6809e-05,7.3826e-07,6.6714e-05,-7.0892e-05,-1.4454e-06,-8.9509e-05,8.9858e-05,1.6092e-05,4.5528e-05,1.1627e-05,3.3965e-05,8.0778e-06,5.5537e-05,0,-5.2602e-05,4.3695e-05,3.1322e-05,3.0304e-05,5.0478e-05,3.3216e-05,4.7672e-05,-1.0444e-05,0.00022134,7.9652e-05,5.9374e-05,6.1778e-05,5.3935e-05,6.7941e-05,6.5556e-05,3.145e-05,2.9808e-05,3.0041e-05,2.6102e-05,2.661e-05,1.224e-05,6.4863e-05,5.4992e-05,1.4064e-05,0.00017606,0.00019087,-5.8633e-06,4.6668e-05,4.5706e-05,1.9655e-05,7.0936e-05,0.00010167,3.1779e-05,7.539e-05,0.00010911,1.7352e-05,6.2296e-05,-4.0784e-05,5.9428e-05,3.3846e-05,0.00013645,2.3485e-05,6.06e-05,4.7558e-05,8.5552e-06,2.4041e-06,5.7086e-06,3.7352e-05,3.8118e-05,6.9014e-06,5.1822e-05,5.5233e-05,-2.0448e-05,6.4975e-05,-2.1453e-06,-3.3125e-05,8.5127e-05,5.7944e-05,7.0171e-05,-3.1407e-05,9.6092e-06,9.5263e-06,5.5076e-05,2.6139e-05,4.1993e-05,-1.2337e-06,5.1129e-05,2.8615e-05,2.3556e-05,1.0684e-05,2.2525e-05,3.3134e-05,9.2945e-05,4.2553e-05,-5.9705e-07,5.3053e-05,5.7219e-05,1.4049e-05,3.0182e-05,8.5312e-05,2.3156e-05,3.7341e-05,0.00010543,7.2199e-05,3.9969e-05,4.6397e-05,0.00010627,-1.4741e-06,6.9119e-05,6.8232e-05,4.9903e-05,3.9643e-05,0.00011797,2.5105e-05,2.1188e-05,1.6491e-05,2.4908e-05,3.6312e-05,5.3747e-05,6.8459e-05,3.492e-05,4.8388e-05,3.3044e-05,5.9064e-05,6.0737e-05,5.1457e-05,7.5588e-06,9.3276e-05,3.0006e-05,3.5563e-05,5.6599e-05,4.7999e-05,2.6415e-06,2.7657e-05,8.3809e-05,2.4454e-05,3.5386e-06,1.0083e-05,1.458e-05,2.9239e-05,1.6149e-05,-2.843e-06,5.1796e-05,2.5766e-05,8.012e-05,-7.6636e-05,2.3737e-05,-4.6601e-05,7.1295e-05,2.2211e-05,8.6638e-05,1.724e-06,7.0557e-06,7.2188e-05,7.5183e-05,4.1452e-05,-2.0917e-05,7.5658e-05,-1.7064e-05,6.6113e-05,6.4571e-06,4.189e-05,2.8382e-05,5.2769e-05,5.7291e-05,4.2427e-05,3.4261e-05,-7.2075e-05,3.7365e-05,-7.7563e-05,3.6976e-05,-4.104e-05,2.8096e-05,2.6274e-05,6.9245e-05,8.9127e-05,1.1433e-05,3.9952e-05,0.00011968,-9.6602e-06,5.9489e-05,5.8042e-05,5.7058e-05,6.0638e-05,1.2391e-05,6.3167e-05,5.2787e-05,6.5631e-05,7.7333e-06
0.0012263,-1.5056e-05,-8.4604e-05,0.0006124,0.00026178,0.00051656,3.6467e-05,-9.3254e-06,0.00018526,-4.4572e-05,0.00018677,-6.9862e-06,2.7142e-05,2.7457e-05,0.00056586,1.8624e-05,0.00012829,0.00014722,-5.8796e-05,0.00039286,0.00016178,0.00018391,0.00035401,0.00087081,0.00064499,4.687e-05,0.00014318,-4.1819e-05,0.00032245,0.00016292,0,3.0744e-05,3.1619e-05,0.0003403,0.00019476,0.00012252,0.00011927,0.00020545,0.00046513,-2.5475e-05,-7.3054e-06,0.00011352,3.8661e-06,-4.7564e-05,0.00012843,0.00010289,-0.00019603,-0.00013438,0.00028638,1.1762e-05,6.0401e-05,0.00011006,2.1587e-05,0.00015694,-8.9621e-06,0.00033905,0.00082709,3.2526e-05,-1.4926e-05,0.00013156,4.8759e-05,0.00043222,0.0001544,0.00014587,0.00020994,0.00076277,-4.5663e-05,1.2516e-05,2.214e-05,6.6349e-05,2.6791e-05,0.0002147,1.0605e-05,0.00015588,0.00016805,0.0001185,8.2348e-05,0.000431,3.1371e-05,4.8693e-05,-8.487e-06,0.00021357,0.00012893,8.7423e-05,9.6766e-05,7.9606e-06,0.00012441,0.00021085,0.00019017,-2.6681e-07,0.00033755,-2.7483e-05,3.6228e-05,1.6663e-05,5.5364e-05,-0.00010724,3.2949e-06,5.3941e-06,0.00029638,0.00014416,-6.5119e-06,3.0309e-05,0.00013024,3.5743e-06,-5.2777e-05,0.00015399,0.00013523,0.00022474,0.00037023,0.00016074,0.00020802,-9.2214e-05,8.0145e-05,4.9646e-05,0.00017614,0.00014697,0.00027033,0.00023745,-3.1188e-05,-2.397e-05,-8.9312e-05,0.00017734,0.00037217,0.00025591,0.00012254,-8.835e-05,0.00010319,-4.5288e-05,0.00021038,0.00033294,0.00016956,-4.6986e-06,0.00024941,1.7928e-05,1.0589e-05,0.00051055,0.0002936,0.00013707,-1.0969e-05,-6.3927e-05,8.5756e-05,0.00073448,0.00011088,0.00022478,-3.7515e-05,0.0002525,0.00034339,2.0976e-06,0.00015721,-2.2735e-06,0.00014812,-3.4683e-05,0.00019976,0.00018164,0.00025332,-4.8745e-05,-1.6601e-05,3.5609e-06,4.9682e-05,4.0859e-05,0.00028734,0.00019019,0.00019039,-0.00010481,-1.0149e-05,0.0002256,8.7742e-05,0.00020435,7.1767e-05,0.00085865,0.00025218,2.7662e-05,-5.5863e-07,0.00019188,0.00014538,-4.159e-05,8.8512e-05,-3.6017e-05,0.00089032,9.0118e-05,-5.1027e-05,0.00029413,0.00014051,0.0001613,-6.8657e-06,5.8107e-05,-6.838e-06,6.6843e-06,-1.7743e-05,9.1518e-05,0.00063683,3.1927e-05,0.00016328,0.00043193,0.00024337,0.00014802,-4.0538e-05,6.9459e-05,5.9641e-05,0.00010064
0.00013244,5.4112e-05,8.2643e-06,0.00010873,1.7085e-05,1.5382e-05,-2.4908e-05,2.2224e-05,1.7431e-05,2.1179e-05,-2.6864e-05,4.5343e-06,2.3981e-05,5.267e-05,1.8624e-05,6.2899e-05,2.2182e-07,-2.4756e-05,-3.9267e-05,5.6457e-05,-3.4503e-06,-3.1634e-05,-2.5414e-05,6.8547e-05,2.2109e-05,9.1033e-06,1.565e-05,1.7569e-05,-1.6062e-05,2.9555e-05,0,-3.0929e-05,2.5078e-05,4.8304e-05,1.6413e-05,4.6546e-05,2.5628e-05,-1.8481e-05,8.6301e-06,3.791e-05,4.1874e-05,4.3294e-05,3.3643e-05,1.5014e-05,3.3255e-05,3.6952e-05,3.8701e-05,1.3573e-05,2.9339e-07,1.6918e-05,-9.9658e-06,6.5785e-05,1.2037e-05,-9.7185e-06,1.0004e-05,0.00010017,9.9834e-05,-3.1383e-06,1.8243e-05,3.9442e-05,2.4489e-05,2.6851e-05,1.087e-05,1.7039e-05,3.3776e-05,5.9624e-05,2.4678e-05,3.3044e-05,-2.1771e-05,3.1571e-05,1.7566e-05,6.2693e-05,-1.1363e-06,2.8156e-05,3.0153e-05,3.3274e-05,1.3147e-05,2.4538e-06,-4.5998e-06,-1.0153e-05,-3.5628e-06,3.2465e-05,1.061e-05,1.6544e-05,2.3238e-05,-8.2818e-06,5.6492e-05,-1.0242e-05,6.8027e-06,4.0865e-05,-2.3179e-05,1.6107e-05,-1.7196e-07,2.5028e-05,1.3071e-05,1.2407e-05,-2.9314e-06,8.2182e-06,2.4111e-05,1.8435e-06,5.0487e-06,3.6386e-05,2.3834e-05,4.1388e-05,2.2212e-05,-2.1463e-06,2.2908e-05,-8.5463e-07,-1.9763e-05,2.1248e-05,4.6175e-05,8.6051e-06,3.4358e-05,4.6983e-05,1.1786e-06,6.1164e-05,8.9765e-06,8.2791e-05,2.1562e-05,5.5098e-05,6.3608e-05,1.4871e-05,2.7419e-05,5.5513e-05,-2.2729e-05,5.0458e-07,-4.4468e-06,3.0555e-05,3.5832e-06,-4.8296e-06,3.3451e-05,1.3783e-05,4.0752e-05,1.8794e-05,4.0154e-05,4.851e-06,2.2382e-05,-2.8295e-05,5.2185e-05,5.2232e-06,5.1597e-07,7.0416e-05,1.9169e-05,-6.1691e-05,2.2493e-05,2.4025e-05,4.4989e-05,-2.5096e-06,4.1784e-06,-3.6208e-07,2.6305e-05,5.3484e-06,5.5961e-05,9.0411e-06,1.7394e-05,3.1261e-05,-5.6228e-05,1.154e-05,-1.2677e-05,5.3579e-05,2.9358e-05,5.702e-05,-2.0034e-05,4.9272e-06,4.1831e-05,1.9921e-05,-1.295e-06,-1.2906e-05,3.2074e-05,-3.9688e-06,6.1404e-06,2.9252e-05,4.2945e-05,-7.0694e-06,2.3264e-05,3.0277e-05,5.2669e-05,4.3035e-05,7.2556e-05,1.2353e-06,-2.6317e-05,1.3015e-05,-2.4473e-05,-7.7291e-05,1.4454e-05,1.1337e-05,3.9224e-05,1.2051e-05,3.6793e-05,8.4179e-06,2.9992e-05,3.1964e-05,-2.7921e-06,4.7463e-05,2.2793e-05,3.9164e-05,1.1557e-06,3.0538e-06,3.7585e-05,8.0063e-06
0.00012046,0.00010602,-3.971e-07,5.6046e-05,2.991e-05,0.00019021,-4.1995e-05,8.3966e-05,0.00010153,1.8241e-05,0.00011734,0.00010708,-2.4322e-05,4.5804e-05,0.00012829,2.2182e-07,0.00032593,0.00021308,4.4358e-05,9.9366e-05,5.6626e-05,0.000302,2.2808e-05,2.2941e-05,0.00013289,3.8399e-05,3.8173e-05,4.7424e-05,0.00016298,4.2158e-05,0,0.00021147,0.00013116,0.00015762,7.0377e-05,4.872e-05,-0.00014254,0.00012135,0.00014767,-0.00012428,5.3541e-05,3.4701e-05,-4.7046e-06,5.3186e-05,0.00011038,1.6148e-05,-4.2841e-05,5.3806e-05,0.00015956,-5.9299e-05,-2.4879e-05,2.8748e-05,0.00027284,2.4736e-06,-4.6098e-06,0.0001566,3.7673e-05,-5.1852e-06,4.1557e-05,0.00019869,6.0883e-05,-7.8152e-06,0.00012963,0.00023134,4.7821e-05,8.6722e-05,5.0784e-05,5.7134e-05,-3.3219e-05,0.00010637,3.8455e-05,5.4145e-05,-3.8343e-05,8.9933e-05,0.00010732,-9.7483e-06,-2.3102e-05,7.3981e-05,6.7436e-05,8.4833e-05,0.00016549,0.00021521,0.00011869,4.0556e-05,6.3676e-05,8.4901e-05,-0.00029687,4.8003e-05,7.2987e-05,0.00010355,0.00016873,-1.3219e-05,8.2602e-06,0.00012531,2.698e-05,7.6117e-05,7.4441e-07,0.00010829,5.0287e-05,0.00010629,0.00010102,0.00015393,9.424e-05,8.191e-05,-4.6838e-05,0.00011725,0.00014679,8.508e-05,0.00016797,7.9515e-05,9.8905e-05,4.4015e-06,-1.3404e-05,0.00012807,9.4147e-05,2.8531e-05,0.00019874,0.00010818,-1.0044e-05,4.7338e-05,-3.9369e-05,0.00017175,3.9117e-05,9.9905e-05,9.0431e-05,-3.8467e-06,7.991e-05,2.5642e-05,9.2043e-06,4.9357e-05,7.5969e-05,0.00010902,8.0852e-05,6.8695e-05,4.4564e-05,0.00013014,7.0889e-05,0.00026164,1.0928e-05,5.8839e-05,4.7566e-05,-1.4532e-07,6.3442e-05,-3.9924e-05,6.2749e-06,7.0119e-05,-5.6178e-05,1.5264e-05,6.7973e-05,1.5755e-05,0.00014577,-2.4058e-05,-1.2534e-05,0.0001047,7.6905e-05,7.5639e-05,-1.5483e-06,6.8006e-05,-4.3507e-05,-6.1711e-06,7.7188e-05,8.6296e-05,7.1692e-05,0.00012226,3.107e-05,7.0346e-05,3.2209e-05,8.6386e-05,0.0001052,0.00017058,0.00013628,0.00010858,3.661e-05,8.7564e-05,0.0002038,5.6108e-05,6.7517e-05,0.00023488,9.525e-05,0.00014339,-0.00016584,6.0171e-05,0.00020056,5.6367e-05,4.7175e-05,0.00010495,-2.0099e-06,0.00011165,1.6905e-05,8.9137e-05,-7.1182e-05,-3.044e-05,0.00016999,-0.00010614,7.0366e-05,9.6134e-05,8.2589e-05,0.00012864,6.2245e-05,0.00014714
-1.3226e-05,1.7482e-05,-4.9627e-05,3.0152e-07,3.7373e-05,7.4599e-05,-1.039e-05,7.9952e-05,1.3834e-05,-3.0784e-05,0.00010999,-4.3008e-05,7.8254e-06,-3.6809e-05,0.00014722,-2.4756e-05,0.00021308,0.00034962,9.4808e-05,6.0351e-05,0.00011283,0.00040015,0.00017728,-1.1963e-05,0.00018572,1.3053e-05,5.0493e-05,1.8236e-05,0.00010649,6.7208e-05,0,0.00031481,9.2561e-05,0.0002476,8.5607e-05,5.1481e-05,-0.00023111,7.0604e-05,0.00012449,-8.2613e-05,5.0709e-06,7.5759e-05,-9.9711e-06,5.2358e-05,0.00016448,2.5183e-05,-0.0001142,9.9944e-05,7.103e-05,-1.0027e-05,-6.6736e-05,-4.6738e-05,0.00024323,6.0286e-05,2.6273e-05,-0.00014032,-0.00016233,-2.2744e-05,-6.9948e-06,0.00015398,7.2088e-05,1.0464e-05,0.00013583,0.00021234,6.3616e-05,-3.2882e-05,4.9414e-05,4.0773e-05,7.672e-05,0.00012828,2.0471e-07,-5.538e-05,-6.3054e-05,3.4587e-06,0.00013431,-1.3768e-05,-3.5868e-05,0.00012845,6.7186e-05,8.5644e-05,0.00013422,0.00015112,0.00013015,9.9276e-05,4.1407e-05,8.648e-05,-0.00046129,5.3744e-05,0.00010671,5.5312e-05,0.00027899,-7.0582e-05,7.9147e-05,4.0392e-05,6.0307e-06,2.1885e-05,1.7034e-06,6.0681e-05,6.791e-05,7.2837e-05,8.0295e-05,0.00010794,0.00010709,-0.00011183,-4.6154e-05,0.0001555,0.00018281,9.0012e-05,0.00019358,7.8245e-05,9.1304e-05,-2.8285e-05,-5.0773e-05,3.8324e-05,6.5614e-05,5.3228e-05,0.00016906,7.0077e-05,-2.5036e-05,2.0259e-05,-8.4228e-05,9.567e-05,5.6071e-05,1.0647e-05,7.6436e-05,6.4163e-06,0.00014808,-1.6819e-05,-2.9958e-06,5.5836e-05,5.2667e-05,6.6527e-05,0.00013109,5.9777e-05,2.9043e-05,0.00012803,4.6105e-06,0.00031,-1.9108e-05,5.8179e-05,-4.2761e-05,3.342e-06,4.342e-05,5.8429e-05,4.33e-05,2.8075e-05,-8.0145e-05,4.1472e-05,8.4517e-05,6.0736e-05,0.00012575,-3.4645e-05,-3.5531e-05,6.8967e-05,5.438e-05,3.8026e-05,0.0001673,0.0001124,-3.6908e-05,2.2029e-05,0.00015737,9.5149e-05,1.6504e-05,3.4013e-05,1.2952e-05,4.9632e-05,4.8395e-05,0.00012447,3.6898e-05,0.00015304,0.00016724,0.0001232,-9.2735e-06,7.7681e-05,0.00015695,2.0411e-05,8.3651e-05,0.00021881,0.00022675,0.00010408,-0.00015241,4.6968e-05,0.0003198,4.3936e-05,4.3296e-05,7.5117e-05,-2.5458e-05,0.0001059,-4.0184e-05,2.0271e-06,-4.2849e-05,-5.0801e-05,0.00013137,-7.7754e-05,3.4036e-05,0.00021919,8.1802e-06,0.00013269,2.3267e-05,0.00013965
