0.002728,0.00012394,-3.3371e-05,0.00035419,0.00050331,0.00097773,0.00035421,7.6475e-05,0.00020617,0.00023334,0.00022687,0.00040622,0.00016627,0.0002506,0.00013852,4.4322e-06,0.00030173,0.00022139,0.00017491,0.0011655,-8.8211e-05,0.0002579,0.00023921,0.00014817,0.00059303,0.00031647,-3.1131e-05,7.7469e-05,0.00019046,0.00021818,0.00028017,0.00067012,0.00045399,0.00082739,7.5438e-05,0.00024097,0.00028057,0.00022521,0.00010348,0.00011812,0.00028372,4.996e-05,5.5137e-05,0.001072,0.0004656,0.00069631,0.00032943,0.00035062,0.00025761,0.0011162,0.0012644,0.00030484,0.00016322,0.00016157,0.00095789,0.00059566,0.0002202,0.00050792,0.0018611,0.00017095,6.5146e-05,6.5609e-05,0.00025299,0.00035172,0.00019836,0.000271,0.00014589,0.00091597,0.00035624,8.5239e-05,5.5923e-05,-3.6007e-05,8.5478e-05,9.515e-05,0.00015812,7.3875e-05,0.00027002,0.00049462,0.00014172,2.1717e-05,0.00025418,0.00018119,-5.8821e-05,0.00025956,0.00019494,-0.00017028,0.00022962,0.00023462,7.9063e-06,0.0001824,-0.00015229,0.00024933,-7.3668e-05,0.0002201,0.00019808,0.00040863,-0.00068992,0.00029747,0.00021118,7.9303e-05,0.00032742,0.00019263,4.3695e-05,0.00050876,0.00026094,5.8141e-05,0.00038111,0.00055536,0.00013349,0.00060778,2.0712e-05,0.00010302,2.1376e-05,0.00044865,0.00026376,0.0004951,0.00021544,0.00025614,1.4689e-05,0.00015416,0.00044958,0.00068299,0.00027437,0.0001071,0.00016733,0.0013351,0.00033987,0.00049483,0.00019213,0.00055409,0.00092926,0.00031441,0.00025731,0.00017255,0.00013707,2.6267e-05,2.7545e-05,0.0001179,0.00031249,0.00025083,0.00016324,0.00022995,0.00012591,0.00039322,0.00013086,0.0004907,9.4398e-05,0.00046073,-6.0814e-05,0.0003899,0.00010632,0.00034142,0.00038409,0.00079918,0.00014048,0.00057012,0.00022503,0.00018552,7.6728e-05,0.00037642,0.00047573,0.00016425,0.00024725,0.0013828,0.00027288,0.00047914,0.00043789,0.00023533,0.00027811,9.8711e-05,0.00018656,0.00013837,0.00014573,0.00020295,0.00095693,0.0004324,0.00021101,0.00035135,0.00096553,0.00031922,9.0705e-05,4.3884e-06,0.00026498,0.00023233,0.00010761,-0.00011127
0.00012394,0.00023788,0.00012213,0.00013223,5.1241e-05,7.8026e-05,7.973e-05,0.00011668,0.00012097,0.00015768,7.4624e-05,0.00014613,0.00014118,0.00010416,0.00011461,4.1339e-05,0.00020047,-4.7874e-05,8.9315e-05,0.00018531,4.2569e-05,0.00018838,0.00014167,0.00014655,0.0001447,0.00015596,0.00012234,-4.8116e-05,0.00013035,8.3772e-05,0.00020851,5.7913e-05,7.9096e-05,9.0909e-05,8.5403e-05,0.00013759,0.00012003,0.00013772,7.3756e-05,9.2236e-05,8.5976e-05,5.2297e-05,7.6774e-05,0.00011872,0.00014044,0.00010037,0.0002033,7.9221e-05,1.9834e-05,-2.4941e-05,0.00032893,0.00019883,0.00012591,7.1248e-05,2.9042e-05,7.8804e-05,2.8823e-05,0.00018224,0.00016127,0.00011084,0.00017279,8.0039e-05,0.000147,0.00015075,0.00014434,0.00012358,0.00013718,-1.1412e-05,0.00013533,4.0057e-05,5.6231e-05,7.7665e-05,0.00013615,4.2081e-05,0.00017124,5.0599e-05,6.7983e-05,3.4294e-05,0.00010627,2.3668e-05,9.1531e-05,6.4231e-05,0.00014515,0.00013311,6.712e-05,2.2018e-05,4.0439e-05,9.0752e-06,0.00015309,9.0749e-05,9.3955e-05,7.8271e-05,7.3673e-05,0.00016825,0.0001019,0.0001044,-9.2401e-05,0.00011853,-7.0547e-05,7.5462e-05,5.5368e-05,0.00011891,3.7992e-06,0.00015172,0.00010796,0.00010819,0.00015201,0.00030995,0.00013272,0.00013384,0.00012186,8.018e-05,6.1773e-05,1.9747e-06,0.0001835,0.00012076,2.7711e-05,0.00015676,4.5207e-05,0.000123,6.7088e-05,0.00015233,7.6556e-05,0.0001283,0.00010778,0.00018341,0.00013801,2.9664e-05,0.00014347,0.00015514,4.3029e-05,8.2725e-05,8.5812e-05,0.00010315,9.3834e-05,2.1656e-05,-4.0909e-06,9.7642e-05,0.00022314,0.0002484,9.1093e-05,-0.00010664,9.2472e-05,0.00023923,6.9913e-05,0.00013112,0.00014412,0.00011754,4.0457e-05,0.00011866,0.00026539,0.00034959,3.5426e-05,7.9018e-05,6.2483e-05,0.00015879,0.00020633,5.8192e-05,0.00013692,2.7807e-05,0.00013249,9.8313e-05,-2.4797e-05,0.00013236,6.0612e-05,0.00010861,0.00018624,0.00011737,0.00012641,7.9856e-05,0.00019055,0.00014555,7.2833e-05,0.00011031,0.00012042,8.0429e-05,0.00016066,9.3986e-05,0.00012985,2.2612e-05,6.4409e-05,9.2793e-05,0.00012825,0.00014511,7.7859e-05,0.00012468
-3.3371e-05,0.00012213,0.000109,9.574e-05,1.7193e-05,-6.3702e-06,4.7705e-05,8.8753e-05,8.2773e-05,0.00010041,4.3742e-05,0.00010439,0.00010825,4.8983e-05,6.9956e-05,4.9578e-05,0.00011622,-6.0589e-05,6.4172e-05,0.0001046,5.3289e-05,0.00012626,8.9763e-05,8.4875e-05,7.6041e-05,0.00010993,8.7868e-05,2.8277e-07,8.132e-05,5.1144e-05,0.00015213,8.733e-06,6.206e-05,4.7202e-05,4.0171e-05,9.8648e-05,7.5323e-05,9.0417e-05,5.8966e-05,8.223e-05,2.3729e-05,3.7768e-05,3.3046e-05,0.00015102,5.4577e-05,5.7871e-05,0.00011782,1.3566e-05,-3.7143e-06,2.3329e-05,0.00013242,0.0001097,7.1236e-05,5.7818e-05,-6.3386e-06,6.497e-05,2.0674e-05,0.00011701,4.0727e-05,4.0603e-05,9.6697e-05,6.9727e-05,8.5881e-05,6.9507e-05,0.00011244,7.5054e-05,0.00011731,-7.5145e-05,0.00010762,1.7913e-05,4.2776e-05,5.0694e-05,8.7883e-05,3.9751e-05,9.8e-05,4.1893e-05,5.6474e-05,1.9378e-05,7.0012e-05,-2.8087e-05,7.1745e-05,2.8302e-05,8.0183e-05,6.6328e-05,5.7757e-05,1.8857e-05,3.8089e-05,6.5682e-06,9.8955e-05,5.9758e-05,0.0001223,5.6845e-05,2.1718e-05,0.00011782,8.6804e-05,8.1591e-05,1.167e-05,4.5661e-05,-2.241e-05,3.9846e-05,4.7613e-05,7.9104e-05,1.2467e-06,0.00011751,9.3629e-05,8.1051e-05,8.3686e-05,0.00016072,0.00012356,8.7582e-05,8.3141e-05,3.8188e-05,7.7448e-05,-3.3015e-05,0.00011625,0.00010569,2.0231e-05,7.5347e-05,3.1057e-05,9.4427e-05,6.5042e-05,7.4447e-05,5.0914e-05,9.7707e-05,4.3551e-05,8.9655e-05,8.0801e-05,3.8348e-06,0.00010137,0.00011165,-1.0153e-05,6.3145e-05,5.248e-05,6.2011e-05,4.7238e-05,1.4793e-05,1.4493e-05,7.4097e-05,0.00016081,0.00018143,2.128e-05,1.4262e-06,6.9913e-05,0.0001562,7.4243e-05,7.554e-05,0.00011985,5.8528e-05,2.0999e-05,5.4667e-05,0.0001291,0.00018047,1.9951e-05,2.9344e-05,1.7271e-05,9.011e-05,0.00013901,2.6653e-05,0.00010421,1.1843e-05,7.91e-05,8.5125e-05,-2.4819e-05,8.7104e-05,3.4397e-05,9.4239e-05,0.00011141,6.6032e-05,8.9871e-05,6.1607e-05,0.0001176,8.7956e-05,6.8655e-05,8.2311e-05,4.6493e-05,2.1485e-05,0.00010473,4.0444e-05,1.4491e-05,2.5157e-05,2.7234e-05,4.9832e-05,5.7087e-05,9.8229e-05,7.3649e-05,0.00010106
0.00035419,0.00013223,9.574e-05,0.00038255,0.00013665,0.00021458,0.00014723,4.5977e-05,0.0001624,0.00015899,0.00010889,0.00016803,0.00016067,6.0779e-05,9.1068e-05,6.987e-06,0.00017232,-9.9056e-05,0.00022245,0.00034873,-6.657e-05,0.00015767,0.00010857,0.00011529,0.0002176,0.00021858,6.2977e-05,-7.1989e-05,0.00011215,4.8675e-05,0.00024664,0.00014548,0.00012211,0.00025151,1.7207e-05,0.00012214,9.3085e-05,0.00013246,8.1015e-05,9.8142e-05,5.268e-05,-4.2582e-05,-6.3869e-05,0.00030092,9.2321e-05,0.00010736,0.00015699,-5.3015e-05,1.3194e-05,-4.5858e-06,0.00044027,0.00017681,0.00015192,6.6241e-05,0.00017115,9.9048e-05,2.1376e-05,0.00025506,0.00029547,-1.0062e-05,8.166e-05,6.8745e-05,0.00016247,0.00015392,0.00012854,7.3801e-05,0.00013198,-2.1108e-05,0.00020506,3.174e-05,3.8122e-06,-3.8487e-05,0.00013233,4.8837e-05,0.00015017,7.2266e-05,1.7e-05,4.561e-05,8.9715e-05,-0.00011606,9.8257e-05,4.0758e-05,4.22e-06,2.7931e-05,5.3066e-05,-1.6161e-05,2.8641e-05,2.6957e-05,8.6771e-05,8.1633e-05,0.0001178,1.532e-05,-2.8396e-05,0.00018084,0.00015167,0.00015013,-0.00014935,9.4607e-05,-1.5632e-05,3.3407e-05,0.00011697,7.8641e-05,1.6654e-05,0.00010124,0.0002148,0.00011082,8.3522e-05,0.0003409,6.955e-05,0.00011335,0.00012772,4.2233e-05,3.68e-05,0.00012553,0.00021965,0.00019396,2.3887e-05,0.00012932,-3.345e-05,0.00013084,0.0001437,0.00026366,8.398e-06,0.0001122,-1.4599e-05,0.00029287,0.00017403,7.2419e-05,0.00016586,0.00015975,0.00016703,9.7823e-05,7.4497e-05,7.2503e-05,9.6229e-05,1.878e-05,1.9667e-05,0.00019319,0.00025493,0.00025852,8.442e-05,-6.7478e-05,0.00010125,0.0002252,0.0001121,0.00018589,0.00017234,0.00014685,-2.2932e-05,0.00013315,9.1796e-05,6.5922e-05,7.4087e-05,4.2857e-05,7.8567e-05,0.00022196,0.00019036,-1.4367e-05,8.232e-05,4.3193e-05,0.00026654,0.00013052,-5.5159e-05,0.00034157,6.4085e-05,0.00022884,0.00019478,6.4406e-05,0.00022587,1.6333e-05,0.00022035,9.0521e-05,0.00010543,9.6992e-05,0.00020121,1.0601e-05,0.00018383,0.00012433,0.00015727,0.00010459,1.7192e-05,8.4585e-05,6.5324e-05,0.00017792,-1.7766e-05,2.4166e-05
0.00050331,5.1241e-05,1.7193e-05,0.00013665,0.00026286,0.00029238,0.0001377,6.5222e-05,8.7804e-05,0.00011347,9.4605e-05,0.00012389,0.00011534,2.6179e-05,7.5782e-05,2.3754e-05,0.00015225,-7.566e-05,0.00011637,0.00026945,-4.5861e-06,0.00010617,7.8237e-05,0.00010038,0.0002518,0.00015088,-3.1617e-05,6.2427e-05,7.8339e-05,7.233e-05,9.924e-05,0.00015009,0.00013916,0.00030586,2.286e-05,9.9982e-05,0.00013435,9.7442e-05,6.266e-05,6.2735e-05,9.2242e-05,5.0331e-05,-1.3752e-05,0.00034546,0.0001191,0.00022717,5.9735e-05,4.3089e-05,0.00014339,5.1536e-05,0.0004673,0.00010119,0.00011277,6.0185e-05,0.00022359,0.00013896,2.7768e-05,0.00022383,0.00053995,7.493e-05,4.0312e-05,4.3772e-05,0.00010811,0.00011493,0.00011257,8.5559e-05,8.0996e-05,3.7987e-05,0.00013923,1.3032e-05,3.1554e-05,-1.7396e-05,8.8406e-05,3.6185e-05,4.8036e-05,3.0694e-05,0.00012541,0.0001319,6.2207e-05,-2.4646e-05,0.00010676,2.5245e-05,4.0019e-05,5.4706e-05,0.00010622,-2.374e-05,5.8141e-05,-3.1703e-05,1.4528e-05,0.00010207,-3.3666e-05,4.7193e-05,-3.233e-06,9.5496e-05,0.00010524,0.00017039,-8.6749e-05,9.5073e-05,0.00010246,1.5498e-05,0.00010209,8.0241e-05,2.1365e-05,0.00011012,0.00016316,6.5606e-05,4.7082e-05,0.00019649,7.4572e-05,0.00032435,9.0222e-05,3.5104e-05,4.6902e-05,0.00020008,0.00011904,0.0001839,5.7224e-05,7.8308e-05,3.4527e-05,7.0127e-05,0.0001486,0.00026738,4.849e-05,8.4274e-05,2.5402e-05,0.00029003,8.3386e-05,0.00017707,7.491e-05,0.00012474,0.00017944,7.0485e-05,5.5435e-05,6.2523e-05,5.2447e-07,9.7373e-06,4.292e-05,0.00015461,0.00013967,0.00013379,3.3847e-05,-7.778e-05,5.6814e-05,0.00015623,9.7297e-05,0.00018961,0.00011483,0.00010429,-3.6114e-06,2.0194e-05,-1.8724e-05,0.00022978,4.2607e-05,0.00013238,4.2136e-05,0.00019889,0.00013154,4.2492e-05,5.9981e-05,0.00012924,0.00024652,0.0001001,-3.9788e-05,0.00059637,9.2951e-05,0.00027523,0.00019581,9.7659e-05,0.00014834,3.8666e-05,9.5091e-05,7.5486e-05,9.3795e-05,8.0246e-05,0.00029929,7.0967e-05,0.00013293,0.00014717,0.00039327,0.00019574,1.9982e-05,2.5865e-05,9.9551e-05,0.00011227,9.5597e-05,3.5489e-05
0.00097773,7.8026e-05,-6.3702e-06,0.00021458,0.00029238,0.00085412,0.00025828,0.00011443,0.0001263,0.00013001,9.0592e-05,0.00021039,9.9357e-05,0.00011455,7.8816e-05,5.1177e-05,0.00016886,9.3653e-06,9.3843e-05,0.00061368,5.7964e-05,0.00026097,0.00010926,6.0051e-05,0.00048719,0.00012873,-5.8394e-05,5.427e-05,0.0001295,0.00012846,0.00015361,0.00031577,0.00022761,0.00055324,4.8532e-05,9.6756e-05,0.00018048,9.8555e-05,7.7077e-05,0.00010051,0.00011347,5.0389e-05,-1.112e-05,0.00064884,0.00015125,0.00027324,0.00013483,8.2573e-05,4.003e-05,0.0007733,0.00064137,0.0001567,4.8003e-05,9.7583e-05,0.00034351,0.00018118,2.472e-05,0.0002358,0.00085084,3.1699e-05,4.4875e-05,9.1607e-05,0.00015937,0.00018446,6.509e-05,0.00013773,7.8047e-05,8.2315e-05,0.00020235,-2.0551e-05,7.6725e-05,-7.2006e-05,4.113e-06,2.0909e-05,4.9942e-05,6.7443e-05,9.0677e-05,0.00016062,6.7753e-05,-3.2117e-05,7.9385e-05,-1.0373e-05,4.7241e-06,8.7361e-05,1.6721e-05,-0.00016386,0.00010255,-1.3053e-05,3.849e-05,0.00013967,-0.00017195,0.00012729,-5.7347e-05,0.00013151,0.00010948,0.0002053,0.00021092,0.00010398,0.00012391,-2.9062e-05,0.00011329,6.8653e-05,9.682e-05,0.0001577,0.00016872,6.7105e-05,0.00011287,0.0003258,0.00010192,0.00053329,5.1295e-05,1.1186e-05,5.4224e-05,0.00035262,0.00016118,0.00024882,5.5445e-05,7.5396e-05,3.4785e-05,2.4033e-05,0.00022203,0.00052966,0.00010314,5.5803e-05,3.6207e-05,0.00059264,0.00014131,0.00014633,-1.9277e-07,0.00014342,0.000311,7.655e-05,0.00010728,8.6891e-05,-5.7261e-05,4.7371e-05,6.7722e-05,0.00012579,0.00018781,0.00015341,-1.3279e-05,3.171e-05,0.0001088,0.00019469,0.00010476,0.00022614,0.00015877,0.00026023,-4.9826e-05,0.00010234,1.5923e-05,0.00011665,0.00013343,0.00037049,-5.7436e-05,0.00036097,0.00014207,6.9134e-05,4.747e-05,0.00011445,0.00019561,5.3238e-05,2.1841e-05,0.00097863,9.7409e-05,0.00026398,0.0002818,7.1262e-05,0.00022909,2.7963e-05,0.0001072,9.8379e-05,7.5223e-05,2.8076e-05,0.00064778,0.00018805,0.00014324,0.00014095,0.00052206,0.00032409,5.1931e-05,6.526e-05,0.00010401,7.9764e-05,4.5478e-05,1.4016e-06
0.00035421,7.973e-05,4.7705e-05,0.00014723,0.0001377,0.00025828,0.00018583,0.00010589,0.00012044,0.00010456,8.6841e-05,0.00017202,0.0001337,2.7309e-05,6.5059e-05,3.0213e-05,0.00015339,-2.1909e-05,3.2983e-05,0.00030248,7.2378e-05,0.00015949,8.6802e-05,7.3138e-05,0.00020178,0.0001612,-4.2274e-05,6.4814e-05,9.488e-05,0.00010181,0.00015206,0.00011845,0.00010259,0.00021264,2.7445e-05,9.5922e-05,0.00016557,9.8209e-05,6.1703e-05,0.00010003,5.8294e-05,3.2734e-05,0.00010359,0.00036787,9.0317e-05,4.8239e-05,0.00021077,5.6995e-06,7.2362e-05,0.00013307,0.00028694,0.00011613,8.5572e-05,4.017e-05,8.2109e-05,9.2594e-05,2.3381e-05,0.00019278,0.00023526,2.7367e-05,-4.5604e-05,8.8041e-05,0.00011042,0.00011702,0.00013971,0.00010963,0.00010702,6.9908e-06,0.00017428,1.5649e-05,2.8285e-05,2.0616e-06,8.9194e-05,6.6971e-05,8.4799e-05,7.037e-05,7.0419e-05,4.1434e-05,8.7374e-05,-1.3063e-05,9.9576e-05,3.215e-06,8.8982e-05,9.3106e-05,6.6869e-05,-2.4375e-05,6.6321e-05,-1.3278e-06,0.00011176,9.6293e-05,1.7381e-05,6.5826e-05,2.261e-06,0.00013214,0.00011576,0.00015663,-4.4771e-05,6.7864e-05,-2.1424e-05,1.6683e-05,8.7088e-05,6.8288e-05,5.9443e-07,0.00016825,0.00013842,9.1998e-05,0.00013561,0.00037793,5.475e-05,0.0001655,0.00011268,4.2864e-05,9.0426e-05,0.00013917,0.00013817,0.00018742,3.5669e-05,0.00012836,2.4511e-05,8.2527e-05,0.00016507,0.00020999,4.2555e-05,8.6154e-05,3.1827e-05,0.00025837,0.00010494,8.6915e-05,7.6734e-05,0.00018066,6.8376e-05,7.8395e-05,0.0001111,8.3175e-05,3.6372e-05,3.0033e-05,5.8066e-05,0.00015388,0.00020883,0.00019307,2.4876e-05,4.8775e-05,7.8401e-05,0.00016023,0.00011583,0.00015459,0.00013096,0.00010718,-7.7071e-06,8.9741e-05,7.433e-05,0.00012428,7.1081e-05,0.00015211,3.3403e-06,0.00029403,0.00015195,2.4515e-05,9.1309e-05,4.8263e-05,0.00012825,8.3305e-05,-3.3105e-05,0.00040864,6.9368e-05,0.0001688,0.00012784,5.2426e-05,0.0001425,3.4618e-05,0.00012936,0.00011573,7.6359e-05,4.953e-05,0.00017974,0.00013291,0.00013334,0.00014665,0.00020798,0.00011672,6.4011e-05,6.6727e-05,8.6856e-05,0.0001039,4.5178e-05,6.3011e-05
7.6475e-05,0.00011668,8.8753e-05,4.5977e-05,6.5222e-05,0.00011443,0.00010589,0.00018566,0.00010028,0.00010463,5.5859e-05,0.00015372,0.00010805,6.2622e-05,0.00010123,6.2842e-05,0.00016632,-1.2709e-05,3.5031e-05,0.00019474,0.00016406,0.00019207,0.00010882,0.00011683,0.00012332,0.00012024,3.7869e-05,7.3964e-05,0.00011173,0.00010272,0.00016785,3.0567e-05,9.4138e-05,9.2492e-05,2.9389e-05,0.00011801,0.00014919,9.4997e-05,7.1633e-05,9.6056e-05,4.7523e-05,6.6634e-05,0.00011547,0.00020273,8.9359e-05,2.3955e-05,0.00020147,7.1344e-05,0.00010643,0.00032411,0.00010095,0.00012324,8.5809e-05,5.1094e-05,7.0962e-06,6.7859e-05,1.5853e-05,0.0001648,0.00015135,0.00010315,0.00012991,9.0109e-05,0.00010224,8.1807e-05,0.00015488,0.00014317,0.00011188,-0.0001445,0.00015741,1.0617e-05,7.2949e-05,6.1477e-05,0.00011972,7.049e-05,9.1463e-05,5.5708e-05,0.00010917,1.034e-05,0.0001116,2.7912e-05,8.0933e-05,-5.4401e-06,0.00011789,0.00012138,7.4793e-05,3.5733e-06,8.5672e-05,-2.3195e-05,0.00013419,0.00011459,8.6723e-05,8.8442e-05,3.0469e-05,0.0001124,8.96e-05,0.00011995,7.6727e-05,4.1818e-05,2.7324e-05,5.278e-05,5.5013e-05,9.5718e-05,-2.3726e-05,0.0002251,0.00011071,8.5849e-05,0.00016802,0.00025192,0.00013417,0.00019633,0.00011165,3.6154e-05,4.4331e-05,6.7504e-05,9.9494e-05,0.00014074,6.3511e-05,8.1948e-05,7.1611e-05,7.8014e-05,0.00011882,0.00011854,6.2279e-05,8.8985e-05,5.9333e-05,0.00017425,6.8707e-05,1.8073e-05,7.3063e-05,0.00012155,2.2128e-05,6.9505e-05,0.00010017,8.1003e-05,2.9495e-05,3.1072e-05,2.6458e-05,0.00011606,0.00021061,0.00023426,3.4739e-05,-3.2307e-05,7.7058e-05,0.00015969,0.0001078,6.9423e-05,0.00016724,6.2936e-05,1.9314e-05,7.2326e-05,0.00011291,0.00016126,1.9842e-05,9.4433e-05,-1.7903e-05,0.00019816,0.00016283,5.8666e-05,0.00010014,4.2376e-05,6.4467e-05,5.3187e-05,1.9807e-05,0.00022627,3.9389e-05,0.00010231,0.00013126,9.7159e-05,0.00010225,7.5342e-05,0.00011301,0.00012921,3.9555e-05,4.9982e-05,0.00010724,9.1377e-05,0.00010542,0.00010748,8.4379e-05,0.000115,5.8244e-05,7.9606e-05,9.5281e-05,9.4881e-05,0.00011378,0.00012292
0.00020617,0.00012097,8.2773e-05,0.0001624,8.7804e-05,0.0001263,0.00012044,0.00010028,0.00014751,0.00012328,8.354e-05,0.00016015,0.00013005,5.9386e-05,9.2412e-05,5.3621e-05,0.00016454,-5.2376e-05,9.5806e-05,0.00025596,7.5628e-05,0.00017377,0.00011468,0.00012493,0.00016078,0.00017009,6.5004e-05,3.1829e-05,0.00011241,8.9802e-05,0.0002032,8.8035e-05,7.697e-05,0.00016521,4.6278e-05,0.00011731,0.00012669,0.00010352,7.3684e-05,0.00010095,4.0223e-05,3.8453e-05,5.0953e-05,0.00020173,0.00010323,4.8892e-05,0.00018945,3.1317e-05,6.2892e-05,7.5022e-05,0.0004301,0.00017162,0.00010894,4.7699e-05,5.0405e-05,9.3715e-05,3.187e-05,0.00019433,0.00020105,6.5582e-05,3.6377e-05,9.4119e-05,0.00011595,0.00013265,0.0001543,0.00010191,0.00012857,-3.8897e-05,0.00016183,3.7847e-05,5.0081e-05,3.8864e-05,0.00011961,7.2622e-05,0.00012704,7.3809e-05,7.7601e-05,5.2144e-05,0.00011605,4.0597e-06,0.00010219,3.3074e-05,9.5987e-05,0.00010806,8.8001e-05,-1.1084e-05,6.3698e-05,1.9614e-05,0.00012222,0.00010582,6.1727e-05,6.4044e-05,2.2495e-05,0.00013821,0.00013693,0.0001496,-3.9554e-05,7.986e-05,4.4316e-06,3.6032e-05,0.00011545,9.5001e-05,2.3908e-05,0.00018044,0.00014081,0.00010451,0.0001211,0.00030942,0.00011205,0.00011894,0.00011145,6.0344e-05,7.0278e-05,2.3195e-05,0.00016343,0.00015541,5.219e-05,0.00011634,1.4567e-05,0.00010156,0.00013658,0.00016197,6.6812e-05,9.932e-05,4.2972e-05,0.00020408,0.00012223,3.9159e-05,0.00010009,0.00015707,5.1119e-05,0.00010176,9.0771e-05,8.8839e-05,6.7878e-05,2.4661e-05,3.3521e-05,0.00014907,0.00023307,0.00022623,8.4962e-05,-9.0995e-05,9.555e-05,0.00019869,8.8769e-05,0.00014149,0.00014135,0.00010679,2.2303e-05,0.00011797,0.00015186,0.00019068,7.2273e-05,0.00010462,3.7813e-05,0.00023104,0.00019077,3.5378e-05,0.00010669,5.5844e-05,0.00011131,0.00010025,-3.3634e-05,0.00027559,6.912e-05,0.00016499,0.00015629,8.8589e-05,0.00016187,5.5093e-05,0.00014727,0.00013859,6.5795e-05,0.00010524,0.00019106,5.0286e-05,0.00013942,0.00014229,0.00012405,0.00010322,5.3822e-05,9.5483e-05,8.9962e-05,0.00013129,6.5439e-05,0.00014051
0.00023334,0.00015768,0.00010041,0.00015899,0.00011347,0.00013001,0.00010456,0.00010463,0.00012328,0.00015838,8.1914e-05,0.00015082,0.00015044,6.5005e-05,9.2849e-05,2.7721e-05,0.00018733,-8.2617e-05,7.0084e-05,0.00022762,4.0419e-05,0.00015256,0.00012769,0.00014027,0.00017989,0.00016632,7.1582e-05,8.5844e-06,0.00011625,8.3605e-05,0.00019333,8.6885e-05,0.00010952,0.00016018,4.9174e-05,0.00013281,0.00013139,0.00014187,7.3276e-05,8.7766e-05,8.4962e-05,4.8708e-05,4.6681e-05,0.00024488,0.00010777,0.00011557,0.00016963,4.9835e-05,5.5044e-05,4.873e-06,0.00035943,0.00018154,0.00011768,7.2725e-05,0.00010555,0.00010452,3.3388e-05,0.00019086,0.00026362,9.0998e-05,0.0001655,6.1318e-05,0.00015364,0.00013064,0.00015599,0.00011932,0.00013385,4.5527e-06,0.00016243,3.5476e-05,4.1044e-05,4.3322e-05,0.00013263,5.9707e-05,0.00013066,4.741e-05,0.0001073,4.2212e-05,9.6979e-05,-1.6113e-05,0.00010284,4.317e-05,0.00011235,9.9536e-05,0.00010045,-4.0592e-07,4.6219e-05,1.0433e-05,0.00010991,0.00010121,7.5562e-05,6.1361e-05,3.1623e-05,0.00014799,0.00012092,0.00014401,-6.2196e-05,8.3117e-05,1.2532e-05,5.9741e-05,7.13e-05,0.00010656,-2.0435e-06,0.00017901,0.00015748,0.0001081,0.00011405,0.00027542,0.00011587,0.00015809,0.00011552,5.643e-05,6.7381e-05,5.2511e-05,0.00016597,0.00017245,4.3384e-05,0.00012174,2.6091e-05,0.00013022,0.00011704,0.0001913,5.4932e-05,0.00013289,6.4935e-05,0.00021797,0.00012415,6.641e-05,0.00013676,0.0001537,6.4932e-05,8.8853e-05,7.1843e-05,9.1532e-05,8.8989e-05,1.5893e-05,1.7661e-07,0.00014214,0.00022446,0.00023733,4.1523e-05,-0.00010109,8.4447e-05,0.00023506,0.00010103,0.00015736,0.00015952,9.7577e-05,2.3752e-05,0.00010741,0.00014492,0.00027563,4.0128e-05,9.9713e-05,4.8546e-05,0.00017707,0.00019297,4.5506e-05,0.00012551,6.9373e-05,0.00016506,9.6373e-05,-4.3951e-05,0.00028105,5.747e-05,0.00019095,0.00018962,9.8985e-05,0.00015429,6.6258e-05,0.0001749,0.00010453,9.5526e-05,0.00011648,0.00016171,5.8541e-05,0.00015783,0.00010077,0.00017408,8.5216e-05,3.5594e-05,7.5613e-05,0.0001059,0.0001537,9.2484e-05,8.941e-05
0.00022687,7.4624e-05,4.3742e-05,0.00010889,9.4605e-05,9.0592e-05,8.6841e-05,5.5859e-05,8.354e-05,8.1914e-05,9.3066e-05,0.00011962,8.6752e-05,4.2169e-05,6.3294e-05,1.8339e-05,0.00012006,-1.0245e-05,4.2392e-05,0.00015399,5.4002e-05,0.00011389,6.754e-05,6.3639e-05,0.00012481,0.00014476,2.5753e-05,3.3752e-05,7.3582e-05,5.7098e-05,0.00012256,7.9117e-05,9.8181e-05,0.00013103,5.2475e-05,9.1391e-05,9.5813e-05,7.0306e-05,4.1138e-05,5.3033e-05,9.1629e-05,2.3123e-05,4.2776e-05,0.00018484,0.00010729,4.3238e-05,0.00013351,2.3144e-05,8.4353e-05,0.00019944,0.00025521,0.00010818,8.6456e-05,4.2981e-05,8.449e-05,8.4668e-05,3.6134e-05,0.00014799,0.00024196,5.4147e-05,1.8783e-05,5.1264e-05,9.5519e-05,9.2964e-05,0.00010468,7.2771e-05,7.0787e-05,4.439e-06,0.00011963,2.8365e-05,9.983e-06,1.56e-05,0.00010068,5.2969e-05,8.537e-05,4.154e-05,6.4412e-05,5.4901e-05,7.7659e-05,8.6289e-06,8.7603e-05,5.8753e-05,8.0447e-05,6.3937e-05,6.7589e-05,-5.4615e-06,3.9779e-05,3.1952e-06,8.7562e-05,7.4374e-05,6.2479e-05,6.901e-05,1.4966e-05,8.3247e-05,8.4214e-05,0.00011206,-0.00018572,4.1471e-05,-1.4672e-05,2.4915e-05,8.1999e-05,7.1252e-05,-6.703e-06,0.00014058,0.00011362,4.9304e-05,0.00012037,0.00022641,2.3164e-05,0.00010795,8.017e-05,5.0901e-05,8.52e-05,7.6929e-05,0.00010559,0.00011755,6.1671e-05,9.4186e-05,7.3564e-06,4.8322e-05,0.0001186,0.00013691,3.2462e-05,7.1654e-05,3.0882e-05,0.00017135,0.00010615,5.9531e-05,0.00010915,0.00010741,7.4695e-05,7.1515e-05,5.5926e-05,6.2127e-05,5.0607e-05,1.2641e-05,2.881e-05,0.00012441,0.00015326,0.00013418,4.8828e-05,-1.3928e-05,4.4924e-05,0.00014514,6.279e-05,0.00014274,0.00010084,8.138e-05,1.2632e-05,7.2973e-05,0.00010272,0.00011622,4.8706e-05,0.00010967,7.7846e-05,0.00016925,0.00012461,3.8387e-05,7.9483e-05,5.88e-05,0.0001409,0.00012548,-3.5967e-05,0.00024013,6.1934e-05,0.00012657,0.00012822,6.7716e-05,0.0001043,4.5921e-05,9.7282e-05,8.9759e-05,6.7778e-05,4.1238e-05,0.00012799,1.5007e-05,0.00011247,0.00011292,0.00017894,7.8497e-05,3.6777e-05,4.839e-05,7.1947e-05,9.5124e-05,4.2439e-05,6.6958e-05
0.00040622,0.00014613,0.00010439,0.00016803,0.00012389,0.00021039,0.00017202,0.00015372,0.00016015,0.00015082,0.00011962,0.00033349,0.00016407,0.00014559,0.000136,7.2682e-05,0.00015738,-1.8715e-05,0.00013026,0.00038133,0.00012341,0.00021767,0.00014428,0.00012188,0.00022523,0.00021091,3.4837e-05,0.0001094,0.00012471,0.00012055,0.00024595,0.00016653,0.00013287,0.00024015,6.2152e-05,0.00017525,0.00017821,0.00013566,9.9104e-05,0.00014811,9.4314e-05,9.2102e-05,7.9252e-05,0.00059025,0.00016149,5.0833e-05,0.00027725,8.2385e-05,4.2308e-05,0.00028374,0.00037499,0.00019733,0.00010749,8.5398e-05,0.00014182,0.00018579,8.2639e-05,0.00023413,0.00025853,1.4548e-05,0.00013098,0.00011721,0.00015103,0.00010649,0.00019987,0.00017636,0.00019244,8.7821e-05,0.00025095,2.938e-05,6.4137e-05,6.1776e-05,0.00018933,9.8239e-05,0.00018423,0.00010396,0.00013608,4.1675e-05,0.000134,1.6924e-05,0.00015466,3.8032e-05,0.00012029,0.00016086,9.6681e-05,-2.6038e-06,9.3879e-05,1.6886e-05,0.00016071,0.00015293,0.00011974,8.6981e-05,1.1037e-05,0.00017005,0.00016262,0.00022609,-9.3606e-05,0.00012096,-7.7446e-05,6.4133e-05,0.00010601,0.0001583,1.1622e-06,0.0002873,0.00017379,8.997e-05,0.00025916,0.00048112,0.00017939,0.0002346,0.00017319,5.343e-05,9.8161e-05,8.9711e-05,0.00021157,0.00019138,7.1355e-05,0.00019593,4.7027e-05,0.0001402,0.00026121,0.00028436,6.6357e-05,0.00013571,6.8814e-05,0.00032153,0.0001866,5.9845e-05,0.00017434,0.00015669,0.00017458,0.0001434,0.00019967,0.00011579,9.3796e-05,4.3893e-05,1.6574e-05,0.00018841,0.00029752,0.0002828,3.0898e-05,-2.7974e-05,0.00011404,0.00021508,0.00015623,0.00019556,0.00018749,0.00015112,3.1287e-05,0.00016158,0.00025999,0.00018511,8.9171e-05,0.00033746,3.4744e-06,0.00024594,0.00022418,5.5511e-05,0.00015589,2.8228e-05,0.00019018,0.00015739,9.5958e-06,0.00054937,9.9404e-05,0.00023113,0.00020785,0.00012882,0.0001864,9.9037e-05,0.00016093,0.00014296,0.00012498,8.8656e-05,0.00033677,0.00023386,0.00014731,0.00015043,0.00016125,0.00010368,6.6901e-05,0.00012245,0.00013294,0.00014501,0.00013757,0.00013019
0.00016627,0.00014118,0.00010825,0.00016067,0.00011534,9.9357e-05,0.0001337,0.00010805,0.00013005,0.00015044,8.6752e-05,0.00016407,0.00018213,3.9568e-05,0.00010288,4.1678e-05,0.00017887,-5.262e-05,9.0146e-05,0.00019263,4.1456e-05,0.00015429,0.0001217,0.00013494,0.00015807,0.00018981,4.5355e-05,5.4435e-05,9.8778e-05,9.8973e-05,0.00019983,7.4563e-05,6.8509e-05,0.00013378,4.7725e-05,0.00013485,0.00014618,0.0001381,8.4609e-05,0.00011401,6.6602e-05,5.1643e-05,6.4781e-05,0.00027849,8.1041e-05,0.00010445,0.0002029,2.8672e-06,3.7688e-05,-0.00018253,0.00031644,0.00015622,0.00012592,6.1792e-05,4.1181e-05,0.00010468,5.3362e-05,0.00019658,0.00015126,6.0604e-05,9.3423e-05,8.6579e-05,0.00013313,0.00012687,0.00017524,0.00012102,0.00015515,-2.3821e-05,0.00016988,2.9162e-05,4.6015e-05,4.4775e-05,0.00013406,7.6697e-05,0.00011882,7.0882e-05,0.00011305,2.9462e-05,0.00010254,-3.932e-05,0.00012247,4.5328e-05,0.00011907,0.00010464,0.00010688,1.7679e-05,5.8334e-05,-5.9156e-07,0.00012678,0.0001009,0.00010283,5.3958e-05,2.6934e-05,0.00016051,0.00013517,0.00014817,-9.9934e-05,0.00010411,-4.3775e-05,4.2838e-05,8.0629e-05,0.00010357,2.5832e-06,0.00020126,0.00016964,0.00011258,0.00011954,0.00036758,0.00012337,0.00014849,0.00014921,5.2035e-05,0.00010177,5.0141e-05,0.00016789,0.0001899,2.9885e-05,0.00015124,3.1028e-05,0.00012917,0.00012791,0.00016188,6.3129e-05,0.00014754,5.0125e-05,0.00017691,0.00010945,6.6727e-05,0.00014618,0.00018739,1.5711e-06,9.3164e-05,7.5148e-05,9.7375e-05,8.5139e-05,2.0788e-05,3.3066e-05,0.00016177,0.00024446,0.00025372,3.3167e-05,-3.6792e-05,9.373e-05,0.00020325,0.00012151,0.00016357,0.000158,8.1973e-05,3.4726e-05,8.6409e-05,0.00014081,0.00021083,4.3302e-05,6.8929e-05,4.8233e-05,0.00019424,0.00020674,4.083e-05,0.00013327,5.6692e-05,0.00016223,0.00014289,-4.9514e-05,0.00027361,6.8786e-05,0.00020293,0.00015777,9.4939e-05,0.00017679,6.8374e-05,0.00017408,0.00013015,0.00011329,0.00012569,0.00014206,7.199e-05,0.00016965,9.1417e-05,0.00015827,5.619e-05,4.4917e-05,6.937e-05,0.00010306,0.00015717,0.00010558,0.00010923
0.0002506,0.00010416,4.8983e-05,6.0779e-05,2.6179e-05,0.00011455,2.7309e-05,6.2622e-05,5.9386e-05,6.5005e-05,4.2169e-05,0.00014559,3.9568e-05,0.00016168,7.8793e-05,5.6787e-05,6.1924e-05,1.922e-05,0.00011485,0.00020348,3.88e-05,0.00011717,8.7299e-05,5.8684e-05,0.00010627,4.9727e-05,6.6105e-05,3.0611e-06,6.6925e-05,3.3697e-05,0.00013495,6.8926e-05,7.5324e-05,0.00012272,4.8293e-05,7.4414e-05,1.9888e-06,4.7192e-05,5.4782e-05,4.3985e-05,3.4893e-05,4.0495e-05,-3.7739e-05,0.00013767,9.1727e-05,7.8033e-05,0.00011004,9.2969e-05,-2.6531e-05,0.00031793,0.00018492,0.00010934,4.6168e-05,3.7865e-05,6.8635e-05,7.9284e-05,7.0902e-05,0.00010627,0.00024851,-3.3511e-07,0.00017062,3.2967e-05,6.313e-05,5.257e-05,3.5629e-05,9.5833e-05,7.349e-05,0.0001127,8.6771e-05,-3.0952e-06,6.6485e-05,3.2854e-05,6.2749e-05,2.7129e-05,9.9266e-05,5.0797e-05,5.3069e-05,5.6016e-05,5.804e-05,4.1145e-05,4.557e-05,5.3308e-05,3.6846e-05,6.9983e-05,1.5513e-05,-1.0448e-05,3.3351e-05,3.076e-05,7.7194e-05,4.7995e-05,4.6394e-05,3.7398e-05,-3.1603e-06,5.5448e-05,5.2599e-05,9.0998e-05,-8.1973e-05,6.2499e-05,4.9711e-05,3.6704e-05,4.7126e-05,9.094e-05,4.0408e-05,0.00013879,4.7918e-05,1.8493e-05,0.00012907,0.00015121,0.00012696,0.00017658,2.7344e-05,2.6085e-05,2.0635e-06,5.0422e-05,8.3445e-05,1.8701e-06,2.5098e-05,1.1505e-05,4.0912e-05,4.8942e-05,9.6147e-05,0.00015876,3.9459e-05,4.1296e-05,2.6672e-05,0.00022292,9.5119e-05,-7.3e-06,9.5953e-05,1.2792e-05,0.00013825,7.5155e-05,6.5898e-05,3.9825e-05,6.3067e-05,2.559e-05,-1.3339e-05,3.372e-05,0.0001227,0.00012818,4.4332e-05,-0.00014711,5.288e-05,5.7013e-05,2.934e-05,5.5996e-05,4.6023e-05,8.6135e-05,2.7203e-05,9.8863e-05,0.00011696,0.00012193,6.7037e-05,0.0001717,8.6757e-06,-2.402e-05,0.00010541,5.9397e-05,5.0876e-05,2.02e-05,6.5755e-05,6.1918e-05,8.2616e-05,0.00026628,4.5935e-05,7.7284e-05,0.00015164,9.3705e-05,8.7793e-05,6.3693e-05,6.5246e-05,5.5523e-05,4.2828e-05,2.7658e-05,0.00026592,0.00012054,4.4115e-05,1.8034e-05,8.4853e-05,7.2433e-05,2.5462e-05,6.2364e-05,7.5215e-05,5.8939e-05,7.0854e-05,6.3295e-05
0.00013852,0.00011461,6.9956e-05,9.1068e-05,7.5782e-05,7.8816e-05,6.5059e-05,0.00010123,9.2412e-05,9.2849e-05,6.3294e-05,0.000136,0.00010288,7.8793e-05,0.00014766,4.4695e-05,0.00012025,5.4313e-05,0.00020524,0.00010634,7.1145e-05,0.00013586,9.3441e-05,0.00011821,8.3335e-05,0.00013347,0.00010886,5.0356e-05,5.0381e-05,8.4445e-05,0.00015291,0.00011157,1.711e-05,6.859e-05,4.2909e-05,0.00012909,9.1286e-05,7.4925e-05,8.5222e-05,9.0795e-05,7.9285e-05,4.1111e-05,1.1426e-06,9.9372e-05,0.00011811,9.8611e-05,0.00013472,5.5352e-05,5.7089e-05,3.2113e-05,0.0002491,0.00012008,0.0001262,6.0059e-05,4.1817e-05,9.5427e-05,6.3886e-05,0.00015031,0.00016244,8.7003e-05,0.00013927,7.792e-05,6.5025e-05,0.00010031,0.00011299,0.00011281,0.00010756,-6.1189e-05,0.00010371,1.4833e-05,6.3638e-05,5.7541e-05,0.00012898,5.8968e-05,0.00011032,6.4082e-05,0.0001198,4.4548e-05,0.00010289,1.3786e-05,9.6518e-05,6.823e-05,5.18e-05,0.00011582,8.2054e-05,2.3086e-05,7.2884e-05,-2.3627e-05,7.7795e-05,0.00011203,8.0635e-05,5.6059e-05,2.8619e-05,9.6287e-05,8.2738e-05,8.5801e-05,-0.00010313,0.00013138,-5.9441e-05,3.5317e-05,7.422e-05,9.3902e-05,3.8026e-05,0.0001972,0.00011707,3.97e-05,0.00014719,0.00027349,0.0001378,0.00017908,0.00013631,2.7971e-05,2.7301e-05,8.7388e-05,0.00010824,7.3507e-05,5.6027e-05,0.0001009,2.663e-05,5.1314e-05,8.5048e-05,9.5792e-05,7.8038e-05,9.0963e-05,4.4006e-05,0.00014534,8.565e-05,2.4885e-05,0.0001246,5.7734e-05,6.7181e-05,6.8888e-05,6.2638e-05,7.4602e-05,4.6637e-05,1.8334e-05,3.2424e-05,0.00010581,0.0001787,0.00019733,9.7795e-05,-0.00010651,6.8179e-05,8.0234e-05,7.8635e-05,9.24e-05,0.00013415,7.7985e-05,6.6988e-05,3.9309e-05,0.00019302,6.9473e-05,1.7883e-05,8.2381e-05,5.6209e-05,5.9127e-05,0.00014964,3.3607e-05,8.8001e-05,5.2952e-05,0.00012504,0.00015446,-7.8149e-06,0.00015792,7.1528e-05,0.00013079,0.0001084,0.00013653,0.00014387,5.9389e-05,9.3649e-05,0.00011376,5.9737e-05,9.2941e-05,0.00021377,3.3129e-05,8.9824e-05,6.4956e-05,0.0001181,3.1828e-05,2.2639e-05,7.6787e-05,8.6539e-05,0.00010167,9.444e-05,0.00012877
4.4322e-06,4.1339e-05,4.9578e-05,6.987e-06,2.3754e-05,5.1177e-05,3.0213e-05,6.2842e-05,5.3621e-05,2.7721e-05,1.8339e-05,7.2682e-05,4.1678e-05,5.6787e-05,4.4695e-05,0.00011698,7.1221e-05,2.4757e-05,4.802e-05,9.0665e-05,7.6961e-05,0.00011541,5.233e-05,6.3416e-05,0.00010086,5.753e-05,4.2129e-05,5.329e-05,7.7212e-05,4.9125e-05,0.00011293,-3.9331e-05,2.6446e-05,8.0182e-05,3.6267e-05,3.3992e-05,3.4103e-05,5.5747e-06,4.9141e-05,6.3703e-05,-1.4254e-05,5.5267e-05,1.2452e-05,5.6932e-05,3.7326e-05,8.593e-05,6.0974e-05,3.4247e-05,-1.8088e-05,1.7925e-05,0.00021553,5.4683e-05,1.2945e-05,7.9683e-06,-4.0196e-05,4.6507e-05,4.752e-05,8.8077e-05,0.00010595,2.3765e-05,-5.5691e-05,7.7707e-05,2.0445e-05,4.3563e-05,6.3602e-05,5.7781e-05,7.4171e-05,-0.00010312,6.5638e-05,4.6006e-06,7.2364e-05,3.2916e-05,1.8804e-05,2.8829e-05,5.0518e-05,5.0516e-05,2.8312e-05,4.7488e-05,5.2682e-05,1.4363e-05,4.852e-05,1.5099e-05,3.326e-05,4.5183e-05,1.4998e-05,-2.0665e-05,3.4778e-05,6.402e-06,6.8261e-05,3.4137e-05,2.4839e-05,4.9463e-05,7.0108e-06,5.0136e-05,6.1701e-05,7.1985e-05,0.00011972,2.2637e-05,5.3503e-05,-1.9376e-05,6.5747e-05,5.2659e-05,8.4706e-05,6.7922e-05,4.1983e-05,3.6443e-05,1.1351e-05,8.7517e-05,9.6838e-05,0.00018715,1.3914e-06,2.361e-05,3.5799e-05,-4.7392e-05,6.1644e-05,5.7555e-05,1.9028e-05,1.2801e-05,5.898e-05,2.059e-05,5.8059e-05,8.7285e-05,6.6525e-05,2.9673e-05,9.0202e-06,6.0678e-05,3.201e-05,-1.2933e-05,3.1008e-05,4.6278e-05,-1.8732e-05,5.86e-05,3.3579e-05,3.0411e-05,-9.8368e-06,2.3787e-05,4.3589e-05,5.8843e-05,0.00010439,0.00010411,8.2104e-06,-5.3287e-05,6.9281e-05,5.4231e-05,1.204e-05,3.3018e-05,6.6963e-05,3.7542e-05,1.1966e-05,6.3579e-05,5.9121e-05,0.00013383,6.147e-05,9.2093e-06,-3.7994e-07,8.5937e-05,9.6711e-05,4.3969e-05,4.1044e-05,2.1227e-05,5.7066e-06,5.5948e-05,2.9722e-05,0.00022557,3.6757e-05,7.004e-05,0.00013463,5.5927e-05,7.4395e-05,4.6997e-05,1.8157e-05,0.00011745,1.5762e-05,6.4912e-05,0.00017886,2.3061e-05,4.8474e-05,2.5396e-05,6.5333e-05,9.0491e-05,5.0177e-05,3.2165e-05,2.9499e-05,3.0083e-05,8.6786e-05,0.000124
0.00030173,0.00020047,0.00011622,0.00017232,0.00015225,0.00016886,0.00015339,0.00016632,0.00016454,0.00018733,0.00012006,0.00015738,0.00017887,6.1924e-05,0.00012025,7.1221e-05,0.00033103,-4.2119e-05,3.259e-05,0.0002969,0.00013619,0.00023091,0.000162,0.00019502,0.00026778,0.00024428,9.2585e-05,2.9131e-06,0.00020219,0.00014006,0.0002714,6.0901e-05,0.00018004,0.00019406,6.2936e-05,0.000164,0.00020608,0.00015984,0.00010482,0.00011151,0.00015898,5.0464e-05,0.00014703,0.00013686,0.00019994,0.00015094,0.00026452,8.9374e-05,0.00015292,0.00013724,0.00046456,0.0002404,0.00017438,7.4862e-05,9.7587e-05,9.7214e-05,4.1107e-05,0.00030503,0.00043968,0.00019937,6.3672e-05,0.00010214,0.0002035,0.00021535,0.00022004,0.00019056,0.00015083,-0.00010786,0.0002223,5.5874e-05,5.0876e-05,5.7023e-05,0.00017227,9.7249e-05,0.00019585,6.61e-05,0.00012789,6.9866e-05,0.00015235,3.1354e-05,0.00014359,7.3523e-05,0.00016646,0.00013907,0.00013783,-1.934e-05,5.5152e-05,1.0326e-05,0.0001853,0.00013826,6.657e-05,0.00013122,5.9445e-05,0.00019145,0.00015432,0.00019245,-5.8455e-05,5.8886e-05,6.3034e-05,5.2584e-05,0.00011602,0.00012561,4.6638e-05,0.000239,0.00021682,0.00014944,0.00016542,0.00039791,6.2308e-05,0.00026034,0.00010956,9.9729e-05,9.9757e-05,0.00013333,0.00020193,0.00023122,8.4265e-05,0.00012438,5.3498e-05,0.00013835,0.00014593,0.0002488,7.1131e-05,0.00015157,7.869e-05,0.00030914,0.00017231,9.5258e-05,0.00019827,0.00020369,4.4509e-05,0.00011762,9.0101e-05,0.00012308,0.00010741,2.6226e-05,4.7226e-05,0.00024748,0.00033275,0.00034875,8.8692e-05,-0.0001493,0.00011449,0.0003035,0.00011653,0.0002011,0.00026171,0.00011803,1.9046e-05,0.00017697,0.0001818,0.00043405,7.9334e-05,5.4562e-05,0.0001092,0.00033134,0.00026272,4.5694e-05,0.0001742,0.00012778,0.00019594,0.0001289,-9.6132e-05,0.00036054,8.545e-05,0.00023423,0.00030402,0.0001435,0.00018799,6.9296e-05,0.00021804,0.00020562,9.3424e-05,0.00014084,0.00018263,2.4443e-05,0.00021307,0.00019507,0.00032489,0.00016301,9.5757e-05,0.00011137,0.00013755,0.00019256,9.6617e-05,0.0001541
0.00022139,-4.7874e-05,-6.0589e-05,-9.9056e-05,-7.566e-05,9.3653e-06,-2.1909e-05,-1.2709e-05,-5.2376e-05,-8.2617e-05,-1.0245e-05,-1.8715e-05,-5.262e-05,1.922e-05,5.4313e-05,2.4757e-05,-4.2119e-05,0.00043726,4.1404e-05,-0.00013744,3.5721e-05,-1.839e-05,-2.708e-05,1.6347e-05,-0.0001025,1.6429e-05,3.7811e-06,8.3069e-05,-4.3457e-05,6.9439e-05,-1.9528e-05,3.6498e-05,-0.00012925,-0.00017597,4.0148e-05,-1.7918e-05,-3.8506e-06,-8.7907e-05,-1.5691e-06,-3.557e-06,9.3455e-05,-1.685e-05,8.8885e-05,-0.00020425,4.5584e-05,3.6075e-05,7.9655e-05,5.6125e-05,-3.0191e-06,-7.5405e-05,-8.3797e-05,-3.9469e-05,7.1286e-06,-4.2206e-05,-2.4513e-05,2.1347e-05,0.00013539,-7.3846e-05,-1.1826e-05,6.3378e-05,-2.9428e-05,1.6463e-05,-6.629e-05,3.242e-05,-3.0573e-05,4.9107e-05,-4.9161e-05,4.3504e-05,-4.7955e-05,-3.1097e-06,1.6268e-05,2.4054e-05,-2.1877e-05,3.4422e-05,-1.6584e-05,2.2229e-05,2.1733e-05,-5.7777e-05,-3.9571e-06,3.5753e-05,-1.1527e-05,8.7508e-05,-7.0706e-05,5.391e-05,-4.8422e-05,-3.602e-05,4.9999e-05,2.7847e-05,1.8221e-06,-6.5038e-06,2.0157e-06,4.7126e-05,8.02e-06,-5.1161e-05,-6.9322e-05,-9.4028e-05,-0.00026534,7.5947e-05,-0.00012829,-3.9903e-05,-2.9517e-05,-2.7258e-05,6.069e-05,0.00012715,-8.3239e-05,-0.00011771,7.3414e-05,0.00013258,-8.3873e-05,-5.0473e-05,-3.0544e-05,-2.6524e-05,-8.2049e-05,-8.2625e-06,-9.0389e-05,-9.0475e-06,3.2172e-05,5.5936e-05,3.0739e-06,-0.00012339,-5.212e-05,-0.00011859,9.8751e-05,-4.0425e-05,4.1029e-05,-2.446e-05,-3.1601e-05,-5.3122e-05,1.8425e-05,-9.5545e-06,4.808e-06,1.1606e-05,-2.1887e-06,1.3039e-06,3.1359e-05,5.711e-06,-8.6557e-06,-6.4503e-05,-7.6327e-06,-1.3202e-05,2.7442e-05,0.00018042,-1.2638e-05,-0.00014496,-8.6221e-05,-2.6884e-05,-1.9276e-05,-3.2046e-05,3.2164e-05,8.003e-05,0.00010157,-0.00040984,5.9413e-05,-4.3583e-05,8.9301e-05,-1.7846e-05,-3.9476e-05,4.7575e-05,-6.8757e-05,2.3761e-05,-8.331e-05,0.0001103,0.00016969,-0.00026361,1.3894e-05,-0.00016488,-5.8053e-05,4.3862e-05,1.4281e-05,5.1464e-06,-9.072e-05,9.6734e-05,-7.6747e-05,6.8056e-06,7.2603e-05,9.9745e-06,-6.0805e-05,-0.00010842,-1.1036e-05,-0.00015837,2.9734e-05,-3.4643e-05,-4.9735e-06,-4.7279e-05,4.6392e-06,-4.491e-06
0.00017491,8.9315e-05,6.4172e-05,0.00022245,0.00011637,9.3843e-05,3.2983e-05,3.5031e-05,9.5806e-05,7.0084e-05,4.2392e-05,0.00013026,9.0146e-05,0.00011485,0.00020524,4.802e-05,3.259e-05,4.1404e-05,0.00064855,0.00013765,-4.5988e-05,0.00011898,8.4966e-05,0.00013919,6.1807e-05,0.00012313,0.00014197,-4.0395e-05,-9.2778e-06,3.7493e-05,0.00015697,0.00014453,-4.6419e-05,0.00015141,-3.4263e-06,0.00013516,2.555e-05,5.4239e-05,0.00012843,0.00010776,-9.9012e-07,-3.7229e-06,-0.00020848,-3.6408e-05,0.00010118,0.00021666,-2.5856e-05,-8.5047e-07,7.3157e-05,-0.00026145,0.0003977,9.9326e-05,0.00020908,5.3178e-05,7.0395e-05,0.0001653,8.059e-05,0.00019542,0.00014374,-1.7099e-05,0.00028804,9.3249e-05,-1.6058e-05,0.00011184,4.3058e-05,5.9164e-05,0.00010039,-6.6231e-05,5.8453e-05,-7.251e-06,7.1898e-05,1.9038e-05,0.00012961,-4.6345e-06,0.00012193,8.6154e-05,6.6273e-05,9.0538e-05,6.5237e-05,-7.8698e-05,6.7965e-05,5.3491e-05,-0.0001147,6.393e-05,3.8824e-05,5.8237e-05,0.00012492,-2.5723e-05,-5.3528e-06,0.00013715,0.00012404,2.6e-06,-2.6955e-05,0.00012656,9.6246e-05,9.1881e-05,-6.4863e-05,0.00025822,-2.4832e-05,2.6248e-05,8.9037e-05,9.5383e-05,0.00013467,4.6987e-05,0.00010845,-1.5831e-05,9.8281e-05,0.00018076,0.0002642,0.00025402,0.00016197,-2.0295e-05,-3.8514e-05,7.8561e-05,0.00010416,9.0635e-06,1.5054e-05,3.8232e-05,-2.1978e-05,4.8626e-05,5.6672e-05,0.00013676,8.6956e-05,6.9469e-05,5.7569e-06,0.00011895,6.3972e-05,1.5227e-05,0.00013849,-2.9185e-06,0.0002266,5.9618e-05,8.3889e-05,3.9086e-05,1.7634e-05,1.0493e-05,-8.4064e-06,4.5662e-05,0.00012044,0.00018706,0.00023865,-0.00010074,8.989e-05,-1.5786e-05,8.9109e-05,5.8205e-05,0.00014181,8.4932e-05,5.3914e-05,-2.5103e-05,0.00013308,-0.00014821,1.8208e-05,1.9727e-05,5.9506e-05,-0.00013987,0.00010647,-3.1753e-05,3.0379e-05,3.4856e-05,0.00024362,0.00021539,8.0267e-05,0.00020661,0.00011457,0.00023074,6.6705e-05,0.00019585,0.00019519,7.9274e-06,7.2864e-05,8.3133e-05,6.0861e-05,0.00014431,0.00041883,8.3915e-05,4.2571e-05,6.895e-05,4.9498e-05,-1.0202e-05,-2.1984e-05,8.0225e-05,6.9093e-05,7.9939e-05,4.327e-05,0.00011691
