0.0012147,0.00035303,0.00018024,0.00049632,0.00040936,0.00090133,0.00051818,0.00027241,0.00055689,-1.1967e-05,0.0002611,0.00050554,0.00014673,0.00063825,0.00095012,9.4531e-05,0.00033273,0.00050156,0.00083219,0.00054021,0.00057058,0.00032697,0.00023761,0.00020373,0.00030452,0.00016848,0.00055503,0.00041595,0.00067644,0.00035919,6.9605e-05,0.00022496,0.00031628,0.00053,0.00035452,0.000154,0.00035377,0.00014105,0.00017821,0.00026528,0.0001724,0.00027895,0.00014909,0.00034776,-0.00019092,0.0002781,0.00044307,0.00057711,0.00047421,0.00030792,0.00052824,0.00026841,0.00045941,0.00059313,0.00068023,0.00015687,0.00037909,0.00027966,0.00077473,0.00030241,0.00036427,0.00041518,3.5575e-05,0.00038003,-0.00011775,0.00053228,0.00038746,0.00017488,0.00014166,0.00052114,0.00034033,0.00047898,0.00048808,0.00028018,0.00040667,0.00016922,0.00019991,0.00026765,0.00016046,0.00030892,0.00019992,0.00044783,0.00055559,0.00019068,0.00060578,0.00017244,0.00016264,0.00042699,0.00052398,0.00037284,0.00010045,0.00050939,0.00030434,0.00033038,0.00056733,0.00040616,0.00022599,0.00018953,0.00036839,0.00029608,0.00030644,0.00034523,0.00031401,0.00034233,0.00027531,7.3337e-05,0.00017097,0.00049986,0.00032349,0.00070845,0.00027718,0.0004967,0.00017772,0.00033048,0.00041268,0.00026539,0.00014548,0.00023437,9.547e-05,0.00010143,0.0004852,0.00019843,0.00076494,9.6816e-05,0.0003154,0.0005641,0.00028875,0.00032813,0.00019062,0.00015572,0.00018165,0.0002648,0.00049374,0.00027618,0.00044519,3.0391e-05,0.00033385,0.00037356,0.00068462,0.0006463,-1.7927e-05,0.00036317,0.00015282,0.00014665,0.0001993,0.00046354,0.00028404,0.00036751,0.00033771,8.5621e-05,0.00035078,0.00022799,0.00023779,0.00062148,0.0002167,0.00022634,0.00031796,0.00050496,5.6751e-05,0.00045169,0.00053985,0.00084942,0.00063663,0.00090414,0.00065172,0.00054423,0.00041745,0.00088993,0.00025706,0.00025859,9.3792e-05,0.0004645,8.1417e-05,0.00025253,0.00048033,0.0013046,6.1546e-05,0.00020226,0.00083524,0.00049308,0.00053657,5.3785e-05,0.00030596,7.9283e-05,0.00038614,0.00035901
0.00035303,0.00066068,0.00026463,0.00023874,0.00022725,0.00067726,0.00037313,8.5258e-05,0.00039688,8.9923e-05,0.00019515,0.00030926,0.00013182,0.00030126,0.00072169,0.00013461,0.00012972,0.00028382,0.0005628,0.00018518,0.00031038,0.00014803,0.00017872,2.3065e-05,0.00018156,5.9243e-05,0.00051226,0.0003424,0.00028531,0.00035342,0.00015422,-0.00023037,0.00020286,0.00025625,0.00011559,0.00012879,0.00021542,0.00012419,0.00015659,0.00040112,0.00030609,0.0003005,0.00018738,0.00021221,0.00017962,0.00024173,0.00025781,0.00029323,0.00026657,0.00035558,9.1925e-05,0.00016646,0.00031889,0.00042024,-0.00011067,6.0688e-05,0.00028425,0.00018177,0.00027066,0.00028692,0.00025341,0.0004783,7.2752e-05,0.00013724,4.429e-05,0.00043883,0.00041911,0.00010882,0.00013826,0.0003324,0.00019783,0.00027297,0.00024792,0.00023056,0.00050125,0.00018553,0.00021897,0.00022632,0.00024026,0.0002378,0.00023865,0.00031454,0.00034824,0.0001834,0.00038763,0.00024657,0.00030254,0.0003067,0.00045275,0.00018436,0.00031517,0.00023317,0.00020698,0.00047541,0.00043705,0.00044186,0.00018629,3.8568e-05,0.00014463,0.00019966,0.00022824,0.00038992,-8.8548e-07,0.00012638,0.00024062,5.4457e-05,0.00018037,0.00031094,0.00013873,0.00036491,0.00049855,0.00029097,-6.1433e-06,-4.879e-05,0.00036918,0.00011181,0.00011596,0.00011543,0.00013251,0.0001368,0.00056465,0.00017863,0.00069964,0.00012776,0.00022895,0.00014786,0.00022257,0.00017215,0.00028436,0.00033966,-0.00021991,0.00025507,0.00021454,0.00025211,0.00025351,2.9998e-05,0.00015655,0.00029409,0.00052456,0.00056754,4.8934e-05,7.7874e-05,0.00019624,0.00017132,0.00025225,0.00031039,0.00013015,0.00017265,0.00035341,0.00011799,0.000245,0.00042105,0.00012563,0.000506,0.00017114,0.00020799,0.0002433,0.00028001,3.0157e-05,0.00032663,-1.0791e-05,0.00080696,0.00060173,0.00056384,0.00025821,0.00024172,0.0001608,0.00073612,0.00034809,0.00019377,0.00014547,0.00032458,6.8944e-05,0.00017552,-3.7855e-05,0.0004976,0.00010165,0.00019403,0.00036202,0.00031382,0.00038735,6.26e-05,0.00022524,0.00014104,0.00026918,0.00044903
0.00018024,0.00026463,0.00029645,0.00024807,0.00026556,0.00047935,0.00019739,0.00016814,0.00031798,5.4409e-05,0.00013634,0.00017189,4.9628e-05,0.00029458,0.00055278,0.00013771,0.00015864,0.0002636,0.00044035,9.88e-05,0.00022106,8.2607e-05,0.0001287,0.00010183,6.0649e-05,0.00012695,0.00046809,0.00028361,0.00032744,0.00032399,5.014e-05,-0.00010498,0.00017697,0.00016084,0.00010772,7.6114e-05,0.00020399,7.8953e-05,0.000144,0.00032779,0.00020488,0.00020923,0.00016946,0.00020782,0.00027487,0.00019986,0.00025028,0.00020611,0.00036225,0.00026441,0.0001156,0.00011909,0.00015783,0.00027537,-3.8389e-05,0.00015091,0.00025193,0.00018134,0.00013162,0.00024583,0.00026429,0.0003185,2.6581e-05,0.00019282,5.3437e-05,0.00037801,0.00033038,0.00011257,0.00011787,0.00026204,0.00020805,0.00024275,0.00012919,0.00016115,0.00028456,0.00015846,0.00013393,0.00016362,0.00014907,0.00012503,0.00015495,0.00023087,0.00022868,0.00012976,0.00025206,0.00020852,0.00018988,0.00019665,0.0002983,0.0001864,0.00015098,0.00021156,0.00014742,0.00033972,0.00038891,0.00023791,0.00020378,0.00010387,0.00011395,0.00011136,0.00016744,0.00031009,-1.0588e-05,0.00017841,0.00021543,9.5207e-05,0.00010284,0.00022421,0.00016412,0.00018985,0.00016836,0.00024186,0.00013535,-7.4382e-05,0.0003021,0.00010082,0.00015865,8.305e-05,9.5516e-05,8.4829e-05,0.00029343,3.8871e-05,0.00046339,8.1784e-05,0.00022607,9.6779e-05,0.00015607,0.00016366,0.00024441,0.00014419,-0.00012338,0.00024602,0.00013703,0.00012849,0.00024759,2.5974e-05,0.00016299,0.00026779,0.00033966,0.00035995,6.8264e-05,-1.2404e-05,0.00014771,9.5526e-05,0.00015673,0.00033753,0.00019176,0.00017142,0.00030765,8.1725e-05,0.00026657,0.000337,0.0001292,0.00028842,0.00013995,0.00018088,0.00026777,0.00027922,6.2655e-05,0.00025615,0.00019256,0.0003503,0.00040627,0.00037736,0.00028167,0.00023553,9.2388e-05,0.00052734,0.00022986,0.00014036,7.5464e-05,0.00029986,0.00010836,0.00015782,-1.1434e-05,0.0005315,7.2272e-05,9.7292e-05,0.00028531,0.00018002,0.00046339,0.0001327,0.00016465,9.1414e-05,0.00014426,0.00024811
0.00049632,0.00023874,0.00024807,0.00061587,0.00021608,0.00062586,0.00037477,0.0002088,0.00039478,-1.4576e-05,0.00011292,0.00029231,-1.3614e-08,0.00043684,0.0007104,0.00015296,0.00025954,0.0004538,0.00064125,0.00010864,0.00045424,0.00021682,6.1602e-05,0.0001544,9.0883e-05,-3.2377e-05,0.00052651,0.00031679,0.00052586,0.00042579,1.6328e-05,-4.1092e-05,0.00015355,0.00018005,5.317e-05,2.4529e-05,0.00021066,1.9392e-05,0.00019787,0.00022814,0.00021324,0.0002421,0.00024658,0.00019269,0.00015496,0.000226,0.00051944,0.00043106,0.00046592,0.00026368,0.00027037,0.00012727,0.00042711,0.00035276,2.6013e-05,0.00015864,0.00032076,0.00025278,0.00018291,0.00042914,0.00032808,0.00026231,-6.1513e-05,0.00042658,-3.3554e-05,0.00040305,0.00029601,0.00011513,0.00013258,0.00021148,0.00022157,0.00024155,0.00043548,0.00022526,0.00046368,0.00015847,0.00013262,0.0002655,0.00013159,8.7555e-05,0.00013233,0.0001342,0.00021329,9.12e-05,0.00032843,0.00020644,0.00028141,0.00021308,0.00041939,0.00027001,0.00018839,0.00040308,0.00022168,0.00035614,0.00045035,0.00031803,0.00015241,0.00016453,0.00044513,0.00013474,0.00012481,0.00029611,0.00017566,0.00020932,0.00020891,-3.9794e-06,0.00021476,0.00028105,0.00025575,0.00032419,0.00021631,0.00031819,4.9151e-05,-9.9309e-06,0.0003647,6.2794e-05,0.00015176,6.7902e-05,0.00017248,-1.0618e-05,0.00037998,3.9676e-05,0.00054857,-1.1727e-05,0.00019603,0.00018383,0.00017541,0.00014806,0.00021056,4.7375e-05,-4.9895e-05,0.00021178,0.00026204,0.00012683,0.00048914,3.0595e-05,0.00027003,0.00032441,0.00050978,0.00047945,-1.2253e-05,0.00044739,8.1401e-05,2.7257e-05,0.0002012,0.00043859,0.00020238,0.00024136,0.00034331,4.4015e-05,0.00022447,0.0002102,0.00010415,0.00043004,0.00017585,0.00023174,0.00042348,0.00045094,-3.0293e-05,0.00024169,0.00037466,0.00049074,0.00022705,0.0005144,0.0003973,0.00028224,0.00014763,0.00069937,0.00017034,0.00016894,2.1363e-05,0.00033453,1.9976e-06,0.00021798,0.00013925,0.0006084,-5.6315e-06,0.00028276,0.00035021,0.00023225,0.00052425,-7.0209e-06,0.00016171,7.9698e-05,0.0001994,0.00030572
0.00040936,0.00022725,0.00026556,0.00021608,0.0004407,0.00061322,0.00019572,0.00021418,0.00036055,7.4593e-05,0.00020252,0.00022422,0.00011476,0.00032682,0.00055547,9.24e-05,0.0001927,0.00033646,0.00040751,0.00023919,0.00026816,0.000117,0.00020668,0.00017256,0.00017448,0.00018988,0.00041989,0.00033201,0.00042529,0.00026781,4.5435e-05,-4.9349e-05,0.00024415,0.00028164,0.00020709,9.425e-05,0.00026882,0.00012629,0.00011216,0.00034925,6.0709e-05,0.00017984,7.4412e-05,0.0002997,0.00011329,0.00018751,0.00028664,0.00014754,0.00042728,0.00022831,0.00020711,0.00017293,0.00020338,0.00035618,0.0001623,0.00016777,0.00029476,0.00011884,0.00031737,0.00017926,0.00021197,0.00037378,9.6828e-05,0.00017527,-4.0306e-05,0.00041629,0.00033483,0.00014622,0.00012161,0.0004056,0.0002723,0.00029593,0.00012987,0.00019584,0.0001554,0.00017178,8.0792e-05,0.00012502,0.00012933,0.00022056,0.00023041,0.00023733,0.00035617,0.00018486,0.0003923,0.00020331,5.7004e-05,0.0003106,0.00031633,0.00018662,0.00011204,0.00022882,0.00018244,0.00028941,0.00042553,0.00015906,0.00020719,7.1854e-05,0.00017859,0.00010784,0.00020995,0.00024274,2.104e-05,0.00018688,0.00024045,0.0001359,0.00013549,0.00029973,0.00013425,0.00034986,-3.7372e-05,0.00030055,0.00024155,7.7688e-05,0.00028693,0.00018349,0.00013553,0.00013132,3.3598e-05,0.00011465,0.0002281,8.9492e-05,0.0003729,0.00010398,0.00024508,0.00020464,0.00016358,0.00017486,0.00020666,0.00017011,-4.0862e-05,0.00028827,0.00022667,0.00014887,0.00023387,4.1842e-05,0.00011416,0.00026827,0.00037792,0.00038319,0.00013356,0.00010712,0.00015225,0.00018047,0.00011306,0.00032337,0.00017234,0.00022869,0.00027124,0.00011633,0.0003842,0.00032666,0.00018432,0.00031763,0.00010464,0.00015069,0.00021812,0.00028921,0.00013177,0.00030593,0.00023091,0.00026245,0.00054548,0.00051464,0.0003927,0.00035797,0.00016396,0.00048628,0.00023362,0.00017574,9.2745e-05,0.00032825,0.00016884,0.00013793,0.00011329,0.00062178,0.0001071,3.7267e-05,0.00048785,0.00025646,0.00046581,8.8636e-05,0.00017164,1.087e-05,0.00016888,0.00020186
0.00090133,0.00067726,0.00047935,0.00062586,0.00061322,0.001691,0.00054494,0.00034484,0.00075671,-2.2768e-05,0.00027099,0.00048867,5.8335e-05,0.0006261,0.0013148,9.9799e-05,0.00038478,0.00073976,0.00098218,0.00054662,0.00068846,0.00045682,0.00020004,0.0002054,0.00030219,3.5096e-05,0.0010299,0.0006443,0.00077069,0.00072111,6.3299e-05,-0.00014952,0.00030602,0.00070623,0.00031268,0.00010424,0.00039264,0.00012144,0.00028339,0.00048944,0.00043227,0.00046096,0.00015724,0.00045261,0.0001343,0.00034862,0.00073258,0.00054794,0.00088438,0.0005244,0.00066075,0.00023636,0.00053381,0.00067008,0.00011937,0.00021803,0.00050935,0.0003307,0.00072697,0.00051243,0.00053449,0.00061337,-1.1352e-05,0.00038598,-0.00016115,0.00083235,0.00063345,0.00023403,0.00023066,0.00051137,0.0004077,0.00068413,0.00046453,0.00042307,0.00074417,0.00029584,0.00019978,0.00052427,0.0003443,0.00036896,0.00034854,0.00013103,0.00069377,0.00026738,0.0008243,0.00036915,0.00025237,0.00044606,0.00077422,0.00038798,0.00026867,0.00060484,0.00034039,0.00057558,0.00089189,0.00067541,0.00023518,7.7407e-05,0.00038545,0.00021388,0.0003577,0.0004757,6.0357e-05,0.00037937,0.00039915,-5.3983e-06,0.00045512,0.00060992,0.00032687,0.00076215,0.00042686,0.00060546,0.00011745,5.1622e-05,0.00066812,0.00013639,0.00016668,0.00020939,0.00012933,6.6128e-05,0.00070738,0.00015691,0.0010809,3.5569e-05,0.00046097,0.00051487,0.00028158,0.00024419,0.00029799,0.00035452,-0.00012038,0.0004627,0.00043015,0.00021037,0.00039902,5.5644e-05,0.00027088,0.00055261,0.00092845,0.00086977,-2.9893e-05,0.00010837,0.00015028,0.00024296,0.00023768,0.0007219,0.0003212,0.00046279,0.00048085,0.00011111,0.00052461,0.00056299,0.00027703,0.00076351,0.00021901,0.0004098,0.00050585,0.00076052,7.8968e-05,0.00056567,0.00039169,0.00096905,0.00079563,0.0014076,0.00069572,0.00052306,0.00039005,0.0011858,0.0004478,0.00033933,8.1353e-05,0.00051787,4.4062e-05,0.00016875,0.00053595,0.0015608,6.0388e-05,0.0004904,0.00099817,0.00066072,0.00090061,9.7431e-05,0.00030035,6.239e-05,0.00037033,0.00064096
0.00051818,0.00037313,0.00019739,0.00037477,0.00019572,0.00054494,0.00063579,0.00011112,0.00019556,6.4688e-05,0.00019264,0.00020606,8.0866e-05,0.00040983,0.00056763,0.0002054,6.6336e-05,0.00042875,0.00055747,0.0002316,0.00025497,8.4128e-05,0.00017126,7.1671e-05,0.00015577,8.0363e-05,0.00048775,0.00026042,0.00041259,0.00030923,8.836e-05,0.00026478,0.0001699,0.00025894,5.4562e-05,6.1379e-05,0.00016138,0.00014874,0.00011614,0.00024978,0.00019671,0.00030947,0.00035147,0.00025666,2.4328e-05,0.00020563,0.00043702,0.00037304,0.0004339,0.0003936,0.00021516,0.00021708,0.00019711,0.00039013,0.0002384,0.00011312,0.00034921,0.00016683,0.00033078,0.0003686,0.00019931,0.00027007,7.6894e-05,0.00017226,7.1801e-05,0.00034384,0.00032354,0.0001053,0.0001375,0.00033877,0.00020535,0.00027166,0.00026544,0.00025371,0.00039726,0.00015162,0.00015901,0.0002204,0.00014632,0.00025144,0.00019897,0.00040406,0.00027309,0.00015533,0.00032975,0.00018625,0.00034937,0.00021468,0.00031483,0.00019275,0.00011534,0.00030633,0.00015547,0.00033407,0.00021878,0.00014991,0.00016709,4.4926e-05,0.00017142,0.00018908,0.00014466,0.00034812,6.9686e-05,0.00018206,0.00012827,9.2406e-05,0.00015928,0.00028734,0.00030972,0.00036537,0.00024544,0.00025484,8.5732e-05,0.00024196,0.00015708,0.00010296,0.00013902,0.00012287,0.00017817,0.00011787,0.00016941,0.00010746,0.00051255,9.1451e-05,0.00018935,0.00024026,0.00012152,0.00017746,0.00017276,0.00010173,0.00016687,0.00021293,0.00034225,0.00025019,0.00031166,3.2114e-05,0.00026035,0.00021916,0.00048352,0.00048097,-4.2057e-05,1.9147e-06,0.00011589,0.00010374,0.00013792,0.00023122,0.00017,0.00023548,0.00034817,0.00010299,0.00030653,0.00023605,0.00018919,0.00053041,0.00018858,0.00014778,0.00013115,0.00023111,4.5958e-05,0.0003025,0.00035353,0.00057412,0.00021296,0.00029905,0.00026845,0.00017019,8.8555e-05,0.00059373,0.00026979,0.00025369,0.00014128,0.00023681,5.9194e-05,0.00024119,0.0003086,0.00048467,8.3115e-05,0.00021295,0.00029194,0.00026377,0.00037791,-7.831e-05,0.00021834,0.00011407,0.00019658,0.00035182
0.00027241,8.5258e-05,0.00016814,0.0002088,0.00021418,0.00034484,0.00011112,0.00038606,0.00031357,1.3363e-05,0.000102,0.0001919,-3.7725e-05,0.00033605,0.00058542,0.00011458,8.6843e-05,0.00019204,0.00054758,8.7715e-05,0.00020008,0.00017074,8.8248e-05,0.00025835,5.9306e-05,0.00019115,0.00049917,0.00018502,0.0003893,0.00015942,-9.1729e-06,0.00014324,7.7212e-05,0.00029467,0.0001982,8.2779e-05,0.00015341,1.7694e-05,0.00016171,0.00024274,0.00012209,0.0001793,0.00016626,0.00016339,0.00015554,0.00014927,0.0002763,9.8331e-05,0.00017361,0.0001818,0.00011052,5.3523e-05,0.00023469,0.00028939,0.000192,0.00015917,0.00030475,0.00017436,0.00013376,0.00014061,0.00030352,0.00021863,4.2251e-05,0.00016018,-3.5778e-05,0.00034502,0.00019472,7.019e-05,0.00010724,0.00037758,0.00019287,0.00027081,0.0001406,0.0001812,0.0001987,0.00017181,7.7492e-05,0.000106,0.00012026,9.041e-05,6.0957e-05,0.0003409,0.0001315,5.0395e-05,0.00038013,0.00018581,0.00012399,0.00017424,0.00028617,0.00026259,0.00011091,0.00038559,0.00017547,0.00023257,0.00037263,0.00022024,0.00015924,0.00023652,8.0132e-05,8.0227e-05,0.00015858,0.00030151,0.00017202,0.00015887,8.2195e-05,1.6548e-05,3.7021e-05,0.00015367,0.00029308,0.00028631,2.3532e-06,0.00026516,0.00017778,-1.0454e-05,0.00025211,0.00014091,9.7569e-05,0.00012367,6.775e-05,4.0751e-06,0.00028921,3.7465e-05,0.00050764,5.3977e-05,0.00019003,0.00012894,0.00017693,0.00020885,0.00012008,3.8017e-05,-2.2761e-05,0.00017308,0.00028349,7.2996e-05,0.00020935,8.1149e-06,0.00017059,0.00019631,0.00028073,0.00026298,8.4054e-05,6.7827e-05,6.4526e-05,9.152e-05,0.00018529,0.000305,0.0002013,0.00016154,0.00022178,4.1561e-05,0.00027254,0.00023498,0.00012058,0.00028165,0.00017009,0.00018373,0.00032652,0.00032016,4.5354e-05,0.00026064,0.00021659,0.0002322,0.00048239,0.00021507,0.00051626,0.00015064,0.00023966,0.00057369,0.0001325,9.079e-05,-1.6915e-05,0.00019751,7.8476e-05,0.0001101,0.00010898,0.00053471,-1.9997e-05,0.00027503,0.00026569,0.0001992,0.00042588,-6.8944e-05,0.00014889,8.2071e-05,0.0001744,0.00027558
0.00055689,0.00039688,0.00031798,0.00039478,0.00036055,0.00075671,0.00019556,0.00031357,0.000823,6.4348e-05,0.00021088,0.00044939,9.6692e-05,0.00046469,0.0010842,7.5331e-05,0.00027076,0.0002519,0.00086409,0.00020433,0.00045538,0.00041613,0.00015889,0.00025641,0.00019325,0.00019373,0.0008287,0.00049275,0.00055506,0.00041515,7.016e-05,-0.00049792,0.00025871,0.00046644,0.00023421,0.00015393,0.00027926,3.3168e-05,0.0002907,0.00050406,0.00039917,0.00022209,0.00010966,0.00019773,0.00018479,0.00023263,0.00039706,0.00038626,0.0003078,0.00040536,0.00041059,0.00013331,0.00052625,0.00047311,-8.26e-05,0.00023198,0.00032365,0.00021781,0.00032199,0.00036721,0.00049358,0.00054309,3.0834e-05,0.00037387,-9.2964e-05,0.00057195,0.00042315,0.00021991,0.00013969,0.00031368,0.00028002,0.00039991,0.00056243,0.0002288,0.00045369,0.00020519,0.00023205,0.00033591,0.00033438,3.5785e-05,0.00020391,0.00038542,0.00042345,0.00013184,0.00059741,0.00024054,0.00014758,0.00029294,0.00060046,0.00037198,0.0001943,0.0005223,0.0003232,0.00043479,0.00071173,0.0005925,0.00023145,0.00025822,0.00016682,0.00023734,0.00024212,0.00048661,0.00021703,0.00023203,0.00051436,7.3966e-05,0.00019844,0.0004112,0.00024536,0.00041126,0.00032748,0.00046502,0.00013381,-0.00015436,0.00063321,0.00026694,0.00017475,0.00019923,5.4742e-05,7.2223e-05,0.00067568,0.00015792,0.0010197,0.00012855,0.00036821,0.0002433,0.000317,0.00026057,0.00027837,0.0002744,-0.00034513,0.00031816,0.00031457,8.1991e-05,0.00048347,1.4e-05,0.00022985,0.00049972,0.00058784,0.00057453,1.2538e-05,0.00013009,0.00018462,0.00013724,0.00038537,0.00060168,0.00026304,0.0002821,0.00040871,0.00011314,0.0002867,0.00036793,0.00015587,0.00040478,0.00024586,0.00029218,0.00061915,0.00064795,5.296e-05,0.00037899,0.0003727,0.00079634,0.00078764,0.00096088,0.00055463,0.00065567,0.00035048,0.0010859,0.00029444,0.00017486,6.2916e-05,0.00042963,0.00012135,0.00017313,1.9107e-05,0.00094954,0.00012447,0.00020228,0.00058931,0.00032582,0.00061358,0.00010462,0.00028711,0.0001717,0.00034379,0.00041449
-1.1967e-05,8.9923e-05,5.4409e-05,-1.4576e-05,7.4593e-05,-2.2768e-05,6.4688e-05,1.3363e-05,6.4348e-05,0.00012826,9.8677e-05,1.3e-05,0.0001209,-3.0006e-06,-6.3587e-06,4.5326e-05,-2.6025e-05,-2.3142e-05,2.255e-05,-2.6456e-05,-4.3221e-05,-4.6587e-05,0.00012363,1.1645e-05,8.3312e-05,7.1077e-05,1.3328e-05,-7.2199e-06,-8.3947e-06,-3.0153e-05,6.7547e-05,3.3831e-05,0.00011997,0.0001236,-9.4126e-07,6.3155e-05,2.2958e-05,0.00011723,2.3991e-05,0.00011544,-1.8167e-05,-3.7791e-06,2.7703e-05,3.0471e-05,6.4883e-05,1.3988e-05,-6.7676e-05,-2.0279e-05,7.5006e-05,2.5015e-05,-8.6086e-05,8.4456e-05,-3.2038e-05,6.2231e-05,7.652e-05,3.7815e-05,6.6938e-06,-1.0217e-05,-4.399e-05,5.115e-05,-4.8343e-06,8.1554e-05,0.00012747,-7.5858e-05,0.00012036,3.879e-05,6.644e-05,4.6892e-05,5.7533e-05,0.00010025,8.5462e-05,-9.4785e-05,6.318e-06,-1.2507e-05,-7.7133e-05,3.7165e-05,6.4202e-05,-3.2576e-05,4.8883e-06,6.8452e-05,0.00010348,9.2181e-05,7.1748e-05,9.1691e-05,4.3872e-05,2.765e-05,1.9813e-05,4.2335e-05,6.7831e-06,-5.4783e-06,-2.9621e-05,-7.2625e-05,4.531e-05,5.4824e-05,2.4511e-07,-8.4432e-05,9.2624e-05,-6.2664e-05,-8.9953e-06,6.2214e-05,4.7091e-05,3.8357e-05,2.3481e-05,4.7943e-05,8.35e-05,0.00013087,-9.9173e-05,5.3125e-05,-2.4509e-05,2.1931e-05,-3.0716e-05,2.6412e-05,0.0001008,4.4105e-05,1.1093e-05,9.6889e-05,4.267e-05,5.0545e-05,-5.2894e-06,0.00012336,-6.2747e-05,0.00010407,3.7125e-05,0.00011698,4.2339e-05,-9.2988e-06,1.4471e-05,7.7706e-05,6.9311e-05,6.2363e-05,4.908e-05,0.0001011,4.6209e-05,7.5682e-05,4.6459e-05,9.2183e-06,-5.0989e-06,2.8523e-05,2.9523e-05,5.4287e-05,8.6987e-05,-2.1007e-05,5.0856e-05,0.00010329,8.1165e-05,1.3693e-05,3.2205e-05,1.8859e-05,8.2568e-05,9.558e-05,8.7603e-05,7.4833e-05,4.3342e-05,7.0783e-05,2.9257e-05,1.7117e-05,1.7764e-06,-7.8231e-05,7.9066e-05,3.7011e-05,1.4746e-05,-3.5392e-05,0.00017144,-5.8799e-06,-4.6919e-05,9.1878e-05,-1.9299e-05,4.0642e-05,0.00011436,6.5026e-05,0.00012342,4.8054e-05,0.00011557,6.939e-05,-0.00011438,-0.00011328,0.00011993,-0.00013057,-1.3198e-05,3.2963e-05,-2.4032e-06,-6.2477e-05,7.4572e-05,6.1142e-05,2.2177e-05,-6.2138e-05
0.0002611,0.00019515,0.00013634,0.00011292,0.00020252,0.00027099,0.00019264,0.000102,0.00021088,9.8677e-05,0.00021658,0.00016068,0.00016655,0.00016004,0.00027186,6.5581e-05,8.7631e-05,0.00014911,0.00028862,0.0001427,0.00010906,0.00010122,0.00020868,5.0311e-05,0.00019724,0.00013873,0.00022429,0.00015995,0.00015869,0.00012356,0.00010922,9.1138e-05,0.00022052,0.00027023,0.00010691,0.00010658,0.00014795,0.00014589,6.2091e-05,0.00025138,5.4207e-05,7.2157e-05,8.4364e-05,0.00019816,7.4514e-06,0.00010254,3.7342e-05,0.00012478,0.00021833,0.00019576,9.0751e-05,0.00016412,0.00011524,0.00021152,0.00022337,8.9758e-05,0.00011711,8.1285e-05,0.00011596,0.00011223,9.2886e-05,0.00026164,0.00013372,3.7909e-05,9.4104e-05,0.00021733,0.00024185,5.7239e-05,0.00011887,0.00022192,0.00020886,8.8383e-05,0.00014282,5.9153e-05,5.6174e-05,6.8582e-05,0.00010703,7.685e-05,9.1657e-05,0.00014732,0.00018521,0.00019918,0.00020054,0.0001689,0.00017415,7.4624e-05,4.2036e-05,0.00014541,0.00014838,9.8956e-05,4.0498e-05,2.619e-05,0.00015797,0.00020373,0.00017741,0.00010961,0.000167,6.1856e-06,7.8973e-05,0.00015618,0.00015117,0.00022607,6.9559e-06,0.00016377,0.00018632,0.00016932,-3.6676e-05,0.00018474,4.9975e-05,0.00023355,7.4941e-05,0.00015603,0.00018393,0.00011953,0.00015023,0.00017611,8.1254e-05,0.00010576,1.952e-05,0.00015467,9.8234e-05,0.00016954,0.0002719,0.00015392,0.00013614,0.00012541,0.00012633,0.00016666,0.00016439,0.00016268,0.00010538,0.00020031,0.00013752,0.00013657,0.00012117,1.5488e-05,8.9059e-05,0.00015325,0.00021297,0.00020493,0.00010301,-3.2686e-05,0.00015184,0.00016087,0.00013394,0.00015512,0.00012748,0.00014649,0.00018613,0.0001311,0.00019969,0.00016426,0.00012156,0.00019449,8.8675e-05,9.1762e-05,0.00010253,7.1189e-05,0.00011109,0.0001803,0.00018647,0.00024147,0.00032757,0.00030047,0.00013021,0.00025765,9.8257e-05,0.00032903,0.00016843,0.00015547,0.00016036,0.00021722,0.00015338,0.00015487,-4.8458e-05,0.00029505,0.00010469,4.2643e-06,0.00021929,0.0001617,0.0002295,-8.5086e-05,0.00016248,8.5536e-05,6.9588e-05,8.059e-05
0.00050554,0.00030926,0.00017189,0.00029231,0.00022422,0.00048867,0.00020606,0.0001919,0.00044939,1.3e-05,0.00016068,0.00046058,8.9176e-05,0.00035714,0.00081844,8.6156e-05,0.00024051,0.00032187,0.00071477,0.00018906,0.0004055,0.00032037,0.00013147,0.00016106,0.00019372,9.1233e-05,0.00054302,0.0004369,0.00051713,0.00041025,4.9869e-05,-0.00020394,0.00017785,0.00030167,0.00021253,0.00010377,0.00027772,4.508e-05,0.00014318,0.00035416,0.0002864,0.0001997,0.00020136,0.00023473,0.00011912,0.00021591,0.00033748,0.00035641,0.00016764,0.00039087,0.00023701,0.00014262,0.00039614,0.00037511,-3.4217e-05,0.00014281,0.00032825,0.00022487,0.00026835,0.00023395,0.00029043,0.00045272,1.1568e-05,0.00032991,-4.0093e-05,0.00046047,0.00040276,0.00016037,0.00013284,0.00030635,0.00025181,0.00037975,0.0004223,0.00025374,0.00039416,0.00016138,0.0001589,0.00023275,0.0002644,9.9914e-05,0.00015383,0.00034869,0.00025659,9.9809e-05,0.00045337,0.00018276,0.00020024,0.00028998,0.00043965,0.00024384,0.00025791,0.00041925,0.00022517,0.0004338,0.00048414,0.00049599,0.00020545,0.0002661,0.00020974,0.00020758,0.00019975,0.0004074,0.00025809,0.00017582,0.0002719,5.4507e-05,0.00022191,0.00031131,0.0001943,0.00042357,0.0002811,0.00032089,8.9466e-05,-7.0477e-05,0.00041159,0.00019287,0.00010653,0.00013622,8.1017e-05,6.6704e-05,0.00061529,0.00015976,0.00069885,8.6051e-05,0.00022053,0.00020592,0.00024488,0.00021332,0.00023648,0.00012922,-0.00015802,0.00022292,0.00029847,0.00011697,0.00023692,2.4315e-05,0.00022611,0.00033284,0.00047762,0.00044376,6.5482e-05,0.00027009,0.00018567,5.3891e-05,0.00023856,0.0003792,0.00023369,0.00023756,0.00029037,7.1939e-05,0.00015233,0.00025013,0.00010523,0.00038875,0.00021584,0.00019438,0.00032914,0.0004613,6.7455e-07,0.00027872,0.00020227,0.00063438,0.00053461,0.00061932,0.00049265,0.00040387,0.0002673,0.00080065,0.00016441,0.00012707,5.0889e-05,0.00038187,6.5819e-05,0.00024317,5.7899e-05,0.00064267,0.00010281,0.00014292,0.00049833,0.00029438,0.00050965,0.00021254,0.00021381,0.00012116,0.00026444,0.00029592
0.00014673,0.00013182,4.9628e-05,-1.3614e-08,0.00011476,5.8335e-05,8.0866e-05,-3.7725e-05,9.6692e-05,0.0001209,0.00016655,8.9176e-05,0.0002259,1.6043e-05,-4.231e-05,2.0551e-05,5.7114e-05,-1.348e-05,-1.3973e-05,6.3816e-05,-1.7918e-05,1.4163e-05,0.00018171,-3.9796e-05,0.00018874,5.6926e-05,-0.00011643,6.6642e-05,-3.242e-05,2.7823e-05,0.00013517,-1.1371e-05,0.00021387,0.00018975,2.3646e-05,0.00010137,8.3283e-05,0.00017686,-1.2962e-06,0.00011622,-3.0774e-05,-6.023e-05,-3.4546e-07,6.7319e-05,1.0172e-05,3.6811e-05,-0.00012794,7.6225e-05,0.00011055,5.8907e-05,9.7361e-06,0.00015245,3.4911e-06,6.9187e-05,0.00017408,2.6814e-05,-6.5581e-05,1.1448e-05,6.3992e-05,4.3841e-05,-4.9276e-05,0.00012769,0.0001427,-6.126e-05,0.00011277,1.8807e-05,0.00011887,3.6189e-05,8.1092e-05,6.0047e-05,0.00014519,-0.00010721,8.4134e-05,-4.2611e-05,-0.00010516,-1.3274e-05,9.2683e-05,-2.012e-05,-2.7796e-05,0.00012576,0.00017006,0.00010248,0.00014062,0.0001582,-3.7617e-06,-5.9133e-06,-4.3717e-05,7.5686e-05,-2.3354e-06,-2.7991e-05,-7.2047e-05,-0.00014267,8.1912e-05,6.5446e-05,1.1848e-05,-2.9823e-05,0.00013304,-0.00010037,7.6235e-06,0.00014162,9.4892e-05,3.0287e-05,1.204e-05,0.00010071,0.00015123,0.00018307,-6.1914e-05,0.0001256,-8.4031e-05,0.00011842,3.4633e-05,4.438e-05,0.00012429,7.9384e-05,3.808e-05,0.00015407,4.0828e-05,5.7438e-05,-2.6427e-05,0.00017523,-5.601e-05,0.00018654,7.2547e-06,0.0001618,5.3147e-05,6.1555e-05,3.0846e-05,6.5412e-05,9.7169e-05,0.00011432,0.00010811,0.0001448,4.0232e-05,0.00011157,3.0854e-05,1.2637e-05,2.3813e-05,4.7818e-05,7.122e-05,9.3616e-05,0.0001114,-6.1793e-05,0.00011006,0.00014961,6.4593e-05,1.7788e-05,4.5192e-05,8.1989e-05,8.2238e-05,0.00012079,0.00010267,5.5101e-05,4.4232e-05,7.1655e-05,-6.1017e-07,-9.1642e-07,-2.9571e-05,-9.5369e-05,9.5952e-05,4.0321e-05,6.6952e-05,6.8724e-05,0.00015615,0.00019737,-0.00010815,0.00021833,4.9308e-06,1.5752e-05,0.00012371,0.00010037,0.00018939,0.00012878,0.00013253,0.0001056,-0.00014168,-6.7487e-06,0.00014792,-0.00019408,9.6731e-05,7.9302e-05,2.5669e-05,-3.7662e-05,9.4657e-05,7.0573e-05,-1.9326e-05,-0.00012726
0.00063825,0.00030126,0.00029458,0.00043684,0.00032682,0.0006261,0.00040983,0.00033605,0.00046469,-3.0006e-06,0.00016004,0.00035714,1.6043e-05,0.00067297,0.0010112,0.00019353,0.00018388,0.00043603,0.00085839,0.00021905,0.00040488,0.00018285,0.00013048,0.00026412,7.6517e-05,0.00024083,0.00070801,0.00040178,0.00066621,0.00049507,6.1723e-05,-6.2986e-05,0.0001838,0.00019462,0.00025863,9.1106e-05,0.00029193,3.5972e-05,0.00020799,0.00036103,0.0002862,0.00033982,0.00034926,0.00023104,0.00023971,0.0003376,0.00055827,0.00035129,0.00036541,0.00036259,0.00022655,0.00017261,0.00034783,0.00051194,0.00011506,0.00023983,0.00046775,0.00026658,0.00037435,0.00040029,0.00042923,0.00040906,-1.583e-05,0.00039705,-0.00012438,0.00053867,0.00039719,0.00014138,0.00012926,0.0004527,0.00024468,0.00050319,0.00031126,0.00028781,0.00049237,0.00022364,0.00018626,0.00025408,0.00017226,0.00019445,0.00013146,0.00058372,0.00027142,0.00010644,0.00051064,0.00031442,0.00032363,0.00034639,0.00053424,0.00038945,0.00021321,0.00061982,0.0002256,0.0004749,0.00056663,0.00042284,0.0002195,0.00031633,0.00022118,0.00018997,0.00026489,0.00043976,0.00018743,0.00021763,0.00024181,3.2181e-05,0.00019456,0.00035303,0.00045768,0.00044213,0.00023114,0.0004269,0.00014715,1.3404e-06,0.00038792,0.00019043,0.00020342,0.00017908,0.00019636,2.4596e-05,0.00053189,2.7648e-05,0.0008328,5.5241e-05,0.00032582,0.00023936,0.00029173,0.00030135,0.00028284,9.6202e-05,-0.00011003,0.00024154,0.00046965,0.00022668,0.00044971,1.6789e-05,0.00037621,0.00036692,0.00057891,0.00058819,1.2552e-05,0.00014681,0.00020807,3.5087e-05,0.00019784,0.00047185,0.00028184,0.00028994,0.00042375,3.9454e-05,0.00047751,0.00036866,0.00019186,0.00055826,0.00025847,0.00021301,0.00043468,0.00056855,-5.0025e-06,0.00040033,0.00047349,0.00070342,0.00059617,0.00051884,0.00066223,0.0003222,0.00025379,0.00094101,0.00024948,0.00018667,6.5863e-06,0.00043075,4.5777e-05,0.00025143,0.00016482,0.00096063,1.5308e-05,0.00034482,0.00049079,0.00030493,0.000673,0.00021187,0.00025464,0.00012113,0.00032553,0.00054466
0.00095012,0.00072169,0.00055278,0.0007104,0.00055547,0.0013148,0.00056763,0.00058542,0.0010842,-6.3587e-06,0.00027186,0.00081844,-4.231e-05,0.0010112,0.0022578,0.00024969,0.00036916,0.00079304,0.0018805,0.00036956,0.00091666,0.0006178,0.00017485,0.00043069,0.00016706,0.00032969,0.0017682,0.00092937,0.0013139,0.00095897,2.5448e-05,-0.00048227,0.00027196,0.00052274,0.00049647,0.00013859,0.00051721,-8.0038e-05,0.00045829,0.00086928,0.00077949,0.00069243,0.00049908,0.00047699,0.00046854,0.00057639,0.0010874,0.00062666,0.00052132,0.00090482,0.00044669,0.0002197,0.00086472,0.00093669,-0.00024106,0.00040848,0.00090593,0.0004271,0.0005661,0.00069766,0.0009025,0.0010182,-6.1697e-05,0.00080271,-0.00023283,0.0012044,0.00086412,0.00037257,0.00024168,0.00074007,0.00041156,0.0010559,0.00079548,0.00059598,0.0011252,0.00046237,0.00032042,0.00064345,0.00069503,0.00020035,0.00021043,0.00090167,0.0005261,0.0001378,0.0011826,0.00058835,0.00058845,0.00056438,0.0011747,0.00071938,0.00063195,0.0011968,0.00046433,0.0010395,0.0012663,0.001209,0.00036646,0.0006544,0.00039212,0.00030582,0.00043633,0.000979,0.00030673,0.00029791,0.00064418,-1.4797e-05,0.00042737,0.00063956,0.00072251,0.00073743,0.00058718,0.00081902,0.00013835,-0.00023245,0.00097977,0.00030311,0.00032895,0.00034716,0.00029408,4.685e-06,0.0015081,6.2987e-05,0.0019585,7.221e-05,0.00061317,0.00036904,0.00058784,0.00055612,0.00058006,0.00027796,-0.00049154,0.00043275,0.00080855,0.00026639,0.00070861,2.4291e-05,0.00056096,0.00084085,0.00114,0.0010747,-9.4963e-06,0.00035973,0.00040783,9.057e-06,0.00055893,0.00097363,0.00054108,0.00047075,0.0007791,6.8196e-05,0.00057887,0.00074852,0.00031866,0.0009431,0.0005537,0.00050336,0.00095302,0.0013777,-3.7708e-05,0.0007528,0.00056072,0.0014953,0.0013256,0.0012851,0.0013251,0.00075811,0.00055068,0.0021376,0.00040472,0.00024322,-6.0572e-05,0.00079882,7.7306e-05,0.00044498,0.00026598,0.0018006,9.8329e-05,0.00075442,0.00098502,0.0006131,0.0013463,0.00042607,0.00050364,0.00025208,0.00070544,0.0010929
9.4531e-05,0.00013461,0.00013771,0.00015296,9.24e-05,9.9799e-05,0.0002054,0.00011458,7.5331e-05,4.5326e-05,6.5581e-05,8.6156e-05,2.0551e-05,0.00019353,0.00024969,0.00024745,4.5313e-05,0.00016241,0.00025095,1.218e-05,5.6607e-05,2.1577e-05,5.7474e-05,5.9667e-05,2.0903e-05,-3.6089e-05,0.00019159,0.00022082,0.00020868,0.00012198,2.9771e-05,6.7906e-05,2.4095e-05,7.9829e-06,-2.8224e-05,5.3308e-05,0.00010938,8.1418e-05,8.9023e-05,0.00015242,9.4033e-05,0.00012168,0.00023885,0.00010325,0.00016294,0.00012063,0.00022168,0.00015737,0.00020314,0.00025386,-1.6373e-05,8.4333e-05,9.315e-05,0.00018094,5.5222e-05,4.6887e-05,0.00014002,0.0001903,6.3558e-05,0.00012831,0.00013571,0.00011684,3.0104e-05,9.9032e-05,7.1613e-05,0.0001629,0.00015968,7.5529e-05,6.7349e-05,0.00022009,0.00013043,4.5778e-05,4.5814e-05,0.00015335,0.00016715,9.7563e-05,8.9883e-05,7.4484e-05,9.8153e-05,0.00010064,8.2078e-05,0.00043272,0.00011392,6.0816e-05,0.00012927,0.00010756,0.00022694,0.00014259,0.00011367,5.602e-05,2.5423e-05,0.00015191,4.0502e-05,0.00021002,0.00017647,3.4742e-05,0.00015795,0.00012374,5.2608e-05,8.2923e-05,6.8906e-05,0.00017717,6.9612e-05,8.8925e-05,3.7984e-05,5.3636e-05,7.7954e-05,0.00010289,0.00017315,6.782e-05,9.6926e-05,0.00014695,5.2163e-05,-1.9963e-05,0.00010528,5.0608e-05,4.9581e-05,2.6798e-05,9.9727e-05,5.4585e-05,0.00010937,-3.9493e-06,0.00016671,5.1161e-05,0.00010898,3.605e-05,4.7718e-05,4.4254e-05,0.00012284,-4.8845e-05,-1.8888e-06,0.00013525,0.00010354,0.00012471,0.00026198,2.5584e-05,0.00015188,0.00010389,0.00023723,0.00022659,4.6774e-05,-7.2895e-05,7.18e-05,5.2672e-05,0.00012818,0.00013538,9.8227e-05,0.0001058,0.00019967,4.4403e-05,0.00012126,0.00018198,8.4962e-05,0.00021309,0.00013168,9.6193e-05,0.00010053,9.2861e-05,1.5185e-05,0.00012885,0.00012358,0.0002158,8.3632e-05,-0.00010344,0.00015492,6.02e-05,6.8784e-06,0.00024624,0.00014173,8.9482e-05,4.2481e-05,0.00016091,4.7828e-05,0.00010494,5.168e-05,0.00018383,3.4462e-05,-1.9594e-05,2.2606e-05,6.0023e-05,0.00022273,1.1291e-05,7.3377e-05,7.7028e-05,7.85e-05,0.00010571
0.00033273,0.00012972,0.00015864,0.00025954,0.0001927,0.00038478,6.6336e-05,8.6843e-05,0.00027076,-2.6025e-05,8.7631e-05,0.00024051,5.7114e-05,0.00018388,0.00036916,4.5313e-05,0.00028528,0.00022703,0.00028225,0.00016115,0.00030759,0.00016808,7.3037e-05,4.0639e-05,9.7028e-05,1.3424e-06,0.00019465,0.00029328,0.0002697,0.00025692,4.6484e-06,-8.7272e-05,0.00016482,0.0001415,9.6271e-05,5.7884e-05,0.0002173,4.2492e-05,8.648e-05,0.00017526,9.9757e-05,9.4268e-05,4.4382e-05,0.00018326,0.00011098,0.00013987,0.00013857,0.0003069,0.00024625,0.00017623,0.00024596,9.1006e-05,0.00025442,0.00017449,5.8749e-05,8.0207e-05,0.00014992,0.00019122,0.00020518,0.00010929,0.00016234,0.00023662,-3.414e-05,0.00026812,1.9983e-05,0.00025881,0.00024354,9.012e-05,8.2556e-05,0.00013289,0.00018913,0.00016567,0.00025835,0.00011896,0.00020864,6.4685e-05,7.5142e-05,0.00012453,8.395e-05,6.2128e-05,9.7884e-05,7.5651e-05,0.00021325,9.2083e-05,0.00013751,8.4107e-05,6.6769e-05,0.00014542,0.00021024,0.00013195,0.00012419,0.00013184,0.00013493,0.00021668,0.00032924,0.0002655,0.00015939,0.00010383,0.00022558,0.00010266,0.00011304,0.00017894,7.5661e-05,0.00017825,0.00017819,4.2719e-05,0.00015987,0.00020011,3.617e-05,0.00021562,0.00016547,0.00019159,7.4622e-05,-3.8408e-05,0.00028112,7.0592e-05,0.00010845,3.4509e-05,3.9716e-05,4.3044e-05,0.00029674,5.8843e-05,0.00025077,2.7503e-05,0.00011875,0.00017077,0.00012146,6.7878e-05,0.00015321,6.9351e-05,-6.8585e-05,0.00015905,5.1439e-05,6.0204e-05,0.00019669,2.5706e-05,0.00012667,0.00021435,0.00027283,0.00025946,6.1396e-05,0.00024671,9.7805e-05,4.4159e-05,0.0001023,0.00028637,0.00016238,0.0001667,0.00017328,3.4873e-05,5.0138e-05,0.00014441,5.9243e-05,0.00016827,6.8609e-05,0.00014033,0.0002164,0.00024726,1.7023e-05,0.00016249,0.00011793,0.0003028,0.0002064,0.00045282,0.00023127,0.00027729,0.00013524,0.00033022,7.8153e-05,6.7668e-05,4.0154e-05,0.00028191,5.4625e-05,0.00011467,5.9396e-05,0.00050885,4.6639e-05,-5.3605e-06,0.0003481,0.00015724,0.00038381,0.00011481,0.00010799,3.5202e-05,8.5783e-05,5.3492e-05
0.00050156,0.00028382,0.0002636,0.0004538,0.00033646,0.00073976,0.00042875,0.00019204,0.0002519,-2.3142e-05,0.00014911,0.00032187,-1.348e-05,0.00043603,0.00079304,0.00016241,0.00022703,0.00064043,0.00068699,0.0002627,0.0004736,0.00018164,0.0001109,0.00015829,0.00011828,2.5456e-05,0.00064132,0.00042326,0.00062916,0.00051969,-1.6526e-05,9.8643e-05,0.00013483,0.00015823,0.0001592,-1.5653e-06,0.00029042,4.36e-05,0.00011239,0.00032113,0.00018728,0.00034346,0.00030693,0.00036039,0.00012152,0.00025848,0.00056847,0.0003195,0.00051455,0.00040243,0.0002496,0.0001659,0.00031762,0.00043172,-3.2984e-06,0.00017144,0.00049752,0.00025422,0.00027944,0.00032353,0.00026195,0.00039889,-2.2211e-05,0.00037748,-4.1942e-05,0.00054772,0.00044745,0.0001474,0.00014869,0.00040498,0.00026107,0.00046682,0.00026208,0.00034085,0.00048281,0.00021227,6.7958e-05,0.00028195,0.00022551,0.00020442,0.00017518,0.00020129,0.00026881,0.00012726,0.00046516,0.00025197,0.0003164,0.00031066,0.00044542,0.00023947,0.00030067,0.00043523,0.00016531,0.00048167,0.00046057,0.00033417,0.00015728,0.00018014,0.00042437,8.4604e-05,0.00018335,0.00036294,9.1429e-05,0.00021051,0.00013892,1.3855e-05,0.00028964,0.00031095,0.00027646,0.00042676,0.00014492,0.00032903,0.00011338,9.1675e-05,0.00028956,5.4797e-05,0.00013142,0.0001015,0.00017454,2.202e-05,0.00041127,2.5861e-05,0.00051958,-2.1229e-05,0.00021515,0.00023959,0.00019043,0.00018749,0.00024164,6.6033e-05,-5.0264e-06,0.00023419,0.00031497,0.00016845,0.0002976,4.6988e-05,0.00023646,0.00030337,0.0005521,0.00048539,3.7658e-05,0.00037121,0.0001532,2.8916e-05,9.586e-05,0.00038841,0.00023221,0.00028087,0.00033093,5.6496e-05,0.00031287,0.00030087,0.00019076,0.0005128,0.00019771,0.0002167,0.00025031,0.00043778,9.7212e-06,0.00032605,0.00029091,0.00047422,0.00033091,0.0004692,0.00053317,0.00017984,0.00014465,0.00070151,0.00018263,0.00020015,1.5406e-05,0.00037509,3.0863e-05,0.00021894,0.00029081,0.00072946,2.9015e-05,0.00027502,0.00049188,0.00031426,0.00063206,0.00014275,0.00017818,1.0825e-05,0.00023005,0.00041885
0.00083219,0.0005628,0.00044035,0.00064125,0.00040751,0.00098218,0.00055747,0.00054758,0.00086409,2.255e-05,0.00028862,0.00071477,-1.3973e-05,0.00085839,0.0018805,0.00025095,0.00028225,0.00068699,0.0017363,0.00027908,0.00074904,0.00054594,0.00020927,0.00039091,0.0002118,0.00033646,0.0015806,0.00064455,0.0011054,0.00074018,3.5774e-05,-3.7067e-05,0.00024067,0.00058506,0.0004527,0.00014981,0.00041595,-2.9464e-05,0.00038532,0.00073788,0.00066534,0.00059071,0.00049845,0.00048198,0.00031763,0.00046537,0.00089045,0.00059832,0.00040062,0.00078552,0.00032758,0.00022347,0.00069666,0.00080677,4.655e-05,0.00035814,0.00077824,0.0004037,0.00039565,0.00060445,0.00078751,0.00082508,-1.6493e-05,0.000655,-7.6167e-05,0.0010257,0.00072169,0.00028041,0.00023896,0.00069355,0.00040037,0.00085623,0.00064253,0.00050205,0.00092055,0.00037546,0.00031078,0.00052718,0.00062992,0.00016168,0.00016774,0.00079727,0.0003961,0.00012419,0.0010058,0.00046295,0.0005463,0.00049936,0.00092608,0.00064603,0.00051247,0.0009583,0.00045043,0.00088367,0.0009849,0.00095548,0.00035829,0.0005923,0.00033279,0.00032692,0.00037491,0.00091679,0.0003576,0.00030995,0.0004707,5.3355e-05,0.00018916,0.00050419,0.00064554,0.00065654,0.00048322,0.00066892,0.00019717,-9.4417e-05,0.00079115,0.00030642,0.00027212,0.0002952,0.00025374,4.5027e-05,0.0011843,0.00012775,0.0016994,0.00012076,0.00051389,0.00032486,0.00052447,0.00058832,0.00050692,0.00022091,-0.000211,0.00036753,0.00068843,0.00024429,0.00058191,2.2823e-05,0.00051466,0.00070047,0.00093911,0.00086294,-2.0204e-05,0.00027588,0.00032747,3.5298e-05,0.00052972,0.00079701,0.00051973,0.00038954,0.00068484,0.00011079,0.00043158,0.00059614,0.00029461,0.0008312,0.00054677,0.00046749,0.000801,0.0010582,-4.9541e-06,0.00064798,0.00061866,0.0012087,0.0011269,0.00092798,0.0011298,0.00060834,0.00051303,0.001876,0.00034744,0.00024998,-5.4249e-06,0.00065044,0.00010891,0.00046868,0.00021139,0.0014131,7.7208e-05,0.00066006,0.00079888,0.00053213,0.0010722,0.00028491,0.00047805,0.00031401,0.00063177,0.0008699
