0,0.10205,0.082,0.13427,0.091749,0.10388,0.10054,0.11264,0.11601,0.099632,0.098615,0.096526,0.091695,0.11177,0.13444,0.13682,0.10915,0.11993,0.14329,0.055643,0.11154,0.097727,0.10042,0.17979,0.074537,0.11825,0.13423,0.13555,0.10132,0.11429,0.10721,0.1108,0.11546,0.086799,0.10834,0.11367,0.093716,0.092979,0.10026,0.11913,0.12841,0.10331,0.108,0.089789,0.1055,0.098914,0.15152,0.10187,0.11373,0.096461,0.12043,0.094586,0.16025,0.12192,0.12569,0.085184,0.11166,0.10165,0.067883,0.13597,0.1104,0.13334,0.082091,0.11107,0.10747,0.12672,0.10919,0.11146,0.096976,0.11771,0.11274,0.11676,0.12737,0.098559,0.12154,0.10427,0.098457,0.085302,0.1157,0.15089,0.1084,0.088987,0.11068,0.083741,0.1084,0.12604,0.18871,0.13479,0.11038,0.10278,0.1158,0.11013,0.10022,0.12304,0.10391,0.084684,0.11551,0.11312,0.099839,0.1088,0.086706,0.10301,0.09315,0.14391,0.086925,0.093745,0.1068,0.10432,0.087895,0.10229,0.11222,0.10344,0.106,0.094427,0.10455,0.096426,0.10058,0.096881,0.15048,0.10053,0.09463,0.069004,0.10791,0.089607,0.12647,0.048938,0.11655,0.11305,0.096816,0.087569,0.082099,0.11158,0.11572,0.094127,0.1317,0.11382,0.097489,0.088499,0.09884,0.10973,0.1355,0.13811,0.12047,0.10983,0.088033,0.10398,0.13492,0.10296,0.10431,0.091415,0.10231,0.098974,0.12155,0.10921,0.097417,0.085665,0.13283,0.13165,0.10851,0.099055,0.1462,0.12022,0.13662,0.095217,0.10497,0.068457,0.085868,0.13577,0.093729,0.10568,0.096162,0.11288,0.10727,0.11071,0.081923,0.096017,0.11116,0.10392,0.10393,0.088524,0.12742,0.12261,0.10229,0.098987,0.11085,0.20115
0.10205,0,0.061531,0.098367,0.065828,0.10252,0.060185,0.063803,0.062606,0.074882,0.059638,0.067125,0.064068,0.073446,0.08709,0.091056,0.076916,0.12362,0.09206,0.093132,0.080001,0.073115,0.051736,0.13749,0.069138,0.073414,0.071605,0.089074,0.058225,0.063132,0.082568,0.087764,0.07987,0.081404,0.057596,0.069812,0.076676,0.05927,0.047114,0.063202,0.090149,0.06922,0.070054,0.082593,0.076676,0.061848,0.12753,0.068919,0.06793,0.070014,0.1453,0.070962,0.11743,0.086268,0.11605,0.063374,0.054511,0.053328,0.084292,0.088929,0.08533,0.088378,0.068678,0.064262,0.074013,0.084411,0.054319,0.10105,0.057481,0.065378,0.066675,0.061131,0.094414,0.073209,0.065155,0.056636,0.060696,0.071069,0.081707,0.13821,0.057718,0.081508,0.070887,0.069178,0.064187,0.084207,0.18874,0.080235,0.055905,0.067778,0.061782,0.05347,0.060883,0.065859,0.054852,0.088035,0.07159,0.084821,0.065804,0.055195,0.056382,0.06543,0.0686,0.10827,0.099652,0.055623,0.10168,0.067616,0.050566,0.092178,0.053646,0.052267,0.047932,0.079725,0.054098,0.073922,0.068014,0.056706,0.13369,0.04938,0.07518,0.076627,0.071316,0.058581,0.072411,0.083384,0.095775,0.077486,0.05712,0.061032,0.080164,0.06203,0.10614,0.061898,0.11008,0.073284,0.062758,0.086034,0.059147,0.067137,0.11095,0.10029,0.074866,0.052578,0.058759,0.05594,0.08368,0.069771,0.05201,0.063548,0.070412,0.069546,0.066303,0.059945,0.066035,0.055082,0.078631,0.085672,0.059635,0.065976,0.098325,0.092272,0.10796,0.12839,0.057761,0.076253,0.071849,0.08804,0.06001,0.062132,0.049685,0.054365,0.058874,0.055411,0.11357,0.055904,0.10315,0.058262,0.087824,0.08739,0.066554,0.073969,0.057425,0.066586,0.066464,0.12592
0.082,0.061531,0,0.10777,0.063338,0.10496,0.064126,0.074379,0.082981,0.068532,0.059556,0.076838,0.055015,0.074994,0.10668,0.097942,0.064286,0.11703,0.11192,0.088892,0.10447,0.074184,0.064939,0.1465,0.061748,0.084217,0.10541,0.087346,0.071484,0.085406,0.074971,0.10474,0.090624,0.086931,0.068655,0.066875,0.08618,0.049403,0.065417,0.076806,0.093959,0.074977,0.071175,0.094127,0.089055,0.067412,0.11494,0.07589,0.094874,0.072927,0.1441,0.077854,0.11924,0.10547,0.1356,0.062887,0.065591,0.062223,0.084193,0.088564,0.095881,0.097139,0.058524,0.081171,0.068116,0.087312,0.064061,0.099854,0.061681,0.082444,0.065551,0.083025,0.095923,0.085377,0.085061,0.0706,0.056728,0.055232,0.093539,0.14334,0.062907,0.086497,0.084426,0.068688,0.073401,0.099971,0.19478,0.088773,0.071498,0.072929,0.078634,0.084919,0.067962,0.076958,0.071849,0.089315,0.077558,0.097812,0.068062,0.07411,0.058337,0.077052,0.06791,0.12865,0.065759,0.062099,0.10487,0.064161,0.066054,0.10485,0.070282,0.070089,0.072589,0.095581,0.063533,0.066249,0.080565,0.078292,0.13553,0.054609,0.083177,0.074166,0.10136,0.048961,0.083235,0.076044,0.10005,0.09113,0.066537,0.057568,0.089041,0.077955,0.10241,0.074022,0.11164,0.092483,0.073083,0.087838,0.069376,0.078878,0.11763,0.11517,0.083044,0.056826,0.054473,0.066025,0.10493,0.070814,0.072817,0.055949,0.088924,0.090957,0.08782,0.086435,0.084347,0.057902,0.091634,0.10021,0.078299,0.075805,0.10694,0.11431,0.11755,0.12602,0.079452,0.061434,0.053173,0.1096,0.061875,0.076172,0.053421,0.063742,0.075315,0.080628,0.10654,0.072206,0.11911,0.092353,0.099551,0.094918,0.082039,0.097306,0.063269,0.058628,0.077818,0.15231
0.13427,0.098367,0.10777,0,0.08486,0.11711,0.089796,0.081619,0.07647,0.077728,0.073793,0.085485,0.087141,0.085276,0.10034,0.099009,0.092606,0.12121,0.12397,0.12587,0.11952,0.10205,0.086437,0.1503,0.10169,0.0908,0.10191,0.11504,0.098015,0.075084,0.10268,0.10001,0.12326,0.11152,0.076889,0.1003,0.11145,0.085466,0.083229,0.086338,0.087873,0.08848,0.10067,0.10399,0.11522,0.083645,0.10635,0.09717,0.11148,0.093789,0.16322,0.10323,0.11072,0.097263,0.14695,0.089208,0.09875,0.087791,0.1043,0.091824,0.093475,0.094025,0.10796,0.080502,0.089886,0.087035,0.091492,0.11858,0.087751,0.092307,0.0991,0.10154,0.10611,0.074062,0.087826,0.092283,0.085669,0.098006,0.12178,0.15062,0.074674,0.11178,0.071766,0.098431,0.083644,0.10533,0.18442,0.095708,0.08029,0.087555,0.10009,0.093207,0.083013,0.091717,0.074769,0.13695,0.08899,0.10237,0.094442,0.085135,0.069621,0.081852,0.12766,0.11597,0.13815,0.083685,0.12915,0.081103,0.10354,0.12771,0.093825,0.07345,0.085858,0.11247,0.074611,0.076119,0.089983,0.10046,0.124,0.077128,0.094418,0.098106,0.10632,0.089719,0.091739,0.11307,0.10439,0.11172,0.082858,0.074597,0.11657,0.075447,0.091627,0.097775,0.11088,0.071111,0.10961,0.0881,0.079249,0.083536,0.15711,0.14904,0.092365,0.08973,0.079237,0.076402,0.094589,0.10179,0.077536,0.094613,0.10211,0.12465,0.10094,0.098287,0.108,0.080979,0.10982,0.11792,0.082288,0.089013,0.10454,0.12124,0.13167,0.15427,0.076506,0.10325,0.09222,0.10834,0.077183,0.087548,0.078519,0.10932,0.085914,0.086282,0.15223,0.08145,0.1215,0.097773,0.1206,0.10853,0.11174,0.091542,0.074186,0.082732,0.081244,0.16486
0.091749,0.065828,0.063338,0.08486,0,0.094687,0.058227,0.059466,0.070263,0.058162,0.051405,0.068769,0.048594,0.056153,0.090422,0.092036,0.060576,0.118,0.10485,0.080297,0.094849,0.072896,0.046362,0.14678,0.058228,0.061196,0.088209,0.09686,0.064986,0.06804,0.067916,0.10092,0.081907,0.077423,0.050034,0.057264,0.072637,0.047699,0.051032,0.064479,0.076828,0.062316,0.076944,0.071537,0.080225,0.055265,0.11905,0.073465,0.094378,0.064455,0.13135,0.056862,0.11973,0.079278,0.12317,0.051066,0.065441,0.051178,0.070371,0.077123,0.067315,0.083067,0.070188,0.053567,0.076719,0.074442,0.061861,0.084099,0.055925,0.074382,0.065103,0.077807,0.086182,0.062645,0.070263,0.06128,0.050934,0.070086,0.090135,0.14038,0.051671,0.087424,0.074536,0.067263,0.053841,0.070597,0.18863,0.076848,0.062041,0.067644,0.079802,0.066219,0.054932,0.067465,0.047293,0.099102,0.069114,0.079814,0.051889,0.053664,0.033734,0.049609,0.075077,0.12446,0.081815,0.058246,0.076475,0.059552,0.062653,0.10177,0.064198,0.04778,0.052264,0.08653,0.049908,0.056738,0.063247,0.068816,0.1202,0.043169,0.073039,0.067077,0.081298,0.058044,0.09325,0.072755,0.077129,0.075645,0.057268,0.047628,0.093115,0.059182,0.089014,0.060914,0.10155,0.075558,0.070743,0.061443,0.057407,0.060589,0.11089,0.11051,0.07751,0.060884,0.04473,0.056775,0.096428,0.070559,0.06915,0.044994,0.066472,0.086011,0.08296,0.069184,0.069622,0.043771,0.079813,0.085429,0.059538,0.06482,0.10254,0.092645,0.12162,0.12129,0.056431,0.05894,0.052674,0.092837,0.044381,0.063777,0.044446,0.069244,0.061375,0.072472,0.11884,0.071639,0.11086,0.080274,0.077252,0.072558,0.089895,0.081621,0.05126,0.050727,0.056435,0.15454
0.10388,0.10252,0.10496,0.11711,0.094687,0,0.10073,0.089983,0.11562,0.097443,0.085356,0.099335,0.095854,0.10031,0.12428,0.11411,0.10795,0.11135,0.14188,0.095811,0.10212,0.089256,0.09029,0.15853,0.064805,0.10963,0.11921,0.13281,0.10487,0.10774,0.094958,0.096503,0.12175,0.11541,0.095354,0.11926,0.10437,0.082984,0.095976,0.10826,0.10456,0.094167,0.10563,0.10563,0.12156,0.095411,0.17076,0.11319,0.11697,0.087493,0.12513,0.097482,0.15145,0.12118,0.092595,0.073263,0.11742,0.085836,0.086124,0.13114,0.094384,0.1249,0.089749,0.10694,0.11074,0.10873,0.10738,0.12393,0.096085,0.10322,0.096584,0.11124,0.1329,0.097307,0.094773,0.099485,0.10229,0.069275,0.11412,0.15118,0.10553,0.11532,0.11496,0.08946,0.11326,0.11711,0.1667,0.1219,0.10623,0.11343,0.11735,0.096221,0.090468,0.1096,0.090669,0.12924,0.096952,0.096528,0.090023,0.10707,0.082517,0.080736,0.086172,0.10761,0.10493,0.10226,0.099909,0.097075,0.093641,0.078646,0.11293,0.093172,0.10593,0.10169,0.093928,0.10225,0.10038,0.10152,0.12417,0.092085,0.11526,0.076167,0.10888,0.10291,0.12895,0.097265,0.10689,0.094866,0.091902,0.081129,0.085108,0.09945,0.1195,0.095394,0.13334,0.11764,0.094349,0.11938,0.10129,0.099741,0.13249,0.12191,0.1119,0.096378,0.080107,0.094434,0.11748,0.069701,0.10039,0.098465,0.10957,0.11586,0.10435,0.096993,0.10504,0.076763,0.12943,0.13553,0.095274,0.076883,0.11335,0.12213,0.1217,0.094616,0.08625,0.098157,0.079608,0.14385,0.096243,0.10126,0.091433,0.10048,0.10775,0.097979,0.12163,0.099813,0.10476,0.1098,0.085398,0.061261,0.12019,0.10976,0.091481,0.097348,0.10641,0.19149
0.10054,0.060185,0.064126,0.089796,0.058227,0.10073,0,0.060688,0.054976,0.064328,0.041087,0.060091,0.051224,0.055765,0.07271,0.072238,0.070632,0.11312,0.090097,0.099448,0.097736,0.073913,0.045628,0.13107,0.071233,0.065241,0.069362,0.089727,0.046118,0.066296,0.076267,0.099101,0.067031,0.079614,0.04711,0.058534,0.053315,0.053365,0.050035,0.053019,0.071895,0.053761,0.053843,0.084695,0.087689,0.049261,0.12071,0.065908,0.070996,0.061084,0.14173,0.065452,0.11127,0.061367,0.13413,0.049921,0.057455,0.054222,0.09322,0.082108,0.085086,0.075013,0.070154,0.052477,0.057611,0.060711,0.049113,0.07799,0.064983,0.054881,0.053725,0.061495,0.083429,0.061874,0.058979,0.055876,0.056835,0.069691,0.089194,0.12241,0.036281,0.085218,0.063045,0.063614,0.036125,0.072885,0.191,0.075818,0.029175,0.051084,0.062807,0.073562,0.07076,0.053534,0.04346,0.085117,0.050878,0.066374,0.053508,0.044358,0.052998,0.051409,0.065228,0.11284,0.08718,0.050479,0.088828,0.06168,0.062865,0.10192,0.055315,0.049768,0.054576,0.086473,0.049278,0.064581,0.050552,0.071488,0.11417,0.04984,0.068491,0.076541,0.074863,0.05609,0.07182,0.082247,0.079029,0.080706,0.049129,0.057897,0.10036,0.048746,0.091372,0.057773,0.10404,0.073524,0.068504,0.08094,0.042593,0.059726,0.09937,0.09184,0.061234,0.050734,0.043268,0.043418,0.087618,0.067457,0.055556,0.052508,0.072387,0.065768,0.08763,0.062582,0.076069,0.04799,0.070705,0.078374,0.053421,0.058205,0.10127,0.08372,0.10629,0.12785,0.055714,0.063572,0.05791,0.078117,0.04918,0.060778,0.051781,0.056414,0.051296,0.064924,0.11086,0.057924,0.11217,0.081681,0.09391,0.091061,0.080869,0.070478,0.042041,0.04916,0.053756,0.15138
0.11264,0.063803,0.074379,0.081619,0.059466,0.089983,0.060688,0,0.071522,0.055382,0.036097,0.063507,0.062247,0.048259,0.063136,0.089019,0.074679,0.10599,0.077349,0.099022,0.08546,0.083892,0.045749,0.1314,0.062069,0.069926,0.069691,0.09216,0.054653,0.046918,0.057057,0.087406,0.074544,0.087894,0.034789,0.071294,0.06899,0.051569,0.052992,0.051406,0.069986,0.047893,0.056297,0.082142,0.082713,0.059199,0.12707,0.075385,0.08515,0.052481,0.14304,0.074516,0.1096,0.067124,0.11507,0.046118,0.065554,0.037416,0.085062,0.073341,0.072042,0.078103,0.072653,0.050601,0.067347,0.05419,0.056364,0.093786,0.064015,0.039313,0.069304,0.070334,0.095649,0.06163,0.042572,0.048579,0.059623,0.057569,0.078568,0.11885,0.052681,0.070299,0.07474,0.067864,0.064993,0.086861,0.18894,0.071383,0.05961,0.064149,0.062647,0.061724,0.060343,0.056762,0.046716,0.098856,0.063284,0.060844,0.053728,0.056249,0.046087,0.03854,0.076751,0.10269,0.09571,0.05139,0.098088,0.05953,0.058292,0.095298,0.059064,0.057082,0.057952,0.075037,0.043383,0.067647,0.063635,0.061367,0.11281,0.046509,0.06959,0.072498,0.06771,0.065194,0.066662,0.085583,0.071797,0.064069,0.052066,0.050455,0.094465,0.071898,0.077671,0.051248,0.092452,0.075833,0.064746,0.075931,0.056287,0.051298,0.10698,0.10815,0.064555,0.062021,0.049531,0.052654,0.068451,0.045088,0.050796,0.065548,0.067955,0.085816,0.06527,0.060114,0.067279,0.057858,0.0737,0.074278,0.048073,0.04622,0.08456,0.1092,0.10397,0.1301,0.040621,0.071538,0.061345,0.085277,0.05467,0.041365,0.051053,0.057842,0.054381,0.054658,0.11921,0.05323,0.10193,0.085294,0.084682,0.069938,0.062609,0.045644,0.046444,0.049525,0.067158,0.13386
0.11601,0.062606,0.082981,0.07647,0.070263,0.11562,0.054976,0.071522,0,0.06176,0.053932,0.05377,0.054677,0.063884,0.071352,0.074561,0.062295,0.11112,0.095953,0.11174,0.10156,0.063434,0.050702,0.14761,0.085342,0.075359,0.073184,0.10873,0.055587,0.059748,0.09225,0.10551,0.078248,0.074853,0.055842,0.060248,0.076924,0.06296,0.05442,0.059294,0.08014,0.066173,0.071153,0.079143,0.080848,0.061108,0.10813,0.068483,0.080425,0.071806,0.14316,0.078718,0.097685,0.069264,0.14064,0.065403,0.065139,0.062481,0.097845,0.07577,0.080732,0.087114,0.087302,0.047597,0.065271,0.079307,0.054944,0.090519,0.054524,0.06626,0.06115,0.059028,0.071498,0.049677,0.070914,0.056088,0.049954,0.092137,0.085944,0.13992,0.051738,0.090075,0.056691,0.065258,0.053445,0.06365,0.18652,0.058608,0.041279,0.070834,0.073462,0.081654,0.065131,0.065338,0.040728,0.10082,0.062163,0.075369,0.071834,0.039026,0.057585,0.065192,0.083905,0.10296,0.10797,0.058513,0.095497,0.05753,0.067155,0.12098,0.049075,0.0428,0.040651,0.086925,0.055753,0.055489,0.04951,0.06721,0.1305,0.049083,0.062464,0.087104,0.07867,0.058734,0.070055,0.090454,0.09966,0.086619,0.049241,0.05627,0.1015,0.036669,0.080357,0.071707,0.1089,0.045329,0.067856,0.081417,0.039335,0.057576,0.11573,0.10914,0.077919,0.052587,0.053513,0.037971,0.07068,0.081232,0.05855,0.064512,0.079725,0.082156,0.075631,0.067933,0.075281,0.052278,0.05997,0.092015,0.058153,0.064372,0.08832,0.083643,0.1166,0.14399,0.056108,0.072862,0.070528,0.075475,0.05713,0.059856,0.047945,0.071447,0.04779,0.066918,0.12359,0.067113,0.10359,0.070497,0.11491,0.10907,0.082258,0.070577,0.046225,0.053941,0.037232,0.14896
0.099632,0.074882,0.068532,0.077728,0.058162,0.097443,0.064328,0.055382,0.06176,0,0.037983,0.057374,0.049217,0.069831,0.080478,0.076231,0.050234,0.1088,0.098849,0.08933,0.10096,0.055959,0.049201,0.14859,0.060394,0.069917,0.092361,0.10681,0.065302,0.061498,0.065862,0.10523,0.071257,0.075854,0.047218,0.066524,0.078324,0.041862,0.057417,0.064683,0.073261,0.058828,0.069507,0.06948,0.081965,0.053026,0.11349,0.074094,0.097812,0.070443,0.11572,0.076948,0.10403,0.077175,0.12105,0.043407,0.062108,0.048064,0.081069,0.076792,0.077222,0.08473,0.060127,0.056227,0.061999,0.061623,0.060971,0.083169,0.053214,0.065511,0.059893,0.071988,0.085088,0.05725,0.066919,0.049639,0.042153,0.064669,0.09631,0.12698,0.055455,0.090099,0.072273,0.054484,0.063673,0.080903,0.18319,0.052634,0.063,0.061773,0.082838,0.078993,0.060969,0.068085,0.045967,0.10264,0.061998,0.066481,0.061344,0.060554,0.04622,0.054494,0.082348,0.11244,0.081303,0.048384,0.085841,0.048629,0.0599,0.10476,0.057463,0.057058,0.055853,0.076989,0.043943,0.052009,0.062692,0.075506,0.12442,0.041895,0.056056,0.064967,0.086832,0.058009,0.076514,0.07399,0.086056,0.071697,0.049643,0.037578,0.087708,0.060529,0.074982,0.062005,0.10524,0.062678,0.078562,0.064086,0.045749,0.05112,0.10586,0.10564,0.079711,0.060387,0.047092,0.051747,0.081134,0.05652,0.055034,0.061444,0.067954,0.095691,0.086293,0.068301,0.080443,0.05095,0.070802,0.09826,0.052141,0.058672,0.088762,0.10815,0.11518,0.12735,0.041989,0.051682,0.046519,0.095527,0.046386,0.052776,0.043026,0.067545,0.04567,0.070965,0.11785,0.065716,0.096721,0.086323,0.10206,0.083155,0.075334,0.076237,0.035808,0.046466,0.066845,0.14729
0.098615,0.059638,0.059556,0.073793,0.051405,0.085356,0.041087,0.036097,0.053932,0.037983,0,0.053165,0.044234,0.044362,0.070553,0.072919,0.05995,0.097881,0.092756,0.092008,0.087486,0.0651,0.032694,0.135,0.050741,0.059187,0.075495,0.092111,0.050707,0.04938,0.058716,0.093825,0.072245,0.074508,0.026059,0.053793,0.066917,0.031784,0.039484,0.047371,0.064167,0.043678,0.046352,0.076896,0.076687,0.044486,0.11348,0.06738,0.084213,0.044489,0.13062,0.065118,0.098927,0.067583,0.1208,0.029845,0.052749,0.035692,0.076898,0.069965,0.068623,0.074658,0.057139,0.049569,0.050703,0.051789,0.046033,0.076966,0.047159,0.046976,0.05218,0.06481,0.08425,0.049016,0.050425,0.046098,0.043161,0.049368,0.079876,0.11667,0.035759,0.07707,0.057491,0.048979,0.049756,0.073433,0.17457,0.059318,0.043262,0.054596,0.063455,0.062674,0.053827,0.052777,0.030168,0.09735,0.048447,0.05736,0.044637,0.045113,0.032606,0.039169,0.063049,0.10477,0.079729,0.042105,0.08553,0.04406,0.05151,0.095391,0.045871,0.041773,0.046968,0.075027,0.034533,0.052348,0.046755,0.058554,0.11313,0.033253,0.06357,0.060574,0.07339,0.052561,0.062476,0.072855,0.06991,0.067274,0.033677,0.029809,0.085819,0.051573,0.070875,0.050003,0.093449,0.064396,0.063821,0.068406,0.034504,0.042209,0.10167,0.096166,0.058475,0.048478,0.027966,0.034042,0.076739,0.04539,0.045315,0.053136,0.067982,0.08314,0.073669,0.057787,0.064862,0.037348,0.070308,0.087297,0.04202,0.044236,0.082689,0.092275,0.098993,0.12451,0.037192,0.053681,0.044423,0.084349,0.033219,0.040261,0.036986,0.052842,0.045009,0.05531,0.11061,0.052194,0.094651,0.0773,0.086621,0.075162,0.070584,0.061583,0.027581,0.036239,0.052772,0.14463
0.096526,0.067125,0.076838,0.085485,0.068769,0.099335,0.060091,0.063507,0.05377,0.057374,0.053165,0,0.055386,0.071245,0.063462,0.090421,0.069857,0.098849,0.086292,0.093705,0.092705,0.067366,0.060736,0.1524,0.070898,0.096785,0.070709,0.11056,0.056128,0.073552,0.08431,0.090626,0.07045,0.075737,0.061938,0.080493,0.067772,0.063276,0.055987,0.071972,0.085968,0.07345,0.074942,0.065154,0.076573,0.0747,0.11927,0.079079,0.085579,0.068178,0.13608,0.066511,0.12107,0.072977,0.12146,0.04909,0.080723,0.055065,0.078946,0.095556,0.084722,0.10761,0.067226,0.055915,0.064386,0.076355,0.067899,0.082962,0.055751,0.065477,0.069037,0.067719,0.087669,0.051217,0.071836,0.056746,0.05706,0.074436,0.093939,0.1411,0.060937,0.080727,0.070536,0.070068,0.059369,0.084467,0.19228,0.078451,0.057057,0.066983,0.073955,0.08118,0.063054,0.073452,0.054301,0.094851,0.062414,0.076754,0.074696,0.057858,0.06035,0.061896,0.07954,0.095837,0.094423,0.053264,0.096083,0.069126,0.065282,0.10037,0.068641,0.05795,0.053151,0.067389,0.061965,0.059668,0.053136,0.07758,0.12976,0.052851,0.039061,0.071397,0.066029,0.062464,0.084643,0.077321,0.088669,0.08803,0.057634,0.05996,0.086778,0.061429,0.083746,0.075194,0.12043,0.068629,0.057704,0.077529,0.045602,0.058677,0.10694,0.10189,0.088053,0.061773,0.058127,0.053216,0.086276,0.066319,0.056458,0.066612,0.071199,0.065806,0.089403,0.061315,0.078538,0.050402,0.08026,0.086109,0.054905,0.06311,0.091906,0.10375,0.11284,0.1251,0.052685,0.064165,0.059089,0.078913,0.055621,0.058706,0.05287,0.065784,0.042659,0.074638,0.11472,0.051889,0.081299,0.077851,0.10123,0.084865,0.080236,0.07118,0.049765,0.057237,0.060015,0.15574
0.091695,0.064068,0.055015,0.087141,0.048594,0.095854,0.051224,0.062247,0.054677,0.049217,0.044234,0.055386,0,0.056593,0.07735,0.077738,0.049713,0.10585,0.098151,0.091932,0.10079,0.055656,0.045228,0.15389,0.066554,0.074154,0.082491,0.10619,0.055585,0.070083,0.07453,0.097651,0.083895,0.071324,0.05635,0.06042,0.07169,0.034352,0.04222,0.064195,0.072534,0.065826,0.073891,0.071621,0.07356,0.049482,0.113,0.073069,0.076761,0.064,0.12256,0.066288,0.10419,0.077586,0.12996,0.048821,0.067784,0.047347,0.08279,0.077059,0.081289,0.090262,0.064102,0.052252,0.070066,0.075242,0.05515,0.085501,0.042497,0.069635,0.040352,0.053821,0.055883,0.062853,0.071767,0.051674,0.026223,0.062738,0.08319,0.13919,0.046453,0.081006,0.058779,0.056424,0.049352,0.062002,0.17753,0.070852,0.051296,0.06211,0.075372,0.075604,0.048085,0.064885,0.045319,0.085892,0.052224,0.081407,0.046563,0.04392,0.041678,0.059468,0.063257,0.097425,0.081314,0.059682,0.07193,0.051938,0.062229,0.10606,0.055352,0.038122,0.050408,0.071947,0.056905,0.036465,0.055758,0.068148,0.12735,0.042864,0.067526,0.076263,0.078307,0.028808,0.079634,0.068893,0.078138,0.069222,0.040022,0.04275,0.088585,0.049358,0.072929,0.06346,0.094311,0.056546,0.055806,0.082579,0.044191,0.059324,0.096903,0.097998,0.078961,0.043634,0.03762,0.043594,0.087867,0.070162,0.054862,0.032587,0.068354,0.083272,0.07477,0.076175,0.070064,0.036703,0.06965,0.090118,0.06125,0.054934,0.086085,0.099449,0.10275,0.13099,0.051143,0.056906,0.04634,0.083334,0.042492,0.056172,0.031761,0.066103,0.056858,0.059988,0.1197,0.063203,0.099392,0.078713,0.095255,0.090094,0.08172,0.077725,0.041805,0.028089,0.046503,0.15755
0.11177,0.073446,0.074994,0.085276,0.056153,0.10031,0.055765,0.048259,0.063884,0.069831,0.044362,0.071245,0.056593,0,0.071172,0.092724,0.073599,0.10692,0.093698,0.10689,0.090339,0.090154,0.051384,0.14698,0.072217,0.064965,0.076779,0.090531,0.055384,0.062402,0.069804,0.099758,0.089033,0.092842,0.045399,0.057514,0.072437,0.053614,0.053925,0.044056,0.076215,0.052047,0.05818,0.095035,0.082154,0.057681,0.11782,0.083621,0.097292,0.047644,0.15468,0.063348,0.11569,0.076954,0.13608,0.055299,0.071652,0.053184,0.093242,0.065385,0.064696,0.07369,0.082702,0.052438,0.065026,0.064331,0.048576,0.085943,0.06505,0.057852,0.07005,0.073121,0.090062,0.061351,0.063996,0.063155,0.058267,0.0707,0.070395,0.13477,0.052531,0.075745,0.069938,0.066353,0.055101,0.077691,0.18234,0.081001,0.054188,0.073578,0.072744,0.071648,0.056948,0.052655,0.048291,0.10351,0.062127,0.06945,0.056951,0.05053,0.049258,0.048612,0.072507,0.10959,0.089311,0.0639,0.091854,0.054606,0.069428,0.11307,0.057736,0.05005,0.057038,0.09152,0.056908,0.061569,0.065397,0.059738,0.12054,0.054823,0.081889,0.085047,0.076304,0.058437,0.079749,0.089312,0.077994,0.077622,0.054208,0.051564,0.10302,0.065481,0.073822,0.064572,0.095717,0.071483,0.065446,0.077753,0.053108,0.059984,0.11419,0.11265,0.057808,0.059977,0.046683,0.04303,0.081663,0.071911,0.068359,0.062951,0.0809,0.094234,0.07249,0.071775,0.062204,0.050588,0.07654,0.082762,0.059479,0.060013,0.095538,0.091612,0.11431,0.13995,0.059014,0.076291,0.066363,0.077159,0.05666,0.058372,0.054638,0.067282,0.065288,0.064977,0.12226,0.072328,0.1122,0.082822,0.095844,0.088874,0.084807,0.064307,0.055554,0.044291,0.048926,0.15903
0.13444,0.08709,0.10668,0.10034,0.090422,0.12428,0.07271,0.063136,0.071352,0.080478,0.070553,0.063462,0.07735,0.071172,0,0.1007,0.092057,0.12774,0.049487,0.12394,0.11175,0.10129,0.076015,0.16045,0.10403,0.097549,0.045481,0.11609,0.052644,0.079454,0.099994,0.10285,0.072344,0.10001,0.066972,0.097239,0.065094,0.086217,0.076124,0.067216,0.097296,0.082652,0.081111,0.082532,0.087744,0.08228,0.14113,0.099682,0.087146,0.087193,0.15254,0.092926,0.11762,0.054233,0.1372,0.071947,0.090555,0.068527,0.11583,0.093802,0.10319,0.09971,0.096057,0.054486,0.087912,0.064428,0.068668,0.089802,0.082675,0.06275,0.083146,0.059977,0.092773,0.07376,0.07471,0.063321,0.077335,0.095612,0.091107,0.14094,0.072689,0.089025,0.083745,0.087908,0.069432,0.090105,0.21403,0.086441,0.066335,0.078783,0.08982,0.087307,0.091755,0.069416,0.070031,0.10171,0.059995,0.075403,0.086125,0.06462,0.082367,0.068747,0.09572,0.090294,0.11957,0.078874,0.10819,0.083627,0.09188,0.11971,0.071918,0.075774,0.067535,0.078825,0.076518,0.086315,0.071934,0.088951,0.14418,0.078464,0.06232,0.10915,0.064397,0.080519,0.084896,0.10866,0.088903,0.087209,0.075799,0.085426,0.11671,0.08345,0.088346,0.08709,0.11836,0.078257,0.075565,0.098228,0.067043,0.074982,0.10663,0.10419,0.086792,0.082478,0.080965,0.073437,0.073402,0.084726,0.068661,0.088048,0.08136,0.076068,0.092959,0.067445,0.08429,0.078619,0.066714,0.067435,0.066691,0.07422,0.10742,0.11786,0.10686,0.15761,0.05883,0.095701,0.088019,0.050833,0.082031,0.064754,0.078169,0.07117,0.057972,0.069949,0.13304,0.073515,0.11157,0.095871,0.11453,0.10911,0.073455,0.061357,0.072653,0.067313,0.068761,0.15185
0.13682,0.091056,0.097942,0.099009,0.092036,0.11411,0.072238,0.089019,0.074561,0.076231,0.072919,0.090421,0.077738,0.092724,0.1007,0,0.079563,0.13858,0.11519,0.13005,0.12729,0.068947,0.065513,0.16099,0.10272,0.081917,0.097436,0.12114,0.077276,0.082941,0.10234,0.11107,0.094181,0.11318,0.080207,0.080019,0.095858,0.075261,0.086703,0.074538,0.099735,0.071937,0.08302,0.11264,0.10058,0.069095,0.13377,0.077519,0.091782,0.095571,0.14977,0.1026,0.11262,0.097707,0.14485,0.078744,0.072186,0.081736,0.13012,0.098635,0.095317,0.086709,0.1003,0.073219,0.09606,0.093499,0.075738,0.11775,0.077992,0.083334,0.05473,0.071431,0.080825,0.080798,0.083423,0.078657,0.069261,0.10063,0.098286,0.14898,0.077079,0.11614,0.082683,0.087362,0.072191,0.09069,0.18816,0.085886,0.06833,0.090925,0.095355,0.10371,0.084602,0.075952,0.075108,0.11814,0.075239,0.075206,0.071714,0.07861,0.085049,0.083539,0.10193,0.1231,0.12516,0.07428,0.11569,0.092621,0.090858,0.13803,0.078948,0.072542,0.075733,0.11194,0.08343,0.081593,0.085158,0.11086,0.14607,0.071199,0.10281,0.10515,0.10364,0.083122,0.097161,0.11658,0.11657,0.096871,0.072247,0.079425,0.1102,0.061318,0.10366,0.080757,0.11488,0.090672,0.098032,0.11253,0.078333,0.088445,0.12974,0.12017,0.082546,0.064523,0.078903,0.074157,0.092556,0.08858,0.075047,0.077865,0.097682,0.11254,0.093727,0.094156,0.10529,0.079166,0.079203,0.10804,0.069267,0.07048,0.11302,0.11053,0.14239,0.15812,0.073501,0.10424,0.085908,0.10679,0.082738,0.079491,0.06708,0.084644,0.073423,0.084229,0.15335,0.081511,0.12865,0.11113,0.13779,0.12233,0.08694,0.092195,0.063669,0.073299,0.074595,0.15136
0.10915,0.076916,0.064286,0.092606,0.060576,0.10795,0.070632,0.074679,0.062295,0.050234,0.05995,0.069857,0.049713,0.073599,0.092057,0.079563,0,0.12173,0.10488,0.10218,0.1145,0.049873,0.057666,0.15391,0.077271,0.077725,0.093088,0.1016,0.067011,0.082635,0.077504,0.10816,0.082827,0.090037,0.067938,0.059885,0.088658,0.047459,0.068274,0.071575,0.087808,0.075021,0.084518,0.08005,0.092959,0.066353,0.10316,0.082396,0.10336,0.082994,0.13,0.078806,0.10984,0.089709,0.13333,0.063412,0.072504,0.054494,0.094709,0.071372,0.085615,0.088147,0.078328,0.061447,0.070123,0.082874,0.063384,0.092783,0.050458,0.083421,0.051165,0.069381,0.080413,0.067318,0.084736,0.054258,0.044331,0.081276,0.095978,0.15114,0.062177,0.1068,0.090241,0.06177,0.068288,0.070289,0.19417,0.061711,0.061538,0.087717,0.08757,0.088765,0.059823,0.07102,0.058698,0.10763,0.068399,0.08923,0.077161,0.058408,0.05884,0.064303,0.086544,0.11609,0.085347,0.067435,0.091111,0.049007,0.077318,0.12398,0.060197,0.055054,0.0592,0.10213,0.054962,0.043792,0.074105,0.088899,0.137,0.040092,0.073722,0.09088,0.10046,0.052027,0.092345,0.09079,0.10135,0.080193,0.061315,0.052885,0.097635,0.051977,0.09023,0.079429,0.1201,0.072153,0.07211,0.089311,0.056873,0.062252,0.11608,0.11801,0.087752,0.049014,0.051479,0.051522,0.087367,0.072303,0.07787,0.055949,0.0955,0.098318,0.0891,0.083169,0.091597,0.054253,0.069151,0.10053,0.074848,0.067287,0.084506,0.10895,0.13199,0.1386,0.066068,0.06848,0.046165,0.097386,0.065556,0.069109,0.040524,0.066544,0.064666,0.083623,0.12461,0.082616,0.11464,0.095496,0.11117,0.10305,0.077854,0.096007,0.047183,0.04672,0.057681,0.15932
0.11993,0.12362,0.11703,0.12121,0.118,0.11135,0.11312,0.10599,0.11112,0.1088,0.097881,0.098849,0.10585,0.10692,0.12774,0.13858,0.12173,0,0.14446,0.13154,0.12801,0.11466,0.11303,0.14331,0.098847,0.14515,0.13682,0.16045,0.12334,0.1156,0.12271,0.14275,0.13417,0.10692,0.1082,0.12072,0.11559,0.10909,0.10417,0.13209,0.10227,0.11421,0.11646,0.12483,0.13974,0.12056,0.15247,0.11804,0.12988,0.094562,0.16254,0.11822,0.15892,0.12462,0.16789,0.10082,0.12577,0.10597,0.11163,0.13526,0.11663,0.15441,0.11222,0.11874,0.1138,0.13326,0.13065,0.1431,0.10663,0.099548,0.11705,0.12477,0.14094,0.10217,0.09944,0.10535,0.11332,0.10405,0.13372,0.16668,0.1183,0.10528,0.11041,0.11384,0.12454,0.12454,0.18866,0.12306,0.11485,0.1165,0.11708,0.13655,0.11041,0.13436,0.10579,0.13021,0.11808,0.12068,0.1164,0.11809,0.10201,0.10878,0.11153,0.13608,0.1232,0.10941,0.1199,0.11044,0.10597,0.1289,0.12785,0.10924,0.11968,0.11145,0.11717,0.1101,0.11025,0.10449,0.11303,0.10818,0.11216,0.10514,0.12996,0.11754,0.12349,0.10294,0.12747,0.13586,0.10345,0.098287,0.13381,0.12003,0.096853,0.11397,0.13552,0.122,0.11286,0.12467,0.10818,0.11487,0.14497,0.14271,0.13989,0.11256,0.10239,0.099289,0.12742,0.10029,0.11794,0.11175,0.12683,0.12615,0.11171,0.11597,0.12774,0.10278,0.13086,0.13642,0.1183,0.10556,0.11882,0.14883,0.14259,0.1357,0.10987,0.10683,0.10018,0.15112,0.10753,0.10711,0.11035,0.13182,0.11853,0.11521,0.14638,0.10867,0.087817,0.12123,0.12998,0.11591,0.1394,0.11177,0.1064,0.11237,0.11466,0.1984
0.14329,0.09206,0.11192,0.12397,0.10485,0.14188,0.090097,0.077349,0.095953,0.098849,0.092756,0.086292,0.098151,0.093698,0.049487,0.11519,0.10488,0.14446,0,0.13395,0.12199,0.1165,0.093727,0.15496,0.11883,0.11064,0.057913,0.11733,0.065517,0.09456,0.11306,0.11115,0.07197,0.11513,0.086611,0.11232,0.07204,0.10324,0.09637,0.081414,0.11601,0.094522,0.095286,0.096401,0.10333,0.093721,0.15387,0.098651,0.092597,0.1068,0.17094,0.10432,0.14203,0.073593,0.14754,0.091582,0.097597,0.082778,0.13505,0.10925,0.11712,0.10386,0.1114,0.069909,0.10174,0.084342,0.081358,0.11492,0.10212,0.072715,0.098018,0.0688,0.11446,0.098021,0.083342,0.073582,0.095854,0.10788,0.10028,0.15819,0.090943,0.095113,0.10595,0.10451,0.091245,0.11409,0.23889,0.10248,0.083609,0.094661,0.10069,0.10067,0.10879,0.080633,0.094501,0.09314,0.08374,0.088071,0.1021,0.088061,0.1011,0.088451,0.11219,0.11258,0.1308,0.086981,0.1273,0.10291,0.10168,0.12927,0.092011,0.098931,0.087431,0.099696,0.091458,0.10661,0.10075,0.10567,0.15387,0.091318,0.075584,0.12536,0.078194,0.094107,0.10244,0.12304,0.11532,0.10729,0.098895,0.10407,0.12795,0.10716,0.11345,0.095029,0.12873,0.10324,0.089003,0.11162,0.09202,0.095061,0.12754,0.12315,0.098863,0.092506,0.10237,0.095008,0.081329,0.096275,0.08657,0.10151,0.088545,0.078304,0.099859,0.076803,0.10196,0.10067,0.071404,0.055108,0.084361,0.088563,0.12702,0.13583,0.1353,0.16614,0.077386,0.11172,0.10364,0.074057,0.10447,0.08276,0.093223,0.078413,0.077092,0.079883,0.14127,0.08249,0.12957,0.1158,0.12736,0.12193,0.065133,0.076116,0.091779,0.088296,0.092357,0.13162
0.055643,0.093132,0.088892,0.12587,0.080297,0.095811,0.099448,0.099022,0.11174,0.08933,0.092008,0.093705,0.091932,0.10689,0.12394,0.13005,0.10218,0.13154,0.13395,0,0.10765,0.092889,0.092302,0.16649,0.064993,0.10808,0.12307,0.13416,0.097392,0.097926,0.10508,0.10376,0.10539,0.08029,0.09548,0.10641,0.089524,0.086195,0.089752,0.11159,0.11352,0.096181,0.10027,0.071537,0.10794,0.092513,0.14695,0.10609,0.1133,0.098934,0.11057,0.09256,0.15481,0.10721,0.091153,0.075508,0.103,0.09423,0.049285,0.1235,0.096231,0.1233,0.072975,0.099126,0.107,0.10953,0.10386,0.10236,0.087295,0.11238,0.10511,0.11042,0.12482,0.084109,0.10646,0.08851,0.089743,0.082634,0.11784,0.1491,0.10527,0.094492,0.11567,0.082039,0.101,0.11401,0.19586,0.12131,0.10549,0.099842,0.11168,0.090315,0.093617,0.11856,0.096413,0.094624,0.10466,0.099866,0.095175,0.10026,0.076523,0.082755,0.090971,0.14348,0.089432,0.084673,0.10673,0.10199,0.075871,0.085793,0.10413,0.096726,0.097614,0.083701,0.093104,0.094358,0.090263,0.087626,0.13772,0.091625,0.086976,0.065524,0.097659,0.093001,0.12184,0.048531,0.10235,0.087796,0.08862,0.078353,0.068425,0.10335,0.11334,0.089451,0.13395,0.10856,0.096606,0.080324,0.092284,0.10176,0.12523,0.12731,0.11285,0.10465,0.085009,0.099187,0.12603,0.092261,0.089679,0.083703,0.09057,0.093201,0.11345,0.097773,0.092381,0.078151,0.12546,0.12772,0.093753,0.094277,0.1419,0.12137,0.13176,0.084505,0.090561,0.071464,0.083971,0.13011,0.086145,0.093016,0.091472,0.10177,0.09376,0.10319,0.091066,0.093742,0.10068,0.090323,0.084674,0.071239,0.11374,0.11388,0.097086,0.095007,0.1043,0.18846
0.11154,0.080001,0.10447,0.11952,0.094849,0.10212,0.097736,0.08546,0.10156,0.10096,0.087486,0.092705,0.10079,0.090339,0.11175,0.12729,0.1145,0.12801,0.12199,0.10765,0,0.10419,0.083293,0.15854,0.073877,0.096048,0.099468,0.095419,0.092374,0.08515,0.078597,0.098965,0.1091,0.099481,0.087707,0.10786,0.099384,0.090803,0.080954,0.083991,0.10649,0.079095,0.086332,0.11306,0.095071,0.08744,0.16097,0.10485,0.11648,0.061287,0.14294,0.065657,0.16578,0.11516,0.10028,0.089991,0.10373,0.075568,0.094075,0.10011,0.072653,0.10642,0.091305,0.090427,0.086452,0.10803,0.085917,0.10304,0.10238,0.085602,0.11264,0.10452,0.13463,0.097234,0.09376,0.093692,0.099635,0.085,0.093925,0.13862,0.09899,0.096815,0.096725,0.080827,0.10534,0.11412,0.16854,0.12012,0.09766,0.10167,0.080473,0.06913,0.077732,0.082384,0.084458,0.11574,0.1067,0.097135,0.087055,0.091273,0.084041,0.085589,0.089432,0.11421,0.11495,0.096708,0.10799,0.091692,0.086,0.086052,0.091516,0.084617,0.083712,0.091176,0.086023,0.10108,0.096922,0.069205,0.13654,0.091618,0.10379,0.07568,0.077757,0.095519,0.11718,0.1034,0.11557,0.094438,0.081336,0.087033,0.08134,0.10165,0.10765,0.075489,0.1395,0.098833,0.094042,0.094282,0.09057,0.081304,0.12497,0.11506,0.0854,0.10429,0.083064,0.086972,0.10152,0.092668,0.091866,0.10954,0.083505,0.10167,0.095574,0.080182,0.065116,0.091709,0.11798,0.12291,0.07759,0.091082,0.10842,0.095147,0.1312,0.10941,0.082504,0.09863,0.093732,0.1126,0.081639,0.083949,0.089442,0.097077,0.090123,0.08354,0.13003,0.080129,0.11316,0.084837,0.11032,0.070232,0.099515,0.098037,0.089646,0.097536,0.1027,0.16282
0.097727,0.073115,0.074184,0.10205,0.072896,0.089256,0.073913,0.083892,0.063434,0.055959,0.0651,0.067366,0.055656,0.090154,0.10129,0.068947,0.049873,0.11466,0.1165,0.092889,0.10419,0,0.056748,0.15791,0.067032,0.086961,0.099756,0.11779,0.071854,0.082941,0.086394,0.10424,0.081974,0.077424,0.074118,0.077407,0.08464,0.056323,0.071368,0.082435,0.090516,0.073933,0.084645,0.077039,0.089329,0.065171,0.13199,0.074934,0.09155,0.081638,0.10659,0.083443,0.11816,0.096916,0.1157,0.060831,0.075045,0.060791,0.09032,0.093137,0.083581,0.10377,0.070893,0.068805,0.082795,0.096521,0.073078,0.10074,0.053963,0.084206,0.049992,0.067878,0.082053,0.068443,0.083425,0.05897,0.050778,0.078987,0.094391,0.15047,0.077167,0.10433,0.084998,0.058034,0.080055,0.076402,0.18213,0.072942,0.071468,0.08727,0.092123,0.091347,0.065802,0.081856,0.060969,0.10055,0.071526,0.082186,0.071851,0.068596,0.062903,0.071457,0.07456,0.10601,0.091129,0.07057,0.083018,0.066021,0.070129,0.10646,0.069913,0.059118,0.060938,0.084773,0.066896,0.060787,0.070067,0.085463,0.13737,0.053671,0.076099,0.072998,0.096601,0.06264,0.099265,0.082685,0.11264,0.07942,0.057684,0.055528,0.078233,0.05348,0.093148,0.073877,0.12564,0.076441,0.074028,0.095335,0.065211,0.073066,0.11085,0.10507,0.096782,0.057231,0.055795,0.061498,0.085302,0.067074,0.073684,0.063416,0.086191,0.091188,0.082332,0.077081,0.087886,0.054139,0.075489,0.11218,0.068241,0.0623,0.09289,0.10308,0.12619,0.11639,0.062987,0.068711,0.049249,0.11177,0.067569,0.071338,0.047887,0.074035,0.063456,0.078738,0.12012,0.077323,0.1011,0.086644,0.11405,0.094696,0.08336,0.096297,0.053342,0.062605,0.066372,0.16347
0.10042,0.051736,0.064939,0.086437,0.046362,0.09029,0.045628,0.045749,0.050702,0.049201,0.032694,0.060736,0.045228,0.051384,0.076015,0.065513,0.057666,0.11303,0.093727,0.092302,0.083293,0.056748,0,0.14472,0.05754,0.048921,0.071833,0.095083,0.043065,0.04617,0.058653,0.091577,0.068094,0.072435,0.037939,0.044989,0.066865,0.035874,0.042365,0.044076,0.076827,0.039243,0.053215,0.07458,0.062929,0.042776,0.12055,0.057077,0.075274,0.04639,0.12635,0.062225,0.1002,0.067204,0.117,0.040591,0.047214,0.035848,0.081195,0.070131,0.062665,0.070499,0.069272,0.042046,0.064281,0.070021,0.042665,0.081536,0.044643,0.052602,0.048329,0.057955,0.073439,0.050508,0.058675,0.046255,0.040311,0.066293,0.0644,0.11686,0.040042,0.076772,0.060817,0.046001,0.049207,0.060983,0.17175,0.061334,0.04327,0.065359,0.058179,0.058038,0.048117,0.050096,0.027315,0.091751,0.060097,0.055797,0.03477,0.033162,0.037272,0.04384,0.06195,0.10757,0.089587,0.04554,0.078854,0.052957,0.04653,0.10428,0.035636,0.033279,0.032966,0.076731,0.039952,0.051463,0.044164,0.056821,0.12538,0.030219,0.070281,0.06492,0.064466,0.051221,0.0697,0.074242,0.07616,0.058444,0.030352,0.039054,0.083312,0.043014,0.076865,0.035511,0.089624,0.062549,0.054575,0.070837,0.039022,0.040021,0.099357,0.098976,0.057846,0.04712,0.031503,0.038036,0.07371,0.054179,0.050375,0.047386,0.064636,0.079624,0.065595,0.059962,0.052183,0.042811,0.062073,0.083534,0.042709,0.036127,0.082843,0.077727,0.10895,0.12782,0.039462,0.056997,0.053202,0.080062,0.038777,0.036585,0.027989,0.052473,0.046459,0.054497,0.11221,0.053659,0.10198,0.076265,0.089362,0.07832,0.066603,0.061028,0.028942,0.037195,0.046747,0.13881
0.17979,0.13749,0.1465,0.1503,0.14678,0.15853,0.13107,0.1314,0.14761,0.14859,0.135,0.1524,0.15389,0.14698,0.16045,0.16099,0.15391,0.14331,0.15496,0.16649,0.15854,0.15791,0.14472,0,0.1405,0.1542,0.15201,0.15445,0.15515,0.13224,0.15354,0.17289,0.14934,0.14491,0.13308,0.14565,0.14516,0.14391,0.13502,0.15109,0.10335,0.13786,0.13669,0.16241,0.1973,0.14056,0.1678,0.13817,0.1494,0.1448,0.20945,0.15128,0.18629,0.13756,0.18323,0.14715,0.14384,0.14112,0.15938,0.14668,0.15108,0.14634,0.15429,0.14453,0.13143,0.13813,0.15268,0.17331,0.15667,0.1274,0.14567,0.15525,0.18166,0.1474,0.10773,0.13145,0.15342,0.14198,0.18454,0.17852,0.13748,0.16209,0.15734,0.15553,0.15061,0.15461,0.24808,0.14015,0.1319,0.14192,0.13085,0.14724,0.15518,0.15048,0.14048,0.15799,0.14592,0.14826,0.14903,0.14505,0.13756,0.13112,0.15219,0.18655,0.1651,0.13604,0.17148,0.14624,0.13646,0.14165,0.15697,0.1473,0.15746,0.16821,0.1305,0.15549,0.14627,0.1393,0.074362,0.13564,0.15234,0.15051,0.16282,0.15689,0.14502,0.16006,0.15915,0.15824,0.14177,0.14099,0.17619,0.14684,0.16513,0.13983,0.17111,0.16156,0.15856,0.16299,0.14408,0.14292,0.17654,0.16456,0.1481,0.13674,0.13974,0.13514,0.15142,0.13443,0.14088,0.14314,0.15065,0.14308,0.14806,0.14114,0.17099,0.1477,0.15376,0.15653,0.14427,0.14561,0.14906,0.17241,0.17666,0.15537,0.14238,0.15072,0.1434,0.18333,0.14225,0.14406,0.14809,0.14747,0.14754,0.14173,0.18076,0.14086,0.16429,0.15886,0.14677,0.14938,0.14935,0.14519,0.13904,0.1525,0.15375,0.1642
0.074537,0.069138,0.061748,0.10169,0.058228,0.064805,0.071233,0.062069,0.085342,0.060394,0.050741,0.070898,0.066554,0.072217,0.10403,0.10272,0.077271,0.098847,0.11883,0.064993,0.073877,0.067032,0.05754,0.1405,0,0.080532,0.10368,0.10057,0.076655,0.073369,0.06246,0.099159,0.085961,0.071454,0.057082,0.078138,0.078388,0.050734,0.060861,0.0782,0.079563,0.061846,0.065169,0.079882,0.090173,0.065001,0.13786,0.082891,0.10463,0.052073,0.11427,0.065381,0.13226,0.097382,0.096176,0.043757,0.076156,0.053073,0.052946,0.09119,0.066942,0.10063,0.04755,0.076949,0.070252,0.081201,0.072943,0.086464,0.064815,0.074579,0.076399,0.091766,0.11236,0.069451,0.071373,0.066109,0.066222,0.041975,0.092778,0.13031,0.074543,0.085342,0.087296,0.054642,0.084115,0.094631,0.17483,0.087194,0.079735,0.077896,0.082736,0.06968,0.064611,0.080898,0.060214,0.10131,0.076714,0.075878,0.062276,0.075911,0.045002,0.055312,0.055736,0.11908,0.063544,0.065178,0.083736,0.063231,0.054941,0.068521,0.075443,0.067328,0.070188,0.07536,0.057295,0.074203,0.068418,0.06007,0.11365,0.057859,0.07818,0.032645,0.088005,0.072056,0.096333,0.062185,0.090059,0.074115,0.057729,0.043827,0.066561,0.07855,0.090404,0.061816,0.1189,0.09204,0.075162,0.073016,0.067325,0.066954,0.10795,0.10092,0.083569,0.073754,0.046064,0.065153,0.097287,0.046885,0.072228,0.06989,0.075417,0.088275,0.084342,0.066587,0.069484,0.050498,0.098272,0.11137,0.062114,0.064686,0.10029,0.10077,0.11076,0.084136,0.062381,0.052486,0.044631,0.1176,0.053152,0.065868,0.060323,0.070012,0.069501,0.076259,0.097921,0.071584,0.093259,0.080394,0.077221,0.048024,0.089143,0.089288,0.061395,0.067434,0.080611,0.16366
