0,0.29712,0.2915,0.21403,0.24365,0.19805,0.24072,0.28722,0.27559,0.28001,0.28061,0.24489,0.26827,0.27753,0.28982,0.28524,0.23185,0.28085,0.30204,0.14205,0.27867,0.2103,0.27801,0.28816,0.23727,0.25336,0.28979,0.28596,0.27737,0.27077,0.27311,0.24291,0.24987,0.20425,0.36328,0.29105,0.26706,0.28635,0.28943,0.30674,0.28186,0.29897,0.73895,0.27216,0.29231,0.26377,0.27686,0.27373,0.2912,0.31833,0.19918,0.28375,0.28706,0.27917,0.20673,0.30212,0.29605,0.2659,0.131,0.28676,0.292,0.30292,0.27039,0.26615,0.2979,0.2653,0.27835,0.24695,0.25086,0.29576,0.29029,0.28622,0.27305,0.29352,0.29242,0.2867,0.22691,0.26302,0.2775,0.2725,0.28506,0.27589,0.29539,0.28649,0.30539,0.31928,0.32157,0.29392,0.26867,0.27534,0.30216,0.27076,0.29159,0.29573,0.28737,0.2639,0.27906,0.28074,0.30068,0.28504,0.2562,0.30932,0.29929,0.2537,0.2572,0.29064,0.3142,0.24189,0.30578,0.23663,0.29068,0.27612,0.28957,0.29169,0.25832,0.24526,0.28113,0.27809,0.27425,0.28173,0.27675,0.22256,0.29462,0.28676,0.31373,0.1461,0.27562,0.24948,0.29045,0.23022,0.19968,0.29397,0.27234,0.28279,0.26269,0.27828,0.27719,0.22385,0.26726,0.25717,0.29368,0.34844,0.2945,0.25494,0.28604,0.26514,0.27415,0.25079,0.28059,0.29291,0.26571,0.29558,0.26947,0.27651,0.28472,0.22567,0.29305,0.27194,0.28109,0.2772,0.2882,0.31716,0.31354,0.16083,0.2891,0.24449,0.24496,0.29701,0.29116,0.27637,0.29267,0.29592,0.28089,0.29619,0.14587,0.24139,0.27364,0.28893,0.21042,0.22227,0.32051,0.31334,0.28808,0.27388,0.29118,0.28198
0.29712,0,0.078555,0.15787,0.13452,0.13409,0.098455,0.071369,0.071407,0.062881,0.056523,0.12141,0.056383,0.087656,0.087017,0.07075,0.10041,0.098286,0.09713,0.18704,0.075712,0.13345,0.063662,0.096247,0.10231,0.078296,0.0938,0.092973,0.12149,0.098406,0.099402,0.25717,0.078683,0.16197,0.21079,0.064513,0.090634,0.051426,0.074018,0.084809,0.080371,0.081843,0.67832,0.14011,0.10592,0.090878,0.11245,0.071281,0.075548,0.1501,0.19055,0.068945,0.099283,0.1001,0.17129,0.073531,0.081809,0.076683,0.1944,0.092392,0.082797,0.071399,0.055206,0.07077,0.078052,0.075812,0.06734,0.079677,0.089726,0.10612,0.07926,0.080257,0.098967,0.068895,0.099366,0.056464,0.19586,0.097029,0.077779,0.13086,0.048761,0.12914,0.11958,0.089706,0.070902,0.10283,0.11627,0.073615,0.065216,0.062392,0.091576,0.082902,0.067153,0.082598,0.077668,0.10105,0.088811,0.080788,0.084463,0.06246,0.079234,0.13458,0.11895,0.088275,0.073719,0.05909,0.18398,0.10191,0.075929,0.097679,0.072336,0.057102,0.081074,0.19163,0.08521,0.091006,0.070307,0.089779,0.066173,0.058887,0.12878,0.099897,0.092326,0.058411,0.07994,0.17091,0.09687,0.11042,0.072112,0.10798,0.2069,0.067515,0.087799,0.066321,0.09422,0.065625,0.062046,0.10184,0.074029,0.083706,0.049002,0.16372,0.065737,0.094738,0.059306,0.086523,0.064603,0.0777,0.075394,0.06693,0.10614,0.083964,0.057035,0.14558,0.090435,0.18781,0.074295,0.088911,0.065623,0.09832,0.098857,0.18941,0.10559,0.24957,0.075479,0.13547,0.088768,0.11271,0.054768,0.061985,0.048907,0.068955,0.066617,0.08635,0.2104,0.12673,0.077799,0.089292,0.18102,0.10282,0.10625,0.085818,0.063596,0.068216,0.090971,0.12894
0.2915,0.078555,0,0.17221,0.1085,0.14206,0.090626,0.067744,0.073816,0.102,0.068517,0.12645,0.070995,0.1041,0.096933,0.065369,0.1208,0.098858,0.10961,0.19239,0.081162,0.15009,0.075212,0.090802,0.10991,0.085251,0.086253,0.092783,0.14108,0.1125,0.12147,0.26045,0.10125,0.16206,0.21841,0.085982,0.087287,0.06622,0.050145,0.085502,0.091557,0.082289,0.65989,0.14203,0.082797,0.1053,0.12883,0.054204,0.0694,0.14582,0.19731,0.057406,0.1164,0.0912,0.18409,0.11474,0.08528,0.081277,0.19766,0.11032,0.073765,0.075004,0.081597,0.091207,0.085349,0.092155,0.0761,0.092146,0.10129,0.084506,0.066268,0.079718,0.11273,0.087515,0.10097,0.082557,0.17598,0.084775,0.072599,0.15783,0.065932,0.1578,0.12936,0.08033,0.087322,0.07644,0.084141,0.084789,0.080837,0.075245,0.087249,0.072482,0.081958,0.089191,0.099601,0.10764,0.079158,0.069844,0.066123,0.10235,0.091616,0.13842,0.1407,0.089172,0.076928,0.080082,0.1858,0.11954,0.07325,0.10146,0.088155,0.064307,0.085972,0.18887,0.091024,0.093527,0.075851,0.087052,0.068593,0.065403,0.13648,0.11774,0.099128,0.070512,0.077379,0.16574,0.094669,0.11911,0.070084,0.11039,0.22075,0.039224,0.092682,0.059823,0.092331,0.063724,0.073424,0.12454,0.085111,0.090449,0.058136,0.16088,0.072028,0.11165,0.069414,0.10074,0.062048,0.084837,0.075155,0.07686,0.11699,0.10297,0.077563,0.15105,0.077456,0.18832,0.085642,0.075114,0.077668,0.078306,0.13511,0.22433,0.13264,0.2507,0.079218,0.14762,0.10577,0.10684,0.074498,0.077659,0.068522,0.073214,0.077248,0.10592,0.21786,0.13578,0.084265,0.081552,0.16414,0.11303,0.10368,0.10357,0.061346,0.0689,0.10337,0.13159
0.21403,0.15787,0.17221,0,0.14869,0.1156,0.10732,0.14307,0.13594,0.12026,0.14081,0.10682,0.12917,0.15895,0.14021,0.14834,0.084985,0.13917,0.14869,0.1215,0.13621,0.10131,0.14567,0.14711,0.1429,0.13566,0.15444,0.16574,0.13128,0.1195,0.15938,0.2395,0.12246,0.12704,0.2285,0.14524,0.13534,0.14187,0.16086,0.15452,0.13365,0.15313,0.70103,0.16133,0.14439,0.12471,0.14523,0.1478,0.14444,0.19205,0.1621,0.14835,0.14569,0.13341,0.16266,0.14492,0.1453,0.1266,0.13692,0.15767,0.14587,0.15881,0.13187,0.12635,0.1609,0.12135,0.13817,0.098316,0.11891,0.15418,0.15765,0.14763,0.13531,0.1504,0.15621,0.13191,0.19939,0.14558,0.14465,0.11319,0.14783,0.15211,0.1724,0.16477,0.15611,0.18987,0.20298,0.14084,0.12037,0.12505,0.15556,0.13177,0.14658,0.15786,0.12828,0.12779,0.13831,0.1387,0.168,0.14316,0.13248,0.1693,0.15963,0.12065,0.11533,0.15284,0.22361,0.086105,0.16035,0.12144,0.14929,0.13002,0.14935,0.19315,0.11025,0.11738,0.14195,0.12402,0.13339,0.13851,0.12744,0.12799,0.14423,0.13626,0.17918,0.11558,0.15417,0.13003,0.1435,0.12025,0.15709,0.1609,0.13935,0.15124,0.13497,0.14003,0.14333,0.082242,0.11369,0.11844,0.1536,0.21519,0.15103,0.11731,0.13909,0.10583,0.13548,0.12157,0.14635,0.14179,0.12557,0.12776,0.13496,0.17072,0.14104,0.17865,0.13554,0.15298,0.13972,0.15795,0.16107,0.22897,0.15607,0.17515,0.13933,0.1192,0.10785,0.15471,0.14595,0.12856,0.14613,0.16242,0.1451,0.18156,0.15436,0.12132,0.1326,0.15422,0.12989,0.12801,0.17781,0.16985,0.14537,0.13457,0.15065,0.1626
0.24365,0.13452,0.1085,0.14869,0,0.11717,0.097322,0.10156,0.093209,0.11902,0.10952,0.11505,0.10686,0.1101,0.10802,0.095555,0.12267,0.10948,0.12645,0.15869,0.10647,0.13631,0.099611,0.095602,0.11143,0.10242,0.10569,0.10616,0.15211,0.095362,0.11844,0.23927,0.1045,0.12478,0.23073,0.1138,0.10973,0.11406,0.10534,0.11973,0.10743,0.10508,0.65759,0.14512,0.11437,0.12559,0.12458,0.098941,0.097311,0.16726,0.17676,0.088012,0.11366,0.089037,0.16684,0.13936,0.10695,0.10738,0.17361,0.13432,0.092729,0.11832,0.098068,0.096617,0.11992,0.10631,0.10554,0.10443,0.10426,0.13676,0.09477,0.1053,0.10942,0.14027,0.10331,0.11175,0.17129,0.10701,0.10308,0.15943,0.10882,0.17045,0.13283,0.11229,0.12763,0.11247,0.12288,0.11308,0.09522,0.09778,0.1235,0.10284,0.12146,0.11148,0.12077,0.11742,0.088127,0.11153,0.095907,0.1208,0.10899,0.1374,0.15152,0.10538,0.097808,0.11657,0.17384,0.11928,0.11328,0.10039,0.10513,0.10586,0.10803,0.17326,0.098695,0.08933,0.089904,0.10527,0.10299,0.1009,0.13287,0.10395,0.10529,0.11052,0.12577,0.13654,0.10066,0.12751,0.1041,0.10178,0.19832,0.10056,0.11272,0.10268,0.094538,0.098111,0.095274,0.11931,0.1046,0.10241,0.11243,0.17348,0.10924,0.11322,0.10799,0.10327,0.10247,0.083429,0.086506,0.11673,0.12077,0.11895,0.10794,0.16677,0.10025,0.16539,0.11617,0.0988,0.11208,0.10622,0.15638,0.2049,0.15518,0.20875,0.10353,0.16107,0.1075,0.10583,0.11379,0.10409,0.11735,0.11336,0.10887,0.14424,0.18518,0.1325,0.092517,0.099528,0.11011,0.10151,0.13952,0.12809,0.098008,0.097062,0.097397,0.14769
0.19805,0.13409,0.14206,0.1156,0.11717,0,0.095997,0.11248,0.11554,0.11996,0.11197,0.096103,0.10304,0.10266,0.12725,0.11887,0.09122,0.1159,0.13744,0.099213,0.10795,0.06427,0.11087,0.13018,0.071044,0.10154,0.1248,0.13048,0.13543,0.11349,0.12023,0.21502,0.091363,0.074781,0.23388,0.11536,0.1183,0.11857,0.13131,0.13905,0.10326,0.13023,0.6656,0.1264,0.14099,0.10213,0.1321,0.11563,0.12633,0.15822,0.14241,0.11728,0.11493,0.11259,0.12138,0.13188,0.12542,0.099205,0.1191,0.11994,0.11888,0.13451,0.10499,0.10637,0.14741,0.1053,0.11115,0.090502,0.087498,0.1379,0.12282,0.12393,0.08579,0.12535,0.12155,0.11551,0.1463,0.10329,0.12724,0.12796,0.11767,0.12071,0.15002,0.13983,0.14549,0.14987,0.16214,0.11884,0.099338,0.11098,0.14081,0.10619,0.1267,0.13373,0.12593,0.1086,0.11821,0.1123,0.13372,0.10572,0.089992,0.17158,0.1325,0.091466,0.10784,0.1186,0.16321,0.10262,0.1361,0.07436,0.12751,0.11241,0.1163,0.15647,0.10789,0.087079,0.11208,0.10945,0.10469,0.1129,0.12113,0.052125,0.12823,0.12105,0.14463,0.085471,0.10593,0.12457,0.12103,0.092267,0.14602,0.13186,0.10448,0.11471,0.095695,0.11369,0.11679,0.099674,0.10063,0.096421,0.13242,0.17813,0.12595,0.12606,0.12486,0.10503,0.11172,0.083984,0.11664,0.13031,0.1066,0.12928,0.10505,0.12526,0.12097,0.13845,0.12997,0.10924,0.1097,0.11979,0.12814,0.18443,0.14182,0.15865,0.12353,0.14507,0.071544,0.14466,0.1255,0.10813,0.12445,0.13106,0.11424,0.135,0.14649,0.10563,0.10389,0.119,0.12881,0.073274,0.16035,0.14633,0.11565,0.1088,0.12237,0.11552
0.24072,0.098455,0.090626,0.10732,0.097322,0.095997,0,0.078535,0.078682,0.092854,0.084021,0.092158,0.075408,0.086716,0.084849,0.087927,0.069326,0.087326,0.098973,0.14476,0.073886,0.10328,0.090565,0.098809,0.093376,0.088321,0.088482,0.10114,0.11693,0.096203,0.12957,0.23878,0.072022,0.11362,0.2201,0.093544,0.097656,0.086734,0.089608,0.095782,0.093706,0.088464,0.6823,0.12478,0.09923,0.086927,0.10092,0.08633,0.086373,0.14064,0.15095,0.076636,0.10047,0.075462,0.16055,0.1125,0.08054,0.081465,0.15056,0.1151,0.085579,0.094302,0.078017,0.082373,0.10872,0.079834,0.079703,0.065316,0.074949,0.092902,0.094032,0.081447,0.084471,0.095573,0.10654,0.071826,0.16192,0.099574,0.083479,0.11647,0.082554,0.12685,0.12207,0.10739,0.094669,0.11525,0.13358,0.081104,0.067564,0.064844,0.095764,0.075609,0.10715,0.095582,0.090528,0.09307,0.082486,0.069062,0.10012,0.095876,0.087386,0.13419,0.11599,0.078353,0.067659,0.09367,0.19106,0.086686,0.097876,0.075922,0.087891,0.074414,0.086931,0.17846,0.079683,0.079025,0.076794,0.071466,0.069324,0.080699,0.10921,0.091655,0.088182,0.085355,0.11487,0.12032,0.10189,0.11542,0.089687,0.095639,0.18433,0.087467,0.094531,0.083702,0.079703,0.080977,0.0829,0.083087,0.070263,0.075854,0.087375,0.17586,0.088709,0.099595,0.08601,0.074806,0.074553,0.072105,0.070668,0.087114,0.095364,0.097009,0.087671,0.1379,0.081445,0.16118,0.088395,0.082284,0.079338,0.079311,0.12486,0.21515,0.11384,0.19944,0.078736,0.12738,0.073046,0.097872,0.088385,0.073421,0.093614,0.085854,0.087411,0.1221,0.16706,0.09488,0.083766,0.090603,0.13543,0.094285,0.12198,0.11314,0.078906,0.077385,0.099751,0.11645
0.28722,0.071369,0.067744,0.14307,0.10156,0.11248,0.078535,0,0.065313,0.074297,0.043648,0.10801,0.049305,0.078186,0.075752,0.057619,0.10553,0.090014,0.08795,0.17989,0.044058,0.12529,0.051761,0.078883,0.096458,0.066765,0.071377,0.085797,0.1249,0.0791,0.097391,0.25243,0.081088,0.13188,0.18293,0.056795,0.079843,0.047154,0.061475,0.066701,0.052345,0.060264,0.65783,0.13242,0.071174,0.073895,0.10347,0.042699,0.052589,0.13337,0.17824,0.040645,0.090427,0.062492,0.1683,0.084613,0.066579,0.052725,0.19228,0.078072,0.043567,0.059529,0.054437,0.073772,0.0727,0.071455,0.057007,0.070205,0.080599,0.090118,0.056983,0.065128,0.073776,0.062715,0.069901,0.056607,0.17156,0.073653,0.066637,0.12691,0.053442,0.12694,0.10605,0.075767,0.074284,0.060312,0.090433,0.055366,0.051899,0.049647,0.087077,0.054829,0.069087,0.078859,0.075476,0.097106,0.066494,0.057647,0.059196,0.06157,0.065694,0.12415,0.12184,0.063807,0.066739,0.057453,0.15624,0.10041,0.055961,0.072666,0.069197,0.04993,0.062722,0.16342,0.077367,0.074938,0.047531,0.066749,0.045271,0.04551,0.11308,0.092365,0.078376,0.047018,0.066926,0.15701,0.081757,0.11764,0.043163,0.092783,0.20801,0.053023,0.07196,0.041847,0.071995,0.0504,0.062513,0.10924,0.064479,0.07456,0.052009,0.13667,0.053535,0.10281,0.058395,0.077197,0.047861,0.060896,0.061592,0.059846,0.07669,0.071926,0.059979,0.1317,0.061382,0.1885,0.067657,0.069221,0.059936,0.072722,0.11855,0.1884,0.08508,0.23085,0.061495,0.1409,0.074699,0.092703,0.055618,0.04035,0.046669,0.068653,0.063227,0.087772,0.20954,0.12003,0.049527,0.051076,0.14957,0.097395,0.094861,0.085571,0.032308,0.052547,0.078856,0.11303
0.27559,0.071407,0.073816,0.13594,0.093209,0.11554,0.078682,0.065313,0,0.074036,0.068568,0.078966,0.057868,0.091183,0.07141,0.060652,0.09251,0.066024,0.091251,0.16916,0.072903,0.11288,0.067958,0.066017,0.087303,0.082716,0.07706,0.093223,0.11356,0.074804,0.10878,0.26058,0.080857,0.1501,0.21833,0.06397,0.080481,0.061039,0.070837,0.085134,0.065845,0.070659,0.67533,0.1279,0.094644,0.096897,0.10828,0.06268,0.065614,0.15491,0.18444,0.057921,0.084624,0.081052,0.1677,0.099935,0.068513,0.074443,0.18177,0.10624,0.06186,0.079428,0.062961,0.060064,0.079723,0.056008,0.069528,0.069327,0.066289,0.088979,0.06933,0.072224,0.0825,0.08341,0.089309,0.055132,0.17176,0.085594,0.079695,0.1321,0.06357,0.14622,0.1171,0.097554,0.083539,0.095598,0.10369,0.059438,0.04847,0.057098,0.081128,0.071582,0.065776,0.080638,0.060359,0.065204,0.073129,0.063565,0.065041,0.076632,0.087903,0.13287,0.11651,0.085315,0.05503,0.066788,0.17119,0.072038,0.079769,0.094309,0.056369,0.053077,0.066173,0.17775,0.042581,0.070813,0.053159,0.060247,0.065993,0.055674,0.093082,0.091749,0.081636,0.064794,0.084936,0.14943,0.076615,0.10608,0.068102,0.099277,0.20638,0.061396,0.083589,0.072451,0.074362,0.065369,0.059305,0.092437,0.04513,0.049943,0.068349,0.15549,0.076461,0.093274,0.056726,0.047622,0.068205,0.064418,0.065523,0.073136,0.093281,0.088852,0.067442,0.13216,0.065686,0.15701,0.059357,0.087429,0.06183,0.098128,0.12122,0.19314,0.11872,0.22952,0.060661,0.12036,0.082079,0.091997,0.067369,0.072676,0.062894,0.073163,0.060027,0.10743,0.19409,0.10469,0.054521,0.088754,0.15124,0.091839,0.10543,0.085583,0.058502,0.062607,0.069442,0.11426
0.28001,0.062881,0.102,0.12026,0.11902,0.11996,0.092854,0.074297,0.074036,0,0.062815,0.10427,0.056408,0.094528,0.081141,0.061966,0.076478,0.083803,0.091375,0.1632,0.076361,0.11227,0.066492,0.096769,0.10301,0.076603,0.093751,0.10058,0.11912,0.073034,0.092001,0.24978,0.071142,0.14296,0.19962,0.065351,0.074452,0.055068,0.088891,0.083856,0.065768,0.079613,0.68534,0.1342,0.093434,0.080908,0.10347,0.077226,0.075139,0.14637,0.18982,0.073269,0.089904,0.084424,0.16079,0.061151,0.080793,0.067203,0.17907,0.082803,0.072454,0.080244,0.046183,0.054982,0.078614,0.057568,0.06658,0.062357,0.073573,0.10565,0.080769,0.083999,0.088732,0.088068,0.081178,0.051488,0.20663,0.092765,0.079904,0.099028,0.059146,0.13355,0.11294,0.10239,0.085148,0.1127,0.13331,0.072459,0.050726,0.059007,0.10277,0.079248,0.060824,0.086,0.068916,0.0948,0.077717,0.082686,0.090451,0.065801,0.069186,0.13453,0.12152,0.076017,0.062058,0.065363,0.18129,0.082957,0.081459,0.087835,0.070154,0.05612,0.075225,0.17179,0.070544,0.069338,0.070825,0.072609,0.064985,0.057097,0.11557,0.091262,0.083583,0.052262,0.091509,0.15391,0.089053,0.088686,0.063054,0.093973,0.18525,0.084413,0.082481,0.074518,0.087543,0.062214,0.06578,0.085466,0.060458,0.0721,0.059726,0.15091,0.066561,0.065209,0.057439,0.070508,0.061964,0.061185,0.077633,0.057837,0.095227,0.056357,0.060234,0.13481,0.087954,0.17708,0.075828,0.088092,0.067202,0.10223,0.10671,0.18318,0.10382,0.22666,0.076109,0.1238,0.068779,0.10809,0.061017,0.057617,0.055166,0.082949,0.070453,0.10865,0.19509,0.11003,0.062656,0.082876,0.1438,0.095275,0.10953,0.089813,0.069079,0.066768,0.083835,0.11855
0.28061,0.056523,0.068517,0.14081,0.10952,0.11197,0.084021,0.043648,0.068568,0.062815,0,0.10372,0.032445,0.080392,0.071767,0.04892,0.091287,0.091059,0.086507,0.16925,0.052411,0.11532,0.043675,0.079902,0.086036,0.049994,0.073999,0.079352,0.11211,0.077709,0.083308,0.23094,0.067197,0.13289,0.18906,0.037544,0.071617,0.032356,0.052761,0.061405,0.051692,0.059064,0.66828,0.12432,0.068946,0.073447,0.1183,0.05006,0.053653,0.1345,0.1812,0.047802,0.098231,0.071484,0.14747,0.075065,0.070886,0.040772,0.18131,0.066995,0.051247,0.051845,0.045943,0.058463,0.070087,0.075988,0.045067,0.053681,0.08139,0.09818,0.045967,0.064386,0.087595,0.056818,0.07011,0.053027,0.1749,0.052552,0.049579,0.11684,0.038001,0.12513,0.11814,0.069941,0.079498,0.080395,0.096559,0.06431,0.049146,0.048318,0.081266,0.065246,0.055152,0.066669,0.081307,0.091376,0.054625,0.067239,0.070268,0.055515,0.054862,0.11579,0.10954,0.05311,0.053021,0.044248,0.16754,0.095755,0.058543,0.068733,0.068743,0.03901,0.063992,0.15642,0.078434,0.05779,0.053186,0.073858,0.034024,0.030035,0.12116,0.081294,0.081637,0.027818,0.07821,0.14753,0.080592,0.092142,0.049118,0.078833,0.18434,0.048923,0.074454,0.041474,0.077357,0.034075,0.057766,0.093568,0.062183,0.072981,0.04355,0.13253,0.041192,0.087254,0.041719,0.077139,0.032645,0.056859,0.058196,0.051362,0.077665,0.072011,0.038909,0.13972,0.059213,0.18224,0.069439,0.068066,0.045387,0.083695,0.10435,0.19377,0.10279,0.2326,0.065466,0.13102,0.064823,0.094708,0.043313,0.032389,0.030008,0.060813,0.047721,0.084726,0.20168,0.11413,0.051299,0.058023,0.14849,0.080103,0.096078,0.077825,0.037189,0.034289,0.080732,0.11679
0.24489,0.12141,0.12645,0.10682,0.11505,0.096103,0.092158,0.10801,0.078966,0.10427,0.10372,0,0.091555,0.11121,0.09079,0.10503,0.081168,0.083233,0.1046,0.13634,0.097421,0.068268,0.10865,0.086516,0.077069,0.11345,0.10398,0.12662,0.10486,0.080467,0.12614,0.25178,0.089779,0.12726,0.24165,0.096245,0.097142,0.10252,0.12071,0.11243,0.084285,0.095967,0.6917,0.10246,0.11071,0.099775,0.12252,0.11012,0.10273,0.14612,0.17653,0.10273,0.09945,0.10049,0.15221,0.12141,0.096239,0.087101,0.15861,0.12629,0.093231,0.11192,0.09903,0.080882,0.12555,0.088385,0.095648,0.073341,0.069749,0.11984,0.10146,0.10576,0.089289,0.1142,0.10634,0.090086,0.16415,0.10291,0.10703,0.10524,0.10032,0.13032,0.15351,0.13175,0.12029,0.13795,0.14403,0.094113,0.074851,0.097968,0.096817,0.093294,0.10648,0.10778,0.091993,0.045326,0.093728,0.090188,0.1166,0.10684,0.10733,0.14608,0.1057,0.095838,0.08151,0.10326,0.17108,0.076081,0.11528,0.094149,0.099656,0.085174,0.097764,0.16594,0.069185,0.081139,0.090995,0.076175,0.092051,0.094999,0.071796,0.096289,0.098689,0.10189,0.13011,0.12388,0.10018,0.10815,0.1058,0.10983,0.17584,0.11174,0.094941,0.10935,0.083508,0.097426,0.097522,0.081142,0.061952,0.059102,0.11805,0.1641,0.11192,0.096892,0.095703,0.063783,0.10116,0.079861,0.10304,0.11048,0.10531,0.11015,0.092886,0.13097,0.08524,0.1185,0.094452,0.11322,0.091565,0.13264,0.12151,0.21813,0.13429,0.20659,0.09859,0.11829,0.078509,0.11477,0.10136,0.10195,0.10742,0.10897,0.087264,0.13779,0.16651,0.063304,0.081196,0.11915,0.14125,0.094434,0.12785,0.11332,0.10137,0.096173,0.089515,0.12109
0.26827,0.056383,0.070995,0.12917,0.10686,0.10304,0.075408,0.049305,0.057868,0.056408,0.032445,0.091555,0,0.081422,0.071089,0.054952,0.0783,0.075723,0.087286,0.1604,0.05037,0.10408,0.03958,0.076559,0.077897,0.053476,0.069223,0.07905,0.10562,0.075748,0.080089,0.23314,0.060728,0.12544,0.20672,0.041287,0.059669,0.028219,0.051045,0.063733,0.044622,0.061975,0.67189,0.12223,0.079052,0.072138,0.10363,0.049422,0.055204,0.13891,0.17469,0.042976,0.088802,0.068524,0.14221,0.080623,0.071587,0.041594,0.16951,0.061452,0.057592,0.053534,0.039887,0.048502,0.066139,0.055495,0.038465,0.040989,0.068881,0.09756,0.055581,0.053627,0.083467,0.05504,0.070968,0.047528,0.17005,0.066237,0.059939,0.11658,0.036932,0.12758,0.10905,0.071023,0.078611,0.092461,0.10217,0.057145,0.034874,0.044398,0.079192,0.060497,0.052786,0.067047,0.080066,0.082894,0.06002,0.067629,0.065759,0.054385,0.049736,0.12036,0.11362,0.046704,0.037216,0.035687,0.16425,0.080774,0.066264,0.064698,0.062482,0.035114,0.055014,0.15852,0.068543,0.055691,0.049624,0.063897,0.041593,0.026376,0.11944,0.075907,0.079337,0.031021,0.079035,0.13715,0.073375,0.084636,0.045552,0.075341,0.18086,0.055696,0.067982,0.046882,0.068341,0.035564,0.047255,0.081953,0.05204,0.05452,0.045963,0.1397,0.046492,0.075445,0.041229,0.067146,0.032601,0.05183,0.058251,0.044201,0.078228,0.067877,0.043701,0.13176,0.062977,0.16964,0.069267,0.063044,0.035968,0.08859,0.094874,0.18477,0.10177,0.21196,0.063375,0.11937,0.055182,0.095504,0.048143,0.035794,0.034386,0.057855,0.035716,0.096545,0.19072,0.10036,0.04535,0.065387,0.1383,0.075072,0.088768,0.082263,0.045111,0.036228,0.080315,0.11433
0.27753,0.087656,0.1041,0.15895,0.1101,0.10266,0.086716,0.078186,0.091183,0.094528,0.080392,0.11121,0.081422,0,0.07015,0.077512,0.10509,0.090084,0.077866,0.17501,0.076684,0.11719,0.079703,0.10338,0.077124,0.097647,0.066535,0.074021,0.11815,0.096997,0.098979,0.23711,0.071854,0.12011,0.2329,0.076546,0.11,0.089243,0.091386,0.084311,0.083023,0.083565,0.66738,0.1066,0.11211,0.094454,0.11517,0.098438,0.093674,0.11886,0.1721,0.077713,0.090319,0.081211,0.15965,0.090785,0.064763,0.089758,0.18711,0.096878,0.077039,0.076067,0.073787,0.083499,0.11776,0.09271,0.072321,0.092437,0.085463,0.11146,0.080653,0.071063,0.061482,0.10007,0.090113,0.067976,0.18424,0.10124,0.09018,0.12999,0.069678,0.1149,0.12047,0.10692,0.090461,0.094612,0.1137,0.076277,0.068726,0.07694,0.095775,0.080539,0.10367,0.072609,0.10117,0.099358,0.087989,0.077302,0.089798,0.068643,0.079126,0.14039,0.095091,0.08228,0.097197,0.071872,0.16909,0.12242,0.08059,0.090711,0.080585,0.08545,0.073184,0.15867,0.10668,0.088248,0.067445,0.083493,0.067823,0.081064,0.12248,0.083783,0.068418,0.08719,0.098378,0.16037,0.085726,0.12381,0.083343,0.11089,0.19459,0.09157,0.082233,0.075998,0.083091,0.082257,0.072667,0.11897,0.08359,0.091415,0.081409,0.15164,0.071909,0.11172,0.088613,0.10264,0.080528,0.072203,0.068288,0.085675,0.10639,0.091467,0.080045,0.13614,0.092724,0.16642,0.096192,0.066013,0.071356,0.091111,0.10333,0.18595,0.097536,0.22619,0.07302,0.16907,0.07414,0.087201,0.081078,0.07312,0.093198,0.07114,0.076214,0.10417,0.20223,0.11339,0.080992,0.063554,0.16465,0.10277,0.10539,0.10396,0.068787,0.083613,0.068699,0.10654
0.28982,0.087017,0.096933,0.14021,0.10802,0.12725,0.084849,0.075752,0.07141,0.081141,0.071767,0.09079,0.071089,0.07015,0,0.070775,0.094536,0.079346,0.031817,0.18467,0.064982,0.12276,0.079354,0.082064,0.096421,0.097319,0.041281,0.069148,0.088919,0.066559,0.10107,0.25125,0.080305,0.14149,0.22571,0.058273,0.095844,0.076493,0.082648,0.057061,0.071376,0.060572,0.68397,0.12227,0.079061,0.095096,0.11318,0.092181,0.078378,0.12923,0.18323,0.068866,0.094322,0.064771,0.16694,0.097616,0.036198,0.081644,0.19844,0.098193,0.057311,0.056037,0.075226,0.064168,0.099706,0.080425,0.057176,0.072198,0.086843,0.10028,0.069535,0.053089,0.084584,0.095888,0.086367,0.051829,0.19386,0.096874,0.066821,0.11844,0.064532,0.127,0.12952,0.097868,0.075561,0.096112,0.11088,0.070505,0.051749,0.06132,0.068279,0.072854,0.085848,0.045559,0.078136,0.078232,0.068624,0.075134,0.082616,0.079664,0.089285,0.11417,0.090552,0.080565,0.069322,0.064894,0.18413,0.1009,0.078414,0.10314,0.067027,0.070395,0.060115,0.15656,0.083198,0.084002,0.063993,0.063113,0.064571,0.067154,0.10539,0.10981,0.042025,0.065313,0.099631,0.16747,0.087056,0.1066,0.071986,0.10883,0.19965,0.080579,0.093824,0.080044,0.077488,0.071994,0.063954,0.10001,0.05799,0.070986,0.071906,0.14233,0.05965,0.095606,0.057781,0.0816,0.072925,0.075401,0.061507,0.067088,0.099843,0.076089,0.075767,0.15483,0.07255,0.16936,0.063852,0.079837,0.058115,0.10936,0.113,0.20904,0.099331,0.23701,0.046966,0.1371,0.080523,0.046541,0.062984,0.068725,0.078549,0.062601,0.057262,0.1135,0.21053,0.10157,0.07245,0.068023,0.15256,0.1132,0.075802,0.088231,0.056746,0.065648,0.051499,0.12616
0.28524,0.07075,0.065369,0.14834,0.095555,0.11887,0.087927,0.057619,0.060652,0.061966,0.04892,0.10503,0.054952,0.077512,0.070775,0,0.098648,0.068038,0.084285,0.17264,0.068535,0.12169,0.055696,0.078841,0.090436,0.075365,0.066724,0.082384,0.12062,0.078295,0.093008,0.24032,0.078252,0.14077,0.20566,0.055252,0.080609,0.051496,0.055913,0.07026,0.060092,0.065022,0.66374,0.12294,0.074115,0.087905,0.12114,0.057973,0.054791,0.1331,0.19293,0.053655,0.094185,0.068945,0.16073,0.075069,0.063162,0.066847,0.18468,0.090335,0.045082,0.06474,0.058256,0.06123,0.081373,0.068318,0.059339,0.070967,0.077862,0.079231,0.047133,0.06583,0.083447,0.089415,0.067085,0.050473,0.18885,0.063156,0.065734,0.12367,0.049367,0.1435,0.11553,0.091037,0.083853,0.076503,0.091539,0.057502,0.050172,0.061671,0.085441,0.061909,0.051269,0.071496,0.07863,0.087948,0.057987,0.057354,0.056763,0.070664,0.071415,0.13496,0.11218,0.07014,0.064895,0.055157,0.17665,0.10235,0.052121,0.087333,0.06398,0.051473,0.057688,0.15205,0.0755,0.056392,0.051252,0.061013,0.043141,0.045287,0.11662,0.088597,0.072989,0.045178,0.067145,0.15585,0.067333,0.088069,0.042504,0.096213,0.19037,0.046977,0.069213,0.046059,0.081779,0.03982,0.053582,0.10966,0.060975,0.074534,0.049397,0.13097,0.04891,0.085056,0.049671,0.076916,0.044842,0.057153,0.06126,0.055453,0.10245,0.070576,0.052946,0.12731,0.062119,0.17501,0.073881,0.059507,0.054658,0.080398,0.12185,0.19942,0.11564,0.23703,0.061706,0.14574,0.069526,0.087947,0.054598,0.055554,0.053822,0.059575,0.059162,0.098608,0.20856,0.11689,0.053893,0.053045,0.13994,0.089872,0.099235,0.08552,0.044148,0.055528,0.074222,0.099768
0.23185,0.10041,0.1208,0.084985,0.12267,0.09122,0.069326,0.10553,0.09251,0.076478,0.091287,0.081168,0.0783,0.10509,0.094536,0.098648,0,0.089471,0.10235,0.12027,0.093385,0.07454,0.0998,0.11288,0.087347,0.09002,0.1079,0.11505,0.096544,0.093736,0.11921,0.23803,0.063786,0.1131,0.23635,0.095005,0.090096,0.089844,0.10924,0.10443,0.096126,0.10477,0.69577,0.12252,0.11285,0.091974,0.11542,0.1074,0.10402,0.14891,0.16528,0.098814,0.095926,0.093276,0.14061,0.10281,0.09508,0.082369,0.14018,0.11012,0.10164,0.10346,0.078478,0.069495,0.1218,0.077788,0.080775,0.053928,0.066898,0.1168,0.1084,0.099446,0.090454,0.10377,0.11297,0.081581,0.18757,0.10369,0.093471,0.093957,0.091832,0.12172,0.14484,0.12531,0.11458,0.14857,0.16276,0.099051,0.073994,0.079598,0.10707,0.091233,0.10265,0.09971,0.098497,0.085282,0.088246,0.094586,0.12536,0.098226,0.080597,0.14218,0.10928,0.083887,0.066011,0.098383,0.19796,0.070816,0.11608,0.082479,0.1045,0.08061,0.10067,0.18191,0.079723,0.074244,0.10071,0.07749,0.086759,0.084135,0.10551,0.085022,0.099994,0.091143,0.13348,0.10917,0.10211,0.093565,0.10263,0.081649,0.15119,0.11174,0.10547,0.10625,0.084321,0.090695,0.089535,0.048608,0.068255,0.075268,0.10292,0.18157,0.095586,0.085345,0.089056,0.071655,0.084868,0.072111,0.091618,0.090963,0.097618,0.092077,0.086707,0.13911,0.098929,0.14143,0.097246,0.097943,0.084835,0.10872,0.10495,0.20595,0.13116,0.18874,0.098297,0.10812,0.062891,0.11867,0.098482,0.08621,0.097076,0.10315,0.091149,0.13832,0.1508,0.083494,0.093191,0.11207,0.13023,0.087081,0.1272,0.11617,0.096927,0.080689,0.10505,0.12212
0.28085,0.098286,0.098858,0.13917,0.10948,0.1159,0.087326,0.090014,0.066024,0.083803,0.091059,0.083233,0.075723,0.090084,0.079346,0.068038,0.089471,0,0.089347,0.17297,0.081739,0.11145,0.083922,0.077045,0.089578,0.11289,0.073387,0.10413,0.11268,0.089521,0.11821,0.25998,0.090703,0.13616,0.24851,0.076119,0.095319,0.078827,0.08525,0.088112,0.071242,0.076038,0.67336,0.1215,0.10863,0.10546,0.10717,0.094937,0.076899,0.13314,0.19945,0.074334,0.075374,0.070568,0.17139,0.098716,0.069488,0.091542,0.18489,0.10927,0.07443,0.086934,0.082782,0.069414,0.10618,0.061601,0.077329,0.078502,0.072401,0.088362,0.081162,0.072215,0.075433,0.1072,0.081754,0.062097,0.19485,0.10365,0.10148,0.12317,0.079021,0.14816,0.1286,0.11896,0.10304,0.11303,0.11715,0.056132,0.057051,0.080709,0.079456,0.0784,0.080458,0.088158,0.093345,0.076978,0.076574,0.074549,0.073404,0.088978,0.097653,0.144,0.10217,0.088933,0.076284,0.075055,0.17899,0.096888,0.085133,0.10206,0.0766,0.077308,0.06057,0.15637,0.082959,0.079532,0.069819,0.051033,0.076572,0.071132,0.10659,0.1015,0.072402,0.080606,0.093997,0.15648,0.069284,0.10495,0.070997,0.11695,0.19202,0.08239,0.077366,0.084526,0.07858,0.072126,0.068459,0.11154,0.059946,0.063821,0.090198,0.13722,0.080435,0.09804,0.079552,0.067319,0.07814,0.077045,0.073276,0.077108,0.12066,0.080054,0.08846,0.1236,0.075574,0.1513,0.088199,0.073482,0.06467,0.10405,0.11295,0.20261,0.12372,0.21501,0.077003,0.14876,0.071611,0.095688,0.086936,0.085995,0.087611,0.071117,0.070754,0.13427,0.20723,0.09837,0.073633,0.089946,0.14171,0.10301,0.10163,0.10048,0.0794,0.080754,0.080569,0.097741
0.30204,0.09713,0.10961,0.14869,0.12645,0.13744,0.098973,0.08795,0.091251,0.091375,0.086507,0.1046,0.087286,0.077866,0.031817,0.084285,0.10235,0.089347,0,0.19415,0.07419,0.13174,0.094911,0.10073,0.10626,0.11231,0.050484,0.083253,0.086164,0.080746,0.10741,0.26701,0.094955,0.14618,0.23693,0.075278,0.1101,0.089161,0.098816,0.064056,0.083734,0.07587,0.67773,0.13029,0.0851,0.099902,0.11734,0.10757,0.091499,0.1187,0.19352,0.084743,0.10092,0.074421,0.18073,0.09994,0.040909,0.092076,0.21054,0.10605,0.06914,0.064346,0.091287,0.081833,0.11791,0.092834,0.066338,0.084769,0.094302,0.10599,0.086968,0.066919,0.088561,0.1038,0.099441,0.064719,0.20909,0.11324,0.082678,0.12482,0.077854,0.1217,0.1369,0.11194,0.077744,0.10562,0.12717,0.084958,0.068847,0.078388,0.076608,0.078492,0.095166,0.056889,0.087125,0.089245,0.082918,0.086465,0.096483,0.094067,0.097631,0.12353,0.087602,0.092971,0.086053,0.079924,0.18826,0.11287,0.0878,0.11493,0.087452,0.082971,0.074375,0.1608,0.096668,0.099605,0.085163,0.068582,0.08051,0.082181,0.10739,0.12365,0.048324,0.079229,0.10795,0.18027,0.099555,0.11983,0.083146,0.12147,0.20544,0.094644,0.10397,0.09274,0.087502,0.086272,0.076612,0.11043,0.06971,0.084813,0.087468,0.1468,0.069146,0.10979,0.071318,0.096182,0.085314,0.085447,0.07947,0.079705,0.10914,0.078527,0.089664,0.15884,0.088606,0.1729,0.074321,0.089379,0.073179,0.11537,0.11403,0.21804,0.10304,0.24398,0.060377,0.14535,0.088676,0.052043,0.074738,0.082016,0.092187,0.077248,0.074661,0.12271,0.22347,0.10875,0.088863,0.077917,0.16101,0.13049,0.073548,0.099927,0.071398,0.079574,0.060973,0.13224
0.14205,0.18704,0.19239,0.1215,0.15869,0.099213,0.14476,0.17989,0.16916,0.1632,0.16925,0.13634,0.1604,0.17501,0.18467,0.17264,0.12027,0.17297,0.19415,0,0.16926,0.096035,0.17009,0.18451,0.1264,0.14644,0.18895,0.19395,0.17386,0.1655,0.17542,0.21761,0.14442,0.11929,0.27,0.18011,0.16098,0.17423,0.19089,0.19752,0.1701,0.18799,0.7139,0.16645,0.18432,0.14437,0.18137,0.16882,0.18265,0.21361,0.14887,0.17823,0.18306,0.17982,0.1196,0.18299,0.1903,0.1496,0.07415,0.17969,0.18002,0.19508,0.16243,0.15509,0.19455,0.15468,0.16983,0.1359,0.13022,0.19104,0.17986,0.18985,0.16363,0.1861,0.18113,0.17414,0.17461,0.15086,0.16941,0.15478,0.175,0.17414,0.20227,0.1878,0.20216,0.21674,0.23243,0.18518,0.15935,0.17283,0.20011,0.16205,0.17336,0.18963,0.17193,0.14641,0.16569,0.17116,0.20049,0.1747,0.14545,0.21092,0.18405,0.1525,0.15085,0.18041,0.22904,0.13584,0.19426,0.1271,0.18155,0.16097,0.18451,0.20012,0.14673,0.12882,0.17645,0.16321,0.16574,0.16951,0.16333,0.1129,0.19055,0.17463,0.20836,0.055169,0.16846,0.13891,0.18036,0.12418,0.11934,0.18687,0.16372,0.17686,0.16268,0.1677,0.16849,0.11953,0.15334,0.14985,0.18712,0.23913,0.18355,0.15089,0.17298,0.14994,0.16286,0.13562,0.17972,0.18582,0.15836,0.18444,0.15435,0.17243,0.1722,0.13154,0.17951,0.17289,0.17335,0.16751,0.18832,0.2325,0.20883,0.15796,0.18654,0.14307,0.13154,0.19778,0.17996,0.1673,0.17964,0.18883,0.17278,0.1864,0.088307,0.13439,0.15773,0.18341,0.13067,0.11912,0.21746,0.1987,0.17958,0.16513,0.18473,0.17982
0.27867,0.075712,0.081162,0.13621,0.10647,0.10795,0.073886,0.044058,0.072903,0.076361,0.052411,0.097421,0.05037,0.076684,0.064982,0.068535,0.093385,0.081739,0.07419,0.16926,0,0.11707,0.053726,0.072088,0.084582,0.074885,0.062817,0.089761,0.1083,0.07437,0.098762,0.24746,0.081646,0.11748,0.20316,0.054631,0.084935,0.050488,0.075287,0.066705,0.055485,0.046897,0.67789,0.13294,0.074905,0.060575,0.085286,0.057278,0.05812,0.12622,0.16303,0.043884,0.09228,0.058898,0.15258,0.089828,0.065156,0.050473,0.18318,0.07544,0.053897,0.058699,0.061984,0.064218,0.074334,0.063376,0.053409,0.057012,0.072107,0.099091,0.059855,0.064224,0.077079,0.073197,0.0664,0.054156,0.16976,0.080826,0.058944,0.11331,0.056222,0.11428,0.1191,0.070177,0.081019,0.081014,0.10962,0.059331,0.045155,0.059412,0.079832,0.052249,0.070521,0.074089,0.078907,0.084617,0.056971,0.069524,0.071766,0.065404,0.068515,0.10768,0.10479,0.063699,0.058979,0.055091,0.16577,0.098487,0.066711,0.06532,0.068965,0.053388,0.06178,0.14857,0.08176,0.073369,0.054708,0.062812,0.052233,0.048232,0.11042,0.089966,0.069529,0.049294,0.082609,0.14776,0.081467,0.10764,0.048697,0.088823,0.19045,0.062603,0.07081,0.054315,0.069269,0.048926,0.052174,0.098455,0.056959,0.065699,0.064168,0.13071,0.051992,0.097782,0.055203,0.07268,0.047592,0.058498,0.059141,0.064507,0.084779,0.072437,0.059255,0.13972,0.055897,0.1709,0.064892,0.067043,0.056877,0.07643,0.11045,0.19288,0.083217,0.21723,0.067576,0.12709,0.064093,0.081663,0.055844,0.04445,0.054507,0.056319,0.055494,0.086729,0.19869,0.10118,0.051055,0.058919,0.13921,0.093187,0.086551,0.086006,0.045353,0.052306,0.077916,0.12445
0.2103,0.13345,0.15009,0.10131,0.13631,0.06427,0.10328,0.12529,0.11288,0.11227,0.11532,0.068268,0.10408,0.11719,0.12276,0.12169,0.07454,0.11145,0.13174,0.096035,0.11707,0,0.12541,0.13047,0.07055,0.11216,0.13144,0.1474,0.12158,0.10571,0.12534,0.23207,0.087367,0.10457,0.2448,0.11784,0.11565,0.11816,0.14075,0.13787,0.10664,0.12738,0.69336,0.11177,0.13378,0.10533,0.13881,0.12559,0.12946,0.15537,0.16381,0.12834,0.11833,0.12217,0.12913,0.12481,0.12534,0.097882,0.12269,0.12722,0.11883,0.13423,0.10784,0.10063,0.14639,0.10726,0.11165,0.084548,0.075059,0.14267,0.1296,0.12781,0.096766,0.12224,0.1233,0.11074,0.16262,0.11049,0.12604,0.10677,0.11805,0.12646,0.15702,0.15543,0.1431,0.16048,0.17327,0.11866,0.097869,0.11911,0.1367,0.11332,0.12531,0.13222,0.12135,0.087566,0.12038,0.11098,0.14536,0.11623,0.10272,0.18044,0.1229,0.10198,0.099711,0.11998,0.1755,0.093885,0.1362,0.087334,0.12723,0.10541,0.12009,0.17191,0.098868,0.082892,0.11628,0.10248,0.10616,0.11426,0.10249,0.073645,0.13157,0.12071,0.14724,0.091804,0.11912,0.11389,0.12684,0.10508,0.14604,0.13847,0.11244,0.12315,0.1033,0.11483,0.11846,0.081387,0.092585,0.090449,0.13724,0.18393,0.12911,0.10744,0.12026,0.0951,0.11334,0.086481,0.12588,0.12673,0.10493,0.12957,0.10602,0.11033,0.11588,0.11683,0.13118,0.12281,0.11088,0.13992,0.12665,0.21269,0.15029,0.17783,0.12911,0.13199,0.070751,0.1486,0.12185,0.11403,0.12507,0.13154,0.11235,0.1459,0.13414,0.067994,0.10193,0.13359,0.1351,0.081453,0.15566,0.13513,0.12369,0.11476,0.12041,0.10913
0.27801,0.063662,0.075212,0.14567,0.099611,0.11087,0.090565,0.051761,0.067958,0.066492,0.043675,0.10865,0.03958,0.079703,0.079354,0.055696,0.0998,0.083922,0.094911,0.17009,0.053726,0.12541,0,0.074134,0.08857,0.056313,0.071419,0.070245,0.11533,0.084274,0.079334,0.22716,0.076387,0.12835,0.20335,0.045264,0.075869,0.043976,0.054556,0.065923,0.04828,0.066186,0.66121,0.12554,0.090597,0.073599,0.10512,0.055655,0.053644,0.14133,0.17397,0.037055,0.09643,0.07483,0.14185,0.08552,0.078911,0.05569,0.17889,0.066987,0.063661,0.058983,0.052047,0.058015,0.073163,0.061091,0.049504,0.06227,0.082737,0.10382,0.046978,0.063792,0.089481,0.078009,0.068472,0.05885,0.17179,0.068561,0.069579,0.12876,0.04661,0.13256,0.10974,0.051836,0.086309,0.088927,0.10065,0.066328,0.049514,0.054472,0.090003,0.062993,0.050564,0.068688,0.084808,0.095517,0.057637,0.081297,0.05739,0.046455,0.05142,0.10545,0.11577,0.059465,0.06331,0.038923,0.16444,0.093861,0.064504,0.072273,0.057302,0.051791,0.059418,0.14737,0.081205,0.063896,0.05341,0.076048,0.057004,0.039216,0.13278,0.079922,0.077066,0.039687,0.083345,0.14793,0.06402,0.088937,0.043107,0.080195,0.18266,0.053475,0.065529,0.04933,0.081893,0.042312,0.047872,0.10221,0.068633,0.072038,0.049039,0.13033,0.046177,0.08985,0.048388,0.079714,0.044512,0.059344,0.060699,0.060426,0.093502,0.070497,0.045608,0.15036,0.073174,0.1797,0.067269,0.066136,0.047186,0.081204,0.10306,0.16416,0.10033,0.22131,0.063094,0.13381,0.070197,0.092937,0.056033,0.040315,0.043653,0.060979,0.04442,0.094674,0.20574,0.1245,0.050031,0.057224,0.14159,0.086908,0.093602,0.088743,0.047151,0.043209,0.084212,0.13228
0.28816,0.096247,0.090802,0.14711,0.095602,0.13018,0.098809,0.078883,0.066017,0.096769,0.079902,0.086516,0.076559,0.10338,0.082064,0.078841,0.11288,0.077045,0.10073,0.18451,0.072088,0.13047,0.074134,0,0.10307,0.10471,0.086741,0.10389,0.11747,0.073331,0.11375,0.25097,0.096307,0.14162,0.22,0.072935,0.093605,0.07711,0.082067,0.08811,0.071883,0.061566,0.67329,0.13046,0.095079,0.10234,0.11098,0.080549,0.056474,0.1507,0.18649,0.064247,0.088361,0.074716,0.16707,0.10129,0.080534,0.084342,0.19654,0.11789,0.071398,0.083944,0.080826,0.068638,0.087677,0.08145,0.082826,0.081116,0.095019,0.11548,0.062951,0.080483,0.09517,0.10564,0.075705,0.077328,0.17915,0.092516,0.080169,0.12691,0.080054,0.14309,0.14527,0.088347,0.1019,0.096706,0.091082,0.061527,0.064175,0.079475,0.067318,0.078297,0.086278,0.091645,0.094555,0.080131,0.062514,0.082784,0.071969,0.085675,0.106,0.10896,0.11482,0.090775,0.077921,0.080889,0.17469,0.10616,0.070999,0.094393,0.080968,0.07463,0.083162,0.16429,0.084909,0.08693,0.054021,0.080714,0.07267,0.067441,0.10886,0.11047,0.077309,0.075566,0.090108,0.16274,0.085049,0.11127,0.067604,0.10999,0.1998,0.067913,0.073116,0.07534,0.08116,0.064607,0.063164,0.10997,0.071837,0.078448,0.086743,0.14442,0.079806,0.095993,0.077777,0.066789,0.077187,0.082297,0.071446,0.085956,0.11781,0.085892,0.073908,0.15475,0.052024,0.17529,0.078132,0.086551,0.080632,0.10925,0.12326,0.20735,0.11595,0.23501,0.082037,0.1483,0.089883,0.095922,0.079113,0.0754,0.078559,0.073143,0.073213,0.11736,0.20874,0.11607,0.068211,0.087487,0.15067,0.098076,0.10651,0.091976,0.068283,0.077165,0.08015,0.13591
0.23727,0.10231,0.10991,0.1429,0.11143,0.071044,0.093376,0.096458,0.087303,0.10301,0.086036,0.077069,0.077897,0.077124,0.096421,0.090436,0.087347,0.089578,0.10626,0.1264,0.084582,0.07055,0.08857,0.10307,0,0.089569,0.092632,0.11128,0.11538,0.099944,0.10069,0.23069,0.079547,0.10389,0.24965,0.086034,0.097511,0.08829,0.10558,0.10993,0.083108,0.094131,0.68153,0.10131,0.11558,0.091324,0.12291,0.094093,0.10476,0.1327,0.16444,0.090422,0.1042,0.10142,0.12538,0.11213,0.097194,0.073448,0.15064,0.096661,0.090825,0.099463,0.083816,0.082082,0.11806,0.089902,0.082512,0.076174,0.05755,0.12473,0.090079,0.097024,0.078665,0.097956,0.097503,0.089709,0.15315,0.086249,0.09626,0.12957,0.083414,0.1257,0.14067,0.11331,0.12045,0.12064,0.13464,0.096233,0.074507,0.09645,0.10774,0.086946,0.09707,0.097826,0.10868,0.070574,0.088255,0.091187,0.10685,0.092056,0.07731,0.15046,0.10561,0.078836,0.082443,0.084115,0.15893,0.10028,0.10558,0.074054,0.097485,0.080238,0.091907,0.15245,0.090045,0.066266,0.087422,0.086998,0.081043,0.082332,0.10796,0.051746,0.10583,0.095453,0.11828,0.11198,0.089478,0.10697,0.097603,0.085703,0.1634,0.10029,0.084648,0.091252,0.083012,0.084297,0.08166,0.094503,0.073862,0.070267,0.10456,0.15428,0.094144,0.10583,0.091677,0.089669,0.081695,0.05978,0.089687,0.10234,0.093894,0.11326,0.079349,0.12195,0.089873,0.10939,0.10691,0.084036,0.079503,0.10496,0.10697,0.19541,0.13734,0.19486,0.10215,0.13542,0.062339,0.11563,0.095699,0.091044,0.095546,0.093258,0.076844,0.11296,0.1618,0.080497,0.074062,0.1001,0.14164,0.069337,0.12484,0.11467,0.090343,0.083091,0.08725,0.10977
