0,0.18395,0.15941,0.12606,0.15783,0.15512,0.15259,0.15917,0.15697,0.16317,0.17785,0.14731,0.16401,0.18935,0.19101,0.17395,0.16208,0.14587,0.18086,0.082054,0.19269,0.14752,0.18039,0.23004,0.13771,0.13779,0.1859,0.19452,0.18551,0.18979,0.15789,0.18939,0.15773,0.15073,0.18928,0.17437,0.17411,0.17073,0.18716,0.17999,0.17597,0.17391,0.18271,0.16357,0.17932,0.17335,0.14576,0.16115,0.18905,0.20068,0.19009,0.15266,0.17559,0.17491,0.17268,0.17007,0.1818,0.14598,0.23403,0.16616,0.18109,0.1899,0.15804,0.16646,0.19074,0.15568,0.17369,0.19648,0.14469,0.20748,0.18189,0.19257,0.16975,0.17011,0.16456,0.20584,0.15274,0.15612,0.16062,0.18252,0.16048,0.17309,0.19259,0.13488,0.18402,0.2217,0.21223,0.18552,0.13675,0.17345,0.18333,0.19868,0.18593,0.18095,0.15774,0.17499,0.18019,0.16926,0.18517,0.17401,0.18925,0.17389,0.18296,0.1771,0.16932,0.19762,0.21844,0.13151,0.17636,0.16336,0.17084,0.16798,0.18892,0.19846,0.14558,0.15773,0.19647,0.17548,0.18438,0.17152,0.15075,0.13575,0.1887,0.17813,0.19903,0.10981,0.18014,0.19056,0.17129,0.17116,0.19969,0.25046,0.20349,0.2015,0.1824,0.24632,0.1961,0.17086,0.13593,0.15105,0.17393,0.20414,0.18438,0.16397,0.18768,0.14263,0.1735,0.15444,0.19449,0.16267,0.18639,0.18297,0.16804,0.1496,0.19332,0.10559,0.15824,0.18129,0.18637,0.18522,0.17492,0.14934,0.21127,0.14118,0.17042,0.15794,0.13635,0.18942,0.17135,0.2059,0.16618,0.19524,0.18365,0.16386,0.16213,0.18515,0.15085,0.17018,0.14415,0.16848,0.19245,0.18589,0.17162,0.15851,0.18078,0.23239
0.18395,0,0.065104,0.08961,0.10698,0.096599,0.1068,0.056101,0.061388,0.077585,0.060139,0.061595,0.042823,0.062978,0.061589,0.053918,0.062491,0.10755,0.057773,0.1293,0.06086,0.070205,0.039596,0.096096,0.073789,0.066571,0.059207,0.050684,0.057753,0.061737,0.067468,0.10323,0.054936,0.075864,0.060806,0.043128,0.048176,0.039886,0.046013,0.047028,0.073559,0.071906,0.067432,0.12023,0.078002,0.072923,0.099581,0.052333,0.076242,0.12934,0.15741,0.049963,0.072418,0.073338,0.1108,0.057397,0.065649,0.076786,0.37844,0.079941,0.061717,0.051957,0.0649,0.06719,0.07198,0.090369,0.048991,0.07019,0.068675,0.059116,0.050701,0.055164,0.086998,0.052035,0.045819,0.067427,0.06262,0.089285,0.053904,0.074045,0.053208,0.098113,0.083353,0.070959,0.051207,0.080964,0.072878,0.061321,0.065639,0.069267,0.061952,0.10105,0.03321,0.052136,0.053741,0.04642,0.076437,0.094299,0.076046,0.052046,0.066414,0.053099,0.077747,0.088006,0.074301,0.043445,0.13477,0.082973,0.090912,0.10723,0.045379,0.063902,0.060758,0.11549,0.058801,0.053469,0.063867,0.062332,0.059382,0.041093,0.054125,0.071135,0.079273,0.034468,0.077622,0.0975,0.058103,0.15997,0.051105,0.06837,0.11003,0.22825,0.074154,0.062889,0.081015,0.1934,0.06367,0.068556,0.064995,0.061818,0.038184,0.082121,0.046843,0.061539,0.048326,0.06334,0.049119,0.097218,0.045471,0.053701,0.045915,0.057769,0.056175,0.097271,0.062666,0.10866,0.065908,0.049049,0.039321,0.064307,0.075526,0.080789,0.071373,0.19582,0.043207,0.065804,0.079869,0.052407,0.065304,0.061331,0.046328,0.060816,0.041866,0.062318,0.17203,0.086101,0.073936,0.08612,0.1002,0.074051,0.071789,0.054428,0.050301,0.043615,0.049456,0.13198
0.15941,0.065104,0,0.078408,0.086354,0.092172,0.10028,0.059222,0.060447,0.071404,0.06064,0.057957,0.06045,0.081223,0.088778,0.062532,0.060319,0.082793,0.065092,0.10126,0.074136,0.067402,0.059503,0.099592,0.079617,0.069689,0.071868,0.070013,0.069889,0.082606,0.064919,0.123,0.048655,0.086906,0.06861,0.053573,0.065082,0.053924,0.067739,0.06098,0.061429,0.093779,0.082521,0.10209,0.064055,0.07536,0.10105,0.054612,0.083574,0.10656,0.1557,0.064324,0.0682,0.069133,0.10863,0.058775,0.073675,0.081037,0.34797,0.076356,0.066883,0.067166,0.054286,0.059979,0.071783,0.079893,0.055436,0.069977,0.052835,0.079947,0.060508,0.071001,0.081391,0.054632,0.055493,0.085972,0.069839,0.073953,0.062747,0.092214,0.055043,0.098314,0.097411,0.069691,0.06805,0.10619,0.086486,0.062506,0.063549,0.072931,0.078168,0.095726,0.070035,0.063857,0.049047,0.062259,0.076769,0.091916,0.080911,0.059504,0.068247,0.072552,0.064435,0.088474,0.082618,0.072001,0.13655,0.073548,0.086565,0.096608,0.063636,0.080878,0.083028,0.14235,0.067847,0.054378,0.069654,0.066634,0.075364,0.059359,0.06232,0.066728,0.086895,0.059993,0.087728,0.080869,0.067414,0.14636,0.071025,0.068733,0.12036,0.2253,0.08656,0.076435,0.087777,0.2073,0.076042,0.065173,0.061494,0.062123,0.050529,0.10126,0.067716,0.055473,0.063571,0.050164,0.063503,0.0815,0.066013,0.059795,0.064679,0.065155,0.057191,0.095981,0.085249,0.093217,0.072933,0.0635,0.057215,0.069996,0.095562,0.094073,0.079338,0.18214,0.058083,0.052139,0.076149,0.076209,0.068197,0.07813,0.049711,0.074676,0.058219,0.065832,0.17302,0.089306,0.056571,0.090363,0.094515,0.074097,0.071154,0.054575,0.054785,0.051755,0.073349,0.13596
0.12606,0.08961,0.078408,0,0.095962,0.086192,0.063322,0.082925,0.084972,0.096662,0.093188,0.066377,0.069565,0.095994,0.10764,0.07934,0.08378,0.077269,0.10076,0.084705,0.10458,0.072262,0.085448,0.14349,0.065642,0.072065,0.10144,0.10234,0.10407,0.098756,0.085943,0.11722,0.061888,0.065999,0.092998,0.078305,0.093498,0.072867,0.097258,0.096531,0.10409,0.10363,0.088584,0.09711,0.098612,0.090917,0.099454,0.07306,0.095051,0.12047,0.15455,0.071559,0.097306,0.090213,0.11661,0.081193,0.092483,0.074452,0.31099,0.094523,0.093116,0.10529,0.08106,0.085965,0.10847,0.093722,0.091042,0.10735,0.073155,0.10809,0.084803,0.10628,0.097689,0.083163,0.076133,0.11572,0.074129,0.068422,0.069614,0.10461,0.077884,0.111,0.13001,0.074492,0.098637,0.12425,0.12053,0.088638,0.060786,0.088748,0.087931,0.13231,0.089171,0.095439,0.080007,0.096511,0.093157,0.10293,0.094013,0.084475,0.095778,0.088367,0.094024,0.12536,0.097697,0.10276,0.13491,0.065446,0.1094,0.098382,0.081508,0.085224,0.10371,0.13036,0.073927,0.073684,0.097762,0.08529,0.10318,0.075399,0.076537,0.058132,0.1072,0.088354,0.11402,0.078365,0.090725,0.14313,0.091698,0.08833,0.12848,0.20645,0.10448,0.10768,0.11081,0.17122,0.10399,0.094218,0.064706,0.074831,0.08295,0.12551,0.098694,0.083656,0.092403,0.062287,0.079259,0.081339,0.096489,0.083372,0.090705,0.09718,0.080633,0.077337,0.10847,0.053413,0.079881,0.090401,0.087994,0.088944,0.10989,0.092829,0.11692,0.14092,0.08031,0.079162,0.065235,0.10397,0.080082,0.11072,0.069842,0.11332,0.08728,0.077341,0.15552,0.10531,0.084462,0.08819,0.08102,0.082187,0.10577,0.088295,0.085231,0.07072,0.096231,0.15945
0.15783,0.10698,0.086354,0.095962,0,0.1135,0.090897,0.091286,0.092969,0.10292,0.098621,0.09642,0.10031,0.11042,0.097245,0.088398,0.090375,0.12046,0.080396,0.12422,0.097664,0.10369,0.098996,0.12779,0.10522,0.093232,0.097422,0.099766,0.091348,0.094754,0.10455,0.13159,0.081483,0.10132,0.10413,0.095808,0.087153,0.091304,0.094329,0.093005,0.093098,0.11223,0.12174,0.11082,0.1035,0.097093,0.12303,0.090395,0.089175,0.11906,0.17792,0.1048,0.094405,0.11534,0.11261,0.082486,0.094588,0.096653,0.34841,0.089559,0.080815,0.094928,0.082769,0.089609,0.10353,0.13225,0.08529,0.11658,0.10188,0.10888,0.093802,0.097973,0.11649,0.087666,0.094062,0.11329,0.08505,0.081777,0.08707,0.12991,0.08204,0.11603,0.11792,0.090687,0.10226,0.13452,0.10698,0.099505,0.10798,0.10372,0.10019,0.12408,0.10632,0.09662,0.087455,0.10247,0.096743,0.093766,0.1022,0.084789,0.11216,0.10143,0.091436,0.093559,0.12087,0.10255,0.14402,0.10168,0.11284,0.13066,0.10091,0.092424,0.11598,0.14219,0.10533,0.087926,0.10691,0.11345,0.10124,0.10588,0.089983,0.084421,0.085273,0.097695,0.10689,0.093426,0.081545,0.14099,0.093075,0.088488,0.13121,0.21239,0.10478,0.10771,0.1218,0.22525,0.10409,0.099931,0.098322,0.10102,0.098746,0.11943,0.097134,0.086533,0.095305,0.091226,0.092082,0.10725,0.11135,0.093697,0.090681,0.10827,0.082127,0.09366,0.10435,0.10707,0.10212,0.093379,0.098753,0.098616,0.1057,0.10567,0.11947,0.1869,0.088591,0.083348,0.10691,0.095887,0.098496,0.10203,0.10552,0.10528,0.094343,0.091508,0.17234,0.084781,0.094204,0.10266,0.10878,0.1067,0.076546,0.085415,0.098275,0.091316,0.10683,0.15403
0.15512,0.096599,0.092172,0.086192,0.1135,0,0.1049,0.089684,0.092345,0.11061,0.093734,0.087501,0.091132,0.10021,0.11721,0.093341,0.091769,0.10698,0.11046,0.1083,0.11627,0.084926,0.086577,0.14613,0.064447,0.090339,0.10965,0.11719,0.11195,0.11013,0.11181,0.12483,0.073257,0.091032,0.084542,0.09354,0.099381,0.082209,0.10453,0.10714,0.088688,0.094945,0.10027,0.1115,0.094691,0.084039,0.13106,0.072736,0.1046,0.13085,0.18089,0.071122,0.12132,0.090955,0.11902,0.08874,0.074894,0.10481,0.34111,0.10173,0.10505,0.11037,0.094473,0.09319,0.12424,0.10571,0.10498,0.11104,0.092494,0.10562,0.095362,0.11215,0.13693,0.099571,0.091486,0.11852,0.093542,0.077924,0.085403,0.11087,0.087951,0.13119,0.11208,0.092829,0.11333,0.12889,0.11159,0.090736,0.084759,0.11207,0.10153,0.10449,0.095641,0.11157,0.096788,0.097491,0.093321,0.12021,0.099922,0.097405,0.087744,0.1121,0.10681,0.13054,0.11072,0.10152,0.15919,0.10555,0.10027,0.050699,0.093862,0.097084,0.084257,0.13886,0.088056,0.085984,0.10544,0.09094,0.10712,0.09329,0.081184,0.066092,0.11034,0.09815,0.10815,0.097975,0.10793,0.13251,0.09998,0.079854,0.12505,0.22581,0.10745,0.092802,0.13129,0.19291,0.1108,0.093287,0.09572,0.09379,0.097732,0.11091,0.10763,0.10459,0.10453,0.085099,0.090408,0.078536,0.11121,0.084798,0.092905,0.10854,0.081543,0.10001,0.11773,0.096651,0.10931,0.10392,0.096086,0.074872,0.1239,0.11921,0.1199,0.12773,0.085406,0.092036,0.0701,0.1078,0.093271,0.096601,0.085418,0.11942,0.10175,0.074873,0.13061,0.11118,0.10129,0.092495,0.085492,0.044641,0.11975,0.098806,0.091381,0.088852,0.10301,0.13433
0.15259,0.1068,0.10028,0.063322,0.090897,0.1049,0,0.095827,0.095838,0.11421,0.099122,0.084235,0.088683,0.10632,0.11435,0.081147,0.098793,0.085181,0.10845,0.11704,0.11229,0.10092,0.094897,0.15932,0.086589,0.082663,0.10773,0.10247,0.10574,0.099957,0.11216,0.1271,0.079938,0.062247,0.10608,0.09308,0.10179,0.092545,0.099514,0.10852,0.11393,0.11461,0.10176,0.12016,0.11051,0.093188,0.11463,0.09258,0.084853,0.13028,0.15316,0.093468,0.10702,0.11003,0.10745,0.089246,0.099082,0.10448,0.32961,0.11134,0.091228,0.10975,0.097907,0.10084,0.12556,0.12219,0.1021,0.12588,0.09291,0.10785,0.091061,0.11686,0.12494,0.091758,0.092629,0.10808,0.089874,0.081887,0.083104,0.11156,0.098214,0.13134,0.13934,0.089567,0.11686,0.13253,0.1138,0.097984,0.089007,0.103,0.099379,0.13667,0.10519,0.1088,0.10244,0.10623,0.099507,0.12214,0.10059,0.096403,0.11485,0.10649,0.11622,0.12888,0.12545,0.1036,0.14898,0.10003,0.12827,0.11627,0.09009,0.097434,0.11353,0.12824,0.093265,0.086408,0.11161,0.095004,0.11059,0.1005,0.087853,0.083827,0.099173,0.098338,0.11593,0.092217,0.08884,0.13694,0.10179,0.099113,0.12127,0.19424,0.10105,0.11552,0.13516,0.19932,0.10596,0.10931,0.086412,0.092309,0.097425,0.139,0.10972,0.10641,0.099644,0.086429,0.088656,0.10918,0.10881,0.095039,0.10434,0.10693,0.091969,0.084613,0.1131,0.069466,0.099199,0.090582,0.095021,0.095634,0.10317,0.10054,0.12771,0.15553,0.09378,0.10191,0.096596,0.11161,0.10703,0.11176,0.096307,0.11709,0.093206,0.096193,0.18569,0.094929,0.10509,0.099725,0.10441,0.10302,0.10325,0.087231,0.10697,0.091538,0.10656,0.14014
0.15917,0.056101,0.059222,0.082925,0.091286,0.089684,0.095827,0,0.057856,0.065441,0.041816,0.052616,0.050648,0.060538,0.060679,0.05726,0.048498,0.095128,0.055421,0.11228,0.066655,0.067771,0.038408,0.10061,0.063254,0.047727,0.051875,0.062607,0.052815,0.057085,0.070328,0.12332,0.047644,0.074454,0.054619,0.050574,0.042232,0.052581,0.052304,0.046471,0.063907,0.071309,0.064826,0.11981,0.054569,0.053924,0.087828,0.046341,0.082633,0.12865,0.15581,0.04773,0.058207,0.067124,0.097651,0.047769,0.061014,0.075137,0.35692,0.071014,0.057759,0.047269,0.051158,0.050668,0.07562,0.089041,0.047419,0.086958,0.054308,0.068321,0.04998,0.050734,0.076944,0.040421,0.03818,0.069972,0.041259,0.07183,0.047021,0.065638,0.047833,0.093181,0.078486,0.047305,0.062109,0.090957,0.076614,0.057265,0.053302,0.045238,0.075085,0.08683,0.065898,0.058254,0.038675,0.049675,0.071315,0.09084,0.081974,0.04612,0.06143,0.051783,0.068652,0.075432,0.079342,0.054823,0.1543,0.075968,0.076135,0.10583,0.045674,0.050276,0.073802,0.112,0.050625,0.050932,0.064288,0.065711,0.04682,0.046938,0.034348,0.058614,0.059074,0.042021,0.079546,0.062577,0.05076,0.12856,0.045527,0.056263,0.11131,0.20588,0.071666,0.060418,0.074389,0.20581,0.074471,0.06175,0.052182,0.058257,0.051895,0.081938,0.05335,0.064941,0.053646,0.050378,0.046111,0.07697,0.057807,0.052117,0.051213,0.065821,0.038482,0.097725,0.076055,0.091511,0.065119,0.047201,0.047223,0.056215,0.06976,0.079521,0.081198,0.18457,0.038674,0.059457,0.071891,0.059186,0.064318,0.060422,0.049119,0.059364,0.057835,0.058222,0.15143,0.080278,0.053412,0.07569,0.093652,0.076256,0.067212,0.057981,0.051458,0.045066,0.049985,0.13443
0.15697,0.061388,0.060447,0.084972,0.092969,0.092345,0.095838,0.057856,0,0.073646,0.070304,0.030928,0.062705,0.081577,0.080627,0.064226,0.040188,0.10577,0.07446,0.11582,0.079609,0.068164,0.062136,0.11767,0.067813,0.052103,0.075564,0.081495,0.067165,0.080293,0.073736,0.13014,0.057591,0.086437,0.07725,0.063888,0.064035,0.060993,0.062576,0.065412,0.088339,0.09592,0.085638,0.1098,0.072561,0.071952,0.097616,0.053561,0.076714,0.1366,0.15058,0.052416,0.081953,0.083465,0.11631,0.053315,0.07916,0.061401,0.34426,0.088653,0.066967,0.071047,0.056106,0.076405,0.082014,0.094219,0.056004,0.096251,0.049161,0.080703,0.063398,0.068381,0.091087,0.068163,0.0559,0.081953,0.060386,0.079495,0.068721,0.096348,0.071446,0.12053,0.093479,0.050078,0.069437,0.11329,0.094848,0.068198,0.06617,0.085002,0.080403,0.08731,0.066359,0.066769,0.042058,0.041444,0.085162,0.1044,0.080331,0.065285,0.078726,0.064311,0.083353,0.073956,0.093664,0.074763,0.14711,0.074792,0.096371,0.097091,0.065693,0.068228,0.086401,0.13106,0.041689,0.058388,0.081774,0.07202,0.077939,0.06715,0.036805,0.065425,0.088666,0.067777,0.094931,0.073825,0.057847,0.14648,0.059819,0.063085,0.12172,0.22372,0.095548,0.079663,0.097564,0.22056,0.089725,0.080177,0.054902,0.051003,0.054812,0.10516,0.073713,0.055962,0.07633,0.042775,0.067537,0.088919,0.075324,0.063205,0.074518,0.061073,0.058735,0.093426,0.083946,0.091489,0.040599,0.068997,0.057231,0.068702,0.08523,0.089101,0.093501,0.18478,0.059582,0.067618,0.070301,0.074532,0.081423,0.083662,0.058179,0.076614,0.062166,0.069696,0.15957,0.09097,0.063062,0.083558,0.066564,0.088866,0.082573,0.063947,0.059381,0.051227,0.068292,0.12734
0.16317,0.077585,0.071404,0.096662,0.10292,0.11061,0.11421,0.065441,0.073646,0,0.071516,0.072417,0.061584,0.084213,0.069451,0.071282,0.072528,0.090321,0.073646,0.11864,0.067469,0.097481,0.063396,0.10671,0.09194,0.064773,0.06492,0.087207,0.067615,0.080577,0.078018,0.10968,0.078409,0.10457,0.072338,0.0691,0.072642,0.065842,0.065882,0.066542,0.088703,0.09079,0.078643,0.10847,0.073444,0.089521,0.10338,0.065715,0.097434,0.1209,0.17664,0.066641,0.064034,0.097234,0.09999,0.082221,0.089585,0.092021,0.35243,0.082539,0.073439,0.068541,0.049911,0.075614,0.060179,0.10023,0.063822,0.11059,0.08398,0.084233,0.071791,0.06713,0.066107,0.076912,0.067237,0.09294,0.059854,0.075054,0.067879,0.089065,0.066274,0.08353,0.079025,0.067845,0.068702,0.10395,0.084574,0.068812,0.079733,0.073558,0.08711,0.09618,0.085305,0.066668,0.057962,0.070412,0.088709,0.086717,0.088976,0.071738,0.082961,0.063663,0.082156,0.073516,0.10049,0.077296,0.15915,0.089846,0.09564,0.1194,0.06203,0.069297,0.08466,0.12961,0.080771,0.065312,0.081226,0.098359,0.075228,0.066969,0.063228,0.085348,0.07648,0.06512,0.088577,0.079942,0.068033,0.14647,0.052575,0.087648,0.1084,0.22598,0.09175,0.087728,0.092533,0.21423,0.088353,0.076886,0.071115,0.079667,0.065697,0.094234,0.067117,0.05661,0.073549,0.077097,0.064094,0.099669,0.073176,0.069526,0.071499,0.056203,0.076224,0.11459,0.080578,0.11513,0.076174,0.066122,0.064373,0.08308,0.079116,0.080518,0.085066,0.20206,0.063441,0.076789,0.089428,0.064285,0.087781,0.092369,0.064357,0.056654,0.06424,0.085633,0.1549,0.078959,0.053292,0.082978,0.10064,0.093978,0.082928,0.080042,0.066661,0.051688,0.063602,0.1483
0.17785,0.060139,0.06064,0.093188,0.098621,0.093734,0.099122,0.041816,0.070304,0.071516,0,0.069558,0.056879,0.052957,0.067591,0.053659,0.066991,0.092962,0.058271,0.12517,0.059803,0.078327,0.035993,0.10402,0.077706,0.067425,0.052804,0.05819,0.058777,0.064426,0.069013,0.11885,0.057223,0.084674,0.048477,0.057763,0.053441,0.051069,0.053689,0.058509,0.062046,0.081253,0.067529,0.12141,0.048192,0.053191,0.10858,0.053126,0.072446,0.12615,0.16154,0.061412,0.068579,0.065058,0.10686,0.053542,0.057684,0.08659,0.37648,0.080013,0.061593,0.053858,0.061972,0.047756,0.073046,0.093097,0.062387,0.079237,0.067337,0.0662,0.047479,0.058846,0.087675,0.050835,0.050744,0.077249,0.064699,0.066885,0.050865,0.073844,0.055905,0.097862,0.088326,0.073488,0.061856,0.090752,0.073385,0.045182,0.063595,0.053292,0.080338,0.081355,0.069619,0.072031,0.057451,0.058928,0.064773,0.088247,0.071258,0.060961,0.058838,0.067236,0.069313,0.086533,0.091116,0.052263,0.15111,0.088099,0.076095,0.10308,0.05036,0.058267,0.068352,0.11414,0.069731,0.051341,0.061135,0.063644,0.04455,0.057833,0.05534,0.069575,0.055619,0.05067,0.068547,0.082004,0.061039,0.12998,0.060557,0.060463,0.10997,0.21379,0.056666,0.053216,0.088996,0.20821,0.059819,0.066382,0.072481,0.07045,0.04935,0.087689,0.061672,0.06906,0.051567,0.067567,0.049469,0.076876,0.058787,0.064689,0.055621,0.058351,0.043234,0.11114,0.071689,0.10783,0.081362,0.050248,0.047711,0.058207,0.080519,0.08743,0.066015,0.19027,0.038726,0.067953,0.085596,0.06176,0.066575,0.053772,0.055242,0.061177,0.055919,0.062199,0.1641,0.079765,0.075527,0.07461,0.099211,0.076104,0.072039,0.054444,0.052692,0.058416,0.062362,0.12004
0.14731,0.061595,0.057957,0.066377,0.09642,0.087501,0.084235,0.052616,0.030928,0.072417,0.069558,0,0.053334,0.079233,0.083123,0.062756,0.038469,0.091475,0.074867,0.1033,0.08464,0.063189,0.056572,0.11848,0.054893,0.046311,0.076049,0.079717,0.075462,0.082091,0.067912,0.13207,0.051563,0.077087,0.076498,0.061032,0.064309,0.058516,0.068449,0.068869,0.093346,0.09667,0.077026,0.1115,0.072752,0.068007,0.0855,0.055054,0.085306,0.12682,0.14683,0.045483,0.074444,0.078888,0.11131,0.055773,0.080918,0.056361,0.33248,0.087149,0.068354,0.074489,0.051586,0.072409,0.080136,0.083673,0.058784,0.096871,0.039144,0.084702,0.061955,0.070599,0.084196,0.065306,0.050216,0.084867,0.053007,0.072255,0.062102,0.089564,0.068973,0.11848,0.10067,0.047218,0.070863,0.1134,0.094671,0.071037,0.051678,0.072955,0.080263,0.094588,0.068162,0.067525,0.039787,0.044508,0.086768,0.10959,0.084393,0.061949,0.079949,0.058358,0.082372,0.086467,0.084371,0.076449,0.14787,0.064001,0.098165,0.090665,0.058012,0.068155,0.087933,0.13144,0.034724,0.055832,0.081987,0.070899,0.082307,0.054728,0.035184,0.054776,0.091868,0.063123,0.098267,0.065234,0.058546,0.14376,0.060639,0.067198,0.11925,0.22504,0.095159,0.084654,0.096715,0.20075,0.094705,0.078692,0.040279,0.036511,0.057031,0.10668,0.076395,0.05649,0.076211,0.032237,0.060924,0.08161,0.074198,0.058134,0.073661,0.066934,0.058099,0.086557,0.092235,0.078615,0.039548,0.068173,0.056159,0.068919,0.083602,0.081895,0.096425,0.17592,0.057221,0.063083,0.057056,0.075544,0.077827,0.088812,0.046853,0.080265,0.060236,0.065476,0.15658,0.089087,0.057751,0.081407,0.069195,0.081716,0.08171,0.065908,0.054657,0.045209,0.067293,0.1357
0.16401,0.042823,0.06045,0.069565,0.10031,0.091132,0.088683,0.050648,0.062705,0.061584,0.056879,0.053334,0,0.063765,0.062951,0.050048,0.060627,0.089332,0.063526,0.10705,0.059012,0.073785,0.037162,0.10368,0.066271,0.05238,0.058438,0.058885,0.060326,0.062673,0.059583,0.097713,0.041101,0.063919,0.060718,0.040268,0.050573,0.03536,0.049742,0.048474,0.078685,0.075178,0.043556,0.10998,0.067227,0.066248,0.092847,0.049419,0.07835,0.11448,0.144,0.043677,0.064793,0.064489,0.087771,0.054029,0.069175,0.075685,0.3555,0.072778,0.058483,0.053852,0.054038,0.062988,0.069113,0.077593,0.045178,0.083159,0.061237,0.062502,0.052577,0.058233,0.07716,0.0496,0.044784,0.0691,0.050934,0.066246,0.031974,0.078372,0.049682,0.088763,0.090853,0.063462,0.058868,0.080152,0.077361,0.060178,0.056043,0.05471,0.063934,0.10392,0.053354,0.046907,0.050996,0.051649,0.078052,0.08381,0.057234,0.048077,0.068816,0.052441,0.075376,0.094894,0.086173,0.050425,0.14225,0.072357,0.090822,0.098924,0.041869,0.061894,0.067088,0.10525,0.05862,0.052153,0.05742,0.056712,0.06241,0.029428,0.050596,0.05851,0.074885,0.036625,0.082537,0.077462,0.059534,0.14343,0.050861,0.076362,0.087612,0.21363,0.071503,0.070362,0.086456,0.176,0.070797,0.066468,0.056537,0.062706,0.031774,0.081832,0.049892,0.054116,0.046498,0.056551,0.04022,0.088756,0.043699,0.053292,0.043832,0.048216,0.057025,0.08987,0.069206,0.093534,0.063568,0.047257,0.039461,0.057346,0.076613,0.066515,0.078603,0.18323,0.037662,0.064264,0.06841,0.055234,0.058851,0.071148,0.037105,0.067195,0.039148,0.054116,0.15743,0.080283,0.059866,0.079811,0.088882,0.067579,0.076394,0.051177,0.055027,0.037622,0.039573,0.1265
0.18935,0.062978,0.081223,0.095994,0.11042,0.10021,0.10632,0.060538,0.081577,0.084213,0.052957,0.079233,0.063765,0,0.062314,0.065579,0.072156,0.11548,0.073742,0.14002,0.061749,0.085294,0.046326,0.10815,0.078111,0.079515,0.056358,0.075689,0.069708,0.05178,0.086218,0.11392,0.059331,0.087358,0.051053,0.055052,0.065496,0.055571,0.061489,0.064924,0.077787,0.082915,0.060967,0.11642,0.065452,0.057643,0.11459,0.061459,0.072451,0.1295,0.16718,0.061703,0.08218,0.061641,0.11363,0.051469,0.059883,0.08895,0.37308,0.079405,0.076716,0.062992,0.067598,0.054142,0.090521,0.10388,0.065681,0.078949,0.076517,0.06539,0.055282,0.061198,0.097818,0.068727,0.050756,0.080345,0.0578,0.078233,0.06512,0.072374,0.057857,0.11075,0.08811,0.077928,0.066261,0.091969,0.070776,0.049901,0.071238,0.053731,0.077475,0.083902,0.068864,0.070783,0.063415,0.070288,0.076697,0.098252,0.074775,0.057797,0.058712,0.051255,0.058283,0.098183,0.091416,0.050357,0.14299,0.087423,0.064228,0.11227,0.05567,0.054402,0.059246,0.11199,0.075339,0.049684,0.060144,0.067226,0.049855,0.05348,0.062407,0.070178,0.06436,0.060136,0.089172,0.094467,0.067285,0.13678,0.057907,0.062557,0.11382,0.22081,0.048409,0.058379,0.094258,0.19957,0.077338,0.064544,0.080564,0.081464,0.058574,0.085866,0.062588,0.066513,0.047707,0.079044,0.06041,0.075968,0.056539,0.064344,0.054804,0.074229,0.053263,0.11748,0.075691,0.11975,0.079083,0.058801,0.054444,0.054551,0.097155,0.10791,0.063657,0.19247,0.047186,0.071245,0.088678,0.056458,0.053324,0.061841,0.060008,0.073315,0.060879,0.06202,0.16931,0.079774,0.072384,0.084709,0.098384,0.077921,0.082829,0.064283,0.056856,0.055693,0.061667,0.11777
0.19101,0.061589,0.088778,0.10764,0.097245,0.11721,0.11435,0.060679,0.080627,0.069451,0.067591,0.083123,0.062951,0.062314,0,0.059808,0.071406,0.1271,0.046653,0.14623,0.055099,0.098171,0.052361,0.080653,0.093717,0.075685,0.033922,0.067179,0.051149,0.040098,0.07712,0.11706,0.074374,0.09707,0.062015,0.058005,0.052936,0.053437,0.043262,0.046846,0.082871,0.073735,0.072835,0.12602,0.072986,0.078781,0.11065,0.077099,0.074737,0.13383,0.173,0.074828,0.074291,0.09019,0.11195,0.06633,0.068771,0.087966,0.38478,0.071716,0.061899,0.042692,0.063397,0.076344,0.064246,0.1072,0.047991,0.10842,0.090225,0.063692,0.057647,0.037887,0.080393,0.060618,0.058039,0.069292,0.052723,0.085391,0.061799,0.088127,0.053465,0.097562,0.059605,0.076438,0.058327,0.090377,0.073383,0.064909,0.088035,0.058787,0.073732,0.095705,0.068482,0.054805,0.06128,0.070093,0.077956,0.093225,0.078019,0.046528,0.077931,0.05448,0.073772,0.070091,0.10951,0.052785,0.15577,0.091714,0.078396,0.13824,0.058867,0.042418,0.071256,0.10012,0.082787,0.066104,0.074072,0.092511,0.050989,0.060839,0.06427,0.08036,0.050014,0.051535,0.074646,0.093147,0.052712,0.14743,0.039584,0.073773,0.11579,0.21745,0.077926,0.070464,0.081611,0.20758,0.078325,0.084471,0.080434,0.082634,0.062364,0.07686,0.04943,0.067813,0.056207,0.087187,0.055887,0.10255,0.059935,0.064114,0.052502,0.069112,0.061618,0.11707,0.05963,0.12951,0.077143,0.054965,0.053845,0.069038,0.071485,0.08852,0.067829,0.21535,0.046112,0.088171,0.097215,0.027908,0.066434,0.067219,0.0735,0.052702,0.055105,0.072516,0.16758,0.079936,0.073095,0.090655,0.11111,0.099432,0.059266,0.066385,0.061283,0.057509,0.052604,0.13956
0.17395,0.053918,0.062532,0.07934,0.088398,0.093341,0.081147,0.05726,0.064226,0.071282,0.053659,0.062756,0.050048,0.065579,0.059808,0,0.064481,0.088223,0.057006,0.12472,0.056743,0.080998,0.044074,0.10128,0.074659,0.063142,0.051925,0.05135,0.049153,0.053124,0.069677,0.10314,0.05495,0.067738,0.053495,0.042261,0.05252,0.042424,0.040193,0.048729,0.0706,0.078892,0.069408,0.11044,0.068978,0.072775,0.10878,0.057433,0.047681,0.11903,0.16124,0.059187,0.072895,0.084464,0.097831,0.05312,0.066434,0.080437,0.37048,0.070444,0.054763,0.048971,0.059965,0.058604,0.075386,0.086866,0.048909,0.094283,0.066596,0.064121,0.024888,0.061358,0.086273,0.04887,0.05085,0.061841,0.061132,0.075091,0.043538,0.078197,0.051499,0.097114,0.082557,0.065175,0.06558,0.098236,0.077836,0.050294,0.062497,0.068803,0.062767,0.098226,0.054661,0.053641,0.059049,0.066216,0.043396,0.095267,0.069857,0.057925,0.063001,0.066672,0.077985,0.088785,0.10004,0.045787,0.12989,0.080064,0.083648,0.11142,0.041168,0.048824,0.07133,0.10074,0.064683,0.050158,0.066285,0.070579,0.059825,0.056108,0.0544,0.06872,0.0622,0.046023,0.068765,0.083048,0.05291,0.15015,0.059192,0.064218,0.10441,0.21367,0.072254,0.06215,0.085581,0.19837,0.063582,0.069633,0.063711,0.068377,0.049547,0.097002,0.050147,0.069613,0.05008,0.066957,0.04912,0.088908,0.057093,0.057399,0.059234,0.061812,0.059777,0.087148,0.060815,0.099983,0.068637,0.045755,0.038841,0.061832,0.075177,0.078565,0.065941,0.18749,0.039751,0.076324,0.080157,0.057759,0.059922,0.063166,0.055508,0.062761,0.037648,0.06513,0.169,0.08208,0.072758,0.087939,0.099349,0.081334,0.054502,0.049757,0.059072,0.047377,0.06438,0.12677
0.16208,0.062491,0.060319,0.08378,0.090375,0.091769,0.098793,0.048498,0.040188,0.072528,0.066991,0.038469,0.060627,0.072156,0.071406,0.064481,0,0.11044,0.064198,0.11649,0.074347,0.062906,0.055256,0.10469,0.058996,0.055308,0.068549,0.079553,0.068519,0.073827,0.07817,0.13683,0.052001,0.087925,0.070808,0.060604,0.065404,0.056039,0.065522,0.064288,0.085552,0.095608,0.075449,0.10759,0.07017,0.062606,0.081656,0.055931,0.087608,0.12255,0.15658,0.050447,0.066302,0.082361,0.11699,0.045514,0.074281,0.063636,0.34748,0.077022,0.06479,0.065585,0.048151,0.067218,0.077868,0.093719,0.053996,0.09721,0.050093,0.079034,0.057684,0.052234,0.079746,0.062915,0.049181,0.08175,0.047611,0.074493,0.059237,0.084716,0.066384,0.11256,0.089385,0.050455,0.067666,0.11018,0.084069,0.067384,0.062345,0.071602,0.069845,0.080019,0.066781,0.0658,0.02922,0.04968,0.085542,0.10744,0.088045,0.054681,0.075278,0.056001,0.069081,0.073092,0.089826,0.069677,0.14092,0.069445,0.090759,0.10221,0.055785,0.063015,0.085385,0.13208,0.046077,0.055825,0.074266,0.075853,0.072061,0.053223,0.03704,0.056911,0.086409,0.058566,0.090432,0.070933,0.052656,0.1445,0.053455,0.05421,0.12484,0.22859,0.089386,0.07233,0.091094,0.2084,0.093345,0.075168,0.048155,0.049146,0.058666,0.098603,0.073328,0.058704,0.07196,0.044044,0.052215,0.080617,0.066854,0.057826,0.065158,0.062692,0.050588,0.098172,0.086938,0.098872,0.041283,0.068428,0.054228,0.058191,0.081625,0.095429,0.086513,0.18438,0.051736,0.058911,0.059298,0.064211,0.069581,0.07639,0.046385,0.073771,0.060614,0.065024,0.15285,0.083747,0.056307,0.091282,0.076211,0.08299,0.075279,0.063833,0.05003,0.045863,0.060694,0.13646
0.14587,0.10755,0.082793,0.077269,0.12046,0.10698,0.085181,0.095128,0.10577,0.090321,0.092962,0.091475,0.089332,0.11548,0.1271,0.088223,0.11044,0,0.11342,0.1009,0.11254,0.10355,0.094035,0.15524,0.0967,0.090249,0.11013,0.10278,0.10779,0.11598,0.10613,0.11926,0.094483,0.087541,0.10038,0.092321,0.1082,0.09689,0.10578,0.10914,0.10256,0.11438,0.10333,0.12479,0.10584,0.10919,0.1196,0.088659,0.11141,0.12701,0.17467,0.09162,0.098003,0.11051,0.10889,0.10801,0.10865,0.11799,0.3276,0.11043,0.10208,0.11163,0.095155,0.094126,0.11367,0.1097,0.1087,0.11827,0.096101,0.11533,0.095027,0.12192,0.10898,0.093363,0.093349,0.11946,0.099844,0.094547,0.08986,0.097849,0.096365,0.10581,0.13419,0.096043,0.11766,0.13132,0.11748,0.095501,0.0799,0.10349,0.10893,0.13654,0.1098,0.11057,0.10227,0.10868,0.0995,0.11593,0.11775,0.10859,0.10587,0.11013,0.11768,0.13024,0.11181,0.11,0.15435,0.10799,0.12519,0.1105,0.086006,0.10862,0.11288,0.15146,0.10122,0.088619,0.11162,0.09972,0.11269,0.098371,0.094228,0.10009,0.11106,0.097163,0.10932,0.095571,0.10554,0.15914,0.10741,0.11266,0.1236,0.21815,0.11057,0.11682,0.12627,0.2102,0.099607,0.1014,0.08611,0.093837,0.096264,0.13985,0.10664,0.10566,0.10439,0.093047,0.092034,0.11343,0.10657,0.09555,0.10922,0.10057,0.10368,0.099979,0.11355,0.080629,0.11372,0.090833,0.098552,0.10995,0.10822,0.095521,0.1201,0.16059,0.099455,0.099913,0.1005,0.11842,0.11586,0.11953,0.088711,0.10641,0.098608,0.10695,0.18161,0.10705,0.096107,0.10146,0.12462,0.099719,0.11247,0.099647,0.10416,0.089885,0.10808,0.16018
0.18086,0.057773,0.065092,0.10076,0.080396,0.11046,0.10845,0.055421,0.07446,0.073646,0.058271,0.074867,0.063526,0.073742,0.046653,0.057006,0.064198,0.11342,0,0.13058,0.066847,0.08992,0.049991,0.082484,0.087125,0.07472,0.040692,0.055477,0.059584,0.05919,0.064326,0.12602,0.068233,0.092441,0.067815,0.058571,0.05229,0.05191,0.052,0.052724,0.069224,0.085615,0.086674,0.13203,0.073181,0.068258,0.09771,0.075044,0.079333,0.12676,0.16162,0.077382,0.057419,0.088144,0.11169,0.064349,0.067958,0.080305,0.37817,0.07083,0.055904,0.047544,0.060167,0.062464,0.059219,0.098854,0.047647,0.096217,0.078314,0.074583,0.053471,0.042224,0.075986,0.050706,0.055745,0.076102,0.05721,0.082944,0.06049,0.090891,0.050974,0.097603,0.070851,0.07709,0.061792,0.10428,0.07153,0.071102,0.078864,0.060854,0.074161,0.096558,0.071848,0.061436,0.054301,0.06265,0.071472,0.09027,0.085436,0.047566,0.079194,0.063266,0.071779,0.061809,0.0968,0.057635,0.14506,0.086915,0.086463,0.12544,0.055444,0.061928,0.077082,0.11791,0.078124,0.058273,0.079275,0.088363,0.059219,0.0602,0.062627,0.070877,0.061263,0.043971,0.070265,0.08587,0.055464,0.1499,0.051727,0.0737,0.12049,0.22814,0.084121,0.07102,0.086765,0.21196,0.076676,0.082099,0.069416,0.066998,0.05707,0.09025,0.0577,0.062647,0.061159,0.075634,0.054826,0.10204,0.064689,0.058221,0.055022,0.071147,0.05482,0.1066,0.064088,0.11987,0.081392,0.056159,0.057524,0.073365,0.071649,0.07781,0.073283,0.20482,0.048492,0.07373,0.088049,0.039385,0.069456,0.070069,0.070129,0.060164,0.054339,0.060705,0.17391,0.078974,0.072994,0.089652,0.1142,0.091748,0.044836,0.059751,0.05496,0.057423,0.063459,0.1441
0.082054,0.1293,0.10126,0.084705,0.12422,0.1083,0.11704,0.11228,0.11582,0.11864,0.12517,0.1033,0.10705,0.14002,0.14623,0.12472,0.11649,0.1009,0.13058,0,0.14321,0.098271,0.12624,0.17569,0.091117,0.091075,0.13852,0.14111,0.13806,0.14641,0.10756,0.14402,0.10129,0.1004,0.13988,0.12134,0.12271,0.11543,0.13958,0.12979,0.11923,0.12353,0.12823,0.1241,0.13141,0.12354,0.10579,0.11257,0.14771,0.13757,0.1438,0.099812,0.12684,0.12095,0.12306,0.12274,0.12935,0.11066,0.2838,0.12509,0.13462,0.13953,0.10696,0.12,0.14044,0.10167,0.12177,0.13553,0.09641,0.15516,0.13245,0.14345,0.12856,0.11814,0.11832,0.15632,0.11123,0.10939,0.10467,0.1336,0.10987,0.13183,0.14978,0.099607,0.13062,0.16893,0.15365,0.13578,0.090809,0.12317,0.1388,0.15844,0.13551,0.12841,0.11258,0.12663,0.13778,0.13073,0.13152,0.12223,0.14197,0.12834,0.13727,0.14061,0.12258,0.14236,0.18212,0.084857,0.13257,0.11176,0.1206,0.13097,0.12991,0.17014,0.10423,0.10785,0.14462,0.12127,0.13893,0.11552,0.10848,0.086686,0.14533,0.12102,0.15258,0.077599,0.13604,0.15947,0.1249,0.1284,0.14791,0.23198,0.15171,0.15258,0.14503,0.19772,0.14419,0.12069,0.092335,0.10818,0.11847,0.14823,0.13476,0.11606,0.13263,0.092915,0.12063,0.11332,0.13861,0.11291,0.13135,0.13002,0.11581,0.11192,0.14841,0.07365,0.11809,0.13186,0.13166,0.13237,0.12996,0.11263,0.15424,0.13495,0.11783,0.10682,0.091569,0.13853,0.12025,0.15342,0.10754,0.14516,0.1263,0.11132,0.15427,0.13526,0.1049,0.1295,0.11096,0.10818,0.14375,0.13197,0.12017,0.1083,0.12752,0.18257
0.19269,0.06086,0.074136,0.10458,0.097664,0.11627,0.11229,0.066655,0.079609,0.067469,0.059803,0.08464,0.059012,0.061749,0.055099,0.056743,0.074347,0.11254,0.066847,0.14321,0,0.087845,0.054003,0.087761,0.099845,0.083761,0.054018,0.052664,0.04002,0.051387,0.08331,0.099381,0.067161,0.096351,0.056861,0.049762,0.058719,0.05327,0.042698,0.04327,0.076712,0.082609,0.060536,0.1036,0.066189,0.086023,0.12051,0.060722,0.069696,0.11741,0.18077,0.072813,0.07562,0.078036,0.10577,0.05289,0.07295,0.098073,0.38412,0.059041,0.051357,0.040994,0.065492,0.066116,0.065238,0.10553,0.053879,0.083984,0.088289,0.051439,0.057353,0.052158,0.09104,0.056634,0.054162,0.068606,0.06882,0.084015,0.054594,0.087136,0.053358,0.078718,0.086751,0.081961,0.059934,0.071459,0.074602,0.050739,0.084755,0.066648,0.059912,0.091036,0.052301,0.052697,0.060487,0.068836,0.080425,0.078962,0.067792,0.056864,0.069625,0.061445,0.060034,0.089853,0.1021,0.048273,0.13497,0.097437,0.082845,0.13019,0.055875,0.057584,0.07897,0.11341,0.087386,0.065714,0.046794,0.072305,0.045796,0.061719,0.069379,0.088783,0.062112,0.057622,0.067418,0.10038,0.055232,0.15956,0.057942,0.070199,0.10021,0.22525,0.055875,0.061781,0.079215,0.20816,0.05099,0.064154,0.086031,0.086369,0.049904,0.08395,0.040471,0.063744,0.040341,0.088068,0.048461,0.098037,0.044745,0.068288,0.046823,0.048614,0.067811,0.11176,0.057442,0.12639,0.079111,0.043668,0.047471,0.067987,0.084255,0.092783,0.061444,0.21291,0.044567,0.072338,0.10304,0.051355,0.067221,0.056079,0.065043,0.049689,0.051805,0.083879,0.1731,0.07742,0.072106,0.10021,0.11056,0.092596,0.069052,0.050663,0.064894,0.05781,0.052336,0.12009
0.14752,0.070205,0.067402,0.072262,0.10369,0.084926,0.10092,0.067771,0.068164,0.097481,0.078327,0.063189,0.073785,0.085294,0.098171,0.080998,0.062906,0.10355,0.08992,0.098271,0.087845,0,0.076878,0.12137,0.062647,0.069475,0.092206,0.088765,0.08436,0.0942,0.087239,0.12878,0.059125,0.079218,0.084401,0.069359,0.079706,0.063939,0.088706,0.081993,0.079426,0.084511,0.085632,0.091337,0.085391,0.083005,0.091438,0.060146,0.097711,0.12473,0.15503,0.054807,0.10095,0.076007,0.13193,0.063988,0.071171,0.069703,0.33984,0.084052,0.081675,0.09062,0.074188,0.085148,0.10002,0.088659,0.081239,0.082641,0.065366,0.095376,0.080798,0.090146,0.10425,0.068235,0.063931,0.10993,0.073681,0.087426,0.065546,0.089599,0.067803,0.11014,0.11115,0.070016,0.077436,0.11351,0.1087,0.075367,0.055784,0.084451,0.082332,0.10665,0.065897,0.087973,0.062153,0.07951,0.098762,0.10717,0.09647,0.072372,0.089824,0.079594,0.082595,0.10453,0.080722,0.091078,0.13636,0.064286,0.089239,0.10022,0.075379,0.077429,0.084708,0.14737,0.06215,0.066998,0.091725,0.069574,0.083344,0.072574,0.061933,0.061476,0.10309,0.078034,0.10027,0.079923,0.082702,0.15583,0.077727,0.058909,0.13959,0.22385,0.097153,0.094026,0.097536,0.20044,0.084694,0.082592,0.060496,0.060753,0.070766,0.11071,0.088415,0.080786,0.083721,0.056078,0.067974,0.077008,0.084189,0.074337,0.081207,0.081643,0.057514,0.092429,0.099425,0.075616,0.065039,0.082741,0.077317,0.080544,0.095756,0.10636,0.095663,0.16035,0.064917,0.062964,0.073764,0.090752,0.077945,0.091007,0.05705,0.091444,0.082398,0.08055,0.15749,0.10259,0.079381,0.096092,0.083648,0.079051,0.10117,0.080769,0.069852,0.065559,0.080983,0.14256
0.18039,0.039596,0.059503,0.085448,0.098996,0.086577,0.094897,0.038408,0.062136,0.063396,0.035993,0.056572,0.037162,0.046326,0.052361,0.044074,0.055256,0.094035,0.049991,0.12624,0.054003,0.076878,0,0.091786,0.067993,0.061792,0.040643,0.049178,0.051743,0.049214,0.06773,0.1107,0.046685,0.075796,0.037231,0.037705,0.044,0.034931,0.037943,0.044848,0.066692,0.0733,0.050345,0.11937,0.051452,0.050507,0.1015,0.046356,0.069676,0.11899,0.16077,0.047537,0.06017,0.061018,0.097298,0.046457,0.051645,0.081022,0.37157,0.06945,0.050022,0.039979,0.051928,0.049886,0.063579,0.087931,0.045759,0.079187,0.064246,0.047598,0.036622,0.041597,0.082308,0.044101,0.034584,0.058582,0.048263,0.066403,0.042888,0.067894,0.046028,0.095967,0.075357,0.066624,0.056368,0.077852,0.057222,0.04302,0.060163,0.046979,0.062815,0.080643,0.051129,0.052219,0.046936,0.042898,0.064784,0.09088,0.065851,0.041657,0.05142,0.048829,0.06405,0.084122,0.083938,0.033251,0.1444,0.085299,0.077518,0.097652,0.031836,0.050956,0.05626,0.10847,0.061221,0.045442,0.051176,0.058137,0.046516,0.033791,0.043628,0.061874,0.056712,0.030398,0.065404,0.083357,0.047929,0.13732,0.04268,0.060131,0.09725,0.21929,0.055593,0.046406,0.084376,0.19412,0.062166,0.061269,0.062724,0.058666,0.037297,0.076045,0.044949,0.057328,0.040648,0.062426,0.033177,0.082582,0.040572,0.045173,0.035403,0.051549,0.04246,0.099403,0.062724,0.10681,0.070563,0.035521,0.02719,0.043057,0.074034,0.079162,0.06284,0.19006,0.027203,0.063367,0.073971,0.041097,0.059319,0.048181,0.041243,0.051531,0.03809,0.050048,0.16179,0.071269,0.061869,0.072666,0.096358,0.064426,0.061811,0.042902,0.042301,0.039707,0.040276,0.11868
0.23004,0.096096,0.099592,0.14349,0.12779,0.14613,0.15932,0.10061,0.11767,0.10671,0.10402,0.11848,0.10368,0.10815,0.080653,0.10128,0.10469,0.15524,0.082484,0.17569,0.087761,0.12137,0.091786,0,0.14036,0.12626,0.079874,0.090923,0.085696,0.092132,0.10766,0.16094,0.10604,0.14404,0.088486,0.089035,0.089394,0.089046,0.087434,0.077353,0.10211,0.11217,0.10649,0.14414,0.089716,0.11972,0.14944,0.11147,0.11654,0.12834,0.20338,0.1172,0.10871,0.11017,0.14936,0.10265,0.098571,0.12575,0.41365,0.099623,0.089738,0.076347,0.098302,0.11524,0.072002,0.12186,0.081988,0.11712,0.12305,0.086094,0.094644,0.072586,0.10861,0.08904,0.098385,0.097608,0.10673,0.12084,0.10274,0.13014,0.089471,0.12502,0.093704,0.12628,0.083989,0.10076,0.099167,0.093221,0.12829,0.091948,0.10755,0.11898,0.095429,0.080795,0.094901,0.10486,0.1129,0.12844,0.1088,0.078436,0.0998,0.098886,0.087799,0.11172,0.13102,0.091108,0.17469,0.12713,0.10546,0.16335,0.10543,0.099803,0.10752,0.15798,0.12684,0.11372,0.092887,0.12074,0.095624,0.094958,0.11377,0.12374,0.098038,0.091398,0.10084,0.13995,0.092747,0.17872,0.093374,0.10505,0.15023,0.24303,0.11153,0.097351,0.09745,0.21574,0.10196,0.11325,0.12218,0.11603,0.097225,0.09658,0.084808,0.10129,0.089784,0.11895,0.095313,0.12886,0.086357,0.10354,0.082514,0.10131,0.095169,0.14857,0.10485,0.16659,0.11496,0.094559,0.084768,0.10002,0.12085,0.13803,0.078457,0.25372,0.08834,0.11281,0.13726,0.079329,0.098467,0.08969,0.10055,0.079116,0.089752,0.11145,0.20167,0.12167,0.10362,0.12908,0.15137,0.12433,0.078561,0.091998,0.092283,0.1005,0.093625,0.16336
0.13771,0.073789,0.079617,0.065642,0.10522,0.064447,0.086589,0.063254,0.067813,0.09194,0.077706,0.054893,0.066271,0.078111,0.093717,0.074659,0.058996,0.0967,0.087125,0.091117,0.099845,0.062647,0.067993,0.14036,0,0.054033,0.091118,0.096085,0.093543,0.090093,0.085537,0.12191,0.058155,0.06148,0.083438,0.073614,0.079763,0.068122,0.08866,0.088408,0.087835,0.0851,0.080984,0.11438,0.09374,0.068484,0.086858,0.065361,0.097499,0.12901,0.15153,0.042021,0.08759,0.085677,0.11189,0.067371,0.075907,0.070583,0.32796,0.088291,0.093537,0.091771,0.066325,0.072906,0.10779,0.096399,0.080866,0.10291,0.058463,0.10072,0.075725,0.08792,0.10163,0.076645,0.063105,0.10242,0.058284,0.077626,0.063108,0.075985,0.072909,0.11825,0.10489,0.055969,0.093369,0.12591,0.10019,0.084569,0.050472,0.085129,0.085593,0.10508,0.080704,0.089729,0.065986,0.075272,0.090774,0.11501,0.099205,0.076821,0.087249,0.075853,0.09546,0.10127,0.092966,0.085608,0.14458,0.066229,0.090655,0.080021,0.064489,0.074169,0.079436,0.12771,0.050547,0.059182,0.097015,0.076558,0.090224,0.06324,0.047143,0.037146,0.1006,0.07172,0.1012,0.065816,0.084591,0.1442,0.075222,0.070775,0.12295,0.22455,0.10005,0.090097,0.11307,0.19103,0.10409,0.08541,0.053566,0.061218,0.07664,0.10458,0.090342,0.081745,0.08872,0.056305,0.066209,0.077852,0.088856,0.062879,0.081702,0.090086,0.065104,0.084466,0.098818,0.074551,0.071051,0.084781,0.078658,0.07086,0.089023,0.093567,0.10532,0.13918,0.067119,0.076018,0.034678,0.086284,0.074682,0.094349,0.058334,0.10084,0.080388,0.060124,0.13579,0.090788,0.075904,0.090272,0.07306,0.066456,0.10048,0.085241,0.067206,0.060692,0.077691,0.14404
