0,0.10063,0.090124,0.093846,0.091839,0.097063,0.099238,0.091034,0.092121,0.082425,0.082174,0.079346,0.11092,0.097266,0.11288,0.092101,0.095522,0.11156,0.16239,0.043942,0.088056,0.12267,0.085214,0.11244,0.07316,0.08048,0.1057,0.12197,0.11908,0.084965,0.098021,0.11894,0.088125,0.074361,0.091413,0.093354,0.093739,0.12349,0.091726,0.1094,0.093974,0.091977,0.094963,0.091774,0.10636,0.20958,0.10374,0.085822,0.0912,0.11743,0.12441,0.094942,0.099378,0.082405,0.067936,0.085187,0.092755,0.091278,0.048465,0.10713,0.090313,0.10864,0.088074,0.080571,0.1156,0.08562,0.10488,0.1304,0.081251,0.085269,0.10212,0.097255,0.097826,0.098463,0.19852,0.098078,0.092222,0.082788,0.077324,0.092194,0.096276,0.084611,0.095459,0.091724,0.091744,0.088375,0.13358,0.10641,0.10646,0.1033,0.10982,0.093096,0.083679,0.11202,0.08248,0.081964,0.092656,0.092572,0.095903,0.10947,0.098225,0.097237,0.08828,0.095539,0.098402,0.085903,0.14304,0.087589,0.10466,0.10397,0.10969,0.093189,0.097137,0.077422,0.087428,0.088965,0.099919,0.086022,0.089739,0.093463,0.091666,0.072799,0.10311,0.093359,0.099652,0.051184,0.098643,0.096523,0.091767,0.086602,0.067487,0.091212,0.096667,0.085011,0.10504,0.08894,0.11166,0.10175,0.092791,0.09225,0.12287,0.093362,0.11047,0.090601,0.09207,0.091524,0.1108,0.096811,0.11326,0.086212,0.097346,0.15153,0.10052,0.12829,0.084776,0.090298,0.10381,0.11374,0.11596,0.095636,0.10134,0.089765,0.10635,0.093822,0.084437,0.10828,0.09167,0.10788,0.093245,0.084104,0.10246,0.10053,0.090331,0.10102,0.061371,0.098675,0.094542,0.091199,0.081586,0.076004,0.13635,0.10112,0.072802,0.077478,0.097554,0.096874
0.10063,0,0.053388,0.070033,0.060276,0.065825,0.084888,0.066011,0.050356,0.062277,0.062543,0.054889,0.070667,0.072322,0.061233,0.061614,0.060974,0.12332,0.12077,0.086645,0.092479,0.11771,0.05995,0.066288,0.066889,0.05163,0.066193,0.069182,0.085855,0.055785,0.053635,0.10794,0.064125,0.091271,0.063318,0.06084,0.060681,0.094022,0.067769,0.062993,0.064768,0.059231,0.070888,0.069809,0.0841,0.18005,0.084422,0.06111,0.061203,0.090471,0.11345,0.060276,0.064721,0.068225,0.084356,0.061416,0.079487,0.059207,0.080484,0.086737,0.075517,0.066559,0.061301,0.064236,0.089095,0.054338,0.067864,0.098917,0.065246,0.068067,0.066253,0.06473,0.087506,0.066259,0.18483,0.064262,0.044553,0.062916,0.061496,0.092386,0.07788,0.078157,0.0756,0.07467,0.064197,0.064469,0.09775,0.081588,0.059124,0.067672,0.063255,0.067854,0.080692,0.066271,0.060232,0.064155,0.065766,0.053101,0.079263,0.059169,0.077215,0.08295,0.066789,0.066644,0.071674,0.07285,0.10359,0.052482,0.089119,0.1184,0.054346,0.061855,0.071304,0.10395,0.055861,0.064786,0.071015,0.061608,0.064077,0.053233,0.076007,0.058512,0.063243,0.064888,0.065752,0.076264,0.1078,0.082446,0.07683,0.054153,0.096286,0.052315,0.078528,0.067557,0.072485,0.067791,0.085065,0.055279,0.059391,0.070047,0.089185,0.091347,0.069595,0.071997,0.056925,0.058501,0.07355,0.06732,0.07497,0.064363,0.060468,0.12831,0.075121,0.13078,0.074735,0.052852,0.061533,0.079384,0.07839,0.07025,0.0837,0.093399,0.078397,0.084642,0.051399,0.061441,0.070831,0.062329,0.066781,0.059042,0.057049,0.066492,0.06808,0.068375,0.10082,0.060903,0.078013,0.084984,0.091177,0.066635,0.10915,0.085273,0.05851,0.06439,0.056548,0.090265
0.090124,0.053388,0,0.040098,0.037148,0.052674,0.060414,0.051781,0.030909,0.036727,0.042539,0.043422,0.052434,0.061595,0.067396,0.031601,0.053322,0.114,0.13051,0.073783,0.059732,0.1008,0.03594,0.075357,0.051574,0.03393,0.057539,0.052935,0.068928,0.042066,0.044206,0.086545,0.04737,0.075167,0.034847,0.035806,0.034353,0.087811,0.040392,0.040299,0.040721,0.039652,0.054639,0.064548,0.064183,0.1731,0.070103,0.045459,0.044688,0.085768,0.12017,0.038019,0.046888,0.0867,0.067872,0.039059,0.047265,0.036935,0.064126,0.063742,0.049492,0.04095,0.034888,0.042078,0.064748,0.046133,0.042651,0.090585,0.037761,0.052149,0.037808,0.038803,0.06969,0.043284,0.18846,0.031699,0.037137,0.039041,0.031741,0.064286,0.048083,0.06214,0.045795,0.047103,0.047236,0.041024,0.081345,0.055671,0.04372,0.050544,0.048924,0.059353,0.047275,0.047504,0.033704,0.040569,0.043193,0.039289,0.059347,0.046027,0.045895,0.058153,0.037528,0.053583,0.066973,0.05713,0.10208,0.037707,0.076057,0.11016,0.053213,0.031374,0.052492,0.083001,0.036782,0.049612,0.051411,0.035185,0.048137,0.035081,0.059115,0.0474,0.051439,0.042615,0.045292,0.056565,0.099208,0.055938,0.058674,0.042249,0.075857,0.033851,0.053361,0.045395,0.059292,0.044985,0.076805,0.061836,0.036191,0.043407,0.085929,0.066616,0.045398,0.048758,0.047578,0.046758,0.067525,0.044372,0.048539,0.036687,0.059775,0.12045,0.050181,0.1208,0.040724,0.065222,0.041127,0.053507,0.074239,0.047468,0.052246,0.076689,0.067164,0.096291,0.034461,0.063954,0.065268,0.058109,0.048347,0.036814,0.041899,0.051196,0.058441,0.041829,0.10724,0.052952,0.059661,0.070622,0.067891,0.056734,0.099015,0.054335,0.045537,0.044233,0.039459,0.073
0.093846,0.070033,0.040098,0,0.045519,0.055849,0.055101,0.068788,0.035552,0.044657,0.051411,0.050576,0.054009,0.066345,0.070117,0.045597,0.045536,0.11262,0.13559,0.07699,0.076608,0.082081,0.04226,0.079833,0.049517,0.046853,0.06296,0.060438,0.065851,0.040861,0.037259,0.099375,0.048608,0.085197,0.047378,0.046791,0.038714,0.085272,0.053794,0.048651,0.050193,0.054731,0.05919,0.064276,0.071504,0.17746,0.057441,0.05456,0.048273,0.09656,0.12548,0.040332,0.067146,0.088048,0.079197,0.038965,0.05424,0.050544,0.067251,0.065848,0.046731,0.047028,0.035264,0.0505,0.078343,0.045859,0.047405,0.098631,0.043998,0.053266,0.052084,0.040479,0.062961,0.052807,0.18723,0.037828,0.046271,0.052222,0.039697,0.070523,0.047214,0.075844,0.050607,0.063173,0.050851,0.055642,0.081683,0.071197,0.040342,0.063015,0.058279,0.074564,0.060115,0.050388,0.04621,0.052363,0.052642,0.059371,0.065419,0.056442,0.053139,0.057558,0.055371,0.049771,0.074436,0.053718,0.11412,0.034331,0.074367,0.10513,0.061013,0.042518,0.043053,0.084265,0.042454,0.054356,0.055876,0.045687,0.048335,0.036218,0.066247,0.047626,0.058819,0.038091,0.051431,0.064002,0.093998,0.065942,0.055251,0.053341,0.084883,0.054755,0.065589,0.054697,0.067947,0.035947,0.10078,0.072509,0.032067,0.035006,0.090912,0.082985,0.055556,0.055822,0.047638,0.040265,0.069228,0.044903,0.053132,0.047056,0.067735,0.10444,0.057288,0.11726,0.050903,0.075175,0.054701,0.067656,0.064572,0.041164,0.047547,0.079968,0.077069,0.099972,0.030944,0.070846,0.055349,0.055593,0.05119,0.05251,0.038676,0.057524,0.05698,0.051833,0.10579,0.068383,0.046112,0.070924,0.073442,0.068464,0.10174,0.062463,0.048861,0.039442,0.0417,0.076084
0.091839,0.060276,0.037148,0.045519,0,0.04348,0.0777,0.051338,0.041553,0.039792,0.047405,0.060993,0.051233,0.055312,0.073498,0.036902,0.057013,0.12368,0.13422,0.072277,0.079084,0.11104,0.042517,0.065846,0.046724,0.046466,0.060495,0.058563,0.07425,0.053557,0.046902,0.0953,0.042931,0.081293,0.0505,0.037429,0.036488,0.081327,0.047077,0.047257,0.044106,0.04923,0.05377,0.068244,0.064237,0.17412,0.062288,0.04517,0.052303,0.089654,0.10941,0.042382,0.056974,0.088213,0.064996,0.043912,0.048033,0.054258,0.067474,0.055278,0.053629,0.04484,0.034667,0.050021,0.065571,0.047024,0.044587,0.10329,0.044438,0.043128,0.050017,0.049955,0.071659,0.056582,0.18737,0.042173,0.048155,0.041777,0.039458,0.068087,0.04624,0.057021,0.05289,0.045718,0.059531,0.049135,0.089588,0.06947,0.057524,0.059339,0.054874,0.062241,0.054077,0.050425,0.044659,0.047914,0.035711,0.053253,0.05864,0.051584,0.047421,0.063947,0.05092,0.055152,0.078425,0.05297,0.1091,0.04147,0.078658,0.1034,0.064615,0.033226,0.052554,0.0845,0.046123,0.04485,0.051558,0.044693,0.040282,0.031709,0.068818,0.044719,0.059392,0.039992,0.048191,0.066005,0.092234,0.058183,0.056582,0.043147,0.070431,0.042461,0.047492,0.061894,0.079559,0.04558,0.090022,0.070684,0.047011,0.05397,0.085445,0.073538,0.048237,0.046807,0.052294,0.055933,0.070471,0.057162,0.054395,0.038646,0.064525,0.11818,0.063547,0.10672,0.044784,0.074828,0.050758,0.057018,0.069365,0.046697,0.060048,0.084364,0.067812,0.093214,0.042034,0.078054,0.070416,0.066073,0.049948,0.045771,0.042682,0.058903,0.059546,0.041235,0.10917,0.064748,0.053259,0.069206,0.057963,0.057055,0.1005,0.059533,0.053901,0.0419,0.049097,0.067825
0.097063,0.065825,0.052674,0.055849,0.04348,0,0.06863,0.052171,0.05402,0.047204,0.06062,0.063996,0.065948,0.065642,0.075551,0.041419,0.059085,0.11277,0.11997,0.085465,0.076176,0.10838,0.059936,0.07112,0.045292,0.047181,0.059934,0.05243,0.073063,0.050549,0.046578,0.10008,0.055677,0.078089,0.045457,0.045204,0.04771,0.079889,0.048434,0.049572,0.044114,0.045604,0.063632,0.044248,0.054824,0.16586,0.072308,0.048754,0.046921,0.081177,0.11342,0.056837,0.058067,0.08952,0.070302,0.053282,0.045289,0.053973,0.074388,0.053945,0.049713,0.047009,0.045897,0.059529,0.068655,0.054399,0.050099,0.098452,0.04516,0.044012,0.049132,0.051173,0.072719,0.055513,0.17358,0.046062,0.048528,0.046216,0.052144,0.07944,0.04494,0.051484,0.046436,0.061249,0.051396,0.049922,0.080438,0.066906,0.054943,0.059573,0.064657,0.062114,0.058009,0.053434,0.050089,0.043715,0.042903,0.065223,0.053392,0.062131,0.041009,0.064145,0.049058,0.061048,0.089477,0.059868,0.11304,0.050594,0.094929,0.089662,0.066918,0.046683,0.062117,0.086702,0.055148,0.038562,0.047804,0.058972,0.038438,0.046563,0.066258,0.05039,0.053683,0.042279,0.048375,0.069584,0.096379,0.048946,0.057765,0.053427,0.07947,0.046732,0.0482,0.056216,0.088533,0.05067,0.0935,0.080572,0.050828,0.057096,0.072776,0.083526,0.042977,0.055206,0.048447,0.054298,0.067394,0.053038,0.059125,0.04128,0.069317,0.1253,0.06702,0.10019,0.049247,0.077122,0.062268,0.05563,0.074713,0.04462,0.064133,0.077671,0.067327,0.084668,0.047962,0.079927,0.064816,0.071554,0.040791,0.040572,0.055612,0.054112,0.074725,0.048867,0.10625,0.063493,0.05626,0.068056,0.0584,0.04972,0.10241,0.050843,0.050172,0.049853,0.052133,0.074538
0.099238,0.084888,0.060414,0.055101,0.0777,0.06863,0,0.079204,0.065824,0.064959,0.062564,0.058081,0.083651,0.089362,0.091348,0.064744,0.074567,0.10692,0.1486,0.088208,0.08014,0.10147,0.073411,0.10228,0.070677,0.058126,0.078561,0.074354,0.073248,0.049049,0.070275,0.088529,0.076924,0.096695,0.050511,0.066996,0.063029,0.099774,0.068887,0.062079,0.066558,0.065873,0.081266,0.057834,0.080235,0.18574,0.086023,0.076751,0.06859,0.086639,0.13472,0.05817,0.071434,0.10623,0.0871,0.057191,0.071509,0.057844,0.078341,0.08923,0.062768,0.063518,0.058192,0.067672,0.086103,0.069768,0.066382,0.1081,0.056598,0.072534,0.071151,0.063859,0.073942,0.06939,0.20282,0.058841,0.056789,0.073952,0.06692,0.084254,0.061756,0.080605,0.062875,0.078477,0.046355,0.060365,0.077892,0.074544,0.058483,0.073924,0.074501,0.090085,0.063555,0.066111,0.065001,0.062609,0.07409,0.076942,0.076873,0.071865,0.060636,0.06177,0.065971,0.064411,0.095083,0.068646,0.13017,0.059812,0.09656,0.10154,0.073657,0.0712,0.073782,0.098213,0.067631,0.066408,0.068682,0.071076,0.071314,0.067274,0.068631,0.071812,0.079221,0.064115,0.064197,0.072253,0.10289,0.07338,0.076711,0.058775,0.090845,0.070076,0.080573,0.060801,0.073869,0.06475,0.096069,0.085285,0.055668,0.052273,0.087169,0.10735,0.066222,0.075861,0.069877,0.058874,0.085439,0.066136,0.07176,0.056732,0.08011,0.12954,0.057046,0.12333,0.070235,0.089786,0.07009,0.076951,0.087271,0.063405,0.069585,0.090933,0.082949,0.11362,0.061146,0.077552,0.076483,0.079548,0.062812,0.061385,0.07527,0.0588,0.078858,0.069761,0.1043,0.076233,0.067559,0.074037,0.07624,0.074497,0.11217,0.062763,0.063375,0.061494,0.065735,0.087427
0.091034,0.066011,0.051781,0.068788,0.051338,0.052171,0.079204,0,0.056888,0.051833,0.061397,0.061147,0.057564,0.074654,0.064855,0.034665,0.071373,0.1026,0.12124,0.083697,0.06786,0.11919,0.062356,0.07619,0.056717,0.05143,0.051068,0.063233,0.068496,0.049877,0.061339,0.097585,0.047984,0.075544,0.054816,0.052562,0.046357,0.081591,0.039988,0.057171,0.034194,0.054242,0.05642,0.064171,0.074962,0.17514,0.081931,0.040639,0.05919,0.07422,0.12696,0.058509,0.056743,0.087111,0.067971,0.055037,0.051692,0.063587,0.069338,0.055881,0.046437,0.057905,0.050991,0.048155,0.061616,0.059333,0.063954,0.10746,0.057794,0.046576,0.052908,0.047739,0.090457,0.053059,0.18148,0.046834,0.052066,0.057628,0.044419,0.066889,0.047574,0.042112,0.059793,0.052656,0.050382,0.038016,0.092651,0.061289,0.062056,0.065736,0.059074,0.063187,0.050008,0.069222,0.053509,0.042691,0.051288,0.052943,0.03284,0.06128,0.052013,0.063847,0.047293,0.059319,0.075371,0.058847,0.099231,0.061149,0.078725,0.087057,0.065472,0.043267,0.074596,0.082403,0.053087,0.047933,0.056577,0.050628,0.050998,0.053345,0.058861,0.05789,0.049873,0.047071,0.041928,0.074411,0.092594,0.065249,0.059717,0.063194,0.074144,0.055785,0.048985,0.048155,0.081953,0.053066,0.074851,0.067221,0.052334,0.063783,0.077866,0.062352,0.047571,0.057023,0.055794,0.063375,0.055504,0.06553,0.051857,0.045883,0.059587,0.14242,0.062755,0.11619,0.048953,0.079142,0.05596,0.056199,0.091631,0.063113,0.062641,0.090721,0.065164,0.10537,0.053986,0.076129,0.078295,0.065287,0.03892,0.047366,0.059412,0.064062,0.083437,0.049212,0.11235,0.060674,0.07034,0.081086,0.065971,0.061729,0.089748,0.054064,0.047345,0.049132,0.05309,0.063858
0.092121,0.050356,0.030909,0.035552,0.041553,0.05402,0.065824,0.056888,0,0.033827,0.041491,0.037048,0.043685,0.058876,0.059604,0.035956,0.034221,0.11719,0.12852,0.074545,0.07003,0.088822,0.03074,0.0651,0.046226,0.040262,0.054441,0.054549,0.068279,0.035365,0.025798,0.10145,0.044989,0.074915,0.0437,0.035809,0.033379,0.082562,0.039857,0.04441,0.041821,0.046343,0.058623,0.062588,0.064208,0.17841,0.057627,0.044063,0.046543,0.090706,0.12822,0.033241,0.050155,0.081795,0.075782,0.034895,0.051297,0.041939,0.060489,0.061041,0.044175,0.043775,0.03156,0.042212,0.082172,0.03844,0.04246,0.094088,0.037862,0.046537,0.040143,0.038606,0.067097,0.047177,0.18562,0.036899,0.032885,0.044106,0.036744,0.056731,0.051158,0.066799,0.047595,0.057615,0.040958,0.053479,0.090515,0.068185,0.036671,0.046957,0.04683,0.056734,0.057001,0.049134,0.028775,0.044079,0.045899,0.047306,0.060085,0.038793,0.050468,0.052924,0.047254,0.049436,0.064425,0.059979,0.10403,0.030036,0.071391,0.1036,0.050857,0.033397,0.038722,0.089058,0.022923,0.044543,0.058099,0.03494,0.040211,0.020615,0.052982,0.041886,0.052048,0.032652,0.051458,0.058556,0.093832,0.062415,0.051976,0.043295,0.084677,0.036927,0.053921,0.048108,0.053152,0.035504,0.096229,0.053918,0.02753,0.035437,0.086874,0.070622,0.049958,0.041558,0.035972,0.030775,0.062081,0.047821,0.044617,0.045487,0.056147,0.10717,0.055405,0.12231,0.047855,0.059472,0.04492,0.056751,0.060102,0.050789,0.055655,0.075218,0.066689,0.098912,0.026244,0.058365,0.050375,0.046667,0.046434,0.042702,0.025063,0.060943,0.049801,0.049086,0.10555,0.061049,0.056603,0.070777,0.0751,0.062273,0.089483,0.06003,0.046777,0.040962,0.027796,0.082715
0.082425,0.062277,0.036727,0.044657,0.039792,0.047204,0.064959,0.051833,0.033827,0,0.04673,0.043328,0.051226,0.06199,0.076638,0.037876,0.048355,0.11376,0.13272,0.065742,0.063433,0.091646,0.044113,0.072766,0.038627,0.042586,0.069603,0.070944,0.078491,0.042088,0.040571,0.096526,0.039143,0.076783,0.045552,0.036824,0.039675,0.085924,0.038653,0.055841,0.043789,0.046209,0.063995,0.060575,0.059093,0.17912,0.060399,0.049817,0.050908,0.08448,0.12194,0.047766,0.050486,0.089994,0.069957,0.043707,0.045972,0.041586,0.059714,0.06497,0.045282,0.05725,0.030092,0.046387,0.078094,0.050501,0.054877,0.10694,0.033055,0.048834,0.052391,0.050364,0.065262,0.056836,0.17928,0.048192,0.034562,0.044342,0.038202,0.060131,0.048098,0.059535,0.048753,0.055775,0.045821,0.048976,0.10004,0.066386,0.055175,0.053945,0.053688,0.056365,0.050596,0.061922,0.041304,0.041654,0.044726,0.056345,0.061438,0.053819,0.049305,0.056872,0.044453,0.052795,0.075906,0.054052,0.11416,0.037697,0.080805,0.10159,0.068946,0.044132,0.051034,0.075747,0.044117,0.038692,0.060121,0.046948,0.044446,0.034566,0.051743,0.039245,0.063609,0.039434,0.05844,0.053973,0.090107,0.050223,0.055894,0.045376,0.074236,0.038003,0.044267,0.054618,0.068963,0.04165,0.090719,0.063927,0.041304,0.045438,0.089753,0.072971,0.057992,0.042135,0.046345,0.037299,0.07195,0.053489,0.055056,0.03957,0.065564,0.12406,0.057887,0.11553,0.04744,0.066602,0.056405,0.059443,0.073309,0.05274,0.06519,0.065065,0.05484,0.093503,0.04216,0.0682,0.051087,0.066502,0.047492,0.037255,0.044722,0.068258,0.055469,0.049142,0.098782,0.068635,0.05702,0.058787,0.051378,0.057065,0.098009,0.056977,0.048051,0.040763,0.042532,0.078429
0.082174,0.062543,0.042539,0.051411,0.047405,0.06062,0.062564,0.061397,0.041491,0.04673,0,0.045477,0.050729,0.068937,0.081509,0.049371,0.064606,0.12046,0.14166,0.062867,0.071273,0.11373,0.037996,0.072959,0.050007,0.037749,0.068708,0.064371,0.072554,0.040884,0.051256,0.089875,0.050305,0.080635,0.04372,0.034792,0.046068,0.091597,0.051984,0.051953,0.049135,0.044946,0.06677,0.061781,0.069993,0.19739,0.070089,0.061897,0.07018,0.09037,0.11643,0.040121,0.05283,0.086489,0.066227,0.036171,0.057604,0.055373,0.050453,0.069779,0.057816,0.050938,0.031318,0.053746,0.078025,0.056949,0.054775,0.1079,0.035634,0.049675,0.053988,0.054931,0.076288,0.066047,0.1939,0.048095,0.040582,0.049378,0.045089,0.064578,0.056812,0.060497,0.059008,0.053043,0.044533,0.048916,0.091708,0.071552,0.059117,0.06039,0.062834,0.069957,0.051219,0.057768,0.040292,0.042811,0.04985,0.05259,0.064932,0.041655,0.052436,0.047933,0.048201,0.058697,0.074909,0.052852,0.12272,0.044806,0.085666,0.10435,0.064158,0.04787,0.04965,0.086474,0.049214,0.046798,0.067964,0.046306,0.048903,0.035829,0.065337,0.039751,0.074072,0.041137,0.056394,0.052282,0.078045,0.069561,0.072482,0.036179,0.067141,0.045913,0.055874,0.052323,0.056138,0.046533,0.090875,0.063077,0.045986,0.054263,0.095317,0.079526,0.055914,0.045983,0.057005,0.049334,0.082976,0.061473,0.056563,0.042717,0.069685,0.12476,0.062385,0.12603,0.055469,0.071804,0.051001,0.056477,0.063898,0.060454,0.064704,0.076819,0.071527,0.10502,0.046569,0.075073,0.069868,0.072831,0.055385,0.04082,0.050534,0.056082,0.044928,0.057999,0.093031,0.06649,0.056016,0.068395,0.068633,0.050299,0.092147,0.06136,0.055395,0.046589,0.047068,0.075341
0.079346,0.054889,0.043422,0.050576,0.060993,0.063996,0.058081,0.061147,0.037048,0.043328,0.045477,0,0.065756,0.065217,0.070678,0.050038,0.048256,0.098126,0.12992,0.071162,0.069134,0.087876,0.048957,0.078681,0.04827,0.035805,0.066923,0.072404,0.074255,0.034581,0.043196,0.099765,0.057164,0.076552,0.050233,0.052876,0.046746,0.096734,0.049792,0.061613,0.050213,0.049982,0.061782,0.053946,0.07118,0.19029,0.066113,0.053826,0.055827,0.08411,0.12681,0.048392,0.052971,0.077683,0.078344,0.05016,0.058947,0.039218,0.058585,0.07637,0.050175,0.063322,0.043765,0.049773,0.083349,0.049771,0.065376,0.09317,0.038313,0.057149,0.055632,0.053262,0.062815,0.056464,0.1842,0.05162,0.033172,0.050404,0.050202,0.068255,0.054486,0.072053,0.054236,0.068136,0.03846,0.056374,0.092659,0.063315,0.04755,0.062966,0.052972,0.062441,0.057351,0.067784,0.043306,0.042458,0.057532,0.053996,0.067517,0.04953,0.058053,0.059901,0.047024,0.056815,0.066314,0.061972,0.10404,0.040142,0.07954,0.098941,0.056823,0.051322,0.055976,0.089946,0.042327,0.05155,0.061377,0.051208,0.054884,0.046006,0.05014,0.043098,0.061784,0.047213,0.057041,0.054883,0.088084,0.062983,0.061055,0.051738,0.087246,0.045723,0.064877,0.04633,0.047639,0.048636,0.083425,0.060057,0.039767,0.042068,0.097368,0.075293,0.064699,0.051773,0.040961,0.044183,0.073442,0.052141,0.056986,0.047754,0.0518,0.11088,0.054389,0.12824,0.057097,0.053635,0.052014,0.06677,0.067816,0.058252,0.067864,0.066072,0.067958,0.093489,0.039419,0.060811,0.045352,0.060156,0.046611,0.044352,0.048201,0.065492,0.058318,0.061004,0.090698,0.067508,0.066755,0.063818,0.077846,0.055378,0.09164,0.063211,0.045275,0.044211,0.045486,0.072848
0.11092,0.070667,0.052434,0.054009,0.051233,0.065948,0.083651,0.057564,0.043685,0.051226,0.050729,0.065756,0,0.078548,0.073311,0.050388,0.063172,0.13095,0.13352,0.088156,0.080833,0.111,0.047576,0.073939,0.064622,0.057115,0.067518,0.060631,0.069803,0.053446,0.046704,0.11087,0.035725,0.099966,0.060164,0.038742,0.04575,0.083477,0.057374,0.051339,0.048945,0.054332,0.073006,0.081138,0.080744,0.18737,0.068701,0.06337,0.074325,0.10015,0.13712,0.051711,0.061427,0.099486,0.08572,0.051121,0.06372,0.071475,0.076848,0.06577,0.056516,0.051313,0.038944,0.059713,0.080526,0.06453,0.055164,0.1131,0.058547,0.056287,0.055386,0.048198,0.087373,0.067917,0.18353,0.048873,0.047475,0.064987,0.046717,0.07051,0.058867,0.072558,0.067244,0.068152,0.055229,0.058725,0.09735,0.077254,0.057097,0.066522,0.058587,0.080075,0.06375,0.05917,0.056874,0.058154,0.062227,0.057523,0.062682,0.04522,0.062249,0.056657,0.059229,0.056597,0.081357,0.058098,0.12097,0.053605,0.080899,0.11823,0.064388,0.049717,0.053143,0.089254,0.05248,0.056353,0.076151,0.049272,0.055926,0.036505,0.07628,0.057853,0.068469,0.041376,0.057168,0.082244,0.091713,0.081304,0.073756,0.066403,0.089726,0.061896,0.060578,0.064698,0.071035,0.042836,0.10458,0.065864,0.04514,0.060533,0.097087,0.075577,0.052029,0.049372,0.059795,0.047349,0.072901,0.069377,0.049245,0.057065,0.077249,0.12986,0.07466,0.13478,0.062457,0.08644,0.05704,0.05698,0.073997,0.064464,0.062441,0.090644,0.07118,0.1229,0.053121,0.078212,0.075016,0.067219,0.057852,0.058372,0.042553,0.069321,0.059878,0.057632,0.12283,0.077215,0.059793,0.08605,0.084457,0.07934,0.093863,0.073148,0.065329,0.054908,0.037551,0.085501
0.097266,0.072322,0.061595,0.066345,0.055312,0.065642,0.089362,0.074654,0.058876,0.06199,0.068937,0.065217,0.078548,0,0.083509,0.06084,0.069483,0.13129,0.13507,0.087643,0.085403,0.10367,0.054257,0.072713,0.066349,0.059931,0.07483,0.073887,0.094644,0.066278,0.057181,0.099725,0.07235,0.082887,0.065045,0.065737,0.056439,0.071436,0.067371,0.076277,0.070776,0.07005,0.074967,0.077878,0.064172,0.18265,0.083098,0.053752,0.067846,0.081215,0.11067,0.054765,0.061912,0.077258,0.087319,0.064213,0.052946,0.070507,0.080979,0.08676,0.068894,0.073663,0.065032,0.064159,0.08707,0.06126,0.071939,0.10381,0.050473,0.064488,0.069754,0.065224,0.073948,0.069518,0.18145,0.06322,0.061287,0.061207,0.067712,0.077735,0.063146,0.08239,0.053004,0.066882,0.072877,0.070529,0.098898,0.077241,0.066729,0.068236,0.071471,0.048617,0.078391,0.080478,0.059576,0.067114,0.060124,0.077501,0.085469,0.066892,0.061932,0.082785,0.066793,0.075148,0.093004,0.080826,0.1159,0.061585,0.078738,0.11194,0.085375,0.060848,0.050112,0.10584,0.062274,0.063888,0.05435,0.062629,0.057386,0.054789,0.082508,0.064489,0.073244,0.062426,0.059968,0.078414,0.09245,0.07639,0.067177,0.068559,0.097734,0.05335,0.083826,0.066917,0.079559,0.063154,0.099395,0.089308,0.0657,0.073015,0.11013,0.090406,0.073731,0.072837,0.060262,0.074204,0.083626,0.058223,0.0692,0.068614,0.071161,0.097697,0.071145,0.11757,0.065808,0.073042,0.078792,0.070385,0.065531,0.060608,0.080445,0.084941,0.084755,0.098669,0.055202,0.10187,0.083182,0.073799,0.066491,0.065556,0.064946,0.08285,0.063682,0.069801,0.12004,0.081856,0.062396,0.076323,0.076777,0.062553,0.11205,0.066953,0.061323,0.062033,0.066277,0.088376
0.11288,0.061233,0.067396,0.070117,0.073498,0.075551,0.091348,0.064855,0.059604,0.076638,0.081509,0.070678,0.073311,0.083509,0,0.066133,0.065912,0.10712,0.09811,0.10611,0.093405,0.10689,0.067534,0.083286,0.076192,0.073196,0.03208,0.067992,0.075855,0.058185,0.062368,0.11412,0.06777,0.09284,0.069528,0.079541,0.0595,0.098517,0.065612,0.073453,0.05771,0.075923,0.072349,0.082251,0.089429,0.16242,0.082377,0.049955,0.061174,0.10442,0.13373,0.07051,0.077588,0.079347,0.10181,0.062125,0.078944,0.071867,0.092466,0.07742,0.072221,0.072832,0.070851,0.065041,0.091149,0.055354,0.077356,0.10566,0.079418,0.066016,0.066409,0.05788,0.094403,0.056243,0.17613,0.060458,0.067496,0.076642,0.061106,0.077276,0.067827,0.080783,0.073298,0.075756,0.070371,0.072155,0.099145,0.083472,0.062855,0.082286,0.070843,0.075432,0.090173,0.07998,0.070564,0.068,0.071153,0.060822,0.063523,0.076348,0.083132,0.090706,0.078039,0.059477,0.085415,0.082901,0.10234,0.066341,0.066822,0.11202,0.060844,0.059131,0.080378,0.1095,0.055639,0.077498,0.069782,0.061079,0.062891,0.066386,0.074845,0.076404,0.041226,0.067915,0.064023,0.093456,0.11553,0.082622,0.072323,0.078525,0.11258,0.071115,0.080724,0.060009,0.083098,0.06505,0.10409,0.081303,0.061854,0.071401,0.076231,0.086288,0.068207,0.078481,0.057531,0.065959,0.038844,0.064718,0.067726,0.079636,0.06809,0.11926,0.067913,0.13103,0.077401,0.07499,0.066791,0.079587,0.091758,0.064996,0.071256,0.10333,0.091295,0.10834,0.050809,0.084214,0.079821,0.025752,0.064753,0.073579,0.064281,0.078461,0.094003,0.062233,0.12457,0.073569,0.078711,0.098123,0.10321,0.083209,0.1091,0.079208,0.066771,0.068696,0.057099,0.096134
0.092101,0.061614,0.031601,0.045597,0.036902,0.041419,0.064744,0.034665,0.035956,0.037876,0.049371,0.050038,0.050388,0.06084,0.066133,0,0.054442,0.10743,0.12821,0.080844,0.059989,0.10184,0.046432,0.064269,0.047595,0.039793,0.050763,0.047117,0.059002,0.039303,0.042592,0.091164,0.048519,0.067685,0.040407,0.036009,0.033712,0.073172,0.025777,0.039302,0.027732,0.044442,0.046,0.058295,0.064264,0.17551,0.07195,0.035329,0.041707,0.071984,0.12726,0.040251,0.046479,0.085084,0.063231,0.040431,0.033553,0.047981,0.062648,0.04648,0.031531,0.038432,0.037695,0.035488,0.058771,0.047304,0.042872,0.094597,0.040445,0.04189,0.030617,0.030339,0.07716,0.034573,0.18556,0.023232,0.040649,0.040885,0.034786,0.06201,0.041536,0.048641,0.043165,0.045932,0.041062,0.035703,0.080224,0.053514,0.040941,0.047241,0.049984,0.052113,0.045028,0.051279,0.030454,0.035891,0.037244,0.050621,0.042204,0.046196,0.030314,0.04955,0.033868,0.053097,0.062896,0.057613,0.092936,0.041623,0.076234,0.089149,0.055327,0.022389,0.054576,0.0826,0.035811,0.04079,0.04417,0.036422,0.038503,0.032884,0.051948,0.047156,0.046805,0.029497,0.033131,0.063072,0.090848,0.05721,0.0471,0.04838,0.071486,0.040771,0.044758,0.041635,0.068255,0.037752,0.078538,0.059384,0.032651,0.04495,0.081014,0.063504,0.036375,0.047646,0.045763,0.050473,0.056631,0.046268,0.033316,0.03188,0.054105,0.12517,0.050444,0.11418,0.029463,0.067474,0.046501,0.044544,0.07674,0.049079,0.047535,0.082252,0.067337,0.09942,0.036966,0.064004,0.06492,0.059341,0.033398,0.037248,0.039294,0.053258,0.069981,0.040804,0.11402,0.048622,0.057001,0.071408,0.062758,0.057071,0.080642,0.044369,0.040081,0.03956,0.041057,0.068334
0.095522,0.060974,0.053322,0.045536,0.057013,0.059085,0.074567,0.071373,0.034221,0.048355,0.064606,0.048256,0.063172,0.069483,0.065912,0.054442,0,0.11459,0.13126,0.082116,0.08897,0.075296,0.050136,0.07058,0.057076,0.057631,0.066291,0.071599,0.083901,0.051373,0.035935,0.11571,0.056691,0.087289,0.061933,0.052396,0.050341,0.092818,0.055759,0.063222,0.056508,0.061908,0.063173,0.066322,0.075014,0.16367,0.054229,0.053462,0.046952,0.10329,0.13592,0.051793,0.06572,0.086757,0.08382,0.053607,0.067207,0.048197,0.068919,0.066525,0.053028,0.06008,0.052455,0.052498,0.092564,0.034615,0.052329,0.098077,0.055745,0.059314,0.058251,0.057897,0.057438,0.056423,0.18281,0.053415,0.047856,0.055275,0.053945,0.07094,0.059859,0.07722,0.05301,0.080173,0.05246,0.074577,0.089883,0.085263,0.047903,0.064109,0.063413,0.070757,0.069024,0.05983,0.049577,0.059214,0.065784,0.067861,0.070449,0.058293,0.064352,0.064429,0.066478,0.053717,0.079761,0.068936,0.10605,0.039313,0.082752,0.10363,0.05713,0.053766,0.055934,0.093093,0.034694,0.060161,0.071455,0.056593,0.05426,0.04401,0.066994,0.057875,0.055757,0.048489,0.066017,0.069599,0.10245,0.070972,0.054158,0.061807,0.094963,0.058022,0.068471,0.065318,0.074017,0.05214,0.11166,0.072157,0.039037,0.039689,0.082232,0.07983,0.065505,0.052464,0.037845,0.034781,0.067418,0.057273,0.061845,0.058575,0.059243,0.099532,0.070743,0.11393,0.060548,0.061962,0.063276,0.073817,0.072728,0.051644,0.063855,0.081458,0.078922,0.0929,0.034966,0.060477,0.046274,0.052887,0.051874,0.060926,0.037297,0.075647,0.064358,0.058232,0.10504,0.080454,0.063552,0.07693,0.082068,0.074804,0.10214,0.077328,0.058055,0.044242,0.043133,0.09226
0.11156,0.12332,0.114,0.11262,0.12368,0.11277,0.10692,0.1026,0.11719,0.11376,0.12046,0.098126,0.13095,0.13129,0.10712,0.10743,0.11459,0,0.14069,0.12828,0.11504,0.12106,0.12048,0.12656,0.10617,0.11059,0.10464,0.12808,0.10519,0.10124,0.11448,0.14355,0.11747,0.12302,0.11723,0.12511,0.11271,0.14843,0.10521,0.12423,0.098983,0.11298,0.093367,0.10404,0.13886,0.19909,0.12311,0.099984,0.10406,0.12811,0.15817,0.12265,0.11823,0.11441,0.11231,0.11709,0.10903,0.10648,0.11361,0.10612,0.10483,0.12414,0.11243,0.10956,0.11196,0.11068,0.12797,0.12675,0.11339,0.10859,0.11056,0.1085,0.10724,0.096419,0.19512,0.10518,0.11017,0.11322,0.10764,0.12252,0.099101,0.11056,0.10979,0.12272,0.10436,0.10861,0.1247,0.097307,0.1141,0.13848,0.11614,0.11674,0.11281,0.13156,0.11721,0.096628,0.11042,0.11212,0.097475,0.12555,0.11255,0.12756,0.10251,0.099774,0.12107,0.10272,0.12806,0.10658,0.11145,0.11991,0.11107,0.10592,0.13154,0.10312,0.11071,0.11752,0.10388,0.1093,0.11637,0.12229,0.10764,0.10957,0.098654,0.11037,0.10244,0.11438,0.11597,0.10338,0.11315,0.11969,0.12222,0.12129,0.11545,0.10141,0.1249,0.10536,0.1138,0.13123,0.10888,0.10704,0.123,0.10982,0.11559,0.11767,0.10624,0.11463,0.1007,0.10887,0.11212,0.11114,0.1115,0.15994,0.09866,0.16798,0.098928,0.10911,0.12045,0.11954,0.14505,0.10063,0.11811,0.1212,0.12119,0.12635,0.10487,0.11592,0.10593,0.11097,0.097466,0.11386,0.12134,0.1116,0.1458,0.10383,0.12925,0.1193,0.11911,0.11809,0.12505,0.11005,0.13056,0.11546,0.10478,0.096931,0.11351,0.09308
0.16239,0.12077,0.13051,0.13559,0.13422,0.11997,0.1486,0.12124,0.12852,0.13272,0.14166,0.12992,0.13352,0.13507,0.09811,0.12821,0.13126,0.14069,0,0.15962,0.13687,0.16562,0.13282,0.13761,0.12375,0.13192,0.10708,0.12643,0.13314,0.12426,0.12331,0.15324,0.121,0.13906,0.1247,0.13577,0.12364,0.1401,0.12317,0.1368,0.11483,0.12512,0.1343,0.11595,0.12225,0.18726,0.14546,0.11978,0.11811,0.14065,0.16957,0.14522,0.13066,0.13398,0.15226,0.12644,0.13163,0.1337,0.14865,0.12734,0.12571,0.13747,0.12861,0.1357,0.13983,0.12755,0.14426,0.14535,0.13154,0.12178,0.12611,0.12183,0.15032,0.12323,0.10598,0.12788,0.12772,0.1311,0.13022,0.14679,0.1236,0.12883,0.13086,0.13038,0.13007,0.12457,0.15755,0.1257,0.12695,0.14921,0.12147,0.1176,0.14951,0.14595,0.13539,0.11346,0.12783,0.11838,0.11909,0.13521,0.13958,0.14503,0.11956,0.13233,0.14833,0.13255,0.13232,0.13302,0.13273,0.14836,0.12904,0.12553,0.13449,0.15096,0.12844,0.12716,0.12154,0.12983,0.1227,0.12873,0.13545,0.13109,0.099383,0.1294,0.12183,0.14692,0.15407,0.12582,0.12981,0.14372,0.1633,0.13007,0.12742,0.12022,0.14727,0.12989,0.13349,0.14029,0.12946,0.13211,0.13075,0.12736,0.12623,0.13518,0.10664,0.12925,0.10388,0.11224,0.12938,0.13496,0.12592,0.17379,0.13087,0.17427,0.13786,0.13053,0.12851,0.12148,0.13545,0.12402,0.13741,0.13764,0.12817,0.13177,0.11994,0.14755,0.12624,0.11069,0.11892,0.12111,0.13277,0.13985,0.14749,0.1181,0.16188,0.1294,0.14217,0.13785,0.1486,0.11388,0.16036,0.12462,0.12407,0.13189,0.11984,0.13987
0.043942,0.086645,0.073783,0.07699,0.072277,0.085465,0.088208,0.083697,0.074545,0.065742,0.062867,0.071162,0.088156,0.087643,0.10611,0.080844,0.082116,0.12828,0.15962,0,0.083236,0.12475,0.070951,0.10045,0.066031,0.068159,0.097817,0.10553,0.10868,0.076648,0.083793,0.11673,0.067557,0.081261,0.079466,0.073058,0.078219,0.11446,0.084433,0.090893,0.082522,0.077988,0.095437,0.086525,0.092523,0.20665,0.08682,0.079812,0.08055,0.1109,0.12899,0.078594,0.083751,0.087459,0.057109,0.070424,0.08821,0.081244,0.041258,0.097982,0.078872,0.09082,0.066437,0.072509,0.10861,0.075731,0.085564,0.11898,0.069682,0.072712,0.08952,0.085204,0.089291,0.092771,0.19612,0.085988,0.077126,0.069246,0.063351,0.081433,0.08557,0.076476,0.086468,0.078546,0.078191,0.076596,0.12533,0.10238,0.093737,0.090741,0.087712,0.089713,0.071824,0.092239,0.069905,0.074348,0.082154,0.080215,0.090614,0.092529,0.085349,0.078571,0.078545,0.083063,0.090003,0.071207,0.13868,0.071956,0.098922,0.10742,0.092935,0.080952,0.076587,0.076379,0.07469,0.077113,0.094964,0.072526,0.078971,0.072203,0.087336,0.062658,0.097852,0.081356,0.089521,0.041278,0.090601,0.088981,0.076749,0.067522,0.06375,0.079242,0.081839,0.082242,0.094258,0.075679,0.11113,0.081638,0.078341,0.07531,0.11488,0.090528,0.094852,0.072342,0.079927,0.075012,0.10493,0.088907,0.10198,0.069604,0.085663,0.14458,0.09185,0.1189,0.076115,0.085101,0.086421,0.099993,0.09595,0.086683,0.089024,0.087319,0.08523,0.091746,0.072595,0.095106,0.080507,0.098524,0.087076,0.0728,0.087637,0.085766,0.062007,0.0864,0.062617,0.088298,0.077861,0.074472,0.070089,0.071828,0.13378,0.094121,0.065484,0.068548,0.082726,0.092476
0.088056,0.092479,0.059732,0.076608,0.079084,0.076176,0.08014,0.06786,0.07003,0.063433,0.071273,0.069134,0.080833,0.085403,0.093405,0.059989,0.08897,0.11504,0.13687,0.083236,0,0.11376,0.069808,0.10311,0.069231,0.061365,0.080912,0.078087,0.083026,0.066901,0.074803,0.099279,0.075243,0.066821,0.06182,0.068481,0.06473,0.10413,0.058601,0.073569,0.066924,0.058442,0.091396,0.083531,0.081422,0.19744,0.10592,0.069044,0.06915,0.089595,0.14617,0.077103,0.064359,0.096476,0.077652,0.071983,0.060092,0.073968,0.07471,0.087734,0.061656,0.075454,0.069295,0.063267,0.088394,0.08779,0.078683,0.10062,0.059225,0.06733,0.055583,0.058797,0.098291,0.069062,0.18261,0.063837,0.072558,0.068009,0.058218,0.071883,0.074181,0.066351,0.067453,0.062538,0.064699,0.053725,0.10813,0.063967,0.078763,0.067504,0.079977,0.065281,0.058686,0.085273,0.05532,0.057035,0.06568,0.066988,0.071788,0.085903,0.064631,0.075172,0.050989,0.085536,0.080379,0.089008,0.11772,0.075637,0.092316,0.1099,0.086278,0.06421,0.075446,0.084052,0.072128,0.071068,0.074386,0.055831,0.066918,0.072529,0.065989,0.067767,0.077351,0.071262,0.07131,0.055953,0.10471,0.071557,0.075724,0.079613,0.083245,0.061446,0.070282,0.04861,0.072074,0.066092,0.091007,0.082002,0.071055,0.077172,0.11079,0.068175,0.070339,0.074885,0.074695,0.076612,0.082695,0.064895,0.074771,0.065918,0.084731,0.14913,0.077794,0.13705,0.059886,0.086224,0.072951,0.068894,0.10046,0.080329,0.072662,0.065933,0.079648,0.11605,0.069321,0.091478,0.085286,0.089612,0.074774,0.054432,0.082087,0.075028,0.086865,0.0808,0.11528,0.065248,0.078608,0.078195,0.083039,0.071353,0.11598,0.061773,0.058141,0.078813,0.070446,0.092897
0.12267,0.11771,0.1008,0.082081,0.11104,0.10838,0.10147,0.11919,0.088822,0.091646,0.11373,0.087876,0.111,0.10367,0.10689,0.10184,0.075296,0.12106,0.16562,0.12475,0.11376,0,0.095009,0.1213,0.099308,0.10144,0.11244,0.1191,0.11976,0.0908,0.083089,0.14459,0.10707,0.11877,0.10351,0.10774,0.098281,0.12859,0.099892,0.11344,0.10583,0.10979,0.10247,0.11137,0.11384,0.18089,0.089712,0.097085,0.094787,0.13782,0.16027,0.09762,0.11244,0.11726,0.13437,0.10238,0.096193,0.087376,0.11269,0.11568,0.097226,0.11154,0.10273,0.095455,0.12866,0.089943,0.10694,0.13224,0.095189,0.11076,0.10448,0.098032,0.081924,0.094324,0.20471,0.097663,0.095365,0.10321,0.09735,0.10306,0.097691,0.12936,0.088056,0.1247,0.09979,0.11861,0.12077,0.11407,0.090176,0.10238,0.11518,0.10944,0.11131,0.11194,0.098328,0.1068,0.1088,0.11711,0.11629,0.11039,0.10591,0.11286,0.11081,0.09423,0.11625,0.11465,0.14674,0.089027,0.10938,0.14078,0.11179,0.10183,0.097982,0.12103,0.0905,0.10742,0.10574,0.1022,0.10065,0.10082,0.09804,0.1002,0.1019,0.09461,0.11103,0.1086,0.13648,0.10333,0.10112,0.11402,0.13934,0.10131,0.11832,0.098424,0.1025,0.09061,0.14866,0.12516,0.087644,0.089203,0.13152,0.1208,0.11602,0.10448,0.094127,0.083905,0.10889,0.090504,0.1004,0.10933,0.11176,0.099454,0.10049,0.14948,0.10144,0.1019,0.11471,0.12079,0.11513,0.088972,0.099958,0.097469,0.12526,0.13173,0.086885,0.10964,0.082133,0.092526,0.097692,0.10767,0.088641,0.12066,0.11131,0.10875,0.13991,0.12511,0.097889,0.1144,0.12031,0.12129,0.12986,0.11133,0.099342,0.091735,0.093137,0.12938
0.085214,0.05995,0.03594,0.04226,0.042517,0.059936,0.073411,0.062356,0.03074,0.044113,0.037996,0.048957,0.047576,0.054257,0.067534,0.046432,0.050136,0.12048,0.13282,0.070951,0.069808,0.095009,0,0.069903,0.049544,0.044067,0.060329,0.062228,0.07835,0.044181,0.037875,0.095048,0.046478,0.076754,0.04614,0.036413,0.039276,0.081116,0.048453,0.054656,0.052309,0.047915,0.059096,0.069427,0.069505,0.17561,0.068677,0.049556,0.061366,0.10031,0.11242,0.034809,0.059192,0.0779,0.072768,0.036252,0.051036,0.05459,0.057401,0.066235,0.058165,0.050688,0.038773,0.049862,0.082897,0.045816,0.04815,0.10424,0.036475,0.048643,0.050139,0.047112,0.067409,0.058138,0.1865,0.042714,0.044258,0.050301,0.037613,0.057727,0.054576,0.067557,0.047257,0.054285,0.053485,0.054771,0.090793,0.072082,0.053542,0.056679,0.065945,0.058436,0.05631,0.056333,0.038408,0.046581,0.047158,0.047646,0.063313,0.048005,0.058356,0.062674,0.050901,0.056222,0.077732,0.055431,0.11974,0.042444,0.068179,0.11465,0.067952,0.040506,0.037344,0.079021,0.038228,0.049901,0.061542,0.033168,0.045197,0.033524,0.070268,0.043272,0.05756,0.038381,0.054126,0.056025,0.087349,0.068849,0.068211,0.049483,0.076211,0.041377,0.063698,0.048725,0.059599,0.041763,0.099338,0.073037,0.043856,0.053539,0.091926,0.066606,0.056735,0.051326,0.046939,0.042593,0.071587,0.05126,0.05605,0.05568,0.07287,0.10889,0.065623,0.12723,0.050159,0.070234,0.0588,0.060195,0.063294,0.048999,0.060981,0.07475,0.074743,0.10407,0.032273,0.077688,0.070276,0.056246,0.055488,0.047665,0.039913,0.064658,0.046234,0.054314,0.1026,0.072406,0.053223,0.080449,0.07423,0.05778,0.10196,0.064439,0.051935,0.04026,0.03505,0.081378
0.11244,0.066288,0.075357,0.079833,0.065846,0.07112,0.10228,0.07619,0.0651,0.072766,0.072959,0.078681,0.073939,0.072713,0.083286,0.064269,0.07058,0.12656,0.13761,0.10045,0.10311,0.1213,0.069903,0,0.081931,0.07801,0.08089,0.078658,0.092606,0.074865,0.063949,0.11908,0.078205,0.10288,0.084799,0.065248,0.074467,0.086687,0.069076,0.081728,0.069515,0.080041,0.07176,0.087382,0.09837,0.18768,0.093537,0.068758,0.07469,0.088063,0.13244,0.071022,0.070367,0.078602,0.078259,0.072838,0.077337,0.082798,0.083935,0.072508,0.07748,0.079246,0.072736,0.072067,0.089637,0.069279,0.076677,0.11671,0.076355,0.072899,0.070197,0.077336,0.095898,0.069586,0.18734,0.067151,0.065781,0.07123,0.077031,0.094647,0.083887,0.075302,0.075926,0.079671,0.075703,0.080121,0.10138,0.096173,0.078528,0.083845,0.080606,0.064669,0.092276,0.086013,0.070631,0.075565,0.070093,0.087747,0.084011,0.069475,0.07148,0.082505,0.077355,0.07431,0.08125,0.081421,0.103,0.063415,0.09708,0.11486,0.075302,0.0664,0.073909,0.10426,0.070157,0.079924,0.084759,0.070015,0.071892,0.058499,0.096539,0.074551,0.083086,0.066393,0.071798,0.089586,0.079613,0.096838,0.078906,0.067659,0.09263,0.074679,0.083021,0.0851,0.094909,0.072443,0.10898,0.07481,0.071907,0.084558,0.10058,0.096589,0.078375,0.080777,0.072393,0.076308,0.082895,0.075529,0.068783,0.076083,0.073313,0.13441,0.084017,0.13352,0.069966,0.05873,0.088425,0.072652,0.088929,0.076609,0.089556,0.11062,0.090889,0.10045,0.065278,0.080802,0.087498,0.083438,0.076069,0.080373,0.066629,0.086881,0.08444,0.071444,0.12511,0.082158,0.070168,0.090003,0.089552,0.080148,0.093506,0.095124,0.0786,0.067935,0.074566,0.10038
