0,0.1479,0.13697,0.13618,0.10221,0.073712,0.10475,0.12021,0.10939,0.13066,0.12498,0.11137,0.13769,0.10779,0.12864,0.14522,0.10641,0.21891,0.14027,0.06341,0.1285,0.10704,0.12351,0.1426,0.083878,0.13042,0.13976,0.13715,0.11182,0.11439,0.12457,0.10693,0.12582,0.078557,0.1171,0.1329,0.1167,0.13423,0.11876,0.12661,0.11963,0.16397,0.13426,0.1379,0.106,0.10835,0.1527,0.13323,0.12496,0.14237,0.10938,0.11148,0.19362,0.10107,0.090201,0.13194,0.10816,0.12952,0.062913,0.12698,0.12295,0.12545,0.11471,0.14942,0.15485,0.11176,0.13043,0.13576,0.098637,0.11602,0.11801,0.13268,0.15397,0.12844,0.11547,0.12488,0.14459,0.10074,0.10955,0.10128,0.10726,0.14889,0.12044,0.094645,0.12768,0.1186,0.13794,0.10109,0.10349,0.14425,0.15733,0.10639,0.13193,0.13782,0.12074,0.10951,0.10207,0.11843,0.13792,0.11499,0.14123,0.13936,0.13529,0.11261,0.12102,0.12887,0.16504,0.11357,0.14107,0.10782,0.11409,0.11446,0.14152,0.084041,0.1275,0.13836,0.11003,0.14413,0.10034,0.14567,0.12359,0.091269,0.22113,0.14188,0.11548,0.056117,0.096501,0.10855,0.11186,0.1277,0.11411,0.13255,0.11789,0.115,0.2014,0.13268,0.13461,0.10581,0.12447,0.12875,0.13323,0.14204,0.12426,0.13949,0.13267,0.22824,0.13442,0.10518,0.12937,0.11395,0.12155,0.11433,0.11922,0.13614,0.11291,0.098332,0.1286,0.12562,0.13422,0.10947,0.13048,0.12966,0.15003,0.14526,0.12446,0.11981,0.086366,0.14677,0.12975,0.13973,0.13099,0.11071,0.15067,0.15817,0.18388,0.12011,0.13551,0.12867,0.1097,0.08338,0.12176,0.11569,0.1294,0.12303,0.13458,0.14154
0.1479,0,0.052257,0.077702,0.085093,0.11352,0.09696,0.090025,0.066328,0.085966,0.075416,0.10502,0.061348,0.084425,0.082837,0.12231,0.088506,0.17717,0.067713,0.15325,0.064373,0.093073,0.062378,0.075171,0.096282,0.083715,0.069241,0.099841,0.078502,0.065944,0.11284,0.12231,0.12782,0.14345,0.081407,0.058457,0.071845,0.059554,0.072126,0.072191,0.056641,0.11721,0.084292,0.15424,0.11149,0.07487,0.082139,0.12695,0.076642,0.069718,0.10858,0.06119,0.12328,0.081171,0.12294,0.080081,0.080815,0.073522,0.14298,0.061799,0.070718,0.076146,0.10134,0.089045,0.11328,0.13585,0.076722,0.074737,0.08876,0.073283,0.06651,0.079243,0.080829,0.070573,0.068305,0.065659,0.069716,0.12666,0.082266,0.082086,0.076324,0.11835,0.073432,0.12312,0.083298,0.074896,0.093151,0.072492,0.077412,0.066229,0.094379,0.066493,0.063865,0.066183,0.058519,0.075749,0.090273,0.067551,0.091813,0.071732,0.076851,0.082708,0.067898,0.088141,0.087818,0.068541,0.11301,0.060716,0.083399,0.17106,0.080359,0.067343,0.081013,0.12111,0.054488,0.052579,0.09766,0.076296,0.073679,0.061357,0.12858,0.10426,0.18795,0.092423,0.10808,0.11533,0.1217,0.079832,0.079232,0.090179,0.099027,0.093236,0.082561,0.072442,0.10205,0.059955,0.087102,0.088821,0.060254,0.060804,0.064656,0.11106,0.072652,0.10197,0.077925,0.25693,0.090384,0.081384,0.086158,0.065321,0.05367,0.12136,0.073509,0.17415,0.081163,0.12084,0.085842,0.064523,0.074465,0.081522,0.052403,0.09728,0.096052,0.21014,0.065231,0.088195,0.099722,0.073893,0.057076,0.089098,0.061402,0.084207,0.081428,0.08827,0.26891,0.0665,0.075151,0.069904,0.15067,0.15028,0.089466,0.091033,0.073211,0.057303,0.077372,0.086265
0.13697,0.052257,0,0.065008,0.069593,0.10057,0.074128,0.071727,0.051936,0.070115,0.043852,0.075111,0.060312,0.067347,0.063764,0.095561,0.071089,0.16859,0.049233,0.13911,0.057923,0.085058,0.038556,0.063109,0.079146,0.05732,0.05381,0.1018,0.073217,0.043856,0.1043,0.12396,0.11039,0.13457,0.06403,0.045562,0.047968,0.061122,0.03861,0.054184,0.050879,0.091651,0.079371,0.13713,0.098102,0.073339,0.074305,0.1075,0.063219,0.069567,0.10056,0.044573,0.1077,0.081753,0.11859,0.053947,0.076383,0.059066,0.12114,0.054577,0.05303,0.062281,0.081483,0.093222,0.093388,0.131,0.068663,0.068551,0.088209,0.053482,0.051944,0.077098,0.079779,0.059753,0.042958,0.039673,0.05483,0.11241,0.054719,0.08952,0.063429,0.10066,0.058116,0.11755,0.059406,0.066748,0.081161,0.061771,0.062016,0.073017,0.07504,0.04612,0.042973,0.061544,0.0374,0.056004,0.072849,0.062448,0.077174,0.051159,0.070515,0.061872,0.052829,0.068725,0.079215,0.057797,0.088994,0.041321,0.07697,0.16213,0.059021,0.054409,0.071277,0.12129,0.042576,0.037094,0.094671,0.082526,0.054868,0.057987,0.093272,0.087395,0.17184,0.058161,0.087057,0.10737,0.11028,0.065192,0.055208,0.081703,0.10494,0.072663,0.0653,0.069932,0.096887,0.058401,0.084168,0.078525,0.041403,0.050727,0.040138,0.10062,0.049219,0.097916,0.061217,0.24942,0.083396,0.067198,0.082261,0.066241,0.047578,0.10645,0.067118,0.15702,0.064653,0.12392,0.070028,0.062018,0.062596,0.060575,0.055796,0.095071,0.084723,0.2054,0.044502,0.074243,0.090214,0.064627,0.050099,0.07304,0.055939,0.065045,0.072798,0.081737,0.25568,0.049995,0.065471,0.061003,0.1362,0.15146,0.081605,0.07123,0.053576,0.041025,0.055588,0.074736
0.13618,0.077702,0.065008,0,0.073271,0.10792,0.0977,0.07372,0.057137,0.086766,0.081065,0.095579,0.081651,0.086681,0.078597,0.12363,0.060041,0.18105,0.066874,0.14822,0.076125,0.11195,0.06884,0.077604,0.09278,0.074281,0.067532,0.10561,0.085641,0.060278,0.10576,0.11409,0.11166,0.13375,0.095876,0.06265,0.057484,0.075577,0.072268,0.0708,0.076771,0.10945,0.071229,0.13397,0.096361,0.069289,0.10148,0.10016,0.086555,0.073323,0.096003,0.067686,0.13294,0.10567,0.11888,0.075331,0.087453,0.075186,0.13264,0.080322,0.064646,0.078553,0.071211,0.10878,0.083515,0.14094,0.085055,0.088232,0.08238,0.078773,0.063052,0.081072,0.10886,0.08588,0.063492,0.05832,0.072666,0.12145,0.07113,0.098676,0.060724,0.096208,0.069176,0.13042,0.072507,0.088501,0.082185,0.077341,0.067337,0.069625,0.098281,0.071434,0.074365,0.073771,0.069782,0.07375,0.076512,0.069061,0.091603,0.070521,0.078678,0.069656,0.081875,0.074036,0.089136,0.073905,0.12385,0.069811,0.082028,0.15664,0.061761,0.06272,0.08775,0.12292,0.070363,0.066705,0.094295,0.10973,0.07114,0.081744,0.09962,0.11221,0.1851,0.085215,0.097729,0.11703,0.11072,0.065732,0.067377,0.089939,0.10796,0.082838,0.063693,0.091356,0.13243,0.069286,0.080767,0.085354,0.065639,0.07279,0.065002,0.11104,0.066152,0.095764,0.080161,0.24458,0.090007,0.083034,0.098064,0.068172,0.061977,0.10088,0.075967,0.15941,0.077052,0.1262,0.095451,0.064718,0.084385,0.068797,0.061885,0.096148,0.085902,0.20439,0.07624,0.085331,0.10853,0.081377,0.065504,0.077061,0.078721,0.067992,0.088882,0.10582,0.2575,0.063329,0.087236,0.083789,0.14987,0.15481,0.09635,0.080868,0.075821,0.072467,0.060618,0.091693
0.10221,0.085093,0.069593,0.073271,0,0.065904,0.066388,0.077852,0.057404,0.10225,0.078802,0.084961,0.083277,0.063007,0.077324,0.119,0.052587,0.18217,0.079695,0.10987,0.067431,0.09303,0.070165,0.089931,0.06172,0.074685,0.082626,0.093851,0.069259,0.064634,0.095235,0.10561,0.11122,0.10345,0.080272,0.073841,0.068627,0.08856,0.072694,0.069985,0.061948,0.1081,0.086248,0.1261,0.095017,0.063489,0.10808,0.10051,0.088,0.084694,0.083789,0.061166,0.15408,0.082252,0.10777,0.080766,0.064279,0.067114,0.096003,0.075997,0.068091,0.078061,0.09093,0.10973,0.099541,0.10837,0.079664,0.075602,0.08703,0.07273,0.068326,0.096382,0.10859,0.081145,0.064789,0.07462,0.093452,0.082688,0.068728,0.080377,0.05839,0.10737,0.060977,0.10005,0.09025,0.086178,0.097973,0.067706,0.057648,0.089596,0.096708,0.059623,0.064335,0.083708,0.069829,0.069626,0.061838,0.074423,0.093653,0.075834,0.083505,0.087966,0.096717,0.0602,0.076245,0.079909,0.11917,0.055707,0.072024,0.12483,0.075193,0.071258,0.098222,0.11328,0.073408,0.07921,0.071234,0.10267,0.045502,0.087497,0.10303,0.071477,0.17624,0.094262,0.08558,0.083423,0.095116,0.059277,0.054856,0.086129,0.10315,0.093991,0.070978,0.078185,0.14359,0.077032,0.078279,0.055435,0.068252,0.075906,0.073049,0.10512,0.058043,0.086553,0.084898,0.23888,0.08316,0.069605,0.098887,0.072661,0.068955,0.10709,0.062269,0.1255,0.074753,0.10985,0.077017,0.068126,0.090388,0.066496,0.071965,0.088031,0.093628,0.15867,0.065077,0.066508,0.065112,0.088523,0.074343,0.087351,0.08749,0.050181,0.10517,0.10586,0.21558,0.067773,0.095666,0.065494,0.12222,0.10879,0.074719,0.083131,0.09187,0.072549,0.074619,0.088468
0.073712,0.11352,0.10057,0.10792,0.065904,0,0.072414,0.10193,0.080743,0.10953,0.096099,0.080042,0.10516,0.087819,0.10116,0.12963,0.077525,0.18257,0.10524,0.074427,0.10335,0.084402,0.097315,0.11423,0.038377,0.10402,0.11091,0.096228,0.081712,0.083782,0.10284,0.1099,0.09749,0.087677,0.098582,0.09855,0.087517,0.10766,0.090651,0.083345,0.084512,0.13052,0.10267,0.12367,0.097988,0.092756,0.12288,0.12567,0.094921,0.10739,0.083823,0.08144,0.17722,0.063909,0.10585,0.10631,0.076885,0.094528,0.06698,0.090293,0.089187,0.090456,0.087015,0.12633,0.12404,0.11343,0.083391,0.10604,0.075321,0.096864,0.092778,0.11464,0.12942,0.10302,0.081679,0.10313,0.11661,0.084691,0.080523,0.084815,0.080333,0.12823,0.077552,0.088558,0.099662,0.10218,0.11361,0.081439,0.076123,0.11383,0.13495,0.076163,0.09392,0.093372,0.085766,0.076945,0.095056,0.10015,0.11217,0.091961,0.10832,0.11112,0.11675,0.086954,0.088751,0.0993,0.1252,0.072815,0.10156,0.10873,0.087822,0.087824,0.11767,0.097242,0.094131,0.10423,0.087011,0.1099,0.070041,0.10916,0.10999,0.045687,0.19575,0.11329,0.1063,0.061039,0.087345,0.085337,0.08218,0.10243,0.10721,0.10473,0.091056,0.088939,0.17179,0.10419,0.11072,0.04818,0.089815,0.094658,0.097885,0.13112,0.079137,0.10959,0.099425,0.2353,0.1166,0.067322,0.11352,0.089785,0.087912,0.09564,0.096112,0.1325,0.086784,0.093128,0.089195,0.088259,0.11044,0.085894,0.099765,0.10974,0.123,0.14177,0.086981,0.083071,0.052248,0.11775,0.10095,0.11715,0.10264,0.073704,0.12286,0.12957,0.1934,0.08915,0.10562,0.097731,0.10583,0.083197,0.084,0.092255,0.11143,0.098877,0.10277,0.11388
0.10475,0.09696,0.074128,0.0977,0.066388,0.072414,0,0.083579,0.066408,0.10581,0.070676,0.063067,0.10014,0.079786,0.096224,0.10533,0.081491,0.18134,0.086595,0.1049,0.089696,0.085809,0.085158,0.10276,0.061431,0.088668,0.093237,0.12932,0.10098,0.072836,0.10667,0.12479,0.10893,0.10483,0.075772,0.093176,0.080653,0.098949,0.076752,0.088339,0.066636,0.11398,0.10195,0.11281,0.11227,0.089493,0.10953,0.10595,0.090859,0.097455,0.074024,0.069937,0.1512,0.086037,0.11854,0.084802,0.081272,0.086812,0.083422,0.083727,0.081159,0.10163,0.092993,0.12245,0.11036,0.11888,0.094675,0.097813,0.084883,0.071067,0.081995,0.10232,0.11245,0.086372,0.074128,0.088787,0.099564,0.078732,0.079848,0.096998,0.078827,0.10868,0.078975,0.096045,0.08879,0.080913,0.11833,0.068251,0.066878,0.10648,0.11518,0.066243,0.08341,0.10219,0.070972,0.079197,0.079816,0.080532,0.10465,0.086318,0.098713,0.1,0.099746,0.079441,0.099644,0.090503,0.10234,0.063706,0.092244,0.13732,0.087247,0.079438,0.099819,0.11417,0.076016,0.091631,0.090392,0.10699,0.069479,0.092726,0.099322,0.061107,0.16587,0.096611,0.095065,0.08234,0.096446,0.079739,0.076613,0.097465,0.11666,0.098286,0.080208,0.09016,0.13313,0.09288,0.089589,0.072625,0.070505,0.077597,0.076315,0.10003,0.082151,0.11491,0.092597,0.237,0.11987,0.069717,0.10207,0.096855,0.083763,0.1132,0.086523,0.11648,0.080311,0.098021,0.088558,0.091709,0.096415,0.071944,0.090774,0.10642,0.12035,0.16795,0.065273,0.088786,0.072936,0.096856,0.090217,0.08469,0.096002,0.090338,0.10661,0.11258,0.21059,0.082448,0.093975,0.087434,0.11162,0.1295,0.09649,0.066565,0.090815,0.079549,0.097585,0.09489
0.12021,0.090025,0.071727,0.07372,0.077852,0.10193,0.083579,0,0.059155,0.091788,0.081307,0.088745,0.095495,0.080897,0.084904,0.11086,0.081793,0.17531,0.085028,0.12749,0.091074,0.086354,0.073114,0.078587,0.089528,0.084748,0.07886,0.12352,0.090347,0.072705,0.11138,0.12099,0.11189,0.12708,0.071962,0.077622,0.064311,0.089709,0.069438,0.084024,0.073932,0.10734,0.10636,0.12048,0.094911,0.083076,0.10002,0.12423,0.084259,0.084553,0.079444,0.065603,0.12215,0.095981,0.11113,0.07304,0.079807,0.073379,0.11933,0.075532,0.083891,0.085697,0.064668,0.099985,0.093492,0.1297,0.092977,0.074744,0.095663,0.07065,0.065381,0.079757,0.097857,0.083909,0.072064,0.068978,0.08032,0.11299,0.062482,0.10318,0.07038,0.1042,0.082591,0.11314,0.082324,0.06312,0.089102,0.072283,0.068602,0.079119,0.10406,0.069717,0.080478,0.094118,0.070957,0.070486,0.072734,0.078069,0.080844,0.073909,0.09433,0.065897,0.082414,0.075475,0.099901,0.086653,0.12818,0.066942,0.11205,0.15768,0.056301,0.073748,0.09172,0.11958,0.077886,0.076545,0.096833,0.098229,0.073568,0.088544,0.10112,0.097594,0.18017,0.087796,0.078074,0.098026,0.11074,0.058571,0.063705,0.054789,0.11052,0.076838,0.061461,0.084063,0.12427,0.088406,0.08852,0.099184,0.072954,0.077936,0.069764,0.11785,0.07777,0.096363,0.087137,0.24375,0.098542,0.077307,0.09525,0.076189,0.076997,0.095488,0.085706,0.15963,0.072877,0.10757,0.095357,0.087428,0.088701,0.064761,0.084793,0.097331,0.10026,0.19124,0.074894,0.095282,0.10209,0.092454,0.068689,0.070062,0.089281,0.088943,0.10018,0.11774,0.23369,0.07181,0.098776,0.069378,0.13668,0.15039,0.086718,0.093147,0.074408,0.072214,0.07921,0.082418
0.10939,0.066328,0.051936,0.057137,0.057404,0.080743,0.066408,0.059155,0,0.070739,0.053945,0.062128,0.062173,0.054118,0.072007,0.10123,0.055401,0.16731,0.053938,0.11963,0.060016,0.067607,0.049754,0.072776,0.069646,0.05338,0.060232,0.098952,0.06469,0.045245,0.079426,0.1124,0.094575,0.11487,0.054257,0.056881,0.049276,0.061788,0.049477,0.057282,0.036055,0.10702,0.07051,0.11421,0.07401,0.052232,0.080868,0.10535,0.061678,0.066303,0.078144,0.03765,0.12241,0.071351,0.1083,0.059061,0.060731,0.05314,0.10936,0.056371,0.047615,0.061638,0.072101,0.083907,0.073068,0.11177,0.064186,0.064949,0.064103,0.054271,0.041268,0.072065,0.088657,0.062108,0.040125,0.05444,0.069839,0.086133,0.051627,0.075708,0.041013,0.076374,0.050684,0.095054,0.06258,0.057895,0.079655,0.051633,0.044837,0.066596,0.084954,0.040311,0.054618,0.06574,0.041896,0.046782,0.063674,0.056405,0.065328,0.054049,0.075058,0.059606,0.071659,0.052798,0.062656,0.058476,0.096427,0.040812,0.078331,0.14775,0.049112,0.039593,0.072806,0.10439,0.037953,0.053129,0.072658,0.09656,0.051677,0.072037,0.079845,0.081816,0.18258,0.072585,0.08666,0.088191,0.085628,0.046795,0.049557,0.07485,0.10171,0.065205,0.058531,0.067987,0.11714,0.05851,0.06544,0.066409,0.0315,0.040524,0.05169,0.098729,0.049902,0.0794,0.064984,0.23407,0.080761,0.050506,0.083695,0.050036,0.05185,0.094572,0.049123,0.15185,0.058957,0.10559,0.074489,0.051786,0.065296,0.044475,0.059069,0.072022,0.08491,0.18531,0.044687,0.068252,0.082099,0.069278,0.047074,0.070696,0.060667,0.064408,0.079962,0.091584,0.23489,0.052262,0.0649,0.071024,0.12219,0.13051,0.078133,0.065881,0.054687,0.044971,0.058941,0.077764
0.13066,0.085966,0.070115,0.086766,0.10225,0.10953,0.10581,0.091788,0.070739,0,0.060854,0.099197,0.055605,0.091608,0.076247,0.10291,0.084043,0.18158,0.079598,0.13127,0.083203,0.082762,0.060372,0.077512,0.090078,0.079654,0.07609,0.11529,0.083464,0.063741,0.098564,0.11663,0.10164,0.13939,0.087155,0.063201,0.074284,0.053352,0.060528,0.075662,0.078965,0.11035,0.090132,0.13613,0.10417,0.087715,0.082425,0.12581,0.075928,0.095623,0.12124,0.067964,0.093896,0.087901,0.10353,0.06781,0.095904,0.089715,0.12373,0.067946,0.075377,0.073587,0.079417,0.11007,0.10546,0.14975,0.074969,0.084228,0.092023,0.071215,0.066989,0.076479,0.08016,0.070486,0.063949,0.056415,0.075765,0.13301,0.064442,0.098053,0.080699,0.10703,0.076478,0.13009,0.065738,0.069811,0.08821,0.080716,0.087792,0.089024,0.0939,0.07302,0.074935,0.071973,0.054376,0.068171,0.080684,0.084045,0.090995,0.063293,0.096635,0.07703,0.066181,0.082745,0.085448,0.062185,0.10535,0.066287,0.10943,0.16806,0.052001,0.05364,0.059277,0.10607,0.057306,0.064166,0.10944,0.088826,0.069948,0.066836,0.10365,0.098244,0.18982,0.074163,0.12071,0.10724,0.11186,0.086955,0.075418,0.10067,0.098073,0.084078,0.087365,0.084016,0.11849,0.068566,0.10441,0.097326,0.067689,0.076931,0.070956,0.131,0.075395,0.09125,0.081036,0.23795,0.091728,0.091076,0.07548,0.076544,0.072899,0.087344,0.09266,0.1849,0.079794,0.13352,0.082554,0.071191,0.066155,0.085906,0.064345,0.11406,0.098116,0.21927,0.078911,0.086502,0.09727,0.087444,0.079296,0.087108,0.043485,0.084868,0.069057,0.1074,0.27035,0.062001,0.064661,0.10793,0.15372,0.1501,0.082169,0.090437,0.058535,0.069001,0.067525,0.082581
0.12498,0.075416,0.043852,0.081065,0.078802,0.096099,0.070676,0.081307,0.053945,0.060854,0,0.064147,0.060257,0.061079,0.059645,0.081222,0.070029,0.18707,0.05517,0.12531,0.069351,0.069184,0.042908,0.062826,0.079221,0.044786,0.054775,0.10949,0.077519,0.045543,0.084422,0.12447,0.11116,0.12443,0.052076,0.060256,0.055527,0.063671,0.033261,0.063313,0.055554,0.098322,0.083882,0.12696,0.093912,0.074923,0.066854,0.10435,0.059537,0.077296,0.10012,0.050049,0.098532,0.079438,0.11337,0.053459,0.072296,0.071216,0.10533,0.052546,0.043639,0.064118,0.088371,0.10153,0.083979,0.13319,0.070404,0.074507,0.080354,0.048964,0.046562,0.070487,0.075159,0.056814,0.041094,0.0482,0.067423,0.10454,0.047789,0.085541,0.060561,0.083487,0.056679,0.10292,0.049653,0.053649,0.093331,0.053538,0.067393,0.082807,0.088447,0.043622,0.063076,0.069275,0.03158,0.056757,0.067674,0.059408,0.073405,0.044547,0.083053,0.060911,0.066444,0.053822,0.072256,0.05294,0.075066,0.041815,0.079703,0.15328,0.055322,0.044045,0.064953,0.10803,0.036445,0.047729,0.093253,0.091206,0.054243,0.064752,0.08119,0.083092,0.16883,0.053117,0.093315,0.097424,0.10391,0.072798,0.054642,0.08564,0.10588,0.07311,0.068619,0.06785,0.10101,0.071032,0.083042,0.08322,0.041613,0.047886,0.049268,0.10562,0.055947,0.094825,0.054667,0.23278,0.090395,0.068048,0.074487,0.076974,0.062305,0.097499,0.059583,0.15147,0.056147,0.1184,0.061602,0.059087,0.053862,0.062246,0.05876,0.095875,0.088471,0.20601,0.045568,0.072625,0.088069,0.060064,0.059016,0.070448,0.057407,0.070172,0.067633,0.094588,0.24564,0.055276,0.05562,0.079129,0.13885,0.1494,0.07645,0.074274,0.035456,0.042086,0.057027,0.076497
0.11137,0.10502,0.075111,0.095579,0.084961,0.080042,0.063067,0.088745,0.062128,0.099197,0.064147,0,0.097611,0.065366,0.087942,0.102,0.079179,0.17146,0.068008,0.11303,0.097307,0.068214,0.078148,0.10052,0.070311,0.069717,0.085914,0.11795,0.085576,0.062724,0.095011,0.13976,0.11195,0.12178,0.064143,0.090974,0.065172,0.098961,0.064542,0.071571,0.069999,0.11499,0.090875,0.12764,0.07743,0.095105,0.097508,0.11314,0.078718,0.095567,0.086226,0.064865,0.14411,0.080529,0.12869,0.076904,0.083275,0.081655,0.091696,0.075575,0.06651,0.078383,0.085374,0.11324,0.092097,0.11266,0.079746,0.095192,0.077913,0.078634,0.069247,0.10096,0.1124,0.079449,0.064018,0.084906,0.09768,0.08508,0.065583,0.10333,0.069091,0.085638,0.070418,0.087676,0.076994,0.084399,0.10531,0.072181,0.067589,0.098297,0.10785,0.05585,0.078647,0.087893,0.065601,0.060798,0.091579,0.083128,0.09142,0.073818,0.098654,0.088323,0.091448,0.071829,0.083362,0.08715,0.089232,0.064096,0.093781,0.14255,0.076346,0.072779,0.10156,0.12294,0.071142,0.082616,0.09459,0.12095,0.075172,0.10316,0.064242,0.084006,0.18316,0.085723,0.090666,0.088695,0.082703,0.077581,0.075894,0.093954,0.12635,0.082321,0.083147,0.084722,0.13455,0.098625,0.097172,0.075961,0.058826,0.060567,0.074543,0.1214,0.068062,0.109,0.071678,0.2371,0.10655,0.056624,0.1027,0.086065,0.080002,0.10811,0.080224,0.14105,0.072342,0.10843,0.083865,0.083564,0.091911,0.063063,0.097699,0.10116,0.10561,0.19188,0.059543,0.092414,0.096506,0.090826,0.079102,0.10596,0.091816,0.081911,0.10531,0.11331,0.20943,0.078342,0.082358,0.089552,0.11351,0.14033,0.10279,0.066808,0.075857,0.072925,0.084919,0.11823
0.13769,0.061348,0.060312,0.081651,0.083277,0.10516,0.10014,0.095495,0.062173,0.055605,0.060257,0.097611,0,0.077354,0.063545,0.11596,0.07021,0.18432,0.067334,0.13638,0.060336,0.083235,0.048504,0.075216,0.08811,0.074268,0.066575,0.097705,0.060802,0.062615,0.096015,0.11344,0.12267,0.14255,0.076938,0.039037,0.072484,0.036955,0.064169,0.060781,0.053767,0.11391,0.071007,0.13454,0.10402,0.073654,0.074874,0.11793,0.061026,0.065218,0.11746,0.053878,0.1086,0.08208,0.11149,0.06013,0.079934,0.070116,0.12887,0.056616,0.064474,0.05919,0.091528,0.091948,0.093229,0.13625,0.055648,0.063511,0.092224,0.070169,0.06135,0.079395,0.076056,0.06109,0.054957,0.06404,0.078414,0.11524,0.065958,0.093496,0.069148,0.1037,0.062359,0.12351,0.076469,0.068367,0.093464,0.071766,0.081766,0.074416,0.087311,0.060148,0.055219,0.053736,0.045368,0.064829,0.082754,0.072959,0.079624,0.064446,0.081689,0.072661,0.06995,0.070716,0.059989,0.04998,0.098558,0.05064,0.086371,0.16737,0.065838,0.051472,0.06089,0.11135,0.040489,0.057564,0.085682,0.093447,0.06022,0.049092,0.11433,0.094554,0.18862,0.082118,0.12053,0.10628,0.11234,0.070444,0.064668,0.090617,0.090852,0.095288,0.081605,0.081801,0.10695,0.03693,0.074451,0.078592,0.055326,0.056297,0.056841,0.11828,0.058071,0.079342,0.069246,0.23746,0.077144,0.085207,0.075091,0.064083,0.063522,0.10657,0.067964,0.16768,0.077374,0.12674,0.076309,0.051069,0.058689,0.080736,0.050075,0.093324,0.084058,0.20795,0.063101,0.066416,0.094649,0.071392,0.069916,0.083564,0.025902,0.07477,0.067728,0.10115,0.2668,0.05255,0.057233,0.089512,0.14754,0.14201,0.078291,0.086454,0.062103,0.050877,0.061165,0.0848
0.10779,0.084425,0.067347,0.086681,0.063007,0.087819,0.079786,0.080897,0.054118,0.091608,0.061079,0.065366,0.077354,0,0.072624,0.10954,0.063704,0.18785,0.06399,0.11432,0.072451,0.066829,0.062655,0.073805,0.077733,0.056604,0.078155,0.096175,0.058658,0.057295,0.071871,0.12017,0.12667,0.11073,0.0495,0.075562,0.066006,0.086852,0.062809,0.066551,0.055775,0.12314,0.084887,0.13301,0.060212,0.069744,0.094574,0.099512,0.069357,0.085621,0.096026,0.054234,0.1393,0.073763,0.11368,0.068122,0.060573,0.06756,0.099379,0.060859,0.053335,0.062717,0.097218,0.10195,0.0924,0.10478,0.076422,0.069275,0.087654,0.072067,0.055865,0.079089,0.093861,0.069555,0.057615,0.065455,0.088105,0.088663,0.055355,0.08486,0.049875,0.08585,0.0643,0.085638,0.082773,0.065713,0.10589,0.067382,0.058674,0.08394,0.083489,0.044418,0.067397,0.081081,0.0618,0.06292,0.060682,0.072261,0.069888,0.062531,0.089255,0.080192,0.081483,0.054523,0.066473,0.079795,0.10479,0.056661,0.074986,0.1397,0.070324,0.063216,0.099889,0.11449,0.059288,0.066301,0.072933,0.10273,0.056717,0.095782,0.090324,0.090857,0.19686,0.092722,0.085098,0.082576,0.081923,0.06574,0.057997,0.078454,0.10547,0.091562,0.076512,0.067751,0.13473,0.084737,0.084298,0.080353,0.050121,0.052957,0.070192,0.10878,0.060142,0.081141,0.066472,0.23504,0.0766,0.064907,0.086457,0.072772,0.066019,0.10812,0.049067,0.13912,0.066002,0.10893,0.071778,0.06776,0.083322,0.058393,0.077004,0.07428,0.093957,0.18,0.06111,0.082126,0.083489,0.077948,0.059235,0.092407,0.082105,0.05792,0.10463,0.10249,0.21255,0.065308,0.07776,0.070447,0.12512,0.13025,0.081616,0.088819,0.066726,0.054934,0.070273,0.10237
0.12864,0.082837,0.063764,0.078597,0.077324,0.10116,0.096224,0.084904,0.072007,0.076247,0.059645,0.087942,0.063545,0.072624,0,0.12492,0.051632,0.19031,0.057469,0.13374,0.078964,0.085216,0.055181,0.069489,0.089049,0.06158,0.044235,0.097463,0.061256,0.057405,0.091344,0.11355,0.13004,0.14548,0.077101,0.058721,0.066215,0.074473,0.061456,0.050895,0.067097,0.083074,0.06637,0.14019,0.099015,0.073429,0.081063,0.10888,0.079453,0.083262,0.10187,0.047987,0.11854,0.089201,0.10418,0.065185,0.07012,0.069446,0.11222,0.066103,0.0579,0.052518,0.086549,0.094209,0.090803,0.1338,0.064983,0.074719,0.087238,0.076297,0.06064,0.061236,0.077304,0.065251,0.063044,0.055377,0.072345,0.1065,0.048865,0.099241,0.053809,0.10124,0.057588,0.10145,0.06206,0.068416,0.084274,0.067057,0.074244,0.07335,0.099572,0.058678,0.060702,0.064784,0.056378,0.069438,0.068885,0.060446,0.096158,0.056196,0.076395,0.071853,0.072721,0.062035,0.077231,0.06361,0.10741,0.055918,0.092585,0.15883,0.062999,0.065594,0.074998,0.11278,0.062423,0.071935,0.086014,0.097276,0.054817,0.060509,0.10554,0.10175,0.15454,0.084731,0.087579,0.095357,0.10947,0.063876,0.061878,0.080399,0.094863,0.098105,0.062244,0.067848,0.11953,0.0691,0.07918,0.086708,0.070667,0.066938,0.055791,0.12438,0.048123,0.082084,0.076459,0.24132,0.071329,0.072471,0.072823,0.075953,0.070102,0.1142,0.068238,0.15705,0.06543,0.10547,0.071552,0.053794,0.070473,0.062435,0.054143,0.10974,0.078725,0.21805,0.060014,0.072208,0.10105,0.050464,0.073532,0.088854,0.061772,0.06466,0.074775,0.10662,0.23729,0.049416,0.073097,0.080362,0.13847,0.15058,0.083296,0.082324,0.057586,0.053641,0.053711,0.089355
0.14522,0.12231,0.095561,0.12363,0.119,0.12963,0.10533,0.11086,0.10123,0.10291,0.081222,0.102,0.11596,0.10954,0.12492,0,0.12728,0.2148,0.11654,0.13568,0.10212,0.10103,0.091998,0.115,0.11006,0.095883,0.11935,0.1491,0.13255,0.094029,0.1399,0.15748,0.13667,0.12878,0.097307,0.11378,0.093134,0.10384,0.079024,0.12308,0.11631,0.13485,0.15248,0.1644,0.13266,0.12636,0.10242,0.145,0.11216,0.12202,0.1401,0.11277,0.1107,0.12228,0.14202,0.10303,0.12487,0.11878,0.13587,0.098459,0.10756,0.11911,0.1235,0.14526,0.12117,0.16526,0.12149,0.10633,0.11917,0.081552,0.092849,0.13531,0.12053,0.093857,0.091956,0.10007,0.12867,0.14854,0.10122,0.11912,0.12447,0.11753,0.1123,0.14921,0.10016,0.10774,0.12444,0.095755,0.12157,0.14138,0.11373,0.10013,0.11445,0.1197,0.092036,0.094608,0.11028,0.11034,0.11787,0.091352,0.13495,0.11094,0.11187,0.10156,0.12579,0.089843,0.11262,0.09937,0.11071,0.16733,0.096488,0.09537,0.093478,0.13817,0.10098,0.090153,0.15639,0.12853,0.10067,0.11789,0.086018,0.10755,0.19802,0.063265,0.13333,0.12714,0.13012,0.11713,0.094211,0.12109,0.14819,0.075069,0.11873,0.11598,0.13142,0.12366,0.13474,0.12113,0.095536,0.10779,0.10738,0.14733,0.11308,0.13534,0.09367,0.23878,0.12609,0.11872,0.11214,0.11726,0.10142,0.10333,0.1109,0.17948,0.094827,0.16629,0.11587,0.11854,0.090643,0.11774,0.11801,0.14182,0.12713,0.20888,0.10511,0.13405,0.11992,0.1269,0.10334,0.10565,0.10913,0.11597,0.10469,0.12987,0.26237,0.10419,0.10817,0.10559,0.17044,0.16559,0.1089,0.10931,0.095839,0.10445,0.11551,0.12016
0.10641,0.088506,0.071089,0.060041,0.052587,0.077525,0.081491,0.081793,0.055401,0.084043,0.070029,0.079179,0.07021,0.063704,0.051632,0.12728,0,0.18909,0.067158,0.11182,0.073153,0.091829,0.066325,0.077692,0.070051,0.069063,0.068748,0.087644,0.05612,0.057115,0.08303,0.095955,0.11296,0.12114,0.084585,0.059414,0.06539,0.078085,0.070823,0.051388,0.060312,0.1034,0.056059,0.11631,0.081433,0.061126,0.10071,0.095492,0.078843,0.079777,0.089097,0.050423,0.14362,0.085256,0.095268,0.068646,0.068482,0.071129,0.09826,0.075072,0.054747,0.058767,0.076446,0.10188,0.080889,0.11853,0.064248,0.079954,0.069939,0.07845,0.063731,0.075524,0.10193,0.078109,0.055356,0.060872,0.080855,0.089514,0.052875,0.088244,0.037246,0.093872,0.059081,0.10024,0.070585,0.079176,0.096616,0.067905,0.057673,0.077451,0.10074,0.056528,0.063841,0.066455,0.062192,0.069191,0.057749,0.067551,0.090992,0.063147,0.085357,0.075009,0.088745,0.052302,0.068981,0.065737,0.1088,0.055575,0.079269,0.14013,0.062914,0.063728,0.087683,0.10135,0.065363,0.077171,0.06967,0.10775,0.05179,0.076976,0.094911,0.090026,0.17684,0.092235,0.089704,0.083282,0.083583,0.051138,0.057018,0.084766,0.088014,0.095092,0.051638,0.079403,0.14309,0.063807,0.069179,0.064546,0.065871,0.066589,0.057486,0.10914,0.046346,0.080967,0.07926,0.22267,0.081332,0.06622,0.085909,0.069886,0.06589,0.10039,0.060312,0.13745,0.064299,0.097715,0.080219,0.05157,0.079667,0.051273,0.063529,0.088516,0.089308,0.1847,0.06789,0.068814,0.083113,0.075949,0.077309,0.08587,0.07059,0.049126,0.088531,0.1138,0.22334,0.051478,0.082198,0.080881,0.12499,0.13014,0.078886,0.074014,0.075268,0.062189,0.056364,0.091434
0.21891,0.17717,0.16859,0.18105,0.18217,0.18257,0.18134,0.17531,0.16731,0.18158,0.18707,0.17146,0.18432,0.18785,0.19031,0.2148,0.18909,0,0.16219,0.22844,0.20017,0.18482,0.17571,0.19169,0.17267,0.1782,0.17688,0.19569,0.17687,0.17962,0.194,0.20586,0.16199,0.23849,0.18294,0.18129,0.17538,0.18657,0.18205,0.16253,0.16595,0.17097,0.18812,0.22618,0.19007,0.19406,0.21351,0.24101,0.1836,0.19018,0.19259,0.16559,0.21169,0.17682,0.20514,0.18274,0.18967,0.16702,0.21637,0.18517,0.18231,0.17386,0.1714,0.18488,0.2071,0.2115,0.16601,0.17537,0.18788,0.18146,0.17747,0.19932,0.18134,0.18742,0.17264,0.18373,0.17228,0.19518,0.1761,0.20276,0.18154,0.1859,0.16227,0.19968,0.17745,0.18707,0.17467,0.19047,0.18133,0.16828,0.18475,0.1785,0.16246,0.17249,0.17684,0.17486,0.19835,0.19596,0.17761,0.19454,0.16367,0.18848,0.15968,0.19583,0.19261,0.19387,0.19918,0.1736,0.19425,0.23384,0.18074,0.18421,0.19212,0.22072,0.17329,0.17393,0.17812,0.18886,0.17925,0.1825,0.18704,0.18431,0.24257,0.18469,0.19673,0.19854,0.18042,0.18356,0.18712,0.18707,0.20549,0.18381,0.19057,0.18416,0.19909,0.18177,0.18665,0.17766,0.17516,0.1803,0.17871,0.19539,0.16898,0.18441,0.18703,0.3616,0.19314,0.16862,0.19585,0.16448,0.17829,0.21261,0.18853,0.25267,0.19179,0.21359,0.17716,0.18021,0.19504,0.18386,0.18429,0.19524,0.17529,0.26786,0.1665,0.17245,0.19123,0.18008,0.17229,0.19804,0.17987,0.18881,0.19657,0.16217,0.30967,0.18563,0.18118,0.18649,0.19672,0.21075,0.19867,0.17215,0.18612,0.18681,0.17978,0.19374
0.14027,0.067713,0.049233,0.066874,0.079695,0.10524,0.086595,0.085028,0.053938,0.079598,0.05517,0.068008,0.067334,0.06399,0.057469,0.11654,0.067158,0.16219,0,0.14904,0.078131,0.081793,0.05431,0.068945,0.089004,0.047114,0.041561,0.10104,0.06966,0.043156,0.08422,0.12955,0.11594,0.14575,0.064954,0.066785,0.054216,0.069181,0.057258,0.045386,0.054814,0.086625,0.064115,0.1466,0.091252,0.070339,0.082581,0.10661,0.072541,0.079794,0.095814,0.042945,0.11858,0.084517,0.12553,0.060361,0.077783,0.061753,0.12648,0.057926,0.043938,0.057862,0.087444,0.093348,0.082735,0.13119,0.064247,0.07895,0.082449,0.068668,0.052696,0.067408,0.074455,0.062165,0.057774,0.056105,0.063797,0.10251,0.057446,0.097337,0.054362,0.081579,0.049704,0.10354,0.060676,0.070379,0.082498,0.069278,0.066818,0.061899,0.079189,0.055429,0.048337,0.059455,0.051365,0.059205,0.078114,0.058027,0.085708,0.063877,0.068774,0.075336,0.062338,0.06622,0.081476,0.069093,0.098935,0.053068,0.076387,0.16266,0.067571,0.057151,0.075186,0.13085,0.044383,0.055179,0.087558,0.096452,0.062401,0.068517,0.093019,0.10424,0.16643,0.079863,0.094769,0.11012,0.097926,0.067892,0.064307,0.091191,0.11348,0.086031,0.077196,0.068445,0.10458,0.070836,0.079955,0.084529,0.045863,0.047931,0.050475,0.1127,0.046352,0.08122,0.061862,0.25244,0.073336,0.063565,0.076541,0.06306,0.059466,0.1212,0.059422,0.16244,0.063599,0.11831,0.072923,0.050863,0.069644,0.064405,0.054022,0.10319,0.07064,0.22194,0.044046,0.080081,0.1031,0.043764,0.057069,0.089043,0.06672,0.07027,0.073657,0.090084,0.24475,0.054085,0.065622,0.080039,0.14005,0.15521,0.093064,0.067452,0.054027,0.054958,0.056791,0.098104
0.06341,0.15325,0.13911,0.14822,0.10987,0.074427,0.1049,0.12749,0.11963,0.13127,0.12531,0.11303,0.13638,0.11432,0.13374,0.13568,0.11182,0.22844,0.14904,0,0.13446,0.10495,0.13087,0.14211,0.07756,0.1414,0.15196,0.13749,0.11599,0.11846,0.13494,0.11398,0.1384,0.090335,0.12676,0.13258,0.12186,0.13469,0.12326,0.12795,0.12612,0.16714,0.14576,0.13064,0.11726,0.13074,0.15178,0.14754,0.12797,0.1424,0.12022,0.12046,0.19281,0.099351,0.10106,0.12842,0.12039,0.14194,0.063974,0.12368,0.13229,0.12675,0.11667,0.16057,0.15563,0.12534,0.12325,0.13304,0.11262,0.12335,0.12423,0.14556,0.15199,0.126,0.11887,0.13213,0.15375,0.12142,0.11137,0.11547,0.12102,0.15418,0.12901,0.11578,0.13548,0.12567,0.15901,0.11341,0.11577,0.15281,0.15595,0.1101,0.13443,0.13464,0.11947,0.11304,0.11006,0.13566,0.14273,0.11852,0.16136,0.14257,0.1464,0.11218,0.12446,0.12531,0.15738,0.11168,0.14041,0.11617,0.1172,0.12264,0.14064,0.097033,0.13171,0.13781,0.12804,0.1375,0.10613,0.14186,0.13075,0.081688,0.22329,0.14146,0.13625,0.064174,0.095632,0.11659,0.11406,0.1282,0.11942,0.13454,0.1227,0.12145,0.20178,0.13559,0.14369,0.10363,0.12786,0.13275,0.13234,0.1593,0.12516,0.14079,0.1312,0.20044,0.14352,0.11778,0.12836,0.12687,0.12796,0.10306,0.13158,0.13563,0.11325,0.11009,0.12978,0.13269,0.13505,0.12203,0.1394,0.13863,0.15617,0.13862,0.13232,0.1305,0.080307,0.16051,0.1418,0.14449,0.12951,0.11427,0.14973,0.17666,0.18928,0.12103,0.14069,0.12963,0.12856,0.092295,0.10634,0.12497,0.13934,0.13051,0.13864,0.14499
0.1285,0.064373,0.057923,0.076125,0.067431,0.10335,0.089696,0.091074,0.060016,0.083203,0.069351,0.097307,0.060336,0.072451,0.078964,0.10212,0.073153,0.20017,0.078131,0.13446,0,0.090848,0.054055,0.085761,0.088131,0.073509,0.076931,0.095203,0.078888,0.063406,0.10803,0.11953,0.12805,0.12172,0.079826,0.056197,0.073349,0.063584,0.063607,0.07643,0.063543,0.12087,0.085242,0.1394,0.10679,0.062404,0.074899,0.098926,0.080538,0.072837,0.10999,0.063385,0.13016,0.09174,0.12102,0.079179,0.07197,0.059727,0.12803,0.071321,0.073197,0.07686,0.10159,0.086922,0.093996,0.12945,0.080134,0.071395,0.089577,0.073678,0.071048,0.093065,0.1015,0.068714,0.061322,0.064767,0.093574,0.10388,0.075191,0.090754,0.075349,0.10977,0.071846,0.12159,0.082736,0.083807,0.084911,0.065082,0.074844,0.10027,0.085035,0.061406,0.064629,0.074459,0.062627,0.068597,0.0808,0.067702,0.093961,0.060759,0.081937,0.085183,0.084866,0.080291,0.076089,0.054978,0.10553,0.063837,0.073222,0.17016,0.077273,0.063555,0.076168,0.1131,0.061389,0.065553,0.10213,0.10279,0.061347,0.072017,0.10528,0.093652,0.18814,0.079511,0.10856,0.10395,0.11315,0.063665,0.058606,0.094112,0.10817,0.084496,0.078308,0.085643,0.12381,0.056771,0.082415,0.075256,0.058083,0.066146,0.068839,0.11,0.066754,0.09366,0.085904,0.24288,0.078322,0.077002,0.09058,0.07393,0.051784,0.11275,0.067426,0.15864,0.078446,0.12717,0.096689,0.070743,0.068274,0.071143,0.065893,0.096417,0.10116,0.18829,0.06921,0.088227,0.092886,0.082586,0.066573,0.079622,0.063975,0.071784,0.082176,0.085111,0.24876,0.056003,0.069325,0.075143,0.1274,0.14039,0.092279,0.07976,0.075999,0.054089,0.082412,0.083965
0.10704,0.093073,0.085058,0.11195,0.09303,0.084402,0.085809,0.086354,0.067607,0.082762,0.069184,0.068214,0.083235,0.066829,0.085216,0.10103,0.091829,0.18482,0.081793,0.10495,0.090848,0,0.075504,0.09393,0.077383,0.079009,0.087027,0.11192,0.077669,0.066461,0.084007,0.13388,0.12151,0.1187,0.056996,0.090246,0.075908,0.086156,0.066397,0.079485,0.070175,0.12176,0.1032,0.14029,0.08565,0.092118,0.076061,0.13268,0.082818,0.098007,0.090282,0.066121,0.1305,0.057203,0.11887,0.081533,0.068514,0.081073,0.1008,0.054277,0.077984,0.073775,0.094467,0.10026,0.10511,0.11376,0.071344,0.075002,0.081815,0.078464,0.063862,0.086926,0.086586,0.06253,0.075476,0.086276,0.10381,0.10062,0.066207,0.090889,0.076952,0.097123,0.072037,0.077533,0.087085,0.063463,0.098458,0.067263,0.077121,0.094436,0.10707,0.059542,0.083124,0.084429,0.061397,0.056219,0.089239,0.083561,0.094031,0.067023,0.10249,0.091568,0.091369,0.074833,0.077926,0.077843,0.10484,0.06189,0.10434,0.14933,0.068185,0.065187,0.086042,0.10957,0.066706,0.079346,0.10065,0.092948,0.069277,0.091709,0.10025,0.082147,0.18567,0.094706,0.10469,0.074876,0.09157,0.081396,0.075128,0.079443,0.11492,0.080826,0.093472,0.060251,0.12859,0.097563,0.10217,0.084479,0.063452,0.063163,0.085203,0.14522,0.075451,0.084741,0.078714,0.23812,0.091631,0.062755,0.081152,0.080313,0.077043,0.098366,0.083037,0.16885,0.070775,0.10183,0.076971,0.078494,0.081737,0.076334,0.086695,0.10521,0.10513,0.19357,0.064975,0.097138,0.088583,0.089641,0.072829,0.10717,0.078829,0.088109,0.096589,0.11296,0.21246,0.072806,0.072343,0.089599,0.12774,0.12809,0.080506,0.091629,0.07246,0.071714,0.090867,0.10677
0.12351,0.062378,0.038556,0.06884,0.070165,0.097315,0.085158,0.073114,0.049754,0.060372,0.042908,0.078148,0.048504,0.062655,0.055181,0.091998,0.066325,0.17571,0.05431,0.13087,0.054055,0.075504,0,0.063246,0.077446,0.052275,0.050075,0.097525,0.05873,0.043986,0.094012,0.10958,0.10986,0.12531,0.05322,0.03959,0.043294,0.048709,0.032991,0.05196,0.051266,0.093547,0.081316,0.14039,0.091561,0.062648,0.072418,0.10717,0.055375,0.065324,0.10251,0.038311,0.097655,0.077776,0.10157,0.047737,0.070256,0.049658,0.1152,0.053951,0.050832,0.047725,0.07937,0.086794,0.089322,0.12494,0.059826,0.06018,0.080926,0.043517,0.042605,0.076621,0.072489,0.06014,0.037416,0.040562,0.063598,0.10489,0.042811,0.085638,0.059974,0.0925,0.050313,0.108,0.060389,0.055223,0.071438,0.04362,0.066527,0.072361,0.079346,0.044838,0.048612,0.055281,0.03525,0.045164,0.070211,0.059891,0.069987,0.039455,0.067031,0.057242,0.046931,0.059658,0.067723,0.04221,0.096188,0.040629,0.079706,0.15448,0.051407,0.041392,0.058459,0.10391,0.037903,0.042764,0.08874,0.090505,0.041168,0.059895,0.089158,0.085262,0.1786,0.051201,0.092083,0.095458,0.10119,0.055124,0.040836,0.072902,0.089966,0.067781,0.071443,0.06721,0.099502,0.05316,0.071645,0.078761,0.047288,0.051296,0.04608,0.10601,0.046065,0.088221,0.054159,0.24763,0.071453,0.067286,0.065453,0.051041,0.045391,0.095844,0.053844,0.15839,0.053111,0.1213,0.070743,0.050281,0.041661,0.064382,0.051153,0.089588,0.067474,0.20112,0.044479,0.06548,0.089526,0.058314,0.044289,0.072493,0.045344,0.064123,0.062344,0.083715,0.25392,0.041496,0.05362,0.063299,0.13356,0.14126,0.078058,0.070717,0.041471,0.038836,0.052121,0.077842
0.1426,0.075171,0.063109,0.077604,0.089931,0.11423,0.10276,0.078587,0.072776,0.077512,0.062826,0.10052,0.075216,0.073805,0.069489,0.115,0.077692,0.19169,0.068945,0.14211,0.085761,0.09393,0.063246,0,0.097615,0.073356,0.062457,0.09288,0.076882,0.065846,0.087756,0.10997,0.12205,0.13333,0.079749,0.062786,0.066252,0.07432,0.067394,0.064738,0.074818,0.10813,0.095167,0.13195,0.099567,0.075604,0.090641,0.11522,0.068464,0.073129,0.10302,0.063597,0.11042,0.08467,0.11446,0.067161,0.07852,0.078963,0.13038,0.068663,0.066818,0.062011,0.088015,0.09555,0.093637,0.15135,0.075149,0.086984,0.095798,0.080479,0.067947,0.062509,0.065031,0.086551,0.066296,0.052566,0.058417,0.12777,0.050682,0.097466,0.071028,0.098853,0.074923,0.11655,0.06856,0.06258,0.10623,0.075231,0.077663,0.075952,0.093591,0.066008,0.079483,0.063392,0.060402,0.076175,0.077401,0.081884,0.069466,0.058463,0.099816,0.062178,0.077345,0.072693,0.093978,0.07109,0.11846,0.060355,0.089666,0.17039,0.069039,0.070067,0.087134,0.11151,0.061267,0.049598,0.10331,0.07068,0.073177,0.068449,0.11861,0.10568,0.18706,0.081763,0.10773,0.11429,0.11118,0.074664,0.05788,0.079909,0.10388,0.090924,0.0746,0.071655,0.11798,0.080277,0.09364,0.10535,0.068298,0.072846,0.060437,0.10912,0.064916,0.095447,0.074786,0.23594,0.097333,0.08382,0.073244,0.078454,0.070408,0.10362,0.071521,0.16544,0.058467,0.11923,0.0887,0.069607,0.068123,0.082317,0.060867,0.099402,0.084625,0.21011,0.078741,0.090156,0.096643,0.07272,0.06704,0.071744,0.075423,0.078579,0.077053,0.11395,0.25831,0.064067,0.079986,0.080868,0.15413,0.16357,0.070683,0.10566,0.062235,0.068047,0.06907,0.07066
0.083878,0.096282,0.079146,0.09278,0.06172,0.038377,0.061431,0.089528,0.069646,0.090078,0.079221,0.070311,0.08811,0.077733,0.089049,0.11006,0.070051,0.17267,0.089004,0.07756,0.088131,0.077383,0.077446,0.097615,0,0.093186,0.098165,0.095558,0.073738,0.063991,0.10353,0.094931,0.099038,0.090411,0.088199,0.079818,0.068367,0.086434,0.074399,0.069849,0.074567,0.11791,0.096601,0.12623,0.095639,0.088765,0.11346,0.11467,0.08215,0.092365,0.085879,0.066472,0.15752,0.059512,0.092084,0.085021,0.077247,0.084922,0.068966,0.074838,0.080736,0.078927,0.069461,0.12162,0.12003,0.11778,0.069884,0.089732,0.072198,0.078026,0.077361,0.10622,0.11034,0.083945,0.06503,0.084227,0.10274,0.093568,0.064358,0.086821,0.07707,0.11808,0.066294,0.098253,0.085511,0.088198,0.10621,0.068295,0.071199,0.1025,0.11423,0.061062,0.077772,0.077456,0.06776,0.061869,0.081126,0.089332,0.10303,0.076839,0.09687,0.10178,0.091037,0.07889,0.087109,0.081022,0.11857,0.056794,0.085156,0.11461,0.073613,0.073455,0.097857,0.092111,0.078385,0.083759,0.088096,0.094233,0.051973,0.089768,0.1004,0.03761,0.18962,0.09522,0.10566,0.055838,0.074664,0.074425,0.066497,0.090899,0.09222,0.093682,0.082904,0.080641,0.15434,0.085813,0.099931,0.043879,0.074739,0.08335,0.080485,0.12008,0.068259,0.10128,0.083094,0.23629,0.10394,0.066779,0.090343,0.075886,0.068838,0.084537,0.089216,0.1264,0.072236,0.096793,0.082475,0.079973,0.093022,0.081662,0.083896,0.10841,0.1068,0.15296,0.075516,0.079758,0.047133,0.10645,0.087687,0.10038,0.081674,0.065669,0.10475,0.11612,0.21058,0.069955,0.088302,0.084233,0.10812,0.0929,0.076736,0.070038,0.095393,0.085535,0.090689,0.10532
