0,0.23058,0.24167,0.21423,0.1975,0.18363,0.21097,0.23612,0.22278,0.22056,0.21725,0.21321,0.22556,0.22286,0.23143,0.23784,0.21807,0.23534,0.2569,0.16757,0.25106,0.2242,0.21735,0.23015,0.19839,0.21923,0.25217,0.2412,0.2254,0.21807,0.22175,0.19764,0.20749,0.1891,0.22963,0.22227,0.22006,0.21847,0.22795,0.22725,0.22213,0.23221,0.24299,0.23323,0.20539,0.1924,0.2299,0.21088,0.22754,0.33252,0.22907,0.21908,0.2325,0.22586,0.16627,0.19514,0.22998,0.20851,0.15996,0.23591,0.27529,0.23095,0.22054,0.21388,0.23011,0.21873,0.22858,0.18806,0.21476,0.22825,0.23422,0.24061,0.23956,0.22946,0.23033,0.23112,0.2247,0.19869,0.22678,0.2372,0.21796,0.22008,0.24892,0.2196,0.22562,0.25251,0.22707,0.21897,0.23953,0.22216,0.2548,0.22487,0.24247,0.22191,0.2222,0.2106,0.33118,0.21728,0.27022,0.2354,0.2113,0.21756,0.23799,0.21066,0.2243,0.23286,0.22427,0.24732,0.23856,0.22341,0.23715,0.22819,0.24478,0.22376,0.22118,0.20392,0.22252,0.22851,0.23671,0.22609,0.20696,0.19715,0.22251,0.23046,0.22421,0.14092,0.20959,0.19894,0.24042,0.20459,0.17437,0.21089,0.22388,0.22296,0.2335,0.23171,0.23478,0.24183,0.22678,0.23337,0.23301,0.26693,0.22571,0.22256,0.22798,0.20136,0.23887,0.19977,0.24342,0.21728,0.2518,0.26302,0.20985,0.19204,0.23402,0.2226,0.22694,0.22293,0.23412,0.21164,0.20588,0.24003,0.22505,0.20565,0.2139,0.21064,0.21137,0.22484,0.22497,0.22904,0.22748,0.23315,0.22556,0.22393,0.19129,0.22359,0.2229,0.21758,0.17856,0.2298,0.23117,0.24355,0.21462,0.22209,0.23253,0.25836
0.23058,0,0.047618,0.085433,0.087038,0.13409,0.071863,0.062859,0.054089,0.041198,0.059305,0.074004,0.051346,0.065816,0.060238,0.073031,0.057221,0.12291,0.12754,0.13047,0.098227,0.062756,0.040033,0.057568,0.088142,0.066063,0.076954,0.10945,0.055226,0.059073,0.060192,0.10431,0.086271,0.11311,0.058154,0.053389,0.073081,0.04419,0.057002,0.056669,0.079453,0.065488,0.092754,0.19769,0.067067,0.10492,0.080785,0.072129,0.10518,0.32685,0.19798,0.04888,0.066536,0.063343,0.11534,0.084624,0.088206,0.073929,0.199,0.080269,0.14062,0.060295,0.051583,0.056007,0.065344,0.058949,0.054257,0.14566,0.067066,0.06435,0.066352,0.057728,0.065397,0.069168,0.050332,0.06423,0.083669,0.090792,0.056544,0.080913,0.061309,0.066779,0.061276,0.054856,0.07286,0.076777,0.082517,0.078785,0.05253,0.063137,0.079547,0.076695,0.057659,0.046391,0.059328,0.075936,0.20055,0.066823,0.1729,0.063805,0.076437,0.048297,0.091791,0.10147,0.078761,0.052756,0.10088,0.15244,0.082366,0.13152,0.065295,0.053398,0.088137,0.12813,0.046753,0.086449,0.07745,0.089586,0.067585,0.054989,0.085746,0.10141,0.07672,0.04943,0.059868,0.12504,0.055234,0.085726,0.084176,0.087596,0.1158,0.06023,0.076892,0.048303,0.070979,0.063796,0.087412,0.092331,0.070605,0.069681,0.080164,0.18209,0.051773,0.075167,0.068495,0.069968,0.077342,0.066627,0.070144,0.082998,0.10652,0.13732,0.079923,0.12406,0.083645,0.12089,0.050439,0.071016,0.05332,0.085622,0.084186,0.092654,0.11153,0.20454,0.064303,0.10153,0.077842,0.062761,0.075173,0.05787,0.041521,0.065395,0.064613,0.067542,0.15234,0.11035,0.048932,0.08469,0.12575,0.11188,0.063818,0.065961,0.044328,0.051294,0.074152,0.08228
0.24167,0.047618,0,0.085902,0.08272,0.13622,0.061831,0.047182,0.041734,0.035935,0.047671,0.066798,0.039917,0.057925,0.047744,0.049352,0.068332,0.11267,0.11489,0.1349,0.085464,0.064084,0.034822,0.055901,0.091347,0.059533,0.061083,0.083871,0.047261,0.049455,0.062382,0.097101,0.074124,0.10658,0.053944,0.038057,0.06891,0.038706,0.034951,0.034595,0.075951,0.048861,0.088183,0.18571,0.071269,0.10284,0.081248,0.072293,0.097011,0.32195,0.21105,0.057278,0.058015,0.040794,0.11023,0.069068,0.065888,0.071464,0.20312,0.07595,0.1383,0.041867,0.048163,0.058743,0.049854,0.051685,0.034693,0.14579,0.053671,0.049691,0.045265,0.039822,0.053927,0.047579,0.051439,0.041402,0.065141,0.082036,0.045881,0.07755,0.043378,0.062324,0.05791,0.053636,0.052868,0.055666,0.05788,0.059149,0.050666,0.05502,0.054203,0.059112,0.05194,0.042838,0.0407,0.062485,0.18731,0.069144,0.15381,0.045649,0.062181,0.046776,0.077352,0.10004,0.0642,0.036935,0.10318,0.16583,0.066332,0.12692,0.062653,0.041783,0.06504,0.12166,0.046678,0.078387,0.057663,0.096874,0.048011,0.04216,0.069009,0.10561,0.060651,0.031745,0.061993,0.13212,0.056791,0.075575,0.069665,0.083442,0.11163,0.043234,0.0647,0.035026,0.060272,0.041987,0.069808,0.08016,0.069038,0.069823,0.078349,0.16119,0.032976,0.079149,0.045252,0.068259,0.067924,0.068557,0.052689,0.07982,0.12524,0.15039,0.062486,0.12305,0.075619,0.1196,0.050917,0.061738,0.03961,0.070378,0.084916,0.07566,0.10219,0.2045,0.051119,0.095083,0.08409,0.052224,0.063613,0.038207,0.043509,0.062382,0.043727,0.058077,0.15987,0.10589,0.047138,0.081045,0.13611,0.095113,0.051535,0.05088,0.048266,0.041814,0.055967,0.067409
0.21423,0.085433,0.085902,0,0.086478,0.12931,0.080235,0.10379,0.072733,0.074275,0.076625,0.092403,0.073427,0.10241,0.09484,0.10253,0.084893,0.14604,0.13019,0.11739,0.12972,0.092022,0.080277,0.091145,0.090314,0.076406,0.11506,0.13204,0.087963,0.091134,0.071582,0.11128,0.098465,0.10595,0.096617,0.087724,0.099278,0.074791,0.082782,0.081322,0.10896,0.10769,0.13303,0.19246,0.10161,0.11798,0.11368,0.11812,0.12304,0.32911,0.19555,0.083568,0.089613,0.09182,0.10799,0.10342,0.11596,0.083062,0.19703,0.12608,0.16836,0.086804,0.077771,0.08446,0.096321,0.096544,0.083055,0.15873,0.076369,0.090758,0.10311,0.10891,0.09538,0.091824,0.085545,0.085903,0.11663,0.10503,0.086893,0.12498,0.086218,0.091586,0.11555,0.10483,0.10042,0.10793,0.11127,0.098412,0.093367,0.087317,0.094559,0.11379,0.10534,0.071349,0.07287,0.089935,0.2108,0.095272,0.18452,0.10258,0.083468,0.080819,0.1084,0.12163,0.077912,0.079884,0.12671,0.15624,0.11511,0.14973,0.083111,0.0912,0.11425,0.12675,0.068234,0.087624,0.10247,0.1088,0.10821,0.079186,0.09177,0.096361,0.11456,0.083341,0.10763,0.1194,0.069248,0.098191,0.10829,0.10528,0.11431,0.082583,0.10366,0.08649,0.097914,0.08961,0.099658,0.096427,0.087485,0.090916,0.10495,0.19017,0.077751,0.099992,0.082609,0.079874,0.091655,0.080094,0.10765,0.10336,0.13983,0.18335,0.097071,0.14163,0.10389,0.12854,0.083226,0.10711,0.093287,0.10554,0.070603,0.11064,0.12924,0.19146,0.088256,0.092794,0.092897,0.10283,0.079212,0.098148,0.066993,0.10113,0.081224,0.092252,0.14577,0.13967,0.07081,0.09981,0.13212,0.11959,0.10029,0.097912,0.088941,0.073216,0.11371,0.12314
0.1975,0.087038,0.08272,0.086478,0,0.10197,0.059287,0.080606,0.068935,0.062725,0.057342,0.082959,0.064253,0.089067,0.075746,0.080991,0.074408,0.1295,0.12662,0.11945,0.10905,0.086922,0.067336,0.074951,0.064549,0.071502,0.11172,0.091769,0.074832,0.066579,0.090643,0.089761,0.075629,0.072574,0.079067,0.069899,0.072841,0.063137,0.065035,0.069706,0.081766,0.069997,0.11218,0.17649,0.076698,0.081607,0.11241,0.084349,0.083184,0.32292,0.18553,0.081503,0.074665,0.070961,0.080338,0.074077,0.09257,0.066965,0.1607,0.092141,0.15976,0.0743,0.068624,0.071318,0.078118,0.074079,0.074979,0.14094,0.070154,0.07559,0.077097,0.086795,0.082161,0.074632,0.088243,0.073928,0.074001,0.070776,0.073556,0.09448,0.061197,0.079955,0.0914,0.080996,0.066537,0.090805,0.082779,0.09138,0.092345,0.063562,0.10812,0.087876,0.082507,0.0736,0.062662,0.061967,0.20083,0.076764,0.15549,0.083855,0.067627,0.064864,0.09115,0.11077,0.068338,0.070264,0.12102,0.16708,0.097856,0.10332,0.076787,0.071702,0.094603,0.097505,0.072036,0.074294,0.074136,0.10689,0.07461,0.074492,0.069473,0.079931,0.087225,0.068384,0.084888,0.10956,0.074754,0.048072,0.10224,0.096693,0.094052,0.068095,0.087701,0.066697,0.096117,0.071258,0.079538,0.083577,0.093355,0.098785,0.096009,0.18082,0.06761,0.096718,0.064741,0.056494,0.087202,0.073493,0.084862,0.10606,0.14971,0.15486,0.082173,0.11768,0.091624,0.11707,0.077018,0.078563,0.079456,0.064031,0.056571,0.095928,0.11606,0.15692,0.058761,0.066389,0.078291,0.073079,0.073774,0.07397,0.076891,0.086574,0.062524,0.078789,0.12891,0.11488,0.062916,0.075619,0.078802,0.081405,0.079742,0.087091,0.059773,0.066709,0.073298,0.10395
0.18363,0.13409,0.13622,0.12931,0.10197,0,0.099741,0.1242,0.1193,0.11958,0.12079,0.12071,0.1265,0.12289,0.12718,0.12848,0.12898,0.15568,0.16283,0.1133,0.14533,0.11418,0.12065,0.13487,0.082069,0.13023,0.15368,0.13866,0.12065,0.11652,0.13348,0.10978,0.11549,0.079825,0.129,0.12537,0.12175,0.12349,0.12111,0.12081,0.12869,0.12654,0.15352,0.17283,0.12474,0.1281,0.14218,0.12928,0.1479,0.29836,0.19808,0.12493,0.13602,0.11977,0.11389,0.12066,0.13627,0.12157,0.15709,0.14284,0.18824,0.12242,0.11695,0.11513,0.13604,0.12015,0.12965,0.17135,0.1159,0.13434,0.12228,0.1429,0.14268,0.13084,0.13647,0.12211,0.13118,0.12405,0.12767,0.14241,0.12543,0.1391,0.14288,0.12739,0.13619,0.15571,0.12345,0.13574,0.13757,0.11844,0.16791,0.12281,0.14085,0.12399,0.12205,0.11562,0.20334,0.12911,0.18062,0.13783,0.12424,0.12853,0.12835,0.14966,0.12414,0.12648,0.15353,0.18737,0.13924,0.11568,0.13821,0.13011,0.139,0.11982,0.12083,0.12121,0.12728,0.15275,0.12784,0.13613,0.11379,0.088781,0.12631,0.12937,0.13479,0.11088,0.1222,0.12015,0.15203,0.14086,0.1203,0.1244,0.12777,0.12014,0.14786,0.12105,0.12989,0.13668,0.13369,0.14163,0.14718,0.19766,0.11711,0.13757,0.12247,0.1141,0.13117,0.10507,0.14023,0.13701,0.1837,0.19797,0.1176,0.12733,0.15093,0.13497,0.12881,0.12766,0.13358,0.12358,0.1295,0.14572,0.15059,0.14797,0.11974,0.12868,0.1207,0.12956,0.11391,0.12989,0.12816,0.13276,0.12554,0.13963,0.128,0.13838,0.12178,0.12998,0.11479,0.1095,0.12611,0.12771,0.12094,0.12884,0.13536,0.15026
0.21097,0.071863,0.061831,0.080235,0.059287,0.099741,0,0.055455,0.041968,0.050665,0.044883,0.057721,0.044332,0.075983,0.063649,0.067867,0.066602,0.11296,0.12763,0.10902,0.088322,0.064419,0.051832,0.070628,0.069427,0.055002,0.10204,0.078659,0.056425,0.043085,0.071384,0.083279,0.073433,0.081694,0.068547,0.055531,0.05155,0.050273,0.050533,0.043505,0.077434,0.063008,0.080612,0.16715,0.072023,0.11046,0.068532,0.0832,0.089119,0.31703,0.19988,0.066645,0.066611,0.06212,0.10097,0.072552,0.07781,0.061195,0.18818,0.089188,0.16212,0.048883,0.05336,0.056049,0.054942,0.053032,0.054768,0.13965,0.042544,0.062977,0.064233,0.070211,0.067048,0.051689,0.067898,0.046022,0.073128,0.08462,0.053311,0.082762,0.047676,0.077851,0.067432,0.057634,0.063059,0.079275,0.063463,0.072834,0.058351,0.054096,0.09094,0.069208,0.069835,0.051091,0.044072,0.050344,0.19546,0.072997,0.16017,0.068164,0.06081,0.061068,0.086183,0.095846,0.062189,0.048358,0.099785,0.14246,0.092182,0.12125,0.063112,0.055143,0.072723,0.099047,0.052659,0.065185,0.065537,0.092336,0.06371,0.059843,0.049224,0.085294,0.075009,0.053718,0.074772,0.11046,0.059585,0.063247,0.087366,0.075509,0.10506,0.051934,0.059388,0.043414,0.075325,0.051114,0.066934,0.070443,0.066157,0.076471,0.086908,0.16055,0.046424,0.086783,0.04321,0.054883,0.07436,0.063936,0.07348,0.081192,0.13649,0.16191,0.059628,0.10846,0.088414,0.090002,0.059249,0.07264,0.058919,0.071657,0.080961,0.086502,0.10954,0.17538,0.05193,0.085958,0.087375,0.069773,0.060124,0.062602,0.053729,0.065321,0.054774,0.077099,0.14571,0.092826,0.049748,0.063122,0.11094,0.085208,0.052659,0.060388,0.05052,0.054713,0.075029,0.087183
0.23612,0.062859,0.047182,0.10379,0.080606,0.1242,0.055455,0,0.050374,0.050925,0.05727,0.063635,0.05543,0.065456,0.050394,0.058259,0.065206,0.11103,0.1254,0.12751,0.067656,0.055505,0.044248,0.058092,0.089596,0.067934,0.084056,0.075372,0.050373,0.044248,0.069128,0.10019,0.075747,0.10528,0.069241,0.046538,0.058422,0.052886,0.046932,0.046259,0.079479,0.052508,0.078164,0.18429,0.07223,0.11552,0.069763,0.067057,0.081788,0.30615,0.21728,0.065048,0.065249,0.058084,0.11448,0.078185,0.077143,0.068888,0.19623,0.069503,0.13892,0.049502,0.056196,0.066634,0.048191,0.039289,0.05362,0.15924,0.049482,0.064893,0.048541,0.051311,0.056052,0.050572,0.065987,0.051447,0.060701,0.092474,0.04462,0.073152,0.054715,0.081541,0.058089,0.04738,0.060011,0.071636,0.05454,0.078008,0.05197,0.049194,0.0759,0.061131,0.061865,0.059285,0.05493,0.062487,0.18472,0.07996,0.15223,0.055059,0.071116,0.055208,0.091631,0.086093,0.070241,0.051464,0.094439,0.15979,0.073856,0.11588,0.065792,0.057289,0.083308,0.1115,0.065412,0.079349,0.055958,0.10307,0.047116,0.062222,0.064644,0.10467,0.068489,0.052928,0.068691,0.12541,0.071871,0.081437,0.085749,0.089753,0.11263,0.055611,0.061838,0.044329,0.075837,0.051062,0.076793,0.079253,0.065853,0.065821,0.084135,0.16945,0.047777,0.087155,0.047313,0.079759,0.065457,0.077548,0.065525,0.084566,0.13348,0.1575,0.073186,0.11893,0.092221,0.10794,0.056144,0.063737,0.056468,0.072409,0.096179,0.091524,0.10113,0.19499,0.062354,0.1011,0.088333,0.054673,0.070895,0.048994,0.05941,0.061536,0.066973,0.077938,0.15741,0.1,0.060556,0.074038,0.13176,0.084087,0.054153,0.053804,0.04846,0.057756,0.055424,0.071826
0.22278,0.054089,0.041734,0.072733,0.068935,0.1193,0.041968,0.050374,0,0.033605,0.037863,0.055264,0.037587,0.061388,0.047213,0.054679,0.058141,0.11469,0.11402,0.11407,0.083842,0.054114,0.030456,0.047956,0.07562,0.0443,0.07414,0.081552,0.042184,0.04028,0.05012,0.085292,0.075086,0.087679,0.057484,0.038835,0.058684,0.04049,0.037029,0.03397,0.076919,0.055155,0.088226,0.18284,0.062913,0.10731,0.068618,0.072361,0.087064,0.3196,0.18396,0.040214,0.052489,0.053037,0.10336,0.06674,0.06974,0.054117,0.18958,0.075389,0.14941,0.038337,0.043603,0.042401,0.04108,0.048699,0.038276,0.14333,0.039317,0.049038,0.050368,0.052742,0.050375,0.041563,0.047622,0.035236,0.065376,0.078028,0.032246,0.074045,0.03797,0.065405,0.059326,0.044906,0.049114,0.070799,0.057302,0.061285,0.048184,0.043499,0.076755,0.063685,0.058133,0.04118,0.020715,0.04536,0.19352,0.064514,0.15402,0.05561,0.043951,0.04583,0.076293,0.090099,0.055181,0.033954,0.099186,0.14938,0.074671,0.1253,0.058288,0.040444,0.072692,0.11596,0.033001,0.069442,0.053808,0.091429,0.060696,0.046498,0.052621,0.091834,0.062493,0.040707,0.067006,0.11679,0.047308,0.071303,0.076598,0.076803,0.1045,0.033057,0.059355,0.030539,0.060648,0.04574,0.06892,0.066098,0.05224,0.062195,0.067081,0.17408,0.028165,0.073133,0.046709,0.053029,0.066662,0.05873,0.059127,0.06891,0.12316,0.1515,0.052196,0.11356,0.075699,0.098622,0.036304,0.064467,0.046569,0.063807,0.08096,0.077573,0.10661,0.1876,0.044583,0.083072,0.076929,0.051934,0.045855,0.049139,0.038435,0.051699,0.051912,0.056046,0.14259,0.10466,0.039401,0.058457,0.12199,0.083372,0.049029,0.041579,0.041684,0.034874,0.064342,0.062158
0.22056,0.041198,0.035935,0.074275,0.062725,0.11958,0.050665,0.050925,0.033605,0,0.041059,0.060119,0.028604,0.061648,0.049554,0.064641,0.05151,0.12056,0.1196,0.11931,0.09229,0.062494,0.024877,0.043783,0.071766,0.048052,0.074351,0.088217,0.042966,0.045134,0.055063,0.087091,0.067869,0.090146,0.058015,0.033889,0.058695,0.018934,0.039894,0.042937,0.066695,0.053346,0.090236,0.17905,0.06323,0.095604,0.075602,0.068755,0.089886,0.32389,0.19155,0.037907,0.051708,0.045709,0.093732,0.06539,0.071471,0.057327,0.18384,0.07061,0.13305,0.053801,0.026072,0.045769,0.043156,0.043813,0.038227,0.13813,0.041652,0.051896,0.055752,0.05322,0.047953,0.049241,0.048395,0.049622,0.058319,0.081412,0.044264,0.08029,0.040313,0.063596,0.055913,0.050517,0.046556,0.069563,0.065061,0.065784,0.054459,0.047269,0.07448,0.066438,0.056907,0.038717,0.035061,0.049863,0.19595,0.065051,0.15418,0.049593,0.061542,0.042281,0.08371,0.091066,0.05118,0.034781,0.10135,0.15399,0.075148,0.1202,0.058158,0.044706,0.075025,0.1121,0.034572,0.065738,0.05887,0.091034,0.058895,0.035441,0.061015,0.086497,0.067907,0.024229,0.061853,0.11509,0.04817,0.065237,0.069157,0.078818,0.10311,0.042198,0.06694,0.032278,0.055946,0.051268,0.078597,0.069792,0.057103,0.060383,0.079905,0.17587,0.037528,0.064554,0.04372,0.048927,0.062713,0.062875,0.060584,0.073383,0.12446,0.1412,0.06474,0.1151,0.074576,0.10959,0.037846,0.062949,0.04065,0.061606,0.06826,0.080216,0.10914,0.1874,0.051276,0.077807,0.069229,0.050547,0.051276,0.046847,0.025167,0.06458,0.041902,0.053762,0.14654,0.10439,0.032144,0.072137,0.11449,0.088914,0.057632,0.0525,0.036274,0.023998,0.057548,0.077815
0.21725,0.059305,0.047671,0.076625,0.057342,0.12079,0.044883,0.05727,0.037863,0.041059,0,0.059876,0.044093,0.059794,0.049788,0.057585,0.061559,0.10317,0.12045,0.12504,0.081332,0.063675,0.040352,0.059971,0.076695,0.043649,0.079291,0.075772,0.047675,0.041805,0.065716,0.082772,0.061814,0.09026,0.043812,0.039752,0.059178,0.042108,0.039938,0.043536,0.055315,0.050647,0.083947,0.18255,0.053128,0.10262,0.077595,0.067031,0.075743,0.3098,0.19828,0.054617,0.052768,0.045512,0.091348,0.062426,0.063917,0.06133,0.183,0.073233,0.14935,0.044469,0.041108,0.048537,0.051956,0.049857,0.051143,0.13346,0.046521,0.041545,0.056053,0.052107,0.049539,0.038314,0.053536,0.038821,0.063003,0.069256,0.03801,0.065309,0.031569,0.045464,0.056507,0.052036,0.047651,0.062432,0.059225,0.058652,0.050093,0.04381,0.068957,0.055352,0.051541,0.051474,0.036975,0.050186,0.20374,0.067537,0.1551,0.052526,0.045616,0.040876,0.07716,0.090978,0.05548,0.046798,0.093241,0.15509,0.089382,0.1234,0.0575,0.031935,0.061846,0.10254,0.047588,0.070798,0.040597,0.088858,0.054929,0.055534,0.049658,0.090564,0.066336,0.041212,0.061617,0.11654,0.040423,0.057507,0.070249,0.081825,0.095607,0.034629,0.063026,0.031018,0.059348,0.039097,0.061117,0.066568,0.068905,0.079569,0.07057,0.16286,0.0407,0.079711,0.046025,0.040854,0.069771,0.056515,0.054325,0.074623,0.12419,0.15747,0.052648,0.10741,0.057753,0.10571,0.052836,0.054536,0.046526,0.055509,0.064676,0.065651,0.10118,0.18771,0.034976,0.084156,0.075581,0.051705,0.058441,0.041807,0.048667,0.059246,0.039358,0.066671,0.14487,0.1072,0.038255,0.059473,0.10709,0.084535,0.046051,0.052734,0.036381,0.040041,0.063082,0.076345
0.21321,0.074004,0.066798,0.092403,0.082959,0.12071,0.057721,0.063635,0.055264,0.060119,0.059876,0,0.0603,0.063649,0.064261,0.07614,0.084509,0.12419,0.1237,0.10836,0.093328,0.069068,0.057639,0.077102,0.082286,0.062787,0.10112,0.085225,0.069636,0.063005,0.066187,0.088677,0.08394,0.091648,0.078813,0.053427,0.070724,0.062704,0.062747,0.053699,0.086084,0.067291,0.10117,0.14913,0.072672,0.12224,0.070255,0.08259,0.10905,0.31253,0.1986,0.064553,0.079825,0.070192,0.10362,0.067122,0.080804,0.070441,0.19315,0.10581,0.14938,0.064088,0.064064,0.079586,0.059245,0.055476,0.050646,0.13874,0.04118,0.079084,0.074496,0.073844,0.058767,0.065476,0.060257,0.0603,0.074943,0.099953,0.062314,0.092309,0.054606,0.087099,0.078378,0.059551,0.07503,0.090775,0.075635,0.086041,0.066126,0.060079,0.084876,0.082155,0.085717,0.063235,0.054558,0.051869,0.20727,0.078262,0.17454,0.074816,0.076192,0.05636,0.10107,0.086804,0.072979,0.072317,0.089992,0.13878,0.080972,0.12189,0.067387,0.073733,0.08818,0.12029,0.052824,0.083367,0.075624,0.093917,0.07742,0.0649,0.039611,0.085367,0.086526,0.0617,0.083771,0.11253,0.057374,0.088497,0.081516,0.097121,0.0989,0.055115,0.054209,0.058693,0.079102,0.069944,0.094325,0.080174,0.061737,0.072439,0.10053,0.17738,0.060126,0.090858,0.056075,0.065394,0.07878,0.072553,0.081869,0.081504,0.1204,0.16341,0.075103,0.08692,0.1029,0.11274,0.0598,0.083152,0.061863,0.093135,0.083978,0.086142,0.11499,0.16815,0.066068,0.088754,0.086312,0.068787,0.068734,0.065394,0.067014,0.077704,0.062998,0.085352,0.13495,0.086857,0.069054,0.081501,0.1302,0.10251,0.073837,0.065421,0.06019,0.065045,0.070196,0.088412
0.22556,0.051346,0.039917,0.073427,0.064253,0.1265,0.044332,0.05543,0.037587,0.028604,0.044093,0.0603,0,0.074202,0.052923,0.064543,0.056037,0.11854,0.12129,0.12557,0.093287,0.064652,0.03555,0.051126,0.079044,0.043899,0.086355,0.082422,0.055413,0.042832,0.054594,0.094363,0.081777,0.09939,0.061319,0.041511,0.057163,0.029476,0.040998,0.035748,0.076228,0.056502,0.089044,0.17791,0.074669,0.099182,0.072356,0.083537,0.096122,0.33464,0.19656,0.053636,0.055943,0.056094,0.10821,0.07027,0.073444,0.060837,0.19682,0.083679,0.14625,0.048082,0.044863,0.053301,0.04284,0.049003,0.033603,0.14347,0.044812,0.058468,0.059699,0.058134,0.055163,0.048039,0.057866,0.04647,0.063061,0.086032,0.04705,0.08836,0.037644,0.064718,0.059309,0.053984,0.050694,0.069424,0.068752,0.073235,0.05187,0.050604,0.07004,0.074112,0.062783,0.037173,0.03375,0.053955,0.19928,0.062388,0.16509,0.062943,0.061713,0.044709,0.085607,0.086684,0.051903,0.038681,0.10185,0.14211,0.077116,0.12447,0.047628,0.052308,0.070721,0.1155,0.040373,0.062184,0.068303,0.085433,0.062421,0.041222,0.06217,0.094306,0.07133,0.023542,0.068729,0.12224,0.055961,0.069116,0.074213,0.073141,0.11718,0.045796,0.071119,0.037094,0.063732,0.054336,0.07217,0.069485,0.054951,0.059277,0.085914,0.17095,0.03889,0.07664,0.04004,0.050678,0.066146,0.069215,0.062502,0.082859,0.12399,0.15151,0.069344,0.12138,0.079231,0.10967,0.037322,0.067734,0.042947,0.07054,0.070548,0.074407,0.11124,0.1885,0.051833,0.075941,0.078611,0.05906,0.049771,0.051293,0.034502,0.06091,0.039048,0.053928,0.14756,0.10576,0.031171,0.078111,0.11753,0.09942,0.059965,0.062274,0.042781,0.031586,0.057493,0.077872
0.22286,0.065816,0.057925,0.10241,0.089067,0.12289,0.075983,0.065456,0.061388,0.061648,0.059794,0.063649,0.074202,0,0.053701,0.057656,0.090942,0.10332,0.10836,0.12625,0.09659,0.076187,0.050754,0.072854,0.092866,0.083675,0.072656,0.088545,0.06243,0.066457,0.077783,0.089154,0.078406,0.096981,0.06288,0.058212,0.094019,0.066811,0.050406,0.062485,0.079688,0.059243,0.10805,0.18916,0.069163,0.10598,0.088182,0.058534,0.10705,0.30696,0.20959,0.067082,0.072205,0.058761,0.1025,0.072312,0.055078,0.080969,0.18536,0.090114,0.13047,0.066797,0.06564,0.071876,0.0798,0.0549,0.063832,0.124,0.069238,0.066817,0.046641,0.057759,0.068757,0.062404,0.060985,0.049622,0.072395,0.082119,0.061465,0.067727,0.063384,0.066388,0.077624,0.062123,0.073658,0.072215,0.065021,0.0603,0.06869,0.069662,0.084357,0.0714,0.069266,0.074414,0.06473,0.068117,0.20121,0.07326,0.1456,0.054783,0.072104,0.057865,0.075364,0.10412,0.083673,0.07049,0.10152,0.17202,0.073228,0.11711,0.087076,0.05755,0.089916,0.11233,0.067813,0.10762,0.064207,0.11569,0.054673,0.069213,0.068577,0.096696,0.070629,0.065631,0.07643,0.11815,0.064234,0.085328,0.074967,0.10949,0.088316,0.051139,0.068131,0.056494,0.062519,0.050233,0.085707,0.094472,0.085884,0.089945,0.079079,0.18044,0.054425,0.10591,0.07048,0.081722,0.093401,0.071446,0.059657,0.075356,0.13472,0.16113,0.055165,0.1054,0.08372,0.14015,0.07119,0.061681,0.069218,0.074867,0.095959,0.08599,0.088357,0.19127,0.058047,0.10592,0.084072,0.050593,0.071352,0.050438,0.070968,0.079321,0.064302,0.082295,0.13931,0.091175,0.076331,0.092501,0.13212,0.089617,0.061382,0.053706,0.054052,0.066072,0.066553,0.082954
0.23143,0.060238,0.047744,0.09484,0.075746,0.12718,0.063649,0.050394,0.047213,0.049554,0.049788,0.064261,0.052923,0.053701,0,0.059136,0.075723,0.095224,0.089898,0.13898,0.08824,0.069215,0.045238,0.052506,0.09584,0.05943,0.058366,0.076017,0.065143,0.046783,0.071066,0.077928,0.089853,0.10582,0.062089,0.032204,0.071744,0.055759,0.033131,0.042788,0.066261,0.056516,0.099533,0.19231,0.059148,0.1007,0.081097,0.067559,0.089406,0.32364,0.20294,0.061655,0.043696,0.048317,0.106,0.065902,0.055348,0.067871,0.19328,0.067434,0.13404,0.049536,0.062876,0.055437,0.056208,0.045663,0.049895,0.14727,0.062187,0.059107,0.044821,0.046037,0.044165,0.048978,0.054919,0.040959,0.049445,0.082893,0.042215,0.07305,0.042389,0.059382,0.071991,0.042831,0.05121,0.060566,0.0498,0.073659,0.066291,0.045977,0.074275,0.064255,0.057483,0.060696,0.052457,0.067506,0.20234,0.049572,0.15855,0.05291,0.062204,0.053939,0.074038,0.091066,0.063943,0.062214,0.096493,0.15687,0.068336,0.11554,0.055873,0.054394,0.082792,0.1046,0.058043,0.092433,0.051736,0.0983,0.057048,0.066354,0.069581,0.10694,0.057108,0.046196,0.06985,0.12878,0.064608,0.075978,0.065559,0.099923,0.10114,0.050627,0.067056,0.039838,0.065358,0.050117,0.072786,0.076917,0.070437,0.071928,0.062853,0.17535,0.045699,0.10023,0.052945,0.0707,0.071244,0.071427,0.042109,0.087582,0.12206,0.16636,0.068156,0.11915,0.07024,0.12732,0.055653,0.067017,0.055595,0.063961,0.081483,0.060202,0.10455,0.20095,0.045907,0.094164,0.091612,0.025892,0.051874,0.049203,0.060591,0.061577,0.056556,0.063173,0.14495,0.10665,0.061567,0.080555,0.12597,0.096547,0.059991,0.045654,0.046842,0.049585,0.056955,0.064262
0.23784,0.073031,0.049352,0.10253,0.080991,0.12848,0.067867,0.058259,0.054679,0.064641,0.057585,0.07614,0.064543,0.057656,0.059136,0,0.079262,0.098314,0.11979,0.13658,0.079656,0.067324,0.051934,0.06365,0.085845,0.07521,0.076531,0.072765,0.050425,0.050618,0.072826,0.10766,0.083526,0.10187,0.05542,0.064156,0.079729,0.068941,0.041499,0.044411,0.086201,0.042552,0.093044,0.19599,0.076735,0.097377,0.09516,0.067333,0.10036,0.32192,0.20341,0.073971,0.076584,0.061339,0.11635,0.075449,0.061479,0.080028,0.19749,0.082164,0.15911,0.038558,0.070389,0.067943,0.067711,0.058919,0.05425,0.14962,0.068015,0.055501,0.033622,0.049403,0.076392,0.053024,0.067828,0.039462,0.074924,0.075121,0.053447,0.0671,0.053876,0.065784,0.073102,0.061891,0.068022,0.069434,0.062267,0.060772,0.061346,0.063234,0.081789,0.063852,0.058199,0.066578,0.051904,0.066606,0.17523,0.07579,0.14636,0.068383,0.056687,0.055258,0.05408,0.10832,0.078879,0.056095,0.11571,0.17341,0.074722,0.11205,0.083283,0.049587,0.077723,0.1248,0.06613,0.088905,0.060026,0.10791,0.037835,0.068094,0.071953,0.1032,0.058154,0.061014,0.071874,0.1358,0.070977,0.080526,0.089496,0.097514,0.11412,0.046305,0.071741,0.050771,0.07808,0.039269,0.061186,0.085136,0.083887,0.089008,0.082842,0.1683,0.034624,0.10125,0.067135,0.079581,0.08164,0.073829,0.057711,0.079136,0.13405,0.15665,0.050909,0.12611,0.08144,0.12118,0.065606,0.056879,0.063842,0.069546,0.099656,0.084741,0.091261,0.1909,0.051285,0.099325,0.078097,0.058329,0.069837,0.046261,0.076178,0.053788,0.063254,0.063758,0.14158,0.10703,0.066358,0.085331,0.12829,0.083159,0.044495,0.060145,0.058597,0.066981,0.052365,0.062865
0.21807,0.057221,0.068332,0.084893,0.074408,0.12898,0.066602,0.065206,0.058141,0.05151,0.061559,0.084509,0.056037,0.090942,0.075723,0.079262,0,0.13088,0.14575,0.12046,0.088569,0.064851,0.05292,0.059414,0.069966,0.055539,0.098003,0.11131,0.049527,0.057283,0.054354,0.11501,0.075477,0.10592,0.078222,0.063895,0.063284,0.055015,0.064464,0.066831,0.076084,0.079847,0.089268,0.20217,0.066112,0.10439,0.081145,0.082723,0.089836,0.31956,0.18945,0.053372,0.070373,0.078097,0.11286,0.093356,0.099961,0.05489,0.17686,0.074504,0.16276,0.068713,0.051365,0.053501,0.060729,0.055189,0.066812,0.1639,0.057629,0.074751,0.082665,0.079352,0.072831,0.06917,0.061041,0.075506,0.084379,0.09337,0.058925,0.09108,0.062349,0.076561,0.071934,0.070077,0.06965,0.098589,0.093949,0.09141,0.058727,0.063535,0.096508,0.079181,0.077187,0.056351,0.059475,0.067662,0.20075,0.093536,0.16684,0.086086,0.073903,0.060735,0.094121,0.092489,0.064593,0.056844,0.10731,0.14622,0.10779,0.12149,0.080121,0.06521,0.092691,0.11703,0.05965,0.070791,0.078259,0.10443,0.080294,0.0663,0.080518,0.091926,0.092094,0.060419,0.081043,0.11185,0.059438,0.083416,0.087889,0.088313,0.12503,0.065907,0.089679,0.060854,0.083115,0.077278,0.086648,0.071587,0.053905,0.055641,0.093721,0.19263,0.062126,0.072589,0.070359,0.064804,0.058717,0.07872,0.089279,0.083324,0.12537,0.13332,0.083975,0.13482,0.086693,0.10156,0.049471,0.086738,0.058959,0.076293,0.080087,0.099515,0.13013,0.18659,0.072397,0.084999,0.057301,0.072975,0.074859,0.076377,0.052661,0.063818,0.07344,0.072917,0.14779,0.12925,0.048379,0.073777,0.10009,0.098341,0.07135,0.078377,0.059752,0.054341,0.082705,0.089508
0.23534,0.12291,0.11267,0.14604,0.1295,0.15568,0.11296,0.11103,0.11469,0.12056,0.10317,0.12419,0.11854,0.10332,0.095224,0.098314,0.13088,0,0.14163,0.18391,0.11996,0.12637,0.10947,0.10967,0.14672,0.1157,0.11414,0.10035,0.11508,0.089991,0.12979,0.12046,0.13802,0.16132,0.09632,0.11002,0.11876,0.12095,0.099035,0.10384,0.096644,0.10381,0.10937,0.23263,0.10811,0.13342,0.11925,0.099594,0.12522,0.33756,0.24318,0.12351,0.10944,0.10815,0.13837,0.11246,0.077675,0.13636,0.22242,0.10505,0.17325,0.10063,0.11989,0.1054,0.11884,0.099657,0.11762,0.1519,0.12273,0.097824,0.096366,0.09406,0.11507,0.093532,0.11519,0.093362,0.10829,0.12669,0.10595,0.09946,0.10641,0.089732,0.12376,0.098073,0.11428,0.10679,0.094812,0.094512,0.11231,0.10919,0.11769,0.10013,0.097478,0.12089,0.11792,0.12975,0.22844,0.099718,0.1833,0.10606,0.11466,0.11271,0.1001,0.127,0.13085,0.12341,0.13197,0.18734,0.13616,0.16604,0.1212,0.10231,0.12847,0.14168,0.12776,0.13011,0.095303,0.12877,0.09804,0.12803,0.12444,0.15772,0.089593,0.11199,0.10153,0.16807,0.11791,0.11898,0.11849,0.13379,0.13454,0.10065,0.11166,0.099013,0.102,0.091643,0.11021,0.13378,0.13211,0.13627,0.11009,0.15928,0.10266,0.15493,0.12022,0.12201,0.12746,0.12063,0.09262,0.1078,0.15287,0.22654,0.092701,0.15585,0.095837,0.15693,0.12521,0.096617,0.12018,0.10347,0.14074,0.10439,0.097251,0.24821,0.098452,0.15916,0.14125,0.09869,0.11456,0.099462,0.12686,0.099233,0.11729,0.11223,0.17687,0.13346,0.12189,0.13602,0.16115,0.14882,0.093799,0.10919,0.105,0.1164,0.10979,0.12138
0.2569,0.12754,0.11489,0.13019,0.12662,0.16283,0.12763,0.1254,0.11402,0.1196,0.12045,0.1237,0.12129,0.10836,0.089898,0.11979,0.14575,0.14163,0,0.17371,0.15561,0.13045,0.117,0.1141,0.14775,0.12218,0.10825,0.1393,0.1317,0.12416,0.13027,0.1211,0.14646,0.13507,0.13115,0.10644,0.13812,0.12404,0.10212,0.11162,0.13387,0.1268,0.17029,0.22787,0.12236,0.13214,0.15084,0.13362,0.13572,0.35888,0.21731,0.12533,0.094269,0.11469,0.14582,0.11026,0.10778,0.11611,0.22027,0.13533,0.14774,0.11545,0.13376,0.11543,0.12713,0.1225,0.11781,0.18212,0.1282,0.12419,0.11065,0.11947,0.10934,0.12553,0.11585,0.10759,0.1205,0.12992,0.11987,0.14128,0.11744,0.12672,0.14849,0.12105,0.12168,0.11315,0.099994,0.12707,0.13802,0.11326,0.12355,0.12724,0.12795,0.11855,0.11595,0.12282,0.22941,0.09391,0.17888,0.11384,0.12153,0.12353,0.11339,0.16283,0.12382,0.13102,0.15118,0.20229,0.10305,0.14466,0.11966,0.12487,0.14066,0.1473,0.12057,0.15174,0.12099,0.15599,0.1255,0.12599,0.1295,0.14703,0.11394,0.11794,0.13391,0.17281,0.12992,0.13064,0.11327,0.15365,0.12067,0.11841,0.11849,0.11741,0.12427,0.11754,0.13651,0.1362,0.13472,0.12898,0.095024,0.20191,0.11158,0.1573,0.11639,0.13282,0.12735,0.1294,0.11309,0.14331,0.17561,0.21633,0.12192,0.16806,0.1231,0.18503,0.12583,0.13488,0.12792,0.12306,0.11899,0.10532,0.13953,0.22542,0.10749,0.13128,0.14871,0.092231,0.10532,0.12393,0.12415,0.1263,0.11994,0.11631,0.16575,0.13954,0.13041,0.13128,0.17568,0.14381,0.12608,0.1081,0.11922,0.11892,0.12751,0.12137
0.16757,0.13047,0.1349,0.11739,0.11945,0.1133,0.10902,0.12751,0.11407,0.11931,0.12504,0.10836,0.12557,0.12625,0.13898,0.13658,0.12046,0.18391,0.17371,0,0.15837,0.11624,0.11429,0.13706,0.098352,0.12809,0.16287,0.15108,0.12078,0.12681,0.11703,0.1331,0.11482,0.094787,0.14666,0.12497,0.13471,0.11783,0.12704,0.12364,0.15038,0.13581,0.16045,0.16813,0.12683,0.13742,0.12581,0.13805,0.15087,0.28923,0.19048,0.11819,0.13963,0.12904,0.12803,0.12047,0.14975,0.09975,0.16516,0.16099,0.1898,0.1281,0.11926,0.12307,0.13253,0.12203,0.12567,0.16166,0.10539,0.13772,0.13731,0.14754,0.14325,0.12924,0.12806,0.13186,0.14555,0.12399,0.12648,0.15508,0.1262,0.14616,0.14864,0.12876,0.1348,0.1586,0.13605,0.13165,0.13024,0.12201,0.15183,0.13089,0.15642,0.11448,0.11493,0.11144,0.21273,0.13903,0.20643,0.14237,0.11973,0.11837,0.15364,0.13767,0.12462,0.12112,0.12165,0.1552,0.13999,0.14451,0.13843,0.13301,0.148,0.14849,0.11321,0.11531,0.13814,0.14244,0.14004,0.12416,0.11136,0.091142,0.14029,0.13128,0.14476,0.074002,0.11073,0.12631,0.15354,0.11833,0.1141,0.11282,0.12465,0.1298,0.14479,0.13299,0.14853,0.13365,0.11576,0.12313,0.14105,0.20747,0.11951,0.12025,0.12148,0.11899,0.13899,0.097461,0.15677,0.12823,0.16573,0.18196,0.11623,0.11012,0.16583,0.13217,0.12016,0.14198,0.13046,0.14342,0.13022,0.15658,0.15342,0.1379,0.12156,0.11411,0.11498,0.13831,0.12575,0.13445,0.12123,0.13291,0.12882,0.14386,0.13355,0.13285,0.12152,0.11835,0.1345,0.1318,0.12865,0.13178,0.11986,0.12939,0.14139,0.15638
0.25106,0.098227,0.085464,0.12972,0.10905,0.14533,0.088322,0.067656,0.083842,0.09229,0.081332,0.093328,0.093287,0.09659,0.08824,0.079656,0.088569,0.11996,0.15561,0.15837,0,0.078556,0.08337,0.092464,0.1083,0.093334,0.10545,0.099685,0.077558,0.069394,0.092483,0.12666,0.090763,0.12981,0.08172,0.084147,0.07094,0.091446,0.080105,0.079044,0.091544,0.078523,0.080036,0.21065,0.088156,0.14839,0.1045,0.081715,0.089683,0.29214,0.22858,0.088483,0.099987,0.091387,0.13529,0.10406,0.10539,0.10901,0.21202,0.08974,0.17212,0.072161,0.09079,0.093922,0.08229,0.073848,0.088226,0.17646,0.086169,0.086908,0.08357,0.076787,0.086787,0.080651,0.087277,0.077633,0.089656,0.11183,0.073602,0.071797,0.083896,0.09484,0.077786,0.078187,0.089184,0.10349,0.087746,0.09919,0.071568,0.071047,0.1055,0.079797,0.081158,0.094482,0.084212,0.082323,0.18617,0.1168,0.15521,0.092716,0.091497,0.082318,0.093059,0.099603,0.10045,0.088996,0.11892,0.18509,0.10818,0.13898,0.098029,0.082883,0.087697,0.13461,0.10132,0.10775,0.074307,0.13468,0.085633,0.095114,0.080415,0.12744,0.09916,0.089584,0.086621,0.15092,0.090555,0.11488,0.10986,0.1248,0.14236,0.087334,0.086462,0.074715,0.1026,0.07896,0.086657,0.10421,0.095909,0.10046,0.11023,0.18049,0.081927,0.11498,0.081762,0.10132,0.073224,0.1079,0.087693,0.10273,0.14362,0.17128,0.097214,0.12952,0.10497,0.12624,0.093072,0.091084,0.076119,0.090009,0.12433,0.11292,0.12536,0.21185,0.09021,0.12366,0.10725,0.086467,0.10606,0.083799,0.10043,0.089105,0.09455,0.098096,0.1624,0.13008,0.096984,0.088549,0.14819,0.10296,0.083156,0.084161,0.08727,0.093673,0.090165,0.081368
0.2242,0.062756,0.064084,0.092022,0.086922,0.11418,0.064419,0.055505,0.054114,0.062494,0.063675,0.069068,0.064652,0.076187,0.069215,0.067324,0.064851,0.12637,0.13045,0.11624,0.078556,0,0.054257,0.071135,0.072983,0.067535,0.093358,0.10006,0.057119,0.062674,0.049328,0.11435,0.081346,0.091591,0.072225,0.064528,0.068396,0.067149,0.06659,0.06053,0.095644,0.073379,0.10248,0.19161,0.080208,0.11676,0.08021,0.087509,0.10063,0.29974,0.1922,0.062746,0.084633,0.079227,0.12236,0.078845,0.095191,0.068652,0.18922,0.090938,0.15615,0.053299,0.066449,0.066196,0.063284,0.065177,0.06794,0.17303,0.058429,0.076895,0.068496,0.07734,0.078596,0.076361,0.075019,0.064156,0.092176,0.089053,0.050899,0.092609,0.066219,0.085692,0.072143,0.063234,0.087149,0.097433,0.073182,0.090831,0.052165,0.060388,0.089589,0.069088,0.081814,0.063644,0.061515,0.066671,0.19349,0.088349,0.16917,0.086004,0.064133,0.062119,0.096158,0.088984,0.0729,0.068964,0.099836,0.15268,0.08323,0.107,0.077661,0.07119,0.084297,0.13155,0.062734,0.077367,0.070725,0.10107,0.076871,0.081915,0.069939,0.089366,0.078996,0.069544,0.083933,0.11774,0.071556,0.10043,0.098858,0.084417,0.12073,0.064779,0.084015,0.05987,0.096332,0.072053,0.085046,0.089603,0.065769,0.072808,0.087772,0.18111,0.054707,0.076602,0.072493,0.075177,0.072433,0.068183,0.086868,0.084721,0.125,0.15889,0.078003,0.12066,0.093923,0.098351,0.052174,0.069826,0.07016,0.088256,0.093225,0.092816,0.11284,0.18037,0.073476,0.096808,0.076286,0.072723,0.068677,0.06958,0.065699,0.060085,0.080516,0.081577,0.1339,0.12406,0.055801,0.074098,0.12193,0.089591,0.067187,0.07459,0.06327,0.068934,0.079319,0.079461
0.21735,0.040033,0.034822,0.080277,0.067336,0.12065,0.051832,0.044248,0.030456,0.024877,0.040352,0.057639,0.03555,0.050754,0.045238,0.051934,0.05292,0.10947,0.117,0.11429,0.08337,0.054257,0,0.04061,0.07523,0.052998,0.072988,0.081781,0.039811,0.035481,0.050566,0.090128,0.070193,0.093245,0.051099,0.034399,0.061716,0.027561,0.032061,0.036322,0.071164,0.044211,0.086338,0.18635,0.060106,0.092286,0.071811,0.05844,0.086141,0.31657,0.19113,0.036938,0.05297,0.046941,0.099597,0.061059,0.064998,0.058048,0.18406,0.070871,0.13269,0.043057,0.03872,0.042899,0.047746,0.036565,0.03778,0.13391,0.045471,0.048311,0.043715,0.043683,0.054382,0.041838,0.047744,0.041322,0.05885,0.073571,0.037154,0.070717,0.040693,0.056442,0.056557,0.039969,0.047556,0.067517,0.056845,0.056403,0.045214,0.040858,0.070116,0.058717,0.054734,0.037842,0.032165,0.04974,0.19116,0.059489,0.15311,0.049834,0.05385,0.02931,0.076247,0.083133,0.060944,0.036624,0.092111,0.15242,0.066736,0.11892,0.059773,0.039804,0.075268,0.11658,0.042581,0.068111,0.054684,0.091273,0.050822,0.040467,0.060499,0.089195,0.057041,0.03116,0.055032,0.111,0.047171,0.068612,0.075557,0.074617,0.10045,0.028624,0.062285,0.029625,0.055995,0.043369,0.074979,0.077139,0.057515,0.060527,0.070127,0.17176,0.027152,0.071269,0.046931,0.055217,0.06695,0.056909,0.056567,0.068219,0.11917,0.14629,0.052861,0.10947,0.075949,0.11257,0.037055,0.052936,0.042409,0.060515,0.078325,0.079281,0.093142,0.1882,0.041948,0.081808,0.068156,0.043893,0.053655,0.037096,0.038264,0.053342,0.046847,0.051384,0.1373,0.097798,0.039382,0.070767,0.11697,0.089678,0.047926,0.050149,0.025603,0.035107,0.050255,0.069259
0.23015,0.057568,0.055901,0.091145,0.074951,0.13487,0.070628,0.058092,0.047956,0.043783,0.059971,0.077102,0.051126,0.072854,0.052506,0.06365,0.059414,0.10967,0.1141,0.13706,0.092464,0.071135,0.04061,0,0.087657,0.05643,0.081099,0.090684,0.05042,0.047484,0.059806,0.10745,0.094049,0.10875,0.066701,0.054352,0.064453,0.051487,0.050326,0.056417,0.077258,0.059225,0.091164,0.20563,0.073664,0.10016,0.08546,0.068401,0.083479,0.34336,0.18275,0.04415,0.053331,0.071331,0.11019,0.076839,0.071591,0.069709,0.19321,0.061787,0.1302,0.060626,0.052886,0.050155,0.048583,0.050741,0.056631,0.15398,0.061146,0.058125,0.058273,0.055515,0.053026,0.058375,0.058358,0.058354,0.065819,0.097876,0.052934,0.081618,0.059568,0.073751,0.069285,0.054785,0.060438,0.078698,0.067491,0.07441,0.063312,0.052382,0.084797,0.07868,0.058435,0.056782,0.051215,0.064679,0.19661,0.064397,0.15264,0.061692,0.073282,0.054174,0.080432,0.096135,0.070779,0.057894,0.11484,0.16049,0.080521,0.12645,0.07066,0.058831,0.099677,0.13266,0.059773,0.073773,0.065575,0.097478,0.06524,0.056686,0.080481,0.1035,0.067219,0.047094,0.063804,0.13691,0.072565,0.083799,0.081793,0.09042,0.11589,0.053623,0.075351,0.048121,0.060795,0.06239,0.094109,0.079103,0.064805,0.062361,0.075762,0.18796,0.045892,0.078122,0.068544,0.069619,0.064887,0.086494,0.066959,0.068981,0.12853,0.15443,0.072376,0.13792,0.074548,0.11519,0.047437,0.065857,0.065122,0.06386,0.084399,0.088495,0.10092,0.2009,0.06384,0.090182,0.075631,0.048208,0.056103,0.059611,0.052882,0.053644,0.071656,0.043566,0.14581,0.11178,0.054305,0.080929,0.12654,0.10015,0.062433,0.060721,0.047221,0.044552,0.05761,0.073043
0.19839,0.088142,0.091347,0.090314,0.064549,0.082069,0.069427,0.089596,0.07562,0.071766,0.076695,0.082286,0.079044,0.092866,0.09584,0.085845,0.069966,0.14672,0.14775,0.098352,0.1083,0.072983,0.07523,0.087657,0,0.081254,0.11971,0.11394,0.068177,0.079968,0.077996,0.11286,0.073589,0.058315,0.09295,0.086015,0.082593,0.077074,0.081012,0.081937,0.092181,0.086012,0.12082,0.17459,0.086277,0.10032,0.10946,0.098227,0.11522,0.31159,0.17337,0.07432,0.099914,0.088011,0.099331,0.088964,0.10759,0.072218,0.15809,0.10842,0.16857,0.083811,0.067086,0.076837,0.087711,0.078496,0.084653,0.16082,0.06786,0.091826,0.09319,0.10437,0.098148,0.0922,0.085295,0.086906,0.10157,0.094474,0.084089,0.10967,0.079462,0.099212,0.096931,0.093615,0.095528,0.12005,0.10281,0.10233,0.087966,0.077363,0.12466,0.090627,0.10263,0.078631,0.07354,0.065876,0.18537,0.10555,0.1673,0.10628,0.084894,0.079078,0.093305,0.11871,0.073493,0.080914,0.12413,0.15787,0.11313,0.091206,0.10195,0.0878,0.09854,0.11616,0.070372,0.079335,0.092926,0.11666,0.09376,0.087445,0.0744,0.037681,0.10444,0.081928,0.10236,0.10347,0.073591,0.091085,0.10652,0.10813,0.11334,0.080896,0.09786,0.081559,0.10724,0.087847,0.10055,0.082627,0.083091,0.092659,0.11735,0.19691,0.073203,0.084957,0.08347,0.067122,0.079518,0.075334,0.10789,0.092756,0.14365,0.14446,0.085729,0.11491,0.10889,0.10667,0.07626,0.09676,0.082076,0.091976,0.080675,0.11081,0.13704,0.13339,0.083568,0.070785,0.050264,0.09283,0.077215,0.093472,0.081252,0.089312,0.080298,0.092161,0.11162,0.12502,0.069921,0.087447,0.082652,0.0835,0.085829,0.091282,0.080664,0.08268,0.093946,0.11152
