0,0.29836,0.31016,0.28616,0.2739,0.26788,0.33187,0.30747,0.29029,0.3073,0.33729,0.29208,0.30819,0.31398,0.31632,0.32517,0.27726,0.32,0.32029,0.18919,0.26828,0.29347,0.30675,0.32454,0.25981,0.28806,0.31622,0.32024,0.29536,0.31457,0.30231,0.3298,0.29202,0.28215,0.31121,0.33237,0.2942,0.29882,0.31044,0.29685,0.30706,0.3056,0.34286,0.27133,0.31695,0.29318,0.28711,0.32871,0.30145,0.31777,0.21063,0.30595,0.33014,0.30813,0.25981,0.31945,0.31398,0.29709,0.15328,0.32093,0.32707,0.3053,0.30298,0.30437,0.3412,0.29577,0.30939,0.52697,0.2879,0.31,0.33174,0.31974,0.31267,0.30523,0.28417,0.33922,0.33685,0.27886,0.30994,0.32204,0.30581,0.32694,0.33861,0.30789,0.33365,0.29906,0.34753,0.33548,0.28629,0.32573,0.31146,0.31355,0.32108,0.30886,0.28419,0.30206,0.31694,0.32904,0.30986,0.34429,0.31069,0.30023,0.30044,0.3058,0.30604,0.3173,0.32445,0.26644,0.35059,0.2614,0.32524,0.2997,0.31312,0.28312,0.2794,0.23752,0.32421,0.36498,0.31674,0.31617,0.26825,0.27346,0.3114,0.32301,0.31236,0.20889,0.29622,0.27622,0.32273,0.29597,0.34813,0.30395,0.3289,0.31379,0.31733,0.31575,0.30861,0.31061,0.30155,0.31413,0.30007,0.34353,0.31662,0.35351,0.33367,0.28036,0.31538,0.28199,0.3535,0.30824,0.35962,0.30874,0.31569,0.28197,0.29806,0.27282,0.29852,0.31278,0.31663,0.31685,0.28048,0.3221,0.32567,0.31713,0.30148,0.27931,0.26636,0.32865,0.31312,0.31682,0.30468,0.30536,0.31523,0.28956,0.29135,0.32116,0.31106,0.2971,0.26595,0.26494,0.32179,0.30354,0.30346,0.31206,0.31923,0.35027
0.29836,0,0.068259,0.10544,0.093283,0.15882,0.09701,0.055877,0.056446,0.059732,0.091459,0.0728,0.041947,0.06353,0.067216,0.061656,0.067499,0.069741,0.082103,0.16391,0.12089,0.079739,0.051294,0.08244,0.086793,0.073431,0.067946,0.09198,0.0453,0.053654,0.041142,0.1181,0.051492,0.11745,0.075249,0.070513,0.059287,0.06353,0.03942,0.056155,0.067065,0.064684,0.081877,0.099368,0.10357,0.089482,0.067344,0.061039,0.065948,0.11077,0.16756,0.05164,0.087292,0.057441,0.092113,0.068853,0.070622,0.077597,0.25346,0.075582,0.070515,0.048165,0.065489,0.10919,0.095256,0.08445,0.03815,0.44122,0.056128,0.062231,0.06887,0.053745,0.068333,0.051962,0.069791,0.071012,0.082989,0.094907,0.05269,0.12156,0.053629,0.082656,0.065194,0.046156,0.05549,0.086681,0.12296,0.094842,0.095917,0.10618,0.064793,0.054178,0.069654,0.042746,0.051993,0.086667,0.07741,0.12104,0.048792,0.075032,0.049195,0.056019,0.056063,0.071202,0.11281,0.058026,0.18018,0.08571,0.11801,0.12258,0.073521,0.047387,0.048554,0.089167,0.071739,0.18317,0.05126,0.11045,0.057819,0.044616,0.093383,0.090317,0.073549,0.055567,0.046563,0.12768,0.065381,0.10419,0.056838,0.069223,0.13418,0.063232,0.097908,0.046309,0.08958,0.054892,0.059053,0.083079,0.061136,0.068901,0.057022,0.099248,0.048324,0.12129,0.063124,0.067668,0.057177,0.07015,0.12006,0.053635,0.18453,0.089771,0.053925,0.084833,0.064424,0.0774,0.059479,0.084113,0.04729,0.090011,0.12821,0.11281,0.090315,0.27809,0.065433,0.14614,0.087249,0.0774,0.061328,0.059859,0.056411,0.048454,0.051783,0.058664,0.23204,0.11476,0.074251,0.058808,0.10771,0.10111,0.073976,0.063667,0.065724,0.050319,0.056876,0.12526
0.31016,0.068259,0,0.1134,0.11582,0.17317,0.12331,0.061068,0.058394,0.062611,0.08736,0.094431,0.053944,0.082263,0.06111,0.057277,0.09166,0.070039,0.075835,0.17331,0.13437,0.096713,0.05823,0.074722,0.10815,0.068548,0.060005,0.099304,0.085065,0.076293,0.051377,0.11455,0.068119,0.15687,0.086508,0.079186,0.052604,0.047246,0.069219,0.078017,0.070343,0.064572,0.08283,0.10848,0.11161,0.097264,0.073453,0.07966,0.057197,0.12563,0.1752,0.047686,0.085548,0.082873,0.10838,0.077243,0.083126,0.075945,0.24428,0.082037,0.077377,0.079081,0.056483,0.12087,0.094899,0.10339,0.055936,0.42879,0.069923,0.063273,0.050103,0.056279,0.061975,0.076124,0.062536,0.073883,0.082696,0.10634,0.061621,0.10589,0.046946,0.097577,0.072272,0.063956,0.055062,0.094911,0.1305,0.11407,0.11514,0.094809,0.076575,0.068075,0.066073,0.069352,0.061465,0.096332,0.056428,0.11434,0.060026,0.070278,0.063079,0.064049,0.09359,0.089886,0.11237,0.053198,0.17215,0.086343,0.14031,0.13926,0.077644,0.056381,0.044949,0.10166,0.073898,0.18183,0.068113,0.11963,0.066842,0.050481,0.098941,0.11823,0.072953,0.056124,0.064599,0.14282,0.055241,0.11871,0.068011,0.063255,0.1432,0.044184,0.12235,0.064675,0.08165,0.069392,0.074782,0.10521,0.064687,0.068505,0.061347,0.11235,0.06743,0.12323,0.063398,0.066108,0.064927,0.085211,0.12852,0.060774,0.2231,0.081107,0.077051,0.10554,0.071016,0.097897,0.0603,0.094494,0.054077,0.10249,0.14105,0.092439,0.097017,0.29862,0.071104,0.13836,0.11017,0.073516,0.063427,0.070609,0.039244,0.06922,0.059321,0.087018,0.25051,0.14255,0.05726,0.084531,0.12654,0.11396,0.089707,0.081924,0.064554,0.054185,0.072662,0.15011
0.28616,0.10544,0.1134,0,0.10819,0.15551,0.11834,0.10872,0.087321,0.11701,0.13326,0.087236,0.11116,0.11136,0.10617,0.1197,0.10091,0.10371,0.1291,0.15071,0.16371,0.10473,0.10905,0.10721,0.1232,0.10984,0.10898,0.12945,0.0883,0.11199,0.10533,0.15332,0.11721,0.14254,0.11667,0.138,0.095477,0.096982,0.12046,0.10415,0.11226,0.12394,0.12511,0.10333,0.12769,0.10852,0.079304,0.12378,0.10822,0.12731,0.17536,0.11406,0.11634,0.12077,0.12112,0.10813,0.11546,0.099125,0.23842,0.13186,0.10588,0.11365,0.11439,0.12291,0.12416,0.10564,0.10872,0.47482,0.10178,0.10937,0.11925,0.10586,0.10367,0.10602,0.1189,0.11749,0.09434,0.099264,0.098615,0.09918,0.11048,0.1364,0.11064,0.11196,0.11668,0.12137,0.12278,0.13794,0.1243,0.12407,0.093649,0.098906,0.13693,0.10808,0.089115,0.092111,0.13174,0.10136,0.10007,0.11979,0.11846,0.12188,0.087946,0.10911,0.15957,0.12672,0.19373,0.097575,0.16481,0.12875,0.12064,0.10151,0.12044,0.11675,0.10084,0.18417,0.11074,0.18271,0.11703,0.12201,0.097341,0.12851,0.11172,0.12186,0.093801,0.12518,0.10394,0.11953,0.12653,0.10564,0.17907,0.09507,0.12811,0.12025,0.11115,0.12836,0.13603,0.13279,0.083375,0.10621,0.11058,0.14922,0.11582,0.17611,0.11995,0.095251,0.11531,0.11289,0.15009,0.1156,0.2228,0.13853,0.11708,0.10531,0.12753,0.10187,0.09617,0.12016,0.11527,0.0928,0.14125,0.0989,0.15183,0.25602,0.10235,0.17414,0.11078,0.10915,0.11696,0.12434,0.1204,0.11982,0.11566,0.1072,0.25794,0.11603,0.11225,0.11604,0.099792,0.12194,0.10979,0.13357,0.085895,0.10435,0.1025,0.16472
0.2739,0.093283,0.11582,0.10819,0,0.1406,0.10536,0.098122,0.074731,0.1041,0.12552,0.062142,0.097276,0.083706,0.11184,0.12131,0.080742,0.10423,0.12701,0.13301,0.14845,0.066833,0.095716,0.10537,0.072667,0.10576,0.11498,0.12226,0.074718,0.10486,0.095208,0.1262,0.080256,0.11348,0.08028,0.12667,0.087536,0.091786,0.10463,0.071439,0.10117,0.11955,0.13354,0.088948,0.11383,0.11734,0.089679,0.096419,0.11031,0.13143,0.13586,0.097796,0.13522,0.088342,0.084395,0.083589,0.084481,0.10881,0.23873,0.1138,0.11169,0.085046,0.10334,0.11717,0.11936,0.10285,0.091085,0.43659,0.074267,0.10361,0.11769,0.10191,0.10839,0.076898,0.099573,0.11518,0.12206,0.069023,0.094881,0.13555,0.091518,0.1335,0.10697,0.092646,0.10105,0.10244,0.14031,0.10538,0.11694,0.11013,0.10418,0.097163,0.12518,0.087815,0.082989,0.076413,0.11806,0.12925,0.10786,0.13121,0.088456,0.089725,0.078455,0.10029,0.1236,0.097492,0.1713,0.096279,0.14937,0.086953,0.11825,0.078932,0.099476,0.10454,0.094775,0.1757,0.10885,0.164,0.10986,0.10904,0.076245,0.075746,0.11933,0.096899,0.092421,0.10067,0.087653,0.087775,0.10489,0.093515,0.15771,0.087568,0.10037,0.089313,0.12269,0.10779,0.098155,0.1164,0.090186,0.10147,0.11183,0.1413,0.096467,0.16254,0.10733,0.094575,0.11745,0.079798,0.15689,0.10289,0.17481,0.10282,0.090578,0.070334,0.10567,0.077887,0.097317,0.10772,0.093315,0.074166,0.1177,0.1373,0.14643,0.21662,0.09282,0.14847,0.064583,0.12102,0.091857,0.10974,0.10798,0.10263,0.1002,0.09231,0.21694,0.11068,0.09488,0.089723,0.079484,0.091152,0.10371,0.10889,0.086504,0.093148,0.10209,0.16501
0.26788,0.15882,0.17317,0.15551,0.1406,0,0.20345,0.17266,0.14588,0.17162,0.19363,0.14427,0.17656,0.17113,0.18268,0.19343,0.1568,0.1932,0.20869,0.12116,0.15872,0.16192,0.16574,0.19078,0.11664,0.16483,0.19056,0.16062,0.14802,0.17557,0.17161,0.19759,0.15865,0.15569,0.15951,0.19902,0.153,0.16412,0.17584,0.15454,0.16384,0.17094,0.19878,0.156,0.16748,0.17163,0.16002,0.16219,0.15414,0.16469,0.2029,0.16252,0.1912,0.16703,0.14714,0.15879,0.17447,0.15402,0.20718,0.17588,0.19058,0.16606,0.1644,0.18206,0.18724,0.1647,0.15812,0.44257,0.15554,0.16153,0.19454,0.17859,0.18575,0.15848,0.16399,0.19916,0.1977,0.13065,0.16008,0.16348,0.16825,0.21297,0.18658,0.17261,0.18331,0.16196,0.20879,0.17791,0.17477,0.16333,0.15538,0.16149,0.19014,0.16587,0.15078,0.16834,0.19053,0.17682,0.17138,0.20596,0.16532,0.17339,0.15494,0.15884,0.1877,0.17612,0.25117,0.15784,0.22443,0.092406,0.1947,0.1623,0.17416,0.17264,0.16167,0.16613,0.19147,0.21984,0.17655,0.18448,0.15789,0.12099,0.19198,0.17017,0.17289,0.13872,0.15177,0.15081,0.18957,0.16728,0.22086,0.15502,0.17664,0.17925,0.19303,0.17958,0.18256,0.19185,0.1582,0.17663,0.17911,0.21522,0.17132,0.19539,0.18695,0.1508,0.18491,0.13576,0.2306,0.17157,0.23777,0.17386,0.18233,0.14356,0.18368,0.14601,0.15615,0.17691,0.17558,0.14974,0.17751,0.20688,0.20827,0.21166,0.16461,0.17041,0.11845,0.20154,0.16351,0.1942,0.17346,0.1807,0.17963,0.16665,0.26021,0.16264,0.16734,0.16264,0.12258,0.1266,0.17022,0.16079,0.14628,0.16362,0.18397,0.24156
0.33187,0.09701,0.12331,0.11834,0.10536,0.20345,0,0.095916,0.10011,0.10032,0.10954,0.098074,0.094192,0.095461,0.10484,0.10114,0.094447,0.076052,0.12071,0.19344,0.18427,0.10704,0.090121,0.077148,0.1339,0.12262,0.099225,0.11144,0.087314,0.090772,0.096821,0.14519,0.095946,0.13765,0.10458,0.10066,0.10498,0.10477,0.11057,0.094103,0.11123,0.11598,0.10418,0.13092,0.14039,0.11191,0.098137,0.10289,0.11932,0.15291,0.18446,0.11572,0.1131,0.082913,0.13115,0.097483,0.073978,0.12589,0.28942,0.11489,0.085291,0.093798,0.10999,0.095744,0.093491,0.084957,0.099413,0.44241,0.095225,0.11327,0.098615,0.089954,0.091691,0.082526,0.125,0.083754,0.083209,0.12049,0.088698,0.13985,0.10468,0.091901,0.074799,0.098559,0.090019,0.11721,0.10398,0.1041,0.11361,0.13538,0.098782,0.096411,0.11658,0.086608,0.097385,0.087107,0.11486,0.1179,0.092607,0.09255,0.092513,0.10273,0.08925,0.11469,0.15963,0.10347,0.17713,0.12065,0.12784,0.15573,0.089955,0.095341,0.10613,0.09714,0.10658,0.23303,0.088147,0.15093,0.098216,0.10384,0.10616,0.13402,0.10556,0.0976,0.091382,0.15006,0.10766,0.11611,0.0937,0.10339,0.15323,0.10359,0.086073,0.089174,0.11667,0.10805,0.11146,0.12697,0.095323,0.099655,0.099884,0.13207,0.087058,0.15997,0.086844,0.11523,0.10729,0.11261,0.12763,0.092258,0.18867,0.11431,0.076503,0.1194,0.10402,0.11537,0.10419,0.10047,0.088509,0.080464,0.13805,0.12317,0.12142,0.27584,0.089636,0.1893,0.12327,0.096921,0.094471,0.086404,0.11306,0.087299,0.091972,0.092074,0.26115,0.10038,0.097703,0.094248,0.13513,0.15047,0.091356,0.11305,0.10065,0.096049,0.089409,0.12368
0.30747,0.055877,0.061068,0.10872,0.098122,0.17266,0.095916,0,0.044653,0.054378,0.082859,0.064195,0.044814,0.051042,0.050218,0.056946,0.06427,0.062841,0.069317,0.17733,0.13263,0.078559,0.039251,0.072775,0.1118,0.083258,0.054669,0.087319,0.058573,0.060501,0.049359,0.12659,0.051905,0.15199,0.052034,0.067646,0.054469,0.049627,0.059126,0.051325,0.059784,0.055582,0.081853,0.10586,0.096027,0.086884,0.057598,0.074615,0.073105,0.12336,0.16781,0.047137,0.07619,0.064604,0.10398,0.07133,0.066394,0.065861,0.26211,0.084872,0.070866,0.053113,0.065252,0.12398,0.076694,0.084187,0.049676,0.42362,0.049181,0.066376,0.051964,0.049413,0.040535,0.053114,0.060346,0.062203,0.068988,0.097483,0.047012,0.11463,0.050767,0.078033,0.062121,0.056673,0.047538,0.088672,0.11747,0.095729,0.090633,0.082882,0.072717,0.057257,0.064228,0.050417,0.046207,0.075922,0.065054,0.11232,0.05773,0.059749,0.039357,0.05513,0.065519,0.063689,0.09827,0.055606,0.16457,0.073,0.12054,0.14317,0.042022,0.048761,0.052861,0.096722,0.063022,0.19299,0.054781,0.11358,0.052016,0.048956,0.082453,0.11535,0.063911,0.04994,0.049194,0.13885,0.066847,0.10709,0.052885,0.057685,0.15622,0.045481,0.10103,0.057745,0.069326,0.075423,0.056797,0.091251,0.054528,0.060706,0.054549,0.11813,0.045018,0.11871,0.043931,0.056798,0.050474,0.076714,0.12586,0.049213,0.19847,0.08196,0.049853,0.098449,0.062289,0.080004,0.061427,0.067485,0.0529,0.081692,0.1518,0.088338,0.1051,0.30179,0.046729,0.13439,0.10839,0.057536,0.050012,0.054084,0.055273,0.056677,0.055736,0.075584,0.22795,0.11884,0.060414,0.066964,0.11455,0.12804,0.059081,0.077567,0.05322,0.037659,0.051517,0.13914
0.29029,0.056446,0.058394,0.087321,0.074731,0.14588,0.10011,0.044653,0,0.060155,0.098927,0.047076,0.055493,0.060466,0.06191,0.07132,0.053176,0.073462,0.082711,0.14877,0.13027,0.059747,0.053202,0.074365,0.086108,0.069895,0.072555,0.090132,0.049581,0.069858,0.05426,0.1303,0.052859,0.13661,0.061691,0.082913,0.042262,0.044602,0.061538,0.050054,0.063691,0.06753,0.099268,0.083733,0.091662,0.088329,0.043179,0.073112,0.069403,0.12342,0.15464,0.042412,0.092049,0.069155,0.096454,0.06036,0.070379,0.050849,0.23905,0.088902,0.080443,0.062611,0.065325,0.11402,0.083593,0.076648,0.052632,0.43449,0.035571,0.06967,0.067506,0.058614,0.057175,0.051651,0.053582,0.076687,0.076837,0.068662,0.045076,0.1093,0.05447,0.10064,0.065676,0.056691,0.055454,0.082629,0.11516,0.1003,0.086977,0.081331,0.063201,0.058385,0.082831,0.056697,0.031809,0.062316,0.076092,0.10694,0.06767,0.08127,0.052889,0.059622,0.067592,0.053432,0.10274,0.065995,0.1627,0.050269,0.13578,0.10989,0.072813,0.042446,0.06054,0.098495,0.048354,0.17567,0.068732,0.12509,0.065972,0.062831,0.06783,0.091919,0.079245,0.055443,0.049032,0.11495,0.052356,0.08298,0.069735,0.054654,0.16041,0.035048,0.10067,0.066065,0.082173,0.080703,0.068561,0.094549,0.039546,0.056151,0.066827,0.12038,0.061213,0.12018,0.064478,0.044348,0.065203,0.065254,0.13507,0.058051,0.19425,0.083256,0.060779,0.081133,0.069437,0.059946,0.042894,0.079706,0.058738,0.067063,0.13519,0.094414,0.11445,0.26853,0.057589,0.12857,0.077168,0.075134,0.059485,0.074084,0.050498,0.068744,0.066266,0.068569,0.22537,0.11237,0.058475,0.070606,0.085703,0.1026,0.069734,0.082584,0.042842,0.043096,0.065008,0.15009
0.3073,0.059732,0.062611,0.11701,0.1041,0.17162,0.10032,0.054378,0.060155,0,0.095983,0.086378,0.048728,0.06167,0.052594,0.060732,0.07612,0.059696,0.070454,0.17132,0.12577,0.098443,0.045699,0.07642,0.10245,0.077523,0.062506,0.0778,0.078501,0.071297,0.060324,0.11778,0.048709,0.13555,0.080143,0.073773,0.049191,0.053735,0.065053,0.057439,0.076395,0.070689,0.092583,0.11016,0.096567,0.082904,0.060709,0.076505,0.068676,0.11617,0.16217,0.049435,0.078662,0.066088,0.10484,0.064468,0.080593,0.073994,0.25072,0.070227,0.078101,0.059036,0.048746,0.10629,0.072532,0.07186,0.053077,0.42139,0.063887,0.087879,0.069078,0.069384,0.054463,0.06124,0.061764,0.078895,0.081197,0.10481,0.048352,0.12413,0.059567,0.089103,0.066456,0.052861,0.057757,0.11019,0.117,0.11721,0.091255,0.1029,0.068358,0.069788,0.076054,0.049586,0.054309,0.097322,0.066526,0.1159,0.063486,0.070518,0.041981,0.064073,0.080376,0.076233,0.11112,0.065886,0.16119,0.078992,0.10279,0.13514,0.065152,0.059214,0.056756,0.090567,0.070034,0.19195,0.06424,0.10593,0.0597,0.043618,0.09599,0.11056,0.062226,0.050508,0.059962,0.13422,0.065137,0.10901,0.060339,0.058524,0.14739,0.061644,0.10386,0.059072,0.087435,0.072054,0.071676,0.10798,0.052597,0.051024,0.064125,0.11814,0.059028,0.098837,0.060505,0.067743,0.060569,0.080023,0.1154,0.051153,0.17975,0.068823,0.066393,0.098887,0.062818,0.093595,0.051636,0.090684,0.053906,0.0893,0.14359,0.10393,0.085789,0.29102,0.0607,0.14153,0.10874,0.063094,0.047943,0.05289,0.046253,0.052308,0.057198,0.071291,0.22337,0.12137,0.059906,0.077062,0.1165,0.12123,0.064162,0.085831,0.055223,0.042179,0.074244,0.12818
0.33729,0.091459,0.08736,0.13326,0.12552,0.19363,0.10954,0.082859,0.098927,0.095983,0,0.11478,0.070431,0.082356,0.093891,0.088328,0.11331,0.07611,0.099013,0.21151,0.15592,0.11757,0.080114,0.092808,0.12565,0.10299,0.076036,0.11522,0.098201,0.082955,0.075302,0.1162,0.082975,0.15382,0.085433,0.075588,0.085238,0.087325,0.10008,0.10268,0.083996,0.10353,0.064367,0.13985,0.11509,0.10234,0.11306,0.10504,0.10104,0.131,0.21271,0.096877,0.09588,0.08109,0.11191,0.088869,0.087335,0.11836,0.29038,0.087173,0.072382,0.095371,0.075119,0.13923,0.10222,0.12193,0.080931,0.43261,0.099949,0.066805,0.082917,0.079688,0.096525,0.095774,0.11254,0.062678,0.10249,0.12665,0.092551,0.12484,0.077386,0.10393,0.083388,0.088614,0.081505,0.098595,0.1237,0.082115,0.13517,0.10862,0.099686,0.086887,0.082133,0.0937,0.095978,0.10734,0.097654,0.12859,0.078839,0.093186,0.077296,0.090482,0.085136,0.11922,0.12441,0.068298,0.20145,0.13186,0.14384,0.16255,0.092128,0.085993,0.06902,0.088223,0.11224,0.22547,0.077293,0.1409,0.08479,0.078358,0.12296,0.14259,0.08484,0.079307,0.089462,0.1735,0.085483,0.13607,0.079562,0.082599,0.12534,0.081327,0.1046,0.074377,0.086261,0.077847,0.091665,0.09726,0.11077,0.11722,0.082702,0.11427,0.071344,0.15821,0.070387,0.099063,0.10347,0.095475,0.1445,0.089129,0.2367,0.10732,0.093242,0.12511,0.10678,0.11925,0.10102,0.094669,0.072033,0.096124,0.13798,0.12424,0.12304,0.30463,0.087214,0.14803,0.12309,0.090637,0.083601,0.082159,0.097517,0.090063,0.071231,0.11956,0.27574,0.13665,0.078316,0.097617,0.14752,0.14737,0.098194,0.079274,0.09691,0.090922,0.091631,0.13943
0.29208,0.0728,0.094431,0.087236,0.062142,0.14427,0.098074,0.064195,0.047076,0.086378,0.11478,0,0.077428,0.068856,0.079769,0.095416,0.056612,0.090684,0.10402,0.15109,0.13906,0.059865,0.069481,0.094545,0.096233,0.092286,0.091975,0.099655,0.044854,0.073536,0.074341,0.1385,0.070928,0.13379,0.062322,0.10525,0.070667,0.065911,0.083198,0.054091,0.077744,0.091476,0.11949,0.085002,0.10198,0.098259,0.055814,0.077074,0.089734,0.1175,0.16045,0.075542,0.10049,0.088686,0.095394,0.074228,0.072432,0.068647,0.25301,0.098273,0.089162,0.063712,0.088687,0.12101,0.094866,0.083253,0.069187,0.43973,0.051572,0.085656,0.088742,0.080057,0.076429,0.050271,0.084884,0.089622,0.0872,0.057788,0.067375,0.11836,0.072824,0.11345,0.080212,0.072761,0.077292,0.10385,0.1273,0.10569,0.091961,0.07801,0.083055,0.07615,0.099847,0.06269,0.055622,0.046281,0.097185,0.10874,0.086412,0.097459,0.072395,0.077012,0.057613,0.063279,0.1078,0.083813,0.1671,0.074982,0.13492,0.11263,0.086865,0.061296,0.082042,0.1073,0.071446,0.17765,0.079829,0.14501,0.083236,0.088211,0.054755,0.099246,0.099501,0.077767,0.073487,0.11428,0.075027,0.090542,0.090201,0.081103,0.162,0.066709,0.10183,0.078172,0.086095,0.093311,0.07647,0.099895,0.056825,0.074281,0.091076,0.13311,0.071353,0.13892,0.080792,0.067631,0.08115,0.073116,0.135,0.076522,0.18253,0.10138,0.070985,0.082564,0.096205,0.064963,0.073671,0.092133,0.076893,0.060401,0.13709,0.10205,0.13975,0.25824,0.063686,0.13945,0.085701,0.089364,0.074755,0.087135,0.08703,0.086155,0.080785,0.069663,0.21661,0.10973,0.080347,0.075396,0.077567,0.10664,0.071738,0.099893,0.055204,0.062188,0.068771,0.15707
0.30819,0.041947,0.053944,0.11116,0.097276,0.17656,0.094192,0.044814,0.055493,0.048728,0.070431,0.077428,0,0.058052,0.056327,0.042335,0.070983,0.055244,0.069377,0.18022,0.13732,0.08328,0.041781,0.073445,0.096562,0.072215,0.052901,0.090357,0.061803,0.043597,0.026367,0.11141,0.048297,0.14079,0.071463,0.059503,0.046865,0.044764,0.052091,0.056957,0.059702,0.066276,0.078302,0.10382,0.10143,0.089208,0.065671,0.071035,0.070275,0.11626,0.16955,0.050703,0.079057,0.055152,0.090849,0.060634,0.068749,0.078402,0.26179,0.065201,0.057951,0.049027,0.049909,0.11604,0.083439,0.082169,0.034484,0.42877,0.059275,0.056807,0.051016,0.050158,0.052786,0.053481,0.067879,0.051939,0.07176,0.099128,0.050996,0.12285,0.040255,0.075604,0.048899,0.038375,0.043969,0.090099,0.11864,0.09342,0.092596,0.093832,0.070055,0.057798,0.060837,0.041858,0.053469,0.082845,0.063242,0.12322,0.056295,0.062312,0.039559,0.04793,0.065852,0.070442,0.095824,0.043671,0.16965,0.085561,0.11934,0.13586,0.063499,0.048687,0.031384,0.084554,0.072342,0.18975,0.044919,0.11701,0.057306,0.026152,0.087719,0.1127,0.058555,0.049088,0.049016,0.13803,0.051309,0.10763,0.03512,0.0568,0.12589,0.053426,0.098254,0.039147,0.06882,0.044774,0.046482,0.086312,0.061521,0.065792,0.053992,0.10507,0.041682,0.11936,0.05038,0.062461,0.053131,0.078789,0.11066,0.044242,0.19663,0.077251,0.050951,0.093802,0.063035,0.086032,0.059401,0.078661,0.036584,0.08788,0.13213,0.09407,0.093293,0.29301,0.057489,0.14139,0.099128,0.061295,0.04889,0.040625,0.044082,0.037129,0.035942,0.070297,0.24161,0.12394,0.057791,0.06552,0.11945,0.11447,0.069278,0.074271,0.063893,0.044981,0.056777,0.12743
0.31398,0.06353,0.082263,0.11136,0.083706,0.17113,0.095461,0.051042,0.060466,0.06167,0.082356,0.068856,0.058052,0,0.064745,0.073302,0.073322,0.06519,0.074783,0.18059,0.1304,0.075909,0.05669,0.0753,0.10577,0.086885,0.070892,0.095313,0.061393,0.073909,0.064667,0.11768,0.057725,0.13118,0.052981,0.086697,0.060518,0.064083,0.064687,0.050378,0.063757,0.078527,0.083166,0.10112,0.081648,0.083653,0.072456,0.077098,0.087039,0.10979,0.17315,0.058936,0.088125,0.068138,0.095114,0.063745,0.068586,0.081461,0.27258,0.078858,0.0767,0.057503,0.066638,0.1216,0.086803,0.093864,0.058921,0.44331,0.062419,0.079562,0.077424,0.071532,0.066789,0.055154,0.077277,0.072817,0.085458,0.095951,0.05725,0.12362,0.055586,0.10154,0.072195,0.059612,0.056966,0.099046,0.11871,0.085364,0.099812,0.086556,0.075982,0.061882,0.076237,0.062031,0.068576,0.080826,0.075696,0.11194,0.069391,0.079168,0.0465,0.059727,0.055453,0.073891,0.095028,0.062264,0.16209,0.094683,0.1049,0.13762,0.070355,0.049249,0.060803,0.095126,0.089769,0.19377,0.063792,0.11565,0.061581,0.058904,0.095729,0.10553,0.071269,0.049123,0.051445,0.14444,0.07049,0.10492,0.06328,0.060279,0.14539,0.063041,0.085156,0.054613,0.08363,0.076083,0.064507,0.077296,0.068988,0.069522,0.077125,0.10648,0.059511,0.12263,0.054764,0.07443,0.073918,0.071463,0.12414,0.065458,0.18105,0.091106,0.054675,0.086465,0.073091,0.082357,0.075074,0.086086,0.055924,0.075402,0.14208,0.10815,0.10724,0.28107,0.068187,0.13452,0.10251,0.071034,0.057804,0.066595,0.077082,0.069032,0.062272,0.082963,0.21282,0.10239,0.063909,0.076517,0.10689,0.13104,0.07257,0.080146,0.061723,0.054265,0.068271,0.1262
0.31632,0.067216,0.06111,0.10617,0.11184,0.18268,0.10484,0.050218,0.06191,0.052594,0.093891,0.079769,0.056327,0.064745,0,0.056525,0.082967,0.0585,0.046336,0.17959,0.13649,0.092388,0.047797,0.069066,0.12055,0.079343,0.039444,0.085213,0.074575,0.067452,0.055201,0.12139,0.068125,0.1467,0.070545,0.080331,0.050269,0.047549,0.066855,0.05834,0.055335,0.067099,0.085899,0.11167,0.089625,0.082695,0.053107,0.081607,0.066193,0.10997,0.18339,0.053756,0.075265,0.076795,0.1089,0.069122,0.074566,0.06853,0.26196,0.073472,0.060589,0.058714,0.058931,0.12059,0.063737,0.091773,0.049878,0.43401,0.057676,0.076774,0.056904,0.060418,0.044895,0.061582,0.07115,0.07088,0.060477,0.10348,0.062919,0.1126,0.051589,0.090203,0.060908,0.057112,0.054615,0.10341,0.1102,0.11889,0.089379,0.10421,0.062139,0.068801,0.064384,0.052702,0.058485,0.090545,0.053797,0.10903,0.064413,0.059623,0.055029,0.073455,0.076047,0.080233,0.10168,0.067359,0.16719,0.080953,0.10913,0.15253,0.062187,0.053399,0.059113,0.10405,0.073974,0.19203,0.059945,0.11697,0.056592,0.052962,0.087745,0.12288,0.04183,0.055256,0.06154,0.14431,0.066521,0.11303,0.065541,0.063816,0.15312,0.061246,0.11535,0.059787,0.075912,0.081899,0.073498,0.095878,0.051224,0.055141,0.051652,0.10034,0.054165,0.12167,0.053966,0.065376,0.047482,0.085743,0.11514,0.0546,0.20503,0.083649,0.072148,0.10927,0.073768,0.088991,0.052381,0.081312,0.055774,0.093515,0.15122,0.077215,0.099009,0.29858,0.050523,0.14146,0.1226,0.029439,0.058768,0.05919,0.056582,0.061451,0.052196,0.071247,0.23258,0.12342,0.062877,0.088447,0.12171,0.12947,0.069946,0.09734,0.058011,0.046732,0.057748,0.12185
0.32517,0.061656,0.057277,0.1197,0.12131,0.19343,0.10114,0.056946,0.07132,0.060732,0.088328,0.095416,0.042335,0.073302,0.056525,0,0.087992,0.063765,0.075841,0.19345,0.15611,0.098775,0.054747,0.060664,0.12013,0.086385,0.056132,0.092765,0.07721,0.05604,0.044495,0.11892,0.074954,0.16032,0.089319,0.080401,0.058633,0.058891,0.062405,0.067619,0.05868,0.058283,0.07572,0.12029,0.11153,0.098311,0.07615,0.074843,0.07194,0.1271,0.18228,0.064086,0.082707,0.07613,0.10898,0.072299,0.074917,0.08722,0.27024,0.077164,0.060102,0.065696,0.065838,0.11633,0.0888,0.09785,0.048177,0.43364,0.074792,0.065939,0.040953,0.058918,0.050933,0.063372,0.079643,0.059519,0.057149,0.11767,0.062239,0.11656,0.052266,0.072835,0.050763,0.060038,0.048621,0.0978,0.11903,0.10087,0.10081,0.10615,0.07333,0.056788,0.060428,0.058639,0.072159,0.10217,0.047036,0.12794,0.062281,0.047719,0.061154,0.057347,0.08869,0.078469,0.10785,0.063762,0.16139,0.098774,0.12631,0.15795,0.066013,0.061058,0.052867,0.099473,0.088515,0.1894,0.058358,0.11563,0.052654,0.0396,0.1035,0.13433,0.056076,0.059565,0.058901,0.15104,0.065179,0.11973,0.040664,0.06637,0.13223,0.064971,0.11918,0.058889,0.084,0.062367,0.064526,0.1004,0.06958,0.062056,0.065653,0.10196,0.057334,0.11074,0.062016,0.074266,0.046238,0.10032,0.10378,0.05184,0.21101,0.081332,0.057314,0.10417,0.062633,0.10035,0.071205,0.086718,0.051248,0.10931,0.14521,0.081005,0.07458,0.31168,0.068594,0.15653,0.1272,0.063437,0.05845,0.050302,0.053878,0.047962,0.048579,0.074535,0.25431,0.13222,0.063134,0.080119,0.13931,0.13692,0.082692,0.093897,0.079347,0.061377,0.063725,0.12348
0.27726,0.067499,0.09166,0.10091,0.080742,0.1568,0.094447,0.06427,0.053176,0.07612,0.11331,0.056612,0.070983,0.073322,0.082967,0.087992,0,0.079917,0.098523,0.14702,0.12759,0.060302,0.062346,0.094784,0.090035,0.067485,0.0908,0.11087,0.059221,0.072825,0.074987,0.15214,0.063721,0.13161,0.083449,0.095878,0.069616,0.068612,0.072459,0.070984,0.082324,0.08244,0.12102,0.069859,0.10401,0.078578,0.060762,0.089279,0.087092,0.13958,0.15235,0.071778,0.10615,0.085299,0.098104,0.082984,0.074973,0.058673,0.24127,0.099752,0.094637,0.076228,0.085136,0.11625,0.098043,0.074191,0.073881,0.44414,0.050581,0.095051,0.091042,0.081732,0.079684,0.056828,0.082181,0.095428,0.090897,0.067744,0.064174,0.13828,0.072712,0.11139,0.081137,0.070866,0.080266,0.10616,0.13242,0.11237,0.075986,0.096879,0.089118,0.070329,0.089073,0.071079,0.057694,0.065341,0.091906,0.11084,0.08565,0.097023,0.06607,0.067462,0.071606,0.067916,0.10482,0.086998,0.15881,0.060568,0.12379,0.11918,0.079863,0.068921,0.081407,0.089616,0.068072,0.17176,0.081948,0.14352,0.083123,0.078222,0.065976,0.10913,0.093563,0.072479,0.075614,0.10549,0.072568,0.061597,0.090389,0.074533,0.15971,0.070193,0.099601,0.075892,0.098773,0.087554,0.072355,0.091584,0.059468,0.069833,0.083108,0.12897,0.074684,0.13082,0.081909,0.053863,0.078475,0.066334,0.12658,0.061275,0.18595,0.094152,0.064637,0.096329,0.078169,0.054961,0.071199,0.084562,0.076921,0.075728,0.13495,0.11349,0.12594,0.26653,0.068963,0.11965,0.083211,0.092408,0.069924,0.06958,0.074972,0.077734,0.082119,0.064478,0.21661,0.11371,0.073666,0.06092,0.073207,0.11874,0.093734,0.082378,0.064073,0.065261,0.074152,0.14657
0.32,0.069741,0.070039,0.10371,0.10423,0.1932,0.076052,0.062841,0.073462,0.059696,0.07611,0.090684,0.055244,0.06519,0.0585,0.063765,0.079917,0,0.07279,0.18427,0.14533,0.088763,0.052552,0.055921,0.11637,0.072298,0.049847,0.10318,0.079293,0.072175,0.060849,0.10662,0.06644,0.13677,0.08208,0.07568,0.064729,0.060749,0.072783,0.074538,0.080362,0.082478,0.071081,0.10153,0.10542,0.077866,0.074811,0.08033,0.076146,0.1246,0.17611,0.069592,0.083252,0.069891,0.10801,0.071843,0.063424,0.09089,0.26826,0.08003,0.056389,0.072987,0.06686,0.098216,0.074961,0.08962,0.063574,0.43851,0.072482,0.081151,0.06081,0.055576,0.061622,0.068085,0.089737,0.065223,0.062748,0.10801,0.063396,0.1133,0.058134,0.082294,0.059102,0.065556,0.055305,0.1025,0.10934,0.10342,0.11063,0.10916,0.079946,0.062331,0.074162,0.062347,0.070283,0.08554,0.070479,0.093231,0.054935,0.059465,0.055486,0.067626,0.069624,0.1009,0.12426,0.064632,0.16279,0.095371,0.099521,0.1488,0.060555,0.063743,0.060864,0.078191,0.084415,0.20306,0.057868,0.12892,0.067795,0.056126,0.096386,0.12491,0.058701,0.058161,0.058301,0.14469,0.072179,0.10883,0.066324,0.065218,0.12935,0.06104,0.090238,0.051099,0.086584,0.074529,0.083459,0.098616,0.062149,0.064609,0.062981,0.10081,0.060583,0.13539,0.051143,0.078744,0.07331,0.085261,0.10303,0.059682,0.19801,0.079018,0.061857,0.10309,0.072652,0.096861,0.072833,0.080464,0.05228,0.080386,0.13354,0.094005,0.091754,0.28797,0.062389,0.15237,0.11588,0.055878,0.055901,0.046932,0.071103,0.063284,0.056757,0.077813,0.2486,0.11415,0.061119,0.068958,0.12148,0.12909,0.082613,0.083182,0.063627,0.056832,0.056971,0.11731
0.32029,0.082103,0.075835,0.1291,0.12701,0.20869,0.12071,0.069317,0.082711,0.070454,0.099013,0.10402,0.069377,0.074783,0.046336,0.075841,0.098523,0.07279,0,0.19723,0.14325,0.10702,0.074372,0.089139,0.13425,0.091042,0.055633,0.11749,0.094465,0.087496,0.070737,0.13819,0.079172,0.15469,0.089263,0.080997,0.071297,0.073589,0.075322,0.083237,0.079483,0.091765,0.093952,0.12539,0.10188,0.097136,0.074913,0.10589,0.087481,0.12648,0.19164,0.066537,0.089957,0.089187,0.12906,0.089671,0.094583,0.0862,0.27469,0.096012,0.084954,0.077096,0.077303,0.13955,0.087354,0.11085,0.075618,0.45392,0.074308,0.09633,0.077429,0.077013,0.069934,0.085821,0.080195,0.078572,0.08815,0.12573,0.08557,0.14419,0.068827,0.10522,0.080779,0.063949,0.069884,0.11793,0.11927,0.13411,0.10243,0.12234,0.090569,0.091156,0.073164,0.078327,0.079106,0.1085,0.071909,0.13432,0.081706,0.080798,0.070755,0.086298,0.0956,0.095395,0.10845,0.076872,0.17047,0.09259,0.1146,0.17388,0.075261,0.067904,0.071641,0.1172,0.089607,0.21113,0.068785,0.10775,0.076767,0.059782,0.1106,0.13572,0.053898,0.068628,0.071825,0.16376,0.085825,0.12569,0.077876,0.076847,0.16826,0.084159,0.12927,0.069258,0.087845,0.092376,0.079368,0.086165,0.081178,0.076569,0.058164,0.090886,0.074217,0.14137,0.068846,0.081712,0.066129,0.10011,0.12825,0.07785,0.21442,0.10546,0.087885,0.12944,0.080268,0.099952,0.070413,0.097332,0.069211,0.11452,0.16426,0.10141,0.11115,0.31505,0.080617,0.1483,0.13329,0.042908,0.085657,0.073179,0.068248,0.078568,0.067882,0.095778,0.23061,0.14512,0.082355,0.10733,0.13579,0.14888,0.095052,0.10584,0.086533,0.072923,0.076246,0.11537
0.18919,0.16391,0.17331,0.15071,0.13301,0.12116,0.19344,0.17733,0.14877,0.17132,0.21151,0.15109,0.18022,0.18059,0.17959,0.19345,0.14702,0.18427,0.19723,0,0.16274,0.15911,0.16781,0.17911,0.11772,0.15725,0.18319,0.17869,0.15539,0.18227,0.17092,0.19844,0.1576,0.14353,0.17419,0.20772,0.15395,0.16272,0.18085,0.15483,0.17148,0.17427,0.20639,0.14058,0.18715,0.16525,0.14766,0.17647,0.151,0.18228,0.13619,0.16853,0.1981,0.17075,0.14057,0.17207,0.1677,0.16094,0.12641,0.1883,0.19271,0.16789,0.16945,0.15317,0.19636,0.15936,0.16779,0.45507,0.14793,0.17564,0.19552,0.17918,0.17958,0.15957,0.15612,0.20611,0.19657,0.13554,0.16765,0.17418,0.16725,0.20631,0.1944,0.17222,0.19074,0.16708,0.20904,0.20191,0.16379,0.18998,0.16452,0.17038,0.19027,0.16795,0.14757,0.16618,0.18025,0.17861,0.17033,0.20842,0.17168,0.16952,0.16684,0.1737,0.19909,0.18072,0.21662,0.13867,0.22138,0.11087,0.19314,0.15818,0.17967,0.15624,0.14972,0.1352,0.19325,0.23039,0.18058,0.18633,0.13694,0.12227,0.18367,0.1778,0.17538,0.076466,0.15414,0.13554,0.19334,0.16491,0.22649,0.16191,0.19175,0.17679,0.19968,0.18581,0.18488,0.19474,0.15567,0.16873,0.16834,0.20757,0.1788,0.22165,0.19516,0.14816,0.18214,0.13995,0.22205,0.17097,0.24348,0.16783,0.18072,0.14438,0.16712,0.13879,0.15577,0.17834,0.176,0.16727,0.15597,0.19584,0.19506,0.20312,0.16243,0.17991,0.12464,0.19625,0.16944,0.18829,0.17027,0.17451,0.17905,0.15066,0.23793,0.17561,0.16682,0.16246,0.11997,0.12046,0.18535,0.17118,0.15558,0.17082,0.18244,0.22549
0.26828,0.12089,0.13437,0.16371,0.14845,0.15872,0.18427,0.13263,0.13027,0.12577,0.15592,0.13906,0.13732,0.1304,0.13649,0.15611,0.12759,0.14533,0.14325,0.16274,0,0.14133,0.12159,0.16723,0.1291,0.11067,0.14577,0.14487,0.13641,0.14259,0.13873,0.16241,0.11451,0.13225,0.13689,0.14046,0.13158,0.13126,0.12233,0.13843,0.13873,0.12613,0.16149,0.14158,0.13182,0.10569,0.13869,0.14132,0.13041,0.14615,0.18809,0.12208,0.14154,0.14735,0.12993,0.14475,0.1428,0.12036,0.23439,0.125,0.15061,0.13746,0.11486,0.17133,0.16371,0.15874,0.13137,0.43852,0.12251,0.14109,0.15463,0.14397,0.14847,0.13665,0.12643,0.16578,0.1722,0.12664,0.12949,0.16516,0.13085,0.16361,0.16641,0.13253,0.1463,0.16151,0.18974,0.16483,0.16086,0.15338,0.13641,0.13695,0.13953,0.13384,0.11962,0.14832,0.14392,0.1569,0.12655,0.15773,0.12783,0.1363,0.12234,0.15157,0.14785,0.13773,0.2244,0.13967,0.14575,0.15358,0.1502,0.12495,0.12549,0.13282,0.12623,0.1952,0.13502,0.15902,0.12672,0.13231,0.14954,0.13441,0.15004,0.12717,0.14517,0.14462,0.14149,0.15049,0.15433,0.12309,0.1854,0.13071,0.15995,0.13141,0.15022,0.13003,0.13176,0.13178,0.13625,0.14776,0.13448,0.16742,0.13061,0.16455,0.13871,0.12504,0.13797,0.094997,0.19268,0.13624,0.2237,0.1401,0.14216,0.13595,0.14561,0.1272,0.13342,0.15643,0.13472,0.14893,0.16546,0.18747,0.15314,0.28402,0.12779,0.10852,0.1381,0.1544,0.13009,0.13619,0.13225,0.14509,0.13656,0.13188,0.18874,0.17599,0.13384,0.1246,0.13604,0.14055,0.14491,0.10299,0.12194,0.12592,0.13864,0.18534
0.29347,0.079739,0.096713,0.10473,0.066833,0.16192,0.10704,0.078559,0.059747,0.098443,0.11757,0.059865,0.08328,0.075909,0.092388,0.098775,0.060302,0.088763,0.10702,0.15911,0.14133,0,0.08124,0.09585,0.092371,0.078183,0.098629,0.129,0.071907,0.093302,0.084558,0.13534,0.079858,0.1381,0.07453,0.10519,0.082166,0.077158,0.071563,0.07828,0.084166,0.096074,0.12228,0.075145,0.090724,0.10604,0.083805,0.088239,0.10381,0.15024,0.15886,0.075253,0.13086,0.089673,0.099439,0.077694,0.077846,0.079683,0.25966,0.10627,0.093924,0.08906,0.098533,0.13568,0.10907,0.11404,0.079932,0.44335,0.05932,0.090263,0.093497,0.078111,0.094042,0.074639,0.09003,0.10227,0.097651,0.062323,0.083018,0.13299,0.077052,0.12215,0.089339,0.083814,0.077584,0.089719,0.1315,0.095776,0.11416,0.10444,0.090802,0.07358,0.10438,0.084329,0.074805,0.067956,0.10168,0.11775,0.099642,0.10708,0.078048,0.075855,0.077392,0.087658,0.1041,0.091469,0.17692,0.081517,0.1395,0.11259,0.10178,0.069336,0.08457,0.11315,0.081817,0.18098,0.090494,0.15374,0.095568,0.090448,0.083278,0.10198,0.10708,0.079363,0.075916,0.1193,0.085811,0.07405,0.093012,0.084514,0.15781,0.068009,0.10532,0.07993,0.11562,0.097519,0.081058,0.097158,0.07468,0.085802,0.10029,0.12359,0.085939,0.14377,0.08803,0.077912,0.094802,0.080365,0.14563,0.085559,0.18971,0.096727,0.071583,0.086307,0.092904,0.065104,0.086084,0.086685,0.083963,0.081081,0.13528,0.12265,0.13549,0.24814,0.084542,0.12724,0.081914,0.10361,0.080937,0.09046,0.086438,0.096816,0.091871,0.085503,0.22884,0.12099,0.083876,0.07882,0.084119,0.10684,0.10885,0.095064,0.078821,0.076658,0.078372,0.16213
0.30675,0.051294,0.05823,0.10905,0.095716,0.16574,0.090121,0.039251,0.053202,0.045699,0.080114,0.069481,0.041781,0.05669,0.047797,0.054747,0.062346,0.052552,0.074372,0.16781,0.12159,0.08124,0,0.07083,0.099048,0.069549,0.054505,0.075752,0.06188,0.044609,0.046187,0.1145,0.047101,0.13443,0.065963,0.069716,0.048013,0.04161,0.062604,0.052147,0.057979,0.053051,0.083109,0.10022,0.098693,0.066232,0.057718,0.066878,0.059501,0.10878,0.16806,0.053831,0.066134,0.059327,0.093707,0.061965,0.049476,0.065679,0.25554,0.066356,0.061646,0.047659,0.046407,0.10781,0.074116,0.078884,0.0376,0.41323,0.048163,0.064059,0.055434,0.0481,0.044286,0.042101,0.072969,0.068939,0.065684,0.088217,0.037291,0.10971,0.0403,0.075355,0.054735,0.045259,0.046068,0.096623,0.11487,0.095673,0.08714,0.087506,0.061614,0.052305,0.063149,0.035254,0.049333,0.075717,0.055797,0.10461,0.049303,0.05603,0.033235,0.059196,0.060513,0.075209,0.097258,0.051267,0.1654,0.083531,0.10222,0.13608,0.05166,0.045579,0.042264,0.077031,0.071013,0.18209,0.05331,0.11489,0.050072,0.046712,0.08249,0.11016,0.064468,0.037315,0.06178,0.13018,0.055855,0.098321,0.05327,0.051084,0.134,0.04833,0.091497,0.04449,0.07515,0.056277,0.055349,0.09221,0.052271,0.060611,0.050053,0.11125,0.031895,0.12078,0.041096,0.058199,0.045632,0.060869,0.10764,0.040322,0.20003,0.064886,0.044936,0.091697,0.068085,0.078872,0.062854,0.067767,0.040489,0.077316,0.13797,0.091413,0.091995,0.28673,0.030251,0.12763,0.10388,0.060724,0.026564,0.037364,0.052839,0.045837,0.038962,0.064848,0.2305,0.11025,0.041516,0.055964,0.11113,0.11721,0.064176,0.065802,0.043846,0.035161,0.045493,0.12282
0.32454,0.08244,0.074722,0.10721,0.10537,0.19078,0.077148,0.072775,0.074365,0.07642,0.092808,0.094545,0.073445,0.0753,0.069066,0.060664,0.094784,0.055921,0.089139,0.17911,0.16723,0.09585,0.07083,0,0.12189,0.096229,0.062406,0.097093,0.079447,0.085547,0.068661,0.11229,0.081356,0.14499,0.083455,0.097496,0.068162,0.074126,0.08599,0.070425,0.069657,0.079495,0.068603,0.12007,0.11405,0.10044,0.080633,0.079622,0.079077,0.13441,0.17662,0.080666,0.099137,0.076294,0.11109,0.075246,0.061883,0.10431,0.26216,0.092961,0.063905,0.080822,0.080071,0.090546,0.081032,0.099153,0.070505,0.44202,0.074898,0.078714,0.057033,0.065057,0.065578,0.068444,0.086891,0.066393,0.062752,0.11358,0.07398,0.098116,0.067735,0.088046,0.063951,0.083123,0.06124,0.085742,0.10485,0.094286,0.11426,0.1175,0.074801,0.063979,0.07974,0.075785,0.077505,0.094543,0.061666,0.10286,0.064886,0.067774,0.073755,0.070532,0.089462,0.10196,0.13616,0.074944,0.15694,0.10216,0.13458,0.14813,0.07552,0.06189,0.076429,0.092525,0.089589,0.19972,0.074945,0.1306,0.062251,0.073626,0.097111,0.12276,0.06605,0.069075,0.0635,0.14145,0.074374,0.11266,0.069962,0.070726,0.14362,0.066393,0.10941,0.068672,0.10269,0.091566,0.09396,0.11098,0.073444,0.067665,0.075226,0.10083,0.072069,0.13317,0.068724,0.0878,0.081156,0.098571,0.12579,0.069713,0.20922,0.085079,0.068389,0.099239,0.066843,0.10071,0.074783,0.088229,0.061997,0.091673,0.12801,0.090195,0.083234,0.28439,0.073847,0.16697,0.12074,0.071614,0.070702,0.075612,0.079381,0.072394,0.067964,0.078343,0.25565,0.11337,0.0623,0.088375,0.13136,0.13538,0.088311,0.099754,0.081497,0.074452,0.076484,0.12406
0.25981,0.086793,0.10815,0.1232,0.072667,0.11664,0.1339,0.1118,0.086108,0.10245,0.12565,0.096233,0.096562,0.10577,0.12055,0.12013,0.090035,0.11637,0.13425,0.11772,0.1291,0.092371,0.099048,0.12189,0,0.092074,0.11935,0.12856,0.09087,0.10501,0.094267,0.12762,0.077505,0.099067,0.10601,0.12576,0.081572,0.096762,0.10234,0.091488,0.10367,0.12019,0.13476,0.10165,0.1133,0.11525,0.10261,0.099429,0.09383,0.13369,0.1467,0.097908,0.14019,0.092478,0.080665,0.082036,0.1008,0.10622,0.21456,0.11026,0.11884,0.09657,0.094126,0.1183,0.13586,0.11432,0.087215,0.43085,0.085909,0.096193,0.12657,0.10766,0.12418,0.09094,0.10287,0.12719,0.13683,0.07886,0.10266,0.13902,0.092771,0.14271,0.11583,0.091101,0.11198,0.10338,0.1459,0.11526,0.12481,0.12422,0.10267,0.096043,0.12238,0.096385,0.085693,0.11228,0.12026,0.15011,0.10691,0.14375,0.091575,0.093693,0.09739,0.10627,0.12994,0.1029,0.18996,0.10162,0.16241,0.071265,0.13381,0.087613,0.096011,0.093326,0.098129,0.15375,0.11676,0.15955,0.11217,0.10391,0.10274,0.07889,0.12072,0.099102,0.10341,0.088479,0.082548,0.082744,0.10985,0.09424,0.14455,0.0917,0.1271,0.094313,0.13822,0.095657,0.10269,0.1223,0.10332,0.11264,0.10944,0.13369,0.10081,0.15526,0.1233,0.085539,0.11745,0.073184,0.16085,0.10588,0.19826,0.094071,0.10881,0.078515,0.1091,0.081774,0.093112,0.1135,0.095487,0.1025,0.10341,0.15589,0.13367,0.21836,0.10202,0.135,0.051826,0.13593,0.093484,0.11248,0.098277,0.10493,0.099869,0.09896,0.2429,0.13761,0.095766,0.090453,0.082777,0.070747,0.12198,0.09608,0.097286,0.10477,0.11567,0.167
