0,0.14194,0.1329,0.12058,0.1178,0.13007,0.14159,0.11965,0.13497,0.14568,0.1232,0.10954,0.12346,0.14816,0.15329,0.13811,0.12018,0.16716,0.14225,0.073461,0.15333,0.16336,0.12807,0.16419,0.10333,0.1353,0.14854,0.16609,0.11695,0.12406,0.14317,0.18174,0.12502,0.13133,0.15078,0.13391,0.095498,0.1419,0.13911,0.14181,0.12512,0.13457,0.15722,0.14368,0.12788,0.1642,0.17221,0.11867,0.12727,0.1183,0.15427,0.11965,0.17416,0.13871,0.12661,0.12422,0.12745,0.11106,0.075377,0.15053,0.12835,0.13882,0.1191,0.14994,0.2089,0.1342,0.13802,0.14233,0.1241,0.11988,0.13577,0.1372,0.16371,0.12243,0.13788,0.15369,0.14183,0.11061,0.13107,0.14466,0.13748,0.19883,0.13342,0.1009,0.13506,0.1585,0.17126,0.14362,0.1286,0.13806,0.14899,0.14731,0.16275,0.13783,0.12292,0.12214,0.13412,0.1433,0.13749,0.12294,0.1391,0.13851,0.13729,0.11942,0.15796,0.12142,0.18094,0.1053,0.14328,0.12329,0.15013,0.12767,0.13775,0.12859,0.13298,0.14167,0.13611,0.14674,0.10784,0.14916,0.10252,0.11185,0.14563,0.14496,0.12106,0.072762,0.13632,0.11761,0.15486,0.11331,0.14912,0.1248,0.18784,0.11344,0.17873,0.1247,0.21211,0.15257,0.11624,0.12553,0.13659,0.23493,0.13358,0.13682,0.1285,0.10119,0.12211,0.11602,0.14356,0.13138,0.13609,0.14566,0.13125,0.12994,0.18317,0.11261,0.12722,0.15586,0.13075,0.14727,0.14029,0.13505,0.13208,0.12745,0.11941,0.19035,0.11619,0.13865,0.13022,0.13236,0.13841,0.15367,0.14223,0.12648,0.23075,0.1514,0.12604,0.10763,0.087655,0.1144,0.17502,0.15119,0.12506,0.11977,0.1265,0.25658
0.14194,0,0.08723,0.093965,0.086611,0.12024,0.14475,0.085358,0.090447,0.070038,0.086411,0.084647,0.071653,0.078456,0.10845,0.069924,0.093163,0.13322,0.092216,0.11602,0.099337,0.14455,0.062618,0.12745,0.11195,0.079126,0.10721,0.11831,0.080443,0.076778,0.098917,0.20835,0.10026,0.11985,0.097245,0.086329,0.090757,0.074482,0.065345,0.086046,0.087483,0.077985,0.10707,0.14717,0.099764,0.13283,0.13267,0.077798,0.10575,0.11831,0.1741,0.081763,0.10903,0.1221,0.14804,0.067322,0.10331,0.080316,0.17439,0.10759,0.09111,0.086112,0.080267,0.081593,0.16959,0.088773,0.089695,0.12903,0.073387,0.10098,0.092091,0.091266,0.10758,0.088449,0.10986,0.13943,0.092107,0.092359,0.085707,0.10623,0.089636,0.13105,0.080507,0.10411,0.093358,0.092149,0.1231,0.11037,0.086744,0.11414,0.12136,0.1136,0.085246,0.084179,0.072128,0.069443,0.088179,0.11861,0.078379,0.085806,0.076039,0.087279,0.099422,0.073073,0.13341,0.086465,0.13398,0.073937,0.10274,0.14502,0.096696,0.0839,0.083571,0.11159,0.079534,0.099881,0.12519,0.088142,0.076721,0.068847,0.10012,0.10251,0.1118,0.077315,0.080545,0.10655,0.10686,0.081397,0.092625,0.090419,0.14923,0.08453,0.17415,0.086173,0.10945,0.084298,0.15074,0.13255,0.091367,0.09941,0.078706,0.20528,0.081554,0.075784,0.067895,0.073061,0.093306,0.10347,0.097602,0.084225,0.10164,0.14896,0.069271,0.1515,0.11283,0.10682,0.072113,0.093338,0.076944,0.12829,0.099493,0.093887,0.10374,0.15451,0.076368,0.17251,0.11037,0.11161,0.082786,0.087496,0.070912,0.089596,0.090852,0.091392,0.31294,0.10839,0.084137,0.087225,0.10478,0.12671,0.085286,0.095639,0.084213,0.093336,0.08113,0.1976
0.1329,0.08723,0,0.088376,0.063299,0.10263,0.13772,0.087597,0.080754,0.065423,0.068976,0.09241,0.061502,0.1056,0.11117,0.087312,0.084845,0.14199,0.090578,0.095303,0.080044,0.16668,0.072434,0.10397,0.097963,0.081802,0.11084,0.11456,0.082611,0.07986,0.0954,0.17132,0.078794,0.10818,0.11769,0.083303,0.07391,0.074334,0.055583,0.085671,0.076448,0.10076,0.114,0.15793,0.094592,0.10731,0.1147,0.063365,0.073532,0.12558,0.15371,0.08455,0.12874,0.099845,0.11619,0.061003,0.082992,0.067458,0.16699,0.10702,0.066686,0.093827,0.067318,0.088979,0.14651,0.094938,0.087424,0.11408,0.075276,0.089086,0.07342,0.090508,0.10448,0.080535,0.09241,0.11799,0.087884,0.075403,0.072922,0.10173,0.081639,0.12204,0.085591,0.11466,0.070929,0.083688,0.13691,0.080794,0.090419,0.099512,0.097716,0.093912,0.0902,0.072519,0.064205,0.076154,0.073894,0.10327,0.09368,0.056047,0.079608,0.091385,0.090779,0.077382,0.1234,0.066005,0.12068,0.074653,0.09576,0.14211,0.097455,0.058956,0.080526,0.11921,0.080258,0.081295,0.11009,0.081813,0.074957,0.073952,0.099833,0.099964,0.10247,0.079268,0.066925,0.09097,0.098903,0.078601,0.073036,0.092465,0.12518,0.063762,0.1522,0.058706,0.10832,0.076914,0.15181,0.12213,0.081257,0.090821,0.078777,0.18212,0.082215,0.094704,0.063501,0.066191,0.091617,0.083534,0.096199,0.086913,0.11463,0.14498,0.057257,0.1263,0.12458,0.095312,0.080277,0.092769,0.065642,0.10634,0.093329,0.068522,0.092478,0.14365,0.071721,0.15149,0.1069,0.10565,0.060753,0.078495,0.072121,0.083297,0.084115,0.088787,0.29561,0.10777,0.068228,0.079688,0.11404,0.12233,0.10557,0.064669,0.083147,0.07286,0.071486,0.22302
0.12058,0.093965,0.088376,0,0.08188,0.086484,0.10628,0.078379,0.063537,0.077847,0.052343,0.055224,0.060152,0.080798,0.073515,0.064914,0.086707,0.10821,0.070664,0.087145,0.0897,0.14167,0.068422,0.098517,0.084136,0.064875,0.087631,0.084665,0.063829,0.052179,0.10301,0.19297,0.089177,0.122,0.085853,0.070167,0.064581,0.067684,0.071605,0.08525,0.081797,0.080859,0.11033,0.14436,0.082741,0.10911,0.084926,0.064783,0.094292,0.11133,0.12067,0.080196,0.11455,0.076941,0.13414,0.065539,0.065422,0.065734,0.13644,0.099405,0.071847,0.08401,0.045847,0.06944,0.16175,0.065901,0.070605,0.1072,0.035048,0.079394,0.070573,0.066612,0.093814,0.063625,0.079945,0.10358,0.061177,0.044581,0.067386,0.090678,0.067258,0.11824,0.077513,0.10675,0.071285,0.095471,0.12463,0.086291,0.044661,0.076309,0.097036,0.084978,0.091923,0.069811,0.056033,0.056545,0.070241,0.11449,0.069226,0.061804,0.059303,0.094948,0.094347,0.055106,0.12653,0.063659,0.099458,0.054904,0.066187,0.11066,0.06778,0.07558,0.075238,0.11023,0.055076,0.063492,0.093616,0.089267,0.05471,0.079699,0.066168,0.076562,0.072614,0.065082,0.062711,0.077388,0.080979,0.07537,0.095913,0.062711,0.15279,0.052745,0.15497,0.067134,0.10152,0.083022,0.16798,0.12012,0.041197,0.0549,0.06552,0.17864,0.07779,0.088867,0.066727,0.060982,0.074301,0.058648,0.088312,0.079147,0.11379,0.12457,0.064337,0.1206,0.11359,0.067744,0.055797,0.099422,0.072364,0.083414,0.080633,0.081603,0.10404,0.11593,0.047635,0.14879,0.087281,0.073232,0.067426,0.078008,0.068121,0.085787,0.072704,0.060871,0.27552,0.08759,0.055153,0.080546,0.098789,0.10025,0.10965,0.080757,0.045592,0.058719,0.050011,0.21242
0.1178,0.086611,0.063299,0.08188,0,0.11084,0.14346,0.075935,0.076802,0.073236,0.070743,0.074836,0.071901,0.10651,0.10546,0.069557,0.091463,0.14426,0.099647,0.075277,0.091155,0.14952,0.05941,0.10739,0.081905,0.080363,0.099037,0.11275,0.084677,0.076405,0.098129,0.18256,0.066797,0.10355,0.10441,0.076417,0.067348,0.069416,0.064721,0.088137,0.073482,0.096773,0.09918,0.15445,0.095906,0.11118,0.12304,0.062536,0.083775,0.098632,0.15553,0.068664,0.12166,0.10172,0.11993,0.06576,0.084035,0.075311,0.14199,0.098458,0.068094,0.086489,0.06526,0.090725,0.15824,0.082249,0.087529,0.10949,0.071605,0.086742,0.078855,0.077814,0.11202,0.085362,0.10901,0.11809,0.082362,0.071788,0.070699,0.10492,0.080725,0.13194,0.078312,0.09227,0.081787,0.087637,0.14809,0.080432,0.09277,0.096288,0.12163,0.10401,0.081139,0.076518,0.063539,0.062527,0.065597,0.098427,0.089493,0.068227,0.081526,0.077805,0.08625,0.076904,0.11853,0.058638,0.12634,0.073008,0.091384,0.13428,0.1047,0.059968,0.079474,0.099462,0.070598,0.087918,0.12705,0.071416,0.070292,0.074031,0.090475,0.090794,0.09477,0.073138,0.073811,0.072959,0.10448,0.085182,0.09567,0.081837,0.13246,0.070169,0.13956,0.054554,0.10967,0.087115,0.16546,0.12387,0.087262,0.092086,0.07575,0.19155,0.076109,0.078137,0.06032,0.046039,0.091117,0.086873,0.10062,0.080444,0.10146,0.13411,0.067721,0.1303,0.1193,0.078,0.073642,0.093898,0.056419,0.10079,0.083418,0.06961,0.090309,0.12463,0.074665,0.15076,0.092028,0.10196,0.070696,0.076811,0.075553,0.08799,0.075216,0.088137,0.2792,0.10593,0.06774,0.087828,0.10062,0.10917,0.10584,0.093194,0.075773,0.073992,0.074801,0.22146
0.13007,0.12024,0.10263,0.086484,0.11084,0,0.14452,0.095113,0.10251,0.11191,0.10644,0.10523,0.10907,0.13116,0.11985,0.10239,0.12168,0.12543,0.097012,0.096203,0.107,0.17507,0.10996,0.13672,0.097794,0.108,0.11942,0.12879,0.10577,0.087873,0.12994,0.1744,0.11013,0.11599,0.12698,0.11962,0.083295,0.12465,0.10709,0.12066,0.096885,0.10758,0.14737,0.15568,0.090788,0.13034,0.13092,0.11049,0.10301,0.13729,0.13436,0.10016,0.16617,0.11153,0.12294,0.10271,0.1108,0.10611,0.1427,0.12556,0.11164,0.12809,0.096594,0.10173,0.19666,0.12776,0.118,0.14104,0.092339,0.092337,0.098886,0.11847,0.13931,0.085155,0.11158,0.11757,0.11159,0.084488,0.096077,0.1184,0.11726,0.15122,0.12227,0.12919,0.10259,0.12598,0.13961,0.10949,0.090729,0.12106,0.099571,0.11508,0.1293,0.11613,0.099897,0.095508,0.10899,0.13769,0.10325,0.094098,0.11445,0.13026,0.10526,0.10527,0.14847,0.10211,0.12929,0.1023,0.10512,0.093662,0.11299,0.10863,0.10807,0.12842,0.10631,0.12049,0.096386,0.12874,0.095083,0.12692,0.10609,0.074744,0.10038,0.11751,0.084492,0.091696,0.10341,0.099932,0.13405,0.11001,0.14371,0.096876,0.16974,0.09022,0.14367,0.10594,0.19579,0.14113,0.093072,0.10111,0.099383,0.19622,0.11456,0.11123,0.095113,0.095259,0.10332,0.084573,0.12311,0.1105,0.1402,0.16025,0.10397,0.1243,0.13762,0.091685,0.11418,0.11262,0.11576,0.11941,0.11952,0.094466,0.135,0.1142,0.10157,0.17489,0.1088,0.12261,0.11237,0.097682,0.1161,0.11825,0.11561,0.096363,0.28819,0.12576,0.1026,0.10925,0.085628,0.073422,0.13684,0.089336,0.098316,0.10605,0.10247,0.21749
0.14159,0.14475,0.13772,0.10628,0.14346,0.14452,0,0.11549,0.12922,0.12397,0.11394,0.095273,0.10156,0.11644,0.12825,0.12787,0.10806,0.12977,0.12325,0.13483,0.13155,0.1596,0.12691,0.11339,0.12766,0.1232,0.12668,0.13676,0.12078,0.11619,0.13293,0.1936,0.12626,0.16438,0.13191,0.10718,0.12175,0.13227,0.13137,0.14743,0.13705,0.11793,0.13591,0.1362,0.1401,0.13013,0.14005,0.12757,0.14779,0.13573,0.12163,0.15209,0.14571,0.14159,0.14711,0.1184,0.11848,0.11811,0.14746,0.14772,0.12234,0.14213,0.10885,0.13279,0.18485,0.11493,0.12656,0.1261,0.11512,0.1339,0.12116,0.11574,0.12796,0.12098,0.12884,0.14306,0.11391,0.11251,0.12012,0.14567,0.1102,0.15013,0.11988,0.14959,0.13377,0.1366,0.16986,0.13424,0.099607,0.11065,0.12849,0.12769,0.15785,0.13195,0.12002,0.12381,0.12802,0.12386,0.13856,0.11781,0.10635,0.15914,0.13201,0.11023,0.12763,0.11645,0.15131,0.10065,0.12352,0.15658,0.12185,0.12798,0.12708,0.16492,0.12137,0.12654,0.10959,0.11333,0.10452,0.13211,0.097476,0.1295,0.1146,0.1217,0.11353,0.11676,0.134,0.12549,0.12301,0.11073,0.16704,0.10372,0.21227,0.12915,0.14306,0.13464,0.20697,0.11904,0.10833,0.10244,0.11299,0.19027,0.13801,0.15398,0.11902,0.12033,0.13293,0.11107,0.13182,0.12915,0.14753,0.15636,0.12492,0.16129,0.14926,0.11535,0.10382,0.1509,0.12563,0.13805,0.12908,0.14473,0.12577,0.14567,0.10436,0.14713,0.1221,0.11785,0.11893,0.1151,0.11826,0.139,0.12593,0.13851,0.23366,0.12734,0.10964,0.11937,0.15755,0.14487,0.16342,0.13909,0.11061,0.10134,0.10616,0.22117
0.11965,0.085358,0.087597,0.078379,0.075935,0.095113,0.11549,0,0.086166,0.070589,0.077746,0.065813,0.072953,0.09103,0.10754,0.061885,0.096838,0.10839,0.08732,0.097916,0.083709,0.1555,0.074558,0.094926,0.10303,0.074623,0.087539,0.099511,0.072018,0.069855,0.10274,0.16828,0.085029,0.12507,0.090557,0.072788,0.071777,0.09612,0.066331,0.087063,0.062296,0.083213,0.08861,0.13338,0.066043,0.091744,0.12872,0.07499,0.09372,0.096677,0.13594,0.092259,0.11566,0.11062,0.11876,0.067413,0.080234,0.080588,0.13669,0.090948,0.069054,0.08575,0.071997,0.08074,0.14689,0.10196,0.08665,0.078548,0.062837,0.065759,0.055691,0.076205,0.10942,0.069945,0.089839,0.087259,0.067415,0.06895,0.053285,0.10701,0.06752,0.1143,0.069637,0.095287,0.072766,0.069633,0.12921,0.082793,0.069793,0.077909,0.1149,0.10064,0.10207,0.081979,0.069474,0.06439,0.067615,0.093774,0.083809,0.062258,0.067097,0.092707,0.057873,0.074874,0.13414,0.061634,0.13598,0.076532,0.080407,0.1165,0.077268,0.068083,0.062766,0.11879,0.082289,0.1016,0.086553,0.074239,0.056268,0.087106,0.072644,0.08774,0.080593,0.069875,0.040647,0.069917,0.079343,0.072897,0.087867,0.073721,0.12764,0.072253,0.14429,0.06603,0.095889,0.098521,0.17729,0.13573,0.078666,0.084648,0.062028,0.184,0.070597,0.086943,0.057421,0.074098,0.076913,0.074521,0.075659,0.07426,0.096766,0.1171,0.070782,0.11116,0.12267,0.067596,0.076573,0.096806,0.072447,0.11006,0.070096,0.071079,0.084255,0.11419,0.06721,0.15864,0.10093,0.10169,0.07607,0.04987,0.087666,0.082107,0.082163,0.07543,0.26766,0.080977,0.077761,0.080001,0.099884,0.099415,0.10138,0.10013,0.068188,0.061906,0.063627,0.20734
0.13497,0.090447,0.080754,0.063537,0.076802,0.10251,0.12922,0.086166,0,0.072983,0.057137,0.072257,0.060343,0.090926,0.099541,0.074242,0.08269,0.13523,0.095036,0.087726,0.090239,0.16829,0.063869,0.10865,0.09311,0.068544,0.11163,0.086776,0.072424,0.046241,0.12171,0.19363,0.091598,0.10843,0.086189,0.075522,0.07601,0.070539,0.073612,0.080951,0.078179,0.087295,0.11544,0.14877,0.083758,0.09011,0.10746,0.063104,0.10359,0.11813,0.13272,0.070738,0.11556,0.089656,0.12734,0.073104,0.078555,0.067664,0.15876,0.11047,0.066292,0.087355,0.058047,0.072642,0.16759,0.081804,0.070144,0.1218,0.062569,0.097957,0.070967,0.06247,0.10709,0.064375,0.093298,0.10535,0.081625,0.049118,0.072808,0.093451,0.07152,0.10965,0.070188,0.097489,0.05672,0.094156,0.11647,0.087116,0.06041,0.090915,0.11945,0.073396,0.079254,0.069137,0.060861,0.053677,0.074151,0.09685,0.078864,0.065901,0.071557,0.10087,0.0947,0.059688,0.11699,0.079408,0.11336,0.065186,0.074061,0.12389,0.074193,0.081367,0.08683,0.10333,0.065196,0.063118,0.1076,0.07473,0.066378,0.081132,0.077607,0.089815,0.094467,0.068986,0.073226,0.084533,0.077198,0.072574,0.098851,0.072313,0.14122,0.057386,0.16341,0.058728,0.10621,0.080945,0.15171,0.10432,0.065054,0.075148,0.068579,0.1586,0.076439,0.08111,0.055156,0.072006,0.082334,0.070553,0.094999,0.083328,0.1048,0.14314,0.060042,0.11264,0.11202,0.095661,0.059715,0.085318,0.068383,0.10209,0.083908,0.084061,0.098207,0.13476,0.070771,0.12603,0.092506,0.102,0.067038,0.081043,0.069626,0.08058,0.080756,0.067717,0.29866,0.099874,0.049985,0.093242,0.1074,0.11286,0.113,0.08629,0.056411,0.065233,0.063431,0.23494
0.14568,0.070038,0.065423,0.077847,0.073236,0.11191,0.12397,0.070589,0.072983,0,0.061461,0.076845,0.051971,0.090443,0.094934,0.050997,0.085217,0.11878,0.078052,0.11337,0.051436,0.15212,0.045507,0.088034,0.10674,0.059084,0.087417,0.079356,0.056093,0.055648,0.10762,0.17864,0.090272,0.11381,0.08528,0.044403,0.065993,0.060022,0.031704,0.063187,0.050802,0.065022,0.064262,0.15941,0.086451,0.082499,0.092605,0.052944,0.08815,0.10807,0.15827,0.076533,0.10112,0.10266,0.11968,0.041256,0.064604,0.065237,0.16599,0.0675,0.048639,0.064001,0.053697,0.054687,0.12322,0.091043,0.058848,0.096186,0.054767,0.073999,0.051502,0.054234,0.086579,0.074315,0.077938,0.10761,0.058276,0.06658,0.040658,0.081872,0.055575,0.090464,0.044427,0.11121,0.067248,0.0629,0.11045,0.082671,0.073056,0.075346,0.10055,0.071378,0.077976,0.049296,0.04701,0.046783,0.051512,0.091922,0.06653,0.052852,0.049805,0.087804,0.063038,0.067823,0.13075,0.050471,0.10245,0.071791,0.067044,0.14441,0.065253,0.055806,0.049532,0.12693,0.066424,0.071441,0.10824,0.059023,0.055758,0.0443,0.081529,0.10619,0.095632,0.040444,0.051457,0.094552,0.09115,0.067071,0.050917,0.063207,0.12668,0.055242,0.15853,0.06081,0.070599,0.079668,0.14499,0.13439,0.077431,0.081064,0.034621,0.16665,0.049756,0.074148,0.046944,0.064022,0.068202,0.082799,0.065538,0.057406,0.087373,0.11769,0.044652,0.13488,0.090074,0.096385,0.064856,0.080473,0.044653,0.091532,0.057645,0.063286,0.077075,0.13112,0.051619,0.15242,0.10657,0.093845,0.05223,0.055318,0.055087,0.041498,0.056234,0.071225,0.2935,0.067447,0.058329,0.088525,0.11836,0.12544,0.067094,0.072727,0.069605,0.05521,0.047635,0.20001
0.1232,0.086411,0.068976,0.052343,0.070743,0.10644,0.11394,0.077746,0.057137,0.061461,0,0.062172,0.044599,0.083117,0.080752,0.060786,0.076235,0.1127,0.077852,0.087264,0.085253,0.15019,0.056819,0.10048,0.091692,0.053285,0.091224,0.073582,0.055154,0.050969,0.1008,0.17939,0.08917,0.11131,0.078063,0.065289,0.063565,0.051291,0.057856,0.062586,0.069859,0.07847,0.10113,0.14678,0.089394,0.090329,0.099426,0.048367,0.086986,0.10816,0.12031,0.066903,0.10654,0.088742,0.12281,0.050793,0.048634,0.05362,0.14809,0.089629,0.049354,0.064441,0.039052,0.076095,0.1525,0.072954,0.048127,0.10486,0.03743,0.091051,0.055394,0.071062,0.087678,0.063014,0.068247,0.11469,0.062699,0.045284,0.062234,0.094856,0.05603,0.11013,0.061694,0.099687,0.063686,0.08903,0.12114,0.07674,0.053939,0.078351,0.095439,0.074961,0.081492,0.041406,0.037398,0.051647,0.066947,0.096292,0.07029,0.048623,0.051014,0.081216,0.083845,0.05902,0.12835,0.051642,0.11673,0.050561,0.064392,0.12892,0.073261,0.064172,0.063805,0.10492,0.047594,0.052119,0.091839,0.07053,0.060176,0.057646,0.072377,0.089696,0.092343,0.053923,0.05351,0.075478,0.075619,0.06469,0.075361,0.057451,0.13388,0.045316,0.14436,0.057048,0.09203,0.07669,0.14597,0.12483,0.055188,0.071871,0.054942,0.16535,0.058323,0.08001,0.047304,0.059902,0.081498,0.063851,0.068771,0.061222,0.095115,0.12381,0.051498,0.10138,0.11262,0.082676,0.055975,0.075842,0.045053,0.089435,0.066689,0.081426,0.093166,0.12621,0.044485,0.1479,0.092947,0.081043,0.050616,0.069181,0.060187,0.071552,0.052992,0.057828,0.28225,0.083897,0.053506,0.085002,0.10366,0.1159,0.094575,0.079897,0.048282,0.046998,0.036143,0.22405
0.10954,0.084647,0.09241,0.055224,0.074836,0.10523,0.095273,0.065813,0.072257,0.076845,0.062172,0,0.059119,0.07302,0.096975,0.068666,0.080322,0.1266,0.089927,0.08168,0.10027,0.12597,0.071828,0.10216,0.089634,0.068024,0.09326,0.097194,0.070253,0.064241,0.10001,0.19268,0.084145,0.12228,0.09766,0.067696,0.07451,0.075131,0.079833,0.097165,0.084612,0.072671,0.09883,0.12416,0.084817,0.10844,0.12265,0.073923,0.11163,0.095213,0.13606,0.08367,0.11116,0.089475,0.12545,0.070026,0.075922,0.059236,0.13171,0.10719,0.078828,0.094031,0.060212,0.079669,0.16969,0.060517,0.083981,0.10111,0.054173,0.088883,0.081723,0.067277,0.10087,0.072261,0.10684,0.11767,0.069528,0.061001,0.073364,0.11279,0.069339,0.13382,0.075755,0.10174,0.082386,0.092454,0.14545,0.097663,0.065762,0.078668,0.11789,0.099133,0.10487,0.081718,0.065821,0.054848,0.081462,0.10372,0.084338,0.066061,0.065491,0.092826,0.091813,0.056806,0.10297,0.068236,0.11603,0.055163,0.088281,0.11249,0.090087,0.079704,0.083562,0.09981,0.056687,0.088815,0.10506,0.071331,0.055265,0.083125,0.048348,0.078249,0.079873,0.073724,0.063989,0.074161,0.096401,0.06368,0.096387,0.065903,0.1454,0.055777,0.16539,0.069589,0.10306,0.09164,0.18078,0.10603,0.06332,0.070097,0.069056,0.18424,0.085533,0.098292,0.060587,0.054119,0.078046,0.068897,0.085863,0.086495,0.092627,0.1291,0.069443,0.12017,0.11876,0.064185,0.039806,0.095516,0.073699,0.10756,0.080324,0.085232,0.099358,0.1178,0.05517,0.1382,0.082712,0.089118,0.071531,0.077449,0.077895,0.093049,0.085602,0.081109,0.25861,0.096276,0.060739,0.068278,0.10079,0.10328,0.11005,0.10401,0.044184,0.056055,0.057261,0.21923
0.12346,0.071653,0.061502,0.060152,0.071901,0.10907,0.10156,0.072953,0.060343,0.051971,0.044599,0.059119,0,0.077814,0.08246,0.06455,0.056626,0.12117,0.072019,0.090131,0.080829,0.14225,0.049873,0.092173,0.087232,0.046011,0.089487,0.08522,0.056873,0.058279,0.090551,0.18476,0.084655,0.11437,0.084522,0.055678,0.066289,0.048297,0.051226,0.069198,0.070858,0.06749,0.096615,0.14155,0.085957,0.094328,0.093966,0.048307,0.085603,0.10601,0.13863,0.078879,0.10714,0.083504,0.11387,0.035926,0.060097,0.04691,0.15566,0.098992,0.048528,0.070429,0.040403,0.07173,0.14333,0.068052,0.056428,0.10299,0.049258,0.085055,0.05985,0.061899,0.088549,0.071756,0.080468,0.1126,0.061191,0.055489,0.055749,0.084801,0.04812,0.1093,0.050261,0.10559,0.064344,0.084057,0.11475,0.084058,0.051991,0.081778,0.096803,0.079863,0.077911,0.051749,0.039413,0.05461,0.061643,0.078545,0.066446,0.048874,0.037,0.086537,0.078443,0.044456,0.11185,0.05337,0.11638,0.036894,0.066756,0.13567,0.073685,0.063931,0.060656,0.10335,0.049396,0.053732,0.097709,0.063115,0.055565,0.048669,0.069066,0.087525,0.089156,0.048265,0.054229,0.076542,0.082357,0.06699,0.064568,0.051408,0.12808,0.052613,0.15326,0.060209,0.095802,0.059104,0.14234,0.1047,0.060722,0.070755,0.056084,0.17084,0.064951,0.074526,0.047245,0.0519,0.069249,0.075332,0.072952,0.059936,0.10413,0.12889,0.041629,0.12168,0.10683,0.081661,0.04402,0.083319,0.050653,0.096153,0.070282,0.077299,0.077688,0.13125,0.041602,0.13692,0.085208,0.080049,0.043312,0.064654,0.034839,0.070384,0.067084,0.068594,0.28739,0.082936,0.035689,0.067128,0.11029,0.11981,0.090196,0.073198,0.050163,0.049577,0.038456,0.21311
0.14816,0.078456,0.1056,0.080798,0.10651,0.13116,0.11644,0.09103,0.090926,0.090443,0.083117,0.07302,0.077814,0,0.11558,0.082599,0.086256,0.13622,0.10916,0.12144,0.10131,0.14513,0.086574,0.11469,0.11608,0.089711,0.12133,0.11288,0.0836,0.087566,0.1152,0.22527,0.10875,0.14472,0.10773,0.08908,0.11067,0.089681,0.087316,0.10124,0.10654,0.088327,0.11837,0.13697,0.11406,0.1269,0.13504,0.0854,0.12821,0.14425,0.14754,0.10171,0.11402,0.13216,0.15945,0.085987,0.10083,0.086953,0.17639,0.12062,0.097529,0.10092,0.081412,0.088442,0.1803,0.080615,0.090443,0.12084,0.074491,0.11282,0.096519,0.086234,0.10078,0.090251,0.10951,0.12738,0.08089,0.088368,0.098346,0.12019,0.072424,0.13311,0.094976,0.11626,0.095303,0.094294,0.1425,0.11191,0.074113,0.09681,0.1286,0.10269,0.10299,0.095816,0.077877,0.083926,0.092019,0.13148,0.089976,0.093044,0.078272,0.10986,0.10962,0.071017,0.1208,0.096087,0.12713,0.076387,0.11601,0.13077,0.091531,0.088445,0.10408,0.12979,0.078419,0.097107,0.11173,0.087124,0.086682,0.090906,0.090145,0.10296,0.10415,0.082303,0.08641,0.12069,0.10645,0.087217,0.10358,0.095661,0.1705,0.073742,0.18327,0.098629,0.10621,0.10947,0.17759,0.12687,0.066804,0.082193,0.090138,0.1998,0.10276,0.1146,0.079087,0.089742,0.10481,0.084666,0.101,0.11139,0.1039,0.14917,0.080686,0.14089,0.11912,0.10457,0.053718,0.11494,0.094364,0.11924,0.1023,0.10789,0.12181,0.16517,0.068636,0.14775,0.10017,0.10959,0.075985,0.10349,0.086613,0.10425,0.098925,0.097708,0.29834,0.11615,0.090236,0.096713,0.12921,0.13637,0.1131,0.11393,0.069953,0.07759,0.072074,0.22478
0.15329,0.10845,0.11117,0.073515,0.10546,0.11985,0.12825,0.10754,0.099541,0.094934,0.080752,0.096975,0.08246,0.11558,0,0.086464,0.09635,0.1179,0.046705,0.1275,0.11804,0.12621,0.093487,0.10786,0.11754,0.091695,0.054467,0.090508,0.089915,0.083677,0.10502,0.21546,0.10442,0.1248,0.1031,0.087472,0.088295,0.069899,0.088886,0.090732,0.10382,0.087595,0.11106,0.15335,0.10554,0.12415,0.087685,0.087774,0.099144,0.13719,0.13962,0.10688,0.12223,0.10257,0.16314,0.074699,0.071795,0.097689,0.17036,0.11536,0.090878,0.082115,0.078505,0.10072,0.17559,0.082624,0.081994,0.12675,0.074478,0.10976,0.092577,0.093083,0.097277,0.10154,0.10055,0.13609,0.084117,0.078728,0.082361,0.099656,0.08738,0.11144,0.085322,0.13593,0.09798,0.10434,0.13331,0.12195,0.072933,0.098453,0.11276,0.11229,0.101,0.081088,0.079007,0.083564,0.089232,0.11909,0.084504,0.08191,0.072659,0.10068,0.10389,0.095632,0.14838,0.079616,0.11661,0.084515,0.071908,0.15123,0.092904,0.087733,0.083746,0.13246,0.083094,0.08735,0.11901,0.10247,0.091482,0.085783,0.096565,0.11841,0.080315,0.07451,0.09093,0.10458,0.096474,0.10428,0.10826,0.079406,0.17655,0.092806,0.16392,0.08702,0.11499,0.095336,0.14191,0.13976,0.087217,0.082081,0.084445,0.15943,0.087971,0.10536,0.089088,0.088448,0.11635,0.096982,0.10853,0.075869,0.12973,0.13525,0.080645,0.15047,0.1044,0.10072,0.090161,0.10673,0.082598,0.10094,0.10197,0.10098,0.11931,0.14115,0.072565,0.17349,0.11592,0.037377,0.087448,0.10663,0.074922,0.095625,0.083531,0.093043,0.30699,0.10355,0.088818,0.11014,0.13262,0.13244,0.10888,0.079931,0.092026,0.098497,0.083561,0.19421
0.13811,0.069924,0.087312,0.064914,0.069557,0.10239,0.12787,0.061885,0.074242,0.050997,0.060786,0.068666,0.06455,0.082599,0.086464,0,0.09181,0.11219,0.079448,0.10379,0.069009,0.14338,0.046341,0.10203,0.093987,0.05372,0.076756,0.073444,0.061858,0.054075,0.10709,0.18722,0.085299,0.10998,0.071283,0.062648,0.068073,0.068675,0.051918,0.062562,0.058502,0.059972,0.082583,0.14422,0.08685,0.09947,0.099352,0.060595,0.092783,0.10028,0.14635,0.070675,0.10567,0.1097,0.12746,0.052918,0.066563,0.080777,0.15246,0.062427,0.057455,0.059082,0.054854,0.067702,0.14711,0.086407,0.060783,0.097623,0.047102,0.080191,0.05702,0.066393,0.091473,0.063558,0.079437,0.1005,0.061694,0.063848,0.049375,0.088114,0.058648,0.10646,0.058847,0.10511,0.076618,0.078456,0.11424,0.070138,0.059795,0.077443,0.097018,0.084759,0.069571,0.059835,0.043065,0.045101,0.047775,0.10297,0.051604,0.063552,0.05489,0.075774,0.068416,0.072164,0.13779,0.05208,0.11404,0.069841,0.063828,0.12383,0.068816,0.061441,0.046282,0.1182,0.053892,0.073461,0.10903,0.061282,0.061389,0.054843,0.081285,0.087021,0.082296,0.044916,0.055972,0.086459,0.089912,0.077604,0.079584,0.063601,0.14011,0.068452,0.14748,0.069295,0.079812,0.086405,0.1496,0.14232,0.075035,0.085719,0.044707,0.17924,0.050394,0.061808,0.049529,0.059755,0.077792,0.085135,0.068288,0.060029,0.090807,0.11236,0.059848,0.12663,0.083846,0.082191,0.064778,0.08278,0.0551,0.084136,0.050437,0.072128,0.093194,0.12256,0.05512,0.16301,0.096388,0.091148,0.067026,0.057121,0.0668,0.056803,0.055424,0.061118,0.28658,0.073003,0.065674,0.092145,0.099743,0.10143,0.063967,0.089058,0.059984,0.066355,0.05419,0.19592
0.12018,0.093163,0.084845,0.086707,0.091463,0.12168,0.10806,0.096838,0.08269,0.085217,0.076235,0.080322,0.056626,0.086256,0.09635,0.09181,0,0.14981,0.08945,0.093493,0.10297,0.13088,0.079961,0.10889,0.089742,0.085646,0.10387,0.11156,0.075095,0.081744,0.11163,0.1992,0.091617,0.10776,0.11946,0.072413,0.080112,0.080203,0.085927,0.095357,0.086588,0.073791,0.11189,0.1338,0.10717,0.10407,0.12092,0.064599,0.095637,0.13483,0.13475,0.093226,0.13709,0.11101,0.12097,0.066263,0.074874,0.064358,0.16008,0.11665,0.071873,0.093944,0.067924,0.099259,0.17913,0.08891,0.076479,0.11735,0.084583,0.10917,0.094038,0.082027,0.11218,0.090824,0.10261,0.12869,0.085644,0.072625,0.085226,0.098282,0.063289,0.12874,0.077872,0.11408,0.089606,0.10645,0.12711,0.11681,0.073635,0.093634,0.10855,0.091482,0.10286,0.086443,0.066483,0.081605,0.079339,0.08991,0.082081,0.075659,0.079737,0.10497,0.093944,0.066418,0.11141,0.083242,0.12715,0.047969,0.097203,0.12986,0.10024,0.075554,0.096906,0.124,0.076138,0.082767,0.11254,0.079375,0.085244,0.085958,0.079821,0.099764,0.10297,0.07725,0.086572,0.087678,0.091338,0.082851,0.097606,0.06716,0.14325,0.076787,0.16733,0.075552,0.12812,0.068401,0.14577,0.10238,0.072581,0.082923,0.086882,0.17206,0.095205,0.10474,0.066974,0.067129,0.098308,0.08161,0.10522,0.092306,0.1081,0.14024,0.071776,0.13586,0.11544,0.10673,0.065128,0.11218,0.079194,0.11135,0.096402,0.088806,0.10563,0.14422,0.063361,0.12463,0.068175,0.086522,0.055358,0.10368,0.059442,0.098557,0.088848,0.098158,0.29695,0.11249,0.066936,0.079731,0.11527,0.12239,0.11815,0.08809,0.081212,0.070125,0.072796,0.2278
0.16716,0.13322,0.14199,0.10821,0.14426,0.12543,0.12977,0.10839,0.13523,0.11878,0.1127,0.1266,0.12117,0.13622,0.1179,0.11219,0.14981,0,0.10619,0.14954,0.11803,0.17984,0.11861,0.13245,0.14048,0.12478,0.11803,0.12293,0.11592,0.10935,0.14172,0.17075,0.15038,0.15909,0.10084,0.12415,0.1185,0.13254,0.11487,0.12401,0.12774,0.12988,0.13442,0.18134,0.12964,0.13264,0.1312,0.12549,0.11901,0.14272,0.12874,0.13704,0.12851,0.14854,0.1592,0.11596,0.11853,0.13147,0.16739,0.12691,0.12346,0.12035,0.11168,0.12102,0.17004,0.13953,0.11479,0.1374,0.098078,0.10983,0.10488,0.13137,0.12772,0.11652,0.11134,0.14673,0.10051,0.11333,0.11285,0.13333,0.11858,0.11962,0.11874,0.13898,0.12703,0.13079,0.12715,0.12247,0.10451,0.1352,0.12904,0.13098,0.1338,0.1152,0.11988,0.11849,0.12956,0.13297,0.12886,0.11782,0.10849,0.14813,0.11866,0.1239,0.17958,0.11596,0.16361,0.1231,0.10038,0.16237,0.11075,0.13262,0.11061,0.15555,0.13097,0.13094,0.08723,0.13622,0.10922,0.12707,0.13268,0.13387,0.13237,0.1127,0.10026,0.12046,0.11198,0.12581,0.12426,0.11301,0.14882,0.1117,0.17555,0.1308,0.12874,0.14942,0.21202,0.17794,0.12051,0.11356,0.095207,0.19715,0.11596,0.12251,0.11764,0.13406,0.13164,0.11159,0.11169,0.10282,0.14684,0.16457,0.1269,0.1533,0.15259,0.10875,0.13514,0.12684,0.11828,0.13555,0.12174,0.14116,0.13084,0.12841,0.1163,0.20862,0.14404,0.12463,0.13107,0.1024,0.1229,0.12051,0.10743,0.11317,0.2791,0.096882,0.13115,0.15058,0.14169,0.13797,0.13643,0.12973,0.1181,0.11373,0.10607,0.20248
0.14225,0.092216,0.090578,0.070664,0.099647,0.097012,0.12325,0.08732,0.095036,0.078052,0.077852,0.089927,0.072019,0.10916,0.046705,0.079448,0.08945,0.10619,0,0.11944,0.09941,0.12965,0.08784,0.10473,0.11679,0.084581,0.04858,0.092741,0.072988,0.071921,0.098741,0.19216,0.092085,0.11123,0.10886,0.080522,0.071203,0.075152,0.070799,0.081476,0.085516,0.078634,0.10373,0.14285,0.075124,0.11561,0.089764,0.076271,0.076796,0.1305,0.14159,0.10193,0.11515,0.094337,0.14479,0.063316,0.063224,0.082712,0.16687,0.1015,0.07886,0.078224,0.071931,0.084183,0.15865,0.087302,0.079917,0.11006,0.063807,0.083618,0.079454,0.088327,0.093405,0.080458,0.086977,0.12038,0.076258,0.070776,0.067311,0.092737,0.079589,0.097991,0.078481,0.12869,0.082602,0.087118,0.11771,0.11176,0.066365,0.091999,0.091896,0.1072,0.10244,0.074553,0.072173,0.07505,0.079035,0.1098,0.079742,0.058979,0.06471,0.092795,0.089455,0.083032,0.14737,0.070034,0.10858,0.075914,0.065731,0.13389,0.076999,0.07493,0.071984,0.12862,0.081316,0.089368,0.099937,0.096266,0.074242,0.082012,0.089937,0.11141,0.070379,0.070262,0.069628,0.091076,0.082818,0.083562,0.086826,0.073198,0.15407,0.081808,0.1568,0.074162,0.1054,0.083039,0.14493,0.13811,0.075743,0.070876,0.071375,0.16297,0.078616,0.099712,0.077628,0.081202,0.097752,0.081551,0.090142,0.069633,0.11889,0.12943,0.066878,0.13839,0.10852,0.089506,0.085454,0.098831,0.077825,0.10698,0.092194,0.077024,0.10313,0.13281,0.062693,0.1727,0.11414,0.048236,0.078098,0.092256,0.070626,0.079631,0.083189,0.080161,0.30249,0.08533,0.082055,0.084907,0.11654,0.11449,0.096258,0.059474,0.082959,0.084608,0.073771,0.18985
0.073461,0.11602,0.095303,0.087145,0.075277,0.096203,0.13483,0.097916,0.087726,0.11337,0.087264,0.08168,0.090131,0.12144,0.1275,0.10379,0.093493,0.14954,0.11944,0,0.11817,0.1605,0.094004,0.14286,0.064482,0.1009,0.13016,0.13747,0.09867,0.092584,0.12288,0.17747,0.094412,0.098236,0.12399,0.11002,0.075228,0.10545,0.10898,0.11515,0.098573,0.10785,0.14247,0.14624,0.10658,0.13256,0.14398,0.090496,0.10472,0.10664,0.13571,0.079196,0.15058,0.10746,0.098339,0.095382,0.10306,0.083924,0.11137,0.12954,0.096153,0.1176,0.085688,0.11305,0.19701,0.10143,0.1075,0.14033,0.092811,0.10066,0.1064,0.10809,0.14135,0.094245,0.12229,0.13712,0.11067,0.076019,0.10235,0.12117,0.1052,0.16694,0.10932,0.092484,0.10503,0.13595,0.15332,0.10596,0.095702,0.12317,0.12531,0.11629,0.11877,0.10681,0.087021,0.089876,0.10416,0.11182,0.1098,0.093058,0.10951,0.11457,0.11001,0.084138,0.12349,0.095076,0.15137,0.074834,0.11037,0.099867,0.12854,0.10281,0.11552,0.08284,0.090358,0.10311,0.11424,0.1113,0.090328,0.11418,0.093197,0.075724,0.11782,0.11154,0.093306,0.052594,0.11176,0.095911,0.13382,0.090092,0.12159,0.089428,0.16077,0.082664,0.15025,0.092603,0.19339,0.11791,0.088877,0.098319,0.10305,0.20638,0.11211,0.098707,0.088883,0.067543,0.098974,0.083124,0.11783,0.10412,0.12217,0.155,0.10061,0.11025,0.14804,0.084277,0.092297,0.10928,0.09951,0.12287,0.11409,0.1038,0.11482,0.10944,0.095124,0.15353,0.076612,0.1225,0.097972,0.10468,0.10138,0.12506,0.10883,0.1003,0.26113,0.13066,0.087343,0.096494,0.072441,0.089239,0.14509,0.11534,0.083345,0.088255,0.092256,0.25032
0.15333,0.099337,0.080044,0.0897,0.091155,0.107,0.13155,0.083709,0.090239,0.051436,0.085253,0.10027,0.080829,0.10131,0.11804,0.069009,0.10297,0.11803,0.09941,0.11817,0,0.17185,0.069178,0.10096,0.10823,0.085366,0.10906,0.096494,0.072099,0.075093,0.13401,0.17366,0.10052,0.11666,0.10014,0.073261,0.078978,0.092737,0.057927,0.077472,0.066417,0.086253,0.085327,0.17217,0.1011,0.092905,0.094939,0.072334,0.094113,0.13172,0.15773,0.087164,0.11751,0.12942,0.1105,0.068995,0.084384,0.093379,0.16774,0.069902,0.066949,0.082303,0.071839,0.066827,0.12564,0.11455,0.074711,0.10904,0.076552,0.069239,0.061785,0.070646,0.09612,0.083591,0.083445,0.098413,0.072312,0.078515,0.060822,0.082224,0.070014,0.09764,0.073739,0.11977,0.084309,0.079535,0.11216,0.080587,0.084536,0.088823,0.099976,0.07017,0.092107,0.073785,0.066315,0.072375,0.059526,0.10754,0.085902,0.075728,0.077234,0.11536,0.068537,0.087047,0.14075,0.069398,0.1065,0.094266,0.085905,0.13652,0.076497,0.071443,0.075702,0.14171,0.088628,0.087574,0.1059,0.081804,0.074765,0.077044,0.10092,0.11047,0.10596,0.068676,0.066645,0.10653,0.10613,0.088288,0.073914,0.084753,0.11785,0.068855,0.16679,0.080087,0.081761,0.10309,0.17017,0.14965,0.083157,0.083957,0.052674,0.17682,0.075387,0.089772,0.073286,0.084572,0.08324,0.083647,0.082466,0.082173,0.098219,0.12997,0.070907,0.13805,0.094823,0.10371,0.088188,0.097584,0.074542,0.086784,0.073153,0.07698,0.090544,0.13559,0.0737,0.15899,0.11148,0.11437,0.072392,0.0698,0.081707,0.057521,0.073033,0.085368,0.29081,0.077671,0.085033,0.11365,0.12728,0.12355,0.087451,0.086316,0.085495,0.067754,0.066517,0.20635
0.16336,0.14455,0.16668,0.14167,0.14952,0.17507,0.1596,0.1555,0.16829,0.15212,0.15019,0.12597,0.14225,0.14513,0.12621,0.14338,0.13088,0.17984,0.12965,0.1605,0.17185,0,0.14577,0.15309,0.14522,0.15617,0.1233,0.15571,0.14056,0.15123,0.15014,0.24837,0.15604,0.15763,0.17906,0.13849,0.14548,0.13905,0.15104,0.16038,0.16248,0.12604,0.14255,0.15318,0.16456,0.1828,0.16929,0.14116,0.14864,0.17798,0.20164,0.1569,0.17327,0.15658,0.18993,0.1351,0.13318,0.13569,0.18948,0.16939,0.15719,0.14936,0.13958,0.16461,0.22964,0.12367,0.14925,0.15391,0.13876,0.15475,0.16929,0.1478,0.1485,0.15577,0.18296,0.19434,0.13257,0.14347,0.14892,0.16069,0.13825,0.18822,0.14616,0.17377,0.16044,0.15373,0.18789,0.18179,0.15227,0.14921,0.17627,0.16853,0.15763,0.15341,0.14539,0.13565,0.15097,0.16033,0.14001,0.14149,0.1479,0.14144,0.15813,0.14841,0.14414,0.14376,0.15907,0.1365,0.16039,0.17438,0.17002,0.14162,0.15298,0.16818,0.14124,0.16452,0.18138,0.14375,0.14433,0.1532,0.12895,0.14874,0.14545,0.14022,0.15077,0.15114,0.16292,0.13455,0.15999,0.12956,0.21233,0.1446,0.21133,0.14565,0.17061,0.1631,0.22315,0.16651,0.1478,0.14286,0.14651,0.21898,0.15325,0.16993,0.14411,0.124,0.16066,0.1502,0.15737,0.15235,0.14199,0.17634,0.1436,0.20334,0.15312,0.12878,0.13494,0.17062,0.14673,0.15077,0.1492,0.14768,0.17325,0.16961,0.13056,0.20397,0.1288,0.11063,0.13987,0.16879,0.13892,0.15167,0.15582,0.15519,0.29083,0.15619,0.14964,0.13968,0.16278,0.15701,0.15113,0.15949,0.14588,0.14677,0.14607,0.22822
0.12807,0.062618,0.072434,0.068422,0.05941,0.10996,0.12691,0.074558,0.063869,0.045507,0.056819,0.071828,0.049873,0.086574,0.093487,0.046341,0.079961,0.11861,0.08784,0.094004,0.069178,0.14577,0,0.098532,0.078051,0.052688,0.096038,0.083675,0.057341,0.049625,0.10783,0.18081,0.091023,0.11201,0.065269,0.052967,0.060521,0.054928,0.041975,0.064763,0.060682,0.073381,0.08321,0.15846,0.097347,0.095898,0.096433,0.044269,0.082582,0.1018,0.14856,0.058219,0.10975,0.10198,0.11612,0.042321,0.072521,0.062909,0.1477,0.080909,0.053347,0.062344,0.04006,0.071137,0.14226,0.085086,0.052728,0.10579,0.05052,0.082065,0.060062,0.056972,0.091557,0.073055,0.084548,0.11055,0.0624,0.062787,0.056522,0.073091,0.060653,0.11298,0.046297,0.090906,0.071769,0.084569,0.10403,0.077319,0.070188,0.085633,0.10569,0.075496,0.060561,0.050834,0.042743,0.041121,0.05354,0.088016,0.057491,0.066405,0.057541,0.083997,0.075872,0.059718,0.12074,0.052693,0.11598,0.056571,0.069281,0.14106,0.076,0.064398,0.055423,0.10965,0.058127,0.066357,0.11594,0.066523,0.053144,0.048794,0.078447,0.083042,0.10236,0.04639,0.062902,0.081616,0.089238,0.072372,0.073635,0.05692,0.12679,0.057604,0.14906,0.060062,0.092819,0.076519,0.14789,0.12323,0.075373,0.084615,0.046559,0.18205,0.048488,0.05,0.044669,0.046622,0.070614,0.086374,0.084114,0.057816,0.091512,0.12655,0.050459,0.13551,0.10039,0.086666,0.062646,0.086607,0.038202,0.083287,0.060698,0.077037,0.083743,0.12589,0.057027,0.14984,0.08496,0.095734,0.056763,0.055475,0.046413,0.060191,0.050243,0.066068,0.28897,0.077926,0.050262,0.091283,0.10217,0.11393,0.079355,0.085822,0.066571,0.062447,0.054288,0.20101
0.16419,0.12745,0.10397,0.098517,0.10739,0.13672,0.11339,0.094926,0.10865,0.088034,0.10048,0.10216,0.092173,0.11469,0.10786,0.10203,0.10889,0.13245,0.10473,0.14286,0.10096,0.15309,0.098532,0,0.11867,0.11307,0.10874,0.10378,0.1078,0.10117,0.10904,0.19084,0.11966,0.15434,0.12058,0.073009,0.10819,0.1071,0.090874,0.12231,0.10541,0.10925,0.091621,0.1578,0.12509,0.086343,0.10879,0.095798,0.10945,0.13539,0.14834,0.13586,0.13966,0.11305,0.15855,0.089035,0.092699,0.10096,0.17159,0.12442,0.095368,0.11726,0.090411,0.11125,0.14529,0.11037,0.10856,0.080576,0.093066,0.10517,0.091173,0.087408,0.11625,0.11077,0.11042,0.10615,0.070807,0.089766,0.078257,0.11705,0.079491,0.10484,0.092582,0.13845,0.083757,0.073635,0.14646,0.10273,0.1028,0.077152,0.14115,0.088034,0.10775,0.10554,0.10055,0.094383,0.089677,0.10926,0.10466,0.086047,0.093975,0.12481,0.096651,0.10946,0.12449,0.092552,0.12196,0.10837,0.10106,0.16965,0.095896,0.080765,0.090763,0.17197,0.11727,0.10145,0.11507,0.084289,0.089586,0.10929,0.095186,0.12467,0.10542,0.077666,0.088078,0.11958,0.10063,0.10483,0.09607,0.09548,0.1766,0.081896,0.18131,0.092266,0.10796,0.13064,0.18829,0.13485,0.10644,0.10399,0.089804,0.15889,0.10024,0.13254,0.090876,0.10287,0.10939,0.10231,0.11201,0.10814,0.13292,0.12426,0.093144,0.16006,0.11729,0.099874,0.10159,0.13986,0.095495,0.08608,0.097296,0.099263,0.11034,0.13299,0.085925,0.15014,0.11725,0.096608,0.082619,0.090966,0.096901,0.096568,0.10346,0.10733,0.26813,0.10404,0.087677,0.11615,0.15453,0.14615,0.1311,0.10377,0.10816,0.084216,0.088138,0.22007
0.10333,0.11195,0.097963,0.084136,0.081905,0.097794,0.12766,0.10303,0.09311,0.10674,0.091692,0.089634,0.087232,0.11608,0.11754,0.093987,0.089742,0.14048,0.11679,0.064482,0.10823,0.14522,0.078051,0.11867,0,0.097763,0.12734,0.12402,0.10256,0.092043,0.12068,0.17497,0.10506,0.11073,0.1117,0.098193,0.081809,0.10423,0.1021,0.11816,0.10048,0.10101,0.13347,0.15079,0.12725,0.12567,0.12382,0.087216,0.098647,0.11763,0.13328,0.087608,0.1562,0.11139,0.10611,0.086567,0.10276,0.087666,0.12201,0.12832,0.095748,0.11797,0.079242,0.11968,0.19169,0.10559,0.10185,0.13447,0.090252,0.10386,0.1055,0.10473,0.12819,0.096343,0.12062,0.13065,0.097423,0.077816,0.096345,0.099084,0.097096,0.16123,0.10448,0.1109,0.10163,0.13123,0.13598,0.093927,0.093835,0.11316,0.12106,0.10133,0.093674,0.10608,0.084393,0.085324,0.094912,0.10943,0.093373,0.097388,0.10884,0.11285,0.1053,0.088484,0.10918,0.094317,0.14708,0.078148,0.10374,0.11931,0.12476,0.097518,0.10443,0.11551,0.093298,0.094319,0.11985,0.10406,0.090226,0.11009,0.09355,0.054276,0.11938,0.099027,0.095834,0.076842,0.1074,0.10006,0.1301,0.087791,0.13643,0.086732,0.16826,0.08812,0.14268,0.10201,0.19089,0.1155,0.096235,0.10635,0.095304,0.19651,0.10727,0.093354,0.082973,0.062532,0.1019,0.097379,0.12456,0.10419,0.13016,0.15481,0.098009,0.14152,0.12851,0.081316,0.095909,0.11856,0.096053,0.090399,0.10504,0.10488,0.12657,0.10299,0.092838,0.15719,0.050985,0.11501,0.090139,0.094869,0.087891,0.11665,0.099616,0.10087,0.26306,0.12358,0.080716,0.10951,0.089586,0.087722,0.13469,0.11204,0.095495,0.092437,0.09263,0.22262
