0,0.097911,0.096617,0.090067,0.093654,0.088502,0.09814,0.084651,0.12174,0.10855,0.11175,0.10753,0.096484,0.13853,0.10725,0.11097,0.11426,0.12642,0.095446,0.068024,0.10679,0.091233,0.09727,0.10037,0.077753,0.11484,0.10352,0.12139,0.11024,0.092546,0.096136,0.18806,0.094197,0.18928,0.10508,0.10974,0.094506,0.10096,0.099077,0.10641,0.1207,0.10966,0.12598,0.10278,0.11855,0.089649,0.13099,0.11396,0.1319,0.12282,0.10884,0.090095,0.11761,0.087541,0.11595,0.11106,0.11593,0.11881,0.073383,0.12238,0.093919,0.11212,0.1007,0.10911,0.15334,0.087135,0.10291,0.17017,0.093958,0.1112,0.11397,0.1109,0.12657,0.11333,0.11058,0.10194,0.11269,0.096126,0.1486,0.13893,0.11687,0.10111,0.10984,0.09909,0.143,0.11406,0.18937,0.13368,0.092226,0.10426,0.12787,0.1042,0.11444,0.10797,0.10629,0.090906,0.1166,0.10799,0.11647,0.11338,0.11504,0.10746,0.1157,0.099688,0.10374,0.085705,0.1685,0.096329,0.10644,0.094716,0.12427,0.088525,0.098933,0.11308,0.10645,0.10686,0.10546,0.10602,0.10469,0.11249,0.083176,0.07496,0.10002,0.11672,0.13331,0.061564,0.10971,0.11299,0.10249,0.10017,0.095097,0.10721,0.1387,0.11626,0.13563,0.10023,0.085295,0.092044,0.11959,0.12787,0.10156,0.14596,0.10867,0.13315,0.1066,0.20031,0.10414,0.10029,0.1033,0.12049,0.11431,0.13422,0.14315,0.15166,0.10605,0.15553,0.10566,0.12543,0.093133,0.10536,0.087272,0.31568,0.15199,0.10833,0.11877,0.098505,0.084451,0.11115,0.10873,0.11349,0.099361,0.13463,0.099517,0.11702,0.18702,0.14519,0.10102,0.10326,0.11661,0.095467,0.12514,0.10318,0.10816,0.10224,0.10614,0.1407
0.097911,0,0.071146,0.056893,0.065028,0.077375,0.074461,0.069059,0.080211,0.066537,0.055327,0.076459,0.054692,0.10176,0.068483,0.071906,0.077363,0.089403,0.073458,0.097027,0.067427,0.08568,0.048811,0.049831,0.066249,0.061835,0.076864,0.067798,0.055109,0.047713,0.086574,0.1985,0.079369,0.20106,0.060465,0.053261,0.059958,0.048627,0.057359,0.059789,0.066134,0.083299,0.077787,0.10713,0.081367,0.059221,0.078752,0.086821,0.11395,0.11816,0.06707,0.065283,0.09192,0.094499,0.13896,0.056549,0.070474,0.066058,0.10885,0.071408,0.041482,0.065533,0.051024,0.078291,0.11408,0.06441,0.060638,0.14236,0.071383,0.093691,0.098495,0.067989,0.10367,0.055716,0.069413,0.053475,0.058456,0.065759,0.11415,0.094599,0.053967,0.097579,0.063675,0.043122,0.089161,0.067727,0.17687,0.097094,0.056978,0.042528,0.066812,0.068956,0.056534,0.057881,0.066862,0.052958,0.093225,0.056728,0.063608,0.074781,0.057765,0.062349,0.062373,0.043638,0.063107,0.057216,0.14378,0.056947,0.085351,0.11297,0.062046,0.068452,0.079078,0.10947,0.046612,0.058037,0.069372,0.068893,0.066533,0.057989,0.06634,0.069902,0.07713,0.067514,0.10455,0.079881,0.073508,0.09324,0.074541,0.059978,0.096828,0.073315,0.10885,0.064941,0.099677,0.042731,0.084721,0.047915,0.071822,0.090602,0.056608,0.14211,0.068089,0.077623,0.061067,0.19642,0.051895,0.060515,0.059912,0.080449,0.087934,0.11045,0.11162,0.17525,0.078319,0.14185,0.078635,0.078126,0.06054,0.043758,0.072415,0.28639,0.12049,0.14001,0.069566,0.049559,0.063627,0.063459,0.066895,0.061042,0.047886,0.089751,0.063694,0.070962,0.2517,0.12978,0.059029,0.078457,0.11084,0.086694,0.11411,0.056007,0.037562,0.065826,0.049105,0.11183
0.096617,0.071146,0,0.054009,0.071635,0.080429,0.065534,0.079056,0.068079,0.062618,0.076412,0.068015,0.06433,0.1259,0.072308,0.080162,0.071354,0.12016,0.059872,0.099933,0.085534,0.073268,0.060025,0.068393,0.074137,0.076172,0.09099,0.088102,0.068016,0.054661,0.07138,0.19133,0.086761,0.2068,0.096973,0.064084,0.051582,0.061336,0.065098,0.067307,0.068697,0.081323,0.092914,0.097869,0.088576,0.044561,0.089643,0.061357,0.09909,0.098298,0.087719,0.05717,0.099326,0.092492,0.14035,0.060845,0.067392,0.067969,0.095633,0.083826,0.068717,0.073561,0.063892,0.059075,0.13459,0.070368,0.066555,0.15009,0.08567,0.089298,0.081603,0.073116,0.094163,0.065906,0.075114,0.053692,0.075588,0.049796,0.12519,0.12576,0.064555,0.099057,0.057201,0.04876,0.080639,0.091995,0.16976,0.072809,0.053195,0.075231,0.091068,0.081912,0.07889,0.06646,0.066848,0.058585,0.088324,0.07679,0.087128,0.072346,0.063216,0.075536,0.081144,0.050555,0.071472,0.063783,0.14519,0.051617,0.094888,0.10676,0.086377,0.068139,0.077223,0.10809,0.057117,0.058412,0.063109,0.074397,0.069908,0.069959,0.066547,0.072813,0.089932,0.064453,0.10075,0.10261,0.071986,0.11032,0.083015,0.048477,0.10084,0.080574,0.11687,0.061679,0.096779,0.066075,0.075192,0.063345,0.072795,0.083038,0.061874,0.13703,0.06613,0.0933,0.063352,0.17743,0.056551,0.062061,0.062362,0.08074,0.088922,0.13109,0.093203,0.16661,0.076487,0.13483,0.069394,0.077848,0.053049,0.05823,0.077461,0.27764,0.12297,0.14683,0.073051,0.069012,0.068538,0.07299,0.08088,0.069017,0.057256,0.095505,0.06207,0.088299,0.24158,0.10225,0.069751,0.10093,0.096316,0.097823,0.11892,0.064269,0.059866,0.05044,0.063264,0.10264
0.090067,0.056893,0.054009,0,0.05229,0.079963,0.0499,0.067741,0.078323,0.052531,0.05726,0.058048,0.068226,0.10468,0.052839,0.062343,0.06819,0.10433,0.062625,0.085349,0.083672,0.063254,0.043838,0.058393,0.058544,0.052713,0.070412,0.072011,0.057087,0.04222,0.071127,0.19317,0.070528,0.20686,0.070682,0.051522,0.051929,0.045845,0.065283,0.059441,0.067671,0.077053,0.076195,0.10026,0.080416,0.049051,0.06997,0.071807,0.1172,0.091921,0.06047,0.057824,0.078749,0.094168,0.12742,0.043396,0.067721,0.055552,0.093761,0.068524,0.061128,0.059746,0.046732,0.075722,0.10856,0.069039,0.052082,0.16136,0.062996,0.078921,0.094944,0.063988,0.073708,0.053636,0.073283,0.044842,0.058158,0.050203,0.11492,0.095589,0.052858,0.0973,0.05377,0.048344,0.082063,0.072576,0.16523,0.093544,0.059972,0.048,0.077607,0.068547,0.057822,0.061052,0.062605,0.052218,0.089751,0.07369,0.06832,0.067556,0.065783,0.049655,0.077726,0.04742,0.05908,0.048134,0.14745,0.028443,0.084696,0.10002,0.061603,0.06095,0.065759,0.10189,0.045131,0.049368,0.05404,0.052874,0.06229,0.058685,0.063515,0.053412,0.076364,0.049311,0.081301,0.072726,0.070316,0.10789,0.068481,0.059931,0.078647,0.058007,0.091517,0.05704,0.080837,0.05718,0.077359,0.049045,0.07176,0.087761,0.053128,0.13368,0.057748,0.080567,0.05221,0.19601,0.058511,0.05253,0.044618,0.062376,0.085859,0.12536,0.11434,0.18675,0.07874,0.13378,0.056244,0.059357,0.044247,0.051096,0.067805,0.29236,0.11923,0.14414,0.058821,0.047123,0.049912,0.056218,0.066737,0.062789,0.04973,0.085237,0.047244,0.073174,0.24686,0.11621,0.052362,0.090237,0.099947,0.090555,0.12115,0.062241,0.059325,0.045478,0.04723,0.10504
0.093654,0.065028,0.071635,0.05229,0,0.092357,0.066281,0.071789,0.10143,0.077814,0.064505,0.076594,0.076232,0.10343,0.053431,0.081395,0.092067,0.11072,0.069019,0.093511,0.07861,0.086678,0.054667,0.060826,0.070236,0.067831,0.074182,0.076693,0.066762,0.067528,0.091373,0.19224,0.067269,0.2246,0.066779,0.069178,0.050188,0.063081,0.07819,0.07315,0.080519,0.079805,0.06929,0.1052,0.1007,0.075049,0.087176,0.095883,0.12004,0.11814,0.079128,0.052086,0.079256,0.075141,0.13435,0.058729,0.079776,0.077878,0.11002,0.084913,0.062235,0.07507,0.067814,0.085586,0.12501,0.081382,0.062369,0.14456,0.061811,0.092032,0.090318,0.072471,0.087166,0.071813,0.08335,0.062804,0.077041,0.058025,0.12229,0.1059,0.070205,0.11537,0.063462,0.060285,0.1011,0.077153,0.17344,0.097949,0.069266,0.070848,0.075165,0.082651,0.062166,0.066138,0.088155,0.06947,0.083504,0.072853,0.082761,0.08024,0.079494,0.077441,0.073962,0.058885,0.081764,0.057891,0.15212,0.06564,0.1005,0.1121,0.083789,0.084322,0.067716,0.099327,0.072813,0.069091,0.07549,0.07351,0.069254,0.072073,0.064721,0.07288,0.081703,0.069192,0.082727,0.075934,0.060319,0.11471,0.073495,0.08041,0.087239,0.060702,0.095967,0.080249,0.11373,0.076081,0.0896,0.077556,0.092848,0.10599,0.068373,0.14718,0.069672,0.089293,0.062627,0.18406,0.064148,0.064351,0.058682,0.072459,0.088748,0.13761,0.12553,0.16788,0.092311,0.13823,0.076166,0.079949,0.060054,0.067972,0.085625,0.30131,0.12814,0.12919,0.06623,0.075736,0.065107,0.076312,0.086757,0.068359,0.058757,0.10299,0.059659,0.089232,0.25198,0.13274,0.061031,0.095306,0.12199,0.10421,0.12327,0.080632,0.06977,0.064735,0.056168,0.10687
0.088502,0.077375,0.080429,0.079963,0.092357,0,0.083647,0.074472,0.090805,0.084079,0.088092,0.10292,0.090462,0.13403,0.087099,0.1006,0.10894,0.13237,0.081468,0.082425,0.079891,0.089253,0.085736,0.081311,0.062173,0.10717,0.09069,0.092946,0.08977,0.086743,0.088078,0.18724,0.078372,0.19101,0.10026,0.085756,0.078589,0.079024,0.082686,0.086073,0.1028,0.11238,0.10936,0.095755,0.089239,0.063517,0.10093,0.098471,0.12457,0.12024,0.078336,0.083805,0.10429,0.095597,0.13413,0.088567,0.10299,0.10503,0.092577,0.10547,0.070558,0.093732,0.078732,0.098577,0.1478,0.065868,0.086165,0.17064,0.091329,0.098527,0.10791,0.094537,0.12702,0.094009,0.10385,0.083212,0.099261,0.092433,0.13455,0.094987,0.088243,0.10495,0.10014,0.082799,0.11881,0.096395,0.2066,0.11455,0.089687,0.090622,0.11282,0.099609,0.096581,0.083337,0.086073,0.078528,0.13072,0.084546,0.091006,0.10274,0.10137,0.078901,0.093098,0.083371,0.075484,0.069277,0.17315,0.080758,0.087664,0.071448,0.099426,0.082314,0.090988,0.10456,0.072499,0.090398,0.096862,0.08448,0.094123,0.092024,0.091258,0.061147,0.097878,0.10115,0.12968,0.092262,0.089057,0.097569,0.08615,0.078307,0.10518,0.101,0.13811,0.095649,0.12772,0.081085,0.097792,0.070748,0.095083,0.1047,0.090519,0.14306,0.083513,0.10473,0.09015,0.19081,0.089036,0.068102,0.094923,0.11269,0.10253,0.10115,0.12372,0.15981,0.076651,0.12585,0.083499,0.078047,0.069685,0.086474,0.096473,0.29441,0.13625,0.11177,0.10226,0.08304,0.072095,0.076978,0.09666,0.091022,0.087541,0.1086,0.076763,0.097692,0.20619,0.12429,0.086413,0.082351,0.10826,0.061215,0.11664,0.074133,0.078905,0.087798,0.091785,0.12387
0.09814,0.074461,0.065534,0.0499,0.066281,0.083647,0,0.070936,0.096401,0.063072,0.070868,0.077705,0.073868,0.11963,0.061734,0.069408,0.096234,0.10442,0.063117,0.093013,0.081335,0.078418,0.059871,0.062797,0.073032,0.084345,0.073544,0.087444,0.059565,0.05679,0.075938,0.16789,0.069732,0.19613,0.068582,0.060647,0.061984,0.050534,0.078024,0.069856,0.074055,0.089243,0.097652,0.08078,0.077653,0.060419,0.076516,0.085782,0.1098,0.077142,0.071047,0.064589,0.086905,0.08253,0.13232,0.056875,0.078772,0.078812,0.10025,0.082273,0.062955,0.073151,0.059545,0.078183,0.11142,0.067065,0.067742,0.16421,0.072471,0.091588,0.093639,0.061356,0.089284,0.060029,0.069933,0.061101,0.074225,0.061916,0.11515,0.10066,0.064579,0.093081,0.066195,0.061113,0.098154,0.082701,0.17425,0.092121,0.071744,0.062886,0.095539,0.074799,0.064945,0.069371,0.069168,0.064051,0.093658,0.080225,0.079652,0.0753,0.080363,0.069105,0.084608,0.067236,0.069572,0.050134,0.15145,0.05433,0.10284,0.094041,0.068366,0.077885,0.063885,0.093445,0.059008,0.065486,0.070048,0.067622,0.063409,0.061633,0.079794,0.056404,0.079447,0.069322,0.097849,0.078676,0.082071,0.10552,0.08152,0.072597,0.085598,0.066556,0.10597,0.076449,0.092165,0.070319,0.093819,0.069707,0.08386,0.10128,0.065916,0.12593,0.067572,0.090265,0.064639,0.18455,0.072926,0.058145,0.057566,0.069852,0.079906,0.12689,0.12864,0.18581,0.091624,0.13124,0.068176,0.068878,0.056107,0.062239,0.091488,0.28766,0.13185,0.13961,0.071665,0.069764,0.075861,0.061354,0.072218,0.07139,0.063518,0.092214,0.054849,0.074554,0.24096,0.11268,0.068824,0.086586,0.11466,0.087297,0.13135,0.067103,0.075091,0.050039,0.065581,0.10171
0.084651,0.069059,0.079056,0.067741,0.071789,0.074472,0.070936,0,0.0863,0.073933,0.06313,0.080313,0.083548,0.12043,0.059017,0.068122,0.093667,0.09294,0.051968,0.087351,0.078699,0.079854,0.059641,0.069324,0.066379,0.078405,0.057912,0.085219,0.069483,0.067895,0.086411,0.17981,0.075312,0.18884,0.076042,0.075833,0.057393,0.06852,0.074818,0.070672,0.083172,0.0842,0.08672,0.082397,0.084993,0.074665,0.083224,0.088689,0.11616,0.091748,0.064802,0.060247,0.08679,0.074249,0.11983,0.071409,0.075629,0.076672,0.079416,0.088749,0.059556,0.07309,0.066996,0.087921,0.11352,0.086292,0.070741,0.15361,0.072535,0.087346,0.098029,0.081475,0.096341,0.063103,0.088388,0.067494,0.082399,0.057925,0.11403,0.10154,0.072064,0.091366,0.073968,0.060187,0.099204,0.070091,0.17422,0.097599,0.077186,0.077341,0.079954,0.070786,0.060377,0.076902,0.073132,0.051387,0.098893,0.065469,0.082529,0.067237,0.078594,0.078945,0.067563,0.062331,0.059125,0.058255,0.15738,0.067028,0.073432,0.098589,0.088544,0.057069,0.060711,0.08899,0.070616,0.071799,0.063477,0.067771,0.06294,0.071041,0.05996,0.066389,0.081254,0.083228,0.098161,0.059822,0.086887,0.10583,0.06579,0.072841,0.083242,0.073446,0.10326,0.070063,0.098851,0.064042,0.071685,0.072591,0.077882,0.089034,0.074111,0.12907,0.076395,0.088955,0.064965,0.17702,0.057473,0.051453,0.068698,0.074909,0.066943,0.12513,0.1174,0.1638,0.073322,0.14844,0.08342,0.082932,0.062299,0.058954,0.07148,0.2916,0.13261,0.12873,0.076226,0.076389,0.070358,0.073275,0.073789,0.070765,0.072446,0.091025,0.065784,0.061357,0.21754,0.096477,0.070969,0.093891,0.092593,0.08525,0.11096,0.067309,0.062704,0.071284,0.060857,0.10612
0.12174,0.080211,0.068079,0.078323,0.10143,0.090805,0.096401,0.0863,0,0.079281,0.079319,0.083265,0.0862,0.12357,0.088495,0.10014,0.088515,0.1247,0.068085,0.10958,0.09974,0.10327,0.07539,0.088977,0.085193,0.084297,0.095607,0.089462,0.070738,0.076224,0.079046,0.2038,0.10359,0.20052,0.12006,0.080277,0.071366,0.076762,0.06606,0.065853,0.081723,0.091214,0.11055,0.10333,0.099885,0.070784,0.082465,0.053299,0.13075,0.11639,0.081778,0.073338,0.10456,0.11763,0.13378,0.07593,0.087822,0.068675,0.10112,0.087126,0.080285,0.068885,0.078677,0.077201,0.12353,0.095762,0.068397,0.15283,0.10908,0.09912,0.12074,0.086587,0.11083,0.073172,0.092456,0.070091,0.084321,0.074766,0.11786,0.11974,0.074553,0.10946,0.088428,0.066183,0.093798,0.086524,0.18597,0.096976,0.088198,0.087625,0.090474,0.084702,0.091478,0.074323,0.066124,0.071317,0.1253,0.087769,0.099418,0.068552,0.084345,0.079471,0.090811,0.06808,0.071551,0.072873,0.15701,0.069702,0.097704,0.11901,0.086445,0.078749,0.093864,0.10633,0.0679,0.070285,0.074956,0.09478,0.088774,0.092311,0.08114,0.093362,0.098223,0.079762,0.10971,0.12083,0.1017,0.11993,0.087819,0.055811,0.10532,0.09639,0.11182,0.054661,0.099968,0.075858,0.0888,0.070848,0.062048,0.061918,0.070027,0.14871,0.073046,0.10469,0.075891,0.17799,0.063681,0.073414,0.073275,0.095159,0.088806,0.13652,0.072432,0.17045,0.078457,0.15645,0.08388,0.087367,0.063515,0.069776,0.095593,0.29725,0.13635,0.15767,0.080925,0.07762,0.076297,0.0854,0.083474,0.078316,0.076848,0.086428,0.069447,0.082107,0.25079,0.10408,0.088436,0.11636,0.10327,0.097809,0.12362,0.055531,0.069539,0.086803,0.081092,0.10836
0.10855,0.066537,0.062618,0.052531,0.077814,0.084079,0.063072,0.073933,0.079281,0,0.06633,0.078751,0.068243,0.12303,0.060588,0.065967,0.081624,0.10576,0.061035,0.11153,0.078099,0.072227,0.052905,0.063724,0.073403,0.073097,0.076117,0.071739,0.055333,0.057057,0.060986,0.19756,0.085116,0.20549,0.077204,0.045182,0.066811,0.050182,0.082738,0.051484,0.056216,0.087523,0.086313,0.10186,0.071732,0.058405,0.0684,0.069389,0.11418,0.089866,0.066198,0.065717,0.083147,0.10429,0.13272,0.048936,0.058188,0.055968,0.10914,0.07683,0.063601,0.05219,0.039309,0.068859,0.11039,0.079198,0.056858,0.17563,0.075142,0.069737,0.092787,0.070647,0.079147,0.044645,0.07068,0.047746,0.057002,0.063065,0.10819,0.10132,0.054489,0.086013,0.063047,0.055959,0.087503,0.090016,0.16555,0.08634,0.063386,0.062449,0.081078,0.086864,0.061144,0.058836,0.066898,0.054361,0.094978,0.067239,0.067195,0.059748,0.058756,0.065371,0.075598,0.059041,0.07442,0.05925,0.14437,0.050721,0.085218,0.11311,0.071621,0.062653,0.078993,0.098439,0.049525,0.059164,0.054804,0.064433,0.067261,0.062124,0.073181,0.075145,0.081321,0.060424,0.097475,0.091596,0.087403,0.11078,0.065644,0.070483,0.088301,0.061859,0.089916,0.063492,0.081946,0.054174,0.081018,0.070322,0.062941,0.080387,0.063867,0.12915,0.052067,0.062967,0.050666,0.18891,0.069126,0.0709,0.071499,0.068513,0.091588,0.11782,0.10655,0.19995,0.068412,0.14999,0.067385,0.062872,0.060412,0.044821,0.065112,0.28679,0.11709,0.15938,0.069374,0.059912,0.067172,0.059223,0.069266,0.067004,0.051575,0.075114,0.060511,0.06772,0.25124,0.1142,0.055968,0.092148,0.11613,0.10216,0.10381,0.050544,0.055613,0.053806,0.047993,0.10767
0.11175,0.055327,0.076412,0.05726,0.064505,0.088092,0.070868,0.06313,0.079319,0.06633,0,0.066166,0.067511,0.096025,0.039704,0.051625,0.074256,0.088017,0.060394,0.10389,0.073807,0.081008,0.033706,0.058028,0.066494,0.050143,0.056151,0.05868,0.044901,0.047224,0.077056,0.2103,0.080542,0.20701,0.060971,0.041495,0.054565,0.047185,0.053886,0.049011,0.045438,0.074398,0.072212,0.092324,0.061001,0.073685,0.062238,0.084147,0.13455,0.10364,0.066128,0.055312,0.061955,0.089707,0.14949,0.036446,0.057589,0.058747,0.11188,0.062419,0.038466,0.047088,0.043469,0.071668,0.10441,0.079457,0.048437,0.13708,0.04878,0.069436,0.084535,0.051808,0.077369,0.050953,0.064909,0.045915,0.054585,0.057849,0.079584,0.082398,0.032197,0.099872,0.051491,0.055266,0.06973,0.045231,0.15829,0.086448,0.05941,0.063317,0.058853,0.052133,0.046465,0.051562,0.058813,0.043154,0.081781,0.053829,0.04769,0.053508,0.058678,0.050774,0.044671,0.043637,0.049486,0.050555,0.14271,0.050916,0.070423,0.1124,0.058368,0.061249,0.071912,0.10579,0.05249,0.032164,0.053006,0.053777,0.035167,0.051002,0.06057,0.076344,0.070392,0.042023,0.08236,0.085137,0.063437,0.10435,0.042369,0.05478,0.1048,0.052383,0.098463,0.051236,0.075703,0.056535,0.072008,0.059852,0.073188,0.08798,0.049472,0.14515,0.052696,0.056485,0.035118,0.17837,0.053991,0.053836,0.043604,0.062082,0.063294,0.11776,0.11973,0.17668,0.065204,0.13135,0.061133,0.073345,0.054653,0.043166,0.069332,0.28041,0.10488,0.14832,0.050045,0.060673,0.058663,0.043498,0.044964,0.038505,0.041982,0.062508,0.062955,0.058117,0.25889,0.11094,0.049472,0.084518,0.10228,0.097323,0.10607,0.053778,0.051955,0.055896,0.040358,0.082462
0.10753,0.076459,0.068015,0.058048,0.076594,0.10292,0.077705,0.080313,0.083265,0.078751,0.066166,0,0.072614,0.13261,0.069976,0.067008,0.085377,0.10814,0.078405,0.096482,0.097766,0.068615,0.054545,0.074833,0.075317,0.06092,0.092794,0.089074,0.07353,0.056786,0.085392,0.19317,0.10145,0.20019,0.092159,0.071326,0.063462,0.062149,0.061664,0.081591,0.080354,0.072464,0.087509,0.10051,0.081606,0.079716,0.081391,0.074474,0.12958,0.10085,0.083604,0.059812,0.091521,0.096631,0.15148,0.058622,0.087903,0.073952,0.097949,0.061232,0.074186,0.079289,0.066809,0.075326,0.099144,0.09849,0.073478,0.15228,0.07925,0.088859,0.10109,0.067592,0.082983,0.068065,0.078118,0.058196,0.077254,0.058676,0.11629,0.11691,0.066014,0.10529,0.075438,0.054023,0.059745,0.082536,0.1668,0.10786,0.075702,0.074063,0.089526,0.058687,0.071983,0.078181,0.085243,0.057868,0.09191,0.077252,0.086152,0.078573,0.085837,0.072239,0.093309,0.066474,0.071819,0.077434,0.14297,0.052587,0.092155,0.11611,0.07716,0.071447,0.078236,0.11719,0.074528,0.057965,0.059156,0.060125,0.063407,0.067762,0.052892,0.070235,0.10484,0.047174,0.071739,0.095756,0.083949,0.13943,0.076371,0.059627,0.10681,0.062648,0.10969,0.060362,0.084629,0.074669,0.088238,0.068683,0.08816,0.10302,0.053258,0.13608,0.075262,0.092964,0.054542,0.18545,0.074159,0.074457,0.049881,0.057794,0.079299,0.1372,0.12275,0.17494,0.0752,0.12115,0.072303,0.094638,0.064008,0.063122,0.082981,0.29027,0.12242,0.14688,0.042146,0.066448,0.066186,0.078489,0.074301,0.080093,0.065373,0.1027,0.066595,0.086478,0.24656,0.12655,0.071156,0.1182,0.095569,0.11258,0.13006,0.078662,0.069716,0.062262,0.064115,0.10934
0.096484,0.054692,0.06433,0.068226,0.076232,0.090462,0.073868,0.083548,0.0862,0.068243,0.067511,0.072614,0,0.11913,0.071149,0.069877,0.090294,0.10098,0.077961,0.10277,0.080499,0.072488,0.061834,0.066558,0.0732,0.08357,0.086744,0.085886,0.057189,0.054658,0.072654,0.19544,0.086445,0.19649,0.078914,0.060325,0.071366,0.041686,0.063151,0.071768,0.067923,0.084766,0.1008,0.1027,0.076698,0.067526,0.093034,0.086477,0.12516,0.11014,0.095836,0.064863,0.092687,0.088614,0.15672,0.066448,0.07502,0.084717,0.11422,0.091647,0.054322,0.074635,0.057325,0.072032,0.10964,0.067114,0.066751,0.15039,0.076541,0.090713,0.078321,0.070779,0.10355,0.069222,0.068281,0.05224,0.070769,0.068653,0.11256,0.11975,0.058423,0.083955,0.068147,0.057701,0.086256,0.080606,0.17031,0.090394,0.050411,0.068677,0.082916,0.074397,0.07622,0.06245,0.079824,0.059351,0.070033,0.076388,0.072981,0.072773,0.063614,0.083248,0.079482,0.053515,0.077952,0.064853,0.15601,0.062005,0.10684,0.11512,0.063191,0.074235,0.084193,0.11416,0.064736,0.054072,0.072808,0.08271,0.06644,0.070002,0.066384,0.072964,0.07837,0.063872,0.11109,0.094493,0.075969,0.10774,0.078753,0.05863,0.11026,0.076807,0.12397,0.076297,0.099835,0.054959,0.084947,0.058409,0.079414,0.094281,0.064377,0.14791,0.072648,0.091012,0.062647,0.19469,0.061669,0.073245,0.067608,0.080033,0.097751,0.12003,0.10401,0.17181,0.077128,0.13026,0.072469,0.096217,0.065224,0.05085,0.071522,0.30088,0.11373,0.14886,0.073935,0.059979,0.07657,0.068843,0.067768,0.067341,0.043248,0.10033,0.070512,0.078409,0.2516,0.1356,0.061236,0.084879,0.12558,0.10156,0.12039,0.064515,0.063166,0.067372,0.066253,0.11973
0.13853,0.10176,0.1259,0.10468,0.10343,0.13403,0.11963,0.12043,0.12357,0.12303,0.096025,0.13261,0.11913,0,0.10813,0.1257,0.12218,0.13139,0.10833,0.13343,0.11874,0.1391,0.10362,0.11835,0.10491,0.099091,0.089153,0.0937,0.099808,0.10011,0.11341,0.24677,0.10908,0.22882,0.11766,0.098953,0.11151,0.10739,0.098698,0.098912,0.10267,0.11192,0.12175,0.12708,0.13247,0.10859,0.1172,0.1335,0.15722,0.15784,0.11085,0.11328,0.10574,0.14048,0.15894,0.10138,0.10639,0.098638,0.1536,0.12455,0.10476,0.091144,0.10432,0.13111,0.15416,0.11062,0.097063,0.1471,0.09781,0.11866,0.14453,0.10702,0.11747,0.11074,0.10914,0.11602,0.10907,0.11546,0.14405,0.10773,0.10775,0.14181,0.10414,0.11388,0.13434,0.1038,0.16893,0.12733,0.10692,0.10526,0.10584,0.11605,0.11136,0.098176,0.11436,0.10665,0.13198,0.13038,0.10534,0.11037,0.10605,0.097187,0.09801,0.09679,0.12069,0.096415,0.18136,0.10288,0.12497,0.15065,0.10853,0.11335,0.12114,0.13214,0.097371,0.10344,0.11234,0.12235,0.10779,0.11145,0.11629,0.11997,0.073503,0.10717,0.12199,0.11979,0.11475,0.13134,0.10588,0.11386,0.13747,0.10732,0.12217,0.1196,0.13007,0.10516,0.1123,0.11335,0.11894,0.12028,0.11401,0.18775,0.10178,0.12427,0.11194,0.21449,0.10532,0.10682,0.10164,0.12256,0.11546,0.16532,0.15611,0.20318,0.11661,0.18314,0.11722,0.11501,0.10438,0.10881,0.1221,0.30546,0.16173,0.16557,0.1202,0.11991,0.10591,0.10663,0.11173,0.10878,0.1045,0.1069,0.10338,0.10691,0.28949,0.1585,0.11088,0.11858,0.15464,0.13051,0.12777,0.10772,0.11579,0.11121,0.097616,0.11337
0.10725,0.068483,0.072308,0.052839,0.053431,0.087099,0.061734,0.059017,0.088495,0.060588,0.039704,0.069976,0.071149,0.10813,0,0.058306,0.080457,0.096855,0.05054,0.099129,0.071239,0.069572,0.040868,0.060352,0.066186,0.061374,0.045745,0.059628,0.046229,0.05857,0.075393,0.19506,0.07191,0.20869,0.065673,0.049019,0.049196,0.047739,0.073073,0.05666,0.05927,0.087084,0.074381,0.09667,0.067059,0.072059,0.063419,0.086887,0.12607,0.095353,0.063714,0.049686,0.067264,0.079441,0.14237,0.044111,0.063419,0.068809,0.11459,0.078642,0.049618,0.054279,0.051125,0.078656,0.10558,0.084411,0.050824,0.1534,0.053127,0.071856,0.080513,0.067353,0.071084,0.056319,0.076851,0.051569,0.060969,0.06302,0.094032,0.092488,0.044931,0.10548,0.052935,0.063826,0.083034,0.057886,0.15693,0.094696,0.064555,0.07132,0.076178,0.069626,0.058054,0.053814,0.076233,0.048552,0.081065,0.060406,0.061849,0.062627,0.067688,0.063046,0.05231,0.054479,0.056334,0.05379,0.16328,0.052286,0.078094,0.10484,0.068896,0.069405,0.062852,0.09468,0.062082,0.050096,0.061505,0.05429,0.046328,0.05979,0.064169,0.073226,0.073465,0.053288,0.089748,0.079995,0.070859,0.10565,0.050116,0.071012,0.098054,0.056823,0.090186,0.065749,0.085514,0.057855,0.079001,0.066054,0.077426,0.091216,0.057219,0.1367,0.053984,0.063745,0.04443,0.18061,0.06007,0.055394,0.054411,0.063494,0.076945,0.13164,0.1238,0.18325,0.073541,0.13565,0.066261,0.069302,0.051098,0.052936,0.069655,0.28938,0.1125,0.14516,0.058854,0.066552,0.058935,0.043027,0.058398,0.045061,0.048452,0.071334,0.062793,0.066569,0.24943,0.10997,0.045655,0.086849,0.11302,0.097116,0.11024,0.06436,0.065578,0.057954,0.045921,0.093216
0.11097,0.071906,0.080162,0.062343,0.081395,0.1006,0.069408,0.068122,0.10014,0.065967,0.051625,0.067008,0.069877,0.1257,0.058306,0,0.076221,0.09662,0.081004,0.10761,0.091535,0.060454,0.053673,0.074194,0.086408,0.066359,0.07997,0.086803,0.0657,0.057673,0.090843,0.19711,0.093152,0.20234,0.063624,0.060827,0.074401,0.055137,0.075383,0.073346,0.064098,0.075524,0.090466,0.10969,0.072554,0.085078,0.073642,0.096464,0.13241,0.076493,0.084623,0.0728,0.081621,0.095098,0.15507,0.058277,0.064655,0.074418,0.10598,0.073732,0.063817,0.072337,0.059033,0.085297,0.10299,0.082901,0.072733,0.16178,0.066875,0.072333,0.080699,0.076671,0.079796,0.059957,0.070851,0.058564,0.065408,0.059499,0.092596,0.10574,0.044817,0.094576,0.055782,0.064727,0.06969,0.075191,0.14687,0.089195,0.064932,0.065871,0.069796,0.061651,0.054958,0.076417,0.066463,0.054843,0.072838,0.071662,0.064528,0.060977,0.066413,0.069134,0.071833,0.059758,0.068786,0.071606,0.14995,0.058122,0.083016,0.11514,0.059758,0.060712,0.075546,0.122,0.067448,0.048839,0.044314,0.051975,0.054431,0.057952,0.074221,0.077436,0.092873,0.052708,0.085973,0.082333,0.080326,0.11976,0.063426,0.074239,0.1072,0.061946,0.11628,0.060227,0.076523,0.065589,0.076097,0.065695,0.080482,0.10031,0.068928,0.14669,0.076499,0.07254,0.049777,0.20451,0.067846,0.067196,0.061272,0.049334,0.083083,0.11804,0.1268,0.19306,0.081206,0.13152,0.071367,0.090441,0.071518,0.05094,0.062018,0.27801,0.10115,0.16968,0.05989,0.05875,0.082776,0.066188,0.064111,0.065831,0.057285,0.083404,0.07594,0.070586,0.25565,0.11189,0.063055,0.10152,0.1057,0.1115,0.11871,0.075124,0.063593,0.062738,0.056546,0.10286
0.11426,0.077363,0.071354,0.06819,0.092067,0.10894,0.096234,0.093667,0.088515,0.081624,0.074256,0.085377,0.090294,0.12218,0.080457,0.076221,0,0.10239,0.082344,0.11464,0.10522,0.079845,0.063569,0.081244,0.09666,0.063991,0.094327,0.088988,0.079311,0.063756,0.099358,0.21622,0.1104,0.22729,0.093773,0.071098,0.079919,0.084138,0.078026,0.071131,0.066156,0.097638,0.083392,0.13151,0.095554,0.080645,0.082768,0.082571,0.13371,0.10925,0.092865,0.083906,0.10256,0.11295,0.15003,0.070801,0.063834,0.065391,0.11445,0.079142,0.07887,0.077748,0.079024,0.084986,0.14068,0.095197,0.076588,0.15108,0.088228,0.085283,0.098579,0.090169,0.085471,0.074095,0.080409,0.072601,0.066877,0.076982,0.10371,0.12586,0.06839,0.12637,0.055369,0.073897,0.085694,0.088885,0.14459,0.097992,0.063645,0.07413,0.08587,0.084418,0.082726,0.082452,0.066805,0.06922,0.099267,0.083596,0.076513,0.0795,0.067847,0.069698,0.076417,0.063028,0.071141,0.084005,0.14067,0.067747,0.073611,0.12497,0.093896,0.075384,0.09713,0.12776,0.071683,0.062152,0.069993,0.075655,0.080169,0.078102,0.083404,0.1024,0.099177,0.070871,0.11574,0.10328,0.086179,0.10572,0.082057,0.071587,0.1128,0.088256,0.11263,0.063516,0.078513,0.074326,0.073674,0.071334,0.075178,0.09126,0.069553,0.15153,0.082109,0.082926,0.075167,0.19971,0.07365,0.089587,0.067887,0.092035,0.10621,0.13416,0.1161,0.19189,0.098008,0.15422,0.091027,0.096612,0.081074,0.068803,0.065352,0.2683,0.12254,0.17932,0.087057,0.066458,0.077536,0.077637,0.078869,0.068051,0.064328,0.082428,0.094708,0.093985,0.25622,0.10375,0.075791,0.11212,0.1024,0.11856,0.12089,0.084361,0.069197,0.077718,0.070612,0.10249
0.12642,0.089403,0.12016,0.10433,0.11072,0.13237,0.10442,0.09294,0.1247,0.10576,0.088017,0.10814,0.10098,0.13139,0.096855,0.09662,0.10239,0,0.094635,0.12989,0.10963,0.11786,0.084716,0.088593,0.10448,0.10206,0.09075,0.10851,0.093086,0.085635,0.11389,0.21001,0.10993,0.21389,0.084101,0.090043,0.10692,0.096371,0.098595,0.093578,0.089348,0.12868,0.093432,0.11825,0.092064,0.11342,0.10406,0.12155,0.15247,0.12777,0.10543,0.10605,0.098794,0.11707,0.16393,0.098909,0.089806,0.097774,0.1333,0.10486,0.088715,0.096452,0.087618,0.10841,0.12024,0.12499,0.099726,0.15812,0.089226,0.11458,0.12488,0.090205,0.10828,0.08579,0.088,0.096211,0.088785,0.10424,0.10577,0.11748,0.10062,0.12098,0.089937,0.089832,0.11013,0.091503,0.16973,0.12231,0.097896,0.086402,0.09909,0.08624,0.085756,0.10364,0.10542,0.086852,0.11076,0.096063,0.085493,0.094081,0.091394,0.10554,0.089697,0.095865,0.089873,0.093081,0.13825,0.10183,0.10388,0.14332,0.1098,0.10305,0.095107,0.12454,0.098943,0.090694,0.10017,0.098799,0.083097,0.0798,0.096884,0.11166,0.10147,0.099615,0.13994,0.093016,0.11229,0.12019,0.10486,0.095989,0.11883,0.093005,0.10379,0.1057,0.084998,0.083915,0.10682,0.10897,0.10792,0.12842,0.087459,0.13377,0.10859,0.09349,0.092402,0.18719,0.099104,0.11033,0.087135,0.1123,0.10856,0.13236,0.15607,0.20597,0.1169,0.169,0.12709,0.12221,0.10527,0.082833,0.098206,0.30059,0.15847,0.16629,0.10738,0.10242,0.10306,0.093268,0.078469,0.089036,0.087823,0.10596,0.10976,0.077955,0.25699,0.12891,0.091111,0.10083,0.13268,0.13049,0.137,0.10032,0.091125,0.096588,0.085233,0.13343
0.095446,0.073458,0.059872,0.062625,0.069019,0.081468,0.063117,0.051968,0.068085,0.061035,0.060394,0.078405,0.077961,0.10833,0.05054,0.081004,0.082344,0.094635,0,0.093291,0.068929,0.083509,0.047042,0.064807,0.06261,0.073613,0.048647,0.066839,0.049255,0.057147,0.058636,0.18518,0.075704,0.19505,0.085699,0.056585,0.044504,0.062586,0.064835,0.044003,0.058791,0.084113,0.08701,0.069398,0.077371,0.059375,0.071658,0.066161,0.10499,0.092311,0.063411,0.044644,0.077521,0.077973,0.11666,0.05446,0.061473,0.059379,0.094757,0.081224,0.054598,0.046259,0.056851,0.065131,0.12096,0.084702,0.048043,0.14171,0.069496,0.076905,0.09341,0.0653,0.079726,0.055211,0.07016,0.057974,0.06821,0.0583,0.10298,0.10441,0.064681,0.093822,0.061873,0.057067,0.095629,0.073286,0.16041,0.084694,0.065769,0.076,0.08689,0.071487,0.06937,0.05176,0.067052,0.045237,0.098705,0.064978,0.079933,0.055179,0.068711,0.068135,0.057549,0.056827,0.059472,0.045382,0.14902,0.058302,0.074291,0.10146,0.088632,0.062433,0.059341,0.075361,0.061326,0.060252,0.060672,0.06936,0.053502,0.064051,0.058116,0.075213,0.066399,0.069353,0.1005,0.082328,0.083294,0.10031,0.060188,0.059772,0.085917,0.066719,0.083289,0.063893,0.087774,0.057772,0.065243,0.073508,0.068251,0.075865,0.055909,0.12084,0.049213,0.078888,0.054164,0.15596,0.056648,0.058946,0.057639,0.079341,0.062779,0.13267,0.10909,0.1648,0.065322,0.15021,0.078276,0.073785,0.047345,0.054986,0.074676,0.286,0.13058,0.13168,0.073199,0.076601,0.057069,0.059948,0.063257,0.055643,0.057025,0.066267,0.058058,0.060544,0.22946,0.088272,0.060365,0.090568,0.10209,0.087557,0.097764,0.048745,0.064271,0.058615,0.052435,0.081778
0.068024,0.097027,0.099933,0.085349,0.093511,0.082425,0.093013,0.087351,0.10958,0.11153,0.10389,0.096482,0.10277,0.13343,0.099129,0.10761,0.11464,0.12989,0.093291,0,0.099927,0.09088,0.092429,0.10016,0.075802,0.1078,0.10003,0.10455,0.10192,0.095767,0.098015,0.16402,0.081817,0.18615,0.11143,0.10636,0.085907,0.094399,0.083612,0.098893,0.12151,0.1111,0.12546,0.10379,0.11872,0.093091,0.10752,0.11312,0.12927,0.1151,0.095354,0.087132,0.10408,0.093249,0.11165,0.1061,0.12622,0.11656,0.073325,0.10991,0.093301,0.1041,0.10099,0.1137,0.149,0.084233,0.093669,0.16196,0.097783,0.10782,0.13027,0.10776,0.12171,0.11308,0.10516,0.10375,0.10995,0.10296,0.13733,0.11137,0.10861,0.12035,0.10857,0.096947,0.13217,0.11023,0.18483,0.14047,0.10803,0.090435,0.12495,0.091137,0.11653,0.097387,0.1051,0.090551,0.13785,0.10845,0.11759,0.1091,0.1237,0.088338,0.11398,0.1027,0.097663,0.080495,0.18364,0.090462,0.10414,0.071991,0.1059,0.09565,0.082233,0.10988,0.10038,0.10123,0.098597,0.091703,0.10542,0.1049,0.094327,0.063497,0.11345,0.10567,0.1238,0.071133,0.10983,0.12115,0.10174,0.097653,0.09337,0.1015,0.12889,0.10783,0.13769,0.097629,0.10051,0.081435,0.11515,0.12698,0.089826,0.14281,0.099591,0.13456,0.10028,0.2135,0.10513,0.089907,0.090462,0.11532,0.10849,0.12392,0.14803,0.15288,0.10465,0.13442,0.10985,0.11964,0.076715,0.1063,0.10103,0.31849,0.14714,0.10259,0.10713,0.092275,0.079624,0.10521,0.10987,0.11035,0.099247,0.12486,0.085351,0.11487,0.2018,0.1371,0.099008,0.10246,0.12049,0.08288,0.12769,0.096032,0.10571,0.10814,0.10557,0.13187
0.10679,0.067427,0.085534,0.083672,0.07861,0.079891,0.081335,0.078699,0.09974,0.078099,0.073807,0.097766,0.080499,0.11874,0.071239,0.091535,0.10522,0.10963,0.068929,0.099927,0,0.095534,0.060506,0.084281,0.062824,0.094509,0.072094,0.059402,0.06237,0.078727,0.0754,0.19556,0.072733,0.17594,0.071928,0.06773,0.068868,0.066179,0.081831,0.065959,0.075248,0.096852,0.10385,0.097828,0.080652,0.071392,0.097117,0.11051,0.10032,0.12721,0.074009,0.063394,0.095887,0.099015,0.12614,0.074032,0.080195,0.095137,0.11427,0.093117,0.053683,0.070486,0.063135,0.077192,0.12737,0.079782,0.072683,0.14081,0.068539,0.094925,0.085846,0.087346,0.12065,0.082346,0.071923,0.077316,0.071269,0.087586,0.11104,0.096559,0.077568,0.092096,0.08264,0.074822,0.1148,0.083782,0.16197,0.10624,0.08123,0.077103,0.097969,0.082487,0.086308,0.057142,0.090194,0.061374,0.10857,0.061191,0.082782,0.082765,0.078835,0.075586,0.058025,0.083116,0.084986,0.061111,0.15549,0.086468,0.08342,0.0987,0.093224,0.095921,0.073917,0.094373,0.082127,0.081946,0.085056,0.069861,0.072543,0.069312,0.078167,0.076992,0.082307,0.083953,0.11799,0.087837,0.091751,0.097607,0.082933,0.086948,0.10236,0.089567,0.11264,0.091161,0.12346,0.067031,0.087081,0.076435,0.10715,0.12195,0.066486,0.11539,0.069523,0.084532,0.065597,0.18049,0.086006,0.082453,0.087526,0.097753,0.085141,0.10753,0.13617,0.17442,0.082065,0.14408,0.10363,0.088426,0.058372,0.078886,0.089698,0.27976,0.12117,0.12059,0.083971,0.07869,0.064191,0.070821,0.073736,0.075926,0.068459,0.085035,0.076397,0.084722,0.23912,0.13451,0.067399,0.078764,0.11799,0.06882,0.095724,0.065986,0.070646,0.080738,0.06842,0.099014
0.091233,0.08568,0.073268,0.063254,0.086678,0.089253,0.078418,0.079854,0.10327,0.072227,0.081008,0.068615,0.072488,0.1391,0.069572,0.060454,0.079845,0.11786,0.083509,0.09088,0.095534,0,0.06974,0.08976,0.075676,0.087901,0.085906,0.09082,0.077608,0.072463,0.084169,0.18325,0.097737,0.19696,0.09089,0.07854,0.084194,0.068451,0.08299,0.087009,0.086736,0.088671,0.098976,0.11408,0.083803,0.079035,0.090431,0.092845,0.1334,0.090257,0.092471,0.076405,0.097975,0.091378,0.14402,0.074165,0.082607,0.092892,0.097695,0.095208,0.078227,0.087109,0.074736,0.095035,0.11796,0.089021,0.078995,0.1722,0.077958,0.075503,0.084282,0.094236,0.088678,0.083166,0.085035,0.068975,0.083135,0.077773,0.11921,0.12137,0.073154,0.098083,0.077828,0.07824,0.090542,0.096751,0.14976,0.11063,0.072497,0.079615,0.10191,0.085035,0.085211,0.080657,0.091133,0.065712,0.094251,0.092694,0.080154,0.085831,0.08963,0.075121,0.094929,0.075619,0.080958,0.080064,0.16851,0.065361,0.084855,0.094792,0.084872,0.072385,0.082387,0.11326,0.081795,0.070569,0.069536,0.062463,0.081257,0.077571,0.0723,0.068036,0.095431,0.070516,0.10744,0.082782,0.085852,0.12503,0.074978,0.081844,0.10252,0.078768,0.12363,0.081813,0.096254,0.075348,0.081821,0.067881,0.089041,0.10429,0.081385,0.13593,0.079526,0.097305,0.072628,0.20929,0.086136,0.084692,0.077529,0.074154,0.10743,0.12766,0.12526,0.18387,0.077727,0.11843,0.078334,0.09134,0.071578,0.072841,0.063405,0.29826,0.11792,0.15726,0.079834,0.058647,0.073174,0.073851,0.08393,0.085771,0.067453,0.10119,0.080566,0.087868,0.22174,0.12588,0.06623,0.11181,0.11605,0.10442,0.12375,0.089794,0.080628,0.076999,0.078979,0.11746
0.09727,0.048811,0.060025,0.043838,0.054667,0.085736,0.059871,0.059641,0.07539,0.052905,0.033706,0.054545,0.061834,0.10362,0.040868,0.053673,0.063569,0.084716,0.047042,0.092429,0.060506,0.06974,0,0.050941,0.058699,0.044089,0.057618,0.052555,0.037453,0.034454,0.064913,0.19682,0.077037,0.19914,0.055642,0.035357,0.040625,0.043285,0.052064,0.03754,0.040246,0.066728,0.069767,0.088331,0.064184,0.060191,0.062099,0.072276,0.11197,0.095795,0.058597,0.039281,0.069236,0.083266,0.12946,0.027944,0.051712,0.048691,0.099147,0.051561,0.035897,0.039426,0.035681,0.055892,0.10551,0.075157,0.039323,0.13525,0.047448,0.068232,0.081076,0.050225,0.072044,0.043045,0.050883,0.037257,0.041882,0.047651,0.087284,0.093139,0.038597,0.090482,0.044222,0.040546,0.074574,0.059321,0.14878,0.085956,0.050436,0.049252,0.066527,0.048764,0.047315,0.041027,0.056402,0.030335,0.08023,0.043629,0.056957,0.050071,0.052774,0.045289,0.047451,0.042409,0.052036,0.043342,0.13145,0.043201,0.064796,0.10643,0.064583,0.057273,0.060189,0.095867,0.051059,0.035669,0.043093,0.042012,0.034901,0.04059,0.046417,0.067595,0.070643,0.038179,0.080702,0.073531,0.06669,0.10135,0.048538,0.052338,0.087533,0.047132,0.085208,0.045847,0.076366,0.047203,0.062645,0.053543,0.071179,0.088743,0.029627,0.12495,0.042733,0.058218,0.0248,0.17543,0.052537,0.057944,0.037366,0.057677,0.061977,0.11744,0.11681,0.17358,0.064319,0.13527,0.066528,0.071981,0.043212,0.03801,0.059007,0.27755,0.10623,0.14014,0.04491,0.048539,0.044145,0.047734,0.044508,0.041982,0.03088,0.062674,0.055311,0.060579,0.24767,0.10946,0.039185,0.085056,0.096695,0.090683,0.099572,0.046554,0.043947,0.045385,0.027922,0.080247
0.10037,0.049831,0.068393,0.058393,0.060826,0.081311,0.062797,0.069324,0.088977,0.063724,0.058028,0.074833,0.066558,0.11835,0.060352,0.074194,0.081244,0.088593,0.064807,0.10016,0.084281,0.08976,0.050941,0,0.079077,0.063039,0.079442,0.080372,0.063471,0.048324,0.089403,0.18935,0.086177,0.22167,0.064181,0.051204,0.049931,0.058078,0.067163,0.060608,0.066274,0.095838,0.071691,0.095714,0.077302,0.068937,0.069667,0.076655,0.11607,0.10084,0.072083,0.063743,0.084063,0.075794,0.14807,0.051866,0.078218,0.065151,0.11415,0.066429,0.047346,0.068374,0.056155,0.075565,0.12624,0.072665,0.06048,0.1517,0.07373,0.09122,0.10231,0.053241,0.083944,0.053214,0.077508,0.052126,0.067911,0.064738,0.10964,0.1014,0.055407,0.11081,0.062022,0.050625,0.088595,0.0779,0.18934,0.096567,0.058568,0.060438,0.082212,0.074842,0.056351,0.063873,0.069153,0.061444,0.091663,0.051201,0.07169,0.080094,0.070035,0.070821,0.070386,0.048011,0.058735,0.062118,0.14227,0.054401,0.090589,0.11699,0.074059,0.063167,0.079229,0.11042,0.048835,0.059329,0.072837,0.071691,0.058113,0.060341,0.071626,0.078228,0.090005,0.069797,0.10444,0.08457,0.071755,0.098096,0.067577,0.060518,0.10116,0.061709,0.10245,0.06848,0.092035,0.057004,0.091829,0.066601,0.068514,0.08737,0.057507,0.14669,0.064707,0.069006,0.061587,0.17967,0.058131,0.057818,0.054934,0.082136,0.083778,0.12307,0.12277,0.17231,0.081424,0.1407,0.068026,0.080109,0.070827,0.045343,0.07904,0.28406,0.12283,0.1394,0.072735,0.068705,0.072513,0.062014,0.072602,0.054952,0.052431,0.09115,0.069991,0.080515,0.24853,0.11626,0.061225,0.079783,0.11517,0.1052,0.11775,0.05873,0.053896,0.057023,0.052103,0.10882
0.077753,0.066249,0.074137,0.058544,0.070236,0.062173,0.073032,0.066379,0.085193,0.073403,0.066494,0.075317,0.0732,0.10491,0.066186,0.086408,0.09666,0.10448,0.06261,0.075802,0.062824,0.075676,0.058699,0.079077,0,0.08491,0.063719,0.072097,0.069634,0.063163,0.057706,0.20039,0.057272,0.17647,0.082209,0.063925,0.068079,0.056854,0.063625,0.070784,0.082052,0.089513,0.091991,0.081514,0.0712,0.051487,0.093545,0.09374,0.12383,0.11893,0.06536,0.060049,0.07481,0.094725,0.12532,0.068342,0.079392,0.086076,0.08661,0.088388,0.059279,0.068711,0.050464,0.082182,0.11557,0.076165,0.065879,0.15611,0.052981,0.078089,0.092397,0.075052,0.10076,0.07834,0.076977,0.066696,0.071471,0.073522,0.12024,0.085183,0.077913,0.085002,0.082372,0.065854,0.09997,0.07037,0.17359,0.10542,0.072142,0.074226,0.094201,0.070954,0.080991,0.065394,0.085674,0.052905,0.10429,0.078878,0.072782,0.08024,0.082722,0.06413,0.075691,0.071484,0.069765,0.044527,0.15248,0.062724,0.075571,0.078756,0.088655,0.074794,0.065361,0.089373,0.06757,0.069543,0.075818,0.062647,0.067911,0.069882,0.058941,0.040824,0.067397,0.070425,0.10199,0.070485,0.078067,0.1092,0.070567,0.064612,0.091568,0.073459,0.10608,0.085998,0.10089,0.061732,0.071904,0.064446,0.097624,0.10868,0.063049,0.12291,0.068374,0.088348,0.062288,0.17686,0.079781,0.06827,0.070569,0.090081,0.085237,0.10583,0.12765,0.16916,0.062603,0.12354,0.077616,0.074878,0.042388,0.073265,0.080205,0.30086,0.13237,0.10467,0.076734,0.070397,0.031463,0.06268,0.067652,0.078991,0.066276,0.091701,0.053986,0.075417,0.21866,0.13119,0.061056,0.079043,0.097684,0.065572,0.10092,0.066864,0.072519,0.063576,0.065101,0.11002
