0,0.10365,0.10321,0.10734,0.12105,0.067407,0.10326,0.097941,0.090734,0.10606,0.08977,0.090185,0.093303,0.10664,0.12276,0.13873,0.086893,0.13461,0.13231,0.051382,0.10786,0.095351,0.10122,0.11681,0.079046,0.088427,0.13798,0.10546,0.092077,0.10205,0.09393,0.09988,0.087173,0.098727,0.077416,0.12312,0.09679,0.093563,0.095899,0.11144,0.1188,0.087555,0.13448,0.32802,0.09249,0.090617,0.11901,0.08416,0.11316,0.13926,0.14808,0.090061,0.15225,0.097815,0.081515,0.097446,0.11894,0.089477,0.052373,0.10059,0.10537,0.10589,0.093465,0.11678,0.13509,0.10954,0.092755,0.10396,0.07181,0.11954,0.11895,0.13951,0.13056,0.12218,0.16861,0.11225,0.10107,0.090039,0.089827,0.12521,0.090786,0.13051,0.10248,0.093292,0.08393,0.14671,0.14563,0.099364,0.1041,0.095905,0.09719,0.083077,0.10772,0.11982,0.090495,0.10367,0.12186,0.16781,0.1302,0.097494,0.088174,0.11027,0.10341,0.090374,0.09983,0.097294,0.13076,0.079294,0.11466,0.080015,0.10853,0.092606,0.091151,0.088036,0.086169,0.10095,0.10994,0.099429,0.1055,0.098546,0.090856,0.078279,0.12497,0.095751,0.096987,0.050798,0.12232,0.0964,0.093236,0.093264,0.095244,0.1921,0.17401,0.084891,0.11049,0.089655,0.11576,0.092793,0.090432,0.089712,0.1144,0.14593,0.10853,0.1032,0.10783,0.081474,0.084851,0.077672,0.099792,0.098354,0.0977,0.12713,0.08299,0.12092,0.11855,0.080466,0.092002,0.11,0.10187,0.091344,0.11492,0.091739,0.11057,0.10727,0.099923,0.093259,0.084941,0.11523,0.10653,0.094471,0.10501,0.11181,0.094419,0.098285,0.1193,0.17155,0.10344,0.091845,0.048856,0.08482,0.096552,0.091406,0.079968,0.093073,0.098944,0.1241
0.10365,0,0.076257,0.09999,0.13999,0.082879,0.065851,0.076954,0.047741,0.066439,0.055817,0.057064,0.065113,0.10449,0.093895,0.089974,0.080695,0.087826,0.10727,0.096609,0.088869,0.073176,0.061067,0.074918,0.0847,0.05909,0.10854,0.071592,0.06602,0.078762,0.054334,0.085308,0.064293,0.090277,0.066253,0.074417,0.055981,0.061577,0.064953,0.061311,0.10804,0.066147,0.11661,0.32726,0.074015,0.066767,0.12108,0.054972,0.079833,0.11702,0.15072,0.064684,0.084515,0.067873,0.094335,0.053377,0.11832,0.09579,0.115,0.066087,0.073794,0.050102,0.066594,0.060986,0.1274,0.059886,0.055634,0.092414,0.062013,0.086769,0.067649,0.10265,0.064229,0.086049,0.15321,0.093292,0.060991,0.076726,0.067175,0.091329,0.076943,0.090204,0.05939,0.067989,0.049852,0.12229,0.098634,0.073477,0.083365,0.070225,0.071442,0.057248,0.068644,0.060667,0.036671,0.063618,0.071921,0.13195,0.086822,0.070096,0.083689,0.085266,0.069155,0.051444,0.067489,0.067679,0.123,0.049546,0.094628,0.10968,0.064687,0.05849,0.071704,0.09975,0.057341,0.080364,0.067678,0.062414,0.055147,0.052899,0.068121,0.071208,0.091883,0.060986,0.052254,0.079616,0.087376,0.081476,0.074241,0.10992,0.095507,0.18938,0.16205,0.061846,0.067874,0.04428,0.084699,0.080402,0.08118,0.070041,0.048417,0.089495,0.054586,0.073545,0.068382,0.07182,0.063448,0.070913,0.065078,0.032797,0.07017,0.092487,0.054632,0.086949,0.064675,0.076761,0.057282,0.068517,0.061119,0.074907,0.13598,0.078672,0.096026,0.14237,0.063742,0.062294,0.065105,0.087725,0.073346,0.06518,0.054141,0.049747,0.07193,0.079451,0.14954,0.17698,0.071166,0.07113,0.099374,0.1068,0.069734,0.090144,0.043708,0.046628,0.053209,0.14096
0.10321,0.076257,0,0.10495,0.12778,0.064985,0.089856,0.070622,0.070834,0.063802,0.078815,0.059709,0.07228,0.091718,0.11793,0.096157,0.087306,0.097869,0.12078,0.087764,0.074037,0.079571,0.079046,0.086057,0.077995,0.075972,0.12798,0.066887,0.064763,0.078567,0.064827,0.083403,0.081798,0.097712,0.072263,0.082799,0.062919,0.064991,0.05244,0.067227,0.11339,0.078081,0.11175,0.32481,0.068722,0.065282,0.14675,0.067536,0.066473,0.12901,0.14841,0.078136,0.11819,0.066816,0.076312,0.07346,0.098999,0.092948,0.10961,0.064782,0.070917,0.067158,0.075711,0.097382,0.13179,0.093574,0.069572,0.073912,0.05665,0.097472,0.07232,0.12222,0.09421,0.095179,0.16171,0.12286,0.085868,0.085103,0.07194,0.079105,0.079455,0.091424,0.072697,0.085318,0.071001,0.10831,0.12209,0.066897,0.088243,0.054795,0.082008,0.070857,0.06333,0.080023,0.071406,0.072109,0.064916,0.13802,0.093764,0.077957,0.088419,0.082176,0.06963,0.072548,0.069319,0.073907,0.11164,0.066606,0.076496,0.090256,0.087608,0.051253,0.059512,0.099556,0.083917,0.087312,0.066497,0.080185,0.074263,0.072891,0.073011,0.0678,0.11495,0.071173,0.072284,0.077768,0.092699,0.098848,0.084711,0.11182,0.078086,0.17648,0.16829,0.06237,0.075267,0.063181,0.073452,0.06251,0.076427,0.072356,0.071348,0.11097,0.066159,0.081998,0.072139,0.070967,0.089177,0.070973,0.063021,0.066053,0.065104,0.084675,0.066712,0.10044,0.085415,0.079823,0.079968,0.067421,0.068036,0.087853,0.13042,0.082917,0.093709,0.13236,0.072452,0.058921,0.079039,0.11386,0.074319,0.064699,0.069309,0.068797,0.060286,0.075163,0.13015,0.15289,0.087446,0.067837,0.10556,0.082647,0.071129,0.076956,0.070232,0.074201,0.060315,0.12802
0.10734,0.09999,0.10495,0,0.13484,0.11328,0.073399,0.098838,0.1007,0.10392,0.097526,0.097396,0.099355,0.11199,0.11476,0.11975,0.098741,0.11966,0.12855,0.096909,0.11359,0.10656,0.10104,0.11015,0.10254,0.093498,0.13545,0.10698,0.085609,0.082174,0.089729,0.13141,0.099139,0.10645,0.1002,0.1072,0.09848,0.092042,0.10004,0.089452,0.061817,0.10534,0.12151,0.30236,0.10052,0.081678,0.14547,0.081146,0.11953,0.12747,0.15272,0.08978,0.12486,0.091395,0.11867,0.090494,0.11688,0.092407,0.10072,0.10164,0.093344,0.090659,0.11111,0.1097,0.14036,0.10056,0.085405,0.10938,0.093508,0.122,0.10684,0.065856,0.11299,0.10384,0.088985,0.12143,0.08679,0.094536,0.096844,0.12455,0.085667,0.12942,0.08737,0.10234,0.08328,0.14178,0.13269,0.096928,0.097261,0.1127,0.095928,0.085325,0.097831,0.094125,0.085543,0.085557,0.10527,0.15205,0.12879,0.086251,0.11179,0.086267,0.10026,0.1051,0.10074,0.10825,0.12309,0.098054,0.11166,0.11524,0.091773,0.089615,0.10217,0.10941,0.091329,0.10915,0.10658,0.095303,0.097573,0.10518,0.087548,0.10657,0.1161,0.10494,0.10112,0.095724,0.12568,0.11797,0.095792,0.1059,0.12054,0.18156,0.18993,0.083618,0.098339,0.089777,0.11535,0.082237,0.08795,0.083106,0.10432,0.13894,0.0948,0.12724,0.10716,0.087146,0.084721,0.10324,0.091457,0.092089,0.10135,0.1258,0.089525,0.11638,0.11215,0.085112,0.095869,0.10182,0.10884,0.11373,0.084917,0.10116,0.13669,0.12917,0.099017,0.10678,0.095369,0.11157,0.074941,0.097951,0.11147,0.10079,0.10714,0.099879,0.15088,0.13698,0.10523,0.084439,0.10201,0.12992,0.1003,0.11063,0.09772,0.086096,0.08523,0.13287
0.12105,0.13999,0.12778,0.13484,0,0.13736,0.13072,0.13075,0.12181,0.12431,0.13584,0.1364,0.12998,0.13943,0.13889,0.19332,0.090007,0.15213,0.14808,0.10923,0.12177,0.12882,0.12989,0.14343,0.12542,0.12429,0.15691,0.142,0.12367,0.11311,0.1188,0.1509,0.13034,0.15394,0.11938,0.13642,0.12483,0.10616,0.12805,0.13595,0.11567,0.10652,0.17578,0.31997,0.11994,0.12778,0.16926,0.12111,0.14398,0.15904,0.14044,0.13177,0.14664,0.11889,0.13067,0.13591,0.14408,0.13741,0.12027,0.14074,0.13599,0.13419,0.12638,0.13666,0.17966,0.12854,0.13157,0.10818,0.11346,0.14567,0.14223,0.16893,0.13269,0.14989,0.18557,0.14718,0.12592,0.12436,0.11871,0.15016,0.13286,0.15578,0.13078,0.13258,0.13203,0.15878,0.18574,0.12699,0.12635,0.11465,0.13453,0.11978,0.12906,0.14219,0.12402,0.12104,0.13517,0.17608,0.1459,0.11348,0.11982,0.13679,0.12929,0.12458,0.12711,0.13448,0.13277,0.11487,0.11926,0.15041,0.12577,0.12601,0.11505,0.12172,0.11655,0.12734,0.15019,0.12936,0.13429,0.13334,0.13533,0.12154,0.1386,0.12958,0.12745,0.10474,0.13664,0.13265,0.13573,0.13112,0.13125,0.22845,0.21101,0.12214,0.12329,0.11905,0.12459,0.11691,0.12621,0.13167,0.1307,0.15881,0.14209,0.12538,0.13002,0.11518,0.13371,0.12838,0.12665,0.13273,0.13293,0.1476,0.11996,0.15913,0.14869,0.12345,0.13109,0.12996,0.13807,0.12383,0.15194,0.11746,0.13169,0.16744,0.12097,0.13142,0.12845,0.13615,0.12843,0.12456,0.133,0.14544,0.12552,0.13175,0.14242,0.17441,0.16209,0.13284,0.12229,0.1451,0.13102,0.10775,0.12204,0.12212,0.11714,0.17234
0.067407,0.082879,0.064985,0.11328,0.13736,0,0.10287,0.081455,0.078277,0.088379,0.075115,0.069614,0.074523,0.090402,0.1285,0.11294,0.10095,0.11657,0.13681,0.079976,0.087447,0.090352,0.086005,0.10345,0.062554,0.079532,0.1406,0.083739,0.079621,0.098418,0.076774,0.074881,0.08055,0.075139,0.075157,0.1114,0.079034,0.080209,0.06443,0.09094,0.12209,0.080363,0.11843,0.33473,0.084024,0.080908,0.13553,0.081103,0.069835,0.12571,0.14762,0.089584,0.13834,0.083573,0.060925,0.083067,0.10319,0.084852,0.083134,0.078358,0.081891,0.086796,0.076388,0.11032,0.12072,0.10602,0.078549,0.086668,0.058318,0.1114,0.099439,0.12963,0.12082,0.11671,0.16785,0.12381,0.096663,0.086153,0.08007,0.096427,0.080185,0.10618,0.090488,0.088426,0.074504,0.12176,0.14061,0.070136,0.10492,0.082833,0.095567,0.071668,0.087498,0.10041,0.084765,0.092882,0.10267,0.14476,0.10753,0.090807,0.089709,0.10048,0.08404,0.080079,0.08621,0.078482,0.13558,0.073802,0.10461,0.060755,0.10501,0.07314,0.074267,0.083691,0.094746,0.1007,0.082567,0.090178,0.089877,0.083112,0.076871,0.061554,0.12593,0.080869,0.078587,0.066949,0.1066,0.0906,0.088387,0.10738,0.067739,0.17373,0.16335,0.079318,0.099062,0.075038,0.099315,0.077904,0.090734,0.08627,0.094489,0.12952,0.086559,0.090252,0.086877,0.080257,0.087197,0.068589,0.088193,0.075823,0.079448,0.098611,0.073446,0.10817,0.098636,0.081768,0.085999,0.086736,0.080781,0.092159,0.13466,0.089431,0.097698,0.11271,0.09016,0.069832,0.078041,0.12282,0.09487,0.076451,0.085864,0.087087,0.074157,0.089019,0.12034,0.16645,0.085794,0.079522,0.077514,0.055289,0.07484,0.089857,0.069552,0.084301,0.084685,0.12429
0.10326,0.065851,0.089856,0.073399,0.13072,0.10287,0,0.072568,0.065861,0.073253,0.064373,0.066307,0.076931,0.086926,0.096768,0.10114,0.069943,0.088376,0.10782,0.09195,0.089382,0.077595,0.068341,0.079379,0.093599,0.061366,0.11258,0.076322,0.056004,0.054883,0.057678,0.10333,0.075144,0.099295,0.065314,0.079688,0.06509,0.062947,0.080401,0.060868,0.082271,0.078991,0.13176,0.32487,0.073818,0.055096,0.11641,0.056805,0.10082,0.11487,0.1291,0.059786,0.096429,0.061283,0.10335,0.051884,0.09733,0.10016,0.10674,0.069949,0.069443,0.054345,0.078178,0.066256,0.14795,0.055603,0.063263,0.095552,0.072463,0.083322,0.077736,0.075333,0.073668,0.066017,0.12394,0.091902,0.056276,0.067124,0.058192,0.099758,0.08592,0.097539,0.050729,0.063713,0.060047,0.12216,0.088759,0.073341,0.065852,0.079952,0.058004,0.070884,0.065644,0.064661,0.047606,0.058206,0.077002,0.12494,0.099219,0.062011,0.08135,0.078449,0.073992,0.075364,0.063449,0.083089,0.10623,0.065297,0.094708,0.11308,0.062142,0.060272,0.079514,0.10528,0.054956,0.076671,0.08095,0.066974,0.061782,0.083055,0.065362,0.079552,0.10136,0.068793,0.068135,0.07664,0.084711,0.085785,0.072709,0.083111,0.098564,0.20945,0.14326,0.050388,0.078533,0.052963,0.074587,0.069847,0.055539,0.053311,0.053888,0.12166,0.054342,0.097626,0.075338,0.065537,0.067337,0.085451,0.063073,0.05297,0.076521,0.10649,0.051735,0.10097,0.082712,0.074005,0.065463,0.068599,0.079121,0.081006,0.10624,0.068339,0.11255,0.13297,0.062935,0.068273,0.065935,0.090337,0.056062,0.061745,0.072007,0.06136,0.079842,0.080361,0.12966,0.16653,0.079979,0.067415,0.092558,0.11325,0.070132,0.08444,0.06344,0.05088,0.059022,0.13507
0.097941,0.076954,0.070622,0.098838,0.13075,0.081455,0.072568,0,0.067994,0.047059,0.058648,0.061468,0.055775,0.067927,0.10072,0.092867,0.082606,0.083068,0.10744,0.08303,0.056891,0.085719,0.042185,0.064602,0.072954,0.063443,0.11632,0.062747,0.038767,0.056108,0.059391,0.085917,0.062184,0.099247,0.047957,0.075012,0.040057,0.053885,0.045267,0.051614,0.10648,0.073003,0.10566,0.32196,0.049526,0.045444,0.13492,0.069135,0.063878,0.12326,0.15123,0.064243,0.099597,0.056925,0.088432,0.043546,0.063426,0.089384,0.11795,0.06431,0.03983,0.049733,0.053271,0.088601,0.11589,0.079669,0.039998,0.065501,0.043225,0.05339,0.069171,0.10396,0.085045,0.078248,0.15261,0.075204,0.061917,0.062797,0.054652,0.067612,0.066762,0.095904,0.053154,0.050945,0.064511,0.1097,0.098579,0.056213,0.074958,0.066641,0.056575,0.066528,0.036279,0.050056,0.063491,0.04606,0.06985,0.11037,0.094316,0.06497,0.060274,0.071269,0.047426,0.063846,0.068089,0.047501,0.10909,0.064828,0.073048,0.1121,0.05888,0.044,0.043658,0.11043,0.062439,0.07793,0.057571,0.073539,0.043617,0.053997,0.063638,0.063245,0.098927,0.06278,0.05024,0.069355,0.080705,0.074785,0.061725,0.091994,0.077787,0.19064,0.14131,0.043148,0.074912,0.053763,0.053689,0.060972,0.058298,0.066699,0.072318,0.11545,0.050619,0.066111,0.058899,0.063588,0.060025,0.076019,0.052681,0.054409,0.058266,0.057943,0.050033,0.087935,0.054521,0.061246,0.081285,0.04099,0.04649,0.07546,0.1128,0.072007,0.091138,0.14644,0.051172,0.066646,0.069401,0.1,0.06232,0.032786,0.057847,0.05096,0.044144,0.05895,0.12802,0.15172,0.06862,0.063145,0.091848,0.10404,0.045719,0.053372,0.060812,0.058237,0.048832,0.12642
0.090734,0.047741,0.070834,0.1007,0.12181,0.078277,0.065861,0.067994,0,0.063584,0.052275,0.051694,0.061484,0.094739,0.10917,0.10685,0.058414,0.093716,0.11875,0.079861,0.081993,0.047288,0.054766,0.092007,0.08061,0.047281,0.12715,0.056965,0.060856,0.072276,0.051768,0.076664,0.064616,0.095982,0.047703,0.075447,0.054372,0.054461,0.065085,0.062778,0.10736,0.072526,0.12647,0.34327,0.064651,0.068435,0.11769,0.057959,0.07987,0.11371,0.14991,0.06549,0.095301,0.059552,0.086383,0.047103,0.10928,0.091316,0.099329,0.06814,0.069951,0.050948,0.064256,0.061876,0.12905,0.062147,0.051727,0.089559,0.057344,0.08091,0.076296,0.11333,0.065066,0.083262,0.15632,0.088176,0.062337,0.059585,0.056461,0.085579,0.075622,0.095852,0.063229,0.060566,0.056527,0.12346,0.10761,0.07157,0.076571,0.070164,0.070705,0.060485,0.072393,0.063464,0.037269,0.065799,0.072634,0.13711,0.083685,0.072245,0.074851,0.093964,0.069975,0.043011,0.071206,0.062403,0.12231,0.03242,0.090056,0.10453,0.06434,0.053504,0.061407,0.09755,0.045692,0.083527,0.076567,0.060768,0.056662,0.0573,0.065145,0.054532,0.10622,0.059799,0.056949,0.069818,0.089034,0.078967,0.070596,0.091966,0.084054,0.19535,0.16206,0.05004,0.073151,0.043216,0.075116,0.078171,0.06435,0.05773,0.059999,0.10827,0.061336,0.066836,0.064541,0.054618,0.069416,0.073064,0.07035,0.043978,0.063766,0.099618,0.05098,0.09841,0.067742,0.076361,0.053575,0.06986,0.060551,0.075961,0.12982,0.0624,0.085928,0.13955,0.064755,0.063862,0.062576,0.098771,0.081418,0.056549,0.049824,0.055078,0.061826,0.075417,0.13032,0.18008,0.078451,0.062994,0.087653,0.1046,0.064973,0.074328,0.037788,0.050388,0.060136,0.13656
0.10606,0.066439,0.063802,0.10392,0.12431,0.088379,0.073253,0.047059,0.063584,0,0.059265,0.054964,0.048831,0.085005,0.089739,0.095606,0.072306,0.079302,0.09948,0.083062,0.05689,0.074633,0.053912,0.064955,0.061992,0.066169,0.10554,0.07352,0.051906,0.056484,0.056514,0.088631,0.057247,0.096815,0.051063,0.068557,0.039613,0.033551,0.055078,0.048705,0.10307,0.065734,0.11944,0.3218,0.056014,0.051459,0.1353,0.057095,0.067958,0.11942,0.15025,0.053401,0.085852,0.057243,0.089716,0.049507,0.087091,0.10064,0.12028,0.061801,0.043498,0.048387,0.040546,0.074475,0.1343,0.073453,0.04769,0.065339,0.047412,0.071082,0.061915,0.10606,0.0797,0.084007,0.1586,0.082067,0.056794,0.063634,0.049731,0.076754,0.080123,0.091433,0.047187,0.069185,0.06244,0.10486,0.10291,0.0542,0.074305,0.048823,0.047418,0.059076,0.039238,0.04874,0.053645,0.047196,0.06384,0.11726,0.082332,0.059432,0.067584,0.063845,0.048879,0.06155,0.064064,0.038776,0.093233,0.053649,0.070644,0.11475,0.063327,0.045053,0.041859,0.10954,0.052524,0.073601,0.047214,0.065647,0.03888,0.056197,0.062944,0.053237,0.086095,0.047175,0.048001,0.070248,0.069427,0.077445,0.072477,0.10194,0.083155,0.20301,0.14786,0.051949,0.058682,0.044877,0.051843,0.057293,0.06024,0.064965,0.0605,0.093542,0.058726,0.058169,0.05457,0.060608,0.065586,0.075158,0.034263,0.044276,0.05543,0.062483,0.04847,0.067379,0.064268,0.0532,0.071676,0.041476,0.042457,0.068908,0.12213,0.075986,0.085359,0.13937,0.050479,0.061784,0.060236,0.086728,0.058552,0.04941,0.043282,0.048619,0.042762,0.059007,0.13252,0.16562,0.061326,0.059272,0.10392,0.10829,0.061177,0.06966,0.05732,0.048067,0.042066,0.13673
0.08977,0.055817,0.078815,0.097526,0.13584,0.075115,0.064373,0.058648,0.052275,0.059265,0,0.048039,0.046905,0.080885,0.1033,0.10206,0.073642,0.093628,0.11762,0.085953,0.080097,0.067678,0.049794,0.082668,0.071922,0.05238,0.11949,0.069278,0.054767,0.074265,0.057624,0.092327,0.049769,0.093645,0.046281,0.081548,0.060652,0.051995,0.057669,0.061693,0.10075,0.075228,0.12291,0.34804,0.070937,0.059317,0.11479,0.063094,0.081798,0.11662,0.1419,0.0677,0.097874,0.058517,0.080525,0.041049,0.094239,0.0949,0.1018,0.07095,0.058741,0.056308,0.050225,0.079486,0.11903,0.069553,0.043853,0.08329,0.057423,0.076613,0.079792,0.10028,0.075466,0.077577,0.14715,0.079522,0.047756,0.06319,0.059828,0.084483,0.070175,0.11141,0.053405,0.061303,0.046101,0.11967,0.10072,0.055987,0.07997,0.074056,0.060185,0.062851,0.062493,0.065368,0.046403,0.06903,0.086006,0.11347,0.095803,0.065502,0.06699,0.071939,0.062929,0.056043,0.071415,0.055987,0.10587,0.041308,0.097174,0.10114,0.076789,0.055034,0.063091,0.099174,0.05588,0.086624,0.073341,0.068459,0.059122,0.056049,0.069221,0.053446,0.10237,0.054469,0.056904,0.067285,0.07367,0.083496,0.073875,0.097905,0.074791,0.19774,0.13756,0.054943,0.07501,0.044765,0.080536,0.068613,0.06565,0.068728,0.063313,0.11838,0.056702,0.064678,0.06098,0.054551,0.058193,0.070609,0.060341,0.037883,0.056524,0.08881,0.048595,0.092359,0.072621,0.068274,0.058635,0.067087,0.054804,0.080517,0.12191,0.078279,0.10133,0.14229,0.062555,0.065682,0.059072,0.098545,0.077888,0.054829,0.049293,0.050719,0.058054,0.076726,0.13801,0.18514,0.05709,0.063132,0.095038,0.099199,0.057782,0.073169,0.039533,0.042477,0.054337,0.13948
0.090185,0.057064,0.059709,0.097396,0.1364,0.069614,0.066307,0.061468,0.051694,0.054964,0.048039,0,0.046495,0.066419,0.10065,0.082933,0.066784,0.077449,0.11251,0.080961,0.078394,0.058058,0.059955,0.074212,0.072698,0.054,0.11786,0.061214,0.049969,0.065241,0.051341,0.085733,0.058167,0.089913,0.053213,0.084225,0.056846,0.048392,0.046383,0.052498,0.10914,0.073158,0.11385,0.33361,0.065704,0.05474,0.11212,0.059116,0.077254,0.11658,0.14421,0.050093,0.097223,0.055429,0.079393,0.047679,0.096029,0.087727,0.10336,0.056867,0.058768,0.053842,0.056662,0.069597,0.12018,0.064598,0.0527,0.076276,0.053241,0.080661,0.063549,0.10553,0.075502,0.08134,0.15423,0.094401,0.050354,0.071716,0.056256,0.077708,0.06446,0.099385,0.0451,0.064674,0.041652,0.11866,0.093635,0.05665,0.063794,0.05818,0.046428,0.052566,0.058785,0.065982,0.043474,0.059466,0.071186,0.13204,0.095762,0.057924,0.066901,0.067892,0.064625,0.049735,0.054581,0.063106,0.10749,0.041288,0.094486,0.083643,0.068371,0.036682,0.056884,0.10342,0.055697,0.075929,0.056946,0.072674,0.049243,0.062126,0.043946,0.053621,0.099616,0.031665,0.05067,0.068054,0.082861,0.086312,0.059924,0.082762,0.088516,0.18261,0.15059,0.052218,0.058183,0.040929,0.073749,0.060543,0.046968,0.045047,0.059017,0.10723,0.051021,0.06663,0.04699,0.045023,0.059282,0.059728,0.051386,0.037678,0.041391,0.083117,0.05133,0.079333,0.073458,0.062058,0.041069,0.062599,0.05398,0.073486,0.12893,0.066218,0.085036,0.13002,0.051597,0.052901,0.045513,0.093802,0.065148,0.055457,0.046777,0.0484,0.055079,0.074212,0.12571,0.17033,0.050696,0.053311,0.091737,0.084962,0.056896,0.074533,0.044089,0.037843,0.050789,0.12857
0.093303,0.065113,0.07228,0.099355,0.12998,0.074523,0.076931,0.055775,0.061484,0.048831,0.046905,0.046495,0,0.079716,0.10047,0.09881,0.076378,0.082318,0.11692,0.078436,0.063844,0.080966,0.054113,0.079058,0.068796,0.058166,0.1168,0.082807,0.054635,0.067563,0.053697,0.0851,0.060232,0.092449,0.05028,0.092737,0.059552,0.041725,0.056956,0.065746,0.10316,0.07004,0.1155,0.32885,0.075214,0.065115,0.11825,0.060731,0.078104,0.12294,0.13725,0.054553,0.10125,0.062298,0.071821,0.048274,0.0932,0.087431,0.11103,0.068379,0.052857,0.065413,0.036256,0.077687,0.11206,0.07548,0.050369,0.076237,0.057141,0.07616,0.073085,0.10647,0.089664,0.090803,0.15752,0.088144,0.046657,0.068684,0.059505,0.081757,0.067574,0.10984,0.052347,0.058005,0.044915,0.12,0.10941,0.049607,0.074397,0.068259,0.056694,0.053159,0.058719,0.063505,0.05318,0.060491,0.089005,0.13137,0.097048,0.062707,0.066131,0.070715,0.056298,0.055159,0.075126,0.05114,0.1108,0.050064,0.099874,0.096012,0.069169,0.052831,0.051366,0.10965,0.063655,0.0725,0.068604,0.077116,0.05193,0.05601,0.068928,0.045248,0.096189,0.036737,0.052751,0.068019,0.076166,0.082254,0.055857,0.10412,0.079701,0.19206,0.14838,0.054571,0.068948,0.036301,0.06934,0.06434,0.064992,0.072275,0.07418,0.10814,0.070205,0.066453,0.056061,0.056055,0.061047,0.078783,0.056819,0.04317,0.05367,0.070264,0.052788,0.08363,0.071328,0.060192,0.061283,0.061516,0.049991,0.074339,0.12038,0.08228,0.10124,0.14445,0.064088,0.07051,0.048639,0.097135,0.071075,0.055563,0.047019,0.057235,0.051713,0.064343,0.13498,0.16923,0.054193,0.061615,0.095911,0.096977,0.064426,0.072672,0.049473,0.042435,0.057028,0.14498
0.10664,0.10449,0.091718,0.11199,0.13943,0.090402,0.086926,0.067927,0.094739,0.085005,0.080885,0.066419,0.079716,0,0.12028,0.11004,0.093948,0.089845,0.12849,0.1045,0.086521,0.093421,0.079319,0.093254,0.094428,0.085878,0.13545,0.084015,0.066209,0.067934,0.075897,0.11246,0.08921,0.10876,0.081575,0.10928,0.08105,0.075229,0.067362,0.076843,0.11908,0.093754,0.12895,0.33447,0.077048,0.07491,0.13536,0.096916,0.084873,0.12333,0.15018,0.088687,0.11739,0.067781,0.099528,0.078357,0.058694,0.10129,0.12156,0.078684,0.074481,0.083289,0.084153,0.10583,0.13475,0.097667,0.08321,0.073707,0.075565,0.084396,0.090466,0.1187,0.11051,0.10258,0.16308,0.11178,0.074827,0.086782,0.072951,0.090174,0.086773,0.12522,0.070141,0.083257,0.083585,0.12046,0.122,0.067183,0.082526,0.091156,0.073174,0.085796,0.075174,0.091668,0.091765,0.078848,0.096037,0.11599,0.12113,0.071993,0.084376,0.081429,0.077453,0.095122,0.079553,0.091289,0.11672,0.085664,0.10808,0.097666,0.087978,0.061795,0.079399,0.11706,0.091552,0.097233,0.087346,0.10019,0.076244,0.096548,0.064669,0.083373,0.11939,0.072935,0.078049,0.089161,0.093086,0.09116,0.076311,0.074357,0.096458,0.19314,0.14318,0.081279,0.091262,0.080662,0.08397,0.075177,0.065489,0.077006,0.088244,0.14553,0.077162,0.091835,0.072558,0.075096,0.085668,0.079424,0.082432,0.080177,0.06871,0.088857,0.077909,0.10478,0.094559,0.082303,0.08553,0.078845,0.085649,0.094984,0.13783,0.086831,0.1052,0.14026,0.072605,0.087146,0.083264,0.11772,0.080164,0.069346,0.084477,0.08262,0.076667,0.10508,0.11329,0.16226,0.08152,0.077401,0.096814,0.094505,0.069207,0.081108,0.08482,0.076952,0.077571,0.13888
0.12276,0.093895,0.11793,0.11476,0.13889,0.1285,0.096768,0.10072,0.10917,0.089739,0.1033,0.10065,0.10047,0.12028,0,0.11896,0.094532,0.10726,0.038055,0.10876,0.092542,0.10848,0.094729,0.067166,0.10564,0.10512,0.043419,0.11708,0.08124,0.082954,0.091298,0.1337,0.082795,0.13907,0.097094,0.11438,0.093008,0.08399,0.095791,0.083514,0.12244,0.064625,0.12315,0.26341,0.089221,0.075898,0.11454,0.076536,0.12421,0.13801,0.16552,0.079869,0.088136,0.10142,0.12253,0.089763,0.13706,0.11299,0.14427,0.092784,0.093,0.087202,0.091865,0.085977,0.15145,0.077295,0.086399,0.09127,0.086913,0.1063,0.089913,0.11904,0.099639,0.093937,0.1697,0.10199,0.084932,0.10072,0.084519,0.11061,0.099277,0.11113,0.081188,0.092237,0.082356,0.13396,0.12023,0.099929,0.072025,0.080639,0.078792,0.080709,0.093744,0.090788,0.086178,0.077005,0.10703,0.14341,0.11901,0.085309,0.10754,0.072054,0.097525,0.088436,0.086877,0.1029,0.10131,0.096172,0.10477,0.14471,0.078527,0.09527,0.093289,0.11862,0.078789,0.092644,0.092078,0.1004,0.092541,0.089159,0.098649,0.11399,0.024943,0.091936,0.080924,0.089839,0.10351,0.10433,0.097188,0.1182,0.12525,0.20287,0.16899,0.093415,0.077057,0.094124,0.10363,0.095964,0.093299,0.091249,0.089109,0.079854,0.093581,0.08862,0.10206,0.09769,0.069379,0.1063,0.073083,0.090709,0.1027,0.10778,0.083649,0.10754,0.099856,0.08274,0.084644,0.08606,0.087708,0.075378,0.1488,0.10027,0.096674,0.16649,0.072454,0.10359,0.089689,0.025531,0.075716,0.098663,0.10038,0.089454,0.099653,0.096789,0.17717,0.15584,0.10694,0.1012,0.12252,0.13221,0.090457,0.094644,0.095224,0.07976,0.075326,0.14525
0.13873,0.089974,0.096157,0.11975,0.19332,0.11294,0.10114,0.092867,0.10685,0.095606,0.10206,0.082933,0.09881,0.11004,0.11896,0,0.12497,0.10734,0.12419,0.13362,0.11836,0.11255,0.10712,0.094167,0.11589,0.098609,0.12917,0.08334,0.088899,0.096078,0.096224,0.12344,0.11298,0.1179,0.099742,0.10593,0.085209,0.10545,0.089331,0.076899,0.15133,0.11561,0.087142,0.32077,0.096987,0.087705,0.14539,0.089922,0.10145,0.14102,0.18428,0.083868,0.11892,0.10437,0.13596,0.087883,0.11834,0.10281,0.15381,0.091935,0.093719,0.080871,0.10745,0.10789,0.12042,0.10451,0.084223,0.12494,0.09701,0.1066,0.066245,0.11784,0.10941,0.10217,0.17488,0.11138,0.094254,0.10527,0.10345,0.10319,0.086869,0.11929,0.086838,0.10191,0.081941,0.13257,0.097165,0.10482,0.10281,0.10535,0.086171,0.10234,0.085546,0.080438,0.092886,0.095981,0.080488,0.14598,0.12653,0.092216,0.11491,0.10039,0.10246,0.09763,0.10662,0.10206,0.13301,0.1056,0.11997,0.13351,0.09402,0.080411,0.10491,0.1397,0.1015,0.096124,0.077674,0.10658,0.08403,0.096816,0.085669,0.11465,0.12029,0.090227,0.092879,0.12429,0.12531,0.11792,0.09076,0.12305,0.13678,0.16207,0.1817,0.08948,0.092954,0.092614,0.11401,0.11241,0.095492,0.090951,0.089475,0.11907,0.077417,0.112,0.098296,0.10862,0.088547,0.10217,0.086082,0.086847,0.096624,0.10388,0.099104,0.095073,0.093254,0.10876,0.09881,0.088883,0.085109,0.11013,0.15334,0.11574,0.12083,0.15592,0.095489,0.10218,0.098775,0.12117,0.088515,0.098666,0.091167,0.07784,0.10111,0.099103,0.15978,0.15756,0.082611,0.09188,0.12956,0.13408,0.09837,0.11997,0.10099,0.091931,0.088259,0.14744
0.086893,0.080695,0.087306,0.098741,0.090007,0.10095,0.069943,0.082606,0.058414,0.072306,0.073642,0.066784,0.076378,0.093948,0.094532,0.12497,0,0.099018,0.1065,0.07657,0.091771,0.058112,0.079572,0.096985,0.08877,0.063562,0.11785,0.078589,0.067441,0.063296,0.065234,0.1099,0.07526,0.11474,0.053562,0.085798,0.069645,0.053426,0.079165,0.076756,0.10336,0.07246,0.13417,0.32916,0.068377,0.072796,0.11359,0.061186,0.10838,0.12459,0.13331,0.064551,0.099653,0.069011,0.10004,0.071648,0.11382,0.098303,0.095092,0.086232,0.086675,0.074199,0.078734,0.069251,0.14053,0.064528,0.072555,0.086042,0.067348,0.091956,0.085032,0.12291,0.071699,0.085803,0.16171,0.084248,0.059292,0.071684,0.065909,0.10278,0.081625,0.1182,0.065116,0.076749,0.064893,0.13232,0.11917,0.081689,0.063169,0.068211,0.065704,0.068085,0.079181,0.084037,0.05254,0.073485,0.07894,0.14608,0.10813,0.059971,0.06629,0.087847,0.085844,0.06183,0.076468,0.082855,0.093918,0.049426,0.091356,0.11271,0.067882,0.066504,0.07194,0.094494,0.044098,0.077197,0.093322,0.077449,0.073527,0.079123,0.076708,0.070876,0.097953,0.062649,0.073119,0.066531,0.090393,0.094271,0.078123,0.077759,0.10325,0.20035,0.17442,0.061432,0.068754,0.059981,0.085561,0.077745,0.058124,0.062699,0.069457,0.11737,0.081241,0.076514,0.069929,0.049779,0.072773,0.079087,0.070426,0.070965,0.075286,0.11147,0.063498,0.1078,0.094292,0.077078,0.055437,0.08339,0.07718,0.074728,0.12706,0.067867,0.090087,0.1407,0.063969,0.078151,0.063831,0.087543,0.080013,0.074653,0.066754,0.081811,0.076069,0.080417,0.1187,0.17156,0.095785,0.073914,0.089802,0.11431,0.078958,0.071057,0.056907,0.056083,0.064827,0.13719
0.13461,0.087826,0.097869,0.11966,0.15213,0.11657,0.088376,0.083068,0.093716,0.079302,0.093628,0.077449,0.082318,0.089845,0.10726,0.10734,0.099018,0,0.1119,0.11665,0.091594,0.099179,0.070238,0.079989,0.11453,0.088089,0.12223,0.094815,0.078091,0.087752,0.076403,0.10178,0.086138,0.10977,0.08912,0.092368,0.075516,0.077536,0.084259,0.078047,0.12585,0.090213,0.13813,0.3144,0.079009,0.078256,0.14835,0.089047,0.10055,0.13246,0.15389,0.081931,0.10318,0.079812,0.10932,0.073673,0.11167,0.11956,0.15309,0.070458,0.082186,0.081559,0.081401,0.076257,0.15466,0.082499,0.087857,0.08553,0.088276,0.06717,0.099115,0.10811,0.093403,0.097619,0.17131,0.11067,0.07742,0.10597,0.079631,0.093695,0.10745,0.099916,0.061556,0.077859,0.083177,0.11742,0.11289,0.071905,0.082166,0.084802,0.071876,0.078384,0.08013,0.075509,0.078982,0.06218,0.090595,0.14009,0.1032,0.090186,0.082391,0.086082,0.074954,0.092152,0.069101,0.084538,0.12379,0.093411,0.10942,0.11994,0.068006,0.073917,0.085171,0.12409,0.08923,0.10184,0.080449,0.081277,0.057438,0.078813,0.081791,0.086455,0.10676,0.06809,0.073997,0.104,0.069796,0.095856,0.086016,0.11076,0.10936,0.21492,0.16569,0.081988,0.086599,0.073135,0.075955,0.074972,0.083332,0.08497,0.0779,0.10361,0.074047,0.097019,0.051221,0.08787,0.091304,0.10071,0.08417,0.072135,0.083855,0.088546,0.074563,0.10149,0.07282,0.077552,0.083359,0.087629,0.076077,0.084518,0.14239,0.092669,0.12113,0.1677,0.079985,0.079363,0.081884,0.10136,0.071271,0.071728,0.069896,0.071995,0.08252,0.088152,0.15326,0.1704,0.077378,0.080058,0.12818,0.1179,0.083317,0.10134,0.079615,0.075011,0.079235,0.14667
0.13231,0.10727,0.12078,0.12855,0.14808,0.13681,0.10782,0.10744,0.11875,0.09948,0.11762,0.11251,0.11692,0.12849,0.038055,0.12419,0.1065,0.1119,0,0.1153,0.095203,0.11134,0.10372,0.069754,0.11823,0.11601,0.035606,0.11853,0.088982,0.093149,0.098395,0.13727,0.094649,0.14857,0.10569,0.12012,0.10131,0.098613,0.10538,0.091687,0.13839,0.071515,0.1283,0.25649,0.087103,0.082902,0.12044,0.085405,0.12908,0.14743,0.17869,0.091191,0.097575,0.10799,0.13029,0.097849,0.14101,0.12026,0.15681,0.089928,0.10243,0.095602,0.10329,0.093932,0.16659,0.086243,0.097415,0.095419,0.09259,0.10681,0.096558,0.13239,0.10715,0.090067,0.18455,0.11321,0.10264,0.11056,0.091353,0.1126,0.11226,0.10697,0.092866,0.096747,0.096733,0.12981,0.12299,0.11015,0.076024,0.083258,0.089437,0.092376,0.10217,0.10076,0.1005,0.083768,0.11105,0.14707,0.11875,0.10245,0.12147,0.081732,0.10164,0.099856,0.090356,0.11055,0.10496,0.1086,0.10558,0.15305,0.088089,0.10202,0.098977,0.12757,0.091221,0.1014,0.1003,0.10177,0.10246,0.098503,0.10947,0.12443,0.041988,0.10687,0.088986,0.097943,0.10585,0.10547,0.10931,0.12506,0.12833,0.21194,0.17083,0.099463,0.091433,0.10766,0.10426,0.10398,0.098555,0.095773,0.095772,0.082066,0.098201,0.093786,0.11456,0.10975,0.086854,0.11506,0.083316,0.1046,0.11124,0.11526,0.08977,0.12435,0.10203,0.093191,0.10009,0.093712,0.093465,0.076033,0.15978,0.10123,0.10046,0.17135,0.082501,0.10811,0.10298,0.038636,0.081471,0.10275,0.1086,0.097402,0.10226,0.10397,0.18261,0.15593,0.11812,0.10511,0.13245,0.13826,0.098673,0.093794,0.10606,0.096264,0.085342,0.13929
0.051382,0.096609,0.087764,0.096909,0.10923,0.079976,0.09195,0.08303,0.079861,0.083062,0.085953,0.080961,0.078436,0.1045,0.10876,0.13362,0.07657,0.11665,0.1153,0,0.083661,0.086426,0.083405,0.098881,0.078819,0.082346,0.12309,0.10009,0.075462,0.086938,0.085112,0.092295,0.075665,0.10365,0.07022,0.11118,0.084855,0.077818,0.090183,0.093867,0.10093,0.074685,0.13506,0.31299,0.079462,0.074958,0.11857,0.070327,0.10665,0.13557,0.14853,0.072235,0.13909,0.084884,0.076245,0.082942,0.11229,0.090923,0.076602,0.085009,0.088266,0.089463,0.074298,0.10433,0.14356,0.096514,0.078245,0.089334,0.061811,0.10254,0.10593,0.12891,0.11737,0.11026,0.16011,0.10951,0.091358,0.080264,0.073527,0.10738,0.09155,0.11226,0.090295,0.079064,0.077691,0.13332,0.13084,0.091324,0.087335,0.073369,0.079258,0.073747,0.094426,0.10151,0.077938,0.079473,0.11127,0.16765,0.11005,0.091726,0.08452,0.094192,0.086772,0.07885,0.083306,0.084063,0.1175,0.067294,0.099989,0.090793,0.092397,0.07923,0.074314,0.1053,0.069921,0.086929,0.096705,0.084633,0.088916,0.085539,0.082623,0.068994,0.10863,0.083399,0.084877,0.035312,0.10817,0.087139,0.084169,0.099191,0.089332,0.20608,0.16282,0.066053,0.095618,0.074629,0.089134,0.074528,0.072973,0.075522,0.10672,0.12552,0.095786,0.088474,0.096763,0.072818,0.078032,0.081247,0.080238,0.087005,0.085657,0.11294,0.069283,0.10607,0.10409,0.057653,0.08607,0.094481,0.091241,0.079005,0.095728,0.080845,0.10565,0.12096,0.086964,0.085542,0.077788,0.098425,0.089808,0.080289,0.093393,0.095281,0.080229,0.084694,0.13465,0.1625,0.09506,0.078379,0.061569,0.091174,0.088694,0.074341,0.075359,0.080853,0.081981,0.12912
0.10786,0.088869,0.074037,0.11359,0.12177,0.087447,0.089382,0.056891,0.081993,0.05689,0.080097,0.078394,0.063844,0.086521,0.092542,0.11836,0.091771,0.091594,0.095203,0.083661,0,0.093835,0.060239,0.06919,0.075963,0.079793,0.09969,0.089697,0.05247,0.067672,0.066166,0.091009,0.066349,0.10852,0.066921,0.10182,0.065799,0.054952,0.063231,0.070388,0.11306,0.055089,0.12852,0.3037,0.063851,0.063652,0.13091,0.073461,0.075394,0.12049,0.14241,0.071476,0.10194,0.063574,0.076385,0.064096,0.08658,0.10063,0.12685,0.05871,0.045369,0.069422,0.052561,0.086607,0.1432,0.085098,0.067007,0.057208,0.054857,0.080063,0.083484,0.11825,0.10172,0.086387,0.16972,0.10638,0.078836,0.070986,0.055735,0.068636,0.089845,0.083383,0.070296,0.061126,0.075834,0.099795,0.12596,0.054117,0.073847,0.059812,0.076635,0.063056,0.063471,0.073345,0.079315,0.056105,0.09465,0.1248,0.076166,0.08075,0.087561,0.071523,0.051,0.078671,0.069031,0.063044,0.11932,0.075675,0.085721,0.1098,0.072881,0.06357,0.050974,0.11539,0.080681,0.077433,0.069,0.075999,0.068725,0.072792,0.087577,0.06859,0.086927,0.070849,0.056816,0.06877,0.074765,0.069069,0.072569,0.11512,0.064318,0.21042,0.1383,0.061975,0.087204,0.069062,0.055237,0.059325,0.071143,0.077224,0.081893,0.10745,0.074023,0.067502,0.078665,0.073563,0.084921,0.09268,0.065668,0.069573,0.066256,0.062246,0.052774,0.1095,0.067944,0.066798,0.086319,0.047027,0.062542,0.065902,0.12937,0.081904,0.089138,0.1498,0.066476,0.071279,0.072325,0.087494,0.068838,0.049716,0.072653,0.068965,0.051149,0.075403,0.14231,0.15416,0.084558,0.06865,0.1047,0.095129,0.060446,0.057978,0.076551,0.069894,0.062278,0.1279
0.095351,0.073176,0.079571,0.10656,0.12882,0.090352,0.077595,0.085719,0.047288,0.074633,0.067678,0.058058,0.080966,0.093421,0.10848,0.11255,0.058112,0.099179,0.11134,0.086426,0.093835,0,0.07786,0.10131,0.086509,0.071728,0.12312,0.061801,0.07106,0.078258,0.062066,0.097804,0.070793,0.10291,0.061555,0.088751,0.073285,0.064926,0.078024,0.07026,0.11592,0.08233,0.13678,0.3442,0.066471,0.076612,0.11376,0.066557,0.091054,0.12228,0.16648,0.07328,0.098882,0.068935,0.098165,0.06444,0.11505,0.10153,0.10484,0.065612,0.083577,0.067077,0.080823,0.065282,0.14878,0.071138,0.069093,0.092286,0.068071,0.092007,0.083688,0.11957,0.07908,0.079258,0.16333,0.098372,0.07235,0.072738,0.065799,0.092178,0.089357,0.11066,0.067697,0.080639,0.068603,0.12815,0.11683,0.079402,0.070414,0.076296,0.071903,0.067757,0.086271,0.080463,0.058672,0.080222,0.080324,0.14134,0.098021,0.082514,0.093132,0.089244,0.081774,0.063648,0.076672,0.074769,0.10783,0.049437,0.099623,0.10298,0.080721,0.062576,0.074117,0.098795,0.05669,0.096582,0.084524,0.068503,0.074112,0.07812,0.067796,0.06747,0.10479,0.07068,0.068732,0.076703,0.087627,0.089685,0.086325,0.085276,0.094059,0.20099,0.16663,0.068292,0.080178,0.068613,0.087302,0.082908,0.059323,0.052674,0.068131,0.11215,0.07446,0.073979,0.076855,0.057688,0.078889,0.076672,0.075529,0.066065,0.070483,0.11354,0.063352,0.10548,0.084368,0.080101,0.052471,0.086049,0.06969,0.081697,0.1427,0.066574,0.087439,0.13253,0.071314,0.074514,0.067628,0.094429,0.084066,0.074898,0.062553,0.069407,0.069248,0.089269,0.12727,0.18824,0.08308,0.061858,0.098284,0.11018,0.074695,0.081534,0.0532,0.065304,0.071913,0.13215
0.10122,0.061067,0.079046,0.10104,0.12989,0.086005,0.068341,0.042185,0.054766,0.053912,0.049794,0.059955,0.054113,0.079319,0.094729,0.10712,0.079572,0.070238,0.10372,0.083405,0.060239,0.07786,0,0.06617,0.081864,0.056132,0.11154,0.073318,0.047832,0.066754,0.054241,0.075648,0.048958,0.10423,0.054501,0.072026,0.04981,0.052194,0.054338,0.055878,0.10327,0.064095,0.12132,0.32417,0.05506,0.049213,0.12868,0.066329,0.075573,0.11326,0.15115,0.070441,0.091485,0.050657,0.078664,0.033734,0.089476,0.094209,0.11863,0.060451,0.048424,0.049652,0.048009,0.074859,0.12674,0.067874,0.044794,0.064343,0.052269,0.050618,0.083162,0.1017,0.074398,0.080411,0.15217,0.083636,0.057357,0.064983,0.046195,0.076007,0.077059,0.088307,0.051671,0.043338,0.060318,0.10823,0.10214,0.055038,0.07562,0.065532,0.061395,0.059484,0.058288,0.054206,0.051872,0.041565,0.081287,0.11352,0.08025,0.072182,0.063674,0.071611,0.045178,0.05839,0.057621,0.052937,0.11701,0.054328,0.079225,0.11214,0.053305,0.050413,0.049209,0.10433,0.055794,0.088603,0.066919,0.061265,0.041534,0.039302,0.067005,0.058726,0.091009,0.060583,0.049696,0.067565,0.07001,0.068737,0.066576,0.096822,0.070935,0.20338,0.14151,0.049701,0.07174,0.046998,0.056842,0.060085,0.067037,0.067909,0.066711,0.10424,0.051372,0.059466,0.052893,0.061079,0.060864,0.075372,0.060671,0.041918,0.056938,0.073803,0.041188,0.091728,0.048591,0.056262,0.069417,0.056144,0.050064,0.06632,0.11866,0.069571,0.092915,0.15424,0.055203,0.064977,0.070433,0.088546,0.068208,0.03374,0.052384,0.045774,0.050143,0.071222,0.14791,0.16748,0.066826,0.062584,0.09734,0.1011,0.052128,0.062813,0.051008,0.049886,0.049611,0.13432
0.11681,0.074918,0.086057,0.11015,0.14343,0.10345,0.079379,0.064602,0.092007,0.064955,0.082668,0.074212,0.079058,0.093254,0.067166,0.094167,0.096985,0.079989,0.069754,0.098881,0.06919,0.10131,0.06617,0,0.091691,0.086819,0.072628,0.091704,0.056531,0.073117,0.069141,0.10498,0.067225,0.11497,0.081448,0.094868,0.068706,0.070242,0.063047,0.060473,0.11404,0.059787,0.10986,0.28451,0.070721,0.050739,0.12064,0.072502,0.091958,0.13676,0.15368,0.064775,0.08404,0.079088,0.10256,0.06339,0.10562,0.10611,0.14039,0.062783,0.064096,0.064284,0.067044,0.081193,0.13739,0.065051,0.066003,0.068727,0.062136,0.077407,0.068083,0.10476,0.081513,0.075343,0.15757,0.099428,0.076142,0.096627,0.069624,0.083285,0.084359,0.080991,0.059968,0.066047,0.070632,0.11656,0.080724,0.076317,0.06546,0.056157,0.058096,0.067101,0.055604,0.068679,0.071875,0.043923,0.085022,0.12218,0.10119,0.077424,0.08743,0.060932,0.066143,0.070438,0.050295,0.076777,0.10648,0.083081,0.087026,0.12496,0.067822,0.066784,0.063776,0.12332,0.074707,0.081858,0.061565,0.085376,0.062654,0.069637,0.074845,0.093778,0.066862,0.072115,0.050389,0.078146,0.08605,0.08945,0.0814,0.109,0.10429,0.19837,0.13876,0.069324,0.067632,0.069847,0.066612,0.069908,0.073618,0.071985,0.069519,0.082495,0.055296,0.074846,0.076898,0.085178,0.062885,0.089892,0.048864,0.063768,0.075552,0.07069,0.062032,0.093926,0.071046,0.068346,0.083348,0.053049,0.063153,0.068319,0.13799,0.073451,0.0909,0.15527,0.045897,0.067056,0.073306,0.06838,0.050676,0.062821,0.077527,0.059513,0.068335,0.075046,0.15834,0.15215,0.082246,0.083385,0.11528,0.10914,0.06291,0.069711,0.076315,0.062927,0.051764,0.12696
0.079046,0.0847,0.077995,0.10254,0.12542,0.062554,0.093599,0.072954,0.08061,0.061992,0.071922,0.072698,0.068796,0.094428,0.10564,0.11589,0.08877,0.11453,0.11823,0.078819,0.075963,0.086509,0.081864,0.091691,0,0.079689,0.12235,0.094299,0.077476,0.080781,0.071976,0.089343,0.063928,0.078987,0.06772,0.098442,0.069562,0.057659,0.065352,0.081072,0.10569,0.074019,0.12197,0.321,0.077451,0.07038,0.13867,0.071508,0.07418,0.11552,0.15149,0.07543,0.11263,0.077915,0.078769,0.075543,0.099458,0.093256,0.087402,0.080204,0.060802,0.079815,0.064098,0.098243,0.1318,0.097294,0.070442,0.073507,0.051972,0.11112,0.09305,0.11074,0.11424,0.1087,0.15335,0.10274,0.083953,0.072339,0.067289,0.1046,0.08055,0.10197,0.076812,0.092925,0.075977,0.11548,0.13556,0.060611,0.097398,0.076004,0.07942,0.059189,0.072202,0.086683,0.078044,0.079884,0.094917,0.12445,0.098949,0.076276,0.083842,0.079876,0.07348,0.081092,0.082611,0.056431,0.11389,0.071777,0.084853,0.092694,0.094758,0.071639,0.057244,0.085619,0.077733,0.099009,0.065313,0.083096,0.076733,0.081776,0.070651,0.055626,0.10159,0.073677,0.068787,0.06499,0.099539,0.08641,0.090049,0.098322,0.076131,0.18956,0.1618,0.078352,0.082692,0.072763,0.090429,0.065529,0.08041,0.076932,0.088952,0.11473,0.088224,0.082617,0.083365,0.069087,0.076836,0.075096,0.066087,0.068964,0.072769,0.085606,0.065346,0.085306,0.094646,0.060989,0.085148,0.067131,0.067676,0.082165,0.12665,0.082542,0.081659,0.10056,0.076852,0.070664,0.066156,0.10133,0.077085,0.07311,0.078402,0.084321,0.061116,0.073931,0.11677,0.16428,0.075323,0.071284,0.090536,0.090119,0.074544,0.089258,0.072005,0.071915,0.073519,0.11553
