0,0.21303,0.16359,0.17577,0.13435,0.13745,0.14851,0.1787,0.18872,0.19442,0.1658,0.23579,0.18643,0.22249,0.29414,0.1722,0.15773,0.17416,0.22986,0.088715,0.18614,0.18351,0.16562,0.15807,0.16883,0.17517,0.27862,0.16386,0.20866,0.19312,0.15432,0.29275,0.13882,0.18224,0.1725,0.18182,0.18895,0.18977,0.16546,0.26257,0.20985,0.17686,0.16797,0.13622,0.14299,0.19268,0.14811,0.27506,0.16099,0.19936,0.24386,0.16071,0.26504,0.2251,0.26304,0.16868,0.28792,0.16389,0.088283,0.17562,0.17144,0.25048,0.19178,0.22304,0.19884,0.20043,0.18379,0.15873,0.16266,0.18626,0.16896,0.24768,0.26326,0.1478,0.19196,0.15204,0.16492,0.13279,0.16811,0.26734,0.1647,0.25085,0.18442,0.16703,0.24231,0.17785,0.17065,0.16566,0.1908,0.15697,0.24604,0.18679,0.16973,0.20621,0.2273,0.23718,0.16121,0.19725,0.16211,0.16326,0.1523,0.17468,0.20262,0.15099,0.14874,0.19157,0.19559,0.12575,0.17081,0.13934,0.19641,0.16953,0.16698,0.18761,0.1676,0.16472,0.15126,0.16253,0.16676,0.17833,0.24248,0.17797,0.24437,0.18691,0.1918,0.12016,0.16208,0.14659,0.18535,0.16439,0.3091,0.15702,0.17034,0.15759,0.19638,0.18812,0.18029,0.15071,0.18665,0.19405,0.16893,0.24464,0.16563,0.1894,0.16769,0.19346,0.1624,0.16062,0.18725,0.18136,0.20998,0.17319,0.14858,0.13513,0.1808,0.13019,0.19508,0.24031,0.16683,0.16527,0.18045,0.19881,0.25777,0.14681,0.22791,0.16274,0.16704,0.31009,0.23254,0.16709,0.19215,0.1676,0.1822,0.17032,0.10175,0.34232,0.15664,0.19552,0.12802,0.13066,0.21739,0.15717,0.17395,0.16052,0.19503,0.19615
0.21303,0,0.12026,0.16128,0.12738,0.14052,0.15504,0.15742,0.17584,0.19963,0.15441,0.1876,0.19469,0.10411,0.238,0.10002,0.16422,0.14521,0.22864,0.18304,0.15244,0.23461,0.15972,0.12872,0.18856,0.13683,0.24768,0.14887,0.17249,0.12257,0.17461,0.32445,0.14855,0.17377,0.13695,0.18442,0.096089,0.20357,0.14966,0.23923,0.17446,0.17237,0.093784,0.18632,0.1446,0.12029,0.17173,0.31517,0.15489,0.21777,0.22908,0.16622,0.16041,0.17352,0.30096,0.13696,0.22846,0.10959,0.20908,0.15703,0.17059,0.21615,0.18799,0.19766,0.16303,0.17439,0.14253,0.16175,0.16267,0.15415,0.11098,0.18221,0.22362,0.14246,0.19698,0.13938,0.13619,0.14043,0.12315,0.21244,0.16594,0.14338,0.13037,0.14373,0.20417,0.14384,0.14705,0.12658,0.15595,0.13238,0.21799,0.11863,0.15672,0.15768,0.1973,0.21932,0.15909,0.17649,0.10048,0.1407,0.13562,0.11845,0.095324,0.12905,0.14113,0.18642,0.12611,0.15231,0.14272,0.12761,0.16851,0.11799,0.16492,0.24796,0.11148,0.17933,0.1636,0.18258,0.16142,0.19183,0.20684,0.21156,0.21548,0.19127,0.10023,0.20403,0.11826,0.14659,0.12622,0.18448,0.329,0.15825,0.13795,0.15133,0.11668,0.18233,0.11757,0.1574,0.13129,0.13002,0.11903,0.10175,0.12469,0.19364,0.1546,0.20157,0.15522,0.15512,0.17178,0.17045,0.21802,0.15133,0.16836,0.11389,0.18028,0.14802,0.18205,0.22338,0.17335,0.13,0.17739,0.2149,0.14552,0.17128,0.15555,0.13463,0.15216,0.28968,0.16708,0.14303,0.19578,0.1158,0.1817,0.14161,0.1907,0.27668,0.14132,0.1245,0.15409,0.16048,0.1794,0.14713,0.14103,0.14763,0.13888,0.1131
0.16359,0.12026,0,0.1456,0.086263,0.11767,0.1114,0.093926,0.13998,0.11953,0.063736,0.19747,0.11053,0.14679,0.25973,0.063004,0.078368,0.10044,0.20208,0.11837,0.11942,0.16076,0.076357,0.052712,0.11148,0.082002,0.25068,0.09447,0.16437,0.12352,0.10568,0.25773,0.074417,0.11901,0.083553,0.11144,0.11289,0.11351,0.064361,0.23306,0.13972,0.12888,0.085211,0.11711,0.089492,0.12654,0.10719,0.30516,0.075032,0.14961,0.21414,0.074927,0.20813,0.15141,0.23248,0.096241,0.25359,0.067161,0.14082,0.086794,0.11174,0.21275,0.11287,0.19067,0.099859,0.15336,0.11585,0.077077,0.074333,0.08152,0.054111,0.20707,0.22947,0.077154,0.15202,0.060386,0.082604,0.08385,0.091359,0.16056,0.076371,0.18211,0.09626,0.068055,0.19791,0.093358,0.071328,0.062152,0.1375,0.076641,0.18778,0.11271,0.077748,0.14601,0.19174,0.2054,0.072973,0.15231,0.066567,0.063455,0.05531,0.12757,0.13831,0.056617,0.053125,0.10043,0.12212,0.064733,0.090138,0.092911,0.15222,0.081939,0.078184,0.17199,0.10183,0.099177,0.083448,0.09592,0.084005,0.10129,0.20176,0.13105,0.21048,0.10959,0.11082,0.1321,0.060576,0.081834,0.086122,0.10456,0.26385,0.057037,0.081315,0.082994,0.12122,0.099959,0.078126,0.086101,0.13092,0.13071,0.052904,0.16042,0.072561,0.10728,0.077586,0.15211,0.09781,0.076118,0.11335,0.089989,0.18622,0.10693,0.082714,0.094223,0.10867,0.080399,0.14422,0.19548,0.089834,0.065877,0.10328,0.17198,0.17885,0.13527,0.17311,0.048965,0.068545,0.28896,0.13579,0.081521,0.10955,0.071581,0.10112,0.08376,0.14003,0.31099,0.078839,0.13117,0.12959,0.078026,0.18544,0.10467,0.084461,0.05399,0.11637,0.14256
0.17577,0.16128,0.1456,0,0.144,0.11132,0.10776,0.13621,0.10192,0.23272,0.15999,0.12017,0.22466,0.11501,0.17471,0.12301,0.15181,0.15154,0.14888,0.17374,0.11423,0.16531,0.18698,0.13364,0.20543,0.17488,0.17681,0.12637,0.11334,0.10053,0.18857,0.36203,0.13687,0.19128,0.13964,0.22571,0.091516,0.22777,0.14349,0.15639,0.16612,0.1308,0.15022,0.13912,0.13478,0.16549,0.1421,0.28348,0.14112,0.1783,0.20952,0.18288,0.14889,0.19664,0.34147,0.14848,0.17574,0.13911,0.15237,0.15787,0.13584,0.14356,0.23147,0.13625,0.202,0.096039,0.10493,0.16643,0.1798,0.16415,0.15246,0.12737,0.15521,0.12109,0.14918,0.14027,0.17809,0.15793,0.11654,0.2316,0.18186,0.18305,0.16564,0.18441,0.13532,0.148,0.13121,0.13637,0.096202,0.13407,0.15536,0.10338,0.18897,0.11191,0.11903,0.12752,0.13763,0.11954,0.13023,0.16343,0.14844,0.098533,0.1397,0.15177,0.14535,0.21599,0.14774,0.12936,0.11945,0.14608,0.09158,0.098774,0.18346,0.28176,0.081653,0.20315,0.17217,0.1774,0.15069,0.216,0.13551,0.21174,0.1406,0.22629,0.11298,0.19251,0.12321,0.15104,0.13946,0.20136,0.37763,0.15068,0.14221,0.19004,0.11287,0.21432,0.11286,0.13597,0.084309,0.088093,0.14794,0.18228,0.12769,0.22488,0.15485,0.11744,0.1242,0.17209,0.14455,0.20956,0.13658,0.15646,0.17876,0.13223,0.1731,0.12885,0.098265,0.15896,0.19767,0.14204,0.15852,0.13646,0.18921,0.1182,0.10525,0.14455,0.14976,0.20591,0.18276,0.15004,0.22902,0.1389,0.20345,0.18208,0.16926,0.21711,0.17607,0.12155,0.14569,0.15849,0.12851,0.13603,0.14946,0.1511,0.12544,0.10299
0.13435,0.12738,0.086263,0.144,0,0.086071,0.116,0.12481,0.15678,0.14048,0.099034,0.20664,0.12995,0.15828,0.26507,0.088509,0.09802,0.11234,0.21165,0.098681,0.14333,0.16508,0.091099,0.095345,0.11548,0.098023,0.2559,0.10134,0.17402,0.13438,0.111,0.26387,0.088529,0.1164,0.096826,0.12179,0.12425,0.13845,0.10814,0.23932,0.15321,0.13932,0.085455,0.11091,0.079352,0.12535,0.12318,0.30804,0.10987,0.15809,0.19924,0.098617,0.21515,0.16913,0.23295,0.08771,0.25588,0.088696,0.13626,0.1133,0.12653,0.21681,0.13328,0.1983,0.12059,0.16787,0.12663,0.10199,0.099782,0.10953,0.090446,0.20734,0.23646,0.10876,0.15019,0.080505,0.093668,0.065689,0.091822,0.17547,0.10291,0.18244,0.10437,0.088887,0.2032,0.10418,0.098606,0.081676,0.14847,0.09494,0.20429,0.12391,0.10577,0.15965,0.20191,0.21004,0.095022,0.15112,0.08056,0.085289,0.085491,0.12314,0.12574,0.080162,0.084698,0.12528,0.14266,0.087389,0.11716,0.089398,0.15973,0.10344,0.10804,0.17035,0.1202,0.12032,0.096486,0.10924,0.10059,0.12432,0.21755,0.13106,0.21537,0.12634,0.11184,0.11563,0.088337,0.070192,0.091267,0.11287,0.27193,0.10538,0.097417,0.087012,0.13764,0.1219,0.11083,0.11165,0.14274,0.14472,0.084056,0.15943,0.093141,0.13045,0.096941,0.1712,0.10415,0.090356,0.1325,0.11897,0.18754,0.10158,0.090996,0.074405,0.12395,0.085898,0.16045,0.20959,0.111,0.097421,0.12246,0.17897,0.19477,0.10199,0.18241,0.10254,0.084515,0.29544,0.17613,0.08718,0.13288,0.098647,0.12326,0.090179,0.11828,0.31471,0.098577,0.12328,0.098838,0.076723,0.17835,0.099498,0.093459,0.090667,0.13147,0.14111
0.13745,0.14052,0.11767,0.11132,0.086071,0,0.11421,0.12315,0.15327,0.17389,0.1272,0.18504,0.16411,0.14492,0.25494,0.11092,0.1274,0.12791,0.20839,0.1226,0.15474,0.17378,0.13062,0.10935,0.14115,0.11681,0.247,0.11834,0.17325,0.12299,0.14569,0.29269,0.11373,0.12852,0.1097,0.15681,0.11826,0.1692,0.12306,0.23426,0.13347,0.13741,0.10387,0.1206,0.11021,0.13619,0.13275,0.27263,0.10401,0.17079,0.20469,0.12629,0.19702,0.16908,0.2662,0.1114,0.24715,0.10206,0.14905,0.14758,0.13949,0.21318,0.16715,0.1872,0.14965,0.1652,0.14309,0.12913,0.12596,0.14386,0.10867,0.19947,0.22469,0.10347,0.16465,0.10044,0.10966,0.099616,0.097698,0.21719,0.14132,0.20746,0.11885,0.13044,0.20623,0.11274,0.11875,0.09914,0.14023,0.10773,0.21463,0.11816,0.13038,0.17059,0.19785,0.20099,0.11039,0.14778,0.10879,0.10802,0.11314,0.12201,0.12713,0.10191,0.10917,0.16478,0.14647,0.095556,0.13194,0.082463,0.1537,0.114,0.14002,0.2104,0.11358,0.13803,0.11448,0.13614,0.1273,0.15975,0.19683,0.15202,0.20193,0.15727,0.12803,0.13352,0.10451,0.11379,0.13193,0.14477,0.30968,0.12351,0.11028,0.12551,0.1323,0.15935,0.11608,0.13123,0.13155,0.1339,0.12032,0.1523,0.109,0.16671,0.13442,0.17109,0.11667,0.12028,0.14602,0.15043,0.17771,0.11077,0.12195,0.093766,0.13767,0.074834,0.16279,0.21245,0.14629,0.10101,0.14791,0.18173,0.18735,0.091924,0.1677,0.1289,0.11251,0.28618,0.16562,0.10456,0.16846,0.12102,0.15578,0.1211,0.11047,0.29603,0.11922,0.10302,0.066113,0.099666,0.17298,0.11723,0.11587,0.11696,0.11362,0.12342
0.14851,0.15504,0.1114,0.10776,0.116,0.11421,0,0.091288,0.098926,0.18305,0.11515,0.15665,0.17309,0.14317,0.21346,0.09369,0.11825,0.10889,0.15229,0.13128,0.096982,0.11905,0.13959,0.098354,0.15196,0.14634,0.2001,0.099332,0.12704,0.10099,0.12396,0.31179,0.10073,0.16791,0.10778,0.18079,0.10227,0.17962,0.10877,0.183,0.15082,0.13028,0.12541,0.10932,0.098569,0.11887,0.091763,0.28898,0.11691,0.14491,0.23282,0.14679,0.18848,0.16213,0.28858,0.093583,0.20704,0.1215,0.11942,0.11953,0.1051,0.15859,0.18221,0.15311,0.1613,0.1243,0.089613,0.11515,0.12536,0.11376,0.11608,0.1661,0.18319,0.087828,0.12039,0.09297,0.14555,0.12554,0.10024,0.20938,0.13342,0.15874,0.12927,0.12814,0.14532,0.12591,0.10287,0.09467,0.10705,0.095866,0.15497,0.099712,0.14755,0.11493,0.14199,0.1525,0.10252,0.11154,0.095416,0.13272,0.098704,0.1008,0.13822,0.10927,0.11166,0.16199,0.13411,0.093529,0.10288,0.11398,0.11172,0.079441,0.13524,0.2194,0.079503,0.1693,0.12576,0.13254,0.095454,0.16413,0.1756,0.15685,0.17311,0.17643,0.095825,0.15056,0.10122,0.11629,0.10132,0.15506,0.32505,0.11527,0.10325,0.13616,0.11996,0.15763,0.089813,0.10082,0.10463,0.10838,0.11369,0.18696,0.086294,0.17618,0.11232,0.11159,0.080718,0.12391,0.10744,0.16382,0.14052,0.11561,0.12913,0.11965,0.13619,0.10724,0.10977,0.15577,0.15058,0.11402,0.12166,0.14203,0.19534,0.1125,0.14271,0.11651,0.1196,0.23157,0.17167,0.10355,0.17484,0.10649,0.16159,0.14225,0.12713,0.26193,0.13551,0.1373,0.12014,0.11006,0.15243,0.12355,0.11504,0.10625,0.10995,0.1252
0.1787,0.15742,0.093926,0.13621,0.12481,0.12315,0.091288,0,0.13111,0.15654,0.094745,0.18169,0.1418,0.15604,0.2441,0.087435,0.10697,0.10961,0.17705,0.14502,0.10824,0.14657,0.12219,0.088145,0.12649,0.11241,0.23346,0.11629,0.16991,0.11777,0.13351,0.27854,0.10366,0.13869,0.10029,0.14553,0.12399,0.1444,0.082696,0.22022,0.13033,0.12313,0.13666,0.13327,0.10503,0.1317,0.092048,0.29729,0.097917,0.14325,0.25563,0.12052,0.19879,0.18315,0.25868,0.10505,0.24303,0.093802,0.14256,0.10371,0.11299,0.19894,0.1497,0.18313,0.13982,0.15025,0.12535,0.099991,0.10238,0.099917,0.095913,0.19685,0.2131,0.088905,0.15715,0.089584,0.11534,0.11655,0.1079,0.19967,0.10597,0.19133,0.10908,0.11615,0.1771,0.11113,0.092391,0.07009,0.12873,0.090743,0.18806,0.11694,0.11778,0.15036,0.1837,0.18954,0.085791,0.14332,0.1119,0.10097,0.09106,0.13452,0.15191,0.096462,0.085006,0.13436,0.14028,0.098939,0.10566,0.10877,0.14265,0.098049,0.11247,0.20757,0.10891,0.13809,0.099044,0.11024,0.095626,0.13731,0.18557,0.14047,0.19781,0.1439,0.12352,0.14795,0.092546,0.12307,0.11367,0.13863,0.29139,0.10195,0.084853,0.11402,0.12892,0.12893,0.092673,0.10626,0.1284,0.13326,0.11019,0.17202,0.084657,0.14558,0.095426,0.14388,0.10754,0.10429,0.11689,0.13052,0.16539,0.10912,0.12023,0.13502,0.11479,0.097483,0.13796,0.18956,0.13791,0.091774,0.11318,0.17037,0.19678,0.14638,0.16558,0.097852,0.094235,0.26755,0.16164,0.10269,0.14464,0.10992,0.13483,0.12772,0.14198,0.28724,0.11656,0.14437,0.13551,0.10011,0.1913,0.13988,0.10742,0.084474,0.10275,0.14712
0.18872,0.17584,0.13998,0.10192,0.15678,0.15327,0.098926,0.13111,0,0.22591,0.13663,0.10983,0.21664,0.13644,0.15333,0.11695,0.13102,0.11663,0.090662,0.18242,0.09869,0.11856,0.17956,0.11966,0.20581,0.18542,0.1393,0.082132,0.067913,0.095031,0.17254,0.3598,0.12663,0.188,0.14911,0.22302,0.097922,0.21859,0.11893,0.10754,0.16354,0.10157,0.15807,0.12191,0.11471,0.16539,0.10874,0.30426,0.13297,0.1317,0.22017,0.18404,0.15469,0.15641,0.3433,0.14674,0.14852,0.14316,0.15337,0.13147,0.078957,0.088924,0.22379,0.11202,0.19752,0.057692,0.058042,0.14123,0.16943,0.13362,0.14957,0.11993,0.119,0.11659,0.089684,0.13676,0.18377,0.15575,0.095847,0.21784,0.16021,0.1737,0.17522,0.17315,0.083961,0.13877,0.11036,0.13249,0.061218,0.1147,0.083083,0.094781,0.17445,0.054559,0.075269,0.085538,0.12833,0.067002,0.12419,0.16112,0.12996,0.094188,0.17467,0.14663,0.13892,0.19965,0.16547,0.12548,0.1051,0.15917,0.054404,0.071732,0.16749,0.27424,0.083754,0.21054,0.16384,0.15062,0.11445,0.20295,0.11853,0.20741,0.11864,0.21988,0.097651,0.1987,0.10877,0.15078,0.11303,0.19743,0.37861,0.13566,0.1358,0.18418,0.094179,0.19646,0.09573,0.11175,0.07974,0.079062,0.13547,0.2104,0.10758,0.20961,0.12337,0.039767,0.10352,0.15503,0.090808,0.19864,0.10894,0.14454,0.16361,0.13845,0.14992,0.14581,0.037335,0.096841,0.178,0.13592,0.11482,0.10196,0.19502,0.12818,0.097188,0.145,0.14604,0.16417,0.20023,0.13443,0.21934,0.11709,0.18484,0.17818,0.18772,0.21697,0.179,0.14055,0.16891,0.15044,0.11967,0.1181,0.15263,0.1383,0.11753,0.1152
0.19442,0.19963,0.11953,0.23272,0.14048,0.17389,0.18305,0.15654,0.22591,0,0.099932,0.3019,0.038227,0.24908,0.36258,0.15385,0.12338,0.16412,0.28711,0.11769,0.20443,0.2031,0.062706,0.12396,0.061268,0.098829,0.34852,0.17224,0.26362,0.22713,0.10044,0.17053,0.12437,0.12997,0.13308,0.055327,0.21812,0.036561,0.13123,0.32511,0.17116,0.21004,0.15399,0.15349,0.16218,0.17992,0.16437,0.31455,0.12448,0.18138,0.25991,0.072918,0.31244,0.20622,0.14063,0.13756,0.35412,0.14033,0.17813,0.13993,0.18108,0.2982,0.035682,0.29085,0.076275,0.24834,0.20662,0.11047,0.077727,0.13009,0.12287,0.31052,0.32706,0.15526,0.21187,0.12594,0.10097,0.12379,0.1661,0.17637,0.085704,0.26513,0.12351,0.07882,0.28855,0.15437,0.14074,0.13455,0.23791,0.15406,0.26818,0.21167,0.095518,0.23763,0.28801,0.29704,0.12091,0.23234,0.14331,0.099803,0.11215,0.22253,0.21142,0.1062,0.11126,0.046497,0.21804,0.13122,0.18464,0.13095,0.2491,0.1833,0.070933,0.09566,0.19486,0.07106,0.099019,0.12223,0.14177,0.043463,0.29489,0.091439,0.30897,0.043297,0.20277,0.10062,0.14613,0.11403,0.16824,0.067193,0.16723,0.10932,0.14186,0.084609,0.22687,0.064289,0.17362,0.14789,0.23643,0.23591,0.11448,0.24378,0.14864,0.049942,0.14416,0.23631,0.16497,0.099658,0.17524,0.051909,0.26353,0.16763,0.08557,0.17354,0.16248,0.13755,0.23315,0.27195,0.06952,0.12729,0.15176,0.24933,0.26349,0.19082,0.27655,0.12098,0.11036,0.3826,0.19553,0.14144,0.037066,0.15656,0.067232,0.084572,0.17627,0.41621,0.086362,0.21953,0.16551,0.11189,0.28285,0.18391,0.1261,0.097106,0.19589,0.22927
0.1658,0.15441,0.063736,0.15999,0.099034,0.1272,0.11515,0.094745,0.13663,0.099932,0,0.21401,0.092204,0.17504,0.27317,0.080572,0.050456,0.096999,0.19669,0.11233,0.12833,0.13966,0.059205,0.05061,0.090797,0.085671,0.25698,0.08592,0.17294,0.14417,0.083682,0.2378,0.057527,0.10064,0.081881,0.098871,0.14003,0.092715,0.054958,0.23299,0.12743,0.12452,0.11258,0.093077,0.094416,0.13961,0.10175,0.29661,0.06179,0.12414,0.22075,0.06586,0.23088,0.14631,0.21601,0.093615,0.26428,0.074088,0.13273,0.077138,0.096583,0.20903,0.095484,0.20459,0.088981,0.16322,0.12045,0.049994,0.052855,0.05512,0.067709,0.2232,0.23578,0.094798,0.13743,0.06493,0.084489,0.08157,0.0896,0.1564,0.048252,0.20218,0.094074,0.060639,0.19909,0.091792,0.063925,0.071573,0.14879,0.077808,0.18064,0.13301,0.064133,0.15171,0.19946,0.20875,0.06095,0.1491,0.082314,0.060825,0.039819,0.14622,0.16266,0.057545,0.053839,0.071842,0.17301,0.072527,0.10892,0.090814,0.16032,0.098267,0.053819,0.15752,0.12252,0.090797,0.068069,0.070513,0.064303,0.074667,0.20762,0.098932,0.22089,0.092189,0.12849,0.11045,0.069646,0.076753,0.094566,0.079226,0.2503,0.044407,0.081414,0.074209,0.14312,0.067041,0.092371,0.08128,0.15289,0.15201,0.054208,0.19685,0.064922,0.084342,0.08458,0.14958,0.091757,0.053157,0.093457,0.0747,0.18192,0.10971,0.055031,0.1153,0.099019,0.09216,0.14487,0.18628,0.066187,0.067693,0.072559,0.17532,0.19861,0.12713,0.18909,0.069676,0.057458,0.29094,0.16433,0.070148,0.090473,0.086278,0.074559,0.070813,0.14724,0.32856,0.074783,0.15022,0.12501,0.059728,0.19898,0.11365,0.089215,0.031583,0.11972,0.1564
0.23579,0.1876,0.19747,0.12017,0.20664,0.18504,0.15665,0.18169,0.10983,0.3019,0.21401,0,0.29059,0.11609,0.089781,0.16483,0.20199,0.17908,0.10422,0.24802,0.14185,0.19004,0.25175,0.18495,0.27591,0.24044,0.088805,0.154,0.082882,0.092463,0.25451,0.42445,0.19885,0.24227,0.20505,0.28735,0.10415,0.2928,0.18372,0.10172,0.21405,0.13301,0.19741,0.19693,0.17066,0.20077,0.17537,0.32376,0.20055,0.21114,0.25678,0.2494,0.077116,0.20701,0.40984,0.21252,0.09404,0.18383,0.21382,0.20165,0.15351,0.10935,0.29255,0.060156,0.26991,0.10806,0.12005,0.2111,0.23606,0.20268,0.19807,0.069872,0.066112,0.16873,0.16702,0.19342,0.23268,0.21342,0.15535,0.27448,0.23839,0.18269,0.2203,0.24017,0.095548,0.18694,0.182,0.18536,0.075011,0.16163,0.14032,0.11349,0.23426,0.11326,0.084606,0.09649,0.1973,0.11464,0.1833,0.21799,0.20413,0.11507,0.18052,0.20501,0.20094,0.27716,0.17538,0.19207,0.144,0.20221,0.079606,0.12709,0.24252,0.34675,0.12539,0.27081,0.22385,0.22313,0.18641,0.27699,0.073736,0.278,0.067303,0.28725,0.1336,0.26998,0.17016,0.22447,0.16734,0.27083,0.44833,0.2087,0.19298,0.2465,0.092076,0.26796,0.14244,0.18144,0.076464,0.087512,0.20669,0.19067,0.16678,0.2834,0.18842,0.11791,0.16607,0.22132,0.16309,0.26777,0.12428,0.18439,0.2383,0.17593,0.19454,0.19401,0.11134,0.13624,0.25585,0.19314,0.19254,0.1387,0.17931,0.1721,0.056392,0.20404,0.20993,0.13236,0.22077,0.18791,0.29153,0.16781,0.26639,0.23941,0.2283,0.13384,0.24039,0.14195,0.20935,0.21815,0.098134,0.15748,0.20803,0.2109,0.13537,0.1357
0.18643,0.19469,0.11053,0.22466,0.12995,0.16411,0.17309,0.1418,0.21664,0.038227,0.092204,0.29059,0,0.24032,0.35194,0.14461,0.11264,0.15211,0.27323,0.11804,0.19988,0.1958,0.056097,0.11694,0.046781,0.093011,0.33665,0.16116,0.25398,0.21572,0.092699,0.16939,0.11193,0.11618,0.12592,0.050577,0.20929,0.026702,0.12206,0.31533,0.1664,0.19735,0.14643,0.14479,0.14943,0.17347,0.15278,0.32787,0.11792,0.16993,0.25018,0.065194,0.30226,0.20078,0.13973,0.13026,0.3433,0.13065,0.16984,0.12651,0.1675,0.28903,0.034476,0.28064,0.083226,0.23922,0.19617,0.093574,0.068246,0.11943,0.11467,0.30218,0.31615,0.14107,0.20319,0.11722,0.089002,0.1153,0.15525,0.18,0.075175,0.26277,0.115,0.070419,0.27828,0.14056,0.12908,0.12136,0.22533,0.1419,0.26074,0.20481,0.082649,0.22809,0.27983,0.28747,0.11556,0.22443,0.1412,0.087258,0.10436,0.20962,0.20521,0.095239,0.096852,0.036791,0.21216,0.12167,0.1747,0.12931,0.23953,0.17252,0.060934,0.094554,0.18853,0.074613,0.08612,0.10019,0.12815,0.036928,0.28463,0.077546,0.29682,0.040956,0.19339,0.097215,0.13342,0.11228,0.15833,0.06324,0.16859,0.10458,0.1288,0.065937,0.21482,0.053697,0.16645,0.13284,0.2249,0.22399,0.10961,0.23344,0.13675,0.057949,0.12592,0.22612,0.15688,0.085686,0.16637,0.046658,0.25109,0.16161,0.08115,0.16009,0.1508,0.1282,0.22327,0.26314,0.062457,0.11637,0.13881,0.23985,0.25803,0.18416,0.26607,0.11651,0.098596,0.37104,0.19335,0.13003,0.028074,0.14122,0.057393,0.085597,0.1652,0.4062,0.089394,0.20728,0.15691,0.095483,0.27228,0.17848,0.11816,0.08699,0.18218,0.22195
0.22249,0.10411,0.14679,0.11501,0.15828,0.14492,0.14317,0.15604,0.13644,0.24908,0.17504,0.11609,0.24032,0,0.16462,0.11236,0.177,0.15272,0.17121,0.21445,0.12862,0.21685,0.19881,0.14492,0.22871,0.18252,0.17572,0.14242,0.12476,0.069513,0.21372,0.37798,0.16712,0.20125,0.15328,0.23416,0.062414,0.2463,0.15191,0.17723,0.18085,0.1326,0.138,0.18524,0.15353,0.15999,0.16857,0.31976,0.16422,0.21,0.25239,0.19744,0.093283,0.16261,0.35595,0.16224,0.15883,0.13147,0.20916,0.17088,0.15425,0.16415,0.2383,0.13862,0.2063,0.12581,0.11754,0.18045,0.19185,0.16445,0.13685,0.1126,0.15267,0.13795,0.18181,0.14913,0.17441,0.16518,0.12527,0.2339,0.19447,0.13094,0.16274,0.18836,0.14693,0.13627,0.15116,0.13535,0.1011,0.13609,0.18245,0.087409,0.18834,0.12648,0.13989,0.16375,0.16012,0.14376,0.12601,0.16653,0.15761,0.096995,0.09252,0.15778,0.16205,0.22819,0.13135,0.16104,0.12223,0.15784,0.11048,0.10125,0.1987,0.30086,0.092101,0.21884,0.18736,0.19323,0.16051,0.23226,0.13785,0.24208,0.1439,0.23733,0.096788,0.23027,0.12029,0.17479,0.13084,0.21632,0.38889,0.17186,0.14539,0.19113,0.078325,0.22025,0.097435,0.1595,0.075206,0.075351,0.15077,0.10672,0.12719,0.23954,0.16628,0.16053,0.14529,0.1854,0.15798,0.21498,0.17675,0.1521,0.19619,0.13748,0.1754,0.15791,0.13946,0.18453,0.21093,0.14228,0.17625,0.17356,0.12356,0.16718,0.080248,0.16162,0.1735,0.21692,0.1808,0.14959,0.24267,0.13531,0.22154,0.18432,0.20127,0.19739,0.18267,0.091074,0.16426,0.18021,0.12136,0.13367,0.15562,0.17078,0.1169,0.077578
0.29414,0.238,0.25973,0.17471,0.26507,0.25494,0.21346,0.2441,0.15333,0.36258,0.27317,0.089781,0.35194,0.16462,0,0.22284,0.26153,0.23326,0.12243,0.30832,0.1862,0.24033,0.31165,0.24743,0.33898,0.30423,0.063346,0.21046,0.12266,0.15826,0.30674,0.48522,0.25548,0.30302,0.26153,0.35141,0.16567,0.35564,0.24774,0.088878,0.27239,0.19233,0.25616,0.25319,0.23172,0.25645,0.23214,0.37207,0.26405,0.25477,0.3019,0.31367,0.11145,0.2552,0.47388,0.26496,0.056609,0.24803,0.26826,0.25054,0.20587,0.1102,0.35555,0.11681,0.32597,0.13728,0.16552,0.27227,0.30068,0.25819,0.26225,0.073514,0.064576,0.23724,0.20654,0.25825,0.30048,0.27201,0.21403,0.31891,0.29356,0.19796,0.28397,0.30025,0.0969,0.24442,0.23693,0.24631,0.13532,0.22897,0.15458,0.17444,0.30097,0.14219,0.095625,0.10916,0.25899,0.16189,0.23647,0.28294,0.26244,0.1626,0.22904,0.26976,0.2646,0.33558,0.23168,0.2575,0.20201,0.27206,0.12324,0.18577,0.30291,0.40859,0.18165,0.33966,0.29003,0.28304,0.24337,0.33925,0.12412,0.34075,0.098622,0.35299,0.18015,0.33083,0.2273,0.27741,0.21621,0.33075,0.50763,0.27051,0.25223,0.3077,0.15634,0.32845,0.20315,0.23612,0.13791,0.14162,0.26058,0.24616,0.22711,0.34474,0.24244,0.16052,0.22359,0.2853,0.21808,0.33058,0.16953,0.24954,0.29971,0.23769,0.25977,0.26464,0.14804,0.15615,0.31543,0.25884,0.24315,0.17725,0.2301,0.23401,0.10002,0.26447,0.27185,0.077259,0.29418,0.25281,0.35466,0.23012,0.32214,0.30249,0.29575,0.083517,0.30285,0.20301,0.2765,0.28154,0.13426,0.21883,0.26607,0.27133,0.20605,0.17541
0.1722,0.10002,0.063004,0.12301,0.088509,0.11092,0.09369,0.087435,0.11695,0.15385,0.080572,0.16483,0.14461,0.11236,0.22284,0,0.091999,0.07772,0.17345,0.13593,0.10802,0.15591,0.10483,0.063967,0.13245,0.10112,0.21655,0.087097,0.13626,0.086924,0.12154,0.28325,0.081203,0.12713,0.067919,0.14143,0.079353,0.15105,0.074777,0.2019,0.141,0.11427,0.089296,0.11894,0.084239,0.11788,0.099259,0.30916,0.091767,0.15062,0.2185,0.11216,0.16941,0.14011,0.26185,0.095328,0.21862,0.061799,0.14923,0.095517,0.09895,0.1791,0.14311,0.16268,0.12409,0.1286,0.087596,0.093626,0.095466,0.080894,0.054743,0.16879,0.19442,0.085241,0.14151,0.069882,0.099833,0.092705,0.070673,0.1743,0.10205,0.14957,0.085543,0.0878,0.16026,0.084275,0.079339,0.055343,0.10867,0.068926,0.16742,0.074295,0.10797,0.11813,0.16291,0.17949,0.079873,0.1216,0.054412,0.085436,0.071807,0.096004,0.10566,0.066836,0.077898,0.12987,0.12465,0.080129,0.076156,0.094179,0.12169,0.062866,0.10044,0.2048,0.073073,0.13445,0.1037,0.11733,0.086779,0.13675,0.17245,0.146,0.18033,0.14321,0.073673,0.15062,0.058951,0.092973,0.062685,0.13253,0.29657,0.091405,0.068294,0.10334,0.094226,0.12526,0.055055,0.095355,0.09998,0.10185,0.064668,0.14175,0.054395,0.1402,0.084845,0.13496,0.081379,0.098141,0.10593,0.12076,0.1663,0.094547,0.10653,0.090134,0.11476,0.09083,0.12349,0.17075,0.11957,0.068073,0.10719,0.15942,0.15653,0.11778,0.13744,0.073547,0.085789,0.25641,0.15132,0.078458,0.14514,0.074446,0.12938,0.10104,0.15266,0.2718,0.10328,0.10552,0.12084,0.09541,0.1554,0.099936,0.089176,0.077501,0.094151,0.11332
0.15773,0.16422,0.078368,0.15181,0.09802,0.1274,0.11825,0.10697,0.13102,0.12338,0.050456,0.20199,0.11264,0.177,0.26153,0.091999,0,0.10292,0.18189,0.11204,0.12322,0.12268,0.086323,0.073315,0.10982,0.10282,0.24211,0.080766,0.16345,0.14328,0.10248,0.24494,0.0593,0.11417,0.094547,0.12053,0.13839,0.1114,0.067841,0.21868,0.14164,0.10893,0.12441,0.064954,0.09545,0.14845,0.11355,0.29903,0.078382,0.11517,0.20372,0.08232,0.22225,0.16332,0.2321,0.11229,0.25188,0.077985,0.11773,0.088935,0.089112,0.20068,0.11832,0.18466,0.12534,0.15808,0.11195,0.055719,0.074776,0.076225,0.085263,0.21593,0.22203,0.10018,0.13034,0.07944,0.096914,0.089706,0.090527,0.1662,0.075115,0.20716,0.1119,0.083253,0.18919,0.097566,0.068982,0.087448,0.13824,0.074344,0.16637,0.13881,0.07683,0.14575,0.18888,0.19952,0.070712,0.14213,0.098686,0.074567,0.072375,0.14064,0.16568,0.066326,0.065635,0.099174,0.18034,0.081519,0.097624,0.097093,0.14977,0.098331,0.079879,0.17493,0.12578,0.1069,0.076196,0.079346,0.070226,0.094386,0.19289,0.11272,0.20702,0.1139,0.1335,0.11244,0.07589,0.094466,0.092766,0.10294,0.26542,0.063006,0.10646,0.091952,0.13937,0.091502,0.098096,0.072041,0.14652,0.14758,0.077087,0.20198,0.071318,0.1069,0.08056,0.13768,0.087446,0.063006,0.082544,0.10464,0.15918,0.1206,0.079142,0.11589,0.098457,0.097794,0.13769,0.17561,0.089346,0.085762,0.071732,0.15749,0.20013,0.11538,0.17898,0.086245,0.058719,0.27738,0.17277,0.081918,0.11182,0.087645,0.098738,0.088146,0.15205,0.32007,0.096616,0.14914,0.12851,0.07135,0.19433,0.107,0.096374,0.050802,0.11717,0.16255
0.17416,0.14521,0.10044,0.15154,0.11234,0.12791,0.10889,0.10961,0.11663,0.16412,0.096999,0.17908,0.15211,0.15272,0.23326,0.07772,0.10292,0,0.17369,0.1432,0.13991,0.14186,0.12154,0.094823,0.14352,0.12821,0.21928,0.091104,0.15135,0.11469,0.12683,0.28882,0.094364,0.12425,0.087847,0.15435,0.11673,0.15919,0.10165,0.20886,0.15216,0.1183,0.11602,0.10824,0.091983,0.13874,0.10248,0.32246,0.10714,0.11152,0.21789,0.13505,0.19381,0.12095,0.27282,0.11549,0.23056,0.10214,0.16102,0.12003,0.095308,0.18447,0.15565,0.17211,0.14698,0.13201,0.11101,0.10435,0.1129,0.10103,0.097116,0.19153,0.20144,0.10688,0.12365,0.10149,0.11922,0.096899,0.074109,0.18751,0.10857,0.18878,0.1247,0.1039,0.1653,0.09174,0.081762,0.086659,0.12172,0.096385,0.16801,0.10114,0.12235,0.13083,0.17537,0.17589,0.094911,0.11115,0.095183,0.10508,0.086621,0.11967,0.15597,0.088436,0.10742,0.14246,0.15235,0.094526,0.096919,0.12154,0.13418,0.094587,0.11291,0.20729,0.10385,0.15097,0.11264,0.12019,0.088408,0.1467,0.18871,0.15308,0.1832,0.1526,0.10798,0.15558,0.088618,0.10574,0.088875,0.14378,0.31022,0.11767,0.078824,0.12029,0.11691,0.14081,0.093265,0.10977,0.12483,0.12239,0.098483,0.17477,0.088925,0.14754,0.084889,0.13244,0.086062,0.10333,0.095415,0.13444,0.15662,0.10189,0.1041,0.11477,0.12738,0.10111,0.13353,0.16757,0.12359,0.085827,0.11038,0.14431,0.1753,0.11529,0.15968,0.11532,0.10837,0.25706,0.19495,0.090928,0.15802,0.1066,0.13084,0.11582,0.16712,0.28658,0.12567,0.12302,0.12789,0.10226,0.18235,0.1096,0.10766,0.1028,0.12382,0.13682
0.22986,0.22864,0.20208,0.14888,0.21165,0.20839,0.15229,0.17705,0.090662,0.28711,0.19669,0.10422,0.27323,0.17121,0.12243,0.17345,0.18189,0.17369,0,0.23828,0.13861,0.14936,0.23883,0.17889,0.26021,0.24527,0.08465,0.14104,0.096029,0.1305,0.23273,0.3988,0.18016,0.22959,0.20237,0.27712,0.14923,0.27493,0.17385,0.090501,0.21829,0.1216,0.21179,0.17129,0.16574,0.21497,0.15291,0.33324,0.1943,0.16911,0.27277,0.23942,0.15761,0.20737,0.38959,0.20977,0.12946,0.19093,0.19194,0.17366,0.12027,0.09659,0.27986,0.10053,0.26331,0.11218,0.10966,0.18661,0.22323,0.18118,0.20491,0.12387,0.08642,0.17273,0.13414,0.1901,0.23656,0.20698,0.16054,0.26316,0.21797,0.20732,0.22195,0.23141,0.079538,0.17865,0.16577,0.18355,0.088496,0.15807,0.11096,0.14536,0.22763,0.10805,0.092907,0.092658,0.1872,0.11008,0.19017,0.21334,0.19536,0.13402,0.21475,0.20139,0.19085,0.2558,0.222,0.18872,0.14256,0.21275,0.090915,0.13475,0.22539,0.32622,0.14971,0.26957,0.2103,0.19541,0.16123,0.25718,0.10433,0.25231,0.085102,0.27585,0.151,0.25247,0.16767,0.21657,0.16138,0.25347,0.4259,0.19585,0.18926,0.23587,0.12877,0.24719,0.15381,0.15354,0.11477,0.12167,0.20262,0.24545,0.16125,0.26799,0.16807,0.086543,0.15728,0.20713,0.13959,0.25696,0.097443,0.1915,0.22361,0.19022,0.17844,0.20206,0.086684,0.095276,0.23723,0.19763,0.15605,0.1155,0.22753,0.17402,0.10936,0.20411,0.19731,0.10937,0.25607,0.18142,0.27599,0.16886,0.24442,0.23667,0.23298,0.18816,0.23996,0.17184,0.2201,0.20505,0.11953,0.16368,0.20188,0.1973,0.14602,0.16386
0.088715,0.18304,0.11837,0.17374,0.098681,0.1226,0.13128,0.14502,0.18242,0.11769,0.11233,0.24802,0.11804,0.21445,0.30832,0.13593,0.11204,0.1432,0.23828,0,0.16399,0.16742,0.10005,0.11381,0.099419,0.11184,0.29394,0.14431,0.21389,0.18616,0.098919,0.23983,0.097287,0.14123,0.12273,0.11582,0.17617,0.12002,0.12861,0.27384,0.18006,0.17265,0.13229,0.10459,0.12071,0.15452,0.13041,0.26487,0.12054,0.16871,0.23201,0.098058,0.2687,0.20148,0.20836,0.12104,0.30273,0.12606,0.095431,0.13545,0.15521,0.25417,0.12208,0.23574,0.13489,0.19977,0.16788,0.11246,0.10294,0.13965,0.1251,0.25653,0.2768,0.12658,0.17678,0.11063,0.11307,0.090419,0.14226,0.21132,0.11136,0.23344,0.12867,0.10381,0.24232,0.14673,0.12984,0.1268,0.19212,0.12766,0.23656,0.17283,0.12288,0.19625,0.23466,0.24466,0.1112,0.18932,0.1224,0.11106,0.10407,0.17294,0.18025,0.097803,0.1039,0.1216,0.18127,0.093496,0.14682,0.094638,0.19933,0.15023,0.10355,0.13421,0.15083,0.10223,0.1014,0.12671,0.13209,0.10992,0.25052,0.11916,0.25664,0.11895,0.17134,0.059753,0.13079,0.089154,0.15204,0.099875,0.24924,0.11054,0.13281,0.10275,0.19157,0.12516,0.15196,0.11921,0.18757,0.19202,0.11708,0.22645,0.13097,0.12097,0.13345,0.19171,0.13589,0.10648,0.15674,0.11666,0.2088,0.1431,0.091797,0.12569,0.15398,0.095853,0.19039,0.238,0.10432,0.1262,0.14721,0.19712,0.24075,0.13216,0.23011,0.1145,0.11011,0.32854,0.19662,0.13038,0.12303,0.14043,0.11685,0.10318,0.11041,0.36017,0.090225,0.18364,0.10836,0.091117,0.23026,0.14242,0.11886,0.1055,0.17677,0.18655
0.18614,0.15244,0.11942,0.11423,0.14333,0.15474,0.096982,0.10824,0.09869,0.20443,0.12833,0.14185,0.19988,0.12862,0.1862,0.10802,0.12322,0.13991,0.13861,0.16399,0,0.15023,0.16386,0.1108,0.19039,0.16233,0.18051,0.11475,0.12035,0.10444,0.16524,0.34043,0.12387,0.18717,0.13609,0.20165,0.098302,0.20077,0.11265,0.16412,0.16796,0.11181,0.14763,0.13571,0.11765,0.14075,0.12461,0.27141,0.13487,0.15203,0.25376,0.1616,0.16319,0.18908,0.32235,0.12774,0.18292,0.11706,0.14004,0.12284,0.11761,0.15173,0.20436,0.14016,0.17971,0.107,0.090502,0.13701,0.15577,0.12048,0.13255,0.13905,0.16284,0.11725,0.13097,0.12338,0.16245,0.13965,0.1213,0.20447,0.14549,0.1407,0.15552,0.15882,0.12666,0.14012,0.10682,0.1191,0.10101,0.11173,0.13939,0.10961,0.16034,0.10215,0.12147,0.14009,0.11992,0.12688,0.11041,0.1454,0.1177,0.1188,0.14827,0.13554,0.12322,0.18425,0.14042,0.13194,0.088099,0.13302,0.097325,0.08281,0.15875,0.25748,0.088788,0.18419,0.14864,0.15176,0.1148,0.1843,0.15161,0.2007,0.15621,0.20067,0.10519,0.18426,0.10624,0.13621,0.11132,0.17719,0.35071,0.12506,0.13455,0.16505,0.10965,0.17819,0.089153,0.10955,0.097025,0.10353,0.12349,0.18223,0.10492,0.19361,0.12707,0.1159,0.1108,0.14256,0.10573,0.18496,0.13156,0.14065,0.1572,0.1423,0.14532,0.14111,0.096408,0.15067,0.17438,0.13657,0.12148,0.12977,0.18418,0.15142,0.11989,0.12354,0.1301,0.2108,0.18424,0.13063,0.19985,0.12098,0.18051,0.15961,0.17703,0.23463,0.14754,0.14712,0.16511,0.14659,0.15237,0.12438,0.13263,0.12262,0.12347,0.11949
0.18351,0.23461,0.16076,0.16531,0.16508,0.17378,0.11905,0.14657,0.11856,0.2031,0.13966,0.19004,0.1958,0.21685,0.24033,0.15591,0.12268,0.14186,0.14936,0.16742,0.15023,0,0.17137,0.14363,0.18246,0.19584,0.20808,0.10953,0.15591,0.16572,0.16631,0.30878,0.13659,0.18831,0.16242,0.2044,0.17507,0.1939,0.13073,0.18552,0.16624,0.13505,0.19093,0.10523,0.13824,0.19191,0.11853,0.32122,0.14848,0.12269,0.24542,0.17818,0.23747,0.19473,0.30064,0.16738,0.23389,0.17107,0.13964,0.14722,0.098028,0.16614,0.20463,0.16162,0.19993,0.16251,0.12622,0.13157,0.14975,0.14274,0.16661,0.21088,0.19336,0.14446,0.11475,0.13535,0.18935,0.16599,0.13372,0.20102,0.15492,0.23096,0.18477,0.16732,0.16322,0.15617,0.13276,0.14583,0.13868,0.12848,0.13831,0.15815,0.1678,0.15294,0.16769,0.16436,0.12357,0.10994,0.15913,0.16477,0.14962,0.16185,0.2155,0.15245,0.14881,0.18156,0.21199,0.13647,0.14598,0.16743,0.14099,0.13456,0.16087,0.23869,0.15344,0.19783,0.14456,0.14455,0.11299,0.17723,0.18035,0.17123,0.18439,0.19425,0.16442,0.17229,0.14933,0.1652,0.13468,0.18293,0.33825,0.13934,0.15747,0.17618,0.16775,0.17384,0.14177,0.13081,0.16376,0.16995,0.16478,0.26224,0.13408,0.18617,0.12955,0.10267,0.10713,0.14735,0.10211,0.18858,0.14199,0.1471,0.14854,0.18106,0.13316,0.15153,0.12742,0.13644,0.17011,0.15565,0.12224,0.13583,0.2469,0.12736,0.18774,0.16108,0.14743,0.23346,0.22061,0.13871,0.19432,0.1525,0.17962,0.17326,0.17615,0.29965,0.18697,0.1943,0.18211,0.14452,0.18873,0.13689,0.15573,0.13906,0.14647,0.20086
0.16562,0.15972,0.076357,0.18698,0.091099,0.13062,0.13959,0.12219,0.17956,0.062706,0.059205,0.25175,0.056097,0.19881,0.31165,0.10483,0.086323,0.12154,0.23883,0.10005,0.16386,0.17137,0,0.077086,0.058488,0.081432,0.2971,0.12181,0.21177,0.1752,0.074148,0.2056,0.080347,0.096191,0.092252,0.060647,0.1682,0.065867,0.087877,0.27728,0.14435,0.16299,0.10563,0.11743,0.10984,0.14392,0.12385,0.3062,0.088588,0.14615,0.23034,0.042737,0.26386,0.16434,0.17581,0.098991,0.30294,0.095976,0.15293,0.10323,0.13347,0.25058,0.058311,0.24183,0.054219,0.20039,0.1568,0.070049,0.045767,0.082279,0.078901,0.25868,0.27684,0.10919,0.16486,0.077912,0.067448,0.077536,0.11756,0.15767,0.051526,0.22131,0.090025,0.039628,0.24061,0.10514,0.094,0.085091,0.18601,0.10859,0.2262,0.16063,0.062395,0.19052,0.24018,0.2478,0.081219,0.18445,0.092602,0.056477,0.067299,0.17215,0.16925,0.062013,0.064758,0.046391,0.18149,0.086021,0.13649,0.096049,0.19892,0.13197,0.040181,0.11731,0.14914,0.069437,0.063687,0.080869,0.090569,0.048568,0.24954,0.077771,0.25638,0.055006,0.14953,0.093386,0.094831,0.068582,0.11516,0.051161,0.21065,0.071406,0.093229,0.049125,0.17506,0.051813,0.12574,0.10515,0.18515,0.18472,0.065815,0.20195,0.10259,0.062528,0.099294,0.19176,0.11534,0.057938,0.1329,0.045662,0.21747,0.12322,0.046441,0.11985,0.12111,0.10033,0.18499,0.22578,0.041017,0.082613,0.10967,0.20357,0.22607,0.14449,0.22607,0.089401,0.06726,0.33262,0.17215,0.088784,0.058031,0.10816,0.057695,0.054619,0.14573,0.36579,0.066276,0.16556,0.1262,0.067785,0.22576,0.1341,0.087059,0.055365,0.14812,0.17992
0.15807,0.12872,0.052712,0.13364,0.095345,0.10935,0.098354,0.088145,0.11966,0.12396,0.05061,0.18495,0.11694,0.14492,0.24743,0.063967,0.073315,0.094823,0.17889,0.11381,0.1108,0.14363,0.077086,0,0.10933,0.090097,0.23308,0.076738,0.1497,0.11617,0.10106,0.26286,0.055048,0.10204,0.079301,0.11455,0.11049,0.11899,0.050118,0.21738,0.12131,0.11215,0.08034,0.099752,0.080613,0.11655,0.084242,0.27856,0.062345,0.13038,0.21868,0.079554,0.20208,0.13882,0.23877,0.096182,0.24234,0.061935,0.13324,0.072098,0.087051,0.19315,0.11745,0.18137,0.10043,0.14435,0.10188,0.057038,0.070731,0.063506,0.058987,0.19801,0.21336,0.068624,0.12963,0.052234,0.083934,0.076679,0.077847,0.15831,0.076375,0.18873,0.082873,0.07607,0.18383,0.08048,0.055434,0.059536,0.12389,0.058686,0.17592,0.10315,0.079097,0.13332,0.17935,0.18721,0.06333,0.13126,0.064731,0.060045,0.047622,0.11869,0.14231,0.051848,0.041097,0.10084,0.14718,0.060925,0.089153,0.07561,0.14102,0.073222,0.070765,0.17783,0.092073,0.10536,0.069293,0.082828,0.065997,0.10054,0.18253,0.11828,0.1927,0.11339,0.1031,0.12472,0.055732,0.079764,0.08685,0.098154,0.27532,0.047658,0.065653,0.087172,0.11251,0.097364,0.070906,0.064528,0.12301,0.12473,0.057298,0.17381,0.058556,0.11287,0.081507,0.13572,0.086657,0.062298,0.091965,0.091554,0.1639,0.097939,0.072586,0.092996,0.093635,0.073756,0.1261,0.17165,0.08148,0.057945,0.083366,0.15598,0.17934,0.11421,0.16271,0.057953,0.061079,0.27044,0.14386,0.063608,0.1176,0.063774,0.094105,0.075846,0.1355,0.30147,0.080434,0.12112,0.11493,0.072391,0.16805,0.094444,0.073779,0.050254,0.094843,0.12777
0.16883,0.18856,0.11148,0.20543,0.11548,0.14115,0.15196,0.12649,0.20581,0.061268,0.090797,0.27591,0.046781,0.22871,0.33898,0.13245,0.10982,0.14352,0.26021,0.099419,0.19039,0.18246,0.058488,0.10933,0,0.081584,0.32235,0.15387,0.24215,0.20081,0.083188,0.18156,0.10453,0.11488,0.1108,0.057408,0.19612,0.056553,0.11784,0.30381,0.16135,0.18843,0.1369,0.13158,0.13794,0.15356,0.1413,0.31395,0.11341,0.16804,0.25112,0.065373,0.28888,0.19802,0.14797,0.11866,0.33274,0.12253,0.15688,0.12583,0.15933,0.27745,0.057595,0.26685,0.08887,0.23001,0.18567,0.089655,0.060583,0.11661,0.10648,0.28767,0.30449,0.13129,0.19737,0.10114,0.087329,0.10506,0.14829,0.18703,0.085852,0.2506,0.096214,0.068413,0.26618,0.13368,0.12675,0.10804,0.21227,0.12851,0.25552,0.18822,0.091707,0.21992,0.26828,0.27509,0.10222,0.20856,0.13169,0.085177,0.10051,0.19543,0.18929,0.08356,0.091705,0.054001,0.20372,0.10591,0.16412,0.10916,0.22767,0.16306,0.063841,0.10299,0.17634,0.076924,0.07798,0.10082,0.12264,0.056518,0.27234,0.053098,0.28382,0.05492,0.18192,0.077369,0.12884,0.10231,0.14863,0.066197,0.18667,0.10291,0.11406,0.059735,0.20648,0.063786,0.15498,0.12803,0.21288,0.21435,0.10854,0.22477,0.12581,0.07691,0.1249,0.21508,0.14622,0.081829,0.16155,0.061766,0.23465,0.14063,0.077981,0.14993,0.13933,0.1095,0.21433,0.25609,0.071665,0.10788,0.14191,0.23147,0.24824,0.16171,0.25306,0.11369,0.08745,0.35845,0.1813,0.11888,0.055074,0.13874,0.069843,0.080024,0.14097,0.39138,0.086174,0.19182,0.12823,0.080119,0.25668,0.16987,0.10549,0.083453,0.16797,0.20777
0.17517,0.13683,0.082002,0.17488,0.098023,0.11681,0.14634,0.11241,0.18542,0.098829,0.085671,0.24044,0.093011,0.18252,0.30423,0.10112,0.10282,0.12821,0.24527,0.11184,0.16233,0.19584,0.081432,0.090097,0.081584,0,0.29586,0.13731,0.21568,0.1635,0.11187,0.23092,0.10058,0.11088,0.095142,0.084567,0.15247,0.092313,0.1083,0.27858,0.15031,0.16418,0.10708,0.13497,0.12799,0.1312,0.14384,0.2975,0.09321,0.1799,0.23178,0.069654,0.24034,0.18022,0.19945,0.10463,0.29988,0.082701,0.16069,0.1107,0.15446,0.25706,0.091427,0.23899,0.10244,0.20148,0.16346,0.097737,0.080299,0.11777,0.079174,0.24959,0.27669,0.12478,0.19853,0.090424,0.07673,0.089325,0.12443,0.17916,0.098111,0.21814,0.081251,0.077666,0.24205,0.11822,0.1101,0.090789,0.18415,0.10398,0.23651,0.15255,0.093215,0.19254,0.2408,0.2524,0.095262,0.1904,0.10967,0.070982,0.082775,0.16264,0.15099,0.069777,0.08267,0.089397,0.16158,0.099264,0.13877,0.08566,0.20108,0.13347,0.087954,0.15639,0.14602,0.081499,0.091454,0.11609,0.12753,0.092678,0.24041,0.11542,0.25712,0.090514,0.15528,0.11126,0.10356,0.096714,0.13302,0.09477,0.23258,0.093441,0.10353,0.075764,0.16807,0.094024,0.1228,0.12346,0.17769,0.17754,0.08868,0.17206,0.099756,0.097799,0.12112,0.20188,0.14724,0.086548,0.15367,0.07855,0.22025,0.12106,0.092821,0.12663,0.13161,0.085318,0.19571,0.2487,0.095888,0.09157,0.13967,0.22274,0.19041,0.15139,0.21295,0.083636,0.076428,0.33652,0.15029,0.10924,0.095425,0.11783,0.089157,0.069691,0.14199,0.35169,0.061327,0.15334,0.1154,0.083624,0.23101,0.14565,0.093836,0.08041,0.14586,0.16547
