0,0.21221,0.22619,0.18378,0.18298,0.16565,0.23007,0.22089,0.20202,0.2244,0.20063,0.32824,0.20282,0.22956,0.19837,0.21022,0.21171,0.22464,0.22117,0.20419,0.2283,0.2267,0.21227,0.14952,0.21131,0.20734,0.22727,0.22233,0.17767,0.2082,0.2283,0.24902,0.22561,0.2085,0.21442,0.22554,0.21118,0.20807,0.18817,0.22117,0.21963,0.20953,0.20571,0.21026,0.21004,0.22315,0.20491,0.2451,0.18589,0.19777,0.16824,0.21575,0.21785,0.22066,0.22727,0.31902,0.18748,0.20456,0.20629,0.21263,0.21719,0.188,0.19152,0.22043,0.193,0.16408,0.23729,0.22708,0.22738,0.21772,0.20968,0.19824,0.23189,0.21086,0.21867,0.44366,0.19139,0.20774,0.2186,0.2255,0.22463,0.22196,0.22483,0.21055,0.20883,0.23112,0.21439,0.18584,0.21395,0.22262,0.20582,0.23432,0.2148,0.22263,0.24572,0.22745,0.22769,0.21566,0.19654,0.22176,0.21869,0.24111,0.20422,0.23443,0.25087,0.22327,0.20484,0.1951,0.19745,0.24156,0.20924,0.2547,0.24536,0.21653,0.21239,0.21979,0.20133,0.21731,0.22286,0.2329,0.246,0.22807,0.23067,0.19514,0.22522,0.21434,0.21532,0.2188,0.22455,0.19286,0.18522,0.2232,0.22359,0.21779,0.21218,0.20362,0.17941,0.21051,0.22236,0.20553,0.24584,0.15457,0.21692,0.19201,0.22425,0.18008,0.22266,0.19943,0.20661,0.22341,0.22125,0.2229,0.23695,0.21438,0.22543,0.21419,0.27644,0.21358,0.20267,0.22405,0.18212,0.22381,0.19636,0.23306,0.22139,0.2345,0.19438,0.16936,0.21334,0.20607,0.21616,0.21081,0.22795,0.2051,0.21619,0.21821,0.21036,0.21525,0.20084,0.19891,0.18888,0.2005,0.2219,0.2062,0.21404,0.22117,0.21323,0.22107,0.21963,0.20861,0.15739,0.21564,0.19742,0.17099,0.21689,0.20517,0.22521,0.19619,0.21318,0.21271
0.21221,0,0.052929,0.077607,0.077484,0.12652,0.066407,0.059162,0.062398,0.059217,0.049277,0.30903,0.050087,0.071278,0.04539,0.051516,0.056894,0.051841,0.054378,0.056018,0.10489,0.093048,0.067677,0.11397,0.057696,0.046027,0.055719,0.061342,0.068291,0.06529,0.066231,0.07887,0.095874,0.051561,0.056214,0.057931,0.10891,0.071382,0.11024,0.055401,0.053898,0.067225,0.046596,0.051642,0.048133,0.065246,0.049208,0.0992,0.12872,0.046126,0.090446,0.077246,0.11523,0.063065,0.088542,0.21603,0.22134,0.076131,0.051039,0.074227,0.063849,0.096029,0.066034,0.082052,0.072955,0.18409,0.074443,0.063641,0.11019,0.046332,0.052281,0.052237,0.08192,0.066682,0.046158,0.44551,0.062007,0.05973,0.058385,0.059777,0.053262,0.062854,0.065493,0.054084,0.054611,0.062556,0.074322,0.067413,0.046446,0.054506,0.068232,0.057542,0.042996,0.073932,0.074425,0.065942,0.077792,0.094769,0.061175,0.045978,0.070198,0.07638,0.060956,0.076008,0.073246,0.069124,0.05085,0.054077,0.062831,0.071289,0.085148,0.16887,0.079008,0.058269,0.053607,0.054366,0.073649,0.064533,0.079075,0.064049,0.06784,0.12002,0.15709,0.089589,0.06925,0.057323,0.047408,0.055692,0.1156,0.052991,0.086637,0.057592,0.083891,0.047039,0.051124,0.064678,0.072934,0.060613,0.053383,0.063753,0.1007,0.10354,0.054767,0.089324,0.079708,0.081157,0.10895,0.058635,0.066913,0.050381,0.08405,0.058727,0.091641,0.071854,0.073899,0.046046,0.18358,0.048125,0.081849,0.062128,0.062038,0.061696,0.051097,0.058964,0.087938,0.10357,0.078165,0.099124,0.058837,0.11817,0.051677,0.058866,0.05046,0.078828,0.073814,0.05708,0.073222,0.097153,0.18172,0.062729,0.091058,0.060862,0.056967,0.076363,0.080389,0.053125,0.046704,0.060286,0.059361,0.068961,0.1387,0.058007,0.069621,0.099834,0.095649,0.066759,0.059909,0.04862,0.056432,0.047205
0.22619,0.052929,0,0.089718,0.081262,0.13728,0.063359,0.072123,0.059555,0.041487,0.043971,0.31762,0.037333,0.052316,0.053906,0.042485,0.059856,0.044177,0.03775,0.058871,0.089905,0.08105,0.071617,0.12623,0.077802,0.037365,0.045786,0.050935,0.082967,0.062133,0.055879,0.054557,0.08368,0.057181,0.05083,0.058904,0.10123,0.058026,0.13241,0.051663,0.032633,0.066748,0.037337,0.053592,0.042945,0.054925,0.047829,0.094025,0.1285,0.0631,0.093179,0.080737,0.09599,0.060819,0.074915,0.21871,0.22933,0.087864,0.053482,0.060602,0.045295,0.087805,0.063309,0.065025,0.073432,0.17929,0.061607,0.054374,0.083243,0.042749,0.044555,0.056112,0.061194,0.049468,0.036755,0.43075,0.046185,0.054028,0.050325,0.033058,0.038457,0.047858,0.050418,0.051465,0.040916,0.043872,0.059441,0.075056,0.043578,0.037735,0.063903,0.059451,0.051739,0.053227,0.058687,0.058948,0.070968,0.089462,0.058516,0.053499,0.053744,0.072124,0.050151,0.054331,0.059777,0.046762,0.048773,0.048899,0.058115,0.05102,0.081912,0.15347,0.085217,0.037932,0.036505,0.0531,0.074249,0.07288,0.068486,0.04241,0.077034,0.12073,0.1705,0.094543,0.061744,0.046636,0.048656,0.041059,0.10788,0.056409,0.086844,0.042807,0.098706,0.042679,0.035737,0.050142,0.09206,0.044324,0.036067,0.072662,0.072282,0.11272,0.04588,0.089334,0.061059,0.083279,0.1017,0.04109,0.056054,0.044647,0.066239,0.050056,0.095038,0.067805,0.063089,0.040627,0.17879,0.038202,0.07924,0.038287,0.064922,0.05293,0.065564,0.050421,0.075133,0.12301,0.071296,0.11748,0.044881,0.12588,0.056316,0.049487,0.041106,0.058603,0.078569,0.050035,0.055638,0.095215,0.20331,0.05489,0.087712,0.068099,0.040421,0.087719,0.065203,0.034089,0.035776,0.05607,0.04988,0.068425,0.16296,0.047145,0.071738,0.11287,0.091053,0.062962,0.047167,0.050552,0.035627,0.045967
0.18378,0.077607,0.089718,0,0.095341,0.11378,0.10431,0.10555,0.097208,0.099436,0.075088,0.33294,0.079798,0.10361,0.070962,0.085485,0.087375,0.082099,0.094874,0.089998,0.11743,0.085505,0.079865,0.1073,0.10044,0.087848,0.10408,0.096796,0.091125,0.080157,0.10755,0.10736,0.1144,0.083872,0.092698,0.090212,0.12531,0.10915,0.1119,0.099676,0.089951,0.1016,0.087583,0.081989,0.083875,0.10271,0.094594,0.1378,0.12417,0.082734,0.078243,0.098888,0.14461,0.11287,0.11734,0.23039,0.20727,0.097031,0.084543,0.076409,0.10024,0.10844,0.092978,0.11228,0.078441,0.16125,0.11541,0.08571,0.13564,0.086502,0.086709,0.083025,0.11098,0.085178,0.086245,0.4693,0.082739,0.088859,0.10141,0.10004,0.10078,0.09535,0.099798,0.091373,0.0842,0.097293,0.093992,0.092896,0.084146,0.096526,0.099468,0.11675,0.092616,0.10652,0.11646,0.11478,0.11482,0.1305,0.092764,0.093009,0.097308,0.097001,0.091315,0.10908,0.12452,0.10764,0.084319,0.070781,0.087911,0.12125,0.083546,0.17616,0.12298,0.098623,0.092707,0.10171,0.077791,0.091973,0.11252,0.11091,0.10419,0.15054,0.16185,0.096113,0.098561,0.096583,0.09515,0.10331,0.13328,0.075131,0.095392,0.0897,0.11355,0.094036,0.091605,0.092205,0.084982,0.08082,0.094627,0.096163,0.1272,0.10695,0.092803,0.11835,0.11176,0.10125,0.13531,0.084212,0.093771,0.10047,0.098402,0.10062,0.10753,0.083213,0.092509,0.084575,0.1976,0.088241,0.10985,0.098799,0.077035,0.091722,0.083083,0.10072,0.11802,0.12146,0.10613,0.11398,0.089367,0.13502,0.07666,0.10278,0.10247,0.093484,0.091306,0.10577,0.07395,0.11604,0.17615,0.09187,0.10142,0.077157,0.081776,0.098631,0.096799,0.097279,0.090884,0.097387,0.097485,0.0907,0.10893,0.096556,0.11018,0.096905,0.11382,0.094876,0.097006,0.075054,0.082045,0.083412
0.18298,0.077484,0.081262,0.095341,0,0.11594,0.079302,0.081939,0.063054,0.084451,0.065835,0.30788,0.065924,0.0798,0.064476,0.055451,0.082679,0.080523,0.078776,0.075296,0.12194,0.10016,0.061922,0.10761,0.087161,0.066284,0.089273,0.070995,0.050016,0.075599,0.076213,0.11616,0.09954,0.073776,0.062297,0.087191,0.079078,0.075137,0.1034,0.079741,0.073069,0.068113,0.059986,0.071516,0.058316,0.071367,0.067625,0.11853,0.10644,0.069584,0.079064,0.10413,0.11751,0.079686,0.084576,0.22848,0.19319,0.068968,0.074028,0.072564,0.067505,0.068476,0.058709,0.084567,0.081333,0.15155,0.087557,0.080386,0.12081,0.067742,0.064463,0.056499,0.097401,0.084174,0.060206,0.42728,0.05677,0.068794,0.077793,0.077322,0.083534,0.078423,0.074169,0.061631,0.079192,0.081941,0.066215,0.064724,0.079699,0.068191,0.077473,0.083036,0.069235,0.064418,0.095691,0.084251,0.085012,0.095254,0.087158,0.0887,0.074719,0.11074,0.075373,0.094672,0.10683,0.082866,0.059758,0.061369,0.054746,0.10188,0.10737,0.15717,0.095157,0.075633,0.072675,0.070916,0.084806,0.081515,0.070478,0.075161,0.097019,0.12039,0.17039,0.087718,0.088403,0.073245,0.069478,0.065483,0.10101,0.077754,0.066658,0.083485,0.11413,0.072528,0.062789,0.061579,0.072235,0.078015,0.067639,0.081102,0.092872,0.085918,0.067532,0.070832,0.081562,0.074756,0.090812,0.069093,0.072277,0.066366,0.097257,0.071151,0.099353,0.091181,0.09038,0.080783,0.18636,0.06762,0.097427,0.071438,0.053586,0.07851,0.075312,0.083756,0.11534,0.14691,0.078335,0.083165,0.070931,0.11981,0.081431,0.081851,0.069608,0.067998,0.063461,0.077906,0.074598,0.11162,0.15223,0.063565,0.076455,0.071044,0.0791,0.098245,0.079829,0.073472,0.070385,0.081242,0.061735,0.081944,0.13118,0.065076,0.070523,0.087972,0.090398,0.090898,0.086756,0.067663,0.0723,0.061745
0.16565,0.12652,0.13728,0.11378,0.11594,0,0.14727,0.14057,0.11303,0.13144,0.11919,0.31844,0.11655,0.13559,0.11035,0.12801,0.12467,0.12239,0.13947,0.13807,0.15052,0.13374,0.11768,0.10779,0.1403,0.12307,0.14245,0.14504,0.10046,0.13249,0.14064,0.15177,0.13087,0.12337,0.12218,0.1387,0.10682,0.12372,0.10951,0.1293,0.12786,0.12538,0.12284,0.1331,0.1207,0.12825,0.13082,0.16014,0.11815,0.12101,0.12129,0.12775,0.14494,0.13721,0.14818,0.21619,0.2131,0.12832,0.12466,0.11193,0.12662,0.11234,0.12587,0.13877,0.12157,0.13499,0.13617,0.13707,0.16595,0.12223,0.11172,0.10916,0.14318,0.12006,0.12605,0.43264,0.11713,0.12351,0.1402,0.13252,0.14497,0.1332,0.13907,0.12307,0.13117,0.135,0.13077,0.12818,0.13023,0.13466,0.13684,0.14569,0.12805,0.14445,0.16188,0.15996,0.1331,0.16012,0.12796,0.13582,0.13273,0.16349,0.13052,0.14541,0.1577,0.12481,0.11579,0.11778,0.11648,0.15449,0.13209,0.17556,0.16876,0.13021,0.13039,0.15105,0.11733,0.14649,0.14151,0.13707,0.16596,0.18588,0.19195,0.11054,0.14554,0.13683,0.13128,0.12975,0.12924,0.11562,0.13219,0.13354,0.15987,0.12914,0.13572,0.11479,0.091805,0.11985,0.13666,0.13921,0.16062,0.10525,0.12774,0.14568,0.14304,0.13387,0.13551,0.12889,0.11594,0.13017,0.13246,0.13228,0.15697,0.12825,0.14238,0.12858,0.21807,0.12225,0.14361,0.1304,0.11363,0.1333,0.11247,0.14237,0.14689,0.18369,0.13049,0.12574,0.11646,0.14749,0.1282,0.13814,0.13885,0.12065,0.14026,0.13868,0.12481,0.15399,0.16851,0.11749,0.14349,0.1279,0.12437,0.13546,0.12133,0.13684,0.12622,0.13243,0.13008,0.14243,0.13671,0.13259,0.13432,0.11862,0.11248,0.11607,0.13049,0.11301,0.12143,0.13556
0.23007,0.066407,0.063359,0.10431,0.079302,0.14727,0,0.073233,0.070862,0.081538,0.069188,0.29109,0.075349,0.060811,0.072283,0.065125,0.059851,0.069059,0.051112,0.088135,0.088171,0.094951,0.050628,0.14443,0.093331,0.06729,0.053899,0.059921,0.088472,0.082208,0.023494,0.078786,0.09641,0.062696,0.049203,0.080129,0.09313,0.07792,0.12331,0.056892,0.068988,0.074293,0.06367,0.059784,0.056701,0.040104,0.062275,0.084654,0.14049,0.063056,0.10537,0.1028,0.12309,0.048549,0.081869,0.22001,0.23762,0.072226,0.071929,0.080939,0.058998,0.075394,0.06198,0.061103,0.10593,0.20119,0.063517,0.062598,0.097673,0.053884,0.063294,0.062847,0.096468,0.08464,0.054351,0.44824,0.067773,0.077286,0.039895,0.057782,0.051745,0.076373,0.052659,0.064709,0.072029,0.047213,0.069149,0.078139,0.072067,0.051333,0.073899,0.065181,0.049761,0.059177,0.042816,0.060615,0.045089,0.064801,0.084855,0.074613,0.073635,0.087341,0.062277,0.05195,0.05983,0.077296,0.069858,0.074661,0.070305,0.060969,0.10475,0.15215,0.055358,0.054973,0.065021,0.061834,0.06649,0.084751,0.082628,0.058777,0.058044,0.12918,0.19114,0.123,0.093971,0.067877,0.038545,0.051061,0.11736,0.091961,0.092545,0.047139,0.10163,0.052088,0.049063,0.073479,0.099091,0.054816,0.054939,0.062741,0.087712,0.12839,0.052914,0.087424,0.075178,0.095995,0.079568,0.066405,0.062023,0.040712,0.073907,0.033945,0.088532,0.10238,0.098644,0.06057,0.15757,0.056105,0.10937,0.066571,0.079077,0.075186,0.076084,0.043046,0.088344,0.13495,0.06881,0.10357,0.06761,0.13317,0.086,0.071589,0.048705,0.069077,0.070562,0.049274,0.081994,0.085186,0.19728,0.072757,0.11162,0.081884,0.064686,0.073945,0.092408,0.056774,0.071816,0.074144,0.051366,0.071202,0.16504,0.072875,0.08748,0.1229,0.10458,0.083475,0.063678,0.076491,0.073168,0.060386
0.22089,0.059162,0.072123,0.10555,0.081939,0.14057,0.073233,0,0.066751,0.072437,0.054612,0.30659,0.063694,0.083314,0.061152,0.071395,0.076369,0.063133,0.06624,0.061453,0.11199,0.10701,0.082729,0.12268,0.076664,0.056413,0.069947,0.06357,0.081675,0.069128,0.073469,0.086769,0.097356,0.070418,0.063532,0.079371,0.1082,0.080458,0.12369,0.062397,0.060388,0.079806,0.064125,0.059105,0.069751,0.065572,0.050432,0.10677,0.14094,0.056342,0.11334,0.088211,0.12291,0.05465,0.079069,0.22552,0.21079,0.076917,0.050522,0.086297,0.075158,0.10591,0.084859,0.079747,0.082412,0.17971,0.077093,0.077062,0.11103,0.067835,0.067019,0.061422,0.082687,0.078236,0.062071,0.43322,0.07568,0.064929,0.070624,0.058864,0.054203,0.067845,0.061173,0.067282,0.061746,0.07238,0.062341,0.073678,0.061434,0.063433,0.068648,0.053573,0.05632,0.060571,0.078467,0.078619,0.090326,0.10459,0.082815,0.063561,0.081467,0.10368,0.073658,0.07119,0.071132,0.087908,0.072723,0.058389,0.062735,0.08213,0.09778,0.1586,0.086372,0.062219,0.056641,0.063411,0.0849,0.074439,0.089399,0.071775,0.081212,0.12588,0.16483,0.11224,0.076392,0.048785,0.053245,0.067145,0.11824,0.061557,0.10322,0.061911,0.10215,0.062459,0.061077,0.060636,0.091446,0.074628,0.061107,0.080274,0.085733,0.10688,0.066126,0.085091,0.091031,0.10446,0.11972,0.063222,0.0808,0.057745,0.093924,0.069702,0.096088,0.077788,0.081522,0.053579,0.20056,0.062157,0.089733,0.070459,0.064959,0.072232,0.072809,0.059629,0.091394,0.11681,0.081593,0.10153,0.07025,0.12425,0.062133,0.057315,0.059628,0.075472,0.092348,0.059112,0.088754,0.10226,0.18433,0.065241,0.088547,0.075184,0.062951,0.097632,0.080135,0.053909,0.05735,0.075073,0.069762,0.071456,0.14642,0.068958,0.064655,0.099014,0.089805,0.085584,0.055168,0.059451,0.061089,0.052556
0.20202,0.062398,0.059555,0.097208,0.063054,0.11303,0.070862,0.066751,0,0.050999,0.044605,0.30441,0.050296,0.065679,0.040115,0.044723,0.07128,0.056607,0.056564,0.052636,0.090239,0.093641,0.066375,0.10418,0.068744,0.048204,0.05718,0.05477,0.058435,0.052721,0.064028,0.094652,0.084309,0.059238,0.039781,0.071166,0.089859,0.064331,0.11287,0.065114,0.046934,0.050504,0.04721,0.053388,0.047636,0.044242,0.052627,0.084179,0.10168,0.052718,0.099238,0.061957,0.088097,0.066106,0.072241,0.22771,0.21543,0.074498,0.053343,0.069816,0.060608,0.085333,0.060878,0.061277,0.064455,0.17121,0.070892,0.074184,0.099032,0.051661,0.047554,0.041009,0.069792,0.058012,0.048887,0.43037,0.042144,0.038255,0.063768,0.053626,0.058258,0.057105,0.050275,0.039725,0.054738,0.054809,0.056978,0.080941,0.057528,0.045416,0.076622,0.056064,0.045324,0.056456,0.072654,0.074772,0.068902,0.091195,0.055706,0.056389,0.064172,0.096729,0.048877,0.068621,0.074206,0.064325,0.048795,0.052267,0.045931,0.077599,0.09019,0.15942,0.079246,0.054292,0.055219,0.063372,0.08358,0.068834,0.069644,0.057043,0.083094,0.1131,0.1477,0.092706,0.069926,0.0523,0.051652,0.046772,0.093884,0.058172,0.070666,0.056763,0.090378,0.052046,0.049537,0.040829,0.070981,0.055644,0.043361,0.074021,0.081355,0.09056,0.056279,0.072149,0.068227,0.071713,0.098748,0.051958,0.051381,0.04319,0.08164,0.056022,0.084325,0.062851,0.062281,0.057579,0.17041,0.047674,0.078953,0.045143,0.048746,0.052737,0.065172,0.066343,0.076202,0.12989,0.060555,0.09735,0.054653,0.097868,0.059706,0.059155,0.049414,0.067121,0.075663,0.050653,0.066614,0.096079,0.17493,0.055734,0.081496,0.071352,0.057917,0.086259,0.060551,0.05249,0.038016,0.052946,0.056123,0.07572,0.15205,0.047693,0.058044,0.089401,0.088927,0.069129,0.049594,0.053974,0.052021,0.055895
0.2244,0.059217,0.041487,0.099436,0.084451,0.13144,0.081538,0.072437,0.050999,0,0.04477,0.31999,0.043735,0.063732,0.052134,0.047977,0.070472,0.053869,0.052504,0.048009,0.096645,0.10215,0.083412,0.12566,0.071726,0.046052,0.063176,0.060311,0.083492,0.061538,0.072235,0.080233,0.081367,0.058154,0.053172,0.066545,0.10919,0.058769,0.13672,0.06059,0.040641,0.055678,0.044946,0.059613,0.049959,0.060916,0.049718,0.081369,0.12467,0.061159,0.11146,0.063685,0.075173,0.072217,0.072004,0.21848,0.23034,0.091578,0.055159,0.064142,0.060111,0.10234,0.080192,0.077292,0.068241,0.17897,0.065279,0.075359,0.096293,0.053275,0.047297,0.060135,0.065944,0.045451,0.050565,0.42968,0.052828,0.0502,0.066945,0.051917,0.050936,0.037475,0.058052,0.056655,0.049688,0.060147,0.061167,0.092363,0.041646,0.051966,0.074717,0.053546,0.055689,0.062947,0.07751,0.069381,0.084619,0.09973,0.055291,0.046209,0.055179,0.082669,0.056465,0.073701,0.071274,0.05704,0.056837,0.052026,0.05633,0.075031,0.09745,0.15224,0.087603,0.047106,0.053371,0.063753,0.086955,0.063046,0.07249,0.053824,0.094264,0.11894,0.15992,0.097201,0.063856,0.045712,0.057208,0.04936,0.10227,0.058385,0.085152,0.055578,0.10741,0.047006,0.050517,0.051433,0.095989,0.063489,0.050401,0.075868,0.070846,0.11184,0.063451,0.092536,0.065108,0.084817,0.12045,0.052009,0.052716,0.054597,0.073725,0.063513,0.096182,0.058019,0.057591,0.05878,0.18806,0.054287,0.077857,0.043477,0.065338,0.045562,0.07929,0.06624,0.0817,0.13248,0.077325,0.11992,0.051656,0.11387,0.058267,0.057481,0.051169,0.066753,0.09713,0.065102,0.066885,0.10455,0.20597,0.063837,0.093291,0.076997,0.055924,0.090843,0.069054,0.046837,0.037621,0.053138,0.06575,0.085841,0.16902,0.056413,0.062663,0.11373,0.088254,0.061048,0.048334,0.051775,0.042459,0.054453
0.20063,0.049277,0.043971,0.075088,0.065835,0.11919,0.069188,0.054612,0.044605,0.04477,0,0.32135,0.030915,0.061342,0.029446,0.039146,0.057578,0.047241,0.045364,0.041618,0.094331,0.086999,0.066538,0.10252,0.060596,0.03361,0.062658,0.043205,0.059064,0.042719,0.065972,0.074926,0.079717,0.045077,0.04541,0.053296,0.095983,0.062892,0.11323,0.056707,0.03795,0.057118,0.038413,0.045752,0.041422,0.055844,0.041078,0.096932,0.11501,0.046298,0.092233,0.061923,0.098078,0.064362,0.074609,0.22389,0.19861,0.073839,0.026404,0.0588,0.05615,0.085455,0.058086,0.064472,0.055234,0.16337,0.066156,0.061217,0.092752,0.046208,0.036137,0.036392,0.063738,0.04856,0.039934,0.43368,0.038072,0.035768,0.053523,0.047471,0.048049,0.039936,0.047129,0.047653,0.035103,0.053467,0.050979,0.070687,0.030983,0.043571,0.062364,0.055682,0.041933,0.052225,0.072474,0.069196,0.076699,0.087728,0.056591,0.046975,0.053407,0.085061,0.045919,0.069538,0.076681,0.064233,0.048144,0.024627,0.038188,0.076197,0.084227,0.15324,0.087351,0.046314,0.034083,0.054392,0.068867,0.051818,0.062706,0.055499,0.081538,0.11314,0.15075,0.089184,0.063368,0.037999,0.045596,0.049438,0.10763,0.034935,0.069341,0.044423,0.092473,0.050751,0.041654,0.035664,0.072211,0.048265,0.042622,0.06855,0.073903,0.093825,0.048373,0.080937,0.062643,0.071185,0.10832,0.029809,0.052926,0.046272,0.067303,0.056836,0.080391,0.046664,0.054542,0.039701,0.1898,0.039572,0.065521,0.051455,0.037562,0.048565,0.058263,0.057726,0.069542,0.11647,0.058028,0.095981,0.038497,0.10229,0.039246,0.048945,0.048567,0.054959,0.080281,0.05616,0.051705,0.097659,0.18146,0.05171,0.072837,0.053511,0.047629,0.081991,0.051024,0.043576,0.029739,0.047742,0.058232,0.062447,0.13806,0.044694,0.050516,0.094504,0.080562,0.060091,0.038085,0.040886,0.032279,0.039991
0.32824,0.30903,0.31762,0.33294,0.30788,0.31844,0.29109,0.30659,0.30441,0.31999,0.32135,0,0.31737,0.30911,0.31911,0.32049,0.31739,0.32233,0.31671,0.32419,0.29654,0.35036,0.30679,0.33222,0.3352,0.31428,0.29369,0.327,0.32395,0.32466,0.29181,0.32888,0.31603,0.31275,0.30087,0.34725,0.30186,0.30071,0.32905,0.29232,0.31605,0.29698,0.30616,0.31515,0.31131,0.2944,0.29606,0.27306,0.31306,0.29604,0.31275,0.33043,0.31108,0.28212,0.29051,0.34186,0.41288,0.29608,0.32193,0.32045,0.30217,0.28783,0.30347,0.31857,0.33846,0.36048,0.30436,0.33266,0.30346,0.30624,0.31348,0.30939,0.32561,0.31955,0.31743,0.49834,0.30211,0.32606,0.29558,0.31329,0.2967,0.32627,0.3111,0.32287,0.31808,0.3147,0.31414,0.29439,0.32286,0.31259,0.30567,0.30421,0.301,0.30933,0.30488,0.30288,0.29923,0.30192,0.2947,0.31654,0.31571,0.32665,0.29785,0.29104,0.28922,0.3092,0.30806,0.31803,0.31666,0.299,0.30712,0.33958,0.28754,0.29513,0.31629,0.31207,0.31079,0.33841,0.34656,0.31041,0.32021,0.33346,0.38322,0.35628,0.31936,0.31688,0.29314,0.29702,0.32501,0.32282,0.3135,0.30238,0.30476,0.2985,0.30426,0.3144,0.3293,0.29727,0.31454,0.27502,0.32677,0.32259,0.30686,0.28726,0.34043,0.30206,0.29499,0.31208,0.29068,0.30153,0.3161,0.29855,0.34786,0.35027,0.35362,0.3068,0.25303,0.31308,0.32099,0.31026,0.30717,0.32934,0.30053,0.30653,0.32203,0.32286,0.30842,0.28686,0.32161,0.31944,0.33758,0.30243,0.30823,0.30519,0.31958,0.28979,0.3347,0.2898,0.38206,0.29887,0.34345,0.337,0.31705,0.27453,0.35078,0.30391,0.32158,0.32267,0.30724,0.3142,0.36419,0.32223,0.3029,0.31247,0.33304,0.30075,0.31946,0.29982,0.32215,0.31502
0.20282,0.050087,0.037333,0.079798,0.065924,0.11655,0.075349,0.063694,0.050296,0.043735,0.030915,0.31737,0,0.062294,0.04099,0.035487,0.06355,0.040481,0.052202,0.049828,0.10049,0.084698,0.0705,0.10582,0.074332,0.023822,0.060882,0.050791,0.065366,0.057877,0.068143,0.070503,0.075883,0.056947,0.048955,0.062947,0.091868,0.057313,0.11399,0.054715,0.031588,0.057467,0.026286,0.055383,0.038828,0.058833,0.040927,0.10019,0.11885,0.051247,0.082641,0.07081,0.093682,0.065287,0.070265,0.223,0.20423,0.07974,0.041941,0.048496,0.049428,0.079518,0.056849,0.070766,0.058307,0.15872,0.061267,0.058816,0.091371,0.045317,0.033644,0.044133,0.055504,0.04102,0.036977,0.42009,0.038225,0.04666,0.058045,0.045587,0.046846,0.035742,0.054356,0.050728,0.034329,0.056682,0.049199,0.067287,0.031716,0.043513,0.062069,0.059343,0.047304,0.051735,0.075488,0.069737,0.076851,0.095654,0.058563,0.052886,0.052258,0.080443,0.054037,0.071788,0.075505,0.051809,0.040439,0.02891,0.043443,0.073457,0.07177,0.15229,0.09308,0.040198,0.033286,0.05885,0.072461,0.063493,0.066935,0.052646,0.090677,0.12778,0.15826,0.082142,0.055776,0.041302,0.051763,0.045762,0.10036,0.038603,0.078262,0.048913,0.097198,0.04938,0.038613,0.037127,0.074591,0.049577,0.040008,0.070825,0.072362,0.093232,0.053345,0.084104,0.064904,0.075205,0.10729,0.040468,0.058551,0.049186,0.068977,0.059075,0.097911,0.055406,0.059184,0.03992,0.19286,0.03944,0.066885,0.041929,0.047103,0.048673,0.061204,0.05816,0.077528,0.11947,0.06873,0.10515,0.041074,0.11716,0.044774,0.0482,0.047474,0.051962,0.079487,0.055562,0.049849,0.10453,0.18572,0.041718,0.071346,0.063884,0.039174,0.091336,0.053507,0.042494,0.029055,0.054913,0.05187,0.063918,0.14026,0.041005,0.060393,0.095976,0.079512,0.057051,0.049909,0.033868,0.022206,0.040145
0.22956,0.071278,0.052316,0.10361,0.0798,0.13559,0.060811,0.083314,0.065679,0.063732,0.061342,0.30911,0.062294,0,0.065611,0.050251,0.062745,0.069034,0.056968,0.08277,0.097513,0.097902,0.072425,0.1373,0.099522,0.059922,0.056683,0.062165,0.086143,0.078521,0.056996,0.082739,0.085189,0.067462,0.053275,0.068456,0.094458,0.071658,0.13652,0.053212,0.056798,0.06918,0.051454,0.076352,0.057182,0.055846,0.066448,0.081058,0.12917,0.078141,0.11084,0.090871,0.099138,0.07159,0.079448,0.21622,0.23018,0.069563,0.062379,0.065079,0.058726,0.085256,0.073901,0.077795,0.095167,0.18697,0.069979,0.072437,0.088125,0.054701,0.051405,0.063067,0.084123,0.063815,0.05396,0.43913,0.059827,0.07746,0.052896,0.058017,0.064962,0.065816,0.059326,0.065825,0.066905,0.039297,0.078626,0.095994,0.064096,0.044185,0.082738,0.063389,0.057409,0.06351,0.052566,0.076661,0.068114,0.086548,0.08445,0.06835,0.034714,0.098882,0.071613,0.061532,0.061865,0.048366,0.064845,0.069627,0.063292,0.074734,0.096661,0.1591,0.075937,0.063263,0.052314,0.055018,0.082675,0.079304,0.074547,0.031497,0.0768,0.11919,0.17333,0.11334,0.077395,0.067035,0.05686,0.045426,0.1118,0.085375,0.093659,0.061343,0.10631,0.064458,0.050461,0.062641,0.092573,0.054526,0.05278,0.074539,0.080097,0.12896,0.033982,0.10362,0.074077,0.090409,0.085568,0.055436,0.044574,0.050133,0.054847,0.053531,0.092979,0.086704,0.087091,0.056555,0.17979,0.05682,0.098636,0.05248,0.069577,0.080175,0.074299,0.062407,0.083343,0.13828,0.078179,0.11393,0.051763,0.13264,0.07461,0.076217,0.047674,0.066636,0.083184,0.066964,0.067076,0.10742,0.20391,0.070422,0.1028,0.075246,0.060519,0.097424,0.07813,0.057603,0.061848,0.057429,0.05425,0.092654,0.17009,0.061495,0.080889,0.1167,0.10502,0.069839,0.058639,0.06236,0.059827,0.070096
0.19837,0.04539,0.053906,0.070962,0.064476,0.11035,0.072283,0.061152,0.040115,0.052134,0.029446,0.31911,0.04099,0.065611,0,0.039495,0.06115,0.044255,0.053144,0.050488,0.091404,0.086173,0.063586,0.094708,0.063805,0.037272,0.061281,0.053513,0.055256,0.04801,0.067323,0.087288,0.071259,0.050245,0.038141,0.050645,0.093751,0.073391,0.1089,0.061665,0.046789,0.058532,0.041862,0.049334,0.03621,0.054178,0.04751,0.098247,0.11544,0.05122,0.091022,0.051014,0.10194,0.07015,0.081755,0.2231,0.20676,0.067621,0.042272,0.055257,0.062524,0.091332,0.061248,0.064306,0.056494,0.16982,0.072188,0.060422,0.10424,0.038641,0.037018,0.037234,0.068528,0.047594,0.038724,0.43284,0.046585,0.03513,0.058228,0.056448,0.057118,0.048039,0.046637,0.044784,0.044062,0.056073,0.059989,0.074901,0.039602,0.046833,0.061277,0.060677,0.038994,0.063539,0.077357,0.075181,0.074908,0.094935,0.059022,0.040529,0.058868,0.080687,0.05647,0.074025,0.084271,0.065816,0.038898,0.034465,0.045863,0.080615,0.083748,0.16639,0.083611,0.057854,0.049187,0.061225,0.067792,0.050975,0.064198,0.062032,0.079593,0.11014,0.13626,0.08434,0.063195,0.045347,0.050783,0.053788,0.10381,0.041636,0.069156,0.054793,0.081512,0.051817,0.052128,0.039949,0.058228,0.056276,0.046285,0.076195,0.088443,0.089912,0.049013,0.08928,0.065429,0.071391,0.10693,0.042464,0.053483,0.049154,0.06891,0.056028,0.078095,0.044066,0.055026,0.043975,0.18648,0.036304,0.07997,0.051518,0.0463,0.048816,0.052799,0.061788,0.075673,0.10952,0.064538,0.089114,0.046045,0.10408,0.040627,0.060542,0.050302,0.06846,0.073159,0.057734,0.047981,0.094487,0.16904,0.048796,0.07521,0.055234,0.050886,0.084861,0.052266,0.053236,0.038622,0.043789,0.054333,0.066321,0.12727,0.048022,0.062087,0.090898,0.086298,0.052965,0.048179,0.038056,0.043328,0.04317
0.21022,0.051516,0.042485,0.085485,0.055451,0.12801,0.065125,0.071395,0.044723,0.047977,0.039146,0.32049,0.035487,0.050251,0.039495,0,0.064282,0.047332,0.050048,0.05257,0.096709,0.082575,0.060463,0.11798,0.070894,0.037026,0.056301,0.038308,0.062949,0.053421,0.060717,0.083723,0.079186,0.057893,0.039087,0.052764,0.092721,0.068931,0.11966,0.0589,0.038216,0.04881,0.027807,0.052,0.030526,0.052011,0.047735,0.093243,0.11703,0.058959,0.088785,0.073232,0.096422,0.070157,0.073837,0.23458,0.2121,0.072977,0.047625,0.055184,0.051986,0.083165,0.051206,0.066194,0.068317,0.17802,0.066325,0.054172,0.093434,0.041419,0.04036,0.044029,0.064993,0.050157,0.029485,0.43246,0.040499,0.047959,0.052403,0.051727,0.052794,0.041366,0.048606,0.039554,0.047042,0.046923,0.054791,0.0783,0.041737,0.03224,0.066954,0.056534,0.039928,0.049686,0.061441,0.060037,0.071743,0.086575,0.066087,0.053399,0.040681,0.080695,0.058689,0.072963,0.074675,0.051092,0.040679,0.043406,0.045673,0.075579,0.082836,0.16416,0.074905,0.053082,0.044215,0.04431,0.076207,0.048144,0.050186,0.045965,0.072719,0.11043,0.14968,0.087168,0.052853,0.046954,0.053216,0.042218,0.10084,0.057909,0.068439,0.056713,0.088846,0.05256,0.034368,0.04492,0.075243,0.055122,0.029425,0.06852,0.072944,0.10604,0.045401,0.082614,0.054375,0.069627,0.1003,0.044766,0.053447,0.040414,0.068379,0.05247,0.081755,0.060115,0.056481,0.050321,0.18404,0.040086,0.079671,0.036936,0.048694,0.047448,0.065915,0.055745,0.08232,0.12127,0.06954,0.10371,0.04854,0.11639,0.04992,0.060542,0.036762,0.0616,0.0635,0.054347,0.046143,0.10456,0.18284,0.05365,0.070818,0.062099,0.049242,0.09367,0.054867,0.048684,0.034789,0.047598,0.043066,0.06604,0.14559,0.037913,0.063561,0.10076,0.096358,0.066837,0.054409,0.047875,0.040125,0.039239
0.21171,0.056894,0.059856,0.087375,0.082679,0.12467,0.059851,0.076369,0.07128,0.070472,0.057578,0.31739,0.06355,0.062745,0.06115,0.064282,0,0.066495,0.041082,0.077919,0.092254,0.090204,0.066864,0.1216,0.081596,0.057488,0.059615,0.068838,0.071082,0.08585,0.054396,0.077737,0.09923,0.05526,0.064158,0.068766,0.099294,0.066373,0.11562,0.058446,0.068459,0.088547,0.062379,0.05726,0.057111,0.062113,0.062581,0.10386,0.13881,0.057806,0.096308,0.088664,0.10467,0.065974,0.10226,0.20673,0.22344,0.076726,0.06192,0.075237,0.060738,0.083856,0.073956,0.065731,0.087989,0.17636,0.08399,0.06508,0.10651,0.061049,0.056209,0.061239,0.10372,0.067132,0.059431,0.43945,0.069037,0.073882,0.05981,0.054468,0.064092,0.070953,0.063521,0.055346,0.054825,0.049405,0.07866,0.077365,0.058211,0.061971,0.068556,0.074802,0.062588,0.076772,0.072826,0.06905,0.062769,0.0691,0.07979,0.063878,0.070064,0.090443,0.064087,0.074327,0.082202,0.070561,0.071715,0.065653,0.06498,0.071879,0.10148,0.14647,0.090011,0.060197,0.05816,0.060529,0.05278,0.077949,0.078822,0.064276,0.078268,0.12487,0.17531,0.095894,0.094224,0.057236,0.050449,0.060635,0.098712,0.076641,0.10251,0.062955,0.11797,0.049775,0.056357,0.06878,0.07647,0.065675,0.065827,0.074505,0.10204,0.10481,0.049667,0.097117,0.062851,0.1011,0.091881,0.056077,0.063966,0.060238,0.065024,0.045717,0.093206,0.086407,0.087403,0.059165,0.19074,0.056402,0.10644,0.071893,0.074947,0.078592,0.067888,0.057483,0.079852,0.13415,0.055318,0.10013,0.051434,0.13994,0.075564,0.067915,0.060939,0.072092,0.088708,0.070547,0.071597,0.093196,0.18917,0.069698,0.10318,0.057975,0.064017,0.087972,0.077756,0.05834,0.063464,0.0697,0.060468,0.089254,0.14138,0.071865,0.088479,0.11303,0.09096,0.070888,0.053577,0.067112,0.067164,0.065964
0.22464,0.051841,0.044177,0.082099,0.080523,0.12239,0.069059,0.063133,0.056607,0.053869,0.047241,0.32233,0.040481,0.069034,0.044255,0.047332,0.066495,0,0.056306,0.066711,0.089247,0.066754,0.060767,0.12198,0.082763,0.040986,0.056907,0.05666,0.081392,0.058928,0.063474,0.061231,0.070074,0.064655,0.0461,0.063835,0.091117,0.075405,0.11692,0.059017,0.03209,0.069598,0.044268,0.045611,0.040872,0.049219,0.051169,0.10334,0.12704,0.056779,0.092104,0.07368,0.11207,0.065346,0.079406,0.2246,0.22938,0.086918,0.052897,0.051049,0.052718,0.092621,0.068629,0.061951,0.071421,0.18042,0.061063,0.039714,0.097502,0.043605,0.04643,0.049231,0.06214,0.049993,0.032548,0.43347,0.060936,0.051372,0.062163,0.046289,0.048336,0.044803,0.047122,0.050986,0.049857,0.051381,0.047572,0.079577,0.04655,0.044193,0.064372,0.065983,0.048592,0.056162,0.06955,0.070099,0.074155,0.10399,0.074813,0.056485,0.065623,0.071884,0.066767,0.065708,0.069909,0.057108,0.047532,0.045566,0.060394,0.068484,0.07267,0.15818,0.087279,0.04882,0.050364,0.067308,0.065681,0.06594,0.071386,0.059167,0.077309,0.13287,0.1583,0.092497,0.058284,0.049342,0.055959,0.054019,0.098563,0.052632,0.094967,0.048387,0.094222,0.049023,0.050427,0.050526,0.080631,0.052316,0.037892,0.081481,0.082575,0.10959,0.05723,0.093644,0.066294,0.098608,0.10897,0.056629,0.066873,0.046211,0.070861,0.056521,0.088295,0.05823,0.060584,0.040824,0.18521,0.038686,0.093342,0.039181,0.064676,0.043291,0.064304,0.044204,0.084573,0.11731,0.080375,0.11515,0.052318,0.1304,0.047129,0.063975,0.045431,0.063395,0.077561,0.051925,0.050729,0.10261,0.18976,0.050165,0.085135,0.07569,0.029492,0.098387,0.05528,0.048315,0.04207,0.061446,0.04573,0.060841,0.14587,0.059133,0.081785,0.10767,0.087002,0.06632,0.044729,0.049958,0.034721,0.038684
0.22117,0.054378,0.03775,0.094874,0.078776,0.13947,0.051112,0.06624,0.056564,0.052504,0.045364,0.31671,0.052202,0.056968,0.053144,0.050048,0.041082,0.056306,0,0.060271,0.083074,0.085952,0.070099,0.12395,0.068172,0.039292,0.042173,0.043321,0.073471,0.066422,0.043484,0.069995,0.09068,0.04865,0.047187,0.054939,0.10394,0.057385,0.12648,0.046852,0.050112,0.072586,0.048959,0.046661,0.044296,0.050198,0.045577,0.090873,0.13758,0.05599,0.097392,0.08155,0.093407,0.052667,0.081238,0.22002,0.22231,0.073176,0.05049,0.071701,0.053162,0.08598,0.06131,0.047907,0.078406,0.18205,0.06942,0.054291,0.089992,0.044606,0.047515,0.052217,0.080919,0.061202,0.042116,0.42974,0.050141,0.052648,0.047095,0.032005,0.04109,0.054834,0.04578,0.040301,0.042666,0.03978,0.06556,0.074735,0.04919,0.044185,0.058476,0.059062,0.051939,0.058648,0.053144,0.05821,0.060393,0.066665,0.059601,0.049156,0.062145,0.074047,0.048435,0.054455,0.064208,0.065384,0.054476,0.053051,0.052805,0.056237,0.097866,0.14552,0.078744,0.043514,0.041093,0.045156,0.065237,0.070764,0.069191,0.049824,0.071061,0.11827,0.17295,0.10024,0.080059,0.042195,0.037591,0.046464,0.11026,0.065873,0.084372,0.04681,0.10437,0.035705,0.03735,0.054116,0.085419,0.051649,0.042639,0.068894,0.082259,0.1073,0.045073,0.086074,0.053785,0.085194,0.092924,0.037985,0.056006,0.042702,0.067204,0.036915,0.091696,0.073605,0.067835,0.047677,0.17736,0.036612,0.085872,0.054863,0.06608,0.05467,0.06923,0.051389,0.063926,0.1304,0.046817,0.11018,0.044064,0.12576,0.063903,0.042826,0.045366,0.064239,0.078714,0.049148,0.06465,0.074427,0.19536,0.057529,0.091664,0.057094,0.052104,0.080968,0.064576,0.032503,0.042076,0.048499,0.051252,0.069911,0.15446,0.050379,0.073733,0.11533,0.089874,0.066863,0.04552,0.059754,0.050056,0.047624
0.20419,0.056018,0.058871,0.089998,0.075296,0.13807,0.088135,0.061453,0.052636,0.048009,0.041618,0.32419,0.049828,0.08277,0.050488,0.05257,0.077919,0.066711,0.060271,0,0.11195,0.10266,0.085751,0.1057,0.051873,0.051822,0.072389,0.055033,0.068954,0.046054,0.086395,0.096666,0.10514,0.057757,0.066569,0.065894,0.12536,0.068463,0.12278,0.077453,0.053438,0.064963,0.055215,0.052138,0.06414,0.076518,0.055412,0.10186,0.12029,0.055663,0.099201,0.067571,0.10133,0.077518,0.075888,0.23512,0.20804,0.08883,0.048503,0.080811,0.078745,0.11014,0.077097,0.085021,0.044696,0.16733,0.086602,0.0819,0.10634,0.068891,0.063707,0.058619,0.070382,0.060705,0.060363,0.4434,0.055261,0.04245,0.078393,0.063175,0.061671,0.059327,0.067802,0.054566,0.049754,0.073582,0.063842,0.07842,0.052006,0.061685,0.081437,0.059662,0.06193,0.065141,0.087177,0.075951,0.098613,0.10574,0.053314,0.051708,0.07537,0.093588,0.056398,0.085553,0.086164,0.08362,0.063732,0.046599,0.0493,0.090615,0.093743,0.15997,0.090782,0.063821,0.057559,0.059464,0.092293,0.058443,0.078627,0.072732,0.086978,0.11266,0.1457,0.086255,0.068747,0.047992,0.063511,0.065792,0.11332,0.046982,0.078293,0.066502,0.10178,0.059695,0.051866,0.053048,0.084799,0.073439,0.056323,0.078049,0.081725,0.092172,0.072115,0.075725,0.078237,0.075327,0.13017,0.052665,0.073986,0.065135,0.094337,0.078104,0.086903,0.050458,0.045457,0.063007,0.19493,0.063464,0.065237,0.061834,0.052311,0.054812,0.078308,0.07859,0.08493,0.12267,0.076588,0.11197,0.064934,0.10214,0.045645,0.056511,0.062637,0.073765,0.085918,0.069479,0.077414,0.10596,0.17998,0.070783,0.069182,0.057736,0.063819,0.094919,0.073845,0.057526,0.038477,0.065172,0.076085,0.074564,0.14862,0.054913,0.050349,0.08601,0.091787,0.081462,0.060605,0.054412,0.052248,0.050122
0.2283,0.10489,0.089905,0.11743,0.12194,0.15052,0.088171,0.11199,0.090239,0.096645,0.094331,0.29654,0.10049,0.097513,0.091404,0.096709,0.092254,0.089247,0.083074,0.11195,0,0.11198,0.096615,0.15786,0.12014,0.094982,0.071389,0.095862,0.12358,0.097796,0.083374,0.10974,0.10462,0.099213,0.080447,0.11123,0.12175,0.11407,0.16447,0.08503,0.094608,0.09989,0.098355,0.086188,0.085742,0.078875,0.087987,0.098404,0.15183,0.097653,0.13158,0.10291,0.10981,0.091382,0.11212,0.24893,0.25799,0.11088,0.099492,0.10319,0.094758,0.11943,0.1033,0.077135,0.12678,0.21733,0.10905,0.098063,0.10203,0.086774,0.098113,0.092574,0.11003,0.086797,0.093556,0.43736,0.090611,0.098264,0.086687,0.084999,0.080911,0.09665,0.080412,0.092586,0.084457,0.078158,0.10073,0.12435,0.097811,0.095697,0.092149,0.10683,0.091062,0.10468,0.08509,0.091675,0.10053,0.1014,0.088997,0.091215,0.099234,0.10612,0.089026,0.086296,0.09348,0.10039,0.097787,0.096651,0.10719,0.094378,0.10205,0.17736,0.10103,0.08443,0.10194,0.098371,0.084369,0.10549,0.12134,0.10399,0.10987,0.13766,0.17547,0.15131,0.10158,0.092177,0.092108,0.097014,0.12872,0.10584,0.11893,0.089709,0.11845,0.085216,0.092806,0.093862,0.12859,0.083581,0.091794,0.090273,0.11898,0.14896,0.091269,0.11755,0.10059,0.12252,0.13002,0.086122,0.079709,0.087479,0.087324,0.079354,0.1249,0.1105,0.1107,0.092375,0.16178,0.086071,0.13385,0.093384,0.10222,0.09661,0.10756,0.085105,0.087738,0.1378,0.087304,0.13482,0.097958,0.1482,0.11059,0.08942,0.097525,0.099463,0.12609,0.084659,0.092382,0.092187,0.23507,0.093653,0.13858,0.11941,0.093784,0.10558,0.10542,0.086825,0.097439,0.09407,0.098116,0.10327,0.17747,0.10762,0.11798,0.15196,0.14114,0.092306,0.085178,0.095782,0.097735,0.09564
0.2267,0.093048,0.08105,0.085505,0.10016,0.13374,0.094951,0.10701,0.093641,0.10215,0.086999,0.35036,0.084698,0.097902,0.086173,0.082575,0.090204,0.066754,0.085952,0.10266,0.11198,0,0.076424,0.13964,0.11123,0.086722,0.0917,0.084637,0.10145,0.085992,0.095527,0.083641,0.11652,0.10058,0.090521,0.08625,0.11286,0.10829,0.12626,0.099446,0.076609,0.11228,0.087841,0.074144,0.084973,0.089772,0.099209,0.14658,0.13503,0.098308,0.083528,0.12148,0.14625,0.10498,0.12068,0.25341,0.23347,0.11286,0.089448,0.08586,0.089314,0.10387,0.088296,0.084713,0.093671,0.1803,0.10927,0.051403,0.11838,0.088937,0.092766,0.085408,0.1064,0.093723,0.075442,0.45726,0.090729,0.089984,0.10199,0.079437,0.097285,0.097161,0.093161,0.071919,0.092565,0.080417,0.083386,0.10166,0.097708,0.081438,0.10049,0.119,0.098078,0.092347,0.094217,0.1083,0.10169,0.12685,0.11137,0.10794,0.09919,0.10425,0.10224,0.089762,0.10603,0.093087,0.087351,0.086153,0.090564,0.10179,0.08987,0.16456,0.12687,0.096574,0.086349,0.096804,0.082132,0.10586,0.096282,0.097203,0.088984,0.15871,0.1829,0.094975,0.099262,0.095765,0.09912,0.097751,0.122,0.090547,0.11716,0.09022,0.1268,0.093798,0.084621,0.091888,0.094869,0.077979,0.075487,0.11633,0.11872,0.12338,0.090205,0.11494,0.093099,0.12685,0.11296,0.089635,0.1044,0.088797,0.10262,0.094212,0.10759,0.094183,0.087057,0.084622,0.19226,0.079977,0.12632,0.081616,0.092723,0.083865,0.094399,0.085472,0.11443,0.151,0.10635,0.14414,0.091198,0.16397,0.084595,0.10261,0.090784,0.090335,0.077287,0.090719,0.076161,0.11425,0.18815,0.092458,0.093435,0.089324,0.06636,0.12913,0.074112,0.090031,0.084078,0.10182,0.078193,0.08044,0.14438,0.093779,0.12545,0.11498,0.1154,0.11544,0.089473,0.095718,0.076581,0.082046
0.21227,0.067677,0.071617,0.079865,0.061922,0.11768,0.050628,0.082729,0.066375,0.083412,0.066538,0.30679,0.0705,0.072425,0.063586,0.060463,0.066864,0.060767,0.070099,0.085751,0.096615,0.076424,0,0.12972,0.091154,0.072564,0.074929,0.067186,0.072134,0.071691,0.056819,0.091525,0.098247,0.060642,0.053662,0.081676,0.081717,0.082639,0.096597,0.073335,0.069337,0.069192,0.067174,0.056655,0.0549,0.052293,0.074545,0.10287,0.1162,0.062535,0.08921,0.097407,0.13207,0.070102,0.085346,0.21775,0.2285,0.077168,0.073062,0.064639,0.065161,0.073143,0.064739,0.07448,0.091465,0.17855,0.07225,0.062025,0.11591,0.058445,0.062352,0.053267,0.093842,0.077769,0.05342,0.4612,0.06671,0.070472,0.067141,0.068339,0.073663,0.07809,0.064094,0.060796,0.075718,0.057815,0.060632,0.07824,0.076331,0.062524,0.08651,0.07939,0.058827,0.066948,0.074725,0.078855,0.063906,0.09317,0.088917,0.081807,0.079464,0.095954,0.069053,0.07772,0.08695,0.081596,0.066016,0.067174,0.064304,0.087985,0.093571,0.14825,0.075399,0.066664,0.0769,0.077882,0.058424,0.080992,0.081245,0.072646,0.070839,0.13734,0.18109,0.098746,0.091992,0.076754,0.059833,0.064338,0.099747,0.084664,0.087225,0.061082,0.1101,0.061188,0.060023,0.066939,0.080969,0.059056,0.062721,0.071801,0.091006,0.11369,0.063201,0.086837,0.07981,0.096631,0.089741,0.075567,0.066151,0.052514,0.081206,0.054083,0.078394,0.090034,0.088258,0.071807,0.1656,0.062074,0.11327,0.067408,0.069516,0.069937,0.075959,0.059569,0.1049,0.14139,0.082214,0.10237,0.066717,0.12584,0.075738,0.086534,0.062829,0.06191,0.059982,0.070517,0.071783,0.10588,0.17163,0.07523,0.1047,0.075246,0.060485,0.083852,0.085038,0.072415,0.072923,0.082456,0.057905,0.072991,0.14431,0.076101,0.090842,0.1045,0.090704,0.088885,0.070873,0.073219,0.06977,0.06031
