0,0.19906,0.18423,0.18312,0.1764,0.22889,0.16253,0.22826,0.19791,0.20586,0.20509,0.17164,0.18288,0.17528,0.22875,0.20189,0.20284,0.2053,0.21704,0.12545,0.18835,0.15955,0.1921,0.20031,0.16463,0.19543,0.21498,0.22182,0.19213,0.18511,0.18091,0.1782,0.17568,0.17283,0.18195,0.19964,0.1904,0.1969,0.18829,0.19935,0.17533,0.18541,0.22144,0.16991,0.19163,0.16781,0.18723,0.17516,0.2093,0.2191,0.16906,0.20436,0.18737,0.18456,0.15062,0.18439,0.20481,0.18656,0.11012,0.20114,0.18554,0.2015,0.17987,0.19315,0.18446,0.19803,0.20524,0.19298,0.18567,0.16495,0.20058,0.23493,0.21122,0.21125,0.20487,0.20061,0.19736,0.16339,0.1901,0.19592,0.20401,0.16819,0.20246,0.17629,0.20429,0.20047,0.20572,0.22354,0.19627,0.20905,0.22884,0.1766,0.21179,0.19267,0.18762,0.19059,0.1995,0.15673,0.19882,0.19792,0.27091,0.18636,0.17225,0.19349,0.16639,0.19928,0.22445,0.17871,0.20765,0.15878,0.20367,0.18564,0.18221,0.16527,0.18416,0.17736,0.25896,0.17486,0.21224,0.2012,0.15667,0.15339,0.23027,0.19489,0.19822,0.14074,0.19982,0.16257,0.22314,0.23267,0.15437,0.2046,0.18357,0.18409,0.19647,0.1819,0.17408,0.18075,0.19941,0.20054,0.19668,0.25874,0.20698,0.19116,0.20077,0.17746,0.19645,0.21666,0.20215,0.18028,0.20439,0.1974,0.1892,0.21271,0.18165,0.18559,0.20666,0.19703,0.18986,0.1761,0.26502,0.24719,0.19392,0.23238,0.18476,0.17649,0.18378,0.24089,0.19798,0.20277,0.19068,0.20401,0.18744,0.18208,0.15319,0.19874,0.20243,0.17575,0.17828,0.13324,0.20447,0.19239,0.17418,0.20214,0.21067,0.19999
0.19906,0,0.046388,0.099743,0.11253,0.27431,0.10472,0.074662,0.043019,0.057425,0.084493,0.10229,0.033756,0.075887,0.077963,0.053481,0.065801,0.099034,0.070058,0.11729,0.095032,0.093969,0.050754,0.047976,0.077886,0.077738,0.065061,0.073561,0.048975,0.061368,0.067939,0.12476,0.056985,0.084832,0.080316,0.044726,0.039629,0.032121,0.05238,0.045815,0.098416,0.056098,0.067489,0.17552,0.076728,0.10276,0.059944,0.089939,0.10855,0.09607,0.14912,0.092323,0.082596,0.09901,0.092162,0.083851,0.088126,0.073433,0.17645,0.077236,0.058744,0.043956,0.058018,0.066209,0.06553,0.040381,0.054574,0.1406,0.062347,0.056555,0.044171,0.079045,0.092375,0.10611,0.054815,0.048253,0.10474,0.10339,0.042917,0.10408,0.055574,0.079239,0.070733,0.086273,0.048076,0.084572,0.075152,0.11618,0.057202,0.060329,0.096236,0.06086,0.035639,0.050403,0.036159,0.083203,0.063101,0.096881,0.058818,0.060555,0.23944,0.059804,0.086108,0.039097,0.10056,0.050282,0.1183,0.069293,0.09768,0.13977,0.048385,0.033395,0.054868,0.082212,0.067783,0.085493,0.13171,0.079544,0.098376,0.028673,0.090051,0.084721,0.091391,0.03199,0.04565,0.083558,0.07165,0.08072,0.063222,0.21493,0.11278,0.046575,0.064151,0.042454,0.071554,0.041836,0.064792,0.10216,0.047781,0.059447,0.041413,0.13293,0.040358,0.064578,0.036988,0.046523,0.054352,0.12755,0.043282,0.07763,0.05628,0.17006,0.068466,0.10522,0.053934,0.11543,0.055156,0.065753,0.046416,0.079049,0.20913,0.15858,0.075651,0.25223,0.055599,0.072796,0.06237,0.096652,0.048402,0.080628,0.036254,0.056552,0.05416,0.04792,0.15127,0.10654,0.058481,0.083683,0.095855,0.13866,0.051314,0.052643,0.074411,0.041794,0.06409,0.074531
0.18423,0.046388,0,0.089168,0.10895,0.26761,0.091471,0.08896,0.048735,0.075038,0.076631,0.085511,0.045675,0.054083,0.087961,0.062722,0.049229,0.071586,0.079105,0.11327,0.081531,0.082,0.045527,0.042939,0.070823,0.072469,0.078067,0.074693,0.06333,0.053368,0.067698,0.12276,0.061266,0.074758,0.077435,0.050639,0.052162,0.045758,0.04033,0.050374,0.080691,0.035504,0.074021,0.17865,0.067663,0.089081,0.056103,0.079343,0.092479,0.076033,0.129,0.094768,0.066284,0.080993,0.094422,0.073105,0.084931,0.05629,0.17489,0.073191,0.053942,0.049467,0.070161,0.053767,0.0795,0.049893,0.07084,0.12689,0.049673,0.058455,0.034034,0.082201,0.079331,0.088693,0.064684,0.045298,0.08806,0.098038,0.030338,0.10339,0.05033,0.065644,0.056314,0.088821,0.044598,0.085554,0.082463,0.11326,0.049754,0.065084,0.10386,0.044552,0.05742,0.060097,0.046299,0.062619,0.055465,0.089621,0.051181,0.057647,0.22058,0.049437,0.074489,0.050611,0.09173,0.069212,0.11266,0.072897,0.091737,0.12952,0.044567,0.04157,0.055049,0.0704,0.063314,0.092564,0.14144,0.072136,0.1031,0.04507,0.06682,0.072889,0.10313,0.036404,0.03964,0.069479,0.074854,0.075844,0.05974,0.21788,0.11441,0.062385,0.050065,0.037195,0.055494,0.037524,0.049776,0.099418,0.046334,0.054407,0.044051,0.12535,0.054607,0.075546,0.049558,0.047239,0.036024,0.12396,0.043603,0.066674,0.050977,0.16719,0.067532,0.10464,0.037617,0.11956,0.057571,0.065877,0.052813,0.070118,0.19948,0.1476,0.065181,0.23535,0.043298,0.075609,0.054703,0.1067,0.045536,0.074451,0.045789,0.0618,0.064932,0.037577,0.13671,0.087795,0.060785,0.079594,0.088755,0.12498,0.050256,0.052026,0.064845,0.041035,0.058698,0.069652
0.18312,0.099743,0.089168,0,0.090187,0.23253,0.074074,0.097909,0.084186,0.12361,0.10034,0.10742,0.090464,0.09392,0.1198,0.10914,0.085468,0.10445,0.12482,0.11622,0.1232,0.11737,0.095753,0.10202,0.086793,0.082448,0.12831,0.11249,0.10872,0.10925,0.083825,0.1356,0.086023,0.074494,0.099448,0.094106,0.082294,0.085647,0.095175,0.10635,0.12209,0.08972,0.12404,0.1906,0.099042,0.097606,0.10629,0.084575,0.12999,0.11469,0.13038,0.1254,0.1327,0.13302,0.097576,0.098253,0.093722,0.10468,0.16062,0.11096,0.10329,0.10885,0.093604,0.10249,0.10806,0.10106,0.12032,0.14205,0.076883,0.10993,0.10527,0.14487,0.12363,0.1344,0.088665,0.10885,0.12734,0.086855,0.089758,0.14468,0.088952,0.1123,0.11038,0.10216,0.09938,0.13439,0.13572,0.15173,0.098821,0.092755,0.14037,0.10145,0.11364,0.10996,0.086468,0.11612,0.12071,0.11389,0.10146,0.094256,0.23262,0.091295,0.091666,0.097752,0.08046,0.10039,0.12638,0.072721,0.12602,0.11188,0.10436,0.090289,0.086184,0.10138,0.065932,0.088911,0.17749,0.12106,0.13288,0.096206,0.083107,0.084051,0.14433,0.089724,0.10222,0.087709,0.11043,0.098778,0.11638,0.21262,0.13101,0.12579,0.079315,0.093914,0.08959,0.10313,0.099422,0.096556,0.073863,0.075661,0.089201,0.19066,0.11585,0.11223,0.088097,0.086973,0.093419,0.11189,0.099535,0.094146,0.10488,0.18899,0.088673,0.098351,0.094184,0.11291,0.093919,0.11786,0.094718,0.091464,0.22648,0.13147,0.1152,0.20596,0.077442,0.068321,0.083424,0.1475,0.091413,0.10996,0.087949,0.10668,0.099949,0.090146,0.13586,0.1189,0.10193,0.10373,0.1001,0.092928,0.10208,0.088994,0.096592,0.07889,0.10153,0.11479
0.1764,0.11253,0.10895,0.090187,0,0.24525,0.084091,0.10737,0.10197,0.12349,0.1134,0.11576,0.099485,0.11196,0.1428,0.10406,0.11029,0.13168,0.13546,0.1147,0.15775,0.10925,0.11214,0.11069,0.095796,0.12174,0.13397,0.14038,0.10735,0.11797,0.095221,0.13418,0.10247,0.10234,0.085161,0.11357,0.093697,0.10089,0.10701,0.11508,0.13404,0.099216,0.14289,0.16728,0.10224,0.10691,0.12378,0.11553,0.14036,0.12435,0.16149,0.1368,0.15109,0.14144,0.11155,0.11423,0.1224,0.11352,0.16271,0.11716,0.10834,0.12451,0.10789,0.11148,0.12944,0.10005,0.12874,0.14691,0.097168,0.11499,0.1193,0.14904,0.13704,0.14458,0.10235,0.1186,0.15196,0.094472,0.10779,0.13995,0.10176,0.1312,0.12266,0.089438,0.11229,0.14565,0.14413,0.16318,0.099176,0.10731,0.1407,0.1175,0.12346,0.12357,0.093181,0.11273,0.12708,0.1159,0.12265,0.11956,0.21436,0.10232,0.11636,0.1096,0.10848,0.10283,0.15939,0.091173,0.13563,0.1148,0.11237,0.098748,0.10261,0.11768,0.083979,0.10803,0.1889,0.10157,0.12983,0.11051,0.10337,0.084429,0.14328,0.10255,0.11344,0.094257,0.10727,0.10851,0.13319,0.19365,0.13347,0.13251,0.10148,0.10464,0.11041,0.1106,0.10039,0.1128,0.10647,0.111,0.10622,0.20476,0.12178,0.11228,0.10927,0.09622,0.10554,0.086489,0.11365,0.105,0.12281,0.17696,0.092345,0.095925,0.10316,0.13387,0.11287,0.12805,0.10686,0.10232,0.23869,0.18111,0.12429,0.21898,0.09636,0.10987,0.086679,0.16257,0.11216,0.11101,0.10118,0.11877,0.10401,0.097548,0.15101,0.14499,0.11554,0.1151,0.099591,0.09822,0.1254,0.10373,0.10443,0.10242,0.12519,0.12234
0.22889,0.27431,0.26761,0.23253,0.24525,0,0.21196,0.26729,0.26841,0.29608,0.26639,0.25627,0.25944,0.27652,0.28954,0.27833,0.27525,0.24952,0.28558,0.21673,0.28337,0.27541,0.26766,0.27131,0.23101,0.27432,0.29456,0.28993,0.26818,0.26831,0.24191,0.23337,0.24218,0.2385,0.26179,0.26891,0.26314,0.26845,0.26217,0.27432,0.27979,0.27534,0.28224,0.30382,0.28095,0.27128,0.2785,0.24637,0.28044,0.2784,0.26548,0.25414,0.29409,0.26907,0.23767,0.24912,0.26714,0.27562,0.23563,0.27371,0.27356,0.27541,0.26082,0.27149,0.2658,0.2707,0.28468,0.29141,0.27037,0.2688,0.28577,0.33427,0.28736,0.30302,0.27875,0.28037,0.28894,0.26367,0.27085,0.26869,0.2735,0.27108,0.27591,0.23686,0.26672,0.28267,0.30019,0.28695,0.27456,0.27275,0.30359,0.25755,0.27788,0.27766,0.26652,0.26782,0.30541,0.26407,0.27254,0.26922,0.36619,0.27071,0.25721,0.27457,0.21758,0.26436,0.29063,0.24324,0.29369,0.17285,0.28975,0.27222,0.25257,0.25567,0.2557,0.24014,0.30526,0.27798,0.29263,0.27014,0.23386,0.23564,0.30287,0.27002,0.28527,0.2366,0.28396,0.25153,0.28717,0.32376,0.218,0.2992,0.25452,0.26329,0.27356,0.26673,0.26615,0.25424,0.26519,0.26604,0.26853,0.37104,0.28445,0.27515,0.27083,0.25942,0.2784,0.26494,0.27011,0.26691,0.28162,0.29977,0.26909,0.27456,0.2697,0.21629,0.27033,0.27789,0.25616,0.27416,0.30426,0.24963,0.29567,0.28847,0.26902,0.2328,0.25867,0.29804,0.26895,0.28606,0.26773,0.28284,0.25771,0.26412,0.22767,0.28501,0.26542,0.27558,0.27227,0.18545,0.27893,0.27824,0.27292,0.2659,0.27315,0.25515
0.16253,0.10472,0.091471,0.074074,0.084091,0.21196,0,0.10282,0.08458,0.12876,0.085946,0.10642,0.092529,0.091789,0.12979,0.10369,0.087654,0.099105,0.12638,0.11382,0.13412,0.10788,0.085573,0.10261,0.091216,0.10215,0.12511,0.11981,0.10105,0.10695,0.085474,0.12784,0.069777,0.091311,0.081911,0.091885,0.085486,0.088207,0.084849,0.095342,0.1235,0.088533,0.12231,0.16692,0.10174,0.085919,0.1071,0.089879,0.11125,0.12123,0.14873,0.12477,0.12698,0.11626,0.098544,0.083782,0.10233,0.097901,0.15192,0.11698,0.098707,0.10175,0.095565,0.090565,0.11461,0.099162,0.11843,0.14081,0.080796,0.10143,0.1056,0.15365,0.12833,0.12289,0.1043,0.10231,0.11717,0.10051,0.087152,0.1203,0.089798,0.10138,0.10663,0.065893,0.099116,0.13779,0.132,0.14198,0.094783,0.095434,0.14804,0.092014,0.10653,0.10635,0.082365,0.096005,0.11978,0.11207,0.099889,0.092835,0.22261,0.089327,0.094207,0.096682,0.059034,0.1021,0.1355,0.076426,0.14914,0.091429,0.10591,0.091867,0.082149,0.11746,0.064468,0.10254,0.17362,0.109,0.12946,0.094368,0.069637,0.08566,0.14251,0.089765,0.10148,0.084522,0.11301,0.089092,0.10873,0.20849,0.11541,0.12234,0.075291,0.081391,0.10258,0.091579,0.079939,0.11081,0.086642,0.09741,0.086455,0.20037,0.11006,0.11358,0.091618,0.086281,0.094213,0.11008,0.095179,0.091123,0.099501,0.17494,0.094209,0.099692,0.085106,0.095712,0.091155,0.11568,0.085919,0.089562,0.20339,0.13004,0.11687,0.23048,0.082757,0.074418,0.093214,0.14341,0.089836,0.10524,0.090368,0.10878,0.090002,0.091575,0.1234,0.12309,0.10569,0.099921,0.1157,0.081709,0.10047,0.10528,0.080309,0.085252,0.10161,0.10799
0.22826,0.074662,0.08896,0.097909,0.10737,0.26729,0.10282,0,0.066856,0.091077,0.083783,0.11536,0.074626,0.09784,0.091988,0.07306,0.072648,0.11317,0.097714,0.1466,0.13906,0.11192,0.078688,0.084608,0.094744,0.10376,0.095742,0.095604,0.077345,0.10289,0.075986,0.14511,0.076566,0.099483,0.09113,0.063883,0.065649,0.06948,0.081282,0.073892,0.13816,0.088253,0.099142,0.20335,0.10546,0.11074,0.091721,0.091895,0.12976,0.12036,0.16137,0.11402,0.13679,0.12979,0.11246,0.10646,0.099752,0.083249,0.1935,0.11376,0.082645,0.077731,0.085496,0.080208,0.089069,0.070047,0.079617,0.15255,0.084951,0.11205,0.088803,0.11947,0.11402,0.12268,0.063502,0.095272,0.11991,0.12159,0.078077,0.13113,0.070198,0.1187,0.090811,0.085899,0.079923,0.1175,0.11767,0.13502,0.090366,0.065438,0.12812,0.095281,0.081061,0.087979,0.072834,0.10381,0.10667,0.12478,0.090316,0.076575,0.24545,0.089261,0.11157,0.073652,0.11003,0.084056,0.13415,0.075203,0.12926,0.13678,0.090421,0.075471,0.078861,0.11456,0.078096,0.094225,0.15771,0.11688,0.099634,0.072693,0.10425,0.095313,0.11807,0.06861,0.090467,0.1132,0.086857,0.10991,0.086565,0.2249,0.13757,0.097352,0.093982,0.078197,0.094412,0.092814,0.098962,0.11661,0.072448,0.085997,0.066791,0.16796,0.080806,0.086835,0.065506,0.080525,0.080972,0.10317,0.077862,0.083717,0.074296,0.20326,0.087664,0.11094,0.083502,0.11607,0.071049,0.10924,0.071976,0.10052,0.21342,0.14108,0.11702,0.25631,0.078898,0.083107,0.080602,0.10747,0.082707,0.10327,0.073332,0.094318,0.079709,0.085306,0.16565,0.13673,0.091423,0.11286,0.12108,0.13692,0.093026,0.085218,0.09071,0.066059,0.079096,0.11307
0.19791,0.043019,0.048735,0.084186,0.10197,0.26841,0.08458,0.066856,0,0.066882,0.072105,0.10411,0.049081,0.065922,0.089658,0.054808,0.041544,0.093373,0.082019,0.12844,0.10898,0.096022,0.041444,0.055487,0.078167,0.073864,0.074682,0.061688,0.056922,0.07244,0.063567,0.13803,0.058886,0.07893,0.071045,0.040135,0.041791,0.032992,0.050143,0.045221,0.10068,0.048731,0.073438,0.18282,0.070888,0.081327,0.053193,0.078784,0.10398,0.095873,0.13709,0.09724,0.095199,0.098767,0.10118,0.084338,0.089757,0.059259,0.18178,0.080258,0.05797,0.046845,0.062126,0.055062,0.074162,0.046104,0.06765,0.13648,0.057695,0.067668,0.044884,0.094234,0.094576,0.087829,0.054336,0.051484,0.093298,0.092433,0.039796,0.1103,0.051871,0.081929,0.06601,0.072147,0.048923,0.09461,0.085139,0.12037,0.051155,0.058141,0.098143,0.068886,0.055312,0.062659,0.041911,0.081516,0.07064,0.099674,0.057025,0.042679,0.22939,0.065761,0.087966,0.03858,0.091343,0.069726,0.1183,0.050779,0.1155,0.13498,0.055353,0.040544,0.058427,0.093617,0.045523,0.087528,0.13938,0.087215,0.099281,0.038985,0.082957,0.083289,0.10163,0.036041,0.050575,0.085793,0.074402,0.075567,0.054575,0.2056,0.12503,0.063347,0.048957,0.037538,0.071334,0.048177,0.063239,0.10973,0.045518,0.064738,0.041866,0.14514,0.054862,0.074971,0.033705,0.045274,0.050054,0.10858,0.048403,0.073352,0.054415,0.17164,0.061251,0.092863,0.051314,0.11325,0.033371,0.074709,0.053033,0.068274,0.18866,0.13737,0.073049,0.24375,0.044409,0.072572,0.060509,0.10046,0.047847,0.068055,0.043641,0.062248,0.064516,0.048652,0.14981,0.10832,0.066088,0.071872,0.089352,0.12571,0.05661,0.055696,0.057255,0.027017,0.058071,0.088475
0.20586,0.057425,0.075038,0.12361,0.12349,0.29608,0.12876,0.091077,0.066882,0,0.10009,0.11613,0.053952,0.087536,0.089785,0.041739,0.078068,0.12371,0.078305,0.13042,0.12371,0.098279,0.070383,0.069792,0.086707,0.10341,0.066449,0.085403,0.05684,0.082598,0.092355,0.13127,0.081488,0.09946,0.097501,0.070695,0.065277,0.068274,0.081187,0.058102,0.11668,0.068358,0.088795,0.18055,0.091415,0.10991,0.065827,0.103,0.12436,0.12012,0.14487,0.1145,0.111,0.10461,0.10594,0.10351,0.11409,0.077026,0.18898,0.099679,0.074196,0.060499,0.065022,0.074551,0.08218,0.049512,0.05909,0.13863,0.085529,0.077289,0.062449,0.082426,0.10998,0.11421,0.083275,0.071695,0.11302,0.11293,0.070893,0.11894,0.078552,0.085078,0.08429,0.10056,0.068652,0.095259,0.092789,0.12658,0.08042,0.091585,0.11371,0.09104,0.077273,0.063565,0.064394,0.10421,0.069707,0.11313,0.082518,0.08571,0.24996,0.084221,0.098892,0.055722,0.1218,0.083994,0.14724,0.081125,0.10515,0.15062,0.06984,0.05802,0.077288,0.090935,0.089328,0.098505,0.15856,0.085786,0.1217,0.063276,0.11215,0.093581,0.10087,0.070417,0.075164,0.10727,0.087418,0.091866,0.08343,0.19983,0.13155,0.063285,0.084439,0.067004,0.091061,0.073367,0.085382,0.10971,0.079277,0.089398,0.076371,0.1251,0.053076,0.06906,0.063963,0.068536,0.074615,0.12392,0.069349,0.087606,0.076539,0.1611,0.07327,0.13163,0.076716,0.13559,0.069524,0.089102,0.070719,0.10185,0.21358,0.18859,0.090709,0.25116,0.072583,0.10231,0.072159,0.098139,0.080033,0.10062,0.060866,0.06594,0.078099,0.074006,0.15826,0.1088,0.075932,0.1074,0.093818,0.14811,0.077166,0.068581,0.079559,0.073528,0.084689,0.10366
0.20509,0.084493,0.076631,0.10034,0.1134,0.26639,0.085946,0.083783,0.072105,0.10009,0,0.11202,0.07693,0.086004,0.10295,0.082001,0.076481,0.093107,0.1,0.14333,0.11737,0.10677,0.068983,0.093408,0.096941,0.11414,0.10641,0.088962,0.085573,0.089848,0.082056,0.125,0.082706,0.11455,0.080821,0.074126,0.090074,0.074517,0.059761,0.074468,0.11886,0.075946,0.10926,0.18279,0.079705,0.10343,0.098788,0.087203,0.092807,0.11673,0.1487,0.11262,0.11562,0.086572,0.10461,0.10168,0.094776,0.096191,0.197,0.11127,0.075941,0.078097,0.093145,0.075693,0.098476,0.089029,0.098003,0.13482,0.065017,0.085005,0.072137,0.11593,0.1219,0.096005,0.0841,0.072184,0.11219,0.13145,0.074223,0.10809,0.069356,0.088606,0.079054,0.091393,0.07824,0.11092,0.13178,0.11528,0.091349,0.085146,0.11831,0.085455,0.08086,0.09349,0.072885,0.091664,0.080005,0.11072,0.08296,0.092516,0.2328,0.092976,0.084685,0.084369,0.093239,0.077219,0.15094,0.087556,0.13114,0.12997,0.080894,0.071846,0.065658,0.11533,0.077876,0.12354,0.16735,0.099677,0.10591,0.076981,0.081369,0.10361,0.1221,0.075796,0.072947,0.097304,0.081159,0.11126,0.082476,0.24868,0.11595,0.093273,0.075371,0.063092,0.097551,0.07202,0.079063,0.11994,0.074906,0.085987,0.063875,0.16903,0.084942,0.10477,0.065295,0.087208,0.07393,0.13364,0.074943,0.082156,0.082268,0.2018,0.10504,0.11242,0.080734,0.11754,0.082315,0.10271,0.071359,0.10261,0.21147,0.16306,0.091045,0.24916,0.071963,0.09362,0.090012,0.1157,0.082758,0.082582,0.076723,0.087049,0.076148,0.091199,0.15245,0.11241,0.087432,0.10754,0.12978,0.12831,0.076262,0.080437,0.081063,0.075265,0.099619,0.1072
0.17164,0.10229,0.085511,0.10742,0.11576,0.25627,0.10642,0.11536,0.10411,0.11613,0.11202,0,0.091927,0.076786,0.099473,0.099163,0.10214,0.11751,0.10483,0.1164,0.12128,0.074307,0.10036,0.096248,0.10147,0.11296,0.1087,0.12489,0.10412,0.090986,0.11069,0.11252,0.095218,0.097867,0.10687,0.095284,0.09502,0.10403,0.086625,0.094895,0.12151,0.09235,0.11238,0.18552,0.13064,0.089406,0.090029,0.10149,0.12305,0.10019,0.14535,0.12136,0.10338,0.11905,0.08847,0.10038,0.11695,0.094255,0.16778,0.10297,0.08817,0.093747,0.088903,0.091619,0.12542,0.097054,0.10201,0.14191,0.090297,0.10326,0.098624,0.1299,0.087124,0.11587,0.094809,0.104,0.11832,0.1159,0.086158,0.11204,0.095357,0.10046,0.089185,0.10411,0.090657,0.11713,0.10788,0.11745,0.089727,0.090196,0.13659,0.088046,0.1129,0.09318,0.091038,0.093881,0.10245,0.1188,0.096647,0.11107,0.23052,0.094716,0.074222,0.10341,0.11225,0.10804,0.15909,0.10028,0.12203,0.12445,0.087967,0.087973,0.095694,0.09031,0.09253,0.10326,0.19496,0.10185,0.1277,0.10319,0.067989,0.082026,0.12024,0.092012,0.09531,0.084498,0.10688,0.11747,0.10857,0.21868,0.099592,0.10287,0.09515,0.09675,0.10283,0.097935,0.1043,0.12183,0.090751,0.092198,0.094721,0.16945,0.099317,0.087467,0.10027,0.083657,0.083548,0.13498,0.094659,0.06369,0.091105,0.16776,0.097983,0.12204,0.080238,0.10484,0.1006,0.10763,0.098764,0.10079,0.20183,0.15449,0.11911,0.24107,0.085744,0.091188,0.097753,0.12669,0.097794,0.11205,0.087243,0.10605,0.10496,0.082938,0.1354,0.10761,0.10253,0.10716,0.1251,0.11734,0.10211,0.097435,0.092795,0.094561,0.10225,0.10124
0.18288,0.033756,0.045675,0.090464,0.099485,0.25944,0.092529,0.074626,0.049081,0.053952,0.07693,0.091927,0,0.070632,0.083022,0.048193,0.060355,0.096452,0.070897,0.10049,0.099818,0.075912,0.045102,0.052129,0.056249,0.081138,0.072691,0.084418,0.044435,0.063402,0.061005,0.10447,0.046555,0.069817,0.081288,0.045726,0.039264,0.039353,0.04988,0.047057,0.093227,0.049234,0.07815,0.16522,0.076773,0.094139,0.057587,0.087011,0.10109,0.094878,0.13115,0.087888,0.091246,0.091134,0.072812,0.078971,0.080574,0.068487,0.162,0.079452,0.049659,0.049344,0.04285,0.056825,0.062294,0.040192,0.057491,0.11939,0.054184,0.061291,0.048962,0.087194,0.091217,0.10745,0.059587,0.053761,0.096597,0.09846,0.046009,0.10132,0.054821,0.07012,0.06672,0.077455,0.046786,0.083139,0.083667,0.11586,0.060832,0.063534,0.10009,0.057902,0.055029,0.053523,0.03195,0.085752,0.063556,0.082847,0.05491,0.065916,0.24526,0.056366,0.074295,0.040011,0.091304,0.051141,0.12242,0.055928,0.09164,0.11884,0.052468,0.03192,0.046438,0.068494,0.062419,0.07614,0.14875,0.072713,0.098929,0.040102,0.079772,0.065408,0.09982,0.042216,0.053749,0.071142,0.066354,0.067792,0.075248,0.20719,0.09794,0.058899,0.055094,0.036718,0.065784,0.042794,0.056153,0.089674,0.044146,0.052581,0.042024,0.13774,0.044589,0.0575,0.041502,0.039288,0.054392,0.11303,0.043963,0.063187,0.059089,0.16295,0.056768,0.1069,0.049403,0.10702,0.054441,0.064833,0.04205,0.077254,0.21126,0.16231,0.077592,0.23471,0.046433,0.068518,0.050229,0.10234,0.050638,0.088054,0.033527,0.058824,0.048804,0.046464,0.12913,0.098948,0.05353,0.08706,0.083781,0.11678,0.060471,0.047466,0.065243,0.047158,0.067243,0.077053
0.17528,0.075887,0.054083,0.09392,0.11196,0.27652,0.091789,0.09784,0.065922,0.087536,0.086004,0.076786,0.070632,0,0.08706,0.072913,0.054957,0.10027,0.084325,0.12031,0.09541,0.074646,0.057359,0.07013,0.092576,0.080802,0.077827,0.083276,0.076679,0.065472,0.084905,0.13021,0.07318,0.088426,0.083044,0.06718,0.066967,0.070396,0.064858,0.057904,0.094242,0.055656,0.091921,0.17579,0.086699,0.052098,0.051197,0.07845,0.095369,0.096661,0.11464,0.11289,0.072039,0.089829,0.097027,0.086616,0.083762,0.054332,0.16765,0.081744,0.061885,0.063001,0.070345,0.059966,0.088401,0.072231,0.075855,0.12312,0.062559,0.076212,0.061604,0.088898,0.085624,0.087806,0.067553,0.071263,0.081976,0.093677,0.046719,0.11209,0.061256,0.072488,0.064566,0.088759,0.069932,0.095622,0.098198,0.11373,0.067656,0.065935,0.11578,0.058747,0.081601,0.063909,0.065174,0.073778,0.0647,0.090723,0.06837,0.068153,0.21222,0.0552,0.069998,0.071189,0.097641,0.088111,0.12653,0.082788,0.12515,0.13649,0.062407,0.054535,0.064332,0.083748,0.069907,0.094396,0.15929,0.078807,0.10842,0.077711,0.064258,0.079426,0.099895,0.061258,0.057765,0.071124,0.084574,0.087177,0.073758,0.21283,0.12491,0.069986,0.069761,0.056919,0.06825,0.0677,0.061679,0.09752,0.06155,0.067877,0.066794,0.13974,0.072003,0.081596,0.066435,0.066195,0.054078,0.12247,0.065794,0.04877,0.047712,0.17021,0.072058,0.10362,0.05322,0.11423,0.07387,0.084832,0.069029,0.066878,0.1974,0.1459,0.070212,0.23828,0.044191,0.07782,0.074836,0.10343,0.059918,0.089661,0.068223,0.073496,0.076991,0.064246,0.13678,0.090195,0.081297,0.076867,0.09503,0.12245,0.065188,0.06274,0.054897,0.06668,0.068058,0.10292
0.22875,0.077963,0.087961,0.1198,0.1428,0.28954,0.12979,0.091988,0.089658,0.089785,0.10295,0.099473,0.083022,0.08706,0,0.07665,0.0894,0.10915,0.047678,0.14202,0.11113,0.11475,0.084085,0.074894,0.12026,0.10515,0.053822,0.089769,0.077769,0.090724,0.10608,0.12949,0.089663,0.12035,0.099674,0.077616,0.077545,0.082185,0.092777,0.06479,0.12957,0.087197,0.086231,0.2067,0.1209,0.11434,0.08768,0.10499,0.12792,0.10737,0.16278,0.1206,0.10844,0.12879,0.11492,0.10236,0.10123,0.099087,0.20498,0.09851,0.086862,0.063209,0.08317,0.090377,0.10509,0.083643,0.070646,0.13872,0.095926,0.10284,0.084727,0.091591,0.10307,0.13447,0.077525,0.083159,0.12966,0.12926,0.071164,0.11234,0.080591,0.1057,0.088141,0.12384,0.078005,0.092064,0.10776,0.10324,0.089684,0.072938,0.12633,0.085802,0.076907,0.069007,0.085655,0.096174,0.091402,0.13353,0.094575,0.099477,0.23753,0.08965,0.096752,0.084064,0.127,0.077193,0.15273,0.098524,0.12751,0.15782,0.071957,0.076929,0.079621,0.10441,0.1045,0.10594,0.17679,0.11717,0.13246,0.079669,0.10961,0.1162,0.06426,0.076953,0.077872,0.11067,0.1011,0.12166,0.086182,0.23127,0.1332,0.086662,0.09923,0.085615,0.097738,0.092429,0.10397,0.11703,0.072522,0.079328,0.08432,0.15027,0.062962,0.079973,0.072635,0.090574,0.081131,0.14627,0.061625,0.077079,0.068,0.18164,0.097433,0.12243,0.087614,0.10431,0.088227,0.099066,0.073589,0.11601,0.21398,0.15936,0.11736,0.2782,0.082218,0.096798,0.10452,0.053098,0.075649,0.11452,0.07176,0.06946,0.082515,0.093512,0.1688,0.095189,0.081701,0.12191,0.13357,0.16493,0.068888,0.093416,0.10049,0.082684,0.075033,0.099267
0.20189,0.053481,0.062722,0.10914,0.10406,0.27833,0.10369,0.07306,0.054808,0.041739,0.082001,0.099163,0.048193,0.072913,0.07665,0,0.062394,0.10066,0.063753,0.12715,0.11591,0.088953,0.051124,0.048408,0.082375,0.091491,0.058524,0.085687,0.049496,0.064578,0.074207,0.12451,0.064387,0.088805,0.074193,0.05997,0.049818,0.051647,0.060995,0.038907,0.10448,0.052503,0.070556,0.18391,0.082749,0.096047,0.059594,0.088224,0.11568,0.10128,0.14818,0.10144,0.10468,0.10147,0.10184,0.075668,0.10427,0.064755,0.18386,0.086198,0.064094,0.044492,0.054702,0.054626,0.086184,0.030231,0.061376,0.13373,0.068495,0.073387,0.053244,0.085342,0.096816,0.097793,0.071563,0.057929,0.10503,0.10485,0.052101,0.098425,0.05482,0.076295,0.067575,0.07841,0.047711,0.097556,0.091604,0.11189,0.059702,0.068575,0.11457,0.073315,0.061374,0.060957,0.046528,0.077313,0.06591,0.10782,0.070846,0.0695,0.23265,0.066233,0.086578,0.047988,0.1034,0.071053,0.14063,0.070623,0.10955,0.13115,0.055613,0.045281,0.05945,0.082962,0.074704,0.091661,0.15341,0.078806,0.11989,0.046979,0.089461,0.083611,0.084747,0.050654,0.062583,0.093899,0.083918,0.087445,0.067324,0.20227,0.12602,0.062896,0.067145,0.049789,0.077879,0.059683,0.068163,0.10381,0.062727,0.07721,0.06504,0.13507,0.041081,0.056325,0.049706,0.056916,0.056012,0.10691,0.052533,0.068497,0.056356,0.15965,0.061765,0.11157,0.057622,0.11569,0.054145,0.078563,0.049519,0.090782,0.20006,0.16711,0.08564,0.25592,0.058304,0.086356,0.059456,0.085584,0.058066,0.082095,0.046887,0.055608,0.060662,0.063207,0.15187,0.095749,0.057864,0.10302,0.094494,0.13184,0.067638,0.067136,0.070587,0.054161,0.068353,0.083646
0.20284,0.065801,0.049229,0.085468,0.11029,0.27525,0.087654,0.072648,0.041544,0.078068,0.076481,0.10214,0.060355,0.054957,0.0894,0.062394,0,0.085029,0.084658,0.13407,0.10997,0.088519,0.03831,0.058426,0.082825,0.075379,0.079014,0.072396,0.068073,0.080555,0.070712,0.14056,0.062762,0.079534,0.084239,0.047305,0.05154,0.04963,0.059118,0.050735,0.097317,0.044373,0.084155,0.19052,0.077903,0.076027,0.052495,0.083675,0.096709,0.092384,0.12834,0.10353,0.096839,0.10328,0.1102,0.083363,0.078608,0.044571,0.18462,0.08679,0.05932,0.056074,0.0694,0.042176,0.085171,0.056436,0.072443,0.12106,0.054306,0.088859,0.051037,0.090989,0.083373,0.087667,0.061978,0.065036,0.07225,0.09383,0.042189,0.11728,0.047117,0.081812,0.061653,0.084505,0.056426,0.10071,0.091724,0.12029,0.061703,0.059885,0.11258,0.065075,0.073461,0.070426,0.055126,0.077964,0.070512,0.10148,0.06089,0.047557,0.22368,0.056601,0.090397,0.048247,0.094314,0.086106,0.10706,0.061689,0.11394,0.13861,0.058753,0.053375,0.065205,0.09421,0.05851,0.091538,0.15199,0.093016,0.10523,0.058075,0.083159,0.082086,0.10938,0.051021,0.059061,0.089591,0.07865,0.074288,0.061133,0.20465,0.13988,0.077273,0.052886,0.047534,0.060875,0.063169,0.06077,0.10283,0.044777,0.060235,0.053517,0.13104,0.060886,0.079823,0.047949,0.055737,0.046149,0.098423,0.052898,0.063836,0.045452,0.17273,0.0547,0.10139,0.050195,0.12059,0.041823,0.080922,0.059761,0.064053,0.19358,0.1304,0.077465,0.24117,0.04014,0.079597,0.062113,0.10235,0.048797,0.084335,0.054195,0.067393,0.07304,0.057249,0.14468,0.097941,0.068755,0.086938,0.091225,0.12713,0.063791,0.062858,0.056477,0.040939,0.046207,0.096628
0.2053,0.099034,0.071586,0.10445,0.13168,0.24952,0.099105,0.11317,0.093373,0.12371,0.093107,0.11751,0.096452,0.10027,0.10915,0.10066,0.085029,0,0.10292,0.14098,0.10083,0.12677,0.08673,0.077427,0.1061,0.10168,0.11168,0.099798,0.10102,0.090977,0.089396,0.15003,0.095893,0.11001,0.094625,0.094031,0.0942,0.088612,0.084491,0.089418,0.10362,0.074039,0.10023,0.21636,0.099617,0.13013,0.10818,0.089778,0.1179,0.089175,0.15349,0.12536,0.11457,0.11266,0.13336,0.087626,0.1142,0.092909,0.20408,0.11125,0.097072,0.086827,0.11429,0.085955,0.11727,0.095216,0.1148,0.1364,0.087387,0.10074,0.086406,0.13071,0.11384,0.1204,0.10767,0.081153,0.12429,0.12485,0.075003,0.10638,0.086065,0.092574,0.092851,0.1236,0.087238,0.11468,0.12899,0.11391,0.086934,0.10153,0.14507,0.076929,0.094448,0.10635,0.095949,0.070232,0.10582,0.12462,0.094406,0.090766,0.21924,0.091583,0.11169,0.092971,0.10088,0.10327,0.12891,0.10191,0.11429,0.13134,0.091167,0.095154,0.082368,0.099165,0.10188,0.12169,0.16212,0.11344,0.14385,0.085079,0.083604,0.11009,0.12181,0.084446,0.08557,0.10101,0.1107,0.11392,0.096319,0.24276,0.14495,0.12298,0.080966,0.080934,0.099522,0.084747,0.08938,0.12364,0.086934,0.092949,0.08903,0.16455,0.096988,0.10979,0.088203,0.093626,0.07845,0.14478,0.081123,0.10744,0.092133,0.18927,0.10805,0.12748,0.079739,0.11948,0.094632,0.10155,0.082358,0.11434,0.21165,0.14245,0.11716,0.25846,0.086499,0.10737,0.09728,0.12107,0.085061,0.10409,0.089939,0.090502,0.093693,0.086362,0.1502,0.090007,0.094255,0.1211,0.13367,0.13759,0.086366,0.11123,0.1044,0.083383,0.083047,0.077999
0.21704,0.070058,0.079105,0.12482,0.13546,0.28558,0.12638,0.097714,0.082019,0.078305,0.1,0.10483,0.070897,0.084325,0.047678,0.063753,0.084658,0.10292,0,0.13746,0.098857,0.1048,0.069764,0.055536,0.10576,0.10425,0.040338,0.093832,0.067011,0.070579,0.095182,0.13171,0.088657,0.10789,0.097416,0.069407,0.072048,0.073614,0.078133,0.05372,0.10483,0.076229,0.071168,0.20292,0.11424,0.11336,0.07739,0.10703,0.11687,0.099419,0.14929,0.11558,0.10634,0.11888,0.11243,0.094196,0.098751,0.093859,0.19783,0.091026,0.069329,0.053043,0.070431,0.079596,0.094998,0.072398,0.071709,0.12631,0.092556,0.091296,0.067685,0.076765,0.10359,0.12199,0.074133,0.061921,0.12031,0.12637,0.061911,0.099643,0.081368,0.093287,0.076556,0.1141,0.065766,0.066716,0.1061,0.095961,0.074382,0.067733,0.11242,0.071218,0.063687,0.063801,0.076649,0.087007,0.073643,0.11372,0.077799,0.087029,0.24652,0.086766,0.10217,0.073272,0.12864,0.07125,0.15025,0.091043,0.12381,0.15198,0.0662,0.064113,0.076933,0.087468,0.10155,0.1068,0.16135,0.10596,0.13647,0.070138,0.10391,0.10678,0.04761,0.067512,0.068046,0.10378,0.09613,0.10733,0.084462,0.22464,0.13049,0.073993,0.088864,0.068581,0.095335,0.071881,0.091402,0.11562,0.068459,0.074813,0.080741,0.14776,0.04724,0.067493,0.065637,0.076292,0.078451,0.14227,0.051246,0.079539,0.063876,0.16648,0.086746,0.11153,0.075744,0.10975,0.079406,0.068095,0.06909,0.11439,0.2078,0.16872,0.10836,0.26897,0.071208,0.10171,0.088831,0.054631,0.068307,0.1095,0.066796,0.051124,0.078065,0.083635,0.15396,0.088375,0.072403,0.11269,0.11924,0.15563,0.064448,0.084249,0.092368,0.076888,0.068606,0.080679
0.12545,0.11729,0.11327,0.11622,0.1147,0.21673,0.11382,0.1466,0.12844,0.13042,0.14333,0.1164,0.10049,0.12031,0.14202,0.12715,0.13407,0.14098,0.13746,0,0.13777,0.10767,0.12536,0.12044,0.089021,0.13288,0.13667,0.15432,0.10498,0.12181,0.10914,0.09379,0.094548,0.10887,0.11637,0.12624,0.10968,0.11822,0.12367,0.12423,0.12922,0.11766,0.15703,0.14312,0.12722,0.13089,0.12685,0.12871,0.15074,0.15196,0.14199,0.13301,0.13229,0.13051,0.087122,0.12234,0.12776,0.12858,0.11153,0.13359,0.11619,0.12948,0.11095,0.1316,0.12134,0.11695,0.12062,0.1438,0.12364,0.1092,0.13251,0.15835,0.14123,0.17777,0.12827,0.13416,0.15371,0.11782,0.11939,0.14857,0.1302,0.12446,0.14279,0.11904,0.12891,0.1266,0.14588,0.17358,0.13286,0.1348,0.16881,0.10632,0.13588,0.11418,0.1145,0.1276,0.13939,0.11015,0.13812,0.13906,0.23734,0.1125,0.10615,0.12304,0.11032,0.1079,0.17177,0.10607,0.12989,0.11405,0.1321,0.11307,0.10693,0.10509,0.11923,0.098998,0.20017,0.11412,0.15203,0.12292,0.11393,0.083458,0.15808,0.11908,0.13061,0.077825,0.12909,0.099388,0.15458,0.2105,0.09264,0.13765,0.12017,0.11686,0.11052,0.11647,0.11333,0.10721,0.1227,0.11818,0.12422,0.19245,0.12628,0.12299,0.12498,0.10754,0.13063,0.14611,0.12067,0.11067,0.13566,0.17045,0.11618,0.15462,0.1203,0.13252,0.13757,0.13285,0.10704,0.12326,0.23731,0.19802,0.13711,0.2128,0.11993,0.10374,0.10678,0.1669,0.12375,0.14439,0.10875,0.12784,0.10543,0.11337,0.12063,0.14347,0.11944,0.13131,0.11164,0.10911,0.12721,0.11474,0.1237,0.12671,0.13383,0.12903
0.18835,0.095032,0.081531,0.1232,0.15775,0.28337,0.13412,0.13906,0.10898,0.12371,0.11737,0.12128,0.099818,0.09541,0.11113,0.11591,0.10997,0.10083,0.098857,0.13777,0,0.12351,0.095184,0.088888,0.11311,0.10685,0.10745,0.12336,0.1158,0.084576,0.10252,0.15319,0.1097,0.10989,0.11952,0.096117,0.1051,0.09821,0.088534,0.10472,0.096351,0.096397,0.10349,0.2091,0.11497,0.12614,0.10867,0.1013,0.13437,0.12379,0.14087,0.12911,0.09029,0.12007,0.11163,0.10419,0.115,0.11366,0.17519,0.11024,0.098322,0.097591,0.1088,0.11403,0.095273,0.11368,0.122,0.14971,0.097414,0.085995,0.088632,0.10578,0.13278,0.12788,0.10555,0.089146,0.13028,0.13007,0.086822,0.13334,0.10878,0.091296,0.096644,0.13809,0.10055,0.097899,0.1272,0.12979,0.10144,0.10835,0.14267,0.073311,0.09066,0.10369,0.10103,0.099654,0.087106,0.11867,0.093146,0.10058,0.24054,0.10128,0.1085,0.10466,0.13295,0.10394,0.13073,0.12281,0.13012,0.15456,0.098721,0.089596,0.098333,0.080266,0.1234,0.12372,0.1628,0.12025,0.15224,0.096409,0.099962,0.11461,0.12143,0.089382,0.090827,0.095776,0.12653,0.11054,0.10908,0.2513,0.13687,0.10233,0.11049,0.091223,0.1075,0.082118,0.093098,0.11941,0.093389,0.092936,0.09834,0.1496,0.10144,0.11731,0.099986,0.10364,0.099664,0.18768,0.093375,0.11064,0.093744,0.18024,0.12177,0.12558,0.092998,0.14341,0.11663,0.08627,0.10344,0.11827,0.22582,0.16955,0.11279,0.24899,0.093962,0.10861,0.10474,0.12711,0.094854,0.11922,0.10088,0.09436,0.11277,0.097834,0.1576,0.092941,0.10318,0.12405,0.12557,0.15356,0.088053,0.096592,0.11571,0.10102,0.10905,0.09571
0.15955,0.093969,0.082,0.11737,0.10925,0.27541,0.10788,0.11192,0.096022,0.098279,0.10677,0.074307,0.075912,0.074646,0.11475,0.088953,0.088519,0.12677,0.1048,0.10767,0.12351,0,0.083572,0.09322,0.089127,0.10874,0.10625,0.12861,0.085204,0.091757,0.096333,0.11989,0.081556,0.096157,0.10074,0.086742,0.084468,0.08946,0.080817,0.085911,0.090043,0.078262,0.12073,0.14949,0.11043,0.088371,0.076201,0.11215,0.116,0.11838,0.13572,0.11926,0.10564,0.11907,0.088983,0.10192,0.10363,0.080579,0.14273,0.11573,0.064267,0.091011,0.074267,0.072008,0.10772,0.085674,0.087194,0.10887,0.077773,0.097402,0.087181,0.11381,0.086522,0.10939,0.085468,0.098558,0.084879,0.10658,0.080789,0.11083,0.089278,0.089228,0.095191,0.096868,0.095496,0.10649,0.099284,0.13247,0.094498,0.085979,0.13205,0.078692,0.10911,0.085801,0.078082,0.097165,0.082558,0.077823,0.094459,0.099076,0.2331,0.082267,0.090269,0.082325,0.11222,0.10086,0.14722,0.085913,0.10642,0.14182,0.0852,0.075435,0.092165,0.091634,0.087959,0.10627,0.18831,0.093475,0.10835,0.094715,0.084402,0.071936,0.12751,0.08469,0.08887,0.081436,0.083997,0.091655,0.11844,0.20388,0.11265,0.09037,0.087433,0.081874,0.089481,0.084187,0.086931,0.11667,0.087526,0.091789,0.088273,0.14308,0.086815,0.070888,0.088617,0.066749,0.081995,0.11661,0.091754,0.055882,0.087327,0.16519,0.081165,0.13042,0.069504,0.12686,0.094851,0.095781,0.087058,0.079557,0.21329,0.17915,0.10085,0.23928,0.076784,0.096504,0.083167,0.13554,0.091361,0.10818,0.074892,0.10071,0.087625,0.082629,0.12216,0.11989,0.099147,0.095541,0.11219,0.12062,0.10538,0.087527,0.072855,0.092883,0.096893,0.11279
0.1921,0.050754,0.045527,0.095753,0.11214,0.26766,0.085573,0.078688,0.041444,0.070383,0.068983,0.10036,0.045102,0.057359,0.084085,0.051124,0.03831,0.08673,0.069764,0.12536,0.095184,0.083572,0,0.049861,0.076512,0.082002,0.068997,0.078976,0.059918,0.061887,0.0593,0.125,0.050919,0.080736,0.079514,0.040491,0.048855,0.036712,0.040458,0.04022,0.0857,0.046868,0.071426,0.18292,0.073843,0.080052,0.047452,0.08227,0.094095,0.095813,0.13525,0.084072,0.085176,0.095756,0.097737,0.070827,0.075383,0.057469,0.1748,0.07438,0.052235,0.044199,0.052309,0.037956,0.072897,0.050079,0.069432,0.12478,0.048105,0.068038,0.038923,0.085622,0.086008,0.083858,0.060943,0.048845,0.074158,0.096944,0.037459,0.09737,0.041667,0.066684,0.048909,0.073451,0.04095,0.092254,0.085864,0.10601,0.056114,0.05564,0.10193,0.049005,0.050856,0.06448,0.038713,0.071262,0.056413,0.09235,0.051603,0.049012,0.23275,0.052666,0.083284,0.038746,0.088209,0.068865,0.11205,0.063421,0.11551,0.13001,0.049906,0.035978,0.052528,0.084133,0.066138,0.090447,0.14334,0.083137,0.10582,0.044493,0.076028,0.07998,0.096774,0.041926,0.048679,0.077348,0.076438,0.065595,0.056584,0.20806,0.12158,0.058958,0.046501,0.028939,0.068066,0.03852,0.045158,0.097389,0.039078,0.058149,0.04896,0.13448,0.045091,0.068865,0.036602,0.047442,0.04505,0.11301,0.041788,0.062934,0.040701,0.16287,0.056952,0.099736,0.046326,0.10997,0.043258,0.063181,0.045313,0.06459,0.19375,0.1429,0.068492,0.25046,0.040148,0.072932,0.059671,0.093416,0.035823,0.080008,0.044631,0.056787,0.057509,0.054765,0.14343,0.094097,0.049613,0.08985,0.095647,0.12202,0.055999,0.058219,0.060992,0.040643,0.055559,0.080126
0.20031,0.047976,0.042939,0.10202,0.11069,0.27131,0.10261,0.084608,0.055487,0.069792,0.093408,0.096248,0.052129,0.07013,0.074894,0.048408,0.058426,0.077427,0.055536,0.12044,0.088888,0.09322,0.049861,0,0.078526,0.078882,0.055675,0.087547,0.056176,0.05403,0.069045,0.13169,0.065295,0.076618,0.077445,0.052409,0.044835,0.045745,0.053105,0.044325,0.085529,0.046862,0.059794,0.19348,0.085716,0.10114,0.062106,0.090546,0.1103,0.081241,0.14379,0.099594,0.088418,0.10451,0.10611,0.066611,0.09508,0.064784,0.18093,0.075971,0.059108,0.04471,0.0667,0.061507,0.086989,0.038374,0.0691,0.13298,0.0703,0.073307,0.044756,0.076694,0.086491,0.10256,0.066083,0.048613,0.10343,0.1019,0.03723,0.10353,0.059703,0.080601,0.064378,0.089243,0.042372,0.08029,0.086432,0.11324,0.04599,0.06018,0.11397,0.049383,0.050824,0.059118,0.051718,0.059024,0.06561,0.10426,0.061844,0.05799,0.22341,0.058593,0.092322,0.050982,0.10613,0.068513,0.12174,0.073392,0.10222,0.13423,0.052177,0.04622,0.065083,0.070973,0.076526,0.089284,0.13961,0.085164,0.12553,0.040363,0.085123,0.079863,0.080884,0.035526,0.054684,0.085016,0.090245,0.078622,0.063358,0.20831,0.12854,0.066644,0.064608,0.046788,0.06362,0.047272,0.063214,0.1034,0.052611,0.062118,0.061596,0.12924,0.040496,0.066325,0.052282,0.050663,0.05377,0.11871,0.038356,0.073929,0.050284,0.15542,0.062123,0.098633,0.048072,0.11958,0.055968,0.057384,0.052773,0.087285,0.19446,0.14846,0.087936,0.24879,0.054959,0.083175,0.052809,0.088406,0.045988,0.082851,0.045942,0.048914,0.068221,0.049483,0.14592,0.087008,0.054867,0.096682,0.088558,0.13521,0.05465,0.064709,0.077878,0.043453,0.0488,0.057749
0.16463,0.077886,0.070823,0.086793,0.095796,0.23101,0.091216,0.094744,0.078167,0.086707,0.096941,0.10147,0.056249,0.092576,0.12026,0.082375,0.082825,0.1061,0.10576,0.089021,0.11311,0.089127,0.076512,0.078526,0,0.10891,0.10723,0.11652,0.080476,0.086595,0.06436,0.10517,0.069618,0.055793,0.099943,0.071902,0.073554,0.077686,0.069693,0.086902,0.10616,0.081045,0.11369,0.17735,0.095123,0.10612,0.087755,0.088379,0.11553,0.12038,0.11882,0.10193,0.12269,0.10358,0.077093,0.092369,0.095738,0.086008,0.1461,0.10478,0.075992,0.091026,0.075373,0.084233,0.082238,0.072622,0.095204,0.13802,0.082136,0.087855,0.081707,0.12417,0.11581,0.12693,0.08721,0.092996,0.11097,0.10036,0.082315,0.13239,0.089574,0.096213,0.08716,0.078974,0.077586,0.099183,0.12127,0.14252,0.091414,0.095099,0.12826,0.076127,0.096337,0.089574,0.072498,0.099686,0.096977,0.096182,0.086612,0.089867,0.24924,0.087544,0.095123,0.077304,0.091404,0.089889,0.13356,0.065731,0.10559,0.096561,0.097449,0.070799,0.082123,0.073135,0.080367,0.081785,0.16122,0.096426,0.12381,0.080249,0.083319,0.036018,0.13892,0.07853,0.096106,0.075372,0.09769,0.06264,0.10645,0.19965,0.098558,0.099708,0.07923,0.072818,0.085795,0.075042,0.081665,0.085355,0.078206,0.081718,0.080566,0.16479,0.088396,0.09222,0.080653,0.063359,0.087811,0.1106,0.082636,0.087826,0.09514,0.15829,0.07542,0.11694,0.081515,0.1257,0.084069,0.091818,0.080874,0.094457,0.21269,0.16371,0.10789,0.19492,0.074058,0.07775,0.043341,0.13671,0.091032,0.11274,0.073797,0.092579,0.088933,0.071426,0.11823,0.1202,0.083041,0.10941,0.07963,0.084814,0.094684,0.068527,0.087934,0.076953,0.095116,0.091555
