0,0.2627,0.24387,0.18369,0.22716,0.1803,0.20464,0.25479,0.22992,0.27456,0.2451,0.21347,0.24768,0.25107,0.26771,0.26963,0.21382,0.26646,0.27533,0.14199,0.24891,0.2151,0.24706,0.25274,0.21539,0.21845,0.28552,0.24822,0.25128,0.24678,0.23686,0.25969,0.23949,0.25298,0.24846,0.26234,0.23583,0.24907,0.24902,0.23234,0.23352,0.2996,0.28043,0.23254,0.29395,0.27772,0.26217,0.22276,0.2411,0.27812,0.16785,0.25252,0.2537,0.2532,0.19135,0.22285,0.25386,0.22039,0.13385,0.26135,0.25331,0.24906,0.25934,0.26176,0.25089,0.23601,0.23654,0.25523,0.22172,0.26994,0.25474,0.26404,0.24927,0.24195,0.23532,0.26866,0.32172,0.22894,0.23417,0.27763,0.25466,0.28957,0.25052,0.25391,0.26378,0.26304,0.2538,0.25795,0.24358,0.26086,0.25996,0.25295,0.25844,0.23913,0.22069,0.24244,0.25621,0.2248,0.26913,0.25837,0.22593,0.26514,0.2464,0.22365,0.26486,0.25515,0.27819,0.21456,0.27989,0.19888,0.24562,0.25403,0.27188,0.22729,0.21856,0.24257,0.25556,0.21926,0.25593,0.24889,0.20784,0.22551,0.26169,0.25129,0.25262,0.15246,0.23795,0.22867,0.26753,0.23524,0.2562,0.25271,0.24064,0.24626,0.24741,0.26306,0.24376,0.25925,0.23028,0.23025,0.24579,0.30324,0.25736,0.27937,0.24263,0.21638,0.23822,0.24196,0.28946,0.26007,0.23504,0.26668,0.23885,0.24493,0.25127,0.15243,0.22407,0.26321,0.25939,0.22772,0.21509,0.24386,0.30085,0.19143,0.24728,0.2878,0.22516,0.27602,0.25861,0.24869,0.25195,0.25346,0.26126,0.23115,0.17738,0.24793,0.24248,0.27629,0.19197,0.21677,0.22895,0.26948,0.24394,0.24529,0.2494,0.26556
0.2627,0,0.072691,0.14525,0.089944,0.14025,0.11478,0.06992,0.08757,0.089041,0.063767,0.11814,0.075841,0.09527,0.10111,0.098778,0.10371,0.12268,0.10294,0.17435,0.080035,0.1317,0.072156,0.08306,0.11444,0.091243,0.10239,0.067405,0.076074,0.086036,0.080103,0.16181,0.077804,0.13329,0.10497,0.079105,0.091608,0.069416,0.07625,0.076867,0.081486,0.11417,0.093503,0.11688,0.12719,0.092408,0.11257,0.11474,0.081406,0.17386,0.26215,0.070763,0.082226,0.092661,0.11844,0.095934,0.1033,0.086909,0.1873,0.10004,0.079221,0.06836,0.089756,0.10248,0.10487,0.082804,0.074491,0.092149,0.11223,0.080258,0.078626,0.083605,0.077274,0.10272,0.093646,0.087761,0.2075,0.095499,0.089001,0.12406,0.056629,0.13627,0.084143,0.085595,0.060851,0.097343,0.098343,0.079803,0.093483,0.099691,0.095721,0.081515,0.084348,0.074646,0.083991,0.104,0.095694,0.10075,0.080147,0.075724,0.092695,0.080333,0.10036,0.089949,0.086447,0.071988,0.16436,0.096069,0.11054,0.11178,0.086214,0.097903,0.087271,0.1263,0.091409,0.087077,0.086362,0.093279,0.08019,0.075577,0.12139,0.10963,0.10124,0.063226,0.092555,0.15288,0.083269,0.14056,0.084104,0.10016,0.11135,0.080958,0.084027,0.083517,0.091623,0.086869,0.11295,0.088676,0.082551,0.084379,0.069522,0.12724,0.078575,0.118,0.065039,0.099827,0.082616,0.10281,0.078265,0.072036,0.091621,0.081142,0.085935,0.12791,0.092063,0.17121,0.083318,0.099724,0.081974,0.088588,0.11826,0.090649,0.13436,0.1819,0.081484,0.13245,0.11043,0.10054,0.081704,0.0888,0.066638,0.076315,0.086591,0.079267,0.17972,0.1142,0.088272,0.16212,0.14586,0.11553,0.081563,0.081275,0.087215,0.058418,0.096767,0.15549
0.24387,0.072691,0,0.13706,0.073122,0.10854,0.079147,0.042045,0.072518,0.070092,0.035448,0.10294,0.040712,0.057594,0.095328,0.070203,0.077988,0.090336,0.10611,0.14919,0.060039,0.11205,0.03977,0.045444,0.072815,0.061347,0.09286,0.06078,0.075244,0.061289,0.051472,0.12321,0.044501,0.097553,0.069837,0.04947,0.056852,0.037885,0.045837,0.049432,0.053351,0.086818,0.085829,0.10054,0.11523,0.078608,0.096084,0.084459,0.047858,0.16448,0.23377,0.047655,0.064053,0.053421,0.088513,0.067876,0.074249,0.06105,0.16244,0.068048,0.032517,0.048458,0.053966,0.10574,0.081304,0.067008,0.05264,0.050258,0.092398,0.069984,0.051366,0.062047,0.062331,0.072346,0.054728,0.056983,0.18223,0.069508,0.060706,0.11628,0.044881,0.11898,0.047225,0.062272,0.058553,0.053859,0.074181,0.054602,0.065515,0.056141,0.065907,0.05545,0.0553,0.055259,0.063345,0.08583,0.082139,0.069436,0.047536,0.044322,0.078647,0.081554,0.066589,0.061677,0.057281,0.041376,0.15682,0.070122,0.071242,0.07929,0.064802,0.070033,0.051558,0.091131,0.090046,0.078269,0.038581,0.074793,0.058886,0.042887,0.094064,0.069287,0.092482,0.035586,0.055803,0.12854,0.042023,0.1128,0.055358,0.066831,0.070876,0.04583,0.10073,0.059199,0.062431,0.046193,0.060909,0.061769,0.056148,0.067418,0.039025,0.1179,0.045954,0.10113,0.047942,0.075901,0.077022,0.077465,0.065412,0.048289,0.074119,0.054175,0.04143,0.085485,0.061748,0.15941,0.07103,0.061507,0.043826,0.060355,0.08445,0.057189,0.12115,0.17067,0.064373,0.10612,0.07662,0.090497,0.046649,0.062805,0.043878,0.053714,0.050953,0.056383,0.13393,0.089584,0.044583,0.14276,0.11944,0.068074,0.066121,0.05909,0.057402,0.042019,0.061413,0.14384
0.18369,0.14525,0.13706,0,0.13007,0.11581,0.12958,0.14345,0.12808,0.15734,0.1291,0.11645,0.13885,0.14329,0.16757,0.16045,0.10411,0.15312,0.17942,0.10407,0.14531,0.12219,0.13536,0.15589,0.1245,0.12061,0.18057,0.1224,0.14117,0.13755,0.11279,0.19548,0.12922,0.15203,0.13614,0.15132,0.14587,0.1407,0.13944,0.13296,0.12336,0.20504,0.17329,0.13267,0.2059,0.16565,0.146,0.14773,0.13129,0.1621,0.19074,0.14083,0.15153,0.15503,0.14054,0.12842,0.15938,0.13021,0.1362,0.15592,0.14994,0.14126,0.1438,0.13715,0.15059,0.11905,0.13705,0.15219,0.12072,0.15832,0.14299,0.15412,0.13299,0.12553,0.1221,0.1561,0.2466,0.13278,0.12427,0.17716,0.14949,0.17936,0.14568,0.15501,0.14239,0.15228,0.15834,0.15835,0.12215,0.16021,0.1563,0.14353,0.15636,0.14556,0.11746,0.13591,0.15459,0.14396,0.1621,0.14597,0.11876,0.15059,0.15172,0.12432,0.15284,0.14919,0.21349,0.10744,0.17867,0.11402,0.13438,0.15812,0.1567,0.14747,0.11341,0.1334,0.14941,0.12836,0.14336,0.15,0.11506,0.11805,0.16477,0.14243,0.14786,0.10889,0.12543,0.14271,0.16082,0.13289,0.18056,0.14456,0.12578,0.15048,0.15189,0.15372,0.1483,0.15084,0.11374,0.10907,0.14363,0.19059,0.15019,0.16079,0.14845,0.12703,0.12431,0.1302,0.16964,0.1401,0.13154,0.15727,0.12659,0.14523,0.14658,0.095382,0.12263,0.16205,0.14381,0.10743,0.15184,0.13989,0.20113,0.1524,0.13961,0.18529,0.11219,0.17014,0.15343,0.13889,0.14741,0.14802,0.14842,0.12077,0.15393,0.14486,0.13742,0.18266,0.11863,0.13855,0.13469,0.16506,0.13554,0.13509,0.14451,0.15381
0.22716,0.089944,0.073122,0.13007,0,0.11326,0.099573,0.072741,0.073275,0.091997,0.072533,0.079382,0.079619,0.088565,0.091503,0.087139,0.062274,0.091775,0.10767,0.12118,0.072266,0.078872,0.065144,0.083606,0.086873,0.082828,0.10875,0.081527,0.067543,0.07371,0.069928,0.15129,0.072949,0.095972,0.075977,0.085193,0.0737,0.064981,0.083433,0.057671,0.073153,0.12928,0.11081,0.11084,0.13275,0.099046,0.1127,0.066916,0.071378,0.15571,0.22373,0.067695,0.075568,0.081285,0.087615,0.068807,0.095522,0.047125,0.15805,0.10395,0.07408,0.05774,0.086752,0.091528,0.086519,0.097251,0.062566,0.084618,0.06128,0.084969,0.073417,0.088675,0.0741,0.079703,0.078488,0.090502,0.20984,0.062047,0.067148,0.12311,0.083597,0.099034,0.098143,0.058403,0.085416,0.087662,0.08922,0.082111,0.082989,0.089847,0.09415,0.071521,0.093083,0.065747,0.067268,0.088511,0.091496,0.077068,0.08245,0.083613,0.073208,0.091925,0.083035,0.062336,0.098291,0.081941,0.17134,0.065895,0.10858,0.096883,0.083245,0.077997,0.09239,0.11191,0.077094,0.089944,0.079877,0.066213,0.084627,0.079535,0.069186,0.080022,0.090947,0.077356,0.081587,0.10552,0.06851,0.10457,0.080214,0.0811,0.12199,0.06865,0.09828,0.066485,0.07163,0.085701,0.091513,0.089639,0.073685,0.061963,0.081393,0.12471,0.071747,0.12462,0.069647,0.075205,0.076816,0.09032,0.10909,0.081611,0.07638,0.097591,0.073912,0.095563,0.077703,0.13383,0.069264,0.09005,0.089689,0.05711,0.092931,0.085481,0.15717,0.13225,0.077872,0.14865,0.080058,0.087936,0.079036,0.083848,0.068612,0.074724,0.099485,0.060691,0.12423,0.098428,0.074834,0.13431,0.10661,0.083127,0.070756,0.097532,0.072087,0.076047,0.065834,0.1357
0.1803,0.14025,0.10854,0.11581,0.11326,0,0.1038,0.12405,0.092699,0.12521,0.11416,0.087125,0.11668,0.10738,0.1382,0.12948,0.08888,0.12411,0.1481,0.096356,0.10609,0.097079,0.10731,0.12142,0.075003,0.090311,0.15316,0.11031,0.12189,0.098823,0.10735,0.15557,0.1051,0.10444,0.10963,0.12134,0.11653,0.1107,0.11307,0.098061,0.11029,0.16707,0.13995,0.12298,0.17313,0.13694,0.13472,0.091044,0.10532,0.19453,0.17327,0.11384,0.13088,0.12372,0.089914,0.097098,0.12045,0.093346,0.10271,0.12267,0.11625,0.11282,0.11004,0.14434,0.12192,0.10488,0.10427,0.11596,0.087405,0.12962,0.11712,0.12631,0.12275,0.1062,0.10259,0.11403,0.22648,0.081793,0.098816,0.15611,0.12145,0.15287,0.12331,0.12185,0.12951,0.11215,0.10601,0.11755,0.092689,0.11719,0.12527,0.11661,0.12664,0.10632,0.084239,0.098568,0.12256,0.093909,0.13081,0.11307,0.098492,0.14011,0.11712,0.10018,0.11796,0.12617,0.17388,0.073656,0.12,0.075898,0.097161,0.12447,0.13327,0.091328,0.09131,0.11436,0.11179,0.096801,0.12525,0.11153,0.081626,0.088325,0.12916,0.11852,0.1163,0.077494,0.098569,0.11368,0.12841,0.094461,0.12819,0.10958,0.11617,0.1178,0.12952,0.1174,0.11068,0.12764,0.087703,0.096012,0.11655,0.16999,0.1167,0.12685,0.12158,0.088038,0.10687,0.090253,0.14394,0.12215,0.12775,0.1347,0.10413,0.10685,0.10797,0.11987,0.092794,0.13401,0.12457,0.083542,0.10158,0.1206,0.18646,0.12345,0.12066,0.14839,0.090286,0.13848,0.12135,0.11551,0.11428,0.11976,0.12283,0.10249,0.10456,0.11184,0.10507,0.15418,0.092063,0.0825,0.11096,0.12427,0.10611,0.11329,0.11642,0.13675
0.20464,0.11478,0.079147,0.12958,0.099573,0.1038,0,0.088906,0.090049,0.11584,0.080993,0.11688,0.097691,0.10377,0.12787,0.10336,0.09105,0.13398,0.13395,0.12956,0.09227,0.12192,0.088165,0.091798,0.074655,0.089368,0.13155,0.097562,0.10715,0.10196,0.096262,0.13557,0.071327,0.11902,0.10227,0.10611,0.09045,0.087683,0.083577,0.088894,0.075367,0.12604,0.1226,0.12018,0.1538,0.12832,0.12025,0.10354,0.080398,0.17431,0.21568,0.099584,0.11081,0.090423,0.088552,0.078057,0.1162,0.082581,0.14482,0.1215,0.094839,0.095318,0.099962,0.12792,0.11691,0.097144,0.090161,0.10212,0.1134,0.11827,0.10194,0.1032,0.10771,0.10009,0.083431,0.10371,0.203,0.096054,0.098937,0.14842,0.094906,0.15483,0.094501,0.097067,0.10905,0.11498,0.11245,0.098331,0.092122,0.10837,0.11965,0.09574,0.10633,0.094419,0.075113,0.10953,0.12453,0.10926,0.10119,0.10125,0.090069,0.11399,0.10283,0.097189,0.098745,0.097627,0.16952,0.087538,0.12004,0.082576,0.095995,0.10585,0.10144,0.11073,0.088948,0.10045,0.10109,0.098655,0.1003,0.096954,0.10535,0.076337,0.12103,0.08964,0.10791,0.11828,0.083226,0.09801,0.11088,0.094242,0.098062,0.097036,0.11657,0.094153,0.11166,0.097505,0.097779,0.1098,0.087862,0.10541,0.093318,0.16358,0.096926,0.13578,0.092177,0.0925,0.11017,0.095344,0.12355,0.10289,0.092848,0.11842,0.077048,0.11671,0.09707,0.13668,0.093484,0.1086,0.0933,0.090955,0.065619,0.096545,0.15689,0.16155,0.096469,0.12011,0.079472,0.1295,0.10129,0.084862,0.095335,0.1058,0.095607,0.095991,0.11536,0.11052,0.072187,0.18541,0.091337,0.07426,0.10549,0.10475,0.090062,0.094789,0.10949,0.16901
0.25479,0.06992,0.042045,0.14345,0.072741,0.12405,0.088906,0,0.079775,0.068616,0.044761,0.10547,0.045288,0.07432,0.094363,0.06768,0.07545,0.090692,0.10785,0.15333,0.065311,0.11308,0.036843,0.0548,0.079874,0.081872,0.096923,0.059442,0.075554,0.072008,0.061709,0.11639,0.049125,0.09481,0.077994,0.053624,0.061257,0.037516,0.05791,0.063355,0.057717,0.080423,0.094733,0.087402,0.1009,0.070247,0.11013,0.095216,0.0539,0.15218,0.24166,0.044076,0.0556,0.050267,0.097303,0.066559,0.081629,0.064787,0.18008,0.070962,0.043689,0.051611,0.057592,0.095619,0.075472,0.081468,0.062593,0.042158,0.095609,0.07616,0.05092,0.059261,0.055039,0.085104,0.069225,0.060968,0.17625,0.076819,0.073917,0.1192,0.053171,0.11567,0.064794,0.057038,0.053824,0.065633,0.07914,0.050529,0.074114,0.053785,0.06747,0.059188,0.049803,0.068661,0.070272,0.097369,0.085946,0.089586,0.047449,0.060838,0.076778,0.077943,0.074413,0.074183,0.052548,0.046951,0.15093,0.077954,0.084001,0.10176,0.079925,0.074913,0.054905,0.093145,0.091916,0.081272,0.057356,0.079202,0.047857,0.048065,0.098679,0.075539,0.092313,0.042878,0.061632,0.13562,0.053975,0.11428,0.057229,0.074452,0.076936,0.052954,0.090269,0.053707,0.062069,0.049107,0.068644,0.043119,0.064733,0.070778,0.054474,0.11647,0.05026,0.099947,0.053964,0.090768,0.090791,0.073805,0.061345,0.056751,0.065292,0.057104,0.052221,0.103,0.06812,0.16723,0.080431,0.063521,0.047493,0.068067,0.085622,0.059076,0.12391,0.16977,0.054088,0.10041,0.076756,0.093646,0.043144,0.067616,0.042043,0.048816,0.056553,0.064035,0.14023,0.092161,0.051271,0.14642,0.12618,0.086708,0.080351,0.057426,0.059261,0.041147,0.055062,0.14348
0.22992,0.08757,0.072518,0.12808,0.073275,0.092699,0.090049,0.079775,0,0.095596,0.068995,0.075355,0.08125,0.059201,0.074698,0.067069,0.061946,0.090695,0.083236,0.13456,0.070876,0.079612,0.062741,0.079367,0.072116,0.077907,0.08983,0.067462,0.066703,0.052218,0.075933,0.1691,0.06703,0.079924,0.068875,0.085706,0.073402,0.071006,0.063943,0.053833,0.076471,0.12873,0.087283,0.11464,0.13213,0.1056,0.11283,0.07836,0.060412,0.16961,0.23542,0.078129,0.070232,0.084622,0.090639,0.073329,0.086107,0.062598,0.14576,0.10707,0.073061,0.059216,0.085571,0.10279,0.096225,0.072712,0.053887,0.085296,0.074852,0.07164,0.06208,0.070966,0.06457,0.070407,0.067434,0.068775,0.23504,0.054537,0.064684,0.1291,0.075234,0.11676,0.096171,0.072014,0.07383,0.084673,0.083227,0.072729,0.057472,0.086613,0.099697,0.055927,0.080659,0.065215,0.039224,0.054392,0.083457,0.083389,0.089204,0.074315,0.075771,0.10177,0.08764,0.07401,0.077742,0.084137,0.15667,0.056951,0.090166,0.085228,0.056074,0.06755,0.089513,0.096451,0.060063,0.056483,0.07081,0.078466,0.07317,0.078777,0.076777,0.074501,0.062822,0.076898,0.07311,0.1173,0.057989,0.087925,0.075523,0.078957,0.10948,0.064287,0.083503,0.067135,0.084275,0.077018,0.086638,0.096714,0.054083,0.059395,0.078015,0.11613,0.064673,0.12099,0.084391,0.06447,0.066456,0.069326,0.097288,0.08704,0.089226,0.089118,0.063686,0.083467,0.073489,0.14467,0.038784,0.089548,0.087992,0.059369,0.090766,0.079455,0.13154,0.13886,0.070727,0.12415,0.071153,0.07653,0.07198,0.055155,0.075315,0.070927,0.093134,0.077545,0.14631,0.08115,0.081535,0.12696,0.10246,0.066069,0.078073,0.082603,0.058722,0.070296,0.077661,0.11764
0.27456,0.089041,0.070092,0.15734,0.091997,0.12521,0.11584,0.068616,0.095596,0,0.072232,0.096802,0.06279,0.083623,0.094313,0.077801,0.096585,0.07972,0.10911,0.16556,0.055746,0.10947,0.055672,0.075771,0.090122,0.097745,0.094914,0.076225,0.079469,0.068378,0.078031,0.13513,0.066438,0.089719,0.09116,0.04796,0.081615,0.046716,0.064176,0.066785,0.071038,0.093192,0.068302,0.11208,0.11121,0.093917,0.096555,0.09568,0.073164,0.16781,0.24219,0.054579,0.091533,0.070931,0.1216,0.086602,0.087982,0.086712,0.19617,0.071805,0.057403,0.057645,0.030481,0.10587,0.07469,0.094862,0.074367,0.061448,0.091079,0.064517,0.065568,0.075268,0.088121,0.071762,0.068616,0.048578,0.1824,0.087301,0.087447,0.10896,0.060234,0.097062,0.080636,0.060858,0.07204,0.051599,0.074906,0.069824,0.068789,0.067099,0.08568,0.075837,0.075426,0.072958,0.078663,0.080869,0.088724,0.093413,0.054458,0.06025,0.10073,0.072547,0.072051,0.089959,0.061852,0.059759,0.13966,0.087633,0.084977,0.11642,0.064509,0.080164,0.059252,0.10352,0.090765,0.096975,0.06729,0.086801,0.070741,0.061192,0.10703,0.077244,0.10047,0.062333,0.0729,0.1414,0.058368,0.14265,0.061558,0.088291,0.098371,0.058995,0.098261,0.075366,0.10187,0.058545,0.072162,0.07087,0.07764,0.082689,0.065389,0.10878,0.057393,0.060229,0.075106,0.097663,0.087038,0.087209,0.066122,0.05378,0.10775,0.075196,0.069945,0.099238,0.058991,0.18049,0.087383,0.075529,0.055794,0.073592,0.10497,0.076384,0.13545,0.17091,0.082351,0.11547,0.086205,0.08533,0.060793,0.084026,0.051491,0.071615,0.056571,0.088212,0.15201,0.10415,0.059201,0.1562,0.14169,0.092207,0.085165,0.059668,0.071459,0.064095,0.081398,0.13609
0.2451,0.063767,0.035448,0.1291,0.072533,0.11416,0.080993,0.044761,0.068995,0.072232,0,0.095998,0.046015,0.062051,0.10257,0.075707,0.064048,0.094625,0.11368,0.14494,0.06653,0.10618,0.044994,0.059707,0.076792,0.07762,0.10455,0.056662,0.072493,0.062731,0.05345,0.14048,0.036092,0.098609,0.068394,0.049955,0.057629,0.037995,0.04526,0.054121,0.046005,0.090987,0.087549,0.097602,0.12493,0.086879,0.085602,0.09091,0.058893,0.14467,0.23072,0.045928,0.061524,0.065505,0.099164,0.068881,0.082103,0.059159,0.16121,0.082671,0.047426,0.051027,0.059502,0.087821,0.077911,0.06057,0.057105,0.05884,0.090237,0.065736,0.054929,0.066269,0.057158,0.066082,0.053178,0.061729,0.19376,0.073165,0.06289,0.11679,0.045612,0.12219,0.05468,0.06491,0.044989,0.064776,0.08311,0.054349,0.061482,0.072447,0.071845,0.056563,0.060276,0.063636,0.061186,0.081361,0.08645,0.075196,0.054632,0.044552,0.077302,0.081203,0.069859,0.061396,0.062885,0.040113,0.15252,0.067139,0.091177,0.085348,0.063693,0.072987,0.046224,0.096771,0.082992,0.068677,0.056831,0.07735,0.057539,0.051969,0.090555,0.066779,0.097474,0.033117,0.057739,0.128,0.040938,0.11465,0.060102,0.068799,0.087587,0.057077,0.096305,0.066121,0.070355,0.050662,0.076099,0.06863,0.051288,0.058155,0.043196,0.12636,0.055248,0.10334,0.050217,0.081441,0.062046,0.078271,0.074126,0.047408,0.081891,0.060103,0.048488,0.1009,0.066862,0.16134,0.066665,0.074089,0.043317,0.063501,0.086757,0.065572,0.1236,0.17501,0.06783,0.1131,0.069506,0.098632,0.052769,0.056181,0.041822,0.056358,0.048594,0.051941,0.14574,0.099103,0.046874,0.13664,0.11202,0.079377,0.073903,0.056391,0.063173,0.042469,0.065322,0.1422
0.21347,0.11814,0.10294,0.11645,0.079382,0.087125,0.11688,0.10547,0.075355,0.096802,0.095998,0,0.097698,0.094004,0.10339,0.10852,0.06174,0.087214,0.12529,0.099102,0.091918,0.039982,0.087022,0.11581,0.078737,0.094902,0.12739,0.084878,0.08425,0.071606,0.092283,0.16712,0.086612,0.079811,0.094312,0.10126,0.085802,0.088301,0.091653,0.070551,0.085484,0.15039,0.11553,0.11299,0.14904,0.13431,0.12014,0.092224,0.092656,0.15719,0.19805,0.098025,0.098254,0.10078,0.10333,0.090821,0.09787,0.082016,0.14693,0.12089,0.096704,0.080285,0.091003,0.10955,0.09434,0.094455,0.07913,0.098402,0.043103,0.10055,0.085088,0.10698,0.088588,0.080875,0.07618,0.09586,0.21828,0.074579,0.073976,0.1304,0.10028,0.12065,0.11689,0.09216,0.09897,0.093694,0.098106,0.099288,0.076567,0.1055,0.11279,0.090748,0.11395,0.085428,0.064925,0.066811,0.096333,0.081825,0.10503,0.097044,0.10107,0.10029,0.096299,0.076054,0.10959,0.10222,0.1599,0.063107,0.12128,0.11109,0.073297,0.099992,0.10662,0.10595,0.065617,0.10234,0.10051,0.075398,0.094253,0.099712,0.056493,0.071697,0.1093,0.10108,0.094976,0.084874,0.076822,0.12421,0.10193,0.097168,0.13431,0.081865,0.091198,0.099617,0.107,0.10104,0.1043,0.10675,0.081931,0.068357,0.10063,0.13403,0.091551,0.11416,0.10157,0.071428,0.07694,0.087585,0.12704,0.098863,0.11302,0.11072,0.089904,0.097761,0.088913,0.12438,0.059338,0.10633,0.10226,0.066218,0.10688,0.093687,0.15783,0.11046,0.095971,0.16249,0.071505,0.10649,0.096367,0.10183,0.093854,0.091997,0.10658,0.092799,0.12805,0.10726,0.096048,0.138,0.10642,0.089649,0.080033,0.10802,0.085091,0.095071,0.09239,0.12294
0.24768,0.075841,0.040712,0.13885,0.079619,0.11668,0.097691,0.045288,0.08125,0.06279,0.046015,0.097698,0,0.070052,0.094575,0.078781,0.076869,0.077105,0.1142,0.14871,0.06766,0.10527,0.044568,0.054905,0.076435,0.079273,0.099326,0.058944,0.074038,0.063543,0.051532,0.11956,0.050233,0.095057,0.072301,0.035944,0.058017,0.035893,0.05851,0.050244,0.059817,0.083685,0.084643,0.087798,0.10025,0.091099,0.092959,0.094222,0.05642,0.15597,0.23028,0.049417,0.059483,0.056025,0.099786,0.081848,0.08008,0.070326,0.17257,0.068944,0.036024,0.050884,0.048082,0.10183,0.075929,0.080731,0.053634,0.035326,0.092477,0.069105,0.055773,0.073989,0.057311,0.07441,0.058346,0.05598,0.18066,0.078753,0.071866,0.10188,0.048129,0.11676,0.041511,0.058948,0.061712,0.053593,0.083639,0.058408,0.065914,0.05906,0.065922,0.060068,0.042986,0.063369,0.069301,0.086539,0.084781,0.076091,0.052885,0.04823,0.091551,0.074277,0.067703,0.06784,0.052313,0.032484,0.13438,0.076171,0.08405,0.096493,0.066668,0.071645,0.049288,0.082404,0.09838,0.078721,0.048863,0.078037,0.051569,0.040196,0.092976,0.065894,0.097216,0.038526,0.050917,0.12316,0.042702,0.12588,0.046887,0.077891,0.0766,0.050803,0.093673,0.053656,0.071273,0.042183,0.064887,0.04463,0.06798,0.067437,0.039433,0.11177,0.04369,0.096718,0.056507,0.087486,0.076044,0.081609,0.068882,0.042215,0.085788,0.047754,0.050561,0.093431,0.053772,0.16764,0.080104,0.061258,0.035833,0.065377,0.094737,0.048515,0.11916,0.17458,0.075112,0.1093,0.078773,0.091783,0.041061,0.069096,0.039655,0.048839,0.047104,0.0718,0.13877,0.091362,0.047265,0.13904,0.129,0.073829,0.06407,0.063514,0.058889,0.034586,0.055954,0.14255
0.25107,0.09527,0.057594,0.14329,0.088565,0.10738,0.10377,0.07432,0.059201,0.083623,0.062051,0.094004,0.070052,0,0.078996,0.060145,0.077835,0.080678,0.089973,0.15174,0.081754,0.10092,0.057473,0.062301,0.073255,0.075058,0.077301,0.078107,0.073841,0.051485,0.07392,0.15897,0.066626,0.084846,0.069132,0.072463,0.05825,0.063927,0.053756,0.061067,0.076439,0.1149,0.079696,0.11327,0.13569,0.10373,0.10741,0.092851,0.063236,0.17541,0.24442,0.065411,0.06,0.073294,0.1124,0.077959,0.058086,0.073618,0.15625,0.084866,0.054463,0.064397,0.073487,0.11721,0.086699,0.056244,0.062418,0.066576,0.089352,0.061958,0.048023,0.049772,0.06278,0.061453,0.054409,0.051573,0.22142,0.064864,0.06711,0.12195,0.060184,0.11929,0.078485,0.072392,0.060862,0.053583,0.075784,0.056049,0.053805,0.056755,0.070201,0.044984,0.06978,0.071752,0.064238,0.058008,0.081781,0.079311,0.067926,0.053225,0.08561,0.10832,0.082179,0.06805,0.065159,0.067941,0.15287,0.068912,0.072323,0.095495,0.060178,0.05167,0.072936,0.099166,0.092664,0.071652,0.039726,0.083239,0.065293,0.062442,0.095026,0.079147,0.071225,0.0608,0.044786,0.13533,0.052984,0.11098,0.059556,0.070759,0.098432,0.052345,0.10793,0.077718,0.06526,0.061811,0.067382,0.085773,0.05471,0.065756,0.055522,0.12017,0.056973,0.10091,0.078556,0.071243,0.069132,0.076858,0.078561,0.072133,0.10268,0.058049,0.057325,0.069681,0.077197,0.17149,0.057163,0.069906,0.073857,0.065495,0.094758,0.070609,0.1072,0.16819,0.069367,0.11957,0.08537,0.075038,0.050553,0.058383,0.070574,0.054579,0.078668,0.075185,0.15479,0.074913,0.075889,0.11819,0.11848,0.075013,0.080952,0.062091,0.0507,0.06231,0.067226,0.13771
0.26771,0.10111,0.095328,0.16757,0.091503,0.1382,0.12787,0.094363,0.074698,0.094313,0.10257,0.10339,0.094575,0.078996,0,0.067692,0.10855,0.090586,0.056547,0.17331,0.090685,0.10425,0.081626,0.08883,0.099523,0.092327,0.049732,0.087822,0.065844,0.076061,0.092714,0.17548,0.093795,0.10506,0.097159,0.096134,0.080908,0.084667,0.081702,0.073336,0.099622,0.13575,0.075184,0.1257,0.12318,0.12054,0.13062,0.10427,0.072218,0.20975,0.27587,0.092652,0.079004,0.085593,0.12928,0.099819,0.085984,0.090627,0.19693,0.10299,0.082267,0.073689,0.094808,0.13482,0.11029,0.1076,0.071486,0.092477,0.097354,0.080234,0.069261,0.080828,0.07795,0.09097,0.09062,0.073771,0.23611,0.088209,0.090315,0.11393,0.080484,0.10616,0.11147,0.069456,0.091526,0.090518,0.097747,0.086141,0.084783,0.083925,0.10274,0.063178,0.093083,0.077014,0.080553,0.075993,0.10134,0.10814,0.091798,0.096253,0.11012,0.10174,0.10179,0.098635,0.082206,0.093233,0.14894,0.090935,0.089149,0.13184,0.079453,0.064506,0.1009,0.12282,0.10092,0.084152,0.081473,0.09384,0.077721,0.087173,0.11493,0.10351,0.052516,0.091236,0.079809,0.14683,0.084174,0.12688,0.074001,0.11046,0.12563,0.065314,0.096222,0.070475,0.088,0.090242,0.097878,0.099351,0.091246,0.092341,0.08924,0.086335,0.06681,0.11933,0.092409,0.078319,0.091136,0.10071,0.087849,0.097735,0.10853,0.089034,0.08186,0.096822,0.083227,0.17591,0.072845,0.081578,0.09929,0.085028,0.1166,0.08082,0.12083,0.15734,0.086865,0.13452,0.1092,0.038393,0.072542,0.084546,0.090371,0.071356,0.10963,0.10704,0.16975,0.077308,0.10273,0.15191,0.15147,0.10051,0.079465,0.094466,0.064553,0.082002,0.084736,0.14972
0.26963,0.098778,0.070203,0.16045,0.087139,0.12948,0.10336,0.06768,0.067069,0.077801,0.075707,0.10852,0.078781,0.060145,0.067692,0,0.089288,0.093959,0.084026,0.16849,0.07809,0.11132,0.058235,0.061069,0.082902,0.091895,0.070769,0.079029,0.069329,0.068038,0.079781,0.1574,0.065927,0.082046,0.078297,0.077324,0.076062,0.06365,0.064869,0.068812,0.078353,0.1048,0.069028,0.11565,0.12011,0.099374,0.11481,0.095803,0.061753,0.17858,0.26288,0.070785,0.075673,0.072202,0.11473,0.085317,0.082114,0.080185,0.18654,0.087555,0.060312,0.061424,0.074624,0.12238,0.091381,0.089703,0.067893,0.069492,0.098128,0.059765,0.049363,0.054574,0.075432,0.071054,0.07141,0.056335,0.22042,0.080993,0.082854,0.11678,0.0716,0.10339,0.093387,0.060532,0.070056,0.067811,0.078919,0.067014,0.069776,0.060199,0.09899,0.057314,0.069468,0.076152,0.072376,0.080278,0.098454,0.10499,0.073119,0.074927,0.084793,0.099543,0.079735,0.095798,0.056075,0.077488,0.1518,0.090043,0.077209,0.11011,0.074311,0.05603,0.073337,0.097134,0.09292,0.074918,0.060257,0.091798,0.058693,0.079908,0.10928,0.082939,0.061965,0.075374,0.064158,0.15122,0.061827,0.1122,0.056013,0.083825,0.10019,0.06483,0.10208,0.065307,0.081219,0.064939,0.063988,0.081707,0.069973,0.078167,0.076677,0.10062,0.046237,0.10428,0.084367,0.087124,0.094034,0.07775,0.071964,0.084235,0.092529,0.078817,0.055647,0.07825,0.069398,0.18007,0.07544,0.067481,0.076696,0.076202,0.091603,0.074312,0.11278,0.16867,0.068389,0.10406,0.084191,0.068666,0.058171,0.061654,0.073818,0.057266,0.080992,0.086362,0.15768,0.076367,0.072458,0.13371,0.13094,0.082928,0.095456,0.074842,0.059841,0.070964,0.06686,0.14343
0.21382,0.10371,0.077988,0.10411,0.062274,0.08888,0.09105,0.07545,0.061946,0.096585,0.064048,0.06174,0.076869,0.077835,0.10855,0.089288,0,0.087748,0.12735,0.097363,0.084823,0.061063,0.068077,0.091911,0.063546,0.086856,0.12695,0.073119,0.081497,0.070292,0.067671,0.15365,0.063782,0.075606,0.066229,0.085468,0.075263,0.069739,0.079406,0.067725,0.068831,0.1306,0.11545,0.095854,0.14337,0.1113,0.10589,0.081209,0.077103,0.13034,0.20083,0.074143,0.077456,0.090818,0.091998,0.068915,0.095486,0.05401,0.13517,0.10729,0.07958,0.072461,0.084129,0.087015,0.085867,0.082858,0.072484,0.07816,0.060408,0.091592,0.074544,0.08959,0.068761,0.069577,0.067798,0.085138,0.21572,0.06389,0.067855,0.12823,0.090015,0.11882,0.097219,0.078302,0.080284,0.084551,0.094456,0.081442,0.065065,0.089619,0.093348,0.072359,0.087358,0.085259,0.056257,0.078256,0.094635,0.082845,0.093096,0.080892,0.070742,0.10399,0.087798,0.063102,0.088352,0.083495,0.16098,0.049383,0.11304,0.085173,0.078915,0.084908,0.086328,0.087735,0.071582,0.075256,0.082682,0.072436,0.07702,0.083232,0.051786,0.057274,0.10173,0.079717,0.075652,0.090353,0.057281,0.096623,0.087433,0.070797,0.1195,0.077373,0.090839,0.079698,0.086006,0.081522,0.086976,0.085771,0.055694,0.046079,0.083037,0.13894,0.079008,0.11825,0.084544,0.076508,0.068932,0.070058,0.11433,0.086185,0.092704,0.095927,0.068975,0.095404,0.081644,0.13113,0.063898,0.095913,0.083386,0.053727,0.086067,0.083526,0.15129,0.13498,0.079476,0.13383,0.050358,0.10928,0.080057,0.07453,0.075399,0.076081,0.088301,0.063679,0.12373,0.095172,0.071014,0.12038,0.082141,0.075366,0.089015,0.093803,0.071359,0.076748,0.064861,0.12403
0.26646,0.12268,0.090336,0.15312,0.091775,0.12411,0.13398,0.090692,0.090695,0.07972,0.094625,0.087214,0.077105,0.080678,0.090586,0.093959,0.087748,0,0.11317,0.14979,0.081895,0.080641,0.076346,0.098459,0.090321,0.10882,0.10046,0.091669,0.095074,0.06363,0.090327,0.149,0.091952,0.078766,0.073431,0.081449,0.085495,0.079196,0.088755,0.079044,0.094398,0.1253,0.10713,0.11614,0.12164,0.11181,0.11345,0.10135,0.078125,0.16825,0.23642,0.082632,0.079205,0.081917,0.12578,0.10096,0.097616,0.096338,0.18631,0.1043,0.079896,0.080996,0.071939,0.11298,0.088833,0.10713,0.085525,0.072877,0.079877,0.087022,0.081809,0.0931,0.078425,0.080361,0.074949,0.065968,0.21146,0.079195,0.085658,0.11818,0.096072,0.08698,0.10078,0.072519,0.10066,0.068906,0.09851,0.085017,0.069094,0.083292,0.08836,0.078275,0.087689,0.09389,0.085813,0.073463,0.090575,0.0999,0.086114,0.085974,0.11197,0.10879,0.089274,0.092178,0.089041,0.087113,0.15497,0.083977,0.088334,0.13016,0.074216,0.076359,0.088209,0.11403,0.10936,0.10084,0.075181,0.095495,0.08205,0.077416,0.080895,0.081174,0.097124,0.089895,0.076438,0.13094,0.07233,0.11898,0.076491,0.098198,0.11907,0.062289,0.11331,0.081913,0.092095,0.069271,0.084706,0.086939,0.089341,0.083909,0.090887,0.10805,0.075324,0.10506,0.10628,0.10205,0.091549,0.091758,0.10254,0.082358,0.11373,0.087614,0.082333,0.088947,0.07632,0.17292,0.092176,0.091747,0.086178,0.071785,0.12212,0.0849,0.13688,0.16232,0.1005,0.13767,0.088635,0.080372,0.069697,0.085729,0.084828,0.086123,0.097142,0.10554,0.14701,0.094902,0.089538,0.13029,0.13606,0.089547,0.087038,0.090003,0.073544,0.085381,0.074774,0.12007
0.27533,0.10294,0.10611,0.17942,0.10767,0.1481,0.13395,0.10785,0.083236,0.10911,0.11368,0.12529,0.1142,0.089973,0.056547,0.084026,0.12735,0.11317,0,0.1886,0.096313,0.12831,0.088168,0.10466,0.11602,0.10668,0.0434,0.10861,0.087342,0.094382,0.11371,0.18847,0.11042,0.11794,0.10579,0.11504,0.10128,0.10212,0.092086,0.089121,0.11504,0.15063,0.091692,0.14571,0.12653,0.12601,0.15453,0.10607,0.093663,0.21762,0.29017,0.10406,0.096263,0.10364,0.13644,0.097923,0.094973,0.10597,0.19687,0.12137,0.096653,0.085028,0.11268,0.13843,0.12332,0.11281,0.08633,0.11274,0.11972,0.090044,0.086725,0.077126,0.10248,0.11299,0.10821,0.089636,0.25117,0.092264,0.10436,0.14858,0.08928,0.12222,0.12842,0.085072,0.10536,0.10991,0.091915,0.094225,0.10059,0.10041,0.11705,0.079467,0.10487,0.086675,0.089949,0.089218,0.10971,0.12256,0.10482,0.10662,0.10888,0.12419,0.11637,0.11603,0.10383,0.10823,0.15903,0.10775,0.10278,0.13083,0.095088,0.073343,0.12045,0.14254,0.10316,0.09125,0.091808,0.10365,0.099389,0.096072,0.13368,0.12492,0.043242,0.10245,0.098739,0.16559,0.099444,0.12571,0.096822,0.10926,0.13115,0.087937,0.11699,0.091964,0.10517,0.1098,0.11095,0.12154,0.10338,0.11411,0.10281,0.12313,0.089162,0.13738,0.10821,0.10516,0.10659,0.11183,0.10265,0.11431,0.11246,0.10506,0.099535,0.11396,0.10918,0.18715,0.086364,0.099092,0.11819,0.10288,0.13246,0.1114,0.12624,0.15943,0.08805,0.15242,0.12425,0.050587,0.091851,0.089055,0.10306,0.094097,0.12438,0.12091,0.18871,0.097788,0.12043,0.16621,0.15477,0.11102,0.10029,0.099834,0.08011,0.097788,0.11451,0.14164
0.14199,0.17435,0.14919,0.10407,0.12118,0.096356,0.12956,0.15333,0.13456,0.16556,0.14494,0.099102,0.14871,0.15174,0.17331,0.16849,0.097363,0.14979,0.1886,0,0.14848,0.092486,0.14398,0.16498,0.11046,0.13045,0.19514,0.14573,0.15353,0.14249,0.13588,0.17669,0.13845,0.13725,0.13893,0.16195,0.13918,0.14444,0.15054,0.13488,0.13387,0.20475,0.18843,0.14218,0.20361,0.17959,0.16174,0.1285,0.1463,0.16989,0.13504,0.14988,0.15503,0.15605,0.11555,0.12572,0.15994,0.12288,0.10407,0.17055,0.15426,0.14894,0.15402,0.15287,0.15253,0.14507,0.14312,0.14929,0.10113,0.17173,0.153,0.16659,0.14944,0.13755,0.13022,0.16295,0.24112,0.1237,0.12956,0.18233,0.16081,0.17591,0.16244,0.15021,0.16475,0.15549,0.1497,0.1556,0.13698,0.15955,0.162,0.15207,0.16327,0.14988,0.12316,0.14137,0.16144,0.13589,0.16575,0.15832,0.12422,0.16905,0.14728,0.121,0.16593,0.15651,0.20319,0.10953,0.18095,0.11907,0.14394,0.15403,0.16747,0.13226,0.12224,0.1498,0.15391,0.11264,0.15144,0.15111,0.086963,0.11511,0.16726,0.15316,0.15395,0.05767,0.13316,0.1364,0.16781,0.12876,0.17295,0.15001,0.14264,0.15377,0.15027,0.15817,0.14839,0.15488,0.128,0.12097,0.15219,0.20883,0.15643,0.1772,0.14925,0.12651,0.13679,0.13785,0.19255,0.157,0.14837,0.17027,0.13941,0.14532,0.14903,0.088375,0.12874,0.16504,0.15854,0.11846,0.1242,0.15258,0.21343,0.10881,0.15159,0.20419,0.1111,0.17811,0.15704,0.15214,0.15066,0.15262,0.16167,0.12806,0.10689,0.15242,0.1377,0.17948,0.093878,0.12173,0.13778,0.17035,0.14178,0.14966,0.14287,0.17018
0.24891,0.080035,0.060039,0.14531,0.072266,0.10609,0.09227,0.065311,0.070876,0.055746,0.06653,0.091918,0.06766,0.081754,0.090685,0.07809,0.084823,0.081895,0.096313,0.14848,0,0.097281,0.053578,0.06962,0.084532,0.08424,0.093657,0.074287,0.08318,0.055709,0.078024,0.13781,0.065479,0.095555,0.082323,0.064163,0.081516,0.049848,0.058926,0.059585,0.06351,0.10186,0.079891,0.11859,0.11574,0.078739,0.096591,0.072973,0.056215,0.17232,0.23046,0.054633,0.085809,0.072266,0.083862,0.07327,0.10014,0.069434,0.17031,0.087416,0.061925,0.0556,0.053451,0.10327,0.080829,0.089905,0.069028,0.072766,0.081127,0.067184,0.073162,0.075429,0.083881,0.071506,0.067041,0.056611,0.19913,0.069719,0.077953,0.11849,0.066088,0.092825,0.087173,0.054287,0.080866,0.06784,0.076362,0.069933,0.069018,0.081198,0.094562,0.075597,0.072888,0.064164,0.058866,0.075362,0.076555,0.087339,0.069112,0.07071,0.082814,0.083943,0.063628,0.086103,0.072801,0.066856,0.16026,0.075551,0.08167,0.094209,0.058649,0.073162,0.073558,0.10535,0.067677,0.08304,0.067642,0.074892,0.072655,0.058363,0.086322,0.078936,0.089909,0.066105,0.083369,0.12808,0.056092,0.11337,0.071767,0.083419,0.090116,0.056513,0.088763,0.060496,0.093775,0.059307,0.06999,0.081792,0.063247,0.075225,0.0676,0.1103,0.060435,0.095316,0.068387,0.08513,0.083546,0.083638,0.080999,0.068779,0.087399,0.087486,0.064691,0.095626,0.061248,0.15238,0.071996,0.090794,0.070153,0.063941,0.086962,0.07978,0.14083,0.15196,0.077544,0.11125,0.078851,0.083247,0.066219,0.068392,0.053797,0.081535,0.073619,0.078617,0.13533,0.10315,0.060599,0.15563,0.12259,0.07256,0.073955,0.066041,0.073169,0.061928,0.081549,0.1241
0.2151,0.1317,0.11205,0.12219,0.078872,0.097079,0.12192,0.11308,0.079612,0.10947,0.10618,0.039982,0.10527,0.10092,0.10425,0.11132,0.061063,0.080641,0.12831,0.092486,0.097281,0,0.097801,0.12319,0.081273,0.10256,0.13128,0.096548,0.096013,0.079354,0.098727,0.17292,0.098427,0.082337,0.088945,0.11365,0.096315,0.097949,0.10221,0.083801,0.096403,0.158,0.12564,0.1255,0.15561,0.1423,0.12273,0.093489,0.09937,0.1579,0.20119,0.10744,0.10312,0.11143,0.10697,0.098781,0.11268,0.086221,0.14776,0.13503,0.10616,0.094001,0.1046,0.11475,0.11048,0.11326,0.092458,0.10468,0.046777,0.11125,0.099033,0.11643,0.096533,0.086656,0.085797,0.10178,0.23227,0.079791,0.084737,0.13067,0.11477,0.1123,0.12917,0.092954,0.11589,0.10285,0.10915,0.10875,0.084889,0.11426,0.12116,0.095738,0.11828,0.10185,0.073634,0.076648,0.10496,0.09959,0.11741,0.11067,0.10263,0.11647,0.10448,0.086025,0.11705,0.1117,0.17025,0.071078,0.12626,0.1149,0.086746,0.097341,0.11554,0.11107,0.080246,0.1024,0.10539,0.079431,0.098992,0.10753,0.045807,0.077362,0.10935,0.11237,0.10428,0.085633,0.084476,0.11372,0.11076,0.10119,0.14344,0.091754,0.096695,0.10201,0.11164,0.10685,0.1092,0.11235,0.089183,0.075819,0.11063,0.13807,0.099172,0.13284,0.11064,0.082148,0.084819,0.096428,0.14032,0.11231,0.12193,0.1225,0.09714,0.098083,0.096263,0.12197,0.075504,0.11516,0.1134,0.072204,0.10775,0.10414,0.16225,0.10833,0.10769,0.16482,0.075068,0.10777,0.10418,0.10379,0.10526,0.10273,0.11963,0.10213,0.12976,0.10656,0.10154,0.13977,0.10148,0.086775,0.091784,0.12147,0.09088,0.10664,0.092674,0.12845
0.24706,0.072156,0.03977,0.13536,0.065144,0.10731,0.088165,0.036843,0.062741,0.055672,0.044994,0.087022,0.044568,0.057473,0.081626,0.058235,0.068077,0.076346,0.088168,0.14398,0.053578,0.097801,0,0.056732,0.065547,0.073071,0.081889,0.05753,0.060219,0.05543,0.054376,0.12711,0.040674,0.076096,0.060168,0.048725,0.055002,0.031975,0.048383,0.0392,0.05403,0.096874,0.080262,0.086733,0.097748,0.078764,0.10515,0.073472,0.046901,0.15583,0.23369,0.038378,0.057918,0.050739,0.092361,0.052747,0.065837,0.056422,0.16743,0.067947,0.032909,0.029637,0.04493,0.091906,0.061863,0.067778,0.042194,0.042332,0.08004,0.057216,0.037467,0.046913,0.057662,0.068749,0.052937,0.048455,0.19035,0.053906,0.058508,0.11631,0.043723,0.10558,0.06553,0.044491,0.053054,0.051221,0.05632,0.041552,0.052471,0.047606,0.068663,0.045312,0.049485,0.048841,0.051251,0.072467,0.080121,0.074525,0.047276,0.048139,0.066885,0.078004,0.061063,0.065907,0.052729,0.046248,0.13903,0.063332,0.075311,0.087754,0.058058,0.058274,0.055928,0.086674,0.074349,0.067541,0.042985,0.062928,0.050327,0.039791,0.086539,0.062235,0.071646,0.04,0.047385,0.12299,0.033317,0.10624,0.047233,0.055076,0.080002,0.040829,0.091587,0.050591,0.065344,0.04737,0.055959,0.054948,0.05339,0.061659,0.049645,0.11508,0.03685,0.090359,0.059162,0.079501,0.073097,0.060574,0.064177,0.050584,0.064823,0.056649,0.039933,0.085797,0.058253,0.15978,0.061156,0.05748,0.047769,0.050863,0.088406,0.061649,0.11968,0.15321,0.047698,0.11317,0.063583,0.074273,0.03772,0.051846,0.035097,0.043308,0.054337,0.061551,0.13651,0.080627,0.048963,0.13294,0.11496,0.069488,0.067169,0.050545,0.041189,0.037518,0.057855,0.12074
0.25274,0.08306,0.045444,0.15589,0.083606,0.12142,0.091798,0.0548,0.079367,0.075771,0.059707,0.11581,0.054905,0.062301,0.08883,0.061069,0.091911,0.098459,0.10466,0.16498,0.06962,0.12319,0.056732,0,0.088998,0.085462,0.0867,0.08327,0.074485,0.066493,0.07651,0.13537,0.06396,0.10526,0.090021,0.056297,0.065685,0.051353,0.065099,0.064719,0.073759,0.085614,0.075794,0.1115,0.12256,0.089686,0.10502,0.09642,0.052722,0.17847,0.24952,0.05085,0.065497,0.060039,0.10205,0.083586,0.079722,0.070074,0.17315,0.071408,0.046506,0.060902,0.065576,0.11877,0.079938,0.079259,0.062256,0.060199,0.10701,0.061641,0.059715,0.058382,0.070399,0.072821,0.0695,0.059272,0.20187,0.082986,0.090332,0.1127,0.056383,0.12111,0.057931,0.060813,0.062819,0.06356,0.091189,0.061,0.073889,0.056159,0.074142,0.060144,0.057363,0.0681,0.074311,0.088168,0.081522,0.086641,0.056797,0.054008,0.089853,0.09161,0.079398,0.079787,0.05373,0.059884,0.15074,0.0875,0.080389,0.10214,0.075971,0.06598,0.069089,0.099566,0.1001,0.087236,0.050593,0.09632,0.069516,0.058295,0.11113,0.086447,0.089456,0.053754,0.057299,0.14289,0.063131,0.12221,0.047219,0.088816,0.083126,0.057831,0.10577,0.055254,0.071212,0.055114,0.060756,0.072054,0.071402,0.080129,0.046053,0.11361,0.049543,0.095286,0.065701,0.084957,0.09305,0.087307,0.068877,0.063819,0.091488,0.062966,0.061311,0.083229,0.064746,0.17903,0.081447,0.071229,0.066092,0.076515,0.08061,0.055965,0.12615,0.18351,0.071334,0.093536,0.099754,0.085561,0.049723,0.068317,0.056902,0.058349,0.073033,0.079457,0.14331,0.085186,0.060094,0.14168,0.1317,0.077823,0.085237,0.063052,0.062587,0.053081,0.064087,0.15722
0.21539,0.11444,0.072815,0.1245,0.086873,0.075003,0.074655,0.079874,0.072116,0.090122,0.076792,0.078737,0.076435,0.073255,0.099523,0.082902,0.063546,0.090321,0.11602,0.11046,0.084532,0.081273,0.065547,0.088998,0,0.066618,0.1121,0.072177,0.083259,0.070832,0.072607,0.12494,0.056423,0.07375,0.062779,0.088447,0.073403,0.069745,0.07439,0.064094,0.068298,0.12377,0.10784,0.086695,0.13505,0.12025,0.10962,0.080762,0.069731,0.17214,0.20611,0.08241,0.090903,0.077644,0.090319,0.067178,0.082109,0.06595,0.13966,0.097581,0.07527,0.076607,0.075199,0.12511,0.094501,0.085078,0.068145,0.066313,0.071851,0.098013,0.075458,0.087063,0.085934,0.080487,0.06427,0.07222,0.19821,0.057842,0.064963,0.11567,0.081352,0.12386,0.087426,0.074653,0.097073,0.077078,0.074528,0.07352,0.057247,0.072941,0.091215,0.07204,0.087498,0.076944,0.055266,0.078092,0.1088,0.082642,0.088246,0.082681,0.070457,0.10461,0.082462,0.078635,0.075111,0.083496,0.13959,0.056628,0.085454,0.076578,0.070925,0.079028,0.085234,0.067236,0.081854,0.080012,0.073183,0.062796,0.072629,0.073491,0.067204,0.038954,0.09374,0.078909,0.074701,0.091061,0.05647,0.090425,0.08798,0.054192,0.090139,0.07054,0.095832,0.080183,0.090354,0.073416,0.075372,0.079921,0.065825,0.076388,0.081703,0.14308,0.06964,0.10648,0.084973,0.067696,0.081178,0.053835,0.10787,0.088245,0.094768,0.096045,0.05496,0.086044,0.07366,0.13692,0.072513,0.084248,0.077782,0.054844,0.071521,0.0828,0.1358,0.13725,0.085349,0.11936,0.045258,0.10093,0.0761,0.07486,0.079242,0.072233,0.078579,0.080184,0.10868,0.068311,0.057565,0.1436,0.081052,0.055609,0.082456,0.088703,0.060376,0.076483,0.073211,0.14454
