0,0.27673,0.26773,0.1895,0.24185,0.20772,0.28092,0.25671,0.21649,0.25296,0.27258,0.2497,0.28991,0.26805,0.27387,0.2796,0.26782,0.2622,0.26017,0.25425,0.2379,0.26083,0.2954,0.13715,0.27063,0.27019,0.27744,0.25677,0.22538,0.30248,0.27784,0.28857,0.25791,0.24814,0.23395,0.25982,0.22376,0.26031,0.29904,0.25642,0.27112,0.28276,0.27898,0.26007,0.25695,0.26862,0.286,0.27035,0.22848,0.29428,0.24658,0.25598,0.28863,0.26398,0.27198,0.25922,0.21314,0.27797,0.26551,0.27519,0.27735,0.21807,0.27944,0.25557,0.24983,0.10982,0.26175,0.26301,0.27918,0.26145,0.28526,0.2739,0.26229,0.25333,0.26891,0.29803,0.25613,0.26938,0.29009,0.26702,0.26931,0.26701,0.25503,0.25176,0.25617,0.27893,0.25792,0.25724,0.27291,0.27324,0.27427,0.27336,0.26146,0.27048,0.27723,0.26314,0.27657,0.27858,0.26552,0.25634,0.28344,0.25232,0.26388,0.29248,0.2767,0.29579,0.26778,0.23279,0.24599,0.28095,0.27122,0.28834,0.26607,0.26635,0.25,0.26548,0.26763,0.27059,0.24105,0.28109,0.31184,0.29916,0.24119,0.21335,0.26689,0.27647,0.26109,0.26899,0.23826,0.25858,0.26508,0.27231,0.26941,0.26702,0.27559,0.26536,0.24611,0.27359,0.27901,0.25354,0.26923,0.15481,0.25418,0.22374,0.29327,0.23272,0.26227,0.27912,0.25872,0.25182,0.27206,0.2774,0.25649,0.25991,0.24785,0.26085,0.27853,0.26577,0.2916,0.27504,0.26301,0.27405,0.24541,0.28433,0.27175,0.28024,0.25577,0.23362,0.26786,0.2182,0.26564,0.28227,0.26756,0.24147,0.31488,0.28105,0.28723,0.29893,0.16806,0.27284,0.25565,0.23759,0.26267,0.28469,0.26892,0.26731,0.28978,0.27755,0.26259,0.25001,0.1742,0.26523,0.27386,0.19993,0.21448,0.25901,0.28286,0.25111,0.27706,0.25131
0.27673,0,0.077253,0.15198,0.081107,0.15575,0.087293,0.06141,0.11537,0.058989,0.082774,0.065329,0.078175,0.064322,0.091958,0.070986,0.092139,0.064493,0.061582,0.078107,0.11557,0.087004,0.18514,0.18031,0.10932,0.059467,0.11019,0.079294,0.10422,0.12731,0.071153,0.078138,0.056072,0.060508,0.085257,0.073902,0.15444,0.066969,0.17707,0.093144,0.070616,0.082854,0.063247,0.1071,0.063371,0.066421,0.09025,0.077012,0.1224,0.11497,0.059543,0.079944,0.12539,0.092287,0.055137,0.086175,0.23593,0.095447,0.0616,0.074345,0.071407,0.14406,0.14463,0.10208,0.077066,0.25983,0.088226,0.079547,0.10125,0.057146,0.076877,0.06983,0.11171,0.068236,0.060109,0.13729,0.07377,0.07259,0.071674,0.08325,0.055526,0.062536,0.084476,0.088422,0.073377,0.091164,0.086753,0.068021,0.079102,0.055148,0.11081,0.077585,0.057045,0.051588,0.085541,0.090336,0.066479,0.084328,0.065921,0.078598,0.098733,0.097734,0.06554,0.10602,0.072096,0.11393,0.063387,0.086496,0.072858,0.078533,0.12386,0.082839,0.10097,0.073866,0.067235,0.063152,0.1009,0.10264,0.084027,0.072106,0.12292,0.17401,0.096973,0.12415,0.078264,0.095091,0.079687,0.075615,0.12157,0.071566,0.076498,0.084415,0.075525,0.058867,0.073769,0.093114,0.091975,0.06908,0.06442,0.085034,0.10119,0.15921,0.076186,0.097875,0.075807,0.1029,0.12947,0.06767,0.0932,0.070097,0.098904,0.070045,0.077109,0.073728,0.073572,0.063369,0.084746,0.061073,0.12019,0.057508,0.073826,0.069316,0.078243,0.062579,0.064629,0.15243,0.067866,0.11377,0.073455,0.15084,0.069373,0.098964,0.069739,0.064678,0.1246,0.068935,0.11784,0.10702,0.20749,0.041001,0.076437,0.092194,0.066741,0.10311,0.066706,0.062777,0.065939,0.070798,0.072494,0.074062,0.22278,0.072109,0.12626,0.1239,0.12901,0.056137,0.14749,0.071803,0.053613,0.083152
0.26773,0.077253,0,0.15571,0.071217,0.13926,0.074033,0.057906,0.11112,0.06248,0.086811,0.056487,0.074913,0.050117,0.076209,0.060397,0.077262,0.07749,0.041983,0.069415,0.10426,0.10676,0.17676,0.15944,0.11594,0.05085,0.094329,0.070741,0.067293,0.11981,0.056768,0.078953,0.081231,0.088691,0.090827,0.061504,0.12993,0.055129,0.17268,0.058464,0.050627,0.064737,0.054588,0.073514,0.062803,0.064402,0.087423,0.073019,0.11715,0.12519,0.058272,0.066464,0.10478,0.05956,0.055208,0.098127,0.21737,0.096855,0.056393,0.07979,0.068961,0.12389,0.13432,0.078293,0.068781,0.2461,0.067991,0.060685,0.075908,0.064502,0.061786,0.074583,0.099064,0.070389,0.066794,0.12004,0.065915,0.061553,0.067263,0.054281,0.049668,0.073798,0.067608,0.063532,0.060861,0.084287,0.090723,0.054884,0.064506,0.055211,0.099949,0.058623,0.061381,0.070914,0.058713,0.066101,0.058483,0.065057,0.061816,0.048937,0.086981,0.085593,0.056,0.10646,0.061539,0.083974,0.068791,0.097848,0.068371,0.089081,0.1156,0.076581,0.065676,0.067055,0.056863,0.090298,0.10238,0.073773,0.067947,0.059156,0.16339,0.17259,0.082931,0.090336,0.068683,0.098002,0.067039,0.063115,0.09619,0.078363,0.067026,0.072679,0.08035,0.061414,0.060775,0.068623,0.060981,0.066284,0.053005,0.070846,0.074167,0.14131,0.048591,0.086012,0.063192,0.067927,0.10509,0.056161,0.13572,0.067208,0.095619,0.054491,0.079495,0.065832,0.066731,0.056815,0.10291,0.062476,0.12863,0.058924,0.066731,0.074456,0.078017,0.065807,0.051853,0.14861,0.046021,0.077629,0.054024,0.15238,0.076876,0.11338,0.047761,0.060091,0.10841,0.064096,0.12384,0.096148,0.20774,0.050623,0.064175,0.07317,0.079934,0.097332,0.059393,0.050849,0.060943,0.065654,0.063277,0.058646,0.20398,0.055288,0.089563,0.10578,0.10345,0.064726,0.12866,0.058748,0.058507,0.088722
0.1895,0.15198,0.15571,0,0.12261,0.15778,0.16831,0.14959,0.0935,0.15118,0.16379,0.13203,0.17232,0.15095,0.16209,0.16121,0.1654,0.15227,0.14868,0.13273,0.16994,0.16599,0.21247,0.13861,0.15129,0.15107,0.17494,0.15686,0.14105,0.1563,0.16396,0.18237,0.13175,0.14018,0.15031,0.13137,0.15199,0.14706,0.23449,0.14657,0.15583,0.1619,0.15736,0.1642,0.143,0.14367,0.18955,0.16787,0.1266,0.20222,0.13319,0.14534,0.1625,0.14454,0.14948,0.12931,0.17963,0.17046,0.14858,0.16266,0.16683,0.15111,0.15966,0.16126,0.13327,0.20946,0.15913,0.15318,0.17709,0.1454,0.15866,0.14778,0.17701,0.1411,0.14628,0.19173,0.15073,0.14997,0.16572,0.1632,0.15951,0.15337,0.13622,0.14683,0.14098,0.18067,0.14416,0.13979,0.1406,0.15965,0.168,0.15689,0.14921,0.14882,0.15557,0.1552,0.1602,0.16089,0.15374,0.14161,0.17439,0.16487,0.15086,0.16808,0.16431,0.20284,0.1396,0.14063,0.14402,0.16023,0.16792,0.17893,0.151,0.15302,0.12671,0.14846,0.17056,0.15865,0.14601,0.16043,0.19257,0.23101,0.11722,0.12819,0.1724,0.16714,0.16062,0.15264,0.14372,0.14825,0.14102,0.16791,0.14207,0.14537,0.15814,0.14585,0.1433,0.16175,0.15841,0.15806,0.16238,0.13905,0.14376,0.12368,0.17122,0.13151,0.18023,0.16395,0.1376,0.14644,0.17833,0.1606,0.14565,0.13592,0.13305,0.14735,0.1555,0.15056,0.18237,0.15367,0.14093,0.14374,0.12077,0.15826,0.15169,0.17059,0.13648,0.14767,0.14878,0.10434,0.14964,0.15969,0.1481,0.12689,0.17111,0.16058,0.16467,0.19289,0.18326,0.14532,0.13219,0.12759,0.15784,0.17774,0.15626,0.14863,0.16648,0.15259,0.14822,0.12309,0.20246,0.14341,0.16676,0.11863,0.15582,0.13658,0.19543,0.14375,0.15539,0.12996
0.24185,0.081107,0.071217,0.12261,0,0.13816,0.098279,0.074724,0.084548,0.070014,0.090313,0.072169,0.10285,0.078435,0.098677,0.093919,0.085084,0.083941,0.060242,0.075572,0.093107,0.10469,0.16706,0.13624,0.10351,0.075327,0.11494,0.096034,0.08622,0.12916,0.081001,0.11036,0.078001,0.066733,0.089492,0.075419,0.1238,0.072869,0.18332,0.076421,0.076359,0.083451,0.083756,0.099867,0.069017,0.085975,0.11541,0.090551,0.099826,0.1264,0.044846,0.087681,0.10224,0.080441,0.078973,0.077026,0.19981,0.10426,0.07153,0.086026,0.088972,0.10977,0.1376,0.060899,0.066272,0.22789,0.098349,0.075555,0.10902,0.069486,0.091171,0.063931,0.11349,0.069838,0.077069,0.15037,0.07506,0.088993,0.078123,0.079104,0.068759,0.078684,0.079696,0.074578,0.073981,0.11024,0.094975,0.056408,0.076204,0.082473,0.10562,0.090908,0.061904,0.072783,0.09069,0.084897,0.078452,0.073867,0.076454,0.064963,0.10528,0.085077,0.07274,0.10218,0.083183,0.12753,0.068494,0.09102,0.071566,0.09532,0.12228,0.090558,0.088499,0.078199,0.064471,0.09103,0.12126,0.10134,0.079153,0.081273,0.16419,0.18008,0.077045,0.10897,0.090355,0.11007,0.074534,0.069569,0.1077,0.08554,0.085465,0.089163,0.076524,0.077577,0.083016,0.085187,0.086695,0.082009,0.07867,0.082803,0.084145,0.13278,0.063068,0.077164,0.084727,0.060147,0.10762,0.075394,0.1131,0.065113,0.11177,0.080347,0.090683,0.076564,0.078725,0.068281,0.097994,0.071234,0.13761,0.082514,0.080224,0.080704,0.058273,0.084095,0.07263,0.13743,0.070147,0.09409,0.068852,0.12987,0.087591,0.10956,0.072744,0.067064,0.12642,0.091334,0.11131,0.127,0.18715,0.062854,0.077143,0.070874,0.083336,0.10695,0.07365,0.063579,0.086328,0.080803,0.081408,0.067305,0.19902,0.079117,0.1019,0.084804,0.10888,0.064999,0.14287,0.071824,0.081808,0.073423
0.20772,0.15575,0.13926,0.15778,0.13816,0,0.15718,0.13032,0.12641,0.15091,0.12159,0.13687,0.15536,0.14586,0.14413,0.15027,0.14185,0.14997,0.1311,0.13941,0.14734,0.17114,0.21211,0.12664,0.13464,0.14246,0.14087,0.13271,0.1084,0.19951,0.14229,0.16761,0.14371,0.14017,0.12283,0.13923,0.13973,0.13075,0.17678,0.14765,0.13612,0.15561,0.1463,0.16005,0.1318,0.1453,0.1491,0.15214,0.14281,0.19079,0.13757,0.12807,0.17632,0.12548,0.13502,0.1304,0.21376,0.15671,0.14294,0.16615,0.15071,0.12225,0.19828,0.14716,0.13701,0.18332,0.13984,0.14099,0.15199,0.138,0.14928,0.16213,0.15827,0.12737,0.13816,0.17722,0.12112,0.12933,0.1645,0.15034,0.14363,0.14807,0.11983,0.13075,0.12392,0.15973,0.15016,0.13149,0.15177,0.14143,0.13438,0.15866,0.14099,0.14181,0.13806,0.13588,0.14148,0.15419,0.13362,0.14601,0.18136,0.14708,0.13477,0.18578,0.15411,0.15553,0.14954,0.1273,0.12089,0.16695,0.16451,0.15982,0.13342,0.14198,0.1288,0.16917,0.15015,0.14642,0.13124,0.14976,0.20589,0.20481,0.1486,0.11328,0.12618,0.14528,0.1432,0.1423,0.12152,0.13629,0.14111,0.13621,0.15262,0.14679,0.15277,0.13295,0.12386,0.14051,0.14627,0.14572,0.14202,0.11566,0.13285,0.12125,0.1522,0.11855,0.14192,0.13529,0.17083,0.14736,0.16612,0.14224,0.13819,0.1227,0.11839,0.13564,0.15598,0.13666,0.17215,0.15368,0.12373,0.14793,0.13072,0.15144,0.14657,0.1878,0.13495,0.10031,0.1423,0.16551,0.13405,0.15335,0.14247,0.12116,0.18616,0.16079,0.18867,0.17529,0.16721,0.15005,0.13491,0.1173,0.14944,0.15249,0.13682,0.14069,0.16112,0.13691,0.14035,0.13749,0.16552,0.13797,0.15081,0.11418,0.092686,0.13912,0.12944,0.13368,0.15178,0.14493
0.28092,0.087293,0.074033,0.16831,0.098279,0.15718,0,0.078661,0.123,0.078691,0.099666,0.078016,0.095744,0.063423,0.10479,0.073069,0.084189,0.08892,0.074075,0.080676,0.1112,0.1064,0.17518,0.17709,0.11634,0.06833,0.096219,0.098194,0.089553,0.13236,0.054192,0.092527,0.078796,0.10381,0.096172,0.081503,0.14258,0.071907,0.1707,0.065322,0.076228,0.068314,0.071731,0.10575,0.077808,0.073747,0.088969,0.10729,0.11236,0.12209,0.075891,0.089618,0.11169,0.083778,0.079883,0.091061,0.22341,0.083444,0.074961,0.07032,0.077092,0.1417,0.14399,0.10372,0.092276,0.25198,0.09613,0.083874,0.075141,0.07866,0.083348,0.096676,0.11891,0.092255,0.080106,0.11762,0.06687,0.07383,0.084588,0.089452,0.072032,0.074234,0.08949,0.07744,0.079608,0.093856,0.097669,0.069178,0.05959,0.069037,0.11329,0.079999,0.071878,0.083777,0.079207,0.086135,0.054671,0.074922,0.065102,0.085528,0.098831,0.08942,0.072734,0.10356,0.068785,0.10881,0.080362,0.10639,0.080541,0.10624,0.12405,0.092086,0.081792,0.08625,0.079812,0.10962,0.1007,0.10092,0.095709,0.062172,0.18013,0.16333,0.093093,0.11084,0.089907,0.1063,0.070952,0.074692,0.10158,0.10948,0.071749,0.084439,0.083322,0.048414,0.064605,0.084765,0.085661,0.074913,0.067913,0.079044,0.083184,0.15615,0.076757,0.082829,0.08248,0.084758,0.10994,0.083298,0.13521,0.082715,0.093209,0.053209,0.084826,0.072007,0.073774,0.076698,0.10748,0.074772,0.1425,0.073158,0.09293,0.069703,0.088928,0.078397,0.079335,0.16176,0.062371,0.11795,0.069874,0.17341,0.095724,0.09986,0.069539,0.080655,0.12072,0.075938,0.13116,0.07793,0.22171,0.075565,0.095479,0.085586,0.090402,0.095937,0.061895,0.063953,0.073985,0.068649,0.068397,0.073359,0.21941,0.078105,0.08521,0.11891,0.1209,0.066781,0.13916,0.080759,0.068148,0.080592
0.25671,0.06141,0.057906,0.14959,0.074724,0.13032,0.078661,0,0.10164,0.045213,0.081273,0.058124,0.065149,0.048473,0.075402,0.053037,0.079884,0.04267,0.038156,0.060343,0.09078,0.082323,0.18201,0.15436,0.10267,0.037613,0.079067,0.048247,0.065065,0.12982,0.047222,0.068543,0.06966,0.061059,0.069517,0.059934,0.12004,0.049506,0.15917,0.07259,0.039777,0.05876,0.039791,0.087799,0.043274,0.059048,0.069825,0.062656,0.10538,0.10737,0.044727,0.047691,0.10155,0.06785,0.040233,0.080514,0.21056,0.081896,0.039131,0.064149,0.050799,0.13252,0.1313,0.084051,0.057182,0.23614,0.053972,0.049972,0.06887,0.047462,0.05832,0.066098,0.079517,0.054347,0.049897,0.11411,0.049751,0.048678,0.074385,0.065477,0.046887,0.056116,0.059886,0.063551,0.037818,0.069395,0.069088,0.039836,0.074124,0.034771,0.097649,0.054583,0.036352,0.04153,0.064266,0.054472,0.04702,0.063335,0.058008,0.054447,0.075438,0.077709,0.032041,0.092535,0.054394,0.087703,0.063804,0.079605,0.050978,0.08721,0.10767,0.066014,0.073693,0.046824,0.062067,0.076404,0.079513,0.07076,0.050785,0.057795,0.15327,0.14688,0.07498,0.1026,0.066826,0.087135,0.05713,0.059523,0.090718,0.082612,0.065147,0.06315,0.06984,0.05279,0.052711,0.077681,0.054358,0.043443,0.040873,0.049503,0.069054,0.12827,0.050612,0.080305,0.056261,0.079025,0.116,0.045316,0.11418,0.057636,0.078765,0.046633,0.051296,0.064262,0.053995,0.035417,0.083116,0.045504,0.11475,0.049615,0.063865,0.062231,0.076416,0.051865,0.037046,0.15593,0.046882,0.082284,0.052568,0.15769,0.054458,0.087542,0.046977,0.047416,0.11379,0.060163,0.12683,0.093284,0.18934,0.048864,0.071135,0.071417,0.046973,0.092023,0.03505,0.046051,0.052508,0.056547,0.056351,0.051352,0.19621,0.042934,0.095214,0.10589,0.095601,0.051359,0.12336,0.031732,0.043931,0.070666
0.21649,0.11537,0.11112,0.0935,0.084548,0.12641,0.123,0.10164,0,0.11528,0.12282,0.097802,0.13268,0.11024,0.13274,0.1261,0.13163,0.10897,0.10502,0.10691,0.13297,0.1255,0.19048,0.1411,0.12116,0.10765,0.12453,0.11593,0.10204,0.13498,0.11243,0.1336,0.091039,0.10451,0.10849,0.10478,0.1073,0.10787,0.21255,0.10907,0.10834,0.12616,0.11805,0.13512,0.092564,0.10387,0.13322,0.1205,0.10221,0.15639,0.091693,0.10762,0.13798,0.10031,0.1102,0.076013,0.18568,0.13822,0.11038,0.12885,0.12554,0.097098,0.11621,0.12227,0.10083,0.20958,0.11903,0.098567,0.12514,0.093781,0.11688,0.1208,0.12222,0.10483,0.10274,0.151,0.10446,0.11463,0.12496,0.13115,0.11763,0.12229,0.092758,0.10441,0.095421,0.12466,0.11545,0.092611,0.10481,0.11252,0.1205,0.12188,0.10036,0.10723,0.11022,0.10258,0.11155,0.10293,0.10872,0.10586,0.14348,0.13627,0.10158,0.12,0.12173,0.1497,0.097616,0.11103,0.096687,0.12805,0.12199,0.12986,0.1024,0.11044,0.098509,0.12288,0.1291,0.11652,0.10814,0.11559,0.18165,0.19264,0.087292,0.1051,0.12521,0.12173,0.11585,0.10413,0.1017,0.12741,0.10117,0.11839,0.10735,0.10518,0.11771,0.11819,0.11137,0.10508,0.11402,0.11778,0.11817,0.13059,0.099772,0.081284,0.12176,0.087803,0.11707,0.11139,0.12604,0.096956,0.14599,0.1093,0.10158,0.10377,0.099627,0.097251,0.098961,0.094473,0.1468,0.11825,0.11115,0.11128,0.086439,0.11125,0.10807,0.16219,0.095447,0.1051,0.11342,0.1301,0.1037,0.10987,0.099579,0.088217,0.12722,0.12707,0.15543,0.1429,0.18483,0.10417,0.098853,0.10092,0.1157,0.12096,0.10615,0.10643,0.12418,0.10328,0.10543,0.090648,0.17783,0.10139,0.1045,0.08615,0.11504,0.091217,0.14113,0.098109,0.11797,0.098722
0.25296,0.058989,0.06248,0.15118,0.070014,0.15091,0.078691,0.045213,0.11528,0,0.088727,0.055351,0.078752,0.048095,0.088247,0.06019,0.072876,0.052344,0.042617,0.056675,0.085156,0.072371,0.17266,0.14899,0.11145,0.048127,0.094742,0.066052,0.073712,0.13393,0.06404,0.070296,0.068807,0.056953,0.077457,0.061324,0.13973,0.053139,0.16261,0.069563,0.061358,0.068166,0.054856,0.08477,0.058491,0.066317,0.088156,0.071365,0.11267,0.10873,0.039468,0.062746,0.10716,0.083194,0.059424,0.096397,0.21046,0.087555,0.044409,0.06251,0.062948,0.13694,0.14505,0.079629,0.063308,0.23236,0.066211,0.070309,0.08442,0.057776,0.075993,0.058834,0.093114,0.059218,0.061179,0.12937,0.061653,0.067754,0.075093,0.057998,0.041609,0.056268,0.07902,0.070629,0.059882,0.076832,0.075542,0.052073,0.077465,0.050577,0.11389,0.064189,0.044443,0.054871,0.084383,0.077002,0.06404,0.074883,0.06745,0.05659,0.065687,0.065857,0.052059,0.10153,0.051993,0.11058,0.067803,0.078341,0.063947,0.0856,0.1243,0.071085,0.085199,0.05989,0.064771,0.075507,0.089849,0.085713,0.055104,0.062893,0.15464,0.15894,0.081153,0.10687,0.075449,0.097977,0.045922,0.061931,0.10679,0.077752,0.070193,0.075591,0.066787,0.056279,0.055701,0.085774,0.064678,0.065179,0.052561,0.045209,0.083221,0.12811,0.050366,0.083995,0.07188,0.084464,0.1223,0.062202,0.11158,0.049541,0.075436,0.062864,0.061966,0.072185,0.066744,0.050436,0.10164,0.058874,0.127,0.044517,0.074166,0.063016,0.07464,0.066229,0.056261,0.16129,0.049935,0.10087,0.054697,0.15275,0.071353,0.10176,0.056687,0.053349,0.13558,0.061356,0.1207,0.10816,0.19028,0.048499,0.076756,0.075655,0.05089,0.098388,0.053542,0.049416,0.05893,0.074375,0.059536,0.055135,0.19674,0.057378,0.11531,0.10335,0.10916,0.057649,0.15559,0.045284,0.046633,0.069716
0.27258,0.082774,0.086811,0.16379,0.090313,0.12159,0.099666,0.081273,0.12282,0.088727,0,0.097789,0.10261,0.087501,0.090297,0.08661,0.083711,0.093217,0.075692,0.087931,0.11089,0.12262,0.15752,0.16416,0.068837,0.078048,0.1086,0.094865,0.097189,0.12964,0.087651,0.1057,0.091867,0.08252,0.10372,0.091645,0.14583,0.071474,0.17576,0.10359,0.085438,0.098984,0.087501,0.12375,0.080136,0.082395,0.09704,0.10748,0.127,0.14272,0.085644,0.095527,0.12347,0.089172,0.071953,0.086074,0.22682,0.10403,0.085343,0.096486,0.076465,0.13301,0.15688,0.10412,0.093232,0.25071,0.10273,0.090921,0.093611,0.085919,0.097583,0.093152,0.12762,0.073715,0.069294,0.14367,0.08315,0.080441,0.10337,0.091132,0.080879,0.078903,0.094639,0.10522,0.085024,0.11102,0.10586,0.068398,0.10259,0.08452,0.10066,0.099391,0.080558,0.084874,0.0991,0.093991,0.084231,0.10607,0.083318,0.10342,0.12094,0.11747,0.079913,0.13889,0.087155,0.11536,0.089931,0.079668,0.083303,0.10735,0.12298,0.10416,0.096868,0.077134,0.072389,0.12391,0.11701,0.10764,0.094211,0.090342,0.15371,0.18678,0.12476,0.12244,0.085106,0.11397,0.081397,0.08596,0.11439,0.085889,0.087693,0.08817,0.090911,0.091267,0.097476,0.091555,0.087831,0.085428,0.087089,0.093139,0.11547,0.15176,0.080402,0.094683,0.08533,0.097932,0.12441,0.062626,0.13371,0.09154,0.1031,0.087348,0.090765,0.085673,0.089366,0.090468,0.11499,0.082718,0.15047,0.085079,0.067726,0.084568,0.094457,0.094798,0.088805,0.16329,0.081534,0.10158,0.089779,0.15508,0.068226,0.10615,0.085648,0.082903,0.14063,0.10303,0.1217,0.12868,0.20271,0.078007,0.094078,0.076037,0.091477,0.10322,0.077074,0.083015,0.09668,0.081079,0.093108,0.093783,0.20059,0.081411,0.12039,0.109,0.11045,0.089075,0.13723,0.094021,0.087216,0.095962
0.2497,0.065329,0.056487,0.13203,0.072169,0.13687,0.078016,0.058124,0.097802,0.055351,0.097789,0,0.076853,0.05177,0.089253,0.067576,0.078772,0.078491,0.05285,0.065697,0.11076,0.098508,0.19384,0.15303,0.11727,0.05562,0.10356,0.07256,0.074228,0.12441,0.0654,0.089961,0.063649,0.07374,0.073651,0.042471,0.13909,0.057806,0.17431,0.06053,0.063371,0.078854,0.058529,0.093763,0.05985,0.061859,0.098651,0.073129,0.10401,0.12143,0.051316,0.053402,0.10799,0.065493,0.057982,0.088167,0.20773,0.092066,0.051145,0.083272,0.07771,0.13152,0.13369,0.091389,0.057482,0.23192,0.056078,0.063389,0.10133,0.061628,0.067206,0.083314,0.10336,0.063467,0.071438,0.13034,0.059873,0.064093,0.071394,0.077944,0.055611,0.073602,0.06076,0.07327,0.057376,0.080355,0.084003,0.060822,0.057675,0.05607,0.10658,0.070679,0.053798,0.058697,0.074991,0.070592,0.063076,0.080257,0.064024,0.057747,0.086196,0.078898,0.059116,0.10031,0.069172,0.11411,0.068276,0.092218,0.0623,0.0954,0.11451,0.078222,0.068362,0.075566,0.046791,0.073992,0.080159,0.091573,0.069404,0.067093,0.16119,0.17083,0.069244,0.08727,0.065488,0.082673,0.073041,0.067037,0.09779,0.083862,0.069788,0.069096,0.064822,0.05053,0.067618,0.082414,0.074164,0.071991,0.059232,0.063897,0.086235,0.13026,0.056782,0.080144,0.080357,0.071104,0.11873,0.074297,0.11438,0.068065,0.098063,0.06162,0.077168,0.049011,0.054458,0.04835,0.091142,0.060432,0.11412,0.054774,0.071559,0.063542,0.070763,0.067383,0.057949,0.15554,0.039322,0.094366,0.059487,0.13782,0.080292,0.099414,0.058386,0.03438,0.1203,0.056808,0.1174,0.10673,0.20032,0.046452,0.071982,0.068584,0.079677,0.095253,0.063649,0.045469,0.062977,0.070253,0.052119,0.045532,0.19962,0.055451,0.10425,0.1033,0.11037,0.054291,0.14637,0.057632,0.054076,0.07537
0.28991,0.078175,0.074913,0.17232,0.10285,0.15536,0.095744,0.065149,0.13268,0.078752,0.10261,0.076853,0,0.062965,0.083381,0.056223,0.080461,0.076319,0.062817,0.08241,0.11857,0.10098,0.18927,0.18552,0.10851,0.05011,0.087261,0.073048,0.097112,0.12489,0.057281,0.07835,0.094016,0.085375,0.099899,0.083694,0.14609,0.059958,0.16529,0.09898,0.046259,0.066774,0.039819,0.10085,0.070423,0.077443,0.08494,0.056613,0.13087,0.11893,0.080677,0.058554,0.10695,0.066925,0.068355,0.10744,0.21667,0.078845,0.04833,0.090426,0.076306,0.15388,0.14868,0.10831,0.088681,0.27198,0.063723,0.077643,0.092791,0.064227,0.03109,0.082535,0.099615,0.085833,0.06582,0.10354,0.0765,0.061129,0.056336,0.081417,0.058685,0.097932,0.065006,0.085275,0.068812,0.08353,0.07607,0.075252,0.090218,0.043458,0.12178,0.071458,0.064178,0.067044,0.055382,0.065126,0.057333,0.072687,0.075291,0.073556,0.076304,0.099558,0.065221,0.1098,0.062681,0.10498,0.070507,0.099065,0.067321,0.089176,0.12875,0.072736,0.095385,0.064255,0.089342,0.081927,0.084887,0.085718,0.078532,0.054942,0.15162,0.1618,0.097492,0.11641,0.078147,0.059284,0.07681,0.070006,0.10771,0.083378,0.082007,0.082429,0.075366,0.065897,0.053176,0.097911,0.0779,0.08292,0.052858,0.078953,0.087416,0.15972,0.073479,0.12966,0.05561,0.10371,0.12679,0.075802,0.13486,0.086384,0.11308,0.055876,0.070822,0.074376,0.080111,0.061923,0.10659,0.067747,0.093381,0.056986,0.081095,0.064831,0.09083,0.049158,0.053048,0.17802,0.067582,0.10324,0.058699,0.17834,0.085649,0.099267,0.064365,0.07799,0.10998,0.050363,0.12053,0.1069,0.21862,0.063665,0.075939,0.095582,0.078537,0.10028,0.058565,0.072793,0.042094,0.069941,0.056335,0.076889,0.22209,0.051938,0.11744,0.14195,0.11793,0.076512,0.13888,0.070019,0.056259,0.091739
0.26805,0.064322,0.050117,0.15095,0.078435,0.14586,0.063423,0.048473,0.11024,0.048095,0.087501,0.05177,0.062965,0,0.088376,0.050161,0.073875,0.051977,0.045117,0.06243,0.10679,0.076465,0.17918,0.16089,0.11039,0.03654,0.087303,0.063596,0.069895,0.12634,0.047114,0.059984,0.073134,0.072673,0.083319,0.060142,0.13047,0.03821,0.1579,0.067145,0.051088,0.051065,0.040883,0.088954,0.059825,0.050593,0.070651,0.072754,0.11469,0.12499,0.053415,0.048111,0.096496,0.069245,0.053189,0.085703,0.21679,0.085331,0.038769,0.074223,0.063364,0.12849,0.14141,0.089826,0.076737,0.24255,0.064939,0.071691,0.077269,0.05406,0.056357,0.067947,0.08462,0.064089,0.058038,0.097296,0.056474,0.050314,0.065324,0.065565,0.037225,0.066379,0.06306,0.059244,0.054373,0.076723,0.078399,0.051167,0.060855,0.038669,0.11844,0.063222,0.052792,0.051946,0.060737,0.067588,0.047466,0.065981,0.061912,0.062431,0.066086,0.072017,0.040506,0.094096,0.051058,0.095351,0.066074,0.085375,0.061201,0.083106,0.12818,0.069468,0.065618,0.053573,0.063882,0.077709,0.090298,0.059696,0.066738,0.039266,0.15506,0.16326,0.072181,0.093084,0.080421,0.091782,0.054002,0.053783,0.099953,0.077926,0.063686,0.078167,0.074236,0.040382,0.042368,0.083733,0.051369,0.062401,0.036577,0.057934,0.076505,0.13752,0.048226,0.086553,0.059951,0.080724,0.10768,0.059574,0.12576,0.056492,0.086325,0.042284,0.055575,0.05345,0.047098,0.050663,0.090781,0.05675,0.12576,0.038924,0.060619,0.043371,0.078987,0.043972,0.054809,0.16332,0.041695,0.094336,0.041778,0.16696,0.072619,0.09251,0.046633,0.054934,0.11749,0.051455,0.1249,0.086501,0.20786,0.043689,0.074675,0.072509,0.060177,0.078911,0.048071,0.050851,0.047214,0.063648,0.047133,0.048365,0.20483,0.042787,0.10334,0.11142,0.10324,0.055706,0.14014,0.046415,0.04101,0.075613
0.27387,0.091958,0.076209,0.16209,0.098677,0.14413,0.10479,0.075402,0.13274,0.088247,0.090297,0.089253,0.083381,0.088376,0,0.081333,0.096084,0.096225,0.067691,0.075718,0.12082,0.13453,0.17786,0.16339,0.10145,0.082204,0.10873,0.089645,0.088886,0.1226,0.087717,0.11814,0.09555,0.092122,0.090916,0.084984,0.15658,0.08307,0.19935,0.079247,0.070235,0.086488,0.074078,0.079076,0.079045,0.078084,0.098173,0.075567,0.13754,0.14607,0.089944,0.074637,0.12423,0.082219,0.079428,0.11852,0.21126,0.099403,0.077217,0.089638,0.077204,0.16346,0.12385,0.099999,0.066874,0.25313,0.089897,0.072772,0.098161,0.088011,0.084223,0.090741,0.13054,0.075716,0.081733,0.14728,0.099071,0.064693,0.087044,0.065404,0.080769,0.081039,0.080043,0.1066,0.078054,0.10803,0.097981,0.076108,0.092304,0.081185,0.086397,0.084555,0.077069,0.0811,0.091174,0.074648,0.08579,0.092229,0.082801,0.066745,0.10565,0.11902,0.080778,0.14212,0.091385,0.099226,0.083878,0.10684,0.0684,0.092146,0.10122,0.1102,0.095468,0.074063,0.069161,0.10307,0.098592,0.10271,0.070764,0.094981,0.15048,0.18227,0.11105,0.12725,0.07696,0.11346,0.089569,0.07832,0.10557,0.084618,0.087367,0.094707,0.086393,0.082258,0.091767,0.061674,0.083248,0.089216,0.087601,0.08311,0.11214,0.14441,0.078428,0.11281,0.089212,0.091063,0.14969,0.077154,0.13219,0.10661,0.097837,0.087501,0.10072,0.091948,0.088168,0.081844,0.12915,0.085968,0.13012,0.067699,0.06559,0.092647,0.089771,0.098581,0.071838,0.14852,0.084208,0.095724,0.088993,0.14834,0.070372,0.13207,0.073186,0.085512,0.11644,0.077348,0.10988,0.11874,0.2074,0.075931,0.08374,0.078308,0.10004,0.12714,0.080896,0.075598,0.084321,0.07747,0.083257,0.080184,0.20881,0.070606,0.1079,0.11643,0.13232,0.094839,0.13427,0.089234,0.084902,0.098956
0.2796,0.070986,0.060397,0.16121,0.093919,0.15027,0.073069,0.053037,0.1261,0.06019,0.08661,0.067576,0.056223,0.050161,0.081333,0,0.075401,0.066076,0.055049,0.065996,0.11719,0.093475,0.17199,0.17759,0.10302,0.03486,0.088493,0.055032,0.087417,0.12206,0.0483,0.067827,0.083616,0.08224,0.093875,0.059171,0.13595,0.059039,0.16443,0.076579,0.042638,0.051897,0.030326,0.097244,0.061669,0.066639,0.075814,0.082363,0.12091,0.11329,0.064309,0.065095,0.096535,0.063229,0.048878,0.099132,0.21786,0.082846,0.039093,0.068641,0.052368,0.14886,0.14597,0.10542,0.080805,0.25882,0.058522,0.072094,0.067882,0.0619,0.045162,0.071472,0.10622,0.068514,0.042759,0.098478,0.064131,0.051294,0.064563,0.065336,0.05101,0.070785,0.070171,0.071351,0.055551,0.081623,0.066386,0.055484,0.073301,0.041822,0.10909,0.049601,0.055512,0.05952,0.061017,0.073277,0.048286,0.071582,0.066879,0.069318,0.0617,0.090103,0.055211,0.10006,0.040579,0.11115,0.061185,0.10021,0.071351,0.078762,0.12586,0.068341,0.073145,0.053234,0.070662,0.093189,0.078595,0.070538,0.06755,0.04741,0.15895,0.15856,0.093088,0.11118,0.077854,0.087179,0.057725,0.069117,0.097271,0.091479,0.071967,0.072829,0.069538,0.052659,0.037371,0.076509,0.06542,0.063175,0.035554,0.06018,0.079737,0.1491,0.062911,0.099534,0.043101,0.098307,0.1228,0.057724,0.12991,0.072558,0.08512,0.046266,0.053565,0.068822,0.06854,0.052341,0.099628,0.061224,0.11988,0.04263,0.072304,0.060175,0.083048,0.051252,0.046255,0.16596,0.051263,0.093408,0.047968,0.16806,0.07849,0.086396,0.057321,0.063862,0.11389,0.046403,0.11214,0.10355,0.22029,0.053147,0.080345,0.085732,0.065955,0.09816,0.043301,0.055313,0.03896,0.052129,0.06075,0.06393,0.21185,0.039266,0.10805,0.12956,0.11506,0.059995,0.14781,0.052684,0.031111,0.077149
0.26782,0.092139,0.077262,0.1654,0.085084,0.14185,0.084189,0.079884,0.13163,0.072876,0.083711,0.078772,0.080461,0.073875,0.096084,0.075401,0,0.10189,0.066522,0.068021,0.084749,0.1223,0.1653,0.15913,0.08252,0.07047,0.10226,0.085139,0.096402,0.12402,0.065846,0.10619,0.090288,0.079313,0.090871,0.084987,0.15699,0.06057,0.1592,0.092268,0.075163,0.073851,0.070463,0.11494,0.07621,0.088616,0.10827,0.099304,0.12775,0.13735,0.077349,0.07497,0.10909,0.082108,0.073386,0.089683,0.19918,0.063012,0.063289,0.071233,0.072085,0.1498,0.16355,0.09445,0.082261,0.24851,0.085764,0.085865,0.097267,0.078441,0.078761,0.089491,0.12833,0.075244,0.074493,0.13728,0.064442,0.068203,0.080755,0.087349,0.06098,0.083508,0.071118,0.081133,0.072952,0.10117,0.078998,0.0705,0.088634,0.073044,0.11976,0.07723,0.071288,0.082385,0.089865,0.075832,0.068053,0.090657,0.062118,0.084948,0.092515,0.075168,0.072102,0.11524,0.077217,0.12769,0.081213,0.081344,0.066899,0.10017,0.12026,0.081041,0.085094,0.072117,0.080254,0.11014,0.097055,0.1053,0.094833,0.073392,0.17409,0.19174,0.10802,0.11299,0.06904,0.09125,0.064533,0.07554,0.11652,0.092063,0.095552,0.061045,0.070386,0.07825,0.075009,0.087713,0.087361,0.10289,0.072749,0.071388,0.090944,0.1489,0.079875,0.10286,0.078213,0.091922,0.1296,0.080817,0.13773,0.093518,0.085903,0.065626,0.09007,0.069187,0.080114,0.072061,0.13219,0.07528,0.1101,0.07185,0.077211,0.070287,0.081317,0.088311,0.06919,0.17342,0.066268,0.093739,0.066823,0.15329,0.09306,0.098253,0.082591,0.06831,0.13244,0.077625,0.10083,0.12857,0.20679,0.075691,0.087208,0.087635,0.092452,0.083369,0.061957,0.075453,0.076974,0.076618,0.072904,0.071099,0.2006,0.071192,0.10563,0.11028,0.10762,0.078901,0.1543,0.082568,0.077463,0.063292
0.2622,0.064493,0.07749,0.15227,0.083941,0.14997,0.08892,0.04267,0.10897,0.052344,0.093217,0.078491,0.076319,0.051977,0.096225,0.066076,0.10189,0,0.056931,0.074517,0.10388,0.052393,0.18193,0.16118,0.11589,0.049359,0.090766,0.066252,0.077529,0.14081,0.067939,0.055099,0.082338,0.071613,0.089248,0.079297,0.11896,0.063524,0.15778,0.088021,0.063036,0.0711,0.055718,0.091175,0.066911,0.071254,0.070633,0.073024,0.11473,0.1098,0.051996,0.068803,0.11007,0.085604,0.067065,0.091978,0.22433,0.10048,0.057651,0.07916,0.07517,0.1308,0.1446,0.095414,0.081571,0.24066,0.081067,0.077884,0.080349,0.061026,0.073432,0.059472,0.075468,0.074559,0.062533,0.10604,0.074348,0.070295,0.085249,0.072965,0.059912,0.072416,0.086978,0.075717,0.06424,0.078061,0.081235,0.055456,0.086891,0.048973,0.12071,0.076715,0.056306,0.052362,0.07541,0.080775,0.066089,0.072108,0.082775,0.071327,0.075122,0.089449,0.051361,0.099592,0.061298,0.1017,0.075761,0.08543,0.074606,0.086164,0.13509,0.075765,0.094849,0.059463,0.081972,0.073937,0.10081,0.068189,0.059381,0.065025,0.14122,0.14566,0.074884,0.11007,0.098809,0.10408,0.066766,0.071811,0.10528,0.08435,0.069986,0.095047,0.085466,0.061264,0.056799,0.097009,0.060188,0.053064,0.053309,0.070848,0.0839,0.137,0.061177,0.093526,0.070697,0.096419,0.11777,0.062996,0.11355,0.055924,0.099475,0.06617,0.045814,0.08255,0.070408,0.060742,0.078947,0.067258,0.13941,0.058858,0.080853,0.064743,0.0899,0.052578,0.064783,0.1688,0.066557,0.1039,0.063611,0.17221,0.06764,0.098617,0.062957,0.071842,0.12788,0.077096,0.14366,0.093878,0.18768,0.059986,0.081525,0.082231,0.035668,0.099293,0.058907,0.066562,0.064007,0.079572,0.071126,0.069333,0.20974,0.06037,0.12139,0.12037,0.10348,0.066091,0.13858,0.044235,0.05521,0.087753
0.26017,0.061582,0.041983,0.14868,0.060242,0.1311,0.074075,0.038156,0.10502,0.042617,0.075692,0.05285,0.062817,0.045117,0.067691,0.055049,0.066522,0.056931,0,0.047137,0.08579,0.087101,0.17567,0.15117,0.098027,0.037787,0.080192,0.061147,0.062448,0.12516,0.049523,0.073433,0.064617,0.062707,0.072424,0.05269,0.13397,0.042505,0.15473,0.059797,0.039414,0.054618,0.03932,0.071546,0.043301,0.053754,0.078114,0.057793,0.11311,0.11216,0.038012,0.049505,0.10153,0.055702,0.047023,0.085055,0.21032,0.084526,0.038089,0.067414,0.060442,0.12713,0.13851,0.0626,0.047952,0.23595,0.063605,0.054832,0.074896,0.045673,0.055175,0.056796,0.091515,0.047235,0.04991,0.12659,0.052785,0.047783,0.057272,0.045913,0.031421,0.056559,0.056301,0.055835,0.036914,0.077198,0.068319,0.034844,0.060389,0.040411,0.089764,0.059752,0.037333,0.04393,0.058521,0.055982,0.050264,0.058513,0.05084,0.038806,0.07384,0.069509,0.045155,0.1005,0.050407,0.093152,0.05192,0.077967,0.049444,0.073004,0.11115,0.066276,0.072093,0.046906,0.053898,0.074677,0.086882,0.078255,0.053112,0.050291,0.15088,0.15922,0.074883,0.097213,0.063471,0.084501,0.044898,0.041455,0.093917,0.060785,0.057319,0.062997,0.05779,0.051454,0.046902,0.05944,0.051794,0.054886,0.041579,0.053421,0.069429,0.13325,0.03076,0.085053,0.055134,0.064976,0.11173,0.040767,0.11083,0.058111,0.086637,0.048048,0.063964,0.053548,0.054741,0.036276,0.093154,0.044473,0.11639,0.039802,0.051764,0.052729,0.058589,0.054878,0.044334,0.14645,0.040577,0.079724,0.040611,0.14623,0.05428,0.095225,0.037236,0.047977,0.11427,0.055308,0.1198,0.096602,0.18905,0.038982,0.057593,0.060545,0.052634,0.093445,0.043094,0.034212,0.050197,0.057536,0.045364,0.044865,0.20368,0.044374,0.096995,0.09603,0.099033,0.04722,0.12926,0.044803,0.045312,0.066274
0.25425,0.078107,0.069415,0.13273,0.075572,0.13941,0.080676,0.060343,0.10691,0.056675,0.087931,0.065697,0.08241,0.06243,0.075718,0.065996,0.068021,0.074517,0.047137,0,0.093772,0.10578,0.16662,0.14812,0.085386,0.060221,0.083275,0.07517,0.0731,0.11263,0.071972,0.093515,0.063142,0.076332,0.089255,0.054528,0.14957,0.059892,0.16184,0.071698,0.066719,0.066853,0.055703,0.082515,0.065745,0.065205,0.10556,0.08975,0.11633,0.13567,0.059153,0.055725,0.10697,0.072496,0.062764,0.084175,0.19729,0.085412,0.057003,0.067117,0.076902,0.14777,0.14027,0.090749,0.050722,0.2366,0.07956,0.079001,0.085462,0.069996,0.071887,0.062768,0.11844,0.059266,0.061599,0.13437,0.068676,0.048681,0.084957,0.066645,0.063904,0.064941,0.063323,0.07168,0.0489,0.090972,0.06761,0.053299,0.069333,0.064919,0.099319,0.067647,0.064204,0.062416,0.078577,0.075136,0.073562,0.076746,0.067218,0.052621,0.081763,0.082369,0.062842,0.10982,0.071855,0.12047,0.067872,0.082651,0.067972,0.083362,0.11556,0.085288,0.078085,0.065036,0.062583,0.093987,0.094016,0.085555,0.068198,0.071214,0.15044,0.17733,0.074871,0.10259,0.085162,0.099657,0.060856,0.062682,0.10001,0.077096,0.058448,0.077119,0.053289,0.063979,0.062581,0.053174,0.061256,0.082262,0.060127,0.06725,0.0832,0.13509,0.058609,0.084386,0.077464,0.083391,0.14006,0.066047,0.10424,0.082126,0.086236,0.067969,0.068226,0.060873,0.063856,0.058688,0.11556,0.067744,0.11644,0.048605,0.058821,0.052563,0.056984,0.076985,0.06083,0.1574,0.049868,0.091992,0.059801,0.12626,0.062879,0.097757,0.060077,0.05244,0.11296,0.071768,0.12124,0.11994,0.18814,0.063555,0.057397,0.069202,0.072919,0.1,0.0618,0.058657,0.070524,0.066136,0.063894,0.032416,0.20462,0.052735,0.10528,0.08997,0.11398,0.064484,0.14938,0.058884,0.062335,0.051935
0.2379,0.11557,0.10426,0.16994,0.093107,0.14734,0.1112,0.09078,0.13297,0.085156,0.11089,0.11076,0.11857,0.10679,0.12082,0.11719,0.084749,0.10388,0.08579,0.093772,0,0.11809,0.18435,0.13777,0.11645,0.09738,0.11227,0.11126,0.096475,0.15225,0.098485,0.122,0.10929,0.095415,0.10271,0.1166,0.14582,0.088614,0.15287,0.1113,0.10356,0.10428,0.1061,0.11445,0.091626,0.11284,0.1287,0.11057,0.12515,0.12585,0.085389,0.10803,0.13215,0.11286,0.10338,0.11068,0.19373,0.092963,0.099576,0.086994,0.10006,0.14555,0.16871,0.082839,0.091359,0.22593,0.11558,0.097243,0.10532,0.096899,0.11739,0.10359,0.11868,0.10458,0.10619,0.16874,0.090741,0.10734,0.11918,0.10471,0.093414,0.097008,0.11103,0.09946,0.097444,0.12052,0.097074,0.087645,0.11852,0.1017,0.13658,0.10018,0.090381,0.10943,0.11427,0.092348,0.1002,0.11087,0.092802,0.097953,0.11939,0.087189,0.095862,0.13268,0.10211,0.12556,0.10674,0.070574,0.092359,0.12946,0.12367,0.11357,0.12879,0.096181,0.10885,0.11506,0.12932,0.13464,0.10555,0.10807,0.18653,0.17583,0.1133,0.11859,0.10779,0.1222,0.089346,0.09977,0.12732,0.10384,0.10815,0.094242,0.10096,0.109,0.10381,0.1152,0.097367,0.11363,0.1074,0.091711,0.10122,0.13713,0.093479,0.1097,0.11621,0.094417,0.13984,0.10556,0.13818,0.09938,0.10437,0.10123,0.11006,0.10823,0.10773,0.099187,0.14482,0.097413,0.14561,0.10935,0.11124,0.10656,0.10513,0.11748,0.098466,0.16741,0.094349,0.11359,0.096542,0.15643,0.10237,0.1298,0.10116,0.099499,0.16084,0.11774,0.14727,0.12956,0.15087,0.1071,0.10315,0.097166,0.091737,0.12661,0.091253,0.099798,0.11418,0.11852,0.099412,0.097138,0.1989,0.10895,0.12049,0.10524,0.096291,0.099155,0.14845,0.099734,0.11109,0.088308
0.26083,0.087004,0.10676,0.16599,0.10469,0.17114,0.1064,0.082323,0.1255,0.072371,0.12262,0.098508,0.10098,0.076465,0.13453,0.093475,0.1223,0.052393,0.087101,0.10578,0.11809,0,0.19914,0.17153,0.1444,0.077205,0.11435,0.095001,0.10555,0.16846,0.093266,0.07114,0.10261,0.087235,0.10378,0.10572,0.13276,0.089303,0.15897,0.10779,0.094349,0.098116,0.089126,0.11792,0.088985,0.098935,0.088872,0.093653,0.13612,0.10516,0.073118,0.10006,0.12877,0.10911,0.10064,0.11615,0.23295,0.12022,0.085603,0.10699,0.10527,0.13124,0.16904,0.11396,0.11277,0.23566,0.10758,0.10611,0.10787,0.077144,0.10263,0.089722,0.08783,0.10298,0.088873,0.11945,0.097791,0.10757,0.10187,0.10262,0.080612,0.10244,0.11534,0.095568,0.095714,0.10387,0.095902,0.087678,0.10737,0.080403,0.15356,0.10878,0.081661,0.084115,0.1016,0.10804,0.092711,0.097734,0.10786,0.10421,0.088131,0.099684,0.083883,0.11177,0.07815,0.13547,0.092995,0.10001,0.099691,0.10147,0.16289,0.1005,0.11915,0.087589,0.11391,0.084519,0.11367,0.099712,0.090543,0.083864,0.15842,0.15592,0.098335,0.12223,0.12614,0.11779,0.084064,0.090416,0.12825,0.1051,0.097942,0.11858,0.10585,0.084786,0.076611,0.13076,0.093131,0.082876,0.084891,0.091893,0.10763,0.14616,0.085087,0.11513,0.099514,0.11587,0.11999,0.09963,0.12833,0.068395,0.1213,0.092797,0.069738,0.10669,0.096302,0.087808,0.094628,0.087896,0.16157,0.08571,0.11277,0.089301,0.10865,0.077045,0.10138,0.18182,0.093995,0.13039,0.085549,0.19386,0.10339,0.10886,0.09063,0.1,0.16419,0.098503,0.16134,0.10619,0.19104,0.085149,0.11347,0.10948,0.056871,0.11455,0.08882,0.091885,0.088507,0.11107,0.086643,0.099366,0.21595,0.093653,0.14978,0.14108,0.11561,0.083924,0.16813,0.076523,0.082838,0.10645
0.2954,0.18514,0.17676,0.21247,0.16706,0.21211,0.17518,0.18201,0.19048,0.17266,0.15752,0.19384,0.18927,0.17918,0.17786,0.17199,0.1653,0.18193,0.17567,0.16662,0.18435,0.19914,0,0.19687,0.1445,0.17361,0.18314,0.18543,0.17706,0.19448,0.17992,0.18605,0.18549,0.17427,0.20446,0.19113,0.1935,0.16764,0.26791,0.1837,0.17223,0.1777,0.18041,0.17976,0.18451,0.18536,0.1972,0.20048,0.16972,0.22248,0.17617,0.18894,0.17728,0.17626,0.18513,0.18266,0.2413,0.17927,0.17227,0.17196,0.1767,0.18978,0.21069,0.19153,0.18844,0.28838,0.19235,0.19413,0.16105,0.18009,0.18332,0.15956,0.20472,0.17724,0.1601,0.18748,0.18237,0.18461,0.18429,0.16156,0.17723,0.18418,0.18067,0.17638,0.18574,0.1968,0.19187,0.17247,0.20034,0.1775,0.17841,0.18575,0.17465,0.18715,0.17814,0.19475,0.18096,0.16212,0.18772,0.17801,0.19855,0.19762,0.17498,0.19959,0.17339,0.20772,0.17334,0.17841,0.17299,0.18905,0.21536,0.18818,0.18691,0.17842,0.17976,0.22191,0.20334,0.17391,0.16438,0.1748,0.24174,0.24834,0.20073,0.20451,0.18422,0.19738,0.15531,0.17169,0.18784,0.18255,0.16376,0.20107,0.18083,0.17985,0.17259,0.17422,0.17522,0.18822,0.17485,0.17662,0.17905,0.19824,0.17547,0.1758,0.16754,0.18213,0.18586,0.1695,0.22453,0.16962,0.18714,0.17971,0.16133,0.19373,0.194,0.18718,0.22171,0.18326,0.21627,0.17712,0.18327,0.17883,0.16089,0.18392,0.17644,0.23448,0.1744,0.18752,0.17209,0.21219,0.18149,0.20084,0.17365,0.18357,0.21228,0.18345,0.18008,0.22722,0.26382,0.18212,0.16691,0.17453,0.18632,0.18845,0.16625,0.17975,0.18403,0.15958,0.18641,0.18145,0.20417,0.17279,0.18248,0.16985,0.19462,0.18679,0.20949,0.17362,0.1793,0.17276
