0,0.14303,0.1431,0.28059,0.13374,0.5165,0.10182,0.12948,0.54232,0.097719,0.15889,0.20479,0.24957,0.075164,0.11217,0.18205,0.14936,0.11668,0.12866,0.10074,0.11128,0.076599,0.054569,0.26737,0.10668,0.098076,0.080589,0.17069,0.1822,0.27182,0.19213,0.27208,0.17868,0.23005,0.089428,0.2026,0.093407,0.17309,0.39433,0.13957,0.25982,0.51251,0.40825,0.24295,0.17212,0.077108,0.094091,0.15906,0.33417,0.41756,0.098179,0.087698,0.21911,0.13671,0.12428,0.083752,0.13022,0.29371,0.15231,0.29064,0.11626,0.07806,0.078405,0.1235,0.23033,0.085582,0.1118,0.097125,0.31169,0.176,0.064529,0.089646,0.11523,0.2374,0.082946,0.19263,0.17899,0.084522,0.072915,0.066221,0.25867,0.11859,0.30022,0.15238,0.1021
0.14303,0,0.11466,0.2642,0.15869,0.44419,0.15372,0.12004,0.52949,0.14364,0.14623,0.28352,0.21877,0.099291,0.11908,0.20779,0.15515,0.1552,0.13127,0.12258,0.13439,0.12976,0.12726,0.24083,0.12715,0.14038,0.13629,0.22041,0.20323,0.26589,0.16941,0.27488,0.16658,0.23446,0.11066,0.22612,0.15916,0.16945,0.35229,0.17218,0.29605,0.45644,0.36323,0.25759,0.17109,0.11051,0.15783,0.16645,0.28281,0.37101,0.14154,0.1268,0.22219,0.12888,0.12888,0.12077,0.18283,0.26453,0.12845,0.27368,0.10472,0.12933,0.14411,0.13737,0.25099,0.12225,0.15704,0.14909,0.27767,0.16931,0.14261,0.14205,0.17221,0.22252,0.12663,0.23616,0.17008,0.1195,0.11376,0.1343,0.23181,0.12415,0.30129,0.13846,0.12515
0.1431,0.11466,0,0.25786,0.17871,0.46058,0.16756,0.16898,0.52512,0.14917,0.16217,0.25031,0.20987,0.13936,0.11256,0.17982,0.13997,0.18247,0.1538,0.16095,0.16492,0.13015,0.14606,0.24838,0.12469,0.14289,0.15304,0.16935,0.17538,0.25363,0.1756,0.22598,0.12629,0.20287,0.12283,0.21707,0.16808,0.14755,0.34559,0.15508,0.26147,0.45587,0.35988,0.22293,0.15536,0.14045,0.18022,0.14447,0.28147,0.37626,0.129,0.13919,0.20616,0.13315,0.1461,0.12369,0.18732,0.26811,0.173,0.25205,0.12016,0.12466,0.1321,0.13953,0.27218,0.13234,0.16887,0.13878,0.3142,0.19041,0.13709,0.16543,0.19435,0.20468,0.14646,0.20249,0.17304,0.1285,0.13635,0.139,0.21298,0.15667,0.2872,0.15677,0.1245
0.28059,0.2642,0.25786,0,0.2003,0.43985,0.3047,0.25698,0.50242,0.28536,0.1837,0.32073,0.10994,0.2608,0.22136,0.28843,0.22955,0.28716,0.24038,0.24656,0.27371,0.26057,0.27718,0.20451,0.2604,0.23018,0.26457,0.27197,0.25301,0.30853,0.18634,0.26991,0.21432,0.19864,0.27214,0.28182,0.28903,0.1921,0.20442,0.25836,0.31333,0.41612,0.34923,0.25108,0.22808,0.29092,0.28016,0.24312,0.34883,0.33374,0.2581,0.28952,0.24203,0.19596,0.20438,0.26683,0.28653,0.19284,0.25684,0.261,0.2753,0.25469,0.2954,0.21892,0.29893,0.2477,0.29678,0.24217,0.33574,0.28565,0.28237,0.282,0.28604,0.14606,0.26035,0.24518,0.20921,0.27391,0.26107,0.27566,0.15016,0.25782,0.29241,0.21896,0.22849
0.13374,0.15869,0.17871,0.2003,0,0.44956,0.16194,0.12352,0.49569,0.17253,0.12782,0.23504,0.17583,0.12402,0.12836,0.19286,0.1155,0.17974,0.14312,0.12767,0.14882,0.13259,0.12204,0.19976,0.14198,0.11537,0.13075,0.20635,0.18561,0.25164,0.13072,0.24292,0.1668,0.18272,0.15261,0.19396,0.14726,0.127,0.31568,0.15129,0.26876,0.45718,0.38483,0.21893,0.15658,0.14717,0.14985,0.161,0.30066,0.34868,0.14242,0.14608,0.18945,0.11595,0.11412,0.12591,0.14623,0.22337,0.11957,0.28152,0.15768,0.12526,0.1607,0.14033,0.21388,0.12827,0.16182,0.12274,0.27586,0.1907,0.14615,0.1416,0.17519,0.18364,0.13196,0.1951,0.19388,0.12583,0.10683,0.13987,0.19565,0.12755,0.23855,0.1463,0.12879
0.5165,0.44419,0.46058,0.43985,0.44956,0,0.51866,0.45452,0.52413,0.52491,0.43541,0.55938,0.4025,0.48494,0.46569,0.46332,0.40504,0.52304,0.46659,0.47505,0.48524,0.50086,0.4944,0.39936,0.47352,0.48021,0.52335,0.50314,0.44847,0.44626,0.41334,0.43991,0.42246,0.40804,0.49016,0.42623,0.53818,0.41231,0.39055,0.47253,0.45434,0.3058,0.45298,0.47303,0.44682,0.51248,0.52936,0.45747,0.38147,0.32034,0.47861,0.51133,0.38199,0.47571,0.486,0.47847,0.47932,0.42695,0.43044,0.54532,0.464,0.47119,0.51109,0.47791,0.52828,0.49471,0.51691,0.47601,0.39439,0.46043,0.51677,0.52174,0.54199,0.46,0.49993,0.45206,0.47454,0.50235,0.49539,0.50598,0.39273,0.49461,0.3678,0.47566,0.47605
0.10182,0.15372,0.16756,0.3047,0.16194,0.51866,0,0.12811,0.55352,0.093048,0.16937,0.25106,0.27269,0.097725,0.12623,0.20361,0.17942,0.13513,0.15108,0.12289,0.10756,0.1001,0.090525,0.2824,0.1187,0.12213,0.095466,0.22928,0.20158,0.29602,0.19881,0.29298,0.19923,0.25765,0.091652,0.24987,0.11513,0.19563,0.42288,0.15235,0.28771,0.52444,0.42623,0.26752,0.17471,0.095857,0.11688,0.17939,0.36843,0.41515,0.13657,0.11476,0.26854,0.15187,0.14771,0.097404,0.13684,0.31925,0.16117,0.29854,0.13335,0.1119,0.1153,0.15708,0.23445,0.12112,0.10033,0.125,0.31219,0.18972,0.11188,0.11556,0.14524,0.27403,0.11437,0.21319,0.18845,0.10139,0.11087,0.11026,0.29181,0.13362,0.31173,0.1809,0.13519
0.12948,0.12004,0.16898,0.25698,0.12352,0.45452,0.12811,0,0.53276,0.14709,0.11358,0.24927,0.23185,0.086659,0.12399,0.19103,0.14877,0.13094,0.13556,0.083373,0.11157,0.093728,0.11096,0.25775,0.10834,0.1199,0.13044,0.20346,0.18867,0.30053,0.16859,0.29361,0.17252,0.22679,0.10676,0.21137,0.12667,0.14996,0.37738,0.1537,0.27457,0.47905,0.41192,0.26819,0.16847,0.1252,0.13298,0.15773,0.33457,0.37093,0.13458,0.12599,0.24062,0.13447,0.12718,0.096218,0.15109,0.28001,0.1027,0.27897,0.13841,0.11428,0.14959,0.13043,0.20645,0.11074,0.14457,0.12546,0.27354,0.15732,0.12469,0.10583,0.14405,0.22783,0.093706,0.22403,0.17596,0.12371,0.1063,0.11342,0.25377,0.13251,0.28826,0.14912,0.12221
0.54232,0.52949,0.52512,0.50242,0.49569,0.52413,0.55352,0.53276,0,0.57672,0.52051,0.48414,0.48747,0.53894,0.51407,0.50509,0.48274,0.56276,0.51766,0.55145,0.53704,0.55323,0.52584,0.47688,0.50234,0.52887,0.54041,0.54432,0.49159,0.42772,0.47792,0.49537,0.47938,0.45885,0.5561,0.45481,0.554,0.4619,0.49102,0.51795,0.49527,0.43329,0.3784,0.4365,0.49656,0.5511,0.55338,0.51141,0.45011,0.51279,0.53021,0.55988,0.41013,0.5086,0.51949,0.54678,0.47438,0.43481,0.50581,0.54991,0.52622,0.52539,0.55926,0.52432,0.52491,0.53484,0.55596,0.54145,0.54604,0.55514,0.55279,0.56122,0.57997,0.51587,0.54925,0.51073,0.54918,0.54646,0.52367,0.55503,0.43138,0.52952,0.43879,0.52081,0.51833
0.097719,0.14364,0.14917,0.28536,0.17253,0.52491,0.093048,0.14709,0.57672,0,0.17152,0.2518,0.264,0.093104,0.12731,0.20457,0.18721,0.11427,0.14748,0.11639,0.12157,0.10743,0.09711,0.2869,0.14424,0.10898,0.11335,0.22482,0.21118,0.2912,0.19437,0.27218,0.19371,0.25276,0.065419,0.25667,0.13694,0.19794,0.40628,0.15506,0.28604,0.52995,0.41234,0.26449,0.17892,0.086083,0.12068,0.18145,0.36671,0.40874,0.13001,0.13398,0.26285,0.14827,0.14188,0.10248,0.17665,0.30707,0.17237,0.30388,0.1323,0.11559,0.095496,0.14338,0.26296,0.1144,0.13085,0.11445,0.31264,0.18677,0.11444,0.11809,0.14049,0.25257,0.10787,0.21345,0.16546,0.12288,0.11608,0.11005,0.28117,0.12489,0.32972,0.16079,0.13037
0.15889,0.14623,0.16217,0.1837,0.12782,0.43541,0.16937,0.11358,0.52051,0.17152,0,0.24842,0.16172,0.12191,0.10866,0.20803,0.14183,0.16522,0.11535,0.10113,0.13534,0.11736,0.15383,0.21276,0.13708,0.12294,0.15816,0.19116,0.15654,0.27705,0.14209,0.25062,0.13154,0.17258,0.14583,0.20124,0.17389,0.13325,0.30372,0.15924,0.25531,0.44977,0.3673,0.23373,0.13491,0.16738,0.1515,0.13633,0.31587,0.34689,0.14736,0.15728,0.21885,0.11136,0.10672,0.1434,0.16679,0.24113,0.13877,0.23755,0.16118,0.12039,0.1716,0.10563,0.22876,0.1302,0.16997,0.1349,0.28027,0.18378,0.15504,0.16567,0.1598,0.15425,0.11853,0.18074,0.11097,0.14236,0.1473,0.13264,0.19152,0.14957,0.27754,0.14608,0.10806
0.20479,0.28352,0.25031,0.32073,0.23504,0.55938,0.25106,0.24927,0.48414,0.2518,0.24842,0,0.31791,0.22697,0.24847,0.20893,0.2261,0.2199,0.25319,0.23432,0.25328,0.21006,0.2106,0.34258,0.20884,0.19866,0.24303,0.19155,0.20178,0.27381,0.25147,0.28863,0.19471,0.24872,0.23931,0.24956,0.23068,0.22472,0.42348,0.20221,0.22631,0.5149,0.43634,0.21963,0.22453,0.24173,0.21612,0.19638,0.37012,0.4627,0.19946,0.23138,0.24855,0.25507,0.25011,0.2321,0.2082,0.34459,0.23843,0.3414,0.23911,0.19988,0.20922,0.22038,0.2995,0.2235,0.24739,0.20513,0.38202,0.26143,0.18652,0.22656,0.23217,0.26808,0.20957,0.22956,0.28594,0.22686,0.2299,0.21147,0.30119,0.21953,0.31405,0.23409,0.20499
0.24957,0.21877,0.20987,0.10994,0.17583,0.4025,0.27269,0.23185,0.48747,0.264,0.16172,0.31791,0,0.23036,0.18732,0.27264,0.18602,0.27213,0.20151,0.2261,0.23423,0.22907,0.24656,0.12922,0.21848,0.2079,0.23231,0.24136,0.23176,0.27997,0.15242,0.22644,0.18379,0.15878,0.23883,0.2365,0.25536,0.15569,0.18467,0.22963,0.29131,0.37133,0.32645,0.22169,0.20017,0.25056,0.26442,0.21732,0.28375,0.29143,0.21855,0.24754,0.19495,0.16313,0.17613,0.23125,0.24198,0.16179,0.21808,0.25472,0.22865,0.2195,0.25659,0.1848,0.27676,0.21906,0.26438,0.21144,0.28387,0.25158,0.25824,0.25718,0.26278,0.13613,0.23798,0.2206,0.1949,0.23337,0.23023,0.24319,0.10661,0.23894,0.26403,0.19298,0.19697
0.075164,0.099291,0.13936,0.2608,0.12402,0.48494,0.097725,0.086659,0.53894,0.093104,0.12191,0.22697,0.23036,0,0.10286,0.19346,0.14459,0.10255,0.10938,0.06316,0.078749,0.067572,0.05832,0.24623,0.094766,0.075538,0.086534,0.19076,0.16624,0.27952,0.15691,0.26825,0.15894,0.21909,0.068398,0.21704,0.11343,0.15518,0.37779,0.1234,0.26983,0.4897,0.39812,0.24274,0.14814,0.074943,0.087008,0.1342,0.32376,0.3912,0.087676,0.078073,0.2262,0.11994,0.10603,0.075574,0.13349,0.27892,0.11265,0.27557,0.098057,0.072616,0.09548,0.09874,0.21715,0.070378,0.1211,0.086096,0.28896,0.16337,0.087367,0.093207,0.11178,0.2231,0.063924,0.19092,0.15894,0.078361,0.068521,0.075642,0.24832,0.089121,0.30307,0.11472,0.078886
0.11217,0.11908,0.11256,0.22136,0.12836,0.46569,0.12623,0.12399,0.51407,0.12731,0.10866,0.24847,0.18732,0.10286,0,0.19819,0.13123,0.151,0.10796,0.12115,0.13035,0.10164,0.11648,0.23074,0.10966,0.10951,0.11395,0.18683,0.18221,0.27022,0.16824,0.25407,0.15429,0.20375,0.10581,0.19848,0.13249,0.13016,0.34696,0.15592,0.28357,0.47424,0.35763,0.2375,0.16197,0.12638,0.13559,0.15982,0.3167,0.38209,0.12611,0.12944,0.21323,0.073674,0.072757,0.096481,0.15541,0.25125,0.15385,0.25497,0.12221,0.11212,0.13966,0.11271,0.22897,0.10138,0.13088,0.12074,0.30395,0.17746,0.12508,0.1406,0.15225,0.19401,0.1098,0.18248,0.11174,0.11322,0.10348,0.11216,0.21348,0.14207,0.28245,0.14467,0.10016
0.18205,0.20779,0.17982,0.28843,0.19286,0.46332,0.20361,0.19103,0.50509,0.20457,0.20803,0.20893,0.27264,0.19346,0.19819,0,0.17193,0.18198,0.21483,0.19106,0.21283,0.17562,0.18825,0.29034,0.16429,0.18681,0.19762,0.17813,0.19558,0.24511,0.21392,0.23729,0.1572,0.2058,0.19122,0.19888,0.19081,0.18262,0.37391,0.16704,0.18871,0.45608,0.38572,0.22784,0.16055,0.19231,0.19303,0.17357,0.3115,0.36217,0.18972,0.20613,0.20115,0.21913,0.22539,0.17367,0.19598,0.34094,0.17941,0.32559,0.20449,0.16958,0.18352,0.18167,0.27159,0.19698,0.19533,0.17646,0.30528,0.24216,0.16241,0.19787,0.2082,0.24615,0.16732,0.22448,0.24067,0.17946,0.17975,0.16703,0.25398,0.16237,0.2563,0.21504,0.18906
0.14936,0.15515,0.13997,0.22955,0.1155,0.40504,0.17942,0.14877,0.48274,0.18721,0.14183,0.2261,0.18602,0.14459,0.13123,0.17193,0,0.20143,0.15882,0.14852,0.15834,0.14591,0.14156,0.21277,0.12913,0.12951,0.174,0.16487,0.16265,0.2423,0.13598,0.21312,0.12268,0.16636,0.15009,0.17665,0.17741,0.098579,0.31469,0.12854,0.25045,0.42234,0.3757,0.21099,0.14804,0.16968,0.18615,0.12907,0.27138,0.337,0.12716,0.16142,0.14461,0.15519,0.15728,0.12468,0.16972,0.248,0.11358,0.2983,0.1563,0.12522,0.1574,0.15301,0.24733,0.13685,0.18687,0.12536,0.26716,0.18761,0.14977,0.17565,0.21302,0.1884,0.15853,0.17322,0.19531,0.14516,0.13775,0.15838,0.19449,0.15424,0.18736,0.14556,0.11412
0.11668,0.1552,0.18247,0.28716,0.17974,0.52304,0.13513,0.13094,0.56276,0.11427,0.16522,0.2199,0.27213,0.10255,0.151,0.18198,0.20143,0,0.14841,0.10929,0.14034,0.10283,0.12848,0.28452,0.12766,0.12332,0.12612,0.20307,0.2106,0.29275,0.21413,0.28833,0.18957,0.24046,0.10869,0.22755,0.13077,0.19929,0.40627,0.15797,0.26341,0.50776,0.40509,0.27789,0.19079,0.1085,0.10686,0.18561,0.35291,0.40837,0.13969,0.14351,0.25789,0.1657,0.15131,0.12905,0.1766,0.32623,0.15976,0.31345,0.13575,0.12723,0.13107,0.12595,0.25747,0.14601,0.14023,0.13802,0.28341,0.19336,0.11151,0.10962,0.096204,0.2487,0.087588,0.2361,0.17321,0.1392,0.12972,0.10117,0.28829,0.11915,0.3308,0.16873,0.14036
0.12866,0.13127,0.1538,0.24038,0.14312,0.46659,0.15108,0.13556,0.51766,0.14748,0.11535,0.25319,0.20151,0.10938,0.10796,0.21483,0.15882,0.14841,0,0.11335,0.12044,0.11442,0.13318,0.23305,0.13397,0.13825,0.12661,0.20388,0.19722,0.26899,0.17801,0.26526,0.16357,0.19512,0.13435,0.21585,0.15427,0.1646,0.33593,0.17839,0.27102,0.45701,0.35397,0.23535,0.15644,0.13458,0.16244,0.16233,0.30257,0.37573,0.15425,0.14626,0.21002,0.13172,0.12448,0.13552,0.1525,0.25821,0.15973,0.27328,0.12567,0.11491,0.14953,0.12532,0.25779,0.13878,0.13339,0.14236,0.28977,0.17568,0.15165,0.15341,0.15593,0.19026,0.11947,0.22234,0.11763,0.13174,0.13196,0.12401,0.22921,0.14171,0.29892,0.15465,0.13496
0.10074,0.12258,0.16095,0.24656,0.12767,0.47505,0.12289,0.083373,0.55145,0.11639,0.10113,0.23432,0.2261,0.06316,0.12115,0.19106,0.14852,0.10929,0.11335,0,0.08799,0.076361,0.097413,0.24883,0.11829,0.1032,0.11338,0.19202,0.17367,0.28553,0.16591,0.27659,0.1635,0.21844,0.096913,0.21602,0.13769,0.16719,0.36406,0.14489,0.25906,0.48658,0.40268,0.25602,0.15483,0.10999,0.10215,0.14342,0.33999,0.382,0.11959,0.11168,0.22574,0.13187,0.11825,0.10257,0.15133,0.28231,0.11875,0.27669,0.1281,0.091395,0.12392,0.10858,0.23711,0.096727,0.13798,0.10648,0.27378,0.17099,0.10333,0.1097,0.12725,0.20973,0.080119,0.1996,0.14542,0.10659,0.096984,0.089268,0.24558,0.10915,0.29484,0.14021,0.098556
0.11128,0.13439,0.16492,0.27371,0.14882,0.48524,0.10756,0.11157,0.53704,0.12157,0.13534,0.25328,0.23423,0.078749,0.13035,0.21283,0.15834,0.14034,0.12044,0.08799,0,0.099881,0.10095,0.23533,0.114,0.12299,0.10984,0.20799,0.18657,0.29868,0.16892,0.26466,0.17867,0.22134,0.1035,0.22585,0.14061,0.16866,0.37778,0.14109,0.28029,0.4866,0.39581,0.25732,0.1467,0.10952,0.12582,0.15563,0.33314,0.38152,0.12426,0.11527,0.23008,0.14563,0.13615,0.11288,0.13657,0.28946,0.12324,0.29466,0.1374,0.1132,0.13799,0.1104,0.22058,0.1045,0.13525,0.11609,0.27879,0.1947,0.13531,0.13519,0.15297,0.23089,0.11781,0.20222,0.16876,0.10967,0.1033,0.11697,0.25399,0.13069,0.31245,0.13543,0.10508
0.076599,0.12976,0.13015,0.26057,0.13259,0.50086,0.1001,0.093728,0.55323,0.10743,0.11736,0.21006,0.22907,0.067572,0.10164,0.17562,0.14591,0.10283,0.11442,0.076361,0.099881,0,0.08845,0.25478,0.084176,0.087108,0.088891,0.15483,0.16989,0.28762,0.17586,0.2639,0.15003,0.20969,0.077103,0.20938,0.088572,0.15464,0.37946,0.12536,0.25131,0.49556,0.41119,0.23763,0.14982,0.088086,0.10153,0.13168,0.33602,0.39416,0.092033,0.075521,0.2335,0.1179,0.10945,0.068694,0.13588,0.29028,0.12981,0.26374,0.10967,0.073351,0.09163,0.09377,0.22715,0.086244,0.11111,0.088643,0.2925,0.16679,0.072592,0.083854,0.1029,0.20863,0.05844,0.19312,0.15357,0.073458,0.084781,0.054384,0.25164,0.11229,0.29911,0.1407,0.090999
0.054569,0.12726,0.14606,0.27718,0.12204,0.4944,0.090525,0.11096,0.52584,0.09711,0.15383,0.2106,0.24656,0.05832,0.11648,0.18825,0.14156,0.12848,0.13318,0.097413,0.10095,0.08845,0,0.26272,0.10695,0.083241,0.090829,0.19392,0.17062,0.26254,0.16792,0.27364,0.16991,0.23235,0.080679,0.21541,0.11061,0.16428,0.39098,0.13147,0.26146,0.5001,0.40632,0.23304,0.15767,0.07801,0.10145,0.14763,0.32713,0.40575,0.092471,0.086309,0.21922,0.1361,0.12666,0.079217,0.12058,0.27889,0.13244,0.28966,0.10449,0.072442,0.084912,0.13091,0.21992,0.077242,0.11321,0.089185,0.30708,0.15699,0.078987,0.089065,0.13419,0.24195,0.089928,0.18554,0.18884,0.085436,0.074131,0.089231,0.25391,0.10951,0.29246,0.13757,0.097658
0.26737,0.24083,0.24838,0.20451,0.19976,0.39936,0.2824,0.25775,0.47688,0.2869,0.21276,0.34258,0.12922,0.24623,0.23074,0.29034,0.21277,0.28452,0.23305,0.24883,0.23533,0.25478,0.26272,0,0.23315,0.23178,0.24234,0.27921,0.25065,0.2871,0.17988,0.21018,0.22323,0.16208,0.26313,0.23425,0.27636,0.19626,0.22036,0.22855,0.30309,0.34088,0.31973,0.25117,0.22102,0.2579,0.27372,0.24685,0.25478,0.26196,0.23085,0.25628,0.19667,0.20643,0.21396,0.25543,0.24444,0.20725,0.21977,0.3193,0.23966,0.24202,0.27651,0.20286,0.29803,0.2534,0.28387,0.23666,0.23433,0.30523,0.2858,0.27879,0.27967,0.21346,0.26567,0.23666,0.25471,0.24621,0.24048,0.26371,0.15401,0.24815,0.26881,0.2247,0.22447
0.10668,0.12715,0.12469,0.2604,0.14198,0.47352,0.1187,0.10834,0.50234,0.14424,0.13708,0.20884,0.21848,0.094766,0.10966,0.16429,0.12913,0.12766,0.13397,0.11829,0.114,0.084176,0.10695,0.23315,0,0.10792,0.10075,0.1486,0.14968,0.28041,0.1546,0.25697,0.13343,0.19102,0.1011,0.19453,0.10524,0.11852,0.36844,0.108,0.2425,0.45066,0.39057,0.22584,0.14537,0.11442,0.13079,0.12235,0.30931,0.37439,0.088642,0.10467,0.2034,0.13326,0.13316,0.088731,0.12145,0.28144,0.12379,0.2507,0.11489,0.088079,0.11952,0.10865,0.19669,0.10013,0.14487,0.1022,0.28394,0.1772,0.1006,0.11709,0.13591,0.22657,0.1013,0.19358,0.17994,0.10369,0.099544,0.10287,0.23352,0.12613,0.26884,0.12776,0.088331
0.098076,0.14038,0.14289,0.23018,0.11537,0.48021,0.12213,0.1199,0.52887,0.10898,0.12294,0.19866,0.2079,0.075538,0.10951,0.18681,0.12951,0.12332,0.13825,0.1032,0.12299,0.087108,0.083241,0.23178,0.10792,0,0.11562,0.1722,0.14851,0.26363,0.13566,0.23699,0.13204,0.18901,0.084498,0.21297,0.12695,0.13386,0.35357,0.09081,0.2469,0.47466,0.39529,0.20838,0.13641,0.10804,0.11279,0.11813,0.31995,0.37371,0.063683,0.10602,0.21484,0.12094,0.11085,0.086457,0.15062,0.25747,0.12374,0.27307,0.11426,0.075311,0.098225,0.10006,0.2254,0.088281,0.14347,0.069615,0.28885,0.16845,0.1002,0.10715,0.12651,0.20027,0.089089,0.15124,0.16501,0.10473,0.10262,0.10257,0.22595,0.10408,0.27422,0.10917,0.072542
0.080589,0.13629,0.15304,0.26457,0.13075,0.52335,0.095466,0.13044,0.54041,0.11335,0.15816,0.24303,0.23231,0.086534,0.11395,0.19762,0.174,0.12612,0.12661,0.11338,0.10984,0.088891,0.090829,0.24234,0.10075,0.11562,0,0.19673,0.19507,0.29121,0.18235,0.28392,0.19024,0.22967,0.10723,0.23181,0.085141,0.17651,0.3828,0.14825,0.27977,0.49924,0.40143,0.24389,0.16819,0.083495,0.10663,0.16787,0.34122,0.40733,0.12151,0.088185,0.23717,0.12113,0.11552,0.099206,0.13506,0.28518,0.15993,0.25763,0.12254,0.10509,0.11865,0.12188,0.21144,0.099658,0.11482,0.11737,0.31117,0.20054,0.10577,0.098521,0.11707,0.23822,0.1001,0.2144,0.17921,0.082325,0.071026,0.095095,0.25219,0.11273,0.31211,0.14864,0.1188
0.17069,0.22041,0.16935,0.27197,0.20635,0.50314,0.22928,0.20346,0.54432,0.22482,0.19116,0.19155,0.24136,0.19076,0.18683,0.17813,0.16487,0.20307,0.20388,0.19202,0.20799,0.15483,0.19392,0.27921,0.1486,0.1722,0.19673,0,0.18027,0.31364,0.2225,0.26354,0.15282,0.19641,0.19045,0.20611,0.17342,0.16785,0.36365,0.15916,0.22324,0.4678,0.42525,0.22621,0.18707,0.20547,0.20766,0.14541,0.32591,0.40845,0.14567,0.17562,0.21104,0.21064,0.20755,0.17012,0.21399,0.32211,0.20199,0.27483,0.20367,0.15892,0.17674,0.15435,0.25495,0.16761,0.22002,0.16203,0.34159,0.23248,0.15771,0.19168,0.18955,0.21064,0.17082,0.20054,0.2225,0.18013,0.1873,0.16373,0.24617,0.20411,0.28919,0.1812,0.15061
0.1822,0.20323,0.17538,0.25301,0.18561,0.44847,0.20158,0.18867,0.49159,0.21118,0.15654,0.20178,0.23176,0.16624,0.18221,0.19558,0.16265,0.2106,0.19722,0.17367,0.18657,0.16989,0.17062,0.25065,0.14968,0.14851,0.19507,0.18027,0,0.27261,0.15319,0.24215,0.11227,0.17218,0.19098,0.22473,0.21986,0.15102,0.34956,0.12735,0.20608,0.44156,0.39736,0.21097,0.12636,0.21046,0.17651,0.094581,0.30772,0.38102,0.13928,0.17406,0.21645,0.19805,0.19965,0.18353,0.16682,0.29178,0.19001,0.23633,0.18686,0.12476,0.17944,0.16235,0.23709,0.16485,0.22095,0.14682,0.34449,0.23347,0.16672,0.21,0.20375,0.23819,0.16799,0.14117,0.22281,0.17261,0.18533,0.17201,0.2181,0.17668,0.2773,0.17355,0.13261
0.27182,0.26589,0.25363,0.30853,0.25164,0.44626,0.29602,0.30053,0.42772,0.2912,0.27705,0.27381,0.27997,0.27952,0.27022,0.24511,0.2423,0.29275,0.26899,0.28553,0.29868,0.28762,0.26254,0.2871,0.28041,0.26363,0.29121,0.31364,0.27261,0,0.26248,0.24773,0.22577,0.25532,0.2866,0.2371,0.30846,0.27303,0.31209,0.281,0.26084,0.428,0.28873,0.24259,0.24237,0.2673,0.28889,0.27973,0.23155,0.38012,0.28038,0.29589,0.20871,0.26255,0.27055,0.29384,0.26272,0.27306,0.26752,0.38961,0.24576,0.25276,0.26834,0.27676,0.38825,0.29608,0.26247,0.28252,0.31941,0.27912,0.26926,0.2882,0.31686,0.26302,0.28185,0.28268,0.29852,0.26834,0.27702,0.27701,0.22851,0.25394,0.26886,0.29708,0.26986
0.19213,0.16941,0.1756,0.18634,0.13072,0.41334,0.19881,0.16859,0.47792,0.19437,0.14209,0.25147,0.15242,0.15691,0.16824,0.21392,0.13598,0.21413,0.17801,0.16591,0.16892,0.17586,0.16792,0.17988,0.1546,0.13566,0.18235,0.2225,0.15319,0.26248,0,0.20818,0.12773,0.15793,0.17001,0.23932,0.20967,0.10476,0.28358,0.14109,0.24933,0.40199,0.37546,0.1807,0.12854,0.18854,0.19702,0.1299,0.29829,0.30003,0.14496,0.18767,0.18607,0.15702,0.16716,0.16492,0.16828,0.21241,0.13718,0.25441,0.17953,0.1482,0.18023,0.15245,0.21774,0.15016,0.22515,0.12734,0.27615,0.20478,0.19157,0.20216,0.21732,0.1907,0.17544,0.17599,0.20817,0.17272,0.16985,0.18927,0.1714,0.15568,0.24341,0.11722,0.13325
0.27208,0.27488,0.22598,0.26991,0.24292,0.43991,0.29298,0.29361,0.49537,0.27218,0.25062,0.28863,0.22644,0.26825,0.25407,0.23729,0.21312,0.28833,0.26526,0.27659,0.26466,0.2639,0.27364,0.21018,0.25697,0.23699,0.28392,0.26354,0.24215,0.24773,0.20818,0,0.19169,0.15002,0.26509,0.23488,0.29835,0.20651,0.28934,0.21022,0.26449,0.41304,0.3342,0.22569,0.20031,0.26807,0.28159,0.232,0.25985,0.28292,0.23753,0.28273,0.20969,0.24742,0.25828,0.26281,0.26397,0.28884,0.23647,0.37632,0.26482,0.24696,0.25496,0.21947,0.35051,0.27178,0.29457,0.23436,0.28594,0.32558,0.27918,0.30278,0.30058,0.21974,0.26868,0.22442,0.27843,0.25692,0.26246,0.26305,0.20884,0.24505,0.27772,0.24753,0.23731
0.17868,0.16658,0.12629,0.21432,0.1668,0.42246,0.19923,0.17252,0.47938,0.19371,0.13154,0.19471,0.18379,0.15894,0.15429,0.1572,0.12268,0.18957,0.16357,0.1635,0.17867,0.15003,0.16991,0.22323,0.13343,0.13204,0.19024,0.15282,0.11227,0.22577,0.12773,0.19169,0,0.13326,0.16432,0.20447,0.2013,0.11274,0.29717,0.12321,0.1957,0.40317,0.35036,0.16843,0.0943,0.18694,0.19187,0.08436,0.26446,0.33617,0.13374,0.17496,0.17452,0.16608,0.17415,0.16148,0.17831,0.25484,0.15239,0.25158,0.15626,0.12439,0.16447,0.13286,0.26085,0.15976,0.19665,0.13591,0.29432,0.19508,0.15927,0.19266,0.20384,0.1637,0.1562,0.16324,0.18257,0.15988,0.17524,0.16399,0.1789,0.15309,0.24266,0.14233,0.12056
0.23005,0.23446,0.20287,0.19864,0.18272,0.40804,0.25765,0.22679,0.45885,0.25276,0.17258,0.24872,0.15878,0.21909,0.20375,0.2058,0.16636,0.24046,0.19512,0.21844,0.22134,0.20969,0.23235,0.16208,0.19102,0.18901,0.22967,0.19641,0.17218,0.25532,0.15793,0.15002,0.13326,0,0.23031,0.18379,0.24303,0.13929,0.24156,0.16275,0.20723,0.35706,0.32211,0.1907,0.15284,0.23844,0.24403,0.16675,0.2447,0.2666,0.19062,0.23693,0.16533,0.20227,0.20925,0.22047,0.21314,0.23406,0.19685,0.28605,0.22346,0.18626,0.2277,0.16678,0.28461,0.22398,0.25766,0.19488,0.26702,0.27689,0.23737,0.24768,0.24116,0.1717,0.21409,0.19623,0.22149,0.22194,0.21927,0.21674,0.14899,0.2096,0.22849,0.19983,0.18703
0.089428,0.11066,0.12283,0.27214,0.15261,0.49016,0.091652,0.10676,0.5561,0.065419,0.14583,0.23931,0.23883,0.068398,0.10581,0.19122,0.15009,0.10869,0.13435,0.096913,0.1035,0.077103,0.080679,0.26313,0.1011,0.084498,0.10723,0.19045,0.19098,0.2866,0.17001,0.26509,0.16432,0.23031,0,0.22827,0.11199,0.16144,0.3871,0.12871,0.26973,0.49412,0.40672,0.24921,0.16657,0.072074,0.12473,0.15372,0.33954,0.38373,0.090694,0.10641,0.23719,0.12969,0.12413,0.061301,0.15995,0.28455,0.1327,0.28651,0.10216,0.090241,0.081556,0.12064,0.24019,0.086581,0.1298,0.091616,0.28254,0.15341,0.096503,0.090347,0.13205,0.23444,0.090942,0.20105,0.1608,0.10638,0.097854,0.095514,0.25943,0.12137,0.29834,0.13351,0.098794
0.2026,0.22612,0.21707,0.28182,0.19396,0.42623,0.24987,0.21137,0.45481,0.25667,0.20124,0.24956,0.2365,0.21704,0.19848,0.19888,0.17665,0.22755,0.21585,0.21602,0.22585,0.20938,0.21541,0.23425,0.19453,0.21297,0.23181,0.20611,0.22473,0.2371,0.23932,0.23488,0.20447,0.18379,0.22827,0,0.21787,0.19115,0.32571,0.21229,0.23288,0.42611,0.32479,0.26469,0.22526,0.21697,0.21939,0.23354,0.24593,0.33254,0.20677,0.23166,0.17181,0.2047,0.2018,0.21703,0.20017,0.27252,0.19569,0.34412,0.22543,0.19531,0.22247,0.18691,0.28,0.2217,0.23779,0.22385,0.2589,0.26502,0.21494,0.22601,0.22291,0.23784,0.20314,0.23083,0.24152,0.21819,0.20289,0.19191,0.20255,0.22851,0.24594,0.24882,0.19965
0.093407,0.15916,0.16808,0.28903,0.14726,0.53818,0.11513,0.12667,0.554,0.13694,0.17389,0.23068,0.25536,0.11343,0.13249,0.19081,0.17741,0.13077,0.15427,0.13769,0.14061,0.088572,0.11061,0.27636,0.10524,0.12695,0.085141,0.17342,0.21986,0.30846,0.20967,0.29835,0.2013,0.24303,0.11199,0.21787,0,0.18308,0.40417,0.1557,0.28071,0.51994,0.43018,0.25388,0.19121,0.092123,0.12935,0.18057,0.3521,0.41471,0.12936,0.10633,0.25478,0.14549,0.13716,0.095817,0.15408,0.30562,0.15704,0.27932,0.15221,0.12139,0.11659,0.13626,0.20158,0.11056,0.12595,0.13342,0.3138,0.19262,0.10353,0.082115,0.1057,0.24521,0.096895,0.23507,0.2006,0.10294,0.098093,0.093395,0.27464,0.13755,0.31066,0.16611,0.13332
0.17309,0.16945,0.14755,0.1921,0.127,0.41231,0.19563,0.14996,0.4619,0.19794,0.13325,0.22472,0.15569,0.15518,0.13016,0.18262,0.098579,0.19929,0.1646,0.16719,0.16866,0.15464,0.16428,0.19626,0.11852,0.13386,0.17651,0.16785,0.15102,0.27303,0.10476,0.20651,0.11274,0.13929,0.16144,0.19115,0.18308,0,0.30513,0.13072,0.24913,0.40611,0.36592,0.19999,0.14359,0.18905,0.19222,0.12864,0.28701,0.32131,0.13192,0.1803,0.16622,0.14078,0.14989,0.13945,0.16274,0.23136,0.13527,0.26057,0.17137,0.14278,0.18084,0.13477,0.20496,0.14137,0.20965,0.12267,0.28505,0.19887,0.17227,0.19018,0.20629,0.18058,0.16048,0.1738,0.19001,0.16781,0.15341,0.17143,0.17682,0.16864,0.22923,0.12281,0.12022
0.39433,0.35229,0.34559,0.20442,0.31568,0.39055,0.42288,0.37738,0.49102,0.40628,0.30372,0.42348,0.18467,0.37779,0.34696,0.37391,0.31469,0.40627,0.33593,0.36406,0.37778,0.37946,0.39098,0.22036,0.36844,0.35357,0.3828,0.36365,0.34956,0.31209,0.28358,0.28934,0.29717,0.24156,0.3871,0.32571,0.40417,0.30513,0,0.35951,0.35065,0.32601,0.31157,0.30391,0.31273,0.38925,0.40777,0.34242,0.29219,0.27963,0.36603,0.39756,0.26715,0.32255,0.33347,0.38734,0.38386,0.21967,0.34604,0.36139,0.36886,0.35743,0.3939,0.32915,0.42099,0.3734,0.40369,0.36511,0.33678,0.38413,0.40092,0.39732,0.40453,0.22546,0.38178,0.34874,0.32933,0.37982,0.37711,0.38666,0.16786,0.36451,0.31042,0.33628,0.34385
0.13957,0.17218,0.15508,0.25836,0.15129,0.47253,0.15235,0.1537,0.51795,0.15506,0.15924,0.20221,0.22963,0.1234,0.15592,0.16704,0.12854,0.15797,0.17839,0.14489,0.14109,0.12536,0.13147,0.22855,0.108,0.09081,0.14825,0.15916,0.12735,0.281,0.14109,0.21022,0.12321,0.16275,0.12871,0.21229,0.1557,0.13072,0.35951,0,0.23389,0.45409,0.40288,0.21218,0.12228,0.1475,0.14754,0.095889,0.30612,0.35427,0.082909,0.13572,0.20987,0.17354,0.17018,0.12109,0.1694,0.29154,0.12751,0.28322,0.15799,0.10612,0.13185,0.1224,0.22702,0.12887,0.18716,0.10403,0.28761,0.22589,0.13557,0.15388,0.16542,0.22552,0.13197,0.15924,0.21245,0.1328,0.13088,0.13843,0.23358,0.12067,0.2547,0.12696,0.096743
0.25982,0.29605,0.26147,0.31333,0.26876,0.45434,0.28771,0.27457,0.49527,0.28604,0.25531,0.22631,0.29131,0.26983,0.28357,0.18871,0.25045,0.26341,0.27102,0.25906,0.28029,0.25131,0.26146,0.30309,0.2425,0.2469,0.27977,0.22324,0.20608,0.26084,0.24933,0.26449,0.1957,0.20723,0.26973,0.23288,0.28071,0.24913,0.35065,0.23389,0,0.40088,0.39464,0.20766,0.21314,0.27438,0.27803,0.22171,0.3318,0.33998,0.23929,0.27789,0.22092,0.29145,0.29793,0.26737,0.23071,0.33378,0.26855,0.33184,0.2636,0.21867,0.24174,0.24226,0.33299,0.27197,0.28451,0.23955,0.32489,0.28195,0.25195,0.27352,0.26606,0.28641,0.25011,0.22626,0.29403,0.27036,0.28107,0.2443,0.25472,0.2671,0.28504,0.28654,0.25662
0.51251,0.45644,0.45587,0.41612,0.45718,0.3058,0.52444,0.47905,0.43329,0.52995,0.44977,0.5149,0.37133,0.4897,0.47424,0.45608,0.42234,0.50776,0.45701,0.48658,0.4866,0.49556,0.5001,0.34088,0.45066,0.47466,0.49924,0.4678,0.44156,0.428,0.40199,0.41304,0.40317,0.35706,0.49412,0.42611,0.51994,0.40611,0.32601,0.45409,0.40088,0,0.37983,0.39943,0.43607,0.50372,0.53424,0.44417,0.35364,0.2966,0.46262,0.50412,0.34051,0.47125,0.48445,0.48727,0.46635,0.38556,0.44484,0.49491,0.45155,0.46812,0.50476,0.45739,0.52627,0.49741,0.52311,0.47573,0.37782,0.48573,0.5178,0.51368,0.52646,0.4365,0.50378,0.45351,0.47788,0.50173,0.49342,0.50738,0.35316,0.48737,0.36266,0.45876,0.47118
0.40825,0.36323,0.35988,0.34923,0.38483,0.45298,0.42623,0.41192,0.3784,0.41234,0.3673,0.43634,0.32645,0.39812,0.35763,0.38572,0.3757,0.40509,0.35397,0.40268,0.39581,0.41119,0.40632,0.31973,0.39057,0.39529,0.40143,0.42525,0.39736,0.28873,0.37546,0.3342,0.35036,0.32211,0.40672,0.32479,0.43018,0.36592,0.31157,0.40288,0.39464,0.37983,0,0.3512,0.36073,0.397,0.41587,0.40284,0.29565,0.38119,0.40667,0.42682,0.30105,0.34931,0.35843,0.41741,0.39472,0.31064,0.39134,0.44004,0.37522,0.39529,0.42265,0.35849,0.47559,0.40945,0.40471,0.41974,0.38956,0.43986,0.42732,0.42878,0.42846,0.33707,0.40606,0.39276,0.34516,0.40759,0.39052,0.40717,0.27178,0.38775,0.39697,0.39522,0.38545
0.24295,0.25759,0.22293,0.25108,0.21893,0.47303,0.26752,0.26819,0.4365,0.26449,0.23373,0.21963,0.22169,0.24274,0.2375,0.22784,0.21099,0.27789,0.23535,0.25602,0.25732,0.23763,0.23304,0.25117,0.22584,0.20838,0.24389,0.22621,0.21097,0.24259,0.1807,0.22569,0.16843,0.1907,0.24921,0.26469,0.25388,0.19999,0.30391,0.21218,0.20766,0.39943,0.3512,0,0.17596,0.24837,0.26732,0.18199,0.31238,0.34752,0.21092,0.24447,0.19015,0.23182,0.24351,0.23776,0.2119,0.25036,0.23516,0.2877,0.23943,0.21316,0.22436,0.21147,0.29287,0.22338,0.2682,0.21032,0.35315,0.27302,0.24667,0.26712,0.26803,0.21586,0.24019,0.19384,0.26392,0.23002,0.24109,0.24221,0.19926,0.2256,0.27658,0.21343,0.21635
0.17212,0.17109,0.15536,0.22808,0.15658,0.44682,0.17471,0.16847,0.49656,0.17892,0.13491,0.22453,0.20017,0.14814,0.16197,0.16055,0.14804,0.19079,0.15644,0.15483,0.1467,0.14982,0.15767,0.22102,0.14537,0.13641,0.16819,0.18707,0.12636,0.24237,0.12854,0.20031,0.0943,0.15284,0.16657,0.22526,0.19121,0.14359,0.31273,0.12228,0.21314,0.43607,0.36073,0.17596,0,0.17445,0.17362,0.093924,0.28336,0.34229,0.15031,0.16635,0.2014,0.1734,0.17882,0.16302,0.16278,0.27683,0.14832,0.26124,0.17471,0.12651,0.16778,0.12516,0.23175,0.1526,0.17214,0.13485,0.30861,0.21775,0.16586,0.1928,0.1929,0.182,0.14912,0.16414,0.18807,0.14001,0.16297,0.15721,0.19609,0.13053,0.27619,0.13986,0.12706
0.077108,0.11051,0.14045,0.29092,0.14717,0.51248,0.095857,0.1252,0.5511,0.086083,0.16738,0.24173,0.25056,0.074943,0.12638,0.19231,0.16968,0.1085,0.13458,0.10999,0.10952,0.088086,0.07801,0.2579,0.11442,0.10804,0.083495,0.20547,0.21046,0.2673,0.18854,0.26807,0.18694,0.23844,0.072074,0.21697,0.092123,0.18905,0.38925,0.1475,0.27438,0.50372,0.397,0.24837,0.17445,0,0.11057,0.17547,0.32107,0.39283,0.11313,0.092658,0.23689,0.13296,0.12503,0.091072,0.14788,0.2877,0.13578,0.29823,0.10503,0.10031,0.078921,0.12431,0.24148,0.10455,0.11342,0.11962,0.27982,0.17723,0.097557,0.081799,0.11615,0.2416,0.090098,0.22389,0.18623,0.08368,0.080656,0.082224,0.26133,0.1033,0.31069,0.15307,0.11936
0.094091,0.15783,0.18022,0.28016,0.14985,0.52936,0.11688,0.13298,0.55338,0.12068,0.1515,0.21612,0.26442,0.087008,0.13559,0.19303,0.18615,0.10686,0.16244,0.10215,0.12582,0.10153,0.10145,0.27372,0.13079,0.11279,0.10663,0.20766,0.17651,0.28889,0.19702,0.28159,0.19187,0.24403,0.12473,0.21939,0.12935,0.19222,0.40777,0.14754,0.27803,0.53424,0.41587,0.26732,0.17362,0.11057,0,0.1685,0.35681,0.42644,0.12894,0.11001,0.25773,0.1425,0.12601,0.1252,0.14417,0.3196,0.15364,0.28972,0.1539,0.11371,0.12551,0.11922,0.2155,0.10988,0.13809,0.12291,0.3206,0.21584,0.091382,0.12548,0.097496,0.24874,0.077939,0.19509,0.18596,0.096802,0.096245,0.079431,0.2724,0.10295,0.33116,0.16286,0.11102
0.15906,0.16645,0.14447,0.24312,0.161,0.45747,0.17939,0.15773,0.51141,0.18145,0.13633,0.19638,0.21732,0.1342,0.15982,0.17357,0.12907,0.18561,0.16233,0.14342,0.15563,0.13168,0.14763,0.24685,0.12235,0.11813,0.16787,0.14541,0.094581,0.27973,0.1299,0.232,0.08436,0.16675,0.15372,0.23354,0.18057,0.12864,0.34242,0.095889,0.22171,0.44417,0.40284,0.18199,0.093924,0.17547,0.1685,0,0.30697,0.37005,0.11127,0.14132,0.20577,0.17858,0.1793,0.14089,0.16848,0.28725,0.14297,0.24001,0.16509,0.10657,0.14637,0.13011,0.22896,0.12638,0.19599,0.11381,0.32453,0.20844,0.14198,0.17944,0.18327,0.19853,0.13626,0.15959,0.19763,0.13583,0.15237,0.1466,0.22143,0.13224,0.2685,0.11971,0.10128
0.33417,0.28281,0.28147,0.34883,0.30066,0.38147,0.36843,0.33457,0.45011,0.36671,0.31587,0.37012,0.28375,0.32376,0.3167,0.3115,0.27138,0.35291,0.30257,0.33999,0.33314,0.33602,0.32713,0.25478,0.30931,0.31995,0.34122,0.32591,0.30772,0.23155,0.29829,0.25985,0.26446,0.2447,0.33954,0.24593,0.3521,0.28701,0.29219,0.30612,0.3318,0.35364,0.29565,0.31238,0.28336,0.32107,0.35681,0.30697,0,0.34441,0.31227,0.3274,0.23365,0.3147,0.32,0.33657,0.32614,0.29944,0.28963,0.41335,0.28834,0.30436,0.33232,0.30156,0.40142,0.34281,0.33472,0.33385,0.31706,0.34211,0.33983,0.34379,0.36104,0.29296,0.3333,0.34118,0.35318,0.31546,0.31925,0.32945,0.24083,0.31025,0.31027,0.31464,0.30945
0.41756,0.37101,0.37626,0.33374,0.34868,0.32034,0.41515,0.37093,0.51279,0.40874,0.34689,0.4627,0.29143,0.3912,0.38209,0.36217,0.337,0.40837,0.37573,0.382,0.38152,0.39416,0.40575,0.26196,0.37439,0.37371,0.40733,0.40845,0.38102,0.38012,0.30003,0.28292,0.33617,0.2666,0.38373,0.33254,0.41471,0.32131,0.27963,0.35427,0.33998,0.2966,0.38119,0.34752,0.34229,0.39283,0.42644,0.37005,0.34441,0,0.37609,0.41946,0.30805,0.36847,0.38207,0.38163,0.38136,0.31855,0.33091,0.44826,0.38924,0.37724,0.39794,0.35621,0.42761,0.39809,0.43237,0.37389,0.2427,0.41384,0.42807,0.41273,0.41901,0.34744,0.39493,0.37359,0.38536,0.40388,0.39224,0.3996,0.28285,0.3829,0.30189,0.37591,0.38126
0.098179,0.14154,0.129,0.2581,0.14242,0.47861,0.13657,0.13458,0.53021,0.13001,0.14736,0.19946,0.21855,0.087676,0.12611,0.18972,0.12716,0.13969,0.15425,0.11959,0.12426,0.092033,0.092471,0.23085,0.088642,0.063683,0.12151,0.14567,0.13928,0.28038,0.14496,0.23753,0.13374,0.19062,0.090694,0.20677,0.12936,0.13192,0.36603,0.082909,0.23929,0.46262,0.40667,0.21092,0.15031,0.11313,0.12894,0.11127,0.31227,0.37609,0,0.091059,0.20429,0.14211,0.13562,0.08551,0.14542,0.2714,0.13038,0.27024,0.1109,0.076039,0.089543,0.1041,0.22225,0.08614,0.1658,0.068678,0.28976,0.17827,0.10156,0.11948,0.13605,0.22242,0.10684,0.15038,0.19053,0.10759,0.10684,0.10558,0.23228,0.12868,0.27734,0.11237,0.071162
0.087698,0.1268,0.13919,0.28952,0.14608,0.51133,0.11476,0.12599,0.55988,0.13398,0.15728,0.23138,0.24754,0.078073,0.12944,0.20613,0.16142,0.14351,0.14626,0.11168,0.11527,0.075521,0.086309,0.25628,0.10467,0.10602,0.088185,0.17562,0.17406,0.29589,0.18767,0.28273,0.17496,0.23693,0.10641,0.23166,0.10633,0.1803,0.39756,0.13572,0.27789,0.50412,0.42682,0.24447,0.16635,0.092658,0.11001,0.14132,0.3274,0.41946,0.091059,0,0.24471,0.1391,0.13029,0.090303,0.14409,0.30072,0.14411,0.26834,0.10591,0.091852,0.10162,0.12075,0.22673,0.091603,0.1264,0.10782,0.31703,0.18718,0.089358,0.1025,0.12458,0.24009,0.097223,0.19682,0.19919,0.055401,0.083212,0.085279,0.26489,0.12009,0.31842,0.14579,0.10385
0.21911,0.22219,0.20616,0.24203,0.18945,0.38199,0.26854,0.24062,0.41013,0.26285,0.21885,0.24855,0.19495,0.2262,0.21323,0.20115,0.14461,0.25789,0.21002,0.22574,0.23008,0.2335,0.21922,0.19667,0.2034,0.21484,0.23717,0.21104,0.21645,0.20871,0.18607,0.20969,0.17452,0.16533,0.23719,0.17181,0.25478,0.16622,0.26715,0.20987,0.22092,0.34051,0.30105,0.19015,0.2014,0.23689,0.25773,0.20577,0.23365,0.30805,0.20429,0.24471,0,0.22168,0.22744,0.22312,0.20932,0.2345,0.19772,0.33833,0.21403,0.20392,0.23086,0.20443,0.3036,0.22147,0.26036,0.20832,0.26478,0.25598,0.2342,0.25519,0.27424,0.21435,0.23778,0.21142,0.24746,0.23076,0.21405,0.23258,0.16282,0.22368,0.1959,0.21127,0.20121
0.13671,0.12888,0.13315,0.19596,0.11595,0.47571,0.15187,0.13447,0.5086,0.14827,0.11136,0.25507,0.16313,0.11994,0.073674,0.21913,0.15519,0.1657,0.13172,0.13187,0.14563,0.1179,0.1361,0.20643,0.13326,0.12094,0.12113,0.21064,0.19805,0.26255,0.15702,0.24742,0.16608,0.20227,0.12969,0.2047,0.14549,0.14078,0.32255,0.17354,0.29145,0.47125,0.34931,0.23182,0.1734,0.13296,0.1425,0.17858,0.3147,0.36847,0.14211,0.1391,0.22168,0,0.034589,0.12664,0.16212,0.21195,0.15647,0.24073,0.13549,0.1352,0.15821,0.11347,0.23359,0.11815,0.1553,0.13893,0.29207,0.19332,0.14668,0.14373,0.16226,0.17271,0.12724,0.2001,0.13685,0.12347,0.11043,0.13061,0.18965,0.14698,0.29199,0.15137,0.11716
0.12428,0.12888,0.1461,0.20438,0.11412,0.486,0.14771,0.12718,0.51949,0.14188,0.10672,0.25011,0.17613,0.10603,0.072757,0.22539,0.15728,0.15131,0.12448,0.11825,0.13615,0.10945,0.12666,0.21396,0.13316,0.11085,0.11552,0.20755,0.19965,0.27055,0.16716,0.25828,0.17415,0.20925,0.12413,0.2018,0.13716,0.14989,0.33347,0.17018,0.29793,0.48445,0.35843,0.24351,0.17882,0.12503,0.12601,0.1793,0.32,0.38207,0.13562,0.13029,0.22744,0.034589,0,0.12334,0.16412,0.22402,0.15145,0.2531,0.13436,0.12987,0.15339,0.1053,0.23108,0.11041,0.14893,0.136,0.29232,0.19187,0.13797,0.13298,0.14467,0.1767,0.11455,0.19973,0.1308,0.11868,0.10246,0.11976,0.20379,0.1399,0.30006,0.14587,0.10739
0.083752,0.12077,0.12369,0.26683,0.12591,0.47847,0.097404,0.096218,0.54678,0.10248,0.1434,0.2321,0.23125,0.075574,0.096481,0.17367,0.12468,0.12905,0.13552,0.10257,0.11288,0.068694,0.079217,0.25543,0.088731,0.086457,0.099206,0.17012,0.18353,0.29384,0.16492,0.26281,0.16148,0.22047,0.061301,0.21703,0.095817,0.13945,0.38734,0.12109,0.26737,0.48727,0.41741,0.23776,0.16302,0.091072,0.1252,0.14089,0.33657,0.38163,0.08551,0.090303,0.22312,0.12664,0.12334,0,0.14466,0.28879,0.1202,0.28461,0.11045,0.089541,0.09145,0.12059,0.22007,0.07707,0.12868,0.07606,0.29037,0.16184,0.090726,0.098051,0.13562,0.23057,0.087279,0.18829,0.17366,0.088358,0.077917,0.088289,0.2561,0.11981,0.27949,0.13324,0.10072
0.13022,0.18283,0.18732,0.28653,0.14623,0.47932,0.13684,0.15109,0.47438,0.17665,0.16679,0.2082,0.24198,0.13349,0.15541,0.19598,0.16972,0.1766,0.1525,0.15133,0.13657,0.13588,0.12058,0.24444,0.12145,0.15062,0.13506,0.21399,0.16682,0.26272,0.16828,0.26397,0.17831,0.21314,0.15995,0.20017,0.15408,0.16274,0.38386,0.1694,0.23071,0.46635,0.39472,0.2119,0.16278,0.14788,0.14417,0.16848,0.32614,0.38136,0.14542,0.14409,0.20932,0.16212,0.16412,0.14466,0,0.28413,0.16029,0.28582,0.15478,0.11944,0.14443,0.15238,0.19914,0.14195,0.15614,0.13017,0.30489,0.19499,0.14422,0.16773,0.1649,0.25767,0.13766,0.18808,0.21641,0.13002,0.13896,0.12868,0.2465,0.16219,0.29159,0.18412,0.14806
0.29371,0.26453,0.26811,0.19284,0.22337,0.42695,0.31925,0.28001,0.43481,0.30707,0.24113,0.34459,0.16179,0.27892,0.25125,0.34094,0.248,0.32623,0.25821,0.28231,0.28946,0.29028,0.27889,0.20725,0.28144,0.25747,0.28518,0.32211,0.29178,0.27306,0.21241,0.28884,0.25484,0.23406,0.28455,0.27252,0.30562,0.23136,0.21967,0.29154,0.33378,0.38556,0.31064,0.25036,0.27683,0.2877,0.3196,0.28725,0.29944,0.31855,0.2714,0.30072,0.2345,0.21195,0.22402,0.28879,0.28413,0,0.27301,0.29537,0.26774,0.26985,0.29933,0.26388,0.34023,0.27075,0.3195,0.28055,0.31678,0.28606,0.31212,0.28747,0.32524,0.21862,0.29739,0.29036,0.27276,0.29623,0.27452,0.30368,0.14863,0.29474,0.28501,0.26096,0.261
0.15231,0.12845,0.173,0.25684,0.11957,0.43044,0.16117,0.1027,0.50581,0.17237,0.13877,0.23843,0.21808,0.11265,0.15385,0.17941,0.11358,0.15976,0.15973,0.11875,0.12324,0.12981,0.13244,0.21977,0.12379,0.12374,0.15993,0.20199,0.19001,0.26752,0.13718,0.23647,0.15239,0.19685,0.1327,0.19569,0.15704,0.13527,0.34604,0.12751,0.26855,0.44484,0.39134,0.23516,0.14832,0.13578,0.15364,0.14297,0.28963,0.33091,0.13038,0.14411,0.19772,0.15647,0.15145,0.1202,0.16029,0.27301,0,0.31711,0.15388,0.13428,0.15424,0.12822,0.22153,0.13045,0.1768,0.12789,0.23027,0.18984,0.14829,0.15059,0.1773,0.20736,0.12873,0.21062,0.20614,0.12794,0.1195,0.14085,0.23203,0.11227,0.24921,0.12714,0.1167
