0,0.068848,0.098586,0.081107,0.068639,0.22658,0.06105,0.22972,0.094741,0.24549,0.15539,0.066078,0.18396,0.067319,0.15742,0.057198,0.081517,0.05041,0.1151,0.061862,0.066531,0.084639,0.070676,0.11498,0.11502,0.14301,0.11508,0.12134,0.10294,0.14123,0.092418,0.076467,0.076977,0.078207,0.26721,0.12808,0.11234,0.049579,0.19616,0.095174,0.093452,0.12461,0.2578,0.11553,0.050374,0.137,0.1423,0.20237,0.10346,0.12249,0.043659,0.11333,0.1143,0.068017,0.074115,0.064638,0.11686,0.19528,0.054099,0.10322,0.11102,0.09688,0.064643,0.086345,0.085006,0.069289,0.10666,0.10137,0.10276,0.040889,0.10679,0.072726,0.12993,0.098648,0.11542,0.081668,0.23049,0.07784,0.083065,0.093945,0.14454,0.087767,0.08493,0.095785,0.044093
0.068848,0,0.087408,0.10402,0.11459,0.2545,0.11116,0.26823,0.13076,0.28115,0.19143,0.11214,0.21453,0.062947,0.19301,0.069069,0.071752,0.084234,0.1351,0.053608,0.10789,0.073265,0.11968,0.14411,0.15117,0.17742,0.15373,0.16656,0.14117,0.18306,0.13392,0.11321,0.11978,0.125,0.30351,0.16528,0.14533,0.082957,0.22632,0.13367,0.1357,0.099788,0.23588,0.1586,0.073053,0.17596,0.18321,0.18163,0.13771,0.12222,0.070629,0.15406,0.15475,0.068919,0.072939,0.1098,0.10286,0.22517,0.079474,0.10171,0.15103,0.084382,0.11273,0.11711,0.11502,0.11707,0.14723,0.10762,0.14108,0.06522,0.1503,0.079636,0.17211,0.12605,0.15687,0.11376,0.2646,0.12144,0.13234,0.14105,0.17769,0.11949,0.12989,0.089131,0.085058
0.098586,0.087408,0,0.11977,0.13985,0.28026,0.1443,0.29757,0.16513,0.30943,0.21545,0.13985,0.24121,0.081036,0.22444,0.097628,0.09062,0.1029,0.17143,0.078383,0.13904,0.089343,0.14554,0.17252,0.1865,0.20838,0.18572,0.19014,0.16473,0.20705,0.15358,0.1268,0.1474,0.16018,0.32904,0.19586,0.18038,0.10617,0.24962,0.16257,0.16706,0.10372,0.23603,0.18695,0.10388,0.20573,0.2115,0.17434,0.17333,0.11654,0.098585,0.18521,0.18437,0.079755,0.082168,0.13419,0.10309,0.25129,0.12654,0.093499,0.17704,0.098749,0.14051,0.16237,0.16035,0.14517,0.18012,0.094982,0.17153,0.10132,0.17757,0.095001,0.19226,0.15619,0.18193,0.12649,0.2913,0.1474,0.15058,0.16009,0.19633,0.14897,0.14576,0.087811,0.11592
0.081107,0.10402,0.11977,0,0.07255,0.19286,0.088846,0.21259,0.076949,0.22335,0.13804,0.084949,0.14961,0.11749,0.13881,0.089396,0.13516,0.079014,0.10947,0.1075,0.078219,0.13672,0.088457,0.10096,0.11451,0.14067,0.12418,0.11843,0.091305,0.12783,0.10036,0.10141,0.097532,0.084052,0.24255,0.12115,0.10519,0.064395,0.15372,0.10466,0.089135,0.13124,0.29045,0.10604,0.10088,0.13071,0.13239,0.23798,0.096354,0.15021,0.091938,0.11679,0.12764,0.10996,0.11359,0.071644,0.16081,0.15757,0.084349,0.11503,0.11796,0.14638,0.084549,0.10516,0.1074,0.077325,0.11395,0.1304,0.098842,0.094397,0.10563,0.12138,0.11479,0.080627,0.10626,0.10869,0.1985,0.086012,0.088798,0.097422,0.1037,0.076674,0.083723,0.13042,0.091021
0.068639,0.11459,0.13985,0.07255,0,0.16559,0.038693,0.16928,0.05657,0.18566,0.095005,0.050712,0.12155,0.12492,0.09493,0.10192,0.14156,0.066015,0.094628,0.116,0.038029,0.14577,0.031861,0.08333,0.060188,0.10353,0.072993,0.06572,0.052751,0.081755,0.075155,0.1006,0.046196,0.041703,0.20538,0.076316,0.080072,0.074782,0.13541,0.067656,0.042322,0.16857,0.3137,0.055263,0.098188,0.07994,0.087375,0.26123,0.059023,0.17622,0.095621,0.061925,0.10192,0.1251,0.13093,0.040793,0.17967,0.13322,0.059589,0.14974,0.061628,0.1582,0.033765,0.094686,0.098469,0.025055,0.064213,0.14621,0.07719,0.089688,0.058654,0.13192,0.073488,0.078018,0.063012,0.10478,0.16774,0.033404,0.045759,0.052303,0.089019,0.05861,0.050406,0.15084,0.065661
0.22658,0.2545,0.28026,0.19286,0.16559,0,0.18081,0.082913,0.16295,0.086705,0.090189,0.18539,0.071393,0.28023,0.091674,0.24848,0.29805,0.21021,0.20252,0.27147,0.17825,0.30193,0.16791,0.17045,0.12956,0.13256,0.15058,0.13027,0.14329,0.11204,0.19934,0.241,0.17389,0.17169,0.089319,0.1332,0.16683,0.21864,0.083957,0.1788,0.14568,0.30738,0.46281,0.13643,0.24614,0.10941,0.10788,0.41219,0.14295,0.3277,0.24975,0.12958,0.21423,0.27999,0.28593,0.18088,0.33451,0.080609,0.20026,0.29092,0.14614,0.31172,0.17216,0.21709,0.22456,0.1658,0.15471,0.29532,0.17013,0.24612,0.14289,0.28921,0.12172,0.1865,0.12625,0.24622,0.060273,0.15669,0.16161,0.1554,0.12088,0.16242,0.16853,0.29742,0.21756
0.06105,0.11116,0.1443,0.088846,0.038693,0.18081,0,0.17418,0.072708,0.19189,0.10575,0.055992,0.13858,0.12076,0.10668,0.099272,0.13772,0.069103,0.11058,0.11262,0.045516,0.13894,0.032062,0.083058,0.070133,0.097616,0.062593,0.073968,0.07078,0.094737,0.083982,0.10214,0.060485,0.047045,0.21254,0.082778,0.07833,0.078616,0.15305,0.065522,0.048736,0.1738,0.30723,0.069551,0.092977,0.086449,0.093315,0.25956,0.064658,0.1728,0.092653,0.063085,0.10275,0.12379,0.12948,0.047951,0.17235,0.14833,0.060402,0.14844,0.069698,0.15111,0.033544,0.093032,0.09585,0.036414,0.050345,0.14533,0.077235,0.079787,0.055163,0.12811,0.085227,0.088559,0.071669,0.1031,0.18107,0.041235,0.042962,0.057749,0.10993,0.058622,0.073002,0.14928,0.062586
0.22972,0.26823,0.29757,0.21259,0.16928,0.082913,0.17418,0,0.16944,0.055232,0.097666,0.18837,0.093662,0.28608,0.090809,0.2567,0.30483,0.22081,0.21642,0.27898,0.18178,0.30771,0.16571,0.16669,0.12871,0.12975,0.13855,0.12112,0.14628,0.11147,0.20495,0.24853,0.17963,0.16904,0.065501,0.12874,0.16263,0.23139,0.11038,0.16989,0.14611,0.32875,0.46726,0.13159,0.24993,0.10597,0.10595,0.42233,0.14751,0.33431,0.25615,0.12513,0.20432,0.29001,0.29547,0.18286,0.34159,0.097348,0.20875,0.30667,0.13975,0.31864,0.17162,0.21484,0.22171,0.16817,0.1405,0.30247,0.17284,0.24646,0.13637,0.29534,0.12404,0.19747,0.1307,0.24757,0.071518,0.15866,0.15876,0.15537,0.14345,0.16711,0.17908,0.30826,0.21968
0.094741,0.13076,0.16513,0.076949,0.05657,0.16295,0.072708,0.16944,0,0.1882,0.10519,0.064511,0.12122,0.14217,0.1025,0.11204,0.15946,0.097919,0.098416,0.13284,0.076642,0.16445,0.071186,0.08685,0.076679,0.11966,0.10184,0.089038,0.06652,0.091614,0.080589,0.11163,0.084461,0.049241,0.20746,0.083068,0.064841,0.083217,0.12455,0.098851,0.059265,0.17053,0.31467,0.074672,0.11235,0.091598,0.10326,0.27068,0.062359,0.18776,0.10988,0.085356,0.082934,0.14098,0.14635,0.069304,0.19598,0.1308,0.070727,0.1549,0.093043,0.17667,0.071865,0.092559,0.097234,0.061711,0.081736,0.15492,0.082427,0.11025,0.075398,0.14874,0.094691,0.065667,0.087433,0.11746,0.15907,0.071469,0.078877,0.086913,0.087171,0.076256,0.067083,0.16037,0.088639
0.24549,0.28115,0.30943,0.22335,0.18566,0.086705,0.19189,0.055232,0.1882,0,0.11521,0.20585,0.096308,0.30211,0.1047,0.27122,0.32117,0.23128,0.21938,0.29644,0.19459,0.32461,0.18185,0.18317,0.14628,0.1451,0.15329,0.13587,0.16671,0.12722,0.22239,0.26822,0.19605,0.18843,0.052802,0.14145,0.18093,0.24681,0.1147,0.18859,0.16235,0.34041,0.49054,0.15143,0.26413,0.12079,0.113,0.4368,0.16874,0.35056,0.26868,0.1403,0.23358,0.30571,0.31061,0.19321,0.35591,0.0964,0.22601,0.31937,0.15573,0.33467,0.18758,0.22852,0.23561,0.18667,0.15811,0.31916,0.19116,0.26355,0.15147,0.31128,0.13225,0.20922,0.14227,0.26309,0.067236,0.17366,0.17318,0.17051,0.14739,0.18429,0.19537,0.32485,0.23834
0.15539,0.19143,0.21545,0.13804,0.095005,0.090189,0.10575,0.097666,0.10519,0.11521,0,0.11529,0.069535,0.21035,0.043013,0.18278,0.22828,0.1438,0.15013,0.20284,0.11058,0.23272,0.09614,0.10423,0.061981,0.078413,0.072719,0.064461,0.081198,0.060796,0.13475,0.17374,0.10976,0.10252,0.12898,0.07868,0.10842,0.15378,0.091394,0.11482,0.077792,0.24878,0.39633,0.069576,0.17886,0.045236,0.05631,0.34766,0.076066,0.2576,0.18003,0.060926,0.15291,0.21046,0.21707,0.11317,0.26577,0.085008,0.13181,0.22874,0.078246,0.24205,0.097762,0.15669,0.16309,0.093789,0.080833,0.22477,0.11354,0.17606,0.074265,0.22036,0.06066,0.1287,0.062314,0.17821,0.094834,0.084429,0.084616,0.086737,0.085356,0.099111,0.10705,0.23222,0.14449
0.066078,0.11214,0.13985,0.084949,0.050712,0.18539,0.055992,0.18837,0.064511,0.20585,0.11529,0,0.14555,0.11854,0.12003,0.092002,0.13283,0.061569,0.10287,0.11104,0.065223,0.13916,0.056159,0.091296,0.075811,0.11102,0.091853,0.079485,0.07274,0.10677,0.071572,0.082924,0.065486,0.049244,0.22482,0.081934,0.079947,0.070104,0.15655,0.088075,0.050312,0.15763,0.30238,0.080253,0.080041,0.097776,0.1049,0.24699,0.073337,0.16255,0.084234,0.083537,0.099569,0.11665,0.12259,0.05718,0.16782,0.15829,0.0575,0.1376,0.081476,0.14644,0.045773,0.091537,0.093903,0.051086,0.08357,0.13547,0.083146,0.094878,0.082364,0.12372,0.097096,0.084264,0.080698,0.098171,0.18577,0.053049,0.066492,0.064653,0.11295,0.067222,0.059339,0.13152,0.066479
0.18396,0.21453,0.24121,0.14961,0.12155,0.071393,0.13858,0.093662,0.12122,0.096308,0.069535,0.14555,0,0.23884,0.056297,0.21037,0.25513,0.16971,0.1589,0.22813,0.13307,0.2611,0.12471,0.1291,0.092423,0.10962,0.11603,0.090665,0.11082,0.07013,0.16103,0.20565,0.13951,0.13184,0.10793,0.094288,0.13282,0.17959,0.052191,0.1454,0.10577,0.26511,0.42191,0.094484,0.20618,0.07029,0.073292,0.3704,0.10564,0.28512,0.20572,0.096208,0.17788,0.2375,0.2427,0.13312,0.29242,0.030845,0.16066,0.24714,0.10872,0.26983,0.13151,0.17384,0.18084,0.12445,0.11344,0.255,0.14023,0.20125,0.098187,0.2466,0.081448,0.14277,0.092285,0.20871,0.075015,0.11657,0.12147,0.12028,0.071537,0.12372,0.13561,0.25731,0.18078
0.067319,0.062947,0.081036,0.11749,0.12492,0.28023,0.12076,0.28608,0.14217,0.30211,0.21035,0.11854,0.23884,0,0.21422,0.05979,0.045069,0.089653,0.15314,0.038113,0.12305,0.041356,0.12926,0.15494,0.16998,0.19939,0.16848,0.18102,0.15005,0.19954,0.13105,0.095365,0.13,0.13095,0.32544,0.18462,0.15688,0.080005,0.24903,0.14029,0.15046,0.092612,0.21074,0.16899,0.064343,0.19479,0.20101,0.15159,0.1548,0.089667,0.056618,0.17259,0.14982,0.039708,0.038985,0.12019,0.065409,0.25074,0.094804,0.091831,0.16452,0.052072,0.12255,0.11358,0.10909,0.12599,0.16201,0.077165,0.15264,0.063076,0.163,0.045155,0.18607,0.13947,0.17159,0.1018,0.28689,0.13354,0.14065,0.14883,0.19656,0.13804,0.1338,0.06812,0.083644
0.15742,0.19301,0.22444,0.13881,0.09493,0.091674,0.10668,0.090809,0.1025,0.1047,0.043013,0.12003,0.056297,0.21422,0,0.18484,0.23193,0.14519,0.14094,0.20522,0.1088,0.23615,0.096226,0.11464,0.063871,0.087608,0.077865,0.060891,0.08643,0.05554,0.13945,0.17755,0.11105,0.10013,0.12072,0.07382,0.11355,0.15849,0.080888,0.1098,0.078775,0.2513,0.39973,0.060759,0.18154,0.04403,0.050901,0.35116,0.075124,0.26159,0.18314,0.060212,0.15062,0.21354,0.21953,0.11352,0.26887,0.065166,0.13571,0.23403,0.079748,0.24573,0.10099,0.15281,0.15931,0.095613,0.078242,0.2335,0.11067,0.17547,0.073979,0.22151,0.063959,0.12704,0.064898,0.18495,0.087034,0.089195,0.091155,0.09245,0.077177,0.10084,0.11433,0.23853,0.14976
0.057198,0.069069,0.097628,0.089396,0.10192,0.24848,0.099272,0.2567,0.11204,0.27122,0.18278,0.092002,0.21037,0.05979,0.18484,0,0.077616,0.068446,0.1269,0.062813,0.10105,0.075268,0.1065,0.12507,0.14774,0.16932,0.14716,0.15435,0.12374,0.172,0.10362,0.073068,0.10739,0.10042,0.292,0.15212,0.1267,0.067812,0.21972,0.11784,0.1196,0.10004,0.23595,0.14209,0.049243,0.17036,0.17048,0.182,0.13166,0.10803,0.050168,0.14398,0.126,0.067266,0.070533,0.093738,0.10156,0.22032,0.079103,0.099476,0.14332,0.08961,0.097972,0.09925,0.096843,0.10194,0.13505,0.092803,0.11046,0.067577,0.14021,0.067903,0.15653,0.10492,0.14303,0.076175,0.2507,0.10883,0.11629,0.1226,0.16746,0.10961,0.10935,0.085287,0.070222
0.081517,0.071752,0.09062,0.13516,0.14156,0.29805,0.13772,0.30483,0.15946,0.32117,0.22828,0.13283,0.25513,0.045069,0.23193,0.077616,0,0.10983,0.15684,0.047871,0.13442,0.029781,0.14623,0.17221,0.18571,0.21228,0.18765,0.19699,0.17191,0.21405,0.14168,0.10829,0.13938,0.14802,0.34217,0.19911,0.17485,0.10106,0.26733,0.16186,0.16759,0.091909,0.1908,0.18699,0.07777,0.21233,0.21744,0.13174,0.17594,0.086568,0.066544,0.1886,0.16045,0.049519,0.051051,0.13451,0.063466,0.26738,0.10868,0.094143,0.18005,0.04815,0.13961,0.13095,0.12578,0.14276,0.18112,0.082783,0.16764,0.075515,0.18337,0.043077,0.20286,0.15293,0.19089,0.10405,0.30375,0.1523,0.16063,0.16754,0.21386,0.15839,0.1482,0.06409,0.097114
0.05041,0.084234,0.1029,0.079014,0.066015,0.21021,0.069103,0.22081,0.097919,0.23128,0.1438,0.061569,0.16971,0.089653,0.14519,0.068446,0.10983,0,0.10507,0.084537,0.066973,0.11136,0.067073,0.11391,0.10871,0.13394,0.10922,0.1099,0.095522,0.13276,0.087345,0.080457,0.074361,0.079731,0.25177,0.11564,0.10984,0.059153,0.18172,0.093077,0.082306,0.13289,0.28651,0.10454,0.064905,0.12678,0.12699,0.22234,0.097973,0.14235,0.067008,0.10604,0.12914,0.089639,0.093967,0.06412,0.13501,0.17999,0.067053,0.11657,0.10119,0.11854,0.062287,0.10399,0.10471,0.067239,0.1031,0.11926,0.096731,0.078846,0.10142,0.097173,0.11553,0.098966,0.099226,0.095588,0.21605,0.069853,0.081215,0.080778,0.12673,0.080237,0.079164,0.11333,0.065258
0.1151,0.1351,0.17143,0.10947,0.094628,0.20252,0.11058,0.21642,0.098416,0.21938,0.15013,0.10287,0.1589,0.15314,0.14094,0.1269,0.15684,0.10507,0,0.14149,0.090567,0.16441,0.10897,0.13568,0.11598,0.15252,0.13503,0.12562,0.12806,0.13608,0.0952,0.13225,0.095578,0.098014,0.23943,0.11692,0.11349,0.11089,0.16503,0.13583,0.10307,0.16635,0.31676,0.11544,0.12503,0.13663,0.13611,0.26206,0.12476,0.19091,0.11671,0.12366,0.13469,0.14746,0.1517,0.097415,0.19429,0.16351,0.099413,0.16318,0.12087,0.18052,0.11,0.13067,0.1328,0.1053,0.1276,0.16271,0.1229,0.12821,0.12789,0.1478,0.1297,0.1046,0.12707,0.11789,0.19397,0.11451,0.12663,0.12403,0.11716,0.12515,0.098143,0.16872,0.10787
0.061862,0.053608,0.078383,0.1075,0.116,0.27147,0.11262,0.27898,0.13284,0.29644,0.20284,0.11104,0.22813,0.038113,0.20522,0.062813,0.047871,0.084537,0.14149,0,0.11445,0.045026,0.12152,0.15073,0.16217,0.19119,0.1639,0.17281,0.1457,0.18932,0.11973,0.09184,0.12259,0.12371,0.31631,0.17416,0.14711,0.075314,0.23771,0.13411,0.14134,0.089508,0.21087,0.16016,0.068501,0.18709,0.19475,0.161,0.14587,0.097275,0.062168,0.16606,0.13895,0.036112,0.039303,0.11427,0.077156,0.23776,0.084427,0.076895,0.15734,0.062778,0.11721,0.12168,0.118,0.11727,0.15324,0.07682,0.14353,0.050085,0.15509,0.048656,0.1808,0.13019,0.16728,0.10153,0.27839,0.12907,0.13679,0.14635,0.18532,0.13039,0.12845,0.068177,0.077342
0.066531,0.10789,0.13904,0.078219,0.038029,0.17825,0.045516,0.18178,0.076642,0.19459,0.11058,0.065223,0.13307,0.12305,0.1088,0.10105,0.13442,0.066973,0.090567,0.11445,0,0.1398,0.041932,0.091797,0.077208,0.10698,0.081708,0.079242,0.074094,0.094231,0.087569,0.11139,0.045778,0.056209,0.2162,0.09112,0.09073,0.078031,0.15013,0.081224,0.05956,0.16761,0.30764,0.076159,0.096923,0.094084,0.091756,0.25487,0.0767,0.17175,0.091038,0.071216,0.10944,0.12473,0.13038,0.037716,0.17528,0.14408,0.067443,0.15044,0.06503,0.15465,0.045957,0.095757,0.09867,0.041935,0.077679,0.14439,0.091347,0.088541,0.077173,0.12451,0.080899,0.088935,0.07046,0.096011,0.1812,0.050632,0.059307,0.059528,0.096451,0.063559,0.061635,0.1485,0.071345
0.084639,0.073265,0.089343,0.13672,0.14577,0.30193,0.13894,0.30771,0.16445,0.32461,0.23272,0.13916,0.2611,0.041356,0.23615,0.075268,0.029781,0.11136,0.16441,0.045026,0.1398,0,0.1497,0.17623,0.19143,0.21563,0.18905,0.20178,0.17522,0.22103,0.14482,0.10596,0.14396,0.15034,0.34589,0.2032,0.17679,0.1019,0.27142,0.15937,0.17066,0.091111,0.18453,0.19009,0.081826,0.21797,0.22265,0.13495,0.17877,0.082531,0.074679,0.19186,0.16236,0.050241,0.050255,0.14132,0.052174,0.2716,0.11325,0.09247,0.18516,0.045367,0.14452,0.13622,0.13124,0.14702,0.18233,0.079488,0.16851,0.0715,0.18583,0.039878,0.20881,0.1577,0.1946,0.10619,0.30874,0.15649,0.1633,0.17075,0.21837,0.15853,0.15458,0.066465,0.09993
0.070676,0.11968,0.14554,0.088457,0.031861,0.16791,0.032062,0.16571,0.071186,0.18185,0.09614,0.056159,0.12471,0.12926,0.096226,0.1065,0.14623,0.067073,0.10897,0.12152,0.041932,0.1497,0,0.084709,0.06134,0.091147,0.063961,0.063446,0.06083,0.08332,0.079221,0.11087,0.04799,0.051077,0.20219,0.080757,0.081779,0.086294,0.14439,0.07312,0.044909,0.18017,0.3197,0.059427,0.09723,0.076074,0.079795,0.2678,0.05704,0.18436,0.10169,0.053752,0.10631,0.13185,0.13782,0.042819,0.18282,0.13634,0.06683,0.15771,0.050606,0.16207,0.028474,0.098286,0.10187,0.031204,0.054139,0.15283,0.075339,0.093192,0.051191,0.13665,0.072819,0.095373,0.061363,0.10779,0.17017,0.028606,0.038142,0.052085,0.095649,0.056386,0.0611,0.154,0.074295
0.11498,0.14411,0.17252,0.10096,0.08333,0.17045,0.083058,0.16669,0.08685,0.18317,0.10423,0.091296,0.1291,0.15494,0.11464,0.12507,0.17221,0.11391,0.13568,0.15073,0.091797,0.17623,0.084709,0,0.087694,0.096457,0.086048,0.099839,0.079238,0.10704,0.10505,0.13679,0.10677,0.084698,0.19912,0.096179,0.077048,0.11887,0.14597,0.1072,0.073301,0.19323,0.32879,0.085959,0.12387,0.10251,0.10518,0.28376,0.090172,0.19854,0.12638,0.090577,0.12908,0.16359,0.1677,0.078753,0.20568,0.14143,0.10127,0.17824,0.097215,0.18448,0.080988,0.11392,0.11787,0.081851,0.076475,0.17201,0.088877,0.12935,0.081769,0.17078,0.087409,0.098409,0.092904,0.11947,0.16622,0.074645,0.0816,0.087549,0.11581,0.077667,0.10221,0.17439,0.10939
0.11502,0.15117,0.1865,0.11451,0.060188,0.12956,0.070133,0.12871,0.076679,0.14628,0.061981,0.075811,0.092423,0.16998,0.063871,0.14774,0.18571,0.10871,0.11598,0.16217,0.077208,0.19143,0.06134,0.087694,0,0.073422,0.054856,0.048906,0.062742,0.068842,0.10348,0.14315,0.072952,0.071256,0.16688,0.063631,0.08154,0.12006,0.11474,0.091375,0.045334,0.21383,0.35852,0.05,0.13424,0.044874,0.063989,0.30556,0.05312,0.22266,0.14018,0.045094,0.12896,0.17206,0.1781,0.079942,0.22455,0.10878,0.090658,0.19568,0.052057,0.20028,0.062864,0.11959,0.12503,0.063041,0.06172,0.19258,0.090797,0.13502,0.055617,0.1807,0.066098,0.1124,0.058333,0.14407,0.13288,0.052141,0.067752,0.067472,0.092169,0.075181,0.077867,0.19063,0.10578
0.14301,0.17742,0.20838,0.14067,0.10353,0.13256,0.097616,0.12975,0.11966,0.1451,0.078413,0.11102,0.10962,0.19939,0.087608,0.16932,0.21228,0.13394,0.15252,0.19119,0.10698,0.21563,0.091147,0.096457,0.073422,0,0.073993,0.077932,0.10091,0.096405,0.13525,0.16789,0.10652,0.1097,0.15469,0.090239,0.1043,0.15247,0.13383,0.12329,0.076727,0.24243,0.37826,0.083299,0.15582,0.076242,0.073894,0.33196,0.088269,0.24136,0.16768,0.063639,0.15744,0.20116,0.20744,0.11064,0.246,0.12121,0.13164,0.21935,0.085254,0.22429,0.094534,0.15275,0.15793,0.096135,0.080411,0.21657,0.095386,0.16534,0.081046,0.20722,0.084466,0.14286,0.082845,0.16146,0.13544,0.085334,0.091286,0.09152,0.11341,0.08851,0.11372,0.20943,0.13679
0.11508,0.15373,0.18572,0.12418,0.072993,0.15058,0.062593,0.13855,0.10184,0.15329,0.072719,0.091853,0.11603,0.16848,0.077865,0.14716,0.18765,0.10922,0.13503,0.1639,0.081708,0.18905,0.063961,0.086048,0.054856,0.073993,0,0.067103,0.078481,0.087799,0.11429,0.14407,0.08712,0.078611,0.1745,0.084916,0.097587,0.12558,0.13876,0.085296,0.062279,0.22017,0.35741,0.064502,0.13807,0.065126,0.073185,0.30777,0.066078,0.21892,0.14133,0.046698,0.13934,0.17341,0.17938,0.085785,0.21999,0.1266,0.10127,0.19991,0.066594,0.19603,0.067187,0.12691,0.13152,0.07188,0.043315,0.1928,0.09362,0.13159,0.055552,0.18081,0.070417,0.12103,0.06121,0.14284,0.15157,0.058565,0.056946,0.065338,0.11111,0.078138,0.10305,0.19729,0.10891
0.12134,0.16656,0.19014,0.11843,0.06572,0.13027,0.073968,0.12112,0.089038,0.13587,0.064461,0.079485,0.090665,0.18102,0.060891,0.15435,0.19699,0.1099,0.12562,0.17281,0.079242,0.20178,0.063446,0.099839,0.048906,0.077932,0.067103,0,0.067576,0.058393,0.11516,0.14677,0.081333,0.075732,0.15545,0.047485,0.091934,0.12938,0.10976,0.084103,0.046309,0.22447,0.36952,0.050766,0.14412,0.044221,0.047246,0.31529,0.070348,0.22621,0.14872,0.046264,0.13194,0.18056,0.18606,0.079124,0.23306,0.10215,0.1116,0.20003,0.048618,0.21199,0.064326,0.1293,0.13451,0.066221,0.065677,0.19756,0.097385,0.14506,0.058446,0.18621,0.055005,0.11328,0.045625,0.15126,0.12615,0.056418,0.060467,0.057678,0.083331,0.075087,0.08079,0.20001,0.11736
0.10294,0.14117,0.16473,0.091305,0.052751,0.14329,0.07078,0.14628,0.06652,0.16671,0.081198,0.07274,0.11082,0.15005,0.08643,0.12374,0.17191,0.095522,0.12806,0.1457,0.074094,0.17522,0.06083,0.079238,0.062742,0.10091,0.078481,0.067576,0,0.077069,0.10256,0.1244,0.07448,0.058816,0.18677,0.082646,0.077903,0.10099,0.12922,0.067725,0.053024,0.19745,0.33653,0.056938,0.11981,0.078693,0.08189,0.28222,0.060205,0.19951,0.12508,0.064464,0.11164,0.1542,0.15944,0.068333,0.20606,0.12601,0.090072,0.17886,0.066518,0.18405,0.05994,0.10781,0.11261,0.050078,0.074423,0.16739,0.080922,0.12319,0.068166,0.16321,0.069752,0.092351,0.059178,0.12838,0.14967,0.050088,0.060235,0.062277,0.094224,0.069957,0.065188,0.17397,0.090872
0.14123,0.18306,0.20705,0.12783,0.081755,0.11204,0.094737,0.11147,0.091614,0.12722,0.060796,0.10677,0.07013,0.19954,0.05554,0.172,0.21405,0.13276,0.13608,0.18932,0.094231,0.22103,0.08332,0.10704,0.068842,0.096405,0.087799,0.058393,0.077069,0,0.12471,0.16753,0.10208,0.094098,0.14088,0.071404,0.10132,0.14303,0.092206,0.1059,0.073588,0.23873,0.38376,0.068527,0.16833,0.046563,0.049383,0.32926,0.081853,0.2493,0.16611,0.065766,0.13951,0.19862,0.20428,0.091078,0.25353,0.084164,0.12569,0.21278,0.075898,0.23048,0.087349,0.14809,0.15375,0.080496,0.075639,0.21775,0.10319,0.16284,0.063663,0.20654,0.043913,0.11322,0.060506,0.16808,0.10776,0.079688,0.081022,0.08028,0.076113,0.10248,0.095373,0.22321,0.13516
0.092418,0.13392,0.15358,0.10036,0.075155,0.19934,0.083982,0.20495,0.080589,0.22239,0.13475,0.071572,0.16103,0.13105,0.13945,0.10362,0.14168,0.087345,0.0952,0.11973,0.087569,0.14482,0.079221,0.10505,0.10348,0.13525,0.11429,0.11516,0.10256,0.12471,0,0.09229,0.077192,0.071652,0.23729,0.11265,0.089278,0.088733,0.17009,0.11669,0.082689,0.15864,0.29882,0.096703,0.10414,0.125,0.12823,0.25266,0.10011,0.17867,0.1043,0.11092,0.098995,0.1289,0.13441,0.084514,0.17666,0.16979,0.073065,0.14357,0.10355,0.16011,0.083533,0.12142,0.12319,0.079493,0.10182,0.14126,0.089016,0.10721,0.10339,0.13208,0.11654,0.10417,0.11217,0.087995,0.1971,0.08861,0.098645,0.098748,0.12318,0.10295,0.076672,0.14659,0.086761
0.076467,0.11321,0.1268,0.10141,0.1006,0.241,0.10214,0.24853,0.11163,0.26822,0.17374,0.082924,0.20565,0.095365,0.17755,0.073068,0.10829,0.080457,0.13225,0.09184,0.11139,0.10596,0.11087,0.13679,0.14315,0.16789,0.14407,0.14677,0.1244,0.16753,0.09229,0,0.10652,0.091735,0.28277,0.14547,0.13563,0.069867,0.20944,0.11818,0.11416,0.11983,0.252,0.1292,0.085106,0.16458,0.16856,0.20655,0.12658,0.11402,0.076534,0.14223,0.11345,0.085906,0.090769,0.11114,0.12656,0.21513,0.087807,0.11256,0.14724,0.10931,0.10348,0.10981,0.10864,0.099699,0.13651,0.10843,0.11232,0.09038,0.13798,0.089656,0.15563,0.10502,0.13825,0.098235,0.24378,0.1118,0.11751,0.11625,0.16313,0.11524,0.10916,0.10897,0.079498
0.076977,0.11978,0.1474,0.097532,0.046196,0.17389,0.060485,0.17963,0.084461,0.19605,0.10976,0.065486,0.13951,0.13,0.11105,0.10739,0.13938,0.074361,0.095578,0.12259,0.045778,0.14396,0.04799,0.10677,0.072952,0.10652,0.08712,0.081333,0.07448,0.10208,0.077192,0.10652,0,0.059655,0.21559,0.095037,0.0987,0.089852,0.15895,0.084909,0.063802,0.17633,0.31272,0.074288,0.099179,0.098347,0.096895,0.26011,0.081533,0.18177,0.10296,0.070431,0.10934,0.13143,0.13822,0.064155,0.1822,0.15292,0.068543,0.16394,0.061651,0.16095,0.053702,0.10487,0.10793,0.050522,0.089531,0.15068,0.088681,0.099253,0.088488,0.13056,0.092043,0.1062,0.078084,0.098454,0.18052,0.054848,0.071634,0.067184,0.11056,0.078187,0.053245,0.1514,0.07165
0.078207,0.125,0.16018,0.084052,0.041703,0.17169,0.047045,0.16904,0.049241,0.18843,0.10252,0.049244,0.13184,0.13095,0.10013,0.10042,0.14802,0.079731,0.098014,0.12371,0.056209,0.15034,0.051077,0.084698,0.071256,0.1097,0.078611,0.075732,0.058816,0.094098,0.071652,0.091735,0.059655,0,0.2084,0.07812,0.072144,0.078069,0.14339,0.069641,0.044295,0.17221,0.30858,0.059459,0.10041,0.090503,0.093517,0.26335,0.06068,0.17459,0.098271,0.068965,0.077484,0.13113,0.13692,0.059039,0.18353,0.14134,0.061997,0.1562,0.075239,0.16254,0.051695,0.082493,0.086275,0.041356,0.067626,0.14587,0.07492,0.095629,0.071413,0.13351,0.087508,0.070723,0.070821,0.10202,0.16931,0.054213,0.060436,0.064726,0.099233,0.065825,0.065293,0.15583,0.070997
0.26721,0.30351,0.32904,0.24255,0.20538,0.089319,0.21254,0.065501,0.20746,0.052802,0.12898,0.22482,0.10793,0.32544,0.12072,0.292,0.34217,0.25177,0.23943,0.31631,0.2162,0.34589,0.20219,0.19912,0.16688,0.15469,0.1745,0.15545,0.18677,0.14088,0.23729,0.28277,0.21559,0.2084,0,0.15781,0.20056,0.26824,0.12301,0.20966,0.18072,0.36012,0.50775,0.16567,0.28635,0.1405,0.13402,0.45888,0.18697,0.36986,0.29113,0.15983,0.24736,0.32647,0.33192,0.21604,0.37775,0.10386,0.24706,0.33777,0.17826,0.35539,0.20858,0.25534,0.2624,0.20477,0.17582,0.33959,0.2024,0.28531,0.1704,0.33316,0.15077,0.22518,0.16396,0.28301,0.068736,0.1947,0.19477,0.19078,0.16262,0.20352,0.21572,0.3445,0.25824
0.12808,0.16528,0.19586,0.12115,0.076316,0.1332,0.082778,0.12874,0.083068,0.14145,0.07868,0.081934,0.094288,0.18462,0.07382,0.15212,0.19911,0.11564,0.11692,0.17416,0.09112,0.2032,0.080757,0.096179,0.063631,0.090239,0.084916,0.047485,0.082646,0.071404,0.11265,0.14547,0.095037,0.07812,0.15781,0,0.084594,0.13236,0.10304,0.097155,0.048834,0.21668,0.36587,0.06706,0.14701,0.059935,0.066013,0.31631,0.084232,0.22957,0.14928,0.061983,0.12961,0.18535,0.19043,0.087263,0.23549,0.10157,0.10955,0.19666,0.077887,0.21498,0.079739,0.12984,0.1355,0.081189,0.070725,0.1998,0.099709,0.14811,0.068348,0.19004,0.072354,0.096176,0.065938,0.15241,0.12394,0.071728,0.08164,0.075454,0.086953,0.082465,0.094475,0.2025,0.12341
0.11234,0.14533,0.18038,0.10519,0.080072,0.16683,0.07833,0.16263,0.064841,0.18093,0.10842,0.079947,0.13282,0.15688,0.11355,0.1267,0.17485,0.10984,0.11349,0.14711,0.09073,0.17679,0.081779,0.077048,0.08154,0.1043,0.097587,0.091934,0.077903,0.10132,0.089278,0.13563,0.0987,0.072144,0.20056,0.084594,0,0.10678,0.14011,0.10221,0.061365,0.19676,0.32914,0.085573,0.12002,0.098262,0.10321,0.28445,0.082352,0.20496,0.12831,0.091382,0.10412,0.16077,0.16496,0.081647,0.20706,0.14058,0.092065,0.16979,0.089632,0.1914,0.082528,0.12139,0.12504,0.076927,0.078365,0.16429,0.085337,0.12779,0.079584,0.16695,0.099464,0.10028,0.096461,0.11881,0.1607,0.08374,0.091421,0.096219,0.10747,0.086721,0.080043,0.17184,0.096441
0.049579,0.082957,0.10617,0.064395,0.074782,0.21864,0.078616,0.23139,0.083217,0.24681,0.15378,0.070104,0.17959,0.080005,0.15849,0.067812,0.10106,0.059153,0.11089,0.075314,0.078031,0.1019,0.086294,0.11887,0.12006,0.15247,0.12558,0.12938,0.10099,0.14303,0.088733,0.069867,0.089852,0.078069,0.26824,0.13236,0.10678,0,0.1835,0.10803,0.095443,0.11435,0.26196,0.11835,0.07128,0.14025,0.14639,0.20789,0.10051,0.12343,0.05518,0.12294,0.10997,0.075421,0.080304,0.077291,0.12662,0.19027,0.059412,0.094359,0.12326,0.10989,0.08192,0.092331,0.092453,0.076091,0.11788,0.097669,0.10909,0.068756,0.11207,0.084845,0.13217,0.089048,0.11587,0.089247,0.22579,0.089678,0.094517,0.098428,0.13182,0.091215,0.080354,0.10147,0.059332
0.19616,0.22632,0.24962,0.15372,0.13541,0.083957,0.15305,0.11038,0.12455,0.1147,0.091394,0.15655,0.052191,0.24903,0.080888,0.21972,0.26733,0.18172,0.16503,0.23771,0.15013,0.27142,0.14439,0.14597,0.11474,0.13383,0.13876,0.10976,0.12922,0.092206,0.17009,0.20944,0.15895,0.14339,0.12301,0.10304,0.14011,0.1835,0,0.16099,0.11961,0.266,0.42665,0.11284,0.21987,0.091838,0.10087,0.38062,0.1201,0.29043,0.21631,0.11977,0.18173,0.24616,0.25082,0.1502,0.30127,0.048125,0.17322,0.2484,0.13511,0.28127,0.1491,0.18686,0.194,0.14089,0.13045,0.26152,0.15377,0.21284,0.1142,0.25533,0.10462,0.14626,0.1113,0.21948,0.080952,0.13626,0.13862,0.13399,0.074106,0.13414,0.14563,0.26577,0.19302
0.095174,0.13367,0.16257,0.10466,0.067656,0.1788,0.065522,0.16989,0.098851,0.18859,0.11482,0.088075,0.1454,0.14029,0.1098,0.11784,0.16186,0.093077,0.13583,0.13411,0.081224,0.15937,0.07312,0.1072,0.091375,0.12329,0.085296,0.084103,0.067725,0.1059,0.11669,0.11818,0.084909,0.069641,0.20966,0.097155,0.10221,0.10803,0.16099,0,0.074185,0.19515,0.32442,0.076293,0.12151,0.10568,0.10574,0.2719,0.08787,0.18848,0.12479,0.086557,0.12655,0.14253,0.14631,0.082665,0.18958,0.15391,0.096153,0.17242,0.084795,0.16983,0.065901,0.11372,0.11616,0.062842,0.080707,0.16714,0.091726,0.10665,0.085697,0.14857,0.099359,0.10677,0.082294,0.13601,0.18181,0.068998,0.071088,0.077635,0.12824,0.083495,0.094834,0.17539,0.08713
0.093452,0.1357,0.16706,0.089135,0.042322,0.14568,0.048736,0.14611,0.059265,0.16235,0.077792,0.050312,0.10577,0.15046,0.078775,0.1196,0.16759,0.082306,0.10307,0.14134,0.05956,0.17066,0.044909,0.073301,0.045334,0.076727,0.062279,0.046309,0.053024,0.073588,0.082689,0.11416,0.063802,0.044295,0.18072,0.048834,0.061365,0.095443,0.11961,0.074185,0,0.18993,0.33631,0.043974,0.11233,0.062054,0.066198,0.28541,0.052326,0.19664,0.11692,0.047491,0.10796,0.15096,0.15637,0.057669,0.20179,0.11661,0.077418,0.16841,0.05754,0.18105,0.045104,0.10436,0.10932,0.04167,0.052431,0.16737,0.069275,0.11603,0.048949,0.15708,0.063631,0.084623,0.049385,0.11986,0.14506,0.038232,0.052203,0.049843,0.081958,0.051818,0.062889,0.16872,0.087594
0.12461,0.099788,0.10372,0.13124,0.16857,0.30738,0.1738,0.32875,0.17053,0.34041,0.24878,0.15763,0.26511,0.092612,0.2513,0.10004,0.091909,0.13289,0.16635,0.089508,0.16761,0.091111,0.18017,0.19323,0.21383,0.24243,0.22017,0.22447,0.19745,0.23873,0.15864,0.11983,0.17633,0.17221,0.36012,0.21668,0.19676,0.11435,0.266,0.19515,0.18993,0,0.19723,0.21124,0.1203,0.23605,0.24195,0.14897,0.19585,0.10038,0.10275,0.21858,0.18536,0.083263,0.081335,0.1642,0.093839,0.27353,0.13512,0.077165,0.21563,0.094904,0.17376,0.15487,0.15153,0.17429,0.21005,0.10577,0.19092,0.11831,0.20834,0.088655,0.22612,0.15541,0.21295,0.13964,0.3144,0.18154,0.18949,0.19398,0.21615,0.17504,0.17479,0.089947,0.14364
0.2578,0.23588,0.23603,0.29045,0.3137,0.46281,0.30723,0.46726,0.31467,0.49054,0.39633,0.30238,0.42191,0.21074,0.39973,0.23595,0.1908,0.28651,0.31676,0.21087,0.30764,0.18453,0.3197,0.32879,0.35852,0.37826,0.35741,0.36952,0.33653,0.38376,0.29882,0.252,0.31272,0.30858,0.50775,0.36587,0.32914,0.26196,0.42665,0.32442,0.33631,0.19723,0,0.35274,0.2468,0.38537,0.39168,0.13888,0.33866,0.17379,0.23884,0.35891,0.28339,0.20948,0.20717,0.3094,0.17481,0.42962,0.2776,0.21608,0.35427,0.18954,0.3164,0.28464,0.27826,0.31372,0.34595,0.1962,0.32535,0.23693,0.3522,0.19916,0.37701,0.30181,0.36427,0.25162,0.46732,0.3284,0.3318,0.34094,0.37517,0.32123,0.31843,0.19666,0.26542
0.11553,0.1586,0.18695,0.10604,0.055263,0.13643,0.069551,0.13159,0.074672,0.15143,0.069576,0.080253,0.094484,0.16899,0.060759,0.14209,0.18699,0.10454,0.11544,0.16016,0.076159,0.19009,0.059427,0.085959,0.05,0.083299,0.064502,0.050766,0.056938,0.068527,0.096703,0.1292,0.074288,0.059459,0.16567,0.06706,0.085573,0.11835,0.11284,0.076293,0.043974,0.21124,0.35274,0,0.13694,0.061465,0.066834,0.30517,0.054662,0.21357,0.14033,0.053533,0.11414,0.16841,0.17368,0.081338,0.22152,0.10457,0.099574,0.19321,0.059693,0.19979,0.065341,0.11761,0.12274,0.053236,0.060059,0.18713,0.078698,0.13341,0.055209,0.17509,0.064804,0.10174,0.05825,0.14204,0.13404,0.056485,0.065745,0.066254,0.080444,0.072332,0.079351,0.192,0.10569
0.050374,0.073053,0.10388,0.10088,0.098188,0.24614,0.092977,0.24993,0.11235,0.26413,0.17886,0.080041,0.20618,0.064343,0.18154,0.049243,0.07777,0.064905,0.12503,0.068501,0.096923,0.081826,0.09723,0.12387,0.13424,0.15582,0.13807,0.14412,0.11981,0.16833,0.10414,0.085106,0.099179,0.10041,0.28635,0.14701,0.12002,0.07128,0.21987,0.12151,0.11233,0.1203,0.2468,0.13694,0,0.16162,0.16428,0.18472,0.12636,0.11445,0.044502,0.13527,0.12797,0.073797,0.077537,0.087967,0.10449,0.21824,0.076745,0.10926,0.13217,0.089591,0.091536,0.094703,0.092046,0.098176,0.13053,0.094624,0.11217,0.06833,0.13269,0.076639,0.15343,0.11768,0.14015,0.076007,0.24855,0.10158,0.1127,0.11885,0.16749,0.10869,0.10232,0.07315,0.062468
0.137,0.17596,0.20573,0.13071,0.07994,0.10941,0.086449,0.10597,0.091598,0.12079,0.045236,0.097776,0.07029,0.19479,0.04403,0.17036,0.21233,0.12678,0.13663,0.18709,0.094084,0.21797,0.076074,0.10251,0.044874,0.076242,0.065126,0.044221,0.078693,0.046563,0.125,0.16458,0.098347,0.090503,0.1405,0.059935,0.098262,0.14025,0.091838,0.10568,0.062054,0.23605,0.38537,0.061465,0.16162,0,0.04013,0.33291,0.063271,0.24704,0.16327,0.048429,0.14327,0.19585,0.20169,0.094214,0.24977,0.086079,0.11655,0.21371,0.063672,0.22636,0.079389,0.13756,0.14381,0.079745,0.063605,0.21653,0.10671,0.15893,0.050384,0.20425,0.052758,0.12017,0.050627,0.17018,0.1093,0.067846,0.072039,0.073087,0.07935,0.086699,0.097151,0.21785,0.13335
0.1423,0.18321,0.2115,0.13239,0.087375,0.10788,0.093315,0.10595,0.10326,0.113,0.05631,0.1049,0.073292,0.20101,0.050901,0.17048,0.21744,0.12699,0.13611,0.19475,0.091756,0.22265,0.079795,0.10518,0.063989,0.073894,0.073185,0.047246,0.08189,0.049383,0.12823,0.16856,0.096895,0.093517,0.13402,0.066013,0.10321,0.14639,0.10087,0.10574,0.066198,0.24195,0.39168,0.066834,0.16428,0.04013,0,0.33524,0.080281,0.25009,0.16647,0.050844,0.14997,0.20251,0.20792,0.092567,0.25377,0.087755,0.12797,0.22024,0.062558,0.23207,0.083731,0.14108,0.14723,0.083769,0.074263,0.2213,0.10412,0.16706,0.06588,0.20686,0.039515,0.12414,0.040659,0.16664,0.10608,0.072948,0.076311,0.069705,0.077851,0.09063,0.098362,0.22345,0.14006
0.20237,0.18163,0.17434,0.23798,0.26123,0.41219,0.25956,0.42233,0.27068,0.4368,0.34766,0.24699,0.3704,0.15159,0.35116,0.182,0.13174,0.22234,0.26206,0.161,0.25487,0.13495,0.2678,0.28376,0.30556,0.33196,0.30777,0.31529,0.28222,0.32926,0.25266,0.20655,0.26011,0.26335,0.45888,0.31631,0.28445,0.20789,0.38062,0.2719,0.28541,0.14897,0.13888,0.30517,0.18472,0.33291,0.33524,0,0.29449,0.13015,0.17616,0.30962,0.26492,0.15098,0.14593,0.24907,0.10748,0.38258,0.22942,0.16197,0.30114,0.1226,0.26012,0.23563,0.22904,0.26165,0.30111,0.15736,0.27639,0.19374,0.30228,0.14771,0.3176,0.25611,0.30704,0.20497,0.41831,0.27236,0.27903,0.28358,0.32668,0.2777,0.26108,0.14176,0.2129
0.10346,0.13771,0.17333,0.096354,0.059023,0.14295,0.064658,0.14751,0.062359,0.16874,0.076066,0.073337,0.10564,0.1548,0.075124,0.13166,0.17594,0.097973,0.12476,0.14587,0.0767,0.17877,0.05704,0.090172,0.05312,0.088269,0.066078,0.070348,0.060205,0.081853,0.10011,0.12658,0.081533,0.06068,0.18697,0.084232,0.082352,0.10051,0.1201,0.08787,0.052326,0.19585,0.33866,0.054662,0.12636,0.063271,0.080281,0.29449,0,0.20481,0.13055,0.060022,0.10862,0.15391,0.16028,0.081328,0.20928,0.11695,0.080084,0.17749,0.068711,0.18654,0.061717,0.10914,0.11426,0.053948,0.059684,0.17601,0.083199,0.12092,0.054861,0.16471,0.081345,0.10065,0.063805,0.14199,0.1497,0.055579,0.060778,0.072459,0.085299,0.057207,0.081306,0.17688,0.099906
0.12249,0.12222,0.11654,0.15021,0.17622,0.3277,0.1728,0.33431,0.18776,0.35056,0.2576,0.16255,0.28512,0.089667,0.26159,0.10803,0.086568,0.14235,0.19091,0.097275,0.17175,0.082531,0.18436,0.19854,0.22266,0.24136,0.21892,0.22621,0.19951,0.2493,0.17867,0.11402,0.18177,0.17459,0.36986,0.22957,0.20496,0.12343,0.29043,0.18848,0.19664,0.10038,0.17379,0.21357,0.11445,0.24704,0.25009,0.13015,0.20481,0,0.10056,0.22206,0.18039,0.079555,0.077143,0.17119,0.070434,0.29428,0.15534,0.10323,0.21939,0.075863,0.1767,0.15485,0.14929,0.17545,0.21427,0.079853,0.19567,0.11823,0.21578,0.07593,0.23418,0.17217,0.21936,0.13348,0.33092,0.18775,0.18907,0.19555,0.23615,0.18221,0.18181,0.079149,0.13443
0.043659,0.070629,0.098585,0.091938,0.095621,0.24975,0.092653,0.25615,0.10988,0.26868,0.18003,0.084234,0.20572,0.056618,0.18314,0.050168,0.066544,0.067008,0.11671,0.062168,0.091038,0.074679,0.10169,0.12638,0.14018,0.16768,0.14133,0.14872,0.12508,0.16611,0.1043,0.076534,0.10296,0.098271,0.29113,0.14928,0.12831,0.05518,0.21631,0.12479,0.11692,0.10275,0.23884,0.14033,0.044502,0.16327,0.16647,0.17616,0.13055,0.10056,0,0.13999,0.12661,0.060306,0.064031,0.083995,0.098537,0.21769,0.072316,0.092536,0.14,0.080323,0.094686,0.085908,0.082751,0.097475,0.13392,0.084933,0.12408,0.059825,0.13347,0.062145,0.15146,0.10051,0.13962,0.075974,0.25128,0.10518,0.11189,0.11853,0.16246,0.11468,0.10501,0.080962,0.062498
0.11333,0.15406,0.18521,0.11679,0.061925,0.12958,0.063085,0.12513,0.085356,0.1403,0.060926,0.083537,0.096208,0.17259,0.060212,0.14398,0.1886,0.10604,0.12366,0.16606,0.071216,0.19186,0.053752,0.090577,0.045094,0.063639,0.046698,0.046264,0.064464,0.065766,0.11092,0.14223,0.070431,0.068965,0.15983,0.061983,0.091382,0.12294,0.11977,0.086557,0.047491,0.21858,0.35891,0.053533,0.13527,0.048429,0.050844,0.30962,0.060022,0.22206,0.13999,0,0.12545,0.17577,0.1824,0.076254,0.22585,0.10816,0.099263,0.19981,0.054789,0.20287,0.061807,0.12046,0.1262,0.062294,0.04941,0.19247,0.083837,0.13414,0.050585,0.18048,0.056811,0.10603,0.045785,0.14025,0.13051,0.048974,0.053897,0.058319,0.08893,0.07043,0.085305,0.19528,0.1079
0.1143,0.15475,0.18437,0.12764,0.10192,0.21423,0.10275,0.20432,0.082934,0.23358,0.15291,0.099569,0.17788,0.14982,0.15062,0.126,0.16045,0.12914,0.13469,0.13895,0.10944,0.16236,0.10631,0.12908,0.12896,0.15744,0.13934,0.13194,0.11164,0.13951,0.098995,0.11345,0.10934,0.077484,0.24736,0.12961,0.10412,0.10997,0.18173,0.12655,0.10796,0.18536,0.28339,0.11414,0.12797,0.14327,0.14997,0.26492,0.10862,0.18039,0.12661,0.12545,0,0.14923,0.15532,0.11453,0.19716,0.1831,0.10291,0.17092,0.1269,0.18061,0.11347,0.11642,0.1177,0.1002,0.11895,0.14391,0.11857,0.11953,0.12522,0.14495,0.14619,0.10545,0.13513,0.11644,0.20755,0.11924,0.12068,0.12676,0.14002,0.11765,0.1078,0.16415,0.10427
0.068017,0.068919,0.079755,0.10996,0.1251,0.27999,0.12379,0.29001,0.14098,0.30571,0.21046,0.11665,0.2375,0.039708,0.21354,0.067266,0.049519,0.089639,0.14746,0.036112,0.12473,0.050241,0.13185,0.16359,0.17206,0.20116,0.17341,0.18056,0.1542,0.19862,0.1289,0.085906,0.13143,0.13113,0.32647,0.18535,0.16077,0.075421,0.24616,0.14253,0.15096,0.083263,0.20948,0.16841,0.073797,0.19585,0.20251,0.15098,0.15391,0.079555,0.060306,0.17577,0.14923,0,0.011744,0.12327,0.066682,0.24811,0.095713,0.070292,0.16809,0.055357,0.12459,0.12149,0.11709,0.12482,0.16609,0.07242,0.1521,0.065239,0.16501,0.038716,0.18846,0.13576,0.17362,0.11051,0.28633,0.13737,0.14198,0.1531,0.19199,0.14081,0.13289,0.064335,0.084645
0.074115,0.072939,0.082168,0.11359,0.13093,0.28593,0.12948,0.29547,0.14635,0.31061,0.21707,0.12259,0.2427,0.038985,0.21953,0.070533,0.051051,0.093967,0.1517,0.039303,0.13038,0.050255,0.13782,0.1677,0.1781,0.20744,0.17938,0.18606,0.15944,0.20428,0.13441,0.090769,0.13822,0.13692,0.33192,0.19043,0.16496,0.080304,0.25082,0.14631,0.15637,0.081335,0.20717,0.17368,0.077537,0.20169,0.20792,0.14593,0.16028,0.077143,0.064031,0.1824,0.15532,0.011744,0,0.12795,0.060516,0.2532,0.10259,0.068844,0.17385,0.053091,0.13033,0.12388,0.11918,0.13066,0.17172,0.074559,0.15763,0.070218,0.17004,0.039105,0.1936,0.14053,0.17901,0.11516,0.29202,0.14301,0.14792,0.15825,0.19692,0.14595,0.13848,0.065133,0.091224
0.064638,0.1098,0.13419,0.071644,0.040793,0.18088,0.047951,0.18286,0.069304,0.19321,0.11317,0.05718,0.13312,0.12019,0.11352,0.093738,0.13451,0.06412,0.097415,0.11427,0.037716,0.14132,0.042819,0.078753,0.079942,0.11064,0.085785,0.079124,0.068333,0.091078,0.084514,0.11114,0.064155,0.059039,0.21604,0.087263,0.081647,0.077291,0.1502,0.082665,0.057669,0.1642,0.3094,0.081338,0.087967,0.094214,0.092567,0.24907,0.081328,0.17119,0.083995,0.076254,0.11453,0.12327,0.12795,0,0.17189,0.14512,0.069647,0.14185,0.073088,0.15243,0.040392,0.09181,0.094564,0.045778,0.073814,0.14214,0.083464,0.089781,0.070408,0.12774,0.075487,0.079073,0.072547,0.093525,0.17918,0.045563,0.051967,0.060265,0.099031,0.068046,0.061537,0.14407,0.072476
0.11686,0.10286,0.10309,0.16081,0.17967,0.33451,0.17235,0.34159,0.19598,0.35591,0.26577,0.16782,0.29242,0.065409,0.26887,0.10156,0.063466,0.13501,0.19429,0.077156,0.17528,0.052174,0.18282,0.20568,0.22455,0.246,0.21999,0.23306,0.20606,0.25353,0.17666,0.12656,0.1822,0.18353,0.37775,0.23549,0.20706,0.12662,0.30127,0.18958,0.20179,0.093839,0.17481,0.22152,0.10449,0.24977,0.25377,0.10748,0.20928,0.070434,0.098537,0.22585,0.19716,0.066682,0.060516,0.17189,0,0.30264,0.14936,0.093702,0.22019,0.039155,0.17631,0.16205,0.15631,0.17941,0.21381,0.094399,0.19614,0.10799,0.2152,0.066858,0.23892,0.1858,0.22466,0.13858,0.34097,0.18816,0.19332,0.20053,0.2473,0.18919,0.18689,0.071938,0.13377
