0,0.076583,0.091316,0.16053,0.066948,0.1258,0.082194,0.085172,0.14381,0.055322,0.11296,0.076147,0.13363,0.05646,0.067866,0.11573,0.1126,0.052575,0.097652,0.07329,0.074056,0.053852,0.058244,0.19279,0.079239,0.060722,0.087621,0.085076,0.080439,0.087016,0.13821,0.10116,0.098195,0.18608,0.052811,0.092624,0.071216,0.086078,0.17921,0.069832,0.099693,0.12521,0.16965,0.1156,0.069245,0.052284,0.063295,0.064346,0.12972,0.12345,0.075459,0.054627,0.13819,0.075274,0.080741,0.079745,0.07868,0.20348,0.087244,0.085154,0.071547,0.055383,0.081171,0.10526,0.10512,0.068843,0.066615,0.058417,0.086282,0.099189,0.071452,0.058822,0.054569,0.10192,0.082813,0.15556,0.097753,0.0553,0.062516,0.080521,0.21978,0.090098,0.11346,0.10199,0.06998
0.076583,0,0.094012,0.18128,0.079719,0.13154,0.096888,0.089409,0.14843,0.05779,0.11742,0.081246,0.1503,0.069781,0.074257,0.12884,0.13368,0.067144,0.09932,0.082044,0.072317,0.063914,0.06062,0.17978,0.064785,0.064326,0.10893,0.085057,0.093564,0.095334,0.15388,0.12738,0.1125,0.19891,0.069076,0.10668,0.085561,0.11401,0.19908,0.08857,0.12272,0.12507,0.14207,0.12371,0.084744,0.068788,0.054867,0.077633,0.14487,0.11577,0.088981,0.054313,0.1448,0.091467,0.090175,0.094683,0.091022,0.21157,0.088048,0.1169,0.07668,0.082206,0.066798,0.11054,0.10997,0.083347,0.093289,0.080647,0.093108,0.10657,0.073095,0.052742,0.063311,0.11334,0.075765,0.17813,0.13197,0.06562,0.060971,0.070611,0.2382,0.1009,0.12505,0.12862,0.088641
0.091316,0.094012,0,0.16671,0.088291,0.11948,0.091638,0.095714,0.12225,0.079302,0.09801,0.088845,0.12968,0.083809,0.078592,0.13712,0.12775,0.084421,0.076241,0.092841,0.07705,0.066019,0.096128,0.1766,0.074967,0.073858,0.089147,0.09922,0.10093,0.089576,0.13154,0.091784,0.099053,0.16413,0.068733,0.10452,0.074695,0.092906,0.17456,0.092465,0.098207,0.091447,0.15275,0.11226,0.10933,0.087558,0.088072,0.094394,0.13244,0.096934,0.09511,0.080823,0.12356,0.083472,0.084036,0.092261,0.0934,0.18601,0.089523,0.1161,0.093782,0.093991,0.077698,0.098395,0.097838,0.082628,0.091936,0.092538,0.081308,0.10547,0.069061,0.079544,0.07374,0.10749,0.092079,0.15019,0.10078,0.078489,0.09536,0.09222,0.23401,0.092273,0.10515,0.10097,0.068579
0.16053,0.18128,0.16671,0,0.1417,0.12543,0.18962,0.18739,0.12429,0.16892,0.10684,0.16466,0.097001,0.15444,0.13632,0.18744,0.18579,0.16035,0.13825,0.15988,0.15859,0.16494,0.15729,0.21904,0.1679,0.16168,0.17735,0.16488,0.13248,0.15216,0.16063,0.14311,0.11767,0.16291,0.16056,0.11442,0.17104,0.11425,0.068604,0.13933,0.13255,0.18181,0.20049,0.13208,0.15677,0.15985,0.17561,0.12739,0.11824,0.13557,0.16568,0.16595,0.15699,0.12696,0.13037,0.16229,0.1426,0.10998,0.16757,0.13119,0.16328,0.14787,0.15051,0.1222,0.12592,0.16086,0.16406,0.16217,0.15277,0.16616,0.17106,0.1648,0.16849,0.15423,0.15488,0.2321,0.1362,0.14984,0.1526,0.1586,0.1106,0.1863,0.16494,0.14636,0.14785
0.066948,0.079719,0.088291,0.1417,0,0.11001,0.078748,0.082847,0.14124,0.06896,0.086217,0.085317,0.11737,0.052626,0.060182,0.099723,0.1206,0.067814,0.089655,0.055552,0.064331,0.06056,0.077325,0.16352,0.07521,0.068847,0.082625,0.087116,0.083054,0.082254,0.11502,0.095473,0.069896,0.17656,0.063863,0.076519,0.086399,0.088236,0.16403,0.063243,0.090815,0.12749,0.16115,0.093296,0.094079,0.067017,0.07137,0.061029,0.12613,0.09949,0.061308,0.073785,0.1332,0.047146,0.051003,0.062019,0.067896,0.17301,0.093069,0.089233,0.082846,0.070651,0.081015,0.089162,0.089083,0.072025,0.051127,0.068489,0.077956,0.092343,0.076945,0.057844,0.071019,0.10343,0.088231,0.17442,0.10703,0.044839,0.067381,0.081288,0.21203,0.098515,0.12003,0.074727,0.060261
0.1258,0.13154,0.11948,0.12543,0.11001,0,0.137,0.13807,0.10082,0.11722,0.091005,0.12698,0.11236,0.11462,0.10496,0.16846,0.15204,0.11344,0.11875,0.11456,0.096745,0.11337,0.11306,0.20435,0.12325,0.11183,0.14293,0.12973,0.12652,0.10556,0.15711,0.11196,0.090618,0.1767,0.1191,0.096318,0.1182,0.12722,0.14316,0.11836,0.11667,0.1121,0.17158,0.11361,0.12996,0.13777,0.12124,0.090227,0.11238,0.076747,0.11851,0.12316,0.15193,0.09623,0.097371,0.11652,0.080667,0.14572,0.10984,0.11791,0.12742,0.12004,0.13189,0.10563,0.10754,0.12913,0.11404,0.11372,0.099828,0.13169,0.12789,0.11514,0.12017,0.1147,0.13651,0.20273,0.13517,0.1146,0.12473,0.14283,0.19356,0.14207,0.11188,0.11268,0.10332
0.082194,0.096888,0.091638,0.18962,0.078748,0.137,0,0.078378,0.16317,0.07067,0.12243,0.094591,0.15122,0.083826,0.099326,0.10571,0.12995,0.081625,0.12678,0.073027,0.076408,0.065461,0.086279,0.175,0.095986,0.092987,0.057389,0.10571,0.11973,0.092169,0.14911,0.10856,0.11301,0.18382,0.074634,0.1169,0.099251,0.12009,0.20578,0.10385,0.12127,0.12932,0.1789,0.1345,0.10344,0.089856,0.09221,0.098174,0.15176,0.13113,0.081134,0.072301,0.15592,0.095755,0.098996,0.082567,0.098968,0.21515,0.092183,0.12357,0.095722,0.089393,0.10462,0.1242,0.12253,0.092267,0.077736,0.082652,0.098046,0.12164,0.075593,0.083335,0.076711,0.12479,0.11468,0.17959,0.13864,0.07506,0.088841,0.11134,0.2587,0.085309,0.13113,0.093764,0.091433
0.085172,0.089409,0.095714,0.18739,0.082847,0.13807,0.078378,0,0.15114,0.061716,0.1306,0.1036,0.13688,0.084243,0.10183,0.10692,0.11283,0.0779,0.10561,0.067695,0.06933,0.069127,0.090899,0.17071,0.093064,0.087722,0.091951,0.1187,0.12281,0.097643,0.13827,0.11853,0.12067,0.1896,0.062859,0.13254,0.085887,0.12225,0.20479,0.11012,0.13398,0.11679,0.14989,0.10786,0.10494,0.090701,0.075747,0.10908,0.14261,0.11945,0.074888,0.079617,0.14329,0.092807,0.096204,0.078214,0.1133,0.21396,0.077866,0.11394,0.069919,0.075413,0.10216,0.11889,0.11732,0.062198,0.073418,0.094791,0.10439,0.099493,0.070695,0.066334,0.070277,0.0924,0.11345,0.17859,0.12103,0.074497,0.07887,0.115,0.2466,0.059032,0.1451,0.095197,0.094365
0.14381,0.14843,0.12225,0.12429,0.14124,0.10082,0.16317,0.15114,0,0.13876,0.10813,0.14547,0.1154,0.14203,0.12609,0.17584,0.16664,0.13907,0.11628,0.13894,0.13245,0.13746,0.13064,0.19549,0.13332,0.12514,0.16354,0.15794,0.12867,0.14057,0.16269,0.11598,0.12193,0.16831,0.13595,0.13502,0.12365,0.13632,0.13725,0.14264,0.14427,0.11557,0.16802,0.11643,0.15144,0.15607,0.14284,0.12532,0.099301,0.10442,0.15253,0.14308,0.14829,0.12912,0.12806,0.14549,0.12799,0.14804,0.11629,0.13395,0.14014,0.12833,0.13755,0.11428,0.1166,0.13691,0.14919,0.14138,0.12538,0.14413,0.14212,0.13571,0.1375,0.12288,0.14693,0.18869,0.11943,0.1349,0.14695,0.15389,0.18141,0.14682,0.12391,0.14776,0.13552
0.055322,0.05779,0.079302,0.16892,0.06896,0.11722,0.07067,0.061716,0.13876,0,0.11306,0.073237,0.13242,0.054346,0.07433,0.1132,0.10976,0.049544,0.090276,0.060485,0.045311,0.036823,0.054003,0.17893,0.074434,0.06558,0.078835,0.087977,0.096865,0.065262,0.1339,0.10839,0.1024,0.17839,0.032504,0.10268,0.074535,0.10233,0.18567,0.083331,0.11333,0.11006,0.15432,0.11777,0.074003,0.055218,0.059751,0.073345,0.13472,0.10576,0.067274,0.045195,0.13526,0.074523,0.077901,0.064119,0.084927,0.20297,0.069128,0.1043,0.057238,0.057421,0.069601,0.10466,0.10354,0.065725,0.065965,0.065045,0.080903,0.096296,0.052713,0.052597,0.042156,0.088237,0.089334,0.17695,0.11855,0.053803,0.049992,0.08687,0.22843,0.07726,0.1239,0.099519,0.064132
0.11296,0.11742,0.09801,0.10684,0.086217,0.091005,0.12243,0.1306,0.10813,0.11306,0,0.11226,0.088325,0.1117,0.071408,0.15068,0.12126,0.095676,0.091757,0.098148,0.10714,0.10917,0.098522,0.17165,0.098555,0.10412,0.12634,0.12639,0.10303,0.11536,0.12779,0.082948,0.067603,0.16218,0.11015,0.075661,0.11636,0.085633,0.12719,0.087134,0.087154,0.12031,0.16572,0.094254,0.12021,0.11069,0.1107,0.077614,0.10011,0.075565,0.11801,0.10738,0.14252,0.066643,0.06896,0.11626,0.081091,0.1419,0.10998,0.0982,0.1105,0.093433,0.10569,0.075505,0.077691,0.11203,0.11053,0.1056,0.095498,0.13423,0.10553,0.1068,0.10464,0.10729,0.11178,0.18181,0.1026,0.09525,0.10133,0.11227,0.17464,0.132,0.12193,0.10433,0.096407
0.076147,0.081246,0.088845,0.16466,0.085317,0.12698,0.094591,0.1036,0.14547,0.073237,0.11226,0,0.13459,0.082924,0.061182,0.12796,0.12717,0.061522,0.095481,0.10472,0.079996,0.067126,0.068845,0.1814,0.087275,0.074489,0.10383,0.062329,0.077278,0.083233,0.13403,0.11558,0.091344,0.16833,0.075031,0.086003,0.082037,0.096446,0.16347,0.091171,0.083633,0.11856,0.15515,0.12899,0.074039,0.07301,0.071713,0.073541,0.13733,0.11338,0.087647,0.064,0.13629,0.080968,0.079982,0.1039,0.07737,0.19114,0.085968,0.095405,0.084321,0.07916,0.075723,0.10483,0.10479,0.089941,0.095444,0.086207,0.07945,0.12307,0.086199,0.071321,0.071382,0.10425,0.074965,0.15491,0.10456,0.085347,0.080994,0.075973,0.21901,0.10909,0.092172,0.11004,0.075226
0.13363,0.1503,0.12968,0.097001,0.11737,0.11236,0.15122,0.13688,0.1154,0.13242,0.088325,0.13459,0,0.1273,0.10426,0.15686,0.14071,0.12705,0.099904,0.1259,0.12475,0.13376,0.13034,0.19378,0.13619,0.13165,0.14907,0.15735,0.1316,0.13191,0.13949,0.11135,0.091367,0.14523,0.12277,0.10392,0.14656,0.10132,0.1039,0.12395,0.1081,0.13266,0.16205,0.089843,0.12645,0.1383,0.13999,0.1086,0.088644,0.10321,0.12968,0.1351,0.14999,0.10001,0.097217,0.13577,0.11732,0.1081,0.12697,0.10632,0.11674,0.10343,0.12675,0.089653,0.090641,0.12225,0.13142,0.14494,0.11766,0.12882,0.1275,0.12669,0.1294,0.10151,0.133,0.20843,0.11623,0.12657,0.1235,0.13941,0.13428,0.14839,0.14104,0.099205,0.1145
0.05646,0.069781,0.083809,0.15444,0.052626,0.11462,0.083826,0.084243,0.14203,0.054346,0.1117,0.082924,0.1273,0,0.070584,0.11475,0.1392,0.071803,0.090442,0.066075,0.055152,0.046642,0.0764,0.19113,0.082661,0.054742,0.082764,0.081351,0.089905,0.067491,0.13801,0.11564,0.089909,0.1743,0.050891,0.088238,0.083265,0.088544,0.17239,0.072725,0.10545,0.12511,0.16672,0.112,0.07281,0.061976,0.070171,0.061544,0.12729,0.1158,0.063252,0.057417,0.13174,0.0725,0.073702,0.067195,0.079301,0.1824,0.088424,0.097337,0.077091,0.075705,0.06972,0.10041,0.099024,0.075713,0.062953,0.070543,0.083081,0.065158,0.062798,0.049093,0.066016,0.1065,0.07754,0.18212,0.12066,0.050875,0.061753,0.07368,0.22005,0.095976,0.11423,0.088749,0.056505
0.067866,0.074257,0.078592,0.13632,0.060182,0.10496,0.099326,0.10183,0.12609,0.07433,0.071408,0.061182,0.10426,0.070584,0,0.12392,0.11593,0.060438,0.070953,0.083314,0.07393,0.065754,0.065891,0.18527,0.066645,0.064015,0.10698,0.081876,0.070236,0.085426,0.12659,0.098967,0.062976,0.17151,0.070484,0.061915,0.086214,0.071818,0.14794,0.051811,0.074792,0.10907,0.15306,0.095328,0.081828,0.06624,0.0663,0.041915,0.11406,0.090459,0.079813,0.065438,0.13691,0.043684,0.04181,0.089756,0.053972,0.16744,0.085271,0.069754,0.077802,0.058019,0.072995,0.080774,0.081366,0.07296,0.081665,0.071907,0.06989,0.1065,0.071502,0.059671,0.072025,0.089268,0.071958,0.15652,0.087701,0.068477,0.066125,0.070436,0.19019,0.10494,0.097651,0.090151,0.058264
0.11573,0.12884,0.13712,0.18744,0.099723,0.16846,0.10571,0.10692,0.17584,0.1132,0.15068,0.12796,0.15686,0.11475,0.12392,0,0.15521,0.12546,0.13713,0.1007,0.11045,0.11392,0.11502,0.18677,0.12464,0.13347,0.099898,0.13193,0.12261,0.1293,0.16495,0.1386,0.12844,0.22042,0.10966,0.13745,0.12238,0.13998,0.19767,0.13251,0.14025,0.15704,0.1772,0.15299,0.13141,0.11817,0.11018,0.12583,0.14345,0.15943,0.11456,0.12312,0.16393,0.11584,0.11848,0.11921,0.12955,0.21995,0.11189,0.13671,0.13085,0.11311,0.13325,0.14194,0.14124,0.10365,0.10238,0.13351,0.12642,0.13092,0.12763,0.10368,0.12702,0.12992,0.14769,0.19146,0.14473,0.10858,0.11937,0.14387,0.23894,0.10342,0.15973,0.11979,0.11716
0.1126,0.13368,0.12775,0.18579,0.1206,0.15204,0.12995,0.11283,0.16664,0.10976,0.12126,0.12717,0.14071,0.1392,0.11593,0.15521,0,0.099734,0.12578,0.11347,0.13263,0.12737,0.11148,0.18733,0.13317,0.13811,0.14214,0.15597,0.1477,0.14255,0.13397,0.11474,0.12412,0.20965,0.116,0.13778,0.126,0.13122,0.19662,0.12637,0.13365,0.13775,0.17659,0.14234,0.13492,0.12408,0.11818,0.12767,0.15481,0.11417,0.13662,0.12203,0.17293,0.10943,0.11637,0.12864,0.12691,0.22214,0.11179,0.12436,0.11326,0.087648,0.13906,0.12813,0.12788,0.11958,0.11929,0.11729,0.12807,0.16146,0.11848,0.12219,0.10708,0.091733,0.15008,0.18225,0.11612,0.12477,0.12171,0.14885,0.23322,0.13001,0.16692,0.12623,0.1235
0.052575,0.067144,0.084421,0.16035,0.067814,0.11344,0.081625,0.0779,0.13907,0.049544,0.095676,0.061522,0.12705,0.071803,0.060438,0.12546,0.099734,0,0.093256,0.076272,0.065005,0.054684,0.049881,0.16791,0.066229,0.060512,0.087053,0.084165,0.087526,0.084062,0.13101,0.090451,0.095359,0.17382,0.052229,0.093231,0.068474,0.093625,0.17684,0.078122,0.086476,0.111,0.16083,0.11136,0.076386,0.056021,0.048895,0.06853,0.12926,0.10298,0.075564,0.049238,0.13991,0.064049,0.067901,0.085697,0.075228,0.19805,0.079861,0.095075,0.053228,0.054414,0.073684,0.094154,0.093879,0.069112,0.072712,0.068646,0.085081,0.11138,0.066587,0.059823,0.038306,0.091366,0.077476,0.15682,0.10381,0.052687,0.050757,0.079014,0.21853,0.085921,0.11626,0.10525,0.073968
0.097652,0.09932,0.076241,0.13825,0.089655,0.11875,0.12678,0.10561,0.11628,0.090276,0.091757,0.095481,0.099904,0.090442,0.070953,0.13713,0.12578,0.093256,0,0.094302,0.084549,0.08679,0.093482,0.17509,0.083178,0.083221,0.12742,0.11852,0.087925,0.10707,0.12899,0.10278,0.083699,0.16079,0.082555,0.094934,0.097137,0.087336,0.14142,0.092067,0.094624,0.11969,0.14621,0.089919,0.1018,0.083656,0.09263,0.088529,0.10392,0.091201,0.090722,0.097958,0.12474,0.070828,0.071109,0.1064,0.094608,0.16251,0.092954,0.099693,0.090647,0.087023,0.076182,0.093521,0.095398,0.087898,0.096582,0.104,0.065533,0.10405,0.09074,0.082126,0.081622,0.099034,0.098427,0.1796,0.083686,0.088755,0.087826,0.097869,0.18639,0.11482,0.1157,0.11302,0.068659
0.07329,0.082044,0.092841,0.15988,0.055552,0.11456,0.073027,0.067695,0.13894,0.060485,0.098148,0.10472,0.1259,0.066075,0.083314,0.1007,0.11347,0.076272,0.094302,0,0.06377,0.065994,0.070838,0.17742,0.083318,0.07729,0.086497,0.11335,0.10362,0.084943,0.12761,0.10323,0.093596,0.19378,0.067758,0.10095,0.084768,0.10105,0.18136,0.082886,0.1218,0.12088,0.15831,0.10367,0.091241,0.076497,0.072681,0.073835,0.1176,0.10776,0.075595,0.076947,0.134,0.069162,0.076201,0.067546,0.081179,0.19727,0.081853,0.098917,0.080295,0.072635,0.098159,0.10484,0.10382,0.079985,0.049478,0.076512,0.084998,0.095385,0.068496,0.062648,0.070577,0.094079,0.11441,0.1844,0.11639,0.06161,0.068592,0.10932,0.22413,0.085433,0.13105,0.090751,0.072481
0.074056,0.072317,0.07705,0.15859,0.064331,0.096745,0.076408,0.06933,0.13245,0.045311,0.10714,0.079996,0.12475,0.055152,0.07393,0.11045,0.13263,0.065005,0.084549,0.06377,0,0.038345,0.072258,0.17862,0.068711,0.062813,0.080182,0.08548,0.092455,0.05728,0.13668,0.10575,0.09628,0.16987,0.044945,0.095896,0.076586,0.10365,0.17577,0.081242,0.10561,0.10983,0.15104,0.10403,0.083812,0.06851,0.065713,0.070584,0.12649,0.10033,0.051675,0.063595,0.12702,0.063346,0.065269,0.059025,0.076264,0.18726,0.074593,0.10767,0.068161,0.079034,0.078833,0.10306,0.10267,0.064384,0.05824,0.073109,0.071269,0.094402,0.063956,0.050429,0.060992,0.099702,0.095648,0.18225,0.12039,0.056936,0.061386,0.097018,0.22084,0.077773,0.11247,0.089835,0.058072
0.053852,0.063914,0.066019,0.16494,0.06056,0.11337,0.065461,0.069127,0.13746,0.036823,0.10917,0.067126,0.13376,0.046642,0.065754,0.11392,0.12737,0.054684,0.08679,0.065994,0.038345,0,0.064232,0.18251,0.060618,0.051212,0.070891,0.071581,0.081255,0.055428,0.13758,0.10731,0.096027,0.17661,0.032733,0.093176,0.064896,0.093568,0.18146,0.07502,0.10216,0.10878,0.15517,0.11047,0.080318,0.050167,0.062579,0.068612,0.13559,0.10536,0.055837,0.043175,0.12952,0.06721,0.068331,0.05898,0.073654,0.1952,0.077418,0.098419,0.06412,0.068706,0.067757,0.10187,0.10125,0.05667,0.06034,0.061623,0.072084,0.089408,0.051801,0.048045,0.049503,0.10057,0.07596,0.16444,0.1097,0.046234,0.055246,0.075366,0.23016,0.072226,0.11307,0.091284,0.05077
0.058244,0.06062,0.096128,0.15729,0.077325,0.11306,0.086279,0.090899,0.13064,0.054003,0.098522,0.068845,0.13034,0.0764,0.065891,0.11502,0.11148,0.049881,0.093482,0.070838,0.072258,0.064232,0,0.18039,0.077263,0.073493,0.099458,0.0858,0.079556,0.090174,0.14845,0.10375,0.089159,0.19101,0.068517,0.08495,0.074665,0.096501,0.1701,0.089419,0.099655,0.11276,0.15185,0.12273,0.067123,0.063178,0.053273,0.060445,0.11379,0.10562,0.088728,0.052477,0.14156,0.078245,0.08323,0.10009,0.069543,0.20033,0.069211,0.088705,0.078292,0.060701,0.073364,0.098469,0.099352,0.08515,0.084303,0.07523,0.075274,0.11179,0.082114,0.065083,0.05482,0.092237,0.085256,0.16806,0.10776,0.062887,0.056256,0.08357,0.21397,0.094328,0.11147,0.11873,0.077179
0.19279,0.17978,0.1766,0.21904,0.16352,0.20435,0.175,0.17071,0.19549,0.17893,0.17165,0.1814,0.19378,0.19113,0.18527,0.18677,0.18733,0.16791,0.17509,0.17742,0.17862,0.18251,0.18039,0,0.16421,0.17734,0.17722,0.2007,0.18425,0.2075,0.17031,0.14069,0.18232,0.18547,0.17558,0.19695,0.18165,0.20844,0.23196,0.1994,0.17234,0.20787,0.20931,0.16738,0.20552,0.18322,0.17882,0.19906,0.20347,0.17386,0.17571,0.18874,0.19995,0.17478,0.17221,0.18299,0.19536,0.22113,0.18386,0.21798,0.17354,0.18224,0.16734,0.1692,0.1705,0.1809,0.18043,0.19241,0.17155,0.20776,0.19168,0.18094,0.15834,0.20409,0.18652,0.24215,0.19524,0.16079,0.1813,0.1835,0.27455,0.19306,0.20713,0.19757,0.19092
0.079239,0.064785,0.074967,0.1679,0.07521,0.12325,0.095986,0.093064,0.13332,0.074434,0.098555,0.087275,0.13619,0.082661,0.066645,0.12464,0.13317,0.066229,0.083178,0.083318,0.068711,0.060618,0.077263,0.16421,0,0.05501,0.096436,0.096358,0.075708,0.095942,0.14458,0.096565,0.10885,0.18661,0.064169,0.10498,0.072839,0.10555,0.18736,0.080268,0.10121,0.11764,0.14579,0.10071,0.10523,0.067668,0.067284,0.082618,0.1328,0.1066,0.08172,0.072963,0.13563,0.073004,0.06712,0.08827,0.082859,0.19636,0.097168,0.11888,0.067631,0.083932,0.080212,0.1006,0.10087,0.064676,0.081536,0.086103,0.083223,0.11325,0.073302,0.060216,0.065925,0.11601,0.084138,0.15408,0.10904,0.062362,0.071639,0.08447,0.22363,0.089216,0.12047,0.11978,0.078295
0.060722,0.064326,0.073858,0.16168,0.068847,0.11183,0.092987,0.087722,0.12514,0.06558,0.10412,0.074489,0.13165,0.054742,0.064015,0.13347,0.13811,0.060512,0.083221,0.07729,0.062813,0.051212,0.073493,0.17734,0.05501,0,0.099796,0.086058,0.078471,0.08415,0.13361,0.10055,0.099526,0.1717,0.060062,0.096995,0.061158,0.09725,0.17777,0.073992,0.10206,0.11263,0.15665,0.095693,0.081314,0.068352,0.058557,0.066409,0.12473,0.11152,0.072252,0.06309,0.12616,0.074767,0.071913,0.080268,0.074326,0.18739,0.088925,0.10076,0.065822,0.079361,0.076336,0.097793,0.097184,0.07379,0.071439,0.071764,0.077898,0.090307,0.065031,0.047582,0.055007,0.11018,0.074976,0.1553,0.10482,0.0589,0.070955,0.07596,0.22137,0.096472,0.093594,0.10889,0.070184
0.087621,0.10893,0.089147,0.17735,0.082625,0.14293,0.057389,0.091951,0.16354,0.078835,0.12634,0.10383,0.14907,0.082764,0.10698,0.099898,0.14214,0.087053,0.12742,0.086497,0.080182,0.070891,0.099458,0.17722,0.096436,0.099796,0,0.1019,0.11415,0.085169,0.14951,0.10572,0.12262,0.18064,0.06701,0.12059,0.095681,0.1088,0.19542,0.10831,0.11239,0.13383,0.1814,0.14303,0.11009,0.085902,0.09986,0.10617,0.14995,0.13836,0.09235,0.081894,0.145,0.098514,0.10167,0.088269,0.11076,0.21019,0.1094,0.13565,0.095428,0.09937,0.099587,0.1227,0.12084,0.088433,0.081498,0.10261,0.11543,0.11434,0.083525,0.091633,0.087941,0.12788,0.11079,0.17307,0.13891,0.072498,0.090548,0.10897,0.24893,0.082124,0.14376,0.10001,0.090145
0.085076,0.085057,0.09922,0.16488,0.087116,0.12973,0.10571,0.1187,0.15794,0.087977,0.12639,0.062329,0.15735,0.081351,0.081876,0.13193,0.15597,0.084165,0.11852,0.11335,0.08548,0.071581,0.0858,0.2007,0.096358,0.086058,0.1019,0,0.072147,0.077696,0.15099,0.13525,0.10626,0.1927,0.086269,0.083819,0.08316,0.099132,0.17381,0.094705,0.099279,0.13046,0.15259,0.1425,0.088211,0.07923,0.083201,0.08021,0.15582,0.12679,0.10187,0.072567,0.12493,0.095172,0.097195,0.10348,0.086108,0.20122,0.10895,0.10765,0.10973,0.10769,0.079867,0.11225,0.113,0.095108,0.10415,0.094121,0.099701,0.12182,0.10359,0.081107,0.093355,0.12821,0.069756,0.16087,0.12173,0.082111,0.089473,0.070874,0.23436,0.11355,0.10706,0.11893,0.084639
0.080439,0.093564,0.10093,0.13248,0.083054,0.12652,0.11973,0.12281,0.12867,0.096865,0.10303,0.077278,0.1316,0.089905,0.070236,0.12261,0.1477,0.087526,0.087925,0.10362,0.092455,0.081255,0.079556,0.18425,0.075708,0.078471,0.11415,0.072147,0,0.094996,0.14267,0.11268,0.094587,0.18445,0.088913,0.075809,0.079761,0.082705,0.1437,0.084793,0.088529,0.13685,0.14605,0.11534,0.090481,0.071862,0.088833,0.073487,0.11888,0.11726,0.10315,0.085729,0.11091,0.079697,0.079153,0.10674,0.081286,0.17825,0.10604,0.096258,0.099531,0.095264,0.082217,0.094558,0.097286,0.085444,0.1006,0.097533,0.08346,0.12066,0.10629,0.080235,0.092585,0.12148,0.078573,0.15753,0.08609,0.080295,0.085988,0.080675,0.1929,0.11396,0.10719,0.12437,0.08194
0.087016,0.095334,0.089576,0.15216,0.082254,0.10556,0.092169,0.097643,0.14057,0.065262,0.11536,0.083233,0.13191,0.067491,0.085426,0.1293,0.14255,0.084062,0.10707,0.084943,0.05728,0.055428,0.090174,0.2075,0.095942,0.08415,0.085169,0.077696,0.094996,0,0.13708,0.12948,0.10504,0.17754,0.065714,0.092762,0.088565,0.09601,0.16609,0.088321,0.1169,0.11413,0.15738,0.12894,0.086394,0.08056,0.094903,0.074701,0.13879,0.1078,0.089088,0.070937,0.11771,0.079041,0.079522,0.066466,0.083289,0.18476,0.0946,0.1083,0.084771,0.09207,0.094691,0.10536,0.1038,0.083257,0.082387,0.088852,0.096005,0.10354,0.072053,0.076403,0.08981,0.099229,0.099812,0.18561,0.12707,0.082752,0.078625,0.10306,0.21806,0.095065,0.1235,0.088384,0.064185
0.13821,0.15388,0.13154,0.16063,0.11502,0.15711,0.14911,0.13827,0.16269,0.1339,0.12779,0.13403,0.13949,0.13801,0.12659,0.16495,0.13397,0.13101,0.12899,0.12761,0.13668,0.13758,0.14845,0.17031,0.14458,0.13361,0.14951,0.15099,0.14267,0.13708,0,0.12171,0.13163,0.17114,0.12915,0.13632,0.13806,0.1349,0.17168,0.11967,0.14278,0.1556,0.17576,0.11659,0.1479,0.13647,0.1419,0.13086,0.17413,0.13883,0.13792,0.15314,0.13241,0.11372,0.11811,0.11374,0.13701,0.19045,0.15665,0.13756,0.13355,0.13006,0.14287,0.13279,0.13272,0.13713,0.11957,0.13522,0.13809,0.17039,0.13788,0.13804,0.12968,0.13457,0.15865,0.18658,0.12669,0.13427,0.14426,0.1509,0.21313,0.16661,0.14879,0.12225,0.12638
0.10116,0.12738,0.091784,0.14311,0.095473,0.11196,0.10856,0.11853,0.11598,0.10839,0.082948,0.11558,0.11135,0.11564,0.098967,0.1386,0.11474,0.090451,0.10278,0.10323,0.10575,0.10731,0.10375,0.14069,0.096565,0.10055,0.10572,0.13525,0.11268,0.12948,0.12171,0,0.10027,0.15334,0.097704,0.11033,0.10022,0.11125,0.15945,0.10937,0.085115,0.12223,0.17316,0.10034,0.12647,0.11354,0.10847,0.1049,0.11526,0.10601,0.11072,0.11645,0.14254,0.090654,0.093652,0.1146,0.10066,0.17212,0.11359,0.12667,0.10573,0.098869,0.11237,0.09909,0.10072,0.10944,0.09814,0.10918,0.097359,0.14063,0.11477,0.10988,0.08846,0.12212,0.12648,0.15891,0.10298,0.092179,0.11582,0.1267,0.20653,0.12471,0.11518,0.11478,0.10364
0.098195,0.1125,0.099053,0.11767,0.069896,0.090618,0.11301,0.12067,0.12193,0.1024,0.067603,0.091344,0.091367,0.089909,0.062976,0.12844,0.12412,0.095359,0.083699,0.093596,0.09628,0.096027,0.089159,0.18232,0.10885,0.099526,0.12262,0.10626,0.094587,0.10504,0.13163,0.10027,0,0.17089,0.10135,0.052042,0.10934,0.086531,0.12003,0.092734,0.073655,0.11785,0.16409,0.10296,0.10604,0.10381,0.099735,0.066672,0.099629,0.076181,0.09628,0.10024,0.14673,0.064959,0.067219,0.10979,0.059656,0.13605,0.094154,0.071512,0.11648,0.086141,0.096695,0.081393,0.083642,0.10865,0.094907,0.097894,0.066644,0.10747,0.10935,0.093002,0.099249,0.096475,0.10159,0.18177,0.096943,0.090371,0.10116,0.099653,0.18455,0.13065,0.10346,0.082853,0.069142
0.18608,0.19891,0.16413,0.16291,0.17656,0.1767,0.18382,0.1896,0.16831,0.17839,0.16218,0.16833,0.14523,0.1743,0.17151,0.22042,0.20965,0.17382,0.16079,0.19378,0.16987,0.17661,0.19101,0.18547,0.18661,0.1717,0.18064,0.1927,0.18445,0.17754,0.17114,0.15334,0.17089,0,0.17028,0.17537,0.19815,0.1691,0.16687,0.17518,0.15868,0.20245,0.23999,0.16186,0.17393,0.18169,0.19855,0.17747,0.18024,0.17883,0.17197,0.17805,0.18191,0.16486,0.16308,0.177,0.19291,0.15701,0.1812,0.19448,0.16833,0.17519,0.15893,0.15919,0.15947,0.18209,0.19182,0.18216,0.17046,0.19532,0.17153,0.18475,0.16693,0.19792,0.17424,0.2618,0.1866,0.17287,0.1762,0.17975,0.20631,0.20045,0.17447,0.1689,0.17851
0.052811,0.069076,0.068733,0.16056,0.063863,0.1191,0.074634,0.062859,0.13595,0.032504,0.11015,0.075031,0.12277,0.050891,0.070484,0.10966,0.116,0.052229,0.082555,0.067758,0.044945,0.032733,0.068517,0.17558,0.064169,0.060062,0.06701,0.086269,0.088913,0.065714,0.12915,0.097704,0.10135,0.17028,0,0.10163,0.06985,0.09026,0.17865,0.078278,0.10063,0.11077,0.15158,0.10603,0.081409,0.051393,0.065105,0.075668,0.1319,0.10699,0.058414,0.05313,0.13032,0.069481,0.071094,0.062377,0.085676,0.19365,0.082021,0.10384,0.049276,0.058817,0.065398,0.1018,0.10089,0.051596,0.059046,0.071358,0.083511,0.088884,0.052478,0.052133,0.046704,0.092124,0.080896,0.16307,0.10727,0.048065,0.054521,0.07975,0.22135,0.072417,0.12192,0.091386,0.057189
0.092624,0.10668,0.10452,0.11442,0.076519,0.096318,0.1169,0.13254,0.13502,0.10268,0.075661,0.086003,0.10392,0.088238,0.061915,0.13745,0.13778,0.093231,0.094934,0.10095,0.095896,0.093176,0.08495,0.19695,0.10498,0.096995,0.12059,0.083819,0.075809,0.092762,0.13632,0.11033,0.052042,0.17537,0.10163,0,0.10842,0.07521,0.1201,0.083466,0.070885,0.12366,0.15448,0.11353,0.086138,0.09208,0.09981,0.052968,0.11134,0.095197,0.10789,0.092477,0.12406,0.069553,0.071052,0.10911,0.056926,0.14638,0.10918,0.077378,0.11533,0.096071,0.089754,0.072319,0.075059,0.10769,0.10365,0.10175,0.073458,0.1177,0.1101,0.093788,0.099201,0.11047,0.088022,0.18377,0.106,0.088446,0.092016,0.08863,0.17929,0.13592,0.10089,0.095542,0.070309
0.071216,0.085561,0.074695,0.17104,0.086399,0.1182,0.099251,0.085887,0.12365,0.074535,0.11636,0.082037,0.14656,0.083265,0.086214,0.12238,0.126,0.068474,0.097137,0.084768,0.076586,0.064896,0.074665,0.18165,0.072839,0.061158,0.095681,0.08316,0.079761,0.088565,0.13806,0.10022,0.10934,0.19815,0.06985,0.10842,0,0.10375,0.18138,0.10114,0.10633,0.09551,0.14304,0.11872,0.097095,0.083146,0.058151,0.088984,0.1259,0.11061,0.096715,0.078045,0.11636,0.090055,0.093147,0.095467,0.083082,0.20743,0.082207,0.10495,0.086444,0.09026,0.094087,0.10614,0.10632,0.075746,0.077469,0.090543,0.090149,0.10401,0.088148,0.064917,0.070685,0.097743,0.094656,0.12707,0.090244,0.073396,0.090989,0.098276,0.23648,0.079512,0.10141,0.11795,0.079109
0.086078,0.11401,0.092906,0.11425,0.088236,0.12722,0.12009,0.12225,0.13632,0.10233,0.085633,0.096446,0.10132,0.088544,0.071818,0.13998,0.13122,0.093625,0.087336,0.10105,0.10365,0.093568,0.096501,0.20844,0.10555,0.09725,0.1088,0.099132,0.082705,0.09601,0.1349,0.11125,0.086531,0.1691,0.09026,0.07521,0.10375,0,0.12743,0.076378,0.085295,0.13535,0.16168,0.11329,0.085943,0.081898,0.10538,0.072635,0.10965,0.11711,0.10921,0.087616,0.1227,0.077509,0.084934,0.11421,0.09347,0.1686,0.11472,0.078478,0.099517,0.086984,0.086107,0.096179,0.097017,0.095918,0.10292,0.10171,0.10648,0.11177,0.091189,0.094526,0.10093,0.10752,0.084318,0.16513,0.081804,0.090052,0.086041,0.085308,0.18175,0.11632,0.12112,0.10026,0.083061
0.17921,0.19908,0.17456,0.068604,0.16403,0.14316,0.20578,0.20479,0.13725,0.18567,0.12719,0.16347,0.1039,0.17239,0.14794,0.19767,0.19662,0.17684,0.14142,0.18136,0.17577,0.18146,0.1701,0.23196,0.18736,0.17777,0.19542,0.17381,0.1437,0.16609,0.17168,0.15945,0.12003,0.16687,0.17865,0.1201,0.18138,0.12743,0,0.16574,0.13077,0.18159,0.20191,0.15753,0.16225,0.17737,0.18736,0.14419,0.11611,0.14552,0.18421,0.18192,0.16163,0.14575,0.14678,0.18865,0.15153,0.10318,0.17334,0.13919,0.18232,0.16519,0.16272,0.1317,0.13509,0.18128,0.18303,0.18736,0.15389,0.17743,0.18866,0.17921,0.18304,0.15745,0.16712,0.2345,0.14059,0.17493,0.17444,0.17224,0.11117,0.20429,0.1575,0.15947,0.15424
0.069832,0.08857,0.092465,0.13933,0.063243,0.11836,0.10385,0.11012,0.14264,0.083331,0.087134,0.091171,0.12395,0.072725,0.051811,0.13251,0.12637,0.078122,0.092067,0.082886,0.081242,0.07502,0.089419,0.1994,0.080268,0.073992,0.10831,0.094705,0.084793,0.088321,0.11967,0.10937,0.092734,0.17518,0.078278,0.083466,0.10114,0.076378,0.16574,0,0.10423,0.13743,0.17434,0.10072,0.092679,0.06854,0.086909,0.05371,0.13686,0.11692,0.084909,0.079561,0.13572,0.051232,0.057931,0.074084,0.080003,0.18597,0.10826,0.088833,0.08795,0.075564,0.092409,0.10397,0.10404,0.079576,0.079495,0.058414,0.096373,0.12182,0.072521,0.072721,0.087155,0.11464,0.096281,0.17089,0.10252,0.074147,0.073985,0.090611,0.19867,0.11246,0.11711,0.095036,0.077105
0.099693,0.12272,0.098207,0.13255,0.090815,0.11667,0.12127,0.13398,0.14427,0.11333,0.087154,0.083633,0.1081,0.10545,0.074792,0.14025,0.13365,0.086476,0.094624,0.1218,0.10561,0.10216,0.099655,0.17234,0.10121,0.10206,0.11239,0.099279,0.088529,0.1169,0.14278,0.085115,0.073655,0.15868,0.10063,0.070885,0.10633,0.085295,0.13077,0.10423,0,0.13013,0.17142,0.12032,0.10732,0.098053,0.10191,0.088941,0.11731,0.10697,0.10624,0.10378,0.14424,0.079356,0.079319,0.1292,0.082552,0.15534,0.1177,0.10454,0.11131,0.10181,0.092365,0.089306,0.09171,0.10911,0.10836,0.11689,0.086852,0.1287,0.11887,0.10409,0.09623,0.12183,0.089915,0.16127,0.099283,0.093875,0.1046,0.09398,0.19136,0.13308,0.10667,0.10961,0.083896
0.12521,0.12507,0.091447,0.18181,0.12749,0.1121,0.12932,0.11679,0.11557,0.11006,0.12031,0.11856,0.13266,0.12511,0.10907,0.15704,0.13775,0.111,0.11969,0.12088,0.10983,0.10878,0.11276,0.20787,0.11764,0.11263,0.13383,0.13046,0.13685,0.11413,0.1556,0.12223,0.11785,0.20245,0.11077,0.12366,0.09551,0.13535,0.18159,0.13743,0.13013,0,0.14318,0.131,0.13246,0.13688,0.10507,0.11749,0.13299,0.10014,0.13899,0.11721,0.1445,0.1182,0.11586,0.12735,0.10456,0.19023,0.09952,0.11953,0.12244,0.11282,0.12705,0.10234,0.10127,0.11088,0.12685,0.13737,0.11105,0.12531,0.11356,0.11236,0.11111,0.084039,0.12958,0.15431,0.12636,0.11979,0.12843,0.13708,0.23098,0.11501,0.11836,0.11835,0.10373
0.16965,0.14207,0.15275,0.20049,0.16115,0.17158,0.1789,0.14989,0.16802,0.15432,0.16572,0.15515,0.16205,0.16672,0.15306,0.1772,0.17659,0.16083,0.14621,0.15831,0.15104,0.15517,0.15185,0.20931,0.14579,0.15665,0.1814,0.15259,0.14605,0.15738,0.17576,0.17316,0.16409,0.23999,0.15158,0.15448,0.14304,0.16168,0.20191,0.17434,0.17142,0.14318,0,0.14585,0.15574,0.16525,0.14807,0.15742,0.17078,0.14134,0.17227,0.1583,0.13292,0.16268,0.15909,0.16662,0.15398,0.21568,0.1563,0.16493,0.15072,0.16134,0.14939,0.14345,0.14458,0.14474,0.16667,0.18299,0.15095,0.16992,0.16378,0.14165,0.15541,0.14306,0.15129,0.19785,0.15541,0.16003,0.15903,0.15676,0.24365,0.16282,0.1649,0.16902,0.15505
0.1156,0.12371,0.11226,0.13208,0.093296,0.11361,0.1345,0.10786,0.11643,0.11777,0.094254,0.12899,0.089843,0.112,0.095328,0.15299,0.14234,0.11136,0.089919,0.10367,0.10403,0.11047,0.12273,0.16738,0.10071,0.095693,0.14303,0.1425,0.11534,0.12894,0.11659,0.10034,0.10296,0.16186,0.10603,0.11353,0.11872,0.11329,0.15753,0.10072,0.12032,0.131,0.14585,0,0.1307,0.12048,0.11597,0.10355,0.12323,0.10421,0.09876,0.12509,0.13655,0.087595,0.085888,0.10367,0.1075,0.1507,0.12584,0.10488,0.10047,0.10214,0.11746,0.10027,0.10222,0.096643,0.10266,0.11577,0.10353,0.12422,0.11307,0.10287,0.10573,0.11881,0.12133,0.18308,0.10137,0.10036,0.11178,0.12336,0.18493,0.13071,0.12893,0.10274,0.10781
0.069245,0.084744,0.10933,0.15677,0.094079,0.12996,0.10344,0.10494,0.15144,0.074003,0.12021,0.074039,0.12645,0.07281,0.081828,0.13141,0.13492,0.076386,0.1018,0.091241,0.083812,0.080318,0.067123,0.20552,0.10523,0.081314,0.11009,0.088211,0.090481,0.086394,0.1479,0.12647,0.10604,0.17393,0.081409,0.086138,0.097095,0.085943,0.16225,0.092679,0.10732,0.13246,0.15574,0.1307,0,0.073243,0.078824,0.067591,0.11777,0.13382,0.10164,0.063571,0.11905,0.09282,0.096088,0.10749,0.09297,0.19572,0.09175,0.095468,0.082963,0.083022,0.082025,0.10148,0.10057,0.096872,0.09971,0.097636,0.093335,0.10921,0.083542,0.072429,0.075507,0.1069,0.08733,0.18921,0.12074,0.086492,0.066805,0.091044,0.20518,0.11296,0.10824,0.11546,0.087102
0.052284,0.068788,0.087558,0.15985,0.067017,0.13777,0.089856,0.090701,0.15607,0.055218,0.11069,0.07301,0.1383,0.061976,0.06624,0.11817,0.12408,0.056021,0.083656,0.076497,0.06851,0.050167,0.063178,0.18322,0.067668,0.068352,0.085902,0.07923,0.071862,0.08056,0.13647,0.11354,0.10381,0.18169,0.051393,0.09208,0.083146,0.081898,0.17737,0.06854,0.098053,0.13688,0.16525,0.12048,0.073243,0,0.068351,0.072091,0.13982,0.12414,0.073899,0.053877,0.1312,0.067736,0.073156,0.081927,0.089124,0.20527,0.099156,0.099682,0.068447,0.070569,0.059214,0.10652,0.10682,0.06816,0.075464,0.073121,0.085259,0.10736,0.067991,0.065169,0.054564,0.11298,0.073444,0.17192,0.10674,0.051278,0.040539,0.066535,0.21723,0.092693,0.13135,0.11387,0.064808
0.063295,0.054867,0.088072,0.17561,0.07137,0.12124,0.09221,0.075747,0.14284,0.059751,0.1107,0.071713,0.13999,0.070171,0.0663,0.11018,0.11818,0.048895,0.09263,0.072681,0.065713,0.062579,0.053273,0.17882,0.067284,0.058557,0.09986,0.083201,0.088833,0.094903,0.1419,0.10847,0.099735,0.19855,0.065105,0.09981,0.058151,0.10538,0.18736,0.086909,0.10191,0.10507,0.14807,0.11597,0.078824,0.068351,0,0.0726,0.12614,0.11406,0.081276,0.062178,0.13795,0.075986,0.079237,0.095128,0.076631,0.20962,0.07403,0.096186,0.07467,0.072399,0.080506,0.10323,0.1028,0.071012,0.072515,0.082211,0.084908,0.10053,0.076749,0.043647,0.056209,0.092728,0.085484,0.15189,0.10887,0.060965,0.064025,0.084959,0.22985,0.083313,0.10811,0.11438,0.076823
0.064346,0.077633,0.094394,0.12739,0.061029,0.090227,0.098174,0.10908,0.12532,0.073345,0.077614,0.073541,0.1086,0.061544,0.041915,0.12583,0.12767,0.06853,0.088529,0.073835,0.070584,0.068612,0.060445,0.19906,0.082618,0.066409,0.10617,0.08021,0.073487,0.074701,0.13086,0.1049,0.066672,0.17747,0.075668,0.052968,0.088984,0.072635,0.14419,0.05371,0.088941,0.11749,0.15742,0.10355,0.067591,0.072091,0.0726,0,0.10808,0.09941,0.083189,0.067713,0.132,0.055633,0.059185,0.086311,0.043725,0.16896,0.090329,0.070631,0.085742,0.069244,0.083259,0.088672,0.089188,0.088887,0.076038,0.067547,0.075514,0.10523,0.079504,0.064139,0.078792,0.096236,0.084834,0.17103,0.10312,0.070831,0.068144,0.082388,0.1879,0.11386,0.092519,0.092857,0.062182
0.12972,0.14487,0.13244,0.11824,0.12613,0.11238,0.15176,0.14261,0.099301,0.13472,0.10011,0.13733,0.088644,0.12729,0.11406,0.14345,0.15481,0.12926,0.10392,0.1176,0.12649,0.13559,0.11379,0.20347,0.1328,0.12473,0.14995,0.15582,0.11888,0.13879,0.17413,0.11526,0.099629,0.18024,0.1319,0.11134,0.1259,0.10965,0.11611,0.13686,0.11731,0.13299,0.17078,0.12323,0.11777,0.13982,0.12614,0.10808,0,0.11939,0.14133,0.13148,0.147,0.11337,0.1138,0.15281,0.11364,0.14678,0.10527,0.11355,0.12939,0.11525,0.13319,0.10244,0.10366,0.13174,0.13242,0.14665,0.11296,0.1205,0.13411,0.11933,0.13103,0.10947,0.1401,0.2016,0.11573,0.12716,0.12693,0.14792,0.16042,0.13755,0.1263,0.13305,0.12105
0.12345,0.11577,0.096934,0.13557,0.09949,0.076747,0.13113,0.11945,0.10442,0.10576,0.075565,0.11338,0.10321,0.1158,0.090459,0.15943,0.11417,0.10298,0.091201,0.10776,0.10033,0.10536,0.10562,0.17386,0.1066,0.11152,0.13836,0.12679,0.11726,0.1078,0.13883,0.10601,0.076181,0.17883,0.10699,0.095197,0.11061,0.11711,0.14552,0.11692,0.10697,0.10014,0.14134,0.10421,0.13382,0.12414,0.11406,0.09941,0.11939,0,0.11658,0.11224,0.14583,0.08556,0.083095,0.11212,0.085886,0.14525,0.096085,0.11229,0.11298,0.1009,0.11107,0.08536,0.087444,0.11178,0.11409,0.11316,0.086738,0.12515,0.11342,0.10599,0.10582,0.088854,0.11848,0.19047,0.11236,0.10624,0.11442,0.12276,0.20152,0.12947,0.13027,0.10513,0.091301
0.075459,0.088981,0.09511,0.16568,0.061308,0.11851,0.081134,0.074888,0.15253,0.067274,0.11801,0.087647,0.12968,0.063252,0.079813,0.11456,0.13662,0.075564,0.090722,0.075595,0.051675,0.055837,0.088728,0.17571,0.08172,0.072252,0.09235,0.10187,0.10315,0.089088,0.13792,0.11072,0.09628,0.17197,0.058414,0.10789,0.096715,0.10921,0.18421,0.084909,0.10624,0.13899,0.17227,0.09876,0.10164,0.073899,0.081276,0.083189,0.14133,0.11658,0,0.080953,0.15652,0.070362,0.073504,0.072511,0.085968,0.19159,0.097633,0.10547,0.077599,0.081346,0.089685,0.12528,0.12555,0.077926,0.051771,0.070071,0.08005,0.10118,0.080559,0.066313,0.070636,0.11841,0.10137,0.18202,0.11863,0.066211,0.075923,0.096915,0.22759,0.096476,0.12322,0.091572,0.069291
0.054627,0.054313,0.080823,0.16595,0.073785,0.12316,0.072301,0.079617,0.14308,0.045195,0.10738,0.064,0.1351,0.057417,0.065438,0.12312,0.12203,0.049238,0.097958,0.076947,0.063595,0.043175,0.052477,0.18874,0.072963,0.06309,0.081894,0.072567,0.085729,0.070937,0.15314,0.11645,0.10024,0.17805,0.05313,0.092477,0.078045,0.087616,0.18192,0.079561,0.10378,0.11721,0.1583,0.12509,0.063571,0.053877,0.062178,0.067713,0.13148,0.11224,0.080953,0,0.13684,0.077983,0.079514,0.085403,0.08399,0.20044,0.071631,0.097611,0.064493,0.062318,0.062793,0.097633,0.096425,0.068446,0.086419,0.068189,0.08765,0.096358,0.049903,0.052138,0.053711,0.1005,0.062629,0.1729,0.11653,0.054575,0.043863,0.066384,0.22871,0.077055,0.11992,0.10419,0.074941
0.13819,0.1448,0.12356,0.15699,0.1332,0.15193,0.15592,0.14329,0.14829,0.13526,0.14252,0.13629,0.14999,0.13174,0.13691,0.16393,0.17293,0.13991,0.12474,0.134,0.12702,0.12952,0.14156,0.19995,0.13563,0.12616,0.145,0.12493,0.11091,0.11771,0.13241,0.14254,0.14673,0.18191,0.13032,0.12406,0.11636,0.1227,0.16163,0.13572,0.14424,0.1445,0.13292,0.13655,0.11905,0.1312,0.13795,0.132,0.147,0.14583,0.15652,0.13684,0,0.12935,0.13047,0.1268,0.14187,0.19014,0.14146,0.14767,0.13681,0.14937,0.12866,0.1075,0.10799,0.12464,0.14137,0.15438,0.13002,0.14785,0.13634,0.12595,0.13222,0.14373,0.13674,0.20111,0.13106,0.1296,0.13464,0.14344,0.21466,0.14461,0.13895,0.14158,0.12686
0.075274,0.091467,0.083472,0.12696,0.047146,0.09623,0.095755,0.092807,0.12912,0.074523,0.066643,0.080968,0.10001,0.0725,0.043684,0.11584,0.10943,0.064049,0.070828,0.069162,0.063346,0.06721,0.078245,0.17478,0.073004,0.074767,0.098514,0.095172,0.079697,0.079041,0.11372,0.090654,0.064959,0.16486,0.069481,0.069553,0.090055,0.077509,0.14575,0.051232,0.079356,0.1182,0.16268,0.087595,0.09282,0.067736,0.075986,0.055633,0.11337,0.08556,0.070362,0.077983,0.12935,0,0.021252,0.07109,0.063677,0.16402,0.086751,0.079996,0.077856,0.06449,0.08635,0.081012,0.081773,0.067993,0.06545,0.071217,0.071238,0.10868,0.073705,0.065688,0.074988,0.089961,0.095082,0.17411,0.091088,0.06328,0.065345,0.094246,0.18744,0.097798,0.11581,0.076113,0.056331
0.080741,0.090175,0.084036,0.13037,0.051003,0.097371,0.098996,0.096204,0.12806,0.077901,0.06896,0.079982,0.097217,0.073702,0.04181,0.11848,0.11637,0.067901,0.071109,0.076201,0.065269,0.068331,0.08323,0.17221,0.06712,0.071913,0.10167,0.097195,0.079153,0.079522,0.11811,0.093652,0.067219,0.16308,0.071094,0.071052,0.093147,0.084934,0.14678,0.057931,0.079319,0.11586,0.15909,0.085888,0.096088,0.073156,0.079237,0.059185,0.1138,0.083095,0.073504,0.079514,0.13047,0.021252,0,0.072916,0.063527,0.15589,0.088801,0.08744,0.074715,0.067096,0.087557,0.074828,0.074951,0.067243,0.072131,0.080028,0.070034,0.10588,0.073467,0.064162,0.077784,0.091022,0.092119,0.17569,0.097519,0.067775,0.0694,0.093267,0.18573,0.10147,0.1156,0.076492,0.056775
0.079745,0.094683,0.092261,0.16229,0.062019,0.11652,0.082567,0.078214,0.14549,0.064119,0.11626,0.1039,0.13577,0.067195,0.089756,0.11921,0.12864,0.085697,0.1064,0.067546,0.059025,0.05898,0.10009,0.18299,0.08827,0.080268,0.088269,0.10348,0.10674,0.066466,0.11374,0.1146,0.10979,0.177,0.062377,0.10911,0.095467,0.11421,0.18865,0.074084,0.1292,0.12735,0.16662,0.10367,0.10749,0.081927,0.095128,0.086311,0.15281,0.11212,0.072511,0.085403,0.1268,0.07109,0.072916,0,0.094989,0.19207,0.10062,0.11487,0.083336,0.085003,0.10342,0.10919,0.10795,0.069922,0.062357,0.070369,0.095077,0.10903,0.071249,0.073048,0.081552,0.10999,0.11573,0.1895,0.12626,0.069618,0.08266,0.11279,0.22802,0.09499,0.13591,0.078533,0.073919
0.07868,0.091022,0.0934,0.1426,0.067896,0.080667,0.098968,0.1133,0.12799,0.084927,0.081091,0.07737,0.11732,0.079301,0.053972,0.12955,0.12691,0.075228,0.094608,0.081179,0.076264,0.073654,0.069543,0.19536,0.082859,0.074326,0.11076,0.086108,0.081286,0.083289,0.13701,0.10066,0.059656,0.19291,0.085676,0.056926,0.083082,0.09347,0.15153,0.080003,0.082552,0.10456,0.15398,0.1075,0.09297,0.089124,0.076631,0.043725,0.11364,0.085886,0.085968,0.08399,0.14187,0.063677,0.063527,0.094989,0,0.16971,0.093634,0.078176,0.098689,0.083708,0.099971,0.093505,0.0946,0.097731,0.073888,0.08082,0.063906,0.11118,0.095861,0.074476,0.085035,0.096674,0.097216,0.15895,0.10287,0.081888,0.090171,0.096192,0.20407,0.11838,0.08766,0.093518,0.056807
