0,0.062436,0.072701,0.10763,0.058675,0.076124,0.062465,0.046662,0.13467,0.040772,0.063929,0.081185,0.082172,0.065595,0.057536,0.070916,0.059532,0.054969,0.096285,0.052164,0.077413,0.057604,0.036381,0.13515,0.057841,0.058468,0.061511,0.066905,0.11077,0.072525,0.088647,0.098563,0.050039,0.05785,0.061396,0.067233,0.065731,0.074568,0.13169,0.077537,0.06879,0.097008,0.10849,0.079946,0.11319,0.043086,0.062874,0.073116,0.076555,0.074408,0.061615,0.048907,0.20473,0.066309,0.06886,0.055529,0.056576,0.10023,0.064174,0.10127,0.063841,0.06835,0.040505,0.069148,0.070088,0.044093,0.061696,0.062181,0.084168,0.08644,0.044099,0.055789,0.046926,0.099619,0.061073,0.068924,0.10492,0.046845,0.048378,0.061446,0.11369,0.065766,0.094706,0.056509,0.054398
0.062436,0,0.08299,0.1126,0.059886,0.069287,0.080744,0.060851,0.12692,0.068196,0.085445,0.074968,0.092047,0.064518,0.075318,0.073262,0.0747,0.056264,0.12393,0.061665,0.079761,0.057706,0.054937,0.12024,0.063726,0.059755,0.076803,0.054212,0.11086,0.069868,0.10043,0.11266,0.065038,0.067839,0.081563,0.045552,0.067135,0.080739,0.14092,0.086345,0.068889,0.084774,0.1153,0.080428,0.10271,0.071142,0.055526,0.074167,0.063291,0.064617,0.061657,0.052848,0.20275,0.075466,0.07593,0.065776,0.05981,0.1062,0.067585,0.1098,0.058812,0.07681,0.069522,0.066442,0.067648,0.071904,0.075674,0.064266,0.060982,0.096427,0.056892,0.057118,0.058728,0.089456,0.079657,0.078081,0.11022,0.066188,0.056734,0.076262,0.12244,0.061132,0.1115,0.068292,0.058145
0.072701,0.08299,0,0.09571,0.048564,0.097051,0.085197,0.06013,0.12977,0.057245,0.068842,0.091466,0.067787,0.068428,0.063037,0.06968,0.087343,0.087168,0.091046,0.063734,0.070695,0.058372,0.058197,0.12511,0.067215,0.052981,0.072547,0.079596,0.098932,0.058547,0.10102,0.11762,0.074153,0.065833,0.073546,0.07301,0.068142,0.072495,0.1231,0.073469,0.084886,0.12035,0.10817,0.079129,0.10631,0.077829,0.079638,0.067356,0.067131,0.085793,0.064339,0.062365,0.20564,0.058286,0.060969,0.074511,0.085732,0.086482,0.063255,0.070331,0.089234,0.055281,0.075441,0.095462,0.09665,0.072607,0.074981,0.078903,0.092526,0.092812,0.062379,0.07255,0.075795,0.091839,0.097483,0.074046,0.09884,0.072844,0.066527,0.090944,0.10189,0.062441,0.099767,0.071331,0.061609
0.10763,0.1126,0.09571,0,0.079186,0.095414,0.095435,0.094548,0.12004,0.098172,0.10005,0.12398,0.048442,0.11309,0.081291,0.093557,0.10489,0.093094,0.090585,0.098214,0.080678,0.10005,0.09512,0.12755,0.098263,0.091346,0.10167,0.10477,0.13293,0.087022,0.12104,0.11712,0.0916,0.09204,0.10187,0.10204,0.085298,0.069875,0.07587,0.09475,0.10842,0.10658,0.10805,0.10927,0.14013,0.1045,0.092756,0.10153,0.092975,0.095363,0.11094,0.10133,0.1664,0.082563,0.084716,0.11118,0.10821,0.05494,0.082233,0.055567,0.11205,0.086765,0.097657,0.10768,0.10927,0.093591,0.10771,0.09177,0.097627,0.088617,0.097121,0.094189,0.10125,0.074058,0.10871,0.074032,0.0791,0.10762,0.092718,0.11955,0.055443,0.096892,0.11208,0.10223,0.10863
0.058675,0.059886,0.048564,0.079186,0,0.069024,0.065751,0.049462,0.11416,0.054916,0.0545,0.070925,0.055391,0.05591,0.035704,0.055412,0.063084,0.05157,0.085332,0.056899,0.040394,0.042231,0.044642,0.11478,0.052712,0.035021,0.061344,0.059103,0.089506,0.050305,0.087718,0.094802,0.043894,0.048721,0.072486,0.050289,0.050193,0.054929,0.11127,0.055214,0.059821,0.091568,0.09655,0.062002,0.090877,0.055813,0.05534,0.05679,0.053044,0.0588,0.048659,0.050919,0.18644,0.038488,0.041035,0.058502,0.070182,0.077578,0.049135,0.065219,0.072913,0.056251,0.062078,0.076301,0.077754,0.054141,0.060822,0.052965,0.068426,0.070575,0.044655,0.052799,0.052143,0.077602,0.076408,0.042496,0.079195,0.061564,0.052471,0.075942,0.090997,0.054697,0.090778,0.053609,0.056155
0.076124,0.069287,0.097051,0.095414,0.069024,0,0.098097,0.064785,0.10117,0.073539,0.090925,0.089924,0.080424,0.092528,0.070787,0.071414,0.073785,0.053493,0.12917,0.087631,0.071371,0.082152,0.075702,0.1315,0.078706,0.077254,0.096864,0.064013,0.12719,0.069211,0.098333,0.10153,0.071459,0.065401,0.08297,0.065979,0.071998,0.069757,0.12459,0.098032,0.0777,0.075705,0.10413,0.088836,0.1336,0.076231,0.070538,0.086879,0.074979,0.059573,0.080741,0.078506,0.17782,0.079795,0.08358,0.074978,0.081301,0.082687,0.065469,0.086441,0.06096,0.084524,0.081434,0.096821,0.097704,0.083325,0.086659,0.073976,0.05364,0.10012,0.077161,0.061762,0.057337,0.086885,0.076557,0.072215,0.096346,0.082679,0.070885,0.085372,0.10094,0.079367,0.098341,0.077396,0.072439
0.062465,0.080744,0.085197,0.095435,0.065751,0.098097,0,0.076061,0.1463,0.06952,0.067471,0.091303,0.085979,0.079445,0.064374,0.087065,0.077164,0.061322,0.093467,0.073676,0.075374,0.065064,0.058463,0.12269,0.058113,0.067541,0.059325,0.076893,0.11681,0.087206,0.089255,0.11846,0.05006,0.078709,0.076296,0.084736,0.079606,0.070204,0.13406,0.074408,0.077659,0.10467,0.12778,0.08479,0.11055,0.065802,0.066895,0.089489,0.093885,0.089395,0.075829,0.070228,0.1989,0.060556,0.058692,0.071483,0.064569,0.10413,0.090192,0.10237,0.094292,0.091945,0.064622,0.089914,0.091287,0.058767,0.069805,0.064202,0.10149,0.084838,0.065468,0.065975,0.073255,0.098337,0.073605,0.073567,0.10181,0.075678,0.066862,0.076988,0.11193,0.070629,0.10191,0.077091,0.077393
0.046662,0.060851,0.06013,0.094548,0.049462,0.064785,0.076061,0,0.12638,0.03966,0.06841,0.085476,0.070152,0.067071,0.048915,0.050731,0.071711,0.058629,0.099766,0.046278,0.067857,0.054425,0.048059,0.12209,0.059736,0.050252,0.067656,0.062283,0.11028,0.057966,0.085426,0.10067,0.063001,0.05495,0.065592,0.055667,0.056601,0.062557,0.12623,0.073005,0.072502,0.10503,0.10399,0.076205,0.11824,0.059583,0.060907,0.068141,0.062319,0.064798,0.063167,0.053776,0.18563,0.054674,0.057731,0.053038,0.064553,0.081657,0.050901,0.080044,0.056652,0.064493,0.061717,0.072975,0.073961,0.055698,0.066112,0.048709,0.07179,0.086214,0.054316,0.050609,0.042035,0.091681,0.070525,0.066647,0.095463,0.060369,0.050812,0.073789,0.1044,0.053238,0.096417,0.06287,0.057173
0.13467,0.12692,0.12977,0.12004,0.11416,0.10117,0.1463,0.12638,0,0.13789,0.12241,0.13396,0.10431,0.14091,0.11512,0.12228,0.13612,0.12968,0.14969,0.13708,0.11786,0.1396,0.13884,0.12723,0.13975,0.12339,0.15359,0.13694,0.16245,0.10505,0.14277,0.12965,0.12513,0.1108,0.1469,0.12577,0.13364,0.10955,0.10233,0.14087,0.13316,0.091803,0.085246,0.12429,0.17272,0.13239,0.13754,0.1396,0.10208,0.13031,0.14384,0.13821,0.15486,0.12225,0.1242,0.15016,0.14408,0.09026,0.11277,0.10544,0.11211,0.13198,0.13193,0.14231,0.14319,0.12981,0.13237,0.13054,0.10875,0.15404,0.13222,0.13517,0.13084,0.10189,0.14631,0.10911,0.12555,0.15137,0.14213,0.15205,0.10253,0.14311,0.11321,0.13284,0.13097
0.040772,0.068196,0.057245,0.098172,0.054916,0.073539,0.06952,0.03966,0.13789,0,0.065379,0.082432,0.073799,0.06635,0.055283,0.061117,0.074169,0.062113,0.097177,0.057008,0.072369,0.058552,0.038775,0.14201,0.046163,0.051354,0.061279,0.058404,0.099024,0.066479,0.089619,0.10893,0.055453,0.060717,0.047248,0.056073,0.055375,0.064676,0.13305,0.068155,0.067302,0.1094,0.11119,0.083206,0.10706,0.047799,0.062927,0.063835,0.079175,0.074113,0.053218,0.036858,0.19656,0.058885,0.062149,0.051872,0.056084,0.092729,0.060888,0.086996,0.07088,0.054687,0.047575,0.076824,0.077566,0.046873,0.062455,0.057818,0.083991,0.076964,0.054309,0.046696,0.045162,0.092007,0.072823,0.071565,0.097062,0.041191,0.044074,0.069998,0.10946,0.052524,0.098883,0.060345,0.050649
0.063929,0.085445,0.068842,0.10005,0.0545,0.090925,0.067471,0.06841,0.12241,0.065379,0,0.084777,0.075445,0.072638,0.037172,0.067007,0.084634,0.075192,0.075025,0.080834,0.065783,0.071833,0.068296,0.11759,0.066517,0.04803,0.068258,0.084065,0.093053,0.063,0.10147,0.12227,0.059475,0.061562,0.081947,0.076239,0.069445,0.058209,0.12384,0.055143,0.069154,0.10684,0.10189,0.088454,0.099779,0.047773,0.078277,0.071723,0.076372,0.088785,0.067146,0.068591,0.18773,0.050382,0.050935,0.079351,0.082581,0.08997,0.07556,0.085948,0.087462,0.084882,0.061161,0.089352,0.090541,0.055305,0.066013,0.077655,0.098571,0.081368,0.05896,0.067732,0.072617,0.093733,0.089438,0.065569,0.091049,0.068238,0.07244,0.092184,0.10293,0.075825,0.082404,0.078693,0.078755
0.081185,0.074968,0.091466,0.12398,0.070925,0.089924,0.091303,0.085476,0.13396,0.082432,0.084777,0,0.10415,0.069819,0.073108,0.10382,0.10095,0.08018,0.12953,0.091459,0.096284,0.075155,0.081112,0.1425,0.077564,0.078752,0.091061,0.053267,0.10404,0.091545,0.12189,0.12182,0.073118,0.07219,0.087202,0.058205,0.089109,0.095378,0.14365,0.086399,0.040915,0.094557,0.13145,0.095691,0.087639,0.066578,0.077725,0.091583,0.097662,0.087747,0.077397,0.067126,0.21424,0.078952,0.081157,0.09243,0.086368,0.11837,0.095274,0.11026,0.095967,0.099339,0.078574,0.10352,0.10468,0.094133,0.087575,0.079576,0.075354,0.11119,0.07028,0.080212,0.073709,0.098485,0.096723,0.085818,0.12088,0.073484,0.085329,0.099118,0.13495,0.075976,0.13585,0.093541,0.080423
0.082172,0.092047,0.067787,0.048442,0.055391,0.080424,0.085979,0.070152,0.10431,0.073799,0.075445,0.10415,0,0.086725,0.059133,0.070135,0.08683,0.07734,0.071054,0.075201,0.05981,0.078469,0.074214,0.11881,0.075849,0.064867,0.086583,0.089298,0.10847,0.054414,0.098948,0.10253,0.069617,0.066661,0.089297,0.079997,0.068041,0.05438,0.072753,0.075101,0.094774,0.10048,0.086609,0.090595,0.11868,0.08415,0.072379,0.077752,0.064256,0.080145,0.090701,0.077631,0.16401,0.057137,0.06039,0.088631,0.088966,0.041365,0.055196,0.042132,0.093476,0.067742,0.079968,0.086038,0.087121,0.069014,0.084409,0.081046,0.079136,0.075706,0.077295,0.077066,0.075478,0.056957,0.094487,0.055129,0.07165,0.084164,0.073018,0.10144,0.052262,0.077136,0.097076,0.078617,0.078554
0.065595,0.064518,0.068428,0.11309,0.05591,0.092528,0.079445,0.067071,0.14091,0.06635,0.072638,0.069819,0.086725,0,0.06658,0.083876,0.079128,0.06747,0.097089,0.058395,0.073378,0.059955,0.053662,0.13517,0.05854,0.053353,0.076494,0.058064,0.085805,0.071622,0.098441,0.11155,0.059062,0.06604,0.082213,0.054368,0.069486,0.075013,0.13477,0.068377,0.060806,0.10751,0.12749,0.078911,0.094659,0.064199,0.065442,0.069157,0.084932,0.077697,0.063053,0.055763,0.21438,0.066356,0.068244,0.065118,0.060803,0.1083,0.068511,0.097341,0.082741,0.074515,0.064441,0.078643,0.079795,0.072315,0.07394,0.069545,0.08698,0.087163,0.065742,0.067647,0.062593,0.10242,0.084014,0.072344,0.097331,0.061871,0.056972,0.080444,0.12104,0.063931,0.1138,0.063119,0.052956
0.057536,0.075318,0.063037,0.081291,0.035704,0.070787,0.064374,0.048915,0.11512,0.055283,0.037172,0.073108,0.059133,0.06658,0,0.061595,0.071149,0.056142,0.079958,0.064574,0.052474,0.058036,0.057586,0.11455,0.059491,0.041917,0.062738,0.067126,0.093693,0.054415,0.088242,0.10232,0.051123,0.043453,0.074868,0.05956,0.051925,0.047779,0.11199,0.048432,0.059877,0.097215,0.096478,0.071236,0.097153,0.046235,0.059874,0.061618,0.065088,0.071564,0.061442,0.057676,0.17591,0.030384,0.033883,0.067209,0.073609,0.07323,0.060173,0.066428,0.07791,0.073166,0.058793,0.083721,0.085051,0.051128,0.05727,0.056441,0.079644,0.070545,0.049337,0.056389,0.052882,0.080801,0.071824,0.049921,0.07776,0.062094,0.060533,0.080271,0.089993,0.060151,0.092871,0.070664,0.068494
0.070916,0.073262,0.06968,0.093557,0.055412,0.071414,0.087065,0.050731,0.12228,0.061117,0.067007,0.10382,0.070135,0.083876,0.061595,0,0.082412,0.069509,0.099192,0.07377,0.061575,0.069497,0.068227,0.12043,0.075223,0.051798,0.076647,0.079482,0.10069,0.063105,0.093887,0.119,0.070938,0.075489,0.081834,0.069748,0.067955,0.05882,0.12617,0.07492,0.084435,0.11601,0.1014,0.096573,0.11826,0.068448,0.073227,0.070011,0.066355,0.067857,0.069753,0.071829,0.17568,0.067838,0.068096,0.066458,0.083416,0.082479,0.056128,0.082288,0.071311,0.071857,0.080514,0.084619,0.085681,0.069463,0.07682,0.072758,0.081059,0.089642,0.068945,0.054618,0.061182,0.096285,0.089153,0.071872,0.098746,0.075922,0.06639,0.090274,0.1015,0.064231,0.088412,0.072357,0.077004
0.059532,0.0747,0.087343,0.10489,0.063084,0.073785,0.077164,0.071711,0.13612,0.074169,0.084634,0.10095,0.08683,0.079128,0.071149,0.082412,0,0.050348,0.11076,0.075314,0.068462,0.070971,0.058434,0.13988,0.073046,0.069299,0.076452,0.080062,0.12523,0.078593,0.078533,0.10017,0.053142,0.067615,0.079472,0.081065,0.069652,0.076452,0.13784,0.098516,0.091968,0.099263,0.12742,0.074249,0.12414,0.075879,0.062944,0.078449,0.079853,0.071509,0.073623,0.073931,0.20894,0.073008,0.075566,0.065115,0.067897,0.10664,0.074045,0.1042,0.075401,0.081811,0.073548,0.086847,0.08808,0.069902,0.081756,0.079083,0.093266,0.086037,0.06343,0.071725,0.06501,0.1039,0.062202,0.057377,0.1061,0.073542,0.059234,0.059152,0.11142,0.08033,0.10136,0.068736,0.061929
0.054969,0.056264,0.087168,0.093094,0.05157,0.053493,0.061322,0.058629,0.12968,0.062113,0.075192,0.08018,0.07734,0.06747,0.056142,0.069509,0.050348,0,0.10603,0.062565,0.05724,0.055249,0.048028,0.12382,0.057196,0.059089,0.065146,0.05226,0.10445,0.067573,0.079389,0.092282,0.04405,0.059636,0.076913,0.058021,0.056753,0.061792,0.13078,0.072524,0.065717,0.085985,0.11814,0.072917,0.1056,0.059363,0.039123,0.069016,0.075566,0.049861,0.060626,0.060786,0.19238,0.057745,0.059214,0.043921,0.058942,0.095431,0.06506,0.091642,0.072474,0.075616,0.064508,0.079838,0.080873,0.060946,0.064991,0.054344,0.068105,0.073843,0.055246,0.042111,0.040676,0.09145,0.049064,0.061866,0.092377,0.061486,0.046454,0.057563,0.10485,0.058568,0.10241,0.054791,0.058392
0.096285,0.12393,0.091046,0.090585,0.085332,0.12917,0.093467,0.099766,0.14969,0.097177,0.075025,0.12953,0.071054,0.097089,0.079958,0.099192,0.11076,0.10603,0,0.095417,0.085275,0.1001,0.092954,0.14286,0.097457,0.085587,0.096887,0.12444,0.10897,0.092216,0.12709,0.12349,0.089988,0.098069,0.11746,0.11514,0.093789,0.087385,0.1042,0.07952,0.11424,0.13638,0.11536,0.11835,0.12474,0.094789,0.10563,0.098222,0.10265,0.11797,0.1076,0.10154,0.19456,0.083256,0.084161,0.10688,0.11485,0.095262,0.092378,0.088896,0.12944,0.094067,0.094576,0.096769,0.097306,0.077625,0.097712,0.10323,0.12994,0.073828,0.097024,0.1029,0.10554,0.10541,0.11987,0.084187,0.094732,0.098677,0.097299,0.12408,0.092017,0.10935,0.10375,0.094164,0.10636
0.052164,0.061665,0.063734,0.098214,0.056899,0.087631,0.073676,0.046278,0.13708,0.057008,0.080834,0.091459,0.075201,0.058395,0.064574,0.07377,0.075314,0.062565,0.095417,0,0.077379,0.051173,0.043393,0.11846,0.066937,0.053939,0.058139,0.06886,0.10037,0.066826,0.088908,0.092072,0.069074,0.063611,0.083826,0.062699,0.0596,0.072319,0.12469,0.070016,0.081085,0.10906,0.11362,0.069123,0.10878,0.073403,0.058961,0.059862,0.067951,0.071184,0.073988,0.057805,0.20024,0.060754,0.062096,0.061139,0.067049,0.093081,0.05535,0.088782,0.073376,0.062912,0.063275,0.07141,0.072566,0.059797,0.061303,0.05692,0.084385,0.087158,0.053014,0.058486,0.054861,0.098022,0.066852,0.077276,0.10071,0.066946,0.04846,0.068199,0.10619,0.054003,0.11235,0.057763,0.062898
0.077413,0.079761,0.070695,0.080678,0.040394,0.071371,0.075374,0.067857,0.11786,0.072369,0.065783,0.096284,0.05981,0.073378,0.052474,0.061575,0.068462,0.05724,0.085275,0.077379,0,0.059889,0.062284,0.12324,0.061335,0.048353,0.074864,0.076377,0.10065,0.060594,0.090612,0.10465,0.052404,0.063217,0.09393,0.073699,0.056845,0.061835,0.11154,0.06617,0.080635,0.10166,0.10014,0.074303,0.10789,0.074078,0.068713,0.064712,0.062256,0.067848,0.067571,0.07339,0.17928,0.053776,0.056264,0.06678,0.085822,0.077216,0.054135,0.065979,0.086614,0.076061,0.084822,0.090529,0.09151,0.064834,0.062597,0.069554,0.081972,0.065532,0.068948,0.059446,0.060769,0.084246,0.083032,0.0496,0.068685,0.081262,0.063317,0.08578,0.084768,0.072777,0.081616,0.059495,0.067344
0.057604,0.057706,0.058372,0.10005,0.042231,0.082152,0.065064,0.054425,0.1396,0.058552,0.071833,0.075155,0.078469,0.059955,0.058036,0.069497,0.070971,0.055249,0.1001,0.051173,0.059889,0,0.042064,0.12608,0.047825,0.049645,0.055773,0.056745,0.099956,0.063318,0.095951,0.11035,0.061439,0.067887,0.077316,0.062922,0.051801,0.076559,0.13431,0.063398,0.06495,0.10821,0.11947,0.070883,0.094138,0.068792,0.055709,0.057218,0.0604,0.065125,0.049236,0.055931,0.20612,0.056399,0.058031,0.053047,0.069684,0.09829,0.058025,0.086164,0.078204,0.073275,0.074165,0.083808,0.084916,0.062301,0.058302,0.060513,0.070607,0.08033,0.036845,0.047828,0.050097,0.096511,0.069055,0.073799,0.099434,0.058942,0.043492,0.06702,0.11447,0.042121,0.10599,0.060543,0.05794
0.036381,0.054937,0.058197,0.09512,0.044642,0.075702,0.058463,0.048059,0.13884,0.038775,0.068296,0.081112,0.074214,0.053662,0.057586,0.068227,0.058434,0.048028,0.092954,0.043393,0.062284,0.042064,0,0.12871,0.043576,0.049143,0.049933,0.053714,0.10122,0.066148,0.09097,0.097527,0.047349,0.054909,0.058359,0.056259,0.053678,0.069883,0.1292,0.065844,0.064814,0.098537,0.11017,0.066678,0.10116,0.051975,0.053371,0.060356,0.070261,0.063007,0.044881,0.03776,0.21091,0.058464,0.061084,0.042651,0.053987,0.095087,0.055986,0.08884,0.071508,0.049422,0.044896,0.067606,0.068881,0.049481,0.059951,0.058125,0.078711,0.075092,0.040759,0.044807,0.048859,0.094785,0.063678,0.065749,0.088344,0.042835,0.029495,0.061675,0.10766,0.052959,0.09619,0.042412,0.044377
0.13515,0.12024,0.12511,0.12755,0.11478,0.1315,0.12269,0.12209,0.12723,0.14201,0.11759,0.1425,0.11881,0.13517,0.11455,0.12043,0.13988,0.12382,0.14286,0.11846,0.12324,0.12608,0.12871,0,0.13886,0.11748,0.12309,0.13407,0.15506,0.10673,0.13631,0.14776,0.13024,0.11025,0.14993,0.12671,0.13378,0.11453,0.1381,0.12263,0.13931,0.12816,0.12221,0.11961,0.15284,0.13558,0.11813,0.1337,0.1043,0.11902,0.1382,0.13698,0.19838,0.107,0.10424,0.13351,0.1416,0.1117,0.12507,0.12182,0.13085,0.13525,0.13104,0.13925,0.14079,0.13451,0.12927,0.13074,0.12241,0.15638,0.12246,0.12703,0.13504,0.12521,0.13319,0.1274,0.13047,0.14741,0.13317,0.14324,0.12116,0.12418,0.13696,0.13011,0.13761
0.057841,0.063726,0.067215,0.098263,0.052712,0.078706,0.058113,0.059736,0.13975,0.046163,0.066517,0.077564,0.075849,0.05854,0.059491,0.075223,0.073046,0.057196,0.097457,0.066937,0.061335,0.047825,0.043576,0.13886,0,0.050646,0.059532,0.05313,0.10405,0.066089,0.096323,0.11523,0.048546,0.069871,0.060815,0.056936,0.058442,0.06605,0.13621,0.066834,0.064312,0.10434,0.12246,0.071798,0.098922,0.062811,0.060273,0.065469,0.074598,0.075403,0.052476,0.046604,0.20138,0.054648,0.057073,0.05844,0.048861,0.09715,0.069105,0.088701,0.078191,0.076561,0.06046,0.073366,0.074094,0.051324,0.068783,0.063584,0.079604,0.072614,0.055851,0.049028,0.05504,0.089222,0.079174,0.0685,0.0875,0.049485,0.039038,0.075957,0.11501,0.054828,0.09888,0.065205,0.052132
0.058468,0.059755,0.052981,0.091346,0.035021,0.077254,0.067541,0.050252,0.12339,0.051354,0.04803,0.078752,0.064867,0.053353,0.041917,0.051798,0.069299,0.059089,0.085587,0.053939,0.048353,0.049645,0.049143,0.11748,0.050646,0,0.049921,0.062017,0.081053,0.049221,0.086537,0.10995,0.047072,0.052498,0.077734,0.049687,0.04287,0.052808,0.12065,0.053051,0.066206,0.10227,0.10635,0.072237,0.089125,0.056599,0.055351,0.038459,0.054884,0.063237,0.059665,0.04949,0.1857,0.040187,0.041679,0.06422,0.067092,0.085606,0.048221,0.07836,0.068808,0.066991,0.061288,0.073567,0.074924,0.049043,0.04942,0.058653,0.080539,0.069847,0.045995,0.046151,0.049008,0.080385,0.074861,0.052418,0.088655,0.059873,0.047481,0.071904,0.095845,0.049606,0.092598,0.057964,0.060214
0.061511,0.076803,0.072547,0.10167,0.061344,0.096864,0.059325,0.067656,0.15359,0.061279,0.068258,0.091061,0.086583,0.076494,0.062738,0.076647,0.076452,0.065146,0.096887,0.058139,0.074864,0.055773,0.049933,0.12309,0.059532,0.049921,0,0.069318,0.097883,0.079636,0.10311,0.11223,0.0627,0.07122,0.079042,0.069734,0.063491,0.074667,0.14137,0.065241,0.07721,0.11814,0.12946,0.076141,0.092513,0.067698,0.062571,0.05187,0.079755,0.073049,0.071392,0.060352,0.21314,0.056481,0.056496,0.069825,0.077196,0.10667,0.077798,0.098743,0.091432,0.079565,0.063661,0.081636,0.083053,0.063245,0.063946,0.072385,0.099144,0.083286,0.044468,0.049982,0.066158,0.10479,0.072857,0.07802,0.10509,0.060353,0.048056,0.073976,0.11579,0.056269,0.11301,0.069372,0.081039
0.066905,0.054212,0.079596,0.10477,0.059103,0.064013,0.076893,0.062283,0.13694,0.058404,0.084065,0.053267,0.089298,0.058064,0.067126,0.079482,0.080062,0.05226,0.12444,0.06886,0.076377,0.056745,0.053714,0.13407,0.05313,0.062017,0.069318,0,0.10282,0.076609,0.10299,0.11451,0.06055,0.062725,0.06372,0.037397,0.066,0.073967,0.14011,0.076328,0.042196,0.094557,0.12851,0.080458,0.098312,0.060525,0.052521,0.070593,0.08503,0.058528,0.059823,0.048621,0.20917,0.068368,0.071032,0.062666,0.058755,0.1023,0.071697,0.095052,0.074229,0.077781,0.064843,0.08867,0.090063,0.081286,0.075522,0.063809,0.059461,0.096418,0.058327,0.046018,0.049606,0.094414,0.07115,0.078093,0.10004,0.055439,0.049069,0.075692,0.12164,0.045928,0.12191,0.072012,0.059558
0.11077,0.11086,0.098932,0.13293,0.089506,0.12719,0.11681,0.11028,0.16245,0.099024,0.093053,0.10404,0.10847,0.085805,0.093693,0.10069,0.12523,0.10445,0.10897,0.10037,0.10065,0.099956,0.10122,0.15506,0.10405,0.081053,0.097883,0.10282,0,0.09878,0.12272,0.13622,0.099411,0.10555,0.12585,0.088618,0.092236,0.10132,0.15183,0.06582,0.09722,0.14734,0.14201,0.12187,0.06759,0.094081,0.097051,0.076246,0.11713,0.10413,0.095541,0.093739,0.20565,0.090056,0.08913,0.10055,0.11527,0.13467,0.10126,0.11577,0.13165,0.097865,0.10521,0.12134,0.12185,0.099698,0.092182,0.10665,0.1239,0.09504,0.1008,0.095778,0.095901,0.12374,0.11709,0.11032,0.12533,0.09568,0.10191,0.1121,0.13402,0.092162,0.1467,0.095913,0.10867
0.072525,0.069868,0.058547,0.087022,0.050305,0.069211,0.087206,0.057966,0.10505,0.066479,0.063,0.091545,0.054414,0.071622,0.054415,0.063105,0.078593,0.067573,0.092216,0.066826,0.060594,0.063318,0.066148,0.10673,0.066089,0.049221,0.079636,0.076609,0.09878,0,0.086651,0.11045,0.068194,0.056479,0.08488,0.066664,0.052576,0.057183,0.10859,0.070387,0.085967,0.093778,0.097181,0.082475,0.10984,0.078245,0.060595,0.062363,0.045218,0.061869,0.072864,0.072028,0.17814,0.04892,0.052421,0.071024,0.078835,0.071717,0.046684,0.064646,0.070561,0.070738,0.074309,0.089807,0.090726,0.063385,0.073347,0.077494,0.066351,0.083268,0.06208,0.064994,0.061879,0.069916,0.080155,0.065385,0.089799,0.074885,0.061868,0.078836,0.081077,0.063023,0.088408,0.066073,0.06319
0.088647,0.10043,0.10102,0.12104,0.087718,0.098333,0.089255,0.085426,0.14277,0.089619,0.10147,0.12189,0.098948,0.098441,0.088242,0.093887,0.078533,0.079389,0.12709,0.088908,0.090612,0.095951,0.09097,0.13631,0.096323,0.086537,0.10311,0.10299,0.12272,0.086651,0,0.12401,0.079697,0.090901,0.10481,0.10157,0.091031,0.087728,0.14321,0.10213,0.11952,0.12718,0.1351,0.098865,0.13635,0.10006,0.077372,0.10106,0.10432,0.091154,0.10287,0.099939,0.17435,0.077793,0.077551,0.079671,0.080425,0.116,0.090949,0.11217,0.093126,0.10665,0.099702,0.12464,0.1255,0.083446,0.088078,0.091203,0.11256,0.10874,0.10184,0.098072,0.076605,0.1141,0.068767,0.090377,0.12088,0.108,0.094531,0.062463,0.11421,0.088658,0.12253,0.090852,0.08555
0.098563,0.11266,0.11762,0.11712,0.094802,0.10153,0.11846,0.10067,0.12965,0.10893,0.12227,0.12182,0.10253,0.11155,0.10232,0.119,0.10017,0.092282,0.12349,0.092072,0.10465,0.11035,0.097527,0.14776,0.11523,0.10995,0.11223,0.11451,0.13622,0.11045,0.12401,0,0.097601,0.10063,0.1279,0.10556,0.11416,0.10993,0.12978,0.11944,0.11693,0.10473,0.1214,0.086653,0.14683,0.11241,0.11171,0.11493,0.10882,0.1016,0.11889,0.11286,0.20578,0.10337,0.1058,0.10526,0.12208,0.11871,0.10383,0.10947,0.11339,0.097053,0.10301,0.10533,0.10539,0.10035,0.1134,0.091384,0.11414,0.11719,0.10683,0.10878,0.10172,0.12587,0.113,0.093937,0.12164,0.11796,0.10777,0.1155,0.12043,0.12502,0.1248,0.081944,0.10967
0.050039,0.065038,0.074153,0.0916,0.043894,0.071459,0.05006,0.063001,0.12513,0.055453,0.059475,0.073118,0.069617,0.059062,0.051123,0.070938,0.053142,0.04405,0.089988,0.069074,0.052404,0.061439,0.047349,0.13024,0.048546,0.047072,0.0627,0.06055,0.099411,0.068194,0.079697,0.097601,0,0.055584,0.069194,0.059988,0.063875,0.060046,0.12027,0.072364,0.064012,0.084277,0.11252,0.075283,0.099768,0.049415,0.053717,0.071493,0.076877,0.065842,0.063944,0.053328,0.19183,0.0514,0.053234,0.060572,0.057371,0.094196,0.067065,0.090012,0.075073,0.07284,0.05292,0.074062,0.075229,0.048551,0.062772,0.056908,0.081378,0.070756,0.057318,0.055384,0.05032,0.080027,0.06922,0.038951,0.09158,0.060269,0.054683,0.067413,0.098328,0.067649,0.09081,0.052724,0.054038
0.05785,0.067839,0.065833,0.09204,0.048721,0.065401,0.078709,0.05495,0.1108,0.060717,0.061562,0.07219,0.066661,0.06604,0.043453,0.075489,0.067615,0.059636,0.098069,0.063611,0.063217,0.067887,0.054909,0.11025,0.069871,0.052498,0.07122,0.062725,0.10555,0.056479,0.090901,0.10063,0.055584,0,0.077944,0.056363,0.059364,0.065624,0.1105,0.071399,0.069039,0.085742,0.090786,0.071126,0.10332,0.055437,0.055478,0.066761,0.063029,0.068059,0.069598,0.052863,0.19255,0.049511,0.05414,0.070438,0.075845,0.074835,0.058568,0.077587,0.076088,0.066419,0.05845,0.084588,0.086012,0.067978,0.060552,0.071169,0.073139,0.08666,0.055276,0.063287,0.055426,0.074405,0.069673,0.056286,0.082167,0.064391,0.061687,0.079096,0.087735,0.065972,0.10183,0.067219,0.055217
0.061396,0.081563,0.073546,0.10187,0.072486,0.08297,0.076296,0.065592,0.1469,0.047248,0.081947,0.087202,0.089297,0.082213,0.074868,0.081834,0.079472,0.076913,0.11746,0.083826,0.09393,0.077316,0.058359,0.14993,0.060815,0.077734,0.079042,0.06372,0.12585,0.08488,0.10481,0.1279,0.069194,0.077944,0,0.072317,0.080833,0.075631,0.14338,0.093679,0.073183,0.11006,0.13093,0.096628,0.12518,0.062327,0.076542,0.092412,0.099269,0.084438,0.064832,0.05803,0.21617,0.079063,0.082066,0.073198,0.056914,0.10437,0.085456,0.099886,0.079057,0.072049,0.052289,0.093223,0.09468,0.076104,0.097923,0.080803,0.08979,0.10255,0.068105,0.07022,0.074821,0.10373,0.086019,0.081925,0.10891,0.054114,0.060234,0.083849,0.12346,0.068535,0.11038,0.085852,0.068179
0.067233,0.045552,0.07301,0.10204,0.050289,0.065979,0.084736,0.055667,0.12577,0.056073,0.076239,0.058205,0.079997,0.054368,0.05956,0.069748,0.081065,0.058021,0.11514,0.062699,0.073699,0.062922,0.056259,0.12671,0.056936,0.049687,0.069734,0.037397,0.088618,0.066664,0.10157,0.10556,0.059988,0.056363,0.072317,0,0.061409,0.06699,0.13328,0.068762,0.052245,0.094177,0.11431,0.074186,0.085518,0.059476,0.053119,0.060677,0.072083,0.06163,0.05902,0.039398,0.19562,0.059271,0.061203,0.067082,0.061237,0.096057,0.066268,0.09167,0.071461,0.067566,0.061498,0.070098,0.071315,0.071988,0.074933,0.060112,0.063603,0.087399,0.059184,0.052324,0.0527,0.083847,0.08353,0.069007,0.095376,0.054516,0.054269,0.084352,0.11547,0.052632,0.11963,0.07035,0.060187
0.065731,0.067135,0.068142,0.085298,0.050193,0.071998,0.079606,0.056601,0.13364,0.055375,0.069445,0.089109,0.068041,0.069486,0.051925,0.067955,0.069652,0.056753,0.093789,0.0596,0.056845,0.051801,0.053678,0.13378,0.058442,0.04287,0.063491,0.066,0.092236,0.052576,0.091031,0.11416,0.063875,0.059364,0.080833,0.061409,0,0.064501,0.12224,0.059294,0.075093,0.10426,0.11347,0.08443,0.09797,0.068231,0.051823,0.038907,0.062151,0.062126,0.06231,0.056585,0.18583,0.054424,0.058192,0.064257,0.072052,0.087238,0.044693,0.078226,0.075215,0.066999,0.070769,0.085554,0.086662,0.054521,0.053965,0.063075,0.077472,0.055231,0.04933,0.049053,0.047147,0.080265,0.063188,0.065702,0.088794,0.059175,0.044203,0.063877,0.092697,0.050409,0.10439,0.065399,0.064699
0.074568,0.080739,0.072495,0.069875,0.054929,0.069757,0.070204,0.062557,0.10955,0.064676,0.058209,0.095378,0.05438,0.075013,0.047779,0.05882,0.076452,0.061792,0.087385,0.072319,0.061835,0.076559,0.069883,0.11453,0.06605,0.052808,0.074667,0.073967,0.10132,0.057183,0.087728,0.10993,0.060046,0.065624,0.075631,0.06699,0.064501,0,0.11112,0.069299,0.077107,0.099023,0.10932,0.081524,0.11744,0.067774,0.065918,0.071327,0.075971,0.077949,0.078388,0.071105,0.16883,0.049472,0.050022,0.076625,0.069378,0.066389,0.067294,0.064975,0.078453,0.075781,0.067139,0.086757,0.088139,0.064767,0.076363,0.065508,0.086737,0.079433,0.070996,0.058262,0.0685,0.078462,0.082487,0.057708,0.082608,0.076994,0.06389,0.088867,0.083505,0.065472,0.090555,0.079794,0.073757
0.13169,0.14092,0.1231,0.07587,0.11127,0.12459,0.13406,0.12623,0.10233,0.13305,0.12384,0.14365,0.072753,0.13477,0.11199,0.12617,0.13784,0.13078,0.1042,0.12469,0.11154,0.13431,0.1292,0.1381,0.13621,0.12065,0.14137,0.14011,0.15183,0.10859,0.14321,0.12978,0.12027,0.1105,0.14338,0.13328,0.12224,0.11112,0,0.12388,0.138,0.11409,0.090646,0.13844,0.16435,0.13086,0.1276,0.13255,0.11103,0.12594,0.14961,0.13364,0.15995,0.11623,0.11913,0.14894,0.14242,0.069055,0.099464,0.08294,0.13306,0.11818,0.12447,0.13312,0.13437,0.12123,0.12965,0.13028,0.1168,0.1282,0.12921,0.13574,0.12844,0.087657,0.13783,0.09999,0.101,0.14202,0.13201,0.1492,0.05294,0.13587,0.1286,0.12559,0.1348
0.077537,0.086345,0.073469,0.09475,0.055214,0.098032,0.074408,0.073005,0.14087,0.068155,0.055143,0.086399,0.075101,0.068377,0.048432,0.07492,0.098516,0.072524,0.07952,0.070016,0.06617,0.063398,0.065844,0.12263,0.066834,0.053051,0.065241,0.076328,0.06582,0.070387,0.10213,0.11944,0.072364,0.071399,0.093679,0.068762,0.059294,0.069299,0.12388,0,0.069137,0.12145,0.10855,0.087299,0.075667,0.061783,0.06923,0.058928,0.084399,0.082299,0.064851,0.065312,0.18507,0.049991,0.049709,0.072791,0.08424,0.093859,0.071522,0.08019,0.10267,0.07871,0.072958,0.094889,0.095966,0.063087,0.061636,0.074401,0.095303,0.069413,0.065425,0.065237,0.067849,0.098975,0.084358,0.082311,0.078055,0.068216,0.068008,0.090296,0.10513,0.061734,0.11399,0.07646,0.084828
0.06879,0.068889,0.084886,0.10842,0.059821,0.0777,0.077659,0.072502,0.13316,0.067302,0.069154,0.040915,0.094774,0.060806,0.059877,0.084435,0.091968,0.065717,0.11424,0.081085,0.080635,0.06495,0.064814,0.13931,0.064312,0.066206,0.07721,0.042196,0.09722,0.085967,0.11952,0.11693,0.064012,0.069039,0.073183,0.052245,0.075093,0.077107,0.138,0.069137,0,0.093112,0.12312,0.089877,0.094465,0.045368,0.074293,0.079861,0.093471,0.078184,0.060222,0.057726,0.20866,0.073944,0.07603,0.077765,0.075504,0.10698,0.081461,0.098363,0.084047,0.085218,0.062633,0.091988,0.093407,0.080325,0.076922,0.064944,0.0747,0.096177,0.058768,0.058617,0.063979,0.102,0.08703,0.078223,0.10192,0.060164,0.067435,0.092577,0.12648,0.066517,0.11552,0.080101,0.075997
0.097008,0.084774,0.12035,0.10658,0.091568,0.075705,0.10467,0.10503,0.091803,0.1094,0.10684,0.094557,0.10048,0.10751,0.097215,0.11601,0.099263,0.085985,0.13638,0.10906,0.10166,0.10821,0.098537,0.12816,0.10434,0.10227,0.11814,0.094557,0.14734,0.093778,0.12718,0.10473,0.084277,0.085742,0.11006,0.094177,0.10426,0.099023,0.11409,0.12145,0.093112,0,0.10911,0.10646,0.14425,0.09778,0.098367,0.1192,0.095017,0.090794,0.11143,0.10355,0.19451,0.10401,0.10658,0.11484,0.10437,0.1054,0.096983,0.1132,0.085203,0.10662,0.088507,0.1067,0.1079,0.099948,0.11027,0.09451,0.078502,0.12208,0.09611,0.10123,0.09935,0.085413,0.10614,0.082726,0.11761,0.11147,0.10374,0.11018,0.10526,0.11621,0.10548,0.093786,0.10042
0.10849,0.1153,0.10817,0.10805,0.09655,0.10413,0.12778,0.10399,0.085246,0.11119,0.10189,0.13145,0.086609,0.12749,0.096478,0.1014,0.12742,0.11814,0.11536,0.11362,0.10014,0.11947,0.11017,0.12221,0.12246,0.10635,0.12946,0.12851,0.14201,0.097181,0.1351,0.1214,0.11252,0.090786,0.13093,0.11431,0.11347,0.10932,0.090646,0.10855,0.12312,0.10911,0,0.11517,0.14799,0.1065,0.12253,0.12029,0.088012,0.11991,0.11799,0.11084,0.16389,0.1067,0.10876,0.12549,0.13176,0.076654,0.09094,0.095805,0.11227,0.10038,0.1093,0.11645,0.11715,0.10244,0.10758,0.11863,0.10703,0.12645,0.11236,0.1189,0.1131,0.099811,0.13131,0.10312,0.092168,0.12399,0.12162,0.13959,0.091152,0.12679,0.10297,0.10927,0.11522
0.079946,0.080428,0.079129,0.10927,0.062002,0.088836,0.08479,0.076205,0.12429,0.083206,0.088454,0.095691,0.090595,0.078911,0.071236,0.096573,0.074249,0.072917,0.11835,0.069123,0.074303,0.070883,0.066678,0.11961,0.071798,0.072237,0.076141,0.080458,0.12187,0.082475,0.098865,0.086653,0.075283,0.071126,0.096628,0.074186,0.08443,0.081524,0.13844,0.087299,0.089877,0.10646,0.11517,0,0.11554,0.090395,0.084118,0.080241,0.07569,0.089477,0.078228,0.077908,0.20549,0.0647,0.066197,0.081662,0.083103,0.1013,0.085041,0.09195,0.088493,0.087377,0.082661,0.093447,0.094511,0.079747,0.082713,0.07768,0.098031,0.10474,0.073558,0.081998,0.082489,0.11128,0.090349,0.077892,0.089396,0.091349,0.073833,0.090613,0.12041,0.085204,0.11073,0.078699,0.076744
0.11319,0.10271,0.10631,0.14013,0.090877,0.1336,0.11055,0.11824,0.17272,0.10706,0.099779,0.087639,0.11868,0.094659,0.097153,0.11826,0.12414,0.1056,0.12474,0.10878,0.10789,0.094138,0.10116,0.15284,0.098922,0.089125,0.092513,0.098312,0.06759,0.10984,0.13635,0.14683,0.099768,0.10332,0.12518,0.085518,0.09797,0.11744,0.16435,0.075667,0.094465,0.14425,0.14799,0.11554,0,0.09782,0.090832,0.084872,0.11399,0.11137,0.090332,0.084944,0.22422,0.089929,0.088377,0.10801,0.11434,0.14357,0.11697,0.13128,0.14114,0.11001,0.10889,0.11561,0.11627,0.10635,0.098594,0.11336,0.12003,0.099658,0.093349,0.10182,0.10365,0.11828,0.12176,0.11299,0.12952,0.089815,0.10364,0.11897,0.14881,0.092238,0.16386,0.11091,0.1096
0.043086,0.071142,0.077829,0.1045,0.055813,0.076231,0.065802,0.059583,0.13239,0.047799,0.047773,0.066578,0.08415,0.064199,0.046235,0.068448,0.075879,0.059363,0.094789,0.073403,0.074078,0.068792,0.051975,0.13558,0.062811,0.056599,0.067698,0.060525,0.094081,0.078245,0.10006,0.11241,0.049415,0.055437,0.062327,0.059476,0.068231,0.067774,0.13086,0.061783,0.045368,0.09778,0.1065,0.090395,0.09782,0,0.067102,0.074739,0.088926,0.077791,0.054919,0.046766,0.19894,0.064167,0.066084,0.064676,0.065838,0.099311,0.073201,0.097949,0.078314,0.072024,0.040773,0.08072,0.082018,0.056877,0.064579,0.065451,0.086646,0.083008,0.053318,0.056062,0.054551,0.098321,0.074186,0.067578,0.095251,0.045764,0.061114,0.079793,0.11403,0.067686,0.099466,0.069174,0.066684
0.062874,0.055526,0.079638,0.092756,0.05534,0.070538,0.066895,0.060907,0.13754,0.062927,0.078277,0.077725,0.072379,0.065442,0.059874,0.073227,0.062944,0.039123,0.10563,0.058961,0.068713,0.055709,0.053371,0.11813,0.060273,0.055351,0.062571,0.052521,0.097051,0.060595,0.077372,0.11171,0.053717,0.055478,0.076542,0.053119,0.051823,0.065918,0.1276,0.06923,0.074293,0.098367,0.12253,0.084118,0.090832,0.067102,0,0.061912,0.072161,0.052077,0.067231,0.053266,0.19365,0.051288,0.052334,0.054429,0.056551,0.093356,0.064614,0.092261,0.08148,0.075078,0.067949,0.081009,0.082291,0.06771,0.067643,0.067663,0.066348,0.075534,0.054942,0.050977,0.04503,0.077763,0.052055,0.068037,0.098218,0.056331,0.046911,0.059348,0.10092,0.041279,0.12165,0.068513,0.057451
0.073116,0.074167,0.067356,0.10153,0.05679,0.086879,0.089489,0.068141,0.1396,0.063835,0.071723,0.091583,0.077752,0.069157,0.061618,0.070011,0.078449,0.069016,0.098222,0.059862,0.064712,0.057218,0.060356,0.1337,0.065469,0.038459,0.05187,0.070593,0.076246,0.062363,0.10106,0.11493,0.071493,0.066761,0.092412,0.060677,0.038907,0.071327,0.13255,0.058928,0.079861,0.1192,0.12029,0.080241,0.084872,0.074739,0.061912,0,0.065572,0.068929,0.070034,0.060256,0.19827,0.058644,0.060988,0.073851,0.082821,0.09837,0.055659,0.08684,0.086329,0.073048,0.077293,0.087102,0.088127,0.066462,0.056064,0.078277,0.090039,0.071659,0.051503,0.052355,0.05778,0.094778,0.076199,0.076056,0.098174,0.063115,0.049259,0.074369,0.106,0.053219,0.11524,0.069739,0.074411
0.076555,0.063291,0.067131,0.092975,0.053044,0.074979,0.093885,0.062319,0.10208,0.079175,0.076372,0.097662,0.064256,0.084932,0.065088,0.066355,0.079853,0.075566,0.10265,0.067951,0.062256,0.0604,0.070261,0.1043,0.074598,0.054884,0.079755,0.08503,0.11713,0.045218,0.10432,0.10882,0.076877,0.063029,0.099269,0.072083,0.062151,0.075971,0.11103,0.084399,0.093471,0.095017,0.088012,0.07569,0.11399,0.088926,0.072161,0.065572,0,0.071904,0.080039,0.075584,0.18197,0.063615,0.065934,0.0847,0.091383,0.073901,0.050137,0.077821,0.070744,0.079845,0.087582,0.079509,0.080498,0.071317,0.07479,0.081344,0.066413,0.09276,0.058992,0.070975,0.070679,0.07421,0.091998,0.06781,0.095099,0.084971,0.068504,0.092523,0.090749,0.073115,0.093077,0.075273,0.073531
0.074408,0.064617,0.085793,0.095363,0.0588,0.059573,0.089395,0.064798,0.13031,0.074113,0.088785,0.087747,0.080145,0.077697,0.071564,0.067857,0.071509,0.049861,0.11797,0.071184,0.067848,0.065125,0.063007,0.11902,0.075403,0.063237,0.073049,0.058528,0.10413,0.061869,0.091154,0.1016,0.065842,0.068059,0.084438,0.06163,0.062126,0.077949,0.12594,0.082299,0.078184,0.090794,0.11991,0.089477,0.11137,0.077791,0.052077,0.068929,0.071904,0,0.07569,0.076493,0.19715,0.069758,0.07258,0.06251,0.080675,0.098115,0.056312,0.088456,0.069452,0.076148,0.076652,0.093809,0.095165,0.080338,0.084328,0.074468,0.056286,0.093741,0.063329,0.057088,0.053068,0.094151,0.064111,0.071386,0.10205,0.074885,0.057492,0.065939,0.10139,0.062832,0.1097,0.056653,0.077047
0.061615,0.061657,0.064339,0.11094,0.048659,0.080741,0.075829,0.063167,0.14384,0.053218,0.067146,0.077397,0.090701,0.063053,0.061442,0.069753,0.073623,0.060626,0.1076,0.073988,0.067571,0.049236,0.044881,0.1382,0.052476,0.059665,0.071392,0.059823,0.095541,0.072864,0.10287,0.11889,0.063944,0.069598,0.064832,0.05902,0.06231,0.078388,0.14961,0.064851,0.060222,0.11143,0.11799,0.078228,0.090332,0.054919,0.067231,0.070034,0.080039,0.07569,0,0.047342,0.2148,0.066695,0.068092,0.046658,0.067863,0.10952,0.074259,0.097885,0.085246,0.063028,0.066628,0.086776,0.087733,0.066802,0.073636,0.070762,0.083991,0.080123,0.053651,0.056043,0.063368,0.10702,0.083935,0.0798,0.095977,0.048663,0.05418,0.078726,0.12729,0.060307,0.10334,0.065639,0.054819
0.048907,0.052848,0.062365,0.10133,0.050919,0.078506,0.070228,0.053776,0.13821,0.036858,0.068591,0.067126,0.077631,0.055763,0.057676,0.071829,0.073931,0.060786,0.10154,0.057805,0.07339,0.055931,0.03776,0.13698,0.046604,0.04949,0.060352,0.048621,0.093739,0.072028,0.099939,0.11286,0.053328,0.052863,0.05803,0.039398,0.056585,0.071105,0.13364,0.065312,0.057726,0.10355,0.11084,0.077908,0.084944,0.046766,0.053266,0.060256,0.075584,0.076493,0.047342,0,0.20515,0.05966,0.061853,0.060087,0.053068,0.096526,0.066632,0.095519,0.079391,0.056122,0.049075,0.064878,0.066029,0.057792,0.062988,0.063196,0.079103,0.075873,0.049542,0.050858,0.052229,0.084446,0.078629,0.069647,0.093543,0.033563,0.044624,0.078346,0.1144,0.05029,0.11435,0.067446,0.046298
0.20473,0.20275,0.20564,0.1664,0.18644,0.17782,0.1989,0.18563,0.15486,0.19656,0.18773,0.21424,0.16401,0.21438,0.17591,0.17568,0.20894,0.19238,0.19456,0.20024,0.17928,0.20612,0.21091,0.19838,0.20138,0.1857,0.21314,0.20917,0.20565,0.17814,0.17435,0.20578,0.19183,0.19255,0.21617,0.19562,0.18583,0.16883,0.15995,0.18507,0.20866,0.19451,0.16389,0.20549,0.22422,0.19894,0.19365,0.19827,0.18197,0.19715,0.2148,0.20515,0,0.17767,0.17697,0.20911,0.20099,0.1549,0.17931,0.1687,0.18722,0.20751,0.20599,0.20627,0.20654,0.17946,0.18633,0.18143,0.18838,0.1875,0.20793,0.19744,0.18504,0.1636,0.19833,0.17931,0.1802,0.21719,0.20837,0.20719,0.15493,0.19772,0.19257,0.20631,0.20903
0.066309,0.075466,0.058286,0.082563,0.038488,0.079795,0.060556,0.054674,0.12225,0.058885,0.050382,0.078952,0.057137,0.066356,0.030384,0.067838,0.073008,0.057745,0.083256,0.060754,0.053776,0.056399,0.058464,0.107,0.054648,0.040187,0.056481,0.068368,0.090056,0.04892,0.077793,0.10337,0.0514,0.049511,0.079063,0.059271,0.054424,0.049472,0.11623,0.049991,0.073944,0.10401,0.1067,0.0647,0.089929,0.064167,0.051288,0.058644,0.063615,0.069758,0.066695,0.05966,0.17767,0,0.0078015,0.065091,0.070982,0.077634,0.065507,0.066952,0.085591,0.074891,0.066295,0.086025,0.087183,0.053885,0.060196,0.060664,0.082761,0.071192,0.056063,0.059331,0.056864,0.076382,0.072783,0.054841,0.081835,0.06752,0.059764,0.076601,0.08953,0.054119,0.10222,0.069619,0.06634
0.06886,0.07593,0.060969,0.084716,0.041035,0.08358,0.058692,0.057731,0.1242,0.062149,0.050935,0.081157,0.06039,0.068244,0.033883,0.068096,0.075566,0.059214,0.084161,0.062096,0.056264,0.058031,0.061084,0.10424,0.057073,0.041679,0.056496,0.071032,0.08913,0.052421,0.077551,0.1058,0.053234,0.05414,0.082066,0.061203,0.058192,0.050022,0.11913,0.049709,0.07603,0.10658,0.10876,0.066197,0.088377,0.066084,0.052334,0.060988,0.065934,0.07258,0.068092,0.061853,0.17697,0.0078015,0,0.06631,0.072005,0.080712,0.069724,0.071104,0.088325,0.077781,0.068827,0.086762,0.087923,0.055474,0.061313,0.061477,0.085992,0.072866,0.058499,0.060879,0.060194,0.078735,0.075036,0.058141,0.084715,0.070444,0.062867,0.078507,0.092403,0.055058,0.10413,0.072211,0.069493
