0,0.072244,0.074616,0.1127,0.043276,0.044462,0.060804,0.059368,0.087045,0.043211,0.08137,0.058103,0.092324,0.045727,0.072895,0.080135,0.063746,0.056241,0.10866,0.058787,0.045328,0.052537,0.046731,0.11011,0.044361,0.042097,0.056252,0.061133,0.046192,0.044699,0.093073,0.074361,0.044513,0.047239,0.04839,0.060959,0.086215,0.07303,0.11249,0.056767,0.058505,0.054355,0.097047,0.077249,0.070054,0.043493,0.044927,0.046213,0.067534,0.065253,0.059299,0.065527,0.08732,0.057046,0.058419,0.056254,0.036829,0.1017,0.060975,0.099414,0.055375,0.043044,0.049918,0.066207,0.066207,0.061512,0.065443,0.038485,0.049237,0.062919,0.080368,0.056339,0.054765,0.075696,0.041966,0.077752,0.077702,0.05421,0.03785,0.037059,0.11104,0.064134,0.072129,0.047996,0.053877
0.072244,0,0.072383,0.125,0.056029,0.074681,0.075578,0.087969,0.093978,0.060266,0.081331,0.068962,0.10118,0.070393,0.071178,0.10263,0.085429,0.062218,0.1136,0.097381,0.077485,0.069516,0.067113,0.13229,0.072488,0.066713,0.072713,0.079549,0.076845,0.060159,0.12858,0.081302,0.089845,0.072099,0.061661,0.070807,0.090584,0.084973,0.12869,0.062659,0.08082,0.078004,0.11881,0.085761,0.076701,0.065635,0.070091,0.064923,0.092025,0.082373,0.088674,0.080522,0.10836,0.07255,0.070785,0.083741,0.072711,0.11642,0.075677,0.091095,0.055529,0.054957,0.053408,0.067232,0.067232,0.07227,0.071792,0.061199,0.0773,0.073444,0.088498,0.085634,0.068623,0.084776,0.067073,0.079136,0.0687,0.077579,0.0755,0.059736,0.10448,0.06618,0.10192,0.069617,0.077567
0.074616,0.072383,0,0.084024,0.054303,0.068246,0.07728,0.071424,0.099139,0.062576,0.045947,0.059032,0.066324,0.052896,0.054659,0.091736,0.081522,0.082533,0.097156,0.081631,0.073697,0.057856,0.067475,0.11487,0.071354,0.064524,0.074655,0.05729,0.077168,0.061679,0.10594,0.062364,0.067196,0.057377,0.055874,0.054448,0.079411,0.065795,0.10226,0.072753,0.070516,0.057107,0.10567,0.069511,0.086806,0.069504,0.076443,0.062849,0.076986,0.077432,0.080922,0.087868,0.1002,0.040776,0.04176,0.066276,0.064616,0.082113,0.067132,0.082526,0.069664,0.067425,0.066258,0.070489,0.070489,0.077675,0.056319,0.05976,0.065686,0.066023,0.094097,0.071146,0.07999,0.095794,0.070826,0.077287,0.072601,0.063671,0.068072,0.061062,0.085252,0.054497,0.066876,0.054439,0.072394
0.1127,0.125,0.084024,0,0.09859,0.10519,0.12314,0.10029,0.13405,0.10854,0.10366,0.10239,0.055137,0.090767,0.11088,0.11789,0.11156,0.12249,0.11546,0.099246,0.1168,0.10162,0.11437,0.12816,0.10582,0.1077,0.11577,0.096842,0.10788,0.10225,0.10607,0.099535,0.091638,0.10573,0.10675,0.091243,0.11597,0.095509,0.075884,0.11984,0.11409,0.096108,0.14212,0.099897,0.13596,0.1077,0.12153,0.10581,0.10526,0.12102,0.11454,0.1231,0.13044,0.09433,0.099698,0.08904,0.095773,0.053948,0.089217,0.08439,0.12303,0.11258,0.1116,0.1113,0.1113,0.12589,0.098507,0.10759,0.10944,0.1087,0.13027,0.097505,0.13258,0.13937,0.12028,0.10214,0.11706,0.10185,0.099386,0.11129,0.091904,0.10098,0.080117,0.10001,0.10796
0.043276,0.056029,0.054303,0.09859,0,0.042174,0.04761,0.060753,0.078402,0.032749,0.062511,0.035378,0.071187,0.039949,0.053167,0.078359,0.061682,0.054283,0.099205,0.054825,0.051938,0.041819,0.042669,0.098462,0.0448,0.043659,0.041584,0.045678,0.048584,0.032779,0.086115,0.045779,0.053929,0.045399,0.041977,0.03829,0.08325,0.047432,0.10594,0.046945,0.044105,0.041847,0.097629,0.066009,0.065625,0.036454,0.045968,0.034783,0.06014,0.069663,0.063079,0.077179,0.086783,0.036564,0.037863,0.045832,0.032524,0.084889,0.056548,0.08062,0.044653,0.041424,0.037639,0.058968,0.058968,0.05731,0.046357,0.039581,0.053387,0.051546,0.071961,0.047611,0.057987,0.070603,0.044502,0.057274,0.056816,0.044002,0.048112,0.036427,0.089026,0.042885,0.07142,0.041327,0.039021
0.044462,0.074681,0.068246,0.10519,0.042174,0,0.068235,0.070969,0.09395,0.044374,0.07228,0.05484,0.077323,0.048963,0.055824,0.074939,0.064574,0.054166,0.10082,0.054424,0.059361,0.040341,0.055745,0.10392,0.051775,0.056178,0.057789,0.05818,0.063124,0.058047,0.099518,0.063907,0.060166,0.046852,0.054116,0.05398,0.082474,0.056794,0.097056,0.049519,0.060311,0.046496,0.1007,0.076824,0.075443,0.044926,0.048127,0.047388,0.062256,0.062086,0.055834,0.077972,0.092831,0.04238,0.048804,0.055212,0.044694,0.089934,0.057316,0.088483,0.056441,0.049334,0.047102,0.070811,0.070811,0.071715,0.058772,0.050164,0.050268,0.055407,0.084147,0.054661,0.058925,0.081198,0.04976,0.076837,0.076237,0.045682,0.051269,0.045509,0.090943,0.054464,0.076008,0.048908,0.040142
0.060804,0.075578,0.07728,0.12314,0.04761,0.068235,0,0.086176,0.074707,0.047492,0.087885,0.064025,0.099224,0.052866,0.073222,0.10067,0.077703,0.074519,0.11578,0.072797,0.042802,0.05646,0.068457,0.11147,0.070344,0.061245,0.036532,0.064237,0.070835,0.058096,0.10883,0.066377,0.072138,0.06711,0.068062,0.067325,0.10088,0.062677,0.12414,0.069419,0.059637,0.063259,0.095668,0.077484,0.078868,0.053567,0.071996,0.060558,0.074085,0.097821,0.077733,0.086737,0.093341,0.060093,0.058876,0.066679,0.048797,0.1064,0.087513,0.094649,0.06397,0.061476,0.053656,0.090716,0.090716,0.070606,0.053238,0.055319,0.075136,0.073669,0.059046,0.057776,0.070858,0.087794,0.060052,0.069977,0.072653,0.058244,0.060454,0.060986,0.10102,0.070669,0.088254,0.060066,0.068325
0.059368,0.087969,0.071424,0.10029,0.060753,0.070969,0.086176,0,0.1051,0.068928,0.070765,0.075892,0.087172,0.060515,0.081566,0.095753,0.086574,0.084947,0.090977,0.077702,0.078852,0.071449,0.070132,0.10987,0.067265,0.062432,0.076214,0.079146,0.062756,0.060034,0.078349,0.067091,0.060072,0.05793,0.070196,0.073631,0.10095,0.084795,0.10926,0.07399,0.083839,0.05423,0.098986,0.093683,0.091418,0.073035,0.078786,0.066043,0.07322,0.07717,0.072341,0.09805,0.091449,0.065885,0.069176,0.058049,0.064543,0.095499,0.068576,0.088647,0.075927,0.062859,0.081186,0.079733,0.079733,0.081948,0.079436,0.063522,0.058414,0.063244,0.11562,0.071432,0.085034,0.087437,0.08269,0.079622,0.076461,0.077297,0.070956,0.072843,0.1079,0.073598,0.078384,0.063097,0.070278
0.087045,0.093978,0.099139,0.13405,0.078402,0.09395,0.074707,0.1051,0,0.074539,0.10563,0.08685,0.11908,0.083994,0.088296,0.10481,0.10419,0.096973,0.12198,0.10188,0.074416,0.086461,0.091987,0.13205,0.089171,0.10294,0.076906,0.084329,0.097755,0.071619,0.10818,0.095623,0.088139,0.083197,0.079269,0.08037,0.12046,0.09732,0.14713,0.10678,0.082237,0.078519,0.085632,0.11487,0.10952,0.072267,0.09282,0.075617,0.10643,0.10419,0.089751,0.10468,0.063447,0.086347,0.085461,0.072588,0.085276,0.13553,0.10804,0.11464,0.1032,0.093128,0.073726,0.095768,0.095768,0.087642,0.080242,0.081216,0.10054,0.098013,0.07893,0.086356,0.090168,0.086525,0.08623,0.086331,0.082287,0.080542,0.090405,0.081448,0.12748,0.090714,0.10654,0.090051,0.083314
0.043211,0.060266,0.062576,0.10854,0.032749,0.044374,0.047492,0.068928,0.074539,0,0.07602,0.050422,0.083278,0.033204,0.055149,0.084301,0.057027,0.061278,0.10774,0.062423,0.040457,0.040079,0.04481,0.10517,0.050552,0.043861,0.042552,0.054199,0.057747,0.039143,0.090034,0.063125,0.057594,0.041813,0.038253,0.050941,0.086364,0.059748,0.10829,0.053216,0.058458,0.045518,0.097311,0.079088,0.072286,0.041741,0.049115,0.047039,0.069151,0.070946,0.05088,0.071454,0.083799,0.04948,0.04959,0.045228,0.033274,0.093999,0.059165,0.08653,0.054745,0.042691,0.038783,0.064716,0.064716,0.066432,0.046429,0.044263,0.05315,0.05823,0.067567,0.054977,0.064081,0.066621,0.047542,0.059001,0.063603,0.048312,0.054487,0.04382,0.090794,0.048293,0.077281,0.044405,0.041536
0.08137,0.081331,0.045947,0.10366,0.062511,0.07228,0.087885,0.070765,0.10563,0.07602,0,0.068979,0.085085,0.067648,0.052653,0.087176,0.083512,0.08405,0.10133,0.091506,0.088138,0.073136,0.072326,0.12603,0.087903,0.080299,0.084312,0.07885,0.089402,0.064464,0.10874,0.069233,0.075611,0.071241,0.066392,0.062736,0.091635,0.07721,0.10829,0.077089,0.076839,0.060147,0.098997,0.0803,0.09092,0.079375,0.079456,0.065027,0.079613,0.06991,0.083086,0.09886,0.099571,0.043523,0.044647,0.074343,0.079401,0.10128,0.083831,0.088946,0.068613,0.078197,0.078512,0.084791,0.084791,0.074194,0.082544,0.070133,0.069718,0.060422,0.10306,0.082396,0.07674,0.097101,0.077843,0.083444,0.072725,0.07189,0.078744,0.067028,0.10028,0.06822,0.087789,0.062195,0.072857
0.058103,0.068962,0.059032,0.10239,0.035378,0.05484,0.064025,0.075892,0.08685,0.050422,0.068979,0,0.072124,0.056074,0.055634,0.079353,0.068708,0.068518,0.11342,0.066553,0.067467,0.049988,0.054706,0.10499,0.063395,0.0541,0.053791,0.037293,0.056345,0.04799,0.091297,0.05575,0.072309,0.059818,0.054399,0.029384,0.094855,0.0564,0.11486,0.063463,0.034223,0.054823,0.11236,0.078525,0.065328,0.057834,0.051454,0.045692,0.070604,0.076509,0.072823,0.080698,0.093068,0.048795,0.050314,0.06331,0.044588,0.084804,0.064574,0.081988,0.056293,0.05758,0.054598,0.068508,0.068508,0.056819,0.054905,0.052341,0.07196,0.059588,0.084982,0.05879,0.069852,0.073319,0.052665,0.071567,0.067342,0.051908,0.057959,0.048037,0.090377,0.043956,0.07992,0.061197,0.053367
0.092324,0.10118,0.066324,0.055137,0.071187,0.077323,0.099224,0.087172,0.11908,0.083278,0.085085,0.072124,0,0.072473,0.078222,0.096345,0.098222,0.099577,0.10229,0.079018,0.092766,0.074955,0.084352,0.097492,0.089298,0.081475,0.083826,0.066443,0.086559,0.077718,0.098823,0.06777,0.080123,0.081875,0.078231,0.059688,0.09956,0.074242,0.088735,0.086835,0.087638,0.073261,0.13461,0.081466,0.096793,0.08455,0.094108,0.081901,0.080801,0.092457,0.097999,0.10528,0.12169,0.067699,0.076036,0.073215,0.071642,0.042266,0.072133,0.080318,0.090854,0.086182,0.087761,0.084637,0.084637,0.10157,0.075055,0.089974,0.086076,0.087259,0.1098,0.081135,0.11009,0.12022,0.095535,0.087012,0.095465,0.081289,0.076666,0.085714,0.067433,0.077128,0.079509,0.079816,0.086351
0.045727,0.070393,0.052896,0.090767,0.039949,0.048963,0.052866,0.060515,0.083994,0.033204,0.067648,0.056074,0.072473,0,0.057584,0.085647,0.062566,0.066932,0.095828,0.057937,0.044511,0.040396,0.053443,0.10634,0.057547,0.045032,0.053702,0.052932,0.059806,0.041098,0.091276,0.062855,0.049106,0.048724,0.046002,0.046461,0.075708,0.0597,0.09132,0.061371,0.058221,0.042444,0.093194,0.076409,0.083254,0.04569,0.058269,0.054647,0.055871,0.068456,0.04923,0.068596,0.090083,0.044038,0.046714,0.042841,0.033811,0.081034,0.059432,0.078055,0.055011,0.049926,0.050138,0.067394,0.067394,0.069531,0.051363,0.045085,0.044385,0.054111,0.072493,0.058896,0.068949,0.081903,0.053031,0.058139,0.063923,0.044271,0.046682,0.048544,0.08457,0.051553,0.067923,0.045417,0.054067
0.072895,0.071178,0.054659,0.11088,0.053167,0.055824,0.073222,0.081566,0.088296,0.055149,0.052653,0.055634,0.078222,0.057584,0,0.08958,0.077689,0.076754,0.098901,0.082793,0.070266,0.052637,0.053757,0.11475,0.082419,0.070705,0.059192,0.05497,0.07795,0.05361,0.10525,0.060248,0.080295,0.061193,0.053647,0.04722,0.086091,0.073778,0.10893,0.06827,0.062108,0.047032,0.10867,0.077797,0.075741,0.068616,0.069785,0.061858,0.064287,0.058082,0.072492,0.08747,0.092055,0.040406,0.045711,0.065475,0.069041,0.10097,0.082326,0.087534,0.056048,0.064749,0.062561,0.077096,0.077096,0.068404,0.067165,0.062175,0.061105,0.051197,0.083736,0.07066,0.073187,0.08849,0.067244,0.078971,0.060216,0.059842,0.071025,0.057847,0.086735,0.064594,0.090118,0.056573,0.059913
0.080135,0.10263,0.091736,0.11789,0.078359,0.074939,0.10067,0.095753,0.10481,0.084301,0.087176,0.079353,0.096345,0.085647,0.08958,0,0.087308,0.095977,0.13903,0.090505,0.092773,0.080559,0.088106,0.11569,0.08696,0.084487,0.096517,0.090285,0.086489,0.081189,0.11691,0.09351,0.069203,0.085859,0.078509,0.072891,0.11432,0.083073,0.12034,0.080419,0.083842,0.088969,0.12493,0.099612,0.091863,0.074066,0.073113,0.068341,0.11454,0.079035,0.092661,0.083952,0.1147,0.078844,0.082529,0.085492,0.0802,0.10176,0.091744,0.11565,0.091696,0.099186,0.086288,0.088454,0.088454,0.092678,0.10174,0.084111,0.096245,0.096149,0.10098,0.096236,0.093641,0.11233,0.08883,0.10308,0.11068,0.075373,0.073971,0.07611,0.11514,0.081956,0.09303,0.079748,0.081194
0.063746,0.085429,0.081522,0.11156,0.061682,0.064574,0.077703,0.086574,0.10419,0.057027,0.083512,0.068708,0.098222,0.062566,0.077689,0.087308,0,0.079464,0.14454,0.09168,0.071477,0.066942,0.076059,0.11655,0.077905,0.07046,0.072895,0.07676,0.069453,0.068118,0.099675,0.087599,0.073995,0.068123,0.06898,0.074486,0.099548,0.080466,0.10085,0.080468,0.076827,0.074373,0.10963,0.081026,0.08228,0.073894,0.066506,0.066046,0.091782,0.094118,0.061041,0.085522,0.10151,0.066786,0.063488,0.072408,0.058932,0.099897,0.076872,0.096948,0.073411,0.078497,0.070516,0.092051,0.092051,0.087182,0.084729,0.060869,0.074948,0.074385,0.087882,0.076823,0.082515,0.097533,0.071408,0.069469,0.092046,0.068911,0.080481,0.066021,0.10587,0.070395,0.089131,0.072788,0.063229
0.056241,0.062218,0.082533,0.12249,0.054283,0.054166,0.074519,0.084947,0.096973,0.061278,0.08405,0.068518,0.099577,0.066932,0.076754,0.095977,0.079464,0,0.11434,0.084723,0.073958,0.071126,0.063191,0.11932,0.067202,0.075111,0.07241,0.074461,0.068741,0.064989,0.1172,0.081579,0.073319,0.065172,0.069132,0.069488,0.099826,0.073574,0.12781,0.072704,0.074311,0.073971,0.1071,0.08784,0.081232,0.059413,0.048105,0.066613,0.081208,0.076975,0.073173,0.069806,0.097281,0.0639,0.065981,0.073678,0.061938,0.11744,0.065982,0.094189,0.064224,0.043514,0.053211,0.074852,0.074852,0.085534,0.066634,0.056509,0.072067,0.063477,0.095699,0.074998,0.031828,0.080784,0.036665,0.065851,0.088163,0.062736,0.06605,0.039246,0.11345,0.073562,0.10141,0.06073,0.062074
0.10866,0.1136,0.097156,0.11546,0.099205,0.10082,0.11578,0.090977,0.12198,0.10774,0.10133,0.11342,0.10229,0.095828,0.098901,0.13903,0.14454,0.11434,0,0.093375,0.11659,0.098932,0.10167,0.15103,0.1053,0.11011,0.10794,0.10557,0.12195,0.097359,0.12513,0.099685,0.10674,0.10076,0.10425,0.10063,0.1052,0.11358,0.12014,0.10647,0.11359,0.086303,0.12487,0.12288,0.14043,0.097437,0.11949,0.10722,0.079226,0.09988,0.11891,0.13915,0.11814,0.097336,0.10319,0.096744,0.10811,0.12219,0.11102,0.1073,0.10673,0.098023,0.10359,0.10611,0.10611,0.10993,0.10094,0.10529,0.091349,0.097375,0.12699,0.10294,0.11489,0.11478,0.115,0.12152,0.081948,0.1014,0.10123,0.10781,0.11786,0.10884,0.10486,0.096707,0.10393
0.058787,0.097381,0.081631,0.099246,0.054825,0.054424,0.072797,0.077702,0.10188,0.062423,0.091506,0.066553,0.079018,0.057937,0.082793,0.090505,0.09168,0.084723,0.093375,0,0.070318,0.061454,0.063966,0.11062,0.052062,0.058444,0.072994,0.070246,0.074142,0.066072,0.090375,0.06978,0.063027,0.074586,0.070134,0.064057,0.092878,0.05912,0.097377,0.061588,0.062982,0.058255,0.11536,0.086281,0.10085,0.056947,0.07069,0.062721,0.063037,0.082803,0.080651,0.094865,0.107,0.066374,0.071459,0.059674,0.053324,0.081598,0.070517,0.10111,0.075038,0.068503,0.067853,0.083732,0.083732,0.074852,0.069273,0.072688,0.067913,0.075835,0.087446,0.057569,0.088826,0.090396,0.070064,0.096212,0.083946,0.062197,0.051888,0.070157,0.098529,0.070925,0.066558,0.060056,0.057385
0.045328,0.077485,0.073697,0.1168,0.051938,0.059361,0.042802,0.078852,0.074416,0.040457,0.088138,0.067467,0.092766,0.044511,0.070266,0.092773,0.071477,0.073958,0.11659,0.070318,0,0.054571,0.060975,0.10295,0.059319,0.052978,0.047317,0.062081,0.064214,0.053104,0.10399,0.071317,0.057389,0.054645,0.048731,0.065079,0.090146,0.07303,0.11998,0.064843,0.065569,0.054292,0.088749,0.076185,0.068201,0.053753,0.066903,0.053856,0.07471,0.08162,0.061146,0.070269,0.088119,0.056165,0.056961,0.054091,0.044785,0.1029,0.07262,0.10469,0.065949,0.055468,0.053863,0.077621,0.077621,0.06853,0.054841,0.055487,0.059447,0.074011,0.068845,0.061108,0.071311,0.091646,0.054853,0.076008,0.082825,0.063543,0.048767,0.055031,0.10074,0.070332,0.080465,0.057745,0.069652
0.052537,0.069516,0.057856,0.10162,0.041819,0.040341,0.05646,0.071449,0.086461,0.040079,0.073136,0.049988,0.074955,0.040396,0.052637,0.080559,0.066942,0.071126,0.098932,0.061454,0.054571,0,0.060009,0.10827,0.058039,0.046526,0.049346,0.043191,0.062336,0.056133,0.1002,0.064137,0.062806,0.051156,0.050856,0.047344,0.067039,0.057218,0.093051,0.051431,0.050939,0.052737,0.10551,0.075164,0.073266,0.0435,0.060738,0.045228,0.064453,0.07472,0.058138,0.08164,0.090154,0.043619,0.04408,0.058745,0.041101,0.084002,0.064758,0.080178,0.057805,0.059499,0.039865,0.065092,0.065092,0.068335,0.051874,0.038461,0.059592,0.054863,0.071606,0.052191,0.068454,0.079835,0.059065,0.073965,0.060198,0.031216,0.051443,0.053476,0.081942,0.04552,0.074925,0.049616,0.04895
0.046731,0.067113,0.067475,0.11437,0.042669,0.055745,0.068457,0.070132,0.091987,0.04481,0.072326,0.054706,0.084352,0.053443,0.053757,0.088106,0.076059,0.063191,0.10167,0.063966,0.060975,0.060009,0,0.11479,0.059723,0.046983,0.058707,0.05786,0.057825,0.037081,0.090141,0.06812,0.060397,0.059188,0.041125,0.054119,0.089576,0.075076,0.11783,0.055208,0.060308,0.055136,0.1157,0.076453,0.069696,0.059103,0.050043,0.056518,0.066653,0.052789,0.072765,0.074145,0.092547,0.057043,0.060204,0.059162,0.054742,0.10234,0.066156,0.10149,0.049954,0.044769,0.059151,0.065543,0.065543,0.066018,0.066612,0.05411,0.056004,0.058596,0.082166,0.066606,0.064203,0.077676,0.048312,0.079743,0.069962,0.062562,0.053761,0.03965,0.10428,0.070944,0.081049,0.042385,0.050957
0.11011,0.13229,0.11487,0.12816,0.098462,0.10392,0.11147,0.10987,0.13205,0.10517,0.12603,0.10499,0.097492,0.10634,0.11475,0.11569,0.11655,0.11932,0.15103,0.11062,0.10295,0.10827,0.11479,0,0.10573,0.10993,0.099904,0.09928,0.094559,0.10876,0.12155,0.076804,0.10645,0.093907,0.1084,0.10017,0.1396,0.10544,0.14885,0.11003,0.10833,0.099614,0.14611,0.10696,0.10284,0.10581,0.10419,0.10875,0.10851,0.12684,0.11594,0.11926,0.14658,0.097741,0.10209,0.096291,0.098166,0.11295,0.11343,0.13791,0.11187,0.10933,0.11149,0.109,0.109,0.12434,0.10842,0.12027,0.10255,0.11042,0.13738,0.10929,0.12768,0.14065,0.11635,0.10457,0.13411,0.11265,0.1119,0.11208,0.1127,0.10865,0.11573,0.11126,0.11439
0.044361,0.072488,0.071354,0.10582,0.0448,0.051775,0.070344,0.067265,0.089171,0.050552,0.087903,0.063395,0.089298,0.057547,0.082419,0.08696,0.077905,0.067202,0.1053,0.052062,0.059319,0.058039,0.059723,0.10573,0,0.050455,0.071507,0.066317,0.055814,0.060492,0.094738,0.067876,0.055749,0.054035,0.055333,0.067097,0.087255,0.064466,0.11231,0.053079,0.065388,0.058234,0.10289,0.079298,0.084633,0.049034,0.056307,0.04625,0.080013,0.08224,0.069242,0.080769,0.092366,0.06193,0.062606,0.052336,0.051719,0.096619,0.050277,0.10451,0.069964,0.053066,0.052777,0.065544,0.065544,0.073473,0.058572,0.054628,0.061539,0.071009,0.092584,0.059436,0.072237,0.082254,0.05743,0.084381,0.083721,0.063356,0.056116,0.055142,0.10461,0.06217,0.063005,0.05462,0.053615
0.042097,0.066713,0.064524,0.1077,0.043659,0.056178,0.061245,0.062432,0.10294,0.043861,0.080299,0.0541,0.081475,0.045032,0.070705,0.084487,0.07046,0.075111,0.11011,0.058444,0.052978,0.046526,0.046983,0.10993,0.050455,0,0.058445,0.059341,0.048153,0.051697,0.098165,0.067373,0.058714,0.060214,0.04987,0.059145,0.082166,0.065681,0.10717,0.040232,0.060853,0.060886,0.11787,0.074467,0.064218,0.056596,0.059815,0.051977,0.073,0.072041,0.070071,0.071656,0.10668,0.060294,0.061585,0.064688,0.041161,0.083613,0.056993,0.094948,0.050903,0.04935,0.058997,0.066707,0.066707,0.0659,0.062074,0.04849,0.058388,0.066502,0.084527,0.06251,0.076611,0.086789,0.059321,0.083948,0.076433,0.061754,0.044024,0.054581,0.095552,0.05808,0.073282,0.04927,0.062442
0.056252,0.072713,0.074655,0.11577,0.041584,0.057789,0.036532,0.076214,0.076906,0.042552,0.084312,0.053791,0.083826,0.053702,0.059192,0.096517,0.072895,0.07241,0.10794,0.072994,0.047317,0.049346,0.058707,0.099904,0.071507,0.058445,0,0.051929,0.062781,0.048246,0.096486,0.056496,0.072309,0.053101,0.059884,0.057711,0.099902,0.068602,0.11872,0.065606,0.059949,0.052425,0.10274,0.073805,0.064705,0.052352,0.067598,0.056493,0.063247,0.086616,0.075983,0.090366,0.089121,0.054863,0.056979,0.06202,0.042702,0.097994,0.08219,0.085631,0.058007,0.053328,0.051556,0.081985,0.081985,0.066739,0.053114,0.05332,0.066533,0.067042,0.067027,0.051025,0.072826,0.081934,0.063117,0.067505,0.063573,0.058363,0.059743,0.057169,0.091975,0.065861,0.08624,0.058916,0.06161
0.061133,0.079549,0.05729,0.096842,0.045678,0.05818,0.064237,0.079146,0.084329,0.054199,0.07885,0.037293,0.066443,0.052932,0.05497,0.090285,0.07676,0.074461,0.10557,0.070246,0.062081,0.043191,0.05786,0.09928,0.066317,0.059341,0.051929,0,0.055322,0.055349,0.091136,0.059825,0.068893,0.0572,0.056174,0.037093,0.083196,0.06451,0.11174,0.07387,0.039362,0.057288,0.11235,0.077209,0.070403,0.058744,0.06258,0.057419,0.064847,0.079336,0.071785,0.083481,0.089334,0.048711,0.051493,0.061601,0.048621,0.085068,0.069733,0.088929,0.06533,0.063278,0.056744,0.066609,0.066609,0.074467,0.049795,0.049203,0.069094,0.063305,0.082648,0.059357,0.073535,0.087038,0.056983,0.072123,0.069455,0.046813,0.059575,0.051272,0.0898,0.057384,0.076975,0.062332,0.06047
0.046192,0.076845,0.077168,0.10788,0.048584,0.063124,0.070835,0.062756,0.097755,0.057747,0.089402,0.056345,0.086559,0.059806,0.07795,0.086489,0.069453,0.068741,0.12195,0.074142,0.064214,0.062336,0.057825,0.094559,0.055814,0.048153,0.062781,0.055322,0,0.058286,0.086865,0.064136,0.060592,0.062723,0.067453,0.062416,0.10002,0.069323,0.11971,0.069543,0.05892,0.065306,0.11997,0.078352,0.066788,0.064149,0.06144,0.062361,0.078068,0.07882,0.073378,0.068394,0.10139,0.064795,0.067561,0.064247,0.052,0.094575,0.066443,0.098725,0.065195,0.054675,0.067732,0.071049,0.071049,0.080677,0.068949,0.049271,0.067715,0.066068,0.098322,0.061103,0.072571,0.091258,0.060942,0.073881,0.087826,0.066346,0.058371,0.055039,0.11133,0.070024,0.082758,0.0587,0.064654
0.044699,0.060159,0.061679,0.10225,0.032779,0.058047,0.058096,0.060034,0.071619,0.039143,0.064464,0.04799,0.077718,0.041098,0.05361,0.081189,0.068118,0.064989,0.097359,0.066072,0.053104,0.056133,0.037081,0.10876,0.060492,0.051697,0.048246,0.055349,0.058286,0,0.08455,0.060636,0.053934,0.050412,0.035239,0.040813,0.08809,0.072998,0.11072,0.06123,0.05525,0.043634,0.096606,0.075075,0.072048,0.04592,0.051816,0.045604,0.061621,0.060281,0.066511,0.074637,0.082078,0.050459,0.052135,0.04669,0.043521,0.095284,0.068367,0.085975,0.048283,0.04842,0.05022,0.060687,0.060687,0.052101,0.063255,0.04929,0.051773,0.057348,0.070785,0.063073,0.066201,0.071968,0.053298,0.062531,0.053716,0.056364,0.050138,0.040459,0.096281,0.058831,0.074545,0.049262,0.053484
0.093073,0.12858,0.10594,0.10607,0.086115,0.099518,0.10883,0.078349,0.10818,0.090034,0.10874,0.091297,0.098823,0.091276,0.10525,0.11691,0.099675,0.1172,0.12513,0.090375,0.10399,0.1002,0.090141,0.12155,0.094738,0.098165,0.096486,0.091136,0.086865,0.08455,0,0.09559,0.084339,0.094459,0.095363,0.091447,0.13239,0.098181,0.12588,0.1144,0.096671,0.082482,0.12114,0.12431,0.12059,0.1012,0.10581,0.094266,0.10182,0.10889,0.090679,0.13079,0.091219,0.09662,0.098951,0.071786,0.086582,0.10364,0.094742,0.11469,0.11729,0.10209,0.10875,0.10701,0.10701,0.11504,0.098549,0.096163,0.10178,0.099905,0.12567,0.085411,0.11861,0.097147,0.10623,0.092399,0.10072,0.098137,0.1045,0.10076,0.13247,0.098818,0.10417,0.094928,0.076225
0.074361,0.081302,0.062364,0.099535,0.045779,0.063907,0.066377,0.067091,0.095623,0.063125,0.069233,0.05575,0.06777,0.062855,0.060248,0.09351,0.087599,0.081579,0.099685,0.06978,0.071317,0.064137,0.06812,0.076804,0.067876,0.067373,0.056496,0.059825,0.064136,0.060636,0.09559,0,0.077298,0.060955,0.070184,0.053489,0.10615,0.059639,0.11362,0.064865,0.064051,0.043995,0.11176,0.068759,0.077559,0.069117,0.073449,0.061278,0.062702,0.086905,0.084679,0.094383,0.10385,0.046874,0.053854,0.055447,0.063216,0.085,0.076242,0.085557,0.063989,0.061777,0.070679,0.084009,0.084009,0.073172,0.060952,0.073457,0.066192,0.056605,0.10145,0.061337,0.087227,0.098619,0.077757,0.074025,0.076902,0.071425,0.070976,0.071224,0.07662,0.067442,0.077135,0.061236,0.068508
0.044513,0.089845,0.067196,0.091638,0.053929,0.060166,0.072138,0.060072,0.088139,0.057594,0.075611,0.072309,0.080123,0.049106,0.080295,0.069203,0.073995,0.073319,0.10674,0.063027,0.057389,0.062806,0.060397,0.10645,0.055749,0.058714,0.072309,0.068893,0.060592,0.053934,0.084339,0.077298,0,0.057039,0.054234,0.064816,0.089198,0.068037,0.10388,0.07211,0.072591,0.061461,0.095762,0.076591,0.087273,0.051499,0.064698,0.055322,0.081979,0.071264,0.068328,0.073497,0.087586,0.056132,0.058765,0.050263,0.048463,0.088751,0.064277,0.10006,0.079046,0.066347,0.064175,0.069128,0.069128,0.082906,0.06939,0.053481,0.063844,0.075373,0.084124,0.062124,0.07036,0.092258,0.061185,0.075025,0.089083,0.056479,0.044711,0.051093,0.10989,0.071398,0.064236,0.044458,0.061533
0.047239,0.072099,0.057377,0.10573,0.045399,0.046852,0.06711,0.05793,0.083197,0.041813,0.071241,0.059818,0.081875,0.048724,0.061193,0.085859,0.068123,0.065172,0.10076,0.074586,0.054645,0.051156,0.059188,0.093907,0.054035,0.060214,0.053101,0.0572,0.062723,0.050412,0.094459,0.060955,0.057039,0,0.045846,0.059653,0.088691,0.075155,0.11368,0.065092,0.070044,0.044985,0.090223,0.077613,0.075378,0.047404,0.052189,0.053327,0.068585,0.072512,0.062783,0.082786,0.084627,0.04675,0.048002,0.052079,0.045948,0.10001,0.065022,0.092816,0.062609,0.048639,0.049633,0.06267,0.06267,0.071961,0.05638,0.050496,0.044049,0.062363,0.08848,0.062289,0.065448,0.075347,0.058409,0.067668,0.071573,0.057918,0.063406,0.047788,0.096385,0.054238,0.068817,0.053569,0.056975
0.04839,0.061661,0.055874,0.10675,0.041977,0.054116,0.068062,0.070196,0.079269,0.038253,0.066392,0.054399,0.078231,0.046002,0.053647,0.078509,0.06898,0.069132,0.10425,0.070134,0.048731,0.050856,0.041125,0.1084,0.055333,0.04987,0.059884,0.056174,0.067453,0.035239,0.095363,0.070184,0.054234,0.045846,0,0.047475,0.072506,0.075778,0.11313,0.053002,0.061823,0.05199,0.097443,0.076752,0.064699,0.048439,0.051552,0.041495,0.074477,0.057773,0.061192,0.07508,0.086519,0.04817,0.047216,0.052416,0.048323,0.096929,0.059886,0.10073,0.055037,0.054796,0.046413,0.046974,0.046974,0.059617,0.06186,0.052886,0.051246,0.065836,0.07433,0.07084,0.067325,0.076736,0.051883,0.074196,0.065523,0.058188,0.053697,0.041393,0.096002,0.053456,0.076902,0.052188,0.056161
0.060959,0.070807,0.054448,0.091243,0.03829,0.05398,0.067325,0.073631,0.08037,0.050941,0.062736,0.029384,0.059688,0.046461,0.04722,0.072891,0.074486,0.069488,0.10063,0.064057,0.065079,0.047344,0.054119,0.10017,0.067097,0.059145,0.057711,0.037093,0.062416,0.040813,0.091447,0.053489,0.064816,0.059653,0.047475,0,0.085203,0.058816,0.10459,0.065083,0.038965,0.048345,0.10785,0.078263,0.072867,0.052872,0.053833,0.047494,0.063007,0.065342,0.06747,0.074897,0.091015,0.042426,0.047105,0.052991,0.047032,0.079302,0.065313,0.078211,0.056665,0.061218,0.053473,0.060825,0.060825,0.059695,0.057721,0.056532,0.064895,0.054521,0.080677,0.064421,0.071689,0.080496,0.056208,0.066052,0.062841,0.04562,0.052949,0.048249,0.080355,0.047344,0.077549,0.058319,0.055623
0.086215,0.090584,0.079411,0.11597,0.08325,0.082474,0.10088,0.10095,0.12046,0.086364,0.091635,0.094855,0.09956,0.075708,0.086091,0.11432,0.099548,0.099826,0.1052,0.092878,0.090146,0.067039,0.089576,0.1396,0.087255,0.082166,0.099902,0.083196,0.10002,0.08809,0.13239,0.10615,0.089198,0.088691,0.072506,0.085203,0,0.10072,0.10213,0.081997,0.086526,0.092758,0.12342,0.096013,0.10473,0.076747,0.094904,0.083248,0.085406,0.090561,0.090144,0.10976,0.12528,0.077285,0.072949,0.097342,0.086172,0.11186,0.094134,0.12037,0.080846,0.0966,0.072588,0.067241,0.067241,0.093844,0.096771,0.075666,0.074861,0.09018,0.092314,0.09838,0.09378,0.11212,0.08798,0.10905,0.080087,0.074192,0.08443,0.083464,0.11642,0.0786,0.10137,0.087166,0.091086
0.07303,0.084973,0.065795,0.095509,0.047432,0.056794,0.062677,0.084795,0.09732,0.059748,0.07721,0.0564,0.074242,0.0597,0.073778,0.083073,0.080466,0.073574,0.11358,0.05912,0.07303,0.057218,0.075076,0.10544,0.064466,0.065681,0.068602,0.06451,0.069323,0.072998,0.098181,0.059639,0.068037,0.075155,0.075778,0.058816,0.10072,0,0.10588,0.067814,0.061058,0.064593,0.11231,0.08123,0.090465,0.061301,0.074484,0.061642,0.08306,0.091348,0.078536,0.088448,0.10568,0.051618,0.055649,0.064733,0.054332,0.075469,0.067319,0.082958,0.078751,0.068727,0.062977,0.084815,0.084815,0.087672,0.049544,0.064737,0.083856,0.073009,0.087192,0.052584,0.076888,0.091028,0.065213,0.072412,0.087129,0.054545,0.063366,0.066096,0.092862,0.054652,0.084829,0.055329,0.055297
0.11249,0.12869,0.10226,0.075884,0.10594,0.097056,0.12414,0.10926,0.14713,0.10829,0.10829,0.11486,0.088735,0.09132,0.10893,0.12034,0.10085,0.12781,0.12014,0.097377,0.11998,0.093051,0.11783,0.14885,0.11231,0.10717,0.11872,0.11174,0.11971,0.11072,0.12588,0.11362,0.10388,0.11368,0.11313,0.10459,0.10213,0.10588,0,0.11029,0.11912,0.10071,0.14819,0.1026,0.14303,0.10897,0.12298,0.10806,0.09983,0.12155,0.10716,0.13007,0.13901,0.09993,0.10333,0.099816,0.10221,0.078205,0.10352,0.090982,0.11609,0.12049,0.11104,0.12611,0.12611,0.1242,0.11722,0.10771,0.10464,0.10159,0.12277,0.1025,0.13542,0.14397,0.12676,0.1181,0.11347,0.097525,0.1043,0.11925,0.090099,0.10885,0.089599,0.10162,0.10348
0.056767,0.062659,0.072753,0.11984,0.046945,0.049519,0.069419,0.07399,0.10678,0.053216,0.077089,0.063463,0.086835,0.061371,0.06827,0.080419,0.080468,0.072704,0.10647,0.061588,0.064843,0.051431,0.055208,0.11003,0.053079,0.040232,0.065606,0.07387,0.069543,0.06123,0.1144,0.064865,0.07211,0.065092,0.053002,0.065083,0.081997,0.067814,0.11029,0,0.069748,0.06376,0.11798,0.074962,0.064709,0.05621,0.059519,0.046833,0.077673,0.071651,0.077148,0.084716,0.11224,0.059231,0.061125,0.070474,0.05795,0.094519,0.063533,0.1018,0.04722,0.056371,0.056569,0.069742,0.069742,0.065057,0.07148,0.062924,0.061471,0.066653,0.088547,0.07211,0.076198,0.092073,0.066319,0.092876,0.077691,0.066902,0.056092,0.060852,0.090384,0.062392,0.083593,0.055446,0.061723
0.058505,0.08082,0.070516,0.11409,0.044105,0.060311,0.059637,0.083839,0.082237,0.058458,0.076839,0.034223,0.087638,0.058221,0.062108,0.083842,0.076827,0.074311,0.11359,0.062982,0.065569,0.050939,0.060308,0.10833,0.065388,0.060853,0.059949,0.039362,0.05892,0.05525,0.096671,0.064051,0.072591,0.070044,0.061823,0.038965,0.086526,0.061058,0.11912,0.069748,0,0.060844,0.10874,0.083273,0.075311,0.055384,0.056186,0.051491,0.06629,0.079564,0.073228,0.082907,0.094197,0.052387,0.05174,0.067942,0.053027,0.099203,0.080937,0.09946,0.05834,0.06943,0.055986,0.071822,0.071822,0.057284,0.065571,0.052245,0.072242,0.061781,0.07698,0.062377,0.067767,0.079282,0.051691,0.080472,0.067704,0.045043,0.05839,0.051768,0.10501,0.056091,0.085224,0.065492,0.057192
0.054355,0.078004,0.057107,0.096108,0.041847,0.046496,0.063259,0.05423,0.078519,0.045518,0.060147,0.054823,0.073261,0.042444,0.047032,0.088969,0.074373,0.073971,0.086303,0.058255,0.054292,0.052737,0.055136,0.099614,0.058234,0.060886,0.052425,0.057288,0.065306,0.043634,0.082482,0.043995,0.061461,0.044985,0.05199,0.048345,0.092758,0.064593,0.10071,0.06376,0.060844,0,0.086257,0.076567,0.082981,0.057221,0.065777,0.049743,0.050342,0.065812,0.058977,0.086233,0.07853,0.037899,0.045509,0.034187,0.05195,0.089296,0.066049,0.081659,0.061173,0.050957,0.059978,0.077537,0.077537,0.060509,0.05528,0.058784,0.044638,0.048098,0.088983,0.05145,0.07523,0.080417,0.064545,0.071376,0.062424,0.059977,0.058085,0.058213,0.084832,0.05988,0.06723,0.050443,0.051425
0.097047,0.11881,0.10567,0.14212,0.097629,0.1007,0.095668,0.098986,0.085632,0.097311,0.098997,0.11236,0.13461,0.093194,0.10867,0.12493,0.10963,0.1071,0.12487,0.11536,0.088749,0.10551,0.1157,0.14611,0.10289,0.11787,0.10274,0.11235,0.11997,0.096606,0.12114,0.11176,0.095762,0.090223,0.097443,0.10785,0.12342,0.11231,0.14819,0.11798,0.10874,0.086257,0,0.13085,0.12569,0.094665,0.10982,0.09167,0.11101,0.11555,0.084358,0.12977,0.079714,0.090614,0.089249,0.086541,0.099807,0.14531,0.11228,0.12966,0.11378,0.10568,0.10094,0.1184,0.1184,0.10765,0.099141,0.096214,0.095602,0.10919,0.11478,0.10729,0.097171,0.11027,0.098999,0.09888,0.10299,0.10182,0.10837,0.098102,0.14373,0.10314,0.11741,0.10833,0.10052
0.077249,0.085761,0.069511,0.099897,0.066009,0.076824,0.077484,0.093683,0.11487,0.079088,0.0803,0.078525,0.081466,0.076409,0.077797,0.099612,0.081026,0.08784,0.12288,0.086281,0.076185,0.075164,0.076453,0.10696,0.079298,0.074467,0.073805,0.077209,0.078352,0.075075,0.12431,0.068759,0.076591,0.077613,0.076752,0.078263,0.096013,0.08123,0.1026,0.074962,0.083273,0.076567,0.13085,0,0.081547,0.079035,0.085149,0.070667,0.081792,0.10045,0.10533,0.090709,0.12131,0.060928,0.061736,0.082764,0.074684,0.094162,0.088551,0.099778,0.0735,0.078452,0.073191,0.094606,0.094606,0.079733,0.082929,0.075267,0.080361,0.077223,0.090643,0.068217,0.090928,0.12286,0.083553,0.096274,0.098273,0.080177,0.067499,0.074443,0.090685,0.089863,0.068844,0.06121,0.088852
0.070054,0.076701,0.086806,0.13596,0.065625,0.075443,0.078868,0.091418,0.10952,0.072286,0.09092,0.065328,0.096793,0.083254,0.075741,0.091863,0.08228,0.081232,0.14043,0.10085,0.068201,0.073266,0.069696,0.10284,0.084633,0.064218,0.064705,0.070403,0.066788,0.072048,0.12059,0.077559,0.087273,0.075378,0.064699,0.072867,0.10473,0.090465,0.14303,0.064709,0.075311,0.082981,0.12569,0.081547,0,0.081588,0.073075,0.063395,0.097288,0.086093,0.089571,0.086535,0.11431,0.070779,0.071353,0.089529,0.070854,0.11184,0.082931,0.11682,0.064874,0.071023,0.075966,0.079796,0.079796,0.077957,0.082615,0.072091,0.084316,0.084047,0.10164,0.086171,0.079899,0.10709,0.072175,0.094062,0.097953,0.085942,0.073093,0.066386,0.11034,0.080627,0.11026,0.08019,0.087335
0.043493,0.065635,0.069504,0.1077,0.036454,0.044926,0.053567,0.073035,0.072267,0.041741,0.079375,0.057834,0.08455,0.04569,0.068616,0.074066,0.073894,0.059413,0.097437,0.056947,0.053753,0.0435,0.059103,0.10581,0.049034,0.056596,0.052352,0.058744,0.064149,0.04592,0.1012,0.069117,0.051499,0.047404,0.048439,0.052872,0.076747,0.061301,0.10897,0.05621,0.055384,0.057221,0.094665,0.079035,0.081588,0,0.049295,0.045715,0.068562,0.072443,0.069207,0.078659,0.091716,0.052306,0.05234,0.05788,0.038165,0.097723,0.072203,0.093526,0.056922,0.056211,0.029354,0.054839,0.054839,0.064677,0.059246,0.04467,0.056405,0.06976,0.05878,0.059163,0.058535,0.072033,0.050468,0.070109,0.062564,0.038898,0.047304,0.041796,0.10206,0.049478,0.07459,0.051786,0.050522
0.044927,0.070091,0.076443,0.12153,0.045968,0.048127,0.071996,0.078786,0.09282,0.049115,0.079456,0.051454,0.094108,0.058269,0.069785,0.073113,0.066506,0.048105,0.11949,0.07069,0.066903,0.060738,0.050043,0.10419,0.056307,0.059815,0.067598,0.06258,0.06144,0.051816,0.10581,0.073449,0.064698,0.052189,0.051552,0.053833,0.094904,0.074484,0.12298,0.059519,0.056186,0.065777,0.10982,0.085149,0.073075,0.049295,0,0.053972,0.077094,0.068249,0.06578,0.065641,0.098124,0.059865,0.060377,0.065276,0.050244,0.10937,0.066334,0.10424,0.051671,0.052953,0.051624,0.064845,0.064845,0.068809,0.072503,0.05607,0.06019,0.061112,0.08791,0.077482,0.053067,0.075223,0.038719,0.073156,0.083242,0.054008,0.06065,0.034172,0.10573,0.061649,0.084023,0.059267,0.052838
0.046213,0.064923,0.062849,0.10581,0.034783,0.047388,0.060558,0.066043,0.075617,0.047039,0.065027,0.045692,0.081901,0.054647,0.061858,0.068341,0.066046,0.066613,0.10722,0.062721,0.053856,0.045228,0.056518,0.10875,0.04625,0.051977,0.056493,0.057419,0.062361,0.045604,0.094266,0.061278,0.055322,0.053327,0.041495,0.047494,0.083248,0.061642,0.10806,0.046833,0.051491,0.049743,0.09167,0.070667,0.063395,0.045715,0.053972,0,0.077366,0.07389,0.062735,0.081709,0.076934,0.043849,0.042631,0.050694,0.046588,0.09268,0.057952,0.0899,0.06003,0.058771,0.043703,0.065066,0.065066,0.050507,0.059753,0.045653,0.065586,0.059287,0.07903,0.054403,0.063692,0.076825,0.055388,0.076515,0.067469,0.050423,0.048519,0.0476,0.09284,0.051966,0.07198,0.051779,0.04863
0.067534,0.092025,0.076986,0.10526,0.06014,0.062256,0.074085,0.07322,0.10643,0.069151,0.079613,0.070604,0.080801,0.055871,0.064287,0.11454,0.091782,0.081208,0.079226,0.063037,0.07471,0.064453,0.066653,0.10851,0.080013,0.073,0.063247,0.064847,0.078068,0.061621,0.10182,0.062702,0.081979,0.068585,0.074477,0.063007,0.085406,0.08306,0.09983,0.077673,0.06629,0.050342,0.11101,0.081792,0.097288,0.068562,0.077094,0.077366,0,0.079886,0.081499,0.10098,0.10886,0.058684,0.063875,0.068808,0.064044,0.098604,0.088777,0.090948,0.058001,0.064,0.071176,0.086712,0.086712,0.071341,0.077124,0.071975,0.047963,0.055993,0.093221,0.067883,0.083913,0.095224,0.073802,0.085977,0.064443,0.067304,0.068346,0.071246,0.094486,0.077756,0.083599,0.069361,0.072478
0.065253,0.082373,0.077432,0.12102,0.069663,0.062086,0.097821,0.07717,0.10419,0.070946,0.06991,0.076509,0.092457,0.068456,0.058082,0.079035,0.094118,0.076975,0.09988,0.082803,0.08162,0.07472,0.052789,0.12684,0.08224,0.072041,0.086616,0.079336,0.07882,0.060281,0.10889,0.086905,0.071264,0.072512,0.057773,0.065342,0.090561,0.091348,0.12155,0.071651,0.079564,0.065812,0.11555,0.10045,0.086093,0.072443,0.068249,0.07389,0.079886,0,0.078484,0.077526,0.10621,0.066638,0.073602,0.076574,0.078441,0.11271,0.082106,0.11262,0.065175,0.068271,0.07897,0.068636,0.068636,0.07975,0.090404,0.07279,0.058975,0.073474,0.10083,0.091148,0.073539,0.093681,0.068816,0.098644,0.083654,0.076465,0.066222,0.057642,0.11863,0.079323,0.098714,0.065074,0.071714
0.059299,0.088674,0.080922,0.11454,0.063079,0.055834,0.077733,0.072341,0.089751,0.05088,0.083086,0.072823,0.097999,0.04923,0.072492,0.092661,0.061041,0.073173,0.11891,0.080651,0.061146,0.058138,0.072765,0.11594,0.069242,0.070071,0.075983,0.071785,0.073378,0.066511,0.090679,0.084679,0.068328,0.062783,0.061192,0.06747,0.090144,0.078536,0.10716,0.077148,0.073228,0.058977,0.084358,0.10533,0.089571,0.069207,0.06578,0.062735,0.081499,0.078484,0,0.083139,0.077574,0.062414,0.062905,0.05071,0.059166,0.10505,0.062373,0.097722,0.07809,0.069145,0.06865,0.082542,0.082542,0.089415,0.071268,0.060182,0.063253,0.061708,0.098781,0.07824,0.073336,0.083985,0.063135,0.065782,0.083662,0.060658,0.07561,0.064869,0.10358,0.06708,0.096369,0.071387,0.054403
0.065527,0.080522,0.087868,0.1231,0.077179,0.077972,0.086737,0.09805,0.10468,0.071454,0.09886,0.080698,0.10528,0.068596,0.08747,0.083952,0.085522,0.069806,0.13915,0.094865,0.070269,0.08164,0.074145,0.11926,0.080769,0.071656,0.090366,0.083481,0.068394,0.074637,0.13079,0.094383,0.073497,0.082786,0.07508,0.074897,0.10976,0.088448,0.13007,0.084716,0.082907,0.086233,0.12977,0.090709,0.086535,0.078659,0.065641,0.081709,0.10098,0.077526,0.083139,0,0.11809,0.080796,0.084186,0.082544,0.073963,0.11528,0.079916,0.11031,0.078762,0.069002,0.077347,0.085243,0.085243,0.090192,0.08543,0.074532,0.083507,0.081078,0.10054,0.092267,0.074565,0.10954,0.063236,0.089769,0.11315,0.079324,0.061204,0.062342,0.11473,0.088811,0.09742,0.069658,0.09093
0.08732,0.10836,0.1002,0.13044,0.086783,0.092831,0.093341,0.091449,0.063447,0.083799,0.099571,0.093068,0.12169,0.090083,0.092055,0.1147,0.10151,0.097281,0.11814,0.107,0.088119,0.090154,0.092547,0.14658,0.092366,0.10668,0.089121,0.089334,0.10139,0.082078,0.091219,0.10385,0.087586,0.084627,0.086519,0.091015,0.12528,0.10568,0.13901,0.11224,0.094197,0.07853,0.079714,0.12131,0.11431,0.091716,0.098124,0.076934,0.10886,0.10621,0.077574,0.11809,0,0.087876,0.087601,0.06967,0.09208,0.13605,0.095996,0.10875,0.11403,0.094204,0.089564,0.11005,0.11005,0.10135,0.085024,0.078973,0.10385,0.088627,0.11142,0.08523,0.089246,0.087585,0.090455,0.090469,0.090709,0.084998,0.098436,0.086418,0.1297,0.10161,0.10643,0.089544,0.076773
0.057046,0.07255,0.040776,0.09433,0.036564,0.04238,0.060093,0.065885,0.086347,0.04948,0.043523,0.048795,0.067699,0.044038,0.040406,0.078844,0.066786,0.0639,0.097336,0.066374,0.056165,0.043619,0.057043,0.097741,0.06193,0.060294,0.054863,0.048711,0.064795,0.050459,0.09662,0.046874,0.056132,0.04675,0.04817,0.042426,0.077285,0.051618,0.09993,0.059231,0.052387,0.037899,0.090614,0.060928,0.070779,0.052306,0.059865,0.043849,0.058684,0.066638,0.062414,0.080796,0.087876,0,0.014822,0.050557,0.049804,0.085981,0.065152,0.082997,0.055519,0.056293,0.049912,0.067952,0.067952,0.06437,0.052393,0.048801,0.051581,0.047338,0.081343,0.052554,0.059899,0.086423,0.053271,0.066069,0.06671,0.045348,0.054205,0.045987,0.084995,0.050063,0.072344,0.042997,0.052006
