1,0.037167,0.042283,0.38041,0.54609,0.51728,-0.037091,0.12852,0.4054,0.18203,-0.23103,0.30623,0.022883,0.36296,0.19389,0.36669,0.22349,0.047667,0.21644,0.43876,0.19704,0.039475,0.31518,0.67045,0.18633,0.53755,0.30767,0.074546,0.014889,0.51083,NaN,0.19501,0.16678,0.1496,0.3848,0.35558,0.1703,0.28966,0.31242,-0.16031,0.23264,0.29446,0.23609,0.079818,0.28205,0.20626,0.27644,-0.072723,0.29638,0.081631,0.14986,0.31664,-0.17176,0.29574,0.25964,0.2639,0.093139,NaN,0.2443,0.25319,0.23985,0.39725,0.063315,0.2722,0.37964,0.70363,0.14496,0.20578,0.41902,0.20948,0.28277,0.37475,-0.079239,0.23684,0.19428,-0.063562,0.4435,0.10035,0.14492,0.15307,0.044127,0.48865,0.46252,0.3078,0.3857,0.049702,0.35746,0.23126,-0.068846,0.33234,0.48114,0.51528,0.20872,0.10804,-0.052506,0.045645,0.12222,-0.081158,0.067682,0.34404,0.050803,0.2892,0.647,0.59384,-0.04314,0.32669,0.095333,-0.33554,0.4484,0.35673,0.14048,0.31432,-0.44149,0.075185,0.17455,0.45245,0.047359,0.44303,0.059006,0.39936,0.05063,0.24905,0.38182,0.32879,0.13906,0.38751,-0.10148,0.023787,0.5217,0.04898,0.11674,0.032132,0.34659,0.18441,-0.13998,0.17278,0.1081,0.21383,0.49053,0.44294,0.14031,0.66844,0.047433,0.31769,0.46102,0.13148,0.21852,0.26243,0.14051,0.31849,0.29887,0.27022,0.36891,0.32093,0.25249,-0.068247,0.10181,0.14523,0.48072,-0.040488,0.041457,0.19181,0.14237,0.35605,0.16963,-0.030865,0.030405,0.17401,0.27035,0.32207,0.14316,-0.076355,0.4186,0.053202,0.21772,0.16636,0.011871,0.3028,0.15363,0.30201,0.33564,0.49261,0.038594,-0.17119,0.15354,0.24895,0.081677,0.028454,0.37561,0.15439,0.53983,0.13148,0.39524,0.42074,0.16488,0.24591,0.31919,0.46618,0.67955,0.28282
0.037167,1,0.16976,0.48407,0.37497,0.37741,0.037199,0.01759,0.26475,0.47602,0.4554,0.57635,0.31013,0.44696,-0.031501,0.68062,0.39075,0.56607,0.64654,0.3455,0.21949,0.53448,-0.22561,-0.060518,-0.15035,0.46277,0.30516,0.33945,0.38498,0.32919,NaN,0.48929,0.2393,0.49202,0.49259,0.21289,-0.12955,0.13227,0.15937,0.31066,0.40795,0.26211,0.74673,0.17949,0.37956,0.62981,0.13185,0.57472,-0.16361,0.60857,0.2358,0.34926,-0.08526,0.44878,0.32129,0.18148,0.020526,NaN,0.69512,0.14319,-0.25828,-0.30719,0.17397,0.27784,0.41937,0.096286,0.557,0.472,0.17033,0.23564,0.16737,0.52371,0.646,-0.044126,0.51054,0.022047,0.39347,0.21408,0.13123,0.24244,0.53947,0.15337,0.11263,0.42196,0.42589,0.31336,0.27516,0.226,0.6642,0.090722,0.546,0.20747,0.27979,0.34043,0.33673,0.20839,0.097923,0.501,0.1467,0.64232,0.32164,0.37429,0.1217,0.19998,0.38589,0.21966,0.37541,-0.037643,0.13925,0.22474,0.62036,0.25299,-0.14097,0.17519,-0.034245,0.5874,0.15652,0.53312,0.18024,0.3328,0.46067,0.43153,0.62315,0.30721,0.57943,0.4434,-0.041868,0.27456,-0.017909,0.47673,0.41854,0.61675,0.27829,0.48259,0.28926,-0.053959,0.42034,0.43742,0.62173,0.36222,0.27085,0.11294,-0.12616,0.51142,0.39094,-0.08177,-0.13671,0.35682,0.13616,0.22951,0.23408,0.81362,0.42573,0.46254,0.56288,0.11351,0.17965,0.21507,0.27974,0.25518,0.44568,0.36038,0.50386,0.58988,0.46384,0.78194,0.2081,0.33591,0.14824,0.16939,0.45111,0.15906,0.026044,0.5619,0.1808,0.12169,0.39476,0.2734,0.4996,0.011471,0.25694,0.2679,0.49563,0.34981,0.34206,0.091987,0.6446,0.30806,0.16086,0.19281,0.11184,0.41918,0.20045,0.42727,0.34306,0.12786,0.18999,0.37909,0.21808,0.47321
0.042283,0.16976,1,-0.12067,-0.013403,-0.038702,-0.0055768,0.052548,-0.2048,-0.074079,-0.11639,-0.041553,0.13641,-0.0081716,-0.05769,-0.029391,0.14823,-0.096265,0.18681,-0.21981,0.024482,0.02238,-0.58312,-0.067873,-0.30107,-0.11429,0.11743,-0.0064658,0.035303,0.23413,NaN,0.039294,-0.020097,0.0035563,-0.062413,-0.31935,0.27423,-0.40994,0.035315,0.14883,-0.007747,-0.13171,0.36981,0.60492,-0.23827,-0.15982,0.060217,0.18232,-0.017072,-0.033003,-0.18095,-0.10613,0.083839,-0.04782,0.07332,-0.00087624,-0.30358,NaN,0.068973,-0.080675,-0.1424,-0.0403,-0.30317,-0.030605,0.12297,0.39314,0.010368,0.53577,-0.063714,-0.16538,-0.18767,-0.021997,-0.032762,-0.088724,-0.29696,-0.05918,-0.059195,-0.47149,-0.32382,-0.46486,0.00041426,0.19061,0.067498,0.049638,-0.14349,-0.039226,-0.21524,0.23115,0.21925,0.2343,-0.11484,-0.077858,-0.042124,0.0015545,-0.15161,-0.13989,-0.39703,0.22095,0.006337,-0.0030904,0.079085,0.24358,-0.10384,0.31038,-0.16149,-0.248,-0.42443,-0.36145,-0.045142,0.072644,-0.02748,0.24386,-0.23228,0.39547,-0.14276,-0.028839,-0.2824,0.10984,-0.39846,-0.32137,0.11506,0.44556,-0.07799,-0.21597,0.076437,0.0012494,-0.013183,-0.057137,-0.095824,-0.43891,0.39449,-0.011705,0.19357,0.017321,-0.13407,-0.32105,0.19153,-0.14549,0.085832,0.18681,-0.39768,0.53324,-0.23206,0.13178,0.29171,-0.11523,-0.091851,-0.26475,-0.16226,-0.076528,0.33116,-0.11418,-0.19865,0.14982,0.24601,0.0098066,0.032374,-0.3096,-0.21062,0.052164,-0.10543,0.11311,0.11651,0.16726,-0.008237,0.12226,-0.085109,0.35649,-0.35293,0.088301,-0.12097,-0.44002,-0.503,0.10823,-0.41275,0.072003,-0.33431,0.15949,0.12237,0.14794,-0.11379,-0.021599,-0.096932,-0.12711,-0.079414,-0.18884,-0.097314,-0.01408,-0.37873,-0.063626,0.095166,-0.14107,-0.053083,0.1696,0.21544,0.14294,-0.064158,-0.11667,0.10983,0.088238
0.38041,0.48407,-0.12067,1,0.17722,0.394,-0.10537,0.42594,0.16253,0.29196,0.1513,0.47745,0.19864,0.37228,0.037475,0.36875,0.27267,0.46037,0.54377,0.36064,0.41297,0.32514,0.24863,0.13812,-0.048276,0.55763,0.3498,0.20333,0.43713,0.2442,NaN,0.50929,0.28249,0.23137,0.31993,0.26318,0.0017567,0.066601,0.19075,0.22391,0.51306,0.1622,0.3088,-0.003451,0.23826,0.41332,0.21021,0.25048,-0.19941,0.35733,0.11173,0.25304,-0.27961,0.51972,-0.20466,0.12496,0.56809,NaN,0.30637,0.35508,0.1928,-0.14929,0.26049,0.21729,0.22074,0.30791,0.39859,0.21352,0.40524,0.35675,0.1837,0.49109,0.14001,0.21798,0.25105,0.34566,0.5289,-0.12432,0.20751,0.40738,0.58271,0.3914,0.35398,0.26806,0.30466,0.075759,0.35402,0.29632,0.27116,0.52095,0.52219,0.28611,0.30496,0.26581,0.46248,-0.045783,0.09367,0.36481,0.17833,0.36598,0.55088,0.28691,0.44004,0.15605,0.33153,0.34828,0.37702,0.05029,0.2625,0.22063,0.47274,0.095002,-0.28772,-0.011246,0.23488,0.55818,0.047413,0.30017,0.063711,0.25535,0.2853,0.47581,0.53674,0.43676,0.23934,0.43249,-0.28083,-0.071937,0.46437,0.38366,-0.12324,0.19666,0.2314,0.46953,-0.25161,0.3561,0.24651,0.59239,0.53865,0.39216,0.25707,0.19823,0.34084,0.21503,0.33479,-0.15312,-0.13389,0.091794,0.055007,0.23028,-0.05506,0.5116,0.26075,0.38688,0.48981,0.018526,0.4509,0.25104,0.44192,-0.25191,0.18395,0.26649,0.21201,0.24796,0.49611,0.41519,0.20588,-0.078375,0.1851,-0.093536,0.36108,0.15776,0.13173,0.37461,0.22708,0.28912,0.26466,0.4675,0.32107,0.1643,0.28587,0.24612,0.47275,-0.2175,0.25614,0.51853,0.31784,0.34954,0.20771,0.46897,0.41071,0.41164,0.11106,0.3278,0.26514,0.10335,0.073784,0.57412,0.66394,0.25942
0.54609,0.37497,-0.013403,0.17722,1,0.43213,-0.10856,0.032523,0.44635,-0.044289,0.16779,0.41835,0.34105,0.20774,0.30647,0.50741,0.38036,0.2902,0.39589,0.70139,0.26582,0.094216,0.10941,0.36766,0.30929,0.56405,0.33891,0.12402,0.029945,0.31857,NaN,0.16275,0.036674,0.42035,0.5767,0.35511,0.1197,0.5589,0.33833,0.061306,0.21829,0.6306,0.28749,0.16556,0.12599,0.33668,-0.065224,0.0097969,0.18707,0.094918,0.13069,0.51161,-0.27843,0.321,0.41025,0.58666,-0.0068297,NaN,0.56779,0.062652,0.083513,0.02844,0.44112,0.41888,0.49367,0.46388,0.37222,-0.044337,-0.013671,0.079575,0.29434,0.3216,0.19943,0.22531,0.27569,-0.18604,0.28706,0.33453,0.31581,0.1552,0.0023593,0.31852,0.49396,0.41555,0.49969,0.1482,0.20348,0.19986,0.23753,0.10573,0.59416,0.32842,0.3148,0.055041,0.25899,-0.2298,-0.063219,0.12722,0.20315,0.38803,0.05709,0.27297,0.30716,0.24727,0.094224,0.15541,0.1305,-0.17279,0.56743,0.27905,0.18188,0.36094,-0.1688,0.0033979,-0.12587,0.58319,-0.0094912,0.55584,0.31939,0.44841,0.23201,0.23088,0.54491,0.27801,0.31795,0.10147,0.23748,0.2127,0.093338,0.11787,0.20042,0.59724,0.26253,0.30879,0.28989,0.068778,-0.076653,0.17484,0.65621,0.63193,0.19119,0.26403,-0.22793,0.58802,0.24197,0.31986,-0.076296,0.29258,0.064185,0.35894,0.27909,0.63737,0.21033,0.56195,0.46083,0.063571,0.16092,0.017715,0.40614,0.33108,0.3671,0.18809,0.53173,0.39252,0.33978,0.25478,0.18432,0.14871,0.25795,0.40885,0.52723,0.00583,0.25999,0.099736,0.36247,0.21234,0.0994,-0.099646,0.61987,0.29503,0.40471,0.58171,0.036568,0.14281,0.19623,0.068594,0.51968,-0.19083,0.2635,0.22248,0.49666,0.45093,0.45787,0.7118,0.15162,-0.15947,0.1068,0.56082,0.39761,0.22891
0.51728,0.37741,-0.038702,0.394,0.43213,1,0.051458,0.15762,0.59905,0.41596,0.32754,0.73244,0.36834,0.38337,0.21058,0.55921,0.52375,0.52292,0.34562,0.65617,0.1363,0.63298,0.24652,0.15634,0.025395,0.7409,0.37227,0.46738,0.29155,0.17517,NaN,0.7018,0.23837,0.48303,0.75409,0.2602,-0.065272,0.2459,0.15938,0.44794,0.37298,0.46605,0.56533,0.015834,0.52603,0.60375,0.25631,0.49045,-0.1189,0.32294,0.58632,0.55465,-0.14946,0.57891,0.18432,0.51206,0.047145,NaN,0.60716,0.11697,0.076313,-0.19668,0.25324,0.73384,0.49256,0.30085,0.40145,0.49184,0.52285,0.59173,0.24305,0.6721,0.53761,0.31203,0.76136,-0.0040503,0.6655,0.34211,0.081088,0.4583,0.66803,0.35737,0.4009,0.64385,0.54353,0.010142,0.55715,0.21249,0.4875,0.40359,0.70241,0.4774,0.12416,0.38128,0.065473,0.14901,0.32497,0.13999,0.23006,0.52812,0.078359,0.36749,0.72461,0.67933,0.39287,0.52014,0.67639,0.092428,0.485,0.54106,0.32108,0.41082,-0.29889,0.34036,0.18346,0.55997,0.4243,0.84531,0.13357,0.51555,0.40388,0.43246,0.70672,0.60318,0.51788,0.48828,0.31067,0.29621,0.24107,0.35422,0.26229,0.48083,0.26846,0.61107,0.20627,0.031472,0.38252,0.62426,0.7417,0.57539,0.28667,0.32718,-0.021724,0.5589,0.46219,0.17179,-0.2059,0.37165,0.094974,0.44544,0.3355,0.61833,0.45676,0.71493,0.59846,0.049629,0.07034,0.61224,0.61579,0.072285,0.44721,0.58269,0.29005,0.56679,0.33279,0.25856,0.31422,0.26236,0.39806,0.3243,0.37013,0.32087,0.28065,0.42434,0.37908,-0.052802,0.39547,0.41122,0.30979,0.51646,0.40767,0.46437,0.51656,0.092632,0.40174,0.38,0.51835,0.54083,0.46991,0.52168,0.31738,0.43446,0.5502,0.30936,0.61875,0.27007,0.3848,0.63588,0.55144,0.58632
-0.037091,0.037199,-0.0055768,-0.10537,-0.10856,0.051458,1,-0.31353,-0.027054,0.33002,-0.099331,-0.098432,0.44674,0.48006,0.44414,-0.18555,-0.24515,-0.14802,-0.34453,-0.29765,-0.3931,-0.12114,0.19459,-0.18616,-0.0049453,-0.23302,0.082971,0.0081067,0.42125,-0.0078923,NaN,-0.10329,-0.18932,0.11807,-0.061273,0.15765,-0.15672,-0.50205,-0.47574,-0.21013,-0.60391,-0.14386,0.10326,0.13829,-0.020059,0.19906,0.16939,0.065633,-0.012352,0.081307,-0.0033534,-0.094513,0.21917,-0.0276,0.16322,0.070277,-0.062487,NaN,0.00068768,-0.079373,0.057764,-0.55754,-0.2052,-0.19686,-0.13625,-0.31161,-0.019077,0.040262,0.15066,0.050966,0.62777,0.3846,0.19837,-0.48363,0.12564,-0.14937,0.080635,0.037421,-0.21287,-0.00030912,0.12475,-0.14736,-0.12775,0.18425,0.16941,-0.052183,0.056513,0.064084,0.3566,-0.007164,-0.13139,-0.26396,-0.038365,0.55596,-0.16161,0.15536,0.010602,-0.16951,-0.052344,-0.25812,0.1184,-0.16848,-0.059175,0.043066,-0.27224,0.11611,0.06644,-0.32379,-0.088062,0.035069,0.19599,-0.029285,0.040966,0.10771,-0.15131,-0.033746,0.089605,0.019929,-0.2101,-0.17688,0.2734,-0.060829,0.085539,-0.03515,0.19804,-0.0574,-0.075383,0.54468,-0.54272,-0.045075,0.094916,0.22113,-0.10351,0.07741,0.22729,0.064251,0.34375,0.091749,0.084534,-0.17527,-0.14118,-0.26492,-0.1456,0.29447,0.14537,-0.25722,-0.48029,0.21715,0.52043,-0.20964,0.08327,-0.11408,0.089733,-0.15374,-0.11165,-0.46869,-0.39287,-0.026438,0.52878,0.11952,0.26216,-0.095924,0.1345,0.12368,0.39178,-0.079962,-0.46722,0.4585,-0.28589,-0.11397,-0.21485,0.16223,-0.011702,-0.37003,0.3707,-0.6188,0.1069,0.028713,-0.55351,0.21163,-0.030577,-0.37057,-0.29658,0.61466,-0.1413,-0.28481,-0.24432,0.084793,0.073279,-0.32373,-0.2619,-0.34599,0.11842,-0.33569,-0.034281,0.25046,0.24652,0.062918,-0.32976,0.11584
0.12852,0.01759,0.052548,0.42594,0.032523,0.15762,-0.31353,1,0.081275,0.10877,0.20821,0.34404,0.11286,-0.054451,0.13601,0.097848,0.41494,0.32086,0.35601,0.25702,0.46584,0.31197,0.16338,-0.071871,0.26263,0.40061,0.32645,0.39601,0.040661,0.17276,NaN,0.51535,-0.055849,0.20219,0.23853,-0.35282,-0.067582,-0.12448,0.26644,0.36858,0.20484,0.44496,-0.14056,-0.18079,0.14306,0.087551,0.20041,0.19951,-0.43839,0.017542,0.12399,0.029054,0.14765,0.37105,-0.4599,0.18886,0.30339,NaN,0.20939,0.027798,0.14047,0.008786,0.21829,0.279,-0.11793,0.32867,0.41121,0.27537,0.16762,0.40047,-0.22019,0.28637,0.12291,0.62864,-0.014809,0.43066,0.28821,-0.19056,0.18371,0.13949,0.28123,0.39263,0.50049,0.032039,0.1586,0.035071,0.028145,0.1359,-0.086519,0.51217,0.1615,0.020402,-0.032096,-0.046602,0.30525,0.10186,0.016737,0.38483,0.20839,0.069677,0.2963,0.51604,0.56782,0.02046,0.55926,0.41704,0.20577,0.39524,0.26905,0.05009,0.22623,0.28059,0.15226,0.20419,0.26049,0.19934,0.19508,-0.02368,0.055058,-0.11479,0.15314,0.62185,0.050366,0.32311,0.075007,-0.039803,0.029618,-0.20585,0.14181,-0.048804,-0.10635,0.21079,-0.086409,0.53021,-0.27802,0.3387,-0.1304,0.56263,0.1774,0.54941,0.46502,0.017242,0.52415,0.031896,0.092684,0.24502,-0.16857,-0.39194,-0.045907,0.29937,-0.16821,0.11109,-0.063135,0.12676,0.15651,0.58433,0.46996,0.34714,-0.012134,-0.24482,0.063412,0.23516,-0.078494,0.2391,-0.088161,0.22799,0.53491,-0.10311,-0.041391,0.036869,0.15706,0.21884,0.073166,0.14148,0.084437,0.052173,0.16728,0.29746,0.09241,0.36226,0.26624,-0.11211,0.33104,-0.36643,0.44485,0.55978,0.027501,0.13564,-0.082808,0.72507,0.18082,0.12177,0.1679,0.26825,0.15054,0.34684,0.19108,0.17041,0.65338,0.27453
0.4054,0.26475,-0.2048,0.16253,0.44635,0.59905,-0.027054,0.081275,1,0.48891,0.53274,0.73819,0.22342,0.34824,0.24409,0.50159,0.25569,0.22394,0.37224,0.58375,-0.10556,0.26747,0.1969,0.18109,0.26068,0.49537,0.50847,0.40122,0.16247,0.18363,NaN,0.11955,0.40319,0.33269,0.61335,0.2806,0.18781,0.45319,0.12373,0.23798,0.35567,0.62013,0.18512,-0.40821,0.47364,0.42896,0.11848,0.095155,0.0061528,0.26226,0.4795,0.5699,0.12211,0.56155,0.31624,0.51102,-0.23069,NaN,0.54455,-0.051397,0.024948,-0.090216,0.3493,0.39672,0.24266,0.34825,0.32494,0.20493,0.2077,0.42203,0.34699,0.48606,0.44739,0.186,0.60232,0.37146,0.59082,0.55553,0.31177,0.72894,0.33013,-0.10041,0.3192,0.70347,0.76407,-0.38815,0.38775,-0.35056,0.34095,0.013419,0.41221,0.28705,0.47358,0.36303,0.089056,0.099676,0.10768,-0.074966,0.076345,0.66886,-0.0096597,0.41547,0.47854,0.57485,0.25907,0.39244,0.49848,0.34815,0.61402,0.63898,0.090785,0.43171,-0.25452,0.14673,0.028248,0.4238,0.24599,0.54137,0.12171,0.75535,0.33078,0.21724,0.48805,0.13711,0.58506,0.35472,0.47856,0.48181,0.035659,0.60858,0.088107,0.50547,-0.089486,0.32707,0.34452,0.14513,0.15838,0.28841,0.61655,0.4307,0.49749,0.23952,-0.19441,0.34886,0.53918,0.07669,0.028057,0.39563,0.50519,0.73112,0.34497,0.58407,0.2714,0.59017,0.5519,0.34619,-0.15427,0.40603,0.43373,0.17703,0.66238,0.63342,0.087131,0.60461,-0.11654,0.32125,0.57614,0.45162,0.45018,0.42881,0.52884,0.66268,0.69294,0.1367,0.41881,-0.28899,0.32552,0.21563,0.16986,0.16833,0.50783,0.329,0.078874,0.40593,0.11072,0.085773,0.33666,0.29249,0.81835,0.2767,-0.096265,0.41335,0.26238,0.30416,0.41956,0.11138,0.55397,0.41501,0.33072,0.34639
0.18203,0.47602,-0.074079,0.29196,-0.044289,0.41596,0.33002,0.10877,0.48891,1,0.29064,0.45252,0.081707,0.45151,0.10067,0.47366,-0.077136,0.24297,0.35889,0.24424,-0.27538,0.28924,0.16306,0.014307,-0.12586,0.25992,0.29534,0.32816,0.21127,0.19669,NaN,0.34774,0.23446,0.25821,0.38313,0.3548,-0.22608,-0.07346,-0.014656,-0.037543,0.2955,0.1666,0.50518,-0.35106,0.5258,0.70353,0.31314,0.43688,-0.028553,0.61454,0.41422,0.0069643,0.31872,0.60715,0.25404,0.15245,-0.17328,NaN,0.31687,0.095999,0.039005,-0.2182,-0.025803,0.22208,0.23586,-0.022289,0.31543,0.47048,0.49954,0.41406,0.3354,0.5055,0.4749,0.13757,0.52447,0.095843,0.59374,0.27119,0.085985,0.51611,0.51184,0.03167,-0.0022728,0.44263,0.37909,-0.09305,0.38352,0.001761,0.38145,-0.10761,0.073574,0.17065,-0.068717,0.56283,-0.03589,0.6261,0.26862,0.027858,0.34147,0.56774,0.24505,0.52976,0.37448,0.44247,0.29334,0.48474,0.44249,0.041813,0.19738,0.21658,0.49044,0.39872,0.037625,0.39946,0.099866,0.4621,0.49671,0.28751,0.11427,0.35053,0.52724,0.22271,0.34406,0.20222,0.55872,0.46836,-0.18929,0.40495,-0.12425,0.46304,0.38165,0.35151,-0.0023462,0.42046,0.27561,0.0805,0.54809,0.44832,0.42912,0.17273,0.37406,0.087562,0.067797,0.36754,0.62856,-0.37911,0.076522,0.46249,0.5877,0.35533,0.093131,0.44232,0.52713,0.22258,0.26816,0.13583,-0.12976,0.38137,0.28209,0.13171,0.43989,0.321,0.13964,0.69596,0.09734,0.42883,0.29379,0.52351,0.14848,0.26843,0.065884,0.41786,0.48259,0.33519,0.45924,-0.43858,0.59565,0.47332,-0.13503,-0.016596,0.37811,-0.099813,0.28282,0.55076,0.13928,0.020747,0.22042,0.45309,0.58597,0.10143,-0.34563,0.17016,0.18688,-0.010845,0.35932,0.44005,0.59644,0.24448,0.15419,0.46166
-0.23103,0.4554,-0.11639,0.1513,0.16779,0.32754,-0.099331,0.20821,0.53274,0.29064,1,0.63347,0.48584,0.33266,-0.012874,0.21427,0.17295,0.37784,0.44228,0.43502,-0.084573,0.31218,-0.14122,-0.30939,-0.00041005,0.35681,0.38192,0.39582,0.36115,-0.24105,NaN,0.26861,-0.044073,0.18624,0.27559,-0.109,-0.067289,0.26792,-0.029725,0.70152,0.33128,0.51929,0.26125,-0.24119,0.2688,0.27837,0.053271,0.30832,-0.47316,0.2193,0.37899,0.37167,-0.018426,0.28059,0.16956,0.23142,-0.2274,NaN,0.42391,-0.015321,0.1917,-0.38927,0.37398,0.296,0.0095997,-0.051997,0.40484,0.15443,0.022228,0.28741,-0.00016614,0.39667,0.43877,-0.0029068,0.35833,0.29161,0.40431,0.22674,-0.10433,0.42949,0.36348,-0.047196,-0.029251,0.59331,0.41122,-0.11803,0.25708,-0.17974,0.39482,0.062564,0.29748,0.12259,0.15322,0.30287,0.1164,0.13738,0.016773,0.14663,0.19172,0.38261,0.17615,0.28888,0.12367,0.15689,0.60528,0.19835,0.40307,0.71383,0.20091,0.48392,0.075314,0.18412,0.0089951,0.090388,0.15044,0.30766,0.19994,0.34467,-0.10451,0.42734,0.29397,0.43156,0.3009,0.12436,0.59894,0.034,0.38596,0.42253,-0.25,0.55553,0.16188,0.64233,-0.25561,0.35663,0.30139,-0.053511,0.10729,0.40018,0.48425,0.32585,0.36628,-0.034931,-0.034358,0.089499,0.12334,0.074079,-0.3098,-0.064091,0.24943,0.32561,0.14241,0.60823,-0.14549,0.48307,0.49247,0.48924,-0.017427,0.37977,0.17373,0.29621,0.60295,0.49908,0.20249,0.36415,0.077527,0.49893,0.63964,0.12744,0.42912,0.16331,0.51478,0.62343,0.25734,0.38634,0.20064,-0.22652,0.20301,-0.022142,0.31556,-0.0023679,-0.0016638,0.13315,0.32146,0.35054,0.20365,0.27159,0.48804,0.15081,0.45748,0.41998,-0.080282,0.33913,0.12422,0.10753,0.36918,-0.048867,0.33257,0.20244,0.064853,0.36032
0.30623,0.57635,-0.041553,0.47745,0.41835,0.73244,-0.098432,0.34404,0.73819,0.45252,0.63347,1,0.44514,0.43338,0.23112,0.56227,0.51007,0.47105,0.62244,0.6076,0.1726,0.60409,0.27271,0.17018,0.14083,0.7536,0.50854,0.4482,0.2764,0.20311,NaN,0.55493,0.41541,0.50322,0.68489,0.14956,-0.06024,0.28963,0.35277,0.53571,0.3652,0.63933,0.51093,-0.1403,0.48497,0.50875,0.20521,0.33811,-0.20483,0.4016,0.50249,0.59837,-0.10196,0.59005,0.17605,0.48438,0.015993,NaN,0.80193,-0.0286,-0.052961,-0.26494,0.32487,0.52002,0.26202,0.3983,0.59793,0.50899,0.38226,0.46991,0.26312,0.58705,0.68114,0.25306,0.65907,0.348,0.6838,0.33909,0.21303,0.65296,0.59186,0.16477,0.45052,0.75592,0.62063,-0.04684,0.50991,0.023616,0.55195,0.36899,0.6681,0.25413,0.44058,0.2269,0.34589,0.14125,0.15222,0.28869,0.10027,0.57555,0.12229,0.53731,0.61958,0.56918,0.46083,0.46203,0.5749,0.30368,0.50837,0.60517,0.25881,0.48268,-0.20282,0.29779,0.20331,0.51471,0.30678,0.63854,0.033674,0.48624,0.43739,0.51431,0.69059,0.26981,0.59788,0.36612,0.49282,0.29689,0.18517,0.55625,0.11627,0.65677,0.078353,0.52715,0.18757,0.16691,0.237,0.57267,0.68209,0.58253,0.56811,0.25503,-0.16845,0.28429,0.4093,0.30918,-0.24526,0.32803,0.2171,0.55638,0.17775,0.74041,0.23558,0.73213,0.74846,0.34393,0.11439,0.47205,0.39339,-0.06161,0.56613,0.59428,0.40256,0.65345,0.13589,0.47427,0.53047,0.30605,0.3493,0.27743,0.50586,0.47653,0.40569,0.41223,0.18474,-0.10768,0.46968,0.46194,0.35336,0.38368,0.34681,0.23687,0.43695,0.18873,0.34128,0.45177,0.43301,0.55675,0.55542,0.51013,0.22506,0.56253,0.28884,0.32966,0.46714,0.16461,0.51243,0.48816,0.46542,0.50505
0.022883,0.31013,0.13641,0.19864,0.34105,0.36834,0.44674,0.11286,0.22342,0.081707,0.48584,0.44514,1,0.40939,0.3708,-0.049467,0.23151,0.26046,0.18291,0.21017,-0.023113,0.077987,0.20108,-0.19876,0.18791,0.22168,0.52288,0.26795,0.63915,-0.24132,NaN,0.24718,-0.20665,0.21057,0.33755,0.046197,-0.19862,-0.043078,-0.1543,0.39935,-0.084282,0.34407,0.35726,0.39257,0.091382,0.11509,0.29812,0.077346,-0.26904,-0.020756,0.0019145,0.44304,0.0056262,0.2102,0.2497,0.38283,0.0094323,NaN,0.42254,-0.080139,0.37934,-0.74509,0.047732,0.23033,0.097959,0.12052,0.39199,0.20103,0.09025,0.1726,0.49806,0.54,0.32452,-0.077174,0.10844,-0.028091,0.33744,-0.016791,-0.1901,0.17522,0.32642,0.15283,0.15397,0.5477,0.45729,-0.18029,0.31388,0.24235,0.55889,0.44386,0.38199,0.11408,0.16186,0.22704,0.12261,-0.057724,-0.028537,0.19291,0.16975,0.02614,0.1695,0.27949,0.17232,0.047205,0.13768,0.12242,0.10169,0.071003,0.30458,0.54757,0.10914,0.1154,-0.012516,0.18511,0.17949,0.31297,0.066071,0.33928,-0.082289,0.09612,0.25738,0.56609,0.44876,0.059155,0.44699,0.052699,0.3433,0.57085,-0.40016,0.15038,0.11901,0.57056,0.00070882,0.30538,0.11352,0.11845,0.13215,0.43501,0.46124,0.46929,0.16491,-0.05941,-0.084268,0.26823,0.21345,0.13172,-0.7635,0.092094,0.3621,0.010387,0.15405,0.37405,-0.095603,0.46805,0.52393,-0.097442,0.075838,0.099802,0.50833,0.15634,0.51485,0.16548,0.51951,0.34019,0.52617,0.24288,0.0080421,0.30027,0.00011138,0.04619,0.35902,0.1671,-0.10928,-0.091275,0.28281,-0.24332,-0.074163,0.062228,0.12552,0.40714,0.10448,0.079189,0.020674,0.26854,0.23167,0.27702,0.18409,0.092356,0.24096,0.1735,0.2186,0.19027,0.26128,0.083501,0.19656,-0.024179,0.14487,0.41323,0.0392,0.34981
0.36296,0.44696,-0.0081716,0.37228,0.20774,0.38337,0.48006,-0.054451,0.34824,0.45151,0.33266,0.43338,0.40939,1,0.2188,0.31921,0.0041857,0.25875,0.35647,0.27808,-0.25552,0.2632,0.084431,0.20741,0.047396,0.4198,0.27239,0.22981,0.57097,0.35738,NaN,0.27153,0.15502,0.31491,0.24265,0.21192,0.03621,0.0035695,-0.1207,0.20314,0.017298,0.23732,0.40051,-0.036497,0.34494,0.32517,0.34188,0.3259,-0.14253,0.13901,0.16367,0.14978,0.019345,0.32762,0.28458,-0.018567,-0.082314,NaN,0.44004,0.30059,0.21303,-0.2574,0.25832,0.16518,-0.050143,0.14916,0.44468,0.27733,0.35693,0.31834,0.47758,0.69927,0.4134,-0.28104,0.2947,0.053174,0.55678,0.062533,0.054859,0.2356,0.27585,0.29076,0.17667,0.59767,0.53238,0.13967,0.35535,0.052081,0.41326,0.17037,0.40276,0.13822,0.093689,0.62292,0.099158,0.35095,0.065419,0.085256,0.14247,0.23216,0.071122,0.012083,0.25782,0.3615,0.13975,0.21571,0.3267,-0.10507,0.096644,0.43157,0.43733,0.32396,-0.29359,-0.020038,-0.078407,0.53241,0.11771,0.4264,-0.22815,0.3185,0.21076,0.36382,0.5501,0.29245,0.32783,0.22122,-0.021395,0.44771,0.029115,0.50605,0.29256,0.48481,-0.1099,0.39352,0.19134,0.015404,0.27498,0.42497,0.60643,0.18956,0.11913,0.20525,-0.046834,0.30755,0.26268,0.051269,-0.28023,0.23158,0.55953,0.072349,0.38428,0.46065,0.25658,0.36246,0.38184,-0.092498,-0.25024,0.30529,0.68183,0.32379,0.49607,0.3376,0.094069,0.40469,0.50566,0.32515,0.0755,0.28361,0.1932,-0.088982,0.36669,0.3442,0.30461,0.099854,0.33208,-0.063911,0.15702,0.16678,-0.12719,0.046192,0.027357,0.10356,0.19406,0.50736,0.023142,0.22692,0.27046,0.2107,0.37379,0.068577,0.20754,-0.0035428,0.063134,0.23941,0.21969,0.42023,0.50953,0.33651,0.27897,0.45507
0.19389,-0.031501,-0.05769,0.037475,0.30647,0.21058,0.44414,0.13601,0.24409,0.10067,-0.012874,0.23112,0.3708,0.2188,1,0.041752,0.28768,0.20865,0.049565,0.13111,0.15789,0.10588,0.30121,-0.18082,0.52804,0.21477,0.11942,-0.20101,0.21302,0.045626,NaN,0.13686,-0.042956,0.22785,0.095522,0.22092,0.26895,-0.0028064,0.19432,-0.025785,-0.35293,0.57832,-0.042821,-0.082846,0.0048127,0.16626,-0.04102,-0.30739,0.28938,0.24006,-0.099667,0.4354,0.035364,0.023042,-0.047906,0.6171,0.35609,NaN,0.23918,0.10721,0.14799,-0.31927,0.14955,0.10998,-0.14499,0.04644,0.3283,0.20055,-0.046785,0.19929,0.43139,0.28342,0.23298,-0.18745,0.11021,-0.01528,-0.062761,0.33551,0.12995,0.08783,0.099696,0.29574,0.65338,0.33998,0.22741,-0.12351,0.22167,0.39508,0.017558,0.12563,0.23942,0.14254,0.10417,0.2028,0.30489,-0.06082,-0.12927,0.18615,0.15788,-0.17447,0.22001,0.23257,0.41344,0.17692,-0.0090866,0.33696,0.1008,-0.17862,0.66317,0.28414,0.10062,0.099134,0.28563,0.1268,0.10371,0.21911,-0.08731,0.063754,-0.13364,-0.17115,0.30632,0.19197,0.23018,0.13467,0.31096,-0.3237,0.37996,0.26751,-0.066607,0.11455,-0.15742,0.38044,-0.038201,0.48135,0.3718,0.57967,-0.26013,0.36092,0.29846,0.1711,0.098703,-0.084172,-0.071208,0.17733,-0.14418,0.056289,-0.22621,0.32294,0.34031,0.11465,0.31015,0.093563,-0.17654,0.35447,0.3427,-0.34787,0.24087,0.071829,0.49476,-0.01078,0.068082,-0.16539,0.14847,0.26159,0.23056,0.11035,-0.14492,0.24172,-0.26325,0.25589,-0.035687,0.18221,0.29174,-0.53083,0.3906,-0.40433,0.32064,0.16607,-0.02804,0.71302,0.25241,-0.35351,-0.025255,0.2637,0.16687,0.21527,-0.18097,0.19609,0.16351,0.063807,0.25186,0.26597,0.11204,0.15327,0.11721,-0.10365,0.4645,0.45998,0.12944,0.30819
0.36669,0.68062,-0.029391,0.36875,0.50741,0.55921,-0.18555,0.097848,0.50159,0.47366,0.21427,0.56227,-0.049467,0.31921,0.041752,1,0.49906,0.58829,0.48567,0.68174,0.2566,0.60886,-0.12547,0.19288,0.15576,0.56935,0.25955,0.49206,0.13972,0.6341,NaN,0.48793,0.60098,0.47071,0.60353,0.48074,-0.011129,0.46809,0.47261,0.14941,0.5761,0.47078,0.57377,-0.23363,0.42645,0.71581,0.30773,0.49042,0.19917,0.34556,0.2247,0.33354,0.013592,0.51849,0.28188,0.31211,0.10568,NaN,0.70747,0.34294,-0.27099,0.033647,0.29419,0.4438,0.48517,0.18674,0.50068,0.4199,0.38816,0.32,0.24883,0.44775,0.60509,0.35095,0.60434,0.098886,0.42152,0.42673,0.40095,0.37841,0.45017,0.20744,0.39688,0.40886,0.5091,0.22369,0.32421,0.035509,0.44128,0.051406,0.51636,0.35023,0.20526,0.36558,0.30547,0.3407,0.19727,0.48858,0.10373,0.7633,0.16513,0.32614,0.39081,0.33156,0.2571,0.23741,0.43471,-0.069094,0.30904,0.13038,0.61257,0.53522,-0.13822,0.10404,-0.20601,0.76486,0.26811,0.70502,0.47362,0.59629,0.45415,0.32755,0.72825,0.44063,0.43997,0.48851,0.079774,0.14285,0.2648,0.48064,0.39144,0.40721,0.19816,0.56802,0.22022,0.15024,0.3807,0.42383,0.62545,0.47261,0.44052,0.19076,-0.22186,0.59128,0.44358,0.10984,0.24704,0.53302,0.17087,0.50089,0.30553,0.74049,0.69793,0.54012,0.48447,0.18047,0.29084,0.25073,0.27585,0.31568,0.43415,0.32073,0.17679,0.68117,0.11623,0.57222,0.31221,0.23436,0.4795,0.1999,0.4354,0.3001,0.46669,0.38707,0.19465,0.19132,0.39675,0.31961,0.49272,0.0068208,0.53582,0.51916,0.51736,0.26356,0.28097,0.15781,0.73425,0.48356,0.3682,0.20111,0.13278,0.52553,0.24928,0.68088,0.61793,0.36294,0.3511,0.51547,0.52129,0.56391
0.22349,0.39075,0.14823,0.27267,0.38036,0.52375,-0.24515,0.41494,0.25569,-0.077136,0.17295,0.51007,0.23151,0.0041857,0.28768,0.49906,1,0.64587,0.29582,0.35068,0.72993,0.74831,-0.074939,-0.15297,0.39596,0.53116,0.20948,0.44597,0.24736,0.33079,NaN,0.65281,0.16311,0.37218,0.55617,-0.096074,0.14859,0.19454,0.41332,0.46041,0.22293,0.50254,0.24276,0.19879,0.29822,0.19344,0.19283,0.31342,-0.084799,0.19414,0.14046,0.71494,0.0064172,0.24417,-0.036098,0.4159,0.39424,NaN,0.60385,0.13565,-0.34024,-0.023187,0.15551,0.43436,0.24763,0.31604,0.52721,0.51963,-0.02001,0.35165,-0.050481,0.40859,0.5585,0.2651,0.41025,0.15922,0.041403,0.36429,0.26342,0.07727,0.48397,0.36359,0.56336,0.15777,0.45187,0.18915,0.27592,0.27489,0.28646,0.50718,0.71987,0.4117,0.35538,-0.060499,0.3748,0.02398,0.15238,0.64992,-0.14708,0.37001,0.093621,0.3135,0.56023,0.19357,0.45017,0.374,0.34282,0.10636,0.42382,0.32574,0.32731,0.099364,-0.087783,0.21961,0.19372,0.30533,0.12047,0.53669,0.22683,0.11396,0.16643,0.57181,0.50422,0.50503,0.38452,0.2112,0.46803,-0.052836,0.26898,0.19843,0.05328,0.31314,0.36338,0.60509,0.016645,0.27801,-0.0025278,0.54553,0.37245,0.56124,0.3524,0.081142,0.10178,0.32838,0.038462,0.37981,-0.070043,0.13439,-0.22006,0.42136,0.34961,0.41711,0.2308,0.44767,0.45269,0.14926,0.52538,0.40226,0.25576,-0.013712,0.078367,0.3278,0.13633,0.40875,0.14344,0.41502,0.19581,0.096912,0.027443,0.2037,0.29301,0.11678,-0.031348,0.12934,-0.0018107,0.19588,0.17181,0.1924,0.40582,0.60596,0.33339,0.32568,0.546,-0.28086,0.66911,0.41579,0.32852,0.34493,-0.10568,0.4573,0.43182,0.41126,0.3948,0.47858,0.40225,0.22379,0.21317,0.39888,0.57079,0.54784
0.047667,0.56607,-0.096265,0.46037,0.2902,0.52292,-0.14802,0.32086,0.22394,0.24297,0.37784,0.47105,0.26046,0.25875,0.20865,0.58829,0.64587,1,0.45519,0.5378,0.54023,0.76133,-0.017821,-0.1712,0.2552,0.63608,0.26057,0.43325,0.3984,0.22102,NaN,0.79482,0.17119,0.36046,0.51164,0.21126,0.042857,0.21194,0.20929,0.52876,0.51089,0.44184,0.35277,-0.05243,0.31844,0.53687,0.12392,0.49093,-0.1725,0.30337,0.19698,0.49224,-0.064807,0.50007,-0.0864,0.25538,0.36575,NaN,0.59183,0.42243,0.0094436,-0.25538,0.53619,0.44134,0.26417,0.0093836,0.46225,0.39333,0.10284,0.54504,-0.046068,0.48741,0.56182,0.25109,0.5023,-0.025512,0.1828,0.20131,0.32081,0.23701,0.6432,0.56201,0.37956,0.40787,0.40152,0.11677,0.5824,0.26604,0.26256,0.13991,0.65179,0.51984,-0.052643,0.24093,0.48807,0.25246,0.0010884,0.6091,0.37226,0.52092,0.26705,0.31887,0.35204,0.050629,0.69881,0.27583,0.5291,0.22088,0.43725,0.29378,0.42779,-0.00016442,-0.061809,0.22721,0.28888,0.65134,0.038244,0.57537,0.46291,0.27375,0.34183,0.51291,0.57612,0.57419,0.37699,0.41104,0.16341,-0.014919,0.1024,0.58848,0.091504,0.44572,0.15491,0.76938,0.20917,0.21319,0.0047753,0.82439,0.53816,0.52938,0.25998,-0.041995,0.31429,0.3385,0.045804,0.041757,-0.09968,0.26082,0.011265,0.19567,0.26591,0.55803,0.42362,0.56599,0.56671,0.1245,0.45421,0.48918,0.3666,0.32195,0.33247,0.32311,0.17623,0.4761,0.38763,0.63437,0.31546,-0.20904,0.13128,0.044486,0.43718,0.19256,0.039604,0.36923,0.37014,0.26028,0.34915,0.18851,0.45467,0.35721,0.42676,0.3171,0.88018,-0.0074707,0.68684,0.58681,0.68539,0.40223,0.14855,0.42025,0.36407,0.6361,0.088575,0.43428,0.41017,0.17106,0.25199,0.59034,0.47444,0.75203
0.21644,0.64654,0.18681,0.54377,0.39589,0.34562,-0.34453,0.35601,0.37224,0.35889,0.44228,0.62244,0.18291,0.35647,0.049565,0.48567,0.29582,0.45519,1,0.53082,0.12839,0.40043,-0.05915,0.10248,0.066285,0.63872,0.18181,0.13203,0.12184,0.17268,NaN,0.4901,0.20241,0.4258,0.5429,0.074228,0.18694,0.31873,0.29271,0.25804,0.59562,0.46312,0.50561,0.040428,0.42698,0.32833,0.043755,0.31014,-0.15206,0.46228,0.24205,0.3241,0.027091,0.61372,0.19644,0.31525,0.02378,NaN,0.56141,0.052394,0.080566,-0.045912,0.34804,0.53466,0.31071,0.49228,0.72615,0.43521,0.00071067,0.34818,-0.032167,0.35414,0.42413,0.29784,0.21399,0.18017,0.55673,0.1291,0.40652,0.36542,0.38924,0.36775,0.44346,0.42056,0.41914,0.15752,0.1831,0.29952,0.32062,0.11075,0.46202,0.30453,0.14663,0.034771,0.52217,0.1123,0.042168,0.30818,0.4542,0.56565,0.17487,0.57639,0.37502,0.32882,0.41974,0.23607,0.26177,0.10914,0.45264,0.36733,0.46862,0.48202,0.025943,0.20347,0.065074,0.63694,0.20732,0.32008,0.010906,0.25128,0.26793,0.53591,0.51633,0.25169,0.41853,0.22922,0.09357,0.10325,0.31527,0.47881,0.23351,0.55491,0.21342,0.50977,0.1686,0.095146,-0.039871,0.44417,0.63822,0.40941,0.33146,0.3085,0.1557,0.25779,0.28525,0.094826,0.013028,0.21563,0.17556,0.33753,0.21028,0.72241,0.12879,0.65535,0.73204,0.30741,0.23791,0.34537,0.12012,0.048141,0.30564,0.39918,0.22595,0.53849,0.36355,0.68093,0.60776,0.2018,0.049543,0.37287,0.57887,0.10359,0.16747,0.49344,0.18757,0.33391,0.31062,0.28065,0.51092,0.065183,0.3054,0.19244,0.45415,0.08634,0.20393,0.35643,0.46515,0.12383,0.22752,0.5042,0.32311,0.45905,0.12852,0.62516,0.22255,-0.0493,0.20233,0.42774,0.49217,0.23771
0.43876,0.3455,-0.21981,0.36064,0.70139,0.65617,-0.29765,0.25702,0.58375,0.24424,0.43502,0.6076,0.21017,0.27808,0.13111,0.68174,0.35068,0.5378,0.53082,1,0.16186,0.40794,0.15522,0.27168,0.283,0.7208,0.23179,0.39393,0.08417,0.2498,NaN,0.47796,0.25589,0.28338,0.63859,0.47942,0.092505,0.63114,0.45418,0.28355,0.606,0.65084,0.35447,-0.26664,0.22643,0.52251,0.15021,0.3048,0.081601,0.063481,0.33819,0.3961,-0.16049,0.59038,0.28398,0.51286,0.094009,NaN,0.55122,0.27689,0.21335,0.029063,0.61646,0.59369,0.46854,0.31506,0.48656,0.062529,0.23708,0.28281,0.2392,0.34338,0.36265,0.53239,0.43759,0.0609,0.53347,0.35379,0.40366,0.51865,0.36643,0.36881,0.42857,0.52348,0.50665,0.075961,0.43704,0.058759,0.28132,0.12999,0.51889,0.42228,0.08777,0.23666,0.36818,0.14033,0.044999,0.18423,0.34573,0.56027,0.14494,0.28105,0.49957,0.34164,0.37911,0.22396,0.36723,0.20408,0.49344,0.24862,0.27001,0.51319,-0.099661,0.18333,-0.040368,0.80499,0.30201,0.71274,0.36581,0.5779,0.4121,0.36638,0.70182,0.41776,0.43599,0.22044,0.27432,0.098735,0.25301,0.41994,0.17868,0.52794,0.12789,0.52418,0.11685,0.1714,0.12307,0.468,0.70224,0.6487,0.35937,0.18932,-0.062545,0.45414,0.26361,0.25637,0.079072,0.30827,0.11689,0.53932,0.10775,0.71242,0.33647,0.69999,0.56444,0.26273,0.22466,0.28837,0.31026,0.3051,0.46954,0.32484,0.27275,0.53531,0.23718,0.29388,0.53932,-0.052878,0.54423,0.2563,0.52694,0.30496,0.51105,0.36678,0.34442,0.16817,0.26438,0.0034272,0.53704,0.16998,0.37362,0.63373,0.45428,0.10651,0.15383,0.36559,0.71363,0.16527,0.49376,0.43809,0.40756,0.6282,0.4175,0.64889,0.51997,0.091391,0.34247,0.62991,0.60269,0.39416
0.19704,0.21949,0.024482,0.41297,0.26582,0.1363,-0.3931,0.46584,-0.10556,-0.27538,-0.084573,0.1726,-0.023113,-0.25552,0.15789,0.2566,0.72993,0.54023,0.12839,0.16186,1,0.43556,0.01695,-0.010438,0.31317,0.42689,0.12205,0.18455,-0.021367,0.34045,NaN,0.4558,0.0056282,0.1058,0.16999,-0.043586,0.1601,0.046077,0.41966,0.23599,0.20499,0.25083,-0.023844,0.20621,-0.072632,0.12451,-0.012223,0.0356,-0.037201,0.15775,-0.0020989,0.44087,-0.24309,0.021258,-0.26854,0.23354,0.64131,NaN,0.27906,0.18932,-0.22405,0.20208,0.18652,0.023437,0.24266,0.30471,0.10929,0.18914,-0.10465,0.158,-0.24875,0.05149,0.077139,0.23744,0.14102,0.14008,-0.22745,-0.0050157,0.18564,-0.067604,0.28607,0.43484,0.41993,-0.10963,0.038445,0.27628,0.22478,0.32554,-0.14296,0.34119,0.48715,0.33783,0.27914,-0.26888,0.46217,-0.18267,-0.15861,0.50103,-0.18908,0.19305,0.40819,0.21239,0.34057,-0.05975,0.39955,0.14001,0.079355,0.098685,0.30645,-0.046496,0.092727,-0.30268,-0.14149,0.11654,0.40936,0.14518,-0.28572,0.21156,0.32492,-0.10275,0.13867,0.33479,0.12034,0.28985,0.098893,0.19634,0.075784,-0.44036,0.30977,0.0060507,-0.34381,-0.017146,0.45157,0.32344,-0.29019,0.39971,-0.18609,0.42008,0.094637,0.37781,0.18193,0.12413,0.31008,0.030124,-0.12685,0.14439,0.088414,-0.075285,-0.49135,0.10857,-0.060123,0.11805,0.1107,0.09109,0.16783,0.14881,0.6776,0.081597,0.03162,-0.25487,-0.229,-0.0039275,0.16312,0.11589,0.095444,0.2954,0.039244,-0.35904,-0.066734,0.090875,0.0027771,-0.16384,-0.13156,0.16308,-0.11379,0.30834,0.022569,0.16098,0.41991,0.49411,0.21817,0.26279,0.50587,-0.60488,0.62425,0.46287,0.17375,0.084394,-0.27653,0.31597,0.53652,0.36535,0.18273,0.29124,0.057203,-0.02789,-0.060777,0.34196,0.51371,0.31705
0.039475,0.53448,0.02238,0.32514,0.094216,0.63298,-0.12114,0.31197,0.26747,0.28924,0.31218,0.60409,0.077987,0.2632,0.10588,0.60886,0.74831,0.76133,0.40043,0.40794,0.43556,1,-0.040369,-0.11677,0.1427,0.64031,0.014459,0.54824,0.2032,0.36742,NaN,0.84618,0.31206,0.46668,0.58285,-0.018949,0.047835,0.016883,0.26608,0.52638,0.29094,0.3252,0.41424,-0.044226,0.40089,0.48707,0.17365,0.70025,-0.25017,0.33511,0.47418,0.42154,0.061181,0.45603,-0.049615,0.22856,0.24737,NaN,0.66439,0.13733,-0.42971,-0.096439,0.32326,0.49523,0.23494,0.081021,0.52006,0.60214,0.17071,0.52803,-0.077461,0.45553,0.8077,0.23887,0.68453,0.17807,0.27422,0.32202,0.32353,0.3035,0.73971,0.30868,0.34838,0.30366,0.38627,0.32774,0.40561,0.13279,0.43227,0.24459,0.59276,0.25079,0.10944,0.2096,0.43196,0.34527,0.17711,0.50902,-0.014831,0.46745,0.078521,0.18984,0.50727,0.34107,0.59626,0.36128,0.61634,0.21889,0.19238,0.17669,0.45841,0.20319,-0.10635,0.39042,0.12289,0.39006,0.32654,0.6465,0.19922,0.12362,0.37783,0.42551,0.56697,0.53384,0.40832,0.35485,0.36842,-0.059928,0.21509,0.44228,0.11628,0.39601,0.26296,0.67996,0.095646,0.10029,0.23365,0.66945,0.40421,0.35103,0.32664,0.0023712,0.11381,0.31324,0.057942,0.26431,-0.054062,0.23409,-0.14129,0.33667,0.18495,0.46142,0.43174,0.43568,0.43562,0.21878,0.19578,0.61908,0.2365,0.018582,0.23443,0.48218,0.041258,0.50295,0.20505,0.48106,0.33952,0.025106,0.069882,0.067951,0.22768,0.27195,0.04165,0.4781,0.054721,0.094633,0.44812,0.28175,0.18853,0.42199,0.22482,0.19855,0.82524,-0.015155,0.53388,0.417,0.48366,0.58955,-0.009161,0.46533,0.22569,0.37568,0.27656,0.28768,0.47564,0.43017,0.36913,0.32937,0.46106,0.60455
0.31518,-0.22561,-0.58312,0.24863,0.10941,0.24652,0.19459,0.16338,0.1969,0.16306,-0.14122,0.27271,0.20108,0.084431,0.30121,-0.12547,-0.074939,-0.017821,-0.05915,0.15522,0.01695,-0.040369,1,0.45251,0.316,0.29023,0.1149,-0.068722,-0.059045,-0.13837,NaN,0.13074,0.042207,0.075042,0.2742,0.31166,-0.34975,0.070997,0.11267,-0.23322,-0.17497,0.11019,-0.13276,-0.18907,0.20602,0.09171,0.07376,-0.27184,0.082302,0.030485,0.18976,0.14818,-0.085661,0.25401,-0.039401,0.16533,0.25843,NaN,0.10555,-0.13796,0.23411,-0.063806,0.089076,0.088652,-0.018867,0.11795,0.057594,-0.1685,0.28572,0.18944,0.38959,0.10736,0.060828,0.25379,0.21629,-0.046097,0.28794,0.16761,0.28136,0.47194,0.079968,0.092609,0.18421,0.15554,0.17199,-0.088171,0.45181,0.07109,-0.10306,0.12415,0.21433,0.085527,0.077712,-0.19987,0.18416,0.11181,0.25871,-0.24419,0.091219,-0.10009,-0.14636,0.14217,0.427,0.042899,0.0058483,0.35936,0.2441,-0.033598,0.2696,0.14274,-0.11261,-0.040119,0.087743,0.083725,0.40952,0.031913,0.26634,-0.044855,0.24867,0.03652,-0.029782,-0.19235,0.18108,0.03474,-0.10539,0.14795,0.10179,-0.0019075,0.14914,0.14647,-0.3877,0.03829,0.032987,-0.03383,-0.094881,0.34613,-0.13851,0.24786,-0.041013,0.11147,0.37355,-0.18329,0.17444,-0.1546,-0.0095189,0.27254,-0.16598,0.34462,0.19486,0.034706,-0.4123,-0.019312,0.19766,0.0056491,-0.016092,-0.13333,-0.06041,0.21598,0.26766,-0.39934,0.039745,-0.11356,0.26211,0.054565,0.10358,-0.30382,-0.080091,-0.13892,-0.045799,0.0017001,-0.054275,0.039868,0.30798,-0.16333,0.32965,-0.15789,0.33465,0.20565,-0.2654,0.31121,0.20699,-0.12717,-0.0068923,-0.055937,0.14505,0.36887,-0.24188,0.14375,0.36478,0.078408,0.19414,0.16163,0.13874,-0.24349,-0.33679,-0.012678,0.20391,0.18941,0.056595,-0.014591
0.67045,-0.060518,-0.067873,0.13812,0.36766,0.15634,-0.18616,-0.071871,0.18109,0.014307,-0.30939,0.17018,-0.19876,0.20741,-0.18082,0.19288,-0.15297,-0.1712,0.10248,0.27168,-0.010438,-0.11677,0.45251,1,-0.0076082,0.35992,0.12251,-0.093138,-0.33554,0.45322,NaN,-0.068286,0.30177,0.051396,0.19572,0.29245,-0.075132,0.21768,0.31212,-0.26548,0.080851,-0.026119,0.085964,-0.012681,0.04971,0.025328,0.0040656,-0.13606,0.26499,-0.16534,0.11686,-0.090475,-0.30867,0.17133,0.19246,-0.15244,-0.19744,NaN,0.18387,0.030936,0.029036,0.49832,0.16201,-0.017321,0.18384,0.53464,-0.14078,-0.10225,0.33719,-0.082531,0.11062,-0.06124,-0.14538,0.21849,0.069782,-0.18174,0.29631,-0.13557,0.22466,0.12923,-0.27494,0.22823,0.10418,0.18265,0.076703,0.11248,0.2994,-0.11058,-0.18636,-0.026426,0.20265,0.11832,0.10666,-0.21399,-0.041315,0.042138,-0.056879,-0.26184,-0.012315,0.15821,-0.3237,0.026214,0.1915,0.33193,-0.18432,-0.027795,-0.064782,-0.36003,0.043762,0.039314,-0.20726,0.21647,-0.4583,0.014618,0.07656,0.1554,-0.088075,0.19435,0.17869,0.25777,-0.17114,-0.21351,0.15524,-0.089625,-0.31671,0.33845,-0.13881,-0.27179,0.41556,-0.032237,0.0024066,-0.10686,0.1213,-0.2899,-0.2075,-0.17095,-0.024487,-0.16851,0.065866,0.20078,0.05905,0.48735,-0.17855,-0.054782,0.22737,0.34877,0.25166,0.18639,-0.043163,0.039984,-0.13131,0.034201,0.33754,0.035067,-0.027806,0.05245,-0.24923,-0.11841,0.029864,-0.085924,-0.014794,0.046127,0.23889,0.065779,-0.11219,-0.30272,-0.052349,-0.16,0.17304,-0.013641,0.047081,-0.3155,0.24028,0.15833,-0.063032,0.31681,-0.0046478,0.11879,0.026608,-0.090125,0.093904,0.3482,-0.088984,-0.1555,-0.092781,0.1082,0.0022671,-0.084454,0.24262,-0.13369,0.37853,0.067691,-0.02146,0.15266,-0.27629,0.14108,0.10992,0.0035503,0.25513,-0.036162
