1,0.83394,0.79752,0.43204,0.26308,-0.86518,0.51128,-0.91292,0.035258,-0.92973,-0.83948,0.44447,-0.82949,0.93988,-0.90908,0.85552,0.97313,0.72012,0.20946,0.93178,0.39109,0.96483,0.15568,-0.10596,-0.59937,-0.60531,-0.53216,-0.78912,-0.3232,-0.64831,0.33411,0.70041,0.24913,0.14032,-0.93575,-0.61042,-0.1144,0.80166,-0.76202,-0.0073406,-0.50079,0.8426,0.92482,-0.65654,0.87582,-0.82905,-0.83995,0.96615,-0.47376,0.88917,0.93893,-0.75097,0.25038,0.94352,0.93859,0.44249,0.95486,-0.85044,0.69148,0.8437,-0.54863,0.9549,0.44312,0.48355,0.53838,0.25353,-0.46514,0.8381,-0.0011437,0.91985,-0.54646,0.95284,-0.64076,0.2285,-0.7252,0.70959,-0.88416,-0.15428,-0.17578,-0.25827,-0.60213,-0.16053,0.18466,0.89997,0.81389
0.83394,1,0.80855,0.46495,0.12307,-0.67278,0.28431,-0.84896,-0.0053164,-0.82847,-0.70738,0.26135,-0.66277,0.87546,-0.76849,0.80172,0.88276,0.6966,0.23305,0.90117,0.33049,0.88226,-0.085235,-0.031378,-0.47938,-0.48909,-0.47924,-0.83063,-0.29642,-0.65622,0.13215,0.46841,0.1224,-0.099332,-0.84269,-0.53391,-0.077312,0.68618,-0.61997,-0.024151,-0.48989,0.84673,0.81587,-0.6838,0.77114,-0.72999,-0.78816,0.84756,-0.30904,0.73689,0.78935,-0.69801,0.011792,0.85259,0.84874,0.29978,0.85671,-0.68249,0.73875,0.76258,-0.49666,0.86586,0.27829,0.36268,0.40555,0.087897,-0.44058,0.70654,-0.068187,0.82031,-0.56374,0.81135,-0.65133,0.22011,-0.68855,0.48997,-0.77307,-0.14982,-0.39147,-0.41295,-0.50618,0.062261,0.02806,0.81521,0.68637
0.79752,0.80855,1,0.59178,0.27606,-0.65501,0.11754,-0.86079,-0.090005,-0.82656,-0.64756,0.28181,-0.63369,0.83339,-0.80077,0.75026,0.81238,0.78505,0.11427,0.84394,0.29171,0.82084,0.052299,-0.069839,-0.61287,-0.57379,-0.55129,-0.71164,-0.18094,-0.60309,0.20909,0.53805,0.14482,-0.20454,-0.81535,-0.57772,-0.225,0.70896,-0.56192,-0.083768,-0.53954,0.83842,0.7483,-0.65456,0.71234,-0.76694,-0.78744,0.81866,-0.45143,0.77621,0.74925,-0.72846,-0.025916,0.83873,0.83162,0.3874,0.82738,-0.64135,0.50421,0.8083,-0.45818,0.80349,0.26414,0.13766,0.18429,0.083918,-0.55202,0.80458,-0.12817,0.73135,-0.56174,0.77838,-0.50632,0.18125,-0.59144,0.56654,-0.75395,-0.02859,-0.06964,-0.18434,-0.34527,0.055156,0.19711,0.83709,0.60773
0.43204,0.46495,0.59178,1,0.40485,-0.1693,-0.069907,-0.45962,0.41394,-0.41181,-0.26926,0.18822,-0.086739,0.4521,-0.34141,0.54038,0.42668,0.42059,0.28222,0.50181,0.27744,0.42943,-0.19719,0.2418,-0.38647,-0.34575,-0.55687,-0.43621,0.10846,-0.15926,0.26175,0.4156,-0.072604,0.093528,-0.38211,-0.265,0.15408,0.6697,0.060296,-0.01002,-0.067016,0.69936,0.46413,-0.19972,0.34079,-0.43118,-0.3833,0.50161,-0.092031,0.55165,0.48244,-0.61511,0.046489,0.55214,0.56605,0.45217,0.47441,-0.078392,0.30627,0.72156,-0.47419,0.42176,0.1089,0.20797,0.21974,0.36106,-0.41351,0.51329,0.18388,0.39637,-0.20342,0.46754,-0.095835,0.50153,-0.23055,0.36905,-0.2139,-0.055988,0.012283,-0.10351,0.24416,0.32506,0.37138,0.52214,0.32121
0.26308,0.12307,0.27606,0.40485,1,0.0062265,0.20868,-0.08837,0.51792,-0.14868,0.071726,0.28805,0.11853,0.2431,0.020548,0.18015,0.31265,0.15001,0.50782,0.30737,0.48784,0.24281,0.33848,0.19663,0.18641,-0.32449,-0.19309,0.0094855,0.36611,0.32744,0.55708,0.30995,0.49756,0.42656,-0.087668,0.077942,0.19359,0.37044,0.17045,0.11845,0.17224,0.3094,0.25719,0.30593,0.10171,-0.005258,-0.11672,0.29608,-0.05377,0.19105,0.29273,-0.13338,0.3457,0.27964,0.27515,0.47667,0.15424,0.073014,0.39133,0.28278,0.086734,0.19021,0.37929,0.059731,0.065978,0.71026,-0.084417,0.29342,0.12023,0.26459,0.070577,0.24457,0.21689,0.43597,-0.051797,0.37619,0.0335,0.28977,0.012864,0.13733,0.22756,-0.30426,0.62591,0.17628,0.45439
-0.86518,-0.67278,-0.65501,-0.1693,0.0062265,1,-0.52645,0.87304,0.21325,0.87577,0.90536,-0.31447,0.91779,-0.84098,0.89295,-0.73107,-0.83523,-0.652,-0.096003,-0.81373,-0.2434,-0.8581,-0.12271,0.16815,0.69562,0.59687,0.38501,0.69536,0.50624,0.77846,-0.19229,-0.59086,-0.045738,-0.067558,0.90135,0.59752,0.19961,-0.56277,0.85885,-0.061887,0.57027,-0.66181,-0.82362,0.60646,-0.78401,0.84935,0.83394,-0.81725,0.53636,-0.8339,-0.79413,0.74924,-0.22019,-0.82133,-0.82723,-0.27098,-0.88001,0.87806,-0.44518,-0.6694,0.46682,-0.84882,-0.3005,-0.41454,-0.47821,0.0035383,0.32065,-0.75584,0.13437,-0.83941,0.55061,-0.86875,0.72349,-0.026499,0.7728,-0.59639,0.93313,0.34226,0.15981,0.30688,0.68965,0.14754,0.10485,-0.76883,-0.64502
0.51128,0.28431,0.11754,-0.069907,0.20868,-0.52645,1,-0.27093,0.083848,-0.36778,-0.35635,0.1657,-0.45596,0.39097,-0.38957,0.3156,0.45229,0.057711,0.082452,0.43087,0.31153,0.47941,0.32237,0.22364,-0.14968,-0.15083,0.20663,-0.36458,-0.25166,-0.18019,0.33921,0.31546,0.078118,0.40883,-0.35207,-0.15616,0.23934,0.3076,-0.42338,0.14719,-0.054746,0.21443,0.52408,-0.19632,0.33631,-0.30126,-0.37971,0.39239,-0.21787,0.35292,0.4453,-0.13672,0.42291,0.33194,0.32732,0.28416,0.40817,-0.41661,0.43772,0.32211,-0.27529,0.44838,0.24462,0.23241,0.26589,0.22474,0.38984,0.35518,0.14078,0.62209,0.12208,0.39367,-0.24179,0.18459,-0.41049,0.51378,-0.42731,-0.15996,0.057144,-0.091381,-0.48205,-0.24074,-0.16787,0.26535,0.52839
-0.91292,-0.84896,-0.86079,-0.45962,-0.08837,0.87304,-0.27093,1,0.13947,0.95228,0.85661,-0.35682,0.83371,-0.9088,0.90649,-0.83744,-0.90858,-0.85597,-0.24437,-0.9061,-0.30663,-0.9188,-0.0049701,0.22456,0.72192,0.61756,0.56906,0.819,0.47762,0.77949,-0.25401,-0.67983,-0.13905,0.046048,0.95494,0.65385,0.25785,-0.76119,0.75105,0.091682,0.58301,-0.88356,-0.84886,0.69031,-0.82392,0.87831,0.84944,-0.90111,0.47724,-0.89357,-0.87413,0.83434,-0.074022,-0.94537,-0.94276,-0.2967,-0.95079,0.81953,-0.58669,-0.8479,0.57069,-0.91928,-0.2723,-0.35324,-0.40969,-0.070602,0.56543,-0.82869,0.10831,-0.82566,0.65941,-0.93656,0.70086,-0.15479,0.7173,-0.59193,0.90777,0.281,0.25009,0.31753,0.50338,0.060778,-0.071519,-0.88653,-0.67492
0.035258,-0.0053164,-0.090005,0.41394,0.51792,0.21325,0.083848,0.13947,1,0.048504,0.19321,0.39817,0.26587,0.03779,0.17276,0.15613,0.033008,-0.14797,0.36732,0.088973,0.012489,-0.019675,0.013269,0.35979,0.24015,-0.10723,-0.28536,0.033361,0.40649,0.3676,0.46524,0.19437,-0.031006,0.62539,0.07927,0.30916,0.67445,0.34801,0.42809,-0.11104,0.45941,0.21598,0.15074,0.27133,0.051034,0.20782,0.029394,0.060813,0.43302,0.022591,0.14271,-0.071334,0.61704,0.082052,0.082053,0.26679,-0.051912,0.24881,0.39015,0.23461,-0.10961,-0.06342,0.14143,0.29736,0.27474,0.49963,0.13127,0.1596,0.33065,0.036464,0.31297,0.025855,0.12635,0.63198,-0.037096,0.16401,0.3161,0.036452,-0.058268,-0.13307,0.40093,0.04017,0.52526,0.084707,0.22631
-0.92973,-0.82847,-0.82656,-0.41181,-0.14868,0.87577,-0.36778,0.95228,0.048504,1,0.83035,-0.42801,0.86727,-0.92578,0.90275,-0.83885,-0.92919,-0.76626,-0.12675,-0.94326,-0.26434,-0.94569,-0.05567,0.18375,0.67338,0.60002,0.55938,0.8193,0.37084,0.76394,-0.31104,-0.76057,-0.18613,-0.093755,0.96836,0.66472,0.19757,-0.77927,0.77034,0.019059,0.54156,-0.85862,-0.93301,0.60708,-0.82144,0.87723,0.91036,-0.90466,0.3434,-0.91572,-0.84493,0.82275,-0.28106,-0.95643,-0.9461,-0.1973,-0.94595,0.85943,-0.64551,-0.82634,0.54794,-0.93626,-0.3058,-0.36116,-0.41983,-0.19626,0.51428,-0.85753,0.041088,-0.86784,0.65643,-0.95233,0.761,-0.13747,0.76021,-0.6195,0.927,0.28117,0.26826,0.30536,0.57961,-0.0068753,-0.1055,-0.91238,-0.74646
-0.83948,-0.70738,-0.64756,-0.26926,0.071726,0.90536,-0.35635,0.85661,0.19321,0.83035,1,-0.22572,0.84391,-0.8128,0.90264,-0.74711,-0.79889,-0.70252,-0.10942,-0.80075,-0.23307,-0.83902,-0.057197,0.30606,0.76188,0.62035,0.617,0.71308,0.50563,0.76397,-0.10866,-0.52823,-0.057872,0.049989,0.86896,0.56544,0.20561,-0.57407,0.76663,-0.079619,0.57146,-0.69111,-0.77621,0.66451,-0.78549,0.87226,0.7896,-0.81,0.59029,-0.76887,-0.74726,0.79949,-0.12651,-0.79379,-0.81307,-0.26319,-0.87146,0.79971,-0.38007,-0.6987,0.52226,-0.81114,-0.15761,-0.4273,-0.48225,0.069488,0.48034,-0.66949,0.090611,-0.80491,0.58432,-0.86109,0.74943,-0.0060243,0.75513,-0.50021,0.89314,0.41322,0.37599,0.35611,0.59684,0.072046,0.062357,-0.77363,-0.53919
0.44447,0.26135,0.28181,0.18822,0.28805,-0.31447,0.1657,-0.35682,0.39817,-0.42801,-0.22572,1,-0.3205,0.39134,-0.39204,0.44817,0.45468,0.44287,0.28168,0.40846,0.017952,0.37622,0.035947,0.15172,0.035448,-0.16218,-0.33612,-0.030711,0.065598,-0.14851,0.57062,0.63847,0.19824,0.46682,-0.3758,0.16088,0.33317,0.50213,-0.22666,-0.14866,0.36689,0.46963,0.41064,-0.11563,0.55937,-0.18892,-0.26874,0.49644,-0.076703,0.45473,0.53587,-0.36052,0.38875,0.44835,0.43948,0.2976,0.40544,-0.38844,0.51954,0.49806,-0.13825,0.43194,0.58264,0.27084,0.29469,0.34437,-0.25074,0.47443,0.16908,0.22652,-0.26222,0.41613,-0.17831,0.31841,-0.17788,0.47894,-0.2586,0.19454,-0.15415,0.14544,-0.21999,-0.036472,0.49279,0.56093,0.48874
-0.82949,-0.66277,-0.63369,-0.086739,0.11853,0.91779,-0.45596,0.83371,0.26587,0.86727,0.84391,-0.3205,1,-0.82354,0.90004,-0.76424,-0.79418,-0.64532,0.007095,-0.76348,-0.1182,-0.85047,-0.011701,0.25334,0.67972,0.52606,0.34521,0.73055,0.41042,0.85766,-0.17442,-0.64942,-0.15264,-0.096291,0.8986,0.63876,0.19074,-0.57558,0.92584,-0.13286,0.56053,-0.60991,-0.80278,0.65969,-0.79689,0.88503,0.83923,-0.78596,0.50008,-0.80173,-0.73724,0.65643,-0.22188,-0.78322,-0.77782,-0.080548,-0.85602,0.97472,-0.45212,-0.58707,0.47279,-0.82589,-0.26583,-0.34353,-0.40308,0.057676,0.3848,-0.74144,0.040117,-0.7703,0.67921,-0.83909,0.77849,0.071572,0.70881,-0.62274,0.91255,0.33576,0.18608,0.23411,0.81048,0.12038,0.032549,-0.75984,-0.70116
0.93988,0.87546,0.83339,0.4521,0.2431,-0.84098,0.39097,-0.9088,0.03779,-0.92578,-0.8128,0.39134,-0.82354,1,-0.89975,0.89322,0.95655,0.76909,0.16207,0.95527,0.29701,0.96771,0.081721,-0.017315,-0.59407,-0.66163,-0.50962,-0.85507,-0.19603,-0.72615,0.31416,0.68935,0.18321,0.12551,-0.9514,-0.65356,-0.076193,0.80823,-0.75273,0.065484,-0.5159,0.87476,0.91355,-0.60148,0.88032,-0.84928,-0.87806,0.95473,-0.38653,0.88702,0.91341,-0.81447,0.21399,0.95306,0.95829,0.35898,0.96891,-0.85301,0.7126,0.80757,-0.51034,0.96114,0.39327,0.5281,0.57793,0.22704,-0.48126,0.86355,-0.056641,0.89132,-0.56379,0.94392,-0.66909,0.20811,-0.71439,0.66276,-0.89124,-0.094689,-0.23205,-0.27567,-0.59327,-0.06093,0.16574,0.89977,0.79757
-0.90908,-0.76849,-0.80077,-0.34141,0.020548,0.89295,-0.38957,0.90649,0.17276,0.90275,0.90264,-0.39204,0.90004,-0.89975,1,-0.82115,-0.87966,-0.75838,-0.029589,-0.86302,-0.23406,-0.91644,-0.081533,0.14195,0.71504,0.5497,0.53636,0.76897,0.38476,0.82459,-0.22615,-0.63468,-0.13185,0.014119,0.93452,0.61495,0.1262,-0.71617,0.82446,0.0326,0.51252,-0.77868,-0.85662,0.75564,-0.88024,0.89945,0.84376,-0.88846,0.56375,-0.86482,-0.84887,0.78159,-0.14841,-0.86356,-0.8688,-0.3086,-0.93741,0.89813,-0.51709,-0.79281,0.51077,-0.89545,-0.26372,-0.41657,-0.47106,0.017251,0.52556,-0.83931,0.11977,-0.82957,0.62091,-0.90416,0.72815,-0.03595,0.71393,-0.6733,0.93695,0.22286,0.20721,0.2318,0.643,-0.013938,-0.075241,-0.9072,-0.6608
0.85552,0.80172,0.75026,0.54038,0.18015,-0.73107,0.3156,-0.83744,0.15613,-0.83885,-0.74711,0.44817,-0.76424,0.89322,-0.82115,1,0.87019,0.76786,0.24569,0.85872,0.2464,0.88998,0.0029954,0.11838,-0.65416,-0.52741,-0.57331,-0.80366,-0.14239,-0.64772,0.41213,0.75309,0.16745,0.25779,-0.83035,-0.47991,0.07072,0.75117,-0.67181,0.087424,-0.32354,0.87068,0.869,-0.54604,0.87947,-0.84943,-0.75063,0.89478,-0.42651,0.84112,0.87743,-0.72516,0.27585,0.86243,0.86597,0.41708,0.89243,-0.76899,0.6374,0.78293,-0.57274,0.85962,0.43322,0.48129,0.52458,0.23504,-0.40479,0.8011,0.26331,0.76479,-0.58553,0.87471,-0.54873,0.38643,-0.61514,0.7527,-0.7216,-0.084516,-0.21264,-0.21218,-0.50454,0.044199,0.22091,0.84849,0.74933
0.97313,0.88276,0.81238,0.42668,0.31265,-0.83523,0.45229,-0.90858,0.033008,-0.92919,-0.79889,0.45468,-0.79418,0.95655,-0.87966,0.87019,1,0.73883,0.27458,0.95571,0.44819,0.98012,0.16522,-0.028325,-0.53352,-0.57093,-0.52573,-0.7824,-0.27602,-0.65539,0.36549,0.6842,0.33604,0.14796,-0.9256,-0.57893,-0.091669,0.76487,-0.75784,-0.0032926,-0.461,0.86467,0.93457,-0.58821,0.88388,-0.82007,-0.82871,0.96749,-0.45242,0.88098,0.93212,-0.74006,0.24652,0.94506,0.93965,0.4361,0.94646,-0.82976,0.74936,0.80998,-0.44195,0.95545,0.47685,0.49533,0.54886,0.30135,-0.49351,0.84873,-0.026,0.9053,-0.60241,0.95758,-0.63554,0.23241,-0.72501,0.72224,-0.86992,-0.081594,-0.26719,-0.28036,-0.58543,-0.11058,0.21646,0.91109,0.82989
0.72012,0.6966,0.78505,0.42059,0.15001,-0.652,0.057711,-0.85597,-0.14797,-0.76626,-0.70252,0.44287,-0.64532,0.76909,-0.75838,0.76786,0.73883,1,0.33327,0.75643,0.25661,0.74381,0.049257,-0.17592,-0.5891,-0.52076,-0.53073,-0.62848,-0.27304,-0.57997,0.37122,0.65959,0.20283,-0.061735,-0.75163,-0.43976,-0.15753,0.69519,-0.57835,-0.067765,-0.31541,0.79073,0.6097,-0.51045,0.75676,-0.71644,-0.59799,0.78954,-0.48678,0.70972,0.76114,-0.71651,-0.062098,0.78175,0.79159,0.34811,0.81755,-0.64746,0.46171,0.73778,-0.4323,0.78217,0.29686,0.15724,0.2032,0.11675,-0.53151,0.67419,0.032799,0.55302,-0.56324,0.7598,-0.41987,0.16274,-0.42056,0.54257,-0.71164,-0.070273,-0.33136,-0.045013,-0.32048,-0.10561,0.21306,0.75845,0.55425
0.20946,0.23305,0.11427,0.28222,0.50782,-0.096003,0.082452,-0.24437,0.36732,-0.12675,-0.10942,0.28168,0.007095,0.16207,-0.029589,0.24569,0.27458,0.33327,1,0.23669,0.52827,0.21115,0.052272,-0.0099002,0.0885,-0.15388,-0.24997,-0.036412,-0.20653,0.064791,0.52092,0.19295,0.42381,0.30316,-0.12465,0.20802,0.32144,0.29482,0.08618,-0.18311,0.25602,0.3466,0.16176,0.09423,0.21534,-0.076044,-0.023168,0.2362,-0.22178,0.15641,0.33858,-0.15639,0.14407,0.24179,0.24504,0.40188,0.16964,0.037032,0.38002,0.28546,0.041521,0.12205,0.15736,0.060305,0.069526,0.29081,-0.14736,0.23385,0.1123,0.14832,-0.13911,0.27066,0.032204,0.37791,-0.1602,0.38071,0.035982,-0.16559,-0.43154,-0.16441,0.27462,-0.32599,0.48902,0.17627,0.36451
0.93178,0.90117,0.84394,0.50181,0.30737,-0.81373,0.43087,-0.9061,0.088973,-0.94326,-0.80075,0.40846,-0.76348,0.95527,-0.86302,0.85872,0.95571,0.75643,0.23669,1,0.3386,0.96677,0.11316,-0.043033,-0.57253,-0.63319,-0.55733,-0.82489,-0.24508,-0.66131,0.38172,0.68504,0.19967,0.1362,-0.92348,-0.58036,-0.019516,0.80057,-0.68587,0.064412,-0.44646,0.89573,0.94253,-0.55562,0.83123,-0.83278,-0.89231,0.9374,-0.33535,0.86447,0.86506,-0.8284,0.2782,0.96121,0.95986,0.34371,0.94746,-0.76139,0.75828,0.87461,-0.50025,0.94021,0.33022,0.38666,0.44211,0.29013,-0.43428,0.86693,-0.010204,0.92897,-0.53475,0.93512,-0.69959,0.25411,-0.78104,0.63563,-0.86894,-0.2036,-0.33473,-0.38409,-0.51485,-0.039344,0.15064,0.90391,0.8014
0.39109,0.33049,0.29171,0.27744,0.48784,-0.2434,0.31153,-0.30663,0.012489,-0.26434,-0.23307,0.017952,-0.1182,0.29701,-0.23406,0.2464,0.44819,0.25661,0.52827,0.3386,1,0.37535,0.34555,0.059799,-0.15739,-0.18134,-0.21081,-0.18905,-0.12664,0.066253,0.23164,0.05412,0.55661,0.1262,-0.27067,-0.19353,0.010505,0.31365,-0.1673,-0.10631,-0.1511,0.2864,0.34375,-0.16551,0.20696,-0.23804,-0.046391,0.385,-0.39603,0.28935,0.40791,-0.16546,0.14688,0.28839,0.28644,0.63602,0.26811,-0.14536,0.25027,0.25442,0.18391,0.27838,0.29243,0.11836,0.14016,0.44176,-0.26186,0.31323,-0.14556,0.3222,-0.30304,0.41381,0.12843,0.15954,-0.042759,0.53697,-0.24454,-0.026307,-0.13947,0.13861,0.090285,-0.12428,0.38682,0.24329,0.34958
0.96483,0.88226,0.82084,0.42943,0.24281,-0.8581,0.47941,-0.9188,-0.019675,-0.94569,-0.83902,0.37622,-0.85047,0.96771,-0.91644,0.88998,0.98012,0.74381,0.21115,0.96677,0.37535,1,0.109,-0.0584,-0.61314,-0.59299,-0.51251,-0.84508,-0.3032,-0.74093,0.3499,0.7103,0.28922,0.14036,-0.94453,-0.61721,-0.092367,0.7732,-0.78548,0.073059,-0.49218,0.86735,0.95267,-0.61149,0.87074,-0.8908,-0.88795,0.95091,-0.47135,0.89299,0.90149,-0.76963,0.24326,0.94608,0.94389,0.33882,0.9686,-0.85984,0.71877,0.81885,-0.50992,0.96038,0.36214,0.45888,0.51329,0.22706,-0.47439,0.86229,-0.010486,0.93649,-0.61199,0.96603,-0.70942,0.19503,-0.76405,0.71735,-0.90637,-0.17163,-0.28675,-0.30842,-0.62596,-0.063038,0.14351,0.90518,0.82183
0.15568,-0.085235,0.052299,-0.19719,0.33848,-0.12271,0.32237,-0.0049701,0.013269,-0.05567,-0.057197,0.035947,-0.011701,0.081721,-0.081533,0.0029954,0.16522,0.049257,0.052272,0.11316,0.34555,0.109,1,0.11992,0.095212,0.052874,0.084428,-0.02625,0.032071,0.21948,0.49796,-0.065718,0.46827,0.060892,-0.016502,-0.18941,0.074687,-0.059168,-0.19457,-0.24736,-0.064518,-0.08312,0.088595,0.10533,0.14369,0.040175,0.084898,0.10148,-0.045499,-0.10353,0.088936,0.12718,0.26085,0.025332,0.012059,0.39497,0.035927,-0.050898,0.13783,-0.023178,0.41759,0.056332,0.36334,-0.073116,-0.055941,0.33277,0.21625,0.072922,0.1548,0.15126,0.23163,0.079488,0.18002,-0.2077,-0.10238,0.34589,-0.093513,0.30577,0.15623,0.028291,-0.024535,-0.35097,0.23356,0.072207,0.11248
-0.10596,-0.031378,-0.069839,0.2418,0.19663,0.16815,0.22364,0.22456,0.35979,0.18375,0.30606,0.15172,0.25334,-0.017315,0.14195,0.11838,-0.028325,-0.17592,-0.0099002,-0.043033,0.059799,-0.0584,0.11992,1,0.28165,0.39686,0.33077,0.055,0.41609,0.21085,0.25144,-0.026031,-0.17132,0.26459,0.22732,0.2525,0.56251,-0.043774,0.1999,-0.031717,0.49168,0.016806,0.026391,0.30129,0.067239,0.16446,0.16722,-0.030574,0.16737,-0.0040895,0.065766,0.16631,0.12012,-0.12767,-0.11411,0.38214,-0.071429,0.20553,0.090645,-0.02284,0.083895,-0.036976,0.31656,0.17072,0.15422,0.26553,0.46092,0.024411,0.37891,-0.067107,0.37189,-0.15816,0.3954,0.34067,0.14835,0.29183,0.2514,0.52308,0.29467,0.20523,0.12762,0.39623,0.050399,0.0055072,0.03734
-0.59937,-0.47938,-0.61287,-0.38647,0.18641,0.69562,-0.14968,0.72192,0.24015,0.67338,0.76188,0.035448,0.67972,-0.59407,0.71504,-0.65416,-0.53352,-0.5891,0.0885,-0.57253,-0.15739,-0.61314,0.095212,0.28165,1,0.60353,0.58243,0.6692,0.39636,0.62117,0.031195,-0.48445,0.1442,0.044333,0.67879,0.54889,0.34441,-0.48848,0.56761,-0.10912,0.62907,-0.58349,-0.61888,0.62198,-0.47147,0.81595,0.61158,-0.57766,0.52621,-0.67382,-0.54193,0.66561,-0.13079,-0.61226,-0.62162,-0.1729,-0.65872,0.58818,-0.089461,-0.59429,0.60632,-0.57369,0.090895,-0.24206,-0.2816,0.11532,0.41153,-0.5972,0.088719,-0.57751,0.53517,-0.67967,0.5292,-0.19287,0.46733,-0.37685,0.68888,0.47838,0.017101,0.20094,0.30061,-0.090591,0.17901,-0.53222,-0.28134
-0.60531,-0.48909,-0.57379,-0.34575,-0.32449,0.59687,-0.15083,0.61756,-0.10723,0.60002,0.62035,-0.16218,0.52606,-0.66163,0.5497,-0.52741,-0.57093,-0.52076,-0.15388,-0.63319,-0.18134,-0.59299,0.052874,0.39686,0.60353,1,0.5832,0.49818,0.12443,0.37536,-0.13872,-0.45227,-0.01893,-0.18516,0.67879,0.39928,0.24148,-0.58582,0.38703,-0.31571,0.55736,-0.61149,-0.55031,0.43973,-0.373,0.56489,0.61213,-0.61357,0.34488,-0.54332,-0.54272,0.74993,-0.20974,-0.67355,-0.68981,-0.24897,-0.59844,0.4985,-0.41458,-0.58737,0.36946,-0.55859,-0.15179,-0.37067,-0.40437,-0.12029,0.45336,-0.56858,0.35221,-0.62629,0.41675,-0.67127,0.46752,-0.27643,0.42235,-0.22966,0.59328,0.27761,0.087928,0.20833,0.25344,0.29257,-0.11847,-0.43698,-0.4283
-0.53216,-0.47924,-0.55129,-0.55687,-0.19309,0.38501,0.20663,0.56906,-0.28536,0.55938,0.617,-0.33612,0.34521,-0.50962,0.53636,-0.57331,-0.52573,-0.53073,-0.24997,-0.55733,-0.21081,-0.51251,0.084428,0.33077,0.58243,0.5832,1,0.37362,0.10974,0.32363,-0.14911,-0.44447,-0.14951,-0.076109,0.54955,0.20258,0.063799,-0.55739,0.20285,0.066582,0.26513,-0.65336,-0.54812,0.40401,-0.49738,0.55092,0.47522,-0.57185,0.31287,-0.54013,-0.50339,0.66946,-0.29386,-0.5895,-0.59851,-0.27199,-0.51809,0.3302,-0.28857,-0.63703,0.3598,-0.43781,-0.031361,-0.34268,-0.36296,-0.15638,0.72779,-0.54816,0.066856,-0.42926,0.54424,-0.62416,0.46668,-0.3267,0.44069,-0.28977,0.41167,0.31142,0.41585,0.2927,-0.019586,-0.1004,-0.39676,-0.61936,-0.31049
-0.78912,-0.83063,-0.71164,-0.43621,0.0094855,0.69536,-0.36458,0.819,0.033361,0.8193,0.71308,-0.030711,0.73055,-0.85507,0.76897,-0.80366,-0.7824,-0.62848,-0.036412,-0.82489,-0.18905,-0.84508,-0.02625,0.055,0.6692,0.49818,0.37362,1,0.32761,0.72578,-0.19151,-0.54401,-0.03305,0.0075004,0.83301,0.76341,0.13804,-0.71198,0.65934,0.026101,0.62748,-0.77504,-0.80982,0.62484,-0.69144,0.79335,0.79619,-0.75304,0.19203,-0.72848,-0.72972,0.66953,-0.1324,-0.81476,-0.81219,-0.13357,-0.84358,0.71727,-0.62467,-0.70029,0.62991,-0.82351,-0.095945,-0.41369,-0.45026,-0.074284,0.30854,-0.6949,-0.047103,-0.81825,0.41826,-0.80175,0.66799,-0.15441,0.67497,-0.49661,0.78934,0.264,0.19251,0.40891,0.48839,-0.065198,0.086484,-0.72433,-0.60748
-0.3232,-0.29642,-0.18094,0.10846,0.36611,0.50624,-0.25166,0.47762,0.40649,0.37084,0.50563,0.065598,0.41042,-0.19603,0.38476,-0.14239,-0.27602,-0.27304,-0.20653,-0.24508,-0.12664,-0.3032,0.032071,0.41609,0.39636,0.12443,0.10974,0.32761,1,0.50145,0.019116,-0.10651,0.06183,0.32384,0.38507,0.19875,0.39851,-0.073746,0.34218,0.39423,0.40059,-0.28129,-0.22803,0.48957,-0.18133,0.31092,0.31374,-0.15664,0.35059,-0.23156,-0.23468,0.27124,0.18537,-0.25677,-0.25135,0.1035,-0.31015,0.3146,-0.12292,-0.27143,0.3205,-0.26964,0.15615,-0.021823,-0.047708,0.51158,0.10365,-0.10755,0.26299,-0.33826,0.24409,-0.33346,0.46514,0.19857,0.43043,-0.076226,0.44931,0.49127,0.22642,0.29355,0.24323,0.0057171,0.41812,-0.2192,0.037318
-0.64831,-0.65622,-0.60309,-0.15926,0.32744,0.77846,-0.18019,0.77949,0.3676,0.76394,0.76397,-0.14851,0.85766,-0.72615,0.82459,-0.64772,-0.65539,-0.57997,0.064791,-0.66131,0.066253,-0.74093,0.21948,0.21085,0.62117,0.37536,0.32363,0.72578,0.50145,1,-0.010993,-0.50958,-0.00022972,0.1496,0.80942,0.60794,0.24678,-0.46166,0.77707,-0.013789,0.53988,-0.60805,-0.67081,0.61776,-0.68764,0.83471,0.81887,-0.61974,0.40038,-0.72398,-0.58182,0.66451,0.032963,-0.68873,-0.69349,0.15884,-0.77087,0.82637,-0.36203,-0.53041,0.47641,-0.71457,0.010953,-0.35017,-0.39343,0.3101,0.48049,-0.64345,0.1877,-0.65027,0.66039,-0.72075,0.85678,0.19007,0.71587,-0.40308,0.83311,0.35209,0.29643,0.37539,0.67627,-0.16935,0.18082,-0.71747,-0.46571
0.33411,0.13215,0.20909,0.26175,0.55708,-0.19229,0.33921,-0.25401,0.46524,-0.31104,-0.10866,0.57062,-0.17442,0.31416,-0.22615,0.41213,0.36549,0.37122,0.52092,0.38172,0.23164,0.3499,0.49796,0.25144,0.031195,-0.13872,-0.14911,-0.19151,0.019116,-0.010993,1,0.55204,0.48003,0.58141,-0.23374,0.026022,0.45125,0.43707,-0.10695,-0.1448,0.3379,0.41985,0.36093,0.15383,0.35602,-0.17567,-0.17283,0.33013,0.00059413,0.24338,0.37897,-0.23815,0.49574,0.35214,0.34246,0.32416,0.29852,-0.17514,0.56749,0.4172,0.035854,0.2791,0.42465,0.058183,0.077032,0.49844,0.045435,0.40312,0.41068,0.28639,0.0045315,0.36342,-0.021326,0.26204,-0.20356,0.63105,-0.12409,0.14314,-0.10598,0.032968,0.034338,-0.15909,0.54979,0.35457,0.44553
0.70041,0.46841,0.53805,0.4156,0.30995,-0.59086,0.31546,-0.67983,0.19437,-0.76057,-0.52823,0.63847,-0.64942,0.68935,-0.63468,0.75309,0.6842,0.65959,0.19295,0.68504,0.05412,0.7103,-0.065718,-0.026031,-0.48445,-0.45227,-0.44447,-0.54401,-0.10651,-0.50958,0.55204,1,0.22859,0.50099,-0.66964,-0.3002,-0.033913,0.74741,-0.48498,0.12838,-0.07183,0.73978,0.73566,-0.19173,0.64523,-0.65985,-0.65422,0.71106,-0.23861,0.79799,0.7208,-0.60881,0.42463,0.75895,0.75198,0.093636,0.7368,-0.65201,0.55299,0.69817,-0.6029,0.73906,0.33083,0.37471,0.41033,0.40999,-0.37573,0.69981,0.26706,0.58795,-0.44826,0.7531,-0.47661,0.40181,-0.42966,0.58742,-0.59062,-0.09074,-0.15499,0.0090168,-0.39122,-0.036337,0.26747,0.70108,0.68142
0.24913,0.1224,0.14482,-0.072604,0.49756,-0.045738,0.078118,-0.13905,-0.031006,-0.18613,-0.057872,0.19824,-0.15264,0.18321,-0.13185,0.16745,0.33604,0.20283,0.42381,0.19967,0.55661,0.28922,0.46827,-0.17132,0.1442,-0.01893,-0.14951,-0.03305,0.06183,-0.00022972,0.48003,0.22859,1,0.23734,-0.1536,-0.1143,-0.046673,0.1345,-0.25144,-0.01765,0.012377,0.11533,0.20766,0.086583,0.22,-0.15854,-0.02646,0.24567,-0.26799,0.094898,0.20038,0.079809,0.20614,0.18008,0.1538,0.16149,0.13822,-0.23345,0.3263,0.0079073,0.40016,0.1643,0.35007,0.0032765,0.016432,0.43783,-0.37312,0.19671,0.073909,0.15413,-0.396,0.29342,-0.010876,-0.14244,-0.050651,0.47151,-0.12252,0.21498,-0.27353,0.12537,-0.12906,-0.33283,0.61688,0.20225,0.40861
0.14032,-0.099332,-0.20454,0.093528,0.42656,-0.067558,0.40883,0.046048,0.62539,-0.093755,0.049989,0.46682,-0.096291,0.12551,0.014119,0.25779,0.14796,-0.061735,0.30316,0.1362,0.1262,0.14036,0.060892,0.26459,0.044333,-0.18516,-0.076109,0.0075004,0.32384,0.1496,0.58141,0.50099,0.23734,1,-0.048911,0.21083,0.52167,0.30771,0.0015497,0.3192,0.43203,0.13238,0.29406,0.34907,0.10698,-0.052582,-0.030905,0.16959,0.13938,0.20529,0.23233,-0.068236,0.78862,0.15668,0.15381,0.13247,0.079871,-0.098446,0.37784,0.14284,-0.036849,0.089743,0.2612,0.38738,0.38845,0.64277,0.1384,0.27826,0.31746,0.14664,0.03044,0.21641,0.01228,0.53864,0.00020868,0.37608,0.065737,-0.054524,-0.027605,0.051598,-0.00056253,-0.18855,0.38282,0.059837,0.4212
-0.93575,-0.84269,-0.81535,-0.38211,-0.087668,0.90135,-0.35207,0.95494,0.07927,0.96836,0.86896,-0.3758,0.8986,-0.9514,0.93452,-0.83035,-0.9256,-0.75163,-0.12465,-0.92348,-0.27067,-0.94453,-0.016502,0.22732,0.67879,0.67879,0.54955,0.83301,0.38507,0.80942,-0.23374,-0.66964,-0.1536,-0.048911,1,0.70618,0.19566,-0.77932,0.80431,0.0014094,0.61752,-0.83975,-0.89828,0.70596,-0.83311,0.88143,0.90427,-0.91199,0.39896,-0.89295,-0.85922,0.85255,-0.20211,-0.9489,-0.94654,-0.23674,-0.95156,0.90097,-0.63867,-0.802,0.51254,-0.92853,-0.30944,-0.44505,-0.50171,-0.091573,0.56025,-0.84949,0.16333,-0.87162,0.67978,-0.95716,0.77595,-0.074175,0.74904,-0.60521,0.94885,0.28705,0.24454,0.31493,0.62044,0.041006,-0.10697,-0.89258,-0.72811
-0.61042,-0.53391,-0.57772,-0.265,0.077942,0.59752,-0.15616,0.65385,0.30916,0.66472,0.56544,0.16088,0.63876,-0.65356,0.61495,-0.47991,-0.57893,-0.43976,0.20802,-0.58036,-0.19353,-0.61721,-0.18941,0.2525,0.54889,0.39928,0.20258,0.76341,0.19875,0.60794,0.026022,-0.3002,-0.1143,0.21083,0.70618,1,0.38812,-0.48819,0.68243,-0.017195,0.80321,-0.42602,-0.56059,0.48522,-0.49175,0.66867,0.62227,-0.57935,0.097294,-0.57998,-0.47779,0.54632,0.028249,-0.6437,-0.63528,-0.037609,-0.64692,0.65998,-0.26569,-0.41325,0.28715,-0.63712,-0.12985,-0.22574,-0.26886,-0.11362,0.40657,-0.51722,0.08812,-0.59177,0.44582,-0.62255,0.50948,0.29794,0.48847,-0.32358,0.72633,0.20309,-0.058301,0.25947,0.46672,0.050119,0.021493,-0.54688,-0.43793
-0.1144,-0.077312,-0.225,0.15408,0.19359,0.19961,0.23934,0.25785,0.67445,0.19757,0.20561,0.33317,0.19074,-0.076193,0.1262,0.07072,-0.091669,-0.15753,0.32144,-0.019516,0.010505,-0.092367,0.074687,0.56251,0.34441,0.24148,0.063799,0.13804,0.39851,0.24678,0.45125,-0.033913,-0.046673,0.52167,0.19566,0.38812,1,0.13081,0.26302,-0.009085,0.6901,-0.035905,0.024537,0.25594,0.10325,0.17552,0.14515,-0.045492,0.27837,-0.1057,0.011098,0.083229,0.46148,-0.1195,-0.10712,0.25604,-0.11343,0.20882,0.22226,0.067253,0.1609,-0.15831,0.046175,0.036886,0.027022,0.28317,0.36509,0.11413,0.39861,-0.075136,0.32774,-0.13037,0.15632,0.30642,-0.00098426,0.29955,0.30868,-0.013001,-0.17186,-0.092414,0.23266,0.11193,0.38526,0.024228,0.20637
0.80166,0.68618,0.70896,0.6697,0.37044,-0.56277,0.3076,-0.76119,0.34801,-0.77927,-0.57407,0.50213,-0.57558,0.80823,-0.71617,0.75117,0.76487,0.69519,0.29482,0.80057,0.31365,0.7732,-0.059168,-0.043774,-0.48848,-0.58582,-0.55739,-0.71198,-0.073746,-0.46166,0.43707,0.74741,0.1345,0.30771,-0.77932,-0.48819,0.13081,1,-0.38536,-0.079674,-0.23132,0.85483,0.77779,-0.47543,0.68657,-0.64045,-0.68254,0.8149,-0.15652,0.80928,0.83222,-0.74896,0.33264,0.85208,0.85323,0.35323,0.8064,-0.59664,0.68012,0.87816,-0.59851,0.78524,0.2217,0.41949,0.45105,0.40294,-0.49581,0.81949,0.017724,0.69064,-0.37812,0.81313,-0.45638,0.41657,-0.45387,0.60736,-0.63533,-0.19631,-0.18602,-0.11141,-0.19575,-0.008797,0.42134,0.79594,0.72796
-0.76202,-0.61997,-0.56192,0.060296,0.17045,0.85885,-0.42338,0.75105,0.42809,0.77034,0.76663,-0.22666,0.92584,-0.75273,0.82446,-0.67181,-0.75784,-0.57835,0.08618,-0.68587,-0.1673,-0.78548,-0.19457,0.1999,0.56761,0.38703,0.20285,0.65934,0.34218,0.77707,-0.10695,-0.48498,-0.25144,0.0015497,0.80431,0.68243,0.26302,-0.38536,1,-0.16031,0.59366,-0.45934,-0.70669,0.60116,-0.76886,0.80933,0.70601,-0.74212,0.50415,-0.68584,-0.6639,0.50857,-0.098254,-0.6952,-0.68545,-0.13084,-0.77959,0.9387,-0.40353,-0.43796,0.26018,-0.77937,-0.37581,-0.32489,-0.38581,0.010948,0.33373,-0.63706,0.040657,-0.70743,0.64618,-0.74874,0.67486,0.20077,0.63994,-0.56478,0.87587,0.15748,0.11704,0.25177,0.8681,0.2271,0.10137,-0.67855,-0.64541
-0.0073406,-0.024151,-0.083768,-0.01002,0.11845,-0.061887,0.14719,0.091682,-0.11104,0.019059,-0.079619,-0.14866,-0.13286,0.065484,0.0326,0.087424,-0.0032926,-0.067765,-0.18311,0.064412,-0.10631,0.073059,-0.24736,-0.031717,-0.10912,-0.31571,0.066582,0.026101,0.39423,-0.013789,-0.1448,0.12838,-0.01765,0.3192,0.0014094,-0.017195,-0.009085,-0.079674,-0.16031,1,-0.023433,-0.10389,0.06495,0.2101,-0.078823,-0.2175,-0.12285,0.092055,-0.16117,0.063172,-0.08866,-0.1219,0.04214,0.044529,0.066855,-0.10692,0.060005,-0.10196,-0.088229,-0.082484,-0.027997,0.075312,0.048803,0.026651,0.043845,0.22652,0.050764,-0.019234,0.14052,0.14193,-0.15103,0.042604,-0.066727,0.064355,0.021637,-0.084778,-0.065614,-0.070913,-0.015766,0.023489,-0.32803,-0.18483,-0.15832,-0.14678,0.18625
-0.50079,-0.48989,-0.53954,-0.067016,0.17224,0.57027,-0.054746,0.58301,0.45941,0.54156,0.57146,0.36689,0.56053,-0.5159,0.51252,-0.32354,-0.461,-0.31541,0.25602,-0.44646,-0.1511,-0.49218,-0.064518,0.49168,0.62907,0.55736,0.26513,0.62748,0.40059,0.53988,0.3379,-0.07183,0.012377,0.43203,0.61752,0.80321,0.6901,-0.23132,0.59366,-0.023433,1,-0.32616,-0.41215,0.62985,-0.28275,0.55717,0.55633,-0.4216,0.28806,-0.4011,-0.33151,0.44087,0.18062,-0.49023,-0.48122,0.011979,-0.48721,0.54941,-0.11413,-0.26491,0.29194,-0.47696,0.0048325,-0.17715,-0.21095,0.23266,0.38936,-0.32733,0.3921,-0.53291,0.45672,-0.50008,0.51073,0.25779,0.45872,-0.059785,0.65772,0.26803,-0.09554,0.30724,0.44279,0.13583,0.2828,-0.33534,-0.19304
0.8426,0.84673,0.83842,0.69936,0.3094,-0.66181,0.21443,-0.88356,0.21598,-0.85862,-0.69111,0.46963,-0.60991,0.87476,-0.77868,0.87068,0.86467,0.79073,0.3466,0.89573,0.2864,0.86735,-0.08312,0.016806,-0.58349,-0.61149,-0.65336,-0.77504,-0.28129,-0.60805,0.41985,0.73978,0.11533,0.13238,-0.83975,-0.42602,-0.035905,0.85483,-0.45934,-0.10389,-0.32616,1,0.83645,-0.54746,0.75183,-0.7411,-0.7745,0.85712,-0.32323,0.83951,0.86004,-0.83471,0.17022,0.91275,0.91608,0.37069,0.87687,-0.61436,0.72944,0.92457,-0.61796,0.85162,0.29705,0.44272,0.47884,0.2125,-0.52928,0.8049,-0.0025457,0.77824,-0.51062,0.87769,-0.56487,0.43688,-0.61193,0.5885,-0.70914,-0.11978,-0.26834,-0.25856,-0.27529,0.12154,0.23023,0.86329,0.64048
0.92482,0.81587,0.7483,0.46413,0.25719,-0.82362,0.52408,-0.84886,0.15074,-0.93301,-0.77621,0.41064,-0.80278,0.91355,-0.85662,0.869,0.93457,0.6097,0.16176,0.94253,0.34375,0.95267,0.088595,0.026391,-0.61888,-0.55031,-0.54812,-0.80982,-0.22803,-0.67081,0.36093,0.73566,0.20766,0.29406,-0.89828,-0.56059,0.024537,0.77779,-0.70669,0.06495,-0.41215,0.83645,1,-0.52319,0.81816,-0.85482,-0.88526,0.90225,-0.32734,0.90768,0.86261,-0.74482,0.47135,0.91653,0.9082,0.30132,0.90828,-0.79506,0.70824,0.8171,-0.53719,0.89899,0.30226,0.49097,0.54255,0.32926,-0.39522,0.89563,0.04669,0.92311,-0.55049,0.93766,-0.71955,0.31782,-0.78759,0.71236,-0.83938,-0.2639,-0.25327,-0.36925,-0.54493,0.031948,0.1521,0.88999,0.82415
-0.65654,-0.6838,-0.65456,-0.19972,0.30593,0.60646,-0.19632,0.69031,0.27133,0.60708,0.66451,-0.11563,0.65969,-0.60148,0.75564,-0.54604,-0.58821,-0.51045,0.09423,-0.55562,-0.16551,-0.61149,0.10533,0.30129,0.62198,0.43973,0.40401,0.62484,0.48957,0.61776,0.15383,-0.19173,0.086583,0.34907,0.70596,0.48522,0.25594,-0.47543,0.60116,0.2101,0.62985,-0.54746,-0.52319,1,-0.5664,0.5953,0.56048,-0.58968,0.48062,-0.50307,-0.57496,0.50724,0.16099,-0.55879,-0.55156,-0.25824,-0.62104,0.65635,-0.34842,-0.56899,0.45076,-0.58845,-0.1177,-0.21332,-0.24658,0.40016,0.4204,-0.50324,0.31018,-0.56841,0.51438,-0.58102,0.53739,0.029658,0.44845,-0.35024,0.68221,0.23871,0.026068,0.19685,0.49253,-0.044387,0.11837,-0.5867,-0.31376
0.87582,0.77114,0.71234,0.34079,0.10171,-0.78401,0.33631,-0.82392,0.051034,-0.82144,-0.78549,0.55937,-0.79689,0.88032,-0.88024,0.87947,0.88388,0.75676,0.21534,0.83123,0.20696,0.87074,0.14369,0.067239,-0.47147,-0.373,-0.49738,-0.69144,-0.18133,-0.68764,0.35602,0.64523,0.22,0.10698,-0.83311,-0.49175,0.10325,0.68657,-0.76886,-0.078823,-0.28275,0.75183,0.81816,-0.5664,1,-0.78451,-0.74323,0.90933,-0.44583,0.81737,0.89676,-0.65431,0.2015,0.8342,0.83752,0.42145,0.89952,-0.83759,0.60556,0.72645,-0.43606,0.87639,0.46903,0.48613,0.53506,0.16828,-0.434,0.79936,0.16772,0.73811,-0.53396,0.83686,-0.6039,0.15253,-0.69735,0.74108,-0.77638,-0.02428,-0.28731,-0.26216,-0.61489,-0.082925,0.25951,0.92728,0.7866
-0.82905,-0.72999,-0.76694,-0.43118,-0.005258,0.84935,-0.30126,0.87831,0.20782,0.87723,0.87226,-0.18892,0.88503,-0.84928,0.89945,-0.84943,-0.82007,-0.71644,-0.076044,-0.83278,-0.23804,-0.8908,0.040175,0.16446,0.81595,0.56489,0.55092,0.79335,0.31092,0.83471,-0.17567,-0.65985,-0.15854,-0.052582,0.88143,0.66867,0.17552,-0.64045,0.80933,-0.2175,0.55717,-0.7411,-0.85482,0.5953,-0.78451,1,0.85995,-0.83768,0.56917,-0.87817,-0.75084,0.77896,-0.16723,-0.84682,-0.85207,-0.19703,-0.89988,0.83987,-0.39591,-0.72056,0.53213,-0.83639,-0.14827,-0.33272,-0.39006,-0.06616,0.53073,-0.81547,-0.027623,-0.81112,0.7203,-0.89115,0.738,-0.079451,0.72876,-0.64201,0.87591,0.36527,0.2376,0.31833,0.59703,-0.028481,-0.038921,-0.81861,-0.67644
-0.83995,-0.78816,-0.78744,-0.3833,-0.11672,0.83394,-0.37971,0.84944,0.029394,0.91036,0.7896,-0.26874,0.83923,-0.87806,0.84376,-0.75063,-0.82871,-0.59799,-0.023168,-0.89231,-0.046391,-0.88795,0.084898,0.16722,0.61158,0.61213,0.47522,0.79619,0.31374,0.81887,-0.17283,-0.65422,-0.02646,-0.030905,0.90427,0.62227,0.14515,-0.68254,0.70601,-0.12285,0.55633,-0.7745,-0.88526,0.56048,-0.74323,0.85995,1,-0.8034,0.30618,-0.84992,-0.72388,0.78856,-0.23832,-0.88397,-0.87982,-0.036827,-0.88466,0.80152,-0.5793,-0.75759,0.60361,-0.85634,-0.11367,-0.33495,-0.38828,-0.033918,0.41138,-0.81914,0.084305,-0.89203,0.54229,-0.84788,0.8646,-0.0984,0.87805,-0.49105,0.87189,0.35418,0.2526,0.46845,0.62224,-0.021834,0.020251,-0.83827,-0.72462
0.96615,0.84756,0.81866,0.50161,0.29608,-0.81725,0.39239,-0.90111,0.060813,-0.90466,-0.81,0.49644,-0.78596,0.95473,-0.88846,0.89478,0.96749,0.78954,0.2362,0.9374,0.385,0.95091,0.10148,-0.030574,-0.57766,-0.61357,-0.57185,-0.75304,-0.15664,-0.61974,0.33013,0.71106,0.24567,0.16959,-0.91199,-0.57935,-0.045492,0.8149,-0.74212,0.092055,-0.4216,0.85712,0.90225,-0.58968,0.90933,-0.83768,-0.8034,1,-0.47206,0.90513,0.94976,-0.78583,0.21436,0.95387,0.95636,0.49643,0.96217,-0.82343,0.67618,0.84798,-0.4991,0.96036,0.4855,0.49784,0.55224,0.34084,-0.52562,0.86208,0.033155,0.86383,-0.58732,0.94307,-0.5828,0.2843,-0.65947,0.70443,-0.84877,-0.076152,-0.21774,-0.22815,-0.56134,-0.14741,0.25685,0.91678,0.83688
-0.47376,-0.30904,-0.45143,-0.092031,-0.05377,0.53636,-0.21787,0.47724,0.43302,0.3434,0.59029,-0.076703,0.50008,-0.38653,0.56375,-0.42651,-0.45242,-0.48678,-0.22178,-0.33535,-0.39603,-0.47135,-0.045499,0.16737,0.52621,0.34488,0.31287,0.19203,0.35059,0.40038,0.00059413,-0.23861,-0.26799,0.13938,0.39896,0.097294,0.27837,-0.15652,0.50415,-0.16117,0.28806,-0.32323,-0.32734,0.48062,-0.44583,0.56917,0.30618,-0.47206,1,-0.42236,-0.47662,0.28509,0.20418,-0.33356,-0.35186,-0.46048,-0.46109,0.47126,0.023235,-0.31639,0.19205,-0.40453,-0.18617,-0.13821,-0.17123,0.21133,0.36869,-0.36375,0.1579,-0.3949,0.48313,-0.46251,0.19431,-0.054271,0.25781,-0.48952,0.46644,0.042404,0.039726,-0.1041,0.37742,0.23516,-0.018098,-0.3598,-0.28517
0.88917,0.73689,0.77621,0.55165,0.19105,-0.8339,0.35292,-0.89357,0.022591,-0.91572,-0.76887,0.45473,-0.80173,0.88702,-0.86482,0.84112,0.88098,0.70972,0.15641,0.86447,0.28935,0.89299,-0.10353,-0.0040895,-0.67382,-0.54332,-0.54013,-0.72848,-0.23156,-0.72398,0.24338,0.79799,0.094898,0.20529,-0.89295,-0.57998,-0.1057,0.80928,-0.68584,0.063172,-0.4011,0.83951,0.90768,-0.50307,0.81737,-0.87817,-0.84992,0.90513,-0.42236,1,0.89276,-0.80463,0.27396,0.92363,0.92525,0.30582,0.92826,-0.80187,0.52144,0.82942,-0.61957,0.90735,0.28909,0.49552,0.54711,0.2794,-0.5385,0.89716,-0.015725,0.80349,-0.6143,0.92271,-0.6419,0.30619,-0.66334,0.66456,-0.83814,-0.23639,-0.14895,-0.20866,-0.48914,0.050067,0.16153,0.89845,0.76377
0.93893,0.78935,0.74925,0.48244,0.29273,-0.79413,0.4453,-0.87413,0.14271,-0.84493,-0.74726,0.53587,-0.73724,0.91341,-0.84887,0.87743,0.93212,0.76114,0.33858,0.86506,0.40791,0.90149,0.088936,0.065766,-0.54193,-0.54272,-0.50339,-0.72972,-0.23468,-0.58182,0.37897,0.7208,0.20038,0.23233,-0.85922,-0.47779,0.011098,0.83222,-0.6639,-0.08866,-0.33151,0.86004,0.86261,-0.57496,0.89676,-0.75084,-0.72388,0.94976,-0.47662,0.89276,1,-0.69881,0.2409,0.90208,0.90511,0.55386,0.92159,-0.77748,0.68746,0.83342,-0.55672,0.91708,0.46873,0.59527,0.63881,0.3017,-0.44302,0.85212,0.016261,0.80794,-0.47093,0.90783,-0.49793,0.41019,-0.60097,0.74554,-0.77334,-0.043585,-0.14855,-0.17599,-0.46749,-0.16326,0.2586,0.87831,0.80565
-0.75097,-0.69801,-0.72846,-0.61511,-0.13338,0.74924,-0.13672,0.83434,-0.071334,0.82275,0.79949,-0.36052,0.65643,-0.81447,0.78159,-0.72516,-0.74006,-0.71651,-0.15639,-0.8284,-0.16546,-0.76963,0.12718,0.16631,0.66561,0.74993,0.66946,0.66953,0.27124,0.66451,-0.23815,-0.60881,0.079809,-0.068236,0.85255,0.54632,0.083229,-0.74896,0.50857,-0.1219,0.44087,-0.83471,-0.74482,0.50724,-0.65431,0.77896,0.78856,-0.78583,0.28509,-0.80463,-0.69881,1,-0.14234,-0.8641,-0.88695,-0.25268,-0.83361,0.62492,-0.48095,-0.83946,0.49609,-0.77363,-0.19203,-0.39131,-0.44054,-0.12251,0.57129,-0.73676,0.15319,-0.72605,0.55487,-0.83516,0.64992,-0.15325,0.62445,-0.40841,0.77979,0.34041,0.27831,0.29866,0.32023,-0.13494,-0.1208,-0.78041,-0.49687
0.25038,0.011792,-0.025916,0.046489,0.3457,-0.22019,0.42291,-0.074022,0.61704,-0.28106,-0.12651,0.38875,-0.22188,0.21399,-0.14841,0.27585,0.24652,-0.062098,0.14407,0.2782,0.14688,0.24326,0.26085,0.12012,-0.13079,-0.20974,-0.29386,-0.1324,0.18537,0.032963,0.49574,0.42463,0.20614,0.78862,-0.20211,0.028249,0.46148,0.33264,-0.098254,0.04214,0.18062,0.17022,0.47135,0.16099,0.2015,-0.16723,-0.23832,0.21436,0.20418,0.27396,0.2409,-0.14234,1,0.23388,0.21605,0.064505,0.14916,-0.18829,0.35855,0.21175,-0.04954,0.13464,0.082754,0.28489,0.29658,0.53353,0.08913,0.42654,0.20897,0.28535,-0.028696,0.31113,-0.2367,0.39313,-0.29768,0.41244,-0.10689,-0.28394,-0.13432,-0.17895,-0.013427,-0.048904,0.35474,0.23716,0.43384
0.94352,0.85259,0.83873,0.55214,0.27964,-0.82133,0.33194,-0.94537,0.082052,-0.95643,-0.79379,0.44835,-0.78322,0.95306,-0.86356,0.86243,0.94506,0.78175,0.24179,0.96121,0.28839,0.94608,0.025332,-0.12767,-0.61226,-0.67355,-0.5895,-0.81476,-0.25677,-0.68873,0.35214,0.75895,0.18008,0.15668,-0.9489,-0.6437,-0.1195,0.85208,-0.6952,0.044529,-0.49023,0.91275,0.91653,-0.55879,0.8342,-0.84682,-0.88397,0.95387,-0.33356,0.92363,0.90208,-0.8641,0.23388,1,0.99712,0.3211,0.96296,-0.79456,0.71707,0.89389,-0.56618,0.95176,0.35505,0.46021,0.5144,0.30605,-0.54939,0.8822,-0.030176,0.88611,-0.58662,0.95978,-0.69323,0.27137,-0.73381,0.60563,-0.86687,-0.20831,-0.23832,-0.35244,-0.49556,-0.098769,0.19839,0.91273,0.79739
0.93859,0.84874,0.83162,0.56605,0.27515,-0.82723,0.32732,-0.94276,0.082053,-0.9461,-0.81307,0.43948,-0.77782,0.95829,-0.8688,0.86597,0.93965,0.79159,0.24504,0.95986,0.28644,0.94389,0.012059,-0.11411,-0.62162,-0.68981,-0.59851,-0.81219,-0.25135,-0.69349,0.34246,0.75198,0.1538,0.15381,-0.94654,-0.63528,-0.10712,0.85323,-0.68545,0.066855,-0.48122,0.91608,0.9082,-0.55156,0.83752,-0.85207,-0.87982,0.95636,-0.35186,0.92525,0.90511,-0.88695,0.21605,0.99712,1,0.3376,0.96925,-0.78748,0.69851,0.89679,-0.57245,0.95277,0.34614,0.48339,0.5369,0.29566,-0.55187,0.87521,-0.037054,0.88419,-0.57559,0.96037,-0.68621,0.27258,-0.72748,0.59875,-0.86847,-0.2086,-0.25262,-0.34338,-0.48795,-0.087575,0.18982,0.9094,0.78185
0.44249,0.29978,0.3874,0.45217,0.47667,-0.27098,0.28416,-0.2967,0.26679,-0.1973,-0.26319,0.2976,-0.080548,0.35898,-0.3086,0.41708,0.4361,0.34811,0.40188,0.34371,0.63602,0.33882,0.39497,0.38214,-0.1729,-0.24897,-0.27199,-0.13357,0.1035,0.15884,0.32416,0.093636,0.16149,0.13247,-0.23674,-0.037609,0.25604,0.35323,-0.13084,-0.10692,0.011979,0.37069,0.30132,-0.25824,0.42145,-0.19703,-0.036827,0.49643,-0.46048,0.30582,0.55386,-0.25268,0.064505,0.3211,0.3376,1,0.33783,-0.12817,0.23769,0.43058,-0.010711,0.32773,0.58043,0.25503,0.27467,0.35893,-0.078314,0.36205,0.10724,0.31282,-0.023127,0.3435,0.27701,0.41911,-0.050422,0.58735,-0.16053,0.30038,0.21155,0.16206,0.065514,-0.19249,0.39745,0.34422,0.33362
