1,0.46295,0.17065,-0.010175,0.63592,0.20609,0.45395,0.53396,0.002862,0.35652,0.49163,0.036942,0.29344,0.21468,0.5436,0.39562,0.26675,0.14628,0.13858,0.49979,-0.088144,0.49971,0.52902,0.31879,0.14289,0.29373,0.27961,0.067013,0.31749,0.15534,0.28637,0.12668,0.57518,0.26912,0.51617,-0.067085,0.32286,0.056748,0.19101,0.29439,0.050007,0.098411,-0.078743,0.11771,0.36052,0.46891,0.29638,0.22826,-0.15343,0.33042,0.32513,0.37888,-0.022716,0.58902,0.56925,0.59635,0.17966,0.1152,0.51642,-0.0083072,-0.014455,0.53043,0.65187,0.19965,0.19517,0.32747,0.392,0.12928,0.2359,0.33118,-0.1007,0.45211,0.2777,0.24702,0.11294,0.24632,0.25139,0.52771,0.36494,0.21908,0.00015687,0.30771,0.37267,0.38223,0.47142
0.46295,1,0.26934,0.047701,0.34929,0.068619,0.17982,0.20535,0.14773,0.074539,0.32719,0.3519,0.25609,-0.45252,0.53886,0.21228,0.39624,-0.16851,-0.0011228,0.55046,0.19265,0.25277,-0.012804,0.36951,0.04244,0.16961,-0.12452,0.29021,0.49914,0.1691,0.40786,0.21649,0.45311,0.37458,0.20929,0.057494,0.3908,0.21495,0.23241,0.42905,0.28118,-0.19386,0.086052,0.18481,0.6319,0.2057,0.18257,0.22469,-0.057994,0.068093,0.11351,-0.12208,0.090746,0.33682,0.17593,0.058619,0.15711,0.24424,0.3657,-0.19175,0.21086,0.084857,0.26502,0.36159,0.34589,0.45825,0.34759,0.12878,0.33527,0.42306,0.19775,0.31085,0.22685,0.18391,0.50279,0.42214,0.57299,0.3466,0.030609,0.28541,0.053482,0.36906,0.18075,0.29959,0.16868
0.17065,0.26934,1,0.73205,0.44618,0.45175,0.11165,-0.10664,0.66266,-0.072951,0.592,0.67061,0.89129,0.1029,0.45041,0.26802,0.74336,-0.27356,0.62045,0.41553,0.41704,0.23487,0.13063,0.76745,0.65615,0.51358,-0.090673,0.69863,0.57323,0.65382,0.58376,0.74831,0.66756,0.70817,0.014825,0.74303,0.55128,0.73084,0.81522,0.58113,0.72696,0.57133,0.52094,0.70019,0.65028,0.34644,-0.16006,0.52678,0.7552,0.52092,0.25458,-0.1592,0.56029,0.51022,0.47758,-0.014345,0.52791,0.81173,0.63733,-0.034176,-0.083326,0.39946,0.11864,0.50773,0.50258,0.3687,0.10121,0.080706,0.59841,0.3544,0.5661,0.53964,-0.22779,0.84971,-0.1075,0.46905,0.55793,0.27588,-0.29114,-0.040463,0.85192,0.11802,0.4791,0.5172,0.64538
-0.010175,0.047701,0.73205,1,0.41455,0.52877,0.15255,-0.15128,0.6839,-0.39853,0.60471,0.53569,0.80707,0.12433,0.34779,0.22792,0.58387,-0.20054,0.54849,0.32277,0.20255,0.086594,0.35023,0.69696,0.53686,0.53478,-0.034619,0.56173,0.26687,0.66828,0.49719,0.68614,0.4496,0.67311,-0.397,0.56161,0.38027,0.66257,0.90772,0.41038,0.64033,0.77255,0.57428,0.62894,0.41619,0.095844,-0.064474,0.5278,0.72973,0.65449,0.35524,-0.24612,0.65361,0.43626,0.41508,-0.070378,0.62906,0.76335,0.6001,-0.061968,0.054399,0.50203,0.044093,0.70801,0.70495,0.18694,-0.031498,0.11582,0.58486,0.43749,0.17067,0.43715,-0.061299,0.7578,0.021927,0.48007,0.6612,-0.099612,-0.35825,0.095336,0.92935,0.13678,0.32847,0.64388,0.48924
0.63592,0.34929,0.44618,0.41455,1,0.47178,0.55548,0.33267,0.60088,0.31524,0.80547,0.46182,0.61409,0.17821,0.57039,0.51307,0.54578,0.12266,0.37937,0.42943,0.25377,0.64609,0.73421,0.64065,0.35082,0.59195,0.31236,0.54083,0.29205,0.65608,0.38851,0.41854,0.70148,0.52107,0.18469,0.28492,0.48564,0.41331,0.54895,0.49179,0.52453,0.42202,0.36774,0.51254,0.67945,0.37486,0.3909,0.60502,0.22116,0.64231,0.66903,0.43642,0.37706,0.71308,0.7022,0.37874,0.58343,0.52166,0.73143,-0.071763,0.14704,0.79226,0.53294,0.46889,0.46257,0.25068,0.52507,0.42176,0.58469,0.50552,0.084965,0.549,0.33151,0.65771,0.13756,0.46148,0.54602,0.30852,0.073297,0.47628,0.40335,0.31038,0.36146,0.64723,0.59516
0.20609,0.068619,0.45175,0.52877,0.47178,1,0.51915,0.14159,0.70119,-0.15531,0.60806,0.48412,0.43061,0.21412,0.43448,0.68385,0.51097,0.078428,0.41439,0.34191,-0.060355,0.19557,0.29157,0.64064,0.4124,0.48096,0.34617,0.33996,0.11901,0.37059,0.47983,0.58519,0.5536,0.40779,0.12957,0.28545,0.36065,0.48353,0.48878,0.4553,0.36496,0.71309,0.77589,0.54991,0.24093,0.010631,0.16599,0.32367,0.66474,0.77211,0.51006,0.1113,0.75862,0.44881,0.45898,0.44067,0.50861,0.40886,0.65943,-0.10639,0.0021978,0.48686,0.096005,0.57856,0.57509,-0.052552,0.24207,0.29547,0.76108,0.67029,-0.0063657,0.44439,0.36417,0.47332,0.25492,0.40518,0.49353,-0.30244,-0.089917,0.2153,0.52339,0.4914,0.16104,0.71587,0.53215
0.45395,0.17982,0.11165,0.15255,0.55548,0.51915,1,0.40732,0.26706,0.11982,0.47111,0.21983,0.25221,0.05387,0.67626,0.53891,0.10632,0.37122,0.18453,0.26006,0.34704,0.33076,0.35128,0.31486,0.12099,0.30262,0.61126,0.22599,0.12707,0.32604,-0.013571,0.28483,0.40712,0.020701,0.1633,0.10659,0.31929,0.27843,0.29097,0.082007,0.20844,0.35673,0.2077,0.30058,0.31482,0.25589,0.4856,0.27078,0.16422,0.50578,0.33041,0.41107,0.070289,0.62079,0.59519,0.35087,0.11534,0.26548,0.36083,0.18933,0.44628,0.37746,0.51711,0.24166,0.23619,0.055162,0.56026,0.17452,0.61215,0.25307,0.012142,0.5295,0.34787,0.17362,0.25217,0.034125,0.28965,0.13891,0.18168,0.46651,0.10964,0.5174,0.16386,0.41698,0.27408
0.53396,0.20535,-0.10664,-0.15128,0.33267,0.14159,0.40732,1,-0.20383,0.59013,0.31213,-0.22488,0.035719,0.19076,0.38722,0.27019,-0.074446,0.16268,0.0043022,0.54447,-0.2209,0.28761,0.44885,-0.027476,-0.2661,0.23849,0.37064,-0.2128,0.059489,0.051721,-0.09332,-0.16459,0.12894,-0.21154,0.63286,-0.21629,0.32676,-0.17778,-0.063158,0.029529,-0.13588,-0.19837,-0.28458,-0.34066,0.1799,0.36473,0.55877,-0.10799,-0.30737,0.11013,0.27193,0.76534,-0.22647,0.25996,0.22845,0.75526,-0.12761,-0.12808,0.2845,0.14152,0.35798,0.31097,0.50582,-0.044594,-0.043591,0.064558,0.40686,0.3142,0.0084944,0.19552,-0.054608,0.28313,0.33298,-0.134,0.14199,-0.073359,0.13404,0.35281,0.64697,0.28279,-0.27992,0.29183,0.064965,-0.0070101,0.13736
0.002862,0.14773,0.66266,0.6839,0.60088,0.70119,0.26706,-0.20383,1,-0.18995,0.71025,0.72318,0.64037,0.061257,0.34899,0.504,0.76105,-0.088404,0.57014,0.16378,0.36575,0.206,0.2946,0.79527,0.52341,0.54619,-0.026304,0.71699,0.17725,0.70008,0.51479,0.75391,0.65086,0.69414,-0.12187,0.57065,0.39614,0.52535,0.69322,0.48775,0.68887,0.69768,0.83778,0.83198,0.52677,-0.032383,-0.046957,0.59335,0.6935,0.74433,0.58704,-0.10177,0.73971,0.41918,0.41527,0.038599,0.69407,0.59718,0.62445,-0.29507,-0.041927,0.52749,0.044507,0.59772,0.59219,0.16347,0.23996,0.36638,0.76686,0.49337,0.16326,0.45701,0.094954,0.73166,0.18097,0.60664,0.60664,-0.28953,-0.42926,0.18053,0.73797,0.2419,0.16123,0.67917,0.51637
0.35652,0.074539,-0.072951,-0.39853,0.31524,-0.15531,0.11982,0.59013,-0.18995,1,0.11024,-0.12726,-0.0048103,0.085379,0.13211,0.057714,-0.041135,0.16121,-0.16438,0.16978,0.029123,0.52733,0.33692,-0.17792,-0.2669,0.042358,0.16025,-0.078881,0.097381,-0.0040876,-0.21311,-0.2527,0.073929,-0.23806,0.76337,-0.20371,0.17924,-0.22903,-0.27065,0.07712,-0.044663,-0.35189,-0.38397,-0.20868,0.326,0.58489,0.41371,0.12288,-0.28561,-0.11396,0.117,0.68262,-0.28566,0.24511,0.24522,0.36775,-0.17617,-0.087261,0.14755,0.18588,0.1829,0.27319,0.52885,-0.38724,-0.38562,0.1491,0.39707,0.56432,-0.17766,-0.034954,0.2447,0.20948,0.145,-0.053492,-0.11654,-0.31781,-0.13361,0.51585,0.56512,0.18107,-0.43688,0.090536,0.13179,-0.11605,0.20722
0.49163,0.32719,0.592,0.60471,0.80547,0.60806,0.47111,0.31213,0.71025,0.11024,1,0.50319,0.73945,0.29242,0.71989,0.57059,0.67104,0.053334,0.72489,0.50317,0.18627,0.49579,0.54461,0.76714,0.47984,0.6429,0.20482,0.53355,0.34184,0.74487,0.33869,0.53803,0.73716,0.61912,0.13287,0.45919,0.66022,0.49982,0.70599,0.46499,0.58334,0.57968,0.48056,0.57943,0.59472,0.33757,0.13107,0.53716,0.42654,0.71592,0.75767,0.22164,0.56945,0.78226,0.76976,0.44905,0.51655,0.48923,0.78655,-0.14562,-0.0091691,0.74909,0.4614,0.57881,0.57362,0.3394,0.40904,0.3841,0.5691,0.49594,0.0083221,0.57912,0.17561,0.66945,0.24511,0.59601,0.68904,0.14194,-0.0127,0.3035,0.53525,0.24794,0.40697,0.65698,0.69027
0.036942,0.3519,0.67061,0.53569,0.46182,0.48412,0.21983,-0.22488,0.72318,-0.12726,0.50319,1,0.64496,-0.051376,0.36584,0.50911,0.69737,-0.12145,0.36771,0.3386,0.35924,0.04278,0.025054,0.7767,0.73375,0.55094,-0.10137,0.86479,0.38661,0.75208,0.62975,0.69998,0.5502,0.64512,-0.14696,0.6981,0.71138,0.67324,0.62794,0.49169,0.88659,0.57543,0.68312,0.63349,0.6318,0.17022,-0.03948,0.46195,0.62884,0.47279,0.49991,-0.26184,0.6365,0.38746,0.3102,-0.14725,0.72385,0.50927,0.62897,-0.36665,-0.025702,0.27425,0.16511,0.53256,0.52873,0.088936,0.20101,0.16922,0.70749,0.28577,0.33167,0.34515,-0.016526,0.78011,0.16933,0.48866,0.45839,0.057021,-0.53848,0.2396,0.64329,0.3668,0.42019,0.60657,0.35812
0.29344,0.25609,0.89129,0.80707,0.61409,0.43061,0.25221,0.035719,0.64037,-0.0048103,0.73945,0.64496,1,0.14448,0.56423,0.30987,0.66782,-0.24851,0.61763,0.442,0.33313,0.3244,0.36106,0.82839,0.60998,0.5487,-0.0075818,0.70225,0.51274,0.8036,0.46576,0.72609,0.61487,0.72676,-0.023263,0.68621,0.62022,0.70955,0.87806,0.53071,0.75503,0.68263,0.48547,0.68978,0.6962,0.49803,-0.019346,0.59947,0.62375,0.59004,0.47559,-0.017022,0.54286,0.681,0.6487,0.024575,0.62741,0.79213,0.72159,-0.021736,-0.015499,0.53104,0.3002,0.57708,0.5747,0.42345,0.15084,0.16778,0.61124,0.39858,0.35638,0.49663,-0.1356,0.8811,-0.11341,0.41013,0.58717,0.34881,-0.20815,0.03935,0.82387,0.14418,0.65562,0.57487,0.64647
0.21468,-0.45252,0.1029,0.12433,0.17821,0.21412,0.05387,0.19076,0.061257,0.085379,0.29242,-0.051376,0.14448,1,0.077305,0.18558,0.12853,0.10997,0.46123,0.22918,-0.23803,0.21407,0.224,-0.0074424,0.42256,0.10427,0.11684,0.094886,-0.14402,0.078504,-0.073804,-0.061336,0.065374,0.053507,0.042578,0.06203,0.2501,0.057016,0.0013908,0.086129,0.11679,0.34049,-0.013634,-0.17624,-0.21642,0.088799,-0.073249,0.06611,0.19667,0.018492,0.4022,0.19779,0.14364,0.26386,0.3743,0.39745,0.10418,0.016954,0.020488,0.30731,-0.12872,0.34888,0.1627,-0.14563,-0.14376,-0.039448,-0.17476,0.035593,-0.13525,-0.020004,-0.079429,0.20986,-0.10549,0.13821,-0.11427,-0.0035844,-0.099155,-0.0092138,0.1739,-0.044757,0.11408,-0.33624,-0.00038074,0.18453,0.25972
0.5436,0.53886,0.45041,0.34779,0.57039,0.43448,0.67626,0.38722,0.34899,0.13211,0.71989,0.36584,0.56423,0.077305,1,0.46547,0.46107,0.041369,0.47411,0.48898,0.25091,0.51073,0.22508,0.48843,0.28813,0.44939,0.25688,0.29865,0.37029,0.46184,0.19198,0.27948,0.5685,0.25888,0.25693,0.20903,0.6027,0.40335,0.48879,0.36124,0.34878,0.30841,0.24835,0.3663,0.62643,0.39934,0.28219,0.4587,0.2513,0.45359,0.46155,0.11298,0.31693,0.87813,0.80823,0.31776,0.15042,0.45587,0.50865,0.24326,0.2506,0.4689,0.5925,0.33305,0.32529,0.48099,0.51319,0.20857,0.50906,0.35302,0.1704,0.59814,0.12022,0.37891,0.32787,0.29483,0.70816,0.36273,0.056492,0.32258,0.26895,0.4599,0.26929,0.4982,0.4978
0.39562,0.21228,0.26802,0.22792,0.51307,0.68385,0.53891,0.27019,0.504,0.057714,0.57059,0.50911,0.30987,0.18558,0.46547,1,0.4093,0.53371,0.23774,0.23977,0.069023,0.11615,0.40744,0.62798,0.36614,0.45272,0.48421,0.31962,0.015222,0.43652,0.29843,0.53117,0.44612,0.25515,0.22888,0.15253,0.60806,0.14081,0.30522,-0.0015987,0.38485,0.50549,0.60172,0.31496,0.26761,0.23482,0.48231,0.037554,0.32933,0.53424,0.64092,0.11916,0.5223,0.37283,0.37111,0.54065,0.57412,0.048255,0.61755,-0.28662,-0.023546,0.3765,0.50641,0.42558,0.41585,0.0063684,0.46321,0.44775,0.63753,0.33033,-0.0045426,0.39631,0.56958,0.37396,0.48338,0.24929,0.33715,0.034293,-0.050275,0.45761,0.21666,0.73034,0.20234,0.612,0.14412
0.26675,0.39624,0.74336,0.58387,0.54578,0.51097,0.10632,-0.074446,0.76105,-0.041135,0.67104,0.69737,0.66782,0.12853,0.46107,0.4093,1,-0.12843,0.57968,0.39118,0.22908,0.31046,0.18055,0.71384,0.56868,0.62898,-0.31465,0.60119,0.37813,0.64887,0.75652,0.56066,0.838,0.79765,0.08953,0.55185,0.46914,0.55091,0.6266,0.62602,0.6772,0.49395,0.64161,0.64448,0.66152,0.092468,-0.20837,0.6288,0.57685,0.59676,0.48153,-0.21423,0.62275,0.49912,0.45727,0.17694,0.54166,0.55377,0.65325,-0.23813,0.00057189,0.53177,0.20937,0.45467,0.44911,0.31964,0.37263,0.25583,0.58953,0.55538,0.32415,0.61539,-0.16084,0.70825,0.21867,0.75189,0.72656,-0.0012,-0.39034,0.16885,0.66811,0.16905,0.23178,0.63304,0.64034
0.14628,-0.16851,-0.27356,-0.20054,0.12266,0.078428,0.37122,0.16268,-0.088404,0.16121,0.053334,-0.12145,-0.24851,0.10997,0.041369,0.53371,-0.12843,1,-0.0333,-0.21313,0.18919,0.11727,0.33486,-0.086645,-0.1313,0.1844,0.50673,-0.2075,-0.17236,-0.0042068,-0.20902,-0.06425,0.0011484,-0.22355,0.037187,-0.22578,0.049632,-0.24939,-0.12917,-0.52671,-0.15165,-0.033825,-0.012017,-0.15969,-0.14219,0.15771,0.48922,-0.22134,-0.15043,0.085853,0.15807,0.19448,-0.064969,0.018878,0.07862,0.42471,-0.0606,-0.30858,0.021969,0.013433,0.11436,0.10263,0.46246,-0.17905,-0.19,-0.16215,0.48865,0.31028,0.061074,-0.091785,-0.14778,0.21757,0.45841,-0.19178,0.37206,-0.15664,-0.11542,0.12269,0.15539,0.49195,-0.27471,0.39943,-0.12898,0.10765,-0.26705
0.13858,-0.0011228,0.62045,0.54849,0.37937,0.41439,0.18453,0.0043022,0.57014,-0.16438,0.72489,0.36771,0.61763,0.46123,0.47411,0.23774,0.57968,-0.0333,1,0.2554,0.28869,0.33779,0.12727,0.53783,0.61028,0.59277,-0.075733,0.45397,0.45207,0.5989,0.26387,0.38557,0.59016,0.58104,-0.070299,0.57156,0.47418,0.5544,0.637,0.41928,0.42851,0.48373,0.39465,0.51238,0.3702,0.20902,-0.27519,0.48737,0.51305,0.49524,0.57176,-0.0019799,0.5179,0.54125,0.5845,0.30014,0.26091,0.46887,0.38697,0.049814,-0.26525,0.48378,0.16877,0.20518,0.20024,0.38801,0.21486,-0.00042002,0.3792,0.2543,0.050957,0.47889,-0.24462,0.54425,0.069855,0.55846,0.42426,0.047506,-0.14848,0.039608,0.59267,-0.17415,0.33699,0.42535,0.58063
0.49979,0.55046,0.41553,0.32277,0.42943,0.34191,0.26006,0.54447,0.16378,0.16978,0.50317,0.3386,0.442,0.22918,0.48898,0.23977,0.39118,-0.21313,0.2554,1,-0.057366,0.26465,0.22183,0.3478,0.25352,0.37438,0.012718,0.40083,0.42842,0.27157,0.42705,0.28063,0.40722,0.38776,0.21399,0.27752,0.5998,0.38735,0.37879,0.59165,0.42812,0.12347,0.027528,0.0053601,0.43115,0.27095,0.16012,0.21476,0.16288,0.18731,0.28364,0.23022,0.13465,0.45895,0.35298,0.3687,0.18899,0.3779,0.5158,0.045862,0.36735,0.31212,0.25197,0.36664,0.36123,0.17229,0.062107,0.14554,0.28289,0.51348,0.10908,0.46795,0.12662,0.31997,0.17567,0.32781,0.47254,0.32826,0.18514,0.11141,0.26889,0.17511,0.20112,0.35784,0.43698
-0.088144,0.19265,0.41704,0.20255,0.25377,-0.060355,0.34704,-0.2209,0.36575,0.029123,0.18627,0.35924,0.33313,-0.23803,0.25091,0.069023,0.22908,0.18919,0.28869,-0.057366,1,0.18809,-0.0013362,0.24176,0.186,0.17666,0.018092,0.56606,0.40694,0.38446,-0.030591,0.43013,0.30294,0.2471,-0.15489,0.40449,0.20006,0.28514,0.39579,0.048282,0.44278,0.060812,0.076661,0.47708,0.52372,0.27982,0.11992,0.41642,0.2869,0.11565,-0.012972,-0.052869,-0.078734,0.23598,0.19216,-0.29876,0.093796,0.49998,0.014026,0.10214,0.28294,0.065185,0.24548,-0.026874,-0.042772,0.38663,0.3639,0.15867,0.43536,-0.11463,0.49235,0.50724,-0.080904,0.30327,0.1316,0.056243,0.1575,0.24342,-0.15739,0.26869,0.30577,0.059016,0.095232,0.17402,0.058066
0.49971,0.25277,0.23487,0.086594,0.64609,0.19557,0.33076,0.28761,0.206,0.52733,0.49579,0.04278,0.3244,0.21407,0.51073,0.11615,0.31046,0.11727,0.33779,0.26465,0.18809,1,0.5148,0.11795,0.083198,0.33921,0.047626,0.16556,0.2781,0.21173,0.14485,-0.099319,0.45676,0.27086,0.35009,-0.15088,0.17946,0.26623,0.21755,0.50646,0.10873,-0.023765,0.028124,0.18815,0.56108,0.45827,0.29819,0.62238,0.0082931,0.28141,0.39956,0.37579,0.21392,0.71398,0.74133,0.34382,0.030469,0.44018,0.32146,0.50207,0.11412,0.69467,0.47685,-0.10483,-0.12114,0.41914,0.43719,0.42295,0.19917,0.43439,0.12739,0.50922,0.10653,0.30697,0.075937,0.075625,0.40546,0.38558,0.43268,0.31025,0.034212,0.038386,0.19599,0.42766,0.50197
0.52902,-0.012804,0.13063,0.35023,0.73421,0.29157,0.35128,0.44885,0.2946,0.33692,0.54461,0.025054,0.36106,0.224,0.22508,0.40744,0.18055,0.33486,0.12727,0.22183,-0.0013362,0.5148,1,0.33439,0.024344,0.43877,0.32228,0.14328,-0.095631,0.40918,0.17049,0.22057,0.33936,0.28898,0.1577,-0.11101,0.20009,0.029051,0.40235,0.070818,0.16776,0.29904,0.13648,0.17454,0.29008,0.32298,0.53948,0.28844,-0.028258,0.55536,0.50522,0.48758,0.18259,0.4069,0.45624,0.49562,0.44286,0.23834,0.57726,0.0091128,0.11472,0.79366,0.52356,0.30539,0.2976,0.042618,0.29999,0.50708,0.29138,0.33199,-0.1683,0.37895,0.40923,0.40938,0.022945,0.090211,0.30483,0.17874,0.35092,0.37334,0.21457,0.29737,0.22305,0.4779,0.27322
0.31879,0.36951,0.76745,0.69696,0.64065,0.64064,0.31486,-0.027476,0.79527,-0.17792,0.76714,0.7767,0.82839,-0.0074424,0.48843,0.62798,0.71384,-0.086645,0.53783,0.3478,0.24176,0.11795,0.33439,1,0.64663,0.5748,0.11594,0.7026,0.41203,0.80336,0.59671,0.85746,0.7148,0.77383,-0.027395,0.66721,0.64015,0.63581,0.80722,0.4374,0.7423,0.73763,0.7543,0.78148,0.59165,0.27014,0.012788,0.40759,0.61693,0.73445,0.59335,-0.086486,0.70065,0.50451,0.46799,0.15263,0.80862,0.54653,0.83951,-0.43947,-0.1919,0.4712,0.21986,0.78062,0.77666,0.23377,0.25035,0.1673,0.7854,0.47125,0.17298,0.38063,0.1333,0.847,0.14322,0.61836,0.57029,0.095495,-0.33098,0.16998,0.76665,0.38519,0.60639,0.67317,0.52772
0.14289,0.04244,0.65615,0.53686,0.35082,0.4124,0.12099,-0.2661,0.52341,-0.2669,0.47984,0.73375,0.60998,0.42256,0.28813,0.36614,0.56868,-0.1313,0.61028,0.25352,0.186,0.083198,0.024344,0.64663,1,0.41158,-0.045159,0.71211,0.36884,0.62305,0.49731,0.51522,0.53133,0.61279,-0.2417,0.62086,0.6547,0.73406,0.59572,0.41467,0.74849,0.64926,0.48534,0.46557,0.3346,0.16038,-0.25213,0.36832,0.69807,0.38172,0.44844,-0.31386,0.61973,0.39432,0.39971,-0.023662,0.64367,0.44914,0.48611,-0.18104,-0.36048,0.39907,0.11996,0.4325,0.42679,0.073077,-0.034651,-0.14695,0.45133,0.062175,0.31056,0.3222,-0.22393,0.78025,0.046396,0.46235,0.26206,0.041431,-0.3103,0.17159,0.67741,-0.017763,0.52755,0.59679,0.43769
0.29373,0.16961,0.51358,0.53478,0.59195,0.48096,0.30262,0.23849,0.54619,0.042358,0.6429,0.55094,0.5487,0.10427,0.44939,0.45272,0.62898,0.1844,0.59277,0.37438,0.17666,0.33921,0.43877,0.5748,0.41158,1,0.028445,0.40245,0.4122,0.70436,0.64692,0.37337,0.65267,0.52549,0.072051,0.47055,0.52225,0.47073,0.67029,0.44345,0.42243,0.3911,0.47812,0.47151,0.59163,0.24232,0.14941,0.51309,0.31905,0.71495,0.62645,0.19646,0.5323,0.47359,0.46283,0.45225,0.44231,0.43583,0.68649,-0.14566,-0.016311,0.60071,0.41894,0.30198,0.30278,0.15258,0.55161,0.2159,0.56969,0.44204,-0.026918,0.52285,0.06965,0.60912,0.10559,0.60457,0.56302,0.2105,-0.27842,0.33313,0.54145,0.406,0.27566,0.54419,0.50048
0.27961,-0.12452,-0.090673,-0.034619,0.31236,0.34617,0.61126,0.37064,-0.026304,0.16025,0.20482,-0.10137,-0.0075818,0.11684,0.25688,0.48421,-0.31465,0.50673,-0.075733,0.012718,0.018092,0.047626,0.32228,0.11594,-0.045159,0.028445,1,-0.14074,-0.022153,-0.011423,-0.32703,0.11098,-0.023624,-0.39019,0.1499,-0.060277,0.1694,-0.02547,-0.014757,-0.2796,-0.1035,0.21569,-0.0067046,-0.0032778,-0.10633,0.24733,0.60985,-0.21464,0.083623,0.19893,0.10315,0.50231,0.019414,0.20345,0.23546,0.36998,0.08424,-0.033339,0.20601,0.039885,0.085133,0.11625,0.32142,0.23096,0.23423,-0.17087,0.28421,0.15748,0.19013,-0.03331,-0.01537,0.076052,0.64155,-0.042538,0.12931,-0.16699,-0.087679,0.20497,0.27056,0.39439,-0.10458,0.45252,0.075631,0.127,0.051081
0.067013,0.29021,0.69863,0.56173,0.54083,0.33996,0.22599,-0.2128,0.71699,-0.078881,0.53355,0.86479,0.70225,0.094886,0.29865,0.31962,0.60119,-0.2075,0.45397,0.40083,0.56606,0.16556,0.14328,0.7026,0.71211,0.40245,-0.14074,1,0.42176,0.73303,0.45142,0.72952,0.51085,0.70811,-0.22555,0.70095,0.64173,0.65531,0.66809,0.52495,0.92533,0.52999,0.48883,0.62364,0.63316,0.23927,-0.0501,0.55295,0.5848,0.36668,0.45961,-0.14238,0.43262,0.41603,0.35543,-0.22987,0.67768,0.64543,0.49865,-0.20347,0.068289,0.34068,0.1412,0.44703,0.43718,0.21946,0.053738,0.17978,0.64175,0.22552,0.36322,0.43332,-0.078837,0.78898,0.065731,0.38723,0.35658,0.10498,-0.34648,0.17216,0.67388,0.067031,0.41648,0.5637,0.37085
0.31749,0.49914,0.57323,0.26687,0.29205,0.11901,0.12707,0.059489,0.17725,0.097381,0.34184,0.38661,0.51274,-0.14402,0.37029,0.015222,0.37813,-0.17236,0.45207,0.42842,0.40694,0.2781,-0.095631,0.41203,0.36884,0.4122,-0.022153,0.42176,1,0.30136,0.37507,0.36259,0.53779,0.46172,0.19369,0.46747,0.41187,0.53217,0.46596,0.59994,0.34866,0.075911,0.016657,0.43997,0.65701,0.60701,-0.03101,0.50325,0.35361,0.16908,0.10664,0.056748,0.19387,0.37984,0.29075,0.08273,0.18203,0.5501,0.35486,-0.072195,-0.11994,0.14491,0.29863,0.15566,0.1496,0.62252,0.35882,0.0046509,0.38842,0.31626,0.34868,0.47986,0.0099297,0.40161,0.14565,0.43734,0.25108,0.54077,-0.011223,0.18939,0.37124,0.046986,0.56191,0.33878,0.53119
0.15534,0.1691,0.65382,0.66828,0.65608,0.37059,0.32604,0.051721,0.70008,-0.0040876,0.74487,0.75208,0.8036,0.078504,0.46184,0.43652,0.64887,-0.0042068,0.5989,0.27157,0.38446,0.21173,0.40918,0.80336,0.62305,0.70436,-0.011423,0.73303,0.30136,1,0.43351,0.60754,0.60593,0.66862,-0.15917,0.71694,0.68622,0.6491,0.79796,0.30979,0.81762,0.60601,0.54874,0.61172,0.64442,0.27895,0.01138,0.48488,0.454,0.65014,0.66052,0.045664,0.50876,0.5299,0.50684,0.07246,0.66614,0.50363,0.71529,-0.2825,0.0082693,0.55614,0.32148,0.53276,0.53209,0.12352,0.35006,0.16545,0.60107,0.21343,0.19787,0.38141,-0.13684,0.83627,0.0066635,0.50693,0.52274,0.16836,-0.323,0.28195,0.68821,0.19803,0.56278,0.4998,0.4293
0.28637,0.40786,0.58376,0.49719,0.38851,0.47983,-0.013571,-0.09332,0.51479,-0.21311,0.33869,0.62975,0.46576,-0.073804,0.19198,0.29843,0.75652,-0.20902,0.26387,0.42705,-0.030591,0.14485,0.17049,0.59671,0.49731,0.64692,-0.32703,0.45142,0.37507,0.43351,1,0.46064,0.68415,0.7382,0.0058779,0.38527,0.3011,0.5426,0.56039,0.66413,0.46595,0.35948,0.59975,0.47677,0.49903,-0.042782,-0.14601,0.43033,0.41449,0.564,0.28464,-0.24056,0.58623,0.21634,0.1641,0.16053,0.56358,0.46694,0.63658,-0.29458,-0.10057,0.39842,0.020632,0.47847,0.47388,0.06405,0.18363,-0.017542,0.57517,0.61036,0.14372,0.37537,-0.059585,0.63924,0.090571,0.67761,0.55526,0.00035919,-0.37626,0.10314,0.62658,0.30434,0.24978,0.59331,0.45101
0.12668,0.21649,0.74831,0.68614,0.41854,0.58519,0.28483,-0.16459,0.75391,-0.2527,0.53803,0.69998,0.72609,-0.061336,0.27948,0.53117,0.56066,-0.06425,0.38557,0.28063,0.43013,-0.099319,0.22057,0.85746,0.51522,0.37337,0.11098,0.72952,0.36259,0.60754,0.46064,1,0.53494,0.66751,-0.08875,0.66543,0.46868,0.48833,0.7512,0.30576,0.69817,0.7377,0.65725,0.78806,0.43938,0.24097,0.0095561,0.33772,0.69875,0.61188,0.31714,-0.16276,0.51027,0.30749,0.2656,-0.034864,0.70734,0.57968,0.64013,-0.38982,-0.049303,0.25541,0.12187,0.67541,0.67055,0.21353,0.062414,0.21718,0.79123,0.35624,0.2376,0.43446,0.15009,0.71031,0.075838,0.38472,0.36654,-0.0089889,-0.36729,0.012663,0.77021,0.36534,0.43183,0.58337,0.39393
0.57518,0.45311,0.66756,0.4496,0.70148,0.5536,0.40712,0.12894,0.65086,0.073929,0.73716,0.5502,0.61487,0.065374,0.5685,0.44612,0.838,0.0011484,0.59016,0.40722,0.30294,0.45676,0.33936,0.7148,0.53133,0.65267,-0.023624,0.51085,0.53779,0.60593,0.68415,0.53494,1,0.73814,0.26311,0.48226,0.43609,0.58094,0.64374,0.61729,0.52891,0.43119,0.48226,0.68929,0.67472,0.23998,-0.079235,0.62003,0.46935,0.73979,0.43225,0.065102,0.47566,0.61449,0.5827,0.39478,0.44543,0.52364,0.74984,-0.247,-0.063892,0.67859,0.37954,0.47007,0.46278,0.32587,0.55311,0.16524,0.66177,0.52788,0.2446,0.71598,-0.026199,0.68004,0.2051,0.74513,0.6211,0.1431,-0.095832,0.30104,0.56436,0.24651,0.40426,0.65908,0.76745
0.26912,0.37458,0.70817,0.67311,0.52107,0.40779,0.020701,-0.21154,0.69414,-0.23806,0.61912,0.64512,0.72676,0.053507,0.25888,0.25515,0.79765,-0.22355,0.58104,0.38776,0.2471,0.27086,0.28898,0.77383,0.61279,0.52549,-0.39019,0.70811,0.46172,0.66862,0.7382,0.66751,0.73814,1,-0.17058,0.56197,0.38889,0.64961,0.76803,0.63192,0.6867,0.53531,0.58893,0.68103,0.56664,0.14807,-0.2895,0.58212,0.4945,0.5836,0.46291,-0.26686,0.57911,0.41032,0.38064,0.033083,0.64728,0.59114,0.64812,-0.30713,-0.16592,0.51238,0.063123,0.55297,0.54136,0.31292,0.090933,0.074991,0.59648,0.56812,0.095089,0.44526,-0.16089,0.78421,0.092459,0.68229,0.54678,0.004749,-0.28404,0.037398,0.75917,-0.015795,0.51134,0.64679,0.53769
0.51617,0.20929,0.014825,-0.397,0.18469,0.12957,0.1633,0.63286,-0.12187,0.76337,0.13287,-0.14696,-0.023263,0.042578,0.25693,0.22888,0.08953,0.037187,-0.070299,0.21399,-0.15489,0.35009,0.1577,-0.027395,-0.2417,0.072051,0.1499,-0.22555,0.19369,-0.15917,0.0058779,-0.08875,0.26311,-0.17058,1,-0.23154,0.13307,-0.28901,-0.25491,0.17584,-0.22757,-0.23917,-0.17059,-0.053755,0.2558,0.48752,0.29545,0.052949,-0.16642,0.065144,0.099603,0.56152,-0.13184,0.21441,0.20566,0.60153,-0.16566,-0.139,0.22149,0.048292,-0.034256,0.19289,0.47583,-0.27561,-0.27225,0.2878,0.42625,0.42906,0.024654,0.1599,0.14256,0.279,0.21154,-0.11793,0.0096927,-0.12204,-0.050692,0.3549,0.50482,0.014266,-0.36221,0.28984,0.11494,-0.014066,0.32099
-0.067085,0.057494,0.74303,0.56161,0.28492,0.28545,0.10659,-0.21629,0.57065,-0.20371,0.45919,0.6981,0.68621,0.06203,0.20903,0.15253,0.55185,-0.22578,0.57156,0.27752,0.40449,-0.15088,-0.11101,0.66721,0.62086,0.47055,-0.060277,0.70095,0.46747,0.71694,0.38527,0.66543,0.48226,0.56197,-0.23154,1,0.49283,0.69038,0.65506,0.3585,0.73015,0.5503,0.43299,0.61698,0.38154,0.11393,-0.41495,0.29103,0.58701,0.40828,0.2157,-0.10093,0.33583,0.27288,0.24396,-0.17052,0.39719,0.48986,0.4734,-0.33585,-0.079424,0.087215,-0.095222,0.45074,0.46218,0.0091046,0.029829,-0.20125,0.43441,0.08029,0.2988,0.21228,-0.37846,0.6735,-0.26953,0.50417,0.23553,0.14363,-0.56874,-0.1545,0.71465,-0.06853,0.44969,0.17257,0.48855
0.32286,0.3908,0.55128,0.38027,0.48564,0.36065,0.31929,0.32676,0.39614,0.17924,0.66022,0.71138,0.62022,0.2501,0.6027,0.60806,0.46914,0.049632,0.47418,0.5998,0.20006,0.17946,0.20009,0.64015,0.6547,0.52225,0.1694,0.64173,0.41187,0.68622,0.3011,0.46868,0.43609,0.38889,0.13307,0.49283,1,0.4853,0.52059,0.2929,0.73159,0.37776,0.29084,0.22997,0.56984,0.48463,0.24664,0.21687,0.39729,0.29071,0.62364,0.061536,0.4322,0.53438,0.46172,0.26845,0.52772,0.30355,0.63344,-0.1786,-0.01117,0.37362,0.51261,0.40046,0.39324,0.21631,0.25909,0.26499,0.439,0.11192,0.28882,0.40986,0.12603,0.60977,0.29123,0.30254,0.41186,0.38094,-0.037083,0.36288,0.36822,0.37306,0.50154,0.49353,0.31099
0.056748,0.21495,0.73084,0.66257,0.41331,0.48353,0.27843,-0.17778,0.52535,-0.22903,0.49982,0.67324,0.70955,0.057016,0.40335,0.14081,0.55091,-0.24939,0.5544,0.38735,0.28514,0.26623,0.029051,0.63581,0.73406,0.47073,-0.02547,0.65531,0.53217,0.6491,0.5426,0.48833,0.58094,0.64961,-0.28901,0.69038,0.4853,1,0.73744,0.62547,0.71439,0.54838,0.49571,0.55669,0.5092,0.15382,-0.23227,0.49475,0.68831,0.50453,0.25065,-0.15984,0.59096,0.51389,0.4781,-0.11081,0.43774,0.71259,0.56824,0.0097275,-0.01125,0.38385,-0.059631,0.54679,0.54138,0.036116,0.082019,-0.19328,0.55881,0.37706,0.3864,0.3487,-0.27047,0.76576,-0.056131,0.47442,0.48617,0.10651,-0.22946,0.15654,0.7475,-0.00074585,0.56734,0.52015,0.5754
0.19101,0.23241,0.81522,0.90772,0.54895,0.48878,0.29097,-0.063158,0.69322,-0.27065,0.70599,0.62794,0.87806,0.0013908,0.48879,0.30522,0.6266,-0.12917,0.637,0.37879,0.39579,0.21755,0.40235,0.80722,0.59572,0.67029,-0.014757,0.66809,0.46596,0.79796,0.56039,0.7512,0.64374,0.76803,-0.25491,0.65506,0.52059,0.73744,1,0.45506,0.69373,0.68178,0.54033,0.73274,0.60316,0.26515,-0.035244,0.56898,0.64151,0.74231,0.4078,-0.14659,0.58678,0.55921,0.52458,0.019798,0.61252,0.7747,0.72905,-0.12819,-0.018499,0.577,0.21355,0.68231,0.67554,0.27977,0.14986,0.078822,0.68944,0.39239,0.19653,0.53334,-0.086431,0.85699,0.010626,0.53267,0.65835,0.12346,-0.28619,0.14226,0.9024,0.23137,0.51791,0.65342,0.55657
0.29439,0.42905,0.58113,0.41038,0.49179,0.4553,0.082007,0.029529,0.48775,0.07712,0.46499,0.49169,0.53071,0.086129,0.36124,-0.0015987,0.62602,-0.52671,0.41928,0.59165,0.048282,0.50646,0.070818,0.4374,0.41467,0.44345,-0.2796,0.52495,0.59994,0.30979,0.66413,0.30576,0.61729,0.63192,0.17584,0.3585,0.2929,0.62547,0.45506,1,0.436,0.25971,0.35249,0.48676,0.62961,0.19158,-0.1636,0.72278,0.43259,0.38659,0.31879,0.060563,0.48954,0.50616,0.44685,0.085274,0.32941,0.6799,0.48219,0.068216,0.0068784,0.44513,0.011562,0.29267,0.2892,0.36206,0.11815,0.11602,0.46297,0.69454,0.20037,0.4377,-0.078719,0.54455,-0.00056254,0.53667,0.50859,0.10667,-0.077518,0.018849,0.4917,-0.035923,0.28869,0.53638,0.73758
0.050007,0.28118,0.72696,0.64033,0.52453,0.36496,0.20844,-0.13588,0.68887,-0.044663,0.58334,0.88659,0.75503,0.11679,0.34878,0.38485,0.6772,-0.15165,0.42851,0.42812,0.44278,0.10873,0.16776,0.7423,0.74849,0.42243,-0.1035,0.92533,0.34866,0.81762,0.46595,0.69817,0.52891,0.6867,-0.22757,0.73015,0.73159,0.71439,0.69373,0.436,1,0.58842,0.50352,0.54459,0.61888,0.23426,-0.052238,0.47005,0.64898,0.39505,0.44902,-0.18928,0.49317,0.43417,0.36494,-0.17946,0.70322,0.59363,0.60606,-0.26259,0.12365,0.38227,0.17807,0.56464,0.55749,0.10788,0.098212,0.20307,0.58092,0.20728,0.46709,0.4319,-0.12736,0.82639,0.11184,0.4226,0.46395,0.10034,-0.34101,0.25999,0.69892,0.11611,0.46537,0.56413,0.39131
0.098411,-0.19386,0.57133,0.77255,0.42202,0.71309,0.35673,-0.19837,0.69768,-0.35189,0.57968,0.57543,0.68263,0.34049,0.30841,0.50549,0.49395,-0.033825,0.48373,0.12347,0.060812,-0.023765,0.29904,0.73763,0.64926,0.3911,0.21569,0.52999,0.075911,0.60601,0.35948,0.7377,0.43119,0.53531,-0.23917,0.5503,0.37776,0.54838,0.68178,0.25971,0.58842,1,0.70504,0.67824,0.17704,0.10829,-0.086256,0.39363,0.75326,0.70616,0.48837,-0.15108,0.67958,0.45973,0.49421,0.038628,0.69934,0.49711,0.58977,-0.18192,-0.14213,0.44032,0.11157,0.64193,0.64714,0.0020414,-0.027645,0.098806,0.64645,0.32723,0.003846,0.31665,0.042147,0.69189,-0.051669,0.3364,0.33973,-0.21082,-0.38902,0.026208,0.77195,0.22396,0.41622,0.65373,0.49919
-0.078743,0.086052,0.52094,0.57428,0.36774,0.77589,0.2077,-0.28458,0.83778,-0.38397,0.48056,0.68312,0.48547,-0.013634,0.24835,0.60172,0.64161,-0.012017,0.39465,0.027528,0.076661,0.028124,0.13648,0.7543,0.48534,0.47812,-0.0067046,0.48883,0.016657,0.54874,0.59975,0.65725,0.48226,0.58893,-0.17059,0.43299,0.29084,0.49571,0.54033,0.35249,0.50352,0.70504,1,0.68856,0.2993,-0.16999,-0.060448,0.31601,0.62245,0.69487,0.53287,-0.25229,0.84777,0.25047,0.26574,0.064789,0.67794,0.39193,0.55616,-0.28634,-0.16118,0.2978,-0.12232,0.57712,0.57301,-0.047231,0.15926,0.15558,0.7582,0.54816,0.032564,0.18225,0.1261,0.60244,0.17011,0.49251,0.50471,-0.36598,-0.50846,0.081393,0.65015,0.39439,0.17696,0.60797,0.2848
0.11771,0.18481,0.70019,0.62894,0.51254,0.54991,0.30058,-0.34066,0.83198,-0.20868,0.57943,0.63349,0.68978,-0.17624,0.3663,0.31496,0.64448,-0.15969,0.51238,0.0053601,0.47708,0.18815,0.17454,0.78148,0.46557,0.47151,-0.0032778,0.62364,0.43997,0.61172,0.47677,0.78806,0.68929,0.68103,-0.053755,0.61698,0.22997,0.55669,0.73274,0.48676,0.54459,0.67824,0.68856,1,0.56916,0.18575,-0.16498,0.67175,0.65838,0.74579,0.34184,-0.14924,0.59066,0.47457,0.46216,-0.11075,0.56837,0.66662,0.58268,-0.28596,-0.19282,0.40957,0.10991,0.53841,0.53807,0.35333,0.27107,0.16873,0.7723,0.40473,0.16755,0.43565,-0.0094118,0.71511,-0.012822,0.53472,0.4595,-0.061683,-0.45732,0.027915,0.73784,0.2383,0.41019,0.5924,0.62437
0.36052,0.6319,0.65028,0.41619,0.67945,0.24093,0.31482,0.1799,0.52677,0.326,0.59472,0.6318,0.6962,-0.21642,0.62643,0.26761,0.66152,-0.14219,0.3702,0.43115,0.52372,0.56108,0.29008,0.59165,0.3346,0.59163,-0.10633,0.63316,0.65701,0.64442,0.49903,0.43938,0.67472,0.56664,0.2558,0.38154,0.56984,0.5092,0.60316,0.62961,0.61888,0.17704,0.2993,0.56916,1,0.55048,0.26966,0.75036,0.33027,0.41727,0.43487,0.11728,0.35439,0.62735,0.52456,0.065976,0.45038,0.6957,0.5867,-0.0059632,0.20167,0.50704,0.5195,0.28466,0.27296,0.61077,0.59165,0.41873,0.61712,0.44113,0.4761,0.6386,0.068704,0.6472,0.23619,0.42965,0.65247,0.46351,-0.063526,0.42072,0.4474,0.33498,0.42649,0.55966,0.51221
0.46891,0.2057,0.34644,0.095844,0.37486,0.010631,0.25589,0.36473,-0.032383,0.58489,0.33757,0.17022,0.49803,0.088799,0.39934,0.23482,0.092468,0.15771,0.20902,0.27095,0.27982,0.45827,0.32298,0.27014,0.16038,0.24232,0.24733,0.23927,0.60701,0.27895,-0.042782,0.24097,0.23998,0.14807,0.48752,0.11393,0.48463,0.15382,0.26515,0.19158,0.23426,0.10829,-0.16999,0.18575,0.55048,1,0.41451,0.35458,0.11942,0.077523,0.27973,0.3631,0.02809,0.51625,0.48815,0.25377,0.19158,0.3254,0.35291,0.16968,-0.046619,0.29423,0.73365,-0.080666,-0.086722,0.60015,0.37391,0.4283,0.21991,0.09425,0.27936,0.42993,0.21464,0.31163,0.015747,-0.16605,0.014183,0.76129,0.36836,0.22292,0.059988,0.22855,0.66217,0.28406,0.34128
0.29638,0.18257,-0.16006,-0.064474,0.3909,0.16599,0.4856,0.55877,-0.046957,0.41371,0.13107,-0.03948,-0.019346,-0.073249,0.28219,0.48231,-0.20837,0.48922,-0.27519,0.16012,0.11992,0.29819,0.53948,0.012788,-0.25213,0.14941,0.60985,-0.0501,-0.03101,0.01138,-0.14601,0.0095561,-0.079235,-0.2895,0.29545,-0.41495,0.24664,-0.23227,-0.035244,-0.1636,-0.052238,-0.086256,-0.060448,-0.16498,0.26966,0.41451,1,0.010871,-0.14488,0.065861,0.27017,0.49477,-0.024291,0.17283,0.13971,0.37918,0.19955,0.055958,0.16794,0.20132,0.3918,0.24303,0.59525,0.015291,0.0013803,0.14258,0.47086,0.59107,0.27112,0.15833,0.081188,0.28023,0.78905,-0.061102,0.42315,-0.28537,0.13099,0.30835,0.44093,0.65196,-0.21528,0.64104,-0.05322,0.29242,-0.21126
0.22826,0.22469,0.52678,0.5278,0.60502,0.32367,0.27078,-0.10799,0.59335,0.12288,0.53716,0.46195,0.59947,0.06611,0.4587,0.037554,0.6288,-0.22134,0.48737,0.21476,0.41642,0.62238,0.28844,0.40759,0.36832,0.51309,-0.21464,0.55295,0.50325,0.48488,0.43033,0.33772,0.62003,0.58212,0.052949,0.29103,0.21687,0.49475,0.56898,0.72278,0.47005,0.39363,0.31601,0.67175,0.75036,0.35458,0.010871,1,0.46177,0.49844,0.41605,0.019515,0.4271,0.65918,0.62717,-0.04525,0.37765,0.76953,0.39111,0.17491,0.11301,0.62972,0.36807,0.16443,0.15809,0.58134,0.39026,0.36863,0.54251,0.48555,0.22444,0.66487,-0.062172,0.58151,0.090358,0.42223,0.5495,0.10759,-0.15848,0.26996,0.53032,0.030757,0.25694,0.6576,0.67991
-0.15343,-0.057994,0.7552,0.72973,0.22116,0.66474,0.16422,-0.30737,0.6935,-0.28561,0.42654,0.62884,0.62375,0.19667,0.2513,0.32933,0.57685,-0.15043,0.51305,0.16288,0.2869,0.0082931,-0.028258,0.61693,0.69807,0.31905,0.083623,0.5848,0.35361,0.454,0.41449,0.69875,0.46935,0.4945,-0.16642,0.58701,0.39729,0.68831,0.64151,0.43259,0.64898,0.75326,0.62245,0.65838,0.33027,0.11942,-0.14488,0.46177,1,0.50909,0.19937,-0.29813,0.71979,0.3205,0.31188,-0.093277,0.55188,0.67461,0.46418,-0.083438,-0.11098,0.31592,-0.030157,0.5262,0.5219,0.13064,0.0029577,0.15327,0.61428,0.29405,0.49241,0.47625,-0.045738,0.66731,0.10782,0.37211,0.40329,-0.20746,-0.32334,0.13109,0.79331,0.13524,0.28599,0.63678,0.53301
0.33042,0.068093,0.52092,0.65449,0.64231,0.77211,0.50578,0.11013,0.74433,-0.11396,0.71592,0.47279,0.59004,0.018492,0.45359,0.53424,0.59676,0.085853,0.49524,0.18731,0.11565,0.28141,0.55536,0.73445,0.38172,0.71495,0.19893,0.36668,0.16908,0.65014,0.564,0.61188,0.73979,0.5836,0.065144,0.40828,0.29071,0.50453,0.74231,0.38659,0.39505,0.70616,0.69487,0.74579,0.41727,0.077523,0.065861,0.49844,0.50909,1,0.5186,0.13894,0.63698,0.53293,0.55312,0.38119,0.54158,0.47528,0.80738,-0.24562,-0.073152,0.71696,0.25436,0.6224,0.62348,0.016077,0.39264,0.22165,0.75301,0.53318,-0.089342,0.49206,0.13674,0.66681,0.034639,0.54355,0.5761,-0.15507,-0.18635,0.2037,0.65275,0.45363,0.33665,0.67208,0.63454
0.32513,0.11351,0.25458,0.35524,0.66903,0.51006,0.33041,0.27193,0.58704,0.117,0.75767,0.49991,0.47559,0.4022,0.46155,0.64092,0.48153,0.15807,0.57176,0.28364,-0.012972,0.39956,0.50522,0.59335,0.44844,0.62645,0.10315,0.45961,0.10664,0.66052,0.28464,0.31714,0.43225,0.46291,0.099603,0.2157,0.62364,0.25065,0.4078,0.31879,0.44902,0.48837,0.53287,0.34184,0.43487,0.27973,0.27017,0.41605,0.19937,0.5186,1,0.25052,0.59058,0.53219,0.5557,0.46799,0.61639,0.18597,0.5526,-0.14932,-0.1391,0.60476,0.45796,0.26978,0.26469,0.23312,0.38475,0.42737,0.48975,0.40671,-0.23896,0.30323,0.29448,0.4981,0.29762,0.40379,0.39938,0.028175,-0.056274,0.3641,0.29653,0.26113,0.32898,0.60133,0.31225
0.37888,-0.12208,-0.1592,-0.24612,0.43642,0.1113,0.41107,0.76534,-0.10177,0.68262,0.22164,-0.26184,-0.017022,0.19779,0.11298,0.11916,-0.21423,0.19448,-0.0019799,0.23022,-0.052869,0.37579,0.48758,-0.086486,-0.31386,0.19646,0.50231,-0.14238,0.056748,0.045664,-0.24056,-0.16276,0.065102,-0.26686,0.56152,-0.10093,0.061536,-0.15984,-0.14659,0.060563,-0.18928,-0.15108,-0.25229,-0.14924,0.11728,0.3631,0.49477,0.019515,-0.29813,0.13894,0.25052,1,-0.27124,0.18386,0.22282,0.59531,-0.1218,-0.060904,0.16824,0.15837,0.23785,0.29059,0.33888,-0.19721,-0.18857,-0.045488,0.40135,0.30493,0.0095863,0.13567,-0.10314,0.13096,0.33473,-0.10619,-0.18338,-0.16028,-0.17364,0.33003,0.55783,0.19122,-0.28419,0.077776,0.081561,-0.12115,0.21243
-0.022716,0.090746,0.56029,0.65361,0.37706,0.75862,0.070289,-0.22647,0.73971,-0.28566,0.56945,0.6365,0.54286,0.14364,0.31693,0.5223,0.62275,-0.064969,0.5179,0.13465,-0.078734,0.21392,0.18259,0.70065,0.61973,0.5323,0.019414,0.43262,0.19387,0.50876,0.58623,0.51027,0.47566,0.57911,-0.13184,0.33583,0.4322,0.59096,0.58678,0.48954,0.49317,0.67958,0.84777,0.59066,0.35439,0.02809,-0.024291,0.4271,0.71979,0.63698,0.59058,-0.27124,1,0.37743,0.39287,0.14383,0.68524,0.46785,0.62252,-0.18505,-0.34581,0.4766,0.0041244,0.57934,0.57246,0.095326,0.10916,0.24528,0.60594,0.54488,0.074145,0.23992,0.17418,0.66587,0.25579,0.52233,0.57417,-0.25263,-0.32847,0.20802,0.65028,0.31943,0.30003,0.74775,0.44576
0.58902,0.33682,0.51022,0.43626,0.71308,0.44881,0.62079,0.25996,0.41918,0.24511,0.78226,0.38746,0.681,0.26386,0.87813,0.37283,0.49912,0.018878,0.54125,0.45895,0.23598,0.71398,0.4069,0.50451,0.39432,0.47359,0.20345,0.41603,0.37984,0.5299,0.21634,0.30749,0.61449,0.41032,0.21441,0.27288,0.53438,0.51389,0.55921,0.50616,0.43417,0.45973,0.25047,0.47457,0.62735,0.51625,0.17283,0.65918,0.3205,0.53293,0.53219,0.18386,0.37743,1,0.97892,0.26246,0.23601,0.58106,0.58531,0.31335,0.15252,0.66515,0.59699,0.29793,0.29247,0.4479,0.39614,0.27948,0.47674,0.41037,0.10617,0.61773,0.033255,0.54596,0.08218,0.24568,0.60322,0.39432,0.081429,0.22205,0.36141,0.26447,0.42357,0.5896,0.70111
0.56925,0.17593,0.47758,0.41508,0.7022,0.45898,0.59519,0.22845,0.41527,0.24522,0.76976,0.3102,0.6487,0.3743,0.80823,0.37111,0.45727,0.07862,0.5845,0.35298,0.19216,0.74133,0.45624,0.46799,0.39971,0.46283,0.23546,0.35543,0.29075,0.50684,0.1641,0.2656,0.5827,0.38064,0.20566,0.24396,0.46172,0.4781,0.52458,0.44685,0.36494,0.49421,0.26574,0.46216,0.52456,0.48815,0.13971,0.62717,0.31188,0.55312,0.5557,0.22282,0.39287,0.97892,1,0.30808,0.21872,0.53671,0.54925,0.3597,0.060341,0.70066,0.56362,0.23422,0.22989,0.38833,0.35801,0.25842,0.42516,0.37009,0.047716,0.56926,0.0057475,0.53645,-0.0067167,0.19832,0.52028,0.35419,0.10447,0.16738,0.35017,0.19475,0.40935,0.56009,0.69909
0.59635,0.058619,-0.014345,-0.070378,0.37874,0.44067,0.35087,0.75526,0.038599,0.36775,0.44905,-0.14725,0.024575,0.39745,0.31776,0.54065,0.17694,0.42471,0.30014,0.3687,-0.29876,0.34382,0.49562,0.15263,-0.023662,0.45225,0.36998,-0.22987,0.08273,0.07246,0.16053,-0.034864,0.39478,0.033083,0.60153,-0.17052,0.26845,-0.11081,0.019798,0.085274,-0.17946,0.038628,0.064789,-0.11075,0.065976,0.25377,0.37918,-0.04525,-0.093277,0.38119,0.46799,0.59531,0.14383,0.26246,0.30808,1,0.036101,-0.16899,0.41423,-0.020451,-0.05076,0.47606,0.47611,0.0036675,0.00073457,0.047387,0.49768,0.30828,0.16162,0.37463,-0.23014,0.38018,0.40248,-0.013197,0.26744,0.22174,0.15993,0.14324,0.48214,0.29798,-0.12166,0.32129,0.075003,0.25827,0.29235
0.17966,0.15711,0.52791,0.62906,0.58343,0.50861,0.11534,-0.12761,0.69407,-0.17617,0.51655,0.72385,0.62741,0.10418,0.15042,0.57412,0.54166,-0.0606,0.26091,0.18899,0.093796,0.030469,0.44286,0.80862,0.64367,0.44231,0.08424,0.67768,0.18203,0.66614,0.56358,0.70734,0.44543,0.64728,-0.16566,0.39719,0.52772,0.43774,0.61252,0.32941,0.70322,0.69934,0.67794,0.56837,0.45038,0.19158,0.19955,0.37765,0.55188,0.54158,0.61639,-0.1218,0.68524,0.23601,0.21872,0.036101,1,0.44187,0.6622,-0.44906,-0.21534,0.47376,0.20217,0.67154,0.6652,0.11451,0.10079,0.28875,0.65904,0.35962,0.14354,0.24174,0.30136,0.78221,0.19609,0.45539,0.37076,-0.047489,-0.29992,0.34205,0.67249,0.33169,0.46696,0.7332,0.26234
