1,0.2573,-0.2797,0.0047267,0.031602,0.12533,0.11499,0.22161,0.0759,0.37396,0.43729,0.10923,0.23507,0.14846,-0.0035111,-0.066341,-0.072865,0.18673,0.052994,0.19485,-0.36906,0.066524,-0.0050737,0.92091,-0.041428,0.042583,-0.14613,0.31413,0.32003,0.15236,NaN,0.10637,0.16567,0.26827,-0.084386,0.3019,0.31211,0.25175,-0.10644,0.016174,0.23475,-0.12828,-0.44165,0.16066,-0.13477,0.05575,0.1071,0.068025,0.38621,-0.045328,0.088841,0.18485,-0.15992,0.26419,0.022026,0.059883,0.20823,0.26357,0.25839,0.078969,0.031523,0.56947,0.26288,0.0082451,0.034555,0.83232,0.21594,-0.023602,-0.034962,-0.061625,0.26667,0.070225,-0.28822,0.27704,-0.023698,0.39542,0.42288,-0.11252,-0.043652,0.24595,-0.052155,0.23899,0.039108,0.27626,-0.19356,-0.16111,0.14452,0.17992,0.30815,-0.03934,0.050972,0.066902,0.14283,0.12779,0.24877,-0.097459,0.092205,-0.21732,-0.19584,0.06402,0.040634,-0.21383,0.056761,0.035598,0.31879,0.11318,-0.029251,0.34544,-0.14367,0.27458,-0.095194,-0.25777,0.085926,-0.21166,0.11209,0.0092401,-0.33004,0.30427,0.15158,0.052331,0.13557,-0.068168,0.28813,0.26319,-0.20679,-0.15109,0.072849,0.23617,0.6369,0.23114,0.016567,-0.14813,0.045589,0.026231,0.02597,0.012093,0.34527,-0.016685,0.12786,0.063388,0.044365,0.85898,0.31543,0.050596,0.12188,0.01994,0.58043,0.22033,-0.084092,0.31826,0.29744,-0.22524,-0.085835,0.37612,0.24603,0.13132,-0.21095,-0.23742,0.18132,0.13887,0.12731,0.23319,0.11677,-0.13371,-0.15595,0.1993,0.30207,-0.10055,0.18565,-0.034601,0.10893,-0.049586,-0.059769,-0.089288,0.22574,0.26851,0.078483,0.024108,0.37508,0.097112,0.30791,0.086994,0.23434,-0.079099,0.25847,0.18132,-0.055177,-0.050254,0.027758,0.006358,0.47321,0.0070265,-0.16077,0.11391,0.16555,0.072334,0.2575,-0.17251,0.16295,0.073373
0.2573,1,0.080157,-0.13074,0.12946,0.32092,-0.067527,0.20492,0.26054,0.13265,0.17041,0.31028,0.39474,0.54557,-0.037752,0.3314,0.64977,0.44877,0.46153,0.33305,0.14455,0.20373,0.028954,0.30576,0.19309,0.6264,0.38065,0.58274,0.42719,0.2735,NaN,0.22264,0.36869,0.42751,0.11364,0.26827,0.19414,0.031791,-0.0033198,0.54184,0.34756,0.52835,-0.023913,0.27792,0.45144,0.53478,0.16987,0.44626,0.27595,0.42524,0.57971,0.18646,0.066676,0.5564,0.15269,0.1978,0.066193,0.013885,0.58303,0.2027,0.25998,0.074128,0.34749,0.099652,0.40955,0.14126,0.40744,0.32667,0.36092,0.33833,0.41318,0.37423,0.36932,0.081173,0.013769,0.1415,0.46778,0.2897,0.25019,-0.018964,0.1759,0.20541,0.033549,0.096759,0.058708,0.28445,-0.13194,0.21688,0.35697,0.31468,0.57257,0.24788,0.45774,0.52295,0.54387,0.41984,-0.096959,0.15548,0.25831,0.15239,0.33204,0.28561,0.22089,0.078604,0.18422,0.053787,0.28771,0.35373,0.15781,0.42028,0.13443,0.38818,0.19469,0.38552,0.24404,0.50724,0.14887,0.50026,0.14693,-0.19384,0.26719,0.40601,0.34202,0.18343,0.21967,-0.14805,0.17002,0.47613,0.24518,0.34641,0.30127,0.36706,0.58394,0.38209,0.18469,0.20903,0.42161,0.25368,0.50479,0.54464,-0.10387,0.15171,0.36852,0.44601,0.23418,0.31372,0.15757,0.11363,-0.032373,0.55961,0.23951,0.050196,-0.063717,0.26185,0.25558,0.61814,0.36497,0.18388,0.20767,0.50981,0.36061,-0.038007,0.45449,0.19874,0.23185,0.46504,0.61013,0.32889,0.3299,-0.26376,0.10832,0.16097,-0.019401,0.42267,0.36337,0.25953,0.16478,0.065287,0.079454,0.30678,0.34098,0.14788,0.57898,0.3364,0.56525,0.4643,0.34989,0.28889,-0.088033,0.34382,0.42293,0.29366,0.27296,0.55757,0.19608,0.44142,0.048042,0.27557,0.058345,0.28443
-0.2797,0.080157,1,-0.029075,-0.25194,0.44712,-0.27745,-0.0010069,-0.19974,-0.22146,0.1509,-0.17383,0.052592,0.19515,0.26673,0.2915,0.22865,-0.050141,0.021198,0.17437,-0.10768,-0.22537,0.084626,-0.3616,0.087517,0.11418,0.1971,-0.17507,-0.15975,-0.078168,NaN,-0.1275,-0.26935,-0.14922,0.00666,0.29271,-0.2813,0.28504,0.14994,0.37362,-0.052112,0.27213,0.30438,0.55427,-0.07123,-0.073239,-0.20057,0.16189,-0.20706,0.21154,0.16931,0.30121,0.016744,0.080617,0.13086,-0.057786,-0.24411,0.21345,0.20738,-0.28764,0.043855,-0.15383,0.37522,-0.23263,0.0035629,-0.19724,0.094143,-0.11488,-0.071039,-0.0064567,0.17929,-0.24157,0.10001,-0.047163,-0.14053,-0.44795,0.28005,0.42039,-0.066525,-0.43625,-0.32016,-0.12543,0.11714,0.11845,0.13679,-0.075307,0.075531,0.42494,-0.044123,0.026812,-0.29656,0.25499,0.23251,-0.0069395,-0.18471,-0.060028,-0.03046,0.31605,-0.011699,-0.014434,-0.38367,0.16457,-0.25697,0.19584,0.19641,0.27645,-0.0735,0.19399,0.31982,0.25569,-0.055864,0.0040798,-0.23796,0.15505,0.29153,0.30646,0.11615,0.035502,0.48603,-0.07937,-0.044059,0.22038,0.17282,0.20866,0.17155,-0.11732,-0.072269,-0.03461,-0.14418,0.046596,0.23658,0.11645,-0.28184,0.2453,0.42751,0.60662,-0.21425,-0.11216,0.42105,0.11157,0.046819,-0.45788,-0.24862,0.10277,-0.055787,0.13165,-0.054138,0.21208,0.24624,-0.13399,-0.14548,-0.072012,0.34418,-0.032292,-0.063632,0.094916,-0.10046,0.13899,-0.42959,0.021949,0.13363,-0.11783,0.080618,0.078661,0.35929,0.25403,0.16442,-0.1742,0.22158,0.039917,-0.045133,-0.077349,0.46644,0.41189,0.22848,0.024564,-0.14566,0.12548,0.20924,-0.18305,0.11461,0.20142,-0.13467,0.12814,0.017572,0.0091282,0.08832,-0.044922,0.28957,-0.11352,0.090692,-0.11486,0.081167,0.11309,0.44676,-0.07632,0.23183,-0.16605,0.0097282,-0.023168
0.0047267,-0.13074,-0.029075,1,0.41646,0.67432,0.090202,-0.10985,0.48537,0.13749,0.34338,0.50985,0.064708,0.25703,-0.051206,0.12732,0.3793,0.47991,0.22573,0.2078,0.34418,0.71332,0.3997,0.061182,0.44652,0.19474,0.36129,0.16453,0.14576,-0.31919,NaN,0.71031,0.50342,0.48684,0.37808,0.18998,-0.047626,0.51932,-0.22451,0.20086,0.45964,0.2362,-0.14975,0.31905,0.54274,0.31881,0.44478,0.30226,0.33876,0.37642,0.41732,0.50865,0.22666,0.51685,-0.18648,0.24555,-0.010433,0.080077,0.33317,0.26295,0.74675,-0.20163,-0.10052,0.45814,0.56244,0.10798,0.42691,0.55588,-0.018585,0.6124,0.15705,0.20512,0.30909,0.60938,0.67636,0.24124,0.46471,0.18413,0.43155,0.65604,0.37861,0.55931,0.6921,0.40821,0.53791,0.1732,-0.13116,0.37137,0.56372,0.38962,0.16062,0.6013,0.52885,0.35928,0.14437,0.14408,0.04918,0.29832,-0.061105,0.72973,0.3906,0.35445,0.22495,-0.019786,0.18138,0.38242,0.65835,0.5895,0.42304,0.39008,0.58841,0.34728,0.064212,0.29693,0.35223,0.028489,0.4869,0.46719,-0.17546,0.47184,0.495,0.51858,0.49227,0.42215,0.6529,0.112,0.47563,0.47597,0.31693,0.45085,0.010802,0.55469,0.24987,0.49998,-0.093353,0.072365,0.11369,0.45317,0.29199,0.16067,0.15327,0.046115,-0.044005,0.6245,0.031508,0.37632,-0.071818,0.33426,0.17566,0.10192,0.38744,-0.033291,-0.026699,0.6902,0.66899,0.43192,0.38072,0.67217,0.029199,-0.059643,0.42631,0.11721,0.5196,0.29503,-0.016431,0.41932,0.50192,0.2989,0.096992,0.17913,0.62144,0.19915,0.45629,0.54331,0.31721,0.076883,0.55672,0.29364,0.17608,0.67001,-0.33831,0.15014,0.5103,0.21086,0.10866,0.52478,-0.32828,0.5138,0.38261,0.68901,-0.047706,0.27703,0.3461,0.30158,-0.090515,0.32657,0.56591,0.52876,0.60475,0.49357
0.031602,0.12946,-0.25194,0.41646,1,0.19306,0.062401,0.20125,0.55711,0.14128,0.014073,0.57599,0.066006,0.17914,-0.24785,0.046771,0.4189,0.58177,0.21085,0.061816,0.25965,0.57248,0.050046,-0.01703,0.38208,0.49307,0.37675,0.18286,0.12758,-0.21406,NaN,0.51555,0.1678,0.36248,0.36227,0.26091,0.1682,-0.12648,-0.40462,0.058281,0.36462,0.22245,-0.25864,-0.11033,0.38574,0.25879,0.29188,-0.21011,0.10308,0.077265,0.32488,-0.22404,-0.053959,0.53194,-0.35951,0.16265,-0.23621,0.11214,0.26234,0.53461,0.37963,-0.25516,0.017843,0.48131,0.50038,0.2442,0.13418,0.48673,0.070512,0.38283,0.15228,0.31787,0.40647,0.34769,0.47818,0.32257,0.4179,0.12507,0.14124,0.45051,0.46312,0.60699,0.27669,0.45052,-0.10599,0.15194,-0.026124,-0.13387,0.41892,0.51485,0.48041,0.18358,0.4343,0.41493,0.28128,0.31057,-0.19087,-0.05104,-0.0044771,0.42319,0.68199,0.13078,0.32729,-0.45311,0.23262,-0.36888,0.48016,0.3312,0.42095,0.033775,0.27089,0.28024,0.2166,0.25763,0.084231,0.12786,0.72688,0.34652,-0.15077,0.070806,0.5305,0.30479,0.25083,0.13746,0.44115,0.29491,0.066803,0.36236,0.21962,0.52994,-0.012455,0.36627,0.32733,0.10251,-0.17943,-0.027205,-0.028344,0.68671,0.068827,0.21853,-0.0054787,0.082679,-0.078576,0.38025,0.065013,-0.060228,-0.13229,-0.073587,-0.19866,0.1099,0.48919,-0.17905,-0.13597,0.37833,0.46425,0.45416,0.18378,0.3911,0.38632,0.31814,0.26992,-0.15354,0.22071,0.32146,-0.19969,0.32636,0.33961,0.47426,-0.23639,-0.15614,0.28684,0.19823,0.049786,0.20775,-0.14341,-0.072191,0.26477,0.34008,0.14153,0.55455,-0.41064,-0.14203,0.59552,0.13768,-0.031929,0.36669,-0.13279,0.18627,0.072421,0.49593,0.017575,0.080388,0.18915,0.030209,-0.17456,0.33821,5.9734e-05,0.38448,0.23194,0.59668
0.12533,0.32092,0.44712,0.67432,0.19306,1,-0.24592,0.013116,0.41139,0.29429,0.32671,0.47175,0.39087,0.66671,0.14568,0.45706,0.6112,0.46361,0.3903,0.42209,0.36697,0.47535,0.3558,0.11851,0.3158,0.46093,0.6057,0.41153,0.21896,-0.010287,NaN,0.46339,0.36137,0.45257,0.17975,0.53733,0.11417,0.70329,0.1379,0.70575,0.4364,0.43746,0.077773,0.6249,0.48868,0.3161,0.34125,0.60361,0.41475,0.43141,0.61205,0.70714,0.034706,0.65435,0.098163,0.28153,0.068866,0.23422,0.69614,0.23028,0.69349,-0.085676,0.28108,0.28476,0.59228,0.1809,0.54177,0.51868,0.18276,0.50663,0.47204,0.15885,0.27238,0.52601,0.3621,0.065937,0.73179,0.48866,0.57846,0.32268,0.10508,0.55816,0.51477,0.37604,0.49802,0.27168,-0.12542,0.74362,0.51173,0.4245,0.28763,0.62907,0.71414,0.45422,0.23715,0.36457,0.14055,0.41062,0.045265,0.62436,0.07428,0.45041,0.22501,0.30163,0.44838,0.60516,0.48278,0.74701,0.38285,0.6957,0.63592,0.43062,-0.015527,0.3441,0.48783,0.17913,0.34558,0.54313,0.23011,0.25501,0.33103,0.58499,0.48457,0.66138,0.68276,-0.024374,0.20898,0.445,0.33626,0.37852,0.29841,0.62329,0.28078,0.76485,0.37488,0.57243,0.19387,0.40828,0.76559,0.42132,0.15677,-0.050454,0.14462,0.67684,-0.048574,0.50395,0.090686,0.41261,0.057833,0.29722,0.42342,-0.0045967,0.09723,0.68122,0.66796,0.65503,0.33306,0.50356,0.0755,0.30041,0.40103,0.088629,0.61202,0.2899,0.27941,0.56563,0.77044,0.37285,0.44095,0.13233,0.41926,0.11385,0.63405,0.76406,0.59792,0.40108,0.46628,0.31137,0.35756,0.52246,0.030708,0.27815,0.4547,0.44065,0.2464,0.74849,-0.029924,0.46045,0.47935,0.5561,0.21312,0.21095,0.53637,0.52958,0.38002,0.39679,0.66976,0.41069,0.67539,0.4939
0.11499,-0.067527,-0.27745,0.090202,0.062401,-0.24592,1,0.046596,0.11364,-0.032404,0.57797,-0.024527,-0.22171,-0.13896,0.2164,-0.36716,-0.1868,0.17811,0.18428,0.12577,-0.21948,0.18167,0.16024,0.19465,0.43373,-0.24854,-0.15031,0.007395,0.060399,-0.26794,NaN,0.27588,0.22084,0.028252,0.06422,-0.25968,0.095413,-0.15884,-0.35882,-0.32989,-0.21753,0.14524,-0.067344,-0.28713,0.023293,0.22008,0.05616,-0.32803,-0.12,-0.15433,-0.13007,-0.12187,0.29885,-0.022612,-0.33642,0.16121,0.010261,-0.017864,-0.098677,0.1162,0.11998,-0.0080509,-0.17118,-0.043522,-0.01616,0.12983,-0.080118,0.17113,-0.062888,0.072252,-0.09432,0.34901,0.13142,0.20025,0.16225,0.38132,0.2117,0.20639,-0.015295,0.16506,0.16614,0.13144,0.19456,-0.04344,-0.10756,-0.36846,0.043175,-0.34347,0.16728,-0.08638,-0.1786,0.049539,0.013638,-0.32344,0.32267,-0.087036,-0.1568,0.03206,-0.067874,-0.059247,0.28676,0.018914,0.13298,-0.47984,-0.33787,-0.14299,0.13675,0.072145,-0.060967,-0.1033,-0.22273,-0.1323,0.34101,0.053177,0.26406,0.2507,-0.047466,0.088802,-0.17223,-0.045727,0.14449,-0.21383,0.22799,-0.54137,-0.21347,-0.076314,0.14321,0.15834,-0.046559,0.23436,-0.31394,-0.12586,0.060126,-0.27409,-0.12046,-0.36116,-0.13941,-0.17336,-0.39781,-0.056006,0.23429,0.30933,-0.17915,-0.020442,0.032971,-0.0168,0.046348,-0.015274,-0.034158,0.045623,0.059747,-0.077881,-0.030916,0.12809,0.12632,-0.18095,-0.017384,0.2387,0.14633,-0.046733,0.13174,0.53849,0.009904,0.0025569,0.048165,0.16062,-0.060753,0.056241,-0.04174,0.26855,0.16693,-0.14129,-0.16217,-0.18429,-0.23986,-0.37186,0.25184,0.1383,-0.19695,0.12596,-0.049637,0.12713,0.17225,-0.11906,-0.076473,-0.084562,-0.021846,0.17127,0.089489,0.10363,-0.0080677,-0.04547,-0.28734,-0.16571,-0.28777,-0.032242,-0.14524,-0.028775,-0.12027,0.093963
0.22161,0.20492,-0.0010069,-0.10985,0.20125,0.013116,0.046596,1,0.20551,-0.16714,0.0049217,0.30189,-0.11343,-0.020353,0.40892,0.2039,0.012346,0.10117,0.014345,0.19989,0.17095,0.10056,-0.26573,0.3285,0.25253,0.051653,0.23825,-0.061629,0.2276,0.28884,NaN,-0.048761,-0.0083429,0.0482,-0.083181,0.025818,0.38046,0.076584,0.15314,-0.20087,0.070973,0.12744,0.010218,-0.21359,-0.11315,0.044598,0.057844,0.0029496,-0.26118,0.07613,0.10793,-0.071251,0.12293,0.12142,-0.2,-0.21566,-0.32458,-0.039246,0.27105,0.10696,0.046185,0.02776,-0.09391,0.088709,-0.10379,0.36878,0.0027194,-0.15561,-0.17648,-0.056931,-0.027971,0.13389,0.07054,0.042722,0.049523,-0.031143,0.22364,0.43579,-0.086644,-0.22568,0.22048,0.22138,0.12456,0.13753,-0.12379,-0.16467,0.20981,-0.10011,0.043419,0.1703,-0.0062186,-0.051907,0.31855,-0.056812,-0.069734,-0.33248,-0.21272,0.074346,0.28112,-0.12141,0.30403,0.25873,-0.19898,-0.094079,0.21285,0.0013713,0.14213,0.23887,-0.078508,0.019359,-0.17095,0.07266,0.20055,-0.25063,-0.11694,0.35569,0.15386,0.19371,0.31248,-0.062324,0.12527,0.25349,-0.00084089,0.10962,-0.17938,-0.25175,0.066885,-0.021958,0.047393,0.17103,0.14723,0.06621,-0.010389,-0.25138,0.15628,-0.052853,0.16975,0.17211,0.16664,-0.025269,0.050755,0.15448,0.27673,0.088144,-0.11653,-0.22714,0.15627,0.28312,0.09426,0.15968,0.035556,0.084079,0.21735,0.084298,0.2334,0.14734,-0.02073,0.026714,-0.029829,0.25507,-0.096784,0.11363,0.083912,0.068716,-0.066221,0.17527,0.09899,0.059747,0.07538,0.43905,-0.13659,-0.16821,0.26567,-0.11755,-0.34415,0.25253,0.064396,-0.03092,0.33142,-0.14211,0.40628,0.096026,0.13096,-0.0067494,0.28892,-0.027796,0.39489,0.15349,0.039155,-0.16705,0.491,0.070595,-0.078072,0.19872,0.032332,-0.016679,0.057957,-0.097753,-0.16552,0.31065
0.0759,0.26054,-0.19974,0.48537,0.55711,0.41139,0.11364,0.20551,1,0.55359,0.069503,0.71598,0.047463,0.19093,0.034924,-0.07044,0.49711,0.29202,0.53903,0.20708,0.4439,0.42171,0.20802,0.20006,0.43882,0.4615,0.56987,0.47701,0.40904,-0.11131,NaN,0.32123,0.27798,0.39077,0.41933,0.055537,0.14269,0.18365,0.0052162,0.26459,0.18026,0.28092,-0.41219,0.072864,0.46973,0.58789,0.57015,-0.031873,-0.11798,0.065256,0.59274,-0.12286,0.34574,0.52089,-0.11414,0.24123,0.070251,0.22001,0.47717,0.37421,0.38085,-0.36476,0.023207,0.33503,0.66018,0.20098,0.49001,0.47258,0.12917,0.36227,-0.048833,0.62784,0.62847,0.57897,0.36871,0.30081,0.44339,0.33635,0.44199,0.56983,0.37362,0.64792,0.5154,0.30049,0.24273,0.51045,-0.12781,0.015518,0.19881,0.52635,0.49915,0.21917,0.45715,0.33339,0.17148,0.49029,-0.058113,0.2446,-0.12109,0.43128,0.45348,0.2283,0.64622,-0.18069,-0.04672,-0.032853,0.28243,0.48034,0.32245,0.11368,0.42179,0.33875,0.20837,0.27282,0.11285,-0.0020483,0.62461,0.54559,-0.18458,0.24539,0.21024,0.31085,0.3981,0.32159,0.44781,-0.026576,0.25374,0.4041,0.25965,0.60169,-0.10256,0.43036,0.49756,0.27309,-0.27303,-0.068568,0.38626,0.57454,0.26832,0.53491,0.26403,0.16184,0.0042077,0.4495,0.327,-0.09955,-0.26477,0.33661,-0.34039,0.37462,0.17248,-0.27156,-0.35771,0.49829,0.59949,0.40526,0.28047,0.39907,0.46895,0.28151,0.27499,0.29244,0.4406,0.20774,-0.26006,0.36252,0.56125,0.3935,-0.10675,0.22255,0.51308,0.51893,0.0041683,0.57715,0.18982,-0.037741,0.34587,0.46205,-0.044057,0.37552,-0.08374,0.13963,0.53339,0.18575,0.19217,0.54567,-0.37012,0.4912,-0.062108,0.67338,0.23598,0.35078,0.63896,0.25083,-0.15702,0.31013,0.047718,0.39882,0.21823,0.54979
0.37396,0.13265,-0.22146,0.13749,0.14128,0.29429,-0.032404,-0.16714,0.55359,1,0.0023252,0.33314,0.35695,0.23514,0.070207,-0.0019254,0.14761,-0.036532,0.32085,0.16793,0.14272,0.048031,0.029233,0.28025,-0.0050666,0.28851,0.22736,0.39821,0.33952,-0.0666,NaN,-0.052448,0.013046,0.21819,0.16843,0.29154,0.15984,0.18392,0.069978,0.46994,0.023767,-0.088674,-0.34308,0.024075,-0.025028,0.26684,0.2144,0.013363,0.18168,-0.39695,0.24173,-0.10809,0.063768,0.276,0.11529,0.22691,0.36476,0.039108,0.30816,0.16861,0.17258,0.073684,0.39377,0.044372,0.42801,0.32931,0.17953,0.22676,0.33405,-0.15163,0.14067,0.26595,0.12584,0.41059,-0.17146,0.30355,0.18371,0.04219,0.49507,0.41182,-0.041918,0.34786,0.12934,-0.017563,-0.1058,0.36911,-0.054729,0.097312,-0.12966,0.2993,0.38728,-0.089516,0.20947,0.001994,0.20667,0.6845,0.16505,0.15837,-0.03244,0.22126,-0.14037,-0.17406,0.75759,0.068966,0.19753,0.10299,-0.26934,0.31596,0.078285,0.18048,0.34601,0.14759,-0.14602,-0.16942,0.13243,-0.3183,-0.0024649,0.15701,0.069986,0.13255,-0.26967,-0.18994,0.16569,0.25577,0.26914,0.23308,-0.14174,0.32103,0.216,0.27321,-0.30357,0.081922,0.34315,0.27883,0.0053387,0.096831,0.18745,0.22182,0.31644,0.40065,0.18026,0.28548,0.065258,0.12507,0.12256,-0.0992,0.11564,0.10414,-0.68296,0.40632,0.1536,-0.087522,-0.33142,0.33882,0.34511,0.10997,-0.1872,-0.12873,0.69055,0.26782,0.10833,0.37798,0.22663,0.063244,-0.067819,0.043735,0.38967,0.31609,0.0049501,0.10864,0.21042,0.51415,-0.18726,0.32921,0.45519,0.1208,0.18802,0.17289,0.096429,0.1064,0.099106,0.11349,0.08139,-0.026018,-0.028092,0.53281,-0.30878,0.050214,-0.024377,0.28366,-0.054028,0.029455,0.65238,0.12287,-0.074878,0.0013163,0.10371,0.011311,0.28086,0.34452
0.43729,0.17041,0.1509,0.34338,0.014073,0.32671,0.57797,0.0049217,0.069503,0.0023252,1,0.059399,0.21487,0.22077,0.19585,0.035482,0.086384,0.45309,0.22187,0.48828,-0.26726,0.35251,0.34727,0.42192,0.41621,0.062075,0.02961,0.29635,0.020916,-0.11036,NaN,0.52002,0.31073,0.36748,0.16648,0.15936,0.0033186,0.34834,-0.19756,0.14295,0.26758,0.38152,-0.13446,0.338,0.23982,0.37297,0.028947,0.11839,0.18285,0.15848,0.23234,0.43622,0.10941,0.3446,-0.18372,0.35744,-0.011319,0.32831,0.32822,0.092929,0.36847,0.0077443,0.15889,0.18461,0.25068,0.3631,0.19477,0.38521,0.0017479,0.33153,0.16371,0.34828,0.17241,0.52026,0.35052,0.3415,0.62938,0.26368,0.068652,0.29152,0.06953,0.30674,0.28152,0.33919,0.046348,-0.34748,0.11157,0.23511,0.58334,-0.071298,-0.095233,0.40877,0.36188,-0.020947,0.22344,-0.11682,-0.12513,0.14143,-0.16838,0.3175,0.12072,0.15043,-0.059578,-0.13938,0.1538,0.26282,0.35425,0.55641,0.35266,0.5273,0.0078522,0.0054885,0.37168,0.20615,0.49265,0.44311,-0.11677,0.49519,0.13103,-0.041992,0.3729,0.12713,0.59679,-0.090586,0.057478,0.0016571,0.35203,0.31215,0.40512,0.3759,0.055277,0.18075,0.032921,0.15674,0.080375,-0.0053754,-0.019544,-0.066234,-0.017345,0.064969,0.1979,0.50841,-0.12653,0.42681,0.22202,0.42348,0.21822,0.41797,0.32029,0.19502,0.30781,-0.32268,0.1553,0.54982,0.45995,0.2726,0.070332,0.374,-0.093926,-0.070764,0.46903,0.44795,0.29401,0.055129,0.23782,0.53791,0.38354,-0.059715,0.095019,0.14289,0.4517,-0.084624,0.23907,0.24341,0.19639,-0.1319,0.39259,0.30223,0.13075,0.40159,-0.049414,0.13745,0.40043,0.22881,-0.038061,0.18122,-0.10974,0.36319,0.2351,0.34086,0.33839,-0.056097,-0.21475,0.23799,-0.014534,0.17264,0.44138,0.20691,0.10041,0.34958
0.10923,0.31028,-0.17383,0.50985,0.57599,0.47175,-0.024527,0.30189,0.71598,0.33314,0.059399,1,0.13733,0.25859,0.0073333,0.14748,0.51954,0.4777,0.37995,0.2358,0.51426,0.66537,0.22051,0.17261,0.4941,0.41788,0.66553,0.33347,0.34088,-0.29179,NaN,0.47669,0.22838,0.42756,0.49667,0.17917,0.34126,0.25864,0.082737,0.38637,0.50283,0.4449,-0.25344,-0.12395,0.43173,0.51031,0.29765,0.22132,0.13688,0.38945,0.5183,0.095351,0.10467,0.57042,-0.20621,0.19635,0.021256,-0.17754,0.60829,0.40712,0.47178,-0.35199,0.08146,0.47234,0.54007,0.18691,0.23697,0.39102,-0.0057382,0.35864,0.21745,0.43822,0.36786,0.56287,0.36116,0.35098,0.48905,0.32246,0.33813,0.40976,0.30689,0.60778,0.47359,0.40328,0.32697,0.31236,-0.3416,0.23258,0.32718,0.48263,0.38451,0.39329,0.58109,0.36352,0.33203,0.35818,0.012656,0.35181,0.26768,0.48549,0.59928,0.31014,0.28536,-0.049917,0.33166,-0.02499,0.42917,0.43486,0.34083,0.34051,0.37987,0.29944,0.19469,0.18285,0.32015,0.11273,0.61714,0.49274,-0.031651,0.11117,0.13646,0.51165,0.29892,0.44077,0.45897,-0.016138,0.36591,0.28806,0.26262,0.43406,-0.14129,0.49322,0.51143,0.31224,-0.09768,0.19829,0.44306,0.54203,0.35889,0.57368,0.19975,0.17853,0.026729,0.62003,0.14102,0.13209,-0.28865,0.45028,-0.082323,0.43142,0.39483,0.25507,-0.14028,0.69699,0.70694,0.55884,0.30997,0.23865,0.15313,0.011901,0.32157,0.094576,0.57044,0.44196,-0.032372,0.42396,0.65123,0.54968,0.083873,0.15216,0.4168,0.46377,0.34227,0.46535,0.025264,0.24464,0.25544,0.10887,0.24211,0.55736,0.022757,0.010417,0.57226,0.20014,0.29429,0.60092,-0.081055,0.53823,0.15095,0.65103,0.16072,0.51861,0.4383,0.43631,-0.14046,0.47471,0.17861,0.67329,0.4715,0.57087
0.23507,0.39474,0.052592,0.064708,0.066006,0.39087,-0.22171,-0.11343,0.047463,0.35695,0.21487,0.13733,1,0.51771,0.16855,0.54883,0.36525,0.37122,0.31236,0.50217,0.21069,0.33368,0.25808,0.10003,-0.07751,0.32165,0.1772,0.35342,0.17618,0.39027,NaN,0.23549,0.27423,0.38329,-0.12639,0.54333,0.34072,0.26694,0.21115,0.55985,0.37779,0.35086,0.1083,0.35725,0.29452,0.40184,0.08391,0.57174,0.26814,0.11364,0.26809,0.37933,-0.017521,0.43338,0.22577,0.35115,0.13419,0.13174,0.37932,0.13791,0.39518,-0.10359,0.44167,0.095609,0.29298,0.14989,0.13218,0.57279,0.40868,0.2268,0.44694,0.071153,0.23516,0.28057,0.077368,0.3787,0.28262,0.23354,0.3731,0.19524,0.092799,0.17648,-0.090336,0.13088,-0.10202,-0.0129,0.15751,0.19723,0.20631,0.27678,0.48811,-0.0085394,0.37703,0.2112,0.35396,0.45733,0.042459,0.22154,0.033298,0.40205,0.027005,0.0056416,0.32331,0.19957,0.37864,0.33411,0.19206,0.37136,0.23666,0.4721,0.36198,0.53281,0.043671,0.28232,-0.0013135,0.16798,-0.12102,0.13391,0.20314,0.15365,0.087948,-0.0051954,0.091442,0.11012,0.42081,0.37952,-0.056616,0.18406,0.24576,0.26637,0.1903,0.17214,0.3453,0.57346,0.35832,0.28021,0.1652,0.17361,0.39922,-0.026213,-0.04138,0.062763,0.29745,0.50742,0.058432,0.37385,0.16201,0.13331,-0.053358,0.29032,0.29044,-0.091223,0.022884,0.21746,0.28778,0.39366,0.05206,0.16906,0.22291,0.21279,0.17006,0.19559,0.077785,0.37989,0.033704,0.29188,0.38079,0.29202,0.027923,0.035232,0.1855,0.15241,-0.027327,0.2782,0.34716,0.024462,0.47418,-0.12567,0.073494,0.35313,-0.022495,-0.0282,0.3426,0.47345,-0.04793,0.52474,0.10253,0.17484,-0.1985,0.33518,-0.13648,-0.17981,0.28378,0.39779,-0.11441,0.11507,0.58994,0.23849,0.36156,0.22822
0.14846,0.54557,0.19515,0.25703,0.17914,0.66671,-0.13896,-0.020353,0.19093,0.23514,0.22077,0.25859,0.51771,1,0.14531,0.45629,0.48777,0.4698,0.4706,0.28086,0.50715,0.45407,0.485,0.074311,0.38011,0.51882,0.44284,0.5208,0.38898,0.20887,NaN,0.37497,0.33918,0.62112,-0.11347,0.66204,0.10932,0.52451,0.19672,0.75605,0.32205,0.32686,0.080355,0.41143,0.61955,0.35302,0.19433,0.53792,0.44675,0.34308,0.27075,0.59492,-0.011562,0.52225,0.0034221,0.33735,0.34273,0.16812,0.70371,0.47508,0.56558,-0.076669,0.22031,0.31905,0.43566,0.012191,0.35366,0.57477,0.25197,0.54625,0.56448,0.18932,0.1967,0.21881,0.23504,0.25234,0.59023,0.49697,0.46906,0.070622,0.17643,0.49616,0.1104,0.42386,0.22658,0.38179,-0.22711,0.45714,0.43087,0.26885,0.32106,0.43584,0.5338,0.33665,0.52483,0.35404,0.3184,0.21582,0.22679,0.37313,0.081402,0.2167,0.19079,0.23716,0.35173,0.46206,0.41094,0.67688,0.1032,0.65806,0.49211,0.33661,0.0075171,0.26654,0.35117,0.23462,0.074546,0.48006,0.30667,0.15757,0.23211,0.41084,0.4032,0.25584,0.41362,-0.00047197,-0.011283,0.34112,0.26363,0.10955,0.59309,0.45275,0.2188,0.50923,0.33788,0.52846,0.14239,0.34579,0.56089,0.4234,0.20628,-0.016761,0.49047,0.55584,-0.26059,0.63826,0.07251,0.10698,0.062869,0.22851,0.46787,0.050144,0.21467,0.34809,0.34518,0.61724,0.58394,0.39208,0.21705,0.52914,0.18705,-0.037389,0.52162,0.31518,0.13923,0.24007,0.53535,0.52509,0.61987,-0.13968,0.28072,0.012012,0.36409,0.39302,0.46253,0.28053,0.25624,0.14699,0.065472,0.55942,0.18308,0.33703,0.44263,0.59075,0.27927,0.58151,0.18301,0.49306,0.38122,0.26362,0.0046106,0.22116,0.34033,0.33988,0.48739,0.36923,0.33928,0.40693,0.49437,0.37824
-0.0035111,-0.037752,0.26673,-0.051206,-0.24785,0.14568,0.2164,0.40892,0.034924,0.070207,0.19585,0.0073333,0.16855,0.14531,1,0.39465,-0.31444,-0.29811,-0.066071,0.6398,0.16461,-0.15797,0.20433,0.041947,0.29459,-0.16421,0.29834,-0.21994,0.27023,0.13213,NaN,-0.25636,-0.21756,-0.22603,-0.35519,-0.053473,-0.0065772,0.25503,0.41736,-0.0091655,-0.10435,0.16685,0.092043,-0.16409,-0.14394,-0.054076,-0.34698,0.072686,-0.23069,-0.22491,0.00048547,0.22949,0.22207,-0.22641,-0.29467,-0.37335,-0.048593,0.019544,0.03288,0.055323,-0.011483,-0.10565,0.19412,-0.37214,-0.36749,-0.0064915,-0.11604,-0.11533,-0.070115,-0.22067,0.073317,0.019261,0.021317,-0.097913,-0.20823,-0.15223,0.12942,0.74337,0.21582,-0.25358,-0.22339,0.10097,-0.14343,0.14477,-0.05673,-0.39096,-0.078964,-0.2175,-0.35699,0.031415,-0.31215,-0.32507,0.02806,-0.61209,-0.13237,-0.21721,0.063695,0.032604,0.12938,-0.27428,-0.13921,-0.083704,-0.0051702,0.05992,-0.042659,0.30377,-0.084181,0.1684,-0.19322,0.14337,-0.16253,0.17687,0.23322,-0.21501,0.074695,0.10779,-0.071939,0.16857,0.34164,0.020234,-0.19109,-0.050237,-0.034712,-0.20469,-0.082465,-0.20308,-0.27954,-0.17099,-0.22471,-0.10056,-0.085575,0.034159,-0.2639,-0.16842,0.55293,0.060096,0.041515,-0.44637,0.0034683,-0.18874,0.33656,-0.22101,0.020418,-0.0025192,-0.27924,0.13116,0.14102,0.20203,0.045524,-0.34758,-0.13353,-0.021751,0.090254,-0.095766,0.028096,-0.22165,-0.26831,0.068206,-0.032221,0.13489,-0.1542,0.68248,-0.13411,-0.045039,0.083735,-0.042862,-0.089148,-0.051559,0.15445,0.80878,-0.26078,-0.11736,0.091894,0.033557,-0.12105,-0.061048,0.12275,-0.3821,0.16846,-0.33796,0.14465,0.52851,-0.32191,0.18897,-0.01076,-0.079342,0.25189,0.16278,-0.090355,-0.20026,-0.014282,-0.23033,0.13046,0.022631,0.17434,-0.36708,0.28046,-0.24323,-0.18676,0.037328
-0.066341,0.3314,0.2915,0.12732,0.046771,0.45706,-0.36716,0.2039,-0.07044,-0.0019254,0.035482,0.14748,0.54883,0.45629,0.39465,1,0.21995,0.22931,-0.061875,0.60897,0.38717,0.15655,0.074248,-0.12679,-0.012578,0.42648,0.50348,0.18234,0.20788,0.24951,NaN,0.12198,0.058391,0.15852,-0.18005,0.23419,0.11737,0.41792,0.19088,0.43796,0.38502,0.42106,0.4466,0.10147,0.21554,0.015724,-0.18834,0.6378,0.26407,0.21692,0.30094,0.51617,-0.098551,0.22012,0.066213,-0.10634,0.085137,-0.17828,0.3497,0.19594,0.407,-0.049963,0.3042,0.015829,0.11577,-0.027807,-0.11949,0.30595,0.47857,0.057722,0.52601,-0.050471,0.083633,-0.064421,0.011925,-0.19072,0.23563,0.48876,0.29639,-0.097791,0.017897,0.21305,-0.16194,0.033926,-0.041299,-0.16572,0.027852,0.27528,0.16533,0.26958,0.31669,0.12886,0.43869,0.091976,-0.022181,0.1323,-0.22323,-0.0076906,0.35962,0.15328,0.00055397,0.17728,-0.075004,0.5456,0.4719,0.41754,0.31399,0.2991,0.29081,0.62808,0.38556,0.55802,0.21293,-0.0075761,0.12609,0.28398,-0.020686,0.18649,0.57253,0.046147,0.18343,0.4987,0.15878,0.08521,0.33585,0.079887,-0.20635,0.12362,-0.008884,0.048626,0.41447,0.59943,0.2959,0.38471,0.64713,0.43932,0.058571,-0.0073257,0.4403,-0.054997,-0.016757,-0.31782,-0.0014138,0.39053,-0.39344,0.42352,0.14586,0.077449,0.044839,-0.013136,0.19004,0.22937,0.44943,0.20247,0.33863,0.30665,0.079784,0.20581,0.12851,0.39419,0.28322,0.039433,0.21531,0.29381,0.45197,0.14552,0.24981,0.28732,0.13301,0.15856,-0.1841,0.031346,0.19619,0.21612,0.25028,0.438,0.34583,-0.35035,0.42484,0.10559,0.18021,0.18939,0.1258,0.40432,0.18303,0.36333,0.50771,0.17325,-0.10165,0.14282,-0.033263,-0.089562,0.38338,0.39429,0.1318,-0.08224,0.66632,0.23513,0.24911,0.39739
-0.072865,0.64977,0.22865,0.3793,0.4189,0.6112,-0.1868,0.012346,0.49711,0.14761,0.086384,0.51954,0.36525,0.48777,-0.31444,0.21995,1,0.72094,0.62191,0.14128,0.39308,0.56424,0.23773,-0.029414,0.27528,0.66721,0.42138,0.42785,0.22627,0.02279,NaN,0.53578,0.46387,0.56072,0.47511,0.39262,0.16021,0.17499,-0.13547,0.65179,0.47134,0.64357,0.06505,0.52292,0.59711,0.6481,0.52954,0.40044,0.1119,0.60822,0.6426,0.21172,0.11763,0.7977,0.13904,0.50514,-0.1126,0.073744,0.64347,0.17029,0.58581,-0.19663,0.31241,0.44775,0.79623,0.0071843,0.54044,0.62074,0.24704,0.57977,0.35264,0.31443,0.55633,0.4278,0.40386,0.17764,0.51611,0.27209,0.42334,0.23951,0.42425,0.33627,0.49958,0.14089,0.39676,0.50335,-0.036942,0.47663,0.54617,0.47841,0.61487,0.58763,0.65015,0.826,0.48304,0.60124,-0.11287,0.46951,0.093298,0.58933,0.44528,0.47561,0.30699,0.0071272,0.29269,0.049498,0.49783,0.50209,0.56351,0.3747,0.42985,0.51659,-0.11802,0.62026,0.26124,0.31613,0.5277,0.46483,0.027754,0.15888,0.39571,0.48408,0.4851,0.43557,0.73061,0.18649,0.35318,0.51186,0.16521,0.65302,0.28141,0.4567,0.59339,0.74571,0.019522,0.38088,0.27433,0.75408,0.73802,0.57745,-0.030506,-0.050647,0.17006,0.73611,0.22057,0.27708,-0.086037,0.32253,0.00167,0.6218,0.29672,0.055137,-0.062983,0.48224,0.49374,0.81952,0.5108,0.51655,0.13899,0.35881,0.47752,-0.20575,0.62272,0.55259,0.072649,0.65631,0.76305,0.4384,0.16016,-0.26507,0.4766,0.26148,0.24847,0.72932,0.43938,0.10692,0.32954,0.38912,0.03088,0.62613,0.03344,-0.02228,0.78743,0.293,0.44989,0.68531,0.034274,0.35013,0.1554,0.70457,0.18272,0.38301,0.4142,0.56741,-0.046985,0.52059,0.21096,0.53831,0.47064,0.47365
0.18673,0.44877,-0.050141,0.47991,0.58177,0.46361,0.17811,0.10117,0.29202,-0.036532,0.45309,0.4777,0.37122,0.4698,-0.29811,0.22931,0.72094,1,0.39449,0.22886,0.29983,0.80065,0.36941,0.1717,0.31596,0.45187,0.22022,0.44213,0.021441,0.051338,NaN,0.83264,0.49136,0.66064,0.43908,0.34948,0.31768,0.16633,-0.35533,0.39823,0.64116,0.63892,0.073654,0.30257,0.5737,0.49351,0.44135,0.3114,0.29476,0.51568,0.33189,0.31808,-0.033622,0.75979,-0.11668,0.52234,-0.13463,0.072304,0.54187,0.37517,0.69397,-0.056651,0.19227,0.63125,0.70995,0.25004,0.35421,0.76856,0.18945,0.63889,0.41635,0.39508,0.37019,0.48179,0.6183,0.4794,0.64812,0.25198,0.29479,0.28885,0.51154,0.50465,0.44437,0.26237,0.21625,0.10047,0.039405,0.39294,0.87201,0.27779,0.48255,0.67647,0.67527,0.68162,0.59341,0.28706,-0.21255,0.25404,0.014475,0.66106,0.56286,0.38471,0.066959,-0.066563,0.39026,0.014968,0.72629,0.56822,0.52347,0.51942,0.34884,0.38056,0.16893,0.55196,0.23767,0.37281,0.3293,0.48779,0.089496,0.075857,0.66159,0.44635,0.55593,0.20153,0.57305,0.30955,0.37755,0.49081,0.31343,0.58398,0.32138,0.44424,0.47697,0.57051,-0.0099694,0.2762,0.0086033,0.69415,0.4353,0.21981,-0.076144,0.28967,0.12839,0.70688,0.035216,0.44855,0.04131,0.30383,0.1603,0.51351,0.60853,0.03107,0.18154,0.64501,0.65062,0.7855,0.48058,0.56948,0.14852,0.26745,0.5716,-0.13877,0.57829,0.57499,0.12382,0.70814,0.57254,0.51368,0.068803,-0.25828,0.5053,-0.032573,0.29912,0.31175,0.1836,0.059829,0.54401,0.31101,0.082385,0.84339,-0.060349,-0.21686,0.88573,0.29346,0.27083,0.62643,0.053695,0.41173,0.25448,0.67044,0.17963,0.28594,0.02065,0.44782,-0.19965,0.52106,0.38455,0.61669,0.52402,0.59004
0.052994,0.46153,0.021198,0.22573,0.21085,0.3903,0.18428,0.014345,0.53903,0.32085,0.22187,0.37995,0.31236,0.4706,-0.066071,-0.061875,0.62191,0.39449,1,0.073077,0.24466,0.4563,0.23163,0.15073,0.45728,0.45616,0.26903,0.4516,0.42811,-0.051508,NaN,0.46531,0.6146,0.55196,0.23285,0.3632,0.21913,0.34408,-0.0099545,0.47473,0.029332,0.23791,0.046365,0.36419,0.59489,0.80238,0.61242,0.22882,-0.043415,0.28005,0.3908,0.11755,0.30125,0.6988,0.32619,0.56761,0.33954,0.090072,0.73225,0.25264,0.46379,-0.321,-0.021224,0.40483,0.54958,-0.066526,0.2877,0.59322,0.17118,0.55335,0.38373,0.24312,0.35588,0.57663,0.43385,0.53846,0.42744,0.31997,0.37878,0.41143,0.61493,0.34448,0.48153,0.1335,0.10487,0.35698,0.17864,0.28956,0.3207,0.41351,0.40964,0.3011,0.44815,0.44737,0.40495,0.47215,-0.11912,0.39443,0.16291,0.49097,0.38434,0.39894,0.48929,-0.18068,0.0289,0.25852,0.35446,0.53329,0.35077,0.21767,0.48334,0.16793,-0.16466,0.38005,0.27887,0.37188,0.19791,0.27259,-0.0044026,0.16314,0.034274,0.12044,0.44096,0.12986,0.38163,-0.16064,0.31209,0.30212,0.24883,0.50358,0.19634,0.26369,0.42977,0.42007,-0.1002,0.09176,0.33507,0.47738,0.40178,0.63751,0.45976,0.14309,0.31677,0.60066,0.30668,-0.028983,-0.084646,0.17446,-0.049907,0.51589,0.25063,-0.060895,-0.09694,0.4268,0.42215,0.48114,0.51154,0.40527,0.1564,0.29877,0.3415,0.11359,0.34136,0.56595,-0.071049,0.45472,0.69025,0.18388,0.12185,0.068741,0.63126,0.34877,0.036571,0.53905,0.30773,0.070838,0.19864,0.55415,-0.28777,0.4144,0.11854,0.18998,0.57086,0.10543,0.32944,0.44962,-0.0076144,0.55371,0.10619,0.38462,0.19821,0.16041,0.30445,0.35015,-0.01514,0.52089,0.049704,0.44718,0.38818,0.28008
0.19485,0.33305,0.17437,0.2078,0.061816,0.42209,0.12577,0.19989,0.20708,0.16793,0.48828,0.2358,0.50217,0.28086,0.6398,0.60897,0.14128,0.22886,0.073077,1,0.14197,0.14988,0.31057,0.26768,0.23413,0.22052,0.41712,0.15891,0.19222,0.17277,NaN,0.19223,0.087687,0.0097029,0.0036298,-0.023492,0.041625,0.23138,0.17073,0.28183,0.38851,0.59691,0.047498,0.065282,0.15592,0.197,-0.16558,0.288,0.13963,0.0054578,0.48903,0.42409,-0.1154,0.19662,-0.19781,-0.12567,-0.097056,0.10843,0.25769,0.12508,0.25145,0.030544,0.49045,-0.0082711,0.080441,0.14421,0.077615,0.32924,0.33286,0.050995,0.36132,0.21489,0.19474,0.12318,0.036366,-0.042973,0.41894,0.6069,0.48628,0.16705,-0.034066,0.23688,-0.054918,0.16955,-0.023706,-0.38341,-0.024117,0.076381,0.20655,0.060204,0.23886,-0.074022,0.23583,-0.077606,-0.016042,0.12199,-0.25082,-0.10743,0.029163,0.13465,0.18491,0.16553,0.07181,0.078481,0.14254,0.21458,0.24485,0.32018,0.24071,0.55445,0.096786,0.55947,0.49479,0.18231,0.24069,0.16557,0.09216,0.56671,0.20344,-0.11533,0.18807,0.17209,0.25242,0.029711,0.36473,0.079071,-0.15958,0.1448,0.11482,0.21103,-0.035994,0.42081,0.13144,0.25073,0.58583,0.080039,0.17332,-0.15442,0.20915,0.0036332,0.11765,-0.0021519,-0.11106,0.44468,-0.0069121,0.46352,0.36122,0.37362,0.10034,-0.014401,0.15953,-0.18549,-0.067503,0.3754,0.4771,0.26501,-0.14386,0.22131,0.13703,0.31923,0.36328,0.62227,0.067648,0.12243,0.29728,0.45312,0.35673,0.015916,-0.041567,0.51276,-0.049294,-0.028181,0.0452,0.4107,0.10545,0.043505,0.43418,-0.21982,0.24715,0.12893,-0.10663,0.37841,0.14838,0.35617,0.046285,0.3186,0.20533,0.23965,-0.20289,0.34933,0.24753,-0.29698,0.23694,0.47296,0.034127,0.0089456,0.56533,0.18267,0.025391,0.36719
-0.36906,0.14455,-0.10768,0.34418,0.25965,0.36697,-0.21948,0.17095,0.4439,0.14272,-0.26726,0.51426,0.21069,0.50715,0.16461,0.38717,0.39308,0.29983,0.24466,0.14197,1,0.51368,0.46214,-0.2802,0.30359,0.28031,0.49073,0.25038,0.2091,0.19349,NaN,0.24725,0.13071,0.40369,0.14388,0.09386,0.10277,0.28083,0.372,0.44918,0.3013,0.36154,0.11178,-0.092271,0.52217,0.29961,0.28524,0.3428,-0.046603,0.26391,0.13593,0.2286,0.14599,0.20375,-0.16751,0.16076,0.14837,-0.18381,0.40251,0.38213,0.46395,-0.4179,-0.056027,0.48555,0.42237,-0.335,0.1713,0.48269,0.1712,0.37704,0.070878,0.32692,0.38062,0.11592,0.2738,0.069403,0.074407,0.46327,0.50595,0.0375,0.32552,0.38843,0.18849,0.13379,0.40941,0.54762,-0.30914,0.14628,0.12699,0.19858,0.33998,0.2621,0.34247,0.19375,0.1392,0.28574,0.16205,0.29982,0.28563,0.32145,0.22518,0.27791,0.13999,0.27711,0.091018,0.17955,0.34348,0.31622,0.11212,0.33081,0.47604,0.52645,0.056105,0.15945,-0.093407,-0.13295,0.32429,0.31241,0.10533,0.28037,0.029563,0.41533,0.10936,0.18054,0.49378,0.19054,0.055402,0.048275,-0.12931,0.0017945,0.34537,0.47668,0.26348,0.31656,0.018005,0.2491,0.1376,0.50518,0.36146,0.22969,0.13887,-0.31528,0.26168,0.47335,-0.31447,0.39513,-0.38523,0.30636,0.028381,0.15465,0.1262,0.27789,0.14704,0.20186,0.37089,0.42443,0.61574,0.36106,0.21131,0.24937,0.018023,-0.038537,0.45286,0.42281,-0.09428,0.008888,0.1891,0.59952,0.18111,0.15381,0.2208,0.19947,0.27778,0.25228,0.037714,0.089664,0.27465,-0.062484,-0.16119,0.43986,0.090207,0.10156,0.28427,0.43889,0.17956,0.4555,0.031531,0.55417,0.085483,0.37252,-0.23577,0.42066,0.50736,0.31536,-0.078791,0.16568,0.16541,0.60198,0.34041,0.43939
0.066524,0.20373,-0.22537,0.71332,0.57248,0.47535,0.18167,0.10056,0.42171,0.048031,0.35251,0.66537,0.33368,0.45407,-0.15797,0.15655,0.56424,0.80065,0.4563,0.14988,0.51368,1,0.42864,0.088074,0.58319,0.28728,0.29048,0.29955,0.20669,-0.1483,NaN,0.86846,0.62669,0.76087,0.40609,0.39718,0.27065,0.34575,-0.19824,0.33492,0.56659,0.42072,-0.10668,0.15135,0.68851,0.61809,0.48167,0.38265,0.29078,0.54123,0.31482,0.39551,0.2006,0.68853,-0.18824,0.48941,0.013041,-0.10855,0.5698,0.36962,0.8262,-0.32797,-0.084088,0.72027,0.63746,0.081437,0.27226,0.74991,0.054425,0.75513,0.29109,0.31919,0.42131,0.61692,0.6931,0.58891,0.49298,0.2215,0.31342,0.51015,0.6253,0.52788,0.60634,0.43688,0.32063,0.21958,-0.04944,0.27312,0.71237,0.36618,0.37524,0.60668,0.67025,0.46095,0.497,0.23423,-0.0044997,0.44801,0.24132,0.77198,0.67491,0.43913,0.15825,-0.1761,0.29565,0.19855,0.7411,0.61658,0.43233,0.46746,0.50961,0.42198,0.11229,0.35857,0.28136,0.30349,0.43128,0.42869,-0.08477,0.34688,0.44441,0.49284,0.43293,0.25678,0.57947,0.25271,0.55439,0.45429,0.37836,0.48524,0.15492,0.47329,0.4267,0.43058,-0.18279,0.10201,0.17062,0.67098,0.30302,0.26225,0.077547,0.19579,0.23656,0.82372,0.044576,0.43327,-0.16468,0.36325,0.2858,0.42711,0.5092,0.15752,0.13683,0.68203,0.69572,0.64644,0.63203,0.60764,0.029263,-0.011809,0.40636,-0.044184,0.56056,0.61974,-0.082808,0.49063,0.56064,0.54682,0.13182,-0.023766,0.6883,0.22651,0.43602,0.35004,0.061554,0.016006,0.54464,0.22355,0.016597,0.92015,-0.13284,-0.036976,0.80099,0.33277,0.17613,0.59659,-0.10411,0.66343,0.34188,0.66919,-0.084512,0.3694,0.15886,0.46706,-0.27565,0.52941,0.41059,0.77284,0.60564,0.60433
-0.0050737,0.028954,0.084626,0.3997,0.050046,0.3558,0.16024,-0.26573,0.20802,0.029233,0.34727,0.22051,0.25808,0.485,0.20433,0.074248,0.23773,0.36941,0.23163,0.31057,0.46214,0.42864,1,0.0068208,0.39269,0.029671,0.1254,0.14558,0.17071,-0.037745,NaN,0.38604,0.068703,0.35467,0.13013,0.099066,-0.19584,0.36976,0.17637,0.33778,0.34397,0.43353,-0.17427,0.26217,0.47762,0.29441,0.14517,0.11335,-0.053834,0.32208,-0.0076338,0.44451,0.0742,0.14032,-0.32258,0.20569,0.23378,0.26557,0.24124,0.23889,0.30671,-0.22731,0.24252,0.26091,0.24686,-0.17171,0.28658,0.477,-0.12772,0.42179,0.18499,0.23427,0.19701,0.17492,0.33455,0.24889,0.33458,0.4438,0.27086,0.086797,0.052222,0.27769,0.17092,0.47533,0.44032,0.17575,-0.34648,0.1815,0.29491,-0.1665,-0.11604,0.36724,0.072687,0.1209,0.24863,-0.011752,0.28448,0.056502,-0.30823,0.25989,0.10536,-0.13046,-0.063649,0.1288,-0.082749,0.12095,0.30137,0.35166,0.15265,0.39284,0.091607,0.10291,0.083126,0.39693,0.1108,-0.18559,0.095986,0.50698,0.058522,0.35714,0.14048,0.134,0.46364,0.00046244,0.3627,0.079059,0.088433,-0.022903,0.10158,0.10758,0.288,0.1423,-0.12645,0.30203,-0.0080675,0.32912,0.15115,0.1301,0.10869,0.090811,0.35173,0.039196,0.028812,0.42727,-0.14571,0.61302,-0.18875,0.476,0.34735,-0.13056,0.12203,-0.1787,0.041687,0.24234,0.19502,0.25829,0.41176,0.3697,-0.14039,-0.03285,0.18733,0.22635,0.30084,0.32997,-0.27783,0.16039,0.13591,0.14657,0.18419,0.064292,0.39178,0.019442,0.11469,0.24915,0.13089,-0.35341,0.1353,-0.070369,-0.2545,0.47131,-0.10942,0.27967,0.3006,0.39276,0.15723,0.22948,-0.31771,0.44506,0.035056,0.40347,-0.2096,0.28192,0.027286,0.061794,0.065561,0.062764,0.26707,0.42958,0.32067,0.04509
0.92091,0.30576,-0.3616,0.061182,-0.01703,0.11851,0.19465,0.3285,0.20006,0.28025,0.42192,0.17261,0.10003,0.074311,0.041947,-0.12679,-0.029414,0.1717,0.15073,0.26768,-0.2802,0.088074,0.0068208,1,0.025792,-0.016228,-0.11135,0.33022,0.34237,0.21798,NaN,0.151,0.31835,0.21452,-0.033333,0.065912,0.31398,0.22662,-0.055544,-0.08234,0.21021,-0.055599,-0.40984,0.10981,-0.042383,0.12829,0.25327,0.087744,0.3244,0.023942,0.20615,0.20847,-0.1222,0.25272,0.058339,-0.0041724,0.18869,0.22116,0.26943,0.0393,0.032473,0.57221,0.12179,0.076441,0.028053,0.72546,0.29928,-0.012104,-0.021383,0.027138,0.20981,0.13652,-0.23986,0.25438,0.058747,0.34977,0.38401,-0.052935,0.072135,0.31697,0.091906,0.20453,0.14136,0.17951,-0.067581,-0.14172,0.14797,0.17316,0.3499,-0.09572,0.10942,0.054663,0.0861,0.18289,0.16011,-0.14862,-0.018904,-0.24476,-0.1691,0.075127,0.19481,0.0010187,0.034232,-0.0068465,0.11097,0.13689,0.065408,0.2941,-0.20642,0.23944,-0.06295,-0.16086,0.19059,-0.11663,0.070742,0.0060576,-0.25692,0.40969,-0.012443,0.023488,0.15385,-0.008569,0.26717,0.30076,-0.16912,-0.30246,0.15966,0.22057,0.61863,0.21058,-0.0063361,-0.05824,0.088346,0.0062679,-0.016166,-0.15754,0.47049,-0.013831,0.11329,0.11405,0.06849,0.82654,0.36808,0.10465,0.20329,0.017547,0.60037,0.30923,0.016146,0.35296,0.21692,-0.22119,-0.19784,0.41892,0.32511,0.15417,-0.08319,-0.16961,0.13132,0.17525,0.15979,0.31455,0.11089,-0.14172,-0.15553,0.28829,0.34324,-0.18923,0.15658,0.12373,0.13461,-0.094442,-0.065727,-0.0088958,0.14033,0.29629,0.13097,0.056322,0.23765,0.084647,0.30735,0.17253,0.25944,-0.10724,0.37076,0.16872,-0.020355,0.084074,-0.026161,0.069208,0.63664,0.033227,-0.14456,0.25988,0.13661,0.19107,0.20841,-0.079713,0.10665,0.047034
