1,0.31317,0.15313,0.57247,0.68276,0.7248,-0.128,0.18594,0.54762,0.21603,0.5255,0.16648,0.51093,0.11489,0.53355,0.40359,0.41785,0.18029,0.24523,0.41704,0.15198,0.21254,0.37049,0.77874,0.34387,0.46143,0.071757,0.21372,0.72324,0.3693,NaN,-0.090015,0.23051,0.42163,0.38186,0.17156,0.47261,0.48779,0.6023,0.19377,0.26905,0.3878,0.49023,0.37007,0.46002,0.27237,0.48328,-0.016583,0.60389,0.57714,0.70896,0.35429,0.38921,0.20859,0.17652,-0.00021091,0.67947,0.41558,0.42464,0.37142,0.38609,0.76066,0.70086,0.32182,0.53294,0.73848,0.041845,0.11693,0.23489,0.28791,0.49298,0.59001,0.18519,0.38704,0.27785,0.25738,0.68305,0.43252,0.31733,0.16956,0.12916,0.26058,0.17688,0.40687,0.42408,0.065524,0.34995,0.64923,0.35167,0.23085,0.42439,0.033575,0.34776,0.23915,-0.30714,0.087086,0.34837,0.39643,0.51831,0.2027,0.27347,-0.027841,0.54342,-0.080098,-0.27933,0.26396,0.47325,0.56787,0.57275,-0.15145,0.37079,0.20866,-0.22819,0.3801,0.39701,0.19855,0.49261,0.26562,0.27734,0.073686,-0.22292,0.21227,0.36233,0.5242,0.1729,0.33251,0.42171,0.36046,0.35146,0.54038,0.60796,0.22634,0.20704,0.3062,0.41044,0.50722,0.66811,0.43185,0.21681,0.41674,0.013581,0.78285,0.30971,0.5544,0.28817,0.65222,0.3212,0.55744,0.4774,0.20861,0.26749,0.36383,0.10739,0.34465,0.23292,0.3309,0.0083213,0.39041,0.46858,0.20489,0.67714,0.20896,0.54202,-0.072767,0.31928,0.16061,0.71484,0.71283,0.43433,0.46046,0.29956,0.37245,0.09576,0.48701,0.26959,0.28005,0.39682,0.24998,0.55548,0.57043,0.5433,0.46459,0.22558,0.3986,0.39191,0.21854,0.37116,0.25106,0.28722,0.35824,0.70085,0.35079,0.50522,0.64983,0.39406,0.45729,0.21572,0.53818,0.3628,0.32603
0.31317,1,0.67198,0.6466,0.3585,0.48898,0.036057,0.58834,0.59223,0.68788,0.73325,-0.28677,0.77117,0.38197,0.75496,0.68494,0.60443,0.7059,0.59481,0.74634,-0.028824,0.38322,0.37137,0.59318,0.78567,0.75404,0.52953,0.55209,0.64706,0.6199,NaN,0.48377,0.23319,0.69739,0.50991,0.69535,0.026475,0.54083,0.56412,0.53304,0.68768,0.53374,0.72884,0.62378,0.69294,0.32875,0.63281,0.17055,0.42184,0.73708,0.4501,0.66808,0.27347,0.34504,0.28777,0.19452,0.37583,0.29831,0.73741,0.46926,0.48579,0.083466,0.47294,0.10904,0.72325,0.37447,0.44562,0.47881,0.13701,0.70228,0.74024,0.6851,0.58192,0.60216,0.72862,-0.11582,0.54123,0.66495,0.45951,0.53632,0.57132,0.62595,0.37375,0.64302,0.67884,0.50434,0.3715,0.488,0.79203,0.62998,0.3122,0.64301,0.76043,0.30455,0.15854,0.37829,0.22718,-0.062152,0.6404,0.76757,0.44972,0.45827,0.57391,0.073554,0.34501,0.54574,0.67952,0.67534,0.58188,0.32801,0.56463,0.013398,0.16655,0.57367,0.68499,0.57851,0.30229,0.63185,0.46644,0.55605,0.42385,0.24733,0.57529,0.68954,0.60155,0.57469,0.73087,0.64343,0.27283,0.79124,0.38941,0.58227,0.52449,0.70613,0.63406,0.56437,0.67136,0.5292,0.63547,0.46957,0.21129,0.5181,0.56628,0.29749,0.3946,0.51379,-0.12919,0.54616,0.38664,0.69657,0.2549,0.60225,0.41517,0.71507,0.67113,0.72448,-0.19802,0.7034,0.69383,0.54441,0.61438,0.61916,0.70389,0.46067,0.44918,0.60536,0.32257,0.24035,0.69666,0.51247,0.81612,0.57813,0.69021,0.32296,0.39458,0.48908,0.47731,-0.046527,0.39378,0.49086,0.51547,0.66727,0.62822,0.36123,0.53688,0.59573,0.80255,0.62805,0.47815,0.46584,0.48803,0.68149,0.59284,0.55211,0.49219,0.55019,0.63899,0.71272,0.6788,0.67394
0.15313,0.67198,1,0.57567,0.27017,0.25996,-0.15647,0.41522,0.51461,0.82036,0.75309,-0.41295,0.83654,0.573,0.63965,0.7381,0.41,0.73251,0.73777,0.74932,0.20927,0.53042,0.18733,0.41464,0.55701,0.7858,0.62734,0.62983,0.36758,0.69676,NaN,0.70518,0.34247,0.54887,0.49122,0.6769,-0.035933,0.59436,0.1222,0.53916,0.85459,0.49156,0.77924,0.58834,0.66402,0.30799,0.64872,0.14793,0.37868,0.42569,0.45508,0.55464,0.4676,0.29452,0.45471,0.036457,0.26442,0.070405,0.68541,0.59443,0.62898,0.048792,0.40744,0.27041,0.72255,0.42617,0.45077,0.5633,0.50669,0.66765,0.68081,0.54211,0.77669,0.76469,0.76184,0.050189,0.69767,0.67003,0.46803,0.80944,0.73893,0.71784,0.51213,0.59662,0.78069,0.64924,0.52501,0.37927,0.75361,0.74256,0.43619,0.50238,0.51103,0.54137,0.36525,0.43802,-0.18074,-0.1801,0.6853,0.66206,0.63351,0.50196,0.61149,0.46352,0.47955,0.72443,0.66214,0.73182,0.57533,0.54269,0.6424,0.15291,-0.039308,0.74188,0.79935,0.61153,0.26182,0.53305,0.49591,0.71204,0.26251,0.2999,0.44712,0.60809,0.74194,0.67239,0.50244,0.68996,0.23155,0.78441,0.38124,0.6651,0.34503,0.6556,0.77558,0.6795,0.35443,0.67738,0.77331,0.32135,0.55248,0.36204,0.61758,0.27261,0.51686,0.47681,-0.21487,0.75992,0.49345,0.60471,0.45132,0.47131,0.29375,0.75157,0.77722,0.74813,-0.16823,0.73841,0.69986,0.77243,0.59102,0.66763,0.49633,0.48328,0.51483,0.44489,0.26136,-0.09734,0.71984,0.36258,0.77148,0.67571,0.68141,0.56072,0.30237,0.52207,0.66258,0.059213,0.046235,0.55765,0.6024,0.58408,0.76896,0.13547,0.64187,0.7986,0.83839,0.60045,0.50457,0.51415,0.19944,0.71479,0.55144,0.42402,0.42332,0.54027,0.66883,0.73378,0.85029,0.70615
0.57247,0.6466,0.57567,1,0.46135,0.66559,0.13232,0.27334,0.48838,0.47249,0.73128,-0.35478,0.70848,0.37071,0.74766,0.60972,0.6187,0.66502,0.48238,0.55302,0.22886,0.66969,0.68317,0.66111,0.47206,0.58106,0.23217,0.45038,0.59268,0.64617,NaN,0.44,0.3404,0.62898,0.49561,0.55198,0.2596,0.37408,0.61966,0.31941,0.57062,0.40142,0.57554,0.61034,0.66786,0.36197,0.39911,-0.0097247,0.55804,0.62564,0.69812,0.58257,0.16666,-0.0078419,0.24107,0.15973,0.49528,0.39177,0.61011,0.74477,0.44644,0.41126,0.51937,0.21955,0.73502,0.61396,0.25448,0.59672,0.13516,0.60582,0.68616,0.6511,0.44625,0.64471,0.62071,-0.21995,0.65402,0.59588,0.30196,0.40331,0.30123,0.53786,0.39677,0.52694,0.63934,0.50656,0.51717,0.46867,0.64569,0.47453,0.29945,0.13735,0.48491,0.30818,-0.0034744,0.049405,0.25806,-0.088707,0.50855,0.48601,0.45758,0.47982,0.57256,0.12904,-0.040523,0.37882,0.60815,0.75093,0.5939,-0.036327,0.6766,0.1933,-0.075936,0.45054,0.53751,0.28314,0.66298,0.52606,0.35123,0.26302,0.27885,0.060911,0.47385,0.66688,0.46108,0.42578,0.47584,0.35793,0.33693,0.70653,0.52183,0.62512,0.34326,0.47262,0.51459,0.55449,0.67333,0.70998,0.48494,0.3927,0.21882,0.57218,0.48969,0.22269,0.36032,0.47941,0.0075292,0.60282,0.47605,0.3693,0.49085,0.51459,0.45758,0.69876,0.61389,0.60548,-0.070449,0.59404,0.50244,0.44215,0.67194,0.55256,0.60204,0.32796,0.35168,0.43357,0.38262,0.31486,0.67011,0.41602,0.70819,0.33281,0.32445,0.54007,0.50033,0.18007,0.76375,0.11989,0.45571,0.4999,0.52744,0.67969,0.67417,0.40477,0.5968,0.39729,0.56863,0.47521,0.42685,0.49353,0.71897,0.51145,0.33157,0.62153,0.49862,0.50648,0.52024,0.67891,0.6744,0.58449
0.68276,0.3585,0.27017,0.46135,1,0.59187,-0.072802,0.34685,0.62874,0.36177,0.56821,-0.1584,0.59777,0.32744,0.5776,0.68943,0.23102,0.33665,0.21317,0.5508,-0.20942,0.32761,0.58524,0.63702,0.45831,0.53262,-0.038253,0.48075,0.82455,0.53589,NaN,-0.14806,0.24633,0.44188,0.55587,0.34758,0.59532,0.51868,0.6131,0.20722,0.46273,0.57489,0.61511,0.4254,0.63505,0.3925,0.46223,-0.085652,0.67147,0.48287,0.62806,0.30788,0.26597,0.16668,0.4209,0.01045,0.69273,0.53402,0.48762,0.54228,0.52892,0.63532,0.6583,0.20846,0.61672,0.73404,0.25651,0.29795,0.037559,0.44532,0.60005,0.68128,0.37546,0.394,0.60405,0.16449,0.67994,0.57712,0.16273,0.30489,0.076964,0.43354,0.34169,0.60469,0.3727,0.19277,0.57722,0.60562,0.37296,0.48111,0.31668,0.29999,0.42617,0.58472,-0.17246,0.16726,0.16494,0.083326,0.3387,0.224,0.45732,-0.026147,0.40799,-0.17123,-0.22231,0.36648,0.62728,0.63493,0.72317,-0.27146,0.29926,0.22983,0.010187,0.33166,0.45374,0.43729,0.24192,0.45923,0.61772,0.42219,0.035755,0.31302,0.38891,0.67448,0.39754,0.41363,0.38453,0.55864,0.50406,0.5304,0.68142,0.14837,0.1488,0.3343,0.55286,0.6508,0.67011,0.31957,0.48966,0.30864,0.39491,0.70519,0.46349,0.61245,0.42137,0.6176,0.34641,0.48168,0.416,0.49805,0.11149,0.41807,0.34322,0.47906,0.46813,0.25724,-0.14149,0.4715,0.48868,0.47012,0.74611,0.42591,0.44623,0.027303,0.023435,0.026147,0.40959,0.54337,0.5408,0.47708,0.48744,0.30271,0.43238,0.57042,0.62168,0.20648,0.50997,-0.13529,0.72428,0.57183,0.69478,0.5806,0.35163,0.10535,0.55377,0.34095,0.52501,0.36704,0.58891,0.37039,0.59626,0.61522,0.60985,0.69258,0.55522,0.23795,0.22249,0.54343,0.50284,0.57378
0.7248,0.48898,0.25996,0.66559,0.59187,1,-0.20807,0.29239,0.61665,0.38056,0.54446,0.05245,0.56713,0.28897,0.66854,0.42172,0.472,0.49937,0.18434,0.35473,0.18004,0.41416,0.58691,0.70899,0.34997,0.49686,0.1435,0.15201,0.71078,0.41833,NaN,0.11028,0.41085,0.48878,0.57789,0.31788,0.6675,0.47623,0.66896,0.41887,0.41979,0.466,0.50733,0.3636,0.57268,0.49998,0.40414,0.051321,0.64241,0.53189,0.5745,0.47122,0.34094,0.25466,0.19816,0.30691,0.46732,0.46581,0.47763,0.61307,0.45478,0.6171,0.44952,0.21496,0.5461,0.72431,0.28587,0.28082,0.053436,0.5602,0.67275,0.68124,0.30199,0.52389,0.46679,0.13793,0.57393,0.4818,0.14676,0.33522,0.072194,0.34652,0.19258,0.49589,0.37572,0.28105,0.37965,0.46029,0.38893,0.29082,0.32743,0.14244,0.43591,0.12432,-0.30665,-0.17449,0.40864,-0.13805,0.45321,0.32922,0.35823,-0.0076321,0.37402,0.078379,-0.076996,0.4613,0.60239,0.56747,0.57041,-0.1219,0.46985,0.27654,-0.26952,0.3822,0.37817,0.052114,0.59188,0.24604,0.25415,0.25,-0.14753,0.035725,0.3612,0.64922,0.27839,0.28177,0.40159,0.4016,0.48519,0.5923,0.42927,0.31338,0.18358,0.42345,0.27889,0.58989,0.76774,0.54996,0.25945,0.29142,0.044847,0.69111,0.43948,0.2601,0.18794,0.41564,0.33318,0.41684,0.61343,0.40285,0.35931,0.5118,0.15816,0.47578,0.32497,0.41961,-0.040595,0.53828,0.35587,0.37625,0.61899,0.35389,0.63837,0.10113,0.22767,0.14308,0.37645,0.53191,0.58488,0.42892,0.45533,0.27886,0.19411,0.51596,0.29033,0.21243,0.46689,0.14859,0.5592,0.58054,0.37656,0.46118,0.47169,0.36141,0.51291,0.25649,0.44296,0.3598,0.397,0.27467,0.67051,0.35256,0.38631,0.6409,0.61202,0.57212,0.3742,0.65336,0.50772,0.3248
-0.128,0.036057,-0.15647,0.13232,-0.072802,-0.20807,1,0.049381,-0.12827,-0.28112,-0.011848,-0.022403,-0.17406,0.053349,-0.14407,-0.048311,-0.043888,-0.10107,-0.11902,-0.027554,-0.13002,0.12691,0.42943,-0.2054,0.052999,-0.28425,-0.11295,0.25854,-0.022344,0.18358,NaN,0.054606,-0.43859,0.19868,-0.13676,0.070286,-0.31231,-0.22115,0.28154,-0.174,-0.11696,0.074214,-0.21289,0.094887,-0.28666,-0.072766,-0.31516,0.13998,0.013851,0.063015,-0.060333,-0.14184,-0.59593,0.038448,0.10889,-0.20297,0.029185,0.051501,0.14806,-0.17584,-0.38789,-0.0099354,0.11082,-0.21436,-0.068257,-0.18182,0.08704,0.03732,0.066153,-0.23214,-0.18625,0.09032,-0.0059739,-0.23504,-0.084927,-0.7931,-0.10685,-0.086948,0.11075,-0.20084,-0.12767,-0.22781,-0.14943,-0.11555,-0.174,0.19763,-0.014611,-0.098502,-0.13881,0.0081506,-0.65054,0.077144,0.09448,0.041946,0.4472,-0.10895,0.11796,0.057408,-0.18064,-0.135,-0.14487,-0.18363,0.0039988,0.0061874,0.24148,-0.36768,-0.27115,-0.091735,0.05767,-0.30377,0.066881,0.10842,0.43873,-0.20245,-0.084167,0.024416,0.055443,0.058531,-0.14389,-0.052324,0.5683,-0.22149,-0.17021,-0.16674,-0.19763,-0.29613,0.063113,-0.18898,-0.39917,-0.1595,-0.00062947,0.23241,0.056251,-0.28167,0.11372,-0.13685,-0.055958,0.19627,-0.0018792,0.271,0.075376,-0.31057,-0.064583,0.04643,-0.27499,-0.025575,-0.019476,-0.16991,-0.13688,0.17787,-0.055163,-0.31773,0.40459,-0.063129,-0.019061,-0.015285,0.2061,-0.21056,0.023614,-0.2344,0.056718,-0.081697,-0.14786,0.099084,0.074249,-0.041734,-0.14361,-0.21155,-0.10036,0.16132,0.10881,-0.21194,-0.022429,0.098973,0.25811,-0.058366,-0.24313,-0.22725,0.067239,-0.48403,-0.10417,0.1134,0.046872,0.15911,-0.20827,-0.27694,-0.11426,-0.14678,-0.2477,0.26708,-0.084178,-0.12956,-0.016633,0.056224,-0.10626,-0.41305,-0.00097174,-0.23613,-0.094851,-0.025064
0.18594,0.58834,0.41522,0.27334,0.34685,0.29239,0.049381,1,0.57716,0.53732,0.70154,-0.19106,0.62731,0.23071,0.59472,0.43447,0.32424,0.59344,0.45735,0.69407,-0.072992,0.2035,0.16591,0.47097,0.57379,0.66249,0.34797,0.57648,0.48916,0.59321,NaN,0.40127,0.27001,0.47023,0.47579,0.43704,0.13168,0.44168,0.3785,0.50014,0.64187,0.38919,0.524,0.57612,0.37287,0.52799,0.68788,0.10423,0.2547,0.64936,0.13085,0.53305,0.18735,0.63707,0.48825,0.063172,0.50478,0.35945,0.76223,0.32525,0.34143,-0.02912,0.1985,0.29953,0.60908,0.42962,0.47546,0.31689,0.18462,0.38535,0.55678,0.60407,0.58659,0.47148,0.53815,0.10134,0.37739,0.62708,0.29143,0.64438,0.65673,0.59495,0.58965,0.49679,0.62288,0.39659,0.62658,0.44478,0.63577,0.55289,0.40101,0.73965,0.62579,0.64335,0.20055,0.22416,-0.088123,-0.17036,0.36985,0.58283,0.32321,0.052341,0.42146,0.33002,0.46338,0.2664,0.39903,0.6543,0.62614,0.19512,0.40848,0.22853,0.1217,0.59648,0.69191,0.50502,0.17779,0.52752,0.34381,0.48927,0.26492,0.19156,0.45092,0.39107,0.53048,0.7504,0.74169,0.50051,0.27191,0.70424,0.17043,0.59582,0.28611,0.50715,0.54577,0.66665,0.44063,0.35143,0.58253,0.25629,0.51972,0.47848,0.44565,0.41286,0.2429,0.19459,-0.26189,0.53998,0.20503,0.66005,0.14729,0.37459,0.38204,0.64382,0.58258,0.67639,-0.42619,0.54123,0.59295,0.47164,0.60556,0.50799,0.44643,0.58215,0.43342,0.42201,0.34339,0.25277,0.56265,0.43001,0.70884,0.64923,0.61318,0.45238,0.13918,0.5652,0.27487,-0.044666,0.35108,0.51958,0.55725,0.50679,0.59222,0.050351,0.56912,0.67323,0.70194,0.45059,0.36532,0.47941,0.37468,0.56351,0.67114,0.56081,0.59616,0.30013,0.76379,0.61378,0.65265,0.66075
0.54762,0.59223,0.51461,0.48838,0.62874,0.61665,-0.12827,0.57716,1,0.72628,0.7735,-0.092236,0.71278,0.4157,0.84205,0.75102,0.28444,0.60892,0.50348,0.82154,0.27647,0.36624,0.40901,0.70859,0.69393,0.69735,0.52581,0.62636,0.73139,0.81676,NaN,0.081977,0.37817,0.57589,0.81396,0.5375,0.26594,0.535,0.45933,0.38838,0.72755,0.74528,0.70688,0.66705,0.67919,0.7939,0.66042,0.38104,0.73216,0.66291,0.39648,0.77755,0.57862,0.32525,0.53219,-0.089834,0.47103,0.44672,0.71388,0.496,0.43049,0.19296,0.5241,0.45396,0.80533,0.52293,0.34484,0.29269,0.28576,0.61688,0.69031,0.7912,0.66186,0.67519,0.66085,0.059375,0.78185,0.85022,0.29384,0.57601,0.4895,0.62442,0.62291,0.79968,0.64301,0.54222,0.61177,0.35409,0.6085,0.70498,0.29015,0.60978,0.72237,0.55884,0.18213,0.22797,0.16509,-0.078014,0.73948,0.6633,0.52756,0.13758,0.68193,0.28534,0.29874,0.5071,0.71207,0.72055,0.76317,0.081042,0.53666,0.076555,0.23181,0.55185,0.60009,0.52173,0.18165,0.62464,0.51194,0.53709,0.24822,0.45938,0.75225,0.62057,0.6513,0.65042,0.60754,0.68809,0.48129,0.76589,0.65091,0.50814,0.52119,0.59719,0.65082,0.80662,0.67463,0.57153,0.73961,0.39617,0.43452,0.67757,0.5325,0.591,0.44374,0.65788,-0.02811,0.66864,0.64706,0.75792,0.24414,0.55636,0.49661,0.78792,0.76845,0.56637,0.045762,0.67658,0.6859,0.72875,0.81691,0.69626,0.56235,0.25194,0.51665,0.36276,0.53245,0.37224,0.62001,0.7371,0.73375,0.58952,0.63714,0.47871,0.43275,0.63324,0.54133,0.166,0.5112,0.61084,0.68604,0.57173,0.5803,0.26496,0.70011,0.60157,0.82894,0.67812,0.50375,0.45848,0.41991,0.73124,0.74491,0.76012,0.46993,0.49289,0.67782,0.73041,0.69088,0.62969
0.21603,0.68788,0.82036,0.47249,0.36177,0.38056,-0.28112,0.53732,0.72628,1,0.79991,-0.29815,0.80754,0.53562,0.74265,0.75717,0.40843,0.69364,0.69409,0.85431,0.23568,0.2833,0.18206,0.435,0.66409,0.77469,0.5204,0.6073,0.44891,0.72816,NaN,0.4142,0.46778,0.64439,0.6964,0.62797,0.0026366,0.66049,0.14408,0.57958,0.8283,0.71229,0.78996,0.6356,0.73251,0.55905,0.77139,0.46836,0.44536,0.60182,0.24457,0.75395,0.7267,0.32594,0.56833,0.096301,0.25433,0.21154,0.71853,0.61504,0.56484,-0.033947,0.27886,0.25313,0.75335,0.4073,0.54054,0.36622,0.37303,0.69077,0.76075,0.60658,0.71004,0.81597,0.72083,0.083871,0.70274,0.75863,0.3939,0.69576,0.73062,0.85965,0.59522,0.64583,0.74422,0.56193,0.60777,0.22358,0.8227,0.69753,0.42442,0.69376,0.64717,0.53928,0.21636,0.44075,-0.16768,-0.1255,0.75509,0.80366,0.69183,0.43209,0.64299,0.30699,0.43891,0.66683,0.65843,0.74923,0.68064,0.28609,0.45527,0.22876,0.16869,0.77434,0.68632,0.58564,0.2149,0.70737,0.52215,0.68256,0.1214,0.38712,0.56266,0.56471,0.72777,0.78384,0.64252,0.76125,0.39556,0.76349,0.48477,0.63951,0.29615,0.79629,0.72583,0.72909,0.37451,0.52875,0.71763,0.43658,0.61323,0.41462,0.50728,0.33838,0.57047,0.51013,-0.37335,0.71944,0.69394,0.67167,0.45378,0.57975,0.36487,0.81636,0.8016,0.61911,-0.18489,0.66277,0.69045,0.79861,0.64872,0.79635,0.40097,0.42104,0.48128,0.33734,0.3369,0.044883,0.72075,0.53627,0.75181,0.66207,0.71779,0.54415,0.12849,0.46741,0.58059,0.081222,0.074351,0.55551,0.54214,0.52637,0.66362,0.25827,0.62401,0.77941,0.8554,0.71298,0.43579,0.34926,0.16801,0.67085,0.70323,0.44577,0.50872,0.64412,0.75111,0.7811,0.81842,0.71376
0.5255,0.73325,0.75309,0.73128,0.56821,0.54446,-0.011848,0.70154,0.7735,0.79991,1,-0.41032,0.89859,0.5201,0.90465,0.80898,0.55735,0.73196,0.72777,0.88593,0.20278,0.46343,0.40696,0.7131,0.75741,0.85882,0.4144,0.7712,0.72296,0.8726,NaN,0.47206,0.46576,0.75482,0.72556,0.74188,0.21209,0.59346,0.46887,0.54069,0.82922,0.66176,0.80985,0.74066,0.77725,0.56138,0.79285,0.19006,0.57339,0.73263,0.46773,0.78456,0.47486,0.36043,0.50038,0.0095889,0.6813,0.4179,0.9309,0.6544,0.5715,0.24109,0.57838,0.44699,0.87312,0.62653,0.499,0.522,0.40015,0.70771,0.86275,0.83711,0.744,0.77986,0.79494,0.035981,0.82307,0.87218,0.57715,0.70243,0.67789,0.8359,0.70536,0.70952,0.85633,0.61727,0.69855,0.49101,0.89074,0.76057,0.52119,0.629,0.76875,0.65189,0.21056,0.34113,0.03551,0.060261,0.70604,0.7563,0.67619,0.33526,0.74073,0.26938,0.26858,0.54783,0.71056,0.93794,0.83841,0.16522,0.59051,0.21828,0.047664,0.72803,0.86231,0.63199,0.43685,0.78931,0.63885,0.61926,0.24778,0.41707,0.67574,0.65872,0.6982,0.81668,0.76207,0.68974,0.31975,0.93464,0.64482,0.75259,0.45224,0.6305,0.77331,0.86129,0.65428,0.69384,0.7629,0.45674,0.57913,0.62771,0.67382,0.45249,0.59602,0.64635,-0.17556,0.89161,0.62564,0.73259,0.5095,0.62278,0.55226,0.91705,0.83687,0.79726,-0.28363,0.80181,0.82363,0.66582,0.88322,0.74724,0.6344,0.48563,0.63903,0.50777,0.61159,0.35758,0.85887,0.68208,0.89979,0.71295,0.67989,0.66435,0.33205,0.52709,0.73286,0.079028,0.40173,0.66076,0.75308,0.76036,0.72282,0.31726,0.82254,0.74604,0.90295,0.74636,0.48431,0.61826,0.56758,0.78242,0.80226,0.65657,0.61972,0.62145,0.84629,0.83402,0.88587,0.81109
0.16648,-0.28677,-0.41295,-0.35478,-0.1584,0.05245,-0.022403,-0.19106,-0.092236,-0.29815,-0.41032,1,-0.29354,-0.21377,-0.39657,-0.44155,-0.42169,-0.43606,-0.56336,-0.33079,0.05077,-0.55218,-0.2275,-0.10162,-0.41814,-0.34522,-0.016911,-0.5417,-0.27792,-0.35361,NaN,-0.37469,-0.15415,-0.2748,-0.20925,-0.70552,0.082805,0.021558,-0.083124,0.0075784,-0.31919,0.020526,-0.21487,-0.42004,-0.40495,-0.0083425,-0.084767,0.3788,0.084145,-0.014812,-0.11148,-0.26373,0.04152,0.23298,0.1397,0.16121,-0.23933,-0.034877,-0.37094,-0.29767,-0.12733,0.23276,-0.11392,-0.44309,-0.35908,-0.055678,-0.055095,-0.69515,0.049518,-0.32121,-0.30943,-0.22574,-0.21892,-0.2698,-0.52833,0.1336,-0.09168,-0.40575,-0.085673,-0.38821,-0.094734,-0.42856,-0.39349,-0.50485,-0.34407,-0.44733,-0.26579,0.012279,-0.41658,-0.4045,-0.27664,-0.1056,-0.17243,-0.23348,-0.22817,-0.17279,0.015637,-0.026701,0.04515,-0.32171,-0.28823,-0.37409,-0.0040986,0.048941,0.13601,-0.13535,-0.22319,-0.33922,-0.29312,-0.041878,-0.023507,-0.033678,0.11429,0.017266,-0.34899,-0.36702,-0.27821,-0.54591,-0.66404,-0.25123,-0.43975,-0.24332,-0.31647,-0.43603,-0.25701,-0.40419,-0.032043,-0.033331,-0.097258,-0.29702,-0.15057,-0.15227,-0.035675,-0.13993,-0.24291,-0.25052,-0.28555,-0.024551,-0.41703,0.29344,-0.26202,-0.090527,-0.30133,0.16018,-0.69502,0.0065461,0.15616,-0.31654,0.082712,-0.21405,-0.25248,-0.34075,-0.51252,-0.52067,-0.58427,-0.2341,0.505,-0.4299,-0.1121,-0.24258,-0.14014,-0.48171,-0.07269,-0.36407,-0.19557,-0.13613,-0.15071,0.15046,-0.39633,0.009525,-0.48463,-0.10996,-0.34537,-0.095275,-0.35727,0.068165,-0.52826,0.051382,-0.22649,-0.062179,-0.41193,-0.53701,-0.35171,0.29908,-0.62475,-0.23496,-0.38473,-0.38991,-0.347,-0.29162,-0.34446,-0.37734,-0.030718,-0.035617,-0.24741,-0.024799,-0.38492,-0.089238,-0.38314,-0.45124
0.51093,0.77117,0.83654,0.70848,0.59777,0.56713,-0.17406,0.62731,0.71278,0.80754,0.89859,-0.29354,1,0.51813,0.8342,0.85733,0.48007,0.81369,0.64245,0.83462,0.12818,0.50576,0.37454,0.67271,0.62255,0.94384,0.50118,0.69947,0.65773,0.75397,NaN,0.53061,0.52181,0.63008,0.70845,0.65188,0.27711,0.65975,0.45112,0.62411,0.88667,0.67388,0.93479,0.65533,0.83929,0.51564,0.84198,0.14943,0.51716,0.6995,0.62296,0.68383,0.51815,0.40262,0.57142,0.016172,0.60154,0.37401,0.83094,0.76966,0.69883,0.34905,0.61406,0.32979,0.84546,0.66709,0.57058,0.58815,0.42295,0.76256,0.88143,0.77311,0.80911,0.84595,0.85587,0.22402,0.83288,0.77993,0.52502,0.74441,0.74075,0.86398,0.6045,0.69033,0.86866,0.57035,0.72785,0.58349,0.88841,0.77711,0.59307,0.59135,0.72746,0.66782,0.18673,0.37795,0.024166,-0.10206,0.70615,0.71447,0.70319,0.43517,0.64325,0.27491,0.32031,0.70962,0.818,0.92771,0.79704,0.2545,0.74696,0.21795,-0.016563,0.82712,0.87256,0.61623,0.42332,0.68824,0.57606,0.66267,0.1305,0.23282,0.58978,0.73078,0.79934,0.80358,0.68144,0.76757,0.41168,0.92063,0.55491,0.69847,0.42085,0.69832,0.84308,0.84885,0.63196,0.69396,0.81315,0.47376,0.58458,0.63625,0.62947,0.4334,0.54576,0.61366,-0.14082,0.81972,0.56971,0.70906,0.49291,0.60399,0.31564,0.8433,0.79056,0.82081,-0.30716,0.82771,0.80083,0.79033,0.82422,0.7523,0.62871,0.52441,0.52158,0.50935,0.44346,0.25499,0.81852,0.49558,0.86403,0.74494,0.72422,0.70568,0.3897,0.58961,0.75565,0.01624,0.35042,0.80249,0.78039,0.66887,0.82314,0.20035,0.78114,0.79346,0.90625,0.67185,0.64987,0.64082,0.56954,0.81535,0.71634,0.66033,0.6114,0.67081,0.70662,0.92625,0.94667,0.85389
0.11489,0.38197,0.573,0.37071,0.32744,0.28897,0.053349,0.23071,0.4157,0.53562,0.5201,-0.21377,0.51813,1,0.4755,0.64653,0.36783,0.35157,0.38612,0.4127,0.078288,0.25985,0.19867,0.2366,0.20428,0.46383,0.44723,0.46209,0.32303,0.47132,NaN,0.23766,0.32012,0.38752,0.46986,0.5554,0.10534,0.3595,0.047316,0.54379,0.55647,0.46771,0.59631,0.16458,0.41591,0.30052,0.31926,0.39276,0.36738,0.14245,0.16259,0.39602,0.40503,0.05138,0.3901,0.072795,0.25653,0.49325,0.57416,0.533,0.35899,0.10596,0.21096,-0.046626,0.41316,0.29623,0.26954,0.2448,0.42938,0.466,0.57261,0.43777,0.45364,0.58158,0.49411,-0.1126,0.50395,0.30049,0.43641,0.40492,0.22167,0.4507,0.33331,0.35896,0.40887,0.72772,0.1776,-0.027756,0.46439,0.6504,0.046971,0.44464,0.4237,0.35604,0.51341,0.076588,-0.073803,-0.095229,0.28415,0.44862,0.86469,0.019784,0.21957,0.33887,0.45631,0.6957,0.41693,0.43781,0.50484,0.015014,0.43257,0.036744,0.21818,0.24724,0.59484,0.6165,0.11362,0.45143,0.38959,0.84517,0.30858,0.35662,0.41574,0.31709,0.5389,0.3402,0.31087,0.61258,0.14333,0.3762,0.28143,0.30456,0.23519,0.18865,0.557,0.49899,0.35708,0.52657,0.52496,0.32462,0.41652,0.083881,0.82055,0.01156,0.25311,0.37536,0.15676,0.57402,0.69905,0.50371,0.63264,0.34312,0.3389,0.49428,0.44715,0.52626,-0.17341,0.42657,0.41685,0.57942,0.54271,0.22004,0.36795,0.20904,0.37067,0.1967,0.11371,0.019674,0.61245,0.25218,0.53519,0.23035,0.57577,0.43585,0.2431,0.1493,0.50078,-0.18671,0.050033,0.29175,0.38077,0.49341,0.48935,-0.044728,0.43897,0.41394,0.50006,0.58801,0.43014,0.068686,0.098178,0.50723,0.42112,0.38369,0.16289,0.44008,0.4823,0.58844,0.55388,0.28988
0.53355,0.75496,0.63965,0.74766,0.5776,0.66854,-0.14407,0.59472,0.84205,0.74265,0.90465,-0.39657,0.8342,0.4755,1,0.815,0.51922,0.77754,0.61584,0.80031,0.25376,0.48053,0.46514,0.79827,0.71507,0.83633,0.44585,0.65932,0.77141,0.81468,NaN,0.30093,0.60152,0.70328,0.85011,0.76676,0.29841,0.46828,0.54465,0.44562,0.75453,0.64872,0.78027,0.68215,0.85822,0.66635,0.69245,0.18595,0.57927,0.67272,0.46614,0.89857,0.45048,0.22456,0.40322,0.04828,0.57054,0.49347,0.81563,0.71199,0.48812,0.16579,0.54659,0.49719,0.86328,0.55116,0.44096,0.54029,0.23734,0.82558,0.89092,0.8413,0.71324,0.80198,0.82426,0.071192,0.74542,0.89122,0.48635,0.58433,0.51825,0.78086,0.7436,0.75607,0.78544,0.61236,0.59733,0.40643,0.83423,0.74204,0.50958,0.57707,0.81586,0.4987,0.11243,0.22043,0.25564,-0.067508,0.67101,0.81671,0.6168,0.40238,0.62307,0.17102,0.13123,0.56006,0.81505,0.87019,0.7782,0.095327,0.58648,0.033043,0.12005,0.56055,0.72047,0.50798,0.44367,0.78631,0.6515,0.55172,0.26403,0.43521,0.832,0.72003,0.68604,0.74184,0.66702,0.65152,0.423,0.88053,0.63973,0.61534,0.57966,0.62434,0.62297,0.84298,0.80582,0.59487,0.73352,0.30056,0.39847,0.67507,0.67478,0.31977,0.60437,0.63998,-0.095584,0.77268,0.62688,0.70977,0.50857,0.74538,0.59128,0.94078,0.84113,0.751,-0.22136,0.85909,0.68394,0.689,0.79839,0.75813,0.69242,0.41125,0.59201,0.56437,0.5481,0.43862,0.81856,0.66857,0.88911,0.56082,0.67817,0.49399,0.43593,0.50225,0.7854,0.10397,0.5644,0.70247,0.71556,0.7335,0.6971,0.25246,0.84012,0.60322,0.85057,0.80371,0.5915,0.54299,0.67496,0.77143,0.68165,0.67811,0.579,0.71725,0.76751,0.84043,0.80611,0.75695
0.40359,0.68494,0.7381,0.60972,0.68943,0.42172,-0.048311,0.43447,0.75102,0.75717,0.80898,-0.44155,0.85733,0.64653,0.815,1,0.37905,0.70763,0.57835,0.79927,0.11105,0.51213,0.46153,0.53126,0.64321,0.80374,0.47163,0.80308,0.67474,0.78216,NaN,0.27816,0.44713,0.56144,0.76562,0.74478,0.21826,0.46153,0.36528,0.43648,0.80983,0.74577,0.88771,0.62514,0.86791,0.53624,0.66416,0.20902,0.55374,0.52513,0.51145,0.66247,0.48391,0.12535,0.48855,-0.2143,0.52381,0.39729,0.75515,0.68203,0.57689,0.22316,0.64081,0.33244,0.76449,0.43897,0.43351,0.59081,0.36475,0.72722,0.78064,0.73596,0.73153,0.75794,0.87605,0.042297,0.7802,0.75296,0.50274,0.57583,0.52583,0.80922,0.61333,0.77816,0.71998,0.66477,0.62239,0.33141,0.78434,0.85984,0.38861,0.58227,0.74982,0.64462,0.37205,0.45508,0.038243,-0.003821,0.57577,0.66615,0.80149,0.37408,0.51493,0.094645,0.24361,0.69996,0.77504,0.78933,0.75337,0.080362,0.61107,-0.00044873,0.2442,0.54132,0.7305,0.74336,0.25396,0.83251,0.77286,0.71634,0.36682,0.45679,0.72334,0.69382,0.81815,0.68602,0.47496,0.74434,0.40142,0.74693,0.65441,0.47074,0.49831,0.51759,0.82302,0.7594,0.61508,0.54475,0.87642,0.41804,0.57169,0.46803,0.66643,0.40427,0.68002,0.66547,-0.079666,0.72159,0.57357,0.76071,0.4537,0.5872,0.52271,0.81984,0.83274,0.6297,-0.22935,0.74812,0.68414,0.81154,0.7879,0.74577,0.50054,0.43664,0.43345,0.44077,0.36497,0.20143,0.7113,0.50983,0.8228,0.52536,0.80505,0.54335,0.56939,0.48735,0.78236,-0.13834,0.38968,0.59984,0.79332,0.66019,0.67555,0.042454,0.78273,0.61119,0.85457,0.73032,0.70338,0.54912,0.47384,0.83448,0.66198,0.58832,0.37001,0.50064,0.60363,0.75359,0.81069,0.79699
0.41785,0.60443,0.41,0.6187,0.23102,0.472,-0.043888,0.32424,0.28444,0.40843,0.55735,-0.42169,0.48007,0.36783,0.51922,0.37905,1,0.37007,0.66803,0.46833,0.1506,0.37834,0.27557,0.49246,0.4969,0.47744,0.32771,0.30365,0.55826,0.30699,NaN,0.32299,0.022588,0.57268,0.12732,0.53019,-0.013819,0.44607,0.41529,0.38427,0.32261,0.056687,0.359,0.51543,0.3696,0.0067088,0.34559,-0.078797,0.1952,0.51198,0.40076,0.42629,0.31304,0.13461,-0.099015,0.25181,0.36982,0.30514,0.55984,0.34291,0.27708,0.11673,0.17108,0.22863,0.51678,0.47888,-0.095249,0.35697,0.081342,0.26015,0.4693,0.44214,0.085967,0.5189,0.33311,-0.11844,0.30109,0.34352,0.17103,0.44517,0.17884,0.34009,0.18026,0.52276,0.59033,0.52377,0.14108,0.32667,0.54251,0.24444,0.32342,0.19014,0.25084,0.015478,-0.014646,0.20436,0.1207,0.28727,0.33789,0.49569,0.35236,0.15803,0.34769,-0.055043,-0.011503,0.32102,0.23733,0.47654,0.45517,0.046142,0.32704,0.27512,-0.18941,0.28107,0.47582,0.46913,0.6458,0.44636,0.30025,0.27282,0.22374,0.22019,0.37003,0.59202,0.20469,0.49187,0.42306,0.21589,0.39154,0.49982,0.071434,0.22343,-0.050658,0.49323,0.3897,0.37045,0.60248,0.27215,0.20779,0.27071,-0.023109,0.49241,0.53267,0.10791,0.47021,0.14883,0.00064203,0.52977,0.3224,0.18248,0.46258,0.61145,0.31971,0.48987,0.43136,0.43996,-0.43443,0.39152,0.273,0.17345,0.42105,0.22131,0.44951,0.28021,0.42963,0.23501,0.55163,0.2573,0.61379,0.10674,0.50299,0.3591,0.22583,0.31262,0.075662,-0.027792,0.40701,0.094557,0.30054,0.26413,0.35078,0.72939,0.39924,0.11629,0.44238,0.34745,0.453,0.36097,0.22034,0.087869,0.59527,0.30035,0.25694,0.42348,0.41864,0.39918,0.55715,0.46562,0.41029,0.3226
0.18029,0.7059,0.73251,0.66502,0.33665,0.49937,-0.10107,0.59344,0.60892,0.69364,0.73196,-0.43606,0.81369,0.35157,0.77754,0.70763,0.37007,1,0.49459,0.64249,0.27617,0.71522,0.48826,0.47392,0.49112,0.77392,0.50303,0.58869,0.42962,0.72712,NaN,0.64352,0.58525,0.47811,0.68676,0.61959,0.26371,0.36668,0.40821,0.4781,0.87081,0.48403,0.72972,0.74073,0.76386,0.67264,0.64493,0.044292,0.40768,0.58445,0.47592,0.65334,0.23839,0.30717,0.41835,-0.023955,0.2587,0.16937,0.70408,0.73448,0.59244,0.055639,0.38356,0.45175,0.72508,0.3969,0.54602,0.79405,0.31094,0.72766,0.7137,0.68585,0.75543,0.76084,0.86418,0.02514,0.52498,0.71939,0.31193,0.69124,0.65044,0.77516,0.67181,0.65104,0.69702,0.61272,0.72599,0.34202,0.73938,0.7207,0.48344,0.45305,0.64875,0.56378,0.23768,0.2988,0.0080693,-0.40446,0.46523,0.64169,0.49467,0.52767,0.39826,0.3226,0.3677,0.62506,0.70997,0.77593,0.57841,0.2933,0.7365,0.11449,0.024245,0.65067,0.6647,0.41043,0.48117,0.63872,0.49622,0.51243,0.31913,0.10459,0.59639,0.62127,0.76401,0.67409,0.46879,0.55033,0.43648,0.80447,0.27646,0.65702,0.43295,0.63258,0.61577,0.7015,0.54755,0.6145,0.80131,0.20862,0.4304,0.42093,0.49275,0.24262,0.49933,0.25221,-0.24708,0.5787,0.36817,0.69248,0.43111,0.5142,0.43546,0.82909,0.7839,0.77674,-0.22125,0.7924,0.50408,0.79706,0.60664,0.79374,0.5485,0.72252,0.40524,0.5177,0.17492,0.02045,0.66756,0.30395,0.84566,0.4959,0.69916,0.53209,0.37076,0.58218,0.73603,-0.033504,0.28541,0.67058,0.62199,0.48642,0.889,-0.011402,0.77055,0.65189,0.789,0.56031,0.69304,0.64572,0.47762,0.5883,0.41915,0.49684,0.51543,0.52489,0.74953,0.74576,0.86157,0.82743
0.24523,0.59481,0.73777,0.48238,0.21317,0.18434,-0.11902,0.45735,0.50348,0.69409,0.72777,-0.56336,0.64245,0.38612,0.61584,0.57835,0.66803,0.49459,1,0.76775,0.25976,0.43306,0.028651,0.47703,0.73524,0.73371,0.57786,0.71307,0.50646,0.64161,NaN,0.42157,0.10533,0.64444,0.3835,0.75348,-0.30137,0.57136,0.18603,0.50902,0.60665,0.30555,0.53423,0.64222,0.51636,0.11577,0.59626,0.10208,0.18443,0.47091,0.34495,0.55212,0.52433,0.29355,0.26909,-0.048953,0.43322,0.27753,0.73141,0.3434,0.29912,-0.086975,0.33543,0.51324,0.70362,0.41773,0.12669,0.48511,0.36452,0.49308,0.55611,0.54272,0.49984,0.6028,0.57964,0.057754,0.59537,0.68826,0.30356,0.76599,0.57025,0.59198,0.4536,0.72525,0.75853,0.60583,0.32105,0.29013,0.66076,0.51304,0.43373,0.42841,0.34552,0.31171,0.3206,0.31567,-0.15055,0.22262,0.67594,0.71555,0.43516,0.42618,0.57507,0.28865,0.2797,0.34181,0.5025,0.66203,0.6304,0.28029,0.3641,0.29012,-0.088104,0.52398,0.71836,0.68892,0.33631,0.55148,0.43556,0.4815,0.26976,0.31739,0.44107,0.55192,0.43588,0.69639,0.5466,0.40295,0.10439,0.68264,0.38268,0.45791,0.15681,0.65023,0.66037,0.59051,0.44836,0.46147,0.59165,0.27835,0.332,0.46063,0.50628,0.2582,0.5964,0.41712,-0.19479,0.78141,0.37592,0.45316,0.35299,0.55154,0.30363,0.72625,0.7764,0.5779,-0.26941,0.67635,0.65105,0.4366,0.54683,0.62481,0.34556,0.22773,0.71025,0.27201,0.6577,-0.078694,0.70407,0.36368,0.70099,0.75458,0.44181,0.39195,0.18266,0.35999,0.4898,0.4345,0.17085,0.41856,0.56025,0.76858,0.55693,0.15422,0.6698,0.74651,0.77624,0.69716,0.26297,0.42296,0.36006,0.65029,0.49823,0.36671,0.42685,0.41541,0.64849,0.54865,0.67267,0.60763
0.41704,0.74634,0.74932,0.55302,0.5508,0.35473,-0.027554,0.69407,0.82154,0.85431,0.88593,-0.33079,0.83462,0.4127,0.80031,0.79927,0.46833,0.64249,0.76775,1,0.099487,0.35848,0.31264,0.6482,0.82742,0.81476,0.5192,0.77599,0.68359,0.8462,NaN,0.33934,0.25423,0.741,0.64473,0.67539,-0.053894,0.69117,0.41413,0.42223,0.8007,0.67362,0.77629,0.79167,0.67731,0.52733,0.76784,0.30268,0.52879,0.7559,0.42949,0.76066,0.53173,0.40966,0.59275,-0.026154,0.50004,0.32795,0.82311,0.50905,0.47192,0.06479,0.49554,0.37743,0.90721,0.54503,0.42593,0.39968,0.3412,0.58795,0.7266,0.73643,0.73059,0.73978,0.73292,-0.02439,0.77311,0.88741,0.40006,0.7167,0.71466,0.76294,0.6476,0.78341,0.8283,0.57287,0.68807,0.49852,0.80999,0.75015,0.37558,0.73832,0.70363,0.68654,0.24771,0.47067,-0.014585,0.033017,0.78515,0.79111,0.5391,0.35473,0.79036,0.2599,0.35402,0.46875,0.66268,0.83452,0.83077,0.22705,0.51231,0.23984,0.24363,0.73217,0.76628,0.70515,0.23575,0.75221,0.58365,0.61697,0.34073,0.44009,0.64445,0.69059,0.67228,0.845,0.77603,0.73505,0.39456,0.84592,0.59292,0.67741,0.38572,0.77246,0.85646,0.80857,0.56872,0.53726,0.79434,0.4642,0.61027,0.64629,0.53353,0.60023,0.59111,0.6409,-0.2761,0.78891,0.51504,0.72595,0.29175,0.57464,0.55096,0.8693,0.89488,0.66942,-0.18621,0.69115,0.81258,0.71986,0.79037,0.78432,0.48915,0.40046,0.57146,0.40776,0.55663,0.21778,0.73101,0.66671,0.85866,0.74614,0.74293,0.57708,0.39882,0.57917,0.5479,0.10433,0.40596,0.56803,0.75893,0.75436,0.67869,0.27215,0.67561,0.7749,0.92883,0.67714,0.47039,0.55066,0.38786,0.80385,0.82341,0.70217,0.5819,0.47958,0.76644,0.76212,0.80861,0.81958
0.15198,-0.028824,0.20927,0.22886,-0.20942,0.18004,-0.13002,-0.072992,0.27647,0.23568,0.20278,0.05077,0.12818,0.078288,0.25376,0.11105,0.1506,0.27617,0.25976,0.099487,1,0.21308,0.066336,0.043545,0.049244,0.11961,0.50511,0.14307,-0.083276,0.30188,NaN,0.067114,0.22633,0.093826,0.30059,0.045214,-0.052864,-0.10104,-0.18301,0.24149,0.18,0.17562,0.022026,0.28225,0.21309,0.3465,0.20188,0.31771,0.13883,0.091987,-0.017727,0.3619,0.391,0.053357,0.064802,-0.25312,-0.090816,-0.065658,0.17334,0.1406,0.023423,-0.18631,-0.016699,0.45781,0.068278,-0.058994,-0.12065,0.074305,0.36788,0.17059,0.042604,0.19668,0.23572,0.41202,0.047282,0.025826,0.23998,0.20309,0.10345,0.26025,0.30341,0.20105,0.33176,0.17344,0.36659,0.40365,0.090352,-0.29374,0.14753,-0.014147,0.17475,-0.054797,0.0919,-0.1039,0.24147,0.14844,-0.30435,0.054969,0.38543,0.2788,0.13537,0.15181,0.24884,0.20432,0.18476,0.1237,0.091338,0.19686,-0.0012315,0.072094,0.41762,-0.040067,0.03008,0.25732,0.00066595,0.047698,0.35686,0.18512,-0.15454,-0.12079,-0.079335,0.13734,0.3462,-0.11735,0.28168,0.17585,-0.10175,-0.10627,0.12016,0.20733,0.04608,0.13897,0.16763,0.18776,0.048047,0.23352,-0.038977,0.31842,0.1164,0.26569,0.022842,-0.051772,0.087926,0.01956,0.12858,0.024883,-0.34868,0.29412,0.38548,0.1107,0.36062,0.33879,0.018798,0.26655,0.23776,0.15286,0.2433,0.2138,0.029985,0.16027,0.17818,0.21089,0.0030942,0.17669,0.49265,0.24551,0.32206,-0.13905,0.1214,0.1392,0.133,0.27155,-0.11317,0.14075,-0.32557,0.2092,0.31046,0.35023,-0.29376,0.1608,-0.057965,-0.06735,0.18434,0.088699,0.22679,0.18938,0.15883,0.23283,-0.1565,0.12267,0.044273,-0.021379,-0.0024735,-0.079407,-0.18238,0.29448,0.33891,0.20093,0.16959,0.076382
0.21254,0.38322,0.53042,0.66969,0.32761,0.41416,0.12691,0.2035,0.36624,0.2833,0.46343,-0.55218,0.50576,0.25985,0.48053,0.51213,0.37834,0.71522,0.43306,0.35848,0.21308,1,0.59668,0.3305,0.29639,0.44346,0.32009,0.48598,0.37186,0.55148,NaN,0.56154,0.16644,0.24469,0.32705,0.5232,0.22489,0.17386,0.3896,0.16902,0.59866,0.12522,0.41832,0.63947,0.45241,0.35463,0.19909,-0.32602,0.38463,0.26644,0.65717,0.20488,-0.022652,-0.00066352,0.071488,-0.22884,0.24065,0.095936,0.45577,0.51056,0.38467,0.26119,0.42838,0.48886,0.55191,0.40179,0.080715,0.8798,0.23941,0.36998,0.34432,0.47254,0.36931,0.42263,0.62161,-0.17882,0.39538,0.45023,-0.0085864,0.55958,0.18446,0.33391,0.28351,0.65687,0.38108,0.56072,0.51386,0.29978,0.30651,0.52652,0.22727,-0.094102,0.18337,0.34874,0.2723,0.026301,0.074499,-0.28064,0.18763,0.1617,0.29218,0.30677,0.18292,0.36025,0.13435,0.39331,0.4433,0.49121,0.4242,0.13554,0.60135,0.18886,-0.28346,0.21786,0.45665,0.28713,0.53416,0.30554,0.39723,0.25613,0.4569,-0.046364,0.29612,0.61861,0.41764,0.29533,0.052765,0.16751,0.29225,0.50848,0.20148,0.35694,0.16643,0.25129,0.4591,0.40298,0.50456,0.57555,0.61799,-0.0212,0.15305,0.3599,0.34959,0.19686,0.40815,0.091314,0.1522,0.40314,0.11419,0.36805,0.25531,0.17318,0.36091,0.52824,0.58441,0.47372,-0.068605,0.54542,0.22913,0.52655,0.44342,0.52102,0.38226,0.44239,0.22029,0.16344,0.14097,-0.12966,0.4044,0.014798,0.56778,0.21407,0.32968,0.42755,0.61503,0.32755,0.62094,0.15285,0.33871,0.35856,0.58666,0.50267,0.72138,-0.15162,0.68151,0.35277,0.50709,0.25462,0.59584,0.59118,0.49762,0.37539,0.027544,0.47582,0.31123,0.066743,0.41805,0.36266,0.60487,0.52691
0.37049,0.37137,0.18733,0.68317,0.58524,0.58691,0.42943,0.16591,0.40901,0.18206,0.40696,-0.2275,0.37454,0.19867,0.46514,0.46153,0.27557,0.48826,0.028651,0.31264,0.066336,0.59668,1,0.35052,0.31722,0.18617,-0.056158,0.35294,0.54538,0.53277,NaN,0.085726,0.074566,0.48858,0.42311,0.29966,0.40863,0.16858,0.71449,0.023558,0.32729,0.4451,0.2713,0.50821,0.43871,0.43571,0.042948,-0.022995,0.57912,0.42545,0.49134,0.2909,-0.19779,0.032559,0.27095,0.080302,0.27054,0.26783,0.36691,0.54042,0.22917,0.39051,0.38672,0.07403,0.45436,0.44316,0.27518,0.42375,-0.086672,0.33949,0.39292,0.58896,0.30441,0.34852,0.48162,-0.49935,0.36326,0.42113,-0.020154,0.16857,-0.070162,0.23087,0.21283,0.43676,0.22348,0.39632,0.51243,0.28731,0.22252,0.27654,-0.16114,0.11807,0.35552,0.29306,-0.02795,-0.025934,0.27132,-0.24462,0.15063,0.14529,0.17819,0.045749,0.27852,-0.12838,-0.097577,0.13467,0.36084,0.4422,0.47845,-0.36185,0.44552,0.27976,0.17382,0.17075,0.11639,0.068895,0.53591,0.37546,0.2933,0.13539,0.35477,-0.056977,0.24063,0.54599,0.23263,0.094185,0.17762,0.18177,0.42054,0.34761,0.35809,0.31876,0.094993,0.23998,0.32546,0.42601,0.53188,0.43504,0.31163,0.30443,0.25636,0.34056,0.25381,0.30471,0.18173,0.23225,0.11789,0.13683,0.29107,0.44227,0.17991,0.32313,0.56818,0.43078,0.42196,0.17872,0.084186,0.28814,0.15855,0.30696,0.49573,0.40503,0.28467,0.25957,-0.022586,0.037817,0.043693,0.18678,0.38636,0.36553,0.4923,-0.043617,0.22215,0.51818,0.59886,-0.000786,0.4181,-0.26019,0.57412,0.15266,0.30521,0.45067,0.47936,0.19173,0.34648,0.012851,0.29698,0.12341,0.32801,0.39858,0.48924,0.24726,0.20998,0.52971,0.46047,0.05238,0.26524,0.32372,0.37926,0.42275
0.77874,0.59318,0.41464,0.66111,0.63702,0.70899,-0.2054,0.47097,0.70859,0.435,0.7131,-0.10162,0.67271,0.2366,0.79827,0.53126,0.49246,0.47392,0.47703,0.6482,0.043545,0.3305,0.35052,1,0.56927,0.70651,0.2847,0.35489,0.82961,0.60164,NaN,0.12079,0.40128,0.63357,0.54868,0.4739,0.37042,0.62551,0.72174,0.27462,0.5274,0.37444,0.62318,0.54515,0.61908,0.42751,0.58638,-0.037297,0.64331,0.69486,0.68274,0.66098,0.30688,0.29341,0.31177,0.26666,0.62732,0.51993,0.61526,0.52318,0.48624,0.44537,0.63968,0.43692,0.82527,0.77257,0.21389,0.31134,0.16467,0.5918,0.7379,0.76195,0.47046,0.54766,0.57713,0.18986,0.70706,0.75128,0.3546,0.41107,0.29742,0.4218,0.5279,0.57783,0.61187,0.26333,0.4201,0.74828,0.55186,0.49985,0.48818,0.33186,0.53467,0.40593,-0.25087,0.086347,0.44414,0.10847,0.63847,0.55538,0.28544,0.26043,0.68535,0.094541,-0.12733,0.37865,0.73711,0.75584,0.70218,0.11419,0.4456,0.11485,-0.09281,0.46943,0.6326,0.34184,0.39264,0.39872,0.43417,0.37377,0.061012,0.35543,0.61091,0.70332,0.34684,0.54389,0.70712,0.5938,0.40352,0.78077,0.6091,0.44877,0.44095,0.57333,0.49908,0.71532,0.87802,0.52481,0.47402,0.22641,0.089952,0.92482,0.59054,0.51528,0.38285,0.69926,0.2836,0.70832,0.46551,0.438,0.27096,0.58926,0.38949,0.6764,0.55915,0.64271,-0.03618,0.70638,0.65007,0.43906,0.7443,0.42793,0.80354,0.050323,0.46084,0.39814,0.71438,0.67561,0.72234,0.61821,0.65482,0.48916,0.43219,0.434,0.45094,0.44517,0.55938,0.2417,0.76761,0.75145,0.67668,0.72308,0.48205,0.35432,0.59393,0.48973,0.65141,0.55425,0.5282,0.42728,0.72669,0.6345,0.64653,0.79322,0.63603,0.62905,0.50154,0.7285,0.57381,0.56512
