1,0.12461,0.13203,0.46979,0.59527,0.30321,0.1875,0.15636,0.18705,0.45411,0.41337,0.31389,0.32704,0.5258,0.58178,0.29797,0.56654,0.65323,0.25586,0.42103,0.17176,0.52711,0.55249,-0.0103,0.22955,0.418,0.25391,0.3727,0.50471,0.20946,0.41474,0.47838,0.48907,0.0058238,0.54713,0.5463,0.44886,0.57163,0.37336,0.66576,0.51146,0.14381,-0.065711,0.33269,0.45238,0.68005,0.48909,0.61001,0.30367,0.23472,0.32342,0.46246,0.21412,0.59896,0.4985,0.41362,0.52762,0.19375,0.2088,0.68974,0.28771,0.67261,0.21632,0.40027,0.38414,0.4819,0.56699,0.64317,0.30249,0.20782,0.19811,0.42356,0.52913,0.39873,0.32184,0.40945,0.61171,0.60818,0.4892,0.36829,0.41973,0.17814,0.2539,0.42168,0.53274
0.12461,1,0.0031025,0.11838,0.34026,0.18618,-0.18217,0.0043551,0.10209,0.32943,0.31141,0.16649,6.839e-05,0.20042,0.42159,0.057737,0.22171,0.35031,0.16519,0.2229,0.13719,0.082483,0.50138,0.2087,0.45569,0.27296,-0.23212,0.34612,0.27618,-0.025757,0.104,0.015219,0.21791,-0.26149,0.043818,0.29682,0.15532,0.057537,0.021019,0.33477,0.078854,0.10139,0.40141,0.13894,0.14671,0.29785,0.5877,0.37638,0.032732,0.33679,-0.078465,0.41747,0.084207,0.25782,0.26767,0.083193,0.28394,0.030184,0.18341,0.12512,0.10666,0.19778,0.44181,0.2912,0.28077,0.14426,0.0041675,0.26415,0.12929,0.017366,0.066366,0.50088,0.27225,0.16699,0.40312,-0.0041347,0.010979,0.37943,0.45664,0.49399,0.10083,-0.09243,0.030597,-0.12832,0.049813
0.13203,0.0031025,1,0.36964,0.29464,0.42341,0.24005,0.096497,0.58965,0.17101,0.57147,0.22645,0.37252,0.17216,0.40979,0.1123,0.36466,0.20299,0.55807,0.20806,0.28439,0.42826,0.098968,0.30819,0.40432,0.3348,0.37506,0.24107,0.30502,0.26006,0.42911,0.64346,0.45629,0.39244,0.39469,0.37699,0.51937,0.46431,0.41836,0.33598,0.49489,0.60208,0.28086,0.341,-0.044368,0.079627,0.16284,0.23557,0.38207,0.58083,-0.0098973,0.16861,0.48822,0.42453,0.4072,0.26981,0.32817,0.41863,0.42716,0.19328,-0.016972,0.17715,0.38572,0.50728,0.50243,0.3109,0.19877,0.25235,0.45296,0.18213,0.4116,0.2497,0.32122,0.32849,0.22539,0.43773,0.53282,0.31849,-0.078832,0.20226,0.18182,0.28809,0.4975,0.40903,0.51283
0.46979,0.11838,0.36964,1,0.65366,0.71307,0.043634,0.066297,0.74063,0.35283,0.82071,0.39096,0.84586,0.57451,0.73059,0.274,0.32234,0.46187,0.66932,0.45051,0.5118,0.50616,0.51115,0.26994,0.34658,0.47019,0.24996,0.3969,0.70051,0.5412,0.53945,0.60643,0.77458,0.58229,0.53533,0.79379,0.31343,0.80945,0.93394,0.65231,0.67803,0.3009,0.28632,0.69061,0.51341,0.48612,0.22531,0.78191,0.77116,0.65766,0.38764,0.42321,0.53954,0.78881,0.76255,0.42222,0.6197,0.84604,0.3892,0.69818,0.42041,0.59542,0.57865,0.73878,0.71685,0.44397,0.40102,0.4258,0.52511,0.38892,0.29428,0.41972,0.34575,0.5151,0.51048,0.10445,0.65035,0.61397,0.59255,0.47227,0.89605,0.12562,0.44792,0.58237,0.64207
0.59527,0.34026,0.29464,0.65366,1,0.53726,0.47297,0.35457,0.34458,0.47254,0.69499,0.31703,0.52535,0.73854,0.67318,0.61948,0.45717,0.52466,0.40554,0.73499,0.55498,0.64492,0.46945,0.46814,0.43176,0.47433,0.4807,0.43621,0.55466,0.40168,0.62444,0.59682,0.76654,0.23169,0.55114,0.70113,0.36375,0.53125,0.53821,0.70524,0.58631,0.15127,0.17357,0.58656,0.27644,0.51517,0.48621,0.69758,0.45953,0.55636,0.62013,0.39209,0.36625,0.83513,0.80086,0.68339,0.66123,0.56738,0.37728,0.56435,0.25739,0.55977,0.36241,0.61331,0.6044,0.50308,0.76386,0.61762,0.51299,0.39675,0.30055,0.69556,0.42364,0.39717,0.31885,0.129,0.46461,0.8124,0.51407,0.40941,0.46174,0.20992,0.29829,0.71129,0.6578
0.30321,0.18618,0.42341,0.71307,0.53726,1,0.16826,0.13989,0.74921,0.44743,0.74425,0.302,0.65337,0.47037,0.6022,0.098013,0.33572,0.48587,0.47341,0.47612,0.75105,0.59992,0.50467,0.18212,0.34687,0.52645,0.14492,0.33003,0.39206,0.58251,0.36948,0.59222,0.72979,0.36874,0.40382,0.68745,0.43547,0.41661,0.66587,0.46629,0.54755,0.59662,0.28403,0.59217,0.29397,0.069397,0.3701,0.72864,0.66118,0.82179,0.42466,0.32061,0.36257,0.69686,0.687,0.46579,0.79616,0.70917,0.57331,0.53071,0.2598,0.40596,0.22416,0.6274,0.61045,0.27358,0.48693,0.49135,0.63839,0.3275,0.22558,0.47393,0.37489,0.54693,0.2017,0.089482,0.41336,0.46809,0.30785,0.10558,0.57675,0.13937,0.59781,0.56994,0.64921
0.1875,-0.18217,0.24005,0.043634,0.47297,0.16826,1,0.38771,-0.080249,0.27604,0.30058,0.073244,0.087426,0.10823,0.10476,0.46753,0.32898,0.24545,-0.21362,0.49291,0.27911,0.436,0.15528,0.30012,0.013414,-0.17952,0.72189,0.097155,-0.085972,0.21781,0.26736,0.39232,0.29929,0.091433,0.21129,0.21466,0.042242,0.081863,-0.016158,0.18889,0.21542,0.14249,-0.14694,0.069949,-0.089367,0.055992,0.04682,0.13505,-0.0093377,0.16401,0.33093,0.22939,-0.023095,0.32268,0.25399,0.43288,0.26319,0.040556,0.21165,0.13341,-0.098509,0.21158,-0.14513,0.14747,0.15637,0.15184,0.4582,0.34391,0.18251,-0.11293,0.27522,0.034838,0.20705,0.079932,-0.20163,0.060325,0.015651,0.3679,0.076969,-0.13538,-0.16987,0.348,0.019811,0.5639,0.21869
0.15636,0.0043551,0.096497,0.066297,0.35457,0.13989,0.38771,1,0.15276,0.47776,0.12744,-0.13619,0.26934,0.075987,-0.026074,0.49721,0.54169,0.27155,0.11851,0.54971,0.3729,0.23079,0.10145,0.36858,0.020315,-0.075641,0.27221,-0.16387,-0.13455,0.072953,0.35803,0.26444,0.13442,0.0077785,0.4411,-0.085238,0.28916,0.0012897,-0.015277,0.019907,-0.045054,0.28077,0.29874,0.41149,-0.065223,-0.047828,0.33432,-0.0925,0.18134,0.29364,0.35668,0.059465,0.18805,0.28111,0.21101,0.45405,-0.036619,0.031323,0.5176,0.22198,0.39891,0.43058,-0.13468,0.20787,0.21556,0.59068,0.46749,0.14237,0.038475,0.24495,0.31681,0.42453,0.31372,0.51907,-0.23119,0.040835,0.2584,0.33625,0.22347,-0.29096,-0.0057271,0.69431,-0.1929,0.48723,0.039716
0.18705,0.10209,0.58965,0.74063,0.34458,0.74921,-0.080249,0.15276,1,0.26221,0.72835,0.2248,0.70357,0.23132,0.55795,0.090096,0.29287,0.31874,0.67123,0.33226,0.4263,0.3718,0.39976,0.29993,0.42506,0.55119,0.012615,0.13355,0.47237,0.33529,0.43883,0.617,0.6082,0.46583,0.36404,0.48613,0.51051,0.46191,0.71961,0.36549,0.4296,0.68257,0.37251,0.69588,0.10871,0.02417,0.25476,0.50837,0.74132,0.75255,0.14149,0.14393,0.44454,0.55026,0.56151,0.28917,0.51681,0.72307,0.57259,0.52984,0.29157,0.46423,0.35725,0.64992,0.63048,0.38241,0.22194,0.28654,0.51917,0.33813,0.25041,0.32165,0.31902,0.59078,0.26529,0.30473,0.63779,0.383,0.19156,0.17611,0.66989,0.23592,0.54645,0.38782,0.46828
0.45411,0.32943,0.17101,0.35283,0.47254,0.44743,0.27604,0.47776,0.26221,1,0.3662,0.18427,0.30785,0.37246,0.30744,0.33039,0.69263,0.58767,0.24196,0.56686,0.57351,0.56863,0.56011,0.21029,0.075616,-0.033593,0.31356,0.19163,0.10496,0.50516,0.48649,0.34276,0.36551,0.077224,0.70889,0.32532,0.26442,0.19705,0.25923,0.3642,0.17851,0.3437,0.14896,0.16905,0.25814,0.43552,0.39771,0.38329,0.182,0.5234,0.2583,0.41754,0.22502,0.53036,0.43319,0.62037,0.32198,0.15963,0.51133,0.30663,0.37841,0.60411,0.25701,0.37037,0.36761,0.39199,0.47565,0.49484,0.2694,0.10044,0.35264,0.32721,0.56179,0.62687,-0.059004,-0.088877,0.20108,0.4977,0.55388,-0.0078071,0.29058,0.29847,-0.07383,0.40477,0.47277
0.41337,0.31141,0.57147,0.82071,0.69499,0.74425,0.30058,0.12744,0.72835,0.3662,1,0.40403,0.77356,0.38586,0.83324,0.25777,0.55515,0.61608,0.64487,0.58678,0.45125,0.44853,0.63405,0.43645,0.56856,0.51526,0.28463,0.28945,0.5818,0.36826,0.54762,0.78047,0.82803,0.47013,0.40409,0.78384,0.38046,0.71029,0.76438,0.68448,0.71599,0.46956,0.30503,0.67522,0.37,0.38214,0.40565,0.78253,0.75851,0.79866,0.27474,0.5135,0.42131,0.84761,0.83337,0.37472,0.73516,0.73526,0.54448,0.62505,0.39974,0.64212,0.47874,0.79449,0.78053,0.39075,0.42234,0.51958,0.61272,0.20872,0.47864,0.4986,0.50958,0.55489,0.41364,0.22725,0.62864,0.62302,0.53438,0.40012,0.70057,0.18437,0.50326,0.57571,0.59428
0.31389,0.16649,0.22645,0.39096,0.31703,0.302,0.073244,-0.13619,0.2248,0.18427,0.40403,1,0.30537,0.093278,0.65123,0.17591,0.35406,0.54826,0.29764,-0.092411,0.14588,0.28501,0.48376,0.21372,0.13716,0.23053,0.050621,0.69533,0.57585,0.32662,0.42789,0.29878,0.55661,0.31611,0.13652,0.60604,0.34121,0.4106,0.56272,0.3432,0.6773,0.26073,0.21922,0.098426,0.47984,0.33713,0.39936,0.50416,0.24632,0.3856,0.11385,0.42232,0.28312,0.47684,0.48161,0.025043,0.53702,0.36367,0.36459,0.49951,0.11123,0.36454,0.37535,0.41089,0.39685,0.13911,0.095706,0.28095,0.44667,-0.1802,-0.053134,0.30211,0.27972,0.36314,0.47069,0.38883,0.4895,0.11949,0.17901,0.45211,0.39305,-0.092863,0.60455,0.28447,0.42197
0.32704,6.839e-05,0.37252,0.84586,0.52535,0.65337,0.087426,0.26934,0.70357,0.30785,0.77356,0.30537,1,0.39775,0.67153,0.30335,0.46924,0.39447,0.69439,0.43137,0.43392,0.24768,0.39385,0.3084,0.25857,0.31288,0.17309,0.076857,0.42103,0.34969,0.51838,0.64621,0.74962,0.60854,0.504,0.66692,0.1669,0.68014,0.85218,0.46655,0.6421,0.45996,0.40075,0.76631,0.47394,0.19152,0.19634,0.6265,0.83674,0.68644,0.35115,0.26245,0.42776,0.70101,0.72734,0.3158,0.53447,0.87108,0.49366,0.65009,0.55388,0.69166,0.40471,0.76404,0.75791,0.46377,0.35014,0.19536,0.52925,0.42691,0.38462,0.43031,0.35582,0.68282,0.33656,0.075161,0.59813,0.40302,0.4468,0.245,0.87119,0.16197,0.41961,0.69874,0.57215
0.5258,0.20042,0.17216,0.57451,0.73854,0.47037,0.10823,0.075987,0.23132,0.37246,0.38586,0.093278,0.39775,1,0.43969,0.33339,0.10413,0.20409,0.28989,0.49351,0.46489,0.52024,0.18919,-0.0045926,0.028858,0.43757,0.30851,0.39478,0.33672,0.48978,0.36123,0.23332,0.57845,0.19983,0.45516,0.5835,0.18192,0.49363,0.48455,0.57113,0.36859,0.057654,-0.05268,0.31799,0.39517,0.38065,0.27265,0.6216,0.37145,0.309,0.43786,0.3148,0.32086,0.55412,0.52067,0.55843,0.46144,0.53101,0.18756,0.44708,0.040864,0.30115,0.35053,0.45027,0.45403,0.25621,0.55387,0.4393,0.29571,0.70817,0.25937,0.55225,0.1479,0.26549,0.3307,-0.11493,0.19901,0.60595,0.38787,0.39428,0.41273,-0.012951,0.24278,0.57925,0.63975
0.58178,0.42159,0.40979,0.73059,0.67318,0.6022,0.10476,-0.026074,0.55795,0.30744,0.83324,0.65123,0.67153,0.43969,1,0.32781,0.51733,0.60753,0.61477,0.37016,0.34641,0.43193,0.64885,0.19514,0.53123,0.52944,0.084744,0.49843,0.71068,0.32662,0.48475,0.57202,0.83051,0.30129,0.35508,0.83605,0.35481,0.7035,0.73244,0.80281,0.74654,0.38456,0.28132,0.54979,0.48728,0.48463,0.53986,0.87343,0.63203,0.65072,0.28485,0.55461,0.32264,0.84806,0.85822,0.30809,0.78956,0.64234,0.51687,0.75418,0.31287,0.70913,0.45977,0.70604,0.6907,0.46187,0.36525,0.57642,0.60363,0.16422,0.36054,0.65601,0.36058,0.56106,0.5262,0.35646,0.67814,0.49024,0.49682,0.5305,0.72792,0.073722,0.60552,0.54087,0.64304
0.29797,0.057737,0.1123,0.274,0.61948,0.098013,0.46753,0.49721,0.090096,0.33039,0.25777,0.17591,0.30335,0.33339,0.32781,1,0.26908,0.18886,0.23608,0.56536,0.4335,0.39293,0.31869,0.29269,0.2385,-0.067864,0.56354,0.22166,0.34865,0.21522,0.31689,0.29872,0.41882,-0.077359,0.45195,0.30787,0.27069,0.2457,0.27795,0.26508,0.31778,0.16349,0.18896,0.22656,0.095866,0.34114,0.43992,0.26257,0.35383,0.16006,0.43484,0.074726,0.19214,0.49872,0.46308,0.38124,0.29331,0.18796,0.39676,0.35008,0.068896,0.40329,0.10042,0.27461,0.27353,0.56425,0.58515,0.10985,0.27993,0.2804,0.08891,0.50773,0.064011,0.38736,-0.051614,0.17811,0.30089,0.46701,0.3064,0.016471,0.2568,0.53014,0.038506,0.51168,0.44766
0.56654,0.22171,0.36466,0.32234,0.45717,0.33572,0.32898,0.54169,0.29287,0.69263,0.55515,0.35406,0.46924,0.10413,0.51733,0.26908,1,0.72691,0.43389,0.53344,0.2245,0.32761,0.57935,0.33638,0.25562,0.10115,0.20546,0.045097,0.19192,0.16165,0.562,0.59077,0.498,0.11306,0.56285,0.36812,0.38516,0.40802,0.31343,0.41685,0.42606,0.40552,0.26129,0.36801,0.27866,0.38975,0.4732,0.3723,0.35658,0.607,0.19874,0.44105,0.19875,0.6025,0.52951,0.36622,0.40932,0.19385,0.59252,0.49888,0.54991,0.80275,0.17427,0.47102,0.46886,0.4599,0.46834,0.49341,0.37548,0.0058155,0.48736,0.42146,0.69214,0.73565,0.060815,0.28868,0.58713,0.37448,0.42516,0.072484,0.30861,0.34651,0.10943,0.478,0.42856
0.65323,0.35031,0.20299,0.46187,0.52466,0.48587,0.24545,0.27155,0.31874,0.58767,0.61608,0.54826,0.39447,0.20409,0.60753,0.18886,0.72691,1,0.25241,0.35763,0.33019,0.41443,0.72992,0.41733,0.42512,0.39522,0.28476,0.37823,0.4156,0.22514,0.45305,0.65017,0.48368,0.22595,0.51346,0.49977,0.50674,0.41362,0.39639,0.48638,0.64494,0.32922,0.097782,0.32394,0.40554,0.53169,0.6771,0.53676,0.36875,0.51038,0.22552,0.61832,0.20563,0.66006,0.59726,0.26687,0.53062,0.25428,0.44175,0.47032,0.58558,0.6779,0.32143,0.54442,0.53279,0.41939,0.41063,0.51391,0.29802,-0.062379,0.25259,0.43049,0.76787,0.51911,0.36083,0.35145,0.48601,0.60914,0.61932,0.31898,0.41369,0.26219,0.25485,0.30404,0.32911
0.25586,0.16519,0.55807,0.66932,0.40554,0.47341,-0.21362,0.11851,0.67123,0.24196,0.64487,0.29764,0.69439,0.28989,0.61477,0.23608,0.43389,0.25241,1,0.35008,0.37245,0.22062,0.37726,0.35967,0.43601,0.39886,-0.087771,0.088063,0.57592,0.13628,0.46707,0.5664,0.65422,0.45043,0.38084,0.54519,0.33728,0.57988,0.73868,0.43897,0.56787,0.31376,0.40442,0.62354,0.32316,0.37884,0.28802,0.46063,0.7385,0.64764,0.28357,0.082853,0.50947,0.64618,0.63952,0.19483,0.41487,0.64581,0.53212,0.47399,0.28935,0.45236,0.552,0.59813,0.57224,0.38402,0.28283,0.23963,0.71837,0.32468,0.21734,0.47005,0.42233,0.49621,0.275,0.10883,0.71315,0.33609,0.31695,0.263,0.69709,0.087486,0.44238,0.3227,0.62153
0.42103,0.2229,0.20806,0.45051,0.73499,0.47612,0.49291,0.54971,0.33226,0.56686,0.58678,-0.092411,0.43137,0.49351,0.37016,0.56536,0.53344,0.35763,0.35008,1,0.5298,0.44339,0.49525,0.27837,0.27415,0.2516,0.38226,-0.0087448,0.23455,0.34183,0.51243,0.47986,0.53702,-0.034489,0.41205,0.43191,0.33982,0.36852,0.33033,0.48848,0.19335,0.25161,0.19121,0.49011,0.23922,0.33566,0.43326,0.52689,0.52183,0.47105,0.40538,0.20874,0.32871,0.65229,0.5589,0.61758,0.50814,0.28303,0.46382,0.46707,0.26464,0.49956,0.021212,0.42534,0.42534,0.36942,0.78094,0.46941,0.39815,0.33977,0.43304,0.54146,0.37741,0.51241,-0.17574,-0.017737,0.34635,0.5893,0.47601,-0.088363,0.32142,0.37156,0.079425,0.56042,0.51126
0.17176,0.13719,0.28439,0.5118,0.55498,0.75105,0.27911,0.3729,0.4263,0.57351,0.45125,0.14588,0.43392,0.46489,0.34641,0.4335,0.2245,0.33019,0.37245,0.5298,1,0.68593,0.29371,0.23732,0.31449,0.23876,0.36271,0.31557,0.29512,0.64061,0.36347,0.42138,0.46478,0.28591,0.56267,0.45267,0.31854,0.20808,0.42934,0.41151,0.34996,0.33097,0.24911,0.43687,0.18729,0.19846,0.34924,0.47701,0.40902,0.56056,0.61205,0.14817,0.41456,0.67007,0.62875,0.67159,0.4993,0.4466,0.498,0.23283,0.23086,0.22709,0.13903,0.40129,0.38796,0.45438,0.61223,0.39858,0.49898,0.21407,0.19883,0.53267,0.25329,0.37652,-0.088752,-0.13801,0.18947,0.4901,0.36745,-0.15108,0.3971,0.36144,0.29227,0.54701,0.57279
0.52711,0.082483,0.42826,0.50616,0.64492,0.59992,0.436,0.23079,0.3718,0.56863,0.44853,0.28501,0.24768,0.52024,0.43193,0.39293,0.32761,0.41443,0.22062,0.44339,0.68593,1,0.34814,0.12758,0.34841,0.27322,0.54191,0.60279,0.52944,0.72652,0.36855,0.41904,0.5129,0.11494,0.6345,0.56051,0.51655,0.37794,0.39518,0.53147,0.42497,0.32935,0.11191,0.2748,0.0792,0.44804,0.24408,0.49568,0.20534,0.54694,0.43406,0.43784,0.41759,0.65343,0.59914,0.75725,0.57369,0.36222,0.39864,0.398,0.060994,0.33655,0.20695,0.45024,0.43269,0.5581,0.57278,0.62506,0.46343,0.21258,0.22669,0.41291,0.27363,0.33528,0.19672,0.18656,0.4033,0.64111,0.32035,0.17525,0.25442,0.42295,0.23562,0.59208,0.69242
0.55249,0.50138,0.098968,0.51115,0.46945,0.50467,0.15528,0.10145,0.39976,0.56011,0.63405,0.48376,0.39385,0.18919,0.64885,0.31869,0.57935,0.72992,0.37726,0.49525,0.29371,0.34814,1,0.21242,0.33251,0.21262,0.075073,0.3912,0.52985,0.20404,0.26959,0.44658,0.62951,-0.053327,0.26542,0.65851,0.42488,0.43707,0.5054,0.39989,0.52727,0.38842,0.25838,0.24508,0.50715,0.55118,0.68366,0.67887,0.53741,0.53631,0.10907,0.57688,0.176,0.5868,0.49797,0.087564,0.67491,0.25683,0.5331,0.65302,0.21503,0.62484,0.41953,0.51487,0.48683,0.23449,0.31134,0.42153,0.51553,0.017853,0.022465,0.35918,0.59108,0.56037,0.32689,0.2247,0.47898,0.53187,0.65277,0.36422,0.49924,0.14527,0.30133,0.17134,0.45812
-0.0103,0.2087,0.30819,0.26994,0.46814,0.18212,0.30012,0.36858,0.29993,0.21029,0.43645,0.21372,0.3084,-0.0045926,0.19514,0.29269,0.33638,0.41733,0.35967,0.27837,0.23732,0.12758,0.21242,1,0.46973,0.2546,0.29061,0.020901,0.23607,-0.13774,0.51463,0.63877,0.31764,0.46834,0.30038,0.16912,0.21912,0.018555,0.23813,0.058247,0.41499,0.10305,0.24136,0.47672,-0.14429,0.17365,0.24393,0.0029624,0.2081,0.41886,0.31726,-0.027766,0.24825,0.36245,0.39159,0.22947,0.10584,0.3626,0.20247,-0.04611,0.32726,0.20908,0.41848,0.43078,0.41747,0.23324,0.25078,0.07296,0.36513,-0.036096,-0.033725,0.17286,0.62535,0.09413,0.17572,0.058255,0.22902,0.52277,0.20409,0.22008,0.16867,0.083986,0.079744,0.16917,0.10133
0.22955,0.45569,0.40432,0.34658,0.43176,0.34687,0.013414,0.020315,0.42506,0.075616,0.56856,0.13716,0.25857,0.028858,0.53123,0.2385,0.25562,0.42512,0.43601,0.27415,0.31449,0.34841,0.33251,0.46973,1,0.55919,0.15928,0.20393,0.60583,0.039317,0.23859,0.57244,0.28656,0.033832,0.31941,0.33309,0.47197,0.23959,0.235,0.46671,0.43981,0.23307,0.35502,0.48706,-0.1257,0.3606,0.43061,0.34426,0.33339,0.45653,0.14562,0.15132,0.29547,0.53812,0.60886,0.25589,0.43173,0.28081,0.17134,0.090889,0.38241,0.25014,0.24395,0.45794,0.43914,0.51852,0.29022,0.26001,0.36093,-0.049066,0.16837,0.49302,0.32951,0.14496,0.27649,0.38949,0.41269,0.49304,0.29209,0.25265,0.32666,0.24637,0.21704,0.07446,0.2777
0.418,0.27296,0.3348,0.47019,0.47433,0.52645,-0.17952,-0.075641,0.55119,-0.033593,0.51526,0.23053,0.31288,0.43757,0.52944,-0.067864,0.10115,0.39522,0.39886,0.2516,0.23876,0.27322,0.21262,0.2546,0.55919,1,-0.10571,0.28323,0.53368,0.12148,0.4365,0.50615,0.41148,0.24528,0.13033,0.43556,0.57816,0.32413,0.40344,0.54058,0.41815,0.27831,0.12724,0.60014,0.18916,0.16708,0.46483,0.53765,0.42867,0.37471,0.18491,0.075337,0.42602,0.49288,0.53025,0.29982,0.53375,0.46143,0.14623,0.3685,0.24516,0.18433,0.16083,0.49478,0.48466,0.24737,0.37389,0.39726,0.36744,0.27908,0.12025,0.5433,0.34777,0.1654,0.34516,0.39268,0.47952,0.42955,0.11182,0.31011,0.40252,-0.083661,0.61862,0.19748,0.33347
0.25391,-0.23212,0.37506,0.24996,0.4807,0.14492,0.72189,0.27221,0.012615,0.31356,0.28463,0.050621,0.17309,0.30851,0.084744,0.56354,0.20546,0.28476,-0.087771,0.38226,0.36271,0.54191,0.075073,0.29061,0.15928,-0.10571,1,0.2619,0.13471,0.42344,0.2814,0.46412,0.2148,0.18065,0.5888,0.22443,0.24162,0.32465,0.17261,0.20453,0.3836,0.13791,-0.090992,0.0084067,-0.032467,0.30158,0.059798,0.12023,0.10937,0.11769,0.24029,0.24176,0.2084,0.34474,0.28728,0.41854,0.16198,0.14436,0.059223,0.016194,0.1006,0.16611,0.12318,0.23659,0.24787,0.33757,0.47446,0.13441,-0.00016715,0.13226,0.28117,0.07112,0.15483,0.11489,0.030226,0.1924,0.091776,0.5232,0.20761,0.058242,0.024961,0.47457,-0.06802,0.49739,0.34915
0.3727,0.34612,0.24107,0.3969,0.43621,0.33003,0.097155,-0.16387,0.13355,0.19163,0.28945,0.69533,0.076857,0.39478,0.49843,0.22166,0.045097,0.37823,0.088063,-0.0087448,0.31557,0.60279,0.3912,0.020901,0.20393,0.28323,0.2619,1,0.67764,0.54195,0.25524,0.12441,0.43045,0.050555,0.23359,0.64957,0.46939,0.45308,0.42431,0.41119,0.53142,0.19491,0.30539,0.029473,0.4137,0.4547,0.40458,0.5259,0.07657,0.2822,0.092028,0.5475,0.46387,0.39506,0.35931,0.22434,0.51301,0.2541,0.15212,0.41042,-0.13784,0.077022,0.47878,0.38379,0.36395,0.26089,0.154,0.32251,0.28914,0.050118,-0.11391,0.38445,0.10897,0.13273,0.64256,0.3386,0.33203,0.4116,0.27303,0.63444,0.2082,0.051768,0.46671,0.26384,0.44633
0.50471,0.27618,0.30502,0.70051,0.55466,0.39206,-0.085972,-0.13455,0.47237,0.10496,0.5818,0.57585,0.42103,0.33672,0.71068,0.34865,0.19192,0.4156,0.57592,0.23455,0.29512,0.52944,0.52985,0.23607,0.60583,0.53368,0.13471,0.67764,1,0.38205,0.39692,0.42555,0.59086,0.1739,0.31751,0.73967,0.55595,0.65851,0.70332,0.58446,0.66617,0.17345,0.39123,0.44415,0.41528,0.67187,0.39995,0.644,0.51087,0.43747,0.19266,0.37053,0.60036,0.65654,0.65905,0.25201,0.61407,0.50833,0.235,0.58508,0.19076,0.34827,0.52,0.59635,0.56295,0.49088,0.29965,0.32826,0.55228,0.1405,-0.025632,0.48972,0.25602,0.27913,0.60408,0.3991,0.71301,0.52451,0.44345,0.5895,0.63624,0.11662,0.47218,0.25582,0.59071
0.20946,-0.025757,0.26006,0.5412,0.40168,0.58251,0.21781,0.072953,0.33529,0.50516,0.36826,0.32662,0.34969,0.48978,0.32662,0.21522,0.16165,0.22514,0.13628,0.34183,0.64061,0.72652,0.20404,-0.13774,0.039317,0.12148,0.42344,0.54195,0.38205,1,0.37463,0.1381,0.38788,0.20861,0.47579,0.52895,0.30282,0.43187,0.51645,0.40903,0.25932,0.33563,0.2137,0.12079,0.36765,0.25475,0.039318,0.52583,0.27289,0.46079,0.14869,0.40307,0.54322,0.5093,0.49502,0.6283,0.47773,0.43517,0.31206,0.3271,0.19087,0.21435,0.09972,0.42084,0.42811,0.31682,0.37151,0.3074,0.23927,0.2222,0.37112,0.31275,-0.043735,0.44486,0.10991,-0.038041,0.19533,0.25218,0.29939,0.031917,0.39248,0.24087,0.2247,0.57443,0.6071
0.41474,0.104,0.42911,0.53945,0.62444,0.36948,0.26736,0.35803,0.43883,0.48649,0.54762,0.42789,0.51838,0.36123,0.48475,0.31689,0.562,0.45305,0.46707,0.51243,0.36347,0.36855,0.26959,0.51463,0.23859,0.4365,0.2814,0.25524,0.39692,0.37463,1,0.63603,0.49425,0.47816,0.54831,0.45648,0.40361,0.44992,0.52048,0.56909,0.40327,0.29258,0.34117,0.61101,0.32719,0.34375,0.29163,0.47499,0.31096,0.46037,0.31888,0.05586,0.61033,0.616,0.57259,0.63977,0.39682,0.44904,0.24876,0.4258,0.41844,0.48678,0.27976,0.50752,0.50558,0.35628,0.57932,0.44439,0.38462,0.017925,0.33174,0.39673,0.51602,0.46842,0.073336,0.2904,0.55981,0.40553,0.21682,0.16764,0.45998,0.019634,0.43525,0.56116,0.48034
0.47838,0.015219,0.64346,0.60643,0.59682,0.59222,0.39232,0.26444,0.617,0.34276,0.78047,0.29878,0.64621,0.23332,0.57202,0.29872,0.59077,0.65017,0.5664,0.47986,0.42138,0.41904,0.44658,0.63877,0.57244,0.50615,0.46412,0.12441,0.42555,0.1381,0.63603,1,0.62489,0.51545,0.59222,0.52891,0.51084,0.49873,0.56389,0.4742,0.74779,0.47126,0.20514,0.6709,0.14358,0.31446,0.38904,0.47259,0.58872,0.62147,0.39101,0.15064,0.37791,0.69006,0.65963,0.37339,0.5591,0.55645,0.36297,0.39226,0.42506,0.52844,0.35106,0.63095,0.61377,0.40635,0.56219,0.4023,0.56737,0.096216,0.24934,0.3178,0.72196,0.41655,0.19855,0.4358,0.63223,0.62445,0.26757,0.19754,0.49858,0.21806,0.49173,0.50171,0.53576
0.48907,0.21791,0.45629,0.77458,0.76654,0.72979,0.29929,0.13442,0.6082,0.36551,0.82803,0.55661,0.74962,0.57845,0.83051,0.41882,0.498,0.48368,0.65422,0.53702,0.46478,0.5129,0.62951,0.31764,0.28656,0.41148,0.2148,0.43045,0.59086,0.38788,0.49425,0.62489,1,0.37255,0.36443,0.88406,0.35248,0.65935,0.82288,0.56619,0.77505,0.44084,0.2734,0.57409,0.43775,0.33288,0.42617,0.8016,0.74252,0.77946,0.46662,0.43541,0.3336,0.80703,0.79053,0.34938,0.8354,0.79039,0.6272,0.77964,0.12293,0.62344,0.47566,0.73133,0.71264,0.3082,0.50803,0.50512,0.79457,0.42917,0.20484,0.55901,0.4145,0.59696,0.43356,0.18185,0.63803,0.55693,0.38254,0.45131,0.65326,0.069257,0.61279,0.70145,0.80371
0.0058238,-0.26149,0.39244,0.58229,0.23169,0.36874,0.091433,0.0077785,0.46583,0.077224,0.47013,0.31611,0.60854,0.19983,0.30129,-0.077359,0.11306,0.22595,0.45043,-0.034489,0.28591,0.11494,-0.053327,0.46834,0.033832,0.24528,0.18065,0.050555,0.1739,0.20861,0.47816,0.51545,0.37255,1,0.27938,0.32529,-0.098918,0.37058,0.59544,0.27954,0.48406,0.10225,-0.042934,0.47767,0.2449,0.087495,-0.19251,0.21453,0.35979,0.33499,0.27798,0.086317,0.35298,0.40805,0.42773,0.23147,0.064423,0.67806,0.16725,0.14787,0.31306,0.22636,0.45132,0.47054,0.46613,0.12598,0.0029888,0.13668,0.31058,0.047047,0.25704,-0.031767,0.34175,0.10101,0.26031,-0.14789,0.25969,0.24079,0.1855,0.18885,0.53945,-0.098311,0.34211,0.39228,0.20038
0.54713,0.043818,0.39469,0.53533,0.55114,0.40382,0.21129,0.4411,0.36404,0.70889,0.40409,0.13652,0.504,0.45516,0.35508,0.45195,0.56285,0.51346,0.38084,0.41205,0.56267,0.6345,0.26542,0.30038,0.31941,0.13033,0.5888,0.23359,0.31751,0.47579,0.54831,0.59222,0.36443,0.27938,1,0.33122,0.39093,0.45345,0.41428,0.44683,0.44619,0.29266,0.2202,0.40459,0.11664,0.48057,0.25615,0.3283,0.28984,0.46825,0.42853,0.23187,0.35619,0.58196,0.5292,0.63326,0.28037,0.36251,0.26699,0.27545,0.54223,0.57961,0.34146,0.42486,0.41829,0.65845,0.5906,0.3732,0.1956,0.26927,0.32993,0.36662,0.44925,0.52661,0.14342,0.23264,0.44143,0.60039,0.41797,0.14689,0.44002,0.41909,0.013817,0.54719,0.55998
0.5463,0.29682,0.37699,0.79379,0.70113,0.68745,0.21466,-0.085238,0.48613,0.32532,0.78384,0.60604,0.66692,0.5835,0.83605,0.30787,0.36812,0.49977,0.54519,0.43191,0.45267,0.56051,0.65851,0.16912,0.33309,0.43556,0.22443,0.64957,0.73967,0.52895,0.45648,0.52891,0.88406,0.32529,0.33122,1,0.3465,0.74042,0.82345,0.64907,0.79151,0.38204,0.3578,0.48126,0.66365,0.51392,0.4087,0.8888,0.64464,0.65236,0.27596,0.56498,0.53037,0.77251,0.76038,0.34775,0.84845,0.72692,0.41391,0.74277,0.12459,0.49184,0.55325,0.78496,0.76518,0.31038,0.38761,0.4394,0.73151,0.30192,0.16798,0.51619,0.39152,0.4665,0.58386,0.15869,0.56345,0.56857,0.51442,0.57624,0.69337,-0.032602,0.62075,0.60142,0.79122
0.44886,0.15532,0.51937,0.31343,0.36375,0.43547,0.042242,0.28916,0.51051,0.26442,0.38046,0.34121,0.1669,0.18192,0.35481,0.27069,0.38516,0.50674,0.33728,0.33982,0.31854,0.51655,0.42488,0.21912,0.47197,0.57816,0.24162,0.46939,0.55595,0.30282,0.40361,0.51084,0.35248,-0.098918,0.39093,0.3465,1,0.34757,0.33461,0.2468,0.42764,0.59909,0.39358,0.31462,0.11813,0.23945,0.65694,0.32124,0.40277,0.45248,0.03499,0.18244,0.54102,0.40709,0.34977,0.24558,0.50102,0.15614,0.43516,0.41229,0.1639,0.236,0.1227,0.41729,0.40166,0.45874,0.46869,0.25612,0.33514,0.22498,0.031545,0.50207,0.39506,0.48133,0.22273,0.72107,0.66848,0.42602,0.073655,0.1553,0.16556,0.45917,0.48455,0.21706,0.44835
0.57163,0.057537,0.46431,0.80945,0.53125,0.41661,0.081863,0.0012897,0.46191,0.19705,0.71029,0.4106,0.68014,0.49363,0.7035,0.2457,0.40802,0.41362,0.57988,0.36852,0.20808,0.37794,0.43707,0.018555,0.23959,0.32413,0.32465,0.45308,0.65851,0.43187,0.44992,0.49873,0.65935,0.37058,0.45345,0.74042,0.34757,1,0.79527,0.67746,0.68087,0.21441,0.26606,0.45275,0.62042,0.58345,0.23627,0.70565,0.65443,0.44278,0.15731,0.5512,0.53056,0.66546,0.58889,0.21451,0.51293,0.57061,0.27817,0.71681,0.31043,0.54714,0.53641,0.59874,0.58576,0.40621,0.32966,0.38156,0.33311,0.32201,0.43016,0.40206,0.23945,0.46317,0.57386,0.32106,0.73308,0.46982,0.52155,0.55945,0.69082,0.19378,0.40738,0.53187,0.58165
0.37336,0.021019,0.41836,0.93394,0.53821,0.66587,-0.016158,-0.015277,0.71961,0.25923,0.76438,0.56272,0.85218,0.48455,0.73244,0.27795,0.31343,0.39639,0.73868,0.33033,0.42934,0.39518,0.5054,0.23813,0.235,0.40344,0.17261,0.42431,0.70332,0.51645,0.52048,0.56389,0.82288,0.59544,0.41428,0.82345,0.33461,0.79527,1,0.50823,0.75401,0.38971,0.33882,0.58147,0.59596,0.39786,0.23215,0.73735,0.82586,0.65539,0.28565,0.35125,0.56734,0.72127,0.71532,0.24656,0.64141,0.86778,0.46575,0.71349,0.3104,0.53333,0.57681,0.74404,0.72473,0.32813,0.30803,0.25892,0.63255,0.38859,0.19037,0.38558,0.30478,0.57197,0.50392,0.15344,0.68415,0.42551,0.44192,0.44774,0.88644,0.044489,0.58742,0.56024,0.71072
0.66576,0.33477,0.33598,0.65231,0.70524,0.46629,0.18889,0.019907,0.36549,0.3642,0.68448,0.3432,0.46655,0.57113,0.80281,0.26508,0.41685,0.48638,0.43897,0.48848,0.41151,0.53147,0.39989,0.058247,0.46671,0.54058,0.20453,0.41119,0.58446,0.40903,0.56909,0.4742,0.56619,0.27954,0.44683,0.64907,0.2468,0.67746,0.50823,1,0.46737,0.085192,0.05578,0.5254,0.42056,0.61223,0.36371,0.80645,0.3657,0.38774,0.37882,0.47711,0.37103,0.82266,0.76847,0.60779,0.57685,0.41437,0.24659,0.59084,0.3175,0.57869,0.30012,0.4821,0.47223,0.49274,0.51393,0.78325,0.34821,0.058158,0.55276,0.59832,0.27875,0.31036,0.29956,0.21437,0.53813,0.54723,0.5348,0.3683,0.58085,0.10261,0.39553,0.52824,0.51912
0.51146,0.078854,0.49489,0.67803,0.58631,0.54755,0.21542,-0.045054,0.4296,0.17851,0.71599,0.6773,0.6421,0.36859,0.74654,0.31778,0.42606,0.64494,0.56787,0.19335,0.34996,0.42497,0.52727,0.41499,0.43981,0.41815,0.3836,0.53142,0.66617,0.25932,0.40327,0.74779,0.77505,0.48406,0.44619,0.79151,0.42764,0.68087,0.75401,0.46737,1,0.33369,0.21597,0.42823,0.45971,0.47263,0.43349,0.62201,0.62175,0.56951,0.35232,0.42664,0.37319,0.70435,0.70431,0.11593,0.67951,0.65979,0.36366,0.53659,0.2665,0.46753,0.56449,0.68543,0.6644,0.33757,0.36631,0.29038,0.63989,0.20252,0.060942,0.41058,0.52703,0.37552,0.59528,0.3835,0.62874,0.54557,0.3692,0.54613,0.59942,0.072373,0.60158,0.4905,0.66634
0.14381,0.10139,0.60208,0.3009,0.15127,0.59662,0.14249,0.28077,0.68257,0.3437,0.46956,0.26073,0.45996,0.057654,0.38456,0.16349,0.40552,0.32922,0.31376,0.25161,0.33097,0.32935,0.38842,0.10305,0.23307,0.27831,0.13791,0.19491,0.17345,0.33563,0.29258,0.47126,0.44084,0.10225,0.29266,0.38204,0.59909,0.21441,0.38971,0.085192,0.33369,1,0.48648,0.3357,0.13758,-0.20841,0.43279,0.32253,0.5128,0.63173,-0.18732,0.2012,0.39115,0.30561,0.33027,0.18096,0.49181,0.39873,0.64476,0.40874,0.1215,0.36304,0.10034,0.60092,0.60561,0.35168,0.13848,0.029958,0.4076,0.27632,0.24035,0.31976,0.30213,0.71568,0.11547,0.44881,0.41342,0.18298,-0.015135,-0.021328,0.28597,0.36848,0.52349,0.42251,0.43618
-0.065711,0.40141,0.28086,0.28632,0.17357,0.28403,-0.14694,0.29874,0.37251,0.14896,0.30503,0.21922,0.40075,-0.05268,0.28132,0.18896,0.26129,0.097782,0.40442,0.19121,0.24911,0.11191,0.25838,0.24136,0.35502,0.12724,-0.090992,0.30539,0.39123,0.2137,0.34117,0.20514,0.2734,-0.042934,0.2202,0.3578,0.39358,0.26606,0.33882,0.05578,0.21597,0.48648,1,0.4726,0.22849,0.0034541,0.31256,0.2222,0.3201,0.50743,-0.08043,0.056048,0.59521,0.19882,0.24093,0.11178,0.30192,0.31142,0.24754,0.26681,0.26294,0.14211,0.30356,0.46381,0.45115,0.37573,0.078156,-0.16892,0.31377,0.12392,-0.02041,0.41916,0.14576,0.45942,0.3026,0.2567,0.38671,0.11152,0.12134,0.23154,0.28471,0.15185,0.27939,0.22044,0.24867
0.33269,0.13894,0.341,0.69061,0.58656,0.59217,0.069949,0.41149,0.69588,0.16905,0.67522,0.098426,0.76631,0.31799,0.54979,0.22656,0.36801,0.32394,0.62354,0.49011,0.43687,0.2748,0.24508,0.47672,0.48706,0.60014,0.0084067,0.029473,0.44415,0.12079,0.61101,0.6709,0.57409,0.47767,0.40459,0.48126,0.31462,0.45275,0.58147,0.5254,0.42823,0.3357,0.4726,1,0.18747,0.11827,0.26451,0.50199,0.61471,0.6003,0.49559,0.017788,0.47326,0.63697,0.65232,0.4834,0.46003,0.69118,0.32798,0.54016,0.49945,0.51168,0.25418,0.62277,0.60337,0.54201,0.47227,0.3627,0.49917,0.28996,0.24748,0.52099,0.41599,0.42566,0.23205,0.19108,0.62601,0.50048,0.29223,0.18367,0.64512,0.16057,0.43855,0.56258,0.36164
0.45238,0.14671,-0.044368,0.51341,0.27644,0.29397,-0.089367,-0.065223,0.10871,0.25814,0.37,0.47984,0.47394,0.39517,0.48728,0.095866,0.27866,0.40554,0.32316,0.23922,0.18729,0.0792,0.50715,-0.14429,-0.1257,0.18916,-0.032467,0.4137,0.41528,0.36765,0.32719,0.14358,0.43775,0.2449,0.11664,0.66365,0.11813,0.62042,0.59596,0.42056,0.45971,0.13758,0.22849,0.18747,1,0.48949,0.36783,0.63396,0.4784,0.16233,-0.028396,0.48213,0.51139,0.43721,0.37272,0.055547,0.40309,0.34155,0.22062,0.60048,0.25198,0.35984,0.36704,0.50246,0.50039,0.12345,0.13069,0.1147,0.30429,0.15918,0.17038,0.33473,0.3063,0.39653,0.38332,-0.059629,0.33192,0.20593,0.58606,0.33297,0.59994,-0.115,0.37354,0.29932,0.39313
0.68005,0.29785,0.079627,0.48612,0.51517,0.069397,0.055992,-0.047828,0.02417,0.43552,0.38214,0.33713,0.19152,0.38065,0.48463,0.34114,0.38975,0.53169,0.37884,0.33566,0.19846,0.44804,0.55118,0.17365,0.3606,0.16708,0.30158,0.4547,0.67187,0.25475,0.34375,0.31446,0.33288,0.087495,0.48057,0.51392,0.23945,0.58345,0.39786,0.61223,0.47263,-0.20841,0.0034541,0.11827,0.48949,1,0.33491,0.47778,0.20812,0.13637,0.18922,0.51127,0.36463,0.57828,0.47985,0.30405,0.27994,0.1178,0.065596,0.36929,0.27017,0.43281,0.54589,0.35129,0.32695,0.40099,0.32602,0.44544,0.27004,-0.02678,0.14761,0.28989,0.46059,0.13865,0.39846,0.075366,0.43602,0.61316,0.73608,0.4948,0.4452,0.10761,-0.031686,0.11017,0.43322
0.48909,0.5877,0.16284,0.22531,0.48621,0.3701,0.04682,0.33432,0.25476,0.39771,0.40565,0.39936,0.19634,0.27265,0.53986,0.43992,0.4732,0.6771,0.28802,0.43326,0.34924,0.24408,0.68366,0.24393,0.43061,0.46483,0.059798,0.40458,0.39995,0.039318,0.29163,0.38904,0.42617,-0.19251,0.25615,0.4087,0.65694,0.23627,0.23215,0.36371,0.43349,0.43279,0.31256,0.26451,0.36783,0.33491,1,0.48523,0.41175,0.35098,0.1442,0.3629,0.24258,0.50592,0.44425,0.11528,0.52004,0.071779,0.53703,0.46451,0.21836,0.42573,0.2185,0.41554,0.40573,0.40956,0.43388,0.29889,0.31875,0.17265,0.051988,0.73255,0.49671,0.50433,0.24181,0.42832,0.41606,0.49829,0.42253,0.23745,0.23561,0.32385,0.38936,0.16671,0.31028
0.61001,0.37638,0.23557,0.78191,0.69758,0.72864,0.13505,-0.0925,0.50837,0.38329,0.78253,0.50416,0.6265,0.6216,0.87343,0.26257,0.3723,0.53676,0.46063,0.52689,0.47701,0.49568,0.67887,0.0029624,0.34426,0.53765,0.12023,0.5259,0.644,0.52583,0.47499,0.47259,0.8016,0.21453,0.3283,0.8888,0.32124,0.70565,0.73735,0.80645,0.62201,0.32253,0.2222,0.50199,0.63396,0.47778,0.48523,1,0.62844,0.57403,0.3317,0.51632,0.36801,0.80166,0.76582,0.40691,0.87371,0.61247,0.3772,0.77343,0.23186,0.57817,0.35201,0.61932,0.60441,0.27554,0.50387,0.61576,0.5525,0.23228,0.29073,0.58306,0.29038,0.50015,0.40015,0.19398,0.52172,0.50221,0.53846,0.43229,0.72495,-0.049429,0.60749,0.54632,0.69155
0.30367,0.032732,0.38207,0.77116,0.45953,0.66118,-0.0093377,0.18134,0.74132,0.182,0.75851,0.24632,0.83674,0.37145,0.63203,0.35383,0.35658,0.36875,0.7385,0.52183,0.40902,0.20534,0.53741,0.2081,0.33339,0.42867,0.10937,0.07657,0.51087,0.27289,0.31096,0.58872,0.74252,0.35979,0.28984,0.64464,0.40277,0.65443,0.82586,0.3657,0.62175,0.5128,0.3201,0.61471,0.4784,0.20812,0.41175,0.62844,1,0.62614,0.22236,0.24218,0.42244,0.66278,0.6586,0.10328,0.60548,0.73492,0.61796,0.66686,0.35826,0.54561,0.3248,0.70328,0.6924,0.36454,0.36908,0.11854,0.58815,0.52863,0.27121,0.49531,0.30538,0.66118,0.27292,0.16288,0.63672,0.39891,0.42611,0.17057,0.79065,0.27254,0.48612,0.48281,0.59116
0.23472,0.33679,0.58083,0.65766,0.55636,0.82179,0.16401,0.29364,0.75255,0.5234,0.79866,0.3856,0.68644,0.309,0.65072,0.16006,0.607,0.51038,0.64764,0.47105,0.56056,0.54694,0.53631,0.41886,0.45653,0.37471,0.11769,0.2822,0.43747,0.46079,0.46037,0.62147,0.77946,0.33499,0.46825,0.65236,0.45248,0.44278,0.65539,0.38774,0.56951,0.63173,0.50743,0.6003,0.16233,0.13637,0.35098,0.57403,0.62614,1,0.29331,0.40218,0.3918,0.69669,0.71865,0.42201,0.69506,0.7159,0.70234,0.50495,0.35515,0.55544,0.40208,0.73474,0.71907,0.39087,0.37295,0.42455,0.69372,0.31545,0.32404,0.50983,0.483,0.69617,0.32448,0.14472,0.55339,0.46399,0.31935,0.25558,0.52105,0.21692,0.42433,0.56742,0.65345
0.32342,-0.078465,-0.0098973,0.38764,0.62013,0.42466,0.33093,0.35668,0.14149,0.2583,0.27474,0.11385,0.35115,0.43786,0.28485,0.43484,0.19874,0.22552,0.28357,0.40538,0.61205,0.43406,0.10907,0.31726,0.14562,0.18491,0.24029,0.092028,0.19266,0.14869,0.31888,0.39101,0.46662,0.27798,0.42853,0.27596,0.03499,0.15731,0.28565,0.37882,0.35232,-0.18732,-0.08043,0.49559,-0.028396,0.18922,0.1442,0.3317,0.22236,0.29331,1,-0.09131,-0.052915,0.54688,0.48997,0.49888,0.37044,0.35163,0.19619,0.28809,0.15754,0.29329,0.022118,0.052357,0.027147,0.27371,0.71521,0.54228,0.40664,0.15763,-0.06355,0.37527,0.19598,0.080901,-0.099007,-0.077122,0.25601,0.4141,0.16439,-0.036558,0.26536,0.10544,0.18995,0.50505,0.39037
0.46246,0.41747,0.16861,0.42321,0.39209,0.32061,0.22939,0.059465,0.14393,0.41754,0.5135,0.42232,0.26245,0.3148,0.55461,0.074726,0.44105,0.61832,0.082853,0.20874,0.14817,0.43784,0.57688,-0.027766,0.15132,0.075337,0.24176,0.5475,0.37053,0.40307,0.05586,0.15064,0.43541,0.086317,0.23187,0.56498,0.18244,0.5512,0.35125,0.47711,0.42664,0.2012,0.056048,0.017788,0.48213,0.51127,0.3629,0.51632,0.24218,0.40218,-0.09131,1,0.18446,0.49488,0.43928,0.16288,0.36827,0.23252,0.4263,0.4928,0.22111,0.51455,0.44534,0.53281,0.532,0.35854,-0.0079215,0.42756,0.12043,0.12061,0.46283,0.34504,0.30626,0.38335,0.6192,0.033529,0.26856,0.505,0.71147,0.54463,0.29338,0.30995,0.02085,0.32469,0.24908
0.21412,0.084207,0.48822,0.53954,0.36625,0.36257,-0.023095,0.18805,0.44454,0.22502,0.42131,0.28312,0.42776,0.32086,0.32264,0.19214,0.19875,0.20563,0.50947,0.32871,0.41456,0.41759,0.176,0.24825,0.29547,0.42602,0.2084,0.46387,0.60036,0.54322,0.61033,0.37791,0.3336,0.35298,0.35619,0.53037,0.54102,0.53056,0.56734,0.37103,0.37319,0.39115,0.59521,0.47326,0.51139,0.36463,0.24258,0.36801,0.42244,0.3918,-0.052915,0.18446,1,0.45854,0.44346,0.44443,0.29494,0.45228,0.24084,0.33154,0.24872,0.10432,0.39817,0.6589,0.65326,0.46228,0.24517,0.041083,0.40315,0.23166,0.24192,0.4181,0.30998,0.35161,0.31825,0.16146,0.50564,0.37281,0.29787,0.23191,0.45316,0.20442,0.40281,0.38454,0.47732
0.59896,0.25782,0.42453,0.78881,0.83513,0.69686,0.32268,0.28111,0.55026,0.53036,0.84761,0.47684,0.70101,0.55412,0.84806,0.49872,0.6025,0.66006,0.64618,0.65229,0.67007,0.65343,0.5868,0.36245,0.53812,0.49288,0.34474,0.39506,0.65654,0.5093,0.616,0.69006,0.80703,0.40805,0.58196,0.77251,0.40709,0.66546,0.72127,0.82266,0.70435,0.30561,0.19882,0.63697,0.43721,0.57828,0.50592,0.80166,0.66278,0.69669,0.54688,0.49488,0.45854,1,0.96545,0.6285,0.72853,0.64727,0.60455,0.65944,0.45307,0.70752,0.36026,0.71272,0.69891,0.61489,0.65794,0.66731,0.64527,0.2234,0.48291,0.71352,0.48195,0.57928,0.27726,0.15539,0.6491,0.67408,0.62318,0.26628,0.71015,0.31608,0.43291,0.69889,0.72363
0.4985,0.26767,0.4072,0.76255,0.80086,0.687,0.25399,0.21101,0.56151,0.43319,0.83337,0.48161,0.72734,0.52067,0.85822,0.46308,0.52951,0.59726,0.63952,0.5589,0.62875,0.59914,0.49797,0.39159,0.60886,0.53025,0.28728,0.35931,0.65905,0.49502,0.57259,0.65963,0.79053,0.42773,0.5292,0.76038,0.34977,0.58889,0.71532,0.76847,0.70431,0.33027,0.24093,0.65232,0.37272,0.47985,0.44425,0.76582,0.6586,0.71865,0.48997,0.43928,0.44346,0.96545,1,0.60256,0.72712,0.72991,0.56815,0.58418,0.49217,0.67193,0.32909,0.76596,0.7584,0.61639,0.57278,0.54999,0.65344,0.25578,0.47143,0.7257,0.40859,0.56557,0.3125,0.13037,0.58478,0.60323,0.55161,0.27073,0.73186,0.2484,0.43131,0.69457,0.71162
0.41362,0.083193,0.26981,0.42222,0.68339,0.46579,0.43288,0.45405,0.28917,0.62037,0.37472,0.025043,0.3158,0.55843,0.30809,0.38124,0.36622,0.26687,0.19483,0.61758,0.67159,0.75725,0.087564,0.22947,0.25589,0.29982,0.41854,0.22434,0.25201,0.6283,0.63977,0.37339,0.34938,0.23147,0.63326,0.34775,0.24558,0.21451,0.24656,0.60779,0.11593,0.18096,0.11178,0.4834,0.055547,0.30405,0.11528,0.40691,0.10328,0.42201,0.49888,0.16288,0.44443,0.6285,0.60256,1,0.35366,0.34612,0.26592,0.26467,0.2941,0.38168,0.0065509,0.39263,0.39617,0.55983,0.66785,0.60552,0.30047,0.1828,0.46665,0.46484,0.25763,0.33,-0.11691,-0.060581,0.23592,0.5322,0.29694,-0.081897,0.26938,0.29227,0.077936,0.68123,0.51165
0.52762,0.28394,0.32817,0.6197,0.66123,0.79616,0.26319,-0.036619,0.51681,0.32198,0.73516,0.53702,0.53447,0.46144,0.78956,0.29331,0.40932,0.53062,0.41487,0.50814,0.4993,0.57369,0.67491,0.10584,0.43173,0.53375,0.16198,0.51301,0.61407,0.47773,0.39682,0.5591,0.8354,0.064423,0.28037,0.84845,0.50102,0.51293,0.64141,0.57685,0.67951,0.49181,0.30192,0.46003,0.40309,0.27994,0.52004,0.87371,0.60548,0.69506,0.37044,0.36827,0.29494,0.72853,0.72712,0.35366,1,0.57761,0.45562,0.69317,0.11868,0.47165,0.17732,0.58695,0.5684,0.22389,0.58517,0.53548,0.71686,0.21836,0.090901,0.55956,0.3241,0.51725,0.29023,0.3527,0.53563,0.43156,0.26804,0.29335,0.52735,0.00099644,0.69389,0.54797,0.77496
0.19375,0.030184,0.41863,0.84604,0.56738,0.70917,0.040556,0.031323,0.72307,0.15963,0.73526,0.36367,0.87108,0.53101,0.64234,0.18796,0.19385,0.25428,0.64581,0.28303,0.4466,0.36222,0.25683,0.3626,0.28081,0.46143,0.14436,0.2541,0.50833,0.43517,0.44904,0.55645,0.79039,0.67806,0.36251,0.72692,0.15614,0.57061,0.86778,0.41437,0.65979,0.39873,0.31142,0.69118,0.34155,0.1178,0.071779,0.61247,0.73492,0.7159,0.35163,0.23252,0.45228,0.64727,0.72991,0.34612,0.57761,1,0.40559,0.52602,0.31188,0.44406,0.48977,0.79217,0.7842,0.31483,0.25365,0.18698,0.62202,0.52219,0.2289,0.38934,0.24868,0.46649,0.48024,-0.019492,0.46588,0.43063,0.29447,0.39452,0.78431,-0.033393,0.50852,0.64974,0.6307
0.2088,0.18341,0.42716,0.3892,0.37728,0.57331,0.21165,0.5176,0.57259,0.51133,0.54448,0.36459,0.49366,0.18756,0.51687,0.39676,0.59252,0.44175,0.53212,0.46382,0.498,0.39864,0.5331,0.20247,0.17134,0.14623,0.059223,0.15212,0.235,0.31206,0.24876,0.36297,0.6272,0.16725,0.26699,0.41391,0.43516,0.27817,0.46575,0.24659,0.36366,0.64476,0.24754,0.32798,0.22062,0.065596,0.53703,0.3772,0.61796,0.70234,0.19619,0.4263,0.24084,0.60455,0.56815,0.26592,0.45562,0.40559,1,0.55844,0.17741,0.58678,0.16423,0.5521,0.54832,0.47575,0.2797,0.32226,0.55632,0.32232,0.3918,0.56638,0.34597,0.77575,0.061226,0.096421,0.49571,0.31016,0.32933,-0.051058,0.36527,0.55961,0.31322,0.50859,0.47356
