1,0.49368,0.49387,0.50728,0.67165,0.47129,0.055781,0.041547,0.45884,0.45904,0.29045,0.35499,0.054241,0.49623,0.55559,0.58033,0.42532,0.17433,0.2439,0.55319,-0.13252,0.20587,0.38448,0.87934,0.50341,0.60565,0.46594,0.16854,0.82266,0.3178,NaN,0.095397,-0.61946,0.4883,0.30997,0.6418,0.2829,0.59189,0.46992,0.19776,0.25388,0.66989,0.44281,0.29166,-0.074733,0.20993,0.29792,-0.080555,0.48777,0.16629,-0.24961,-0.12946,-0.21366,0.42561,0.43539,0.65076,0.24251,-0.24156,0.49828,-0.1537,0.56619,0.66622,0.50414,0.11649,0.53781,0.87506,-0.071009,0.36736,0.29716,0.14286,0.63737,-0.0027676,-0.32985,0.59885,0.071466,0.15465,0.23643,0.51867,0.43486,0.12303,0.17039,-0.030283,0.36696,0.34757,0.15916,0.050717,0.23072,0.44454,0.23954,0.26132,-0.35338,0.20813,0.74602,0.17832,0.10912,0.0012643,NaN,0.44441,0.48439,0.28854,0.09742,0.39153,-0.019365,-0.23303,0.17677,0.093196,-0.017059,0.50233,0.42711,0.28284,0.28135,0.074846,0.41271,0.43093,0.25667,0.32562,-0.050659,0.57285,0.63056,0.54356,0.2684,-0.0020523,0.72478,0.45591,-0.19741,0.37641,0.43551,0.23108,0.45486,0.40958,0.42623,0.26202,0.41098,0.60413,0.32234,0.57128,0.75636,0.16819,0.14032,0.28447,0.23542,0.91093,0.26865,0.33402,0.048828,0.53696,0.3844,0.43741,0.12337,0.52444,-0.31301,0.58084,0.58109,0.51735,0.39755,0.22015,-0.48335,0.37509,0.3809,0.45649,0.76025,0.45459,0.51211,0.015837,0.18452,0.3994,0.3377,0.30198,0.51169,0.73496,0.47866,0.033793,0.43901,0.32937,0.027146,0.53202,0.25544,0.30189,0.54619,0.35395,0.33861,0.68871,0.26736,0.22227,0.41704,0.41462,0.49972,-0.30567,0.21607,0.39977,0.7519,0.53796,0.55433,0.74895,0.58582,-0.22847,0.30474,0.43502,0.4675,0.35695
0.49368,1,0.60689,0.63836,0.63049,0.58609,0.50686,0.25439,0.37335,0.49679,0.61841,0.40327,0.51717,0.69366,0.77756,0.73579,0.70597,0.10878,0.41431,0.51088,-0.027034,0.26162,0.63919,0.58874,0.33617,0.72646,0.33063,-0.15836,0.52117,0.73239,NaN,-0.0022086,-0.34524,0.55919,0.63199,0.61681,-0.17312,0.61054,0.4262,0.13285,0.40632,0.54923,0.645,0.56265,0.11674,0.39157,0.49792,0.018146,0.42151,0.52057,-0.1033,-0.28668,-0.0082491,0.48217,0.15896,0.48564,0.10709,0.027398,0.62119,0.3591,0.69957,0.22097,0.55313,0.084071,0.75466,0.29636,-0.0084232,0.28894,0.49906,0.0013455,0.53415,0.46192,-0.2576,0.74764,0.28381,0.0098415,0.2981,0.72006,0.20737,0.13397,0.37879,0.10236,0.57994,0.60584,-0.24631,-0.072034,0.32228,0.40938,0.25813,0.27773,-0.19632,0.29236,0.50194,0.39576,-0.04944,0.17477,NaN,0.2417,0.28899,0.58146,0.13666,0.17046,0.086793,-0.076564,0.3518,0.43767,0.34519,0.59516,0.73713,0.26055,0.19603,0.29901,0.55219,0.50786,0.45818,0.48022,0.082585,0.84715,0.61325,0.37491,0.080695,0.25813,0.73863,0.59313,0.1371,0.27582,0.27823,0.17591,0.53421,0.72821,0.40842,0.18475,0.52527,0.65856,0.60927,0.58422,0.7263,0.30798,0.34002,0.50034,0.47058,0.35007,0.16913,0.76369,0.082463,0.43234,0.11737,0.63512,-0.048353,0.47911,-0.049484,0.74725,0.61641,0.6295,0.50479,0.40835,-0.37598,0.11631,0.40396,0.69792,0.73066,0.59913,0.5218,0.37224,0.16085,0.52633,0.54036,0.32263,0.017651,0.5323,0.76499,0.42307,0.52735,-0.17214,-0.076591,0.29614,0.36034,0.17636,0.16844,0.47178,0.37279,0.53666,0.12908,0.51721,0.41232,0.37522,0.62313,0.074454,0.27159,0.44464,0.12419,0.69227,0.67469,0.66679,0.4486,0.26716,0.37177,0.74307,0.59586,0.56211
0.49387,0.60689,1,0.57969,0.74464,0.41619,0.3146,0.22955,0.31795,0.50108,0.55733,0.38573,0.51247,0.77973,0.55381,0.74259,0.61882,0.10494,0.30562,0.61494,-0.13261,0.20522,0.61476,0.61339,0.29283,0.61,0.58198,0.22283,0.54052,0.56313,NaN,-0.033806,-0.20533,0.73216,0.52959,0.57034,-0.012299,0.76298,0.32358,-0.048014,0.44919,0.59955,0.72567,0.76994,0.44136,0.30722,0.20592,0.13161,0.40682,0.42402,0.07911,0.043492,0.12105,0.63184,0.30786,0.14262,0.21818,0.12722,0.60228,0.22735,0.58964,0.25922,0.6948,0.37043,0.68495,0.29847,-0.039031,0.66235,0.13516,0.25533,0.59522,0.30382,-0.018145,0.67595,0.41556,0.24774,0.57437,0.59742,0.29841,0.54015,0.49732,0.40946,0.55506,0.5529,0.10234,0.24863,0.40875,0.56098,0.40836,0.53405,-0.24959,0.4659,0.46124,0.61878,0.23806,0.34214,NaN,0.50486,0.32759,0.40325,0.32555,0.14009,0.30608,-0.36303,0.54474,0.44615,0.59437,0.72599,0.69217,0.49655,0.26657,0.21495,0.071659,0.78502,0.46764,0.49188,0.26472,0.692,0.66051,0.63957,0.31208,0.36177,0.61502,0.37558,0.11201,0.37728,0.72171,0.30669,0.47687,0.64944,0.59316,0.052703,0.63242,0.62708,0.63549,0.51318,0.59828,0.32949,0.48642,0.58247,0.40701,0.3613,0.15563,0.65087,0.28603,0.28347,0.060394,0.7161,0.061621,0.79938,0.17828,0.62276,0.57437,0.7652,0.62895,0.35441,-0.09981,0.52312,0.18766,0.6589,0.73388,0.46415,0.70238,0.22942,-0.07612,0.5914,0.72502,0.51405,0.23727,0.5202,0.71191,0.24181,0.7198,0.26103,0.14027,0.47507,0.63319,0.21369,-0.16875,0.51512,0.39487,0.49361,0.25469,0.24167,0.73361,0.35375,0.65728,0.25765,0.3446,0.41633,0.21071,0.62026,0.57871,0.33895,0.21827,0.080965,0.61062,0.57829,0.71714,0.65783
0.50728,0.63836,0.57969,1,0.78393,0.72166,-0.025298,0.65735,0.51194,0.65101,0.55865,0.41467,0.47396,0.81508,0.8469,0.63323,0.72532,0.55221,0.71316,0.5446,0.12647,0.46436,0.64107,0.61401,0.48594,0.77622,0.39819,0.29248,0.6123,0.59385,NaN,0.39316,-0.068072,0.78237,0.76871,0.70423,-0.34065,0.77657,0.40516,0.29654,0.63457,0.85654,0.78142,0.62783,0.2529,0.51778,0.54997,0.41536,0.41053,0.50517,0.15823,0.32871,0.23836,0.49265,0.33518,0.45511,0.40684,0.21395,0.69797,0.027841,0.71223,0.05917,0.752,0.4472,0.60453,0.54578,0.39422,0.44863,0.32153,0.38379,0.77605,0.61744,-0.23252,0.87091,0.52254,0.37781,0.42468,0.86871,0.50789,0.55294,0.73566,0.16584,0.49764,0.47045,0.17404,0.37369,0.72022,0.64408,0.68687,0.63845,-0.16323,0.55818,0.63917,0.42794,0.40876,0.39428,NaN,0.34803,0.2947,0.74949,0.55442,0.14372,0.34255,0.1518,0.28645,0.48421,0.46431,0.80143,0.86824,0.66675,0.26606,0.42175,0.50139,0.61748,0.68229,0.36443,0.36307,0.68676,0.65914,0.80954,0.25288,0.70381,0.77317,0.6015,0.4017,0.3463,0.65679,0.5613,0.4609,0.81247,0.58492,0.23604,0.60884,0.71699,0.62904,0.79002,0.76692,0.67335,0.69283,0.69866,0.46454,0.44677,0.22386,0.63265,-0.012816,0.70973,-0.17274,0.6848,0.098861,0.76812,-0.0035624,0.71606,0.60638,0.89994,0.84346,0.54341,-0.32778,0.56029,0.3509,0.68797,0.83069,0.59493,0.85293,0.22449,0.16759,0.66105,0.61119,0.51422,0.27243,0.77359,0.83687,0.26028,0.74742,0.43707,0.12603,0.037691,0.56315,0.28081,0.24182,0.73016,0.5507,0.61907,0.55611,0.52797,0.58253,0.41061,0.6142,0.27372,0.61496,0.69576,0.33,0.75133,0.62421,0.56218,0.45982,0.28192,0.69764,0.86712,0.7886,0.78497
0.67165,0.63049,0.74464,0.78393,1,0.66348,0.16758,0.38803,0.19877,0.57243,0.65773,0.52978,0.41083,0.8358,0.63928,0.66707,0.53496,0.31926,0.41589,0.51566,-0.17546,0.23637,0.48927,0.79249,0.30426,0.80745,0.39785,0.11723,0.75445,0.60245,NaN,0.14587,-0.14144,0.64982,0.57141,0.64053,-0.14126,0.77494,0.46136,0.22559,0.42832,0.77322,0.74707,0.70252,0.34527,0.56591,0.26013,0.090932,0.27754,0.44633,0.062823,-0.024465,-0.09461,0.72219,0.46534,0.38831,0.20724,0.18283,0.79083,-0.095133,0.69983,0.30643,0.68734,0.36318,0.63839,0.56697,0.27269,0.66504,0.37442,0.42456,0.79999,0.33164,-0.17389,0.7325,0.54491,0.1592,0.47918,0.79577,0.40867,0.58965,0.5098,0.05803,0.4987,0.27042,0.21665,0.2849,0.52719,0.56475,0.52294,0.44529,-0.099667,0.33488,0.72821,0.5198,0.2989,0.31062,NaN,0.60208,0.19801,0.56204,0.3226,0.177,0.19423,-0.31793,0.47628,0.39838,0.49599,0.76576,0.75813,0.67437,0.17937,0.29822,0.37098,0.60901,0.44993,0.53021,0.26321,0.70473,0.5871,0.80655,0.20482,0.28723,0.73071,0.58384,0.17526,0.49295,0.66759,0.45092,0.51046,0.77531,0.65632,0.11901,0.58279,0.64352,0.61177,0.60582,0.82762,0.42839,0.50736,0.54392,0.56738,0.55443,0.31882,0.58997,0.10385,0.55984,0.10753,0.7136,0.36547,0.81198,-0.088343,0.74498,0.53462,0.8089,0.62768,0.32006,-0.39743,0.75995,0.53066,0.72319,0.88835,0.51099,0.70197,0.069335,0.19349,0.52726,0.60821,0.54361,0.41296,0.71048,0.68282,0.25612,0.84339,0.39307,0.2032,0.30261,0.55033,0.21354,0.24806,0.53327,0.47373,0.66735,0.36327,0.62322,0.6002,0.40201,0.59336,0.11795,0.61669,0.70725,0.26958,0.73893,0.50619,0.67073,0.47187,0.0082075,0.52107,0.72602,0.70238,0.61382
0.47129,0.58609,0.41619,0.72166,0.66348,1,0.23963,0.48459,0.20745,0.31185,0.68204,0.4458,0.060956,0.62095,0.65238,0.43176,0.51102,0.30147,0.6465,0.4041,-0.24317,0.42291,0.65683,0.66362,0.34932,0.66447,0.31856,-0.060968,0.5955,0.43816,NaN,0.25668,-0.13462,0.51298,0.63962,0.54958,-0.06421,0.71386,0.78974,0.30873,0.22581,0.65585,0.60635,0.32321,0.21844,0.29157,0.49107,-0.15937,0.35745,0.41211,0.028439,-0.0063597,0.39124,0.53052,0.50095,0.20243,0.21142,-0.11412,0.75546,0.034531,0.43895,0.28337,0.50391,0.27997,0.48854,0.41571,0.21347,0.39348,0.32909,0.41295,0.62678,0.45839,-0.55709,0.71304,0.37689,-0.025987,0.40351,0.6656,0.41046,0.29846,0.38297,0.040425,0.5765,0.27993,0.11712,0.16716,0.3461,0.7053,0.32192,0.38869,0.094218,0.39351,0.69724,0.38043,0.37525,0.33568,NaN,0.38776,0.23731,0.6727,0.19814,0.43912,0.13053,-0.090147,0.36707,0.49352,0.26312,0.68475,0.75799,0.44375,0.15861,0.11902,0.42756,0.45952,0.43944,0.35711,0.052043,0.60269,0.61674,0.51991,-0.080367,0.43085,0.63655,0.83461,0.17534,-0.01727,0.3743,0.12818,0.31913,0.70132,0.49193,0.090677,0.5138,0.51943,0.38367,0.584,0.76272,0.42455,0.26934,0.27359,0.52995,0.43917,0.28439,0.66894,-0.045903,0.48801,0.21132,0.61921,0.083311,0.61498,-0.082238,0.56981,0.58359,0.67516,0.59848,0.41513,-0.11579,0.3995,0.29557,0.6402,0.7092,0.34122,0.76165,0.19071,-0.0046539,0.73941,0.63296,0.6336,0.44256,0.63034,0.63449,0.38333,0.54,0.34309,0.04306,-0.0080989,0.33374,0.30689,0.47387,0.44839,0.5002,0.63506,0.2738,0.42367,0.38931,0.31649,0.44111,0.2106,0.42725,0.75138,0.23951,0.55621,0.46322,0.77483,0.77702,0.38909,0.59609,0.77874,0.55668,0.46354
0.055781,0.50686,0.3146,-0.025298,0.16758,0.23963,1,-0.089638,-0.078787,0.12776,0.35162,0.309,0.090735,0.13759,0.21905,0.35851,0.26333,-0.089428,-0.13552,0.16857,-0.36137,0.24206,0.42391,0.21549,0.0020202,-0.032649,0.2798,-0.38249,-0.085184,0.45485,NaN,0.020994,-0.084648,0.12366,-0.0049315,0.13952,-0.039861,0.24089,0.16659,-0.22717,-0.28546,-0.16991,0.26506,0.20191,0.20647,-0.067717,0.063843,-0.51479,0.16467,0.5686,-0.24988,-0.59926,-0.17704,0.14213,-0.0072642,-0.14501,-0.32519,-0.15427,0.17896,0.45277,0.36885,0.32582,0.079936,-0.060704,0.27363,-0.34308,-0.45037,0.17156,0.049385,0.031578,0.038299,0.073493,-0.15853,0.2631,0.0086441,-0.379,0.2837,0.12448,0.016037,-0.0075354,-0.087905,0.22444,0.25578,0.017291,-0.452,-0.26225,-0.21339,-0.028921,-0.15572,-0.03511,0.10586,-0.039508,-0.038087,0.15272,-0.43026,0.10725,NaN,-0.061887,0.079332,0.19221,-0.29434,0.19754,-0.42199,-0.58548,0.033536,0.11874,0.15705,0.10552,0.12434,-0.14624,0.058868,-0.20691,-0.1102,0.34926,0.28474,0.28293,-0.14585,0.43029,0.2634,0.011268,0.12906,-0.18834,0.23012,0.29207,-0.11225,0.056399,-0.072531,-0.2746,0.40889,0.3826,-0.056887,0.042286,0.22843,0.042548,0.30033,0.033852,0.15451,0.15421,-0.22021,0.050828,0.24811,0.088543,0.058924,0.32847,0.33038,-0.16009,0.47227,0.1682,0.18069,0.13787,0.094918,0.34589,0.33135,0.15127,0.11148,-0.058321,-0.00075574,-0.22338,0.12326,0.28854,0.13059,0.071327,0.083932,0.32933,-0.069743,0.12878,0.37766,0.24708,0.0365,0.099138,0.30525,0.47777,0.087581,-0.61034,-0.13082,0.39249,0.19635,0.049285,-0.28377,-0.040275,0.17658,0.048532,-0.090551,0.077323,0.11568,0.031312,0.21591,-0.079722,-0.20416,-0.0021767,-0.4185,0.16671,0.34674,0.10971,0.13267,0.17943,0.11287,0.35527,0.031494,0.075612
0.041547,0.25439,0.22955,0.65735,0.38803,0.48459,-0.089638,1,0.31612,0.2592,0.29428,0.48953,0.37206,0.59684,0.60532,0.3627,0.51282,0.51347,0.57249,0.36062,-0.059131,0.43928,0.28667,0.18342,0.34348,0.47283,0.17145,0.3109,0.18937,0.55588,NaN,0.41816,0.2593,0.56639,0.37257,0.45568,-0.38396,0.30102,0.098455,0.27643,0.62451,0.50534,0.71954,0.46897,0.18423,0.55433,0.56905,0.5997,-0.15212,0.13185,0.40207,0.39489,0.36524,0.38231,0.21057,0.037317,0.17312,0.2424,0.53654,-0.059367,0.48812,-0.017256,0.65087,0.54133,0.52035,0.11297,0.49284,0.41406,-0.031985,0.47228,0.54476,0.69468,-0.1188,0.51564,0.63209,0.16069,-0.056807,0.62935,0.37404,0.46977,0.63284,0.22837,-0.046608,-0.076119,0.24111,0.042441,0.83234,0.47485,0.56285,0.68595,0.055264,0.62984,0.20745,0.19204,0.47202,0.42515,NaN,-0.20757,-0.26638,0.51645,0.54638,0.18747,0.27696,0.19931,0.019219,0.56402,0.49654,0.68593,0.59169,0.4635,0.093884,0.30681,0.25382,0.32754,0.65867,0.18635,0.45958,0.48911,0.36395,0.64699,0.24515,0.64031,0.46657,0.32576,0.30033,0.053604,0.40046,0.48828,0.12948,0.67074,0.40176,0.097456,0.27583,0.3146,0.65372,0.57896,0.34207,0.37639,0.7241,0.45043,0.44706,-0.006889,0.09617,0.45772,0.03657,0.58301,-0.090041,0.50694,0.16812,0.495,0.27363,0.44971,0.28833,0.59836,0.57334,0.57249,0.026319,0.41242,0.097205,0.53366,0.50295,0.48109,0.60267,0.35548,0.11444,0.5665,0.59405,0.24502,-0.26246,0.33184,0.61342,0.3682,0.5769,0.39343,0.29963,-0.18698,0.39141,0.19656,0.27061,0.69957,0.44853,0.39403,0.46252,0.38734,0.57744,0.26297,0.492,0.26913,0.68486,0.37985,-0.063705,0.46489,0.28835,0.14093,0.07212,0.50272,0.63563,0.64771,0.68383,0.76382
0.45884,0.37335,0.31795,0.51194,0.19877,0.20745,-0.078787,0.31612,1,0.38844,0.19661,0.17479,0.34252,0.36278,0.6249,0.70196,0.52617,0.44821,0.20199,0.7227,0.14623,0.48257,0.46924,0.31309,0.54587,0.4012,0.3797,0.54463,0.3854,0.27632,NaN,0.33604,-0.27459,0.5439,0.39345,0.64272,-0.14652,0.38663,0.17561,0.091913,0.63675,0.54576,0.45317,0.22515,-0.14025,0.12398,0.62406,0.45451,0.52554,0.15669,0.23761,0.37646,0.16927,0.21191,0.1958,0.3874,0.34293,-0.099455,0.07964,-0.041549,0.5203,0.22067,0.64437,0.32043,0.51305,0.41205,-0.14297,0.22233,0.015323,0.012442,0.50849,0.33124,-0.084973,0.61843,0.23564,0.39594,0.061729,0.30088,0.27372,0.18999,0.56155,0.11587,0.088096,0.48885,0.077492,0.14486,0.47512,0.3823,0.45681,0.60285,-0.12292,0.66072,0.35336,0.16613,0.11846,0.21832,NaN,-0.1708,0.43825,0.55452,0.41073,0.15071,0.31426,0.32432,-0.16701,0.0094069,0.086221,0.40259,0.35712,0.24095,0.61685,0.21873,0.41751,0.39925,0.62637,-0.10992,0.24825,0.50505,0.68753,0.41323,0.2665,0.45348,0.6825,0.11017,0.23814,0.38553,0.35062,0.30503,0.20465,0.32387,0.3774,0.42278,0.52382,0.566,0.36695,0.7473,0.35237,0.38805,0.47196,0.43508,-0.10578,0.39114,0.091449,0.35512,0.19694,0.73901,-0.038249,0.40086,-0.31395,0.38713,-0.22378,0.59426,0.72472,0.52171,0.63507,0.3272,-0.055895,-0.10588,0.006331,0.34446,0.49376,0.4656,0.48369,0.074488,0.1235,0.28613,0.38539,0.09223,0.0098179,0.42677,0.61872,-0.047331,0.31756,0.20557,-0.15748,0.29185,0.11753,0.46911,0.14736,0.60013,0.57328,0.4739,0.53962,-0.15616,0.47016,0.27004,0.65613,0.0040172,0.11522,0.015559,0.48102,0.63269,0.58578,0.15525,0.10264,-0.052416,0.54767,0.45171,0.57767,0.56429
0.45904,0.49679,0.50108,0.65101,0.57243,0.31185,0.12776,0.2592,0.38844,1,0.38151,0.47226,0.23342,0.58038,0.71176,0.52808,0.61984,0.2792,0.60312,0.42763,0.25599,0.2748,0.34657,0.47127,0.16107,0.44005,0.61435,0.18857,0.29697,0.65934,NaN,0.30415,-0.36878,0.44832,0.52572,0.68755,-0.18777,0.64173,-0.011604,0.33701,0.45473,0.595,0.42583,0.53829,0.14994,0.47203,0.22221,0.24185,0.47833,0.66318,0.054426,-0.11514,-0.031919,0.24294,0.19836,0.61191,0.51837,-0.041302,0.33445,0.13915,0.55887,-0.035939,0.47269,0.15263,0.47646,0.43454,0.011489,0.34738,0.098446,0.12797,0.42675,0.48198,-0.01899,0.58077,0.070269,0.58822,0.54093,0.57478,0.31626,0.5541,0.49681,-0.021463,0.45824,0.50998,0.065667,0.56025,0.42832,0.40666,0.44571,0.53402,-0.40815,0.43373,0.54051,0.49541,-0.14032,0.29444,NaN,0.36081,0.43899,0.55685,0.44044,-0.019305,0.03955,-0.010506,0.25217,0.18023,0.20808,0.55688,0.453,0.46704,0.44158,0.38937,0.32631,0.54138,0.56111,0.41101,0.34501,0.60812,0.35617,0.53686,0.50433,0.30113,0.60756,0.37973,0.37959,0.4547,0.48552,0.67566,0.58855,0.55458,0.24587,0.31298,0.46293,0.64691,0.38655,0.51427,0.53678,0.57853,0.57832,0.78226,0.32038,0.53081,0.21713,0.27759,-0.14847,0.36489,-0.2234,0.22339,0.28992,0.60188,0.014334,0.51335,0.44873,0.6094,0.51451,0.18586,-0.35647,0.3846,0.37598,0.51879,0.49731,0.54032,0.49401,0.23051,0.16752,0.21114,0.42084,0.46319,0.38458,0.69321,0.66197,0.18947,0.3909,-0.018099,0.26277,0.41946,0.45991,0.39495,-0.033399,0.56828,0.34525,0.29419,0.29909,0.45053,0.37517,0.57229,0.35384,-0.11468,0.15636,0.59112,0.22939,0.55555,0.68821,0.34227,0.28499,-0.0049063,0.39364,0.68812,0.56052,0.56009
0.29045,0.61841,0.55733,0.55865,0.65773,0.68204,0.35162,0.29428,0.19661,0.38151,1,0.40535,0.45385,0.61023,0.55324,0.59447,0.60548,0.079125,0.36685,0.55199,-0.38715,0.11052,0.51061,0.57567,0.0045319,0.65142,0.26072,0.10115,0.51535,0.54623,NaN,-0.066355,0.030827,0.40135,0.72635,0.3993,-0.33294,0.61572,0.56069,0.29209,0.3638,0.44813,0.5674,0.43827,0.26932,0.50855,0.47528,-0.094144,0.32445,0.4536,0.40315,-0.13136,0.23426,0.57049,0.18466,0.17374,0.15248,0.17494,0.65523,-0.0040936,0.52352,0.25331,0.41497,0.15325,0.50372,0.17605,0.039042,0.55898,0.28729,0.16884,0.62255,0.51818,-0.38002,0.60236,0.44494,-0.10389,0.41656,0.48924,0.070743,0.4787,0.61197,-0.10202,0.55813,0.33601,0.1147,0.29669,0.25688,0.65394,0.38938,0.43436,0.18624,0.38349,0.63229,0.60778,0.28638,0.36345,NaN,0.45428,0.20893,0.71204,0.18242,0.20385,0.43685,-0.17812,0.51797,0.40994,0.28853,0.62625,0.74814,0.51168,0.26545,0.32877,0.4639,0.44751,0.36797,0.17201,0.19547,0.67363,0.66864,0.34074,-0.039499,0.36568,0.57947,0.62561,0.33399,0.36376,0.39516,-0.014841,0.35657,0.64121,0.64096,0.19838,0.78687,0.51758,0.46635,0.53122,0.64524,0.36343,0.4145,0.30973,0.50905,0.29533,0.27398,0.52721,0.086527,0.3693,0.094962,0.72271,-0.010733,0.6889,-0.10033,0.69753,0.73182,0.65202,0.53848,0.40942,0.05071,0.36028,0.38384,0.76176,0.60419,0.44649,0.64418,-0.077228,0.059016,0.49528,0.60832,0.45097,0.23718,0.27692,0.6905,0.34601,0.51133,0.16209,0.084876,0.22535,0.39624,0.30337,0.10342,0.38764,0.75777,0.56818,0.047445,0.52669,0.49162,0.393,0.54011,0.23487,0.30957,0.6003,-0.078783,0.78922,0.37487,0.53186,0.44513,-0.01965,0.56189,0.70362,0.5724,0.49158
0.35499,0.40327,0.38573,0.41467,0.52978,0.4458,0.309,0.48953,0.17479,0.47226,0.40535,1,0.15731,0.65429,0.53101,0.53198,0.35479,0.35794,0.36066,0.3317,-0.012265,0.30099,0.14379,0.4841,0.025158,0.41443,0.4395,-0.11674,0.3203,0.72734,NaN,0.24029,-0.22348,0.1812,0.19147,0.65383,-0.29078,0.39608,0.27284,0.49135,0.18348,0.43217,0.67347,0.41616,0.40578,0.48372,0.39773,0.044529,0.051195,0.2939,0.01726,-0.1562,0.041937,0.29892,0.22274,0.35036,0.19902,-0.0093642,0.59854,0.11251,0.36557,0.32628,0.63889,0.18788,0.4679,0.22424,-0.1299,0.35793,-0.19824,0.51375,0.38196,0.45372,-0.1813,0.52235,0.40656,-0.1345,0.16059,0.45963,0.23239,0.57893,0.25355,0.0621,-0.045235,-0.018875,0.036179,-0.07367,0.31305,0.44668,0.43752,0.35242,-0.21428,0.43952,0.43994,0.31147,0.15747,0.22935,NaN,0.10103,0.038206,0.58712,0.10283,0.078515,0.023217,-0.16145,0.2598,0.18057,0.46375,0.7159,0.4079,0.26884,0.32937,0.22764,0.35264,0.3089,0.58166,0.30825,0.5118,0.50308,0.34946,0.56007,0.2334,0.0040558,0.47178,0.35329,-0.071952,0.067794,0.2292,0.50341,0.59211,0.59527,0.38761,0.45603,0.2026,0.3014,0.67051,0.42229,0.51167,0.25187,0.38965,0.61221,0.57028,0.34497,0.081969,0.31748,-0.19327,0.37814,0.25766,0.29497,0.22705,0.49909,-0.0030481,0.58375,0.37716,0.42138,0.40033,0.32589,-0.10958,0.31685,0.48856,0.49653,0.50006,0.33196,0.37569,0.41592,0.46881,0.26582,0.57692,0.55943,0.15239,0.49407,0.52896,0.73723,0.45814,0.014948,-0.019546,0.19258,0.083678,0.39027,0.2069,0.52487,0.24046,0.29686,0.25409,0.46692,0.36373,0.51937,0.41535,-0.1377,0.29911,0.40891,-0.066305,0.38247,0.29422,0.34323,0.113,0.22969,0.44726,0.63161,0.40699,0.60874
0.054241,0.51717,0.51247,0.47396,0.41083,0.060956,0.090735,0.37206,0.34252,0.23342,0.45385,0.15731,1,0.49351,0.43786,0.57947,0.53226,0.16304,0.043595,0.34509,-0.0043198,0.12709,0.30762,0.14341,0.14178,0.47773,0.087718,0.25866,0.1685,0.46753,NaN,-0.024516,0.19304,0.54438,0.48778,0.24975,-0.56082,0.26228,-0.035122,-0.032318,0.60843,0.32632,0.59782,0.72024,0.21656,0.49881,0.40432,0.58859,0.019265,0.2627,0.20358,0.32032,-0.0043003,0.36473,-0.15328,0.16765,-0.14096,0.71646,0.3512,0.21047,0.5493,-0.014294,0.4509,0.18312,0.49685,-0.012185,0.32232,0.23823,0.32246,0.044657,0.53172,0.57419,0.27302,0.52436,0.46088,0.047651,0.10847,0.52533,0.10537,0.40324,0.69381,0.2764,0.1745,0.32123,0.015276,0.069158,0.49779,0.1732,0.46049,0.28295,0.063386,0.21415,0.11665,0.32647,0.27506,0.31309,NaN,0.059282,0.12173,0.32772,0.31348,0.011021,0.47339,0.15895,0.073964,0.38575,0.43792,0.40085,0.56366,0.38057,-0.042562,0.40291,0.33836,0.36825,0.38015,0.014201,0.23833,0.49275,0.42098,0.41864,0.13269,0.55104,0.34268,0.03349,0.40311,0.58261,0.36432,0.20057,0.25744,0.49013,0.42847,0.13256,0.4835,0.53031,0.66242,0.44635,0.22464,0.26176,0.55241,0.48456,0.3035,-0.11852,-0.11698,0.388,0.38164,0.30675,-0.19956,0.67375,-0.20523,0.41734,0.26425,0.49958,0.37383,0.58104,0.5879,0.57617,-0.1782,0.27135,0.21239,0.40242,0.45882,0.567,0.35818,0.14249,0.26881,0.33822,0.4007,-0.16418,-0.3748,0.10636,0.59815,0.19281,0.46925,0.12025,0.11286,0.059929,0.36809,0.1051,-0.27776,0.49284,0.42597,0.16061,0.20958,0.35168,0.42942,0.15736,0.47428,0.45895,0.32458,0.16268,-0.080213,0.59679,0.24676,-0.017683,-0.23218,-0.054194,0.45196,0.44767,0.53722,0.57399
0.49623,0.69366,0.77973,0.81508,0.8358,0.62095,0.13759,0.59684,0.36278,0.58038,0.61023,0.65429,0.49351,1,0.76324,0.75935,0.66049,0.4768,0.61855,0.65672,0.053501,0.36935,0.58629,0.67558,0.4249,0.8092,0.4386,0.11723,0.68036,0.75987,NaN,0.20091,-0.085918,0.68709,0.67958,0.71445,-0.23759,0.75122,0.43777,0.28568,0.61936,0.79305,0.88959,0.69781,0.35699,0.5662,0.51637,0.3116,0.34176,0.35494,0.20407,0.056728,0.13489,0.59551,0.31814,0.34858,0.46111,0.20008,0.83349,0.0016417,0.64183,0.16353,0.85477,0.45309,0.77999,0.40034,0.14547,0.56857,0.22152,0.3403,0.71414,0.49408,-0.29671,0.79521,0.64384,0.20317,0.38582,0.82693,0.24381,0.5656,0.54622,0.22433,0.45828,0.40349,0.019132,0.13315,0.65018,0.65641,0.57188,0.62911,-0.2877,0.55843,0.54291,0.55348,0.38754,0.27101,NaN,0.32205,0.052109,0.67474,0.44891,0.081721,0.33559,-0.059914,0.5692,0.60699,0.63033,0.92474,0.8506,0.55296,0.32992,0.43172,0.37732,0.65577,0.57487,0.56647,0.45506,0.75542,0.6545,0.75139,0.18061,0.43137,0.77889,0.52957,0.12772,0.23631,0.64332,0.54546,0.56953,0.87052,0.67142,0.18513,0.59785,0.58542,0.7473,0.67947,0.82068,0.42493,0.74739,0.74103,0.62954,0.39891,0.3216,0.72986,-0.12588,0.61262,-0.082374,0.68132,0.13199,0.81443,0.072337,0.77183,0.57888,0.82867,0.68302,0.56514,-0.13299,0.55162,0.43339,0.86158,0.86829,0.47065,0.77444,0.294,0.23418,0.67473,0.70521,0.58643,0.14779,0.67112,0.82045,0.50993,0.85292,0.34089,0.13619,0.2117,0.52765,0.12318,0.1536,0.70629,0.43264,0.68451,0.46405,0.54782,0.71913,0.35512,0.73886,0.1766,0.66297,0.57362,0.12113,0.70852,0.52519,0.54125,0.34673,0.27695,0.69776,0.78211,0.7985,0.8048
0.55559,0.77756,0.55381,0.8469,0.63928,0.65238,0.21905,0.60532,0.6249,0.71176,0.55324,0.53101,0.43786,0.76324,1,0.71481,0.89768,0.44184,0.68851,0.69732,0.020461,0.53967,0.67738,0.58378,0.531,0.68514,0.46148,0.27576,0.52313,0.73237,NaN,0.4335,-0.24401,0.68173,0.65481,0.8605,-0.26869,0.70632,0.39961,0.21265,0.64487,0.78627,0.73619,0.62556,0.14436,0.61155,0.74252,0.36541,0.53809,0.53456,0.089036,0.031977,0.1542,0.51801,0.37183,0.51232,0.37105,0.044058,0.60411,0.23951,0.75171,0.19318,0.75429,0.4418,0.80552,0.46603,0.14592,0.42061,0.20508,0.28348,0.67159,0.68682,-0.28012,0.89624,0.3538,0.34875,0.34156,0.77022,0.46214,0.33126,0.65348,0.26146,0.48548,0.54825,0.051737,0.21184,0.63684,0.683,0.53069,0.68711,-0.2811,0.55943,0.59369,0.49074,0.22118,0.46405,NaN,0.18279,0.37031,0.76106,0.53995,0.32811,0.23383,0.04199,0.25706,0.50351,0.34772,0.81607,0.80531,0.52773,0.36314,0.48316,0.46513,0.67456,0.68136,0.46847,0.3549,0.83744,0.72682,0.63451,0.4476,0.56807,0.83195,0.70378,0.31365,0.28677,0.57052,0.49284,0.52653,0.77887,0.45441,0.44091,0.66331,0.80035,0.62029,0.87513,0.74007,0.6335,0.64778,0.72788,0.43767,0.48538,0.14234,0.68664,0.037415,0.64141,-0.01856,0.64376,0.032355,0.7343,0.019065,0.71999,0.71676,0.80516,0.7549,0.49478,-0.21249,0.27579,0.27445,0.74846,0.80917,0.66373,0.7266,0.33053,0.17436,0.66347,0.73348,0.39215,0.15246,0.74461,0.92976,0.42236,0.52798,0.17469,0.20687,0.18688,0.52036,0.44506,0.30213,0.85057,0.56428,0.60494,0.49502,0.42241,0.64129,0.52281,0.62625,0.089829,0.32141,0.61093,0.29464,0.76076,0.83781,0.57851,0.5169,0.30838,0.66551,0.88594,0.77325,0.79928
0.58033,0.73579,0.74259,0.63323,0.66707,0.43176,0.35851,0.3627,0.70196,0.52808,0.59447,0.53198,0.57947,0.75935,0.71481,1,0.62782,0.37287,0.20412,0.79847,-0.11234,0.4325,0.60735,0.63264,0.43474,0.68975,0.56904,0.22989,0.57817,0.70346,NaN,0.13585,-0.26605,0.69521,0.54704,0.72066,-0.20747,0.66986,0.32292,0.1257,0.62486,0.61184,0.80903,0.59894,0.11503,0.3417,0.51626,0.22549,0.4219,0.42576,0.20924,0.0057999,-0.0041851,0.54056,0.2248,0.37583,0.22018,0.038761,0.51219,0.0068998,0.79281,0.3751,0.80732,0.28619,0.80282,0.33389,-0.17399,0.552,0.2632,0.10621,0.7356,0.38166,-0.14246,0.79121,0.49226,0.15929,0.31553,0.64151,0.20508,0.46591,0.57018,0.11234,0.33432,0.43361,-0.050373,0.066155,0.52556,0.4475,0.50443,0.58355,-0.05283,0.62054,0.49463,0.45184,0.036802,0.24715,NaN,0.084108,0.27651,0.65647,0.29276,0.14585,0.20898,-0.071755,0.16924,0.29867,0.40085,0.6749,0.61686,0.38525,0.51995,0.19978,0.47419,0.63406,0.70471,0.25698,0.24842,0.8523,0.79636,0.63985,0.17521,0.30104,0.87485,0.2898,0.17659,0.54998,0.47201,0.33966,0.48548,0.7318,0.61946,0.23973,0.68893,0.64129,0.72679,0.73444,0.65461,0.34649,0.57559,0.56977,0.34684,0.46054,0.33162,0.66219,0.246,0.7044,0.12797,0.6798,-0.024458,0.65132,-0.087169,0.92391,0.81857,0.76731,0.69967,0.44495,-0.18461,0.23173,0.33343,0.73122,0.77971,0.58785,0.65038,0.25024,0.2443,0.45305,0.66181,0.35708,0.05719,0.54179,0.82863,0.27513,0.73004,0.076544,-0.084988,0.5483,0.3626,0.31874,0.03179,0.59428,0.65028,0.64986,0.42954,0.28461,0.67302,0.3264,0.88699,0.063141,0.39038,0.24901,0.20147,0.85383,0.64037,0.38886,0.16399,-0.016088,0.65121,0.71679,0.78562,0.70566
0.42532,0.70597,0.61882,0.72532,0.53496,0.51102,0.26333,0.51282,0.52617,0.61984,0.60548,0.35479,0.53226,0.66049,0.89768,0.62782,1,0.22379,0.58605,0.69576,-0.14053,0.35822,0.65695,0.49618,0.41127,0.54834,0.45939,0.44086,0.42443,0.65345,NaN,0.24727,-0.12924,0.65581,0.62699,0.6717,-0.30783,0.67198,0.30999,0.026703,0.61766,0.58177,0.66137,0.62574,0.20837,0.61024,0.69404,0.36537,0.53772,0.53175,0.20686,0.053946,0.22979,0.4784,0.1676,0.36795,0.29729,0.13012,0.51665,0.36455,0.75238,0.1906,0.61052,0.4409,0.72296,0.33388,0.070976,0.50882,0.10098,0.20133,0.55476,0.64025,-0.24114,0.79676,0.26759,0.31522,0.38454,0.63776,0.39154,0.28512,0.71281,0.40148,0.52513,0.59976,0.11838,0.25272,0.54494,0.72054,0.54711,0.71481,-0.2959,0.49919,0.45474,0.5627,0.27089,0.53083,NaN,0.25274,0.38841,0.64299,0.5565,0.28506,0.40328,-0.050052,0.33966,0.5601,0.34398,0.76463,0.81603,0.55364,0.23103,0.52077,0.30855,0.73946,0.57423,0.41827,0.36727,0.77629,0.75313,0.49947,0.56906,0.60759,0.67222,0.67158,0.29929,0.25639,0.65299,0.29578,0.41837,0.65924,0.45823,0.433,0.7521,0.72493,0.60442,0.81324,0.6101,0.61362,0.60658,0.62615,0.35558,0.38392,0.065279,0.62567,0.14238,0.3981,-0.060542,0.71056,-0.083495,0.75932,0.14853,0.62141,0.7077,0.75243,0.6795,0.49822,-0.037653,0.26236,0.050359,0.72621,0.68828,0.66218,0.73372,0.27501,0.038702,0.67151,0.74665,0.30844,0.074319,0.53369,0.89925,0.35177,0.40745,0.16359,0.25448,0.19406,0.71735,0.34956,0.14178,0.74938,0.6057,0.5225,0.32274,0.38595,0.7406,0.54142,0.5769,0.19168,0.18818,0.49472,0.19754,0.71885,0.81618,0.43102,0.4043,0.27704,0.6219,0.75196,0.7296,0.78312
0.17433,0.10878,0.10494,0.55221,0.31926,0.30147,-0.089428,0.51347,0.44821,0.2792,0.079125,0.35794,0.16304,0.4768,0.44184,0.37287,0.22379,1,0.30736,0.41295,0.22932,0.76532,0.4541,0.20079,0.58876,0.17479,0.16766,0.24361,0.25061,0.2092,NaN,0.79617,0.3319,0.33792,0.24378,0.45868,-0.38862,0.38511,0.27073,0.014029,0.34548,0.48046,0.49368,0.19491,0.086865,0.21641,0.51962,0.39414,0.36371,0.25361,0.10646,0.35733,-0.057016,0.081195,0.23006,0.073881,0.38528,0.29123,0.25261,-0.25316,0.32621,-0.067996,0.57592,0.54454,0.26069,0.11923,0.098605,0.076773,-0.0061682,0.33313,0.40756,0.20386,-0.27536,0.56257,0.44932,0.22376,0.23896,0.41667,0.19039,0.30668,0.29204,0.27655,0.048633,-0.084264,-0.10623,0.11814,0.48025,0.22279,0.51188,0.42742,0.018847,0.26476,0.038278,0.16128,0.30676,0.2171,NaN,-0.20921,-0.040496,0.5537,0.48007,0.025866,0.032791,0.24057,-0.091492,0.26363,0.22021,0.42625,0.31981,0.32919,0.27998,0.19861,0.070835,0.413,0.49145,0.21257,0.33307,0.16455,0.35391,0.57833,0.11325,0.39106,0.44028,0.21361,0.20084,0.079461,0.39741,0.49986,0.30076,0.48293,0.27109,0.32079,0.36239,0.15485,0.25622,0.54363,0.33856,0.64189,0.5276,0.52412,0.22992,0.21116,0.314,0.28221,-0.18589,0.6143,-0.26458,0.13763,0.060317,0.42866,0.0009917,0.39204,0.31944,0.50788,0.61377,0.27658,0.13006,0.1261,0.16756,0.35679,0.40095,-0.11441,0.40529,0.09193,0.36042,0.31435,0.31458,0.2873,0.19847,0.53792,0.43796,0.35759,0.42557,0.34788,-0.031344,-0.20934,0.18463,-0.026931,0.018348,0.5436,0.2715,0.32555,0.92327,0.038684,0.32758,-0.23902,0.31585,0.12093,0.37695,0.17458,0.0028652,0.28516,0.23531,0.045391,0.14133,0.14309,0.60335,0.44094,0.30225,0.37689
0.2439,0.41431,0.30562,0.71316,0.41589,0.6465,-0.13552,0.57249,0.20199,0.60312,0.36685,0.36066,0.043595,0.61855,0.68851,0.20412,0.58605,0.30736,1,0.2843,0.26435,0.26893,0.42625,0.39708,0.27581,0.53354,0.32833,0.058086,0.34791,0.47391,NaN,0.27035,-0.1855,0.44414,0.67199,0.52454,-0.045514,0.54412,0.32926,0.46713,0.43106,0.66313,0.42738,0.32542,0.10203,0.40474,0.4539,0.24603,0.34982,0.2984,0.10644,0.093388,0.43746,0.19595,0.2564,0.3916,0.61423,-0.05201,0.59422,0.1031,0.24645,-0.14518,0.43059,0.22621,0.42876,0.38286,0.33555,0.16431,0.11403,0.18403,0.35927,0.61835,-0.40994,0.52747,0.16496,0.40549,0.32206,0.62519,0.33498,0.31034,0.39779,0.071624,0.52436,0.47031,0.10768,0.35022,0.46367,0.62627,0.31828,0.52415,-0.38259,0.45435,0.49496,0.37694,0.33104,0.23935,NaN,0.29123,0.15759,0.52118,0.48415,0.14701,0.21433,0.25772,0.43973,0.57544,0.21082,0.67441,0.66222,0.36104,0.19347,0.36504,0.32302,0.37653,0.38545,0.42744,0.25623,0.46441,0.32238,0.38703,0.16687,0.56368,0.48583,0.62071,0.28461,-0.15492,0.40147,0.48108,0.36337,0.5719,0.30432,0.12341,0.33161,0.48205,0.27815,0.46221,0.58028,0.42712,0.56884,0.58066,0.51083,0.31337,0.20239,0.44923,-0.44139,0.33845,-0.25346,0.27065,0.033762,0.52441,0.1861,0.27632,0.29203,0.56041,0.46136,0.47879,-0.077139,0.34275,0.2376,0.57722,0.47995,0.37082,0.64706,0.32044,-0.061074,0.63327,0.43774,0.54211,0.232,0.58589,0.59504,0.36919,0.34392,0.3179,0.26879,-0.093495,0.37449,0.19322,0.30726,0.57934,0.22011,0.39593,0.24348,0.40965,0.34807,0.39984,0.24354,0.09922,0.3768,0.72254,0.22379,0.34529,0.45468,0.50924,0.56391,0.46933,0.51923,0.67001,0.53891,0.55453
0.55319,0.51088,0.61494,0.5446,0.51566,0.4041,0.16857,0.36062,0.7227,0.42763,0.55199,0.3317,0.34509,0.65672,0.69732,0.79847,0.69576,0.41295,0.2843,1,-0.18842,0.4728,0.66682,0.58215,0.63036,0.55535,0.36866,0.4887,0.65634,0.50967,NaN,0.29165,-0.055167,0.60773,0.53114,0.6435,-0.11448,0.61631,0.427,-0.0046699,0.65309,0.60811,0.63828,0.38682,0.086122,0.3778,0.65868,0.25928,0.59831,0.22969,0.429,0.011713,0.11165,0.58069,0.37321,0.17704,0.4819,-0.060954,0.42445,-0.17784,0.66245,0.40205,0.71217,0.57678,0.75072,0.38244,-0.23613,0.62482,0.073841,0.14,0.67375,0.24955,-0.40356,0.68186,0.49898,0.27101,0.23398,0.42842,0.055185,0.2253,0.56037,0.21128,0.37411,0.40008,-0.014035,0.12066,0.53666,0.67009,0.40584,0.78184,-0.16955,0.6168,0.44351,0.45858,0.2669,0.26885,NaN,0.051057,0.17537,0.62247,0.42063,0.31943,0.40114,-0.15093,0.34043,0.36096,0.29037,0.67327,0.61005,0.44062,0.63515,0.42115,0.21667,0.65258,0.46453,0.27783,0.33787,0.69874,0.87839,0.48393,0.33169,0.36146,0.81056,0.44036,0.041277,0.35264,0.58413,0.18093,0.34452,0.59252,0.51301,0.31971,0.81664,0.53308,0.46465,0.78838,0.66396,0.41325,0.60195,0.41343,0.11987,0.51394,0.31041,0.5653,0.14163,0.67184,0.034395,0.63822,0.0022824,0.73674,-0.22383,0.73102,0.8678,0.65287,0.59048,0.36771,0.18305,0.16963,0.072738,0.77217,0.73543,0.36363,0.66594,-0.11388,0.071596,0.53068,0.63093,0.26333,0.15031,0.47951,0.74497,0.15477,0.55316,0.26909,0.17674,0.4498,0.48703,0.27094,0.17836,0.63055,0.73745,0.81127,0.50688,0.081267,0.79203,0.25821,0.82932,0.024407,0.3082,0.20489,0.23192,0.77904,0.63793,0.37682,0.36963,-0.040108,0.65046,0.54552,0.70628,0.61411
-0.13252,-0.027034,-0.13261,0.12647,-0.17546,-0.24317,-0.36137,-0.059131,0.14623,0.25599,-0.38715,-0.012265,-0.0043198,0.053501,0.020461,-0.11234,-0.14053,0.22932,0.26435,-0.18842,1,0.03331,-0.091942,-0.18801,0.064084,-0.0031786,-0.15525,-0.23991,-0.085288,0.04597,NaN,0.15543,-0.10469,-0.060449,0.17901,0.0058286,-0.17322,-0.11561,-0.26186,0.32484,0.020523,0.16078,-0.084298,-0.063011,0.15844,-0.18069,-0.087378,0.30506,0.082316,-0.035518,-0.19315,0.2443,0.099991,-0.42893,-0.14759,0.29786,0.49644,0.039439,-0.099128,0.09083,-0.27666,-0.38702,0.016397,-0.11334,-0.22935,0.10974,0.0071707,-0.50302,-0.036398,-0.033441,-0.1755,0.075886,0.14486,-0.04035,0.012786,0.29488,-0.10959,0.011281,-0.18394,0.039668,-0.042687,-0.046063,-0.082092,0.31842,-0.38924,0.04076,0.043078,-0.17975,-0.014804,-0.12194,-0.54393,0.044336,-0.076429,-0.28075,-0.02478,-0.36562,NaN,-0.10692,0.063698,0.02562,-0.068742,-0.38544,0.078971,0.48299,0.054007,-0.25579,0.16833,-0.077531,-0.085108,-0.1925,0.31272,0.32172,0.13603,-0.23909,0.011402,-0.13299,0.256,-0.26632,-0.23276,-0.02076,-0.037252,0.13296,-0.089312,-0.30007,-0.05417,-0.11158,-0.21706,0.36139,0.30891,-0.054038,-0.33212,0.1061,-0.35129,-0.029096,-0.021614,-0.16555,-0.0046429,0.085834,0.10501,0.39784,-0.22623,-0.06562,-0.29971,-0.21806,-0.48096,0.046609,-0.45997,-0.36878,-0.04963,-0.21395,-0.18529,-0.16008,-0.20832,-0.14456,0.015085,0.092317,-0.27942,-0.13216,0.18656,-0.25209,-0.13161,-0.12856,-0.14919,0.044713,0.27671,-0.22143,-0.39215,0.0023191,-0.026216,0.2103,-0.1199,0.034074,-0.05805,-0.16303,-0.1689,-0.17003,-0.27528,-0.048182,-0.23605,0.026399,-0.38856,-0.22477,0.10072,-0.025437,-0.39699,0.042844,-0.10104,0.0094483,0.02631,-0.047397,0.051938,-0.2322,-0.11401,-0.14801,-0.19497,0.1484,-0.14605,-0.03703,-0.17914,0.018159
0.20587,0.26162,0.20522,0.46436,0.23637,0.42291,0.24206,0.43928,0.48257,0.2748,0.11052,0.30099,0.12709,0.36935,0.53967,0.4325,0.35822,0.76532,0.26893,0.4728,0.03331,1,0.71108,0.16342,0.72364,0.095214,0.34721,0.13843,0.10655,0.30062,NaN,0.87587,0.19421,0.43672,0.26386,0.50231,-0.28809,0.51856,0.3917,-0.24343,0.30993,0.41689,0.48955,0.32733,0.13261,0.10282,0.49216,0.25922,0.46857,0.50275,-0.056113,0.19002,0.15423,0.26282,0.4466,-0.10105,0.23374,0.058971,0.15351,0.067045,0.37081,0.047428,0.47246,0.588,0.41786,0.019455,-0.050848,0.11944,0.14201,0.38117,0.42011,0.27887,-0.22332,0.65077,0.30008,0.28787,0.38874,0.44709,0.19938,0.11993,0.27934,0.47965,0.28613,0.07421,-0.23803,0.11825,0.46869,0.30431,0.2894,0.44129,0.14631,0.27052,0.037592,0.25365,0.11705,0.42202,NaN,-0.26835,0.18109,0.5004,0.37834,0.46618,-0.11655,0.06252,-0.17774,0.37925,0.18724,0.37063,0.30285,0.30502,0.28838,0.12813,-0.037056,0.59555,0.48818,0.28805,0.0923,0.31822,0.46775,0.5176,0.17523,0.45951,0.45263,0.3798,0.22006,0.051551,0.31807,0.31566,0.21417,0.50713,-0.0020298,0.17243,0.42421,0.35637,0.22914,0.58204,0.31112,0.6541,0.36773,0.40215,0.065965,0.18835,0.19805,0.48487,0.11495,0.44694,-0.1276,0.26819,0.096414,0.41531,0.10162,0.32941,0.43232,0.5189,0.65439,0.29105,0.1517,0.043844,-0.13321,0.31641,0.41372,-0.037843,0.43804,0.23933,0.26809,0.50162,0.53683,0.17731,0.25528,0.62041,0.51205,0.29389,0.29589,0.12087,0.17431,-0.057373,0.30885,0.20389,-0.025762,0.56121,0.33284,0.27796,0.81714,-0.080845,0.32544,-0.1784,0.31996,0.3286,0.1114,0.24647,0.040654,0.26731,0.5016,0.096142,0.31829,0.32814,0.62435,0.52014,0.36978,0.28308
0.38448,0.63919,0.61476,0.64107,0.48927,0.65683,0.42391,0.28667,0.46924,0.34657,0.51061,0.14379,0.30762,0.58629,0.67738,0.60735,0.65695,0.4541,0.42625,0.66682,-0.091942,0.71108,1,0.49854,0.70833,0.42483,0.38935,0.11997,0.44354,0.40178,NaN,0.45088,0.039476,0.7016,0.6445,0.49769,-0.11981,0.77589,0.62193,-0.22963,0.34266,0.5512,0.60598,0.44614,0.21354,0.08564,0.53435,0.03238,0.70624,0.58036,-0.022451,0.045392,0.26053,0.44387,0.37668,-0.013664,0.28881,0.044935,0.47183,0.20631,0.55444,0.19339,0.52306,0.48298,0.58903,0.16712,-0.081038,0.31468,0.33749,0.18562,0.56796,0.30907,-0.44498,0.8037,0.32758,0.20141,0.57289,0.58837,0.21329,0.10886,0.40973,0.48783,0.7389,0.51339,-0.26884,0.15484,0.35875,0.54771,0.24519,0.49039,-0.034343,0.31946,0.30018,0.4341,0.21769,0.33882,NaN,0.14816,0.34888,0.56696,0.30933,0.45201,0.12256,-0.13351,0.27576,0.56878,0.2883,0.54989,0.69252,0.34903,0.28611,0.19049,0.063961,0.78215,0.43549,0.42018,-0.004184,0.59938,0.77594,0.46166,0.13112,0.57021,0.65497,0.64173,0.17263,0.11273,0.51145,0.03779,0.3926,0.68629,0.2884,0.073856,0.73303,0.5448,0.3485,0.63601,0.6202,0.61644,0.34242,0.39192,0.23496,0.3521,0.24297,0.73881,0.1904,0.38626,-0.024278,0.60807,-0.06502,0.65252,0.064569,0.53513,0.70851,0.73331,0.73239,0.41876,0.092894,0.12029,-0.014328,0.63281,0.66108,0.17243,0.73355,0.15734,-0.073717,0.76968,0.6516,0.38432,0.3309,0.62798,0.7323,0.29014,0.47527,0.15707,0.089486,0.16449,0.57241,0.11178,-0.051566,0.49817,0.50585,0.56597,0.5398,0.040257,0.52909,-0.021665,0.55553,0.36572,0.18659,0.39564,0.14057,0.53367,0.66186,0.41457,0.58586,0.30217,0.70027,0.6617,0.54383,0.424
0.87934,0.58874,0.61339,0.61401,0.79249,0.66362,0.21549,0.18342,0.31309,0.47127,0.57567,0.4841,0.14341,0.67558,0.58378,0.63264,0.49618,0.20079,0.39708,0.58215,-0.18801,0.16342,0.49854,1,0.41518,0.71935,0.45045,0.022163,0.87343,0.49873,NaN,-0.0025466,-0.4501,0.57561,0.53155,0.55162,0.17045,0.67406,0.56341,0.37879,0.21427,0.66528,0.62263,0.32183,0.081681,0.2304,0.36707,-0.20139,0.42444,0.24256,-0.11289,-0.19066,-0.069007,0.42285,0.30655,0.54433,0.28959,-0.1171,0.78308,-0.19466,0.61045,0.69333,0.54143,0.073916,0.54613,0.74462,-0.048312,0.44191,0.30673,0.17124,0.73421,0.14946,-0.55125,0.65518,0.26935,-0.061787,0.29612,0.63248,0.33739,0.31334,0.26676,-0.069611,0.48182,0.29877,0.04076,0.017491,0.23249,0.54705,0.26022,0.31532,-0.31993,0.28466,0.78519,0.22139,0.23919,-0.063627,NaN,0.49106,0.31796,0.42408,0.010385,0.35259,0.05966,-0.30112,0.38456,0.28435,0.13154,0.65714,0.63354,0.27116,0.28732,0.089354,0.44832,0.45456,0.34003,0.31673,-0.0066034,0.67355,0.72774,0.5761,0.13492,0.10392,0.78117,0.55537,-0.20763,0.32637,0.43572,0.11462,0.63669,0.6567,0.56539,0.16468,0.52629,0.51562,0.49495,0.51616,0.88772,0.18792,0.22254,0.31564,0.50337,0.87931,0.34934,0.39909,-0.044408,0.51381,0.42114,0.55067,0.163,0.65919,-0.22943,0.71161,0.68524,0.64435,0.4802,0.42933,-0.37992,0.45884,0.56119,0.69151,0.82,0.45648,0.70173,0.029479,0.11104,0.55186,0.42792,0.50801,0.48795,0.68896,0.60294,0.27887,0.60357,0.3251,0.0077717,0.54368,0.34394,0.17718,0.43437,0.31605,0.48664,0.7934,0.17681,0.38826,0.47992,0.40876,0.61773,-0.24299,0.41304,0.50581,0.48264,0.63113,0.43928,0.78958,0.62188,-0.14742,0.47627,0.61628,0.52791,0.47304
