1,-0.25213,-0.14509,0.55655,-0.03817,0.047478,0.14218,0.13336,0.10583,0.13977,0.17923,0.14483,0.33493,0.36634,0.23459,0.050186,0.1726,-0.081138,0.097935,0.2938,0.18256,0.097053,0.20308,0.70923,0.23329,-0.0094226,-0.26907,0.20914,0.11915,0.24165,NaN,0.10648,-0.23006,0.15186,0.44474,-0.17236,0.10323,-0.15723,-0.059931,0.080131,0.45322,0.090644,0.0046462,0.32203,-0.036559,-0.15021,-0.098172,0.0888,0.020998,0.1279,0.44522,0.39947,0.12281,0.16657,0.05889,0.32157,0.11997,0.29234,0.19385,-0.11746,0.067297,0.3373,0.46037,0.17673,0.52591,0.45942,0.16204,0.13454,-0.015888,0.15202,0.28856,0.42986,-0.066039,-0.065378,0.11715,0.49738,0.22821,0.15913,0.22186,-0.056739,0.32442,0.096008,0.027548,0.34758,-0.13549,-0.14217,0.073104,0.31269,0.42422,0.048395,-0.04371,-0.058447,-0.13462,0.14908,0.057995,0.13721,NaN,0.11535,0.34058,0.54284,0.1131,0.079266,0.37769,0.28951,0.19877,0.48787,-0.0035079,0.035818,-0.14111,0.03512,0.076976,-0.32639,0.37542,0.040868,-0.14359,0.14682,0.16725,0.47953,0.31751,0.13955,0.061065,0.12641,0.022011,0.18023,-0.071774,0.62051,0.28826,0.070124,0.24753,0.097188,-0.082337,-0.021825,0.25533,0.046939,-0.017071,0.10645,0.51504,-0.098943,0.19122,0.17935,0.39221,0.80442,0.40759,0.18103,0.13118,0.18014,0.31317,-0.12467,0.035771,0.33333,-0.16326,0.27355,-0.071513,0.20911,0.21604,0.42768,0.38354,0.10852,0.011281,-0.22521,0.32781,0.25568,0.23473,0.30264,0.018706,-0.18465,0.62109,-0.12345,-0.24325,0.23538,0.33635,0.0073722,0.055562,0.46237,0.1439,0.21934,0.1207,0.094532,0.32008,0.19978,0.26296,0.23364,0.039295,0.43302,0.0033542,0.13603,0.21724,-0.36474,0.091722,0.48564,0.58057,0.33429,0.54007,0.41873,0.378,0.36181,0.29563,0.3375,0.37837,0.061538
-0.25213,1,0.11737,0.044317,0.26751,0.46229,-0.40889,0.08552,0.10136,0.48245,0.3153,-0.034142,0.34375,-0.12123,0.27232,0.26013,0.2349,0.38429,0.1578,0.28941,-0.045297,0.28613,0.041719,-0.23247,0.035155,0.63414,0.39835,0.48201,0.34003,0.38975,NaN,0.44949,0.084413,0.24679,0.28148,0.49286,0.02707,-0.015448,0.37538,-0.09498,0.41992,0.43615,0.34134,-0.0087814,0.07516,0.5324,0.25628,0.037463,0.26175,0.26431,0.13258,0.17761,0.12542,0.4746,0.39999,0.17463,0.29558,-0.10602,0.47329,0.55595,0.24236,-0.042197,0.092671,0.20563,0.24971,-0.15949,0.01177,0.39388,0.30357,0.22187,0.20114,0.46716,0.47483,0.38844,0.12266,0.16281,0.0091282,0.42954,0.433,-0.31278,0.12017,0.36609,0.25091,0.017409,0.40387,0.19383,0.59879,0.27656,0.33886,0.41703,0.35885,0.37434,0.6958,0.39962,0.34279,0.37683,NaN,-0.0046805,0.11467,0.37378,0.28181,-0.25561,0.21813,0.28524,0.33883,-0.20175,0.22931,0.43637,0.32844,0.33928,0.32687,-0.021072,0.12423,0.13928,0.24167,0.24591,0.24276,0.41519,-0.0087682,0.33077,0.34131,0.25139,0.57889,0.38932,0.30011,0.12888,0.18974,0.12988,-0.28567,0.35608,0.54081,0.41133,0.13352,0.30693,0.29021,0.37433,0.11668,0.48688,0.39862,0.16912,0.21461,-0.26531,0.42653,0.14222,0.41942,0.054129,-0.027932,-0.044456,0.44846,0.11091,0.28887,0.17078,0.13344,0.5165,0.41767,0.019279,0.33978,0.15796,0.042975,0.30968,0.27608,0.36716,0.30376,0.37802,0.1121,0.37388,-0.030811,-0.071945,0.24813,0.32718,0.3307,0.24848,-0.029325,0.20034,0.075826,0.42113,0.12904,0.12626,-0.071606,0.53222,0.084981,0.14138,0.18799,0.17567,0.41111,0.12178,0.21181,0.070539,-0.2357,-0.052925,-0.21694,0.19265,0.16981,0.048499,0.14102,0.15108,0.046714,0.55764,0.41838,0.38904
-0.14509,0.11737,1,0.012499,0.42336,0.34223,0.35791,0.30845,0.11338,0.30522,0.41412,-0.083603,-0.13356,0.0096077,-0.015878,0.21551,0.19502,0.42739,0.3558,0.24838,-0.098266,0.31931,0.080146,0.15251,-0.030964,0.17286,0.23561,0.11752,0.3374,0.39612,NaN,0.20445,0.45519,0.49561,0.18624,0.25203,0.22356,0.10143,0.13542,0.17522,-0.0097656,0.38867,0.029371,0.66748,0.53185,0.22476,0.045606,-0.12305,0.13097,0.056571,-0.20565,-0.015366,0.24966,0.28022,0.62338,0.16472,0.11655,0.19371,0.098125,0.4027,-0.11442,-0.39535,0.12392,0.34209,0.27573,0.4929,0.24558,0.19012,0.17524,0.65523,0.033903,0.20066,0.083216,-0.058443,0.61136,0.11053,0.11675,0.34735,0.073721,0.21526,0.20015,0.15225,0.23701,-0.25561,0.19964,0.19232,0.36981,0.13311,-0.031785,0.061641,0.28924,0.37107,0.48081,-0.14066,0.12019,-0.019522,NaN,-0.067266,0.046764,0.073441,0.31472,-0.11546,0.045029,-0.13618,0.21521,-0.16627,0.44091,0.35541,0.025103,0.37231,0.051875,0.30853,-0.20575,-0.051406,0.1887,-0.057647,-0.13766,-0.021127,0.06293,0.34414,-0.016312,-0.060589,0.26302,0.28026,-0.02824,-0.10605,-0.17014,0.15941,-0.29907,0.41698,0.32758,0.28096,0.06802,0.38446,0.27972,-0.14521,-0.23364,-0.0732,0.086278,-0.084092,0.23891,0.20646,0.16451,-0.21767,0.24923,0.40249,-0.11582,0.13635,-0.02912,0.15952,0.56114,0.0272,0.3368,0.2343,0.11627,0.32806,0.063765,0.10929,0.42296,0.09586,0.42457,0.41905,0.40851,0.011614,0.13333,0.0096488,0.12346,0.13034,0.15828,0.16199,0.47345,0.19677,0.092923,-0.087705,0.32426,0.3075,0.35822,0.15404,-0.022494,0.25987,-0.062919,0.35323,0.28926,-0.38815,0.27886,0.33751,0.18077,0.55576,0.074949,0.21867,0.29656,0.2992,0.44808,0.070449,0.17736,0.19621,-0.12536,0.046109,0.18695,0.39093
0.55655,0.044317,0.012499,1,0.34603,0.40266,-0.019254,0.027258,0.22407,0.37768,0.42628,0.037758,0.34179,0.31387,0.41094,0.078588,0.54609,0.51709,0.13787,0.59608,0.16508,0.45913,0.22322,0.56735,0.53874,0.32422,-0.0050498,0.4858,0.078958,0.21296,NaN,0.53201,-0.11054,0.43652,0.38722,0.44001,0.29329,-0.033346,0.21005,0.11267,0.59297,0.19952,0.088112,0.27675,-0.025357,0.20214,0.16153,-0.031271,0.19216,0.35076,0.38027,0.66871,0.53683,0.57709,0.22401,0.46544,0.43053,0.4417,0.47373,0.23103,0.20357,0.034729,-0.031388,0.24627,0.62128,0.3438,0.27318,0.46687,-0.053098,0.13722,0.32269,0.70349,0.33221,0.42615,0.29712,0.32492,0.31545,0.38336,0.39772,0.13283,0.24407,0.49376,0.077645,0.07427,0.32213,0.044052,0.21269,0.59257,0.43744,0.49248,0.2169,-0.070657,0.096557,0.4281,0.13926,0.37369,NaN,0.62374,0.18437,0.5732,0.16289,-0.015752,0.63133,0.01635,-0.0074585,0.38748,0.013247,0.40307,0.15571,0.38983,0.39804,-0.25042,0.26143,-0.017543,0.20624,0.094548,0.46633,0.58274,0.41267,0.20687,0.22087,0.26659,0.44171,0.34064,0.40084,0.48877,0.34223,0.56391,0.1525,0.34352,0.026785,0.24076,0.036587,0.31881,0.23105,0.33162,0.3991,0.33127,0.10242,0.31576,0.34384,0.47724,0.37947,0.2471,0.45537,0.57309,0.10852,0.077308,0.54461,0.47914,-0.014188,0.40855,0.074932,0.27122,0.45517,0.40266,0.46207,0.098981,0.38261,0.25158,0.26481,0.40101,0.44368,0.52868,0.35834,0.09967,0.38003,-0.17817,0.12367,0.36146,0.48676,-0.012766,0.39701,0.63827,0.12383,0.52574,0.29273,0.099232,0.19109,0.39986,0.17491,0.3412,0.62272,0.24301,0.33483,0.43661,0.33897,0.093932,0.40486,0.65009,0.33164,0.03634,0.62869,0.24736,-0.14911,0.26996,0.70058,0.46332,0.44299,0.21368
-0.03817,0.26751,0.42336,0.34603,1,0.38213,0.11394,-0.0682,-0.039296,0.57478,0.32369,-0.032351,0.35591,0.0005082,0.11433,0.39188,0.36626,0.68094,0.30648,0.38729,0.16729,0.6336,0.22168,0.1364,0.40108,0.29079,0.15163,0.36908,0.17022,0.43672,NaN,0.53203,0.072848,0.4944,0.194,0.44993,0.24131,0.12048,0.29056,0.39558,0.63469,0.64231,0.6074,0.2823,0.27192,0.40661,0.25533,0.10794,-0.089044,0.38036,-0.044156,0.19184,0.56284,0.43609,0.60052,0.037767,0.61705,0.042775,0.53778,0.32989,0.13337,-0.076734,0.32559,0.43891,0.33155,0.28079,0.25277,0.3372,0.20979,0.48092,0.35163,0.57725,0.31051,0.26515,0.42933,0.32175,-0.1725,0.37654,0.35072,0.050834,0.38233,0.16254,0.2721,-0.049987,0.40304,0.46215,0.28682,0.48266,0.46972,0.53679,0.51654,0.1544,0.34706,0.26221,0.083349,0.20201,NaN,0.36223,-0.095725,-0.065698,0.45324,-0.096015,0.24022,-0.12169,0.22407,-0.093206,0.28208,0.42247,-0.066915,0.22961,0.1974,0.032383,-0.061539,-0.10045,0.48198,0.12979,0.077188,0.20758,0.054139,0.38047,0.26834,-0.24258,0.62753,0.41786,0.40771,0.01284,0.36462,0.26344,-0.11403,0.25313,0.40019,0.39853,0.25185,0.5817,0.49243,-0.097653,-0.001066,-0.015302,0.48008,0.27448,0.17776,0.053606,0.2067,0.28003,0.075248,0.55357,0.059384,0.068002,0.29141,0.23168,0.29558,0.61988,0.23088,0.16029,0.13522,0.02669,0.28912,0.29111,0.39586,0.078573,0.36612,0.43138,0.50416,0.24079,0.053178,0.14945,0.33261,0.42994,0.34437,0.56087,0.33166,0.090445,0.29216,0.15568,0.48067,0.63108,0.40052,-0.035321,0.33401,0.53732,0.12167,0.46237,0.61731,-0.074891,0.59108,0.69791,0.51367,0.36346,0.13219,0.40772,0.20452,0.21037,0.32098,0.39376,-0.001415,0.19831,0.23427,0.52172,0.49672,0.40134
0.047478,0.46229,0.34223,0.40266,0.38213,1,-0.12133,-0.1449,0.52686,0.51096,0.37164,-0.049408,-0.067748,0.017315,0.35462,-0.21745,0.074441,0.39671,0.10515,0.21998,-0.1028,0.47582,0.41204,0.15802,0.2614,0.1074,0.12264,0.45005,0.20421,0.28853,NaN,0.47591,0.25309,0.44701,0.21227,0.40358,0.13693,-0.040125,0.028205,0.11237,0.35003,0.23995,0.27902,0.2788,0.4314,0.27754,-0.034199,0.19997,0.12761,0.035531,0.11021,0.28848,0.3321,0.33207,0.28678,0.38112,0.16353,0.12405,0.31501,0.25286,-0.045616,-0.016627,-0.0066667,-0.074314,0.32748,0.22932,-0.19182,0.4078,-0.038306,0.2631,-0.020817,0.53692,0.27181,0.19709,0.42608,0.18406,0.065469,0.30833,0.49944,-0.34261,0.14806,0.044631,0.19131,0.12715,0.50456,0.13072,0.24014,0.43625,0.11859,0.33201,0.40651,0.065811,0.63837,0.058119,0.48076,0.15463,NaN,0.3276,-0.13748,0.27203,0.14733,-0.17653,0.34703,0.0097176,0.016774,-0.19388,0.31876,0.25829,-0.0043799,0.26289,0.31693,0.20377,0.18116,0.11254,0.0048664,0.22122,0.34564,0.471,0.25114,0.065693,0.20103,0.21845,0.36785,0.30903,0.32052,-0.10693,0.083127,0.068732,-0.032234,0.37278,0.12579,0.42094,0.042394,0.18521,0.079261,0.16945,0.072546,0.26706,-0.079274,0.28057,0.2484,0.087367,0.23297,-0.11615,0.19319,0.33701,0.11526,0.017349,0.28297,0.2716,0.17065,0.13474,-0.11803,0.21913,0.37838,0.20955,0.25739,0.42077,0.025722,-0.031008,0.19422,0.51897,0.27948,0.32941,0.18947,0.20266,-0.068506,0.12298,0.37996,0.041657,0.3255,-0.050518,0.22636,0.11707,0.13828,0.32115,0.21033,0.58654,0.010584,0.52597,-0.16185,-0.028824,0.47441,0.17458,0.46237,0.41291,0.11709,0.13537,-0.1097,0.033183,0.11679,-0.048746,0.51233,0.28911,-0.12596,0.10243,0.31582,0.29091,0.26039,0.12915
0.14218,-0.40889,0.35791,-0.019254,0.11394,-0.12133,1,0.14869,0.053265,0.037785,0.41896,0.28483,-0.23297,-0.082206,0.23303,0.055484,-0.15047,0.033485,0.20852,0.10601,0.47398,-0.15818,0.4278,0.21865,0.40163,-0.36149,0.17763,-0.096956,0.37147,-0.11922,NaN,-0.10604,0.10539,0.46409,0.092203,0.061178,0.29695,-0.20838,0.23585,0.14389,-0.12362,0.059226,-0.067415,0.28856,0.34846,-0.22064,-0.19994,0.10815,-0.18481,0.052429,-0.22208,0.20009,0.12142,-0.14954,0.25017,0.37525,0.028478,0.13103,-0.054674,0.16615,0.085476,-0.22404,0.13204,0.35398,0.14052,0.60438,0.28805,0.18588,0.37308,0.47651,0.030456,-0.0449,-0.04078,-0.18493,0.18232,0.31181,-0.11144,0.39608,-0.28452,-0.2548,0.18015,0.21526,0.17312,0.21723,-0.022509,-0.080207,-0.027997,-0.049195,0.18643,-0.25836,0.049262,0.20984,-0.099543,-0.18493,0.21851,-0.014415,NaN,-0.066203,0.19369,0.02898,0.15505,-0.047396,0.22704,-0.34413,0.24055,0.15804,0.20897,0.1819,0.078749,-0.19097,0.092829,0.23596,0.21714,0.070153,-0.033657,0.076609,-0.032015,-0.027837,0.11496,-0.10403,-0.028757,0.191,0.16414,0.15526,-0.018506,0.19276,0.085645,-0.19268,0.0094652,0.23685,0.024593,0.026884,0.32179,0.1498,-0.03008,0.020653,0.043083,-0.13335,0.12859,0.10382,0.20157,0.15544,-0.1456,-0.10813,-0.055173,0.17469,0.042567,0.30738,-0.41547,0.048791,0.4645,0.13998,0.019578,-0.031896,0.04766,0.16319,0.084032,-0.048883,0.12451,-0.24817,0.39487,0.10202,0.44508,-0.22285,0.0033015,0.15131,0.27971,0.17238,-0.22068,-0.082585,0.13662,0.53811,-0.47382,-0.10392,0.27573,-0.19013,0.16454,0.20345,0.11072,-0.090772,0.0058321,0.12538,0.088629,-0.078079,0.025483,-0.032587,0.024465,0.46012,-0.2323,0.2351,0.48054,0.39896,0.16875,0.059678,0.014795,0.35119,-0.079508,-0.033618,-0.063828,0.33353
0.13336,0.08552,0.30845,0.027258,-0.0682,-0.1449,0.14869,1,-0.42553,0.055462,-0.036482,0.13695,0.04887,-0.26222,-0.0070176,0.37695,0.14657,-0.046125,0.20306,0.060195,-0.00013732,-0.19085,-0.11684,0.063856,-0.16713,0.27789,-0.16795,0.29855,0.044017,0.19755,NaN,-0.088947,-0.11149,0.12642,0.095827,-0.091523,0.37405,-0.11475,-0.077638,-0.19832,-0.080476,0.19248,-0.092526,0.10859,-0.13351,0.15396,0.14076,-0.17067,-0.18859,-0.082985,0.12009,0.17966,-0.064088,0.17675,0.19645,0.2202,0.061024,0.68741,0.05815,0.17666,-0.2801,0.14317,0.11817,0.53067,0.11984,0.13524,0.22911,0.15165,0.18817,0.18132,-0.030755,0.12721,-0.13448,0.052319,-0.088957,-0.066156,-0.20683,0.082813,0.074887,0.11749,0.1115,0.22253,-0.2572,-0.15166,-0.2649,-0.13343,0.36906,-0.2297,0.027764,-0.011622,-0.23032,0.33782,0.10336,0.090351,0.043196,-0.039894,NaN,-0.28321,0.18854,0.1785,0.24872,-0.19703,-0.15929,-0.042825,0.056382,0.46084,0.0086138,0.033714,0.010558,0.14144,-0.06059,-0.16052,-0.066693,-0.21274,-0.13829,-0.41846,-0.16257,0.086171,0.56603,0.066948,0.20012,0.19962,0.067833,0.086463,-0.16927,0.20866,0.022859,-0.009628,0.1778,-0.11215,0.24097,0.090893,0.064233,0.16722,0.12146,0.017761,-0.20601,0.055371,0.21581,-0.2796,0.12899,0.19836,0.19692,0.18738,0.40514,0.27259,0.2798,0.33364,-0.070024,0.084184,0.12186,-0.021388,0.40778,0.05804,-0.12022,0.0057281,-0.02892,-0.27914,0.003281,0.41713,0.20461,-0.051151,0.20726,0.23946,-0.2367,0.10617,0.30769,-0.060415,-0.20997,0.26903,0.27626,0.2362,-0.32012,0.083086,0.087168,0.045171,-0.11589,0.14293,-0.49971,0.037504,0.50998,0.11412,-0.14287,-0.32297,0.018267,-0.11227,0.19242,0.1456,-0.16332,0.18163,0.30893,0.29127,0.25507,0.12812,0.28061,-0.047087,0.083566,0.16592,0.052986,-0.0091544
0.10583,0.10136,0.11338,0.22407,-0.039296,0.52686,0.053265,-0.42553,1,0.026564,0.37171,0.1198,-0.24416,0.34173,0.22649,-0.17337,-0.070738,0.13796,0.022779,0.24116,-0.055426,0.078762,0.27884,0.21546,0.040646,-0.080455,0.18959,0.11729,0.23282,-0.054583,NaN,0.17399,0.17944,0.31819,0.12042,0.25105,-0.11697,-0.25962,0.097121,-0.1318,0.15432,-0.058739,-0.082088,0.21728,0.46164,0.0074439,-0.16735,0.25104,0.28763,0.21532,0.34963,0.39217,0.14095,0.077985,-0.12885,0.26023,-0.0026234,-0.21277,0.24232,0.24083,0.13842,-0.22198,0.016616,-0.10164,0.2136,0.21682,-0.23861,0.14904,-0.002593,0.21476,0.0841,0.21249,0.16866,0.0032873,0.32432,0.1927,0.66231,0.16253,-0.021483,-0.3155,-0.12382,0.16257,-0.029716,0.064547,0.27653,-0.2546,-0.31273,0.30451,0.043067,0.1074,0.18067,0.096954,0.37986,-0.014529,0.59666,0.23703,NaN,0.22459,-0.0053502,0.37456,-0.0044683,0.11677,0.28443,0.010071,-0.1238,-0.19152,0.19458,0.092395,0.11221,-0.075644,0.20638,0.31494,0.32296,0.46663,-0.03504,0.22642,0.38233,0.097875,-0.074571,-0.11704,0.039433,0.40454,0.10325,0.15636,0.29206,0.017427,0.11096,0.11059,-0.10544,0.4807,0.04845,0.30626,0.11573,-0.27131,-0.14987,0.20933,0.10443,0.35815,-0.23769,0.43654,0.057311,0.15251,0.026865,-0.023283,0.027965,0.28387,-0.13242,-0.10559,0.21268,0.38118,0.26331,0.096395,-0.45082,0.45731,0.63802,0.46652,0.12728,0.21516,-0.032828,-0.38508,0.17273,0.28004,0.066084,0.09138,0.43098,0.028027,-0.25559,0.020829,-0.088324,-0.24977,0.19615,0.024896,0.26454,0.22357,0.17636,-0.2145,0.23834,0.32655,0.22306,0.25669,-0.56074,-0.18624,0.24131,0.29522,0.20527,0.094486,-0.20553,-0.068349,0.15495,0.1105,0.14237,-0.26808,0.16027,0.17118,-0.07801,0.42526,0.11056,0.048093,-0.011327,0.13982
0.13977,0.48245,0.30522,0.37768,0.57478,0.51096,0.037785,0.055462,0.026564,1,0.44267,-0.0010121,0.18617,-0.09566,0.31344,0.087337,0.41736,0.53536,0.46888,0.58365,0.29078,0.57395,0.43943,0.066356,0.51938,0.23122,0.19943,0.55298,0.47934,0.57322,NaN,0.54657,-0.11015,0.46155,0.39973,0.53729,0.089766,-0.17288,0.16502,0.58026,0.47036,0.58737,0.31974,0.036912,0.012293,0.61495,-0.036343,0.11158,-0.027093,0.41138,0.034213,0.32284,0.35329,0.64976,0.60696,0.31971,0.14079,0.22915,0.22429,0.28812,0.1203,-0.23644,0.20297,0.2816,0.5165,0.22902,0.045058,0.39715,0.44417,0.27339,0.12093,0.65439,0.50157,0.10799,0.13198,0.38466,-0.013745,0.732,0.59734,-0.15939,0.48076,0.40277,0.35883,0.13286,0.30384,0.348,0.56527,0.3294,0.50976,0.36408,0.6843,0.046644,0.40103,0.31134,0.17843,0.48778,NaN,0.23086,0.18116,0.40614,0.34451,-0.33989,0.35136,0.056443,0.10908,0.27982,0.33533,0.59666,0.1434,0.47298,0.52569,-0.12137,0.0065456,-0.1437,0.14731,0.025173,0.26835,0.50806,0.10044,0.29187,0.24831,0.0023171,0.74031,0.44252,0.29201,0.17779,0.30228,0.081233,-0.17432,0.41762,0.47089,0.55864,0.18808,0.62923,0.099949,0.22002,0.34955,0.19082,0.34081,0.16416,0.29878,0.071053,0.48425,0.13206,0.255,0.31146,0.024558,0.015656,0.20597,0.10445,0.35969,0.29265,0.079814,0.32066,0.19682,-0.034226,0.54849,0.37372,0.14444,0.29715,0.54716,0.34694,0.36384,0.53374,-0.019216,0.54822,0.21764,0.021302,0.26333,0.36046,0.5667,0.21852,-0.020061,0.23071,0.10521,0.69287,0.35218,0.4341,0.18823,0.64409,0.10435,0.44205,0.493,-0.019708,0.51542,0.42764,0.22384,0.1584,-0.30899,0.32403,-0.033505,0.37825,0.49859,0.31728,0.21287,0.28355,0.47298,0.76027,0.72867,0.40026
0.17923,0.3153,0.41412,0.42628,0.32369,0.37164,0.41896,-0.036482,0.37171,0.44267,1,0.31914,0.25579,0.25229,0.58201,0.14907,0.37438,0.52816,0.3809,0.53317,0.18379,0.33099,0.52735,0.24827,0.63327,0.32757,0.49299,0.34789,0.65368,0.30498,NaN,0.41781,0.34323,0.8059,0.54465,0.59655,0.16652,-0.2434,0.40592,0.2811,0.43892,0.28704,0.16571,0.55377,0.44798,0.46131,-0.080018,0.23072,0.47246,0.51076,0.059219,0.53859,0.41189,0.37017,0.58119,0.60438,0.3275,-0.11329,0.53803,0.63534,0.30139,-0.39525,0.1724,0.35728,0.64917,0.53937,0.30861,0.7002,0.38744,0.64008,0.26768,0.55691,0.3978,0.18526,0.55685,0.38591,0.33516,0.74306,0.33873,-0.25851,0.36016,0.65042,0.46896,0.066571,0.58407,0.079328,0.48994,0.51663,0.47774,0.48479,0.46123,0.45869,0.41222,0.45331,0.47427,0.47402,NaN,0.31454,0.25922,0.58818,0.2271,-0.069409,0.83392,0.1803,0.50865,0.024413,0.34275,0.69935,0.59618,0.30371,0.46662,0.10959,0.30683,0.4086,0.15529,0.41406,0.43595,0.50314,0.0015432,0.2971,0.04207,0.53139,0.68479,0.51026,0.44317,0.38762,0.2166,0.42423,-0.35552,0.79879,0.46796,0.58626,0.27774,0.55337,0.24769,0.57026,0.36487,0.3639,0.33952,0.48018,0.68981,0.25154,0.45531,0.096528,0.52558,0.36048,-0.14927,-0.0081997,0.081048,0.47367,0.53797,0.39624,-0.039318,0.54198,0.59525,0.5174,0.44417,0.29093,0.58831,0.19465,0.70956,0.62796,0.80186,0.15305,0.32824,0.21376,0.30036,-0.048772,0.097672,0.20479,0.74558,0.64805,0.030243,0.38339,0.29853,0.42305,0.63804,0.30006,0.17118,0.52959,-0.093364,0.51653,0.49548,0.1304,0.48479,0.24431,0.15922,0.40888,-0.011406,0.46077,0.37415,0.4312,0.52292,0.26315,0.11212,0.66447,0.1201,0.46061,0.55868,0.77045
0.14483,-0.034142,-0.083603,0.037758,-0.032351,-0.049408,0.28483,0.13695,0.1198,-0.0010121,0.31914,1,0.36322,0.37513,0.25622,0.067965,0.047146,0.070544,0.23636,0.064224,-0.13492,0.10783,0.15728,0.091143,0.14948,0.24402,0.10323,0.056402,-0.032302,0.24912,NaN,0.21395,0.17224,0.29639,0.032277,-0.06792,0.48185,-0.41163,-0.03078,0.31865,0.20315,0.34919,0.046035,0.13007,0.28612,0.15413,-0.21838,0.62938,0.088592,0.22653,0.24633,0.3028,-0.040599,0.073732,-0.10265,0.54804,0.15188,0.096832,0.34006,0.094498,-0.034504,-0.10475,0.21544,0.25314,0.2706,0.43722,-0.22158,0.46599,0.39003,0.2853,0.10027,0.16302,-0.12482,0.0035857,0.070311,0.18205,0.064734,0.22483,0.2148,-0.34579,0.067765,0.19927,0.29816,0.16812,0.48724,0.053082,-0.13062,0.23111,0.30425,0.27985,-0.12957,0.33358,-0.029074,0.11776,0.48226,0.24111,NaN,0.22128,-0.064334,0.23451,0.46617,0.28544,0.27084,0.31488,0.011978,0.36799,0.11497,0.10056,0.10685,-0.44887,0.30765,-0.20236,0.10201,-0.014642,0.071508,0.219,0.25007,0.26648,0.11047,-0.13382,0.16174,0.59393,0.26238,0.13501,0.47262,0.060238,-0.097087,0.117,-0.0036814,0.36409,0.17121,0.15575,0.26334,0.17647,0.1042,0.35343,0.15472,0.37261,0.38613,0.40706,0.46009,0.19365,0.34752,0.18405,0.11242,0.23953,-0.045232,0.36468,-0.16675,0.28249,-0.084983,0.22343,-0.32608,0.33857,0.28254,0.22211,0.11109,0.4912,0.18562,0.17335,0.44745,0.010544,0.36575,-0.24861,0.2553,0.23999,0.16572,0.14009,-0.010008,0.087126,0.33756,0.5623,-0.012381,0.44551,0.072093,-0.24046,0.2616,0.3517,0.13752,0.29765,-0.16723,0.028284,0.29399,0.15522,0.091584,0.018523,-0.066381,0.2328,-0.069686,0.30276,0.34619,-0.058612,0.055736,0.15313,0.043366,0.43971,0.21422,0.073985,0.22814,0.13887
0.33493,0.34375,-0.13356,0.34179,0.35591,-0.067748,-0.23297,0.04887,-0.24416,0.18617,0.25579,0.36322,1,0.54713,0.1623,0.51402,0.43713,0.36148,0.21205,0.2216,-0.12557,0.46369,-0.25577,0.21888,0.17256,0.6682,0.19661,0.24975,0.056923,0.53383,NaN,0.47758,0.024139,0.2161,0.28675,0.12685,0.36696,0.030754,0.39291,0.18746,0.65273,0.48912,0.28862,0.27331,0.1014,0.23356,0.30586,0.23222,0.26846,0.43351,0.32721,0.16857,0.30482,0.49645,0.31234,0.12717,0.66159,-0.054383,0.60145,0.13185,0.20959,0.15212,0.43961,0.31717,0.53778,0.23048,0.14306,0.41798,0.15931,0.26407,0.6815,0.50982,0.16386,0.27207,0.19809,0.34453,0.075033,0.28275,0.43177,0.1407,0.16566,0.22341,0.35272,0.20867,0.44896,0.28112,0.34086,0.5907,0.51168,0.53374,0.091652,0.12106,0.056244,0.46171,0.024376,0.31059,NaN,0.32209,0.23594,0.36743,0.52517,0.039709,0.36147,0.49144,0.37111,0.18855,0.15821,0.37572,0.061598,0.19937,0.35457,-0.49608,0.16754,-0.070725,0.40804,0.42794,0.13836,0.51057,-0.021813,0.59714,0.22163,0.0085306,0.40031,0.33832,0.37257,0.36612,0.25852,0.43843,-0.13388,0.29733,0.27476,0.013256,0.30489,0.39743,0.54621,0.155,0.41189,0.18686,0.63046,0.35497,0.51356,0.28609,0.55227,0.24506,0.33267,0.1214,0.03044,0.025512,0.37232,0.23757,-0.19949,0.49394,0.059862,0.42639,0.29835,0.29784,0.27283,0.34053,0.35993,0.3417,0.35327,0.34233,0.38376,0.20118,0.38059,0.056587,0.43238,-0.067787,0.2243,0.57248,0.42447,0.22039,0.22485,0.46145,0.13444,0.48749,0.26962,-0.21021,0.41776,0.42729,0.2395,0.51462,0.35349,0.2839,0.23547,0.34515,0.40698,0.039455,0.16069,0.40695,0.24916,0.25015,0.26058,0.3182,0.19754,0.40605,0.21286,0.39496,0.56748,0.3723
0.36634,-0.12123,0.0096077,0.31387,0.0005082,0.017315,-0.082206,-0.26222,0.34173,-0.09566,0.25229,0.37513,0.54713,1,0.1109,0.072201,0.32396,0.2834,0.15416,0.18038,-0.36664,0.34591,-0.30096,0.46069,-0.0060222,0.2045,0.124,-0.15704,-0.030566,0.28046,NaN,0.34273,0.33714,0.20694,0.10201,-0.12947,0.17233,-0.09211,0.21666,0.20803,0.23064,0.076382,-0.34578,0.51065,0.39127,-0.0099951,0.061186,0.2135,0.42381,0.44531,0.4328,0.17098,0.10706,0.25008,0.073302,0.06239,0.34572,-0.17357,0.24791,-0.10474,0.13771,-0.13588,0.20573,-0.0074605,0.57465,0.38691,-0.17246,0.21463,0.023126,0.18833,0.58732,0.2157,-0.0035187,-0.092575,0.32701,0.33768,0.63999,0.14016,0.14081,0.29299,-0.18593,0.069171,0.25198,0.28524,0.37277,0.074512,-0.26272,0.52395,0.039976,0.15495,-0.10387,-0.087046,-0.17004,0.15893,0.051439,0.1166,NaN,0.33027,0.2784,0.42133,0.33379,0.14601,0.32726,0.46356,-0.054492,0.15173,0.26907,0.29915,0.050413,0.12271,0.35622,-0.34591,0.093777,0.1147,0.31756,0.44517,0.26708,0.26472,-0.1434,0.40329,-0.01755,0.015479,-0.028017,0.23164,0.2053,0.051142,0.049669,0.50723,-0.21306,0.50181,-0.05441,-0.13922,0.18873,0.0302,0.15132,0.11975,0.23886,0.2116,0.026983,0.37115,0.34636,0.52501,0.3123,-0.25903,0.20216,0.19825,-0.22886,0.017737,0.34382,0.36479,-0.18458,0.23361,-0.16724,0.37838,0.36607,0.52847,-0.056321,0.39102,0.37352,0.079858,0.19899,0.35888,0.026575,-0.061311,0.67551,-0.14988,0.10654,-0.24795,0.13837,0.0033088,0.31596,0.054299,0.36615,0.30258,-0.11763,0.080915,0.41425,-0.054946,0.43583,0.26307,-0.25312,0.33773,0.37368,0.1521,0.086634,0.22381,-0.14695,0.0053872,0.3859,0.27424,0.28402,-0.095621,0.17048,0.29114,-0.026963,0.59612,0.2154,-0.06496,0.21573,0.2077
0.23459,0.27232,-0.015878,0.41094,0.11433,0.35462,0.23303,-0.0070176,0.22649,0.31344,0.58201,0.25622,0.1623,0.1109,1,-0.17682,0.30417,0.31696,0.12678,0.29345,0.34319,0.15917,0.56234,0.014055,0.61615,0.048889,0.12986,0.32579,0.22592,0.20548,NaN,0.28896,0.4043,0.31407,0.41533,0.21136,0.0056727,-0.59469,0.070553,-0.0030419,0.29964,0.011584,0.054542,0.16219,0.13632,0.19105,0.061484,0.23884,0.33833,0.25354,0.19017,0.58764,0.076905,0.088475,0.13618,0.62812,0.10809,-0.031374,0.55337,0.43831,0.42982,-0.37317,0.054913,0.37912,0.63027,0.059401,0.14092,0.54126,0.28564,0.2199,0.072736,0.60798,0.29539,0.013991,0.13312,0.41183,0.13039,0.51312,0.27851,-0.52559,0.17969,0.53109,0.486,0.29782,0.28602,-0.074377,0.23469,0.46365,0.35008,0.15547,0.28628,0.39425,0.2544,0.53568,0.28472,0.39767,NaN,0.36686,0.18958,0.51014,0.23661,0.014467,0.66512,0.21056,0.34655,0.099552,0.070181,0.58006,0.67201,0.077837,0.36401,-0.34562,0.48743,0.51367,-0.045405,0.4224,0.40941,0.65874,0.075846,-0.16188,0.1675,0.40256,0.36352,0.36469,0.24167,0.34153,0.081206,0.11478,-0.4185,0.59494,0.035416,0.53929,0.27068,0.37455,0.028357,0.74887,0.098672,0.48474,0.34664,0.3173,0.34969,0.17022,0.38785,0.11089,0.28988,0.35855,-0.31333,0.20774,0.18324,0.52809,0.31837,0.09168,-0.16214,0.24671,0.39639,0.13497,0.30704,0.10346,0.3824,0.029638,0.4383,0.61441,0.51626,0.08358,0.079861,0.1444,0.30117,0.045075,-0.1375,0.17461,0.39525,0.34556,-0.17353,0.38011,0.16254,0.085891,0.35454,0.23043,-0.23131,0.43677,0.18581,0.049754,0.19975,0.24773,0.33455,-0.078465,-0.11738,0.3249,-0.30584,-0.049756,-0.026106,0.26556,0.20976,0.089644,-0.21777,0.49318,0.13014,0.44699,0.30015,0.66954
0.050186,0.26013,0.21551,0.078588,0.39188,-0.21745,0.055484,0.37695,-0.17337,0.087337,0.14907,0.067965,0.51402,0.072201,-0.17682,1,0.19059,0.12829,0.27006,0.27406,0.028791,0.10048,-0.23725,0.035324,-0.0022496,0.60925,0.39763,0.31776,0.23025,0.36171,NaN,0.00014096,-0.14454,0.21224,0.10281,0.31031,0.24938,0.020271,0.40094,-0.25135,0.4492,0.44158,0.34279,0.13873,0.18192,0.053398,0.18932,-0.16825,-0.10863,0.20825,0.0098551,0.040501,0.23183,0.40966,0.30638,-0.13243,0.63372,0.19242,0.45911,0.22098,-0.13399,0.051781,0.49568,0.6219,0.12905,0.14091,0.30684,0.051045,0.17829,0.42557,0.69778,0.28931,-0.0090382,0.21116,0.24811,0.19469,0.052669,0.27039,-0.1003,0.225,0.11413,0.26882,-0.030182,-0.058386,0.032537,-0.17122,0.35688,0.082655,0.30623,0.37634,0.069414,0.31938,0.29753,0.11036,0.20262,0.15743,NaN,-0.08851,0.15332,0.083125,0.34274,-0.12565,-0.084564,-0.025966,0.33826,0.14843,0.35632,0.18348,-0.013016,0.18153,0.013263,-0.12974,0.15851,0.031323,0.14027,-0.053596,0.04121,-0.02263,0.027232,0.47302,0.24627,-0.075027,0.39406,0.041161,0.062944,0.39644,0.32135,0.24318,0.05937,0.089268,0.3625,0.10794,0.097596,0.11293,0.56908,-0.18725,0.055416,-0.063657,0.48134,0.25457,0.16788,-0.037255,0.012742,0.43096,0.17641,0.30961,0.05723,0.14647,0.070612,-0.0091026,0.33067,0.52819,0.19771,0.45018,0.23736,0.31154,0.029802,-0.089992,0.11693,0.15374,0.34524,0.05605,0.35074,0.26448,0.24423,0.15909,0.13775,0.18493,0.0099229,0.65744,0.32779,0.14169,0.040999,0.18262,0.38465,0.32824,-0.13612,-0.22155,0.15716,0.15304,0.24466,0.41553,0.03299,0.083161,0.070356,0.24207,0.66105,0.24792,0.14745,0.43743,0.24226,0.27124,0.23016,0.26514,0.23933,0.31147,0.089919,0.32172,0.27718,0.33919
0.1726,0.2349,0.19502,0.54609,0.36626,0.074441,-0.15047,0.14657,-0.070738,0.41736,0.37438,0.047146,0.43713,0.32396,0.30417,0.19059,1,0.77666,0.40733,0.54933,-0.1748,0.47765,0.1198,0.26753,0.26489,0.444,0.18011,0.19865,0.27876,0.53047,NaN,0.62749,0.068187,0.34691,0.49492,0.2775,0.22975,-0.10868,0.10661,0.29396,0.44365,0.45206,-0.0052518,0.29674,-0.12675,0.51504,0.39381,-0.12557,0.45796,0.65709,0.15504,0.40422,0.21244,0.48694,0.43539,0.23623,0.34147,0.15446,0.37177,0.33264,0.21219,-0.22349,0.016505,0.46196,0.70936,0.131,0.019943,0.38434,0.033442,0.082514,0.34046,0.53299,0.46585,0.45217,0.049385,0.32257,0.23319,0.3799,0.19413,0.43275,0.064866,0.42633,0.29186,0.05201,0.26832,0.48463,0.38485,0.45019,0.32032,0.52195,0.090491,0.13673,-0.076619,0.64873,-0.051431,0.26438,NaN,0.35941,0.46638,0.44998,0.20976,-0.047931,0.40732,0.46192,0.06671,0.39574,-0.099517,0.71742,0.36445,0.44507,0.42006,-0.40999,0.0039869,-0.0028805,0.40551,-0.11044,0.19238,0.39609,0.086424,0.23594,0.070321,0.058073,0.51589,0.31449,0.2906,0.35326,0.12163,0.71101,-0.26627,0.50047,0.42789,0.44234,-0.042149,0.56554,-0.024832,0.48943,0.049901,0.3495,0.40783,-0.11609,0.15815,0.3021,0.56952,0.15891,0.55615,0.49822,-0.0999,0.30163,0.51541,0.5358,0.092401,0.20925,0.29638,0.32763,0.21547,0.0011567,0.46899,-0.091742,0.48692,0.40679,0.20695,0.21564,0.42894,0.25777,0.088165,0.1163,0.33977,-0.071126,0.0054126,0.31708,0.5843,-0.0083947,0.39622,0.47181,0.027806,0.56003,0.46384,-0.2811,0.071158,0.64285,0.10447,0.33328,0.57223,-0.12543,0.38691,0.26358,0.0099311,0.1423,0.31771,0.50033,0.075724,0.35042,0.39467,0.080991,-0.1367,0.34096,0.42119,0.48191,0.58803,0.42795
-0.081138,0.38429,0.42739,0.51709,0.68094,0.39671,0.033485,-0.046125,0.13796,0.53536,0.52816,0.070544,0.36148,0.2834,0.31696,0.12829,0.77666,1,0.43992,0.54014,-0.019203,0.67512,0.17072,0.21714,0.37112,0.41036,0.25689,0.30661,0.34552,0.41994,NaN,0.8682,0.18731,0.64124,0.4193,0.51797,0.40711,0.065479,0.41414,0.40659,0.46107,0.5794,0.13322,0.43049,0.17167,0.5859,0.47755,0.081004,0.41002,0.67994,0.15492,0.40791,0.52674,0.59102,0.64248,0.33762,0.48888,0.033765,0.4643,0.537,0.34906,-0.29192,-0.077226,0.38779,0.64761,0.32379,0.13232,0.53661,0.19301,0.367,0.31412,0.59613,0.65203,0.53344,0.32462,0.34556,0.17928,0.50956,0.34132,0.2212,0.15319,0.46253,0.34945,0.028279,0.5816,0.66559,0.32116,0.654,0.42087,0.54394,0.32957,0.14567,0.21208,0.54979,0.146,0.34412,NaN,0.46689,0.29746,0.37051,0.45554,-0.063177,0.51009,0.16516,0.09479,0.032985,0.058999,0.78486,0.28054,0.46188,0.56964,-0.048125,0.012953,-0.064114,0.63725,0.13965,0.20369,0.39874,0.037206,0.38648,0.2231,0.094014,0.65932,0.59232,0.5792,0.10538,0.27098,0.59143,-0.33389,0.62528,0.50659,0.42979,0.17328,0.67856,0.21784,0.34446,0.044446,0.41868,0.39434,0.073976,0.17822,0.14054,0.513,0.0013316,0.53545,0.54413,-0.078632,0.25992,0.64258,0.48412,0.24258,0.31825,0.2588,0.37571,0.39869,0.062059,0.48199,0.13921,0.56437,0.36037,0.29811,0.46474,0.54059,0.23944,0.29488,0.25723,0.30281,-0.015222,0.29629,0.23714,0.51321,0.20833,0.34014,0.32583,0.19567,0.56665,0.66193,-0.095879,0.24124,0.71363,-0.084226,0.41087,0.8596,-0.15974,0.58589,0.51198,0.053915,0.35925,0.2357,0.45801,0.1582,0.26004,0.37718,0.15601,-0.21338,0.34136,0.34683,0.46253,0.51512,0.51219
0.097935,0.1578,0.3558,0.13787,0.30648,0.10515,0.20852,0.20306,0.022779,0.46888,0.3809,0.23636,0.21205,0.15416,0.12678,0.27006,0.40733,0.43992,1,0.23194,0.04105,0.57378,0.28204,-0.040658,0.28141,0.29933,0.21893,0.55788,0.61583,0.49802,NaN,0.42383,-0.10677,0.52716,0.70276,0.15052,0.36743,-0.027732,0.054304,0.42969,0.19573,0.35014,0.11184,0.32191,0.137,0.41709,0.28751,0.33792,0.36648,0.5165,-0.0028834,0.075428,0.20501,0.47573,0.42857,0.4027,0.11094,0.087446,0.13662,0.24233,-0.046234,-0.22004,0.18541,0.31427,0.40325,0.20919,0.054865,0.065242,0.33578,0.57909,0.16726,0.50919,0.39104,0.31287,0.37141,0.45933,0.072967,0.3391,0.14949,0.095875,0.52717,0.29717,0.34338,0.13119,0.27233,0.38212,0.35987,0.44112,0.40426,0.18159,0.19193,0.32748,0.22972,0.25418,0.45572,0.55672,NaN,-0.040309,0.47676,0.41034,0.53599,0.3,0.30558,0.18861,0.15816,0.22924,0.051313,0.4957,0.21702,0.45174,0.60268,0.057801,0.30869,0.15154,-0.071425,0.17709,0.15037,0.12225,-0.28694,0.41706,0.52773,0.1695,0.35319,0.22312,0.33479,0.33207,0.36393,0.15648,-0.2394,0.4275,0.41323,0.33341,0.0069219,0.67949,0.18795,0.12152,0.26623,0.10796,0.32272,0.16473,0.083092,0.062404,0.46256,-0.058114,0.55805,0.19784,-0.058595,0.1364,0.062232,0.31684,0.28737,-0.022334,-0.056387,0.60372,0.4642,0.18926,0.46741,0.31862,0.26846,0.15953,0.58863,0.2494,0.31107,0.28572,0.106,0.58071,0.35982,-0.0082191,0.30836,-0.023174,0.52642,0.31475,0.10073,0.2083,0.36407,0.32513,0.48408,0.22279,0.14661,0.67668,-0.17118,0.47637,0.42578,-0.10612,-0.0397,0.49389,-0.035979,0.12016,-0.24469,0.30432,0.12972,0.53142,0.47723,0.32715,0.019033,0.43097,0.17633,0.29252,0.59534,0.43507
0.2938,0.28941,0.24838,0.59608,0.38729,0.21998,0.10601,0.060195,0.24116,0.58365,0.53317,0.064224,0.2216,0.18038,0.29345,0.27406,0.54933,0.54014,0.23194,1,0.31439,0.22115,0.3059,0.47876,0.43128,0.38619,0.21543,0.31529,0.25832,0.32379,NaN,0.483,-0.018518,0.38572,0.35773,0.54516,0.012898,-0.22986,0.26851,0.22449,0.60687,0.49936,0.030864,0.26728,-0.10461,0.47691,-0.14053,-0.30772,-0.016026,0.45128,0.26191,0.5263,0.23518,0.49576,0.52968,0.27622,0.33705,0.3376,0.35806,0.35604,0.14687,-0.20119,0.14094,0.55967,0.53481,0.38419,0.30576,0.27768,0.30436,0.24757,0.38091,0.54785,0.51029,0.23909,0.2592,0.50495,0.43299,0.69011,0.22634,-0.0094823,0.23126,0.67051,0.18108,0.16183,0.26921,0.10071,0.334,0.22609,0.57951,0.44869,0.21688,0.18154,0.26216,0.34836,0.17453,0.28851,NaN,0.16649,0.14854,0.51717,0.23249,-0.22063,0.51555,0.21181,0.096393,0.31746,0.25439,0.59922,0.40684,0.24752,0.18424,-0.13868,0.047487,-0.024916,0.35901,0.0087051,0.56726,0.47259,0.14838,0.21374,0.12017,0.21981,0.66032,0.33542,0.23111,0.36531,0.37288,0.39722,0.043468,0.58096,0.30128,0.41982,0.097854,0.41013,0.1806,0.43167,0.14205,0.33037,0.35655,0.14357,0.19523,0.33682,0.38578,0.19412,0.29491,0.62085,-0.022187,0.0014225,0.35479,0.2399,0.51311,0.50248,0.25869,0.49659,0.38391,0.24105,0.45229,-0.052367,0.41103,0.23993,0.4497,0.38445,0.51347,0.27414,0.16943,0.1545,0.28168,-0.10239,0.0061369,0.54157,0.44828,0.20452,0.14598,0.4505,0.040505,0.57628,0.34708,0.022309,0.12456,0.49172,-0.02848,0.50783,0.47727,0.29532,0.36528,0.16326,0.23768,0.18945,0.25421,0.58604,0.22085,0.25157,0.35806,0.18262,0.1552,0.48515,0.51128,0.75123,0.5436,0.42397
0.18256,-0.045297,-0.098266,0.16508,0.16729,-0.1028,0.47398,-0.00013732,-0.055426,0.29078,0.18379,-0.13492,-0.12557,-0.36664,0.34319,0.028791,-0.1748,-0.019203,0.04105,0.31439,1,-0.17099,0.35474,-0.073771,0.49954,-0.25487,-0.12773,0.3405,0.20608,-0.19984,NaN,0.018677,-0.35092,0.06837,0.19521,0.28503,-0.047241,-0.26736,0.27242,0.016102,0.095298,-0.012121,0.16497,-0.21891,-0.31491,0.018463,-0.054352,0.010688,-0.31554,0.03205,0.16561,0.30109,0.33745,0.085318,0.12807,0.24282,-0.046926,0.10378,0.069163,0.17026,0.31192,-0.11069,0.072241,0.31804,0.038497,0.060391,0.56161,-0.013052,0.26689,0.086838,-0.082758,0.24065,0.42874,-0.092534,-0.11715,0.20012,-0.055024,0.36112,0.043442,-0.38933,0.33471,0.44772,-0.078272,0.10461,-0.14946,-0.12614,0.13525,0.057656,0.55167,-0.14691,0.34217,-0.033021,0.11178,0.12169,0.011422,0.36462,NaN,0.076823,0.012434,0.15833,0.20039,-0.10716,0.28429,-0.43321,0.15212,-0.0046631,-0.13828,0.15015,0.20657,0.01775,0.053608,0.13511,0.33817,0.048932,-0.048127,0.11015,-0.026582,0.2571,-0.056838,-0.0037663,0.12346,0.0053754,0.22004,0.17896,0.13166,0.29524,0.46514,-0.41876,0.030388,0.08099,-0.091293,0.13283,0.43694,0.22177,0.15911,0.013812,0.22699,-0.007543,0.24116,0.049404,-0.10155,-0.03393,0.032826,0.2446,-0.11787,0.011854,0.081711,-0.21326,-0.053542,-0.11895,0.39362,0.082446,-0.084777,0.03606,0.12559,-0.054447,0.33028,-0.24901,0.022775,-0.12109,0.2784,0.20089,0.20259,0.22032,-0.13901,0.18768,0.30968,0.0017754,-0.27895,0.20614,-0.078912,0.27511,-0.46558,-0.027119,0.3282,0.025785,0.085781,0.056575,0.05921,-0.090118,0.11599,0.20461,-0.024403,0.23543,0.044912,-0.089988,0.084102,0.069325,-0.39053,0.046083,0.01446,0.28955,-0.097207,0.079448,0.20245,0.13745,-0.025425,0.43392,0.08469,0.31468
0.097053,0.28613,0.31931,0.45913,0.6336,0.47582,-0.15818,-0.19085,0.078762,0.57395,0.33099,0.10783,0.46369,0.34591,0.15917,0.10048,0.47765,0.67512,0.57378,0.22115,-0.17099,1,0.094929,0.096667,0.34611,0.45795,0.1445,0.46226,0.24924,0.55431,NaN,0.70326,0.14032,0.49043,0.45639,0.36252,0.3453,0.26882,0.16619,0.53517,0.45779,0.51326,0.28761,0.37542,0.27917,0.34707,0.42076,0.36958,0.44706,0.38433,0.0063307,0.057459,0.49629,0.68187,0.44319,0.32166,0.29293,-0.021102,0.37627,0.29098,0.20607,-0.24196,0.034587,0.0052802,0.51405,0.23682,0.060914,0.32541,0.16387,0.45846,0.25531,0.65213,0.29352,0.37756,0.51644,0.31557,0.089066,0.33936,0.55408,0.20168,0.51036,0.19204,0.54949,-0.035106,0.53556,0.56255,0.29428,0.75938,0.32446,0.4327,0.52268,0.031996,0.30657,0.31408,0.15871,0.48905,NaN,0.42485,0.1758,0.31037,0.49269,0.28187,0.33494,0.11646,0.17215,-0.0047165,0.17422,0.49815,-0.036462,0.53902,0.62331,-0.17421,0.085122,-0.13241,0.27137,0.28859,0.19287,0.29236,-0.17059,0.48281,0.35144,-0.04685,0.43152,0.46961,0.47301,0.15052,0.12527,0.3835,-0.37461,0.3629,0.35354,0.24812,-0.054805,0.62815,0.3735,0.039924,0.38763,0.099238,0.29399,0.31355,0.31273,0.1005,0.5037,-0.01899,0.38856,0.28647,-0.22747,0.10965,0.43944,0.28801,-0.082374,0.18132,-0.059011,0.39695,0.41303,0.22262,0.45088,0.63773,0.446,0.22978,0.4137,0.43228,0.31408,0.31756,0.39515,0.33832,0.30526,-0.053612,0.64488,0.18902,0.53265,0.055533,0.48446,0.411,0.20981,0.61904,0.48277,0.10973,0.44033,0.65973,-0.011871,0.45086,0.68843,-0.086003,0.24615,0.75396,0.24387,0.20116,0.12337,0.3871,0.016876,0.1583,0.57644,0.18806,-0.15087,0.1724,0.32801,0.26834,0.59022,0.357
0.20308,0.041719,0.080146,0.22322,0.22168,0.41204,0.4278,-0.11684,0.27884,0.43943,0.52735,0.15728,-0.25577,-0.30096,0.56234,-0.23725,0.1198,0.17072,0.28204,0.3059,0.35474,0.094929,1,0.057209,0.68347,-0.22681,0.058881,0.29729,0.45612,0.079426,NaN,0.15265,0.053911,0.41102,0.48684,0.29035,-0.062037,-0.39124,-0.25203,0.261,0.29886,0.12401,0.32391,0.087753,0.048212,0.24086,-0.26963,0.22522,0.036847,0.097056,-0.18455,0.31996,0.060633,-0.13433,0.21257,0.53401,-0.13996,-0.01031,0.1847,0.24817,-0.0081574,-0.13907,0.079739,0.21351,0.24202,0.2014,0.011287,0.23221,0.11808,0.22585,-0.21281,0.3817,0.2493,0.11302,0.13235,0.35156,-0.14976,0.38646,0.1229,-0.58119,0.43828,0.22759,0.30305,0.28866,0.17982,0.081728,0.23354,0.13579,0.38686,0.23839,0.26445,0.2558,0.20338,0.24513,0.47934,0.17251,NaN,0.067045,0.004165,0.16356,-0.10581,0.064108,0.51775,0.085618,0.29278,0.062477,-0.050194,0.32201,0.37413,-0.11868,0.1194,0.13748,0.42637,0.35822,-0.3374,0.060248,0.3801,0.33858,0.0156,-0.39764,0.0093369,0.38499,0.39828,0.10935,0.18726,0.26808,0.18668,-0.15977,-0.026003,0.32541,0.18034,0.64212,-0.0091741,0.35815,-0.28306,0.48745,0.084779,0.013381,0.24682,0.13341,0.14063,0.024937,0.15955,0.17512,0.02473,0.26967,0.059649,0.099938,-0.31288,0.2576,0.36121,0.12788,-0.25127,0.095551,0.18999,-0.10469,0.44631,0.08389,0.07854,-0.2745,0.33193,0.23745,0.53583,-0.041043,-0.35599,0.18247,0.25228,0.32053,-0.043751,-0.0011354,0.25398,0.22081,-0.12909,0.13158,0.24519,0.13062,0.23707,0.39555,-0.10496,0.45189,-0.094457,-0.036973,0.18506,0.2707,0.18866,0.0069282,-0.063262,0.076725,-0.36864,0.12626,0.16706,0.41588,0.31147,0.21091,-0.10981,0.23045,0.10792,0.42722,0.31375,0.35559
0.70923,-0.23247,0.15251,0.56735,0.1364,0.15802,0.21865,0.063856,0.21546,0.066356,0.24827,0.091143,0.21888,0.46069,0.014055,0.035324,0.26753,0.21714,-0.040658,0.47876,-0.073771,0.096667,0.057209,1,0.091756,0.045393,-0.055443,-0.11462,0.025381,0.11537,NaN,0.24533,-0.0039077,0.3503,0.18747,-0.080652,0.17998,0.15431,0.18433,0.12203,0.43694,0.20686,-0.15497,0.56421,0.18639,-0.08885,-0.11295,-0.23067,-0.051563,0.23653,0.28234,0.39952,0.081198,0.13049,0.30663,0.14293,0.37383,0.33611,0.11631,-0.018419,0.087725,0.36837,0.26205,0.1696,0.45445,0.68607,0.12583,0.2363,0.046757,0.24186,0.39281,0.21069,-0.061865,0.10579,0.31855,0.53821,0.25125,0.19968,0.046496,0.13182,0.07068,0.054841,0.023538,0.32082,0.043162,0.058498,-0.056493,0.18781,0.23967,0.085729,-0.22793,-0.023096,-0.18505,-0.019737,-0.0087124,-0.19821,NaN,0.065114,0.29115,0.36572,0.023579,-0.11337,0.35708,0.24921,0.069547,0.39273,0.22364,0.10516,-0.1805,-0.0052975,-0.015439,-0.091067,-0.010788,-0.13075,0.34033,0.11939,0.30671,0.27096,0.50275,0.20869,0.039262,0.12588,0.1312,0.27574,-0.08973,0.337,0.22888,0.39342,0.38439,0.17197,-0.00035686,-0.18929,0.16276,0.0051788,0.0048697,0.11251,0.23218,0.017531,0.0089333,0.12834,0.35196,0.80918,0.19902,-0.11678,0.18969,0.39689,0.36593,0.010696,0.24008,0.34622,-0.01119,0.49484,0.37383,0.10845,0.14769,0.43565,0.20767,0.058747,0.15163,-0.14627,0.175,0.26393,0.30961,0.11576,0.14,-0.2562,0.4755,-0.12763,-0.047078,0.17635,0.22926,0.066944,0.1915,0.35497,-0.047404,0.31339,0.21724,-0.03101,0.35068,0.17764,0.13444,0.27779,0.31921,0.25888,0.21467,0.25852,0.25915,-0.11465,0.50304,0.60381,0.72968,0.166,0.5189,0.28627,0.17787,0.33226,0.4017,0.20433,0.23243,-0.05366
