1,0.46197,0.67415,0.48974,0.60941,0.4736,0.083106,0.34462,0.41934,0.6175,0.55018,0.48735,0.30438,0.71337,0.34494,0.4563,0.58527,0.56869,0.49841,0.43877,0.73165,0.58254,0.82868,0.42766,0.50884,0.58068,0.61855,0.57267,0.65315,0.42459,0.7219,0.3221,0.37303,0.53311,0.0077457,0.5341,0.46299,0.74097,0.5478,0.50064,0.44064,0.52743,0.52709,0.31369,0.34403,0.29729,0.26579,0.52673,0.64317,0.44795,0.46329,0.55444,0.39157,0.62401,0.61095,0.24643,0.70624,0.2037,0.43811,0.13742,0.52177,0.59149,0.36991,0.38742,0.38742,0.73285,0.31545,-0.048166,0.54676,0.63111,0.13076,0.52366,0.75355,0.47103,0.2803,0.60631,0.42481,0.27822,0.5258,0.26056,0.30906,0.63443,0.44847,0.48912,0.46184
0.46197,1,0.80861,0.72082,0.63169,0.62543,0.14826,0.64168,0.49798,0.38603,0.69786,0.64447,0.6993,0.53173,0.24549,0.40478,0.67381,0.60614,0.75877,0.3975,0.62415,0.37113,0.59695,0.61978,0.30253,0.39996,0.41901,0.72738,0.66162,0.71778,0.7167,0.50912,0.46559,0.56269,-0.11569,0.72469,0.72991,0.63506,0.72639,0.6438,0.75617,0.68401,0.57645,0.086787,0.55807,0.53381,0.67511,0.61091,0.72436,0.34838,0.43312,0.451,0.47299,0.65191,0.65142,0.3709,0.54618,0.5936,0.61106,0.24861,0.7542,0.59544,0.44892,0.61374,0.61374,0.61629,0.23854,-0.10147,0.63952,0.7186,0.035222,0.27521,0.49916,0.49223,0.55375,0.59008,0.63132,0.48621,0.43266,0.31632,0.71202,0.62283,0.5138,0.65802,0.53919
0.67415,0.80861,1,0.7192,0.71539,0.69815,0.32471,0.57355,0.46174,0.59313,0.80383,0.71324,0.59292,0.70218,0.31007,0.46252,0.73863,0.66302,0.86656,0.65323,0.77179,0.62115,0.72302,0.51155,0.52144,0.72352,0.71697,0.76416,0.73212,0.7635,0.70165,0.61073,0.45192,0.60551,0.0058011,0.61512,0.66874,0.75863,0.70036,0.55215,0.69982,0.60902,0.59799,0.3014,0.67998,0.53907,0.47116,0.67128,0.69849,0.43926,0.43513,0.49254,0.38184,0.76539,0.75792,0.41219,0.6572,0.46105,0.70488,0.24981,0.68078,0.75829,0.35396,0.61491,0.61491,0.73072,0.40392,-0.090877,0.65456,0.8209,0.32734,0.55747,0.58437,0.58343,0.50513,0.64195,0.56397,0.55596,0.55448,0.32056,0.60523,0.68596,0.62859,0.65503,0.6594
0.48974,0.72082,0.7192,1,0.68122,0.65699,0.49256,0.5982,0.43303,0.50039,0.51961,0.51578,0.86408,0.5804,0.28082,0.4731,0.74606,0.54727,0.74015,0.47235,0.56331,0.22711,0.57483,0.62252,0.3862,0.28421,0.64386,0.57093,0.70243,0.70845,0.69452,0.62183,0.5938,0.491,-0.012768,0.58284,0.51322,0.7066,0.80464,0.57643,0.66375,0.77699,0.44604,0.30609,0.5722,0.58518,0.29286,0.66756,0.69213,0.48928,0.24174,0.69709,0.43853,0.69496,0.65763,0.30699,0.68315,0.79846,0.66615,0.31631,0.55112,0.58802,0.31679,0.63229,0.63229,0.59782,0.55672,-0.099028,0.63631,0.73471,0.18214,0.23768,0.34949,0.53533,0.19331,0.66111,0.43678,0.38644,0.6802,0.17641,0.80436,0.67881,0.4864,0.49626,0.57157
0.60941,0.63169,0.71539,0.68122,1,0.76455,0.45739,0.70034,0.65784,0.73515,0.61129,0.70353,0.55328,0.72185,0.54354,0.52302,0.71695,0.59149,0.77942,0.4732,0.74403,0.62143,0.76566,0.65182,0.4662,0.55641,0.62498,0.80793,0.70868,0.68835,0.67949,0.66987,0.50403,0.65913,0.16238,0.64515,0.7153,0.71777,0.55826,0.68211,0.74647,0.76962,0.63137,0.41597,0.6417,0.63899,0.52806,0.58252,0.84366,0.52984,0.573,0.51551,0.60221,0.81404,0.79284,0.36935,0.60049,0.42352,0.68353,0.13882,0.74025,0.75986,0.42642,0.7326,0.7326,0.74147,0.59067,0.11411,0.71055,0.79642,0.19091,0.47248,0.50655,0.52054,0.35451,0.69098,0.68288,0.56138,0.63791,0.14149,0.54601,0.68264,0.69056,0.6295,0.72103
0.4736,0.62543,0.69815,0.65699,0.76455,1,0.64207,0.65475,0.7253,0.36045,0.51137,0.71279,0.61203,0.57785,0.34427,0.62252,0.7067,0.5916,0.64756,0.33524,0.5924,0.63685,0.56488,0.74306,0.21693,0.62514,0.40623,0.69332,0.73552,0.81202,0.60892,0.65963,0.38653,0.68524,-0.16412,0.51882,0.6806,0.73819,0.722,0.63485,0.74385,0.74482,0.7405,0.55081,0.60535,0.51895,0.59801,0.66464,0.87377,0.70687,0.56127,0.37123,0.64146,0.75192,0.74655,0.49959,0.39753,0.58896,0.60924,0.090602,0.70336,0.64171,0.35842,0.74012,0.74012,0.60305,0.47406,0.032376,0.80868,0.63316,0.31692,0.41228,0.56471,0.76593,0.085652,0.74557,0.54443,0.68285,0.36718,-0.067178,0.65391,0.70122,0.60275,0.68151,0.66425
0.083106,0.14826,0.32471,0.49256,0.45739,0.64207,1,0.44431,0.47292,0.15352,0.036827,0.25946,0.46328,0.33818,0.047672,0.50042,0.31224,0.17132,0.43535,0.06375,0.1702,0.25932,0.17816,0.39363,0.11748,0.14368,0.41993,0.29978,0.30283,0.55599,0.17429,0.5765,-0.0041994,0.4696,-0.088386,0.20613,0.16775,0.33679,0.42734,0.28456,0.40288,0.47891,0.46738,0.65956,0.3022,0.27079,0.0047014,0.14889,0.48284,0.71208,0.11325,0.037471,0.4317,0.54927,0.53527,0.35109,0.092827,0.41711,0.43923,-0.03715,0.36975,0.35823,0.017599,0.49598,0.49598,0.13714,0.75947,-0.054588,0.63199,0.36469,0.57924,0.21221,0.19122,0.5074,-0.097853,0.49906,0.15677,0.38673,0.1625,-0.11815,0.44689,0.33648,0.20433,0.24264,0.34682
0.34462,0.64168,0.57355,0.5982,0.70034,0.65475,0.44431,1,0.40278,0.34787,0.41071,0.50755,0.45509,0.42366,0.40751,0.6679,0.48217,0.59181,0.64308,0.439,0.53605,0.40505,0.39849,0.58292,0.49728,0.46162,0.33989,0.54739,0.55535,0.52663,0.4322,0.72068,0.30323,0.59269,0.18019,0.5614,0.54862,0.56496,0.48279,0.63202,0.68841,0.58389,0.422,0.29086,0.58487,0.58252,0.5126,0.36825,0.63326,0.41028,0.36586,0.43436,0.45984,0.58461,0.59198,0.47848,0.37954,0.34717,0.52299,-0.057651,0.70674,0.51268,0.50588,0.59864,0.59864,0.2792,0.42246,-0.19333,0.68977,0.55858,0.14503,0.35224,0.44317,0.37776,0.32757,0.5375,0.48699,0.67529,0.34348,0.020118,0.48155,0.6543,0.62126,0.49893,0.45153
0.41934,0.49798,0.46174,0.43303,0.65784,0.7253,0.47292,0.40278,1,0.38231,0.45291,0.6841,0.54248,0.46727,0.11148,0.47151,0.59157,0.37621,0.57366,0.082692,0.32717,0.43559,0.50098,0.65816,-0.079959,0.26614,0.28201,0.64578,0.6004,0.69394,0.58689,0.55954,0.16217,0.82949,-0.21343,0.57176,0.63304,0.55115,0.57036,0.50658,0.77328,0.65904,0.84926,0.58191,0.14957,0.29491,0.67409,0.34378,0.7837,0.62727,0.31483,0.082934,0.86533,0.54734,0.52154,0.30807,0.26603,0.46892,0.49277,0.17013,0.77275,0.4577,0.46528,0.54686,0.54686,0.61474,0.29652,0.36829,0.69361,0.47703,0.16184,0.2178,0.45334,0.80843,0.22893,0.46089,0.65266,0.32548,0.29599,0.19629,0.60367,0.44637,0.45273,0.32482,0.2803
0.6175,0.38603,0.59313,0.50039,0.73515,0.36045,0.15352,0.34787,0.38231,1,0.57308,0.43216,0.39995,0.72657,0.37591,0.3284,0.67757,0.32414,0.5994,0.38501,0.63156,0.53628,0.64281,0.35819,0.45712,0.43626,0.64975,0.53615,0.66809,0.38094,0.4599,0.39784,0.51525,0.37565,0.35228,0.46632,0.46166,0.60565,0.33588,0.479,0.45853,0.52664,0.34568,0.23378,0.47089,0.48447,0.2228,0.48859,0.48926,0.14299,0.41482,0.39612,0.22992,0.54281,0.50392,0.15803,0.65873,0.26889,0.65838,0.40098,0.49203,0.52422,0.26123,0.35195,0.35195,0.68581,0.48058,0.062901,0.40845,0.62535,0.16465,0.35965,0.35697,0.38069,0.28206,0.46862,0.44564,0.2329,0.76157,0.23377,0.32844,0.4521,0.50115,0.33166,0.58145
0.55018,0.69786,0.80383,0.51961,0.61129,0.51137,0.036827,0.41071,0.45291,0.57308,1,0.62818,0.4574,0.45654,0.16562,0.25472,0.52321,0.59142,0.65233,0.60514,0.75783,0.51215,0.69169,0.28661,0.2972,0.64929,0.48987,0.59101,0.64616,0.57624,0.68874,0.48467,0.42039,0.43993,0.080206,0.39383,0.54477,0.56663,0.45425,0.49875,0.60499,0.42752,0.50963,0.27438,0.48969,0.53291,0.61325,0.54153,0.54771,0.18963,0.19285,0.35835,0.37187,0.60964,0.583,0.20206,0.57744,0.39722,0.61411,0.27781,0.54549,0.65122,0.42861,0.5038,0.5038,0.61793,0.049698,0.044246,0.50221,0.67106,0.23614,0.34448,0.55297,0.4825,0.54173,0.46061,0.4777,0.43001,0.5409,0.47283,0.52809,0.44063,0.50201,0.40819,0.45463
0.48735,0.64447,0.71324,0.51578,0.70353,0.71279,0.25946,0.50755,0.6841,0.43216,0.62818,1,0.5586,0.53145,0.30274,0.25785,0.63427,0.54445,0.72275,0.42191,0.5634,0.45638,0.52838,0.61878,0.1548,0.53081,0.43197,0.77845,0.70192,0.73044,0.66426,0.53589,0.31413,0.6687,-0.10526,0.68433,0.70219,0.67682,0.64297,0.55588,0.85733,0.56485,0.6519,0.40301,0.56031,0.45134,0.68653,0.68156,0.80323,0.37983,0.41221,0.31503,0.63809,0.53867,0.53915,0.29057,0.45766,0.45312,0.47357,0.064644,0.74054,0.6379,0.36368,0.69742,0.69742,0.69443,0.23536,0.27155,0.5335,0.66675,-0.12629,0.33236,0.43781,0.59113,0.21774,0.49948,0.73316,0.46402,0.38035,-0.034591,0.65576,0.62038,0.62174,0.51133,0.51338
0.30438,0.6993,0.59292,0.86408,0.55328,0.61203,0.46328,0.45509,0.54248,0.39995,0.4574,0.5586,1,0.49637,0.0068252,0.34479,0.7031,0.41723,0.62794,0.19596,0.40334,0.15748,0.38838,0.64678,0.12871,0.097871,0.46524,0.44853,0.70576,0.74983,0.66467,0.54774,0.5084,0.45761,-0.081229,0.48348,0.53355,0.68565,0.8261,0.60011,0.65661,0.75728,0.44358,0.43339,0.53531,0.53888,0.38502,0.63505,0.65769,0.48365,0.11699,0.52735,0.48254,0.59031,0.55125,0.2447,0.49063,0.94257,0.58058,0.35144,0.56436,0.41274,0.28783,0.59949,0.59949,0.5139,0.46907,0.18312,0.66134,0.60002,0.17187,0.11943,0.18982,0.53563,0.13267,0.60103,0.5466,0.31153,0.55554,0.048194,0.90873,0.52819,0.37134,0.37568,0.53327
0.71337,0.53173,0.70218,0.5804,0.72185,0.57785,0.33818,0.42366,0.46727,0.72657,0.45654,0.53145,0.49637,1,0.32946,0.60547,0.75758,0.64727,0.6863,0.49655,0.72562,0.68004,0.75214,0.52318,0.5899,0.47923,0.75962,0.72316,0.7381,0.48148,0.59056,0.26514,0.63828,0.64505,0.060115,0.66388,0.59246,0.71729,0.59274,0.54688,0.61397,0.75112,0.37496,0.27881,0.46487,0.50982,0.27251,0.56672,0.71922,0.40518,0.5701,0.50716,0.2916,0.7651,0.78483,0.5697,0.69677,0.34014,0.75269,0.44776,0.55717,0.71281,0.30271,0.39554,0.39554,0.82399,0.66576,-0.060857,0.56694,0.79747,0.13285,0.62021,0.47647,0.52908,0.20671,0.64715,0.36351,0.46628,0.73849,0.11428,0.36425,0.778,0.58765,0.69941,0.76652
0.34494,0.24549,0.31007,0.28082,0.54354,0.34427,0.047672,0.40751,0.11148,0.37591,0.16562,0.30274,0.0068252,0.32946,1,0.31536,0.31991,0.4915,0.41009,0.3628,0.36307,0.22936,0.4007,0.15332,0.35519,0.37034,0.24136,0.39859,0.34018,0.13442,0.15875,0.19864,0.35864,0.20052,0.20441,0.43113,0.35052,0.23167,0.059786,0.32427,0.30603,0.27781,0.10835,-0.24398,0.29965,0.4411,0.25828,0.46698,0.36661,-0.011905,0.42157,0.35212,0.16333,0.2175,0.2483,0.21626,0.18703,-0.12956,0.27346,0.083814,0.33577,0.42135,0.48222,0.18469,0.18469,0.39707,0.27599,-0.25913,0.12056,0.25547,-0.20048,0.1801,0.41697,0.068412,0.071225,0.15084,0.32139,0.218,0.27705,-0.093701,-0.066503,0.42034,0.23774,0.31284,0.31522
0.4563,0.40478,0.46252,0.4731,0.52302,0.62252,0.50042,0.6679,0.47151,0.3284,0.25472,0.25785,0.34479,0.60547,0.31536,1,0.56751,0.7057,0.50712,0.45069,0.44514,0.54026,0.46913,0.52508,0.39594,0.4155,0.33628,0.40006,0.57094,0.28912,0.42502,0.52184,0.48271,0.68753,-0.05689,0.36052,0.4832,0.44795,0.52992,0.4909,0.49713,0.69036,0.33353,0.2867,0.28994,0.49865,0.28987,0.31019,0.58202,0.49953,0.38782,0.38302,0.28959,0.54122,0.55042,0.73527,0.25893,0.26886,0.64089,0.31501,0.50187,0.55933,0.57658,0.26797,0.26797,0.41646,0.53742,-0.31339,0.64286,0.51919,0.30812,0.54094,0.48499,0.58575,0.13676,0.40176,0.19075,0.49419,0.42617,0.17862,0.19572,0.77119,0.50341,0.48507,0.31149
0.58527,0.67381,0.73863,0.74606,0.71695,0.7067,0.31224,0.48217,0.59157,0.67757,0.52321,0.63427,0.7031,0.75758,0.31991,0.56751,1,0.54588,0.7856,0.40669,0.57378,0.59042,0.61782,0.71392,0.31994,0.5002,0.54096,0.65854,0.84722,0.65299,0.73262,0.52269,0.68711,0.59832,-0.14606,0.58553,0.72879,0.78424,0.81035,0.60243,0.68566,0.75848,0.51843,0.20197,0.61767,0.47216,0.46523,0.78762,0.75106,0.44832,0.52274,0.54395,0.38235,0.61586,0.60075,0.48728,0.57754,0.60116,0.76654,0.47051,0.6234,0.67577,0.29791,0.58829,0.58829,0.77568,0.45752,0.096848,0.6033,0.77458,0.089705,0.53261,0.31342,0.64663,0.24305,0.59147,0.52765,0.37968,0.69217,0.21952,0.60997,0.74685,0.68367,0.67624,0.65859
0.56869,0.60614,0.66302,0.54727,0.59149,0.5916,0.17132,0.59181,0.37621,0.32414,0.59142,0.54445,0.41723,0.64727,0.4915,0.7057,0.54588,1,0.62779,0.74216,0.70337,0.48634,0.65599,0.41351,0.53834,0.57143,0.489,0.58557,0.69166,0.37896,0.63493,0.34174,0.68629,0.60516,0.075516,0.49697,0.60465,0.55248,0.54516,0.58162,0.6184,0.61962,0.22185,0.12062,0.42376,0.71902,0.50388,0.58509,0.63765,0.26154,0.29594,0.6181,0.31106,0.59972,0.63566,0.67108,0.41394,0.29299,0.58348,0.40488,0.51369,0.73706,0.73576,0.35666,0.35666,0.63904,0.28598,-0.21711,0.48319,0.66207,0.034321,0.55045,0.58417,0.42352,0.31541,0.43196,0.31948,0.57554,0.57033,0.21445,0.28825,0.84713,0.55503,0.57542,0.48238
0.49841,0.75877,0.86656,0.74015,0.77942,0.64756,0.43535,0.64308,0.57366,0.5994,0.65233,0.72275,0.62794,0.6863,0.41009,0.50712,0.7856,0.62779,1,0.58132,0.61123,0.48449,0.63423,0.50664,0.43821,0.49764,0.69271,0.77249,0.6966,0.72414,0.66227,0.64797,0.44245,0.70557,-0.050824,0.71889,0.67884,0.63804,0.65892,0.55164,0.8176,0.63742,0.55925,0.21152,0.58376,0.5351,0.50445,0.60197,0.71849,0.41859,0.31015,0.40118,0.46882,0.68505,0.69002,0.47092,0.53276,0.41672,0.79655,0.29793,0.73503,0.79261,0.40061,0.62968,0.62968,0.67786,0.53112,0.0067324,0.6125,0.83649,0.1663,0.52109,0.38274,0.55098,0.51799,0.49142,0.58991,0.44264,0.59124,0.35985,0.59665,0.66548,0.62487,0.58159,0.55502
0.43877,0.3975,0.65323,0.47235,0.4732,0.33524,0.06375,0.439,0.082692,0.38501,0.60514,0.42191,0.19596,0.49655,0.3628,0.45069,0.40669,0.74216,0.58132,1,0.5897,0.39889,0.52118,0.17773,0.62651,0.62003,0.55102,0.49044,0.39381,0.21749,0.4121,0.3926,0.58626,0.42771,0.20718,0.29966,0.39911,0.36319,0.31666,0.19362,0.42245,0.389,0.052684,0.034543,0.41465,0.51901,0.19288,0.37312,0.31347,0.070447,0.18634,0.61358,0.024748,0.45289,0.45079,0.45101,0.56156,0.13227,0.50407,0.30048,0.22185,0.64183,0.40288,0.22652,0.22652,0.52689,0.19157,-0.19248,0.18308,0.61189,0.090665,0.53682,0.26781,0.26682,0.30999,0.19374,0.14362,0.46504,0.59111,0.30149,0.15077,0.63679,0.65712,0.4257,0.3656
0.73165,0.62415,0.77179,0.56331,0.74403,0.5924,0.1702,0.53605,0.32717,0.63156,0.75783,0.5634,0.40334,0.72562,0.36307,0.44514,0.57378,0.70337,0.61123,0.5897,1,0.73813,0.87513,0.47161,0.6057,0.72977,0.70862,0.67714,0.67711,0.54497,0.72398,0.40957,0.55852,0.4135,0.12967,0.47305,0.58906,0.6378,0.47033,0.6856,0.53157,0.5596,0.37438,0.3305,0.65809,0.68624,0.44903,0.60904,0.68961,0.26274,0.53575,0.57315,0.22586,0.84797,0.84998,0.27566,0.64982,0.30656,0.66627,0.11784,0.48199,0.8038,0.36999,0.49734,0.49734,0.71633,0.42069,-0.097294,0.58092,0.82071,0.22261,0.64565,0.67331,0.42379,0.34009,0.65809,0.44238,0.56701,0.6749,0.19053,0.36312,0.69779,0.4847,0.62661,0.71806
0.58254,0.37113,0.62115,0.22711,0.62143,0.63685,0.25932,0.40505,0.43559,0.53628,0.51215,0.45638,0.15748,0.68004,0.22936,0.54026,0.59042,0.48634,0.48449,0.39889,0.73813,1,0.69338,0.45166,0.40668,0.84217,0.44431,0.59521,0.52182,0.45296,0.47673,0.41159,0.37503,0.46487,-0.033291,0.25997,0.5392,0.55297,0.33421,0.41434,0.41873,0.42769,0.45296,0.41137,0.53205,0.34752,0.4584,0.3985,0.58593,0.36456,0.68484,0.2364,0.18619,0.71788,0.73144,0.41857,0.38474,0.09942,0.6235,0.027764,0.44852,0.6763,0.16979,0.33965,0.33965,0.60443,0.37459,0.075063,0.605,0.60496,0.42144,0.8294,0.50688,0.50745,0.22006,0.48628,0.41821,0.52148,0.38077,0.10442,0.11289,0.55258,0.57125,0.63167,0.66374
0.82868,0.59695,0.72302,0.57483,0.76566,0.56488,0.17816,0.39849,0.50098,0.64281,0.69169,0.52838,0.38838,0.75214,0.4007,0.46913,0.61782,0.65599,0.63423,0.52118,0.87513,0.69338,1,0.43845,0.42205,0.61606,0.65909,0.75885,0.60543,0.49361,0.78682,0.39963,0.5396,0.51254,-0.034876,0.55056,0.50912,0.60324,0.5024,0.49744,0.58032,0.61525,0.52836,0.30257,0.38969,0.47099,0.47493,0.5042,0.75629,0.35792,0.5489,0.48914,0.4105,0.83594,0.8296,0.29801,0.68141,0.28794,0.6794,0.16318,0.57033,0.83969,0.37113,0.42994,0.42994,0.83706,0.43724,-0.072942,0.62522,0.79926,0.20374,0.60777,0.72428,0.4767,0.36838,0.56789,0.51259,0.28689,0.60215,0.3842,0.32683,0.66216,0.45143,0.57503,0.59074
0.42766,0.61978,0.51155,0.62252,0.65182,0.74306,0.39363,0.58292,0.65816,0.35819,0.28661,0.61878,0.64678,0.52318,0.15332,0.52508,0.71392,0.41351,0.50664,0.17773,0.47161,0.45166,0.43845,1,0.26607,0.33534,0.39195,0.64031,0.64397,0.71699,0.62051,0.58419,0.43077,0.63534,-0.063971,0.56326,0.8056,0.65515,0.74709,0.72084,0.6178,0.78146,0.59471,0.42426,0.55563,0.53441,0.46043,0.54114,0.76037,0.56364,0.63511,0.51496,0.5403,0.61017,0.57523,0.29602,0.36416,0.61813,0.39868,0.12111,0.6134,0.43165,0.35956,0.63416,0.63416,0.62169,0.38999,0.1863,0.60125,0.60651,0.055515,0.35803,0.32129,0.67838,0.14289,0.65237,0.60515,0.56847,0.47068,-0.041509,0.64169,0.71501,0.5916,0.57078,0.50915
0.50884,0.30253,0.52144,0.3862,0.4662,0.21693,0.11748,0.49728,-0.079959,0.45712,0.2972,0.1548,0.12871,0.5899,0.35519,0.39594,0.31994,0.53834,0.43821,0.62651,0.6057,0.40668,0.42205,0.26607,1,0.47391,0.72657,0.38381,0.37884,0.25176,0.24809,0.19652,0.39834,0.31354,0.53503,0.35056,0.41515,0.47892,0.18903,0.45335,0.16978,0.31248,-0.042633,0.046119,0.48948,0.54785,-0.080741,0.25116,0.20466,0.15649,0.27178,0.65733,-0.050855,0.51498,0.53261,0.32755,0.49574,-0.033307,0.29776,0.19515,0.18908,0.38454,0.31829,0.22578,0.22578,0.37352,0.369,-0.17181,0.1876,0.50972,0.20078,0.55913,0.26823,0.069322,0.40317,0.47257,0.07266,0.64044,0.60999,0.1276,0.064476,0.53879,0.50591,0.45113,0.54332
0.58068,0.39996,0.72352,0.28421,0.55641,0.62514,0.14368,0.46162,0.26614,0.43626,0.64929,0.53081,0.097871,0.47923,0.37034,0.4155,0.5002,0.57143,0.49764,0.62003,0.72977,0.84217,0.61606,0.33534,0.47391,1,0.41571,0.56763,0.52521,0.45257,0.44003,0.46677,0.35294,0.35261,0.11574,0.21862,0.47146,0.57632,0.31643,0.34035,0.40448,0.25316,0.3977,0.28735,0.59853,0.3885,0.46361,0.49744,0.48089,0.23672,0.54142,0.33536,0.17721,0.58206,0.59292,0.37029,0.38986,0.064662,0.45757,-0.0090243,0.42198,0.6483,0.25133,0.39517,0.39517,0.52898,0.12033,-0.075498,0.46695,0.53285,0.36238,0.70679,0.57068,0.40854,0.28376,0.44425,0.37273,0.57965,0.30971,0.13018,0.14103,0.54936,0.62562,0.55117,0.5766
0.61855,0.41901,0.71697,0.64386,0.62498,0.40623,0.41993,0.33989,0.28201,0.64975,0.48987,0.43197,0.46524,0.75962,0.24136,0.33628,0.54096,0.489,0.69271,0.55102,0.70862,0.44431,0.65909,0.39195,0.72657,0.41571,1,0.60497,0.55455,0.57661,0.5087,0.35282,0.39981,0.47393,0.25542,0.52497,0.45941,0.5703,0.44885,0.50913,0.43522,0.50264,0.29022,0.35481,0.48017,0.57574,0.0063663,0.42912,0.48673,0.33357,0.25126,0.53326,0.20342,0.7448,0.73437,0.20755,0.6255,0.28027,0.58113,0.29005,0.35774,0.63031,0.2237,0.39768,0.39768,0.67204,0.64562,-0.025226,0.38515,0.76059,0.31701,0.53749,0.3817,0.42552,0.33362,0.58304,0.27123,0.43883,0.76436,0.23923,0.3946,0.57796,0.38541,0.40703,0.59774
0.57267,0.72738,0.76416,0.57093,0.80793,0.69332,0.29978,0.54739,0.64578,0.53615,0.59101,0.77845,0.44853,0.72316,0.39859,0.40006,0.65854,0.58557,0.77249,0.49044,0.67714,0.59521,0.75885,0.64031,0.38381,0.56763,0.60497,1,0.60956,0.66843,0.61866,0.4518,0.44146,0.70011,0.033026,0.81741,0.68349,0.63368,0.56857,0.48129,0.82739,0.64698,0.66062,0.24276,0.43111,0.46324,0.62607,0.48648,0.82609,0.37539,0.66206,0.32549,0.62718,0.75794,0.77258,0.45519,0.57264,0.31605,0.58288,0.18469,0.79738,0.7615,0.3466,0.61375,0.61375,0.83749,0.39057,-0.026956,0.56739,0.78651,0.021635,0.46509,0.55603,0.54952,0.44919,0.60391,0.63008,0.50227,0.46767,0.24154,0.48772,0.70834,0.67723,0.68401,0.64637
0.65315,0.66162,0.73212,0.70243,0.70868,0.73552,0.30283,0.55535,0.6004,0.66809,0.64616,0.70192,0.70576,0.7381,0.34018,0.57094,0.84722,0.69166,0.6966,0.39381,0.67711,0.52182,0.60543,0.64397,0.37884,0.52521,0.55455,0.60956,1,0.64828,0.7261,0.43322,0.64265,0.60096,0.080384,0.60268,0.68795,0.86842,0.7702,0.78452,0.72291,0.71257,0.499,0.32168,0.59659,0.65574,0.53197,0.83694,0.77883,0.40427,0.37189,0.52905,0.4969,0.60689,0.60659,0.50871,0.53745,0.5911,0.66413,0.51653,0.69719,0.6242,0.52518,0.62771,0.62771,0.71992,0.36584,0.00096039,0.63429,0.70714,0.06899,0.37613,0.5537,0.63533,0.23308,0.72383,0.47056,0.53442,0.69602,0.12028,0.65294,0.77473,0.59569,0.57239,0.65567
0.42459,0.71778,0.7635,0.70845,0.68835,0.81202,0.55599,0.52663,0.69394,0.38094,0.57624,0.73044,0.74983,0.48148,0.13442,0.28912,0.65299,0.37896,0.72414,0.21749,0.54497,0.45296,0.49361,0.71699,0.25176,0.45257,0.57661,0.66843,0.64828,1,0.6257,0.66938,0.1815,0.61863,-0.099531,0.57542,0.7131,0.72497,0.69744,0.65908,0.70221,0.62139,0.76801,0.57979,0.61954,0.48312,0.5287,0.59447,0.73937,0.64515,0.34442,0.36069,0.63844,0.73878,0.71049,0.14366,0.43387,0.65998,0.51288,0.025278,0.68295,0.49409,0.267,0.73943,0.73943,0.57693,0.4126,0.29511,0.72255,0.62472,0.35332,0.3104,0.41672,0.71092,0.30393,0.70856,0.69081,0.58289,0.39407,0.046518,0.83434,0.47017,0.45069,0.49968,0.59818
0.7219,0.7167,0.70165,0.69452,0.67949,0.60892,0.17429,0.4322,0.58689,0.4599,0.68874,0.66426,0.66467,0.59056,0.15875,0.42502,0.73262,0.63493,0.66227,0.4121,0.72398,0.47673,0.78682,0.62051,0.24809,0.44003,0.5087,0.61866,0.7261,0.6257,1,0.49583,0.54662,0.55113,-0.2599,0.49649,0.64934,0.70618,0.81337,0.66608,0.63283,0.69271,0.5748,0.33012,0.53935,0.46327,0.52336,0.68568,0.80009,0.52831,0.3406,0.59398,0.49427,0.69435,0.66941,0.30707,0.57605,0.58817,0.59059,0.20762,0.57215,0.7594,0.36271,0.68431,0.68431,0.7221,0.29356,0.15518,0.65289,0.83042,0.060721,0.50567,0.50323,0.51075,0.39036,0.61966,0.5653,0.30123,0.58346,0.38643,0.63969,0.69086,0.51483,0.60091,0.49315
0.3221,0.50912,0.61073,0.62183,0.66987,0.65963,0.5765,0.72068,0.55954,0.39784,0.48467,0.53589,0.54774,0.26514,0.19864,0.52184,0.52269,0.34174,0.64797,0.3926,0.40957,0.41159,0.39963,0.58419,0.19652,0.46677,0.35282,0.4518,0.43322,0.66938,0.49583,1,0.15256,0.55658,-0.0026509,0.29348,0.50267,0.48645,0.52723,0.43057,0.58692,0.55296,0.61826,0.58421,0.56894,0.43066,0.40255,0.31602,0.56506,0.55457,0.25303,0.34436,0.48293,0.56891,0.50236,0.16227,0.32552,0.50696,0.52472,-0.1547,0.59797,0.48936,0.33714,0.57937,0.57937,0.33164,0.44176,0.13316,0.72362,0.51879,0.46689,0.36005,0.30815,0.56315,0.26033,0.37131,0.65888,0.39387,0.29222,0.15078,0.5791,0.44455,0.52793,0.24481,0.27259
0.37303,0.46559,0.45192,0.5938,0.50403,0.38653,-0.0041994,0.30323,0.16217,0.51525,0.42039,0.31413,0.5084,0.63828,0.35864,0.48271,0.68711,0.68629,0.44245,0.58626,0.55852,0.37503,0.5396,0.43077,0.39834,0.35294,0.39981,0.44146,0.64265,0.1815,0.54662,0.15256,1,0.23378,0.15268,0.29753,0.47953,0.48395,0.52736,0.42324,0.39097,0.63566,-0.056831,-0.10153,0.46018,0.64328,0.27313,0.63894,0.46375,0.017605,0.3864,0.70217,0.018808,0.45287,0.45315,0.53306,0.49192,0.48091,0.5878,0.66824,0.24072,0.59063,0.3739,0.2585,0.2585,0.66194,0.28448,-0.15251,0.24174,0.62189,-0.096433,0.40996,0.15821,0.23289,0.11169,0.37027,0.17089,0.30438,0.76691,0.17923,0.27194,0.73408,0.55509,0.54976,0.59986
0.53311,0.56269,0.60551,0.491,0.65913,0.68524,0.4696,0.59269,0.82949,0.37565,0.43993,0.6687,0.45761,0.64505,0.20052,0.68753,0.59832,0.60516,0.70557,0.42771,0.4135,0.46487,0.51254,0.63534,0.31354,0.35261,0.47393,0.70011,0.60096,0.61863,0.55113,0.55658,0.23378,1,-0.13795,0.71761,0.70285,0.58513,0.6002,0.51753,0.80076,0.72645,0.70978,0.45057,0.21271,0.37062,0.51671,0.31995,0.74352,0.64068,0.33499,0.28811,0.70509,0.59029,0.58914,0.53863,0.43478,0.32356,0.56288,0.22432,0.74372,0.53746,0.56254,0.48877,0.48877,0.62664,0.40659,0.14668,0.63941,0.60365,0.11167,0.40406,0.471,0.78619,0.32126,0.46967,0.50419,0.54062,0.42022,0.21658,0.50765,0.66045,0.63118,0.49139,0.31314
0.0077457,-0.11569,0.0058011,-0.012768,0.16238,-0.16412,-0.088386,0.18019,-0.21343,0.35228,0.080206,-0.10526,-0.081229,0.060115,0.20441,-0.05689,-0.14606,0.075516,-0.050824,0.20718,0.12967,-0.033291,-0.034876,-0.063971,0.53503,0.11574,0.25542,0.033026,0.080384,-0.099531,-0.2599,-0.0026509,0.15268,-0.13795,1,-0.028848,-0.018316,0.11668,-0.30249,0.10763,-0.10809,-0.10903,-0.28735,0.0069296,0.1031,0.41054,-0.14297,-0.14432,-0.22099,-0.30686,-0.069467,0.21085,-0.03415,0.018381,0.0065173,-0.023536,0.051752,-0.155,-0.17985,0.20643,0.043933,-0.14587,0.28293,-0.074104,-0.074104,0.0028031,-0.028755,-0.077861,-0.15568,-0.084351,0.13665,-0.069662,0.0080329,-0.28821,0.25216,0.10228,-0.0026601,0.27501,0.26678,-0.0037654,-0.1321,0.0070498,0.18039,-0.2187,0.17846
0.5341,0.72469,0.61512,0.58284,0.64515,0.51882,0.20613,0.5614,0.57176,0.46632,0.39383,0.68433,0.48348,0.66388,0.43113,0.36052,0.58553,0.49697,0.71889,0.29966,0.47305,0.25997,0.55056,0.56326,0.35056,0.21862,0.52497,0.81741,0.60268,0.57542,0.49649,0.29348,0.29753,0.71761,-0.028848,1,0.60905,0.58469,0.54222,0.53051,0.82629,0.62775,0.56898,0.069126,0.25034,0.36874,0.5278,0.47223,0.73736,0.29384,0.46416,0.3114,0.61433,0.52921,0.55746,0.3467,0.59193,0.30097,0.49855,0.21092,0.79087,0.49869,0.42817,0.47665,0.47665,0.67561,0.37714,-0.089834,0.46091,0.61325,-0.27731,0.16007,0.51705,0.51002,0.32367,0.51596,0.54618,0.37405,0.43402,0.095054,0.54031,0.61688,0.46268,0.53253,0.44631
0.46299,0.72991,0.66874,0.51322,0.7153,0.6806,0.16775,0.54862,0.63304,0.46166,0.54477,0.70219,0.53355,0.59246,0.35052,0.4832,0.72879,0.60465,0.67884,0.39911,0.58906,0.5392,0.50912,0.8056,0.41515,0.47146,0.45941,0.68349,0.68795,0.7131,0.64934,0.50267,0.47953,0.70285,-0.018316,0.60905,1,0.61345,0.61722,0.79105,0.63569,0.72362,0.54489,0.20517,0.62434,0.65746,0.5823,0.63632,0.69665,0.43065,0.56659,0.52968,0.43378,0.58662,0.57242,0.33776,0.36754,0.4122,0.50519,0.27857,0.60664,0.54059,0.55975,0.5858,0.5858,0.71299,0.26586,0.27615,0.47935,0.67165,0.0027492,0.46625,0.33828,0.62846,0.42343,0.53487,0.65281,0.67312,0.57368,0.13393,0.52722,0.67244,0.64456,0.65848,0.54511
0.74097,0.63506,0.75863,0.7066,0.71777,0.73819,0.33679,0.56496,0.55115,0.60565,0.56663,0.67682,0.68565,0.71729,0.23167,0.44795,0.78424,0.55248,0.63804,0.36319,0.6378,0.55297,0.60324,0.65515,0.47892,0.57632,0.5703,0.63368,0.86842,0.72497,0.70618,0.48645,0.48395,0.58513,0.11668,0.58469,0.61345,1,0.77892,0.64729,0.65703,0.67002,0.59355,0.45403,0.63114,0.43602,0.43866,0.72062,0.75246,0.59246,0.41846,0.60258,0.57071,0.67654,0.6661,0.42761,0.67691,0.60016,0.50122,0.26091,0.70351,0.51965,0.31172,0.70343,0.70343,0.66563,0.35387,0.13164,0.71974,0.65705,0.19657,0.41839,0.51574,0.54067,0.25847,0.84036,0.54824,0.5662,0.5551,0.042661,0.70929,0.68232,0.69584,0.62991,0.75092
0.5478,0.72639,0.70036,0.80464,0.55826,0.722,0.42734,0.48279,0.57036,0.33588,0.45425,0.64297,0.8261,0.59274,0.059786,0.52992,0.81035,0.54516,0.65892,0.31666,0.47033,0.33421,0.5024,0.74709,0.18903,0.31643,0.44885,0.56857,0.7702,0.69744,0.81337,0.52723,0.52736,0.6002,-0.30249,0.54222,0.61722,0.77892,1,0.59679,0.66499,0.78863,0.58307,0.34119,0.56574,0.3973,0.3718,0.72717,0.78285,0.66214,0.35498,0.54501,0.50052,0.59364,0.57243,0.49802,0.51053,0.7817,0.55231,0.33352,0.61048,0.58636,0.25204,0.72219,0.72219,0.61546,0.4135,-0.0028704,0.68297,0.73278,0.10564,0.34507,0.36501,0.61607,0.20012,0.70214,0.45553,0.38346,0.47934,0.16903,0.79295,0.75535,0.55852,0.64786,0.52214
0.50064,0.6438,0.55215,0.57643,0.68211,0.63485,0.28456,0.63202,0.50658,0.479,0.49875,0.55588,0.60011,0.54688,0.32427,0.4909,0.60243,0.58162,0.55164,0.19362,0.6856,0.41434,0.49744,0.72084,0.45335,0.34035,0.50913,0.48129,0.78452,0.65908,0.66608,0.43057,0.42324,0.51753,0.10763,0.53051,0.79105,0.64729,0.59679,1,0.54011,0.66519,0.43161,0.31995,0.65335,0.77994,0.45541,0.66705,0.6941,0.42329,0.37939,0.53314,0.40773,0.61622,0.60905,0.24724,0.32703,0.46732,0.48133,0.2175,0.55997,0.49168,0.56722,0.63891,0.63891,0.51505,0.39293,0.091503,0.5689,0.63676,0.055797,0.32638,0.48962,0.50465,0.30306,0.70999,0.48972,0.65726,0.61375,0.024186,0.57257,0.64345,0.37847,0.52048,0.54928
0.44064,0.75617,0.69982,0.66375,0.74647,0.74385,0.40288,0.68841,0.77328,0.45853,0.60499,0.85733,0.65661,0.61397,0.30603,0.49713,0.68566,0.6184,0.8176,0.42245,0.53157,0.41873,0.58032,0.6178,0.16978,0.40448,0.43522,0.82739,0.72291,0.70221,0.63283,0.58692,0.39097,0.80076,-0.10809,0.82629,0.63569,0.65703,0.66499,0.54011,1,0.69955,0.67466,0.36125,0.38532,0.47045,0.76571,0.54573,0.85998,0.40441,0.36037,0.27867,0.74178,0.63121,0.64313,0.48124,0.5282,0.53112,0.68183,0.20342,0.88271,0.66512,0.48201,0.62658,0.62658,0.66692,0.37127,0.058835,0.68932,0.69354,-0.061994,0.27735,0.49331,0.66881,0.28112,0.51042,0.6625,0.45123,0.43593,0.12328,0.70247,0.67789,0.62492,0.51509,0.48592
0.52743,0.68401,0.60902,0.77699,0.76962,0.74482,0.47891,0.58389,0.65904,0.52664,0.42752,0.56485,0.75728,0.75112,0.27781,0.69036,0.75848,0.61962,0.63742,0.389,0.5596,0.42769,0.61525,0.78146,0.31248,0.25316,0.50264,0.64698,0.71257,0.62139,0.69271,0.55296,0.63566,0.72645,-0.10903,0.62775,0.72362,0.67002,0.78863,0.66519,0.69955,1,0.54668,0.38693,0.49435,0.60203,0.3907,0.59124,0.83201,0.62788,0.52709,0.61296,0.50974,0.73033,0.69832,0.48736,0.61039,0.70667,0.68938,0.3665,0.62011,0.59501,0.44604,0.58234,0.58234,0.72276,0.63221,0.022885,0.70813,0.73461,0.11151,0.32264,0.39512,0.67506,0.11979,0.66757,0.51494,0.49501,0.65799,0.061612,0.66336,0.78086,0.58297,0.65413,0.603
0.52709,0.57645,0.59799,0.44604,0.63137,0.7405,0.46738,0.422,0.84926,0.34568,0.50963,0.6519,0.44358,0.37496,0.10835,0.33353,0.51843,0.22185,0.55925,0.052684,0.37438,0.45296,0.52836,0.59471,-0.042633,0.3977,0.29022,0.66062,0.499,0.76801,0.5748,0.61826,-0.056831,0.70978,-0.28735,0.56898,0.54489,0.59355,0.58307,0.43161,0.67466,0.54668,1,0.54995,0.25962,0.10959,0.57451,0.34564,0.75553,0.72762,0.42734,0.033219,0.82179,0.57959,0.54442,0.17047,0.37082,0.40516,0.39782,-0.088424,0.77313,0.43347,0.2307,0.66857,0.66857,0.52558,0.25967,0.19199,0.73964,0.47653,0.28783,0.17696,0.59071,0.74019,0.31495,0.591,0.6444,0.33511,0.11023,0.22061,0.6331,0.34431,0.41184,0.4211,0.30875
0.31369,0.086787,0.3014,0.30609,0.41597,0.55081,0.65956,0.29086,0.58191,0.23378,0.27438,0.40301,0.43339,0.27881,-0.24398,0.2867,0.20197,0.12062,0.21152,0.034543,0.3305,0.41137,0.30257,0.42426,0.046119,0.28735,0.35481,0.24276,0.32168,0.57979,0.33012,0.58421,-0.10153,0.45057,0.0069296,0.069126,0.20517,0.45403,0.34119,0.31995,0.36125,0.38693,0.54995,1,0.26315,0.22551,0.18836,0.093783,0.46383,0.63035,0.075838,0.11016,0.50914,0.56509,0.51169,-0.0085328,0.23779,0.45999,0.26298,-0.24677,0.35348,0.22398,0.088794,0.38794,0.38794,0.23433,0.43145,0.39447,0.6695,0.27093,0.57872,0.25091,0.31872,0.57418,-0.13139,0.46283,0.40919,0.33813,0.1661,-0.18071,0.49078,0.20616,0.20745,0.029668,0.28359
0.34403,0.55807,0.67998,0.5722,0.6417,0.60535,0.3022,0.58487,0.14957,0.47089,0.48969,0.56031,0.53531,0.46487,0.29965,0.28994,0.61767,0.42376,0.58376,0.41465,0.65809,0.53205,0.38969,0.55563,0.48948,0.59853,0.48017,0.43111,0.59659,0.61954,0.53935,0.56894,0.46018,0.21271,0.1031,0.25034,0.62434,0.63114,0.56574,0.65335,0.38532,0.49435,0.25962,0.26315,1,0.6109,0.25773,0.7218,0.52081,0.35323,0.46597,0.574,0.058467,0.58512,0.56813,0.23136,0.39578,0.47049,0.48647,0.0091585,0.3517,0.56221,0.089241,0.69719,0.69719,0.3971,0.42957,0.079845,0.48909,0.66878,0.22819,0.51373,0.17884,0.2399,0.21192,0.61697,0.47571,0.61865,0.48872,-0.12193,0.5067,0.55586,0.56331,0.64068,0.74897
0.29729,0.53381,0.53907,0.58518,0.63899,0.51895,0.27079,0.58252,0.29491,0.48447,0.53291,0.45134,0.53888,0.50982,0.4411,0.49865,0.47216,0.71902,0.5351,0.51901,0.68624,0.34752,0.47099,0.53441,0.54785,0.3885,0.57574,0.46324,0.65574,0.48312,0.46327,0.43066,0.64328,0.37062,0.41054,0.36874,0.65746,0.43602,0.3973,0.77994,0.47045,0.60203,0.10959,0.22551,0.6109,1,0.35037,0.55813,0.50364,0.11115,0.27643,0.60451,0.18995,0.59052,0.5801,0.30208,0.28143,0.42427,0.51827,0.38992,0.39308,0.54366,0.67437,0.39301,0.39301,0.53085,0.41452,-0.084596,0.37334,0.59432,0.1402,0.3274,0.36956,0.36994,0.25667,0.46981,0.37288,0.63808,0.7181,0.044968,0.38711,0.66666,0.38158,0.35418,0.53003
0.26579,0.67511,0.47116,0.29286,0.52806,0.59801,0.0047014,0.5126,0.67409,0.2228,0.61325,0.68653,0.38502,0.27251,0.25828,0.28987,0.46523,0.50388,0.50445,0.19288,0.44903,0.4584,0.47493,0.46043,-0.080741,0.46361,0.0063663,0.62607,0.53197,0.5287,0.52336,0.40255,0.27313,0.51671,-0.14297,0.5278,0.5823,0.43866,0.3718,0.45541,0.76571,0.3907,0.57451,0.18836,0.25773,0.35037,1,0.41901,0.65771,0.14241,0.3517,0.077849,0.62892,0.42041,0.4426,0.28818,0.20803,0.33073,0.43858,0.046713,0.74599,0.46886,0.52108,0.41973,0.41973,0.47945,-0.10382,0.18621,0.54776,0.38489,-0.10559,0.21485,0.48592,0.48001,0.33744,0.27655,0.68255,0.35074,0.13331,0.14918,0.45159,0.39317,0.43964,0.37987,0.31917
0.52673,0.61091,0.67128,0.66756,0.58252,0.66464,0.14889,0.36825,0.34378,0.48859,0.54153,0.68156,0.63505,0.56672,0.46698,0.31019,0.78762,0.58509,0.60197,0.37312,0.60904,0.3985,0.5042,0.54114,0.25116,0.49744,0.42912,0.48648,0.83694,0.59447,0.68568,0.31602,0.63894,0.31995,-0.14432,0.47223,0.63632,0.72062,0.72717,0.66705,0.54573,0.59124,0.34564,0.093783,0.7218,0.55813,0.41901,1,0.67545,0.2895,0.41648,0.59117,0.24381,0.46229,0.46378,0.30277,0.48539,0.57358,0.5437,0.35053,0.43381,0.58926,0.29182,0.60788,0.60788,0.64657,0.28503,0.018994,0.41684,0.63609,-0.11637,0.3108,0.38601,0.45825,0.028825,0.59266,0.42895,0.40127,0.58147,-0.083812,0.58979,0.66564,0.44785,0.62617,0.65502
0.64317,0.72436,0.69849,0.69213,0.84366,0.87377,0.48284,0.63326,0.7837,0.48926,0.54771,0.80323,0.65769,0.71922,0.36661,0.58202,0.75106,0.63765,0.71849,0.31347,0.68961,0.58593,0.75629,0.76037,0.20466,0.48089,0.48673,0.82609,0.77883,0.73937,0.80009,0.56506,0.46375,0.74352,-0.22099,0.73736,0.69665,0.75246,0.78285,0.6941,0.85998,0.83201,0.75553,0.46383,0.52081,0.50364,0.65771,0.67545,1,0.63516,0.60418,0.40761,0.71669,0.79387,0.79528,0.47161,0.54782,0.57216,0.668,0.12277,0.81373,0.76631,0.39866,0.74885,0.74885,0.76226,0.52919,0.035926,0.81144,0.7882,0.055134,0.41693,0.64237,0.69273,0.18344,0.7401,0.65777,0.48753,0.47228,0.055645,0.66825,0.78171,0.57502,0.70251,0.64272
0.44795,0.34838,0.43926,0.48928,0.52984,0.70687,0.71208,0.41028,0.62727,0.14299,0.18963,0.37983,0.48365,0.40518,-0.011905,0.49953,0.44832,0.26154,0.41859,0.070447,0.26274,0.36456,0.35792,0.56364,0.15649,0.23672,0.33357,0.37539,0.40427,0.64515,0.52831,0.55457,0.017605,0.64068,-0.30686,0.29384,0.43065,0.59246,0.66214,0.42329,0.40441,0.62788,0.72762,0.63035,0.35323,0.11115,0.14241,0.2895,0.63516,1,0.26891,0.2717,0.60213,0.58976,0.55852,0.3565,0.29471,0.46663,0.31779,-0.076478,0.46311,0.36396,0.083205,0.68206,0.68206,0.30936,0.5097,0.18513,0.73929,0.45477,0.46207,0.31093,0.32973,0.56886,0.12254,0.68408,0.33468,0.44324,0.15337,0.0531,0.56384,0.40907,0.40616,0.51327,0.38346
0.46329,0.43312,0.43513,0.24174,0.573,0.56127,0.11325,0.36586,0.31483,0.41482,0.19285,0.41221,0.11699,0.5701,0.42157,0.38782,0.52274,0.29594,0.31015,0.18634,0.53575,0.68484,0.5489,0.63511,0.27178,0.54142,0.25126,0.66206,0.37189,0.34442,0.3406,0.25303,0.3864,0.33499,-0.069467,0.46416,0.56659,0.41846,0.35498,0.37939,0.36037,0.52709,0.42734,0.075838,0.46597,0.27643,0.3517,0.41648,0.60418,0.26891,1,0.2662,0.1869,0.53368,0.5401,0.29452,0.37039,0.11498,0.3582,-0.032874,0.43669,0.4809,0.076769,0.35379,0.35379,0.61147,0.35233,-0.13981,0.39197,0.49127,-0.0059872,0.45605,0.43662,0.37255,0.058292,0.48805,0.43743,0.40544,0.24597,-0.12479,0.10512,0.57107,0.48187,0.70745,0.60254
0.55444,0.451,0.49254,0.69709,0.51551,0.37123,0.037471,0.43436,0.082934,0.39612,0.35835,0.31503,0.52735,0.50716,0.35212,0.38302,0.54395,0.6181,0.40118,0.61358,0.57315,0.2364,0.48914,0.51496,0.65733,0.33536,0.53326,0.32549,0.52905,0.36069,0.59398,0.34436,0.70217,0.28811,0.21085,0.3114,0.52968,0.60258,0.54501,0.53314,0.27867,0.61296,0.033219,0.11016,0.574,0.60451,0.077849,0.59117,0.40761,0.2717,0.2662,1,0.080904,0.49314,0.45886,0.19713,0.64131,0.4964,0.33119,0.25239,0.16868,0.40117,0.38893,0.35572,0.35572,0.53173,0.28769,0.054754,0.28753,0.55228,-0.019653,0.38576,0.19506,0.21977,0.10961,0.47958,0.28979,0.44065,0.72387,0.017432,0.41388,0.65671,0.52455,0.46388,0.51848
0.39157,0.47299,0.38184,0.43853,0.60221,0.64146,0.4317,0.45984,0.86533,0.22992,0.37187,0.63809,0.48254,0.2916,0.16333,0.28959,0.38235,0.31106,0.46882,0.024748,0.22586,0.18619,0.4105,0.5403,-0.050855,0.17721,0.20342,0.62718,0.4969,0.63844,0.49427,0.48293,0.018808,0.70509,-0.03415,0.61433,0.43378,0.57071,0.50052,0.40773,0.74178,0.50974,0.82179,0.50914,0.058467,0.18995,0.62892,0.24381,0.71669,0.60213,0.1869,0.080904,1,0.45389,0.43922,0.25469,0.26752,0.41679,0.22237,0.021682,0.81247,0.31927,0.42876,0.62163,0.62163,0.45227,0.15346,0.23732,0.6385,0.33749,0.063883,-0.021484,0.50111,0.56673,0.27774,0.52405,0.60371,0.30333,0.11033,0.14893,0.63242,0.35066,0.41116,0.24023,0.22934
0.62401,0.65191,0.76539,0.69496,0.81404,0.75192,0.54927,0.58461,0.54734,0.54281,0.60964,0.53867,0.59031,0.7651,0.2175,0.54122,0.61586,0.59972,0.68505,0.45289,0.84797,0.71788,0.83594,0.61017,0.51498,0.58206,0.7448,0.75794,0.60689,0.73878,0.69435,0.56891,0.45287,0.59029,0.018381,0.52921,0.58662,0.67654,0.59364,0.61622,0.63121,0.73033,0.57959,0.56509,0.58512,0.59052,0.42041,0.46229,0.79387,0.58976,0.53368,0.49314,0.45389,1,0.99047,0.3644,0.62851,0.50047,0.72281,0.074177,0.59857,0.77258,0.26876,0.59947,0.59947,0.70181,0.65933,0.0020392,0.80084,0.82701,0.46486,0.61727,0.58352,0.57538,0.31716,0.76599,0.51547,0.59359,0.58867,0.17665,0.54391,0.66933,0.50911,0.66157,0.76852
0.61095,0.65142,0.75792,0.65763,0.79284,0.74655,0.53527,0.59198,0.52154,0.50392,0.583,0.53915,0.55125,0.78483,0.2483,0.55042,0.60075,0.63566,0.69002,0.45079,0.84998,0.73144,0.8296,0.57523,0.53261,0.59292,0.73437,0.77258,0.60659,0.71049,0.66941,0.50236,0.45315,0.58914,0.0065173,0.55746,0.57242,0.6661,0.57243,0.60905,0.64313,0.69832,0.54442,0.51169,0.56813,0.5801,0.4426,0.46378,0.79528,0.55852,0.5401,0.45886,0.43922,0.99047,1,0.42813,0.59732,0.44289,0.72325,0.080214,0.60695,0.79098,0.27199,0.58071,0.58071,0.68885,0.65301,-0.043784,0.7849,0.82207,0.42245,0.64298,0.59893,0.54032,0.32065,0.75879,0.48208,0.61018,0.55713,0.15562,0.4976,0.6863,0.50059,0.69685,0.78718
0.24643,0.3709,0.41219,0.30699,0.36935,0.49959,0.35109,0.47848,0.30807,0.15803,0.20206,0.29057,0.2447,0.5697,0.21626,0.73527,0.48728,0.67108,0.47092,0.45101,0.27566,0.41857,0.29801,0.29602,0.32755,0.37029,0.20755,0.45519,0.50871,0.14366,0.30707,0.16227,0.53306,0.53863,-0.023536,0.3467,0.33776,0.42761,0.49802,0.24724,0.48124,0.48736,0.17047,-0.0085328,0.23136,0.30208,0.28818,0.30277,0.47161,0.3565,0.29452,0.19713,0.25469,0.3644,0.42813,1,0.15165,0.15597,0.48214,0.50732,0.45937,0.54627,0.33111,0.34124,0.34124,0.3456,0.3097,-0.37355,0.41671,0.47916,0.102,0.46149,0.26082,0.27192,0.25828,0.39006,-0.013222,0.47625,0.25932,0.21796,0.12808,0.69665,0.61455,0.63557,0.42826
0.70624,0.54618,0.6572,0.68315,0.60049,0.39753,0.092827,0.37954,0.26603,0.65873,0.57744,0.45766,0.49063,0.69677,0.18703,0.25893,0.57754,0.41394,0.53276,0.56156,0.64982,0.38474,0.68141,0.36416,0.49574,0.38986,0.6255,0.57264,0.53745,0.43387,0.57605,0.32552,0.49192,0.43478,0.051752,0.59193,0.36754,0.67691,0.51053,0.32703,0.5282,0.61039,0.37082,0.23779,0.39578,0.28143,0.20803,0.48539,0.54782,0.29471,0.37039,0.64131,0.26752,0.62851,0.59732,0.15165,1,0.46452,0.57204,0.18559,0.40563,0.48262,0.10431,0.38586,0.38586,0.65754,0.36897,-0.016456,0.44938,0.65712,0.0080664,0.28065,0.39332,0.40259,0.13285,0.56691,0.33625,0.29839,0.67019,0.12293,0.53412,0.51942,0.54482,0.51278,0.59185
0.2037,0.5936,0.46105,0.79846,0.42352,0.58896,0.41711,0.34717,0.46892,0.26889,0.39722,0.45312,0.94257,0.34014,-0.12956,0.26886,0.60116,0.29299,0.41672,0.13227,0.30656,0.09942,0.28794,0.61813,-0.033307,0.064662,0.28027,0.31605,0.5911,0.65998,0.58817,0.50696,0.48091,0.32356,-0.155,0.30097,0.4122,0.60016,0.7817,0.46732,0.53112,0.70667,0.40516,0.45999,0.47049,0.42427,0.33073,0.57358,0.57216,0.46663,0.11498,0.4964,0.41679,0.50047,0.44289,0.15597,0.46452,1,0.46696,0.27678,0.41238,0.2808,0.15292,0.54309,0.54309,0.40778,0.34051,0.17767,0.60246,0.46564,0.18146,-0.0047103,0.11838,0.52258,-0.050141,0.55558,0.43346,0.25946,0.44883,-0.040742,0.8889,0.43037,0.3212,0.32004,0.45992
0.43811,0.61106,0.70488,0.66615,0.68353,0.60924,0.43923,0.52299,0.49277,0.65838,0.61411,0.47357,0.58058,0.75269,0.27346,0.64089,0.76654,0.58348,0.79655,0.50407,0.66627,0.6235,0.6794,0.39868,0.29776,0.45757,0.58113,0.58288,0.66413,0.51288,0.59059,0.52472,0.5878,0.56288,-0.17985,0.49855,0.50519,0.50122,0.55231,0.48133,0.68183,0.68938,0.39782,0.26298,0.48647,0.51827,0.43858,0.5437,0.668,0.31779,0.3582,0.33119,0.22237,0.72281,0.72325,0.48214,0.57204,0.46696,1,0.37797,0.52773,0.78269,0.28442,0.39062,0.39062,0.62501,0.64094,-0.10706,0.65122,0.7872,0.26881,0.54322,0.37255,0.60366,0.20915,0.42539,0.36319,0.33522,0.67277,0.27759,0.45225,0.62413,0.46798,0.55599,0.57858
