1,-0.023448,0.22631,0.11489,-0.034879,0.41679,0.13109,0.035771,0.045924,0.26019,0.34797,0.23808,-0.040008,-0.038341,0.51864,0.18583,0.26857,-0.12283,0.10824,0.48726,0.02236,0.14089,0.26623,0.62366,0.36986,0.19652,0.15219,-0.14271,0.26344,-0.11242,NaN,-0.19168,0.23538,0.3836,0.15547,0.10842,-0.025432,-0.10367,-0.02253,0.073368,0.22816,0.046174,0.047684,0.3055,0.31468,0.12198,-0.19854,0.11059,-0.11186,0.17826,0.1516,0.40555,0.30972,0.01805,0.19036,-0.01545,0.32478,0.089863,0.25084,0.38896,-0.020324,0.31581,0.53846,-0.10602,0.25119,0.67434,0.16192,0.12702,0.20346,0.29518,-0.028867,0.14135,-0.20323,0.11032,0.32396,-0.16631,0.34519,0.31478,0.082612,0.65223,-0.1461,0.39279,0.28251,0.017664,0.13693,-0.12636,0.27563,0.52883,0.17709,0.1692,0.037734,-0.1054,-0.30809,0.33237,-0.064818,-0.14732,-0.1038,0.18136,0.14419,0.40958,-0.14109,0.32248,0.29321,-0.099152,-0.12609,0.031937,0.21223,0.32853,0.58595,-0.20514,0.35485,0.0067197,0.029966,0.20516,-0.007582,0.2015,0.16757,0.55813,-0.041667,-0.11047,-0.11717,0.14528,0.21934,0.056514,-0.069385,0.039192,0.032059,0.13611,0.66363,0.37843,-0.095568,0.073294,-0.023424,0.25912,0.14108,0.57156,0.066959,0.029707,0.2036,0.23035,0.45428,0.70464,0.15208,0.64499,0.2119,-0.081108,0.47901,0.32171,0.15643,0.40803,0.149,0.30173,0.23027,0.21193,-0.077435,-0.015223,-0.17279,0.28576,0.058236,0.42011,0.57521,0.21731,0.10573,-0.19831,0.10304,-0.005669,0.41163,-0.23185,0.09076,0.4162,0.26627,-0.23206,0.15501,0.29854,0.18921,-0.024722,0.14551,0.0064249,-0.0055637,-0.099071,0.27912,0.30271,-0.065301,0.024075,0.19035,0.19321,0.13958,0.058466,-0.046409,0.13631,0.53208,0.1924,0.20137,0.38108,0.54281,0.26864,-0.25795,0.21297,0.17745,0.17211
-0.023448,1,0.67903,-0.15154,-0.0084126,-0.01752,0.24131,-0.21378,-0.35738,-0.27535,0.014977,0.090958,0.037953,0.23799,0.24731,-0.096658,-0.36748,-0.04341,0.25637,0.15127,-0.081234,-0.0090739,0.1041,0.034567,-0.083958,0.62434,0.19679,0.095471,0.22584,-0.073229,NaN,0.075328,0.12839,0.13304,0.067005,-0.58818,0.10528,-0.76028,0.041208,0.24392,0.57589,0.067199,-0.19412,0.39821,0.36137,0.0073093,-0.15768,-0.093511,-0.67114,0.28646,0.25743,-0.089933,0.14143,0.23592,0.1971,0.2215,0.15209,-0.042998,0.3455,0.0080766,0.052669,0.025377,-0.10371,-0.047406,-0.005095,0.20628,0.20842,-0.053762,-0.20079,0.36436,0.048403,0.20495,0.11668,-0.093978,0.41699,-0.10119,0.097202,0.0056016,0.043881,-0.065293,0.03617,0.050227,-0.1908,-0.019671,0.20908,-0.1169,-0.19379,0.016214,0.033506,-0.046107,0.031864,-0.091756,0.13694,0.21933,0.12239,0.282,-0.13804,-0.049781,0.24096,-0.095701,0.19425,0.060322,-0.30587,0.093493,0.31219,0.15053,0.30824,-0.0095459,0.26683,-0.12639,0.073922,-0.084878,0.1854,0.37689,0.089506,-0.024573,-0.32919,0.11802,-0.47033,-0.0291,0.18903,0.019837,-0.26601,0.039656,0.21008,0.048886,0.060605,-0.028903,0.0055427,0.14067,0.14172,0.19838,-0.17702,0.013295,0.2179,0.059386,0.2861,0.036022,0.060666,0.033312,-0.23823,-0.068926,0.3617,-0.3922,0.054638,-0.18591,0.2877,0.15025,0.13305,0.34119,0.14966,-0.069009,-0.078159,0.004328,0.06609,0.14495,0.22163,0.26936,0.13189,-0.13724,0.21398,0.32727,-0.02698,0.17906,0.061589,0.090131,0.13255,-0.17592,-0.19116,-0.43449,0.26289,-0.074519,0.11032,0.18021,0.13244,0.039863,0.37335,0.10106,-0.1428,0.2989,0.18692,-0.24299,0.13755,0.18585,0.066233,0.31792,0.1016,0.12099,0.14444,-0.19568,-0.17881,-0.08495,-0.34995,0.14606,0.18734,0.23792,0.35651,0.44719,0.16129,0.23585
0.22631,0.67903,1,0.042679,0.20235,0.27454,0.36826,0.16671,-0.068069,-0.076475,0.28838,0.38467,0.17803,0.44079,0.35518,-0.024551,0.023757,0.17026,0.49643,0.40757,0.052839,0.30368,0.24709,0.22806,0.18055,0.79665,0.29456,0.53691,0.57161,0.046735,NaN,0.062257,0.28095,0.38686,0.33488,-0.34992,0.20874,-0.59177,0.45513,0.62363,0.67403,0.34816,-0.20777,0.2821,0.55605,0.28772,-0.16235,0.20391,-0.52874,0.46677,0.27162,0.15124,-0.0053698,0.26559,-0.06247,0.37334,0.25429,0.019641,0.70926,0.37087,0.34649,-0.23681,0.082076,0.08775,0.24985,0.22012,0.40835,0.34395,0.19396,0.5056,0.41624,0.20927,0.34175,0.28611,0.46713,0.13135,0.21807,0.11159,0.059679,0.15188,0.18865,0.33237,0.28777,0.025567,0.35704,0.30546,0.38233,0.29537,0.3904,0.41009,0.2018,0.12645,0.28473,0.41636,0.13344,0.30304,-0.024137,-0.0054516,0.52212,0.25095,0.2837,0.38255,-0.0012612,0.21664,0.43213,0.37931,0.27672,0.16463,0.52711,0.13329,0.21981,0.059119,0.21507,0.63184,0.41805,0.29316,-0.10481,0.36487,-0.27524,0.040688,0.21361,0.30958,-0.030629,0.49787,0.43162,0.05285,0.36136,0.20181,0.055354,0.45009,0.17834,0.28689,-0.021425,0.26043,0.3107,0.37868,0.29277,0.20623,0.3441,0.32841,0.048849,0.15838,0.45029,-0.21345,0.1081,0.14336,0.026225,0.35281,0.030354,0.29825,0.325,0.0067912,0.10146,0.29821,0.18389,0.54974,0.29085,0.34056,0.39333,0.33853,0.40523,0.42452,0.32656,0.47295,0.53076,0.23366,0.5439,-0.22741,0.074084,-0.098413,0.49547,0.15997,0.38867,0.2252,0.42698,0.41943,0.61355,0.13536,-0.14108,0.39792,0.2151,0.105,0.24478,0.052973,0.34371,0.49266,-0.062318,0.45797,0.33303,0.080299,0.26236,0.48538,-0.38112,0.51326,0.52747,0.27081,0.49281,0.48442,0.3382,0.4323
0.11489,-0.15154,0.042679,1,0.16907,0.6609,0.37499,0.68012,0.56563,0.50056,0.7022,0.053142,0.10918,0.089788,0.53897,0.076924,0.4098,0.44209,0.20389,0.3329,0.72235,0.46207,0.61614,0.539,0.72003,0.32568,0.12475,0.28964,0.36929,0.21098,NaN,0.42379,0.27599,0.2883,0.65864,0.305,-0.12977,0.068213,0.047608,0.57072,0.13007,0.52629,-0.15508,0.22776,0.45757,0.67186,0.64036,0.22527,0.29064,0.63531,0.2401,0.44091,0.43739,0.45982,-0.082658,0.41991,0.15667,0.15228,0.22876,0.71855,-0.30314,-0.20592,0.28701,0.24225,0.56688,0.13714,0.30566,0.43529,-0.034935,0.48081,0.23391,0.098946,0.17552,0.46739,0.025676,0.65182,0.55216,0.33631,0.36359,0.109,0.44756,0.5478,0.64109,-0.0099676,0.62207,0.571,0.34232,0.61526,0.74196,0.38492,0.18925,0.24737,-0.19949,0.5105,0.44403,0.30629,-0.0049833,-0.37044,0.38405,0.51434,0.59846,0.54346,0.73028,-0.0068426,-0.10877,0.11163,0.064766,0.57146,0.45752,-0.18937,0.57225,0.33083,0.56985,0.17568,0.48606,0.55429,0.31826,0.26872,0.084846,0.088798,0.59892,0.52988,0.52416,0.17363,-0.15197,0.21497,0.29288,-0.13038,0.10238,0.69869,-0.16544,0.48205,0.11448,0.48103,0.063355,0.37619,0.19589,0.4915,0.41071,0.55114,0.40458,0.16871,-0.0033395,0.13084,0.41523,0.69559,-0.19607,0.59172,0.1338,0.16501,0.41544,0.41228,-0.2795,0.68075,0.59602,0.19457,0.17634,0.30291,0.22156,0.27572,0.47436,0.27966,0.3505,0.26537,0.36553,0.55831,0.50373,0.10274,0.13273,0.16108,0.49728,0.41403,0.17393,0.33919,0.45055,-0.089559,0.49719,0.31225,0.37064,0.28305,-0.15021,0.24328,0.49789,-0.037313,0.25227,0.37849,-0.22148,0.53048,0.21895,0.54165,0.19092,0.33435,0.37545,0.055317,0.20831,0.025825,0.15742,0.3837,0.50038,0.63346
-0.034879,-0.0084126,0.20235,0.16907,1,0.36237,0.14747,0.26368,0.53965,0.10181,0.14689,0.035683,0.27284,0.603,0.30414,0.45523,0.3569,0.43243,0.37725,0.4876,-0.026261,0.42835,-0.21188,0.23568,-0.051617,0.033732,0.21518,0.16578,0.34036,0.0046342,NaN,0.31664,0.021293,0.13956,0.28295,0.19833,0.10914,-0.016904,0.27313,0.14394,0.41345,0.095696,0.17376,0.24183,0.46041,0.36618,-0.28378,-0.045114,0.043666,0.058893,0.036507,0.23515,-0.23797,0.42257,-0.14682,0.13754,0.53543,0.010782,0.31003,0.1782,0.26203,-0.05447,-0.053398,0.10444,0.23933,0.20942,0.045895,0.090057,0.14231,0.17835,0.47344,-0.021382,0.41163,0.53735,0.28811,0.25904,0.3621,0.14328,-0.32307,0.33431,0.078173,0.23366,0.46532,0.25258,0.45131,0.46141,0.39507,0.14644,0.12906,0.027317,0.25669,0.15479,0.361,0.17529,-0.015968,-0.18182,0.1524,-0.00652,0.63529,0.46755,0.18833,0.26717,0.26514,0.34349,0.30744,0.4352,0.50288,0.099321,0.1843,0.2272,-0.12881,-0.17461,-0.067622,0.2081,0.3692,-0.068324,0.49776,0.22861,-0.1904,0.32364,0.18672,0.1741,0.40755,0.55623,0.042085,0.45806,0.22505,0.2277,0.051611,0.18086,0.15592,0.35116,0.22686,0.093489,0.23303,0.048416,0.41493,0.17791,0.32367,0.12614,0.48086,0.06939,0.35729,-0.019052,-0.11801,0.30462,-0.040991,0.44166,-0.065153,-0.15053,0.24822,0.25215,0.19827,0.37115,0.35498,0.42534,-0.057418,0.39191,0.49897,0.070986,0.10549,0.034498,0.45467,0.13369,0.61222,0.21315,0.5027,0.25206,0.013096,0.035754,0.25522,0.23212,0.28699,0.26562,0.34963,0.076228,-0.084948,-0.12684,0.091362,0.020362,-0.0028492,0.37037,0.21878,0.28843,0.11095,0.27456,-0.23971,0.396,0.26168,0.16489,0.25512,0.38888,0.28975,0.67104,0.47844,0.4289,0.46294,0.37858,0.27412,0.2905
0.41679,-0.01752,0.27454,0.6609,0.36237,1,0.40349,0.44582,0.46897,0.54627,0.53749,0.11593,0.14169,0.23549,0.67534,-0.050716,0.29356,0.39019,0.33501,0.41761,0.52511,0.41958,0.38721,0.70615,0.57687,0.31052,0.31171,0.15818,0.5071,0.064655,NaN,0.18429,0.41453,0.37135,0.55562,0.11053,0.26089,-0.2169,0.04245,0.52816,0.33342,0.48414,-0.18437,0.51587,0.60117,0.56778,0.2255,0.35955,0.053856,0.38779,0.26604,0.44796,0.36152,0.49467,0.084609,0.30521,0.071352,0.031849,0.41974,0.7341,-0.22482,0.084666,0.36502,0.22106,0.52803,0.4484,0.37372,0.25652,-0.030451,0.55221,0.24501,0.31625,0.33747,0.43342,0.26437,0.51756,0.64185,0.32844,-0.10836,0.23784,0.16233,0.6309,0.53516,0.14476,0.79737,0.54886,0.55498,0.81811,0.6052,0.27608,0.12468,0.24386,-0.11542,0.53622,0.26607,0.1858,-0.04732,-0.37937,0.51668,0.86468,0.39545,0.51766,0.64901,0.26255,0.008955,0.33575,0.40087,0.50552,0.67904,-0.20027,0.40815,0.1855,0.46365,0.39184,0.34319,0.45454,0.2323,0.51167,-0.22411,0.040164,0.32807,0.38779,0.39681,0.31471,-0.13861,0.24181,0.26604,-0.0037439,0.39682,0.73658,-0.3743,0.60152,0.24625,0.55313,0.13654,0.71533,0.054657,0.15912,0.57729,0.55267,0.54453,0.39199,0.24279,0.16221,0.2083,0.49594,0.067024,0.53254,0.205,0.34076,0.45913,0.28796,-0.10987,0.66075,0.40714,0.30013,0.16087,0.39347,0.3713,0.43034,0.61576,0.2465,0.27806,0.24269,0.59787,0.54128,0.74135,0.080532,0.10106,0.20038,0.57062,0.41565,0.45206,0.3724,0.3688,-0.020692,0.34548,0.37406,-0.044886,0.13954,-0.023657,0.15179,0.31111,0.052846,0.11958,0.38218,-0.40697,0.39684,0.36374,0.31916,0.52193,0.34817,0.31548,0.16924,0.47992,0.15866,0.24595,0.46379,0.47661,0.46499
0.13109,0.24131,0.36826,0.37499,0.14747,0.40349,1,0.43261,0.15665,0.67917,0.2751,0.27387,-0.16538,0.28709,0.59521,-0.38389,0.22761,0.4373,0.53464,0.16357,0.52827,0.49877,0.085983,0.20623,0.077671,0.54125,0.13392,0.38717,0.4941,0.16761,NaN,0.52173,0.50973,0.53591,0.63596,-0.050199,0.17577,-0.13443,0.25941,0.53592,0.48216,0.6487,-0.62115,0.3851,0.65922,0.46933,0.4131,0.10253,-0.070553,0.52614,0.42883,0.46372,-0.028303,0.57508,-0.13794,0.51078,0.060551,0.33071,0.39817,0.63485,0.1515,-0.32566,0.096914,0.60574,0.3925,0.14401,0.37344,0.48727,-0.26141,0.58125,0.066829,0.36161,0.372,0.35845,0.46519,0.38867,0.43905,0.097449,0.39523,0.00037785,0.47922,0.71855,0.16383,-0.39617,0.47357,0.55397,0.092112,0.52568,0.36188,0.58399,0.59689,0.25709,-0.028608,0.77957,0.29377,0.2653,-0.29686,-0.22671,0.62543,0.53266,0.45258,0.21057,0.38691,0.37516,-0.27433,0.14926,0.39001,0.1501,0.60268,-0.090997,0.34371,0.24372,0.47383,0.66308,0.504,0.42621,0.38205,0.5559,-0.37766,-0.26419,0.56006,0.48461,0.1932,0.16875,0.46044,-0.054374,-0.22704,0.030783,-0.21144,0.46631,-0.16357,0.62723,-0.012974,0.65909,0.14776,0.40556,0.01324,0.29696,0.6123,0.64484,0.26459,-0.064308,0.062933,0.10174,0.55464,0.53437,-0.16014,0.38844,0.25738,0.48289,0.67084,-0.0092775,-0.38094,0.66908,0.65286,0.41251,0.5283,0.50235,0.091724,0.1655,0.52622,0.39408,-0.049493,0.51907,0.23474,0.54351,0.65015,0.016401,-0.16335,-0.054046,0.6454,0.42178,0.06139,0.31344,0.78691,0.23528,0.67677,0.49052,0.083206,0.57992,-0.27711,-0.24207,0.5356,-0.076911,0.28246,0.42747,-0.48344,0.42356,0.078379,0.43914,0.14501,0.36213,0.25221,0.029564,0.34174,0.48133,0.19732,0.3018,0.67506,0.57236
0.035771,-0.21378,0.16671,0.68012,0.26368,0.44582,0.43261,1,0.42812,0.49772,0.67219,0.33272,-0.10702,0.32784,0.45848,0.095862,0.41379,0.65802,0.33475,0.3193,0.54973,0.69015,0.34665,0.42402,0.31476,0.30134,0.013779,0.59753,0.40409,0.12032,NaN,0.62962,0.31467,0.41187,0.5519,0.3089,-0.25686,0.14216,0.19729,0.54672,0.32962,0.63934,-0.28069,-0.010721,0.51474,0.535,0.32088,0.21584,0.2559,0.60584,0.39703,0.17519,0.14729,0.33463,-0.40631,0.46971,0.41261,0.32934,0.42986,0.58465,-0.023883,-0.38923,0.14203,0.44892,0.5425,0.024811,0.13009,0.50356,0.1931,0.4723,0.34652,0.061915,0.17205,0.42872,0.22583,0.49033,0.51575,0.39739,0.32592,-0.015215,0.61039,0.4701,0.54185,-0.18637,0.44873,0.56307,0.60022,0.43144,0.62689,0.4555,0.23695,0.26433,0.28371,0.5024,0.39771,0.36769,-0.22093,-0.17786,0.46476,0.39125,0.537,0.2921,0.51834,0.17581,0.051982,0.13724,0.12834,0.34365,0.45624,0.069376,0.44088,0.29068,0.47368,0.37135,0.73959,0.60047,0.60331,0.28502,0.012925,0.07244,0.43925,0.52668,0.43923,0.38615,0.18267,-0.053502,0.32245,0.02076,0.083914,0.6623,-0.085683,0.44693,0.047123,0.68965,0.35007,0.48719,0.12012,0.63405,0.42809,0.44465,0.58278,0.27574,0.056828,0.29649,0.38032,0.81286,-0.26681,0.36489,0.099074,0.016899,0.58316,0.015051,-0.17437,0.64317,0.62781,0.46581,0.45933,0.3205,0.21949,0.47059,0.23497,0.27562,0.60109,0.33775,0.25373,0.38377,0.56583,0.1325,0.13077,0.51415,0.49267,0.42707,0.19608,0.26749,0.42908,0.10612,0.50806,0.15687,0.27652,0.49343,-0.056731,0.22888,0.62301,-0.025657,0.23669,0.21586,-0.076219,0.48043,0.059343,0.57265,0.22452,0.51869,0.21589,0.23649,0.035264,0.18526,0.092126,0.17334,0.62663,0.50755
0.045924,-0.35738,-0.068069,0.56563,0.53965,0.46897,0.15665,0.42812,1,0.43829,0.35697,-0.085643,0.36931,0.27985,0.29612,0.3039,0.45986,0.38565,0.32718,0.452,0.3977,0.35712,0.11901,0.21039,0.30235,0.092057,0.15061,-0.018195,0.2295,0.0024343,NaN,0.33719,0.15723,0.32367,0.56805,0.47953,-0.040565,0.10633,0.011827,0.26639,0.12157,0.212,0.045972,0.18475,0.43096,0.35267,0.15019,-0.04342,0.40379,0.29434,0.14569,0.38406,-0.1571,0.42137,-0.039367,0.071075,0.31208,0.029132,0.17592,0.43034,0.18423,-0.0875,0.18194,0.13199,0.34068,-0.031716,0.41059,0.27229,-0.25747,0.26343,0.40051,0.15156,0.15429,0.44542,0.10984,0.57224,0.44258,-0.01226,0.061595,0.36367,0.29808,0.43134,0.63542,0.1922,0.37081,0.65223,0.31034,0.40481,0.47655,0.29455,0.13231,0.22426,0.083059,0.40118,0.1983,0.21193,0.31508,-0.40169,0.50084,0.56404,0.19211,0.23085,0.57887,0.33727,-0.12381,0.40682,0.26035,0.27861,0.25296,-0.050389,0.29011,0.15385,0.092852,0.064081,0.403,0.25753,0.59377,0.17006,-0.081952,0.33814,0.37221,0.29385,0.52144,0.20251,-0.0083078,0.60549,0.044869,0.087024,0.017531,0.31483,0.20732,0.38922,0.55173,0.40236,-0.11978,0.11904,-0.02682,0.38084,0.36321,0.38306,0.45165,0.078274,-0.033112,0.18679,0.25748,0.5875,-0.19128,0.53199,0.363,-0.028368,0.21852,0.44132,-0.19073,0.56179,0.47332,0.29551,0.093639,0.40732,0.41095,0.2552,0.078369,0.037057,0.42644,0.07258,0.51894,0.34108,0.57733,0.32166,0.082745,0.12259,0.18821,0.35291,0.22689,0.22125,0.32882,0.18856,0.19637,0.26505,0.023347,0.17674,-0.086102,0.071171,0.20444,-0.19194,0.1424,0.17836,-0.152,0.30894,0.15517,0.43605,0.22995,0.38848,0.50766,0.34531,0.26636,0.10179,0.33079,0.43243,0.21705,0.53152
0.26019,-0.27535,-0.076475,0.50056,0.10181,0.54627,0.67917,0.49772,0.43829,1,0.28581,0.28119,-0.029626,-0.069103,0.55833,-0.37251,0.42221,0.53791,0.47279,0.20091,0.63607,0.53466,0.20782,0.28422,0.31912,0.15458,0.16833,0.21315,0.30783,0.26798,NaN,0.47034,0.53199,0.55376,0.51671,0.17139,0.12506,0.073484,-0.0070596,0.40325,0.063989,0.52231,-0.44162,0.38013,0.52411,0.43369,0.3857,0.38793,0.25345,0.43855,0.28898,0.49118,-0.013954,0.42674,-0.077624,0.4607,-0.044625,0.18985,0.35412,0.69907,0.076833,-0.27964,0.18639,0.66723,0.63199,0.0098148,0.52627,0.45344,-0.15012,0.40297,0.10129,0.37581,0.29126,0.42152,0.1817,0.53508,0.64327,0.15475,0.34765,0.25028,0.45957,0.84815,0.38201,-0.21848,0.39594,0.59083,0.17131,0.5705,0.34985,0.57085,0.4346,0.28856,-0.041469,0.69592,0.33948,0.22989,-0.13973,-0.43174,0.41602,0.60695,0.35661,0.23313,0.6877,0.22269,-0.37581,0.21873,0.30725,0.11016,0.58783,-0.43564,0.51265,0.41757,0.52958,0.50995,0.43192,0.47496,0.48449,0.58621,-0.22192,-0.086659,0.43874,0.40867,0.3091,0.010206,0.25051,0.16085,-0.23592,0.091364,-0.087327,0.45738,-0.31397,0.53409,0.2324,0.76242,0.11463,0.44023,-0.15725,0.26855,0.51769,0.71354,0.45898,-0.012842,0.082596,0.43432,0.51427,0.59746,-0.31183,0.3572,0.55922,0.46031,0.58246,-0.08547,-0.37035,0.58636,0.46984,0.40716,0.52623,0.521,0.15092,0.35016,0.40843,0.37752,0.054054,0.37835,0.14322,0.62311,0.56191,0.27424,0.058179,0.16346,0.52458,0.40089,0.24805,0.46398,0.56802,0.01124,0.4226,0.50462,0.11912,0.47527,-0.19221,-0.12917,0.47845,-0.17959,0.033583,0.32672,-0.55112,0.27509,0.21865,0.50852,0.24551,0.29828,0.52558,-0.044554,0.17727,0.37517,-0.00014299,0.27363,0.68708,0.51326
0.34797,0.014977,0.28838,0.7022,0.14689,0.53749,0.2751,0.67219,0.35697,0.28581,1,0.29045,0.013818,0.23311,0.6405,0.25825,0.46266,0.3838,0.34684,0.51829,0.48019,0.65523,0.50607,0.66362,0.62187,0.46692,-0.1042,0.39796,0.60856,0.31802,NaN,0.43718,0.24114,0.53828,0.53391,0.46931,-0.32936,0.038547,0.24344,0.61494,0.52516,0.52353,0.0044566,0.078898,0.54339,0.57828,0.25179,0.29446,0.32747,0.72056,0.60795,0.49382,0.34334,0.28803,-0.1972,0.48795,0.49494,0.20461,0.45784,0.66976,-0.17162,-0.058392,0.50782,0.32232,0.66418,0.45406,0.2712,0.57539,0.18047,0.66217,0.2274,0.3589,0.21488,0.40831,0.20153,0.43636,0.59833,0.64487,0.40212,0.40762,0.5032,0.44256,0.67836,0.11107,0.50225,0.37944,0.48171,0.59972,0.73209,0.42866,0.079649,0.004516,0.071387,0.53486,0.39868,0.31207,-0.066657,0.080931,0.36428,0.47511,0.54567,0.42962,0.66923,-0.048075,0.19865,0.10285,0.26809,0.73648,0.70136,-0.08588,0.68158,0.098202,0.39115,0.21871,0.68037,0.41658,0.3608,0.53527,0.16949,0.17652,0.55637,0.52679,0.67729,0.52152,0.073671,0.0085459,0.62317,0.1968,0.43373,0.87567,0.23609,0.36455,0.0024646,0.50683,0.42403,0.63134,0.33563,0.66789,0.57102,0.50023,0.4594,0.50083,-0.082363,0.2907,0.47623,0.63549,0.056732,0.57409,0.14716,0.31556,0.49347,0.38161,0.10514,0.61588,0.48678,0.33538,0.14014,0.46997,0.16835,0.60248,0.46494,0.59599,0.45413,0.20195,0.35788,0.44403,0.54001,-0.10758,0.16862,0.50438,0.69292,0.18285,0.25247,0.24097,0.33768,0.22113,0.44573,0.15396,0.24756,0.34752,0.031826,0.426,0.55221,-0.020573,0.52123,0.37562,-0.013167,0.48134,0.17096,0.45785,0.49119,0.58269,0.085758,0.27905,0.43604,0.23506,0.12487,0.29533,0.57116,0.64175
0.23808,0.090958,0.38467,0.053142,0.035683,0.11593,0.27387,0.33272,-0.085643,0.28119,0.29045,1,-0.14042,0.069452,0.24683,-0.17191,0.63167,0.55425,0.60645,0.48292,0.35796,0.73282,0.41447,0.15505,0.27772,0.31315,0.37274,0.5455,0.68161,0.19442,NaN,0.49058,0.60423,0.68338,0.2304,0.029234,-0.29476,0.0074388,0.41654,0.37882,0.40514,0.3894,-0.19407,0.17757,0.57133,0.21078,0.084861,0.18329,0.045819,0.59155,0.48217,0.39112,0.20907,0.39436,-0.32742,0.4912,0.2835,0.042328,0.73437,0.58437,0.49575,-0.5641,0.014766,0.61931,0.66693,0.055628,0.36918,0.55909,0.36195,0.52856,0.54601,0.3678,0.39688,0.65129,0.53406,0.39399,0.39427,0.47542,0.3217,0.32062,0.59691,0.48236,0.31297,0.062964,0.25539,0.39434,0.31886,0.26267,0.26067,0.74117,0.54289,-0.05461,0.42765,0.52815,0.28699,0.42387,-0.34805,-0.032188,0.39941,0.16817,0.31423,0.55708,0.27824,0.052613,0.33898,0.10474,0.38084,0.31077,0.50888,-0.015185,0.56368,0.50784,0.28325,0.4449,0.63249,0.47637,0.16511,0.52789,0.068371,0.33191,0.32153,0.69553,0.39212,0.26989,0.64788,0.058729,0.3344,0.58447,-0.10415,0.45931,-0.086898,0.45124,0.32783,0.23097,0.43571,0.53158,0.095899,0.55317,0.39719,0.51525,0.39762,0.030781,0.54727,0.31542,0.24608,0.37443,-0.42722,0.122,0.26598,0.28107,0.61271,-0.37364,-0.000761,0.30057,0.30759,0.60328,0.48878,0.42641,0.2971,0.58633,0.48382,0.58566,0.33819,0.45363,0.05825,0.48982,0.23709,-0.43213,0.50793,0.28036,0.58581,0.10992,0.59202,0.58329,0.42976,0.26158,0.46832,0.26185,-0.0054106,0.53574,-0.071805,0.21998,0.69861,0.0081288,0.64912,0.27234,-0.17013,0.54004,0.45193,0.59393,0.31143,0.63472,0.29025,0.34523,0.38736,0.42029,0.1589,0.236,0.61401,0.4114
-0.040008,0.037953,0.17803,0.10918,0.27284,0.14169,-0.16538,-0.10702,0.36931,-0.029626,0.013818,-0.14042,1,0.09873,0.18576,0.17056,0.092335,0.084835,-0.040388,0.3538,0.052615,0.020408,0.057656,-0.14057,0.29513,-0.031335,0.20327,0.12439,-0.094587,-0.017583,NaN,-0.063652,0.22609,0.14182,0.30257,0.093145,0.04629,-0.20936,0.45303,0.080817,-0.06881,-0.27014,0.047044,0.32379,0.023351,0.25308,-0.12514,0.091123,0.078336,0.080378,-0.13853,0.24321,-0.25599,0.069279,0.3242,0.22085,0.12422,-0.025783,0.28341,0.062677,0.2728,0.05784,-0.20543,-0.12093,0.11865,-0.21125,0.17255,0.26761,-0.12526,0.12533,0.26645,0.035275,0.34787,0.19448,-0.16407,0.2476,-0.057431,-0.019409,-0.11644,0.22882,0.094269,0.22218,0.3818,0.40646,0.1053,0.23957,0.039827,-0.094139,0.36859,0.054009,-0.035742,0.15096,0.21025,0.094512,-0.0058229,-0.20156,0.90329,-0.35809,0.048402,0.19317,0.094139,0.17154,0.10384,-0.20702,0.26225,0.64642,0.25223,-0.11597,0.072984,-0.10195,0.141,0.21849,-0.13177,0.17601,-0.091776,0.044187,-0.059795,0.14074,0.19216,0.16263,0.31904,0.065821,0.14005,0.16463,0.18143,0.71556,0.18675,0.25746,-0.010345,0.0087513,0.012425,0.063613,0.021673,-0.10794,-0.38751,-0.22491,0.057154,0.10313,0.023166,0.31806,0.18007,-0.37576,0.093495,-0.24817,0.15285,-0.00052307,-0.037328,0.32242,0.16282,-0.061955,-0.25652,0.27122,0.32525,0.18077,0.10417,0.32963,-0.21932,0.35403,0.6028,-0.084453,0.13272,0.13134,0.29275,0.072304,0.42952,0.17323,0.19351,0.18541,0.029276,-0.24212,0.039985,0.41089,0.18827,0.19743,-0.037612,-0.26221,0.077793,-0.12782,-0.01296,-0.11545,0.24162,0.23285,0.017463,0.0093643,-0.18455,0.29473,-0.072184,0.32231,0.2829,-0.039848,0.29002,0.28046,-0.069474,0.3533,0.19351,0.090737,0.5626,0.21909,-0.11942,0.23178
-0.038341,0.23799,0.44079,0.089788,0.603,0.23549,0.28709,0.32784,0.27985,-0.069103,0.23311,0.069452,0.09873,1,0.33528,0.087376,0.15382,0.49578,0.32043,0.26978,0.18996,0.38924,-0.2757,0.10873,0.0041622,0.14419,0.19904,0.21923,0.26627,-0.34469,NaN,0.34155,-0.12214,0.27089,0.5571,0.11126,-0.032079,-0.23739,0.30816,0.16473,0.60646,0.4449,-0.34147,0.11265,0.45652,0.10201,-0.18602,-0.064624,-0.086578,0.069158,0.097136,0.12986,-0.10409,0.38499,-0.25845,0.34345,0.56826,0.47892,0.23043,0.14435,0.046039,0.0031775,-0.042156,0.15814,0.061828,0.070882,-0.14538,0.3096,0.047503,0.2321,0.16246,0.059153,0.24017,0.25417,0.4827,0.14081,-0.0046193,0.077157,-0.26622,0.044755,0.22555,0.081454,0.33381,-0.25538,0.28617,0.38292,0.34922,0.18315,0.20811,0.13436,0.034085,0.10314,0.3713,0.22162,-0.24711,0.02508,0.0089973,0.10102,0.40967,0.39012,0.018227,0.28147,-0.010931,0.28312,0.13898,0.28122,0.19503,0.23322,0.22758,0.53744,-0.14932,-0.11064,-0.19142,0.33852,0.44901,0.0027429,0.18724,0.23552,-0.29633,-0.087686,0.096733,0.2551,0.31182,0.52123,0.14851,0.1395,0.23374,0.061829,0.045441,0.35801,0.25134,0.48381,0.2133,0.21339,0.0096127,0.22326,0.17662,0.3397,0.47063,0.13343,0.3068,0.062194,0.13233,-0.046609,0.24618,0.28548,0.061713,0.52104,-0.21225,-0.10957,0.2937,0.15969,-0.12127,0.56542,0.6079,0.24245,0.090462,0.22219,0.22005,0.047257,0.12125,-0.098032,0.26277,0.22857,0.54501,0.020619,0.45002,0.13367,-0.13227,-0.014944,0.31166,0.11737,0.035591,0.049503,0.28277,0.25905,0.28551,0.1861,-0.3785,0.13352,-0.38195,0.017136,0.31196,-0.021925,0.15865,0.057146,-0.047157,0.34315,-0.011261,0.19685,0.26827,0.34762,0.057422,0.44231,0.37871,0.14086,0.38607,0.39845,0.09066,0.46281
0.51864,0.24731,0.35518,0.53897,0.30414,0.67534,0.59521,0.45848,0.29612,0.55833,0.6405,0.24683,0.18576,0.33528,1,-0.028014,0.33316,0.45884,0.33332,0.63405,0.51068,0.59304,0.38416,0.66685,0.44317,0.36381,0.26134,0.26818,0.51149,0.17371,NaN,0.40014,0.49296,0.60547,0.69416,0.18397,-0.0071274,-0.25927,0.22425,0.47715,0.51794,0.4639,-0.4134,0.63597,0.71896,0.61745,0.14161,0.24302,0.031826,0.56312,0.49906,0.52929,0.19185,0.51978,0.16478,0.54918,0.47173,0.43793,0.53288,0.68303,-0.027193,0.058252,0.36521,0.33098,0.65412,0.55248,0.26328,0.49472,-0.0040831,0.64204,0.14098,0.41286,0.28734,0.40055,0.48709,0.34318,0.71379,0.39341,0.28137,0.42814,0.41008,0.76595,0.52897,-0.17292,0.5819,0.35409,0.3865,0.64853,0.53662,0.35744,0.20775,0.11829,0.0727,0.78121,0.40025,0.10284,-0.0045054,-0.19726,0.48493,0.71862,0.40838,0.44653,0.54961,0.1447,-0.045405,0.40952,0.53735,0.44121,0.89019,-0.38532,0.63593,0.042094,0.43759,0.52183,0.50819,0.51646,0.3952,0.80962,-0.12141,-0.1091,0.57053,0.55385,0.49703,0.32179,0.23596,0.33851,0.14297,0.06516,0.32616,0.76736,-0.091074,0.54793,-0.10266,0.60873,0.24521,0.66917,0.17116,0.50877,0.69847,0.68811,0.56132,0.29277,0.196,0.29512,0.65585,0.5061,0.22481,0.58197,0.31514,0.55326,0.52128,0.35963,0.022433,0.75651,0.57766,0.4539,0.17937,0.64207,0.35969,0.33918,0.76761,0.50978,0.32371,0.17357,0.36126,0.54688,0.69173,0.029176,-0.1279,0.16986,0.79147,0.17767,0.15713,0.55559,0.52955,-0.062146,0.5706,0.19257,0.067607,0.36551,0.10739,0.24668,0.539,0.19872,0.19767,0.53637,-0.26162,0.44664,0.13627,0.42668,0.41773,0.451,0.29267,0.32748,0.57492,0.40121,0.30639,0.58482,0.67017,0.69615
0.18583,-0.096658,-0.024551,0.076924,0.45523,-0.050716,-0.38389,0.095862,0.3039,-0.37251,0.25825,-0.17191,0.17056,0.087376,-0.028014,1,0.073447,-0.14062,-0.086775,0.37743,-0.4392,-0.020515,-0.075765,0.2797,-0.071764,0.0052822,-0.22681,-0.1668,0.020008,-0.046492,NaN,-0.056084,-0.20745,-0.17741,-0.15797,0.21341,-0.26871,0.075489,0.043941,-0.14363,0.12178,-0.44413,0.70419,-0.19466,-0.023665,0.087108,-0.36608,-0.28845,-0.010585,0.04455,-0.01997,-0.034695,-0.0242,-0.1917,-0.11083,-0.38161,0.58455,-0.25565,-0.042587,-0.18995,0.05013,0.26982,0.074743,-0.46941,-0.14087,0.33228,-0.21606,-0.26637,0.14933,0.0097381,0.1955,-0.26864,-0.29988,0.10619,-0.02416,-0.21431,0.083952,0.35398,-0.13832,0.33635,-0.1954,-0.2701,0.21464,0.54031,-0.010303,-0.15742,0.15423,-0.093119,0.066579,-0.32306,-0.072296,-0.27616,0.0024235,-0.23367,-0.15084,-0.3522,0.23536,0.28916,0.17702,-0.11327,0.099865,-0.078098,-0.035563,-0.08177,0.32282,0.019935,0.1985,0.072397,-0.10798,0.28156,-0.13215,-0.24768,-0.35909,-0.21049,-0.015894,-0.22541,0.38767,-0.16758,0.10831,0.31599,-0.051921,-0.14846,0.18593,0.29519,-0.31286,0.20655,0.27487,0.053684,0.38281,-0.094742,0.3033,-0.27905,-0.1417,-0.26718,0.089173,-0.15517,0.49142,0.14585,-0.30463,-0.32132,0.34543,0.46275,-0.063778,0.1165,-0.37662,-0.13907,0.37702,0.10846,-0.13138,-0.4559,-0.20452,0.55656,0.47096,-0.15188,-0.16287,-0.12826,-0.54667,0.10834,0.12198,-0.080904,-0.1605,-0.05466,0.52301,-0.50508,0.1581,-0.37508,0.083327,-0.11837,-0.047777,0.44138,-0.21517,-0.16729,-0.055613,-0.092396,-0.18511,-0.067593,-0.34586,-0.62237,0.49064,-0.34701,0.44972,0.53595,-0.17126,0.10541,0.12441,-0.10031,0.56585,0.060949,-0.20793,-0.19483,0.077055,0.10651,0.059966,0.55643,0.11817,0.15852,-0.072064,-0.035611,-0.16222,-0.11203
0.26857,-0.36748,0.023757,0.4098,0.3569,0.29356,0.22761,0.41379,0.45986,0.42221,0.46266,0.63167,0.092335,0.15382,0.33316,0.073447,1,0.48558,0.51921,0.57202,0.5075,0.76788,0.39486,0.28232,0.47969,0.07834,0.23582,0.34534,0.61911,0.1766,NaN,0.51862,0.38375,0.68374,0.43926,0.65339,-0.40819,0.49071,0.43146,0.25704,0.26264,0.33869,0.040568,0.18774,0.51625,0.39025,0.23559,0.017358,0.58877,0.46009,0.3277,0.69872,0.13765,0.49654,-0.19025,0.45657,0.39463,0.074466,0.44246,0.67761,0.34369,-0.37377,0.26426,0.54039,0.72339,0.15868,0.32752,0.69462,0.26435,0.4302,0.4817,0.16878,0.48121,0.75523,0.32279,0.55054,0.45418,0.35774,0.32618,0.61542,0.52508,0.57159,0.66337,0.14278,0.36391,0.58796,0.30583,0.42565,0.45227,0.71064,0.50953,0.075559,0.18635,0.52598,0.25155,0.23516,-0.014463,-0.062253,0.46695,0.48288,0.21735,0.69082,0.66832,0.071618,0.19962,0.2115,0.32469,0.62312,0.44602,-0.055499,0.58974,0.33753,0.28787,0.069634,0.58946,0.39475,0.45689,0.55148,0.32241,0.53393,0.45987,0.68401,0.85847,0.27988,0.38913,0.31712,0.31638,0.61871,0.041548,0.51829,0.11378,0.47168,0.48133,0.27725,0.26902,0.38573,0.14262,0.58993,0.57903,0.54082,0.54075,0.076097,0.28347,0.39003,0.3983,0.62243,-0.36879,0.46267,0.087781,0.26502,0.44555,0.030593,0.088201,0.57838,0.51159,0.50188,0.238,0.44582,0.31321,0.6308,0.52347,0.40356,0.30135,0.44491,0.25572,0.62668,0.38155,-0.15973,0.6147,0.28353,0.54343,0.2561,0.53496,0.51298,0.57061,0.18566,0.24057,0.26023,0.10575,0.35247,-0.26838,0.47503,0.59805,0.1532,0.66818,0.37529,-0.31594,0.54645,0.47452,0.81646,0.48589,0.74396,0.56407,0.471,0.58053,0.44441,0.26146,0.20406,0.50375,0.54441
-0.12283,-0.04341,0.17026,0.44209,0.43243,0.39019,0.4373,0.65802,0.38565,0.53791,0.3838,0.55425,0.084835,0.49578,0.45884,-0.14062,0.48558,1,0.58414,0.36091,0.62637,0.81158,0.13996,0.17674,0.31735,0.10632,0.37172,0.50482,0.44448,0.14739,NaN,0.77836,0.41034,0.55986,0.62868,0.087181,-0.18711,-0.13017,0.31654,0.41236,0.33946,0.62071,-0.42753,0.20129,0.64671,0.42008,0.26465,0.35931,0.14235,0.53806,0.33393,0.35809,0.041561,0.54651,-0.48296,0.69096,0.37446,0.30716,0.56525,0.58793,0.15811,-0.44118,-0.13242,0.72205,0.66904,-0.19356,0.23888,0.5773,0.10976,0.45832,0.43029,0.36852,0.45501,0.69401,0.4096,0.67419,0.45964,0.44393,0.078727,0.087253,0.75746,0.55366,0.54726,-0.092589,0.48511,0.72596,0.35354,0.33807,0.42459,0.56621,0.43744,0.17153,0.46595,0.55173,0.18451,0.27815,-0.11209,-0.30716,0.4791,0.41408,0.55459,0.4829,0.43389,0.17056,0.10368,0.33069,0.3635,0.19799,0.45758,0.10591,0.3767,0.50063,0.2484,0.59687,0.77728,0.4312,0.35336,0.47857,-0.18782,0.070208,0.49892,0.65872,0.46486,0.40623,0.35101,0.30443,0.24852,0.19821,-0.26645,0.55318,-0.15566,0.70853,0.35381,0.45665,0.14271,0.40155,0.098279,0.6766,0.5193,0.64309,0.58796,-0.18474,0.29787,0.18954,0.3826,0.64268,-0.49856,0.4427,0.34001,-0.014926,0.69406,-0.11554,-0.31304,0.65182,0.7321,0.55781,0.46407,0.51312,0.36858,0.22562,0.28195,0.35606,0.43486,0.42789,0.35076,0.52867,0.44399,0.14877,0.096123,0.19124,0.59821,0.37306,0.33479,0.54177,0.4172,0.076647,0.49216,0.37951,0.028157,0.51603,-0.38386,0.056082,0.85666,-0.19547,0.24584,0.14805,-0.32253,0.62244,0.29224,0.55869,0.23661,0.52754,0.49952,0.23568,0.18146,0.2913,0.3099,0.46604,0.63972,0.6737
0.10824,0.25637,0.49643,0.20389,0.37725,0.33501,0.53464,0.33475,0.32718,0.47279,0.34684,0.60645,-0.040388,0.32043,0.33332,-0.086775,0.51921,0.58414,1,0.33856,0.41687,0.69994,0.11178,0.18631,0.21476,0.58549,0.17342,0.32137,0.74323,0.18741,NaN,0.55478,0.3555,0.72147,0.3993,0.023524,-0.0074292,-0.20192,0.27468,0.51202,0.60947,0.4396,-0.13432,0.32667,0.76269,0.18264,0.012061,0.22946,-0.063174,0.59923,0.38505,0.42989,-0.085532,0.47118,-0.35716,0.5302,0.26392,-0.14348,0.66456,0.62553,0.35301,-0.39831,0.0467,0.6704,0.62939,0.042039,0.70862,0.49865,-0.00071812,0.6013,0.3698,0.37225,0.46387,0.60538,0.54478,0.4535,0.56551,0.33075,0.22363,0.44667,0.47374,0.61955,0.433,0.14321,0.43104,0.72202,0.1163,0.49711,0.34955,0.71139,0.51191,-0.046585,0.27989,0.60126,0.096374,0.45965,-0.17321,-0.24844,0.73775,0.421,0.43431,0.43394,0.38173,0.40868,0.35873,0.32645,0.51581,0.32225,0.57489,-0.016986,0.40112,0.34874,0.3866,0.63423,0.69436,0.23151,0.29069,0.52794,-0.4697,0.42182,0.42771,0.40772,0.3647,0.39328,0.47307,0.14689,0.14401,0.5008,-0.14556,0.50907,0.19355,0.5974,0.50677,0.56163,0.36846,0.41886,0.30781,0.45419,0.54827,0.50404,0.31434,0.012935,0.42459,0.050112,0.19462,0.46135,-0.28256,0.48205,0.40865,0.35439,0.59779,-0.19316,-0.25854,0.49113,0.45175,0.59248,0.61944,0.644,0.16713,0.46164,0.32072,0.55071,0.24637,0.66662,0.39522,0.57209,0.57211,-0.12044,0.40078,0.11025,0.61065,0.24208,0.68234,0.38037,0.58975,0.46564,0.43197,0.46449,-0.0065519,0.63378,-0.25441,-0.023908,0.6043,-0.15669,0.48062,0.37275,-0.32522,0.40438,0.56911,0.40034,0.2309,0.58815,0.26114,0.41123,0.47223,0.61282,0.32208,0.43804,0.61968,0.64809
0.48726,0.15127,0.40757,0.3329,0.4876,0.41761,0.16357,0.3193,0.452,0.20091,0.51829,0.48292,0.3538,0.26978,0.63405,0.37743,0.57202,0.36091,0.33856,1,0.21358,0.62243,0.4653,0.44362,0.39946,0.34541,0.40918,0.30433,0.57533,0.075895,NaN,0.37002,0.56839,0.58823,0.49546,0.2696,-0.22169,-0.14603,0.3012,0.41109,0.55904,0.20854,0.038924,0.46254,0.69708,0.56353,-0.11687,-0.056855,0.12939,0.58735,0.54284,0.57322,0.20479,0.59635,0.16929,0.26927,0.68942,0.14631,0.67569,0.57562,0.48666,-0.17428,0.25681,0.13844,0.59741,0.46136,0.36021,0.40309,0.1113,0.63186,0.6896,0.36909,0.32826,0.66282,0.46543,0.43367,0.61008,0.3785,0.21056,0.62798,0.40673,0.55326,0.59801,0.27415,0.46258,0.31596,0.52085,0.34191,0.45779,0.39292,0.30899,0.077343,0.38247,0.63403,0.4507,0.2041,0.084769,-0.032533,0.59202,0.51304,0.24154,0.51968,0.51487,0.034644,0.19831,0.3718,0.63703,0.40626,0.6518,-0.19963,0.61066,0.15129,0.12235,0.26422,0.52067,0.39423,0.48934,0.58079,0.13716,0.36954,0.48414,0.64526,0.62754,0.39465,0.36654,0.62261,0.42767,0.43838,0.34479,0.52898,0.15216,0.45323,0.2384,0.20122,0.36037,0.43989,0.24707,0.55138,0.46516,0.535,0.60876,0.30108,0.47279,0.38866,0.38313,0.42647,0.00043477,0.51255,0.35418,0.34292,0.46163,0.35217,0.26798,0.50132,0.39444,0.5821,0.060253,0.68537,0.73606,0.51725,0.59031,0.55031,0.61911,0.025493,0.43984,0.44425,0.58744,-0.1267,0.15338,0.15376,0.58709,0.17949,0.40821,0.67478,0.48587,0.06382,0.40951,0.058251,0.032578,0.25562,0.34965,0.43458,0.44447,0.24684,0.51676,0.56842,-0.054414,0.66043,0.30096,0.53816,0.48528,0.59776,0.3621,0.70589,0.70745,0.4582,0.42465,0.60848,0.53249,0.58827
0.02236,-0.081234,0.052839,0.72235,-0.026261,0.52511,0.52827,0.54973,0.3977,0.63607,0.48019,0.35796,0.052615,0.18996,0.51068,-0.4392,0.5075,0.62637,0.41687,0.21358,1,0.59051,0.49302,0.18278,0.66926,0.2073,0.17284,0.25794,0.44539,0.015728,NaN,0.52966,0.43923,0.54898,0.79002,0.31263,-0.079706,0.07744,0.078657,0.51922,0.18583,0.64071,-0.62461,0.45386,0.51557,0.33527,0.57387,0.19492,0.372,0.60356,0.27589,0.44681,0.36328,0.61431,-0.0041977,0.61226,0.022592,0.41729,0.29356,0.75862,-0.12216,-0.42748,-0.0058064,0.58302,0.63622,-0.15074,0.41564,0.62018,-0.17302,0.5448,0.098176,0.23956,0.30089,0.48724,0.20992,0.67032,0.437,0.25719,0.49418,0.043413,0.58462,0.6653,0.42958,-0.28782,0.42531,0.70121,0.20022,0.53293,0.55907,0.65095,0.19127,0.05702,0.062544,0.64809,0.3352,0.50772,-0.060326,-0.5579,0.35177,0.56623,0.35802,0.57266,0.58358,0.057927,-0.14986,0.090326,0.13793,0.54737,0.49558,-0.20887,0.6351,0.55507,0.5642,0.35312,0.53751,0.56922,0.21343,0.38273,-0.014073,0.11202,0.63509,0.63791,0.54226,0.074124,0.26717,0.18023,0.13114,0.16435,-0.12543,0.69051,-0.24021,0.73502,0.40732,0.60436,-0.056906,0.47687,-0.01225,0.58273,0.648,0.67235,0.29171,-0.17032,0.16661,0.089841,0.68321,0.7161,-0.40099,0.50544,0.24339,0.38461,0.47424,0.011195,-0.5992,0.8125,0.78336,0.31817,0.5505,0.38507,0.096108,0.34299,0.5453,0.29312,0.18365,0.53653,0.27563,0.70078,0.36207,-0.078608,0.35325,-0.026988,0.62795,0.41962,0.34856,0.34976,0.53307,-0.0094336,0.64386,0.66152,-0.10051,0.43543,-0.50396,-0.080663,0.68051,-0.16471,0.29533,0.36794,-0.46284,0.47423,0.42119,0.66411,0.12874,0.37606,0.44744,-0.15083,0.2009,0.05988,0.17137,0.34091,0.50579,0.74715
0.14089,-0.0090739,0.30368,0.46207,0.42835,0.41958,0.49877,0.69015,0.35712,0.53466,0.65523,0.73282,0.020408,0.38924,0.59304,-0.020515,0.76788,0.81158,0.69994,0.62243,0.59051,1,0.34354,0.35174,0.40775,0.33713,0.22315,0.61956,0.74605,0.27812,NaN,0.81035,0.54694,0.80006,0.60213,0.3826,-0.33144,0.096569,0.44601,0.56334,0.60738,0.64369,-0.23574,0.26343,0.7849,0.56673,0.19467,0.24813,0.35383,0.72892,0.63821,0.61205,0.14178,0.63825,-0.33501,0.73284,0.53362,0.24734,0.72917,0.77361,0.31341,-0.47734,0.15137,0.78321,0.86536,0.16241,0.39255,0.75393,0.20471,0.71172,0.53667,0.44735,0.60598,0.79249,0.47592,0.66467,0.65725,0.57478,0.34805,0.41427,0.78547,0.68848,0.64186,0.035421,0.55212,0.6806,0.4516,0.45848,0.552,0.73512,0.53428,0.1209,0.49506,0.73326,0.40995,0.3979,-0.19176,-0.080688,0.64199,0.53815,0.54164,0.57372,0.662,0.1382,0.2628,0.2709,0.55013,0.51011,0.69564,-0.051581,0.6522,0.38419,0.41445,0.48621,0.89405,0.47053,0.52421,0.69852,0.0366,0.33821,0.65742,0.78322,0.75694,0.52766,0.53822,0.21748,0.45816,0.53871,0.029292,0.74728,0.074599,0.70326,0.31648,0.54514,0.51033,0.57609,0.25227,0.76764,0.72797,0.70955,0.62771,0.076693,0.35268,0.33663,0.52189,0.78004,-0.38557,0.53206,0.30257,0.34922,0.78915,-0.086896,-0.03554,0.71972,0.72069,0.72511,0.52177,0.69761,0.41625,0.63042,0.51199,0.67697,0.46949,0.54103,0.35306,0.71783,0.57994,-0.044581,0.3401,0.3133,0.82977,0.39444,0.52978,0.60204,0.64202,0.22448,0.51055,0.35457,0.091888,0.62081,-0.20448,0.29834,0.89358,0.074951,0.60373,0.47215,-0.36623,0.71273,0.4506,0.74854,0.46905,0.76986,0.41006,0.43346,0.51017,0.58345,0.34525,0.39149,0.83092,0.74141
0.26623,0.1041,0.24709,0.61614,-0.21188,0.38721,0.085983,0.34665,0.11901,0.20782,0.50607,0.41447,0.057656,-0.2757,0.38416,-0.075765,0.39486,0.13996,0.11178,0.4653,0.49302,0.34354,1,0.49119,0.66002,0.41068,0.343,0.36236,0.45985,0.28137,NaN,0.17293,0.46491,0.33369,0.29901,0.10651,-0.21877,-0.026583,0.069456,0.49907,0.069081,0.27951,-0.050474,0.32185,0.36202,0.50823,0.483,0.14512,0.11339,0.62549,0.33929,0.27553,0.55242,0.34243,0.20578,0.28985,0.01889,-0.072987,0.41313,0.62395,0.02053,-0.28275,0.35737,0.07337,0.60251,0.25788,0.40284,0.35635,0.18521,0.42727,0.40734,0.12403,0.14521,0.38346,0.14763,0.46563,0.52705,0.19906,0.46941,0.17717,0.3749,0.46511,0.41844,0.072666,0.42702,0.22344,0.32313,0.45699,0.59162,0.43863,0.14145,0.12419,-0.047263,0.4779,0.68181,0.5264,-0.12599,-0.33994,0.21119,0.23464,0.40408,0.63168,0.46778,-0.036974,0.15344,0.13235,0.023596,0.57052,0.49096,-0.50496,0.79739,0.27698,0.67798,0.019154,0.35842,0.74179,0.0061764,0.28155,0.33711,0.31581,0.45406,0.61762,0.34943,-0.048399,0.11773,0.24193,0.3406,0.025958,0.12718,0.58517,-0.14053,0.22032,0.070374,0.24496,0.26979,0.4733,0.029076,0.45505,0.2879,0.46465,0.13593,0.20649,0.34408,0.063759,0.31319,0.46532,-0.16,0.16922,0.16697,0.40586,0.269,0.1348,-0.015575,0.32932,0.18924,0.32665,0.24365,0.13529,0.30486,0.49678,0.62224,0.43544,0.34112,0.25519,0.063812,0.5794,0.21669,-0.2835,0.37685,0.053161,0.47811,0.12746,0.37302,0.51113,0.33363,-0.039296,0.54592,0.17842,0.20012,0.39038,0.25556,0.32932,0.40203,0.28186,0.42015,0.48147,-0.072314,0.40475,0.38182,0.55873,0.07478,0.35306,0.14855,0.085871,0.25208,-0.079093,0.25755,0.40041,0.44997,0.41964
0.62366,0.034567,0.22806,0.539,0.23568,0.70615,0.20623,0.42402,0.21039,0.28422,0.66362,0.15505,-0.14057,0.10873,0.66685,0.2797,0.28232,0.17674,0.18631,0.44362,0.18278,0.35174,0.49119,1,0.39906,0.31822,0.24771,0.12257,0.46375,0.2238,NaN,0.13329,0.17102,0.31335,0.22652,0.13611,-0.1333,-0.1288,0.047332,0.26607,0.3076,0.28112,0.15048,0.23083,0.49593,0.5098,0.16797,0.25356,-0.068403,0.34431,0.32564,0.30336,0.37449,0.14725,-0.091527,0.18135,0.34579,-0.075232,0.32711,0.53616,-0.32101,0.35265,0.71388,0.0083782,0.48748,0.79909,0.079407,0.17052,0.29267,0.36653,0.14013,0.17572,0.015324,0.23061,0.41275,0.15169,0.65869,0.42328,-0.048561,0.42062,0.11348,0.41108,0.53078,0.11197,0.63973,0.12511,0.45016,0.79543,0.52154,0.10639,0.11525,0.12256,-0.29499,0.39689,0.27239,0.047072,-0.25112,-0.00018729,0.31401,0.51159,0.41559,0.46932,0.46532,0.24256,0.14228,0.264,0.23796,0.59058,0.68313,-0.24625,0.4558,-0.16344,0.43889,0.14378,0.34484,0.48652,0.22733,0.55299,-0.078747,0.019764,0.13719,0.33049,0.36409,0.21823,-0.27993,0.071697,0.23172,-0.19518,0.5433,0.68792,-0.11467,0.18455,-0.11992,0.40016,0.35939,0.73176,0.14264,0.27769,0.3666,0.30595,0.54218,0.75246,0.087048,0.33138,0.09139,0.31731,0.42262,0.33827,0.052438,0.23943,0.35588,0.40034,0.24754,0.39419,0.13572,0.12719,-0.10951,0.18735,0.13375,0.40684,0.59037,0.25443,0.28219,-0.039861,0.19699,0.27562,0.56424,-0.05328,-0.010533,0.53385,0.46101,-0.089298,0.18363,0.38914,0.18148,0.013665,0.21364,-0.066709,0.2865,0.18248,0.24423,0.46416,0.2504,0.27766,0.22324,0.16688,0.086707,0.15993,-0.0016414,0.27917,0.42236,0.33394,0.23991,0.35064,0.42769,0.15231,0.083675,0.40079,0.44258,0.28975
