1,0.77837,0.86248,0.44668,0.86289,0.64005,0.79041,0.55231,0.71458,0.41576,0.64426,0.76621,0.35887,0.8109,0.1461,0.7013,0.92764,0.92329,0.70773,0.66445,0.74935,0.67542,0.86741,0.64724,0.62363,0.84979,0.64226,0.73885,0.7297,0.63865,0.83763,0.76716,0.84138,0.73173,0.46044,-0.25891,0.80882,0.79561,0.46561,0.87319,0.76717,0.758,0.76748,0.54071,0.77827,0.72476,0.558,0.8131,0.67157,0.49247,0.74769,0.67739,0.67373,0.75296,0.77017,0.72075,0.58599,0.37198,0.59959,0.13295,0.35315,0.83891,0.86499,0.60546,0.70135,0.87934,0.68813,0.84365,0.78816,0.70107,0.77601,0.76679,0.70451,0.70611,0.62936,0.64341,0.54448,0.78385,0.79506,0.74727,0.52382,0.84259,0.76467,0.84734,0.87889
0.77837,1,0.74216,0.76123,0.8192,0.9055,0.79269,0.77082,0.86031,0.72408,0.88653,0.83843,0.67433,0.75594,0.2488,0.62296,0.74187,0.78207,0.69057,0.69408,0.7137,0.39482,0.83823,0.71432,0.76061,0.70471,0.738,0.87921,0.62636,0.86366,0.85279,0.80537,0.78067,0.767,0.69172,-0.14779,0.65915,0.92857,0.75548,0.88178,0.87584,0.96246,0.81607,0.7772,0.82274,0.78662,0.51324,0.79649,0.8315,0.78525,0.83183,0.81635,0.35574,0.71671,0.63577,0.77756,0.25804,0.66478,0.78182,0.001348,0.77103,0.67239,0.65026,0.75424,0.72539,0.72333,0.6692,0.80878,0.94549,0.82321,0.52226,0.38627,0.78367,0.8656,0.74773,0.8532,0.82522,0.80709,0.80887,0.61215,0.84007,0.80514,0.71646,0.8032,0.82074
0.86248,0.74216,1,0.59163,0.93501,0.65558,0.771,0.49099,0.77489,0.4536,0.66228,0.71578,0.50348,0.80371,0.2753,0.76216,0.90482,0.82262,0.83298,0.64185,0.71748,0.58255,0.85666,0.5963,0.55581,0.86401,0.5641,0.72481,0.77453,0.65127,0.85562,0.76881,0.8666,0.82908,0.48013,-0.14062,0.82353,0.84884,0.58846,0.87526,0.75248,0.74089,0.83414,0.64284,0.74101,0.72602,0.49725,0.79149,0.74483,0.49156,0.77864,0.61543,0.67815,0.78242,0.76184,0.73501,0.45679,0.5062,0.66869,0.25697,0.43091,0.75277,0.87857,0.62779,0.70229,0.85528,0.61705,0.8632,0.73177,0.71941,0.68147,0.6803,0.67168,0.70528,0.52095,0.64684,0.59592,0.77072,0.72695,0.60294,0.64851,0.83335,0.76475,0.86363,0.861
0.44668,0.76123,0.59163,1,0.66442,0.90526,0.65894,0.83622,0.85686,0.89274,0.88671,0.75184,0.97142,0.54847,0.49269,0.50686,0.5841,0.5122,0.67814,0.5555,0.61286,-0.043326,0.68872,0.67611,0.76098,0.47922,0.68575,0.83486,0.49559,0.72053,0.71277,0.77723,0.66609,0.65481,0.80971,0.085515,0.49576,0.83181,0.98536,0.75765,0.80478,0.81504,0.76685,0.89001,0.79582,0.76476,0.48139,0.52992,0.88314,0.55955,0.86301,0.83481,0.063947,0.53148,0.36855,0.75125,-0.096463,0.9695,0.83583,0.012676,0.87396,0.52512,0.43007,0.80874,0.66388,0.51274,0.45062,0.6577,0.73123,0.79289,0.1668,-0.023214,0.61398,0.72337,0.65125,0.83995,0.92181,0.70062,0.70629,0.34055,0.97353,0.60395,0.54474,0.71937,0.67619
0.86289,0.8192,0.93501,0.66442,1,0.76059,0.81154,0.57651,0.82825,0.53124,0.77231,0.79346,0.57871,0.80971,0.37994,0.72822,0.91154,0.8279,0.88383,0.66577,0.72771,0.5043,0.87405,0.67321,0.63591,0.8681,0.68782,0.79374,0.72092,0.75355,0.85591,0.81074,0.85522,0.80531,0.5266,-0.14448,0.81609,0.86662,0.67579,0.93919,0.79165,0.83337,0.86749,0.71416,0.82173,0.7645,0.5422,0.79857,0.77891,0.55745,0.83049,0.68171,0.62553,0.8686,0.83102,0.7544,0.51743,0.58392,0.6978,0.17379,0.5581,0.76736,0.80317,0.7104,0.75834,0.85885,0.71712,0.90631,0.8251,0.76138,0.73904,0.64156,0.69053,0.78267,0.60438,0.71032,0.68058,0.81796,0.7992,0.57242,0.72816,0.86877,0.69649,0.90741,0.90624
0.64005,0.9055,0.65558,0.90526,0.76059,1,0.72996,0.84596,0.90627,0.85409,0.93523,0.85676,0.84174,0.6684,0.4232,0.61498,0.70081,0.70459,0.66626,0.72571,0.71969,0.17073,0.78863,0.8222,0.78801,0.64607,0.76049,0.9097,0.50952,0.8413,0.81224,0.83538,0.76334,0.67197,0.80772,-0.044603,0.59525,0.90251,0.9007,0.83941,0.87377,0.94699,0.83264,0.8746,0.82823,0.85006,0.53046,0.62844,0.91846,0.68045,0.90353,0.87972,0.19373,0.70052,0.57225,0.77926,0.027384,0.84326,0.85642,-0.11531,0.88843,0.58919,0.54216,0.82601,0.72216,0.65672,0.56482,0.77461,0.91262,0.84835,0.36231,0.1677,0.71963,0.81445,0.78361,0.89261,0.92023,0.73147,0.80687,0.50994,0.91548,0.70249,0.69367,0.78176,0.76934
0.79041,0.79269,0.771,0.65894,0.81154,0.72996,1,0.77835,0.74153,0.67682,0.72679,0.78464,0.59473,0.65801,0.29615,0.74301,0.82825,0.83147,0.60829,0.72996,0.71007,0.31104,0.88038,0.56381,0.7722,0.77845,0.88232,0.82228,0.59196,0.72287,0.75671,0.70206,0.83969,0.77157,0.75988,0.00072226,0.68928,0.80905,0.68789,0.81358,0.84101,0.7275,0.7581,0.7706,0.79878,0.82724,0.63823,0.69219,0.77626,0.51,0.82,0.75468,0.32454,0.69034,0.62323,0.77674,0.24915,0.63281,0.76357,0.026797,0.61003,0.78561,0.73662,0.59479,0.55769,0.71015,0.77907,0.72731,0.79588,0.83222,0.69187,0.48915,0.76384,0.74424,0.78068,0.78048,0.68249,0.91467,0.85651,0.66955,0.72709,0.66268,0.58659,0.81936,0.84444
0.55231,0.77082,0.49099,0.83622,0.57651,0.84596,0.77835,1,0.72577,0.87245,0.80397,0.80636,0.78653,0.56893,0.36324,0.51636,0.59437,0.63804,0.50008,0.63428,0.6585,0.068609,0.7276,0.61799,0.91881,0.50532,0.81313,0.87696,0.46035,0.61313,0.61634,0.72445,0.65329,0.55989,0.87934,0.12345,0.45124,0.74653,0.81986,0.68327,0.8902,0.75992,0.61963,0.85291,0.80977,0.795,0.56997,0.52996,0.82648,0.54959,0.8404,0.90596,-0.087314,0.45565,0.31735,0.84309,-0.055671,0.78748,0.83077,-0.064135,0.84989,0.57452,0.42488,0.75753,0.6115,0.52086,0.54933,0.58168,0.78386,0.8633,0.31225,0.13288,0.72263,0.61868,0.83213,0.87335,0.87573,0.71631,0.77925,0.55237,0.80909,0.52446,0.48464,0.69582,0.65781
0.71458,0.86031,0.77489,0.85686,0.82825,0.90627,0.74153,0.72577,1,0.73417,0.86485,0.78227,0.77359,0.67656,0.33844,0.6147,0.80116,0.68313,0.76184,0.75094,0.72409,0.25911,0.76034,0.71954,0.67592,0.72571,0.69453,0.84073,0.56431,0.87826,0.83303,0.83911,0.82607,0.75553,0.67928,-0.27332,0.703,0.8871,0.84665,0.87714,0.78884,0.89742,0.93935,0.78374,0.8461,0.84181,0.4725,0.66899,0.84548,0.53264,0.86961,0.82951,0.46462,0.72757,0.63785,0.68955,0.13051,0.78377,0.79653,-0.028375,0.70543,0.63794,0.65176,0.68145,0.62294,0.7354,0.53154,0.78774,0.81333,0.76069,0.32815,0.27116,0.58487,0.89256,0.65096,0.77791,0.78487,0.76977,0.77505,0.53202,0.88017,0.78631,0.6943,0.8308,0.83616
0.41576,0.72408,0.4536,0.89274,0.53124,0.85409,0.67682,0.87245,0.73417,1,0.87273,0.74954,0.86059,0.49455,0.29688,0.51558,0.4907,0.52445,0.55104,0.50626,0.53495,-0.13347,0.65853,0.54779,0.83394,0.37466,0.79961,0.82865,0.34604,0.63087,0.61881,0.61028,0.59922,0.56971,0.92414,0.16484,0.41535,0.74115,0.88188,0.66056,0.79795,0.75005,0.67747,0.84547,0.75436,0.79961,0.49799,0.37903,0.7814,0.56607,0.78689,0.83239,-0.085181,0.41984,0.25684,0.69332,-0.17216,0.87079,0.72806,-0.030797,0.84012,0.43907,0.34177,0.7365,0.55537,0.49599,0.41091,0.5258,0.67623,0.73344,0.17713,-0.072507,0.63292,0.67009,0.72372,0.78941,0.88448,0.69734,0.71555,0.38219,0.85775,0.51527,0.47019,0.60011,0.65391
0.64426,0.88653,0.66228,0.88671,0.77231,0.93523,0.72679,0.80397,0.86485,0.87273,1,0.88106,0.84969,0.71014,0.3903,0.585,0.68686,0.67108,0.74755,0.65276,0.61981,0.1431,0.76147,0.73505,0.85778,0.59577,0.75582,0.90813,0.51621,0.7977,0.8376,0.82643,0.72391,0.73099,0.76337,0.067158,0.61701,0.885,0.88705,0.85574,0.86852,0.9262,0.84126,0.88752,0.89217,0.85239,0.6211,0.60408,0.85448,0.72101,0.87591,0.8356,0.22601,0.67926,0.55945,0.78471,0.094049,0.8454,0.77936,0.039158,0.83233,0.64039,0.55182,0.7853,0.68319,0.68722,0.56864,0.78586,0.85085,0.80712,0.39196,0.19444,0.73402,0.83808,0.78072,0.85833,0.91752,0.81731,0.77262,0.50416,0.90786,0.78857,0.65964,0.78132,0.81885
0.76621,0.83843,0.71578,0.75184,0.79346,0.85676,0.78464,0.80636,0.78227,0.74954,0.88106,1,0.70441,0.67047,0.47475,0.62878,0.74764,0.82272,0.68429,0.66849,0.70919,0.30341,0.86007,0.78667,0.88057,0.62434,0.80281,0.96809,0.509,0.71932,0.80142,0.81735,0.75892,0.70376,0.70725,0.071479,0.58262,0.8567,0.74389,0.82857,0.93866,0.87461,0.79685,0.89988,0.82313,0.8093,0.51588,0.6212,0.83128,0.63231,0.85861,0.78536,0.28356,0.75154,0.6661,0.79094,0.22868,0.67398,0.72598,-0.026986,0.70034,0.71423,0.58727,0.79302,0.74452,0.76634,0.66077,0.81472,0.88296,0.81115,0.54657,0.34979,0.75127,0.78779,0.78517,0.78923,0.83161,0.79114,0.8565,0.58535,0.76554,0.71969,0.66783,0.78816,0.78849
0.35887,0.67433,0.50348,0.97142,0.57871,0.84174,0.59473,0.78653,0.77359,0.86059,0.84969,0.70441,1,0.4492,0.58562,0.48895,0.49877,0.436,0.60367,0.44439,0.54329,-0.13673,0.62212,0.63524,0.71899,0.36878,0.66145,0.77979,0.43359,0.64049,0.6563,0.73913,0.56179,0.62945,0.76127,0.13867,0.38953,0.75689,0.97363,0.68133,0.74265,0.73275,0.68483,0.87208,0.73805,0.72164,0.46134,0.45045,0.84646,0.46271,0.80661,0.77961,-0.038018,0.48687,0.31276,0.69698,-0.17896,0.98038,0.77691,-0.02223,0.82614,0.48458,0.35415,0.78323,0.61581,0.38705,0.38839,0.57946,0.65614,0.71651,0.10301,-0.13108,0.53955,0.65353,0.61327,0.81334,0.90322,0.65452,0.67639,0.24729,0.94893,0.52943,0.50531,0.62206,0.5932
0.8109,0.75594,0.80371,0.54847,0.80971,0.6684,0.65801,0.56893,0.67656,0.49455,0.71014,0.67047,0.4492,1,0.058892,0.59781,0.82019,0.70403,0.78571,0.64123,0.75009,0.63606,0.76056,0.60786,0.66152,0.84709,0.49171,0.67469,0.72953,0.60124,0.79959,0.75349,0.80505,0.68013,0.45005,-0.11554,0.85471,0.77901,0.5518,0.80436,0.72758,0.77587,0.70929,0.56252,0.81435,0.71867,0.72223,0.69651,0.739,0.66352,0.77598,0.65585,0.50065,0.58379,0.56105,0.81855,0.46603,0.46953,0.73441,0.41552,0.55343,0.79652,0.78145,0.64948,0.71025,0.80645,0.63949,0.7942,0.74355,0.78683,0.67956,0.72291,0.78214,0.60734,0.6405,0.70139,0.65999,0.73359,0.58221,0.66915,0.58542,0.7994,0.73651,0.83068,0.84428
0.1461,0.2488,0.2753,0.49269,0.37994,0.4232,0.29615,0.36324,0.33844,0.29688,0.3903,0.47475,0.58562,0.058892,1,0.27047,0.2459,0.28846,0.27077,0.14425,0.30271,-0.12064,0.33923,0.41352,0.33876,0.14443,0.41524,0.4654,0.14215,0.22181,0.33558,0.41894,0.2505,0.20897,0.3062,0.21837,0.085666,0.30725,0.51883,0.30207,0.39807,0.31536,0.26616,0.56871,0.28381,0.31672,0.10141,0.10097,0.51759,0.053422,0.46527,0.34675,-0.1529,0.4136,0.3104,0.39683,-0.1257,0.49622,0.38049,-0.20468,0.41802,0.23347,0.01259,0.53249,0.43339,0.15161,0.33378,0.4056,0.38637,0.34813,0.14333,-0.098755,0.094571,0.28424,0.24144,0.45644,0.52188,0.27106,0.42961,-0.19093,0.46759,0.2227,0.2638,0.35611,0.16338
0.7013,0.62296,0.76216,0.50686,0.72822,0.61498,0.74301,0.51636,0.6147,0.51558,0.585,0.62878,0.48895,0.59781,0.27047,1,0.70796,0.68796,0.52076,0.53231,0.57237,0.29852,0.72999,0.60174,0.48763,0.76398,0.6649,0.65634,0.47407,0.53177,0.69078,0.59188,0.61904,0.81912,0.60327,-0.021004,0.50859,0.70256,0.52407,0.65991,0.65065,0.63372,0.66882,0.5902,0.64291,0.78561,0.4058,0.59833,0.66971,0.41912,0.60579,0.59781,0.38659,0.73028,0.66013,0.58899,0.21453,0.48385,0.57893,0.097143,0.44053,0.54291,0.7848,0.55516,0.54729,0.60653,0.38585,0.56468,0.70514,0.55942,0.59958,0.44419,0.55538,0.4914,0.56706,0.65492,0.51718,0.6281,0.76751,0.50749,0.5651,0.53935,0.58435,0.56976,0.7134
0.92764,0.74187,0.90482,0.5841,0.91154,0.70081,0.82825,0.59437,0.80116,0.4907,0.68686,0.74764,0.49877,0.82019,0.2459,0.70796,1,0.87878,0.78897,0.77923,0.82189,0.55274,0.87605,0.65485,0.62564,0.88918,0.65481,0.76284,0.79978,0.69811,0.85943,0.85062,0.91438,0.73353,0.54167,-0.18745,0.90754,0.8379,0.59828,0.91217,0.79324,0.74316,0.83901,0.61905,0.8031,0.76766,0.64775,0.79563,0.7619,0.42111,0.84748,0.70006,0.6517,0.80961,0.81031,0.76071,0.50264,0.53545,0.73265,0.21306,0.43586,0.85442,0.87346,0.62173,0.68553,0.88752,0.73022,0.88062,0.75987,0.78801,0.71145,0.71772,0.73717,0.72719,0.6543,0.67844,0.61464,0.82497,0.78547,0.70639,0.63543,0.83696,0.76493,0.9274,0.9289
0.92329,0.78207,0.82262,0.5122,0.8279,0.70459,0.83147,0.63804,0.68313,0.52445,0.67108,0.82272,0.436,0.70403,0.28846,0.68796,0.87878,1,0.65423,0.67688,0.73278,0.56533,0.92577,0.64834,0.69221,0.76618,0.74446,0.80248,0.71871,0.6063,0.80926,0.73307,0.85914,0.63413,0.5925,-0.09183,0.74144,0.80645,0.53064,0.86007,0.84804,0.7505,0.73641,0.66169,0.72522,0.73396,0.53595,0.75613,0.74435,0.4676,0.81039,0.69927,0.49357,0.76651,0.75502,0.77421,0.4396,0.44526,0.64846,-0.042356,0.44884,0.75971,0.76386,0.68094,0.72613,0.84525,0.74324,0.8697,0.80967,0.7633,0.7652,0.63695,0.76482,0.68315,0.71169,0.69451,0.64474,0.77918,0.87632,0.70506,0.57341,0.79054,0.81026,0.8365,0.83847
0.70773,0.69057,0.83298,0.67814,0.88383,0.66626,0.60829,0.50008,0.76184,0.55104,0.74755,0.68429,0.60367,0.78571,0.27077,0.52076,0.78897,0.65423,1,0.48472,0.64957,0.48271,0.71951,0.51931,0.61538,0.67155,0.54981,0.70493,0.71443,0.58311,0.76194,0.72742,0.75825,0.70855,0.4359,-0.10795,0.80142,0.75552,0.67931,0.88617,0.69439,0.73676,0.79934,0.63742,0.80134,0.67992,0.46999,0.67975,0.68147,0.45811,0.77044,0.59756,0.56232,0.67926,0.6401,0.71155,0.4822,0.60204,0.60303,0.28458,0.51694,0.62808,0.64972,0.69936,0.73314,0.81085,0.58179,0.82974,0.61845,0.67139,0.55194,0.54421,0.60361,0.66943,0.48705,0.62374,0.69004,0.75124,0.64534,0.49399,0.70782,0.86182,0.60918,0.83539,0.85987
0.66445,0.69408,0.64185,0.5555,0.66577,0.72571,0.72996,0.63428,0.75094,0.50626,0.65276,0.66849,0.44439,0.64123,0.14425,0.53231,0.77923,0.67688,0.48472,1,0.69534,0.34949,0.64604,0.66584,0.61776,0.77506,0.54316,0.71579,0.50337,0.74499,0.7164,0.74677,0.77778,0.54676,0.59949,-0.011519,0.73816,0.72553,0.54633,0.68955,0.7125,0.68999,0.72253,0.62295,0.66874,0.72729,0.6068,0.58252,0.68693,0.51211,0.74174,0.62855,0.387,0.69096,0.67213,0.64273,0.10621,0.51181,0.78129,0.0026974,0.57093,0.61463,0.67647,0.36941,0.34848,0.70302,0.63061,0.69926,0.73294,0.77389,0.45182,0.46907,0.71754,0.66281,0.77707,0.66608,0.56297,0.68372,0.5763,0.72297,0.58947,0.6082,0.60077,0.74768,0.73647
0.74935,0.7137,0.71748,0.61286,0.72771,0.71969,0.71007,0.6585,0.72409,0.53495,0.61981,0.70919,0.54329,0.75009,0.30271,0.57237,0.82189,0.73278,0.64957,0.69534,1,0.53375,0.80366,0.64751,0.61361,0.70883,0.64833,0.76268,0.64949,0.66859,0.73307,0.76381,0.81694,0.61221,0.59125,-0.20739,0.7931,0.76026,0.63625,0.76105,0.76649,0.7135,0.65239,0.62293,0.67056,0.73069,0.47482,0.63299,0.81151,0.40805,0.84107,0.7141,0.31947,0.63815,0.59096,0.7391,0.25188,0.54579,0.82282,0.12842,0.56914,0.72383,0.63876,0.67565,0.68689,0.69866,0.75133,0.71097,0.73439,0.80662,0.56263,0.55289,0.69541,0.64704,0.67817,0.74634,0.70668,0.70019,0.67015,0.621,0.64238,0.60898,0.67641,0.78647,0.74662
0.67542,0.39482,0.58255,-0.043326,0.5043,0.17073,0.31104,0.068609,0.25911,-0.13347,0.1431,0.30341,-0.13673,0.63606,-0.12064,0.29852,0.55274,0.56533,0.48271,0.34949,0.53375,1,0.42429,0.31286,0.19047,0.60286,0.11268,0.2663,0.52509,0.19664,0.4676,0.35911,0.54197,0.37084,-0.11664,-0.344,0.60892,0.34454,-0.01913,0.4618,0.30676,0.35174,0.33033,0.061632,0.32566,0.26948,0.23557,0.54559,0.27164,0.25414,0.31148,0.13357,0.59514,0.35223,0.45452,0.41921,0.57816,-0.14606,0.24809,0.1067,0.031553,0.48141,0.56027,0.2471,0.43918,0.58996,0.47666,0.55155,0.39224,0.3815,0.63443,0.83757,0.41827,0.23598,0.23562,0.27858,0.14616,0.37879,0.27717,0.58243,0.057748,0.50721,0.54012,0.49294,0.47115
0.86741,0.83823,0.85666,0.68872,0.87405,0.78863,0.88038,0.7276,0.76034,0.65853,0.76147,0.86007,0.62212,0.76056,0.33923,0.72999,0.87605,0.92577,0.71951,0.64604,0.80366,0.42429,1,0.68553,0.74134,0.77295,0.79824,0.85098,0.74688,0.72659,0.81873,0.78544,0.86817,0.74294,0.68917,-0.076224,0.7373,0.90237,0.70316,0.90006,0.90465,0.82737,0.79055,0.7924,0.79261,0.78284,0.57118,0.78031,0.86358,0.55023,0.89161,0.78511,0.43355,0.7775,0.71001,0.81981,0.39172,0.62915,0.78487,0.099156,0.57844,0.82983,0.78476,0.77944,0.79117,0.79023,0.76919,0.84574,0.84617,0.82748,0.7312,0.53335,0.81299,0.76027,0.74016,0.76151,0.75449,0.82269,0.89824,0.65569,0.73441,0.76915,0.78652,0.85215,0.86853
0.64724,0.71432,0.5963,0.67611,0.67321,0.8222,0.56381,0.61799,0.71954,0.54779,0.73505,0.78667,0.63524,0.60786,0.41352,0.60174,0.65485,0.64834,0.51931,0.66584,0.64751,0.31286,0.68553,1,0.58828,0.66697,0.50934,0.76065,0.42863,0.68012,0.78014,0.79457,0.66224,0.60389,0.53783,0.023771,0.50967,0.79061,0.68936,0.7245,0.71454,0.82685,0.71955,0.69043,0.69979,0.6737,0.44604,0.60006,0.79187,0.63874,0.72829,0.64989,0.33967,0.68398,0.60919,0.64799,0.18386,0.64853,0.71742,-0.10677,0.66121,0.62823,0.6066,0.71987,0.71125,0.61782,0.48196,0.74307,0.84521,0.70626,0.44192,0.2702,0.64788,0.59591,0.64953,0.74024,0.6862,0.57611,0.67134,0.50481,0.69608,0.56282,0.65766,0.67916,0.64986
0.62363,0.76061,0.55581,0.76098,0.63591,0.78801,0.7722,0.91881,0.67592,0.83394,0.85778,0.88057,0.71899,0.66152,0.33876,0.48763,0.62564,0.69221,0.61538,0.61776,0.61361,0.19047,0.74134,0.58828,1,0.51667,0.79537,0.89318,0.46222,0.57079,0.6643,0.727,0.6695,0.60438,0.78855,0.21857,0.53234,0.73148,0.75762,0.72431,0.89982,0.75731,0.63581,0.87486,0.85901,0.8167,0.66706,0.51202,0.77005,0.59322,0.83923,0.84006,0.0052542,0.49418,0.38079,0.87055,0.04502,0.71429,0.74545,0.011734,0.77745,0.64656,0.47572,0.7177,0.59958,0.62221,0.60539,0.66362,0.75271,0.85116,0.44825,0.26923,0.77148,0.65146,0.86922,0.83297,0.86418,0.79104,0.74004,0.63513,0.74353,0.64655,0.51818,0.72885,0.72057
0.84979,0.70471,0.86401,0.47922,0.8681,0.64607,0.77845,0.50532,0.72571,0.37466,0.59577,0.62434,0.36878,0.84709,0.14443,0.76398,0.88918,0.76618,0.67155,0.77506,0.70883,0.60286,0.77295,0.66697,0.51667,1,0.55141,0.6267,0.63788,0.66551,0.78059,0.70522,0.84951,0.71557,0.4443,-0.2056,0.81944,0.75069,0.50042,0.78953,0.65247,0.72288,0.77311,0.53669,0.75819,0.75034,0.62561,0.70864,0.71497,0.51559,0.72963,0.60766,0.64238,0.73248,0.72256,0.70597,0.44549,0.42123,0.7153,0.17841,0.4565,0.77078,0.89071,0.49994,0.57084,0.80081,0.64253,0.78435,0.76119,0.72352,0.75534,0.74043,0.66301,0.61029,0.62042,0.65229,0.49872,0.72134,0.66711,0.68532,0.54149,0.72424,0.7022,0.82317,0.84208
0.64226,0.738,0.5641,0.68575,0.68782,0.76049,0.88232,0.81313,0.69453,0.79961,0.75582,0.80281,0.66145,0.49171,0.41524,0.6649,0.65481,0.74446,0.54981,0.54316,0.64833,0.11268,0.79824,0.50934,0.79537,0.55141,1,0.83391,0.36634,0.65567,0.61339,0.57128,0.68988,0.62823,0.81287,-0.033644,0.49181,0.68968,0.72447,0.71999,0.7986,0.70741,0.67764,0.80101,0.74492,0.83487,0.4733,0.4679,0.74197,0.39575,0.78024,0.78229,0.089815,0.62322,0.51161,0.67554,0.093883,0.66074,0.65991,-0.18068,0.661,0.58827,0.46314,0.66628,0.55129,0.58619,0.67734,0.597,0.73903,0.71222,0.54677,0.22984,0.5983,0.71523,0.76542,0.75493,0.75143,0.80593,0.89314,0.4889,0.72152,0.55295,0.48494,0.66417,0.73808
0.73885,0.87921,0.72481,0.83486,0.79374,0.9097,0.82228,0.87696,0.84073,0.82865,0.90813,0.96809,0.77979,0.67469,0.4654,0.65634,0.76284,0.80248,0.70493,0.71579,0.76268,0.2663,0.85098,0.76065,0.89318,0.6267,0.83391,1,0.56364,0.74381,0.83368,0.84721,0.78748,0.73178,0.81331,0.089179,0.62357,0.89535,0.81963,0.85124,0.96872,0.89045,0.81096,0.90843,0.8434,0.85057,0.51358,0.65787,0.87535,0.6497,0.89766,0.84426,0.22022,0.73053,0.63257,0.83574,0.15396,0.75571,0.80382,-2.5298e-05,0.7881,0.66964,0.57936,0.82349,0.74973,0.76291,0.6648,0.80643,0.8999,0.86975,0.4769,0.31806,0.77992,0.79406,0.80252,0.8715,0.89602,0.82903,0.86657,0.57675,0.8508,0.72363,0.65484,0.82308,0.81186
0.7297,0.62636,0.77453,0.49559,0.72092,0.50952,0.59196,0.46035,0.56431,0.34604,0.51621,0.509,0.43359,0.72953,0.14215,0.47407,0.79978,0.71871,0.71443,0.50337,0.64949,0.52509,0.74688,0.42863,0.46222,0.63788,0.36634,0.56364,1,0.43841,0.7362,0.73929,0.71721,0.55503,0.38267,-0.023834,0.78891,0.74444,0.47799,0.7912,0.69182,0.58163,0.58804,0.43332,0.62126,0.44964,0.51658,0.853,0.63706,0.41383,0.69234,0.5308,0.52081,0.58204,0.59872,0.73939,0.57024,0.4486,0.64157,0.44554,0.32369,0.69913,0.73379,0.61823,0.71979,0.70767,0.62405,0.78132,0.5766,0.67541,0.556,0.64412,0.73738,0.46791,0.44273,0.56924,0.55041,0.65035,0.60222,0.52953,0.55666,0.77651,0.71766,0.79429,0.75247
0.63865,0.86366,0.65127,0.72053,0.75355,0.8413,0.72287,0.61313,0.87826,0.63087,0.7977,0.71932,0.64049,0.60124,0.22181,0.53177,0.69811,0.6063,0.58311,0.74499,0.66859,0.19664,0.72659,0.68012,0.57079,0.66551,0.65567,0.74381,0.43841,1,0.72803,0.74914,0.71651,0.72214,0.58899,-0.3021,0.60874,0.84313,0.72853,0.78021,0.70024,0.85661,0.8359,0.71815,0.6865,0.71298,0.47725,0.65532,0.73714,0.61364,0.74529,0.69469,0.42557,0.74788,0.67011,0.51884,0.14622,0.66534,0.72268,-0.064542,0.66441,0.64149,0.59901,0.53071,0.48979,0.58349,0.59802,0.67509,0.81352,0.69376,0.38816,0.2349,0.61977,0.93519,0.65236,0.66546,0.66027,0.70996,0.67172,0.53031,0.79208,0.65151,0.58547,0.69291,0.733
0.83763,0.85279,0.85562,0.71277,0.85591,0.81224,0.75671,0.61634,0.83303,0.61881,0.8376,0.80142,0.6563,0.79959,0.33558,0.69078,0.85943,0.80926,0.76194,0.7164,0.73307,0.4676,0.81873,0.78014,0.6643,0.78059,0.61339,0.83368,0.7362,0.72803,1,0.86175,0.87114,0.77913,0.61483,-0.0012641,0.82044,0.92628,0.72514,0.91015,0.81938,0.87066,0.86366,0.69238,0.82767,0.7743,0.59071,0.76344,0.83571,0.69755,0.84362,0.7075,0.53561,0.73192,0.69542,0.79247,0.34088,0.66969,0.76537,0.18999,0.60302,0.78071,0.7808,0.72636,0.75258,0.85577,0.67464,0.92256,0.85032,0.79668,0.57225,0.51591,0.76076,0.77545,0.64442,0.81376,0.75971,0.86107,0.74986,0.55583,0.78546,0.86687,0.82917,0.89784,0.88479
0.76716,0.80537,0.76881,0.77723,0.81074,0.83538,0.70206,0.72445,0.83911,0.61028,0.82643,0.81735,0.73913,0.75349,0.41894,0.59188,0.85062,0.73307,0.72742,0.74677,0.76381,0.35911,0.78544,0.79457,0.727,0.70522,0.57128,0.84721,0.73929,0.74914,0.86175,1,0.77402,0.73939,0.59222,-0.043095,0.72204,0.89293,0.76699,0.87171,0.86063,0.82731,0.79818,0.75688,0.81367,0.73598,0.66401,0.79806,0.83821,0.55291,0.87364,0.78093,0.39548,0.75434,0.69987,0.80853,0.2658,0.73474,0.80235,0.1419,0.66577,0.77929,0.7093,0.75735,0.74826,0.70562,0.58373,0.84167,0.83706,0.85386,0.43976,0.42624,0.77166,0.74656,0.69526,0.80163,0.7933,0.74456,0.73206,0.61043,0.80175,0.78204,0.7246,0.86341,0.79467
0.84138,0.78067,0.8666,0.66609,0.85522,0.76334,0.83969,0.65329,0.82607,0.59922,0.72391,0.75892,0.56179,0.80505,0.2505,0.61904,0.91438,0.85914,0.75825,0.77778,0.81694,0.54197,0.86817,0.66224,0.6695,0.84951,0.68988,0.78748,0.71721,0.71651,0.87114,0.77402,1,0.66597,0.60556,-0.17223,0.87835,0.85473,0.68092,0.87583,0.80483,0.78177,0.87494,0.6884,0.78564,0.77308,0.64598,0.67906,0.84192,0.50742,0.88616,0.69076,0.54233,0.65928,0.63612,0.79409,0.33463,0.60511,0.79615,0.093007,0.57304,0.82716,0.75177,0.66534,0.69247,0.87535,0.76633,0.89818,0.7777,0.86358,0.62751,0.58507,0.75139,0.76858,0.65108,0.72802,0.70283,0.86537,0.76725,0.63222,0.70867,0.77023,0.82571,0.93985,0.89136
0.73173,0.767,0.82908,0.65481,0.80531,0.67197,0.77157,0.55989,0.75553,0.56971,0.73099,0.70376,0.62945,0.68013,0.20897,0.81912,0.73353,0.63413,0.70855,0.54676,0.61221,0.37084,0.74294,0.60389,0.60438,0.71557,0.62823,0.73178,0.55503,0.72214,0.77913,0.73939,0.66597,1,0.55122,-0.10337,0.5955,0.82053,0.67127,0.79156,0.70741,0.74472,0.78001,0.68937,0.75986,0.78217,0.47472,0.75921,0.6842,0.5513,0.67089,0.63977,0.47659,0.71395,0.63928,0.63068,0.24922,0.62125,0.62105,0.15806,0.53292,0.67312,0.80761,0.56834,0.56541,0.61578,0.4627,0.64323,0.72985,0.65279,0.52957,0.42724,0.63882,0.72375,0.58647,0.70933,0.61342,0.7861,0.70974,0.61849,0.74345,0.68958,0.55515,0.66915,0.78331
0.46044,0.69172,0.48013,0.80971,0.5266,0.80772,0.75988,0.87934,0.67928,0.92414,0.76337,0.70725,0.76127,0.45005,0.3062,0.60327,0.54167,0.5925,0.4359,0.59949,0.59125,-0.11664,0.68917,0.53783,0.78855,0.4443,0.81287,0.81331,0.38267,0.58899,0.61483,0.59222,0.60556,0.55122,1,0.25853,0.44788,0.72425,0.80393,0.63238,0.80259,0.67971,0.58675,0.78508,0.6952,0.79859,0.46641,0.43001,0.75896,0.53317,0.77367,0.84866,-0.11049,0.45916,0.30966,0.71074,-0.17188,0.79295,0.76109,-0.03083,0.78258,0.43235,0.4257,0.66682,0.50283,0.50088,0.47553,0.4988,0.68736,0.74922,0.27818,0.038439,0.65964,0.58722,0.76437,0.8119,0.80719,0.68029,0.71714,0.44551,0.78173,0.46655,0.42372,0.61133,0.62967
-0.25891,-0.14779,-0.14062,0.085515,-0.14448,-0.044603,0.00072226,0.12345,-0.27332,0.16484,0.067158,0.071479,0.13867,-0.11554,0.21837,-0.021004,-0.18745,-0.09183,-0.10795,-0.011519,-0.20739,-0.344,-0.076224,0.023771,0.21857,-0.2056,-0.033644,0.089179,-0.023834,-0.3021,-0.0012641,-0.043095,-0.17223,-0.10337,0.25853,1,-0.12601,-0.037549,0.068794,-0.11865,0.118,-0.12725,-0.2399,0.16881,-0.013426,-0.052595,0.10747,-0.13719,-0.00088668,0.23597,-0.013577,-0.075792,-0.45011,-0.098846,-0.14806,0.18803,-0.1917,0.15758,0.069151,0.24263,0.16562,-0.12008,-0.11892,0.048222,-0.02813,-0.067533,0.043257,-0.028856,-0.05733,0.095537,0.016922,-0.14043,0.23273,-0.31568,0.16329,0.12666,0.12948,0.035023,-0.11816,-0.10588,0.038595,-0.12598,-0.2142,-0.05039,-0.1023
0.80882,0.65915,0.82353,0.49576,0.81609,0.59525,0.68928,0.45124,0.703,0.41535,0.61701,0.58262,0.38953,0.85471,0.085666,0.50859,0.90754,0.74144,0.80142,0.73816,0.7931,0.60892,0.7373,0.50967,0.53234,0.81944,0.49181,0.62357,0.78891,0.60874,0.82044,0.72204,0.87835,0.5955,0.44788,-0.12601,1,0.73709,0.52021,0.83866,0.65423,0.65697,0.73077,0.47045,0.729,0.66929,0.63744,0.68256,0.66624,0.45549,0.78009,0.57389,0.62445,0.64562,0.66673,0.71238,0.48315,0.45287,0.70234,0.3583,0.38893,0.76878,0.78618,0.4957,0.57596,0.87005,0.76051,0.83741,0.61195,0.72993,0.67148,0.75528,0.7063,0.64218,0.58465,0.61202,0.55905,0.78731,0.55225,0.65314,0.55195,0.83227,0.71355,0.89087,0.88299
0.79561,0.92857,0.84884,0.83181,0.86662,0.90251,0.80905,0.74653,0.8871,0.74115,0.885,0.8567,0.75689,0.77901,0.30725,0.70256,0.8379,0.80645,0.75552,0.72553,0.76026,0.34454,0.90237,0.79061,0.73148,0.75069,0.68968,0.89535,0.74444,0.84313,0.92628,0.89293,0.85473,0.82053,0.72425,-0.037549,0.73709,1,0.8186,0.92888,0.91088,0.93363,0.88874,0.81559,0.83245,0.78899,0.57036,0.82965,0.89801,0.7348,0.89029,0.8005,0.44903,0.76879,0.69034,0.80763,0.28827,0.7655,0.83971,0.15346,0.72295,0.76504,0.76384,0.80259,0.79368,0.78608,0.65334,0.87214,0.91018,0.85998,0.5209,0.4002,0.83479,0.84019,0.70605,0.83359,0.83022,0.83231,0.82359,0.59745,0.88366,0.81061,0.78708,0.87129,0.87328
0.46561,0.75548,0.58846,0.98536,0.67579,0.9007,0.68789,0.81986,0.84665,0.88188,0.88705,0.74389,0.97363,0.5518,0.51883,0.52407,0.59828,0.53064,0.67931,0.54633,0.63625,-0.01913,0.70316,0.68936,0.75762,0.50042,0.72447,0.81963,0.47799,0.72853,0.72514,0.76699,0.68092,0.67127,0.80393,0.068794,0.52021,0.8186,1,0.77272,0.78067,0.80797,0.75844,0.88607,0.81016,0.79522,0.51935,0.52074,0.89278,0.53041,0.87767,0.83693,0.059946,0.53958,0.37365,0.75312,-0.10204,0.98139,0.84063,-0.042886,0.86645,0.56401,0.45023,0.79954,0.65219,0.49643,0.50304,0.66475,0.72717,0.79487,0.23297,-0.0053657,0.60949,0.73108,0.68396,0.8652,0.92378,0.73827,0.71776,0.36337,0.97439,0.60972,0.55609,0.72475,0.69233
0.87319,0.88178,0.87526,0.75765,0.93919,0.83941,0.81358,0.68327,0.87714,0.66056,0.85574,0.82857,0.68133,0.80436,0.30207,0.65991,0.91217,0.86007,0.88617,0.68955,0.76105,0.4618,0.90006,0.7245,0.72431,0.78953,0.71999,0.85124,0.7912,0.78021,0.91015,0.87171,0.87583,0.79156,0.63238,-0.11865,0.83866,0.92888,0.77272,1,0.85899,0.89189,0.88901,0.74684,0.89092,0.80011,0.58289,0.8526,0.82836,0.59707,0.89662,0.78406,0.56489,0.81373,0.76377,0.80947,0.45554,0.70326,0.76328,0.12085,0.61776,0.78667,0.79495,0.77182,0.79141,0.85933,0.72529,0.92774,0.84129,0.81492,0.65158,0.54426,0.77779,0.82028,0.70224,0.79331,0.7815,0.87441,0.84528,0.65921,0.82083,0.92156,0.76074,0.92944,0.95193
0.76717,0.87584,0.75248,0.80478,0.79165,0.87377,0.84101,0.8902,0.78884,0.79795,0.86852,0.93866,0.74265,0.72758,0.39807,0.65065,0.79324,0.84804,0.69439,0.7125,0.76649,0.30676,0.90465,0.71454,0.89982,0.65247,0.7986,0.96872,0.69182,0.70024,0.81938,0.86063,0.80483,0.70741,0.80259,0.118,0.65423,0.91088,0.78067,0.85899,1,0.86393,0.77038,0.88858,0.83599,0.8079,0.58965,0.73197,0.88493,0.65066,0.91174,0.84871,0.22356,0.71047,0.62235,0.89682,0.22266,0.72613,0.83425,0.094416,0.75503,0.72571,0.6383,0.8351,0.78291,0.76301,0.69382,0.8203,0.89068,0.90834,0.53279,0.39203,0.8664,0.74184,0.81802,0.85977,0.88446,0.82083,0.87248,0.63273,0.81908,0.74002,0.70712,0.84347,0.82157
0.758,0.96246,0.74089,0.81504,0.83337,0.94699,0.7275,0.75992,0.89742,0.75005,0.9262,0.87461,0.73275,0.77587,0.31536,0.63372,0.74316,0.7505,0.73676,0.68999,0.7135,0.35174,0.82737,0.82685,0.75731,0.72288,0.70741,0.89045,0.58163,0.85661,0.87066,0.82731,0.78177,0.74472,0.67971,-0.12725,0.65697,0.93363,0.80797,0.89189,0.86393,1,0.86645,0.81276,0.86677,0.81572,0.49874,0.72911,0.87578,0.78573,0.86009,0.82727,0.39103,0.74054,0.64448,0.774,0.25095,0.72484,0.80406,0.013399,0.7878,0.67046,0.64945,0.80433,0.76934,0.75544,0.61515,0.83664,0.94403,0.80105,0.49077,0.33759,0.73855,0.84824,0.73901,0.84817,0.85174,0.76762,0.80477,0.56469,0.86163,0.80949,0.74255,0.80855,0.83431
0.76748,0.81607,0.83414,0.76685,0.86749,0.83264,0.7581,0.61963,0.93935,0.67747,0.84126,0.79685,0.68483,0.70929,0.26616,0.66882,0.83901,0.73641,0.79934,0.72253,0.65239,0.33033,0.79055,0.71955,0.63581,0.77311,0.67764,0.81096,0.58804,0.8359,0.86366,0.79818,0.87494,0.78001,0.58675,-0.2399,0.73077,0.88874,0.75844,0.88901,0.77038,0.86645,1,0.75056,0.82621,0.79787,0.52498,0.66649,0.80053,0.54428,0.81718,0.69154,0.62177,0.76046,0.70855,0.64693,0.28996,0.70527,0.70516,0.048984,0.59339,0.71162,0.71848,0.65199,0.64357,0.82493,0.55026,0.84497,0.78896,0.72497,0.43961,0.36356,0.62573,0.87604,0.58612,0.67371,0.69955,0.81679,0.7985,0.53151,0.80935,0.79658,0.75204,0.84073,0.89355
0.54071,0.7772,0.64284,0.89001,0.71416,0.8746,0.7706,0.85291,0.78374,0.84547,0.88752,0.89988,0.87208,0.56252,0.56871,0.5902,0.61905,0.66169,0.63742,0.62295,0.62293,0.061632,0.7924,0.69043,0.87486,0.53669,0.80101,0.90843,0.43332,0.71815,0.69238,0.75688,0.6884,0.68937,0.78508,0.16881,0.47045,0.81559,0.88607,0.74684,0.88858,0.81276,0.75056,1,0.79257,0.82225,0.52827,0.50979,0.88276,0.55755,0.87481,0.79986,0.062832,0.65763,0.5046,0.78945,-0.062411,0.84854,0.81106,-0.088857,0.8271,0.60063,0.48482,0.76032,0.62303,0.56238,0.57839,0.6979,0.79261,0.82005,0.37982,0.10155,0.69302,0.74658,0.79763,0.82749,0.8983,0.74977,0.794,0.47811,0.87927,0.60484,0.58582,0.70411,0.69388
0.77827,0.82274,0.74101,0.79582,0.82173,0.82823,0.79878,0.80977,0.8461,0.75436,0.89217,0.82313,0.73805,0.81435,0.28381,0.64291,0.8031,0.72522,0.80134,0.66874,0.67056,0.32566,0.79261,0.69979,0.85901,0.75819,0.74492,0.8434,0.62126,0.6865,0.82767,0.81367,0.78564,0.75986,0.6952,-0.013426,0.729,0.83245,0.81016,0.89092,0.83599,0.86677,0.82621,0.79257,1,0.88929,0.67599,0.67629,0.82686,0.61284,0.88116,0.86605,0.36943,0.63994,0.5467,0.86487,0.27266,0.76166,0.80056,0.14368,0.69832,0.76007,0.72266,0.72453,0.6711,0.76824,0.61725,0.7954,0.79641,0.80837,0.54789,0.43055,0.71545,0.72959,0.79545,0.85223,0.81603,0.86538,0.79357,0.66039,0.81589,0.84175,0.64815,0.85568,0.90549
0.72476,0.78662,0.72602,0.76476,0.7645,0.85006,0.82724,0.795,0.84181,0.79961,0.85239,0.8093,0.72164,0.71867,0.31672,0.78561,0.76766,0.73396,0.67992,0.72729,0.73069,0.26948,0.78284,0.6737,0.8167,0.75034,0.83487,0.85057,0.44964,0.71298,0.7743,0.73598,0.77308,0.78217,0.79859,-0.052595,0.66929,0.78899,0.79522,0.80011,0.8079,0.81572,0.79787,0.82225,0.88929,1,0.60443,0.53944,0.84016,0.49713,0.86983,0.87181,0.24649,0.67972,0.56109,0.78293,0.0032798,0.7374,0.7995,-0.058451,0.71636,0.63414,0.69671,0.64836,0.54201,0.69216,0.55071,0.68559,0.78384,0.77957,0.5094,0.34334,0.65279,0.73282,0.85396,0.86514,0.80532,0.80814,0.80452,0.67523,0.7793,0.71163,0.65389,0.74415,0.83915
0.558,0.51324,0.49725,0.48139,0.5422,0.53046,0.63823,0.56997,0.4725,0.49799,0.6211,0.51588,0.46134,0.72223,0.10141,0.4058,0.64775,0.53595,0.46999,0.6068,0.47482,0.23557,0.57118,0.44604,0.66706,0.62561,0.4733,0.51358,0.51658,0.47725,0.59071,0.66401,0.64598,0.47472,0.46641,0.10747,0.63744,0.57036,0.51935,0.58289,0.58965,0.49874,0.52498,0.52827,0.67599,0.60443,1,0.45135,0.59729,0.42906,0.67104,0.56014,0.17143,0.36782,0.33761,0.69962,0.15108,0.53288,0.62146,0.22698,0.51312,0.77593,0.57403,0.4363,0.40367,0.48565,0.53116,0.58538,0.53783,0.74804,0.50084,0.42318,0.72738,0.48573,0.6636,0.59119,0.56172,0.68292,0.45533,0.57654,0.49299,0.54355,0.54812,0.67479,0.64221
0.8131,0.79649,0.79149,0.52992,0.79857,0.62844,0.69219,0.52996,0.66899,0.37903,0.60408,0.6212,0.45045,0.69651,0.10097,0.59833,0.79563,0.75613,0.67975,0.58252,0.63299,0.54559,0.78031,0.60006,0.51202,0.70864,0.4679,0.65787,0.853,0.65532,0.76344,0.79806,0.67906,0.75921,0.43001,-0.13719,0.68256,0.82965,0.52074,0.8526,0.73197,0.72911,0.66649,0.50979,0.67629,0.53944,0.45135,1,0.62323,0.57107,0.65881,0.60562,0.57091,0.72763,0.72488,0.68196,0.56605,0.46381,0.61419,0.19598,0.43828,0.69071,0.80926,0.61464,0.70765,0.67355,0.59082,0.76217,0.75882,0.69041,0.61302,0.61212,0.76536,0.6194,0.54031,0.64652,0.54475,0.68416,0.69575,0.68153,0.63558,0.77627,0.62201,0.7609,0.76746
0.67157,0.8315,0.74483,0.88314,0.77891,0.91846,0.77626,0.82648,0.84548,0.7814,0.85448,0.83128,0.84646,0.739,0.51759,0.66971,0.7619,0.74435,0.68147,0.68693,0.81151,0.27164,0.86358,0.79187,0.77005,0.71497,0.74197,0.87535,0.63706,0.73714,0.83571,0.83821,0.84192,0.6842,0.75896,-0.00088668,0.66624,0.89801,0.89278,0.82836,0.88493,0.87578,0.80053,0.88276,0.82686,0.84016,0.59729,0.62323,1,0.59232,0.95447,0.84435,0.20417,0.65785,0.53258,0.87749,0.06402,0.8412,0.94165,0.028878,0.81681,0.7237,0.62313,0.85356,0.776,0.66789,0.66247,0.81051,0.86511,0.8963,0.46143,0.27793,0.74856,0.72652,0.76257,0.90802,0.92035,0.77377,0.81508,0.49466,0.89111,0.68205,0.79884,0.83055,0.78234
0.49247,0.78525,0.49156,0.55955,0.55745,0.68045,0.51,0.54959,0.53264,0.56607,0.72101,0.63231,0.46271,0.66352,0.053422,0.41912,0.42111,0.4676,0.45811,0.51211,0.40805,0.25414,0.55023,0.63874,0.59322,0.51559,0.39575,0.6497,0.41383,0.61364,0.69755,0.55291,0.50742,0.5513,0.53317,0.23597,0.45549,0.7348,0.53041,0.59707,0.65066,0.78573,0.54428,0.55755,0.61284,0.49713,0.42906,0.57107,0.59232,1,0.53528,0.51745,0.20328,0.42955,0.3651,0.61175,0.24066,0.47478,0.59654,0.26278,0.69031,0.48238,0.46662,0.57627,0.57841,0.56313,0.48734,0.60485,0.77238,0.6362,0.41413,0.2916,0.72643,0.55932,0.54899,0.66034,0.62146,0.58447,0.43387,0.38955,0.62009,0.56273,0.4581,0.56862,0.56903
0.74769,0.83183,0.77864,0.86301,0.83049,0.90353,0.82,0.8404,0.86961,0.78689,0.87591,0.85861,0.80661,0.77598,0.46527,0.60579,0.84748,0.81039,0.77044,0.74174,0.84107,0.31148,0.89161,0.72829,0.83923,0.72963,0.78024,0.89766,0.69234,0.74529,0.84362,0.87364,0.88616,0.67089,0.77367,-0.013577,0.78009,0.89029,0.87767,0.89662,0.91174,0.86009,0.81718,0.87481,0.88116,0.86983,0.67104,0.65881,0.95447,0.53528,1,0.88923,0.26652,0.6931,0.5896,0.90468,0.14412,0.82034,0.9165,0.049253,0.76772,0.77293,0.65966,0.81789,0.74986,0.75296,0.73262,0.8594,0.83061,0.92086,0.52789,0.38222,0.77751,0.78028,0.81531,0.88706,0.91331,0.83479,0.81935,0.60317,0.86292,0.78703,0.77553,0.90864,0.85555
0.67739,0.81635,0.61543,0.83481,0.68171,0.87972,0.75468,0.90596,0.82951,0.83239,0.8356,0.78536,0.77961,0.65585,0.34675,0.59781,0.70006,0.69927,0.59756,0.62855,0.7141,0.13357,0.78511,0.64989,0.84006,0.60766,0.78229,0.84426,0.5308,0.69469,0.7075,0.78093,0.69076,0.63977,0.84866,-0.075792,0.57389,0.8005,0.83693,0.78406,0.84871,0.82727,0.69154,0.79986,0.86605,0.87181,0.56014,0.60562,0.84435,0.51745,0.88923,1,0.10409,0.56194,0.42435,0.82133,0.0073199,0.78468,0.82094,-0.040254,0.76241,0.61945,0.57651,0.76246,0.64407,0.59086,0.50754,0.6439,0.79357,0.7973,0.36747,0.2181,0.64337,0.71918,0.80557,0.87512,0.85995,0.69969,0.79135,0.58804,0.81066,0.69596,0.60242,0.74532,0.73251
0.67373,0.35574,0.67815,0.063947,0.62553,0.19373,0.32454,-0.087314,0.46462,-0.085181,0.22601,0.28356,-0.038018,0.50065,-0.1529,0.38659,0.6517,0.49357,0.56232,0.387,0.31947,0.59514,0.43355,0.33967,0.0052542,0.64238,0.089815,0.22022,0.52081,0.42557,0.53561,0.39548,0.54233,0.47659,-0.11049,-0.45011,0.62445,0.44903,0.059946,0.56489,0.22356,0.39103,0.62177,0.062832,0.36943,0.24649,0.17143,0.57091,0.20417,0.20328,0.26652,0.10409,1,0.57375,0.68334,0.15405,0.71947,0.0015168,0.14528,0.26568,-0.16132,0.5149,0.7011,0.11725,0.32415,0.68178,0.31661,0.58186,0.32006,0.16794,0.49247,0.65709,0.24287,0.46084,0.044899,0.051116,-0.010412,0.3987,0.33907,0.40121,0.15535,0.61907,0.50241,0.51401,0.60196
0.75296,0.71671,0.78242,0.53148,0.8686,0.70052,0.69034,0.45565,0.72757,0.41984,0.67926,0.75154,0.48687,0.58379,0.4136,0.73028,0.80961,0.76651,0.67926,0.69096,0.63815,0.35223,0.7775,0.68398,0.49418,0.73248,0.62322,0.73053,0.58204,0.74788,0.73192,0.75434,0.65928,0.71395,0.45916,-0.098846,0.64562,0.76879,0.53958,0.81373,0.71047,0.74054,0.76046,0.65763,0.63994,0.67972,0.36782,0.72763,0.65785,0.42955,0.6931,0.56194,0.57375,1,0.97237,0.54397,0.42594,0.47786,0.58757,0.019283,0.42621,0.58845,0.73026,0.55012,0.58457,0.71763,0.61067,0.77334,0.76759,0.58349,0.64729,0.50714,0.6032,0.70667,0.61551,0.58201,0.54785,0.63813,0.76434,0.54428,0.60884,0.73514,0.61549,0.69665,0.77825
0.77017,0.63577,0.76184,0.36855,0.83102,0.57225,0.62323,0.31735,0.63785,0.25684,0.55945,0.6661,0.31276,0.56105,0.3104,0.66013,0.81031,0.75502,0.6401,0.67213,0.59096,0.45452,0.71001,0.60919,0.38079,0.72256,0.51161,0.63257,0.59872,0.67011,0.69542,0.69987,0.63612,0.63928,0.30966,-0.14806,0.66673,0.69034,0.37365,0.76377,0.62235,0.64448,0.70855,0.5046,0.5467,0.56109,0.33761,0.72488,0.53258,0.3651,0.5896,0.42435,0.68334,0.97237,1,0.45526,0.55318,0.31049,0.46951,0.069168,0.26523,0.57925,0.72832,0.43862,0.52995,0.73895,0.60202,0.75998,0.68978,0.50279,0.6722,0.61533,0.56309,0.64087,0.5095,0.45111,0.4011,0.5884,0.68376,0.53969,0.46319,0.71702,0.59362,0.67009,0.74615
0.72075,0.77756,0.73501,0.75125,0.7544,0.77926,0.77674,0.84309,0.68955,0.69332,0.78471,0.79094,0.69698,0.81855,0.39683,0.58899,0.76071,0.77421,0.71155,0.64273,0.7391,0.41921,0.81981,0.64799,0.87055,0.70597,0.67554,0.83574,0.73939,0.51884,0.79247,0.80853,0.79409,0.63068,0.71074,0.18803,0.71238,0.80763,0.75312,0.80947,0.89682,0.774,0.64693,0.78945,0.86487,0.78293,0.69962,0.68196,0.87749,0.61175,0.90468,0.82133,0.15405,0.54397,0.45526,1,0.20788,0.69787,0.86639,0.18141,0.74977,0.73584,0.64689,0.81246,0.76909,0.7112,0.6931,0.80939,0.79773,0.92582,0.58543,0.49304,0.83393,0.55922,0.79219,0.90382,0.87011,0.79398,0.7397,0.62022,0.75544,0.74411,0.70329,0.86528,0.78169
0.58599,0.25804,0.45679,-0.096463,0.51743,0.027384,0.24915,-0.055671,0.13051,-0.17216,0.094049,0.22868,-0.17896,0.46603,-0.1257,0.21453,0.50264,0.4396,0.4822,0.10621,0.25188,0.57816,0.39172,0.18386,0.04502,0.44549,0.093883,0.15396,0.57024,0.14622,0.34088,0.2658,0.33463,0.24922,-0.17188,-0.1917,0.48315,0.28827,-0.10204,0.45554,0.22266,0.25095,0.28996,-0.062411,0.27266,0.0032798,0.15108,0.56605,0.06402,0.24066,0.14412,0.0073199,0.71947,0.42594,0.55318,0.20788,1,-0.16582,0.02132,0.46308,-0.18334,0.47706,0.47833,0.23729,0.47809,0.56927,0.44236,0.47904,0.26891,0.14509,0.65397,0.75004,0.32093,0.17867,-0.0096386,-0.0027821,-0.037233,0.30976,0.29589,0.26488,-0.005169,0.48254,0.25209,0.43437,0.47258
0.37198,0.66478,0.5062,0.9695,0.58392,0.84326,0.63281,0.78748,0.78377,0.87079,0.8454,0.67398,0.98038,0.46953,0.49622,0.48385,0.53545,0.44526,0.60204,0.51181,0.54579,-0.14606,0.62915,0.64853,0.71429,0.42123,0.66074,0.75571,0.4486,0.66534,0.66969,0.73474,0.60511,0.62125,0.79295,0.15758,0.45287,0.7655,0.98139,0.70326,0.72613,0.72484,0.70527,0.84854,0.76166,0.7374,0.53288,0.46381,0.8412,0.47478,0.82034,0.78468,0.0015168,0.47786,0.31049,0.69787,-0.16582,1,0.80535,-0.01164,0.82178,0.52195,0.40965,0.73646,0.57368,0.41195,0.42171,0.58947,0.64233,0.74147,0.14005,-0.10122,0.58024,0.65468,0.64898,0.811,0.87624,0.69053,0.6595,0.31257,0.94822,0.53585,0.49829,0.65495,0.63518
0.59959,0.78182,0.66869,0.83583,0.6978,0.85642,0.76357,0.83077,0.79653,0.72806,0.77936,0.72598,0.77691,0.73441,0.38049,0.57893,0.73265,0.64846,0.60303,0.78129,0.82282,0.24809,0.78487,0.71742,0.74545,0.7153,0.65991,0.80382,0.64157,0.72268,0.76537,0.80235,0.79615,0.62105,0.76109,0.069151,0.70234,0.83971,0.84063,0.76328,0.83425,0.80406,0.70516,0.81106,0.80056,0.7995,0.62146,0.61419,0.94165,0.59654,0.9165,0.82094,0.14528,0.58757,0.46951,0.86639,0.02132,0.80535,1,0.12544,0.8038,0.69166,0.62652,0.70717,0.62584,0.61005,0.69505,0.72251,0.79695,0.9018,0.42914,0.31149,0.77724,0.64836,0.81394,0.89332,0.85359,0.74724,0.68659,0.57183,0.84358,0.62209,0.6854,0.79871,0.75004
