1,0.15646,0.14511,-0.0059573,0.52493,0.020059,0.52341,0.31342,0.054018,0.59632,0.14227,0.35942,0.04737,0.62431,0.32334,0.44418,0.44441,0.48289,0.40873,0.53132,0.54773,0.60575,0.82442,0.17926,0.28776,0.46532,0.59994,0.26787,0.033637,0.42689,0.10223,0.38049,0.063441,0.23734,0.52481,0.5694,0.60772,0.14979,0.095395,0.33334,0.29085,-0.11162,0.1236,0.1133,0.24458,0.71799,0.61391,0.044336,0.26332,0.15816,0.42423,0.48242,0.43201,0.21561,0.31637,0.56937,0.49511,0.081287,0.41311,-0.55301,0.3,0.63362,0.69634,0.36095,0.11264,0.51204,0.59147,0.52168,0.36341,0.24502,0.75398,0.59909,0.45142,0.18348,0.59044,0.23502,0.11381,0.59943,0.70264,0.75124,0.15085,0.46365,0.29971,0.1374,0.41617
0.15646,1,0.5797,0.25593,0.39651,0.61787,0.17593,0.53451,0.22924,0.29807,0.448,-0.30402,0.43508,0.60862,0.48828,0.26405,0.48475,0.23764,0.53683,0.46727,0.46248,0.25646,0.34113,0.47559,0.34413,0.23497,0.22279,-0.082728,0.014918,0.46707,0.43997,0.38233,0.36231,0.30822,0.5116,0.3887,0.11539,0.3409,0.51097,0.18128,0.025042,0.43596,0.53988,0.10737,0.39232,0.56586,0.1344,0.20882,0.68365,0.55925,0.17869,0.29334,0.42665,0.47777,0.45911,0.39596,0.11916,0.42781,0.6573,-0.090174,0.59034,0.31963,0.23548,0.40065,0.04163,0.35967,0.29358,0.16036,0.60448,0.38789,0.12156,0.24972,0.034381,0.41207,0.3495,-0.059399,0.35787,0.45173,0.50061,0.28231,0.46611,0.53306,0.33466,0.45045,0.42191
0.14511,0.5797,1,0.28619,0.19631,0.5023,-0.0052434,0.075227,0.22835,0.24682,0.26786,0.0044175,0.47085,0.11506,0.51653,0.48629,0.5662,-0.045371,0.2854,0.077847,0.15222,0.22733,0.10986,0.38545,0.33784,0.16907,-0.020993,0.37032,0.25787,0.53778,0.36845,0.70135,0.63835,0.51859,0.38234,0.42889,-0.031171,0.49121,0.52545,0.30795,0.30467,0.42285,0.53416,0.36746,0.48198,0.276,-0.12782,0.38205,0.66315,0.49856,0.30555,0.11382,0.52499,0.41673,0.26332,0.3611,0.056294,0.36416,0.30601,0.082624,0.46557,0.34034,0.34691,0.35248,-0.1798,0.21095,0.17056,0.27704,0.3317,0.22707,0.20259,-0.027471,-0.24866,0.51069,0.098209,0.23392,0.30361,0.33666,0.2546,0.21757,0.57021,0.22724,0.40895,0.265,0.38064
-0.0059573,0.25593,0.28619,1,0.64771,0.51374,-0.19165,0.30858,0.35123,0.058791,0.74273,0.10922,0.91014,0.20163,0.57247,0.27904,0.49066,0.086784,0.39856,0.38679,0.15318,0.18454,0.039779,0.69537,0.18132,0.50003,0.15541,0.25434,0.35517,0.38873,0.70286,0.51561,0.57157,0.69012,0.097406,0.35188,-0.062761,0.68311,0.88059,0.26906,0.31479,0.52749,0.51454,0.47941,0.50099,-0.055436,0.098693,0.37992,0.34421,0.59916,0.22488,-0.18242,0.53669,0.71137,0.66713,0.15425,0.11194,0.75251,0.34265,0.43122,0.12124,0.24903,-0.11785,0.56,0.23965,0.35029,0.0074909,0.42612,0.37905,0.24323,-0.016845,0.039016,0.040376,0.83706,0.21798,0.44998,0.59929,0.066205,0.2187,0.061596,0.83191,0.2829,0.47767,0.55375,0.5186
0.52493,0.39651,0.19631,0.64771,1,0.52545,0.29403,0.64995,0.38662,0.25191,0.6243,0.23011,0.65709,0.62339,0.55574,0.46843,0.73211,0.2421,0.49754,0.61155,0.45619,0.51892,0.63649,0.66016,0.40904,0.66421,0.54006,0.17498,0.29098,0.52334,0.69322,0.53897,0.41717,0.61304,0.3398,0.57074,0.40945,0.66845,0.62933,0.45214,0.30122,0.37039,0.31273,0.40582,0.51848,0.42592,0.4467,0.36221,0.47499,0.60094,0.41962,0.37836,0.61475,0.66871,0.67426,0.60949,0.53179,0.61896,0.71678,-0.063988,0.3514,0.5825,0.2887,0.49553,0.38952,0.56869,0.39806,0.64537,0.56444,0.37952,0.42837,0.48246,0.21869,0.61513,0.53786,0.37431,0.24119,0.58386,0.7437,0.46954,0.63208,0.60653,0.66165,0.48894,0.54841
0.020059,0.61787,0.5023,0.51374,0.52545,1,0.03441,0.54511,0.52881,-0.011138,0.64853,-0.021831,0.66141,0.38617,0.54017,0.42021,0.76061,0.023018,0.47105,0.41244,0.31813,0.19553,0.25833,0.65545,0.50852,0.40746,-0.067022,0.2117,0.5271,0.49799,0.67598,0.52921,0.68143,0.68594,0.30371,0.57365,-0.15533,0.72273,0.6874,0.42418,0.46061,0.8255,0.55325,0.40482,0.54251,0.085087,-0.056504,0.53178,0.68869,0.79638,0.43031,0.06212,0.70689,0.39647,0.32265,0.43482,0.34862,0.57283,0.6138,0.070625,0.53496,0.53207,0.095112,0.38322,0.13517,0.26884,0.085833,0.41887,0.63712,0.45118,0.0088727,-0.0068128,-0.14884,0.45619,0.2,0.47705,0.37903,0.17565,0.2449,0.13675,0.68386,0.24637,0.73481,0.3835,0.47107
0.52341,0.17593,-0.0052434,-0.19165,0.29403,0.03441,1,0.42871,-0.061626,0.69568,0.11254,-0.067721,-0.1432,0.53291,0.28046,0.28416,0.1776,0.40091,0.22508,0.41709,0.60872,0.49142,0.63335,0.047057,0.29316,0.30696,0.56682,-0.31483,-0.082543,0.19081,0.10674,0.16227,-0.07798,-0.050578,0.62343,0.10944,0.4595,-0.014883,-0.18594,0.25113,0.053145,-0.18337,-0.050992,-0.11142,0.2592,0.62601,0.49373,-0.092464,-0.079439,0.17462,0.09599,0.32697,-0.03025,0.1549,0.15501,0.56487,0.47078,-0.15295,0.36353,-0.48792,0.26529,0.37921,0.44303,0.081371,0.12654,0.23969,0.69767,0.35594,0.3415,0.20389,0.42592,0.45175,0.23409,-0.17413,0.38693,0.083584,0.091059,0.53204,0.44875,0.45098,-0.16205,0.3848,0.1679,-0.079309,0.12062
0.31342,0.53451,0.075227,0.30858,0.64995,0.54511,0.42871,1,0.19346,0.26289,0.68655,0.028703,0.32344,0.72278,0.42875,0.39733,0.52559,0.4599,0.48866,0.75594,0.63195,0.6686,0.50738,0.33613,0.54657,0.45452,0.28765,0.082587,0.15284,0.19496,0.44027,0.22256,0.30096,0.36275,0.54592,0.49358,0.45225,0.49257,0.30509,0.3561,0.20443,0.25755,0.14748,-0.0039955,0.4047,0.43363,0.38569,0.28685,0.29114,0.55472,0.25659,0.29839,0.27897,0.42197,0.46618,0.63665,0.40315,0.29552,0.79914,-0.15083,0.26754,0.48422,0.1689,0.45554,0.40904,0.48813,0.39959,0.40867,0.62982,0.48376,0.34467,0.58758,0.32254,0.35972,0.66409,0.052737,0.29925,0.40175,0.56449,0.49538,0.2834,0.4602,0.42947,0.35161,0.44185
0.054018,0.22924,0.22835,0.35123,0.38662,0.52881,-0.061626,0.19346,1,-0.19726,0.19526,0.42374,0.3793,0.08389,0.28895,0.39776,0.4361,-0.01957,0.20196,0.020536,0.096193,-0.15127,0.25167,0.42037,0.45934,0.13801,0.045315,0.073442,0.40343,0.604,0.46716,0.36362,0.46281,0.47113,-0.093981,0.51293,-0.11581,0.57254,0.42635,0.19391,0.41663,0.64222,0.68885,0.57053,0.33862,-0.023133,0.016153,0.25435,0.51858,0.41872,0.14964,-0.20201,0.69198,0.32772,0.22903,0.016947,0.54858,0.55492,0.32461,0.10349,0.29261,0.18287,-0.1177,0.18804,0.24621,0.11421,-0.0069192,0.11189,0.27566,0.14036,-0.022716,-0.10419,-0.26254,0.24299,-0.034514,0.30215,0.027756,-0.021723,0.25449,-0.08635,0.58166,0.17048,0.53685,0.22814,0.2271
0.59632,0.29807,0.24682,0.058791,0.25191,-0.011138,0.69568,0.26289,-0.19726,1,0.18223,-0.016939,0.029669,0.62226,0.36214,0.27212,0.18105,0.56578,0.36685,0.4885,0.54799,0.47745,0.5991,0.081549,0.052123,0.53654,0.43823,-0.1741,-0.11216,0.2705,0.2107,0.40769,0.074775,0.123,0.83652,0.11603,0.32368,0.03942,0.06199,0.33034,0.093588,-0.18067,0.14858,0.020858,0.30658,0.72458,0.46326,-0.00047639,0.01369,0.27652,0.26467,0.12469,0.076429,0.26417,0.30004,0.53785,0.14612,0.056409,0.31234,-0.45084,0.28203,0.432,0.65331,0.31062,-0.1029,0.39595,0.49441,0.47453,0.35622,0.21159,0.40398,0.44924,0.32702,0.14108,0.50074,0.13147,0.38147,0.37265,0.43667,0.49137,0.033177,0.50678,0.081591,0.21563,0.31217
0.14227,0.448,0.26786,0.74273,0.6243,0.64853,0.11254,0.68655,0.19526,0.18223,1,0.070516,0.72325,0.54398,0.62809,0.3523,0.54967,0.3187,0.61922,0.76175,0.49387,0.56666,0.21488,0.5813,0.32658,0.49999,0.10564,0.22429,0.44768,0.35801,0.61416,0.47754,0.59862,0.63736,0.31005,0.50848,0.014721,0.6005,0.70693,0.29284,0.3756,0.42005,0.40917,0.24859,0.60499,0.13047,0.37073,0.47252,0.36065,0.62878,0.24105,0.089087,0.43337,0.64707,0.66336,0.33281,0.33089,0.50195,0.59042,0.21281,0.23102,0.5136,0.060214,0.67757,0.25126,0.42984,0.26792,0.48605,0.55285,0.41584,0.21892,0.1572,0.27709,0.7547,0.57842,0.4356,0.73336,0.32574,0.29753,0.45123,0.64552,0.38384,0.4158,0.42861,0.62231
0.35942,-0.30402,0.0044175,0.10922,0.23011,-0.021831,-0.067721,0.028703,0.42374,-0.016939,0.070516,1,-0.010752,0.077459,-0.13007,0.52943,0.30626,0.31268,-0.025816,0.12559,-0.012165,0.27555,0.30386,-0.020704,0.28693,0.4013,-0.10571,0.52653,0.45486,0.46137,0.19105,0.37,0.49158,0.37039,-0.021746,0.38815,0.11316,0.31088,0.091614,0.41101,0.59254,0.10518,0.10557,0.52121,0.32682,0.02038,0.30504,0.44714,0.17111,0.036418,0.39839,0.01569,0.41058,-0.064269,-0.049659,0.054178,0.39982,0.050135,0.23624,-0.1928,0.054385,0.38804,0.32514,0.24372,0.059487,0.11337,0.08937,0.38342,0.076341,0.15969,0.57926,0.17481,0.15988,0.27845,0.30614,0.37057,-0.13092,0.11899,0.1002,0.29379,0.1704,0.27637,0.32108,0.17278,0.33119
0.04737,0.43508,0.47085,0.91014,0.65709,0.66141,-0.1432,0.32344,0.3793,0.029669,0.72325,-0.010752,1,0.2524,0.63009,0.26784,0.59514,0.011902,0.48177,0.3604,0.2637,0.23866,0.092348,0.86662,0.34422,0.45096,0.21794,0.29611,0.33846,0.45306,0.75692,0.62601,0.6051,0.75483,0.18278,0.47151,-0.0061084,0.74407,0.94362,0.27716,0.35009,0.68532,0.57373,0.51912,0.51866,0.088019,0.014338,0.36952,0.54983,0.73408,0.36097,0.023145,0.6613,0.75779,0.68186,0.26962,0.25972,0.81148,0.43758,0.36811,0.35274,0.3327,0.010717,0.61817,0.25072,0.37316,0.069348,0.48951,0.54501,0.34679,-0.034205,0.03176,0.016767,0.82069,0.17507,0.47371,0.55403,0.21395,0.27053,0.13096,0.90227,0.23312,0.53297,0.56472,0.54718
0.62431,0.60862,0.11506,0.20163,0.62339,0.38617,0.53291,0.72278,0.08389,0.62226,0.54398,0.077459,0.2524,1,0.36887,0.31374,0.48706,0.60551,0.59924,0.83966,0.83271,0.63489,0.77879,0.42215,0.3566,0.66059,0.47083,-0.041076,0.17808,0.35838,0.48334,0.44032,0.26135,0.36136,0.68903,0.43753,0.33915,0.32514,0.29222,0.49188,0.16442,0.13947,0.24142,0.077118,0.5022,0.72655,0.66298,0.31033,0.39528,0.47597,0.48038,0.51687,0.36183,0.36444,0.48193,0.59974,0.44586,0.2422,0.80129,-0.45581,0.45608,0.63751,0.5036,0.59734,0.23923,0.61286,0.48846,0.59649,0.63846,0.36184,0.46259,0.52811,0.45378,0.33993,0.72917,0.22462,0.31599,0.62042,0.71501,0.64127,0.25672,0.73331,0.26781,0.53464,0.63262
0.32334,0.48828,0.51653,0.57247,0.55574,0.54017,0.28046,0.42875,0.28895,0.36214,0.62809,-0.13007,0.63009,0.36887,1,0.32219,0.57359,0.18157,0.56799,0.38205,0.35639,0.34833,0.27726,0.49918,0.26815,0.33687,0.25224,0.073972,0.03577,0.41248,0.35235,0.49678,0.32024,0.43186,0.4096,0.5514,0.16309,0.56796,0.52027,0.094183,0.049087,0.27141,0.57888,0.1203,0.3132,0.26454,0.24499,0.012035,0.38396,0.47411,0.092539,-0.038942,0.46371,0.79452,0.77583,0.50701,0.24559,0.46867,0.38929,-0.1006,0.32871,0.23823,0.066328,0.47055,0.12691,0.37282,0.43369,0.33571,0.42106,0.31038,0.15648,0.078494,0.057733,0.56198,0.34458,0.33657,0.73296,0.31413,0.45203,0.34634,0.5545,0.22577,0.41168,0.24055,0.41949
0.44418,0.26405,0.48629,0.27904,0.46843,0.42021,0.28416,0.39733,0.39776,0.27212,0.3523,0.52943,0.26784,0.31374,0.32219,1,0.62114,0.46512,0.27724,0.3759,0.25889,0.53374,0.37996,0.29592,0.65697,0.4285,0.28517,0.58479,0.46445,0.59637,0.39708,0.63844,0.69166,0.65379,0.34837,0.64497,0.41369,0.54627,0.39159,0.64705,0.72479,0.40527,0.39709,0.52345,0.69947,0.36893,0.36378,0.59144,0.49383,0.54344,0.38095,0.1557,0.62312,0.18154,0.10477,0.52322,0.42275,0.087702,0.56004,-0.10755,0.22994,0.60372,0.44329,0.4915,0.19662,0.27819,0.39926,0.49078,0.44608,0.1681,0.63052,0.30688,0.26435,0.42557,0.58532,0.36946,0.17583,0.48113,0.46835,0.58132,0.44632,0.61557,0.63832,0.25543,0.42715
0.44441,0.48475,0.5662,0.49066,0.73211,0.76061,0.1776,0.52559,0.4361,0.18105,0.54967,0.30626,0.59514,0.48706,0.57359,0.62114,1,0.10827,0.39264,0.51059,0.41768,0.44509,0.53119,0.57813,0.60093,0.59056,0.13181,0.48917,0.47461,0.57002,0.67574,0.67608,0.69249,0.67259,0.44759,0.65096,0.15991,0.80696,0.60486,0.61913,0.42868,0.55778,0.35162,0.44393,0.57256,0.27583,0.17903,0.61128,0.61596,0.6428,0.62729,0.28029,0.81277,0.42183,0.38173,0.69955,0.40169,0.4655,0.75696,-0.18664,0.45038,0.63769,0.38104,0.43027,0.18122,0.55537,0.24068,0.69258,0.60763,0.45726,0.48704,0.22666,-0.10692,0.57497,0.34068,0.52606,0.25136,0.46613,0.55557,0.35602,0.62295,0.45463,0.86693,0.52484,0.7152
0.48289,0.23764,-0.045371,0.086784,0.2421,0.023018,0.40091,0.4599,-0.01957,0.56578,0.3187,0.31268,0.011902,0.60551,0.18157,0.46512,0.10827,1,0.43303,0.58994,0.44338,0.62396,0.35346,0.15301,0.39034,0.47557,0.38303,0.12839,-0.026307,0.28203,0.079911,0.30583,0.18952,0.30564,0.55325,0.40755,0.4676,0.097288,0.10614,0.37867,0.30617,0.048837,0.24172,-0.043452,0.25841,0.6061,0.61418,0.049212,0.17829,0.29829,0.24561,0.10203,0.16274,0.15612,0.28033,0.32646,0.20713,-0.067017,0.46073,-0.46628,0.30627,0.3974,0.40057,0.53806,0.0064047,0.082314,0.45871,0.29952,0.57495,0.17917,0.50314,0.57612,0.72558,0.23101,0.74304,-0.031159,0.36491,0.27595,0.36823,0.6347,0.024088,0.59708,0.12139,0.20406,0.30082
0.40873,0.53683,0.2854,0.39856,0.49754,0.47105,0.22508,0.48866,0.20196,0.36685,0.61922,-0.025816,0.48177,0.59924,0.56799,0.27724,0.39264,0.43303,1,0.64531,0.56578,0.50461,0.36964,0.44336,0.25184,0.24586,0.39139,0.049149,0.047565,0.40867,0.34169,0.36621,0.32807,0.47087,0.35705,0.39435,0.13742,0.3421,0.51301,0.017893,0.24738,0.3784,0.50711,0.19369,0.42544,0.39932,0.19263,0.17104,0.44964,0.4541,0.037861,0.12073,0.48625,0.44688,0.47789,0.33735,0.40547,0.37316,0.41974,-0.15217,0.54795,0.47969,0.22186,0.48827,-0.03739,0.20953,0.53107,0.34906,0.50487,0.46674,0.16216,0.21316,0.24797,0.54428,0.49936,0.062296,0.68832,0.35463,0.38397,0.46781,0.39372,0.39918,0.2399,0.30163,0.24301
0.53132,0.46727,0.077847,0.38679,0.61155,0.41244,0.41709,0.75594,0.020536,0.4885,0.76175,0.12559,0.3604,0.83966,0.38205,0.3759,0.51059,0.58994,0.64531,1,0.76889,0.75057,0.56142,0.40774,0.33964,0.55143,0.3885,0.14108,0.24703,0.3094,0.44256,0.36137,0.34502,0.43063,0.56403,0.45946,0.26872,0.31552,0.4294,0.39585,0.31701,0.19652,0.22255,0.07425,0.49899,0.51223,0.59652,0.37709,0.24178,0.49862,0.33633,0.36314,0.38863,0.39253,0.49622,0.49691,0.36116,0.26687,0.71411,-0.19301,0.28927,0.64122,0.36503,0.59858,0.12309,0.54689,0.41244,0.51815,0.66001,0.33989,0.48404,0.49629,0.4218,0.50702,0.71372,0.23701,0.53048,0.49986,0.58307,0.64574,0.34311,0.61067,0.38316,0.38449,0.61839
0.54773,0.46248,0.15222,0.15318,0.45619,0.31813,0.60872,0.63195,0.096193,0.54799,0.49387,-0.012165,0.2637,0.83271,0.35639,0.25889,0.41768,0.44338,0.56578,0.76889,1,0.63556,0.64624,0.45666,0.48783,0.42017,0.54413,0.028843,0.16439,0.19274,0.41956,0.40218,0.21942,0.3285,0.62529,0.34404,0.30191,0.3215,0.24033,0.42354,0.16486,0.16965,0.22835,0.050375,0.52738,0.5925,0.50401,0.27256,0.25334,0.4327,0.3966,0.4845,0.34497,0.31981,0.37696,0.53681,0.51744,0.16671,0.66636,-0.32685,0.35881,0.49731,0.32507,0.6046,0.28898,0.59209,0.49188,0.55159,0.57375,0.24096,0.30809,0.36886,0.26036,0.28111,0.47985,0.24427,0.33921,0.55668,0.62322,0.5005,0.23585,0.48034,0.17683,0.46475,0.58903
0.60575,0.25646,0.22733,0.18454,0.51892,0.19553,0.49142,0.6686,-0.15127,0.47745,0.56666,0.27555,0.23866,0.63489,0.34833,0.53374,0.44509,0.62396,0.50461,0.75057,0.63556,1,0.47277,0.28929,0.46349,0.50324,0.42159,0.40519,0.099393,0.24602,0.23535,0.47013,0.34313,0.43627,0.60277,0.50671,0.60481,0.30599,0.23805,0.42617,0.38875,0.045278,0.038943,0.10318,0.4504,0.59824,0.52325,0.3007,0.21419,0.42712,0.39994,0.53848,0.2587,0.36661,0.41477,0.67521,0.40659,0.055147,0.63324,-0.32301,0.31565,0.59886,0.5372,0.62955,0.092903,0.39612,0.59382,0.57844,0.60314,0.34097,0.65048,0.63125,0.54583,0.48607,0.77455,0.17825,0.35656,0.6564,0.54681,0.82599,0.1806,0.49171,0.2849,0.19683,0.43839
0.82442,0.34113,0.10986,0.039779,0.63649,0.25833,0.63335,0.50738,0.25167,0.5991,0.21488,0.30386,0.092348,0.77879,0.27726,0.37996,0.53119,0.35346,0.36964,0.56142,0.64624,0.47277,1,0.24087,0.29323,0.63055,0.49468,-0.00084476,0.18141,0.523,0.37815,0.37313,0.18085,0.22554,0.61309,0.4518,0.43954,0.25999,0.14478,0.43849,0.27512,0.034005,0.15477,0.24048,0.41651,0.71301,0.54323,0.20651,0.34838,0.29306,0.49609,0.50055,0.43554,0.22948,0.29586,0.61403,0.58789,0.26031,0.60692,-0.52983,0.43422,0.69701,0.64446,0.28233,0.23288,0.6083,0.58066,0.59646,0.41303,0.44099,0.61806,0.60376,0.24382,0.14189,0.5205,0.31599,-0.00080056,0.59524,0.69413,0.54908,0.2148,0.55604,0.39467,0.31846,0.48386
0.17926,0.47559,0.38545,0.69537,0.66016,0.65545,0.047057,0.33613,0.42037,0.081549,0.5813,-0.020704,0.86662,0.42215,0.49918,0.29592,0.57813,0.15301,0.44336,0.40774,0.45666,0.28929,0.24087,1,0.50592,0.49825,0.43262,0.20775,0.3733,0.47227,0.73622,0.70017,0.52112,0.78437,0.23821,0.54791,0.065949,0.66826,0.82905,0.47305,0.37101,0.74916,0.59539,0.46104,0.52993,0.28967,0.19722,0.34409,0.65786,0.79208,0.53423,0.29743,0.70177,0.66003,0.61183,0.32843,0.417,0.69868,0.55969,0.13164,0.521,0.40763,0.10015,0.68139,0.24776,0.31539,0.13054,0.51975,0.72116,0.15455,-0.0065897,0.10547,0.11639,0.61548,0.19159,0.49967,0.34668,0.3791,0.45687,0.22316,0.81397,0.37238,0.54424,0.53001,0.56072
0.28776,0.34413,0.33784,0.18132,0.40904,0.50852,0.29316,0.54657,0.45934,0.052123,0.32658,0.28693,0.34422,0.3566,0.26815,0.65697,0.60093,0.39034,0.25184,0.33964,0.48783,0.46349,0.29323,0.50592,1,0.26075,0.31662,0.46377,0.36342,0.3185,0.47936,0.50242,0.51748,0.59204,0.37009,0.62416,0.42016,0.68054,0.33019,0.59404,0.47937,0.55752,0.27046,0.23298,0.47283,0.32741,0.21355,0.40861,0.4946,0.60578,0.48168,0.20216,0.5818,0.19321,0.12644,0.50896,0.56757,0.15029,0.67028,-0.11464,0.32522,0.44894,0.23154,0.47166,0.45703,0.26378,0.22658,0.47553,0.65756,0.26356,0.38066,0.28774,0.17617,0.23251,0.35157,0.18502,0.022746,0.33977,0.41691,0.368,0.37532,0.34799,0.59151,0.37853,0.48179
0.46532,0.23497,0.16907,0.50003,0.66421,0.40746,0.30696,0.45452,0.13801,0.53654,0.49999,0.4013,0.45096,0.66059,0.33687,0.4285,0.59056,0.47557,0.24586,0.55143,0.42017,0.50324,0.63055,0.49825,0.26075,1,0.19529,0.22641,0.39473,0.48109,0.64834,0.66623,0.53376,0.58624,0.61833,0.42199,0.2101,0.53502,0.46932,0.74069,0.42164,0.27236,0.21075,0.42769,0.5611,0.45081,0.48085,0.47804,0.359,0.56839,0.76327,0.28359,0.4517,0.38786,0.44755,0.59094,0.28354,0.41627,0.65696,-0.34394,0.3971,0.64481,0.53158,0.58005,0.15602,0.50584,0.28775,0.80736,0.57083,0.39189,0.46152,0.462,0.34379,0.51318,0.55628,0.62372,0.24799,0.39101,0.43817,0.43366,0.44552,0.5978,0.50309,0.58537,0.68803
0.59994,0.22279,-0.020993,0.15541,0.54006,-0.067022,0.56682,0.28765,0.045315,0.43823,0.10564,-0.10571,0.21794,0.47083,0.25224,0.28517,0.13181,0.38303,0.39139,0.3885,0.54413,0.42159,0.49468,0.43262,0.31662,0.19529,1,-0.087786,-0.18251,0.21079,0.18844,0.22907,-0.14022,0.19726,0.28884,0.24665,0.65721,0.07017,0.20017,0.17726,0.059744,0.018463,0.17687,0.060395,0.25274,0.65794,0.49125,-0.14356,0.16038,0.25615,0.059878,0.44664,0.22859,0.36799,0.38381,0.37118,0.43361,0.14838,0.31298,-0.15845,0.20298,0.26003,0.25852,0.34704,0.306,0.29182,0.55914,0.27694,0.3675,-0.061809,0.29022,0.50271,0.4148,0.13747,0.37518,-0.051245,0.072558,0.59815,0.70858,0.46516,0.19517,0.50577,0.13455,0.14875,0.12113
0.26787,-0.082728,0.37032,0.25434,0.17498,0.2117,-0.31483,0.082587,0.073442,-0.1741,0.22429,0.52653,0.29611,-0.041076,0.073972,0.58479,0.48917,0.12839,0.049149,0.14108,0.028843,0.40519,-0.00084476,0.20775,0.46377,0.22641,-0.087786,1,0.38508,0.1668,0.15756,0.42279,0.55003,0.53685,0.041268,0.51201,0.26161,0.46584,0.34104,0.45113,0.57471,0.30245,0.062259,0.3776,0.35517,-0.047818,-0.00099845,0.54099,0.32509,0.25013,0.504,0.16421,0.51023,-0.041055,-0.05178,0.27663,0.083779,0.018304,0.25233,0.042001,-0.021136,0.35101,0.24137,0.46074,0.15466,0.25767,-0.017015,0.41073,0.19143,0.12915,0.44157,0.10586,0.18415,0.472,0.26071,0.37843,0.076722,0.15691,0.095193,0.35032,0.35415,0.067316,0.37303,0.29132,0.44005
0.033637,0.014918,0.25787,0.35517,0.29098,0.5271,-0.082543,0.15284,0.40343,-0.11216,0.44768,0.45486,0.33846,0.17808,0.03577,0.46445,0.47461,-0.026307,0.047565,0.24703,0.16439,0.099393,0.18141,0.3733,0.36342,0.39473,-0.18251,0.38508,1,0.40422,0.58281,0.53959,0.74349,0.66514,-0.074545,0.39418,-0.34833,0.54162,0.42685,0.63121,0.65753,0.45787,0.23142,0.45724,0.69506,-0.20258,0.23814,0.80503,0.42973,0.41114,0.48834,0.068346,0.47031,0.011879,-0.048792,0.0058576,0.40869,0.20539,0.29983,0.28307,0.078639,0.62183,0.13291,0.33997,0.24711,0.18434,-0.099513,0.47804,0.15522,0.063756,0.23801,-0.20385,-0.031075,0.28721,0.19922,0.68735,0.020944,0.15116,0.021115,0.17335,0.50847,0.25399,0.44025,0.30053,0.54284
0.42689,0.46707,0.53778,0.38873,0.52334,0.49799,0.19081,0.19496,0.604,0.2705,0.35801,0.46137,0.45306,0.35838,0.41248,0.59637,0.57002,0.28203,0.40867,0.3094,0.19274,0.24602,0.523,0.47227,0.3185,0.48109,0.21079,0.1668,0.40422,1,0.47273,0.63891,0.65643,0.55578,0.28058,0.61894,0.055069,0.40055,0.61306,0.32323,0.58392,0.49771,0.7032,0.59989,0.57002,0.44599,0.2872,0.33026,0.74701,0.47202,0.32399,0.15611,0.71366,0.46324,0.40155,0.20215,0.46374,0.55149,0.43905,-0.10913,0.67243,0.61553,0.43729,0.353,-0.11716,0.14559,0.47113,0.33457,0.48588,0.43633,0.49263,0.27464,0.035669,0.52124,0.32141,0.38818,0.2487,0.4428,0.36871,0.37069,0.6616,0.52397,0.60574,0.21428,0.42139
0.10223,0.43997,0.36845,0.70286,0.69322,0.67598,0.10674,0.44027,0.46716,0.2107,0.61416,0.19105,0.75692,0.48334,0.35235,0.39708,0.67574,0.079911,0.34169,0.44256,0.41956,0.23535,0.37815,0.73622,0.47936,0.64834,0.18844,0.15756,0.58281,0.47273,1,0.69822,0.70908,0.7392,0.35706,0.34341,-0.039197,0.80788,0.74593,0.61619,0.447,0.63993,0.37178,0.63733,0.71913,0.20447,0.17457,0.67852,0.48441,0.78929,0.57819,0.10152,0.63819,0.49359,0.40043,0.4106,0.47358,0.66093,0.67524,0.2167,0.31582,0.54491,0.27352,0.5227,0.41296,0.54583,-0.0035992,0.74026,0.55445,0.36988,0.12036,0.065975,-0.020661,0.59115,0.28726,0.54189,0.23627,0.31397,0.35805,0.14985,0.73533,0.51736,0.61948,0.74748,0.67452
0.38049,0.38233,0.70135,0.51561,0.53897,0.52921,0.16227,0.22256,0.36362,0.40769,0.47754,0.37,0.62601,0.44032,0.49678,0.63844,0.67608,0.30583,0.36621,0.36137,0.40218,0.47013,0.37313,0.70017,0.50242,0.66623,0.22907,0.42279,0.53959,0.63891,0.69822,1,0.78081,0.85605,0.46548,0.5996,0.073683,0.71578,0.65037,0.72446,0.57215,0.53459,0.55863,0.62178,0.72646,0.40114,0.32701,0.59969,0.65589,0.73071,0.69629,0.26081,0.70197,0.52971,0.44478,0.50181,0.42561,0.46013,0.57599,-0.089025,0.49848,0.60741,0.51252,0.71994,0.060838,0.37836,0.2159,0.7295,0.58803,0.15498,0.35789,0.093936,0.1288,0.64413,0.41055,0.63524,0.32518,0.50009,0.46704,0.46558,0.69476,0.55079,0.54448,0.5216,0.66344
0.063441,0.36231,0.63835,0.57157,0.41717,0.68143,-0.07798,0.30096,0.46281,0.074775,0.59862,0.49158,0.6051,0.26135,0.32024,0.69166,0.69249,0.18952,0.32807,0.34502,0.21942,0.34313,0.18085,0.52112,0.51748,0.53376,-0.14022,0.55003,0.74349,0.65643,0.70908,0.78081,1,0.8258,0.24701,0.50237,-0.15207,0.7394,0.70574,0.63606,0.7157,0.6707,0.50354,0.67363,0.82402,0.055015,0.079101,0.83705,0.65787,0.65602,0.52933,0.038851,0.68806,0.30096,0.19319,0.27461,0.3148,0.4232,0.54461,0.15941,0.41331,0.60742,0.27608,0.5599,0.06381,0.23322,0.12367,0.57842,0.46211,0.3848,0.33089,-0.0058114,-0.048701,0.69883,0.3224,0.57372,0.32725,0.27591,0.12717,0.25308,0.70066,0.43901,0.6197,0.52692,0.62752
0.23734,0.30822,0.51859,0.69012,0.61304,0.68594,-0.050578,0.36275,0.47113,0.123,0.63736,0.37039,0.75483,0.36136,0.43186,0.65379,0.67259,0.30564,0.47087,0.43063,0.3285,0.43627,0.22554,0.78437,0.59204,0.58624,0.19726,0.53685,0.66514,0.55578,0.7392,0.85605,0.8258,1,0.25302,0.67408,0.039304,0.81176,0.79981,0.68009,0.72097,0.75567,0.57874,0.61795,0.72364,0.17066,0.20208,0.66688,0.68113,0.82762,0.61324,0.11483,0.77741,0.4721,0.39649,0.37644,0.44159,0.56138,0.54668,0.1571,0.41647,0.64115,0.26678,0.72055,0.18074,0.26438,0.092215,0.65061,0.62653,0.19423,0.21896,0.10118,0.17834,0.69542,0.41037,0.59214,0.36835,0.28916,0.35759,0.38842,0.80388,0.43874,0.64449,0.50097,0.57853
0.52481,0.5116,0.38234,0.097406,0.3398,0.30371,0.62343,0.54592,-0.093981,0.83652,0.31005,-0.021746,0.18278,0.68903,0.4096,0.34837,0.44759,0.55325,0.35705,0.56403,0.62529,0.60277,0.61309,0.23821,0.37009,0.61833,0.28884,0.041268,-0.074545,0.28058,0.35706,0.46548,0.24701,0.25302,1,0.31978,0.4239,0.29221,0.19154,0.4708,0.18654,0.10113,0.15234,0.050819,0.32055,0.75762,0.29081,0.1275,0.2158,0.5256,0.51415,0.229,0.2503,0.30477,0.32499,0.76744,0.17899,0.19903,0.6064,-0.48934,0.45572,0.50874,0.6727,0.39981,0.0013166,0.50082,0.4208,0.571,0.65343,0.47438,0.41853,0.59009,0.26672,0.23073,0.50693,0.14425,0.33187,0.36391,0.46244,0.48043,0.1535,0.43892,0.33452,0.36282,0.46999
0.5694,0.3887,0.42889,0.35188,0.57074,0.57365,0.10944,0.49358,0.51293,0.11603,0.50848,0.38815,0.47151,0.43753,0.5514,0.64497,0.65096,0.40755,0.39435,0.45946,0.34404,0.50671,0.4518,0.54791,0.62416,0.42199,0.24665,0.51201,0.39418,0.61894,0.34341,0.5996,0.50237,0.67408,0.31978,1,0.37362,0.58233,0.52494,0.42345,0.59802,0.4898,0.58166,0.32388,0.38658,0.41884,0.43982,0.26218,0.68284,0.59863,0.50281,0.25753,0.74004,0.49535,0.51185,0.4459,0.54319,0.43389,0.56981,-0.13873,0.39764,0.61472,0.36489,0.61667,0.24125,0.36475,0.29364,0.39045,0.63391,0.2637,0.50264,0.35759,0.37723,0.45758,0.5599,0.42826,0.28949,0.39043,0.55374,0.65575,0.64268,0.33084,0.60493,0.17583,0.54353
0.60772,0.11539,-0.031171,-0.062761,0.40945,-0.15533,0.4595,0.45225,-0.11581,0.32368,0.014721,0.11316,-0.0061084,0.33915,0.16309,0.41369,0.15991,0.4676,0.13742,0.26872,0.30191,0.60481,0.43954,0.065949,0.42016,0.2101,0.65721,0.26161,-0.34833,0.055069,-0.039197,0.073683,-0.15207,0.039304,0.4239,0.37362,1,0.085718,-0.048651,0.16157,0.11202,-0.17089,-0.13446,-0.021153,0.042597,0.65903,0.38771,-0.17011,0.039523,0.15398,0.16076,0.42667,0.082128,0.19761,0.24047,0.59201,0.30655,-0.061911,0.38543,-0.31757,0.03588,0.22026,0.42282,0.28193,0.40979,0.36017,0.51243,0.26901,0.32398,0.19866,0.54302,0.74845,0.59842,0.077637,0.56734,-0.17782,-0.082216,0.50438,0.57348,0.61566,-0.030252,0.33312,0.13552,0.063256,0.084507
0.14979,0.3409,0.49121,0.68311,0.66845,0.72273,-0.014883,0.49257,0.57254,0.03942,0.6005,0.31088,0.74407,0.32514,0.56796,0.54627,0.80696,0.097288,0.3421,0.31552,0.3215,0.30599,0.25999,0.66826,0.68054,0.53502,0.07017,0.46584,0.54162,0.40055,0.80788,0.71578,0.7394,0.81176,0.29221,0.58233,0.085718,1,0.66871,0.60557,0.43001,0.65131,0.41966,0.51623,0.59986,0.049201,0.084753,0.61199,0.54262,0.73027,0.56116,-0.015188,0.72411,0.51979,0.43133,0.52539,0.4389,0.56642,0.64601,0.10942,0.25995,0.44051,0.12037,0.55776,0.45137,0.47435,0.014256,0.68304,0.51276,0.35007,0.17785,0.037877,-0.05638,0.62372,0.28912,0.51686,0.2861,0.2073,0.37927,0.18413,0.71497,0.32405,0.69425,0.65876,0.65279
0.095395,0.51097,0.52545,0.88059,0.62933,0.6874,-0.18594,0.30509,0.42635,0.06199,0.70693,0.091614,0.94362,0.29222,0.52027,0.39159,0.60486,0.10614,0.51301,0.4294,0.24033,0.23805,0.14478,0.82905,0.33019,0.46932,0.20017,0.34104,0.42685,0.61306,0.74593,0.65037,0.70574,0.79981,0.19154,0.52494,-0.048651,0.66871,1,0.3311,0.50389,0.74966,0.67174,0.59179,0.60096,0.15846,0.041775,0.46594,0.66657,0.75566,0.37185,0.031142,0.74302,0.66362,0.59104,0.19425,0.22516,0.8186,0.4553,0.37862,0.42879,0.4567,0.10409,0.61314,0.11673,0.32435,0.082163,0.43329,0.58219,0.35212,0.065894,0.10312,0.036094,0.84213,0.23057,0.44501,0.53259,0.22529,0.28104,0.1823,0.94843,0.35633,0.59409,0.54289,0.55741
0.33334,0.18128,0.30795,0.26906,0.45214,0.42418,0.25113,0.3561,0.19391,0.33034,0.29284,0.41101,0.27716,0.49188,0.094183,0.64705,0.61913,0.37867,0.017893,0.39585,0.42354,0.42617,0.43849,0.47305,0.59404,0.74069,0.17726,0.45113,0.63121,0.32323,0.61619,0.72446,0.63606,0.68009,0.4708,0.42345,0.16157,0.60557,0.3311,1,0.52609,0.39348,0.13302,0.38221,0.66518,0.30708,0.39337,0.72133,0.41817,0.59278,0.82441,0.33301,0.49032,0.066345,0.051151,0.55466,0.28456,0.11337,0.65515,-0.22457,0.24246,0.61272,0.4473,0.53679,0.24757,0.3996,0.070098,0.744,0.5168,0.032814,0.43511,0.25526,0.18757,0.28832,0.4107,0.57389,-0.059775,0.38712,0.44015,0.35786,0.36292,0.59366,0.55849,0.55542,0.67597
0.29085,0.025042,0.30467,0.31479,0.30122,0.46061,0.053145,0.20443,0.41663,0.093588,0.3756,0.59254,0.35009,0.16442,0.049087,0.72479,0.42868,0.30617,0.24738,0.31701,0.16486,0.38875,0.27512,0.37101,0.47937,0.42164,0.059744,0.57471,0.65753,0.58392,0.447,0.57215,0.7157,0.72097,0.18654,0.59802,0.11202,0.43001,0.50389,0.52609,1,0.58797,0.38801,0.69833,0.63688,0.17021,0.15824,0.60233,0.44858,0.5994,0.49882,0.06045,0.63622,0.049965,-0.031924,0.20865,0.52537,0.28595,0.31807,0.12839,0.27357,0.71926,0.45713,0.45105,0.094895,0.13567,0.15453,0.48351,0.43547,0.2702,0.38619,0.17569,0.26579,0.37541,0.38982,0.56891,0.15376,0.18296,0.073979,0.4436,0.54506,0.26642,0.54839,0.12752,0.33109
-0.11162,0.43596,0.42285,0.52749,0.37039,0.8255,-0.18337,0.25755,0.64222,-0.18067,0.42005,0.10518,0.68532,0.13947,0.27141,0.40527,0.55778,0.048837,0.3784,0.19652,0.16965,0.045278,0.034005,0.74916,0.55752,0.27236,0.018463,0.30245,0.45787,0.49771,0.63993,0.53459,0.6707,0.75567,0.10113,0.4898,-0.17089,0.65131,0.74966,0.39348,0.58797,1,0.65061,0.59037,0.47568,0.015513,-0.23099,0.47053,0.68986,0.79597,0.41701,-0.047067,0.77644,0.28927,0.17563,0.17999,0.32295,0.6158,0.43892,0.2021,0.54109,0.35983,-0.002436,0.39726,0.057425,0.030407,-0.082971,0.2989,0.64186,0.26417,-0.16511,-0.073837,-0.15952,0.44778,-0.01732,0.38601,0.23907,0.00088024,0.10393,-0.045335,0.72524,0.16909,0.67353,0.37577,0.30396
0.1236,0.53988,0.53416,0.51454,0.31273,0.55325,-0.050992,0.14748,0.68885,0.14858,0.40917,0.10557,0.57373,0.24142,0.57888,0.39709,0.35162,0.24172,0.50711,0.22255,0.22835,0.038943,0.15477,0.59539,0.27046,0.21075,0.17687,0.062259,0.23142,0.7032,0.37178,0.55863,0.50354,0.57874,0.15234,0.58166,-0.13446,0.41966,0.67174,0.13302,0.38801,0.65061,1,0.47074,0.43008,0.23849,0.11272,0.13654,0.68268,0.55673,0.10376,-0.13949,0.67709,0.58662,0.5244,0.028883,0.26005,0.62298,0.28088,0.085749,0.51096,0.214,-0.018285,0.51561,-0.089833,0.075883,0.19619,0.051172,0.4588,0.086114,-0.064881,-0.052108,-0.030171,0.52776,0.14184,0.29786,0.53329,0.10621,0.30969,0.13709,0.7401,0.30161,0.36875,0.23693,0.29669
0.1133,0.10737,0.36746,0.47941,0.40582,0.40482,-0.11142,-0.0039955,0.57053,0.020858,0.24859,0.52121,0.51912,0.077118,0.1203,0.52345,0.44393,-0.043452,0.19369,0.07425,0.050375,0.10318,0.24048,0.46104,0.23298,0.42769,0.060395,0.3776,0.45724,0.59989,0.63733,0.62178,0.67363,0.61795,0.050819,0.32388,-0.021153,0.51623,0.59179,0.38221,0.69833,0.59037,0.47074,1,0.6295,0.097208,-0.020253,0.5951,0.42647,0.54139,0.42783,0.049115,0.68136,0.25232,0.11983,0.18781,0.4589,0.50744,0.32424,0.17608,0.24976,0.38235,0.32272,0.41047,0.14907,0.30737,0.025351,0.50664,0.2504,0.21412,0.11393,-0.087919,-0.049486,0.53233,0.13701,0.60162,0.10155,0.23405,0.14323,0.1304,0.64189,0.33011,0.4687,0.41931,0.31744
0.24458,0.39232,0.48198,0.50099,0.51848,0.54251,0.2592,0.4047,0.33862,0.30658,0.60499,0.32682,0.51866,0.5022,0.3132,0.69947,0.57256,0.25841,0.42544,0.49899,0.52738,0.4504,0.41651,0.52993,0.47283,0.5611,0.25274,0.35517,0.69506,0.57002,0.71913,0.72646,0.82402,0.72364,0.32055,0.38658,0.042597,0.59986,0.60096,0.66518,0.63688,0.47568,0.43008,0.6295,1,0.26824,0.34709,0.81409,0.54426,0.60653,0.44309,0.27556,0.55919,0.29412,0.21181,0.36032,0.47255,0.28767,0.59475,0.11158,0.31686,0.66227,0.32003,0.65667,0.2996,0.42814,0.39013,0.66209,0.38511,0.26856,0.3646,0.087756,0.13981,0.60291,0.48722,0.58728,0.32002,0.55289,0.35415,0.41421,0.60969,0.64489,0.42259,0.58393,0.63096
0.71799,0.56586,0.276,-0.055436,0.42592,0.085087,0.62601,0.43363,-0.023133,0.72458,0.13047,0.02038,0.088019,0.72655,0.26454,0.36893,0.27583,0.6061,0.39932,0.51223,0.5925,0.59824,0.71301,0.28967,0.32741,0.45081,0.65794,-0.047818,-0.20258,0.44599,0.20447,0.40114,0.055015,0.17066,0.75762,0.41884,0.65903,0.049201,0.15846,0.30708,0.17021,0.015513,0.23849,0.097208,0.26824,1,0.52449,-0.050968,0.37659,0.38597,0.36591,0.55391,0.26928,0.34359,0.3885,0.59515,0.36755,0.17215,0.57351,-0.49814,0.52711,0.49564,0.73034,0.42104,0.051711,0.41879,0.59963,0.38034,0.61173,0.29595,0.54076,0.71413,0.49952,0.17051,0.60735,-0.037977,0.10936,0.67313,0.69833,0.68405,0.15375,0.6321,0.19374,0.22062,0.31604
0.61391,0.1344,-0.12782,0.098693,0.4467,-0.056504,0.49373,0.38569,0.016153,0.46326,0.37073,0.30504,0.014338,0.66298,0.24499,0.36378,0.17903,0.61418,0.19263,0.59652,0.50401,0.52325,0.54323,0.19722,0.21355,0.48085,0.49125,-0.00099845,0.23814,0.2872,0.17457,0.32701,0.079101,0.20208,0.29081,0.43982,0.38771,0.084753,0.041775,0.39337,0.15824,-0.23099,0.11272,-0.020253,0.34709,0.52449,1,0.13336,0.099047,0.12081,0.25438,0.41494,0.11527,0.3083,0.44456,0.26491,0.43836,-0.076842,0.46565,-0.31043,-0.0010616,0.43227,0.37117,0.52639,0.33046,0.4269,0.42503,0.37651,0.29018,-0.097547,0.62203,0.36074,0.67635,0.16935,0.7474,0.29128,0.17848,0.614,0.60818,0.73833,0.10865,0.66729,0.060343,0.17869,0.51879
0.044336,0.20882,0.38205,0.37992,0.36221,0.53178,-0.092464,0.28685,0.25435,-0.00047639,0.47252,0.44714,0.36952,0.31033,0.012035,0.59144,0.61128,0.049212,0.17104,0.37709,0.27256,0.3007,0.20651,0.34409,0.40861,0.47804,-0.14356,0.54099,0.80503,0.33026,0.67852,0.59969,0.83705,0.66688,0.1275,0.26218,-0.17011,0.61199,0.46594,0.72133,0.60233,0.47053,0.13654,0.5951,0.81409,-0.050968,0.13336,1,0.41832,0.49319,0.55647,0.20873,0.51545,-0.018276,-0.085931,0.28232,0.27356,0.14829,0.54639,0.15872,0.10953,0.57893,0.26809,0.45497,0.22214,0.38824,-0.054196,0.63304,0.24916,0.17539,0.30532,-0.097844,-0.041684,0.48935,0.32347,0.56515,0.070805,0.32099,0.15804,0.22486,0.45282,0.48588,0.47268,0.59294,0.61503
0.26332,0.68365,0.66315,0.34421,0.47499,0.68869,-0.079439,0.29114,0.51858,0.01369,0.36065,0.17111,0.54983,0.39528,0.38396,0.49383,0.61596,0.17829,0.44964,0.24178,0.25334,0.21419,0.34838,0.65786,0.4946,0.359,0.16038,0.32509,0.42973,0.74701,0.48441,0.65589,0.65787,0.68113,0.2158,0.68284,0.039523,0.54262,0.66657,0.41817,0.44858,0.68986,0.68268,0.42647,0.54426,0.37659,0.099047,0.41832,1,0.59269,0.4655,0.34966,0.73424,0.39469,0.34642,0.25425,0.32915,0.52865,0.53705,-0.052847,0.73908,0.54712,0.27002,0.49106,0.017755,0.13687,0.27677,0.298,0.56259,0.34264,0.24959,0.18816,0.0338,0.50764,0.26697,0.28045,0.14303,0.42706,0.40999,0.3105,0.69551,0.43611,0.52179,0.39371,0.45489
0.15816,0.55925,0.49856,0.59916,0.60094,0.79638,0.17462,0.55472,0.41872,0.27652,0.62878,0.036418,0.73408,0.47597,0.47411,0.54344,0.6428,0.29829,0.4541,0.49862,0.4327,0.42712,0.29306,0.79208,0.60578,0.56839,0.25615,0.25013,0.41114,0.47202,0.78929,0.73071,0.65602,0.82762,0.5256,0.59863,0.15398,0.73027,0.75566,0.59278,0.5994,0.79597,0.55673,0.54139,0.60653,0.38597,0.12081,0.49319,0.59269,1,0.57495,0.12633,0.68649,0.53873,0.44046,0.56446,0.427,0.63742,0.67978,0.11417,0.47732,0.5724,0.34027,0.62861,0.21854,0.37855,0.080431,0.58956,0.82068,0.30441,0.069654,0.22435,0.16016,0.54201,0.39689,0.45259,0.38077,0.28217,0.41398,0.34454,0.74521,0.43106,0.68437,0.4672,0.49482
0.42423,0.17869,0.30555,0.22488,0.41962,0.43031,0.09599,0.25659,0.14964,0.26467,0.24105,0.39839,0.36097,0.48038,0.092539,0.38095,0.62729,0.24561,0.037861,0.33633,0.3966,0.39994,0.49609,0.53423,0.48168,0.76327,0.059878,0.504,0.48834,0.32399,0.57819,0.69629,0.52933,0.61324,0.51415,0.50281,0.16076,0.56116,0.37185,0.82441,0.49882,0.41701,0.10376,0.42783,0.44309,0.36591,0.25438,0.55647,0.4655,0.57495,1,0.43429,0.56411,0.11829,0.14142,0.55752,0.3261,0.29354,0.60726,-0.32099,0.38427,0.62207,0.59385,0.53871,0.18523,0.49123,-0.015351,0.78624,0.57793,0.24449,0.38214,0.27855,0.20459,0.30904,0.30973,0.64065,-0.069804,0.32547,0.35125,0.35916,0.40411,0.34062,0.5056,0.55359,0.70181
0.48242,0.29334,0.11382,-0.18242,0.37836,0.06212,0.32697,0.29839,-0.20201,0.12469,0.089087,0.01569,0.023145,0.51687,-0.038942,0.1557,0.28029,0.10203,0.12073,0.36314,0.4845,0.53848,0.50055,0.29743,0.20216,0.28359,0.44664,0.16421,0.068346,0.15611,0.10152,0.26081,0.038851,0.11483,0.229,0.25753,0.42667,-0.015188,0.031142,0.33301,0.06045,-0.047067,-0.13949,0.049115,0.27556,0.55391,0.41494,0.20873,0.34966,0.12633,0.43429,1,0.1316,0.10276,0.16351,0.42288,0.31851,-0.051482,0.48956,-0.35187,0.35571,0.39665,0.42947,0.33954,0.11567,0.33762,0.42767,0.34116,0.3165,0.052632,0.43492,0.41864,0.29577,0.11585,0.35716,0.14687,-0.2538,0.82164,0.56872,0.53753,0.035944,0.41299,0.063375,0.14979,0.30195
0.43201,0.42665,0.52499,0.53669,0.61475,0.70689,-0.03025,0.27897,0.69198,0.076429,0.43337,0.41058,0.6613,0.36183,0.46371,0.62312,0.81277,0.16274,0.48625,0.38863,0.34497,0.2587,0.43554,0.70177,0.5818,0.4517,0.22859,0.51023,0.47031,0.71366,0.63819,0.70197,0.68806,0.77741,0.2503,0.74004,0.082128,0.72411,0.74302,0.49032,0.63622,0.77644,0.67709,0.68136,0.55919,0.26928,0.11527,0.51545,0.73424,0.68649,0.56411,0.1316,1,0.40005,0.34633,0.40243,0.50613,0.60956,0.5768,-0.056917,0.50514,0.57508,0.31822,0.5255,0.13129,0.40782,0.14413,0.53675,0.61245,0.31336,0.30086,0.099644,-0.035406,0.58964,0.23479,0.53881,0.28646,0.30333,0.47454,0.29643,0.78716,0.39472,0.7837,0.48234,0.58688
0.21561,0.47777,0.41673,0.71137,0.66871,0.39647,0.1549,0.42197,0.32772,0.26417,0.64707,-0.064269,0.75779,0.36444,0.79452,0.18154,0.42183,0.15612,0.44688,0.39253,0.31981,0.36661,0.22948,0.66003,0.19321,0.38786,0.36799,-0.041055,0.011879,0.46324,0.49359,0.52971,0.30096,0.4721,0.30477,0.49535,0.19761,0.51979,0.66362,0.066345,0.049965,0.28927,0.58662,0.25232,0.29412,0.34359,0.3083,-0.018276,0.39469,0.53873,0.11829,0.10276,0.40005,1,0.95893,0.32899,0.284,0.73605,0.42533,0.15204,0.32724,0.17066,0.040638,0.5546,0.16183,0.37641,0.29272,0.28216,0.49126,0.22374,0.085195,0.22745,0.11588,0.69812,0.32224,0.23835,0.56421,0.37261,0.51812,0.30625,0.69984,0.30456,0.33468,0.29516,0.41477
0.31637,0.45911,0.26332,0.66713,0.67426,0.32265,0.15501,0.46618,0.22903,0.30004,0.66336,-0.049659,0.68186,0.48193,0.77583,0.10477,0.38173,0.28033,0.47789,0.49622,0.37696,0.41477,0.29586,0.61183,0.12644,0.44755,0.38381,-0.05178,-0.048792,0.40155,0.40043,0.44478,0.19319,0.39649,0.32499,0.51185,0.24047,0.43133,0.59104,0.051151,-0.031924,0.17563,0.5244,0.11983,0.21181,0.3885,0.44456,-0.085931,0.34642,0.44046,0.14142,0.16351,0.34633,0.95893,1,0.32244,0.23698,0.66228,0.44941,0.007715,0.30538,0.17501,0.046313,0.59496,0.16298,0.41695,0.32581,0.2773,0.49622,0.22191,0.15157,0.30738,0.26417,0.67331,0.42043,0.21995,0.59585,0.38033,0.56115,0.38437,0.60716,0.34075,0.25314,0.31567,0.46754
0.56937,0.39596,0.3611,0.15425,0.60949,0.43482,0.56487,0.63665,0.016947,0.53785,0.33281,0.054178,0.26962,0.59974,0.50701,0.52322,0.69955,0.32646,0.33735,0.49691,0.53681,0.67521,0.61403,0.32843,0.50896,0.59094,0.37118,0.27663,0.0058576,0.20215,0.4106,0.50181,0.27461,0.37644,0.76744,0.4459,0.59201,0.52539,0.19425,0.55466,0.20865,0.17999,0.028883,0.18781,0.36032,0.59515,0.26491,0.28232,0.25425,0.56446,0.55752,0.42288,0.40243,0.32899,0.32244,1,0.34474,0.15087,0.72255,-0.49035,0.33813,0.50214,0.57653,0.39196,0.2277,0.5905,0.42542,0.70072,0.59366,0.37968,0.46316,0.50251,0.20646,0.27747,0.5309,0.28294,0.17633,0.55422,0.65178,0.54306,0.19181,0.44876,0.55111,0.35806,0.43316
0.49511,0.11916,0.056294,0.11194,0.53179,0.34862,0.47078,0.40315,0.54858,0.14612,0.33089,0.39982,0.25972,0.44586,0.24559,0.42275,0.40169,0.20713,0.40547,0.36116,0.51744,0.40659,0.58789,0.417,0.56757,0.28354,0.43361,0.083779,0.40869,0.46374,0.47358,0.42561,0.3148,0.44159,0.17899,0.54319,0.30655,0.4389,0.22516,0.28456,0.52537,0.32295,0.26005,0.4589,0.47255,0.36755,0.43836,0.27356,0.32915,0.427,0.3261,0.31851,0.50613,0.284,0.23698,0.34474,1,0.25703,0.47238,-0.1218,0.3054,0.58706,0.38913,0.36366,0.47279,0.34079,0.40455,0.52862,0.39885,0.30094,0.36305,0.16623,0.26412,0.1353,0.41842,0.40548,0.022398,0.49543,0.41819,0.51382,0.33761,0.31172,0.36726,0.14294,0.3022
0.081287,0.42781,0.36416,0.75251,0.61896,0.57283,-0.15295,0.29552,0.55492,0.056409,0.50195,0.050135,0.81148,0.2422,0.46867,0.087702,0.4655,-0.067017,0.37316,0.26687,0.16671,0.055147,0.26031,0.69868,0.15029,0.41627,0.14838,0.018304,0.20539,0.55149,0.66093,0.46013,0.4232,0.56138,0.19903,0.43389,-0.061911,0.56642,0.8186,0.11337,0.28595,0.6158,0.62298,0.50744,0.28767,0.17215,-0.076842,0.14829,0.52865,0.63742,0.29354,-0.051482,0.60956,0.73605,0.66228,0.15087,0.25703,1,0.34308,0.31748,0.42896,0.28967,0.04404,0.35566,0.090627,0.32334,-0.025984,0.27804,0.48216,0.38767,-0.11196,0.19534,-0.14985,0.63151,0.029787,0.29346,0.32661,0.031375,0.29435,-0.025242,0.84299,0.13268,0.50658,0.39348,0.36
