1,0.25333,0.21473,0.5008,0.42121,0.64506,0.03576,0.29353,0.26321,0.40414,0.25407,-0.044001,0.07885,0.5352,0.32443,0.5579,0.1964,0.39644,0.12091,0.53339,-0.097469,0.23117,-0.11828,0.91335,0.26128,0.31297,0.021064,0.19518,0.66204,0.51642,NaN,0.25835,0.2142,0.57256,0.29736,0.088901,0.023156,0.37719,0.37419,0.24815,0.097997,0.42965,0.31599,0.43154,0.2662,0.3182,0.3349,0.42206,0.47934,0.29748,0.31092,0.28541,-0.19045,0.15799,-0.057835,-0.042109,0.15421,-0.092052,0.56068,-0.20965,0.14781,0.47164,0.051398,0.35952,0.5591,0.83346,-0.11138,0.38067,0.25523,0.072736,0.31907,0.042327,0.29901,0.18376,0.5891,0.20225,0.35038,0.56968,0.14315,0.15173,0.022883,-0.051826,-0.017544,0.37177,0.068871,0.24112,0.33968,0.3964,0.1209,0.47288,0.017432,-0.18031,-0.042967,0.34573,0.083808,-0.060376,-0.34455,-0.026156,0.24189,0.34683,0.26851,-0.12313,0.52938,-0.11802,0.023054,0.37783,0.28026,0.45052,0.0034675,-0.024926,-0.41467,-0.085349,-0.15213,0.55848,0.48731,0.22642,0.41632,0.70282,0.052961,0.3907,0.37801,0.27647,0.18799,0.46348,0.24754,0.22635,-0.012125,0.48853,0.53437,0.05343,0.57342,0.034633,0.21317,0.36579,0.3957,0.28722,0.41515,0.30423,0.40084,0.14333,-0.018997,0.82463,0.15193,0.084422,0.59924,-0.0087607,0.27062,0.25321,-0.10927,0.52801,0.15993,0.19071,0.39334,0.44765,0.044673,0.13275,0.13305,0.18908,0.1172,0.44476,0.23758,0.47699,0.30998,0.28145,0.23003,0.13442,-0.034403,0.59075,0.12671,0.42473,0.44159,0.20978,0.24588,0.3549,0.33829,0.27034,0.3365,-0.013203,0.457,-0.12154,0.171,0.55647,0.19501,-0.051578,0.34819,0.32759,0.13407,0.17155,0.35691,0.59686,0.63815,0.1925,-0.11385,0.79581,0.4834,0.28414,0.072976,0.45303,0.42951,0.50297
0.25333,1,0.38569,0.5209,0.17419,0.055739,0.20509,0.12325,0.67359,0.4827,0.41039,0.11566,0.31917,0.50682,0.60694,0.48165,0.17203,0.40124,0.53868,0.5382,0.1409,0.26946,0.56596,0.18401,0.31197,0.12494,0.63183,0.53814,0.12075,0.66407,NaN,0.28628,0.76011,0.6363,0.76945,0.3892,-0.36808,-0.033393,0.52812,0.090149,0.16776,0.74467,0.23367,0.33239,0.56364,0.37628,0.42824,0.39792,0.44683,0.27972,0.57292,0.39349,0.047911,0.09274,0.098268,0.4687,0.41255,-0.16506,0.7572,0.26388,0.45055,-0.18404,0.15754,0.82644,0.43793,0.36953,0.41171,0.25521,0.30096,0.66283,0.13704,0.63504,0.26244,0.64188,0.41124,-0.031676,0.62298,0.52696,0.18004,0.655,0.54013,0.37114,0.49675,0.27771,0.35712,0.38634,0.32988,0.36562,0.26312,0.60268,0.21907,0.06177,0.25779,0.72209,0.53224,0.18,-0.23345,0.068682,0.42489,0.55622,0.17521,0.43841,0.54949,-0.098792,0.64136,0.45511,0.60309,0.37698,-0.060803,0.56065,-0.087637,0.28361,-0.32262,0.62056,0.21264,0.5536,0.30834,0.35033,0.37555,0.23696,0.63888,0.37951,0.18229,0.21845,0.61464,0.47806,0.48647,0.31528,0.19925,0.046674,0.56686,0.43629,0.53074,0.78676,0.33599,0.33453,0.046429,0.30355,0.68449,0.7081,0.60478,0.17537,0.22284,0.35468,0.61216,0.62684,-0.32157,0.35681,-0.16115,0.61272,0.51252,0.54145,0.47621,0.66533,0.60141,0.578,0.12623,0.73514,0.20284,0.61696,0.44417,0.4869,0.37824,0.56038,0.66695,0.55471,0.35451,0.50404,0.25182,0.37864,0.5595,0.64134,0.22988,0.17323,0.16421,0.083956,-0.15287,0.10755,0.40956,0.47082,0.30351,0.47162,0.35125,0.16783,0.7555,0.4256,0.51682,0.16117,0.1649,0.36879,0.30404,0.42388,0.1407,0.38769,0.098239,0.53366,0.09406,0.57415,0.70225,0.75461
0.21473,0.38569,1,0.25497,0.21405,0.39558,0.48262,0.088675,0.11602,0.13778,0.49902,-0.19406,0.089871,-0.073516,0.35466,0.30894,0.060773,-0.021725,0.35559,0.29918,-0.020929,-0.024052,0.36894,0.23223,0.30575,-0.22887,0.46288,0.19084,0.051654,0.28702,NaN,-0.029693,0.44526,0.32322,0.36238,0.13696,0.043674,-0.0093562,0.23612,-0.0039286,0.077448,0.3239,0.35613,0.56004,0.38043,0.25765,0.39237,0.30269,0.5601,0.31173,0.31396,0.18388,-0.14328,0.30143,0.35953,0.099693,0.30274,-0.70988,0.32472,-0.10849,0.20908,0.42585,-0.070914,0.32135,0.50206,0.36142,0.48291,-0.11845,0.58011,0.30803,0.035719,0.23398,0.21174,0.054556,0.19397,0.35113,0.30146,0.42622,-0.017596,0.51459,-0.064591,0.11941,0.23837,-0.54129,0.042799,-0.30193,-0.088876,0.012668,0.097787,0.34144,0.28793,0.086663,0.14678,0.46007,0.098478,0.14274,-0.34469,0.15539,0.26276,0.20655,0.56104,-0.021956,0.31971,0.19464,0.39018,0.21646,0.15599,0.22659,0.062207,0.42695,-0.27894,0.058489,0.098492,0.23965,0.19236,0.31236,0.32289,0.33825,0.37135,-0.17019,0.45712,0.36565,0.29206,0.50227,0.28984,0.24381,0.47643,0.42589,0.10193,-0.024801,0.40885,0.19815,0.12519,0.079949,0.28467,0.4387,-0.049598,-0.11189,0.39472,0.24787,0.13702,0.2142,0.035284,0.049155,0.38363,0.10926,0.064754,0.46632,-0.16264,0.50351,0.45861,0.45485,0.34559,0.34892,0.34979,0.26305,0.24484,0.30174,-0.0055546,0.31711,0.082121,0.20598,0.46071,0.38431,0.095883,0.26305,0.050046,0.012323,-0.18164,0.13133,0.42404,0.37031,0.18972,0.14534,0.20927,0.012157,0.1231,0.035632,0.24163,0.15879,0.38168,0.13216,-0.15708,-0.0025888,0.34742,0.20646,0.29506,-0.038115,0.40757,0.29961,0.13439,-0.0050966,0.14819,0.18938,0.59088,0.21371,0.27433,0.30236,0.24615,0.38792
0.5008,0.5209,0.25497,1,0.26726,0.40732,-0.069213,-0.20194,0.59369,0.27569,0.20385,0.050564,-0.047346,0.38547,0.27122,0.32763,0.27408,0.10371,0.30897,0.22695,0.034034,-0.19554,0.20551,0.40176,0.099538,0.18519,-0.052284,0.080882,0.49666,0.30793,NaN,-0.15366,0.30107,0.48936,0.47024,0.20714,-0.088356,0.17513,0.64186,-0.067108,0.08971,0.29193,0.20474,0.32112,0.52677,0.73047,0.12066,0.48092,0.67903,0.039602,0.41719,0.083177,0.1002,0.14641,0.13569,0.17617,0.14501,-0.18956,0.37597,0.021652,0.19249,0.11438,0.15009,0.46345,0.4821,0.55389,0.065695,0.42077,0.69818,0.37747,-0.059466,0.021576,0.35024,0.18143,0.57893,0.047519,0.41997,0.37135,-0.15607,0.24977,0.70621,0.063317,0.0068659,0.084028,0.78771,0.047695,0.26498,0.24718,0.034815,0.58526,0.059648,-0.053515,0.041613,0.35625,0.083786,-0.068963,-0.44092,0.065866,-0.020075,0.20735,-0.12801,0.031578,0.44214,0.018264,0.21576,0.24609,0.46903,0.33445,0.22204,0.16934,-0.13124,-0.10417,0.05142,0.50782,0.1341,0.35413,0.25299,0.33705,0.067508,0.037937,0.40023,0.12169,-0.025886,0.40644,0.25328,0.34035,0.11869,0.19834,0.3223,0.067778,0.20693,0.1642,0.18044,0.35617,0.14552,0.52541,0.10178,0.098684,0.18349,0.17419,0.2552,0.32153,-0.19542,-0.071167,0.42698,0.19323,-0.01081,0.52159,-0.23933,0.35784,0.27272,0.29045,0.46736,0.29806,0.25897,0.12637,-0.11245,0.35098,-0.14128,0.29014,0.24871,0.44387,0.20692,0.20379,0.32882,0.13053,-0.0021282,0.53526,0.70419,0.43029,0.32182,0.17052,-0.13001,-0.19066,0.58187,0.35289,0.18011,-0.25711,0.47326,0.022655,0.029361,0.34281,-0.032226,-0.19347,0.48458,0.22474,-0.10303,0.29198,-0.13656,0.31733,0.2632,0.17163,0.13309,0.56947,0.18207,0.40648,-0.099335,0.26773,0.44838,0.53325
0.42121,0.17419,0.21405,0.26726,1,0.37714,0.11652,0.039102,-0.0068335,0.10322,0.27135,-0.015253,0.21457,0.06854,0.068964,0.16553,0.3804,0.25607,-0.29286,0.4999,-0.17949,0.0044891,0.033384,0.47041,0.23014,0.15921,-0.055219,-0.13533,0.50207,0.15569,NaN,-0.00057522,0.093544,0.33728,0.54257,0.19356,0.19972,0.12413,0.10187,-0.045524,-0.023484,0.25089,0.40804,0.20704,0.011518,0.33529,0.5181,0.13046,0.44638,0.25694,-0.041926,0.17913,0.20862,0.067746,-0.11308,-0.080225,0.51072,-0.20983,0.22268,0.13126,0.49702,0.29098,0.079516,0.25627,0.18681,0.31311,0.086375,0.19311,0.19612,-0.11137,0.13044,0.050828,0.16805,0.16219,0.11838,0.26788,0.10188,0.3987,-0.075675,0.25607,-0.15886,0.17392,-0.14799,0.053938,0.015499,0.12161,0.10086,0.27897,0.048566,0.35754,0.023882,-0.13379,0.26783,0.21939,0.019281,0.0010704,-0.19377,0.19776,0.3157,0.25914,0.34716,-0.10173,0.46163,-0.065696,-0.0075503,0.3728,-0.13253,0.20058,0.21395,0.13633,-0.15148,-0.091966,0.232,0.46859,0.03295,-0.025853,0.42018,0.2074,0.0085075,0.12907,0.35558,0.28067,0.04894,0.13485,0.030456,0.41952,0.026568,0.45572,0.46098,-0.048003,0.31378,-0.28373,0.030104,0.11835,0.094253,0.047912,0.26461,0.34104,0.20684,0.23861,-0.072399,0.51484,0.039532,0.13316,0.23443,0.34262,0.29243,0.18607,-0.067948,0.21228,0.36997,0.19506,0.17939,0.2157,0.077417,0.18289,-0.079674,-0.16177,0.43726,0.30509,0.37264,-0.041506,0.23805,-0.020001,0.18285,-0.0081459,0.039826,0.042795,0.032698,0.1863,0.27097,-0.028599,0.043684,0.098375,0.11863,0.12964,0.1504,0.31231,0.24711,0.19664,-0.044677,0.17687,0.17524,-0.039528,0.0333,0.42887,-0.0979,0.013264,0.39805,0.10547,0.32333,-0.24074,0.19647,0.38627,0.067606,0.32754,0.46405,0.20291,0.41241,0.44782
0.64506,0.055739,0.39558,0.40732,0.37714,1,-0.18035,0.13738,-0.12939,0.081295,0.075273,-0.31275,-0.006596,0.17548,0.34396,0.39178,0.24756,0.033184,0.11921,0.12118,0.04347,-0.14741,-0.047842,0.53648,-0.0040014,-0.014702,-0.035951,-0.1499,0.62192,0.1771,NaN,-0.12961,0.0074252,0.35889,0.077032,0.1768,0.42633,-0.10791,0.49759,0.23305,-0.098326,0.011012,0.25972,0.21902,0.21442,0.30654,0.17352,0.34073,0.5288,0.079913,-0.018215,-0.015814,0.038054,0.42956,0.093253,-0.13039,0.17618,-0.40265,0.24856,-0.38911,0.15645,0.59416,0.079533,0.0012288,0.51592,0.56452,-0.14553,0.19222,0.36067,-0.10354,0.22613,-0.24183,0.35911,-0.11328,0.28421,0.035597,0.21442,0.2185,-0.23402,0.16297,-0.089318,-0.18118,-0.22235,-0.20634,-0.019261,-0.16195,0.2837,0.2756,0.060129,0.36911,-0.12876,0.003116,0.07299,0.15284,-0.28336,0.051976,-0.44742,0.12138,0.23413,0.1751,0.11489,-0.16998,0.42254,0.01737,-0.17162,0.049329,0.057577,0.16853,0.24281,-0.061665,-0.44125,-0.18106,0.050146,0.41005,0.1005,0.063878,0.052004,0.27882,-0.1315,0.081852,0.37454,-0.039376,0.11451,0.73364,-0.19157,0.21001,0.09391,0.20578,0.44107,-0.099388,0.4802,-0.19397,0.016613,-0.034158,0.059909,0.10055,0.45031,-0.059044,0.20846,-0.057766,-0.17747,0.4488,-0.14927,0.026914,0.32092,-0.06813,0.47809,0.43706,-0.25959,0.26349,0.15503,0.25131,0.11996,0.085946,-0.067572,-0.12055,0.085496,-0.10568,0.019335,0.03848,0.19781,0.15052,0.23732,-0.075407,0.06153,-0.23951,0.074105,0.3321,0.041086,0.19386,0.20259,-0.062214,0.033129,0.23239,0.17722,0.32998,0.29149,-0.039217,0.59604,-0.1804,0.054692,0.4021,-0.063538,0.018575,0.00702,0.25082,-0.059134,0.093789,0.15715,0.41585,0.34633,0.0097793,0.099215,0.58438,0.74668,0.022572,0.021569,0.12064,0.23147,0.21651
0.03576,0.20509,0.48262,-0.069213,0.11652,-0.18035,1,0.054769,0.17924,0.38531,0.35339,-0.10682,0.25691,0.17053,0.22372,0.26874,0.13568,0.24011,0.13002,0.31214,-0.22553,0.22625,0.036512,0.091124,0.19299,-0.1016,0.40719,0.49596,-0.14946,0.026947,NaN,0.3061,0.29459,0.33774,0.31379,-0.019248,-0.05804,0.21438,-0.18492,-0.067572,0.043495,0.4065,0.17431,0.44564,0.12299,0.16132,0.14976,-0.017768,0.053822,0.033887,0.25397,0.25903,-0.18195,-0.16024,0.24533,-0.37098,0.18382,-0.17251,0.26236,0.030374,-0.090182,0.20038,0.04797,0.31224,-0.061562,0.013277,0.3173,-0.18855,0.28106,0.12589,-0.022293,0.35231,0.014061,0.16722,0.027514,0.30226,0.20227,0.23445,0.35984,0.4182,-0.061124,0.042911,0.54404,-0.10711,0.07541,0.091146,-0.0022941,-0.36051,0.080221,0.09239,-0.068428,0.10166,-0.014176,0.40019,0.35984,-0.52933,0.057132,0.14198,0.3061,0.37062,0.33207,0.13794,0.16861,0.44301,0.54717,0.062563,0.15244,0.18368,-0.15099,0.34035,-0.068343,-0.42297,-0.032826,0.025013,0.26015,0.36652,0.21051,0.27158,0.36351,0.18456,0.27829,0.53983,0.20111,0.098695,0.31362,0.23736,0.19502,0.45019,-0.093212,0.053257,0.19107,0.33966,-0.31102,0.18795,0.24767,0.28657,-0.14746,0.18132,0.3364,0.41283,0.22695,0.18213,0.3141,-0.17181,0.30796,0.20185,-0.10514,0.054467,0.33556,0.2737,0.20568,0.1055,0.14463,0.46905,0.30956,0.28844,0.073182,0.22686,-0.0023142,0.43772,0.10747,0.23934,0.21827,0.57269,0.23106,0.18096,-0.066169,0.06177,-0.27042,0.02518,0.48646,0.39057,0.41469,-0.079665,-0.081549,-0.074447,-0.029647,0.022945,-0.12158,0.58057,0.38321,0.09756,0.11269,0.092221,0.38819,-0.01681,0.22125,-0.15888,0.50136,0.42539,0.075737,-0.056631,-0.17117,-0.10335,0.091824,0.55827,0.49545,0.40478,0.19691,0.20624
0.29353,0.12325,0.088675,-0.20194,0.039102,0.13738,0.054769,1,0.11796,0.16593,0.2291,0.26545,0.36479,0.19418,0.50977,0.32129,-0.34077,0.21371,0.015304,0.30363,0.29055,0.26374,0.044639,0.28747,0.024912,0.21534,0.26486,0.37657,0.10571,0.27473,NaN,0.29095,0.24582,0.1911,0.070814,0.3811,-0.16903,-0.13286,-0.00042967,0.29285,-0.0033615,0.24901,0.15495,-0.08696,-0.41959,-0.27172,0.31109,0.018431,-0.06413,0.14339,0.29566,0.18364,0.075421,0.17031,-0.01303,-0.13147,0.038659,-0.14094,0.39887,-0.32433,0.16322,0.06644,-0.34737,0.18801,-0.04506,0.28115,-0.031445,-0.17723,-0.11867,-0.099219,0.36027,0.13379,0.0086137,0.29195,-0.065595,-0.075446,0.1518,0.46623,0.39994,0.088134,-0.33808,0.10944,0.1197,0.3087,-0.3763,0.15852,0.21463,0.17802,0.336,0.032961,0.022129,-0.12281,0.0928,0.078778,0.15254,-0.099677,0.036575,-0.30705,0.33204,0.31462,0.51296,0.4252,-0.0063033,-0.040127,0.25664,0.34719,-0.27469,0.1937,0.16887,0.033461,-0.57743,0.26917,-0.1461,0.027098,-0.031677,-0.0045067,-0.15259,0.21004,0.38658,0.24709,0.12494,0.085873,0.1336,0.15427,0.21135,0.045109,0.15232,0.35291,0.014721,0.35331,0.41396,0.2293,0.2706,0.20645,0.35802,-0.079562,0.44706,0.086186,0.26386,0.045968,-0.067792,0.25728,0.17243,0.033432,0.28462,0.03084,-0.19766,-0.1251,-0.015927,0.15029,0.044127,0.35032,0.20141,0.25124,0.39019,0.18253,0.022418,-0.050841,0.39887,-0.027896,0.59116,0.030251,-0.028747,0.23812,0.13987,0.27073,0.1253,0.23386,-0.38322,0.53939,0.26373,0.11992,0.34096,0.4203,0.062689,-0.29115,0.12328,0.33446,0.054932,0.1515,0.42891,0.42782,0.26233,0.30923,-0.084856,0.29675,0.48742,-0.15907,0.34526,0.41163,-0.043074,0.25097,0.17977,0.45402,0.33849,0.10686,0.22885,0.36748,0.081414,0.15673
0.26321,0.67359,0.11602,0.59369,-0.0068335,-0.12939,0.17924,0.11796,1,0.30371,0.38581,0.41655,0.29788,0.48946,0.42594,0.43232,0.17608,0.41152,0.28577,0.4566,0.1198,0.27671,0.14531,0.25807,0.21535,0.10194,0.51116,0.56031,0.16682,0.41075,NaN,0.42175,0.46227,0.56635,0.61901,0.25197,-0.51202,0.26567,0.4499,0.17312,0.16078,0.53105,0.3574,0.31826,0.47605,0.48105,0.2712,0.2019,0.29088,0.034504,0.54599,0.35913,0.050789,0.007391,0.072729,0.27994,0.25094,-0.027688,0.59318,0.28892,0.3173,-0.21197,0.050394,0.6657,0.15054,0.38405,0.26076,0.36508,0.34494,0.6341,0.22296,0.54786,0.034898,0.61172,0.42983,0.14659,0.66308,0.46756,0.10209,0.34631,0.6553,0.2215,0.34048,0.39417,0.62307,0.167,0.33372,0.21796,0.17542,0.27818,0.1331,0.16018,-0.1375,0.35319,0.3861,-0.10265,0.04159,0.17388,0.1912,0.41595,0.22252,0.38035,0.40123,0.10811,0.58853,0.52882,0.53146,0.60528,0.15468,0.27274,-0.061042,0.14175,-0.18094,0.47681,0.23295,0.46456,0.28377,0.31732,0.55599,0.26319,0.37325,0.27819,0.25431,0.098572,0.58842,0.28898,0.39609,0.13129,0.090943,0.33015,0.39139,0.60126,0.36197,0.50555,0.096955,0.58778,0.1432,0.34949,0.38238,0.40633,0.47656,0.31671,0.25406,0.036651,0.40584,0.18599,-0.36121,0.041754,0.13975,0.38278,0.1532,0.33674,0.63843,0.58424,0.52496,0.55438,0.11246,0.69089,-0.14879,0.32254,0.39722,0.41971,0.15393,0.60929,0.5498,0.53654,0.057205,0.45976,0.47877,0.38751,0.55293,0.55894,0.033024,0.0047159,0.38048,0.10589,0.12962,-0.022654,0.14567,0.26918,0.51253,0.5792,0.38005,0.077634,0.72349,0.087551,0.29594,0.34723,0.058984,0.24055,0.32918,0.42447,0.11855,0.45112,0.0068979,0.46427,0.017825,0.50757,0.51601,0.59899
0.40414,0.4827,0.13778,0.27569,0.10322,0.081295,0.38531,0.16593,0.30371,1,0.46602,-0.079248,0.30391,0.59842,0.39379,0.60627,0.064755,0.34488,0.22,0.38417,-0.35675,0.26655,-0.021912,0.33527,0.043193,0.43341,0.14776,0.58999,0.049494,0.42919,NaN,0.31013,0.36377,0.73088,0.46309,-0.1082,-0.2121,0.28869,0.11308,0.18978,0.093337,0.57462,0.034792,0.34954,0.32705,0.33591,0.35235,0.2992,0.29433,0.22898,0.54734,0.46857,-0.22964,0.18513,-0.17196,0.09155,0.3465,0.1361,0.51245,-0.10752,0.19175,0.14729,0.39162,0.38574,0.44209,0.40589,-0.028196,0.25315,0.16532,0.45689,0.21062,0.29282,0.52537,0.41254,0.50033,0.22941,0.37851,0.30635,0.32091,0.34608,0.16283,0.13353,0.44647,0.35776,0.23933,0.57482,0.38597,0.40173,0.19797,0.52149,-0.085882,0.065478,0.097115,0.63559,0.35499,-0.30962,-0.31096,0.044674,0.2525,0.51823,-0.033377,0.38033,0.53347,0.14958,0.33987,-0.16428,0.45099,0.24548,-0.00069987,0.27813,-0.28292,-0.11153,-0.25684,0.36579,0.54509,0.35802,0.14425,0.4809,0.065636,0.38683,0.57614,0.17373,0.41073,0.031066,0.55162,0.52135,0.3167,0.45967,0.11278,0.10359,0.43175,0.33249,0.063846,0.48072,0.49581,0.085543,-0.037708,0.26222,0.53936,0.6011,0.12374,0.27704,-0.028105,0.43442,0.66347,0.35067,-0.20401,0.27681,0.092173,0.64743,0.15855,0.3465,0.12165,0.61871,0.33566,-0.028348,0.015998,0.45639,0.056974,0.56593,0.30472,0.64535,0.44868,0.54039,0.41579,0.48526,0.54089,0.19785,0.092927,0.32171,0.42053,0.53702,0.30494,0.40202,0.24565,0.15092,0.088797,0.069699,0.10747,0.53692,0.04326,0.24834,0.30525,0.36602,0.40963,0.18254,0.26977,-0.10243,0.20081,0.63718,0.22802,0.20906,-0.14063,0.39732,0.14508,0.47668,0.34326,0.6358,0.50604,0.45171
0.25407,0.41039,0.49902,0.20385,0.27135,0.075273,0.35339,0.2291,0.38581,0.46602,1,-0.12644,0.49555,0.2628,0.32066,0.51519,0.021702,0.41983,-0.078383,0.61991,-0.106,0.36338,0.022761,0.37259,0.18014,0.40558,0.31399,0.47177,-0.069514,0.49369,NaN,0.2331,0.53685,0.64474,0.51098,0.035283,-0.21509,0.2365,0.10699,0.40026,0.22689,0.55205,0.55314,0.64228,0.43634,0.41157,0.57488,0.13054,0.43897,0.43202,0.5079,0.42708,-0.041776,0.33047,0.21308,0.32475,0.41961,-0.24938,0.398,0.1639,0.55412,0.19436,0.12446,0.51471,0.44801,0.45929,0.16542,-0.096105,0.20014,0.6252,0.44186,0.48545,0.31545,0.47987,0.45206,0.58717,0.4402,0.67615,0.35042,0.34409,-0.058819,0.35731,0.43282,0.054151,0.10961,0.14591,0.29799,0.37725,0.42975,0.33164,0.023138,0.24997,0.14752,0.39933,0.33751,-0.005142,-0.21163,0.28415,0.51283,0.38451,0.52121,0.24831,0.42817,0.37993,0.52471,0.18686,0.3788,0.68281,0.45127,0.23584,-0.22582,0.2283,-0.078886,0.26644,0.46853,0.43531,0.18607,0.35068,0.63637,0.20823,0.56096,0.29093,0.7396,0.22504,0.71638,0.33896,0.71372,0.38795,0.062442,0.51435,0.50759,0.13934,0.50278,0.26618,0.53348,0.43309,0.18137,0.22133,0.30277,0.39528,0.1993,0.45339,0.11377,0.39187,0.32395,0.20615,-0.12876,0.18157,0.037303,0.58156,0.34568,0.56166,0.40715,0.6662,0.63304,0.30546,0.21446,0.5163,0.054774,0.2224,0.38261,0.3897,0.59432,0.44024,0.36693,0.40947,0.15985,-0.11711,0.083683,0.35253,0.60002,0.51278,0.21663,0.47272,0.30003,0.068694,0.31199,0.3073,-0.007218,0.24409,0.56814,0.32405,0.44652,0.1787,0.35051,0.35271,0.52705,-0.061588,0.53867,0.24046,0.043278,0.19852,0.38581,0.50847,0.33299,0.29894,0.66336,0.62401,0.46673,0.57042
-0.044001,0.11566,-0.19406,0.050564,-0.015253,-0.31275,-0.10682,0.26545,0.41655,-0.079248,-0.12644,1,0.15014,0.036024,0.17398,-0.028426,-0.40316,0.19399,0.081405,0.20003,0.046388,0.19584,0.042173,-0.028104,0.16556,-0.139,0.098832,0.078858,0.065089,0.10827,NaN,0.3725,0.073189,-0.018201,0.25803,0.010223,-0.64697,0.058966,0.078963,-0.14645,0.11001,0.10407,0.041472,-0.20876,-0.15161,-0.27529,0.19883,0.20646,0.0092648,0.12293,0.20067,0.24367,-0.22639,0.13099,-0.0932,0.030894,-0.063545,0.053244,0.08711,0.16075,0.00011267,-0.5743,-0.035117,-0.0090651,-0.082227,0.069457,0.29542,0.026987,0.070266,0.096514,0.10762,0.15109,-0.030006,0.25213,0.0065001,0.062944,-0.0011851,0.25396,-0.078998,-0.047635,0.11271,0.1384,-0.038742,0.36577,0.12515,0.059999,0.14151,0.22711,-0.01674,-0.068088,-0.087394,-0.1755,-0.2116,-0.02411,-0.12509,0.052124,0.073137,0.05424,-0.096714,0.18518,0.24214,0.3641,-0.13563,-0.014223,0.092367,0.37735,-0.19748,0.045049,0.16244,0.086904,-0.040587,0.14201,0.034304,0.090203,-0.26636,-0.16475,0.050539,0.023182,0.24307,0.013852,-0.0084311,0.17672,0.0088119,-0.48225,0.069852,0.077188,0.068035,-0.10724,0.092022,-0.041411,-0.12433,0.53575,0.17499,-0.10928,0.10827,0.083478,0.10496,0.21689,0.010781,-0.023206,0.13542,-0.022252,0.15253,-0.042481,-0.18259,-0.042819,-0.59084,-0.076179,-0.087473,-0.22899,-0.098293,0.084685,0.4541,-0.01682,0.15488,0.27289,0.26068,0.0572,0.053904,0.1121,0.22659,-0.057029,-0.13097,0.12762,0.081245,0.50531,0.12581,0.025149,0.09084,0.3471,1.4511e-05,0.085279,0.1095,0.026453,0.10892,-0.15358,0.071766,0.25635,-0.2852,0.065232,0.20017,0.096734,0.17813,0.04908,0.10259,-0.25393,0.12873,0.053344,-0.17926,-0.13259,0.010249,0.16953,0.17944,0.085421,-0.30389,0.043787,-0.064754,0.0047996,-0.059812,0.044095
0.07885,0.31917,0.089871,-0.047346,0.21457,-0.006596,0.25691,0.36479,0.29788,0.30391,0.49555,0.15014,1,0.37193,0.35412,0.58472,-0.11628,0.45628,-0.087378,0.5021,-0.29564,0.3509,0.11832,0.25885,-0.28148,0.17382,0.34521,0.45261,0.28341,0.30613,NaN,0.42151,0.2227,0.57093,0.51951,-0.042055,-0.19698,-0.15697,0.11368,0.18577,0.092879,0.51006,0.28175,0.24299,0.11936,0.18975,0.38953,-0.027764,0.17739,-0.15393,0.57186,0.4928,0.24772,0.42788,-0.18178,0.0080007,0.51885,0.051556,0.44206,-0.0066694,0.42371,0.06741,0.17856,0.30205,0.018085,0.22246,0.0032132,-0.020745,-0.021293,0.2633,0.51539,0.43834,0.084989,0.53871,0.10774,0.14194,0.30872,0.46559,-0.0088814,0.41256,-0.001621,0.15549,0.49529,0.22993,0.020317,0.19412,0.60637,0.5123,0.80918,0.12233,-0.0013277,-0.033364,0.25503,0.2392,0.35361,-0.084694,0.089916,0.24428,0.58663,0.66506,0.35142,0.62098,0.20627,0.033386,0.47665,0.064551,0.048988,0.5291,0.27669,0.14364,-0.23902,0.089538,-0.27303,0.16268,0.288,0.37,-0.2823,0.15547,0.41915,0.33132,0.46191,0.38195,0.44386,-0.059452,0.11854,0.45623,0.38919,0.37308,0.17716,0.34446,0.33683,0.24139,0.35392,0.32745,0.25484,-0.086745,0.59824,0.26088,0.38949,0.21309,0.079415,0.36444,0.30552,0.33469,-0.0023647,0.35619,-0.20208,-0.060634,0.36375,0.20762,0.31061,0.51107,0.21577,0.65704,0.66948,0.44494,0.077155,0.23657,-0.024442,0.19997,0.39169,0.1185,0.46251,0.41128,0.7724,0.32126,0.33749,0.13923,0.067495,0.33243,0.50429,0.31584,0.37048,0.54183,-0.021571,0.0060291,0.15227,0.25303,0.30094,0.16165,0.4572,0.48365,0.64531,0.13781,0.26036,0.34863,0.52625,0.12416,0.38664,0.49343,0.043384,0.40442,0.51094,0.31437,0.11309,0.16318,0.46711,0.43442,0.42493,0.36909
0.5352,0.50682,-0.073516,0.38547,0.06854,0.17548,0.17053,0.19418,0.48946,0.59842,0.2628,0.036024,0.37193,1,0.62822,0.82046,0.14414,0.72528,0.12499,0.53206,0.042627,0.51325,0.0097282,0.45477,0.1706,0.53175,0.25432,0.6833,0.37534,0.60765,NaN,0.59025,0.26301,0.69841,0.38463,0.3105,-0.36498,0.27111,0.31571,0.31839,-0.22172,0.38398,0.2916,0.31049,0.35934,0.43363,0.35115,0.29245,0.36167,-0.037953,0.54568,0.5921,-0.16831,0.010359,-0.065345,0.18911,0.24935,0.3062,0.65099,0.11484,0.090004,0.082164,0.31085,0.57403,0.37808,0.51555,-0.050255,0.41561,0.032665,0.28418,0.58059,0.41069,0.36904,0.70662,0.59727,0.12177,0.55755,0.46582,0.30995,0.21394,0.48097,0.11852,0.50752,0.57883,0.35216,0.45913,0.56164,0.29376,0.37451,0.51696,-0.25685,0.053037,0.070762,0.59072,0.57628,-0.14944,-0.16542,0.16105,0.33231,0.6934,0.013836,0.45692,0.56646,0.089302,0.39622,0.12576,0.49715,0.38706,-0.053546,-0.17167,-0.051629,-0.03015,-0.38555,0.43547,0.30745,0.75554,0.017376,0.52177,0.32298,0.56291,0.55223,0.45299,0.27097,0.25999,0.35679,0.51861,0.12144,0.41542,0.27116,0.12985,0.36488,0.17897,0.26358,0.51229,0.42188,0.18831,0.34828,0.64314,0.57862,0.5801,0.36418,0.49728,0.40734,0.10859,0.43614,0.40102,-0.11239,0.11759,0.19772,0.37736,0.29732,0.36355,0.47726,0.69317,0.41024,0.2635,0.29221,0.42074,0.22923,0.48356,0.49624,0.70282,0.057134,0.59725,0.65299,0.35426,0.2311,0.53366,0.3545,0.55912,0.61561,0.50123,0.44432,0.2587,0.034354,0.53039,0.068772,0.11374,0.22992,0.36403,0.27289,0.72838,0.67463,0.20858,0.64527,0.21277,0.45165,0.11133,0.32612,0.5986,0.27397,0.5072,-0.093231,0.45211,0.25944,0.61783,0.21422,0.65201,0.65864,0.51905
0.32443,0.60694,0.35466,0.27122,0.068964,0.34396,0.22372,0.50977,0.42594,0.39379,0.32066,0.17398,0.35412,0.62822,1,0.67178,-0.13135,0.52398,0.39129,0.49131,0.36345,0.29634,0.34503,0.24645,0.28773,0.2018,0.58023,0.71296,0.21324,0.59436,NaN,0.41096,0.50018,0.60007,0.43662,0.56638,-0.41448,-0.076976,0.4348,0.23738,-0.15348,0.32186,0.44786,0.32803,0.28542,0.20463,0.39181,0.35224,0.34441,0.14359,0.46633,0.45828,-0.023211,0.27228,0.14745,0.095128,0.26844,-0.2413,0.67283,0.094982,0.29477,-0.033667,-0.02446,0.55281,0.37127,0.52114,0.22056,0.14567,0.27032,0.3097,0.47301,0.50752,0.36768,0.68466,0.3069,0.063965,0.68251,0.55645,0.26458,0.46298,0.23052,0.36927,0.58351,0.18227,0.13614,0.12462,0.48955,0.22635,0.31298,0.4616,-0.17543,0.1152,0.14989,0.5651,0.2934,-0.12088,-0.22427,0.063247,0.62301,0.69347,0.283,0.49223,0.50284,0.19393,0.52154,0.3175,0.31267,0.31588,0.26924,0.14783,-0.26308,0.093447,-0.13381,0.41334,-0.12029,0.6056,-0.046213,0.38975,0.60322,0.18505,0.60009,0.34417,0.27836,0.41194,0.38546,0.52134,0.41426,0.35717,0.1915,-0.014704,0.52742,0.44127,0.30372,0.35089,0.45562,0.28221,0.26276,0.32064,0.57603,0.56057,0.50888,0.25838,0.23665,-0.0067171,0.4946,0.29699,-0.36541,0.29029,-0.046885,0.29013,0.39216,0.6214,0.53803,0.60563,0.67685,0.45,0.32478,0.45893,0.39202,0.36081,0.72401,0.42125,0.059919,0.50588,0.52801,0.44743,0.24574,0.39966,-0.014158,0.61404,0.67189,0.59445,0.47435,0.28353,-0.034949,0.26942,0.15997,0.2957,0.22753,0.46699,0.57666,0.73346,0.39772,0.33637,0.4491,0.28818,0.65995,0.028308,0.32659,0.50313,0.13366,0.51465,0.1602,0.41759,0.50333,0.58559,0.27152,0.57288,0.57329,0.51104
0.5579,0.48165,0.30894,0.32763,0.16553,0.39178,0.26874,0.32129,0.43232,0.60627,0.51519,-0.028426,0.58472,0.82046,0.67178,1,0.10121,0.57,0.1237,0.5459,-0.13279,0.36177,0.0046171,0.58121,0.037965,0.39153,0.37701,0.65046,0.44955,0.61986,NaN,0.49861,0.22368,0.82186,0.45443,0.13443,-0.20809,0.21827,0.39547,0.32392,-0.29427,0.42893,0.42101,0.45003,0.37923,0.44904,0.53498,0.26279,0.50942,-0.034218,0.59505,0.72163,-0.13451,0.30753,0.027432,0.175,0.50372,-0.029647,0.7443,-0.085444,0.19892,0.37471,0.40385,0.48316,0.50807,0.59676,0.12142,0.38615,0.15254,0.32657,0.72844,0.42556,0.41569,0.62714,0.55853,0.27411,0.6109,0.57789,0.12699,0.36396,0.25709,0.028384,0.48231,0.28297,0.22763,0.23542,0.57323,0.42649,0.51899,0.49719,-0.081814,0.041669,0.16098,0.65864,0.45037,-0.060032,-0.18758,0.34153,0.41648,0.75074,0.3237,0.48274,0.60543,0.12954,0.44538,0.076188,0.37085,0.49586,0.14567,-0.14535,-0.34845,0.06328,-0.35782,0.41535,0.4269,0.66959,0.075333,0.55077,0.45278,0.49728,0.71054,0.41578,0.4855,0.44068,0.30363,0.64126,0.3383,0.5404,0.18621,0.17466,0.5894,0.25765,0.29191,0.40453,0.40311,0.21745,0.49474,0.41025,0.73076,0.54523,0.10696,0.60266,0.33322,0.29231,0.47427,0.29812,-0.0068005,0.16461,0.31127,0.54873,0.33534,0.5923,0.53302,0.81334,0.53804,0.21791,0.29348,0.3891,0.090396,0.4695,0.4423,0.58964,0.29485,0.6178,0.6914,0.43209,0.34831,0.36252,0.16568,0.57336,0.68022,0.59203,0.42705,0.47666,0.1589,0.52826,0.21404,0.12649,0.34801,0.27917,0.47395,0.77166,0.57756,0.22656,0.59004,0.3232,0.50217,0.081994,0.50986,0.67536,0.23664,0.52041,0.1502,0.5515,0.58344,0.492,0.41093,0.64809,0.70622,0.50361
0.1964,0.17203,0.060773,0.27408,0.3804,0.24756,0.13568,-0.34077,0.17608,0.064755,0.021702,-0.40316,-0.11628,0.14414,-0.13135,0.10121,1,0.12899,-0.0033549,-0.0096131,0.03977,0.07388,-0.22424,0.091648,0.1348,-0.22826,0.10911,-0.034851,0.25418,-0.2153,NaN,0.10225,0.071855,0.24326,0.24278,0.19676,0.44715,0.20347,0.19249,0.16234,-0.2455,0.12497,0.18055,0.098965,0.30211,0.44446,0.20077,-0.011761,0.20001,-0.00036131,-0.24326,0.012404,0.020326,-0.28023,-0.01526,0.03388,0.44057,0.021937,0.16762,0.12408,0.18519,0.39023,0.20953,0.21201,0.0089437,-0.13668,0.036618,0.41362,0.037843,0.02885,-0.036059,0.024758,0.063449,0.066209,0.11125,0.12717,0.27071,-0.14104,-0.02443,0.27452,0.21709,-0.22012,-0.18829,0.041546,0.17002,0.14927,-0.09696,-0.18321,-0.31397,0.22918,0.021884,0.31503,-0.12482,0.24517,0.076939,-0.0071741,-0.030518,0.41155,-0.025229,-0.024938,-0.025903,-0.16571,0.5018,0.19178,-0.018965,0.1168,0.25571,0.12205,-0.1605,0.10614,0.15703,-0.24374,0.020999,0.49686,0.20859,0.14567,0.38218,-0.035266,-0.25153,0.28342,0.27125,0.13459,-0.097467,0.36436,0.071407,0.24169,-0.013418,0.04799,0.17022,0.19587,0.36694,-0.15135,-0.22319,0.18343,-0.50267,0.29811,-0.043698,0.36801,0.24941,0.31811,0.004676,0.2054,0.15752,0.045384,0.34978,0.1288,0.56743,0.087452,0.22665,0.24093,0.070433,-0.17266,-0.18479,0.12729,-0.234,0.095177,-0.032858,0.05574,0.051438,0.16775,-0.0055735,0.089786,-0.00084491,0.17985,0.065436,-0.29953,-0.10092,0.20965,0.15033,-0.26885,0.26695,-0.062062,-0.074062,-0.20962,0.034045,0.27069,-0.076347,-0.13026,0.19593,0.25792,-0.15517,0.20031,0.10604,0.027238,0.2737,-0.083694,-0.35992,0.29655,0.21926,0.036582,0.3511,-0.12522,-0.085817,0.11921,0.051343,0.30514,0.13746,0.24563,0.37655,0.29885
0.39644,0.40124,-0.021725,0.10371,0.25607,0.033184,0.24011,0.21371,0.41152,0.34488,0.41983,0.19399,0.45628,0.72528,0.52398,0.57,0.12899,1,0.060415,0.79903,0.053753,0.80548,-0.067411,0.36964,0.46802,0.29122,0.38418,0.59905,0.23238,0.59279,NaN,0.77291,0.43381,0.54162,0.5209,0.35672,-0.45311,0.31393,0.064586,0.5429,0.079221,0.46072,0.62865,0.48473,0.39021,0.19131,0.46817,0.35874,0.3353,0.32173,0.39125,0.60011,-0.21227,0.091084,-0.12163,0.19789,0.35686,0.3542,0.54526,0.44658,0.31921,-0.12435,0.17369,0.59963,0.35312,0.45445,0.029921,0.17018,-0.005163,0.37032,0.67998,0.5521,0.36818,0.74827,0.58271,0.31019,0.53279,0.61795,0.41523,0.29999,0.14559,0.39945,0.52778,0.59627,0.068183,0.49091,0.39284,0.33165,0.2435,0.42694,-0.35822,0.34393,0.059958,0.46499,0.4263,-0.033576,-0.18685,0.3442,0.55077,0.53685,0.38308,0.35364,0.55841,0.30248,0.47163,0.40951,0.47075,0.6519,0.083296,0.047827,0.19066,-0.077509,-0.15413,0.50614,0.2395,0.65989,0.093573,0.40307,0.46902,0.57456,0.54825,0.70744,0.51696,-0.011509,0.51775,0.49608,0.41136,0.2725,0.44874,0.2201,0.40265,0.16004,0.35309,0.27456,0.50163,0.36087,0.28717,0.85878,0.38478,0.50099,0.44919,0.58118,0.48623,0.022333,0.20248,0.40825,-0.19731,0.10241,0.097604,0.31682,0.45495,0.35139,0.4557,0.6201,0.43225,0.5763,0.58558,0.47659,0.40972,0.34496,0.55524,0.57428,0.18893,0.61055,0.48164,0.33057,0.0069485,0.2752,0.19887,0.34869,0.69635,0.47001,0.66449,0.31889,-0.060627,0.20329,0.078425,0.48064,-0.095087,0.34357,0.46507,0.65017,0.83795,0.14353,0.5163,0.10902,0.60622,0.19646,0.56791,0.34365,0.38054,0.45931,0.095198,0.35045,0.025596,0.48548,0.47352,0.64448,0.57408,0.57185
0.12091,0.53868,0.35559,0.30897,-0.29286,0.11921,0.13002,0.015304,0.28577,0.22,-0.078383,0.081405,-0.087378,0.12499,0.39129,0.1237,-0.0033549,0.060415,1,0.011355,0.13201,-0.054285,0.46214,-0.05549,0.18355,-0.44107,0.35595,0.29913,0.10756,0.29258,NaN,0.021212,0.56988,0.18148,0.28208,0.062505,-0.21354,-0.021905,0.43493,-0.15769,0.11594,0.38578,-0.0084958,0.31333,0.49513,-0.1208,-0.053937,0.61903,0.18569,0.27236,0.3124,0.20761,-0.23677,0.18482,0.12476,0.1215,0.093794,-0.056373,0.51098,0.1068,-0.11416,-0.19784,0.056605,0.33667,0.4111,0.15902,0.33929,0.18944,0.3602,0.3615,-0.20319,0.25488,0.39266,0.13204,0.32422,-0.25686,0.45073,0.20462,0.055955,0.63264,0.28628,0.19065,0.37211,0.10501,0.076982,0.27464,0.049174,0.082515,-0.15506,0.4807,0.19517,-0.00020049,0.075911,0.53773,-0.10369,0.082273,-0.40417,-0.090533,0.14717,0.11184,-0.03718,0.12997,0.15682,-0.0079079,0.35233,0.17584,0.48348,0.089527,-0.12562,0.52175,0.047448,-0.059437,-0.095177,0.40212,0.06424,0.22844,0.14642,0.25443,-0.044677,-0.046123,0.34179,0.25865,-0.14564,0.12891,0.29739,0.28726,0.17923,0.025885,0.028944,-0.15552,0.3597,0.63324,0.093439,0.41074,0.18788,0.44137,-0.33805,-0.081552,0.43878,0.27839,0.40591,-0.13851,-0.13074,-0.029586,0.50357,0.091372,-0.38746,0.55656,-0.18076,0.32853,0.31026,0.24986,0.016637,0.27462,0.28797,0.34643,0.07863,0.52498,0.016283,0.43195,-0.08465,0.34727,0.1994,0.30221,0.14412,0.23825,-0.025654,0.49251,-0.055394,0.087033,0.29157,0.36721,0.45181,-0.012318,0.14211,-0.08095,-0.065304,-0.17612,0.25556,0.088687,0.1032,0.2108,-0.2527,-0.21474,0.33317,0.029834,0.28754,0.34775,-0.040403,0.31787,0.17363,0.52438,0.11,0.068873,0.0027363,0.22331,-0.19324,0.17742,0.34241,0.29013
0.53339,0.5382,0.29918,0.22695,0.4999,0.12118,0.31214,0.30363,0.4566,0.38417,0.61991,0.20003,0.5021,0.53206,0.49131,0.5459,-0.0096131,0.79903,0.011355,1,-0.078287,0.63619,0.14104,0.56873,0.53571,0.37124,0.47711,0.50612,0.26464,0.70816,NaN,0.60067,0.51563,0.64605,0.73349,0.27379,-0.46177,0.34476,0.15691,0.41293,0.31539,0.62664,0.70722,0.60888,0.39879,0.318,0.61871,0.27564,0.43821,0.43229,0.54277,0.58183,-0.0086575,0.26297,-0.096489,0.17693,0.3791,0.0054152,0.62605,0.35838,0.49015,-0.015763,-0.00051082,0.73922,0.42907,0.67908,0.18787,0.051122,0.16796,0.50266,0.56644,0.65309,0.19516,0.66484,0.58621,0.3628,0.47043,0.81212,0.30594,0.39888,0.050961,0.55322,0.50191,0.39038,0.096425,0.35213,0.3501,0.52001,0.37017,0.41112,-0.022899,0.17372,0.29764,0.42262,0.45011,0.0066513,-0.14698,0.10913,0.62995,0.60665,0.63509,0.2974,0.55501,0.022014,0.57363,0.55462,0.40685,0.71768,0.12048,0.27279,-0.090301,0.069263,-0.021022,0.50796,0.41518,0.5269,0.32946,0.6279,0.57402,0.40527,0.48433,0.6629,0.61101,0.03387,0.58337,0.40082,0.52147,0.49256,0.44122,0.15,0.5089,0.11451,0.47259,0.39522,0.65207,0.32475,0.31841,0.61982,0.47145,0.49999,0.40969,0.70302,0.41164,0.19732,0.34377,0.4717,-0.21316,0.10934,-0.017471,0.57078,0.57434,0.57513,0.62384,0.67492,0.51853,0.59545,0.3983,0.52757,0.32164,0.45093,0.54816,0.56361,0.51427,0.58012,0.47466,0.54304,0.15653,0.21848,0.14523,0.40282,0.67113,0.57107,0.4406,0.44005,0.18918,0.059607,0.17921,0.41761,0.09994,0.27402,0.47055,0.58147,0.64972,0.14949,0.51046,0.46227,0.66634,0.17508,0.51785,0.3964,0.5258,0.26645,0.063235,0.52281,0.13917,0.44757,0.40269,0.66325,0.58236,0.72264
-0.097469,0.1409,-0.020929,0.034034,-0.17949,0.04347,-0.22553,0.29055,0.1198,-0.35675,-0.106,0.046388,-0.29564,0.042627,0.36345,-0.13279,0.03977,0.053753,0.13201,-0.078287,1,0.08561,0.067237,-0.20726,0.40893,0.034032,0.15895,0.076592,-0.23472,-0.049166,NaN,0.00025861,0.32743,-0.12238,-0.21138,0.64543,-0.14209,-0.04518,0.34833,0.13614,-0.23613,-0.19307,0.19372,-0.2363,-0.057429,-0.034875,0.026309,-0.1493,-0.19847,0.20313,-0.15615,-0.14736,0.069165,-0.16908,0.31885,0.060256,-0.23343,-0.28507,0.075097,0.11416,0.025206,-0.22974,-0.44367,0.26921,-0.19453,-0.11106,0.28186,-0.17067,-0.11234,0.017432,0.056675,0.20088,-0.21994,0.16259,-0.098996,-0.20552,0.080719,0.081517,0.46265,-0.08612,0.15373,0.1787,0.040177,0.084862,-0.071696,-0.10285,-0.13839,-0.31503,-0.20537,-0.14181,-0.10019,0.21529,0.018315,-0.031912,0.022158,0.069668,0.20053,-0.14169,0.13774,-0.056689,0.037806,0.10307,0.0086489,0.14722,0.056084,0.24008,0.084989,-0.080414,0.1444,-0.095655,-0.069478,0.23079,0.197,-0.087031,-0.51982,0.14029,-0.022003,-0.176,0.28731,5.6949e-05,-0.19793,-0.012679,-0.20491,0.37319,0.14798,-0.16688,0.036299,-0.30597,-0.12233,0.12373,0.067644,0.042187,0.29421,0.046524,-0.017182,0.25848,-0.03942,0.068673,-0.036903,0.13921,0.36217,-0.17071,0.30779,-0.21395,0.082167,-0.099512,-0.098407,-0.13752,-0.12224,-0.17076,-0.081945,0.10485,0.16658,-0.10834,0.15277,0.17529,0.14785,0.067859,0.41541,-0.15902,0.33028,-0.043942,-0.43922,-0.10889,-0.1895,-0.13792,-0.2019,0.18405,-0.0043144,0.34599,0.17638,-0.1833,0.0065583,-0.2483,-0.017747,0.17036,-0.1174,-0.091982,-0.1509,0.085639,0.19605,0.25428,0.029451,0.29123,-0.060749,-0.0016216,0.23672,0.15565,-0.10147,-0.24136,-0.21376,0.24827,0.11993,0.090618,0.14435,0.26947,-0.12843,0.18746,-0.029315,-0.00026563
0.23117,0.26946,-0.024052,-0.19554,0.0044891,-0.14741,0.22625,0.26374,0.27671,0.26655,0.36338,0.19584,0.3509,0.51325,0.29634,0.36177,0.07388,0.80548,-0.054285,0.63619,0.08561,1,-0.11114,0.17547,0.46614,0.16436,0.44652,0.51832,-0.090938,0.40414,NaN,0.89957,0.43625,0.34994,0.3079,0.25977,-0.46573,0.20388,-0.15319,0.59983,0.22732,0.43328,0.36521,0.28149,0.24769,-0.030565,0.49766,0.15597,0.12509,0.3929,0.35445,0.41338,-0.42943,0.042616,-0.15449,0.27321,0.1386,0.27471,0.27614,0.27412,0.25809,-0.10976,-0.041198,0.38908,0.20624,0.23816,0.013676,-0.10589,-0.25123,0.36269,0.52128,0.4871,0.10739,0.60357,0.33182,0.42225,0.246,0.40338,0.4595,0.14029,-0.065608,0.24672,0.3767,0.46559,-0.17749,0.3723,0.24672,0.24267,0.23501,0.13543,-0.24992,0.35429,-0.17492,0.25995,0.45658,0.14896,-0.034936,0.21574,0.37223,0.40437,0.43393,0.35363,0.35316,0.25395,0.32866,0.30013,0.28638,0.43934,-0.18905,0.16152,0.17501,0.11599,-0.26121,0.32502,0.35904,0.49748,0.022747,0.32037,0.36376,0.47163,0.32784,0.60356,0.54581,-0.1368,0.50631,0.10565,0.4227,0.18275,0.3667,0.33881,0.28002,0.11355,0.39716,0.16446,0.38815,0.16005,0.20525,0.79093,0.28847,0.36118,0.39616,0.36816,0.64443,0.18995,0.074448,0.24465,-0.13707,-0.070873,0.010154,0.25597,0.23959,0.15019,0.28311,0.41298,0.19512,0.50221,0.73059,0.41364,0.25333,0.24745,0.34202,0.4637,0.24341,0.62688,0.26264,0.39285,0.16199,0.074734,-0.017838,0.12372,0.50608,0.3377,0.521,0.47271,-0.21211,-0.020366,0.016264,0.47055,-0.23416,0.29754,0.34202,0.37721,0.81281,0.35024,0.44879,-0.14863,0.59503,0.04845,0.44094,0.23066,0.34079,0.21201,-0.10089,0.20035,0.047934,0.20355,0.27498,0.64395,0.23061,0.44592
-0.11828,0.56596,0.36894,0.20551,0.033384,-0.047842,0.036512,0.044639,0.14531,-0.021912,0.022761,0.042173,0.11832,0.0097282,0.34503,0.0046171,-0.22424,-0.067411,0.46214,0.14104,0.067237,-0.11114,1,-0.19011,-0.0058326,-0.11746,0.38718,0.24907,0.11704,0.39674,NaN,-0.11315,0.43042,0.028243,0.40305,0.32238,-0.31267,-0.47312,0.12792,-0.4198,0.13583,0.23691,-0.050032,0.20795,0.21614,-0.037191,0.13802,0.3492,0.25113,0.020426,0.40703,0.0559,0.17305,0.099598,0.10461,0.34792,0.035988,-0.17505,0.2279,0.30176,0.23283,-0.23386,-0.28745,0.33141,0.23374,0.12378,0.1351,-0.032786,0.19234,0.14985,-0.32978,0.26159,0.10852,0.32145,-0.0917,-0.11668,0.3164,0.25975,-0.23446,0.56095,0.20199,0.46653,0.34955,-0.20146,0.065204,-0.051936,0.17755,0.1428,0.3637,0.435,0.41667,-0.39594,0.2872,0.26779,0.22065,0.3369,-0.3098,-0.39967,0.27701,0.29399,0.038942,0.17909,-0.054837,-0.40237,0.36972,0.3117,0.0032727,-0.13963,-0.12009,0.49723,0.2414,0.39186,-0.14093,0.29378,-0.14414,0.28504,-0.089166,0.23289,0.1665,-0.521,0.2633,0.17375,-0.27841,-0.022895,0.10538,0.10149,0.042844,0.411,0.037247,-0.14479,0.036018,0.13044,0.2661,0.43845,0.18094,-0.02102,-0.15979,-0.07824,0.30702,0.19231,0.57345,-0.29131,-0.1471,0.027057,0.19211,0.38647,-0.41397,0.47448,-0.39048,0.019413,0.63668,0.33796,0.09308,0.19172,0.45414,0.48835,-0.11042,0.27186,0.20638,0.29885,0.12887,0.029426,0.17225,0.13286,0.34647,0.38442,0.10115,0.20435,-0.10556,0.078549,0.13133,0.3916,0.13526,0.11025,-0.23342,-0.19234,0.042461,0.22801,0.44467,0.11368,0.005161,0.048576,-0.15292,-0.31767,0.25604,0.42952,0.3913,-0.032202,-0.02254,0.10629,-0.061917,0.082796,0.14445,-0.081902,-0.0066917,0.10775,-0.18874,0.003182,0.31427,0.47353
0.91335,0.18401,0.23223,0.40176,0.47041,0.53648,0.091124,0.28747,0.25807,0.33527,0.37259,-0.028104,0.25885,0.45477,0.24645,0.58121,0.091648,0.36964,-0.05549,0.56873,-0.20726,0.17547,-0.19011,1,0.20121,0.389,0.022472,0.16806,0.59605,0.52961,NaN,0.20755,0.11477,0.55249,0.26442,-0.048102,0.060071,0.39288,0.29211,0.20697,0.10373,0.45127,0.3367,0.43658,0.18429,0.34067,0.30469,0.23353,0.42282,0.21738,0.29179,0.29528,-0.07176,0.11293,-0.11188,-0.03106,0.28198,-0.18592,0.53655,-0.25215,0.25341,0.53673,0.10211,0.33157,0.4511,0.81442,-0.038576,0.39519,0.25268,0.053931,0.42975,0.087319,0.13932,0.16216,0.48033,0.24432,0.29121,0.57668,0.12039,0.041091,-0.01927,-0.12493,0.0013395,0.29633,0.063987,0.089214,0.2818,0.41055,0.23766,0.287,0.1328,-0.21486,-0.033784,0.29928,0.1777,-0.04689,-0.13678,0.12203,0.26884,0.31324,0.3354,-0.18402,0.51602,-0.15093,-0.010761,0.36922,0.22658,0.55401,0.060887,-0.13601,-0.50088,0.014327,-0.18079,0.37183,0.46153,0.20509,0.4613,0.57431,0.20953,0.42004,0.32709,0.26976,0.27135,0.40421,0.21511,0.26187,0.005946,0.46097,0.53102,0.0019594,0.51131,0.045757,0.30768,0.32604,0.38604,0.242,0.51616,0.21531,0.32355,0.065833,-0.17293,0.93472,0.24411,0.12053,0.45715,-0.051455,0.33186,0.032493,0.075161,0.51522,0.065515,0.16493,0.48519,0.53253,0.13839,0.16458,0.11618,0.18245,0.053862,0.42372,0.19206,0.29213,0.31606,0.25154,0.34181,0.11981,-0.092505,0.48092,0.15574,0.44308,0.44588,0.19401,0.16901,0.36628,0.34854,0.27303,0.27986,-0.057407,0.41393,-0.23298,0.32987,0.50265,0.25134,-0.046962,0.34857,0.36132,0.12865,0.1427,0.4635,0.52577,0.59379,0.2537,0.020726,0.72601,0.4688,0.20498,0.20923,0.37986,0.36954,0.39699
