1,0.65348,0.70441,0.57974,0.77317,0.53042,0.38769,0.51514,0.66491,0.55426,0.34438,0.59851,0.62926,0.62663,-0.33271,0.70176,0.56976,0.3264,0.48147,0.58124,0.56803,0.48156,0.72715,0.39896,0.36003,0.42642,0.59021,0.66428,0.35061,0.72101,0.70388,0.75125,0.59253,0.62264,0.67793,0.6677,0.21732,0.38242,0.64214,0.48729,0.72242,0.7314,0.60021,0.58913,0.32052,0.36503,0.33537,0.64247,0.56143,0.70011,0.75276,0.52043,0.56288,0.59273,0.59314,0.44173,0.65664,0.65341,0.72585,0.35118,0.52156,0.76252,0.4066,0.77349,0.77349,0.72975,0.62659,0.45411,0.55958,0.72696,0.53575,0.70554,0.4102,0.57081,0.29869,0.54034,0.41288,0.25275,0.77778,0.098458,0.60527,0.29601,0.56182,0.78043,0.7761
0.65348,1,0.64156,0.58455,0.81994,0.61573,0.47649,0.67192,0.61866,0.52213,0.47004,0.6556,0.62668,0.76456,-0.18274,0.46766,0.77795,0.61668,0.66858,0.7245,0.68664,0.13907,0.56761,0.13914,0.38815,0.44518,0.61961,0.57034,0.4878,0.59944,0.5946,0.54995,0.56545,0.56011,0.60489,0.63474,0.0495,0.49804,0.56823,0.48731,0.62471,0.68859,0.35581,0.52395,0.41991,0.36453,0.56116,0.51991,0.58601,0.63752,0.69944,0.43396,0.4905,0.60766,0.58958,0.46835,0.77289,0.54353,0.62921,0.55165,0.66057,0.60784,0.69409,0.36668,0.36668,0.59217,0.72684,0.37758,0.69389,0.66873,0.42629,0.56242,0.58605,0.51787,0.14847,0.4421,0.40754,0.014199,0.65952,0.19013,0.5226,0.29219,0.50494,0.77358,0.50923
0.70441,0.64156,1,0.71204,0.7535,0.6719,0.22166,0.67471,0.75438,0.77137,0.47098,0.58506,0.68256,0.66971,-0.23819,0.36926,0.70494,0.31076,0.73177,0.64325,0.65734,0.19202,0.51455,0.33537,0.23073,0.41378,0.39306,0.46597,0.40595,0.80772,0.79733,0.75701,0.60361,0.50722,0.70492,0.70573,0.33406,0.55357,0.6525,0.55492,0.50688,0.64582,0.51035,0.62089,0.45409,0.13482,0.4834,0.68961,0.64959,0.71291,0.73595,0.43133,0.50685,0.72631,0.70696,0.51853,0.69805,0.735,0.76394,0.63609,0.50996,0.74962,0.44387,0.62336,0.62336,0.64196,0.64765,0.18638,0.61306,0.79128,0.15125,0.56442,0.31788,0.53265,0.27544,0.49024,0.66521,0.064482,0.72101,0.20682,0.63004,0.4042,0.48424,0.76522,0.72185
0.57974,0.58455,0.71204,1,0.72541,0.80276,0.083419,0.58769,0.73946,0.51625,0.57231,0.6658,0.96236,0.74493,-0.27697,0.35968,0.65123,0.40325,0.76272,0.69898,0.52626,0.15547,0.51194,0.55556,0.53393,0.51425,0.33126,0.68816,0.31545,0.71777,0.61935,0.56798,0.67119,0.67331,0.41937,0.80076,0.32576,0.77261,0.90908,0.63471,0.60848,0.79792,0.56124,0.64127,0.39643,0.11539,0.56383,0.60478,0.8589,0.86,0.77097,0.24737,0.50476,0.68554,0.68178,0.48926,0.62617,0.95694,0.75858,0.55438,0.54328,0.77823,0.34937,0.61488,0.61488,0.49858,0.60064,0.19863,0.8334,0.83539,0.1457,0.53382,0.52787,0.57362,0.1606,0.64061,0.66439,0.043987,0.72308,0.18967,0.94889,0.48756,0.69006,0.67937,0.59913
0.77317,0.81994,0.7535,0.72541,1,0.81627,0.36766,0.64642,0.8185,0.62707,0.57527,0.67307,0.77998,0.70588,-0.14779,0.65183,0.78772,0.55465,0.78122,0.81426,0.70166,0.27692,0.69623,0.41741,0.61068,0.50712,0.72973,0.71706,0.59774,0.75798,0.85481,0.6857,0.71161,0.67849,0.72528,0.81256,0.20774,0.7231,0.74694,0.55613,0.69065,0.87893,0.52939,0.79796,0.45931,0.35573,0.63886,0.6038,0.75841,0.76763,0.91973,0.55849,0.68836,0.85933,0.84975,0.58287,0.83687,0.70316,0.78186,0.61053,0.79139,0.84634,0.59434,0.63085,0.63085,0.6389,0.87297,0.29975,0.78072,0.80623,0.45747,0.66847,0.57184,0.68876,0.16144,0.68545,0.6164,0.19253,0.71009,0.079345,0.7662,0.48453,0.69105,0.77658,0.68302
0.53042,0.61573,0.6719,0.80276,0.81627,1,0.20476,0.64552,0.86954,0.58792,0.61209,0.75828,0.80993,0.74569,-0.11736,0.53785,0.75256,0.41772,0.85786,0.78622,0.72431,0.29511,0.61679,0.49939,0.62653,0.44649,0.47692,0.69094,0.46034,0.62598,0.77534,0.60108,0.78193,0.73408,0.47384,0.76188,0.31157,0.8467,0.87298,0.67622,0.66593,0.84844,0.69986,0.73706,0.67769,0.078759,0.78725,0.65002,0.83243,0.79049,0.85557,0.44352,0.71126,0.73469,0.69139,0.46106,0.70057,0.77814,0.73732,0.5223,0.69482,0.76594,0.42503,0.55994,0.55994,0.56526,0.7195,0.12768,0.90967,0.83895,0.13448,0.51729,0.60309,0.64164,0.22227,0.77349,0.72956,0.15729,0.60486,0.27747,0.84322,0.47763,0.80494,0.75351,0.64531
0.38769,0.47649,0.22166,0.083419,0.36766,0.20476,1,0.31608,0.37755,0.54149,0.03874,0.18195,0.16988,0.28949,0.28517,0.31918,0.42731,0.20141,0.3335,0.31278,0.11005,-0.15191,0.37558,-0.32886,-0.092809,-0.12151,0.71369,0.13674,0.3147,0.24779,0.2984,0.31284,-0.03674,-0.026474,0.4995,0.23415,-0.0046471,0.15731,0.033429,0.24847,0.055112,0.41703,0.18096,0.23898,0.27257,0.063409,0.34838,0.14699,0.075764,0.17374,0.2936,0.43227,0.21487,0.31888,0.29085,0.25698,0.30024,-0.0067847,0.1898,0.26321,0.389,0.14045,0.22547,0.10663,0.10663,0.43114,0.29609,0.10895,0.26399,0.27585,0.33997,-0.01113,0.22451,0.057244,0.19601,-0.011591,0.058586,-0.32802,0.55353,0.24368,0.074814,-0.19913,0.052801,0.37835,0.11954
0.51514,0.67192,0.67471,0.58769,0.64642,0.64552,0.31608,1,0.64813,0.69837,0.32825,0.6723,0.63929,0.72442,-0.46586,0.21791,0.69177,0.54766,0.63749,0.72731,0.70065,0.40641,0.46357,0.22982,0.38382,0.51616,0.31625,0.52938,0.11064,0.6468,0.65366,0.64802,0.5893,0.51027,0.51858,0.65785,0.055495,0.65254,0.56221,0.6551,0.49025,0.69507,0.46204,0.5227,0.59878,0.21785,0.79343,0.57795,0.62589,0.70985,0.64691,0.43433,0.65073,0.53576,0.4797,0.37838,0.74356,0.57329,0.76832,0.76499,0.44435,0.71361,0.52786,0.51333,0.51333,0.67424,0.63594,0.35075,0.7038,0.84364,0.31867,0.61216,0.61122,0.65626,0.40981,0.31086,0.28677,0.088075,0.6584,0.44481,0.5066,0.31058,0.46298,0.75472,0.65666
0.66491,0.61866,0.75438,0.73946,0.8185,0.86954,0.37755,0.64813,1,0.71124,0.49875,0.69211,0.74934,0.71303,-0.038874,0.56873,0.78674,0.39294,0.85344,0.76604,0.6871,0.31109,0.53269,0.37897,0.43962,0.39607,0.54875,0.64084,0.55606,0.75463,0.86956,0.69826,0.72097,0.68705,0.68189,0.78043,0.24783,0.80709,0.78085,0.67406,0.64548,0.80863,0.7128,0.80608,0.61898,0.085447,0.64338,0.6418,0.7443,0.73429,0.82006,0.54909,0.78649,0.79632,0.75943,0.52128,0.66093,0.71227,0.77363,0.58865,0.72983,0.74458,0.44643,0.65574,0.65574,0.69024,0.69727,0.32551,0.82476,0.84591,0.14619,0.46075,0.48209,0.70907,0.36116,0.67232,0.69408,0.15323,0.69879,0.27935,0.79897,0.33744,0.79873,0.85464,0.69317
0.55426,0.52213,0.77137,0.51625,0.62707,0.58792,0.54149,0.69837,0.71124,1,0.32696,0.43046,0.53886,0.49336,-0.12948,0.32061,0.64643,0.14042,0.65574,0.61564,0.5151,0.13615,0.53599,-0.009072,0.1951,0.31968,0.56192,0.35386,0.30157,0.70383,0.63974,0.59861,0.36732,0.21941,0.74334,0.65945,0.18862,0.53528,0.42266,0.3861,0.32253,0.60148,0.47605,0.56867,0.4346,0.062777,0.59462,0.40135,0.54655,0.52311,0.5786,0.56009,0.4737,0.6929,0.66886,0.35845,0.47737,0.47524,0.65814,0.64859,0.56093,0.62911,0.21557,0.38514,0.38514,0.55929,0.67819,0.0049708,0.57022,0.69232,0.11992,0.37803,0.32609,0.41158,0.19275,0.29701,0.49497,-0.099931,0.74488,0.2272,0.46361,0.014286,0.30135,0.62429,0.54037
0.34438,0.47004,0.47098,0.57231,0.57527,0.61209,0.03874,0.32825,0.49875,0.32696,1,0.48326,0.60928,0.58434,-0.017976,0.52726,0.66438,0.35741,0.70254,0.53247,0.53895,0.10868,0.36612,0.24914,0.36409,0.29676,0.39085,0.50083,0.29731,0.43913,0.46903,0.50986,0.59184,0.38511,0.42417,0.643,0.015842,0.36851,0.66871,0.39538,0.42952,0.51527,0.21564,0.49067,0.18982,-0.16979,0.35733,0.40735,0.60825,0.52127,0.55409,0.17424,0.30056,0.55186,0.59341,0.70047,0.45257,0.56272,0.38533,0.20655,0.52145,0.36747,0.28328,0.298,0.298,0.20221,0.59278,0.21827,0.56045,0.54016,-0.074963,0.305,0.44709,0.34159,0.002341,0.64476,0.83952,0.031103,0.2821,-0.010965,0.62565,0.22637,0.31764,0.44472,0.26519
0.59851,0.6556,0.58506,0.6658,0.67307,0.75828,0.18195,0.6723,0.69211,0.43046,0.48326,1,0.63419,0.68913,-0.42957,0.55198,0.74149,0.50244,0.71642,0.60018,0.72167,0.41373,0.51953,0.30809,0.45718,0.22408,0.24664,0.82701,0.21963,0.52536,0.65631,0.58323,0.80722,0.74424,0.40211,0.7017,0.17797,0.53926,0.80162,0.67759,0.82737,0.74401,0.62781,0.59167,0.54182,0.14937,0.57929,0.58876,0.73623,0.7585,0.74622,0.47012,0.56596,0.4163,0.40288,0.38186,0.62234,0.66904,0.6423,0.32909,0.52613,0.6694,0.41865,0.62636,0.62636,0.55644,0.61216,0.41023,0.80892,0.80112,0.16791,0.59029,0.76135,0.65293,0.47353,0.67388,0.50519,0.24304,0.52922,0.46235,0.68519,0.47272,0.73742,0.77187,0.70926
0.62926,0.62668,0.68256,0.96236,0.77998,0.80993,0.16988,0.63929,0.74934,0.53886,0.60928,0.63419,1,0.75262,-0.29809,0.42938,0.69945,0.46392,0.78522,0.76973,0.58176,0.26767,0.60962,0.57216,0.56514,0.63404,0.44248,0.70891,0.35262,0.78902,0.65007,0.62176,0.68887,0.67006,0.44408,0.83226,0.35471,0.77862,0.89131,0.67727,0.60506,0.87548,0.51965,0.68459,0.42932,0.15258,0.6335,0.65288,0.82513,0.82206,0.81238,0.30549,0.56441,0.70839,0.69731,0.5489,0.70119,0.92991,0.79369,0.59538,0.5923,0.81284,0.38267,0.65291,0.65291,0.53721,0.66267,0.19037,0.84829,0.85952,0.23058,0.61144,0.5327,0.62257,0.21686,0.64619,0.64857,0.054002,0.76553,0.23131,0.93911,0.47789,0.69255,0.73049,0.60664
0.62663,0.76456,0.66971,0.74493,0.70588,0.74569,0.28949,0.72442,0.71303,0.49336,0.58434,0.68913,0.75262,1,-0.26122,0.4212,0.769,0.5501,0.65224,0.74821,0.63715,0.30012,0.57536,0.29834,0.49306,0.46514,0.40845,0.53604,0.16722,0.57814,0.59685,0.68683,0.66942,0.7359,0.47049,0.61835,0.090598,0.67355,0.77714,0.57662,0.6213,0.73884,0.4635,0.57252,0.40192,-0.0077447,0.66141,0.55881,0.7648,0.83436,0.71457,0.39925,0.56607,0.5643,0.53622,0.43402,0.78861,0.75974,0.69937,0.48735,0.59552,0.68312,0.44923,0.51493,0.51493,0.67062,0.53094,0.48397,0.78904,0.84166,0.37878,0.46245,0.6405,0.59422,0.22792,0.55074,0.52575,-0.04808,0.71213,0.23688,0.67263,0.41792,0.62203,0.81171,0.53782
-0.33271,-0.18274,-0.23819,-0.27697,-0.14779,-0.11736,0.28517,-0.46586,-0.038874,-0.12948,-0.017976,-0.42957,-0.29809,-0.26122,1,-0.053603,-0.19756,-0.26045,-0.017067,-0.11651,-0.26665,-0.55794,-0.32544,-0.16335,-0.22827,-0.37172,0.16804,-0.43761,0.32186,-0.24349,-0.12507,-0.23216,-0.34923,-0.29799,0.045098,-0.2769,0.064424,-0.11025,-0.32526,-0.26872,-0.436,-0.26604,-0.1484,-0.12415,-0.070614,-0.22167,-0.20721,-0.22327,-0.40135,-0.37678,-0.19409,-0.059967,-0.19315,0.053528,0.034947,0.12229,-0.35309,-0.34255,-0.46488,-0.16862,0.053063,-0.49497,-0.079844,-0.43882,-0.43882,-0.13027,-0.21153,-0.24083,-0.28153,-0.41435,-0.22086,-0.59549,-0.31959,-0.36571,-0.41466,-0.20938,0.1112,-0.2999,-0.25251,-0.24854,-0.20384,-0.19344,-0.20035,-0.29904,-0.49113
0.70176,0.46766,0.36926,0.35968,0.65183,0.53785,0.31918,0.21791,0.56873,0.32061,0.52726,0.55198,0.42938,0.4212,-0.053603,1,0.5839,0.31219,0.46439,0.44921,0.59691,0.37902,0.65373,0.2718,0.44982,0.25719,0.59432,0.70221,0.35463,0.44718,0.63662,0.4379,0.71263,0.61182,0.6028,0.58189,0.20391,0.27721,0.6145,0.43556,0.7126,0.64471,0.45348,0.51799,0.31881,0.025022,0.3325,0.47935,0.47107,0.44628,0.65262,0.57877,0.4902,0.419,0.44768,0.50652,0.45104,0.43605,0.32516,-0.019762,0.54454,0.50709,0.20318,0.51245,0.51245,0.47381,0.49943,0.3415,0.4934,0.55195,0.42936,0.5489,0.4071,0.43531,0.23113,0.78107,0.45099,0.17506,0.48152,0.025164,0.52656,0.2761,0.48609,0.55624,0.57442
0.56976,0.77795,0.70494,0.65123,0.78772,0.75256,0.42731,0.69177,0.78674,0.64643,0.66438,0.74149,0.69945,0.769,-0.19756,0.5839,1,0.62733,0.84107,0.7955,0.74978,0.2424,0.57054,0.057186,0.37954,0.39879,0.55176,0.58084,0.38568,0.63706,0.73092,0.58011,0.73041,0.57261,0.69125,0.69338,0.23263,0.60885,0.70822,0.61135,0.59411,0.7656,0.38662,0.64265,0.47328,0.010559,0.70449,0.55818,0.72443,0.65952,0.78484,0.5654,0.54596,0.58316,0.57922,0.62379,0.78881,0.62406,0.64405,0.45411,0.68337,0.68763,0.44102,0.47684,0.47684,0.58467,0.69835,0.31254,0.77779,0.81579,0.18109,0.51484,0.6306,0.57568,0.43063,0.69816,0.64444,0.034834,0.66024,0.44354,0.66258,0.41695,0.58553,0.79768,0.5341
0.3264,0.61668,0.31076,0.40325,0.55465,0.41772,0.20141,0.54766,0.39294,0.14042,0.35741,0.50244,0.46392,0.5501,-0.26045,0.31219,0.62733,1,0.43777,0.59584,0.39007,0.28127,0.097612,0.198,0.51275,0.44201,0.43634,0.49336,0.18611,0.26488,0.55131,0.19716,0.54426,0.53007,0.34176,0.30907,-0.07841,0.50744,0.41539,0.51497,0.53159,0.50479,0.15247,0.49645,0.34063,0.28648,0.62845,0.43922,0.52201,0.55388,0.44578,0.040932,0.41116,0.34211,0.30149,0.38883,0.71088,0.42396,0.37711,0.29285,0.51245,0.43174,0.54155,0.35701,0.35701,0.4003,0.39488,0.60048,0.54415,0.53264,0.39718,0.57515,0.7452,0.36892,0.41156,0.47288,0.20101,0.21035,0.28084,0.20348,0.40499,0.53196,0.4065,0.48365,0.4489
0.48147,0.66858,0.73177,0.76272,0.78122,0.85786,0.3335,0.63749,0.85344,0.65574,0.70254,0.71642,0.78522,0.65224,-0.017067,0.46439,0.84107,0.43777,1,0.71135,0.69732,0.12632,0.44754,0.33336,0.31647,0.37684,0.49228,0.62063,0.52717,0.72612,0.75026,0.64965,0.67779,0.51696,0.5479,0.80155,0.30898,0.68406,0.75301,0.67469,0.52024,0.77132,0.50513,0.70922,0.5713,-0.0072973,0.63284,0.61542,0.67549,0.64476,0.76464,0.38278,0.55516,0.7613,0.74117,0.69857,0.6357,0.6877,0.70282,0.62986,0.70085,0.60918,0.4391,0.53963,0.53963,0.48833,0.7222,0.10142,0.78569,0.76244,-0.075344,0.42536,0.51277,0.54016,0.31347,0.61093,0.82279,0.0076802,0.57981,0.38432,0.77761,0.3723,0.65301,0.7491,0.51391
0.58124,0.7245,0.64325,0.69898,0.81426,0.78622,0.31278,0.72731,0.76604,0.61564,0.53247,0.60018,0.76973,0.74821,-0.11651,0.44921,0.7955,0.59584,0.71135,1,0.74577,0.37351,0.55878,0.31555,0.65853,0.64384,0.5409,0.51906,0.42853,0.68493,0.70961,0.51567,0.68347,0.65219,0.68146,0.65158,0.31442,0.78358,0.68546,0.53325,0.59468,0.76783,0.54619,0.66672,0.55196,0.33368,0.80601,0.63437,0.73355,0.72366,0.83552,0.51816,0.68202,0.64255,0.59105,0.46764,0.76181,0.71595,0.67316,0.51456,0.68364,0.77659,0.53428,0.41302,0.41302,0.7214,0.77984,0.29866,0.81936,0.80342,0.30408,0.60727,0.66579,0.68005,0.16945,0.63042,0.56497,0.25175,0.65626,0.26914,0.72932,0.46417,0.65854,0.77097,0.58056
0.56803,0.68664,0.65734,0.52626,0.70166,0.72431,0.11005,0.70065,0.6871,0.5151,0.53895,0.72167,0.58176,0.63715,-0.26665,0.59691,0.74978,0.39007,0.69732,0.74577,1,0.44983,0.59075,0.32419,0.40523,0.55435,0.25593,0.60047,0.36516,0.66929,0.68847,0.56654,0.82527,0.66832,0.60972,0.6706,0.32842,0.50222,0.68415,0.60028,0.66342,0.64325,0.56002,0.46086,0.66492,0.16372,0.61229,0.72771,0.55691,0.56491,0.77082,0.59496,0.69048,0.45234,0.42433,0.49643,0.67147,0.58793,0.59338,0.43655,0.46135,0.66392,0.54261,0.43375,0.43375,0.67968,0.69244,0.23041,0.66744,0.74445,0.18298,0.66157,0.46297,0.71781,0.27449,0.644,0.51831,0.29894,0.50157,0.37126,0.57728,0.38064,0.58812,0.81357,0.66672
0.48156,0.13907,0.19202,0.15547,0.27692,0.29511,-0.15191,0.40641,0.31109,0.13615,0.10868,0.41373,0.26767,0.30012,-0.55794,0.37902,0.2424,0.28127,0.12632,0.37351,0.44983,1,0.35556,0.46239,0.44149,0.5586,0.0808,0.40878,-0.09316,0.35626,0.38066,0.43537,0.57482,0.55385,0.094707,0.29303,0.19208,0.22096,0.34201,0.35479,0.59303,0.37611,0.32905,0.42196,0.24482,0.25045,0.338,0.39922,0.26667,0.27465,0.30829,0.26838,0.39171,0.096173,0.045723,0.11816,0.3054,0.31065,0.47937,0.086539,0.24402,0.48015,0.059046,0.62436,0.62436,0.32744,0.24127,0.40898,0.34824,0.43871,0.22405,0.68516,0.38103,0.43531,0.54335,0.38599,0.11718,0.44733,0.24653,0.32668,0.23574,0.3469,0.53477,0.44201,0.55577
0.72715,0.56761,0.51455,0.51194,0.69623,0.61679,0.37558,0.46357,0.53269,0.53599,0.36612,0.51953,0.60962,0.57536,-0.32544,0.65373,0.57054,0.097612,0.44754,0.55878,0.59075,0.35556,1,0.23194,0.43896,0.37724,0.52509,0.56278,0.28091,0.61027,0.49004,0.6072,0.53171,0.52256,0.47216,0.64386,0.35163,0.4105,0.62401,0.39344,0.52691,0.78295,0.42269,0.45897,0.32029,0.13904,0.47789,0.44045,0.55671,0.53108,0.76423,0.72536,0.48615,0.45295,0.46554,0.26074,0.61992,0.53024,0.59835,0.30301,0.44814,0.75743,0.21351,0.49713,0.49713,0.52186,0.61585,-0.010599,0.60365,0.66445,0.52548,0.52576,0.29232,0.55509,0.13075,0.55159,0.3339,0.0046494,0.76365,0.1805,0.53974,0.25305,0.49096,0.63362,0.52471
0.39896,0.13914,0.33537,0.55556,0.41741,0.49939,-0.32886,0.22982,0.37897,-0.009072,0.24914,0.30809,0.57216,0.29834,-0.16335,0.2718,0.057186,0.198,0.33336,0.31555,0.32419,0.46239,0.23194,1,0.49424,0.54612,0.075775,0.49799,0.24558,0.45779,0.47437,0.43778,0.55775,0.62685,-0.018011,0.46993,0.35223,0.45293,0.58352,0.52376,0.47852,0.47642,0.41636,0.46212,0.34087,0.25727,0.24516,0.58472,0.35593,0.45764,0.43247,-0.076457,0.37583,0.43754,0.38838,0.34433,0.29902,0.62264,0.49421,0.32453,0.22333,0.46551,0.25619,0.65789,0.65789,0.23542,0.21708,0.16414,0.40905,0.42692,0.15635,0.57865,0.16867,0.35438,0.15066,0.42474,0.36842,0.26708,0.26279,-0.0028173,0.58421,0.54793,0.59435,0.32875,0.5306
0.36003,0.38815,0.23073,0.53393,0.61068,0.62653,-0.092809,0.38382,0.43962,0.1951,0.36409,0.45718,0.56514,0.49306,-0.22827,0.44982,0.37954,0.51275,0.31647,0.65853,0.40523,0.44149,0.43896,0.49424,1,0.55306,0.38852,0.6047,0.15474,0.35595,0.48841,0.19228,0.64676,0.7388,0.25822,0.48268,0.11246,0.71824,0.60225,0.28044,0.6762,0.62243,0.36136,0.66178,0.22255,0.26596,0.62829,0.26308,0.71629,0.60092,0.57709,0.32613,0.50071,0.4733,0.44628,0.093086,0.47835,0.58889,0.39704,0.20418,0.63667,0.64445,0.20009,0.33072,0.33072,0.31797,0.52384,0.30312,0.68029,0.56258,0.49172,0.5743,0.68619,0.54561,-0.062226,0.64705,0.29381,0.24033,0.35277,-0.17416,0.6101,0.5519,0.62107,0.36658,0.47964
0.42642,0.44518,0.41378,0.51425,0.50712,0.44649,-0.12151,0.51616,0.39607,0.31968,0.29676,0.22408,0.63404,0.46514,-0.37172,0.25719,0.39879,0.44201,0.37684,0.64384,0.55435,0.5586,0.37724,0.54612,0.55306,1,0.2711,0.34451,0.10283,0.61593,0.40591,0.3094,0.54346,0.51834,0.27588,0.43482,0.35767,0.51945,0.45544,0.32285,0.44911,0.48533,0.23028,0.43328,0.26808,0.26118,0.53069,0.48486,0.4221,0.40465,0.44238,0.14057,0.40351,0.4306,0.38594,0.32624,0.52614,0.60146,0.5872,0.48869,0.44147,0.61048,0.23407,0.41443,0.41443,0.40486,0.43377,0.12076,0.45567,0.52223,0.28066,0.74099,0.33405,0.4241,0.11404,0.38914,0.28401,0.19368,0.45219,0.10616,0.4947,0.42224,0.46116,0.49783,0.44628
0.59021,0.61961,0.39306,0.33126,0.72973,0.47692,0.71369,0.31625,0.54875,0.56192,0.39085,0.24664,0.44248,0.40845,0.16804,0.59432,0.55176,0.43634,0.49228,0.5409,0.25593,0.0808,0.52509,0.075775,0.38852,0.2711,1,0.41134,0.56228,0.42335,0.58543,0.41662,0.28281,0.25483,0.62834,0.49654,-0.030735,0.418,0.31536,0.29101,0.37934,0.62362,0.26104,0.61807,0.24603,0.27935,0.47452,0.27736,0.41675,0.39875,0.52457,0.35668,0.37532,0.71329,0.70065,0.45052,0.51745,0.2772,0.43574,0.34445,0.73379,0.44339,0.35864,0.33343,0.33343,0.3624,0.62453,0.21148,0.48478,0.43454,0.45473,0.37127,0.387,0.19829,0.068954,0.40886,0.39082,-0.062625,0.57143,-0.09745,0.38494,0.059514,0.30533,0.43722,0.34816
0.66428,0.57034,0.46597,0.68816,0.71706,0.69094,0.13674,0.52938,0.64084,0.35386,0.50083,0.82701,0.70891,0.53604,-0.43761,0.70221,0.58084,0.49336,0.62063,0.51906,0.60047,0.40878,0.56278,0.49799,0.6047,0.34451,0.41134,1,0.33557,0.59491,0.68327,0.50871,0.79417,0.74626,0.4004,0.8119,0.060676,0.55999,0.82286,0.69234,0.87711,0.80618,0.60001,0.67746,0.46804,0.24038,0.47951,0.58548,0.7554,0.73652,0.72023,0.37352,0.63663,0.53083,0.5404,0.37346,0.55016,0.69592,0.58642,0.30719,0.55527,0.67807,0.41401,0.6717,0.6717,0.45602,0.64916,0.43417,0.78269,0.75969,0.35711,0.68937,0.65463,0.67931,0.33541,0.72548,0.43804,0.26759,0.53607,0.1112,0.77203,0.35734,0.66847,0.67696,0.77857
0.35061,0.4878,0.40595,0.31545,0.59774,0.46034,0.3147,0.11064,0.55606,0.30157,0.29731,0.21963,0.35262,0.16722,0.32186,0.35463,0.38568,0.18611,0.52717,0.42853,0.36516,-0.09316,0.28091,0.24558,0.15474,0.10283,0.56228,0.33557,1,0.42362,0.56009,0.30997,0.29025,0.24493,0.47447,0.47501,0.092806,0.36643,0.31955,0.40658,0.29631,0.40711,0.36237,0.47523,0.47534,0.45663,0.17533,0.46121,0.27768,0.21623,0.50009,0.225,0.46265,0.59663,0.5726,0.35504,0.33313,0.22596,0.31728,0.30421,0.42094,0.29088,0.66573,0.20093,0.20093,0.22533,0.57976,0.062398,0.43738,0.25804,-0.0022671,0.19748,-0.011592,0.34169,0.047747,0.39341,0.47216,0.2207,0.26597,-0.0412,0.4083,0.029658,0.40963,0.42074,0.3372
0.72101,0.59944,0.80772,0.71777,0.75798,0.62598,0.24779,0.6468,0.75463,0.70383,0.43913,0.52536,0.78902,0.57814,-0.24349,0.44718,0.63706,0.26488,0.72612,0.68493,0.66929,0.35626,0.61027,0.45779,0.35595,0.61593,0.42335,0.59491,0.42362,1,0.72972,0.7546,0.62669,0.57255,0.61316,0.82346,0.44508,0.6028,0.65687,0.56352,0.54901,0.77105,0.43325,0.73099,0.37052,0.14416,0.44917,0.63745,0.57467,0.58877,0.74483,0.56077,0.58235,0.7223,0.70665,0.50663,0.60523,0.74035,0.74456,0.6893,0.60814,0.75937,0.33836,0.67393,0.67393,0.63065,0.67728,0.15103,0.64164,0.77994,0.25861,0.61162,0.29591,0.70666,0.25871,0.43427,0.57589,0.0077112,0.7806,0.18295,0.70779,0.36768,0.58186,0.79896,0.67023
0.70388,0.5946,0.79733,0.61935,0.85481,0.77534,0.2984,0.65366,0.86956,0.63974,0.46903,0.65631,0.65007,0.59685,-0.12507,0.63662,0.73092,0.55131,0.75026,0.70961,0.68847,0.38066,0.49004,0.47437,0.48841,0.40591,0.58543,0.68327,0.56009,0.72972,1,0.69128,0.77938,0.68996,0.73045,0.74328,0.23007,0.70343,0.69839,0.73255,0.67667,0.78636,0.60692,0.82151,0.63348,0.22228,0.64294,0.74347,0.68329,0.71413,0.81405,0.4969,0.75802,0.77583,0.73396,0.56946,0.74142,0.65053,0.6988,0.54634,0.65762,0.75786,0.54486,0.72501,0.72501,0.66884,0.68623,0.40474,0.7189,0.82555,0.32393,0.6614,0.4829,0.66563,0.44433,0.69819,0.60165,0.25045,0.61946,0.18435,0.68434,0.49906,0.6642,0.77378,0.83978
0.75125,0.54995,0.75701,0.56798,0.6857,0.60108,0.31284,0.64802,0.69826,0.59861,0.50986,0.58323,0.62176,0.68683,-0.23216,0.4379,0.58011,0.19716,0.64965,0.51567,0.56654,0.43537,0.6072,0.43778,0.19228,0.3094,0.41662,0.50871,0.30997,0.7546,0.69128,1,0.55787,0.51585,0.4918,0.74793,0.16522,0.41902,0.61661,0.59921,0.47903,0.70787,0.4121,0.63932,0.33376,0.068698,0.36322,0.57889,0.48824,0.61168,0.67281,0.47853,0.50297,0.66909,0.65357,0.59644,0.60417,0.57294,0.78397,0.60875,0.46891,0.63685,0.38364,0.78309,0.78309,0.55344,0.56038,0.34612,0.55826,0.74037,0.24395,0.47372,0.28392,0.5638,0.38498,0.35041,0.57619,-0.016617,0.68994,0.26657,0.5354,0.289,0.5278,0.73433,0.5971
0.59253,0.56545,0.60361,0.67119,0.71161,0.78193,-0.03674,0.5893,0.72097,0.36732,0.59184,0.80722,0.68887,0.66942,-0.34923,0.71263,0.73041,0.54426,0.67779,0.68347,0.82527,0.57482,0.53171,0.55775,0.64676,0.54346,0.28281,0.79417,0.29025,0.62669,0.77938,0.55787,1,0.89015,0.47079,0.74262,0.32641,0.61239,0.856,0.72675,0.85954,0.7528,0.52275,0.68475,0.53517,0.075344,0.61689,0.69214,0.73197,0.67945,0.75585,0.47893,0.61845,0.48472,0.46473,0.52551,0.63104,0.74454,0.59512,0.30383,0.55906,0.72236,0.3731,0.66171,0.66171,0.51831,0.55223,0.4302,0.78341,0.82411,0.2489,0.75781,0.61016,0.67198,0.44756,0.85702,0.57733,0.24507,0.52472,0.30359,0.73687,0.62795,0.76508,0.73368,0.76232
0.62264,0.56011,0.50722,0.67331,0.67849,0.73408,-0.026474,0.51027,0.68705,0.21941,0.38511,0.74424,0.67006,0.7359,-0.29799,0.61182,0.57261,0.53007,0.51696,0.65219,0.66832,0.55385,0.52256,0.62685,0.7388,0.51834,0.25483,0.74626,0.24493,0.57255,0.68996,0.51585,0.89015,1,0.33429,0.60805,0.29738,0.68681,0.8239,0.62378,0.87283,0.74176,0.55774,0.68894,0.44402,0.1302,0.55628,0.61271,0.71613,0.72892,0.72293,0.45251,0.64974,0.45145,0.41317,0.28742,0.633,0.76395,0.56765,0.27209,0.58316,0.71502,0.36089,0.65413,0.65413,0.59712,0.43188,0.51791,0.77,0.76891,0.44978,0.6566,0.61791,0.71834,0.32051,0.74621,0.41283,0.21522,0.54725,0.15498,0.72131,0.67291,0.85732,0.7387,0.72341
0.67793,0.60489,0.70492,0.41937,0.72528,0.47384,0.4995,0.51858,0.68189,0.74334,0.42417,0.40211,0.44408,0.47049,0.045098,0.6028,0.69125,0.34176,0.5479,0.68146,0.60972,0.094707,0.47216,-0.018011,0.25822,0.27588,0.62834,0.4004,0.47447,0.61316,0.73045,0.4918,0.47079,0.33429,1,0.58642,0.10455,0.42058,0.43303,0.3382,0.42623,0.53475,0.46771,0.49093,0.37323,0.24115,0.43125,0.48993,0.50121,0.53459,0.68892,0.6179,0.56909,0.63124,0.64182,0.53443,0.56981,0.43366,0.47509,0.38731,0.52371,0.59542,0.46215,0.33434,0.33434,0.69847,0.70857,0.33424,0.45585,0.62441,0.33578,0.44314,0.33785,0.50216,0.095693,0.48691,0.46144,0.18893,0.61465,0.023049,0.4768,0.12426,0.27155,0.62363,0.56636
0.6677,0.63474,0.70573,0.80076,0.81256,0.76188,0.23415,0.65785,0.78043,0.65945,0.643,0.7017,0.83226,0.61835,-0.2769,0.58189,0.69338,0.30907,0.80155,0.65158,0.6706,0.29303,0.64386,0.46993,0.48268,0.43482,0.49654,0.8119,0.47501,0.82346,0.74328,0.74793,0.74262,0.60805,0.58642,1,0.1636,0.63386,0.82154,0.69282,0.66325,0.85299,0.49008,0.74581,0.42728,0.16612,0.50931,0.56754,0.75109,0.69929,0.78707,0.50852,0.59076,0.77419,0.78833,0.6194,0.56103,0.73669,0.75613,0.62982,0.60265,0.7514,0.42861,0.66319,0.66319,0.44077,0.77299,0.26153,0.79981,0.83912,0.21029,0.60556,0.44554,0.67145,0.2529,0.61295,0.64462,0.023696,0.73201,0.16795,0.81591,0.28476,0.61431,0.70553,0.66959
0.21732,0.0495,0.33406,0.32576,0.20774,0.31157,-0.0046471,0.055495,0.24783,0.18862,0.015842,0.17797,0.35471,0.090598,0.064424,0.20391,0.23263,-0.07841,0.30898,0.31442,0.32842,0.19208,0.35163,0.35223,0.11246,0.35767,-0.030735,0.060676,0.092806,0.44508,0.23007,0.16522,0.32641,0.29738,0.10455,0.1636,1,0.19172,0.28616,0.20723,0.1282,0.32874,0.1691,0.18098,0.20007,-0.079175,0.22509,0.38526,0.058558,0.066091,0.38045,0.35495,0.0059643,0.057752,0.021134,0.22696,0.17106,0.40457,0.19083,0.080452,0.13705,0.35206,-0.20791,0.3053,0.3053,0.28324,0.040427,-0.42912,0.18272,0.24744,-0.04618,0.29503,-0.018154,0.12,0.20378,0.29214,0.29968,-0.065632,0.36661,0.44716,0.32847,0.5806,0.38568,0.26163,0.19262
0.38242,0.49804,0.55357,0.77261,0.7231,0.8467,0.15731,0.65254,0.80709,0.53528,0.36851,0.53926,0.77862,0.67355,-0.11025,0.27721,0.60885,0.50744,0.68406,0.78358,0.50222,0.22096,0.4105,0.45293,0.71824,0.51945,0.418,0.55999,0.36643,0.6028,0.70343,0.41902,0.61239,0.68681,0.42058,0.63386,0.19172,1,0.72287,0.55486,0.52331,0.7648,0.57149,0.76373,0.53751,0.12076,0.79509,0.47206,0.81869,0.75998,0.72597,0.36303,0.74949,0.72878,0.67312,0.24953,0.6666,0.73398,0.67772,0.6315,0.68899,0.75056,0.38186,0.45816,0.45816,0.55515,0.60908,0.20916,0.83958,0.77768,0.26761,0.41561,0.57671,0.7002,0.13522,0.57863,0.48668,0.11703,0.57266,0.10947,0.79381,0.47647,0.74485,0.64439,0.55975
0.64214,0.56823,0.6525,0.90908,0.74694,0.87298,0.033429,0.56221,0.78085,0.42266,0.66871,0.80162,0.89131,0.77714,-0.32526,0.6145,0.70822,0.41539,0.75301,0.68546,0.68415,0.34201,0.62401,0.58352,0.60225,0.45544,0.31536,0.82286,0.31955,0.65687,0.69839,0.61661,0.856,0.8239,0.43303,0.82154,0.28616,0.72287,1,0.72024,0.77256,0.84002,0.65498,0.65684,0.49972,0.04498,0.57823,0.68396,0.88286,0.86476,0.8402,0.37888,0.6359,0.60215,0.6043,0.50441,0.65874,0.91639,0.71057,0.37285,0.53723,0.78638,0.37105,0.6775,0.6775,0.5425,0.61035,0.32003,0.87353,0.87834,0.20095,0.59631,0.57862,0.68202,0.26918,0.83717,0.68655,0.18355,0.6493,0.22125,0.94185,0.51066,0.77772,0.7509,0.702
0.48729,0.48731,0.55492,0.63471,0.55613,0.67622,0.24847,0.6551,0.67406,0.3861,0.39538,0.67759,0.67727,0.57662,-0.26872,0.43556,0.61135,0.51497,0.67469,0.53325,0.60028,0.35479,0.39344,0.52376,0.28044,0.32285,0.29101,0.69234,0.40658,0.56352,0.73255,0.59921,0.72675,0.62378,0.3382,0.69282,0.20723,0.55486,0.72024,1,0.57186,0.73402,0.52192,0.53173,0.76489,0.13837,0.61068,0.82011,0.55915,0.62265,0.62204,0.23132,0.61027,0.42922,0.37104,0.52401,0.58695,0.61709,0.58337,0.44982,0.27699,0.54643,0.55851,0.66218,0.66218,0.48905,0.39384,0.3842,0.73823,0.77678,0.14925,0.57472,0.40107,0.52322,0.67302,0.56316,0.41,0.094828,0.57391,0.51751,0.63604,0.37103,0.57976,0.69966,0.72642
0.72242,0.62471,0.50688,0.60848,0.69065,0.66593,0.055112,0.49025,0.64548,0.32253,0.42952,0.82737,0.60506,0.6213,-0.436,0.7126,0.59411,0.53159,0.52024,0.59468,0.66342,0.59303,0.52691,0.47852,0.6762,0.44911,0.37934,0.87711,0.29631,0.54901,0.67667,0.47903,0.85954,0.87283,0.42623,0.66325,0.1282,0.52331,0.77256,0.57186,1,0.6964,0.62719,0.68847,0.42883,0.29743,0.47364,0.59236,0.73258,0.7099,0.66908,0.39803,0.59229,0.45252,0.43613,0.26439,0.54534,0.6949,0.56917,0.1708,0.62325,0.67802,0.38368,0.64197,0.64197,0.52534,0.58633,0.56097,0.76746,0.72638,0.3625,0.75697,0.71095,0.63702,0.34857,0.77083,0.44398,0.35793,0.51057,0.11033,0.67573,0.44403,0.7632,0.73527,0.80997
0.7314,0.68859,0.64582,0.79792,0.87893,0.84844,0.41703,0.69507,0.80863,0.60148,0.51527,0.74401,0.87548,0.73884,-0.26604,0.64471,0.7656,0.50479,0.77132,0.76783,0.64325,0.37611,0.78295,0.47642,0.62243,0.48533,0.62362,0.80618,0.40711,0.77105,0.78636,0.70787,0.7528,0.74176,0.53475,0.85299,0.32874,0.7648,0.84002,0.73402,0.6964,1,0.54295,0.79157,0.51622,0.16885,0.73121,0.62924,0.78315,0.78542,0.89766,0.5929,0.67483,0.71263,0.6909,0.51551,0.77578,0.77262,0.76906,0.56644,0.69754,0.85419,0.40367,0.72534,0.72534,0.62515,0.71207,0.25601,0.8752,0.90016,0.46961,0.64721,0.60931,0.70362,0.36209,0.68452,0.5304,0.023801,0.82758,0.2972,0.82904,0.5063,0.74767,0.79278,0.69842
0.60021,0.35581,0.51035,0.56124,0.52939,0.69986,0.18096,0.46204,0.7128,0.47605,0.21564,0.62781,0.51965,0.4635,-0.1484,0.45348,0.38662,0.15247,0.50513,0.54619,0.56002,0.32905,0.42269,0.41636,0.36136,0.23028,0.26104,0.60001,0.36237,0.43325,0.60692,0.4121,0.52275,0.55774,0.46771,0.49008,0.1691,0.57149,0.65498,0.52192,0.62719,0.54295,1,0.41738,0.73796,0.3078,0.47646,0.68694,0.59755,0.70478,0.65162,0.28835,0.75877,0.4541,0.40211,0.12618,0.4183,0.60952,0.57117,0.23362,0.34242,0.58393,0.41296,0.48582,0.48582,0.70864,0.55207,0.23393,0.64279,0.62656,0.081636,0.42725,0.4324,0.57304,0.17453,0.56777,0.43581,0.53446,0.43369,0.17369,0.65298,0.11426,0.63166,0.68077,0.74408
0.58913,0.52395,0.62089,0.64127,0.79796,0.73706,0.23898,0.5227,0.80608,0.56867,0.49067,0.59167,0.68459,0.57252,-0.12415,0.51799,0.64265,0.49645,0.70922,0.66672,0.46086,0.42196,0.45897,0.46212,0.66178,0.43328,0.61807,0.67746,0.47523,0.73099,0.82151,0.63932,0.68475,0.68894,0.49093,0.74581,0.18098,0.76373,0.65684,0.53173,0.68847,0.79157,0.41738,1,0.31511,0.12939,0.57043,0.43329,0.72397,0.62833,0.6833,0.45318,0.59143,0.81199,0.78076,0.40578,0.57534,0.64122,0.66635,0.52089,0.87071,0.69776,0.27884,0.68112,0.68112,0.41949,0.6606,0.35498,0.76561,0.72993,0.2744,0.53126,0.57029,0.62669,0.31836,0.61364,0.63451,0.063988,0.58336,0.033391,0.69973,0.48089,0.74881,0.65734,0.6367
0.32052,0.41991,0.45409,0.39643,0.45931,0.67769,0.27257,0.59878,0.61898,0.4346,0.18982,0.54182,0.42932,0.40192,-0.070614,0.31881,0.47328,0.34063,0.5713,0.55196,0.66492,0.24482,0.32029,0.34087,0.22255,0.26808,0.24603,0.46804,0.47534,0.37052,0.63348,0.33376,0.53517,0.44402,0.37323,0.42728,0.20007,0.53751,0.49972,0.76489,0.42883,0.51622,0.73796,0.31511,1,0.2629,0.68138,0.79651,0.41255,0.489,0.5551,0.22789,0.72653,0.34277,0.24502,0.23121,0.49935,0.40416,0.44222,0.36985,0.21148,0.42776,0.61817,0.31565,0.31565,0.59299,0.45477,0.11237,0.62494,0.58195,0.02525,0.42867,0.32507,0.47212,0.39943,0.46291,0.30944,0.33747,0.349,0.44818,0.44494,0.14589,0.47609,0.641,0.6573
0.36503,0.36453,0.13482,0.11539,0.35573,0.078759,0.063409,0.21785,0.085447,0.062777,-0.16979,0.14937,0.15258,-0.0077447,-0.22167,0.025022,0.010559,0.28648,-0.0072973,0.33368,0.16372,0.25045,0.13904,0.25727,0.26596,0.26118,0.27935,0.24038,0.45663,0.14416,0.22228,0.068698,0.075344,0.1302,0.24115,0.16612,-0.079175,0.12076,0.04498,0.13837,0.29743,0.16885,0.3078,0.12939,0.2629,1,0.118,0.30345,0.12695,0.21901,0.27733,-0.024888,0.26659,0.20372,0.16571,-0.011876,0.25789,0.10131,0.32386,0.18687,0.059831,0.3281,0.6292,0.17584,0.17584,0.21643,0.45602,0.23692,0.19648,0.10511,0.26444,0.49372,0.18955,0.22372,0.023346,0.071004,-0.11677,0.60755,0.12346,-0.014378,0.13323,0.066792,0.21169,0.17743,0.36701
0.33537,0.56116,0.4834,0.56383,0.63886,0.78725,0.34838,0.79343,0.64338,0.59462,0.35733,0.57929,0.6335,0.66141,-0.20721,0.3325,0.70449,0.62845,0.63284,0.80601,0.61229,0.338,0.47789,0.24516,0.62829,0.53069,0.47452,0.47951,0.17533,0.44917,0.64294,0.36322,0.61689,0.55628,0.43125,0.50931,0.22509,0.79509,0.57823,0.61068,0.47364,0.73121,0.47646,0.57043,0.68138,0.118,1,0.52951,0.67768,0.65248,0.65574,0.39409,0.6195,0.50432,0.42332,0.29984,0.71527,0.55882,0.5817,0.52583,0.57593,0.66833,0.3693,0.34654,0.34654,0.57267,0.56663,0.14836,0.78525,0.76417,0.30961,0.54256,0.70144,0.49643,0.32198,0.54094,0.34967,0.064657,0.56504,0.40478,0.55482,0.44316,0.54185,0.61431,0.5436
0.64247,0.51991,0.68961,0.60478,0.6038,0.65002,0.14699,0.57795,0.6418,0.40135,0.40735,0.58876,0.65288,0.55881,-0.22327,0.47935,0.55818,0.43922,0.61542,0.63437,0.72771,0.39922,0.44045,0.58472,0.26308,0.48486,0.27736,0.58548,0.46121,0.63745,0.74347,0.57889,0.69214,0.61271,0.48993,0.56754,0.38526,0.47206,0.68396,0.82011,0.59236,0.62924,0.68694,0.43329,0.79651,0.30345,0.52951,1,0.50338,0.65028,0.70038,0.21167,0.65894,0.43168,0.36555,0.48073,0.65151,0.69571,0.57905,0.34628,0.25855,0.59711,0.62522,0.61146,0.61146,0.70713,0.49707,0.29206,0.62571,0.71662,0.15629,0.67933,0.3366,0.54242,0.44662,0.59841,0.50636,0.37968,0.5241,0.35888,0.63073,0.38917,0.53268,0.77796,0.81056
0.56143,0.58601,0.64959,0.8589,0.75841,0.83243,0.075764,0.62589,0.7443,0.54655,0.60825,0.73623,0.82513,0.7648,-0.40135,0.47107,0.72443,0.52201,0.67549,0.73355,0.55691,0.26667,0.55671,0.35593,0.71629,0.4221,0.41675,0.7554,0.27768,0.57467,0.68329,0.48824,0.73197,0.71613,0.50121,0.75109,0.058558,0.81869,0.88286,0.55915,0.73258,0.78315,0.59755,0.72397,0.41255,0.12695,0.67768,0.50338,1,0.90492,0.77819,0.35666,0.63938,0.66129,0.66379,0.30152,0.69327,0.84677,0.7008,0.4095,0.6396,0.81976,0.36721,0.52625,0.52625,0.49316,0.70893,0.35135,0.89829,0.86279,0.25956,0.54907,0.70264,0.67297,0.16686,0.779,0.61056,0.20527,0.61625,0.059364,0.86628,0.42253,0.67329,0.6759,0.67911
0.70011,0.63752,0.71291,0.86,0.76763,0.79049,0.17374,0.70985,0.73429,0.52311,0.52127,0.7585,0.82206,0.83436,-0.37678,0.44628,0.65952,0.55388,0.64476,0.72366,0.56491,0.27465,0.53108,0.45764,0.60092,0.40465,0.39875,0.73652,0.21623,0.58877,0.71413,0.61168,0.67945,0.72892,0.53459,0.69929,0.066091,0.75998,0.86476,0.62265,0.7099,0.78542,0.70478,0.62833,0.489,0.21901,0.65248,0.65028,0.90492,1,0.81068,0.29766,0.68141,0.6523,0.63559,0.37352,0.77312,0.8764,0.75797,0.47539,0.54198,0.81363,0.49262,0.63654,0.63654,0.70125,0.65657,0.46581,0.82237,0.88824,0.38247,0.5903,0.71081,0.66644,0.19148,0.65514,0.53305,0.25454,0.67014,0.10586,0.83765,0.45419,0.64136,0.7516,0.75462
0.75276,0.69944,0.73595,0.77097,0.91973,0.85557,0.2936,0.64691,0.82006,0.5786,0.55409,0.74622,0.81238,0.71457,-0.19409,0.65262,0.78484,0.44578,0.76464,0.83552,0.77082,0.30829,0.76423,0.43247,0.57709,0.44238,0.52457,0.72023,0.50009,0.74483,0.81405,0.67281,0.75585,0.72293,0.68892,0.78707,0.38045,0.72597,0.8402,0.62204,0.66908,0.89766,0.65162,0.6833,0.5551,0.27733,0.65574,0.70038,0.77819,0.81068,1,0.64731,0.74481,0.69684,0.68787,0.53326,0.82872,0.77485,0.74886,0.49519,0.61857,0.88914,0.53311,0.63873,0.63873,0.7404,0.81064,0.22546,0.8036,0.86102,0.39694,0.62652,0.54963,0.78196,0.2151,0.75128,0.60838,0.28158,0.71783,0.24557,0.83783,0.54464,0.73204,0.81133,0.7095
0.52043,0.43396,0.43133,0.24737,0.55849,0.44352,0.43227,0.43433,0.54909,0.56009,0.17424,0.47012,0.30549,0.39925,-0.059967,0.57877,0.5654,0.040932,0.38278,0.51816,0.59496,0.26838,0.72536,-0.076457,0.32613,0.14057,0.35668,0.37352,0.225,0.56077,0.4969,0.47853,0.47893,0.45251,0.6179,0.50852,0.35495,0.36303,0.37888,0.23132,0.39803,0.5929,0.28835,0.45318,0.22789,-0.024888,0.39409,0.21167,0.35666,0.29766,0.64731,1,0.48172,0.3285,0.3396,0.20391,0.42993,0.26487,0.35115,0.27341,0.46073,0.58097,0.097653,0.30815,0.30815,0.56453,0.49677,0.077418,0.43035,0.5469,0.44962,0.28059,0.25521,0.62892,0.1621,0.38109,0.1981,-0.067947,0.61219,0.2351,0.32397,0.25549,0.42584,0.55925,0.38526
0.56288,0.4905,0.50685,0.50476,0.68836,0.71126,0.21487,0.65073,0.78649,0.4737,0.30056,0.56596,0.56441,0.56607,-0.19315,0.4902,0.54596,0.41116,0.55516,0.68202,0.69048,0.39171,0.48615,0.37583,0.50071,0.40351,0.37532,0.63663,0.46265,0.58235,0.75802,0.50297,0.61845,0.64974,0.56909,0.59076,0.0059643,0.74949,0.6359,0.61027,0.59229,0.67483,0.75877,0.59143,0.72653,0.26659,0.6195,0.65894,0.63938,0.68141,0.74481,0.48172,1,0.5826,0.53479,0.21298,0.67832,0.53693,0.61598,0.48199,0.48119,0.68109,0.61379,0.49032,0.49032,0.7616,0.66715,0.39694,0.69041,0.72816,0.36167,0.47308,0.42682,0.87397,0.23171,0.56175,0.33487,0.4625,0.45762,0.093043,0.63136,0.20001,0.63908,0.78087,0.73682
0.59273,0.60766,0.72631,0.68554,0.85933,0.73469,0.31888,0.53576,0.79632,0.6929,0.55186,0.4163,0.70839,0.5643,0.053528,0.419,0.58316,0.34211,0.7613,0.64255,0.45234,0.096173,0.45295,0.43754,0.4733,0.4306,0.71329,0.53083,0.59663,0.7223,0.77583,0.66909,0.48472,0.45145,0.63124,0.77419,0.057752,0.72878,0.60215,0.42922,0.45252,0.71263,0.4541,0.81199,0.34277,0.20372,0.50432,0.43168,0.66129,0.6523,0.69684,0.3285,0.5826,1,0.98716,0.55955,0.59933,0.61487,0.74412,0.73571,0.78241,0.66392,0.44847,0.54833,0.54833,0.44118,0.77176,0.17739,0.64653,0.66094,0.22658,0.42734,0.36361,0.50757,-0.0040867,0.46579,0.68722,0.024921,0.60135,-0.13249,0.69526,0.25962,0.54364,0.58994,0.52346
0.59314,0.58958,0.70696,0.68178,0.84975,0.69139,0.29085,0.4797,0.75943,0.66886,0.59341,0.40288,0.69731,0.53622,0.034947,0.44768,0.57922,0.30149,0.74117,0.59105,0.42433,0.045723,0.46554,0.38838,0.44628,0.38594,0.70065,0.5404,0.5726,0.70665,0.73396,0.65357,0.46473,0.41317,0.64182,0.78833,0.021134,0.67312,0.6043,0.37104,0.43613,0.6909,0.40211,0.78076,0.24502,0.16571,0.42332,0.36555,0.66379,0.63559,0.68787,0.3396,0.53479,0.98716,1,0.58063,0.57172,0.60136,0.71796,0.69537,0.76211,0.65221,0.40576,0.53165,0.53165,0.38815,0.77483,0.16863,0.60498,0.63384,0.22327,0.39717,0.33338,0.49587,-0.052242,0.47405,0.69302,0.009861,0.58474,-0.18644,0.69825,0.23,0.4966,0.54608,0.47906
0.44173,0.46835,0.51853,0.48926,0.58287,0.46106,0.25698,0.37838,0.52128,0.35845,0.70047,0.38186,0.5489,0.43402,0.12229,0.50652,0.62379,0.38883,0.69857,0.46764,0.49643,0.11816,0.26074,0.34433,0.093086,0.32624,0.45052,0.37346,0.35504,0.50663,0.56946,0.59644,0.52551,0.28742,0.53443,0.6194,0.22696,0.24953,0.50441,0.52401,0.26439,0.51551,0.12618,0.40578,0.23121,-0.011876,0.29984,0.48073,0.30152,0.37352,0.53326,0.20391,0.21298,0.55955,0.58063,1,0.45287,0.4381,0.4734,0.42016,0.38475,0.35682,0.34737,0.51041,0.51041,0.28659,0.43345,0.23926,0.35467,0.49929,0.0062949,0.41171,0.24849,0.19595,0.29164,0.44404,0.64171,-0.048565,0.41673,0.29445,0.5116,0.35362,0.30086,0.41119,0.26828
0.65664,0.77289,0.69805,0.62617,0.83687,0.70057,0.30024,0.74356,0.66093,0.47737,0.45257,0.62234,0.70119,0.78861,-0.35309,0.45104,0.78881,0.71088,0.6357,0.76181,0.67147,0.3054,0.61992,0.29902,0.47835,0.52614,0.51745,0.55016,0.33313,0.60523,0.74142,0.60417,0.63104,0.633,0.56981,0.56103,0.17106,0.6666,0.65874,0.58695,0.54534,0.77578,0.4183,0.57534,0.49935,0.25789,0.71527,0.65151,0.69327,0.77312,0.82872,0.42993,0.67832,0.59933,0.57172,0.45287,1,0.64766,0.73775,0.56602,0.55677,0.80788,0.62547,0.57421,0.57421,0.71059,0.66841,0.34511,0.68287,0.79551,0.52547,0.63995,0.56726,0.66987,0.32187,0.57989,0.39852,0.21438,0.63135,0.25724,0.61155,0.56036,0.56403,0.78173,0.63906
0.65341,0.54353,0.735,0.95694,0.70316,0.77814,-0.0067847,0.57329,0.71227,0.47524,0.56272,0.66904,0.92991,0.75974,-0.34255,0.43605,0.62406,0.42396,0.6877,0.71595,0.58793,0.31065,0.53024,0.62264,0.58889,0.60146,0.2772,0.69592,0.22596,0.74035,0.65053,0.57294,0.74454,0.76395,0.43366,0.73669,0.40457,0.73398,0.91639,0.61709,0.6949,0.77262,0.60952,0.64122,0.40416,0.10131,0.55882,0.69571,0.84677,0.8764,0.77485,0.26487,0.53693,0.61487,0.60136,0.4381,0.64766,1,0.72341,0.44364,0.53055,0.80242,0.3011,0.6611,0.6611,0.59625,0.55928,0.261,0.7987,0.85132,0.21512,0.63496,0.55617,0.60856,0.18262,0.69871,0.65698,0.14524,0.70138,0.14961,0.92556,0.56505,0.69848,0.72567,0.69871
0.72585,0.62921,0.76394,0.75858,0.78186,0.73732,0.1898,0.76832,0.77363,0.65814,0.38533,0.6423,0.79369,0.69937,-0.46488,0.32516,0.64405,0.37711,0.70282,0.67316,0.59338,0.47937,0.59835,0.49421,0.39704,0.5872,0.43574,0.58642,0.31728,0.74456,0.6988,0.78397,0.59512,0.56765,0.47509,0.75613,0.19083,0.67772,0.71057,0.58337,0.56917,0.76906,0.57117,0.66635,0.44222,0.32386,0.5817,0.57905,0.7008,0.75797,0.74886,0.35115,0.61598,0.74412,0.71796,0.4734,0.73775,0.72341,1,0.75405,0.54783,0.86242,0.44696,0.79006,0.79006,0.56577,0.70363,0.25142,0.71394,0.81617,0.21869,0.66541,0.44612,0.62571,0.37696,0.47092,0.51868,0.22871,0.71924,0.33881,0.71251,0.37754,0.70494,0.75729,0.67896
