1,0.1533,0.27091,0.74645,0.56793,0.68168,0.0016816,0.53458,0.69316,0.51099,0.20816,0.52563,-0.10104,0.28481,0.17464,0.066575,0.25831,0.36484,0.45262,0.44329,0.56331,0.38189,0.2154,0.92511,0.24032,0.30811,0.16253,0.43673,0.72305,0.005211,NaN,0.039679,0.4024,0.52334,0.6488,0.3956,0.61096,0.43617,0.1767,0.40388,0.28847,-0.040457,0.056694,0.34073,0.54727,0.27401,-0.0044211,0.23716,0.61569,0.056293,0.63174,0.44078,0.069884,0.32463,0.22794,0.3667,0.64795,0.077253,0.4135,0.14424,0.11145,0.64198,0.21996,0.42779,0.47721,0.91762,0.40854,0.34832,0.12271,0.46487,-0.046362,0.20251,0.4047,0.47448,0.30297,-0.033713,0.63692,0.23445,-0.10286,0.27804,0.29006,0.27766,0.4862,0.58625,0.54185,0.1441,0.43934,0.51175,0.17529,0.21132,0.22795,0.21335,0.4703,0.24876,0.12213,0.35603,0.10253,0.085974,0.35769,0.43337,0.094878,0.47601,0.37838,0.02972,0.15008,-0.042863,0.3218,0.61425,0.65694,0.12858,0.24904,-0.014685,0.27336,0.32678,0.48581,0.29655,0.2676,0.22067,0.58292,0.0012794,0.055616,0.18673,0.5588,0.72337,0.26452,0.19586,0.44822,0.26902,0.56827,0.3673,0.30557,0.20183,0.26016,0.3185,0.17423,0.27857,0.55574,0.1893,0.081739,0.52045,0.26522,0.91591,0.5242,0.70465,-0.26837,0.67116,0.33251,0.12018,0.38706,0.57943,0.2106,0.069684,0.45721,0.40617,0.60238,0.52947,0.17354,0.42091,0.10022,0.14962,0.31906,0.18402,0.55088,-0.03217,0.23857,0.26131,0.54596,0.60316,0.34254,0.61406,0.30227,0.13041,0.32618,0.66559,-0.20906,0.051748,0.10087,-0.15576,0.79423,0.19714,0.41398,0.59386,0.39565,0.034058,0.41552,0.30675,-0.22555,0.086792,0.41557,0.5462,0.77638,0.34785,0.17412,0.77774,0.72719,0.56219,0.16693,0.59238,0.14576,0.51396
0.1533,1,0.29414,0.38715,0.43724,0.065593,0.079313,0.52053,0.27466,0.62127,0.48358,0.54963,0.26817,0.47535,0.39931,0.33697,0.10636,0.56767,0.52481,0.40764,0.097092,0.46303,0.13052,0.11372,0.25047,0.55161,-0.14357,0.35931,0.095075,0.24816,NaN,0.45079,0.69371,0.66351,0.41341,0.43517,-0.16189,0.431,-0.06386,0.1841,0.25659,-0.026996,0.4598,0.30517,0.48236,0.52211,0.20503,0.43949,0.15392,0.17572,0.58739,0.30352,-0.12846,0.059704,0.63486,0.33652,-0.2177,0.067552,0.50767,0.41014,0.34951,0.10163,0.16748,0.18059,0.47868,0.063932,0.15967,0.25364,-0.056119,0.59933,0.18778,0.56184,0.12262,0.54643,0.568,-0.20853,0.19791,0.36405,0.37477,0.38151,0.62303,0.60283,0.15644,0.067674,0.30963,0.25725,0.24713,0.39642,0.29671,0.63844,0.29011,0.26285,0.59661,0.69788,0.089416,-0.028253,0.45874,0.080375,0.42439,0.35472,0.071714,0.10732,0.45483,0.096722,0.27698,0.10283,0.53101,0.47007,0.37611,0.53384,0.16622,0.24707,-0.049445,0.31378,0.59082,0.7033,0.17426,0.077721,0.36293,0.18738,0.77805,-0.14167,0.22359,0.090824,0.37897,0.13952,0.21636,0.29943,-0.14495,0.66027,0.43508,0.13157,0.39189,0.62384,0.18974,0.28685,0.15255,0.41558,0.43736,0.15829,-0.18414,0.089038,0.31899,0.3193,0.1815,0.065328,-0.14007,0.47088,0.68122,0.47035,0.22872,0.18092,0.34439,0.35306,0.37374,0.47072,0.44323,0.52175,0.14834,0.61529,0.48998,0.42877,0.42695,0.50084,0.43883,0.30375,0.40511,0.052552,0.24327,0.50144,0.58014,0.068844,0.36732,0.53561,0.0063913,0.41014,0.28618,0.063044,0.28039,0.82078,0.49156,0.32037,0.55315,0.13095,0.34162,0.50544,0.39767,0.32331,0.29969,0.37858,-0.0061041,0.3195,-0.39196,0.22639,-0.053951,0.62973,-0.015258,0.3594,0.67844,0.26756
0.27091,0.29414,1,0.31066,0.51589,0.24356,0.089625,0.40364,0.27684,0.48768,0.33351,0.57954,0.14691,0.54597,0.52213,0.36254,0.20569,0.24968,0.71058,0.43798,0.18797,0.068523,0.20772,0.37821,-0.0040813,0.53111,0.014204,0.40003,0.57968,0.29642,NaN,0.38796,0.22597,0.1467,0.13773,0.54343,0.14428,0.47458,-0.060503,0.61793,0.51309,0.15794,0.41071,0.72159,0.2975,0.45855,0.06594,0.40705,0.15642,-0.11105,0.49077,0.3832,0.13041,0.50622,0.49764,-0.053645,-0.0068911,-0.30222,0.4154,0.11934,0.19146,0.36006,0.24752,0.50325,0.51726,0.23564,0.43628,0.4259,0.2972,0.26106,0.33666,0.4319,0.30337,0.44459,0.29684,-0.059965,0.10812,0.33746,0.30938,0.72071,0.56284,0.3165,0.30917,0.43709,0.40008,0.2722,0.02557,0.46174,0.384,0.39706,0.39956,0.49051,0.30339,0.25657,0.45743,0.27037,-0.031917,0.28857,0.22993,0.7032,0.17979,0.19808,0.39458,-0.021332,0.31315,0.48313,0.30226,0.20659,0.21745,0.31465,0.19487,0.2448,0.44405,0.26668,0.63564,0.27346,-0.012759,0.44189,0.5115,0.26203,0.19843,-0.19164,0.34265,0.53327,0.37814,-0.069316,0.32587,0.37206,0.16367,0.55645,0.489,0.16852,0.16147,0.22156,0.27315,0.55404,0.55554,0.29997,0.48572,0.27819,0.21354,0.2934,0.67681,0.3842,0.30281,0.52435,0.1708,0.57329,0.054123,0.439,0.14227,0.32607,0.14301,0.31145,0.28843,0.41042,0.049649,0.25517,-0.099093,0.45062,0.48868,0.15562,0.33025,0.2057,0.49938,0.3279,0.65067,0.53184,0.47967,0.49006,0.41107,-0.46343,0.63242,0.48834,0.1656,0.33758,0.060878,0.069165,0.25348,0.58071,0.60405,0.50163,0.24051,0.038569,0.14032,0.55737,0.2601,0.17919,0.28429,0.49594,0.23378,0.46168,0.16079,0.444,0.25712,0.24996,0.17946,0.44811,0.39392,-0.023169
0.74645,0.38715,0.31066,1,0.69732,0.47162,0.061287,0.44742,0.83807,0.40343,0.26363,0.63952,0.033813,0.40623,0.28044,0.21685,0.17161,0.38668,0.45781,0.61206,0.24317,0.28786,0.23402,0.66399,0.42398,0.47682,0.09366,0.32478,0.50582,0.43446,NaN,0.010884,0.62722,0.53417,0.40454,0.65235,0.47154,0.4773,-0.039457,0.44893,0.36188,0.18102,0.3007,0.30462,0.58789,0.50599,-0.18548,0.17555,0.64436,-0.072588,0.67075,0.46704,0.3177,0.48027,0.44677,0.63434,0.55901,0.075228,0.52126,0.20752,0.10543,0.49664,0.44379,0.31592,0.59198,0.56575,0.31007,0.35165,0.023372,0.55027,0.28978,0.44497,0.19869,0.52998,0.51618,0.011408,0.46577,0.41672,0.16017,0.24836,0.24983,0.35793,0.61755,0.49786,0.6086,0.027171,0.51214,0.62211,0.54083,0.24504,0.29174,0.32171,0.47683,0.44128,0.3264,0.31621,0.31654,0.22204,0.36033,0.51793,0.11123,0.22891,0.41578,0.26751,0.15906,-0.18109,0.61673,0.51521,0.51327,0.31527,0.30171,-0.022661,0.3851,0.37502,0.67772,0.43613,0.17594,0.29989,0.45173,0.25439,0.30859,-0.043094,0.73423,0.62482,0.055841,0.21857,0.2641,0.37505,0.47953,0.44602,0.51759,0.10028,0.52373,0.56722,0.30782,0.45479,0.49074,0.21602,0.31152,0.29429,0.2217,0.60462,0.52682,0.67482,-0.0011504,0.61546,0.12777,0.20925,0.58733,0.51272,0.079089,0.38991,0.48009,0.62744,0.67291,0.55394,0.38196,0.48881,0.1809,0.34888,0.51188,0.52024,0.73475,0.31233,0.42535,0.4337,0.68328,0.44291,0.49959,0.80727,0.42138,0.34209,0.48468,0.72287,0.23799,0.23903,0.33496,-0.15745,0.55757,0.5017,0.60535,0.64603,0.33968,0.058023,0.39116,0.45263,0.076818,0.38258,0.4733,0.77771,0.43089,0.54984,0.19654,0.68898,0.38443,0.77114,0.099573,0.53168,0.37687,0.67173
0.56793,0.43724,0.51589,0.69732,1,0.34416,-0.010674,0.41926,0.66178,0.55761,0.43344,0.53284,-0.082552,0.34648,0.35073,0.006173,0.34805,0.37526,0.67272,0.51817,0.47534,0.2864,0.38188,0.65954,0.38179,0.38995,-0.083756,0.19124,0.45326,0.26499,NaN,0.018274,0.48563,0.64301,0.41073,0.50139,0.34897,0.46221,-0.077299,0.54242,0.3516,0.19065,0.16253,0.44255,0.53095,0.3201,-0.14875,0.32196,0.49879,0.087339,0.84439,0.282,0.33451,0.39885,0.35366,0.53125,0.31515,0.014177,0.48351,0.31788,0.14926,0.56353,0.29884,0.74893,0.65755,0.47012,0.11391,0.44896,-0.055552,0.52586,0.051813,0.67778,0.19923,0.59342,0.40934,-0.32528,0.38979,0.15839,0.39888,0.50603,0.53166,0.45684,0.38052,0.48072,0.45481,0.045292,0.22658,0.73236,0.45688,0.19643,0.40402,0.15504,0.66073,0.49582,0.14918,0.25765,0.28129,0.45036,0.36718,0.62947,0.088211,0.41143,0.46317,0.27603,0.22305,-0.034183,0.56987,0.45685,0.52102,0.37005,0.2442,0.24614,0.31614,0.37877,0.67172,0.41823,-0.069969,0.20195,0.50032,0.1991,0.27534,-0.13592,0.56273,0.36887,0.27148,-0.0009961,0.46845,0.53286,0.19861,0.53217,0.38564,0.1906,0.4743,0.36058,0.18809,0.46972,0.34857,0.31642,0.30131,0.33952,0.3207,0.46302,0.6416,0.63336,0.19259,0.74311,0.29504,0.4667,0.47221,0.64966,0.108,0.12649,0.23058,0.4252,0.39949,0.55648,0.32964,0.49494,-0.034565,0.31623,0.46786,0.35751,0.7236,0.20356,0.44953,0.49285,0.5114,0.42334,0.53696,0.7013,0.40508,0.014041,0.46779,0.5876,0.066275,0.12021,0.40737,-0.20433,0.5164,0.63087,0.53873,0.65325,0.40451,0.15706,0.43379,0.61949,0.092103,0.2805,0.28364,0.58195,0.33091,0.33726,0.20668,0.70125,0.32948,0.62871,0.11898,0.49313,0.25661,0.51919
0.68168,0.065593,0.24356,0.47162,0.34416,1,-0.16947,0.43638,0.53763,0.11326,0.52016,0.30946,-0.01896,0.080506,0.24551,0.02318,0.2234,0.14659,0.41825,0.29224,0.30685,0.025934,0.13664,0.68035,0.41559,0.1899,0.32006,0.40716,0.64091,-0.13673,NaN,-0.029086,0.24245,0.3199,0.486,0.30967,0.45547,0.40764,0.36466,0.12906,0.35165,-0.18867,0.05519,0.15639,0.42532,0.20559,0.13118,0.12947,0.40325,-0.13938,0.30299,0.4278,-0.046972,0.47095,0.35464,0.41359,0.30422,-0.076158,0.18815,-0.20669,0.022927,0.61018,-0.037677,0.28758,0.33548,0.6995,0.33716,0.2093,0.12392,0.30568,0.063559,0.017012,0.25078,0.48236,0.32436,-0.042819,0.68828,0.3955,-0.20553,0.17056,0.15707,0.153,0.57146,0.46734,0.57789,0.064461,0.18375,0.39872,0.021814,0.19086,0.45627,-0.077777,0.22399,0.24272,0.29072,0.28953,0.080117,-0.049475,0.3366,0.18516,-0.29715,0.22409,0.29738,-0.2226,-0.078926,0.16571,0.12316,0.4792,0.54057,0.014229,0.16425,-0.0085309,0.33385,0.2181,0.41131,-0.0312,0.19747,0.2058,0.40153,-0.061119,0.07566,0.10613,0.20756,0.60512,0.44211,0.28932,0.24289,0.21084,0.51393,0.39606,0.27766,0.31031,0.09088,-0.03149,-0.097162,0.37104,0.49792,0.24611,0.088877,0.18127,0.24175,0.6716,0.40716,0.51315,-0.00069111,0.53519,0.35476,0.38887,0.21213,0.21811,-0.019084,0.045952,0.31473,0.51839,0.57341,0.37504,0.18011,0.35568,0.13072,-0.020083,0.48293,0.12213,0.42579,0.00033903,0.07007,0.20793,0.35176,0.70286,0.20297,0.44937,0.39692,0.19513,0.21136,0.54035,-0.14573,-0.16297,-0.11036,-0.21513,0.62455,0.043791,0.3762,0.54892,0.20243,0.12043,0.33909,0.22014,-0.35699,0.27811,0.23106,0.2854,0.61141,0.26832,0.13934,0.62704,0.75153,0.30994,0.52444,0.37217,-0.015754,0.21168
0.0016816,0.079313,0.089625,0.061287,-0.010674,-0.16947,1,-0.17339,0.042116,0.18338,0.040541,0.15562,-0.46833,0.21586,-0.18392,0.035135,-0.01433,-0.0067905,0.020519,0.20962,0.044458,0.11719,0.22123,-0.013147,-0.082998,0.051962,-0.023763,-0.2218,0.13077,0.029242,NaN,0.18079,0.27373,-0.22112,-0.10169,0.18049,-0.15685,0.057759,0.018654,0.42604,-0.3608,0.011037,-0.13579,0.17144,-0.12747,0.30272,-0.042575,-0.39651,0.26194,-0.0066935,0.11613,-0.21149,-0.007023,-0.040032,-0.1107,0.053084,-0.16503,-0.11322,-0.1244,0.27441,-0.049725,0.019864,0.0084018,0.048593,0.044462,0.096645,-0.19336,-0.18661,0.34607,-0.14277,-0.2919,-0.0098702,-0.054953,0.0063712,-0.021683,-0.07754,0.064825,-0.11024,-0.1201,0.12883,0.001787,0.2954,-0.28162,0.17683,-0.062112,0.087585,-0.13092,0.097881,0.43753,-0.032311,0.15785,0.024238,0.010883,-0.062156,-0.024793,-0.35743,0.02535,0.019582,0.056018,0.024422,-0.059275,0.12546,-0.18054,0.1274,0.15096,-0.042018,0.055389,0.0028214,-0.23622,-0.044633,-0.026942,-0.10028,0.0040206,-0.27209,0.17218,-0.16446,-0.020443,-0.17896,-0.074357,0.1926,-0.21439,0.10264,0.11795,0.11088,-0.19695,-0.26351,0.29535,0.099744,-0.019764,-0.026075,0.41972,-0.18317,0.094673,0.44315,0.19284,0.19816,0.067546,0.089447,0.049117,0.09865,-0.0088313,-0.049133,0.15909,0.37161,-0.31141,0.13729,0.056084,0.011479,0.07297,0.1629,0.14442,0.21852,0.012566,0.12242,0.029079,-0.17885,-0.03739,-0.11947,-0.41304,0.11469,-0.10145,0.27423,0.10358,-0.1681,-0.32285,0.068118,0.34834,-0.36376,0.080881,0.10302,0.036482,-0.036319,0.18114,0.033798,-0.12926,0.0525,-0.18406,0.3505,-0.036053,0.019338,0.020698,0.20912,0.049216,-0.040881,-0.02077,0.28139,-0.17214,0.046139,0.1472,0.17212,-0.094903,-0.15148,0.17774,0.20116,-0.18018,0.25129,-0.1176,-0.087928,0.17766,0.15901
0.53458,0.52053,0.40364,0.44742,0.41926,0.43638,-0.17339,1,0.42927,0.70456,0.41507,0.51416,0.22478,0.4819,0.59531,0.37453,0.042696,0.78025,0.6861,0.56097,0.39412,0.46118,0.097289,0.54401,0.2277,0.63285,0.22054,0.71733,0.64549,0.075088,NaN,0.47113,0.37769,0.59671,0.56942,0.50697,0.31748,0.48074,0.12221,0.36824,0.56388,0.11037,0.57872,0.55851,0.56992,0.47335,0.37608,0.54572,0.33267,0.14578,0.64907,0.67694,0.096461,0.27359,0.66004,0.24791,0.10333,0.025555,0.61671,0.38084,0.46257,0.18253,0.31988,0.33732,0.70133,0.47472,0.58553,0.57104,0.33324,0.48118,0.20688,0.53045,0.58045,0.65912,0.50527,-0.0027553,0.33638,0.565,-0.070293,0.55091,0.47416,0.58911,0.36806,0.28082,0.70703,0.47931,0.36152,0.64589,0.076225,0.68313,0.42984,0.43823,0.6823,0.70645,0.20446,0.43486,0.17719,0.17673,0.16108,0.59666,0.28928,0.25873,0.79641,0.12622,0.26599,0.43347,0.24161,0.51591,0.54282,0.29299,0.3385,0.31655,0.24553,0.56191,0.56716,0.49276,0.39255,0.48483,0.77857,-0.05782,0.43425,0.23351,0.45972,0.34717,0.3794,0.0059381,0.37814,0.32505,0.23667,0.48485,0.47831,0.25719,0.26739,0.33717,0.23781,0.40676,0.63697,0.6386,0.55122,0.58927,0.18831,0.58042,0.5578,0.51915,0.20386,0.31282,-0.16064,0.65448,0.42022,0.49161,0.43874,0.15795,0.60199,0.24116,0.49927,0.69286,0.35527,0.46903,0.06756,0.54947,0.52516,0.29155,0.28344,0.33757,0.6563,0.19371,0.51935,0.47687,0.31753,0.45012,0.74509,-0.0025898,0.51646,0.65462,-0.017068,0.27675,-0.047381,0.084013,0.64146,0.5223,0.46875,0.55937,0.7415,0.10772,0.67923,0.54646,0.24373,0.24607,0.28323,0.57503,0.41461,0.5981,-0.040149,0.46027,0.4118,0.36757,0.29706,0.80673,0.53033,0.25799
0.69316,0.27466,0.27684,0.83807,0.66178,0.53763,0.042116,0.42927,1,0.24105,0.26793,0.50063,-0.13243,0.25631,0.15076,-0.087367,-0.023001,0.35388,0.36616,0.3953,0.21026,0.27146,0.21735,0.59836,0.36714,0.30291,0.1673,0.25897,0.49582,0.35356,NaN,0.041938,0.58915,0.44134,0.42773,0.41375,0.60182,0.31114,-0.21098,0.38897,0.2778,-0.17498,0.020112,0.22084,0.60382,0.41728,-0.0039106,0.21765,0.58362,-0.039935,0.5844,0.35715,0.124,0.46306,0.2715,0.74123,0.47129,-0.15376,0.24163,0.0083161,-0.04624,0.69773,0.59269,0.27644,0.49032,0.58675,0.19638,0.48513,0.11163,0.58697,0.11277,0.23554,0.34671,0.42661,0.42371,0.021121,0.37493,0.19069,0.0067916,0.087291,0.08048,0.15444,0.56731,0.4071,0.54736,0.18708,0.27931,0.59204,0.39524,0.169,0.40273,0.072027,0.46138,0.34899,0.28422,0.41787,0.12838,0.40609,0.27461,0.3934,-0.14467,-0.013254,0.4413,0.31889,-0.031887,-0.029574,0.51401,0.42669,0.53302,0.20496,0.41931,-0.0076188,0.46217,0.27385,0.51523,0.26378,0.16566,0.30191,0.39742,0.0481,0.1972,-0.04953,0.64014,0.55863,0.094746,0.21135,0.19081,0.39073,0.51714,0.24906,0.47044,0.13845,0.3704,0.37782,0.031111,0.30002,0.32658,0.37373,0.12541,0.17566,0.17257,0.53608,0.47178,0.73226,-0.040733,0.65048,0.39077,0.28838,0.4467,0.53923,-0.06625,0.37234,0.44771,0.39924,0.47754,0.54646,0.54164,0.61333,0.12381,0.14004,0.34567,0.27499,0.64035,0.23485,0.29046,0.31625,0.54276,0.49607,0.1744,0.66057,0.45994,0.39606,0.47354,0.62472,0.30262,-0.057741,0.064774,-0.049847,0.51533,0.38538,0.51424,0.51895,0.26982,0.27253,0.35534,0.33842,-0.15811,0.3952,0.35522,0.59583,0.53712,0.43213,0.46304,0.72511,0.44272,0.66509,0.32086,0.49099,0.062793,0.49039
0.51099,0.62127,0.48768,0.40343,0.55761,0.11326,0.18338,0.70456,0.24105,1,0.36823,0.64688,0.14765,0.68031,0.44263,0.44383,0.39349,0.6815,0.74332,0.66928,0.51825,0.62321,0.30577,0.58296,0.17704,0.65416,0.062755,0.50478,0.5555,0.11161,NaN,0.50357,0.49548,0.67994,0.51424,0.56614,0.036127,0.59178,0.11581,0.56201,0.33104,0.20845,0.51187,0.6092,0.46557,0.46076,0.17184,0.47751,0.26274,0.21508,0.79329,0.53341,0.12254,0.14979,0.47224,0.092279,0.15287,0.16671,0.71976,0.54873,0.41354,0.17768,0.13524,0.4756,0.63792,0.47466,0.46482,0.34924,0.1786,0.47777,0.045689,0.66957,0.36288,0.62439,0.45198,-0.13589,0.34959,0.38025,0.19112,0.69042,0.7576,0.6512,0.16469,0.31847,0.46398,0.42622,0.35972,0.59999,0.24774,0.60441,0.20427,0.41582,0.71364,0.59425,-0.016509,0.16648,0.13069,0.16935,0.25814,0.63277,0.55134,0.55972,0.63712,0.080854,0.58171,0.10827,0.35485,0.56129,0.47748,0.40651,0.11936,0.36536,0.2054,0.47988,0.60352,0.54654,0.30474,0.32023,0.7274,0.2584,0.40742,0.044511,0.43052,0.34573,0.37345,-0.029325,0.71028,0.46248,0.06765,0.58224,0.48236,0.20987,0.46582,0.58202,0.48842,0.37237,0.5446,0.39502,0.56377,0.7304,0.094922,0.54664,0.65926,0.51839,0.088784,0.3508,-0.089048,0.47496,0.46031,0.70067,0.55269,0.19388,0.52089,0.29578,0.43144,0.60849,0.11095,0.4227,-0.048203,0.74122,0.44617,0.45515,0.43207,0.25948,0.49207,0.15713,0.63133,0.23083,0.52564,0.49742,0.52281,-0.11979,0.51133,0.64819,-0.28391,0.45438,0.21815,-0.031149,0.53728,0.66977,0.44991,0.55292,0.70768,0.16363,0.56392,0.64773,0.40874,0.10093,0.45392,0.62197,0.37735,0.50941,-0.2549,0.50672,0.24682,0.47074,-0.22064,0.71261,0.68563,0.42435
0.20816,0.48358,0.33351,0.26363,0.43344,0.52016,0.040541,0.41507,0.26793,0.36823,1,0.20648,0.055048,0.26797,0.46743,0.31479,0.42757,0.31922,0.52419,0.40613,0.30124,0.10787,0.47876,0.33336,0.74149,0.50455,0.138,0.30451,0.334,0.28092,NaN,0.23293,0.35648,0.51669,0.21959,0.34515,0.092665,0.58454,0.096881,0.14203,0.30002,-0.055186,0.2413,0.15313,0.44943,0.46592,0.2551,0.1294,0.21044,-0.072584,0.37486,0.22118,0.10245,0.33092,0.59769,0.45769,-0.00072387,0.069131,0.33505,0.20859,0.50829,0.32372,0.061938,0.3182,0.3689,0.19528,0.16496,0.25855,0.32282,0.33696,0.074086,0.38412,0.088622,0.61174,0.66516,-0.14536,0.36033,0.41543,0.032286,0.40168,0.42274,0.5125,0.2088,0.037405,0.37882,0.12721,0.15167,0.6396,0.057248,0.32163,0.48835,0.12123,0.43497,0.3997,0.10063,0.16845,0.31977,-0.094251,0.3305,0.12905,-0.075503,-0.019487,0.40842,-0.24091,0.31084,0.19513,0.32638,0.60931,0.37213,0.26231,0.25761,0.12672,0.21874,0.50781,0.60053,-0.0027319,0.074158,0.15624,0.34308,0.15223,0.38473,-0.12921,-0.07266,0.20347,0.40563,0.056325,0.47838,0.35567,0.13871,0.55662,0.4175,0.31247,0.34161,0.11095,-0.016657,0.40379,0.3981,0.36479,0.28233,0.26563,-0.17662,0.23556,0.48427,0.42578,0.4032,0.28776,0.11212,0.75921,0.26805,0.3602,0.28612,0.090397,0.3296,0.34792,0.2735,0.21096,0.16224,0.40576,-0.13981,0.36331,0.65379,0.39494,0.34071,0.12582,0.22974,0.20433,0.42152,0.3453,0.23162,0.43389,0.6818,0.21566,0.35016,0.42789,-0.094929,0.0037786,0.28401,-0.17678,0.33402,0.48232,0.37262,0.60059,0.38971,0.24773,0.56163,0.38261,0.0018658,0.3978,0.1652,0.23362,0.30594,0.40657,-0.054725,0.46742,0.32497,0.27791,0.20548,0.19684,0.31368,0.25921
0.52563,0.54963,0.57954,0.63952,0.53284,0.30946,0.15562,0.51416,0.50063,0.64688,0.20648,1,0.22618,0.61864,0.36014,0.33179,0.27726,0.31462,0.61597,0.54567,0.13474,0.28397,-0.042803,0.47427,0.05739,0.56286,-0.071722,0.43093,0.51449,0.25525,NaN,0.23963,0.57712,0.47473,0.51723,0.80898,0.041314,0.52588,-0.034513,0.63647,0.34918,-0.04741,0.47397,0.45439,0.48754,0.55733,-0.051633,0.4589,0.40628,0.046071,0.66472,0.65438,0.13972,0.47808,0.53934,0.24424,0.18429,0.00092673,0.65984,0.16575,0.1291,0.26112,0.28874,0.32824,0.693,0.44688,0.67604,0.46901,-0.13391,0.4571,0.34369,0.33959,0.26692,0.59167,0.31055,-0.16215,0.44851,0.41844,0.32934,0.42091,0.55708,0.39581,0.52208,0.33263,0.56393,0.39874,0.26165,0.45804,0.58101,0.53326,0.3239,0.34692,0.59546,0.56666,0.23596,0.30188,0.2723,0.076985,0.34711,0.62162,0.27365,0.38781,0.47251,0.18937,0.2719,0.023568,0.41067,0.35604,0.47147,0.26196,0.26236,0.30253,0.47585,0.20411,0.78357,0.5638,0.45245,0.20178,0.53087,0.2286,0.26276,-0.08737,0.58768,0.58621,0.50952,0.33876,0.30414,0.39571,0.21238,0.49564,0.49439,0.35963,0.52182,0.66111,0.26355,0.38723,0.40198,0.29432,0.48899,0.49364,0.069708,0.47426,0.60591,0.5209,-0.0398,0.52403,-0.0069696,0.31164,0.434,0.48912,0.17876,0.46747,0.29214,0.68312,0.61307,0.71843,0.33301,0.46712,0.23872,0.60069,0.46806,0.47663,0.50233,0.32536,0.49918,0.23503,0.81544,0.31065,0.48675,0.66387,0.40411,0.027225,0.53,0.85548,0.020626,0.56911,0.23782,-0.036909,0.36861,0.71407,0.52224,0.60448,0.32663,0.18253,0.27591,0.72389,0.3828,0.22894,0.62273,0.7395,0.3092,0.56243,-0.030344,0.48915,0.19633,0.62172,-0.074405,0.55488,0.62319,0.35201
-0.10104,0.26817,0.14691,0.033813,-0.082552,-0.01896,-0.46833,0.22478,-0.13243,0.14765,0.055048,0.22618,1,0.29319,0.4753,0.4351,0.16619,0.25628,0.30678,0.20682,-0.10159,0.14696,0.0014509,-0.046848,0.17459,0.50559,0.1418,0.33982,0.083965,0.22777,NaN,0.33349,-0.046831,0.19987,0.004732,0.11056,-0.14902,0.37946,0.043533,-0.14019,0.58499,0.09939,0.71652,0.34205,0.077988,0.18847,0.15175,0.65904,-0.11938,-0.020141,0.0045183,0.54556,0.070272,0.39114,0.19017,-0.25053,0.021051,0.25546,0.55671,-0.10131,0.0011923,-0.18477,0.018965,-0.09108,0.18109,-0.20593,0.46334,0.088235,-0.090652,0.23393,0.84986,0.27816,0.22089,0.13108,0.27622,0.28893,-0.25591,0.4142,0.49214,0.30906,0.34944,-0.20534,0.36541,-0.11288,0.18258,0.2679,0.29808,-0.028647,-0.17035,0.64626,0.0092023,0.1827,0.20718,0.31907,0.50712,0.32383,0.13264,0.10695,-0.13283,0.30905,0.34475,-0.11842,0.21243,-0.16835,0.22977,0.14813,0.21773,0.19544,0.30218,0.31082,-0.027201,0.27136,-0.14956,0.31271,0.089696,0.42418,0.34194,0.25752,0.3517,0.34123,0.44756,-0.038909,0.08077,0.1244,0.23707,0.62638,0.043712,0.21735,-0.036166,0.48629,0.22141,-0.064554,0.25152,0.16809,0.42973,0.060996,0.26671,-0.11463,0.42807,0.078361,-0.11268,-0.0030966,0.18531,-0.51119,0.41851,-0.14157,-0.27192,0.12539,0.05787,-0.052787,-0.20524,0.22721,0.30855,0.14499,0.02097,0.22938,-0.055771,0.050088,0.50855,0.49519,0.25973,0.34963,0.073676,0.55599,0.45596,-0.19262,0.18691,0.11886,0.3334,0.071061,0.2466,-0.15324,0.25994,0.14344,0.15036,0.58077,0.17052,-0.11037,0.083617,0.32662,0.42441,0.1396,0.21503,0.034979,0.15932,0.072245,0.67867,0.076648,0.42728,0.14989,-0.067524,0.52808,-0.44273,-0.20679,0.019868,-0.15431,0.034451,0.19353,0.39002,-0.103
0.28481,0.47535,0.54597,0.40623,0.34648,0.080506,0.21586,0.4819,0.25631,0.68031,0.26797,0.61864,0.29319,1,0.25125,0.46006,0.17181,0.65871,0.57566,0.51589,0.058452,0.606,0.14234,0.37058,0.027079,0.69893,0.050332,0.47036,0.52486,0.13522,NaN,0.69426,0.30727,0.39413,0.21948,0.519,0.0796,0.69324,0.18543,0.42739,0.28641,0.33877,0.57446,0.50746,0.20409,0.64421,0.3335,0.35101,0.14476,-0.24215,0.50225,0.65096,0.22753,0.22993,0.42687,0.11457,-0.044146,-0.15358,0.66814,0.12351,0.17271,0.26075,0.07114,0.23948,0.33073,0.31959,0.4137,0.054435,0.16376,0.36068,0.30834,0.50878,0.54639,0.50747,0.36616,0.34321,0.16582,0.47342,0.21699,0.54656,0.6907,0.38738,0.29667,0.42617,0.41879,0.35233,0.18839,0.4177,0.36971,0.6266,-0.015459,0.27593,0.35294,0.54749,0.30435,0.087213,0.10355,0.11345,0.017998,0.4487,0.52951,0.39526,0.60481,0.15363,0.41033,0.24356,0.22998,0.39756,0.25615,0.38059,-0.14755,0.28893,0.38005,0.44265,0.49442,0.46457,0.15267,0.65575,0.50137,0.63515,0.35626,-0.083522,0.49963,0.49614,0.010232,-0.067867,0.49631,0.46186,-0.0099805,0.56466,0.50524,-0.14654,0.18107,0.59847,0.57675,0.22881,0.6805,0.25842,0.71651,0.44794,0.013722,0.36417,0.63012,0.3383,0.17431,0.22895,0.038195,0.41812,0.19772,0.57245,0.26113,0.59445,0.54257,0.46832,0.59521,0.39202,0.21891,0.2081,-0.15609,0.7251,0.55972,0.68133,0.23216,0.59721,0.25954,0.018793,0.64127,0.18686,0.61118,0.24231,0.44356,-0.071545,0.5553,0.5173,-0.11612,0.49351,-0.039538,0.19567,0.25632,0.62602,0.39811,0.49266,0.56395,0.3582,0.25172,0.45331,0.44111,0.038985,0.51377,0.61587,0.21672,0.60324,-0.29799,0.33619,0.21561,0.30873,-0.12823,0.59373,0.65415,0.15374
0.17464,0.39931,0.52213,0.28044,0.35073,0.24551,-0.18392,0.59531,0.15076,0.44263,0.46743,0.36014,0.4753,0.25125,1,0.48874,0.21675,0.32454,0.73417,0.59655,0.19249,-0.025746,0.25353,0.29622,0.41172,0.51241,0.1919,0.44605,0.4208,0.36217,NaN,0.11981,0.3312,0.44644,0.34453,0.50652,-0.083998,0.41191,-0.18324,0.45708,0.81096,0.30904,0.64938,0.66218,0.55726,0.59815,0.21573,0.62633,0.08812,-0.064257,0.34484,0.557,0.13129,0.45524,0.54651,-0.058259,0.17958,0.043689,0.64113,0.31203,0.55239,-0.07953,0.43618,0.44531,0.706,0.13893,0.50199,0.56858,0.30775,0.37796,0.4987,0.47053,0.15788,0.66436,0.56443,-0.25657,-0.023687,0.64779,0.45511,0.74462,0.49752,0.51103,0.49709,0.091161,0.61142,0.22342,0.37253,0.55138,0.22559,0.48228,0.67117,0.50484,0.59623,0.53263,0.30529,0.52406,0.17013,0.24279,0.3353,0.71218,0.29397,-0.019232,0.35976,-0.21149,0.31764,0.38436,0.54798,0.30415,0.58988,0.49953,0.50166,0.10135,0.17683,0.63287,0.62116,0.32649,0.35424,0.21015,0.65455,0.10472,0.38064,0.053853,0.14374,0.080744,0.49564,0.15655,0.43745,0.54338,0.2361,0.60368,0.45443,0.20859,0.47093,0.27252,0.26037,0.71476,0.49163,0.34498,0.39837,0.50756,-0.078406,0.28673,0.60505,0.10429,0.48136,0.34071,-0.31081,0.67153,0.33089,0.18396,0.34834,0.098534,0.20268,0.22667,0.25461,0.54183,-0.021124,0.44281,0.25794,0.67723,0.68508,0.30075,0.44724,0.13686,0.68676,0.3745,0.4369,0.38952,0.33886,0.50394,0.72207,-0.19341,0.68603,0.41152,0.25593,0.58215,0.39047,-0.082687,0.27204,0.56974,0.54075,0.54193,0.35643,-0.24317,0.50805,0.57174,0.45656,0.50245,0.43419,0.4765,0.19411,0.65236,0.1048,0.38934,-0.032123,0.2484,0.18899,0.34551,0.50186,0.24725
0.066575,0.33697,0.36254,0.21685,0.006173,0.02318,0.035135,0.37453,-0.087367,0.44383,0.31479,0.33179,0.4351,0.46006,0.48874,1,0.17263,0.38346,0.35756,0.46212,-0.18718,0.23262,0.31048,0.06555,0.23044,0.6968,0.0045955,0.60958,0.20959,0.25016,NaN,0.48078,0.074489,0.17925,0.036787,0.52394,-0.01742,0.27528,0.0062591,0.29467,0.50607,0.32708,0.77417,0.3834,0.13925,0.3226,0.25814,0.14701,0.0042002,0.012319,0.26435,0.35653,0.21257,0.38769,0.50381,-0.19367,-0.047787,0.028035,0.62455,0.29539,0.43936,-0.17449,0.011756,-0.14868,0.26738,0.0066933,0.4983,0.08371,0.35935,0.12742,0.53711,0.43218,-0.0076216,0.40549,0.64317,0.35179,-0.090717,0.52809,0.20857,0.55655,0.39007,0.30999,0.13839,0.092251,0.36266,0.23355,0.4188,0.32633,0.11852,0.54441,0.20281,0.54288,0.26705,0.37976,0.29557,-0.02634,0.16438,-0.032812,-0.094588,0.31421,0.56341,-0.023858,0.31647,-0.060648,0.60922,-0.076712,0.31122,0.099677,0.054053,0.46411,-0.051561,0.26544,0.27867,0.44048,0.40876,0.15564,0.41683,0.49714,0.50838,0.34345,0.32405,-0.041227,0.082591,0.17305,0.13696,0.011426,0.36928,0.10135,0.10104,0.31604,0.34918,0.024667,0.28229,0.37253,0.64771,0.4437,0.44264,0.23713,0.68574,0.38578,-0.07629,0.16515,0.30861,0.11225,0.57504,-0.14744,-0.31851,0.41784,0.098805,0.15279,0.31859,0.30742,0.56469,0.14405,0.17373,0.30999,-0.0081259,0.029709,-0.050133,0.67961,0.36734,0.34805,0.14384,0.36294,0.47322,-0.015917,0.43497,0.25716,0.44406,0.24462,0.32291,0.031459,0.28864,0.34955,-0.0070092,0.57839,0.29759,-0.1623,0.017717,0.44412,0.29001,0.2761,0.39311,-0.026865,0.43798,0.35798,0.61011,0.37782,0.18348,0.33099,0.095208,0.67274,-0.36915,-0.031466,-0.0044847,0.13813,-0.25578,0.46108,0.78401,0.11598
0.25831,0.10636,0.20569,0.17161,0.34805,0.2234,-0.01433,0.042696,-0.023001,0.39349,0.42757,0.27726,0.16619,0.17181,0.21675,0.17263,1,-0.14807,0.37957,0.51628,0.53797,-0.13538,0.38999,0.37061,0.57892,0.21606,-0.025538,0.22678,0.14581,0.2574,NaN,-0.062703,0.15027,0.40243,0.21419,0.21384,-0.28555,0.48608,0.23343,0.068621,0.020892,0.11182,0.18716,0.11384,0.14198,0.094477,-0.27237,0.0015968,0.036358,-0.24036,0.23249,0.31596,0.13419,0.18196,0.25173,0.21726,0.30816,0.54695,0.42811,0.38775,0.27065,-0.034871,-0.22455,0.29553,0.35397,0.19462,0.19612,0.015583,-0.025629,0.089813,0.088278,0.2468,-0.19017,0.43398,0.2738,-0.30739,0.3609,0.31664,0.15413,0.27392,0.47044,0.22651,0.35073,0.19866,0.28057,0.044252,0.37659,0.26523,-0.0083703,0.11418,0.11605,0.23691,0.23645,0.14352,-0.092225,0.18879,-0.094465,-0.17342,0.39369,0.18688,0.18204,0.46017,0.1612,-0.077653,0.091039,-0.25227,0.17075,0.51374,0.36998,0.18872,0.16255,0.27943,0.15387,0.29639,0.3134,-0.01428,0.18323,-0.067656,0.11212,0.051524,0.041495,-0.46576,-0.045094,0.19337,0.44212,0.20936,0.50447,0.24097,-0.14967,0.3814,0.053151,0.5122,0.44913,-0.075413,0.081664,0.28471,0.17467,-0.45309,0.1327,0.38126,-0.02002,0.18653,0.21159,0.13492,0.084687,0.16405,-0.21201,0.2048,0.085399,0.0015893,0.37502,0.1,0.047418,0.35626,0.11928,0.20747,-0.45802,0.10966,0.32884,0.30989,0.37452,0.37142,0.34772,-0.24466,0.25814,-0.055189,0.38753,0.3093,0.34886,0.45576,0.20121,0.090382,0.012339,0.42927,-0.20856,0.18237,0.47171,-0.55005,0.26813,0.20618,0.29492,0.30589,0.10229,0.37039,0.37116,0.1774,0.012412,0.078282,0.21931,0.36255,0.28731,0.25951,-0.069876,0.38942,0.23034,0.067188,-0.23824,0.070024,0.08322,0.55796
0.36484,0.56767,0.24968,0.38668,0.37526,0.14659,-0.0067905,0.78025,0.35388,0.6815,0.31922,0.31462,0.25628,0.65871,0.32454,0.38346,-0.14807,1,0.56296,0.44062,0.25973,0.83386,0.17166,0.40043,0.12816,0.69611,0.1857,0.52848,0.5141,0.021125,NaN,0.72698,0.30869,0.50674,0.33862,0.31392,0.38151,0.4528,0.21006,0.26213,0.3797,0.216,0.56471,0.5261,0.35279,0.41561,0.50782,0.47661,0.25065,0.22571,0.66523,0.46689,0.10741,0.1529,0.37905,0.21527,-0.052704,-0.08522,0.52561,0.29828,0.21849,0.2874,0.16032,0.25694,0.39651,0.3437,0.24407,0.24742,0.2985,0.47283,0.19555,0.67242,0.63458,0.43029,0.47816,0.30694,0.097724,0.37894,0.029563,0.51171,0.48939,0.44257,0.052029,0.27274,0.43514,0.43297,0.30057,0.58809,0.1015,0.7026,0.11749,0.2231,0.55745,0.6606,0.25058,0.14355,0.26338,0.29254,-0.081475,0.4436,0.43815,0.21689,0.69849,0.16356,0.45416,0.28886,0.25203,0.47527,0.30663,0.41754,-0.041065,0.32659,0.048295,0.53251,0.35417,0.57721,0.14789,0.60407,0.68527,0.30682,0.58662,0.28853,0.53725,0.30934,-0.059583,-0.098095,0.41541,0.32678,0.13282,0.5034,0.50901,-0.17525,0.17645,0.52883,0.54247,0.20166,0.62565,0.63942,0.62934,0.38063,0.14,0.417,0.53359,0.38275,0.22456,0.16393,0.036622,0.50413,0.438,0.64351,0.19742,0.25281,0.75583,0.13176,0.40452,0.45877,0.50147,0.29835,-0.23842,0.56754,0.36422,0.46766,0.20941,0.63737,0.37226,0.053849,0.37822,0.20572,0.40263,0.21447,0.58828,0.013688,0.44688,0.39267,-0.083271,0.19482,-0.16652,0.28514,0.55566,0.52693,0.4006,0.46824,0.87643,0.18171,0.50644,0.38899,0.36581,0.04741,0.27096,0.42935,0.18365,0.50413,-0.33026,0.26799,0.35608,0.35395,0.12195,0.75608,0.58348,0.13985
0.45262,0.52481,0.71058,0.45781,0.67272,0.41825,0.020519,0.6861,0.36616,0.74332,0.52419,0.61597,0.30678,0.57566,0.73417,0.35756,0.37957,0.56296,1,0.76682,0.48951,0.37311,0.23421,0.5925,0.3345,0.65863,0.21544,0.5084,0.68649,0.18809,NaN,0.381,0.48676,0.57096,0.51912,0.6381,0.034255,0.63506,0.2214,0.63996,0.61017,0.27715,0.62055,0.81389,0.5911,0.58027,0.21413,0.63079,0.18295,0.055058,0.75619,0.65338,0.11585,0.54,0.55365,0.16706,0.11454,-0.0099379,0.66333,0.33049,0.27079,0.29863,0.17618,0.71514,0.82418,0.46582,0.41048,0.49353,0.22123,0.54441,0.32762,0.68402,0.34435,0.76108,0.52417,-0.27882,0.2966,0.60547,0.39764,0.83782,0.77972,0.58743,0.46268,0.47174,0.73196,0.3367,0.39177,0.74322,0.4283,0.59639,0.56985,0.34786,0.68469,0.67603,0.36736,0.42598,0.09641,0.32782,0.40212,0.82328,0.33938,0.43934,0.57216,-0.046162,0.40943,0.33171,0.52544,0.54496,0.59331,0.56599,0.27449,0.3315,0.30757,0.57676,0.70971,0.52605,0.254,0.34668,0.74017,0.28857,0.47502,-0.03737,0.46763,0.45893,0.46646,0.099722,0.6403,0.68824,0.1834,0.82417,0.62101,0.28917,0.52649,0.42013,0.44752,0.74111,0.67912,0.43897,0.57266,0.53025,0.2078,0.47859,0.85316,0.43036,0.2855,0.60315,-0.030143,0.73264,0.47928,0.49538,0.29038,0.24703,0.37449,0.50163,0.50345,0.70007,0.15642,0.52768,0.047911,0.72492,0.72939,0.51279,0.62601,0.29538,0.53477,0.38488,0.65641,0.52799,0.62209,0.64962,0.74106,-0.17591,0.71187,0.65206,-0.004805,0.41404,0.13372,0.02927,0.62789,0.70889,0.69778,0.74436,0.65265,0.098785,0.48471,0.76124,0.35734,0.25962,0.55797,0.69177,0.26125,0.59041,-0.052866,0.63001,0.34874,0.50039,0.1799,0.62029,0.52879,0.37184
0.44329,0.40764,0.43798,0.61206,0.51817,0.29224,0.20962,0.56097,0.3953,0.66928,0.40613,0.54567,0.20682,0.51589,0.59655,0.46212,0.51628,0.44062,0.76682,1,0.43126,0.21168,0.37717,0.53145,0.56299,0.5775,0.37175,0.44267,0.56094,0.4405,NaN,0.2391,0.61725,0.47747,0.32297,0.70678,-0.079641,0.56926,0.1951,0.52178,0.40905,0.40778,0.65349,0.61093,0.466,0.55701,-0.096257,0.24781,0.2554,-0.14894,0.60767,0.66708,0.20845,0.42762,0.53385,0.36566,0.33832,0.24527,0.64388,0.51736,0.25721,0.04664,0.21735,0.37862,0.77541,0.37115,0.36064,0.26476,0.27134,0.38324,0.34914,0.65725,0.050191,0.67331,0.57864,-0.15743,0.36488,0.76446,0.14065,0.60819,0.4911,0.57314,0.54411,0.43925,0.76109,0.27981,0.57624,0.67399,0.4611,0.45226,0.44861,0.48256,0.48771,0.56802,0.2585,0.30692,-0.037305,0.26547,0.39795,0.71662,0.40507,0.38319,0.50378,0.075266,0.33268,-0.020925,0.49253,0.51751,0.45242,0.47761,0.28037,0.24366,0.37799,0.49994,0.63234,0.31697,0.28719,0.35937,0.58005,0.28085,0.424,-0.14985,0.54197,0.40029,0.24286,0.093128,0.60556,0.54462,0.23129,0.59743,0.67429,0.29289,0.71268,0.48622,0.53282,0.7841,0.62822,0.17905,0.60338,0.50163,0.22601,0.41403,0.63199,0.4918,0.21009,0.38578,-0.33155,0.53333,0.56635,0.30199,0.41432,0.48399,0.50679,0.57103,0.53182,0.61494,-0.03163,0.41578,0.23924,0.73829,0.67278,0.69875,0.70265,0.21027,0.54594,0.22828,0.73424,0.38818,0.58229,0.76459,0.66339,0.1439,0.58149,0.70218,0.19662,0.38145,0.21678,-0.21472,0.51861,0.51857,0.71793,0.6218,0.4993,0.16581,0.5593,0.59112,0.32589,0.43574,0.49663,0.89495,0.24447,0.68219,0.035196,0.6501,0.18623,0.51144,-0.065051,0.60197,0.55334,0.72648
0.56331,0.097092,0.18797,0.24317,0.47534,0.30685,0.044458,0.39412,0.21026,0.51825,0.30124,0.13474,-0.10159,0.058452,0.19249,-0.18718,0.53797,0.25973,0.48951,0.43126,1,0.23798,0.23346,0.63221,0.33313,0.22248,0.1823,0.15264,0.45819,0.082426,NaN,0.035003,0.207,0.42525,0.38682,0.052956,0.17605,0.44058,0.36836,0.20035,0.024917,0.058916,-0.01791,0.36954,0.37731,0.085924,-0.12639,0.20361,0.29206,0.22907,0.50302,0.16635,0.063717,0.076568,0.15355,0.23004,0.39569,0.47843,0.1799,0.50366,0.22492,0.2346,0.010369,0.61107,0.49002,0.47238,0.041306,0.31778,0.2432,0.2678,-0.23082,0.32605,0.26237,0.27886,0.11233,-0.39954,0.38686,0.08996,-0.14557,0.3145,0.33486,0.37065,0.064322,0.28056,0.27797,0.08359,0.38074,0.45576,-0.057305,0.10286,0.12745,0.24879,0.39896,0.093694,-0.03793,0.39112,-0.058547,0.0045684,0.35133,0.34831,0.062418,0.52323,0.29633,-0.03635,0.12874,0.17324,0.13037,0.73168,0.40981,0.043244,0.33227,0.06365,-0.17618,0.30851,0.23176,0.23902,0.010917,-0.13697,0.29844,-0.17092,0.085139,0.045381,0.23467,0.35653,0.20475,0.013429,0.44507,0.25346,0.082119,0.42082,0.22944,0.35738,0.29472,-0.058907,0.041651,0.20785,0.37237,-0.028838,-0.091529,0.4112,0.25849,0.45574,0.38047,0.35687,-0.28653,0.4728,-0.0061513,0.16856,0.25814,0.31363,0.37434,-0.25371,0.12592,0.1041,0.12332,0.1905,-0.21683,0.232,0.0062721,0.076889,0.19174,0.13852,0.28838,-0.29131,0.20966,0.21367,0.32865,0.30254,0.26218,0.44789,0.35301,-0.12383,0.18854,0.29727,-0.27926,-0.13455,0.061252,-0.00070884,0.79394,0.093144,0.34437,0.46384,0.45309,0.044021,0.39904,0.22311,-0.26838,-0.26698,0.21775,0.33087,0.35337,0.017506,0.11134,0.54739,0.56527,0.21031,0.16733,0.2451,-0.11364,0.48109
0.38189,0.46303,0.068523,0.28786,0.2864,0.025934,0.11719,0.46118,0.27146,0.62321,0.10787,0.28397,0.14696,0.606,-0.025746,0.23262,-0.13538,0.83386,0.37311,0.21168,0.23798,1,0.063418,0.35158,-0.067512,0.55866,0.059523,0.33092,0.33604,-0.17064,NaN,0.6442,0.2503,0.47745,0.38719,0.15231,0.32176,0.34821,0.25707,0.25906,0.11281,0.085171,0.28939,0.33113,0.31233,0.23787,0.48708,0.3982,0.11458,0.40812,0.61957,0.25447,0.041034,0.077467,0.089225,0.1024,-0.026001,-0.026315,0.36123,0.14275,0.005365,0.38209,-0.0024054,0.18089,0.16387,0.41596,0.059326,0.090081,0.11316,0.54244,-0.026738,0.45609,0.54171,0.22798,0.32743,0.30373,0.05478,0.032313,0.088252,0.30048,0.48782,0.23748,-0.12044,0.22883,0.18556,0.26066,0.30797,0.36926,0.10613,0.50021,-0.16311,-0.055962,0.46111,0.44721,0.11659,0.012743,0.15822,0.18024,-0.13861,0.18839,0.43518,0.3031,0.50542,0.16856,0.52059,0.0089431,0.26542,0.43993,0.23428,0.38036,-0.21731,0.17111,-0.019299,0.37199,0.123,0.58061,0.20203,0.38172,0.47662,0.40374,0.43135,0.19518,0.40847,0.32831,-0.18908,-0.034745,0.41845,0.33786,0.0414,0.38466,0.32966,-0.22546,0.13115,0.53496,0.57199,-0.066885,0.38926,0.46303,0.3672,0.32351,0.045984,0.39358,0.42497,0.29826,-0.030789,0.15375,0.22599,0.1537,0.33511,0.65901,0.11542,0.093083,0.65847,0.060913,0.30678,0.30604,0.43431,0.29949,-0.34844,0.44261,0.12877,0.36008,0.17572,0.54174,-0.0071218,0.034521,0.22375,0.050593,0.36982,0.051379,0.28769,0.10778,0.28349,0.22496,-0.40484,0.15896,-0.15728,0.36509,0.49877,0.42789,0.14824,0.30456,0.78272,0.23194,0.27799,0.28811,0.2825,-0.20047,0.37622,0.23561,0.19071,0.25068,-0.47006,0.1478,0.36994,0.3952,-0.097704,0.56344,0.41779,0.12983
0.2154,0.13052,0.20772,0.23402,0.38188,0.13664,0.22123,0.097289,0.21735,0.30577,0.47876,-0.042803,0.0014509,0.14234,0.25353,0.31048,0.38999,0.17166,0.23421,0.37717,0.23346,0.063418,1,0.36732,0.59252,0.30395,0.18381,0.12482,0.25154,0.21609,NaN,0.17631,0.12522,0.29691,-0.13774,0.030927,0.23131,0.38023,-0.23551,0.12462,0.34311,0.17462,0.10817,0.27888,0.048361,0.10649,-0.07102,-0.08467,0.40591,-0.14763,0.23366,0.02017,0.30553,0.22888,0.051949,0.17391,0.23576,0.17282,0.33343,0.29188,0.21265,0.29041,0.12465,0.12408,0.10092,0.13818,0.014366,-0.11137,0.46997,0.15094,0.085676,0.47433,0.029792,0.25266,0.54322,0.20212,0.062513,0.020401,0.097866,0.44172,0.20016,0.12592,0.15048,0.25873,0.049557,0.0055575,0.046054,0.2905,-0.21001,0.18726,0.31464,0.071539,0.26229,0.048936,0.19478,-0.1564,-0.060114,0.47881,-0.088578,0.21712,-0.029759,-0.026245,0.22066,0.040949,0.31429,-0.064735,0.30901,0.27094,0.26275,0.14382,-0.044195,0.080521,0.057443,0.18848,0.18992,-0.29528,-0.063536,0.28594,0.40294,0.30028,0.002549,-0.088376,-0.039141,0.032441,0.10217,-0.010591,0.62238,0.30827,0.14069,0.23285,0.41702,-0.24557,0.18133,0.089701,0.3407,0.28284,0.26111,0.0042096,0.29168,0.23691,0.19461,0.26905,0.26066,0.28413,0.50648,0.17109,0.21332,0.37435,-0.040624,0.38856,0.14428,0.053034,0.46971,-0.10994,-0.12944,-0.036181,-0.27672,0.063665,-0.042961,0.2041,0.14635,0.18977,0.45475,0.066161,0.21401,0.031661,0.26369,0.15511,0.32872,0.26722,0.20799,-0.053816,0.28708,0.11125,-0.064565,0.094456,0.3061,-0.46308,0.10862,0.10969,0.38054,0.28251,0.13184,0.10318,0.60835,0.14731,0.025136,0.55522,0.0025882,0.13763,0.45505,0.2832,0.17542,0.40707,0.12289,-0.00020349,0.082005,0.27769,0.17734,0.29982
0.92511,0.11372,0.37821,0.66399,0.65954,0.68035,-0.013147,0.54401,0.59836,0.58296,0.33336,0.47427,-0.046848,0.37058,0.29622,0.06555,0.37061,0.40043,0.5925,0.53145,0.63221,0.35158,0.36732,1,0.32724,0.33451,0.3033,0.34687,0.83919,-0.015945,NaN,0.046797,0.34961,0.54628,0.52778,0.42113,0.5638,0.58589,0.23166,0.44829,0.39151,0.11027,0.12093,0.45134,0.47792,0.29116,-0.037495,0.3018,0.60546,-0.021266,0.64237,0.51081,0.19264,0.35137,0.20036,0.294,0.64409,0.073342,0.48761,0.10288,0.10535,0.66383,0.15128,0.59918,0.49159,0.87949,0.42491,0.28115,0.12768,0.39606,-0.018869,0.36714,0.42688,0.50952,0.27764,-0.045829,0.67016,0.2957,-0.035797,0.45495,0.38852,0.30904,0.49,0.60262,0.51938,0.14358,0.29725,0.57511,0.14321,0.22525,0.25006,0.13602,0.47668,0.25896,0.13908,0.33441,0.067248,0.20323,0.30219,0.54161,0.17517,0.5669,0.42843,-0.094661,0.26375,0.069801,0.25722,0.61614,0.66908,0.08724,0.12883,0.044637,0.30043,0.37102,0.51714,0.20438,0.11365,0.31185,0.68816,0.1778,0.054454,0.22813,0.5462,0.68609,0.30548,0.15905,0.61991,0.42005,0.57774,0.47377,0.38711,0.12525,0.29325,0.28812,0.25285,0.352,0.69252,0.21115,0.20595,0.58322,0.35798,0.94197,0.68484,0.64364,-0.10922,0.75819,0.38481,0.2599,0.32777,0.65776,0.20502,0.090402,0.44666,0.44749,0.61034,0.48546,0.053987,0.37262,0.033726,0.22278,0.42542,0.28621,0.59438,0.022615,0.24452,0.23624,0.55715,0.56597,0.49192,0.56697,0.33311,-0.029534,0.43677,0.61718,-0.2299,0.05876,0.11306,-0.24343,0.77141,0.20923,0.47687,0.70492,0.38611,0.030074,0.46067,0.37567,-0.1234,0.11288,0.44484,0.56313,0.76976,0.40301,0.14902,0.84504,0.71821,0.42182,0.16392,0.62785,0.18113,0.46336
