1,0.22802,0.17482,0.21711,0.075306,0.25637,-0.34289,-0.048446,0.23166,0.20677,0.27415,0.2,0.42906,0.12294,0.56877,-0.27156,0.056566,0.2202,0.13575,0.24759,0.57718,0.18501,0.38789,0.65815,0.55854,0.10564,0.0019214,-0.062286,0.58556,0.1684,NaN,0.019607,-0.32699,-0.15925,0.22962,-0.027533,-0.053491,0.30503,0.52046,0.011017,-0.29912,0.080582,-0.16637,0.052462,-0.29175,0.0083779,-0.075879,0.18811,0.59772,0.022996,0.15997,0.16428,0.36695,0.43737,0.34725,0.03233,0.49999,NaN,0.031809,-0.11262,0.47201,0.38573,0.1583,0.081339,0.23807,0.63093,-0.14065,0.21787,0.33106,-0.28003,0.24931,0.1527,0.11877,0.20215,-0.27493,0.17418,0.16674,0.38403,0.054842,-0.037685,0.057338,0.20954,0.39803,0.38274,0.078864,0.050701,0.19802,0.30081,0.16945,0.11002,0.31021,0.19773,0.33969,0.092314,0.28366,0.23233,-0.0077343,0.32602,-0.14224,0.042569,-0.068331,-0.041628,0.03588,-0.79558,0.17115,-0.057926,-0.27398,0.24181,0.39412,0.25753,0.23315,0.057094,-0.34166,-0.37508,0.049197,-0.18226,0.26488,0.1611,0.42145,0.43848,0.21335,0.25354,0.21889,0.51144,0.055392,-0.32641,0.19304,-0.0076505,0.61055,0.18407,0.22576,0.31394,0.098286,-0.03937,0.012885,0.45923,0.63537,0.2707,-0.050291,-0.025165,0.043025,0.81565,0.077102,0.15791,0.26558,0.36154,0.44483,0.28101,0.010348,0.29836,-0.14654,0.32267,0.23657,0.2054,0.2165,-0.03231,0.32399,-0.40054,0.040642,0.33843,0.15421,0.21157,0.30191,-0.16249,0.15777,0.32457,0.20682,0.44718,0.13123,0.4252,-0.023611,-0.53185,-0.034952,0.15129,-0.022913,-0.065653,0.30585,0.13372,0.60031,0.3618,0.36547,0.48958,0.11829,0.013882,0.20999,0.0099837,0.0082423,0.080767,0.18326,0.007479,0.60366,0.23426,0.28404,0.2191,0.45712,-0.087535,-0.041904,0.53673,0.32808,-0.1354
0.22802,1,0.66258,0.29902,0.51281,0.15659,-0.41262,0.35784,0.22678,0.30461,0.61911,-0.011379,0.25245,0.33293,0.41152,0.2567,0.18076,0.46587,0.22477,0.50062,-0.063376,0.58678,0.42179,0.25972,0.12733,0.46167,0.20253,0.35995,0.28103,0.41755,NaN,0.57598,0.39823,0.28973,0.39521,0.39688,0.13297,0.45341,0.085272,0.23722,0.32361,0.24903,0.16794,0.36747,0.36963,0.097126,0.14971,0.3634,0.23475,0.11351,0.31204,0.36206,0.10553,0.48393,0.7093,0.22668,0.19773,NaN,0.61362,0.20438,0.4126,0.37016,0.22899,0.24963,0.45129,0.30282,0.12758,0.057509,0.38909,0.26197,0.48893,0.36966,0.39401,0.46493,0.43939,0.38079,0.17656,0.18265,0.20101,0.28861,0.41201,0.091474,0.36155,0.56741,0.068822,0.35185,0.49387,0.49397,0.20953,0.19277,0.0094431,0.16267,0.16772,0.33604,0.72268,0.19738,0.075046,0.22646,0.50154,0.58231,0.36423,0.61776,0.51711,-0.24345,0.0081463,0.11769,0.39609,0.49681,0.31332,0.2263,0.19785,-0.024688,0.10587,0.50645,0.29389,0.057033,0.39073,0.36179,0.46988,0.38671,0.55666,0.47958,0.5545,0.24984,0.69966,0.077719,0.64768,0.49701,0.024644,0.64111,0.14005,0.24069,0.42553,-0.029529,0.67664,0.15734,0.45034,0.52393,0.2482,0.48072,0.091248,0.15623,-0.036965,-0.0012131,0.32002,0.53763,0.26985,0.48017,-0.24851,0.13595,0.010224,0.41355,0.63985,0.55254,0.47481,0.35491,0.27515,0.21438,0.37298,0.46013,0.46967,0.37809,0.25473,0.32864,0.35867,0.5902,0.32385,0.40569,0.44632,0.6098,0.36711,0.051739,0.40431,0.16627,0.17921,0.17579,0.028563,0.20553,0.48355,0.53236,0.64134,0.42757,0.46286,0.27616,0.37688,0.11299,0.57084,0.53625,0.53353,0.47312,0.18099,0.067319,0.42384,0.12593,0.31616,0.33601,-0.27086,0.41642,0.24614,0.25541
0.17482,0.66258,1,0.59505,0.56468,0.13874,-0.32298,0.74352,0.67882,0.52437,0.77293,-0.099738,0.55997,0.70918,0.47505,0.56578,0.33275,0.59324,0.61113,0.70005,0.056872,0.70455,0.54706,-0.059471,0.40332,0.74037,0.44793,0.23982,0.39231,0.6036,NaN,0.60571,0.60486,0.52979,0.59045,0.69331,0.21345,0.64233,0.10339,0.71684,0.5998,0.56075,0.22223,0.51569,0.67878,0.38983,0.5219,0.57769,-0.079965,0.2737,0.62094,0.64612,0.20717,0.65939,0.6882,0.24661,0.047022,NaN,0.79083,0.26474,0.15941,-0.011539,0.46641,0.61033,0.68774,-0.029552,0.47808,0.43149,0.62651,0.54475,0.6699,0.62097,0.72613,0.7156,0.67223,0.35819,0.26291,0.30232,0.59509,0.68019,0.69598,0.33641,0.42182,0.67968,0.16565,0.54713,0.665,0.72118,0.41662,0.64801,0.033167,0.52313,0.39227,0.67588,0.53601,0.34155,0.25893,0.59354,0.65387,0.84993,0.65347,0.75124,0.11798,-0.11932,0.33477,0.33297,0.71597,0.77944,0.5119,0.56627,0.4031,0.40073,0.31578,0.55347,0.56308,0.29956,0.66309,0.40333,0.58371,0.49595,0.7823,0.41396,0.71453,0.13661,0.71908,0.20897,0.91019,0.54073,-0.068346,0.82239,0.5136,0.29388,0.21524,0.1145,0.8041,0.27566,0.44086,0.43678,0.57111,0.63962,0.047195,0.013995,-0.19993,0.13825,0.4553,0.58664,0.019213,0.6587,0.11602,0.59482,0.21409,0.60425,0.44925,0.8102,0.77463,0.5562,0.46956,0.54439,0.72155,0.72516,0.77467,0.60471,0.4932,0.48889,0.63226,0.53652,0.52,0.46725,0.68649,0.42463,0.78212,0.22369,0.58546,0.37503,0.56233,0.4316,0.064899,-0.074139,0.24774,0.63982,0.53011,0.70216,0.60806,0.28095,0.72091,0.38132,0.77092,0.60571,0.63891,0.59473,-0.09688,-0.13796,0.11487,-0.155,0.1865,0.47763,0.25097,0.69137,0.58377,0.48751
0.21711,0.29902,0.59505,1,0.60619,0.59471,-0.22252,0.50295,0.68231,0.63531,0.47968,0.12195,0.4669,0.6827,0.43863,0.49818,0.31791,0.52595,0.49728,0.55684,0.43784,0.52929,0.40852,0.23614,0.50426,0.58562,0.42605,0.41329,0.63787,0.31676,NaN,0.37571,0.30929,0.42894,0.5945,0.56305,0.33757,0.60638,0.042577,0.80115,0.37782,0.74825,0.31895,0.41927,0.41944,0.67128,0.46677,0.46614,0.1212,-0.10868,0.6091,0.45799,0.018411,0.48217,0.5699,0.27088,0.17677,NaN,0.60978,-0.046428,0.39564,0.13412,0.76359,0.35292,0.59379,0.2884,0.2208,0.58626,0.63012,0.36518,0.57491,0.64055,0.64127,0.74548,0.31633,0.097453,0.42741,0.17195,0.62624,0.49377,0.51806,0.1619,0.49677,0.62855,0.58993,0.62765,0.42323,0.71375,0.088776,0.59984,-0.0014826,0.25366,0.19903,0.47953,0.16145,0.42394,0.19843,0.54242,0.072465,0.65351,0.46479,0.34471,-0.14127,-0.27369,0.32127,0.52075,0.43007,0.62623,0.34511,0.47948,0.47353,0.41469,0.2267,0.28787,0.70693,0.57572,0.37738,0.57914,0.51296,0.58268,0.68669,0.43851,0.61689,0.41868,0.28088,0.27015,0.63727,0.27035,0.14925,0.63165,0.27504,0.3241,0.18201,0.54139,0.67288,0.23943,0.54897,0.2182,0.48624,0.58429,-0.1782,0.18271,0.11803,0.12325,0.51475,0.60933,0.076987,0.37404,0.043726,0.53941,0.14882,0.53401,0.34015,0.70664,0.64905,0.45893,0.097586,0.23531,0.48681,0.55764,0.74951,0.4523,0.77906,0.44392,0.68771,0.39258,0.55573,0.59526,0.38261,0.4495,0.42745,0.29309,0.46392,0.69793,0.68773,0.28715,-0.26463,-0.33424,0.47951,0.76475,0.3851,0.6397,0.20202,0.097877,0.50127,0.23428,0.56293,0.44487,0.50094,0.49309,0.15078,0.2379,0.13024,0.21218,0.59205,0.12298,0.54722,0.72155,0.50968,0.38474
0.075306,0.51281,0.56468,0.60619,1,0.48525,-0.39589,0.5154,0.30277,0.71096,0.31567,0.22235,0.49557,0.50949,0.19419,0.54397,0.49505,0.40874,0.3917,0.48863,-0.099326,0.38958,0.27408,0.17406,0.10576,0.58971,0.19505,0.26623,0.52185,0.52561,NaN,0.23365,0.25371,0.24918,0.40532,0.64099,0.26319,0.45023,-0.17871,0.48107,0.4517,0.51389,0.352,0.39069,0.46225,0.41851,0.41254,0.38091,0.12249,0.044007,0.43721,0.29932,0.11458,0.30417,0.49527,0.13129,0.37183,NaN,0.52789,0.2076,0.31334,0.19194,0.42668,0.27645,0.44435,0.090142,0.25334,0.258,0.36791,0.40446,0.41726,0.50034,0.32012,0.72507,0.37795,0.025579,0.25364,0.14891,0.39218,0.37803,0.26911,0.391,0.18454,0.44021,0.37175,0.27175,0.55774,0.53127,0.11682,0.46218,0.016398,0.049941,0.022422,0.46852,0.23769,0.41011,0.14313,0.34706,0.19755,0.44638,0.5226,0.36146,0.25466,-0.13545,0.2591,0.26827,0.47539,0.53709,0.077563,0.59555,0.34224,0.40407,0.36359,0.46829,0.57676,0.30476,0.28633,0.31854,0.41442,0.45964,0.43841,0.45582,0.56906,0.16646,0.33405,-0.0094214,0.66169,0.27715,0.078278,0.56502,0.47034,0.28778,0.063072,0.28955,0.67203,0.026681,0.49344,0.25466,0.45627,0.34537,-0.25313,0.0044434,0.20273,0.32749,0.18845,0.55163,0.011937,0.50565,-0.015072,0.18978,0.31884,0.41333,0.42299,0.4271,0.38805,0.50363,0.11827,0.2497,0.46408,0.51498,0.4388,0.21181,0.36477,0.3456,0.7717,0.49909,0.27891,0.3278,0.47162,0.43763,0.39417,0.29861,0.51406,0.42731,0.18344,0.32449,-0.14063,0.16035,0.32129,0.57586,0.42672,0.48476,0.27584,0.38448,0.51309,0.15785,0.64946,0.33743,0.43387,0.38959,-0.072034,-0.14266,0.11742,0.39817,0.59117,0.15524,0.25265,0.453,0.56197,0.30908
0.25637,0.15659,0.13874,0.59471,0.48525,1,-0.17976,0.081071,0.31652,0.40832,0.16368,0.25604,0.39214,0.43154,0.25823,0.17408,0.19284,0.18161,0.40447,0.34172,0.26153,0.11532,0.12821,0.32925,0.25187,0.28888,-0.046488,0.31859,0.51793,0.15934,NaN,0.10698,-0.11003,0.16132,0.072558,0.25882,0.32751,0.40177,-0.22957,0.26816,0.059386,0.66355,0.18027,-0.17908,0.062629,0.2288,0.32463,0.041711,0.34673,-0.30042,0.14433,0.027672,-0.068987,0.27285,0.41247,-0.03727,0.33579,NaN,0.070565,0.1082,0.32363,0.32228,0.51838,0.027224,0.1814,0.23464,-0.30832,0.12516,0.29503,0.12356,0.25597,0.13795,0.12499,0.35135,-0.030615,-0.084248,0.15037,0.25952,0.40134,0.3516,0.13605,0.033572,0.4097,0.39521,0.46941,0.30863,0.13105,0.37115,-0.10487,0.17617,0.0046463,-0.1967,0.012901,0.25184,0.16796,0.21198,-0.083411,0.28335,-0.058074,0.32811,0.19587,0.012082,-0.18601,-0.31025,0.079984,0.33515,0.073778,0.40274,-0.091788,0.43339,0.48359,-0.0055071,-0.13809,0.005962,0.4288,0.41348,-0.029289,0.30624,0.20668,0.46003,0.31814,0.18578,0.32888,0.23759,0.03614,-0.023506,0.29983,-0.01234,0.05085,0.32481,0.26341,0.25052,-0.3213,0.43306,0.48901,0.098487,0.50351,-0.024472,-0.053521,0.10537,-0.13946,0.28651,0.1542,0.10259,-0.014847,0.43178,0.086573,0.47111,-0.13518,0.079624,0.10648,0.073248,0.11669,0.28089,0.15843,0.08874,-0.17617,-0.094381,0.38612,0.35743,0.3945,0.18292,0.64279,0.056214,0.49842,0.021026,0.05191,0.41778,0.36627,0.3571,0.085948,0.1529,0.23366,0.62425,0.129,0.31112,-0.078866,-0.1159,0.43848,0.47786,0.27551,0.43653,-0.19205,0.10623,-0.018661,-0.049336,0.29263,0.28854,0.22588,0.0073548,0.18128,0.34103,0.059524,0.45549,0.67577,-0.17626,0.30365,0.44278,0.22349,0.11949
-0.34289,-0.41262,-0.32298,-0.22252,-0.39589,-0.17976,1,-0.18081,-0.08489,-0.34958,-0.36132,-0.043848,-0.51402,-0.31322,-0.14419,-0.2265,-0.45074,-0.40517,-0.24897,-0.54143,-0.11467,-0.30363,-0.57507,-0.35124,-0.18649,-0.29045,-0.035506,-0.13639,-0.29751,-0.58434,NaN,0.00117,-0.13724,-0.11032,-0.29855,-0.41131,0.38049,-0.20625,-0.21466,-0.25538,-0.27319,-0.28129,-0.16279,-0.076768,-0.3506,-0.23913,-0.46289,-0.20441,-0.12044,0.02749,-0.48405,-0.15493,-0.44866,-0.36527,-0.20386,-0.30584,-0.4152,NaN,-0.29757,-0.32073,-0.57176,-0.17467,-0.18317,-0.12226,-0.35298,-0.10083,-0.2256,-0.44639,-0.35558,-0.39838,-0.20912,-0.47455,-0.17669,-0.55603,-0.36527,-0.56891,-0.095126,0.0094516,-0.19039,-0.33989,-0.26837,-0.24082,-0.30156,-0.33678,-0.053686,-0.21752,-0.56501,-0.47693,-0.206,0.0022135,-0.1263,-0.14107,-0.42487,-0.25608,-0.34627,-0.36842,0.024616,-0.49559,-0.2861,-0.23026,-0.35214,-0.059657,-0.2931,0.31086,-0.037984,-0.12599,-0.2985,-0.4902,-0.20033,-0.45546,-0.49011,-0.1659,0.12824,-0.12632,-0.42247,-0.014115,-0.28603,-0.18857,-0.67657,-0.11552,-0.34899,-0.67831,-0.64955,-0.00054378,-0.49587,0.32687,-0.348,-0.15187,-0.066481,-0.44167,-0.23831,-0.067622,-0.42137,-0.10397,-0.30956,-0.18902,-0.34387,-0.063753,-0.23725,-0.12566,-0.013041,-0.44332,-0.038193,-0.21912,-0.45091,-0.71544,-0.061873,-0.36249,-0.20442,-0.30167,-0.32456,-0.53411,-0.74565,-0.32145,-0.247,-0.25934,-0.11037,-0.21821,-0.14393,-0.48388,-0.38519,-0.48515,-0.15464,0.036389,-0.27715,-0.55269,-0.2145,-0.17283,-0.23068,-0.65898,-0.43508,0.17097,-0.23015,-0.15833,0.090092,-0.14002,-0.12301,-0.10902,-0.43947,-0.51717,-0.66159,-0.50342,-0.2135,0.046859,-0.15433,-0.099615,-0.27014,-0.24616,-0.2908,-0.23903,-0.27,0.057749,-0.20424,0.099182,-0.1795,0.035084,0.24568,-0.45403,-0.33036,-0.25095
-0.048446,0.35784,0.74352,0.50295,0.5154,0.081071,-0.18081,1,0.57868,0.43368,0.50928,0.069753,0.62766,0.65298,0.36995,0.69621,0.20594,0.44229,0.59453,0.50345,-0.14044,0.57796,0.42771,0.0013532,0.25955,0.62431,0.34787,0.047784,0.22407,0.41221,NaN,0.3673,0.3452,0.4452,0.6077,0.49452,0.2762,0.55463,-0.035466,0.66899,0.50048,0.41886,0.36014,0.49823,0.59495,0.43687,0.4477,0.33714,0.086694,0.37361,0.55071,0.53037,0.17253,0.41861,0.39014,0.047326,0.084142,NaN,0.72385,0.20714,-0.12481,0.08531,0.52912,0.53627,0.42772,-0.076829,0.35733,0.53734,0.55608,0.48126,0.75178,0.50541,0.45849,0.64664,0.5827,0.20806,0.38125,0.37859,0.42409,0.6498,0.63333,0.49782,0.29367,0.42922,0.18312,0.53115,0.73766,0.48325,0.1418,0.56733,-0.015736,0.46245,0.17159,0.75005,0.24607,0.20343,0.22493,0.65508,0.40613,0.63265,0.63324,0.5669,0.031478,0.19614,0.43757,0.29129,0.57786,0.52543,0.46623,0.43309,0.40406,0.49541,0.61714,0.54942,0.60287,0.40264,0.42282,0.28474,0.28572,0.53821,0.79185,0.2206,0.40858,0.11397,0.48421,0.2976,0.64728,0.52498,0.037358,0.60313,0.55023,0.22117,0.022674,0.084749,0.68613,0.24577,0.26116,0.41293,0.53005,0.47503,-0.13772,-0.018936,-0.072992,0.26373,0.2971,0.50365,0.055416,0.40561,0.14984,0.48838,0.31927,0.63569,0.33469,0.70189,0.66812,0.68256,0.41992,0.49825,0.67924,0.4552,0.54843,0.326,0.31622,0.72608,0.67184,0.61083,0.45625,0.13285,0.62122,0.15057,0.62546,0.2966,0.77453,0.30669,0.34341,0.17371,-0.2971,-0.15894,-0.027624,0.63463,0.29466,0.37695,0.44364,0.45993,0.76034,0.36032,0.63254,0.41848,0.71819,0.55695,-0.42265,-0.013498,0.03721,-0.16455,0.22389,0.42075,0.43842,0.43358,0.5294,0.38831
0.23166,0.22678,0.67882,0.68231,0.30277,0.31652,-0.08489,0.57868,1,0.41487,0.41065,-0.16992,0.33073,0.65791,0.34806,0.26642,0.30217,0.39436,0.57088,0.41665,0.29763,0.53107,0.35204,0.062288,0.41156,0.6026,0.16609,0.26689,0.33012,0.45061,NaN,0.54518,0.44087,0.51935,0.57074,0.42865,0.33087,0.48806,0.057574,0.78019,0.33591,0.58023,0.2594,0.13628,0.44844,0.43785,0.46286,0.39081,0.026579,0.061954,0.52441,0.40797,0.24085,0.62456,0.60824,0.29779,-0.020304,NaN,0.52498,0.26943,0.22786,0.043658,0.54429,0.50956,0.46778,0.068677,0.24837,0.44485,0.48274,0.44506,0.47292,0.45185,0.51149,0.5977,0.41149,0.29613,0.1679,0.25777,0.59325,0.56115,0.56985,0.37986,0.38735,0.41669,0.37627,0.47634,0.38152,0.53781,0.2345,0.77768,-0.11149,0.50134,0.2263,0.6808,0.44096,0.44761,0.22162,0.59722,0.23205,0.73007,0.31237,0.54878,-0.084359,-0.20966,0.20957,0.21018,0.46578,0.5151,0.41975,0.41728,0.36544,0.42854,0.16377,0.23382,0.65362,0.42235,0.58145,0.36607,0.2303,0.55188,0.77906,0.066886,0.44666,0.28846,0.36535,0.093899,0.55544,0.398,0.025545,0.60061,0.28827,0.43222,-0.0012835,0.2855,0.5424,0.067542,0.25758,0.22586,0.28473,0.64624,-0.0807,0.068774,0.079463,0.12441,0.44899,0.45004,-0.042075,0.39466,-0.04556,0.6837,0.20388,0.32713,0.028175,0.57184,0.70127,0.38327,0.133,0.47259,0.52407,0.6104,0.6183,0.4857,0.58824,0.27279,0.55222,0.23228,0.59307,0.38225,0.53123,0.21489,0.40527,0.2344,0.45096,0.58787,0.52138,0.43499,-0.023768,-0.074751,0.23175,0.51812,0.14386,0.51445,0.31797,0.17212,0.50883,0.18725,0.29638,0.60088,0.46161,0.49392,0.05782,-0.041465,-0.0037949,0.035314,0.3064,0.096159,0.47444,0.67691,0.52266,0.37678
0.20677,0.30461,0.52437,0.63531,0.71096,0.40832,-0.34958,0.43368,0.41487,1,0.36605,0.25569,0.49399,0.72452,0.38023,0.57002,0.56761,0.63445,0.37038,0.63588,0.35644,0.66411,0.33884,0.15848,0.1628,0.61697,0.34424,0.2583,0.49145,0.41494,NaN,0.35223,0.1848,0.28677,0.50927,0.65322,0.19979,0.46292,-0.12868,0.55086,0.52093,0.59785,0.28077,0.4064,0.3593,0.537,0.39009,0.61408,0.167,-0.072588,0.5055,0.49254,0.097983,0.20882,0.31511,0.2414,0.21416,NaN,0.4894,0.13274,0.36293,0.1369,0.5459,0.16578,0.57125,0.27212,0.53347,0.53547,0.48512,0.33281,0.46978,0.53952,0.43084,0.79711,0.26681,0.072238,0.47402,0.25342,0.57429,0.34503,0.3272,0.36409,0.38624,0.48582,0.43836,0.49045,0.57619,0.62373,0.29709,0.51801,0.30715,0.10103,0.14602,0.54895,0.083018,0.5613,0.38246,0.33427,0.16126,0.50872,0.20232,0.44141,-0.028459,-0.10816,0.40056,0.22975,0.36789,0.50386,0.28143,0.51347,0.43229,0.49629,0.33376,0.52203,0.54703,0.57873,0.51243,0.46471,0.51507,0.59942,0.48241,0.53849,0.62101,0.18163,0.3864,0.13449,0.69737,0.1959,0.23975,0.59009,0.5409,0.1972,0.14782,0.28395,0.59811,0.018291,0.31226,0.32942,0.50993,0.52452,-0.14632,0.090419,0.39774,0.30228,0.3418,0.57543,-0.0054177,0.28423,0.32192,0.31682,0.31684,0.39229,0.35329,0.57444,0.60354,0.59531,0.2942,0.22502,0.46752,0.75507,0.65011,0.43553,0.49437,0.30857,0.7179,0.37267,0.48591,0.16745,0.49341,0.41748,0.45366,0.31024,0.39556,0.50211,0.4178,0.40649,-0.40931,0.19142,0.26373,0.61686,0.44717,0.62947,0.42927,0.28818,0.61596,0.33232,0.60197,0.24386,0.40268,0.51254,0.070534,-0.046729,-0.071658,0.25294,0.57234,0.34276,0.38311,0.53779,0.83776,0.46748
0.27415,0.61911,0.77293,0.47968,0.31567,0.16368,-0.36132,0.50928,0.41065,0.36605,1,0.0010462,0.54876,0.58532,0.74006,0.53796,0.25493,0.67044,0.52621,0.72553,0.23947,0.56137,0.54934,0.034569,0.5318,0.58836,0.61592,0.2268,0.3784,0.22512,NaN,0.44177,0.34032,0.4093,0.46472,0.4914,0.10679,0.63044,0.34436,0.48474,0.40843,0.60472,0.19851,0.44157,0.41914,0.33069,0.35086,0.53114,0.11016,0.22062,0.39911,0.53245,0.2478,0.65372,0.52307,0.37605,0.081348,NaN,0.68112,0.25259,0.25195,0.016188,0.51027,0.28748,0.57172,0.19426,0.28684,0.48219,0.59295,0.18304,0.5675,0.63033,0.63535,0.54131,0.4401,0.37538,0.53415,0.3144,0.38264,0.56495,0.52398,0.15326,0.66484,0.81986,-0.0072451,0.51,0.64912,0.56377,0.29959,0.24778,0.15388,0.41136,0.46908,0.45552,0.34594,0.17078,0.22126,0.49768,0.67812,0.72652,0.57814,0.59365,-0.0027001,-0.1663,0.14201,0.43758,0.41544,0.76727,0.50111,0.40552,0.45694,0.15448,-0.061238,0.55567,0.40845,0.25607,0.61456,0.48611,0.71314,0.34974,0.67678,0.5933,0.62137,0.14723,0.61387,0.30637,0.74195,0.48824,-0.059806,0.722,0.45631,0.36866,0.29158,0.10912,0.71827,0.59207,0.58141,0.40874,0.45975,0.46323,0.11571,0.18307,-0.31666,-0.093264,0.50137,0.62172,0.070942,0.66463,0.23848,0.40337,0.039329,0.56053,0.67536,0.823,0.64296,0.37915,0.37194,0.21303,0.54211,0.70165,0.74437,0.71575,0.49797,0.4823,0.38782,0.53603,0.46469,0.30561,0.48713,0.594,0.68712,0.071915,0.52769,0.24569,0.4791,0.15574,-0.040553,-0.17931,0.40526,0.5552,0.75918,0.7024,0.50838,0.13344,0.55769,0.29671,0.72618,0.33617,0.68093,0.34526,0.064932,0.064474,0.091995,-0.36233,0.11107,0.49676,0.14764,0.60332,0.41809,0.59417
0.2,-0.011379,-0.099738,0.12195,0.22235,0.25604,-0.043848,0.069753,-0.16992,0.25569,0.0010462,1,0.22215,-0.0418,0.31356,0.12579,-0.090947,0.38042,0.018901,0.26777,0.012656,0.1492,0.17909,0.52158,0.16555,0.017311,0.142,-0.32768,0.23329,-0.17244,NaN,0.088185,-0.20523,0.17219,0.13411,0.1477,0.21251,0.19947,0.040721,-0.05771,-0.084903,0.15642,-0.10421,-0.11854,-0.0087516,-0.023618,0.056641,0.0055595,0.46959,0.061553,-0.10938,0.12147,-0.030364,-0.34496,0.088915,-0.25722,0.34543,NaN,-0.11341,-0.16341,0.20486,0.60948,0.17671,-0.32456,0.1285,0.44027,0.056393,0.23278,0.10334,-0.20527,0.27829,0.23757,-0.11569,0.12879,-0.074953,0.20829,0.30949,0.32373,-0.057863,0.10172,0.11303,0.26205,0.39992,0.30208,-0.055002,0.30904,0.27671,0.054806,0.13924,-0.29845,0.32104,-0.47291,-0.11243,0.11039,-0.22355,0.2835,-0.060521,-0.088344,-0.070148,-0.07293,-0.031154,0.025715,-0.18079,0.04869,0.4195,0.27402,-0.031628,0.039571,-0.10926,0.061547,0.19514,-0.028909,0.18578,-0.014294,-0.011781,0.2527,-0.16422,0.27352,0.16771,0.17036,0.096318,0.05666,-0.0079626,0.035044,0.15149,0.29222,0.16713,0.052362,0.54874,-0.013159,0.31083,0.22976,-0.045149,-0.1094,0.041062,0.28722,0.26755,0.43591,0.055383,-0.057682,0.38777,0.41408,0.095594,0.51659,0.12705,0.076832,0.36844,0.091951,0.23577,-0.081228,-0.22212,0.24173,0.18462,0.1818,0.084052,0.55513,0.016362,-0.19554,-0.050332,0.013637,0.047055,0.12142,0.17948,0.12006,0.36067,0.090567,-0.016061,0.088962,0.091001,0.12956,0.028834,-0.10704,0.10783,0.18216,0.14519,-0.34712,-0.38239,-0.064549,0.26344,0.25096,0.1968,0.22766,0.21032,0.34036,0.028468,0.38456,0.17032,0.1769,0.27899,-0.21437,0.10142,0.29798,0.17457,0.029689,0.39143,-0.027675,0.17248,0.16663,0.22213,0.091638
0.42906,0.25245,0.55997,0.4669,0.49557,0.39214,-0.51402,0.62766,0.33073,0.49399,0.54876,0.22215,1,0.65753,0.50301,0.44496,0.35105,0.39481,0.64145,0.66018,0.18783,0.38935,0.44962,0.30777,0.55574,0.49158,0.23275,0.11744,0.62118,0.37363,NaN,0.0063888,-0.031293,0.099013,0.49146,0.45994,0.14918,0.61744,0.16264,0.44408,0.30793,0.56726,0.206,0.37217,0.25053,0.42058,0.48792,0.3901,0.24759,0.1512,0.4551,0.56313,0.36376,0.45894,0.26272,0.065317,0.57301,NaN,0.42758,0.09437,0.15074,0.21541,0.49792,0.48514,0.47114,0.063048,0.26123,0.57904,0.67919,0.25662,0.7268,0.4963,0.47902,0.64368,0.22297,0.088406,0.3673,0.55278,0.49006,0.56008,0.40072,0.42881,0.47838,0.55007,0.31152,0.50506,0.74336,0.60251,0.10265,0.28781,0.21322,0.28166,0.53373,0.46312,0.168,0.22932,-0.072596,0.72837,0.28078,0.38689,0.54404,0.27453,-0.0059804,-0.15645,0.36924,0.32359,0.24726,0.56063,0.49371,0.78256,0.58057,0.25121,0.13452,0.18161,0.48863,0.25068,0.27227,0.25288,0.52817,0.55026,0.5389,0.34082,0.56207,0.18455,0.28418,0.0017474,0.56462,0.21999,0.21882,0.50441,0.7418,0.23266,-0.088933,0.23006,0.5851,0.51895,0.6266,0.12298,0.37363,0.13722,0.021875,0.42432,-0.073546,0.41629,0.28208,0.74193,0.2483,0.65636,0.42144,0.39623,0.13873,0.64239,0.40732,0.58239,0.4166,0.44424,0.39644,0.11268,0.60666,0.53487,0.56236,0.45144,0.48225,0.44181,0.5989,0.51941,0.32088,0.38086,0.52538,0.41246,0.55549,-0.087221,0.61858,0.35061,0.12175,0.048373,-0.045598,-0.18551,0.36244,0.6761,0.43755,0.68659,0.20367,0.12788,0.54662,0.41397,0.55947,0.1387,0.64559,0.31516,-0.10769,0.19223,0.18446,-0.058269,0.43579,0.3289,0.31346,0.56288,0.58277,0.16146
0.12294,0.33293,0.70918,0.6827,0.50949,0.43154,-0.31322,0.65298,0.65791,0.72452,0.58532,-0.0418,0.65753,1,0.496,0.69477,0.46423,0.58535,0.68601,0.71115,0.36725,0.71463,0.36054,0.0039563,0.35313,0.75755,0.27343,0.4094,0.34693,0.41388,NaN,0.40249,0.27393,0.38607,0.58649,0.61217,0.22445,0.64916,-0.15848,0.68055,0.68503,0.70813,0.25286,0.43077,0.44585,0.58997,0.58442,0.60187,0.0069493,0.053938,0.61592,0.68846,0.27874,0.54167,0.45428,0.32562,0.086005,NaN,0.60512,0.36181,0.24535,0.012334,0.68516,0.44569,0.62069,0.025787,0.45154,0.56479,0.69608,0.43906,0.6734,0.57523,0.70322,0.78561,0.41352,0.13894,0.31225,0.42554,0.73642,0.71452,0.52278,0.44364,0.51112,0.58555,0.57783,0.65915,0.71785,0.80445,0.27777,0.66686,0.28939,0.5072,0.34176,0.72378,0.21003,0.32232,0.067177,0.51781,0.33773,0.6884,0.35967,0.56273,-0.1293,-0.11099,0.3034,0.34469,0.46981,0.59048,0.52244,0.64971,0.52905,0.46515,0.31869,0.54481,0.71935,0.59958,0.5523,0.49669,0.468,0.66438,0.76112,0.4113,0.63242,0.046042,0.51545,0.21392,0.7105,0.33743,0.019661,0.62369,0.47769,0.14845,-0.049623,0.3189,0.80736,0.059637,0.3275,0.20186,0.49253,0.57698,0.050934,0.0782,0.27587,0.12971,0.42335,0.72375,-0.0032857,0.44777,0.36563,0.49135,0.38207,0.41162,0.28571,0.75417,0.67737,0.53422,0.31444,0.4296,0.76935,0.75386,0.80708,0.46954,0.6791,0.56186,0.75302,0.46317,0.55992,0.34864,0.65231,0.4855,0.63805,0.4148,0.65571,0.65821,0.51827,0.33376,-0.26691,-0.070777,0.22974,0.73386,0.41496,0.68664,0.35892,0.24875,0.66583,0.42761,0.67291,0.39284,0.64851,0.68321,-0.096598,0.17375,-0.017861,-0.015726,0.38178,0.46765,0.37961,0.58654,0.75634,0.48532
0.56877,0.41152,0.47505,0.43863,0.19419,0.25823,-0.14419,0.36995,0.34806,0.38023,0.74006,0.31356,0.50301,0.496,1,0.33531,0.11088,0.59931,0.34818,0.56227,0.56666,0.50602,0.43193,0.37511,0.58578,0.40356,0.31675,0.018176,0.44842,-0.12403,NaN,0.33013,-0.054757,0.21719,0.31612,0.28131,0.18454,0.57816,0.2571,0.22138,0.088886,0.3744,-0.062834,0.36629,0.012547,0.22592,0.094836,0.34206,0.38318,0.27645,0.12385,0.49523,0.40873,0.45831,0.45318,0.2427,0.11497,NaN,0.45482,0.085999,0.25236,0.26252,0.50913,0.033667,0.55837,0.5621,0.031531,0.32458,0.547,-0.28797,0.60096,0.43922,0.40532,0.34632,0.027695,0.23204,0.47762,0.52518,0.31073,0.29544,0.25772,0.36822,0.62869,0.71586,0.12274,0.34498,0.54009,0.47895,0.217,0.25765,0.44093,0.33628,0.179,0.44747,0.12626,0.00037731,0.12221,0.32103,0.26786,0.35553,0.1977,0.46419,-0.13788,-0.42257,0.38079,0.25039,0.035784,0.47269,0.47884,0.21337,0.29768,0.12097,-0.060146,0.28088,0.21634,0.17735,0.44235,0.67394,0.46224,0.52619,0.5931,0.39353,0.37393,0.25839,0.34682,0.27159,0.50818,0.35693,0.42456,0.41319,0.35773,0.33918,0.081316,-0.020101,0.47084,0.65779,0.61382,0.46613,0.30534,0.29894,0.26452,0.46634,0.043994,0.069919,0.46053,0.51793,0.29968,0.42135,0.22555,0.21165,-0.11504,0.45762,0.4289,0.63327,0.58525,0.39611,0.32244,-0.18942,0.46812,0.50537,0.57516,0.37061,0.47859,0.37016,0.38621,0.46836,0.49695,0.29879,0.34299,0.57898,0.28878,0.079718,0.36373,0.35451,0.39351,-0.16425,-0.14565,-0.00094172,0.45794,0.50202,0.5497,0.64647,0.39259,0.31817,0.45111,0.25202,0.45752,0.20938,0.63233,0.24742,0.3019,0.35307,0.31368,-0.10228,0.4109,0.26582,0.28984,0.52265,0.44829,0.34249
-0.27156,0.2567,0.56578,0.49818,0.54397,0.17408,-0.2265,0.69621,0.26642,0.57002,0.53796,0.12579,0.44496,0.69477,0.33531,1,0.3202,0.51918,0.55207,0.6034,-0.044566,0.49516,0.382,-0.25753,0.11839,0.67762,0.52822,0.076719,0.078541,0.28168,NaN,0.21104,0.36657,0.49824,0.33578,0.65991,0.10963,0.557,-0.27557,0.48267,0.78385,0.53342,0.43642,0.42563,0.6482,0.4084,0.54937,0.44294,-0.1053,0.23022,0.55652,0.36068,-0.0076475,0.24935,0.1597,0.24259,-0.062552,NaN,0.69058,0.26715,0.0078414,-0.14417,0.5521,0.22462,0.36503,-0.16588,0.43963,0.52506,0.5007,0.43651,0.49646,0.564,0.5424,0.57543,0.61359,0.1179,0.37075,0.17653,0.46318,0.62746,0.49236,0.34999,0.24959,0.44765,0.25054,0.45958,0.70245,0.43159,0.23975,0.40458,0.23152,0.35208,0.1234,0.66463,-0.14745,0.19421,0.2057,0.31341,0.50152,0.54018,0.53232,0.3674,-0.21357,0.19228,0.45933,0.36527,0.64374,0.52862,0.25746,0.35749,0.42286,0.57164,0.52358,0.73135,0.50389,0.52102,0.41059,0.41519,0.46089,0.40046,0.59181,0.51426,0.47053,-0.21092,0.48865,0.3695,0.60369,0.48349,-0.053174,0.4686,0.48037,0.017921,0.013096,0.078828,0.70903,0.024203,0.20714,0.27818,0.74323,0.50983,-0.067892,-0.24158,0.10519,-0.07776,0.27949,0.40521,-0.074124,0.2818,0.28456,0.30465,0.36494,0.50528,0.47412,0.68903,0.49254,0.61365,0.30039,0.48954,0.55531,0.5444,0.6187,0.33533,0.34601,0.64508,0.60905,0.49213,0.20365,0.0025036,0.59261,0.28737,0.65768,0.55005,0.7098,0.38027,0.47333,0.23677,-0.40898,-0.23646,-0.11283,0.55101,0.48515,0.35748,0.39023,0.33141,0.64597,0.31149,0.80899,0.29879,0.63605,0.39085,-0.32318,-0.015197,-0.23241,-0.32324,0.082767,0.44892,0.307,0.39328,0.5945,0.66649
0.056566,0.18076,0.33275,0.31791,0.49505,0.19284,-0.45074,0.20594,0.30217,0.56761,0.25493,-0.090947,0.35105,0.46423,0.11088,0.3202,1,0.48177,0.17371,0.31846,0.14225,0.40596,0.34559,-0.17538,0.011115,0.41522,-0.056534,0.1957,0.13666,0.29597,NaN,0.18318,0.20736,0.13234,0.25673,0.55635,0.24104,0.034493,-0.13595,0.42079,0.33786,0.37882,0.54619,0.16881,0.23748,0.21185,0.18085,0.27228,-0.15668,0.13457,0.12448,0.12571,0.33352,0.15732,0.091555,0.73934,0.25117,NaN,0.47572,0.33732,0.40069,-0.21729,0.33024,0.23623,0.29618,-0.11831,0.2576,0.21521,0.098018,0.17633,0.10927,0.39371,0.25713,0.4789,0.18743,-0.032225,0.16851,0.2448,0.46236,0.11943,0.191,0.25234,0.18302,0.039085,0.32251,0.20005,0.4487,0.30466,0.2882,0.27881,0.32373,0.28328,0.32428,0.30308,-0.057871,0.49718,-0.069074,0.20134,0.24811,0.2952,0.28789,0.25194,0.28738,-0.10847,-0.019576,0.19723,0.21393,0.37658,-0.10859,0.47718,0.051439,0.093458,0.13416,0.29867,0.49774,0.16577,0.26997,0.35978,0.34515,0.15332,0.21189,0.30725,0.58369,-0.15961,0.17265,-0.243,0.408,0.39419,-0.090155,0.27374,0.44092,0.25735,0.18951,0.14902,0.41392,-0.11531,0.033489,-0.060047,0.33342,0.42614,-0.1142,-0.069079,0.37021,0.061594,0.19065,0.51124,-0.28188,0.27654,0.20432,0.1911,0.3468,0.32264,0.23068,0.24268,0.17922,0.30103,-0.33027,0.12624,0.055662,0.46128,0.39516,0.41625,0.35005,0.011221,0.26088,0.14587,0.46189,0.13874,0.24835,0.39297,0.15596,0.30134,0.31652,0.30415,0.16581,0.26904,-0.21679,0.23756,0.043303,0.31389,0.11678,0.27293,0.38732,0.0077661,0.2004,0.1186,0.26325,0.049828,0.2698,0.24633,-0.11179,-0.024686,0.050963,0.18569,0.26514,0.081419,0.36612,0.37247,0.55616,0.26333
0.2202,0.46587,0.59324,0.52595,0.40874,0.18161,-0.40517,0.44229,0.39436,0.63445,0.67044,0.38042,0.39481,0.58535,0.59931,0.51918,0.48177,1,0.34996,0.67133,0.28529,0.84424,0.68692,0.18007,0.36321,0.61965,0.43932,0.011266,0.19847,0.26051,NaN,0.68758,0.22821,0.53227,0.60687,0.52391,0.25213,0.38341,0.22308,0.62228,0.409,0.51147,0.2046,0.39371,0.42355,0.2643,0.21793,0.49006,0.22477,0.34511,0.36134,0.53269,0.22681,0.32494,0.53968,0.44189,0.074361,NaN,0.5645,0.37201,0.50239,0.15456,0.66738,0.13128,0.65787,0.38349,0.35889,0.57575,0.44395,0.17649,0.4609,0.76117,0.39155,0.665,0.3747,0.47574,0.62361,0.45335,0.29692,0.50985,0.63977,0.30395,0.80026,0.69655,0.013551,0.64303,0.6796,0.64216,0.62699,0.23527,0.43159,0.27289,0.37198,0.50386,0.097533,0.55421,0.22736,0.25256,0.42236,0.64658,0.30102,0.49918,0.070362,-0.11467,0.18629,0.61971,0.3473,0.64804,0.25982,0.34488,0.42275,0.25146,0.21234,0.5244,0.53229,0.45359,0.53316,0.63775,0.70039,0.29966,0.6124,0.6363,0.55804,-0.031936,0.70345,0.37197,0.7694,0.48539,0.11889,0.57736,0.35232,0.38822,0.37478,-0.043613,0.61137,0.33642,0.23641,0.67394,0.42789,0.53449,0.18883,0.32186,0.10774,0.20106,0.63014,0.63382,0.037515,0.33971,0.37559,0.45898,0.34596,0.52768,0.6191,0.80358,0.69547,0.63548,0.086188,0.21286,0.30436,0.6068,0.65208,0.63972,0.59889,0.43638,0.5635,0.49126,0.70751,0.27762,0.39868,0.64396,0.58677,0.21432,0.36302,0.46234,0.61154,0.10098,-0.37691,-0.040556,0.28322,0.69534,0.59942,0.60854,0.81075,0.27707,0.45886,0.5482,0.6331,0.43967,0.53675,0.47254,0.098045,0.21084,0.06266,-0.08872,0.25434,0.44236,0.35548,0.57524,0.61098,0.63835
0.13575,0.22477,0.61113,0.49728,0.3917,0.40447,-0.24897,0.59453,0.57088,0.37038,0.52621,0.018901,0.64145,0.68601,0.34818,0.55207,0.17371,0.34996,1,0.68025,-0.022062,0.39071,0.41728,0.069404,0.63368,0.84151,0.35494,0.072706,0.37539,0.53442,NaN,0.30378,0.29203,0.57489,0.45629,0.4944,0.34982,0.82743,-0.022084,0.52928,0.65999,0.73504,0.38232,0.19369,0.57022,0.22992,0.71091,0.58246,0.062274,0.26217,0.6585,0.40625,0.10927,0.69196,0.46655,0.21088,0.30244,NaN,0.44454,0.44715,0.22506,0.12933,0.67623,0.68317,0.4305,-0.14489,0.25417,0.55468,0.78102,0.56061,0.54849,0.64114,0.53466,0.59606,0.54986,0.20616,0.24632,0.49455,0.42701,0.8461,0.64971,0.46637,0.45598,0.63329,0.25074,0.47622,0.65214,0.52432,0.35377,0.55526,-0.11983,0.37258,0.57673,0.65624,0.21338,0.36749,0.047897,0.56376,0.53406,0.62932,0.39859,0.28666,-0.038157,-0.09357,0.26161,0.39561,0.54174,0.52276,0.52774,0.74008,0.738,0.58281,-0.0073183,0.39643,0.43668,0.38105,0.47922,0.24564,0.40379,0.5382,0.65019,0.27265,0.37298,-0.046404,0.39648,0.19858,0.56608,0.45909,-0.058994,0.50352,0.48924,0.3637,-0.40523,0.036234,0.70963,0.21221,0.46199,0.21567,0.53787,0.40159,0.011236,0.031571,-0.002513,0.16652,0.47341,0.53695,0.3044,0.67504,0.14808,0.63926,0.22671,0.31388,0.28087,0.63035,0.49853,0.29232,0.28871,0.58708,0.63429,0.58779,0.55057,0.46635,0.57615,0.54093,0.63772,0.32963,0.21116,0.31655,0.78771,0.35601,0.65187,0.22878,0.73487,0.66177,0.26244,0.28548,0.12625,-0.42015,0.17273,0.61625,0.36946,0.56617,0.2822,-0.062544,0.52784,0.47131,0.68262,0.50265,0.66489,0.36144,0.031767,-0.053001,-0.21507,-0.23778,0.14076,0.45386,0.24089,0.66487,0.59257,0.55036
0.24759,0.50062,0.70005,0.55684,0.48863,0.34172,-0.54143,0.50345,0.41665,0.63588,0.72553,0.26777,0.66018,0.71115,0.56227,0.6034,0.31846,0.67133,0.68025,1,0.16855,0.65196,0.57339,0.26884,0.57718,0.75635,0.51334,0.14853,0.45812,0.53338,NaN,0.4564,0.49219,0.55838,0.47024,0.79689,0.20659,0.7789,-0.028504,0.52896,0.66435,0.73554,0.19991,0.32888,0.59658,0.35613,0.66152,0.60471,0.071395,0.11666,0.62147,0.56708,0.21702,0.42056,0.42312,0.28287,0.23484,NaN,0.60466,0.26524,0.38549,0.32729,0.60649,0.40035,0.77074,0.208,0.54544,0.63262,0.82649,0.51969,0.69238,0.76574,0.62935,0.76023,0.58736,0.45202,0.41147,0.34069,0.51354,0.67859,0.60116,0.31062,0.60296,0.81023,0.20397,0.67056,0.74817,0.70351,0.40391,0.38079,0.073423,0.11578,0.5439,0.67568,0.30777,0.41081,0.17149,0.48674,0.65532,0.64596,0.40428,0.52838,0.069693,-0.10455,0.4722,0.43098,0.59291,0.73221,0.45731,0.55191,0.62927,0.34687,0.06921,0.59247,0.48735,0.56977,0.48179,0.59097,0.73433,0.47965,0.69399,0.62834,0.80144,0.056828,0.72468,0.20411,0.80839,0.49148,0.057747,0.78931,0.51616,0.13694,0.11651,0.055998,0.76796,0.36818,0.47937,0.32005,0.66346,0.52689,0.28015,0.16136,0.043169,0.35431,0.61989,0.71076,0.2695,0.6768,0.26272,0.51453,0.031292,0.61617,0.65911,0.80118,0.71044,0.63374,0.36401,0.46272,0.62159,0.81196,0.8548,0.7572,0.59248,0.45108,0.58016,0.43186,0.42418,0.33584,0.70966,0.66358,0.72988,0.26846,0.55603,0.53231,0.46959,0.33018,-0.074943,-0.22353,0.41357,0.72273,0.68399,0.8504,0.53725,0.062983,0.4773,0.45053,0.78118,0.50971,0.70667,0.42861,0.2408,-0.037987,0.176,-0.22141,0.36033,0.50684,0.15633,0.7308,0.66543,0.60212
0.57718,-0.063376,0.056872,0.43784,-0.099326,0.26153,-0.11467,-0.14044,0.29763,0.35644,0.23947,0.012656,0.18783,0.36725,0.56666,-0.044566,0.14225,0.28529,-0.022062,0.16855,1,0.26781,0.17601,0.29309,0.32671,-0.00012265,0.031892,0.23718,0.44643,-0.23574,NaN,0.0066187,-0.28265,-0.095405,0.18211,-0.018752,-0.17212,0.16689,0.26611,0.15425,-0.11721,0.21599,-0.21771,0.14278,-0.28147,0.38192,0.012936,0.27445,0.20024,-0.2234,0.11083,0.35319,0.27657,0.25259,0.1291,0.23792,0.036636,NaN,0.040192,-0.1866,0.33922,-0.031796,0.28793,-0.17503,0.32941,0.47891,0.024957,0.28016,0.27768,-0.33945,0.18609,0.12515,0.31652,0.18063,-0.31083,0.04795,0.20303,0.14844,0.41192,-0.071126,-0.053967,0.10452,0.34858,0.28545,0.40355,0.17337,0.054451,0.41373,0.060729,0.2238,0.49802,0.2809,0.07114,-0.00012681,-0.075907,0.056851,0.11499,0.21293,-0.31727,0.048264,-0.2354,0.070674,-0.40212,-0.53919,0.14998,-0.016663,-0.23648,0.098272,0.38897,0.10318,0.17046,0.081405,-0.2542,-0.18891,0.11968,0.082123,0.34197,0.45876,0.25619,0.38256,0.20167,0.23131,0.24474,0.30789,-0.069336,0.082436,0.071615,-0.20417,0.47959,0.050669,0.004469,0.12646,0.21682,0.32329,-0.00071623,0.27006,0.33178,0.023296,0.0052738,0.17939,0.083952,0.50147,0.24762,-0.094749,0.36146,0.3487,0.084676,-0.1238,0.35187,0.11456,-0.044329,0.1387,0.027134,0.23379,0.31795,-0.001158,0.12382,-0.33331,0.12601,0.30227,0.38921,0.17101,0.3768,-0.13182,0.12309,0.096831,0.4076,0.29214,-0.11725,0.3217,-0.014938,-0.096559,-0.13588,0.34669,0.35122,-0.087583,-0.12338,0.084738,0.43887,0.25592,0.21625,0.45599,-0.055483,-0.089957,0.16261,0.090666,-0.071035,-0.058333,0.055347,0.23396,0.49011,0.4295,0.1454,0.096412,0.31861,-0.13723,0.21956,0.32562,0.3071,0.062309
0.18501,0.58678,0.70455,0.52929,0.38958,0.11532,-0.30363,0.57796,0.53107,0.66411,0.56137,0.1492,0.38935,0.71463,0.50602,0.49516,0.40596,0.84424,0.39071,0.65196,0.26781,1,0.63721,0.16472,0.26631,0.68664,0.30354,0.14821,0.1929,0.40363,NaN,0.80291,0.35292,0.54786,0.67987,0.52743,0.33087,0.48589,0.0089068,0.64398,0.54631,0.42526,0.24023,0.49517,0.47975,0.27184,0.24317,0.58252,0.18857,0.31959,0.50229,0.67854,0.11053,0.3581,0.58058,0.36789,0.056288,NaN,0.68258,0.27525,0.38305,0.21987,0.64343,0.38796,0.69533,0.31272,0.45066,0.50819,0.58619,0.35809,0.66622,0.62178,0.52903,0.69629,0.47963,0.38677,0.46039,0.52064,0.46083,0.48688,0.73716,0.32281,0.62015,0.58496,0.21846,0.72566,0.67373,0.71909,0.59148,0.48496,0.34322,0.38257,0.36339,0.60512,0.3113,0.50849,0.23829,0.32017,0.40054,0.71696,0.1764,0.65845,0.19437,-0.064842,0.28186,0.37839,0.44712,0.50973,0.47558,0.33552,0.37067,0.30442,0.40402,0.58838,0.51242,0.4808,0.57911,0.61496,0.51354,0.5545,0.72006,0.47286,0.59364,0.057393,0.7619,0.37485,0.79413,0.56506,0.16106,0.62001,0.30539,0.23103,0.34586,-0.083518,0.70565,0.10799,0.12627,0.67963,0.476,0.72766,0.15382,0.19914,0.25793,0.20734,0.57931,0.64289,0.20018,0.23019,0.23283,0.48291,0.30854,0.53635,0.45585,0.82491,0.81083,0.66398,0.26639,0.39062,0.46961,0.59755,0.71201,0.53283,0.55528,0.52387,0.57854,0.49623,0.74152,0.35219,0.56919,0.51635,0.56458,0.30324,0.45774,0.5236,0.59205,0.23732,-0.37085,0.026196,0.19201,0.76609,0.43854,0.53943,0.79492,0.25775,0.58234,0.56781,0.63079,0.5678,0.59321,0.77046,0.068318,0.24898,0.17976,0.028408,0.3075,0.55937,0.27232,0.55524,0.6813,0.49935
0.38789,0.42179,0.54706,0.40852,0.27408,0.12821,-0.57507,0.42771,0.35204,0.33884,0.54934,0.17909,0.44962,0.36054,0.43193,0.382,0.34559,0.68692,0.41728,0.57339,0.17601,0.63721,1,0.21202,0.40744,0.52977,0.26238,-0.32308,0.29136,0.46782,NaN,0.478,0.23671,0.6314,0.34992,0.44551,0.090066,0.4394,0.20674,0.47326,0.34135,0.36021,0.37049,0.15739,0.58313,-0.087336,0.32939,0.31884,0.25596,0.52266,0.49028,0.24866,0.065957,0.43124,0.40778,0.34357,0.28567,NaN,0.60568,0.23713,0.38317,0.094441,0.56927,0.36631,0.47635,0.17293,0.099649,0.52909,0.52087,0.34016,0.45006,0.5753,0.29194,0.43657,0.58523,0.5658,0.37387,0.47017,0.27197,0.42179,0.78417,0.28368,0.50083,0.50262,-0.17253,0.40049,0.58221,0.42884,0.67486,0.23753,0.24853,0.3494,0.54513,0.43152,0.16244,0.49819,0.28558,0.5454,0.49276,0.53662,0.32543,0.20019,0.091147,-0.25633,0.35844,0.34492,0.49525,0.57434,0.32721,0.32909,0.5616,0.30521,0.035019,0.24607,0.26208,0.060434,0.52068,0.52633,0.636,0.35912,0.55554,0.55363,0.58931,-0.096305,0.62504,0.17116,0.60798,0.63164,0.22583,0.45353,0.39645,0.34761,0.33148,-0.33093,0.46957,0.38977,0.30313,0.59261,0.51335,0.5036,-0.018964,0.39996,-0.098114,0.083427,0.57427,0.58646,0.3055,0.31336,0.13485,0.51697,0.28533,0.76341,0.65509,0.69788,0.62123,0.40908,0.13065,0.31164,0.22229,0.44817,0.5612,0.58179,0.35932,0.15937,0.30871,0.41936,0.40293,0.31692,0.54782,0.46697,0.56961,0.017119,0.33051,0.42762,0.32572,0.25177,0.024939,-0.20024,0.12479,0.67418,0.56703,0.45527,0.67375,-0.057598,0.3299,0.37974,0.51605,0.57614,0.47456,0.33056,0.27219,0.16658,0.10728,-0.23302,0.065873,0.14208,0.19471,0.69336,0.49035,0.54214
0.65815,0.25972,-0.059471,0.23614,0.17406,0.32925,-0.35124,0.0013532,0.062288,0.15848,0.034569,0.52158,0.30777,0.0039563,0.37511,-0.25753,-0.17538,0.18007,0.069404,0.26884,0.29309,0.16472,0.21202,1,0.41975,0.038203,-0.050716,0.039508,0.53255,0.09481,NaN,0.064081,-0.29547,-0.054245,0.34732,-0.088175,0.061949,0.31706,0.3215,-0.010681,-0.27164,0.1002,-0.16289,0.0096821,-0.21652,0.13227,0.0035933,0.092792,0.725,-0.13303,0.15457,0.17455,0.23545,0.13813,0.31807,-0.15053,0.57502,NaN,-0.086382,-0.13711,0.5248,0.85808,0.23698,-0.066933,0.24327,0.78077,-0.11294,0.28396,0.37717,-0.12404,0.36814,0.23752,-0.087146,0.29704,-0.20251,0.31333,0.26552,0.24417,-0.14796,-0.019626,0.03986,0.22575,0.41627,0.38986,0.14791,0.2333,0.23568,0.26695,-0.090985,-0.07545,-0.020272,-0.27665,0.097249,0.054913,0.31245,0.2316,-0.060866,0.23582,-0.30571,-0.06703,-0.19439,-0.032514,0.23823,-0.42177,0.12092,0.02663,-0.2533,0.014316,0.31864,0.11279,0.32334,-0.016824,-0.20448,-0.19002,0.11177,0.087846,-0.018651,0.22776,0.2171,0.39028,0.25659,0.2155,0.1055,0.55394,0.09793,-0.068297,0.04943,-0.04658,0.61434,0.17348,-0.031823,0.25659,0.14589,0.05994,0.035668,0.37695,0.51099,0.31415,-0.11208,-0.067943,0.12464,0.75216,0.23861,0.51425,0.38919,0.42785,0.64915,0.12324,-0.083247,0.10015,-0.23752,0.25947,0.33926,0.13988,0.21316,0.2008,0.12889,-0.2642,-0.012841,0.10486,0.057299,0.098323,0.21001,0.065075,0.26916,0.3681,0.22604,0.29501,0.018463,0.44073,-0.12656,-0.38333,0.064841,0.25253,-0.15011,-0.30563,-0.048368,0.061912,0.71837,0.44437,0.3126,0.35212,-0.014771,0.057433,0.040363,0.1128,-0.053152,0.1816,0.26686,0.13122,0.6118,0.31982,0.49652,0.34808,0.63962,-0.10681,-0.14277,0.28737,0.14424,-0.13491
