1,-0.12511,-0.13352,0.10854,0.34405,0.47326,0.010662,0.57082,-0.096016,0.31666,0.027405,0.09701,0.10855,0.34154,-0.094627,0.32364,0.30192,0.29946,0.10799,0.49577,0.47433,-0.02621,0.50494,0.37367,0.57727,0.54092,0.18361,-0.029798,0.59084,0.45561,0.38105,0.19595,0.64459,0.46463,0.37085,0.072633,-0.050099,-0.074597,0.14001,0.36972,0.084247,0.39999,0.15452,0.25929,0.30067,0.35709,0.56849,0.37646,0.36291,0.43083,0.30686,0.40104,0.076722,0.13399,0.033419,0.40849,0.55846,0.1268,0.37912,-0.14601,0.31988,0.52303,0.023727,0.1974,0.1974,0.36121,-0.1606,0.33097,0.58702,0.22785,-0.16121,0.29653,0.21648,0.081959,0.43438,-0.055515,-0.20041,-0.068274,0.63694,0.55078,-0.072885,-0.1046,0.4242,0.38309,0.24122
-0.12511,1,0.23219,-0.032913,0.33074,-0.079919,-0.11561,0.070601,-0.064435,0.14618,0.23112,0.12396,0.069092,-0.09093,0.19968,-0.045262,-0.027735,0.35445,0.08489,-0.25545,-0.1552,-0.20466,0.22521,-0.0228,0.10988,0.16202,-0.0047308,-0.2387,0.056476,0.3,-0.30414,0.20469,-0.27713,0.067815,0.28827,0.097878,0.043192,-0.10042,-0.11647,0.39178,-0.25742,0.0086942,-0.21408,0.21354,0.30817,0.01675,0.16117,0.14964,-0.073546,0.17543,-0.24421,0.1964,-0.2609,0.004577,0.022024,-0.071709,-0.20044,-0.057945,0.21236,0.20689,0.4788,0.4334,0.33795,0.38106,0.38106,0.25839,0.0089787,-0.12181,0.10724,0.1624,-0.12008,-0.24581,0.11828,0.065848,-6.0564e-05,0.1504,0.27241,-0.48293,-0.088982,0.20458,0.19978,0.20507,-0.11317,0.070445,-0.13906
-0.13352,0.23219,1,0.65374,0.31161,0.16858,-0.035305,0.43646,-0.031096,0.148,0.75041,0.24889,0.6264,0.56291,0.59685,0.10811,-0.0093497,-0.1552,0.60192,0.16296,0.097364,0.38186,0.17127,0.19224,0.1017,0.22112,0.057675,0.33056,-0.01953,0.31542,0.104,0.52532,0.25005,0.39699,0.3776,0.458,0.34064,0.27502,0.51492,0.19938,-0.0047001,0.58537,0.17987,0.4599,-0.027256,-0.020123,-0.16463,0.2019,0.40382,0.33196,0.069034,0.079317,0.049171,0.68875,0.64869,0.39321,0.059156,0.53,0.32587,0.51888,0.22745,0.21472,-0.014317,0.19159,0.19159,0.2293,0.41688,0.089194,0.44068,0.4171,-0.1381,0.19901,-0.22713,-0.20793,-0.25229,0.15289,0.36864,0.10799,0.23028,0.023285,0.60873,0.38849,0.56195,0.45101,-0.020647
0.10854,-0.032913,0.65374,1,0.44789,0.3092,-0.07887,0.45465,0.005016,0.18479,0.38828,0.33569,0.86607,0.65265,0.24394,0.24928,0.22705,-0.030679,0.50269,0.45693,0.084536,0.41951,0.10872,0.33951,0.29061,0.23902,0.10368,0.45568,0.25905,0.36378,0.47505,0.44511,0.53679,0.28197,0.24215,0.55629,0.26115,0.47622,0.81158,0.069411,0.07563,0.50762,0.063068,0.45584,-0.15584,0.22754,-0.08729,0.26491,0.42431,0.16448,0.19647,0.1196,0.11341,0.5046,0.39529,0.59426,0.50731,0.86834,0.56924,0.70788,-0.027094,0.15745,0.080846,0.21404,0.21404,0.025489,0.42991,0.19408,0.29212,0.29852,-0.038166,0.46374,-0.35628,-0.20759,-0.21367,0.39083,0.1879,0.37504,0.44485,0.036278,0.64203,0.36731,0.67881,0.39756,0.2266
0.34405,0.33074,0.31161,0.44789,1,0.50595,0.39967,0.57215,0.18491,0.54611,0.4451,0.57823,0.60324,0.49406,0.43994,0.27473,0.22664,0.25909,0.49927,0.61635,0.28181,0.28783,0.52069,0.62051,0.49818,0.42613,0.59857,0.27883,0.44724,0.72101,0.51407,0.85223,0.32287,0.4114,0.40861,0.60186,-0.041894,0.52873,0.38393,0.594,0.36179,0.75525,0.15476,0.48399,0.29104,0.50298,0.3669,0.58671,0.64115,0.31732,0.17244,0.028246,0.083831,0.58053,0.48069,0.68012,0.55212,0.52361,0.39622,0.44856,0.57723,0.55731,0.34674,0.23466,0.23466,0.49328,0.32728,-0.025093,0.52998,0.54117,0.068284,0.50417,-0.067642,0.13329,0.073347,0.43241,0.48932,0.14238,0.38732,0.28307,0.55618,0.38138,0.41896,0.47186,0.54226
0.47326,-0.079919,0.16858,0.3092,0.50595,1,-0.098549,0.34636,-0.19696,0.40854,0.32211,0.31695,0.48448,0.35356,0.43144,0.45982,0.33508,0.41264,0.32905,0.59412,0.18831,0.52523,0.3484,0.50547,0.45935,0.26426,0.23652,0.19148,0.2421,0.18867,0.2496,0.47551,0.33811,0.52781,0.3029,0.36091,0.12278,0.44961,0.49549,0.56388,0.14486,0.60281,0.1098,0.30884,0.2165,0.42474,0.54472,0.43157,0.50404,0.51394,0.43961,0.15189,0.00047215,0.59883,0.44127,0.47075,0.44612,0.42078,0.49819,0.20656,0.35817,0.43884,0.29675,0.14796,0.14796,0.16798,0.17999,0.0042938,0.58462,0.45899,-0.16064,0.40006,0.19641,0.013608,0.31088,0.062537,-0.035704,0.37728,0.3956,0.40782,0.43122,0.32755,0.36037,0.43474,0.63834
0.010662,-0.11561,-0.035305,-0.07887,0.39967,-0.098549,1,-0.0066129,0.26473,0.32543,-0.02816,0.10354,0.027253,0.22812,0.0061967,-0.1126,0.041212,-0.10783,-0.073156,0.22269,0.56832,-0.014896,0.038433,0.4022,0.010368,0.14857,0.69067,0.054076,0.073661,0.19805,0.071472,0.45774,0.064801,0.039832,-0.081295,0.026865,-0.37782,0.36575,-0.12852,0.12959,0.2111,0.23168,0.20498,0.33194,0.18146,0.17182,-0.068066,0.089519,0.22534,-0.35747,-0.13056,-0.069292,-0.035062,0.19967,0.2147,0.2162,0.36918,0.088254,-0.24423,0.029128,0.17953,0.13004,0.066119,-0.41341,-0.41341,0.18782,0.35396,-0.27789,0.017764,0.011228,0.44333,0.33429,-0.14249,-0.15158,0.010241,0.26725,0.029935,-0.030643,0.14785,-0.13535,0.21312,-0.12461,0.10233,0.16862,-0.056044
0.57082,0.070601,0.43646,0.45465,0.57215,0.34636,-0.0066129,1,-0.030918,0.32755,0.52842,0.24638,0.4219,0.55677,0.22317,0.24596,0.17986,0.10493,0.56754,0.38103,0.18694,0.26101,0.39601,0.42513,0.45705,0.51975,0.2483,0.14885,0.55354,0.55993,0.64175,0.56439,0.59987,0.60988,0.36125,0.31015,0.053391,0.16819,0.35873,0.36723,0.039025,0.67715,0.33012,0.21094,0.17354,0.23203,0.21526,0.4344,0.48977,0.42529,0.40354,0.054837,0.29828,0.4603,0.38853,0.62654,0.4575,0.41024,0.50116,0.39417,0.29646,0.51373,-0.095502,0.29744,0.29744,0.27803,0.14906,0.54555,0.62876,0.55332,-0.4482,0.38393,0.023,0.2174,-0.073133,0.32598,0.35749,0.078988,0.3587,0.21375,0.25893,0.30189,0.46705,0.50527,0.36649
-0.096016,-0.064435,-0.031096,0.005016,0.18491,-0.19696,0.26473,-0.030918,1,0.21048,0.011597,0.12077,-0.029648,-0.050506,0.10772,0.18401,-0.1067,-0.12392,0.026367,-0.040965,0.27514,-0.24976,-0.0067754,0.20631,0.079359,-0.42354,0.2317,0.13657,-0.074042,0.37219,0.33583,0.17728,0.1746,0.18735,0.25717,0.25185,-0.34649,0.0027426,-0.30108,-0.30749,0.1944,0.27278,0.4888,-0.115,-0.092395,0.28606,0.0046441,0.29373,-0.14601,-0.035297,0.055047,-0.05826,0.6535,0.086321,0.10859,0.42947,-0.03912,-0.18405,-0.19699,-0.092156,-0.31318,-0.15783,0.2078,0.084844,0.084844,0.17395,0.19953,-0.25773,-0.13358,-0.11144,0.3154,0.10543,-0.038504,0.28446,-0.038725,0.28281,0.19652,0.029912,-0.10446,0.084935,-0.068692,-0.0046128,0.060845,-0.055118,0.15475
0.31666,0.14618,0.148,0.18479,0.54611,0.40854,0.32543,0.32755,0.21048,1,0.098938,0.22487,0.31658,0.60257,0.35106,0.16049,0.43391,0.04498,0.09302,0.38635,0.54875,0.27246,0.5036,0.51802,0.37005,0.43466,0.49582,0.058733,0.22707,0.53601,0.46155,0.45667,0.26793,0.5487,0.57021,0.27606,-0.16746,0.24422,0.23211,0.41468,-0.076296,0.58818,0.10101,0.14784,0.16818,0.28447,0.3806,0.23937,0.28518,0.25125,0.48464,0.20223,0.11528,0.25639,0.19609,0.65016,0.56189,0.30399,0.37975,0.17064,0.26205,0.48034,0.26535,0.14644,0.14644,0.16724,0.34124,-0.33333,0.48464,0.29322,0.14426,0.25781,-0.26767,0.27248,0.063381,0.41751,0.15575,-0.040119,0.11602,0.1039,0.45156,0.31078,0.26489,0.40054,0.50751
0.027405,0.23112,0.75041,0.38828,0.4451,0.32211,-0.02816,0.52842,0.011597,0.098938,1,0.30356,0.40743,0.43361,0.71629,0.32829,0.17733,0.093309,0.52428,0.13554,-0.016472,0.24268,0.30345,0.10488,-0.032785,0.099196,0.078409,0.076221,-0.039112,0.47611,0.17925,0.5073,0.28083,0.3175,0.38744,0.48754,0.23371,0.24719,0.42757,0.30018,0.14655,0.63632,0.37663,0.38312,0.10582,0.045487,0.095136,0.4246,0.44965,0.54911,0.22936,0.034261,0.20476,0.80006,0.79402,0.38488,-0.014381,0.29122,0.17667,0.45413,0.43983,0.19935,-0.0094424,0.10832,0.10832,0.43978,0.034089,0.22598,0.48857,0.63005,-0.11274,0.16268,0.18665,0.006202,-0.021066,0.21688,0.49884,0.22907,0.20874,0.29201,0.39848,0.33526,0.30902,0.49786,0.26351
0.09701,0.12396,0.24889,0.33569,0.57823,0.31695,0.10354,0.24638,0.12077,0.22487,0.30356,1,0.53283,0.22393,0.48771,0.27655,0.12367,-0.010721,0.20429,0.38668,0.013862,0.33103,0.29867,0.3618,0.087304,0.28063,0.43201,0.61661,0.32135,0.47356,0.34657,0.60911,-0.10889,0.12803,0.1876,0.81781,-0.20833,0.34098,0.22171,0.25895,0.69603,0.54082,-0.12738,0.18522,0.33684,0.036456,0.30203,0.43841,0.46447,0.24052,0.076833,0.089609,0.072399,0.36203,0.2401,0.3302,0.38703,0.48532,0.24575,0.50121,0.39051,0.26609,0.025793,0.044897,0.044897,0.59319,0.24728,-0.16185,0.14276,0.4462,-0.12232,0.33415,-0.23611,0.18423,0.024486,0.12195,0.35892,0.16731,0.29551,0.099203,0.53369,0.45215,0.24603,0.036297,0.27345
0.10855,0.069092,0.6264,0.86607,0.60324,0.48448,0.027253,0.4219,-0.029648,0.31658,0.40743,0.53283,1,0.62932,0.49598,0.3219,0.1218,0.033721,0.56889,0.5141,0.19873,0.60217,0.31516,0.54986,0.22733,0.37202,0.38686,0.64507,0.29153,0.46631,0.41733,0.63726,0.41537,0.3604,0.41628,0.74584,0.2684,0.50842,0.69394,0.33475,0.20926,0.59892,-0.056339,0.48855,0.20293,0.30282,0.063024,0.34457,0.56566,0.35175,0.16741,0.12654,-0.0077223,0.62057,0.45155,0.57817,0.58066,0.89984,0.55599,0.65258,0.24123,0.30975,0.1751,0.34174,0.34174,0.14361,0.50142,-0.015407,0.39358,0.36634,0.010716,0.43043,-0.3257,-0.21803,-0.1255,0.34802,0.27444,0.36851,0.52454,0.15516,0.79467,0.42976,0.53948,0.40144,0.255
0.34154,-0.09093,0.56291,0.65265,0.49406,0.35356,0.22812,0.55677,-0.050506,0.60257,0.43361,0.22393,0.62932,1,0.33664,0.21464,0.36782,-0.0092549,0.3943,0.52037,0.46983,0.37355,0.36221,0.52172,0.27116,0.48857,0.23362,0.27673,0.28465,0.54566,0.46388,0.50733,0.58405,0.45409,0.46906,0.50684,0.22671,0.36791,0.61937,0.25562,0.11924,0.64861,0.22984,0.31081,-0.046082,0.27421,0.2445,0.13146,0.60191,0.35354,0.53194,0.32721,-0.032325,0.54142,0.46208,0.69442,0.65982,0.65045,0.45343,0.39288,0.32756,0.34584,-0.010434,0.20576,0.20576,0.13566,0.30237,-0.040602,0.68,0.43819,0.043884,0.22069,-0.25737,-0.09972,0.081669,0.4969,0.1813,0.28701,0.42171,0.17429,0.56815,0.36719,0.53955,0.46781,0.25573
-0.094627,0.19968,0.59685,0.24394,0.43994,0.43144,0.0061967,0.22317,0.10772,0.35106,0.71629,0.48771,0.49598,0.33664,1,0.23547,0.16901,0.034353,0.39702,0.12206,0.1019,0.42478,0.52478,0.31359,-0.13398,0.083349,0.37348,0.46669,0.044293,0.47233,0.20124,0.58608,0.0084618,0.35468,0.4891,0.62884,0.16283,0.19625,0.29357,0.29395,0.30408,0.65774,0.039237,0.36753,0.32282,-0.026807,0.17576,0.25944,0.51748,0.61318,0.2028,0.07069,0.14199,0.74438,0.67078,0.36634,-0.029857,0.25396,0.067176,0.30309,0.48592,0.24115,0.085245,0.15697,0.15697,0.35911,0.16513,-0.079133,0.46237,0.60928,0.04086,0.18238,0.021888,0.0013222,0.022275,0.16566,0.47964,0.21663,0.082647,0.29629,0.51194,0.25668,0.15871,0.41843,0.35771
0.32364,-0.045262,0.10811,0.24928,0.27473,0.45982,-0.1126,0.24596,0.18401,0.16049,0.32829,0.27655,0.3219,0.21464,0.23547,1,0.25669,0.027872,0.0046228,0.29386,0.11034,0.3275,0.1545,0.3179,0.1964,0.22236,0.008294,0.026693,0.2193,0.31275,0.13978,0.23407,0.53622,0.19457,0.32295,0.46092,-0.043467,0.29271,0.31629,0.38808,0.20343,0.26553,0.058689,0.1792,0.2275,0.4759,0.43509,0.55456,-0.060838,0.50732,0.20678,0.42426,0.063535,0.31814,0.19912,0.32745,0.25778,0.3508,0.1797,0.12016,0.14831,-0.0906,0.083595,0.20259,0.20259,0.2486,-0.2229,0.063679,0.14823,0.13364,0.12275,0.053654,0.0020161,-0.13259,-0.049217,-0.0083644,-0.1301,0.42086,0.51007,0.33024,0.2554,0.22916,0.32543,0.3203,0.28225
0.30192,-0.027735,-0.0093497,0.22705,0.22664,0.33508,0.041212,0.17986,-0.1067,0.43391,0.17733,0.12367,0.1218,0.36782,0.16901,0.25669,1,0.033904,-0.39894,-0.0011879,0.22613,0.1754,0.056485,0.21378,0.03718,0.16203,0.18143,-0.077565,0.26266,0.23038,0.27116,0.099158,0.18132,0.23314,0.1511,0.072788,-0.041018,0.033465,0.50691,0.090991,-0.053406,0.25554,0.11934,0.29855,0.16588,-0.041633,0.24267,0.21984,0.10884,0.025897,0.53791,0.18204,0.057762,0.21733,0.25696,0.30644,0.35567,0.25936,0.19601,0.2408,0.20496,0.00070806,-0.026523,-0.22919,-0.22919,0.062934,-0.25012,0.24677,0.28391,0.27574,0.081488,0.13084,-0.16702,-0.15294,-0.077975,0.37296,-0.078928,0.062275,-0.033428,0.036763,0.25619,0.1025,0.20328,0.085988,0.32258
0.29946,0.35445,-0.1552,-0.030679,0.25909,0.41264,-0.10783,0.10493,-0.12392,0.04498,0.093309,-0.010721,0.033721,-0.0092549,0.034353,0.027872,0.033904,1,0.11775,0.020845,-0.069357,-0.31742,0.24215,0.16381,0.16684,-0.1526,-0.020682,-0.19259,0.17415,0.12879,-0.11898,0.13865,0.084124,0.16932,-0.018407,0.049611,-0.20162,0.097372,-0.086419,0.1327,-0.16,0.095019,0.051191,0.10191,0.12118,0.16424,0.56971,0.017918,0.18719,0.26962,0.14328,0.39016,0.0038248,0.14984,0.040368,0.14331,0.065858,-0.1463,0.34665,0.16849,0.26854,0.63569,0.28972,0.10462,0.10462,-0.064608,0.08279,0.01462,0.20884,0.36794,-0.32577,0.0045966,0.8012,0.10969,0.74029,0.37252,-0.20692,0.0022935,0.14898,0.7022,0.017576,-0.14734,-0.1584,0.23655,0.21253
0.10799,0.08489,0.60192,0.50269,0.49927,0.32905,-0.073156,0.56754,0.026367,0.09302,0.52428,0.20429,0.56889,0.3943,0.39702,0.0046228,-0.39894,0.11775,1,0.51912,-0.088835,0.31061,0.41331,0.21628,0.33494,0.16751,0.13784,0.33661,0.018332,0.4169,0.36857,0.50568,0.34846,0.41954,0.34956,0.42143,0.35965,0.25618,0.34808,0.28916,0.12745,0.57175,0.18536,0.2039,-0.17212,0.38961,0.068924,0.22086,0.641,0.4295,-0.016855,-0.23858,0.17144,0.51734,0.4261,0.43787,0.17671,0.3703,0.31171,0.33696,0.2422,0.38568,0.20324,0.43275,0.43275,0.21113,0.37348,0.10576,0.51113,0.40539,-0.14443,0.31229,0.05897,0.21534,0.015305,0.099695,0.59879,0.30434,0.29197,0.25196,0.33872,0.29774,0.44555,0.4751,0.34005
0.49577,-0.25545,0.16296,0.45693,0.61635,0.59412,0.22269,0.38103,-0.040965,0.38635,0.13554,0.38668,0.5141,0.52037,0.12206,0.29386,-0.0011879,0.020845,0.51912,1,0.2897,0.4211,0.4477,0.40409,0.65586,0.52499,0.22992,0.27368,0.28486,0.36088,0.48388,0.49494,0.50426,0.20818,0.27341,0.43236,0.14303,0.58914,0.50233,0.52232,0.44314,0.57144,0.017522,0.29264,-0.089742,0.53258,0.32007,0.42028,0.59691,0.29,0.17537,0.049609,-0.036157,0.37016,0.23583,0.56057,0.62261,0.57912,0.4237,0.14666,0.23922,0.32381,0.2084,0.14786,0.14786,0.34588,0.29489,-0.12996,0.44049,0.2803,0.11253,0.56435,-0.19174,0.099142,0.19906,-0.071849,0.13279,0.39459,0.64396,0.15536,0.36826,0.27578,0.59942,0.49116,0.55075
0.47433,-0.1552,0.097364,0.084536,0.28181,0.18831,0.56832,0.18694,0.27514,0.54875,-0.016472,0.013862,0.19873,0.46983,0.1019,0.11034,0.22613,-0.069357,-0.088835,0.2897,1,0.080349,0.27101,0.58739,0.33261,0.38929,0.48968,0.14871,0.2738,0.34825,0.19872,0.36118,0.45863,0.40208,0.50625,0.11645,-0.062405,0.1081,-0.020567,0.25965,0.052507,0.4463,0.35532,0.37119,0.45169,0.18777,0.12644,0.31135,0.2168,0.098588,0.31903,0.34069,0.1024,0.33301,0.29981,0.50479,0.50409,0.18117,0.2016,-0.22266,0.14201,0.30754,0.086937,0.033827,0.033827,0.24712,0.32938,-0.23689,0.40799,0.016247,0.23145,0.26577,-0.13235,-0.24419,0.23606,0.13088,-0.25644,-0.20743,0.45618,0.16479,0.22338,-0.081835,0.29435,0.25419,-0.074315
-0.02621,-0.20466,0.38186,0.41951,0.28783,0.52523,-0.014896,0.26101,-0.24976,0.27246,0.24268,0.33103,0.60217,0.37355,0.42478,0.3275,0.1754,-0.31742,0.31061,0.4211,0.080349,1,0.055805,0.50019,0.16575,0.38295,0.27515,0.49719,0.11623,-0.0034387,0.20882,0.46774,0.13919,0.31545,0.22793,0.42894,0.43167,0.38887,0.63374,0.48086,0.25419,0.37907,-0.20194,0.3136,0.19485,0.21414,0.034614,0.33077,0.39019,0.13112,0.25665,-0.13804,-0.13014,0.49737,0.46395,0.29115,0.35784,0.62638,0.25631,0.32519,0.16606,-0.079333,0.21644,0.19949,0.19949,0.089622,0.18497,0.015949,0.29479,0.38139,-0.029315,0.34479,-0.44302,-0.15101,-0.42916,-0.026583,0.21843,0.57937,0.20029,-0.31166,0.67773,0.4791,0.35912,0.26408,0.32488
0.50494,0.22521,0.17127,0.10872,0.52069,0.3484,0.038433,0.39601,-0.0067754,0.5036,0.30345,0.29867,0.31516,0.36221,0.52478,0.1545,0.056485,0.24215,0.41331,0.4477,0.27101,0.055805,1,0.21256,0.29648,0.52362,0.3231,0.2228,0.37397,0.71686,0.40652,0.38601,0.33692,0.26429,0.61506,0.38169,0.02045,-0.015818,0.13148,0.48529,0.17598,0.5101,-0.16231,0.30462,0.32326,0.12108,0.46805,0.2446,0.49885,0.69799,0.13195,0.29112,0.10453,0.26455,0.12306,0.44206,0.21532,0.1453,0.29855,-0.0001807,0.54813,0.60355,0.011046,0.26296,0.26296,0.37391,0.021513,0.024642,0.53182,0.46094,0.021534,0.1843,0.10668,0.14488,0.37644,0.016619,0.27176,-0.068706,0.43376,0.60196,0.20351,-0.16638,0.26525,0.60601,0.4294
0.37367,-0.0228,0.19224,0.33951,0.62051,0.50547,0.4022,0.42513,0.20631,0.51802,0.10488,0.3618,0.54986,0.52172,0.31359,0.3179,0.21378,0.16381,0.21628,0.40409,0.58739,0.50019,0.21256,1,0.4012,0.333,0.62615,0.51725,0.57739,0.38995,0.33018,0.77336,0.37932,0.62164,0.32915,0.50826,0.0064518,0.37857,0.22897,0.37196,0.32804,0.61078,0.12617,0.4182,0.4363,0.5017,0.3839,0.3498,0.52991,0.18736,0.33251,0.29179,-0.0053439,0.55022,0.44748,0.61919,0.61757,0.43337,0.27105,0.1938,0.34487,0.39925,0.3501,0.31414,0.31414,0.19756,0.36764,-0.059773,0.54168,0.41813,-0.0062253,0.3994,-0.082763,-0.12729,0.068612,0.43525,0.044263,0.28641,0.37497,0.18283,0.53544,0.29303,0.34216,0.29813,0.21316
0.57727,0.10988,0.1017,0.29061,0.49818,0.45935,0.010368,0.45705,0.079359,0.37005,-0.032785,0.087304,0.22733,0.27116,-0.13398,0.1964,0.03718,0.16684,0.33494,0.65586,0.33261,0.16575,0.29648,0.4012,1,0.46862,-0.0042574,0.015264,0.43489,0.23148,0.32689,0.40205,0.45241,0.40808,0.32438,0.081361,0.092608,0.27872,0.2514,0.5351,0.066637,0.45606,0.14813,0.26013,0.0014543,0.44882,0.34994,0.52196,0.22326,0.15219,0.23651,0.15971,0.12065,0.16516,0.090439,0.57792,0.3392,0.27386,0.61398,-0.059399,0.11627,0.44608,0.2848,0.28606,0.28606,0.22235,0.27201,0.06857,0.43236,0.19985,-0.24362,0.37157,-0.09435,0.056888,0.1339,-0.075359,-0.077129,-0.051641,0.39503,0.14452,0.20338,0.14577,0.60025,0.3637,0.39123
0.54092,0.16202,0.22112,0.23902,0.42613,0.26426,0.14857,0.51975,-0.42354,0.43466,0.099196,0.28063,0.37202,0.48857,0.083349,0.22236,0.16203,-0.1526,0.16751,0.52499,0.38929,0.38295,0.52362,0.333,0.46862,1,0.24563,0.12368,0.55272,0.36186,0.24839,0.38532,0.34593,0.18456,0.38654,0.2085,0.14253,0.19684,0.31928,0.72006,0.1004,0.32479,-0.2988,0.3348,0.43394,0.08868,0.19665,0.30047,0.31015,0.32029,0.12347,0.30461,-0.34699,0.11866,0.018291,0.27144,0.52056,0.52123,0.47574,0.089014,0.48621,0.4512,-0.13155,0.21283,0.21283,0.32441,0.076843,0.11406,0.44153,0.22543,-0.13764,0.22095,-0.37697,-0.14381,-0.069269,-0.15189,0.0046962,-0.17053,0.5795,0.014528,0.35382,0.17889,0.40581,0.41518,0.074799
0.18361,-0.0047308,0.057675,0.10368,0.59857,0.23652,0.69067,0.2483,0.2317,0.49582,0.078409,0.43201,0.38686,0.23362,0.37348,0.008294,0.18143,-0.020682,0.13784,0.22992,0.48968,0.27515,0.3231,0.62615,-0.0042574,0.24563,1,0.42812,0.30182,0.46587,0.35343,0.64213,0.074952,0.43182,0.19977,0.31453,-0.31939,0.21937,0.020472,0.24132,0.21736,0.48964,0.057512,0.41154,0.51084,0.24028,0.092677,0.23459,0.47068,-0.021246,-0.051019,-0.14569,0.089389,0.35915,0.28679,0.33926,0.55169,0.2821,-0.064698,0.25638,0.34314,0.36453,0.18303,-0.10597,-0.10597,0.2938,0.37106,-0.092183,0.2542,0.20478,0.28425,0.49452,-0.17891,0.026872,-0.081577,0.33129,0.28781,0.0029028,0.19273,0.066158,0.40602,0.061209,0.15987,0.22019,0.17133
-0.029798,-0.2387,0.33056,0.45568,0.27883,0.19148,0.054076,0.14885,0.13657,0.058733,0.076221,0.61661,0.64507,0.27673,0.46669,0.026693,-0.077565,-0.19259,0.33661,0.27368,0.14871,0.49719,0.2228,0.51725,0.015264,0.12368,0.42812,1,0.35863,0.24584,0.36682,0.52059,0.024868,0.21516,0.15265,0.67304,0.112,0.15769,0.25233,-0.044611,0.59216,0.42833,-0.15253,0.23485,0.24077,-0.022471,0.017732,0.089134,0.53374,0.14508,0.07458,0.00022959,0.13446,0.37597,0.2403,0.34367,0.26214,0.48054,0.13089,0.26928,0.12088,0.065936,-0.090876,0.14069,0.14069,0.11422,0.37882,-0.00010746,0.19413,0.31073,-0.083061,0.29147,-0.3489,-0.20148,-0.097238,0.11989,0.23015,0.32116,0.20476,0.018132,0.50174,0.10796,0.31302,0.0072186,0.071827
0.59084,0.056476,-0.01953,0.25905,0.44724,0.2421,0.073661,0.55354,-0.074042,0.22707,-0.039112,0.32135,0.29153,0.28465,0.044293,0.2193,0.26266,0.17415,0.018332,0.28486,0.2738,0.11623,0.37397,0.57739,0.43489,0.55272,0.30182,0.35863,1,0.3422,0.46587,0.48339,0.37756,0.24443,0.044606,0.24827,-0.1671,0.19173,0.13327,0.23338,0.28623,0.35217,-0.19481,0.29425,0.40674,0.077891,0.25237,0.17072,0.31258,0.26211,0.1915,0.44184,-0.039817,0.13394,-0.010491,0.38628,0.38945,0.3192,0.3318,0.12651,0.28213,0.45926,-0.17299,0.18148,0.18148,0.1026,0.048058,0.47499,0.34496,0.35772,-0.33436,0.37829,-0.041942,-0.12185,0.079529,0.21044,-0.11687,-0.067019,0.39884,0.2187,0.095434,-0.03945,0.26361,0.31127,0.16197
0.45561,0.3,0.31542,0.36378,0.72101,0.18867,0.19805,0.55993,0.37219,0.53601,0.47611,0.47356,0.46631,0.54566,0.47233,0.31275,0.23038,0.12879,0.4169,0.36088,0.34825,-0.0034387,0.71686,0.38995,0.23148,0.36186,0.46587,0.24584,0.3422,1,0.55056,0.53001,0.46256,0.43206,0.7093,0.63134,-0.027493,0.0071507,0.21577,0.30726,0.26387,0.6551,0.20479,0.33366,0.27832,0.38349,0.43071,0.45701,0.52215,0.54703,0.18494,0.223,0.25862,0.39224,0.32076,0.6289,0.4545,0.29878,0.23046,0.26749,0.52679,0.4512,0.16609,0.38074,0.38074,0.58769,0.025796,0.0093023,0.55604,0.41474,0.1972,0.18555,-0.0422,0.23058,0.15506,0.39183,0.52612,3.4942e-05,0.41631,0.53315,0.32395,0.17003,0.38286,0.40968,0.32044
0.38105,-0.30414,0.104,0.47505,0.51407,0.2496,0.071472,0.64175,0.33583,0.46155,0.17925,0.34657,0.41733,0.46388,0.20124,0.13978,0.27116,-0.11898,0.36857,0.48388,0.19872,0.20882,0.40652,0.33018,0.32689,0.24839,0.35343,0.36682,0.46587,0.55056,1,0.3888,0.50914,0.32145,0.27949,0.38116,-0.12756,0.26515,0.35208,0.0043866,0.25141,0.61659,0.27791,-0.026223,-0.055514,0.16328,0.037387,0.31691,0.39556,0.24113,0.48944,-0.15767,0.57489,0.25263,0.16715,0.7322,0.49889,0.42894,0.35589,0.31461,-0.09457,0.20316,-0.14223,0.10753,0.10753,0.084054,0.23824,0.29277,0.29766,0.32441,-0.095742,0.53748,-0.24746,0.36992,-0.098742,0.41015,0.37308,0.21967,0.16984,0.033151,0.15426,0.18279,0.32543,0.31288,0.66671
0.19595,0.20469,0.52532,0.44511,0.85223,0.47551,0.45774,0.56439,0.17728,0.45667,0.5073,0.60911,0.63726,0.50733,0.58608,0.23407,0.099158,0.13865,0.50568,0.49494,0.36118,0.46774,0.38601,0.77336,0.40205,0.38532,0.64213,0.52059,0.48339,0.53001,0.3888,1,0.24812,0.51541,0.29897,0.64291,-0.062659,0.56868,0.32218,0.5029,0.43871,0.82197,0.14365,0.55173,0.36046,0.31384,0.25216,0.4934,0.66509,0.26277,0.16645,0.10735,0.097345,0.7479,0.63845,0.66216,0.43387,0.52092,0.32434,0.47104,0.50231,0.52441,0.22778,0.1376,0.1376,0.43136,0.51258,0.0052665,0.52081,0.65758,-0.10762,0.55056,-0.090657,-0.033291,-0.014258,0.38341,0.37661,0.21512,0.3546,0.1525,0.67866,0.36168,0.46494,0.5042,0.35387
0.64459,-0.27713,0.25005,0.53679,0.32287,0.33811,0.064801,0.59987,0.1746,0.26793,0.28083,-0.10889,0.41537,0.58405,0.0084618,0.53622,0.18132,0.084124,0.34846,0.50426,0.45863,0.13919,0.33692,0.37932,0.45241,0.34593,0.074952,0.024868,0.37756,0.46256,0.50914,0.24812,1,0.39616,0.41297,0.21322,0.10638,0.24166,0.43741,0.19411,-0.058724,0.44737,0.33211,0.33864,-0.013362,0.47927,0.19562,0.3808,0.24182,0.41867,0.32419,0.35652,0.27623,0.37736,0.27412,0.64597,0.50769,0.42595,0.38878,0.11041,-0.040985,0.20429,0.015746,0.24499,0.24499,0.069275,0.065498,0.33713,0.43548,0.16686,0.072722,0.37305,0.05153,-0.12261,0.11161,0.20281,-0.12539,0.30187,0.69074,0.39368,0.13547,-0.046373,0.58945,0.63062,0.26703
0.46463,0.067815,0.39699,0.28197,0.4114,0.52781,0.039832,0.60988,0.18735,0.5487,0.3175,0.12803,0.3604,0.45409,0.35468,0.19457,0.23314,0.16932,0.41954,0.20818,0.40208,0.31545,0.26429,0.62164,0.40808,0.18456,0.43182,0.21516,0.24443,0.43206,0.32145,0.51541,0.39616,1,0.50175,0.22489,0.018914,-0.041889,0.20709,0.25616,-0.1498,0.68195,0.39392,0.27136,0.18586,0.43275,0.40506,0.30205,0.44489,0.33512,0.34903,0.074757,0.2655,0.49121,0.43272,0.56463,0.43425,0.1871,0.31078,0.18419,0.25339,0.50484,0.3057,0.31664,0.31664,0.2207,0.27602,0.13481,0.72399,0.36209,-0.18916,0.26623,0.039887,0.1809,0.012534,0.28665,0.20204,0.051565,0.15694,0.31601,0.35482,0.30534,0.49675,0.34179,0.26141
0.37085,0.28827,0.3776,0.24215,0.40861,0.3029,-0.081295,0.36125,0.25717,0.57021,0.38744,0.1876,0.41628,0.46906,0.4891,0.32295,0.1511,-0.018407,0.34956,0.27341,0.50625,0.22793,0.61506,0.32915,0.32438,0.38654,0.19977,0.15265,0.044606,0.7093,0.27949,0.29897,0.41297,0.50175,1,0.46167,0.36671,-0.16014,0.20813,0.4892,0.0043423,0.53778,0.22721,0.25237,0.38503,0.32544,0.35114,0.53063,0.29455,0.6182,0.3519,0.2181,0.19691,0.39671,0.37431,0.54274,0.27676,0.22573,0.38191,-0.053243,0.38855,0.30863,0.30878,0.6065,0.6065,0.47273,0.036816,-0.21428,0.59859,0.23862,0.15012,-0.036279,-0.12078,0.09376,0.11137,0.070937,0.32213,-0.08857,0.36098,0.40316,0.35959,0.24066,0.3157,0.31029,0.20633
0.072633,0.097878,0.458,0.55629,0.60186,0.36091,0.026865,0.31015,0.25185,0.27606,0.48754,0.81781,0.74584,0.50684,0.62884,0.46092,0.072788,0.049611,0.42143,0.43236,0.11645,0.42894,0.38169,0.50826,0.081361,0.2085,0.31453,0.67304,0.24827,0.63134,0.38116,0.64291,0.21322,0.22489,0.46167,1,0.10053,0.36813,0.39585,0.2529,0.64499,0.6215,0.0022809,0.25523,0.24158,0.26956,0.36199,0.44486,0.5541,0.47752,0.23417,0.25614,0.11556,0.57899,0.45065,0.54598,0.39978,0.5873,0.30164,0.49488,0.38913,0.19467,0.16295,0.35582,0.35582,0.48517,0.23607,-0.21258,0.32977,0.52367,0.025773,0.20917,-0.15945,0.052885,0.083058,0.31969,0.41228,0.43765,0.42303,0.29246,0.6493,0.47181,0.32594,0.2141,0.29174
-0.050099,0.043192,0.34064,0.26115,-0.041894,0.12278,-0.37782,0.053391,-0.34649,-0.16746,0.23371,-0.20833,0.2684,0.22671,0.16283,-0.043467,-0.041018,-0.20162,0.35965,0.14303,-0.062405,0.43167,0.02045,0.0064518,0.092608,0.14253,-0.31939,0.112,-0.1671,-0.027493,-0.12756,-0.062659,0.10638,0.018914,0.36671,0.10053,1,-0.13575,0.44763,0.2512,0.034663,0.0020815,-0.059155,0.20905,-0.041278,0.17683,-0.12552,0.068393,0.30342,0.22953,0.07992,-0.15042,-0.31646,0.26603,0.36811,-0.052418,-0.090853,0.19798,0.079699,-0.14315,0.23034,-0.22687,0.26251,0.56892,0.56892,0.07408,-0.2542,0.071468,0.39697,0.090571,0.10534,-0.16696,-0.14988,-0.24442,-0.16167,-0.22728,0.29758,0.23466,0.084854,-0.072612,0.13832,0.25077,0.13488,0.0074852,-0.078906
-0.074597,-0.10042,0.27502,0.47622,0.52873,0.44961,0.36575,0.16819,0.0027426,0.24422,0.24719,0.34098,0.50842,0.36791,0.19625,0.29271,0.033465,0.097372,0.25618,0.58914,0.1081,0.38887,-0.015818,0.37857,0.27872,0.19684,0.21937,0.15769,0.19173,0.0071507,0.26515,0.56868,0.24166,-0.041889,-0.16014,0.36813,-0.13575,1,0.43187,0.3102,0.26864,0.4201,0.028672,0.25035,-0.095169,0.24919,-0.076379,0.24234,0.2583,0.027911,0.12373,0.066229,-0.088051,0.48682,0.35693,0.41688,0.38005,0.62816,0.33124,0.48879,-0.0043413,0.17748,0.11436,-0.1448,-0.1448,-0.015453,0.56083,-0.18227,0.022281,0.25486,0.038231,0.58802,-0.11563,-0.07628,-0.014501,0.26609,-0.019124,0.40129,0.34187,-0.14633,0.46961,0.40138,0.24361,0.43247,0.42731
0.14001,-0.11647,0.51492,0.81158,0.38393,0.49549,-0.12852,0.35873,-0.30108,0.23211,0.42757,0.22171,0.69394,0.61937,0.29357,0.31629,0.50691,-0.086419,0.34808,0.50233,-0.020567,0.63374,0.13148,0.22897,0.2514,0.31928,0.020472,0.25233,0.13327,0.21577,0.35208,0.32218,0.43741,0.20709,0.20813,0.39585,0.44763,0.43187,1,0.28582,0.071969,0.41381,-0.063775,0.5107,-0.16664,0.21188,0.043824,0.29308,0.44643,0.16457,0.30858,0.019943,-0.061861,0.50842,0.47103,0.44839,0.44476,0.78872,0.46366,0.5807,0.14295,-0.0056411,0.12934,0.070794,0.070794,0.047698,0.086968,0.24984,0.36822,0.40895,0.057396,0.39696,-0.35576,-0.24823,-0.26207,0.21374,0.18429,0.53989,0.33563,-0.053593,0.63879,0.3489,0.63548,0.4381,0.41444
0.36972,0.39178,0.19938,0.069411,0.594,0.56388,0.12959,0.36723,-0.30749,0.41468,0.30018,0.25895,0.33475,0.25562,0.29395,0.38808,0.090991,0.1327,0.28916,0.52232,0.25965,0.48086,0.48529,0.37196,0.5351,0.72006,0.24132,-0.044611,0.23338,0.30726,0.0043866,0.5029,0.19411,0.25616,0.4892,0.2529,0.2512,0.3102,0.28582,1,0.092156,0.38031,-0.14102,0.40406,0.50514,0.35685,0.40239,0.59625,0.29674,0.40329,0.11155,0.13464,-0.29182,0.35997,0.29327,0.27223,0.30453,0.35557,0.4455,0.041526,0.63917,0.43728,0.30162,0.3006,0.3006,0.43128,0.048461,-0.10098,0.46467,0.34707,-0.054154,0.15508,-0.065684,-0.083487,0.034903,-0.17115,0.13843,-0.0067597,0.45046,0.16406,0.46352,0.29079,0.27946,0.43805,0.30691
0.084247,-0.25742,-0.0047001,0.07563,0.36179,0.14486,0.2111,0.039025,0.1944,-0.076296,0.14655,0.69603,0.20926,0.11924,0.30408,0.20343,-0.053406,-0.16,0.12745,0.44314,0.052507,0.25419,0.17598,0.32804,0.066637,0.1004,0.21736,0.59216,0.28623,0.26387,0.25141,0.43871,-0.058724,-0.1498,0.0043423,0.64499,0.034663,0.26864,0.071969,0.092156,1,0.34442,-0.045213,0.10023,0.13552,0.12355,0.23712,0.28994,0.49517,0.14815,0.045067,0.029581,0.011282,0.29949,0.2611,0.19226,0.14696,0.17681,-0.16346,-0.0022282,0.32026,-0.1116,-0.024983,0.02019,0.02019,0.52991,-0.061555,-0.12312,0.11963,0.35299,0.093791,0.22291,-0.11363,0.038798,0.13974,-0.09058,0.28042,0.39617,0.25043,0.045063,0.16013,0.17735,0.12672,-0.068329,0.19243
0.39999,0.0086942,0.58537,0.50762,0.75525,0.60281,0.23168,0.67715,0.27278,0.58818,0.63632,0.54082,0.59892,0.64861,0.65774,0.26553,0.25554,0.095019,0.57175,0.57144,0.4463,0.37907,0.5101,0.61078,0.45606,0.32479,0.48964,0.42833,0.35217,0.6551,0.61659,0.82197,0.44737,0.68195,0.53778,0.6215,0.0020815,0.4201,0.41381,0.38031,0.34442,1,0.43068,0.40707,0.19089,0.28899,0.30319,0.54561,0.70166,0.49074,0.45421,0.082408,0.37391,0.80559,0.70375,0.82858,0.47121,0.47445,0.43168,0.38119,0.37614,0.52377,0.13771,0.16587,0.16587,0.48647,0.44397,0.041283,0.70797,0.64484,-0.12706,0.56041,-0.047917,0.17448,0.12238,0.33153,0.40177,0.18649,0.36839,0.298,0.53506,0.39878,0.57113,0.54885,0.54766
0.15452,-0.21408,0.17987,0.063068,0.15476,0.1098,0.20498,0.33012,0.4888,0.10101,0.37663,-0.12738,-0.056339,0.22984,0.039237,0.058689,0.11934,0.051191,0.18536,0.017522,0.35532,-0.20194,-0.16231,0.12617,0.14813,-0.2988,0.057512,-0.15253,-0.19481,0.20479,0.27791,0.14365,0.33211,0.39392,0.22721,0.0022809,-0.059155,0.028672,-0.063775,-0.14102,-0.045213,0.43068,1,-0.12333,-0.10343,0.19149,-0.00088171,0.32834,0.09378,0.052584,0.4653,-0.22161,0.58661,0.392,0.44804,0.44803,0.089205,-0.10337,0.06934,-0.069361,-0.11314,-0.00012495,-0.050435,-0.071319,-0.071319,0.1054,0.16589,0.037074,0.30004,0.031057,-0.042452,0.029716,0.22302,0.12408,0.14293,0.31176,0.13335,-0.031349,-0.078338,0.14915,-0.094921,0.12305,0.11758,-0.056904,0.1551
0.25929,0.21354,0.4599,0.45584,0.48399,0.30884,0.33194,0.21094,-0.115,0.14784,0.38312,0.18522,0.48855,0.31081,0.36753,0.1792,0.29855,0.10191,0.2039,0.29264,0.37119,0.3136,0.30462,0.4182,0.26013,0.3348,0.41154,0.23485,0.29425,0.33366,-0.026223,0.55173,0.33864,0.27136,0.25237,0.25523,0.20905,0.25035,0.5107,0.40406,0.10023,0.40707,-0.12333,1,0.34282,0.18928,0.071157,0.39458,0.44999,0.092766,-0.19092,0.24962,-0.15374,0.58602,0.56824,0.29135,0.26507,0.42157,0.16276,0.31162,0.41451,0.28488,0.33004,-0.0095675,-0.0095675,0.39439,0.13601,0.21187,0.3573,0.40251,0.22829,0.51255,-0.058035,-0.47928,-0.0434,0.04139,0.034123,0.113,0.53172,0.21317,0.53843,-0.095587,0.60413,0.59339,-0.019314
0.30067,0.30817,-0.027256,-0.15584,0.29104,0.2165,0.18146,0.17354,-0.092395,0.16818,0.10582,0.33684,0.20293,-0.046082,0.32282,0.2275,0.16588,0.12118,-0.17212,-0.089742,0.45169,0.19485,0.32326,0.4363,0.0014543,0.43394,0.51084,0.24077,0.40674,0.27832,-0.055514,0.36046,-0.013362,0.18586,0.38503,0.24158,-0.041278,-0.095169,-0.16664,0.50514,0.13552,0.19089,-0.10343,0.34282,1,-0.078875,0.19691,0.42565,0.10872,0.28034,0.062476,0.25176,-0.10182,0.24842,0.1868,0.051767,0.18853,0.099813,0.15898,-0.057575,0.49102,0.33747,0.023125,0.17099,0.17099,0.36219,-0.01548,0.033944,0.19921,0.18594,-0.10605,0.042584,0.065036,-0.2547,0.091845,-0.036747,-0.068175,-0.31488,0.31726,0.23721,0.24036,-0.037687,-0.1336,0.041188,-0.15936
0.35709,0.01675,-0.020123,0.22754,0.50298,0.42474,0.17182,0.23203,0.28606,0.28447,0.045487,0.036456,0.30282,0.27421,-0.026807,0.4759,-0.041633,0.16424,0.38961,0.53258,0.18777,0.21414,0.12108,0.5017,0.44882,0.08868,0.24028,-0.022471,0.077891,0.38349,0.16328,0.31384,0.47927,0.43275,0.32544,0.26956,0.17683,0.24919,0.21188,0.35685,0.12355,0.28899,0.19149,0.18928,-0.078875,1,0.43105,0.34156,0.3104,0.22996,-0.038298,0.017038,-0.10473,0.22885,0.18082,0.34103,0.47586,0.21774,0.023845,-0.026463,0.23503,0.11259,0.62906,0.49214,0.49214,0.24741,-0.024573,-0.1748,0.40878,-0.031456,0.41513,0.16973,0.032364,0.14588,0.053717,0.128,0.21346,0.39106,0.38055,0.30925,0.14096,0.33918,0.35832,0.22513,0.29217
0.56849,0.16117,-0.16463,-0.08729,0.3669,0.54472,-0.068066,0.21526,0.0046441,0.3806,0.095136,0.30203,0.063024,0.2445,0.17576,0.43509,0.24267,0.56971,0.068924,0.32007,0.12644,0.034614,0.46805,0.3839,0.34994,0.19665,0.092677,0.017732,0.25237,0.43071,0.037387,0.25216,0.19562,0.40506,0.35114,0.36199,-0.12552,-0.076379,0.043824,0.40239,0.23712,0.30319,-0.00088171,0.071157,0.19691,0.43105,1,0.28601,0.32565,0.45923,0.3323,0.48545,-0.012447,0.13312,0.032241,0.3242,0.31174,-0.055314,0.25565,-0.043017,0.5357,0.45137,0.28365,0.21839,0.21839,0.33904,-0.21584,-0.13497,0.48199,0.4398,-0.126,-0.1378,0.37569,0.18715,0.57538,0.1434,-0.059352,0.21307,0.28489,0.68121,0.19264,0.039581,0.18527,0.19176,0.35924
0.37646,0.14964,0.2019,0.26491,0.58671,0.43157,0.089519,0.4344,0.29373,0.23937,0.4246,0.43841,0.34457,0.13146,0.25944,0.55456,0.21984,0.017918,0.22086,0.42028,0.31135,0.33077,0.2446,0.3498,0.52196,0.30047,0.23459,0.089134,0.17072,0.45701,0.31691,0.4934,0.3808,0.30205,0.53063,0.44486,0.068393,0.24234,0.29308,0.59625,0.28994,0.54561,0.32834,0.39458,0.42565,0.34156,0.28601,1,0.16652,0.24592,0.26364,0.0092528,0.38646,0.48896,0.48769,0.55184,0.2885,0.328,0.42583,0.18199,0.2231,0.14364,0.32203,0.19569,0.19569,0.62923,0.058064,0.060776,0.23677,0.35978,-0.04896,0.37316,-0.046676,0.063417,-0.056334,-0.016125,0.20089,0.12852,0.43929,0.14819,0.40847,0.27442,0.41814,0.28871,0.3839
0.36291,-0.073546,0.40382,0.42431,0.64115,0.50404,0.22534,0.48977,-0.14601,0.28518,0.44965,0.46447,0.56566,0.60191,0.51748,-0.060838,0.10884,0.18719,0.641,0.59691,0.2168,0.39019,0.49885,0.52991,0.22326,0.31015,0.47068,0.53374,0.31258,0.52215,0.39556,0.66509,0.24182,0.44489,0.29455,0.5541,0.30342,0.2583,0.44643,0.29674,0.49517,0.70166,0.09378,0.44999,0.10872,0.3104,0.32565,0.16652,1,0.37104,0.18519,-0.028831,-0.067391,0.6514,0.57987,0.45367,0.48955,0.40983,0.17611,0.30234,0.6062,0.47095,0.19529,0.21582,0.21582,0.42955,0.203,0.075341,0.74635,0.63643,0.00028987,0.43409,0.049202,0.068408,0.26317,0.23461,0.49342,0.34893,0.36851,0.33117,0.42928,0.26018,0.41447,0.3894,0.34134
0.43083,0.17543,0.33196,0.16448,0.31732,0.51394,-0.35747,0.42529,-0.035297,0.25125,0.54911,0.24052,0.35175,0.35354,0.61318,0.50732,0.025897,0.26962,0.4295,0.29,0.098588,0.13112,0.69799,0.18736,0.15219,0.32029,-0.021246,0.14508,0.26211,0.54703,0.24113,0.26277,0.41867,0.33512,0.6182,0.47752,0.22953,0.027911,0.16457,0.40329,0.14815,0.49074,0.052584,0.092766,0.28034,0.22996,0.45923,0.24592,0.37104,1,0.27631,0.40337,0.027557,0.44738,0.28632,0.32515,0.068659,0.15791,0.2735,-0.026011,0.4866,0.39751,-0.039332,0.50884,0.50884,0.30496,-0.14555,0.081481,0.61259,0.37509,-0.11519,-0.046429,0.29096,0.09627,0.36301,-0.046606,0.19464,0.088038,0.43888,0.69563,0.081065,0.16622,0.14853,0.46297,0.33397
0.30686,-0.24421,0.069034,0.19647,0.17244,0.43961,-0.13056,0.40354,0.055047,0.48464,0.22936,0.076833,0.16741,0.53194,0.2028,0.20678,0.53791,0.14328,-0.016855,0.17537,0.31903,0.25665,0.13195,0.33251,0.23651,0.12347,-0.051019,0.07458,0.1915,0.18494,0.48944,0.16645,0.32419,0.34903,0.3519,0.23417,0.07992,0.12373,0.30858,0.11155,0.045067,0.45421,0.4653,-0.19092,0.062476,-0.038298,0.3323,0.26364,0.18519,0.27631,1,0.16828,0.39927,0.33619,0.31971,0.62532,0.31014,0.20241,0.51543,0.086944,0.0086932,0.13851,-0.13075,0.068711,0.068711,-0.10195,0.078129,0.048823,0.42418,0.43017,-0.35547,0.0048269,0.042531,0.11806,0.21637,0.45469,-0.055917,0.20842,-0.044249,0.10111,0.22835,0.24149,0.046625,0.075688,0.5087
0.40104,0.1964,0.079317,0.1196,0.028246,0.15189,-0.069292,0.054837,-0.05826,0.20223,0.034261,0.089609,0.12654,0.32721,0.07069,0.42426,0.18204,0.39016,-0.23858,0.049609,0.34069,-0.13804,0.29112,0.29179,0.15971,0.30461,-0.14569,0.00022959,0.44184,0.223,-0.15767,0.10735,0.35652,0.074757,0.2181,0.25614,-0.15042,0.066229,0.019943,0.13464,0.029581,0.082408,-0.22161,0.24962,0.25176,0.017038,0.48545,0.0092528,-0.028831,0.40337,0.16828,1,-0.22218,0.086373,-0.040541,0.19574,0.16545,0.1008,0.29396,0.0072185,0.20949,0.36332,-0.021347,0.16884,0.16884,0.092223,-0.04098,-0.068947,0.1925,0.21849,-0.12669,-0.098013,0.24272,-0.26313,0.47982,0.11681,-0.53871,-0.041896,0.51895,0.5161,0.13622,-0.13255,0.15583,0.34288,-0.17835
0.076722,-0.2609,0.049171,0.11341,0.083831,0.00047215,-0.035062,0.29828,0.6535,0.11528,0.20476,0.072399,-0.0077223,-0.032325,0.14199,0.063535,0.057762,0.0038248,0.17144,-0.036157,0.1024,-0.13014,0.10453,-0.0053439,0.12065,-0.34699,0.089389,0.13446,-0.039817,0.25862,0.57489,0.097345,0.27623,0.2655,0.19691,0.11556,-0.31646,-0.088051,-0.061861,-0.29182,0.011282,0.37391,0.58661,-0.15374,-0.10182,-0.10473,-0.012447,0.38646,-0.067391,0.027557,0.39927,-0.22218,1,0.17609,0.18328,0.5454,-0.069445,-0.1158,0.17303,0.11219,-0.43163,-0.02239,-0.11978,-0.15176,-0.15176,0.010977,0.21179,0.21588,-0.073501,0.21068,-0.21803,0.24547,0.12584,0.33346,0.0032468,0.27712,0.15201,0.088396,-0.14519,0.10026,-0.024423,-0.17712,0.13578,0.10519,0.41936
0.13399,0.004577,0.68875,0.5046,0.58053,0.59883,0.19967,0.4603,0.086321,0.25639,0.80006,0.36203,0.62057,0.54142,0.74438,0.31814,0.21733,0.14984,0.51734,0.37016,0.33301,0.49737,0.26455,0.55022,0.16516,0.11866,0.35915,0.37597,0.13394,0.39224,0.25263,0.7479,0.37736,0.49121,0.39671,0.57899,0.26603,0.48682,0.50842,0.35997,0.29949,0.80559,0.392,0.58602,0.24842,0.22885,0.13312,0.48896,0.6514,0.44738,0.33619,0.086373,0.17609,1,0.94683,0.58714,0.2526,0.46286,0.26561,0.4059,0.38981,0.28627,0.21484,0.12853,0.12853,0.37651,0.32756,0.075811,0.59922,0.65942,-0.029156,0.46388,0.13331,-0.15863,0.085859,0.28687,0.30852,0.38907,0.36569,0.26797,0.58869,0.34697,0.41895,0.54496,0.33385
0.033419,0.022024,0.64869,0.39529,0.48069,0.44127,0.2147,0.38853,0.10859,0.19609,0.79402,0.2401,0.45155,0.46208,0.67078,0.19912,0.25696,0.040368,0.4261,0.23583,0.29981,0.46395,0.12306,0.44748,0.090439,0.018291,0.28679,0.2403,-0.010491,0.32076,0.16715,0.63845,0.27412,0.43272,0.37431,0.45065,0.36811,0.35693,0.47103,0.29327,0.2611,0.70375,0.44804,0.56824,0.1868,0.18082,0.032241,0.48769,0.57987,0.28632,0.31971,-0.040541,0.18328,0.94683,1,0.4867,0.14014,0.31523,0.12265,0.33395,0.34651,0.12732,0.29924,0.11566,0.11566,0.42565,0.19416,0.082488,0.54251,0.6345,0.039248,0.40146,0.11369,-0.10402,-0.019008,0.2612,0.38944,0.36471,0.20435,0.10989,0.5044,0.35986,0.33648,0.44153,0.25623
0.40849,-0.071709,0.39321,0.59426,0.68012,0.47075,0.2162,0.62654,0.42947,0.65016,0.38488,0.3302,0.57817,0.69442,0.36634,0.32745,0.30644,0.14331,0.43787,0.56057,0.50479,0.29115,0.44206,0.61919,0.57792,0.27144,0.33926,0.34367,0.38628,0.6289,0.7322,0.66216,0.64597,0.56463,0.54274,0.54598,-0.052418,0.41688,0.44839,0.27223,0.19226,0.82858,0.44803,0.29135,0.051767,0.34103,0.3242,0.55184,0.45367,0.32515,0.62532,0.19574,0.5454,0.58714,0.4867,1,0.53213,0.50511,0.60266,0.35626,0.085514,0.40903,0.14513,0.18318,0.18318,0.19198,0.46722,0.027041,0.51624,0.53142,-0.10675,0.47148,-0.10626,0.10778,0.12051,0.54259,0.18987,0.2688,0.35279,0.26019,0.53279,0.22064,0.56771,0.524,0.60353
0.55846,-0.20044,0.059156,0.50731,0.55212,0.44612,0.36918,0.4575,-0.03912,0.56189,-0.014381,0.38703,0.58066,0.65982,-0.029857,0.25778,0.35567,0.065858,0.17671,0.62261,0.50409,0.35784,0.21532,0.61757,0.3392,0.52056,0.55169,0.26214,0.38945,0.4545,0.49889,0.43387,0.50769,0.43425,0.27676,0.39978,-0.090853,0.38005,0.44476,0.30453,0.14696,0.47121,0.089205,0.26507,0.18853,0.47586,0.31174,0.2885,0.48955,0.068659,0.31014,0.16545,-0.069445,0.2526,0.14014,0.53213,1,0.66678,0.43245,0.39166,0.20347,0.39272,0.19004,0.11946,0.11946,0.21903,0.31535,-0.086643,0.40994,0.15309,0.12236,0.46784,-0.27288,0.067537,0.08353,0.37642,0.012855,0.22435,0.56731,0.10972,0.46652,0.36118,0.43884,0.24655,0.25442
