1,0.45014,0.1547,0.73736,0.54292,0.79437,0.043262,0.34298,0.64319,0.31664,0.6148,0.19266,0.34656,0.35848,0.67872,0.46867,0.38842,-0.06976,0.02951,0.4722,0.14885,0.092697,0.37417,0.919,0.63874,0.27612,0.53786,0.28991,0.81538,0.7884,NaN,-0.016972,0.22919,0.5158,0.43334,0.43399,-0.19843,0.30568,0.56077,0.33031,0.29974,0.32171,0.33041,0.34309,0.44383,0.41083,-0.17971,-0.032877,0.64193,0.49892,0.58242,0.3059,0.3745,0.27313,0.19015,-0.14633,0.41305,-0.032279,0.61798,0.20673,0.54883,0.025983,0.50444,0.25576,0.54277,0.92942,0.29274,0.28261,0.20863,0.35497,0.3791,0.57137,0.53504,0.41877,0.46117,0.27008,0.58001,0.49904,0.28544,0.13645,0.088503,0.025319,0.53692,0.27332,0.31398,0.06873,0.34745,0.66877,0.34051,0.16883,0.10051,0.32416,0.349,0.15344,0.020816,0.29032,0.23478,0.30817,0.59844,0.46119,0.20534,0.0086271,0.23429,-0.10018,0.053248,-0.035047,0.38665,0.61993,0.40968,0.36947,0.33746,0.20814,0.073663,0.2385,0.29576,0.42466,0.47534,0.5199,0.29645,0.28421,0.044448,0.29053,0.68753,0.48599,0.33212,0.20882,0.37195,0.35313,0.10803,0.60452,0.77617,0.18578,0.47035,0.17357,0.30699,0.46747,0.87894,0.1526,0.084334,0.2466,0.30208,0.90084,0.49043,0.36299,0.1313,0.62575,-0.015438,0.43911,0.45447,0.19964,-0.13106,0.18362,0.47707,0.31742,0.26101,0.32435,0.14479,0.41727,0.54114,0.20236,0.63851,0.33923,0.63654,0.095777,0.25853,0.42795,0.43419,0.080053,0.53048,0.78613,0.54811,0.48586,0.17254,0.25621,0.37386,0.29091,0.38836,0.34378,0.80184,0.30817,0.22864,0.7828,-0.0060845,-0.10165,0.21931,0.087522,0.44599,0.22068,0.3957,0.56529,0.80539,0.47372,0.6313,0.67826,0.47075,0.040633,0.14315,0.51833,0.20347,0.35656
0.45014,1,-0.04159,0.41812,0.010746,0.33157,0.074626,0.52317,0.24677,0.60873,0.51414,0.40171,0.60892,0.77396,0.40073,0.64087,0.63097,0.54614,0.36881,0.34618,0.52373,0.44572,0.3293,0.28051,0.41211,0.77253,0.52087,0.56066,0.42123,0.47569,NaN,0.47598,-0.024818,0.41174,0.52434,0.58532,-0.0050972,0.13519,0.19465,0.66913,0.74258,0.21395,0.76084,0.65396,0.44895,0.67046,0.097108,0.34911,0.28723,0.57763,0.8337,0.26936,0.17393,0.44838,0.41409,0.48639,0.1827,0.001902,0.75992,0.62994,0.5489,-0.28401,0.41564,0.52645,0.43267,0.41057,0.64969,0.56496,0.31077,0.44408,0.69283,0.3101,0.61016,0.70881,0.4749,0.18842,0.21926,0.48252,0.49864,0.3313,0.67738,0.56781,0.23781,0.32539,0.56375,0.28618,0.65738,0.40835,0.79573,0.51206,0.36944,0.75187,0.58856,0.73677,0.47894,0.27547,0.058467,0.25911,0.14605,0.58784,0.39979,0.57132,0.67403,0.015934,0.46089,0.48943,0.46979,0.6514,0.53821,0.28584,0.54842,0.63673,0.0066897,0.75076,0.3757,0.49116,0.33861,0.65973,0.36846,0.63033,0.39616,0.37743,0.46142,0.56479,0.58758,0.22186,0.45709,0.47402,-0.27818,0.54523,0.6162,0.73405,0.13204,0.61807,0.72684,0.40317,0.45582,0.43884,0.74415,0.45745,0.29477,0.29734,0.57965,0.25414,0.65503,0.40849,-0.2908,0.51784,0.70015,0.63211,0.41531,0.2708,0.50525,0.35813,0.31519,0.69511,0.48079,0.38049,0.56708,0.67782,0.39679,0.66125,0.54178,0.6488,0.74217,0.54712,0.50312,0.24132,0.33478,0.31201,0.56092,0.51972,0.49942,0.52276,0.45092,0.62081,0.53696,0.59654,0.32074,0.35012,0.25994,0.41868,0.53341,-0.16068,0.58469,0.4059,0.81263,0.41134,0.44195,0.64313,0.07836,0.68036,0.41813,0.39656,0.48683,0.32261,0.63482,0.55349,0.61099,0.64343
0.1547,-0.04159,1,0.45011,0.77879,0.26842,-0.065019,0.11767,0.56211,0.38955,0.38669,0.14563,0.053434,0.14089,0.30762,0.039175,0.28152,0.13512,0.27844,0.42733,0.28947,0.24599,0.27534,0.23713,0.34569,0.3807,0.38392,0.38228,0.40755,0.2395,NaN,0.23528,0.17493,0.28939,0.36211,0.2702,-0.14036,0.57257,0.32628,-0.3971,-0.044293,0.23706,0.21624,0.081971,0.48306,0.22759,-0.038177,0.12286,0.54894,0.19247,0.13399,0.055497,0.2203,0.2721,0.40955,0.07467,0.2456,-0.081457,0.32693,0.15074,0.23986,-0.33276,0.33464,0.4871,0.50762,0.3091,0.035725,0.21524,0.16605,0.53072,-0.014219,0.21122,0.18228,0.29847,0.30358,0.019747,0.2643,-0.033799,0.25682,0.39859,0.15776,0.16534,0.51329,0.27336,0.33832,0.097888,0.19625,0.3309,0.23668,-0.11875,0.32987,0.052471,0.62981,-0.043269,0.27296,0.20201,-0.11526,-0.11422,0.26179,0.4624,0.13602,-0.034034,0.32458,-0.12721,0.048528,-0.0065281,0.44727,0.35003,0.11164,0.21679,0.28764,0.1565,-0.056652,-0.039556,0.072946,0.2287,0.14343,0.29762,0.19511,-0.010367,0.27471,0.23677,0.31935,0.43175,0.11483,0.15053,0.43635,0.2557,0.074901,0.43867,0.22949,0.19001,0.3911,0.18254,0.19695,0.35869,0.19233,0.16536,0.15491,0.29906,0.39016,0.17518,0.2706,0.39193,0.33206,0.33231,-0.27028,0.15111,0.30408,0.26314,0.11516,0.16515,0.34578,0.37104,0.23288,0.1664,0.32838,0.36519,0.048748,0.000897,0.54331,0.14691,0.56548,0.18893,0.030677,0.037148,0.43693,0.33808,0.66909,0.34088,0.49478,0.4052,0.16398,0.2269,0.11738,0.32583,-0.081785,0.36633,0.30891,0.50729,0.56039,0.20558,0.13711,0.10637,0.086086,0.17542,0.19716,0.41024,0.1157,0.33197,0.4269,0.16482,0.37147,0.41815,0.32682,0.17462,-0.020869,0.39995,0.18218,-0.10269
0.73736,0.41812,0.45011,1,0.57034,0.87047,0.069822,0.6107,0.72807,0.67336,0.84845,0.56034,0.51375,0.60572,0.74014,0.48929,0.61375,0.25961,0.23446,0.75549,0.40892,0.30983,0.64943,0.78017,0.83378,0.61321,0.70982,0.56291,0.82705,0.78038,NaN,0.23388,0.52081,0.55261,0.67275,0.48096,-0.55581,0.52712,0.46255,0.3846,0.50363,0.56019,0.52922,0.54879,0.73859,0.67702,0.093273,0.15238,0.7763,0.67409,0.6646,0.34437,0.46576,0.44457,0.37971,-0.11481,0.34681,0.0056296,0.78747,0.47595,0.72922,-0.37592,0.72802,0.59034,0.80172,0.76949,0.46389,0.5209,0.41369,0.72309,0.43459,0.60806,0.57968,0.73818,0.69784,0.30593,0.76471,0.65936,0.61874,0.38885,0.43242,0.34817,0.62942,0.55477,0.59131,0.28544,0.55755,0.8023,0.50256,0.27384,0.35024,0.56168,0.48588,0.33354,0.36873,0.26561,0.0074933,0.45636,0.66027,0.75367,0.45578,0.32346,0.59223,-0.05119,0.17312,0.048373,0.7436,0.84076,0.57053,0.45019,0.67607,0.55732,0.24799,0.48126,0.27743,0.61855,0.40055,0.67688,0.45658,0.39992,0.29461,0.56225,0.68397,0.67519,0.42322,0.47354,0.67852,0.55199,0.014096,0.84529,0.74964,0.44353,0.60548,0.46174,0.43638,0.58918,0.73389,0.37789,0.38793,0.64808,0.56558,0.64634,0.65381,0.5443,0.41502,0.55667,-0.42917,0.62113,0.68897,0.48477,0.30925,0.29687,0.70837,0.60436,0.55598,0.61721,0.44164,0.61812,0.72393,0.43037,0.81226,0.49965,0.86249,0.40431,0.57637,0.60325,0.75387,0.30822,0.7782,0.8549,0.69098,0.70962,0.42424,0.43592,0.29906,0.56129,0.54499,0.59645,0.70668,0.53552,0.52761,0.76246,0.30114,0.088898,0.46036,0.35794,0.51075,0.56118,0.50135,0.74255,0.71767,0.68353,0.73917,0.69967,0.67443,0.39939,0.072822,0.78506,0.48814,0.56188
0.54292,0.010746,0.77879,0.57034,1,0.51117,-0.062118,0.18044,0.67667,0.31523,0.45864,0.086619,0.19422,0.12712,0.5564,0.080854,0.32077,-0.065834,-0.052497,0.48752,0.15734,0.15894,0.39075,0.53123,0.47231,0.27359,0.37959,0.38163,0.6334,0.45518,NaN,0.03405,0.28262,0.28987,0.38925,0.27731,-0.24703,0.50962,0.59165,-0.1853,0.00041767,0.13619,0.15318,0.068741,0.48933,0.24292,-0.30279,-0.036702,0.62606,0.27592,0.23355,0.22618,0.32154,0.17762,0.19309,-0.052237,0.26924,-0.073747,0.37184,-0.12131,0.44256,-0.073581,0.47512,0.45865,0.55178,0.60254,0.23575,0.11316,0.11564,0.46339,0.16974,0.31495,0.32747,0.24096,0.38913,0.13864,0.32263,0.13172,0.20394,0.28044,0.04211,-0.054816,0.68643,0.10777,0.26169,0.14111,0.24345,0.55295,0.24841,0.016311,0.22182,0.011445,0.54439,-0.050167,0.19,0.38761,0.18413,-0.10342,0.38822,0.39575,0.10638,-0.20809,0.27138,-0.15749,0.06265,-0.085086,0.38721,0.39172,0.31573,0.50351,0.31892,0.067079,-0.012537,-0.093685,0.23013,0.31431,0.32803,0.25131,0.18824,0.037895,0.20754,0.24611,0.5011,0.54986,0.19276,0.16985,0.42525,0.35058,0.031684,0.5027,0.49448,0.14085,0.48747,0.10714,0.19193,0.48832,0.5942,0.062736,0.022306,0.20597,0.28872,0.45186,0.41076,0.29154,0.17087,0.62238,-0.15575,0.29828,0.36146,0.25445,-0.14276,-0.085357,0.36954,0.44506,0.31832,0.12111,0.20188,0.41817,0.27114,0.037074,0.61789,0.17657,0.64505,0.095977,-0.011588,0.18748,0.41397,0.37099,0.7281,0.66927,0.5379,0.45732,0.13567,0.10051,0.26116,0.22164,-0.095196,0.32868,0.65368,0.59851,0.37136,0.51983,-0.036664,0.0678,0.13577,0.13266,0.22724,0.30464,0.24246,0.31911,0.74136,0.3301,0.47539,0.53544,0.47619,0.15588,0.0332,0.52266,0.20143,-0.13239
0.79437,0.33157,0.26842,0.87047,0.51117,1,0.084094,0.5139,0.72393,0.5254,0.72744,0.43253,0.41765,0.42555,0.73801,0.3768,0.55917,0.13119,0.047731,0.60604,0.28973,0.17235,0.60972,0.81943,0.80719,0.37869,0.58841,0.45063,0.72608,0.75037,NaN,0.10721,0.37026,0.57908,0.58455,0.39198,-0.4362,0.35409,0.41825,0.33157,0.33022,0.43315,0.37383,0.43381,0.59844,0.52607,0.032149,0.11504,0.67298,0.42388,0.57147,0.37466,0.48024,0.26818,0.3654,-0.14152,0.53165,-0.033522,0.65998,0.36558,0.67443,-0.32208,0.71436,0.46271,0.56794,0.80568,0.44246,0.43709,0.39039,0.60252,0.36832,0.59202,0.54007,0.58201,0.60773,0.2079,0.59476,0.6216,0.381,0.12243,0.22824,0.26142,0.58473,0.39695,0.4549,0.17733,0.48969,0.69636,0.35371,0.17948,0.22108,0.43905,0.23752,0.18822,0.31003,0.18563,0.10892,0.51537,0.5332,0.61138,0.36968,0.22085,0.41701,-0.12652,0.23004,0.094497,0.61464,0.69361,0.47856,0.32816,0.58113,0.34798,0.19005,0.32912,0.44734,0.4468,0.53631,0.55112,0.46718,0.25451,0.1277,0.48867,0.6592,0.62137,0.38488,0.34111,0.46708,0.44817,0.11432,0.71998,0.71115,0.29378,0.58403,0.29983,0.28463,0.43607,0.68378,0.30556,0.1143,0.55532,0.50909,0.74488,0.47679,0.48844,0.21371,0.48256,-0.31833,0.51307,0.57059,0.30701,0.21804,0.18013,0.57076,0.48074,0.49314,0.50726,0.3765,0.49889,0.61089,0.31233,0.74428,0.42667,0.74791,0.28015,0.3601,0.56946,0.67277,0.1871,0.57245,0.85529,0.55514,0.52909,0.25566,0.1541,0.51332,0.4553,0.5633,0.46717,0.80411,0.35169,0.31936,0.73455,0.1959,0.14636,0.326,0.071825,0.40608,0.34969,0.39774,0.64401,0.75953,0.52794,0.74873,0.68876,0.72409,0.27824,0.033588,0.63081,0.35834,0.46385
0.043262,0.074626,-0.065019,0.069822,-0.062118,0.084094,1,0.0081042,-0.021806,0.459,-0.095571,-0.21491,-0.043321,0.12821,0.02034,0.17246,0.06908,-0.049757,-0.25104,0.027567,0.065943,-0.32572,-0.066068,-0.050742,0.020426,0.021162,-0.047893,0.033295,-0.16194,0.023955,NaN,-0.16942,0.20618,0.12701,-0.01606,0.031284,0.013744,0.01284,-0.087153,-0.050919,-0.045744,-0.034244,0.27501,-0.052101,0.19164,-0.049032,-0.11936,-0.22134,0.079944,-0.25168,0.24665,0.15864,0.15765,0.13568,0.052082,-0.11853,-0.083439,0.49873,-0.013301,-0.1313,-0.21613,-0.079463,-0.1326,-0.16267,0.11347,0.007313,0.18687,-0.30462,0.41224,0.013504,0.20132,0.13581,0.32236,0.019102,0.45431,-0.027954,-0.15961,-0.057185,0.1568,-0.27861,0.1381,0.083745,0.20156,0.065104,-0.09714,-0.55888,-0.21266,0.20293,-0.029792,-0.0088183,0.057606,-0.00521,-0.029041,-0.10662,-0.023714,0.069137,0.0094548,-0.0058137,-0.28039,0.0052582,-0.22499,0.016414,-0.23636,0.1749,0.17383,0.041229,0.14444,-0.12741,-0.017529,-0.09878,0.21206,0.058873,0.6477,-0.057044,-0.11853,-0.20999,0.15295,-0.17104,0.20855,0.18441,-0.2768,0.087665,-0.067552,-0.0086936,-0.25221,-0.28651,0.114,0.053831,0.0058077,-0.085401,-0.063356,-0.0067465,0.28778,-0.18812,0.36461,-0.16209,-0.083681,0.038446,-0.035463,-0.04462,0.43309,-0.063644,-0.23399,0.023928,0.024446,-0.47222,0.042487,-0.034634,0.15709,-0.27179,0.088651,-0.25555,0.21749,-0.053211,0.031798,-0.12177,0.37375,0.16729,0.061933,0.12318,0.052851,-0.21696,-0.068948,-0.1775,0.059828,0.0040743,0.059247,-8.2174e-05,0.030546,0.025786,-0.060692,-0.14702,0.24391,0.12771,0.12954,0.19288,-0.069436,0.3514,0.10147,-0.13676,-0.1536,0.0032953,-0.1287,0.76405,-0.05354,-0.10266,0.071157,0.14664,0.095579,0.13026,0.11695,-0.098376,0.01004,0.037997,-0.12407,0.10683,0.043351,-0.11347,-0.066298,-0.015747
0.34298,0.52317,0.11767,0.6107,0.18044,0.5139,0.0081042,1,0.55318,0.60978,0.58571,0.63666,0.37653,0.61716,0.41634,0.42519,0.49714,0.49729,0.089003,0.54869,0.39999,0.504,0.35964,0.34904,0.50925,0.65064,0.62174,0.49873,0.59159,0.62566,NaN,0.39732,0.17845,0.344,0.46346,0.3865,-0.44354,0.33942,0.13588,0.52993,0.76586,0.38123,0.45355,0.55407,0.42099,0.74903,-0.19682,-0.11341,0.45921,0.60505,0.66322,0.13858,0.0047421,0.38444,0.16275,0.22206,-0.052592,0.34107,0.66493,0.52051,0.6074,-0.37092,0.51149,0.59404,0.5462,0.39976,0.54684,0.40802,-0.0045728,0.47482,0.43366,0.32856,0.43807,0.66061,0.45379,0.25008,0.30798,0.55216,0.6372,0.078624,0.46296,0.40028,0.42302,0.49195,0.3012,0.46371,0.69176,0.45008,0.50567,0.33598,0.12525,0.56398,0.33122,0.61518,0.65026,-0.09561,-0.12238,0.19396,0.27771,0.49673,0.58487,0.42955,0.66435,0.22141,0.38729,0.32382,0.5639,0.6135,0.4881,0.19422,0.58443,0.67377,0.22688,0.63521,0.3748,0.63751,0.14546,0.34728,0.39538,0.29714,0.55606,0.15309,0.43469,0.57351,0.57013,0.22968,0.39425,0.47387,-0.19259,0.56814,0.58349,0.48221,0.35217,0.60174,0.36311,0.23766,0.39992,0.3444,0.60014,0.59973,0.32588,0.24935,0.66899,0.49645,0.44863,0.39472,-0.55104,0.39592,0.53024,0.56124,0.38046,0.12191,0.65204,0.55609,0.55422,0.79616,0.45466,0.12653,0.44573,0.70123,0.44638,0.43038,0.58216,0.4621,0.60545,0.57495,0.72805,0.23495,0.49087,0.46744,0.39766,0.40185,0.42698,0.52853,0.4871,0.43448,0.44508,0.55455,0.46688,0.58759,0.080223,0.5151,0.52155,-0.16185,0.40939,0.43021,0.39255,0.17268,0.44008,0.44122,0.30209,0.65542,0.5456,0.38457,0.66807,0.47609,0.37399,0.71689,0.75046,0.52044
0.64319,0.24677,0.56211,0.72807,0.67667,0.72393,-0.021806,0.55318,1,0.4769,0.47032,0.25786,0.1797,0.32825,0.51981,0.37789,0.32753,-0.059604,0.032269,0.51229,0.093391,0.08306,0.21643,0.6698,0.54985,0.34881,0.60714,0.22067,0.68911,0.57098,NaN,-0.053311,0.050228,0.40884,0.31745,0.40628,-0.24174,0.38976,0.31422,0.021084,0.2055,0.33087,0.38932,0.19886,0.37734,0.34899,-0.35917,-0.23822,0.55183,0.42282,0.49902,0.1381,0.41708,0.20743,0.28577,-0.13149,0.33047,0.27525,0.45928,0.28479,0.4275,-0.11207,0.41073,0.40094,0.4456,0.74628,0.22299,0.18236,0.10513,0.39094,0.1562,0.52466,0.49608,0.43345,0.36138,0.216,0.37413,0.22508,0.30969,0.1762,0.078183,0.11666,0.5239,0.40413,0.21558,0.21663,0.48652,0.48273,0.27903,-0.081691,-0.037987,0.1423,0.44874,0.070053,0.27651,-0.13628,0.085741,0.17142,0.34046,0.50101,0.26249,-0.04776,0.39853,0.17306,0.19456,-0.040614,0.39944,0.51074,0.26306,0.28425,0.39124,0.27128,0.25517,0.12819,0.46152,0.30447,0.44763,0.31591,0.19503,0.038792,0.28739,0.20195,0.4918,0.52291,0.32431,0.16804,0.24926,0.33552,0.077025,0.50288,0.51913,0.19307,0.59803,0.43967,0.22687,0.32642,0.50099,-0.037508,0.13207,0.35272,0.36387,0.5994,0.4381,0.50617,0.072698,0.5113,-0.10296,0.2184,0.51096,0.30952,0.05282,0.0099666,0.51592,0.31246,0.26227,0.38515,0.24715,0.14929,0.30113,0.12927,0.54796,0.15533,0.66439,0.17249,0.1501,0.33664,0.61056,0.16928,0.5572,0.58258,0.41673,0.57697,0.058428,0.15556,0.37369,0.37298,0.11199,0.28589,0.74533,0.36561,0.27657,0.47394,0.0047719,-0.066283,0.10244,0.2618,0.34189,0.084162,0.20722,0.43827,0.688,0.38201,0.71562,0.44678,0.63226,0.081259,-0.049296,0.64119,0.34351,0.11189
0.31664,0.60873,0.38955,0.67336,0.31523,0.5254,0.459,0.60978,0.4769,1,0.62016,0.54295,0.5041,0.72572,0.48322,0.46624,0.63709,0.56819,0.16766,0.63427,0.58184,0.38503,0.39155,0.25334,0.59597,0.76944,0.68366,0.62617,0.41644,0.50636,NaN,0.40426,0.32863,0.48004,0.61078,0.46009,-0.40945,0.38395,0.094072,0.40273,0.56622,0.33737,0.74403,0.56251,0.75681,0.67023,0.06691,0.18002,0.47625,0.44002,0.82188,0.278,0.34016,0.44573,0.42044,0.16437,0.14806,0.27732,0.68686,0.47117,0.50314,-0.56732,0.4699,0.68976,0.61499,0.39578,0.72158,0.45725,0.45296,0.68985,0.59929,0.45133,0.69645,0.76386,0.76823,0.14047,0.28872,0.5042,0.59348,0.28252,0.67233,0.6238,0.52373,0.53487,0.6043,0.16172,0.58302,0.56489,0.68482,0.2401,0.4422,0.63192,0.54133,0.52591,0.50798,0.22608,-0.087497,0.26881,0.1744,0.71706,0.44813,0.44063,0.60196,0.074391,0.52464,0.38457,0.73238,0.66166,0.56729,0.27469,0.78134,0.71226,0.43663,0.53656,0.28411,0.50476,0.39741,0.4954,0.51937,0.53704,0.35715,0.51076,0.52993,0.65025,0.33815,0.27325,0.69049,0.57752,-0.14908,0.65234,0.52075,0.68866,0.4118,0.54665,0.69992,0.36724,0.31027,0.50333,0.62336,0.67967,0.67722,0.17566,0.50803,0.39858,0.59217,0.14671,-0.56927,0.51165,0.81742,0.52833,0.60688,0.076093,0.75141,0.62276,0.63978,0.66006,0.77266,0.50254,0.59329,0.5933,0.66579,0.43257,0.66378,0.59725,0.71502,0.54721,0.65881,0.42866,0.58246,0.46119,0.64974,0.59137,0.55823,0.54676,0.34819,0.84518,0.40641,0.79854,0.38904,0.53189,0.44295,0.42157,0.53006,0.40093,0.54981,0.4029,0.59993,0.60555,0.44995,0.70674,0.28603,0.59101,0.51366,0.4125,0.56479,0.42237,0.32918,0.60887,0.6305,0.5478
0.6148,0.51414,0.38669,0.84845,0.45864,0.72744,-0.095571,0.58571,0.47032,0.62016,1,0.5825,0.61686,0.60472,0.64992,0.43613,0.6425,0.56813,0.34756,0.72954,0.54449,0.61177,0.67679,0.57267,0.83981,0.74634,0.73517,0.69385,0.73885,0.79442,NaN,0.60635,0.57739,0.66712,0.86233,0.4802,-0.44596,0.43345,0.42371,0.55306,0.59907,0.52666,0.4725,0.78687,0.86631,0.85718,0.3041,0.40354,0.68485,0.67328,0.5895,0.40567,0.22114,0.45039,0.30436,0.091757,0.20764,-0.30027,0.85939,0.52632,0.82181,-0.55924,0.80748,0.68824,0.79088,0.56928,0.56177,0.72177,0.32228,0.8693,0.58929,0.64356,0.37817,0.82461,0.74829,0.060644,0.69446,0.82532,0.54099,0.41014,0.6092,0.51247,0.59118,0.43995,0.703,0.49658,0.68041,0.73743,0.67007,0.42166,0.51967,0.68994,0.46287,0.51034,0.47464,0.48375,-0.072222,0.42206,0.69706,0.83581,0.70969,0.5091,0.63977,-0.27337,0.30119,0.22135,0.90008,0.94903,0.66441,0.3406,0.75454,0.63676,-0.083849,0.64372,0.3009,0.83336,0.31667,0.81431,0.50759,0.41921,0.48469,0.52511,0.72479,0.68715,0.64388,0.49167,0.8394,0.50826,-0.18285,0.94866,0.78071,0.61987,0.4564,0.51932,0.51269,0.64688,0.69566,0.6726,0.51911,0.78133,0.46436,0.49502,0.75602,0.57075,0.6182,0.63953,-0.62163,0.76123,0.6683,0.60497,0.38044,0.52646,0.73528,0.77291,0.72515,0.74248,0.56944,0.67193,0.74916,0.58009,0.88204,0.67963,0.84763,0.60534,0.692,0.72668,0.66478,0.47142,0.70052,0.78745,0.78704,0.60784,0.47958,0.54059,0.31977,0.56255,0.69226,0.65922,0.55147,0.72012,0.56363,0.72868,0.60954,-0.037457,0.5657,0.33372,0.5673,0.65136,0.54354,0.69023,0.52234,0.7825,0.66089,0.72417,0.6833,0.54148,0.35039,0.75409,0.60091,0.75244
0.19266,0.40171,0.14563,0.56034,0.086619,0.43253,-0.21491,0.63666,0.25786,0.54295,0.5825,1,0.43252,0.61913,0.35114,0.27328,0.55328,0.59392,0.23746,0.72127,0.45015,0.55578,0.47937,0.33145,0.48732,0.56332,0.52159,0.48323,0.4457,0.54331,NaN,0.50621,0.15965,0.42325,0.51406,0.34011,-0.49909,0.50189,0.19265,0.53576,0.66018,0.38455,0.31163,0.58464,0.46633,0.6144,0.2201,0.32127,0.46499,0.64717,0.63196,0.29249,0.19579,0.32275,0.33474,0.18017,0.062283,0.0039844,0.62706,0.52381,0.58447,-0.44164,0.5236,0.67415,0.51856,0.35748,0.56605,0.61952,0.073988,0.52125,0.31982,0.31246,0.44339,0.68027,0.39771,0.27971,0.47693,0.56109,0.39511,0.36627,0.50545,0.49606,0.37138,0.62686,0.60579,0.45218,0.64942,0.31344,0.65782,0.32742,0.32801,0.69986,0.31803,0.6224,0.49063,-0.051686,-0.30876,0.37013,0.32923,0.55238,0.56188,0.47169,0.59879,-0.01413,0.21246,0.27541,0.53427,0.67094,0.54204,0.2393,0.48258,0.79336,0.17023,0.58443,0.22456,0.60905,0.20713,0.48566,0.38982,0.49969,0.41012,0.36227,0.47959,0.46295,0.31557,0.49588,0.54642,0.53047,0.063184,0.57345,0.56222,0.6035,0.10472,0.52422,0.24202,0.17133,0.31037,0.46117,0.61367,0.67501,0.3019,0.17201,0.59191,0.38648,0.54202,0.23872,-0.5864,0.51479,0.48852,0.64727,0.64681,0.16477,0.53902,0.63645,0.64043,0.7584,0.42002,0.3582,0.47425,0.61704,0.45794,0.51882,0.59706,0.65329,0.68256,0.52478,0.59258,0.24938,0.52225,0.37867,0.51566,0.49769,0.42732,0.45445,0.10506,0.59083,0.64881,0.43471,0.18264,0.51809,0.55978,0.42922,0.62961,-0.056881,0.58109,0.43376,0.40185,0.39327,0.50962,0.6629,0.1082,0.61709,0.33799,0.26896,0.54313,0.31308,0.010491,0.57548,0.65023,0.61243
0.34656,0.60892,0.053434,0.51375,0.19422,0.41765,-0.043321,0.37653,0.1797,0.5041,0.61686,0.43252,1,0.62931,0.53988,0.41884,0.60008,0.43834,0.24944,0.52182,0.59695,0.45225,0.62823,0.26804,0.70512,0.70324,0.33309,0.51709,0.36424,0.31138,NaN,0.36275,0.49304,0.4145,0.48217,0.60182,-0.49392,0.06725,0.18444,0.62511,0.53015,0.42518,0.54783,0.64459,0.51348,0.7361,0.35442,0.60519,0.34087,0.58405,0.55767,0.64845,-0.0051206,0.29067,0.20774,0.15394,0.17099,-0.32886,0.67218,0.38635,0.70523,-0.4773,0.65462,0.62031,0.51752,0.33723,0.70709,0.61451,0.22905,0.57801,0.81668,0.4468,0.43294,0.78618,0.61006,0.21861,0.48785,0.65931,0.34673,0.47716,0.60478,0.56278,0.22039,0.10009,0.6239,0.37428,0.65003,0.59536,0.63662,0.63626,0.46957,0.74055,0.34234,0.74006,0.45988,0.57049,0.30397,0.18523,0.33133,0.58516,0.47442,0.6539,0.53793,-0.050757,0.35538,0.33523,0.54447,0.66867,0.63667,0.55903,0.61554,0.5177,-0.1324,0.69285,0.43339,0.4795,0.5315,0.63773,0.020253,0.52286,0.44564,0.7223,0.54316,0.55845,0.52002,0.68832,0.54727,0.39438,-0.3012,0.59561,0.46648,0.69918,0.1961,0.63635,0.54466,0.59091,0.52306,0.3982,0.67053,0.66033,0.28212,0.24318,0.6726,0.24906,0.53127,0.53506,-0.62016,0.66718,0.48047,0.72406,0.38603,0.25084,0.44603,0.60534,0.59304,0.52506,0.40925,0.52449,0.83998,0.70973,0.53064,0.68135,0.59616,0.63539,0.74429,0.77216,0.4833,0.4168,0.38543,0.51357,0.67353,0.59893,0.54108,0.38542,0.13137,0.42549,0.57314,0.57325,0.35778,0.44681,0.52061,0.37869,0.47206,0.039576,0.64339,0.50671,0.63005,0.60812,0.48412,0.57243,0.14283,0.80029,0.32785,0.36741,0.68086,0.57127,0.33446,0.59945,0.73327,0.57672
0.35848,0.77396,0.14089,0.60572,0.12712,0.42555,0.12821,0.61716,0.32825,0.72572,0.60472,0.61913,0.62931,1,0.57715,0.56956,0.65504,0.57598,0.36611,0.50802,0.71185,0.52897,0.45354,0.32853,0.52659,0.81903,0.59524,0.64037,0.52837,0.51062,NaN,0.47824,0.22808,0.53375,0.57043,0.64248,-0.39301,0.45495,0.22564,0.67539,0.801,0.38812,0.78773,0.5947,0.60793,0.71432,0.2669,0.33068,0.43626,0.54891,0.80448,0.38523,0.29615,0.49455,0.31529,0.12389,0.075948,-0.007129,0.77573,0.68385,0.61814,-0.34572,0.50669,0.56246,0.61236,0.43287,0.71214,0.60298,0.45714,0.61531,0.64278,0.50184,0.62125,0.79454,0.66182,0.20716,0.4614,0.58845,0.51785,0.4475,0.83054,0.79025,0.25957,0.61731,0.64256,0.3638,0.69772,0.48467,0.77375,0.4849,0.5471,0.83385,0.50102,0.67614,0.65994,0.1868,-0.035182,0.24155,0.33591,0.61071,0.53904,0.65121,0.70819,0.16542,0.31741,0.56795,0.64133,0.67017,0.63912,0.54135,0.58381,0.8306,0.29047,0.82099,0.48249,0.6464,0.27807,0.71436,0.44464,0.79066,0.56289,0.60919,0.49166,0.50056,0.61584,0.45731,0.54815,0.66248,-0.31066,0.66635,0.63901,0.76431,0.1455,0.58012,0.79672,0.55462,0.42146,0.51336,0.76869,0.68031,0.28572,0.2073,0.7162,0.22851,0.81798,0.42991,-0.44911,0.6522,0.65931,0.72563,0.61328,0.27502,0.62029,0.44789,0.46837,0.72042,0.41935,0.47889,0.64192,0.7076,0.52757,0.78521,0.7452,0.72865,0.91156,0.63686,0.69146,0.22164,0.57393,0.41837,0.65929,0.46659,0.74958,0.67905,0.34273,0.71392,0.5358,0.68509,0.28753,0.45237,0.37013,0.54551,0.58883,0.1267,0.66574,0.57363,0.75479,0.44961,0.67653,0.72227,0.16146,0.77549,0.40404,0.42002,0.56918,0.3762,0.45258,0.76128,0.68754,0.60536
0.67872,0.40073,0.30762,0.74014,0.5564,0.73801,0.02034,0.41634,0.51981,0.48322,0.64992,0.35114,0.53988,0.57715,1,0.253,0.57758,0.2503,0.047131,0.35267,0.587,0.37471,0.59603,0.63685,0.70006,0.4321,0.61751,0.46747,0.76855,0.58991,NaN,0.22971,0.5032,0.37853,0.53133,0.43644,-0.55101,0.34027,0.29495,0.29239,0.38242,0.27144,0.34282,0.22429,0.64766,0.49797,0.16235,0.20995,0.50835,0.46274,0.55637,0.26614,0.38655,0.47325,0.1501,-0.22585,0.35774,-0.16241,0.64954,0.25328,0.67772,-0.085477,0.66584,0.54044,0.57393,0.74821,0.54348,0.5674,0.2876,0.63336,0.43911,0.38435,0.6848,0.50289,0.55465,0.16043,0.54696,0.65318,0.37722,0.25785,0.27372,0.37665,0.40612,0.3418,0.51263,0.17052,0.54774,0.61527,0.3737,0.15163,0.38871,0.47357,0.32621,0.30638,0.40556,0.37407,0.49139,0.070598,0.65764,0.52378,0.30096,0.23332,0.3975,-0.085153,0.26336,0.36433,0.53247,0.58656,0.6424,0.66529,0.38724,0.2926,0.043608,0.44595,0.38236,0.44471,0.38405,0.54909,0.31628,0.37256,0.30164,0.68957,0.53295,0.68749,0.35947,0.52985,0.40466,0.45935,-0.056255,0.66503,0.70203,0.3836,0.28261,0.18836,0.3323,0.65935,0.73583,0.44791,0.23375,0.51473,0.27726,0.54252,0.55416,0.020689,0.4249,0.59326,-0.3359,0.60918,0.45781,0.43786,0.19075,0.18823,0.43287,0.44008,0.38878,0.41396,0.088967,0.62388,0.605,0.32019,0.72901,0.58823,0.79513,0.34257,0.49196,0.50842,0.49438,0.20001,0.6011,0.75745,0.69064,0.49067,0.38287,0.42134,0.53281,0.48152,0.45885,0.54961,0.61379,0.41378,0.29569,0.69825,0.33136,0.065822,0.56353,0.073011,0.3861,0.4063,0.38318,0.64723,0.63146,0.55135,0.42383,0.61741,0.61029,0.21305,0.34137,0.61523,0.33286,0.33
0.46867,0.64087,0.039175,0.48929,0.080854,0.3768,0.17246,0.42519,0.37789,0.46624,0.43613,0.27328,0.41884,0.56956,0.253,1,0.33519,0.072459,0.24878,0.42926,0.19806,0.056398,0.23912,0.40603,0.43196,0.50341,0.29485,0.26084,0.45102,0.51476,NaN,0.13926,0.050666,0.42266,0.38803,0.28634,-0.010311,0.12906,0.35427,0.39461,0.56576,0.18606,0.64035,0.5221,0.28667,0.44132,-0.12932,-0.06779,0.41739,0.34419,0.59732,0.23546,0.15383,0.026622,0.23571,0.23425,0.2123,0.29431,0.49259,0.60088,0.39743,-0.28345,0.23095,0.2486,0.41288,0.39473,0.35187,0.1831,0.12876,0.21635,0.60511,0.44729,0.45803,0.47133,0.38996,0.15488,0.35638,0.34301,0.25511,0.22607,0.42117,0.26873,0.34619,0.28149,0.21444,0.20105,0.38813,0.34,0.46922,0.35108,-0.10843,0.39363,0.52477,0.29995,0.18388,0.0011077,-0.025029,0.16984,0.27147,0.37556,0.30412,0.25281,0.44499,0.38402,0.26765,0.11475,0.41,0.49292,0.43611,0.14735,0.3387,0.47417,0.30756,0.46013,0.21869,0.41336,0.28637,0.44841,0.24057,0.52655,0.20373,0.23614,0.2611,0.46156,0.25807,0.14321,0.35725,0.045783,-0.16205,0.35873,0.59292,0.43905,0.32864,0.42816,0.63842,0.20457,0.50306,0.093074,0.5406,0.24891,0.21312,0.31096,0.54653,0.50656,0.32765,0.29786,-0.069623,0.44105,0.5096,0.30423,0.058598,0.345,0.46355,0.084459,0.11515,0.48178,0.29872,0.23672,0.32794,0.49541,0.38972,0.42452,0.50066,0.20207,0.46075,0.34416,0.51293,0.31264,0.30165,0.36323,0.21041,0.25036,0.30123,0.52659,0.12778,0.38617,0.26735,0.21049,0.52082,0.13241,0.35513,0.40594,0.10126,0.056342,0.40306,0.43304,0.74148,0.18146,0.29468,0.44656,0.21912,0.57422,0.34775,0.45501,0.30197,0.20381,0.1389,0.52822,0.40803,0.41777
0.38842,0.63097,0.28152,0.61375,0.32077,0.55917,0.06908,0.49714,0.32753,0.63709,0.6425,0.55328,0.60008,0.65504,0.57758,0.33519,1,0.64552,0.25215,0.49616,0.63029,0.5866,0.62331,0.36689,0.6025,0.75993,0.50558,0.80747,0.47104,0.43569,NaN,0.51547,0.37689,0.33326,0.7094,0.38784,-0.25804,0.45504,0.43432,0.45803,0.46398,0.28656,0.52768,0.63143,0.6279,0.66919,0.26745,0.51199,0.53581,0.61376,0.66025,0.43874,0.40485,0.40891,0.67523,0.43122,0.27967,-0.14047,0.78931,0.41126,0.83001,-0.40159,0.85433,0.74521,0.50269,0.46073,0.68357,0.68289,0.54184,0.69886,0.44274,0.2369,0.64771,0.74727,0.56574,0.2087,0.29765,0.54501,0.59236,0.48436,0.63206,0.53273,0.6575,0.54627,0.81953,0.35235,0.64954,0.72474,0.70728,0.64334,0.61943,0.66986,0.58063,0.53814,0.67432,0.34545,-0.12131,0.37224,0.28044,0.73508,0.3893,0.42553,0.68796,-0.042953,0.43846,0.54945,0.64426,0.66589,0.64237,0.3437,0.61046,0.5185,0.091364,0.61225,0.50452,0.39494,0.4764,0.56851,0.45191,0.50742,0.19589,0.63908,0.45179,0.73204,0.49318,0.38623,0.65999,0.56114,0.055711,0.70882,0.54005,0.77638,0.54632,0.41342,0.49002,0.49191,0.52426,0.62563,0.51597,0.73855,0.41672,0.24432,0.62886,0.29197,0.72475,0.47843,-0.44204,0.64517,0.72207,0.74015,0.47733,0.26881,0.56039,0.63536,0.57514,0.64544,0.596,0.59563,0.62991,0.64644,0.48744,0.5556,0.70356,0.63245,0.63318,0.6093,0.68688,0.46688,0.55397,0.51121,0.64698,0.58421,0.48932,0.36958,0.56795,0.57271,0.68238,0.72614,0.43535,0.43152,0.40552,0.53145,0.65646,0.11016,0.6566,0.35591,0.5647,0.59193,0.43488,0.6575,0.35933,0.67894,0.70616,0.5378,0.78126,0.57341,0.37363,0.53747,0.48881,0.44437
-0.06976,0.54614,0.13512,0.25961,-0.065834,0.13119,-0.049757,0.49729,-0.059604,0.56819,0.56813,0.59392,0.43834,0.57598,0.2503,0.072459,0.64552,1,0.38745,0.31549,0.73317,0.8519,0.32758,-0.15196,0.30538,0.74661,0.4862,0.63131,0.14205,0.30095,NaN,0.90276,0.2884,0.27098,0.59495,0.23642,-0.21402,0.22094,-0.0314,0.51861,0.52605,0.33128,0.33549,0.60825,0.63946,0.6867,0.44338,0.54532,0.12264,0.46936,0.49588,0.15161,0.018502,0.47958,0.31977,0.45566,-0.073085,-0.24909,0.58676,0.49832,0.51019,-0.50035,0.51847,0.6816,0.32705,-0.016047,0.65443,0.74805,0.23468,0.72152,0.37028,0.15603,0.30041,0.67564,0.45847,-0.19697,0.041857,0.55909,0.5115,0.32718,0.7154,0.67094,0.22926,0.40236,0.63702,0.41854,0.6398,0.30498,0.68157,0.46529,0.63963,0.66487,0.33626,0.70213,0.69878,0.30288,-0.22231,0.16557,0.10905,0.5959,0.66221,0.61587,0.60982,-0.19784,0.55893,0.58422,0.63028,0.5722,0.42369,0.087447,0.60258,0.61644,-0.11941,0.66083,0.22077,0.58692,-0.0038458,0.51732,0.4232,0.321,0.55646,0.38015,0.2931,0.48859,0.56685,0.2602,0.57247,0.39483,-0.16117,0.54109,0.27882,0.71378,0.077624,0.49164,0.42593,0.28308,0.076371,0.81714,0.60744,0.72303,0.25042,-0.17787,0.44479,0.16057,0.78699,0.21686,-0.63365,0.43391,0.54833,0.63831,0.72654,0.30384,0.5626,0.62262,0.58144,0.66047,0.64119,0.39241,0.45826,0.63665,0.35665,0.56711,0.43791,0.76984,0.70801,0.52306,0.43511,0.30325,0.26164,0.12988,0.55946,0.35858,0.40024,0.52524,0.35762,0.52974,0.60342,0.67483,-0.029568,0.56576,0.31788,0.17622,0.97884,-0.026954,0.50665,0.30046,0.31731,0.55628,0.25979,0.45605,-0.14086,0.4943,0.30681,0.26111,0.46057,0.58616,0.5525,0.38489,0.5649,0.62912
0.02951,0.36881,0.27844,0.23446,-0.052497,0.047731,-0.25104,0.089003,0.032269,0.16766,0.34756,0.23746,0.24944,0.36611,0.047131,0.24878,0.25215,0.38745,1,0.18645,0.47895,0.31443,0.31085,0.027948,0.31094,0.47296,0.17292,0.31201,0.21044,0.25218,NaN,0.47539,-0.1123,0.19582,0.17382,0.24376,-0.010593,0.068254,0.25311,0.21687,0.31112,0.60773,0.44667,0.32761,0.26025,0.36542,0.52555,0.47075,0.19316,0.28453,0.2386,-0.031245,0.10103,0.31676,0.56908,0.3535,0.21524,-0.4594,0.39436,0.64456,0.12374,-0.3506,0.24871,0.28158,0.29963,0.064489,0.040537,0.52626,0.3168,0.41195,0.018033,0.16645,0.025502,0.47338,0.14941,0.20897,0.27312,0.13725,0.37992,0.42519,0.50419,0.30454,-0.092244,0.11756,0.43214,0.025827,0.23592,0.16331,0.29482,0.17044,0.45106,0.38555,0.30988,0.22264,0.20563,0.22096,-0.13472,0.10552,0.17146,0.46964,0.10169,0.4891,0.51014,-0.31273,0.19921,0.18655,0.23495,0.43648,-0.15346,0.21326,0.30876,0.32145,-0.34248,0.33292,0.029891,0.31217,0.013171,0.54617,0.20718,0.082809,0.30003,0.23884,0.14534,0.26607,0.40324,0.38552,0.27307,0.17565,-0.23784,0.36617,0.14133,0.18429,-0.032392,0.29355,0.34804,0.16412,0.10763,0.38706,0.32069,0.21872,0.37263,0.16912,0.24744,0.33472,0.50157,0.26718,-0.19526,-0.0053494,0.27005,0.22016,0.35693,0.48518,0.14639,0.1669,0.0034629,0.19243,0.25051,0.22564,0.25056,0.18643,0.18338,0.42642,0.34262,0.28023,0.36279,0.12971,0.34338,-0.22917,0.19561,0.1088,0.31179,0.35245,0.21936,0.38145,0.08412,0.3087,0.28606,0.33927,-0.018116,0.19346,0.42385,0.060326,0.32721,-0.096963,0.00098109,0.20266,0.3,0.32084,0.089589,0.35315,-0.032023,0.2161,0.2194,0.44903,0.13861,0.22561,0.25185,0.30604,0.196,0.50242
0.4722,0.34618,0.42733,0.75549,0.48752,0.60604,0.027567,0.54869,0.51229,0.63427,0.72954,0.72127,0.52182,0.50802,0.35267,0.42926,0.49616,0.31549,0.18645,1,0.257,0.36305,0.55107,0.56156,0.69116,0.60271,0.48049,0.56059,0.59581,0.68836,NaN,0.34007,0.34196,0.66273,0.64103,0.50888,-0.40096,0.63125,0.51968,0.42119,0.51549,0.51261,0.48287,0.69386,0.62253,0.64651,0.0039164,0.22501,0.7703,0.61759,0.59749,0.5184,0.20517,0.3658,0.37986,0.11311,0.14214,-0.0077143,0.69216,0.37716,0.61717,-0.55051,0.62304,0.66544,0.7752,0.5312,0.51835,0.33843,0.19246,0.59956,0.52798,0.61188,0.39471,0.7482,0.67133,0.34152,0.62882,0.54545,0.43496,0.48887,0.50578,0.31979,0.65827,0.42581,0.54185,0.38356,0.52633,0.65128,0.66943,0.37043,0.3802,0.60007,0.46724,0.4825,0.35615,0.26995,-0.29704,0.43714,0.39661,0.70254,0.50414,0.4077,0.51868,-0.071483,0.14312,-0.063591,0.69774,0.7882,0.50397,0.28324,0.66284,0.71096,0.17148,0.38662,0.203,0.61763,0.41595,0.55594,0.28705,0.49181,0.34983,0.39775,0.67962,0.51503,0.38958,0.3711,0.78354,0.52328,-0.031245,0.71618,0.6762,0.53323,0.40482,0.53407,0.47847,0.28607,0.52261,0.34645,0.55189,0.59639,0.50135,0.44487,0.63387,0.7625,0.42845,0.3936,-0.55107,0.56327,0.5584,0.573,0.33981,0.11722,0.63644,0.74391,0.71997,0.6448,0.64649,0.46311,0.62194,0.55813,0.70883,0.40691,0.72668,0.51248,0.54147,0.52492,0.68423,0.43376,0.78117,0.7005,0.62509,0.60692,0.48321,0.33946,0.019588,0.54065,0.45485,0.54722,0.50203,0.65078,0.6682,0.62354,0.32825,0.10239,0.39903,0.57199,0.58654,0.5343,0.64958,0.72765,0.3948,0.6708,0.55225,0.52403,0.59775,0.41299,-0.082211,0.71712,0.6636,0.55558
0.14885,0.52373,0.28947,0.40892,0.15734,0.28973,0.065943,0.39999,0.093391,0.58184,0.54449,0.45015,0.59695,0.71185,0.587,0.19806,0.63029,0.73317,0.47895,0.257,1,0.7009,0.46718,0.10462,0.50939,0.71906,0.46225,0.61381,0.3598,0.32942,NaN,0.63043,0.36435,0.32098,0.4022,0.41675,-0.50673,0.26738,0.080607,0.34644,0.47584,0.50666,0.45512,0.36665,0.60173,0.66873,0.43445,0.51834,0.32642,0.33746,0.56141,0.23421,0.011283,0.43587,0.32447,0.20079,0.24922,-0.28089,0.64783,0.56136,0.50861,-0.47511,0.52345,0.61748,0.46834,0.26305,0.60486,0.74458,0.32231,0.70875,0.43609,0.23494,0.45999,0.67102,0.51728,-1.3639e-05,0.27193,0.51596,0.48457,0.30398,0.6165,0.7057,0.17744,0.38961,0.59934,0.11221,0.49957,0.43322,0.49595,0.39012,0.65096,0.67816,0.39637,0.59851,0.62047,0.42934,0.13764,-0.081847,0.30296,0.47502,0.45822,0.55951,0.54399,-0.061726,0.41066,0.692,0.54419,0.50358,0.38781,0.45274,0.49434,0.47067,-0.067773,0.63565,0.32582,0.53912,0.15616,0.5942,0.38535,0.40397,0.50186,0.62848,0.45382,0.55089,0.46248,0.49614,0.41734,0.42595,-0.1018,0.54851,0.34539,0.55769,0.085107,0.3264,0.51132,0.52893,0.29249,0.65563,0.53919,0.67051,0.33988,0.10184,0.5357,0.060574,0.80405,0.37803,-0.63753,0.39396,0.4258,0.51841,0.59405,0.35346,0.55311,0.4767,0.43258,0.44534,0.4078,0.48678,0.51711,0.57916,0.50989,0.72027,0.60771,0.55099,0.70532,0.52304,0.58243,0.087546,0.40606,0.30823,0.72727,0.33215,0.56867,0.70625,0.42707,0.52034,0.49191,0.77212,0.20644,0.48312,0.38079,0.32094,0.73155,0.20552,0.46877,0.25176,0.35575,0.56329,0.33486,0.53645,0.15975,0.5047,0.27258,0.51439,0.50823,0.4843,0.54247,0.47705,0.54095,0.44547
0.092697,0.44572,0.24599,0.30983,0.15894,0.17235,-0.32572,0.504,0.08306,0.38503,0.61177,0.55578,0.45225,0.52897,0.37471,0.056398,0.5866,0.8519,0.31443,0.36305,0.7009,1,0.24526,0.061811,0.35343,0.68282,0.53147,0.62898,0.39197,0.35752,NaN,0.8222,0.34715,0.26564,0.5883,0.25914,-0.28955,0.39584,0.14139,0.4563,0.45048,0.40204,0.24699,0.54955,0.56784,0.66434,0.27909,0.41801,0.24802,0.52042,0.38902,0.088623,-0.12135,0.47185,0.18244,0.30167,0.0091011,-0.3565,0.59795,0.44789,0.64497,-0.3754,0.60284,0.74288,0.34031,0.16636,0.55341,0.67061,-0.0097819,0.66316,0.35661,0.201,0.25767,0.62473,0.30698,-0.13707,0.18361,0.64814,0.44613,0.51496,0.54543,0.5403,0.26954,0.41954,0.57256,0.63347,0.6272,0.40819,0.60323,0.42997,0.61712,0.59178,0.35697,0.67373,0.64591,0.34027,-0.16032,0.070612,0.3929,0.53318,0.74382,0.4533,0.55948,-0.025048,0.39492,0.53807,0.55846,0.56932,0.46069,0.18619,0.39659,0.46927,-0.31049,0.56101,0.31707,0.66303,-0.017297,0.53021,0.18248,0.31473,0.61174,0.43731,0.42632,0.47626,0.66837,0.30615,0.52372,0.31987,-0.067327,0.58302,0.38496,0.64577,0.017496,0.40815,0.35414,0.42225,0.26675,0.76609,0.54251,0.70567,-0.032699,0.027203,0.62937,0.19966,0.71162,0.52158,-0.60217,0.45961,0.39444,0.7101,0.41275,0.36538,0.50053,0.62542,0.57309,0.60781,0.42615,0.23656,0.45357,0.50424,0.44522,0.58045,0.54233,0.67547,0.61579,0.43322,0.45812,0.31364,0.37964,0.27259,0.66103,0.33715,0.34032,0.54509,0.31208,0.39515,0.47893,0.59854,0.11274,0.60124,0.2951,0.38808,0.88862,-0.28952,0.45399,0.47646,0.3046,0.41693,0.3197,0.42964,-0.02533,0.49289,0.37343,0.3941,0.51651,0.45155,0.49228,0.4673,0.53395,0.46918
0.37417,0.3293,0.27534,0.64943,0.39075,0.60972,-0.066068,0.35964,0.21643,0.39155,0.67679,0.47937,0.62823,0.45354,0.59603,0.23912,0.62331,0.32758,0.31085,0.55107,0.46718,0.24526,1,0.41931,0.70141,0.54611,0.25228,0.66492,0.48375,0.48143,NaN,0.35152,0.45964,0.4143,0.61092,0.44227,-0.46693,0.31338,0.47553,0.3587,0.51331,0.32075,0.33955,0.51137,0.56777,0.63012,0.38163,0.57803,0.62979,0.45465,0.37157,0.54594,0.24502,0.32613,0.43303,0.23968,0.30236,-0.3778,0.68725,0.33799,0.68667,-0.50095,0.76502,0.53532,0.73586,0.35824,0.47451,0.58763,0.48145,0.67106,0.47107,0.24151,0.26203,0.60046,0.6194,0.3074,0.60022,0.48677,0.47379,0.2516,0.50249,0.36664,0.45258,0.11802,0.59729,0.19123,0.43373,0.5783,0.45582,0.53445,0.49795,0.6161,0.3543,0.3935,0.49752,0.53463,0.10173,0.33602,0.38071,0.56149,0.24463,0.56573,0.61105,-0.45598,0.12465,0.17418,0.6329,0.65086,0.52725,0.53751,0.64709,0.47051,-0.11675,0.54264,0.19762,0.47159,0.31101,0.61365,0.50377,0.37397,0.25848,0.52325,0.4567,0.62479,0.3814,0.555,0.59977,0.55945,-0.22271,0.6943,0.5796,0.41711,0.34566,0.33238,0.32034,0.53555,0.55422,0.39085,0.41588,0.519,0.53373,0.32093,0.50382,0.33789,0.5381,0.4567,-0.56382,0.62794,0.43132,0.47287,0.39229,0.26702,0.36111,0.57566,0.49905,0.51546,0.36859,0.78772,0.61779,0.58728,0.59533,0.67643,0.66326,0.45038,0.49793,0.59976,0.60604,0.33315,0.64519,0.7154,0.53033,0.46238,0.57734,0.20727,0.35735,0.33241,0.60304,0.52518,0.42446,0.54154,0.47558,0.536,0.32793,0.15349,0.54886,0.075398,0.45212,0.64777,0.50467,0.54694,0.45,0.69277,0.36801,0.58663,0.61485,0.62631,0.23926,0.62199,0.52376,0.49514
0.919,0.28051,0.23713,0.78017,0.53123,0.81943,-0.050742,0.34904,0.6698,0.25334,0.57267,0.33145,0.26804,0.32853,0.63685,0.40603,0.36689,-0.15196,0.027948,0.56156,0.10462,0.061811,0.41931,1,0.62919,0.21038,0.49162,0.29539,0.82977,0.72824,NaN,-0.11103,0.22616,0.52387,0.3977,0.4439,-0.30882,0.50894,0.5652,0.20878,0.26536,0.38622,0.25929,0.30156,0.34133,0.35834,-0.15317,-0.028562,0.77119,0.48408,0.48581,0.29903,0.34405,0.25634,0.26281,-0.22555,0.49869,-0.0090218,0.6021,0.27351,0.54807,-0.051554,0.51783,0.25437,0.58094,0.92461,0.13851,0.24086,0.19224,0.30238,0.24147,0.51247,0.45135,0.39889,0.36386,0.38666,0.72872,0.44554,0.28804,0.20536,0.0037804,0.024612,0.53051,0.42843,0.31341,0.10066,0.25478,0.63639,0.24666,0.12874,0.091794,0.34326,0.31739,0.11078,0.021385,0.13277,0.046485,0.42007,0.65741,0.40177,0.18943,0.01408,0.22272,-0.0075879,-0.1829,-0.10526,0.36183,0.57653,0.36134,0.29756,0.23446,0.22233,0.11481,0.20447,0.24908,0.37049,0.42006,0.50336,0.26886,0.31871,-0.028304,0.31679,0.69245,0.37741,0.22944,0.25078,0.3372,0.3789,0.28945,0.58604,0.72699,0.12293,0.4495,0.12651,0.17079,0.42843,0.78803,0.064334,0.075379,0.28725,0.2801,0.91981,0.47678,0.44948,0.097533,0.54688,-0.076762,0.41504,0.32217,0.20748,-0.10727,0.23215,0.41904,0.2868,0.25823,0.34783,0.074033,0.36744,0.45315,0.15268,0.62222,0.31213,0.63589,0.060452,0.21711,0.34344,0.52468,0.041423,0.62288,0.77322,0.51609,0.43905,0.22089,0.20222,0.25726,0.24608,0.41152,0.28007,0.73731,0.23269,0.30567,0.80102,-0.070547,-0.11279,0.20065,0.14945,0.38676,0.20582,0.46387,0.58982,0.79075,0.41619,0.62372,0.65182,0.46246,-0.0026369,-0.098637,0.50965,0.19037,0.27509
