1,0.26247,0.46437,0.080005,0.17905,0.61361,0.18477,0.10079,0.4906,0.35694,0.17821,0.034422,0.68725,0.1171,0.36024,0.48713,-0.043303,-0.038929,0.51438,0.33559,0.31525,0.14774,0.40884,0.13708,0.10974,0.099926,-0.058425,0.18168,0.64724,0.32984,NaN,0.11866,0.26131,0.15093,0.46716,0.33268,0.05054,0.42069,0.63841,0.058649,0.084407,0.35135,0.34148,0.38812,0.31047,0.0041863,0.29537,0.22107,0.40361,0.53891,0.41295,-0.15879,0.28926,0.44883,0.40182,0.22598,0.23063,0.38711,0.43033,-0.011338,0.32163,0.47286,-0.0019242,0.031315,0.19663,0.84215,0.01181,0.16194,0.21857,0.26976,0.38221,0.25732,-0.12258,0.28439,0.34365,-0.18828,0.26297,0.37651,0.3336,0.13549,0.28881,-0.031215,0.035819,0.20591,0.22482,0.19443,0.1332,0.50792,0.26994,-0.14198,0.53409,0.2647,0.2767,0.21225,0.20405,-0.29139,0.26225,0.20112,0.42462,0.36655,-0.13112,-0.37316,0.15128,0.37274,0.14504,0.33464,0.24881,0.3562,0.77918,0.12602,0.17694,0.20139,0.48141,-0.17156,0.23677,0.084053,0.052169,0.2576,0.38926,0.45518,0.43379,0.22123,0.4331,0.72902,-0.032198,0.26527,0.61584,0.15525,0.28726,0.27247,0.3265,0.018741,0.02591,0.22204,0.30566,0.6148,0.39342,0.19373,0.10404,0.34009,-0.064104,0.83708,0.62688,-0.27032,0.37762,0.53393,0.39814,0.47852,0.16272,0.14287,-0.025175,0.18902,0.47037,0.32106,0.28806,0.23851,0.19411,0.39353,0.082979,0.34267,0.34225,0.1407,0.38887,0.10675,0.061861,0.30712,0.38475,0.41497,0.56675,0.33882,0.26133,-0.28569,0.27797,0.33467,0.39301,0.145,0.0032241,0.30804,0.69024,-0.0050833,0.37528,0.47412,0.26661,-0.043848,0.092437,-0.023694,0.33684,-0.010636,0.31321,0.17538,0.7995,0.29756,0.091976,0.54867,0.48945,0.52612,0.10667,0.25433,0.27732,0.017534
0.26247,1,0.21038,0.31667,0.136,0.39621,0.22634,0.36954,0.3825,0.38019,0.27058,0.37715,0.47657,0.29343,0.35161,0.52066,0.12534,0.15907,0.34373,0.2287,0.58627,0.26359,0.27594,9.8868e-05,-0.068956,0.52811,0.56301,0.61011,0.58079,0.21436,NaN,0.19651,0.30257,0.40029,0.43961,0.55757,0.10458,0.56281,0.46452,0.68255,0.52611,0.22026,0.43257,0.36686,0.49139,0.56202,0.52916,0.53384,0.30677,0.28277,0.55491,0.30958,0.31213,0.34748,0.29186,0.24499,0.10971,0.38404,0.32591,0.16259,0.17959,0.10838,0.43626,0.26799,0.26721,0.32623,0.40454,0.55255,0.39959,0.35266,0.61653,0.17606,0.4638,0.3255,0.30093,0.052121,0.27251,0.40602,-0.043127,-0.099343,0.49968,-0.034345,0.60928,0.23744,0.56408,0.50949,0.51321,0.38443,0.34814,0.32801,0.52242,0.44356,0.6257,0.45982,0.15521,0.18842,0.20747,0.46126,0.35873,0.38081,0.18825,0.26717,0.28832,0.27526,0.65015,0.44474,0.4381,0.50086,0.28834,0.19541,0.69915,0.46878,0.52166,0.44061,0.45958,0.47079,0.41991,0.76378,0.32451,0.62274,0.16469,0.56352,0.51312,0.3522,0.50728,0.29416,0.45523,0.25122,-0.03591,0.58007,0.24153,0.045131,0.016266,0.38712,0.671,0.29095,0.29129,0.26119,0.33477,0.5414,0.15004,0.45822,0.71784,-0.61629,0.40057,0.29215,0.21864,0.44511,0.17532,0.10241,0.1494,0.68833,0.49105,0.54734,0.30113,0.30162,-0.015842,0.27922,0.37644,0.6161,0.06461,0.6149,0.38145,0.51055,0.3707,0.25735,0.32785,0.027739,0.63995,0.23119,0.37422,0.18038,0.47056,0.71146,-0.020595,0.7613,0.22667,0.23153,0.3073,0.43152,0.44676,0.39268,0.42417,0.053697,0.57381,-0.053712,0.59112,0.15838,0.68189,0.6394,0.21821,0.56707,0.31007,0.23854,0.45257,0.29771,0.57442,0.73701,0.58604,0.63165
0.46437,0.21038,1,0.54052,-0.016512,0.31503,0.47806,0.5413,0.53385,0.11365,0.21558,0.20817,0.54528,0.25534,0.56454,0.6377,-0.3412,0.35939,0.57758,0.44109,-0.051383,0.39628,0.32941,0.12258,0.4156,0.31843,-0.14059,0.4306,0.36315,0.4929,NaN,0.048909,0.18995,0.33677,0.4008,0.53671,0.12858,0.0030422,0.21931,0.14276,0.4301,0.39962,0.40344,0.44903,0.41261,0.33394,0.32484,0.12554,0.17916,0.44017,0.54768,0.29786,0.44444,0.59879,0.22997,0.57721,0.10075,0.089496,0.64259,0.093011,0.41422,0.092602,0.44118,-0.010434,0.22038,0.38541,0.21792,0.24563,0.14342,0.24232,0.43729,0.60384,0.062442,0.59046,0.41856,-0.13659,0.28852,0.41134,0.19336,0.42495,0.44339,0.37568,0.41988,0.31714,0.42136,0.65236,0.28756,0.48926,0.66689,0.43732,0.43098,0.54968,0.19424,0.51587,0.13708,-0.21977,0.18265,0.070326,0.19302,0.63698,-0.17978,-0.18073,0.32972,-0.11129,-0.045499,0.44639,0.31865,0.61619,0.41818,0.449,0.42144,0.096591,0.4697,0.14558,0.28104,0.3179,0.15944,0.41923,0.52205,0.31321,0.44951,0.24566,0.58039,0.38301,0.39877,0.26873,0.58239,0.068081,-0.25729,0.30009,0.54076,0.30032,0.059925,0.40298,0.2582,0.43747,0.15344,0.0072189,0.45135,0.23512,0.4923,0.18103,0.46985,-0.072067,0.34829,0.5583,0.19623,0.42576,0.026505,0.26539,0.18439,0.29535,0.55356,0.41938,0.2918,0.63723,-0.066579,0.42891,0.13139,0.53123,0.24889,0.2627,0.26615,0.39393,0.45539,0.39265,0.23528,0.20639,0.34701,0.42449,0.55276,-0.26722,0.33279,0.51222,0.43623,0.35253,0.40225,0.6159,0.25091,0.48225,0.4239,0.31581,0.31688,0.12209,0.26984,0.18439,0.54099,0.05035,0.1952,-0.083419,0.299,0.48612,-0.031204,0.2561,0.06788,0.33103,0.49809,0.27404,0.6069,0.25217
0.080005,0.31667,0.54052,1,-0.20786,0.20312,0.52972,0.46597,0.41653,0.087106,0.42795,0.16832,0.30002,0.50178,0.29519,0.46337,0.13415,0.60635,0.28855,0.49759,-0.0064068,0.62542,0.32391,0.042264,0.32665,0.36646,0.027652,0.35334,0.5589,0.53783,NaN,0.48677,0.31671,0.37401,0.19242,0.29173,-0.11033,0.23607,0.0096791,0.14498,0.6456,0.27405,0.40108,0.53256,0.52458,0.38228,0.13524,0.52033,0.11557,0.59534,0.6211,0.55729,0.24138,0.52216,-0.17269,0.20361,0.32779,0.11349,0.23682,0.47971,0.19005,0.27218,0.52695,-0.065166,0.32422,0.098507,0.21719,0.14092,0.21024,0.32508,0.75688,0.3761,0.40498,0.56311,0.48683,0.15529,0.27619,0.70932,-0.071126,0.20275,0.51344,0.60917,0.72873,0.29367,0.40752,0.53032,0.43924,0.47087,0.5832,0.31336,0.26347,0.55044,0.11216,0.80549,0.099303,-0.051593,-0.098974,0.10446,0.013477,0.60298,-0.13441,0.13706,0.40107,0.0081588,0.018749,0.33587,0.41453,0.69114,0.16452,0.12461,0.32337,0.34735,0.1667,0.25082,0.54662,0.45993,0.17579,0.55643,0.50353,0.52572,0.0031519,0.41504,0.49438,0.23135,0.64879,0.36325,0.53063,0.1239,-0.1032,0.62693,0.6242,0.16728,-0.061279,0.17738,0.53264,0.27642,0.16903,0.4248,0.59629,0.13733,0.59957,-0.027048,0.19268,0.025198,0.1594,0.61191,0.42792,0.47307,0.29513,0.19857,0.39395,0.33901,0.33556,0.61673,0.45192,0.5317,-0.030259,0.48219,0.40552,0.37559,0.14464,0.47072,0.22863,0.2762,0.56288,0.44954,0.063167,-0.19152,0.35431,0.30354,0.4308,0.23899,0.46291,0.62798,0.24754,0.19914,0.20541,0.35081,0.047848,0.4322,0.27615,0.42972,0.52702,-0.085741,0.39917,0.03422,0.37034,0.20418,0.47824,0.22394,-0.036375,0.62416,0.10153,-0.041516,0.074309,0.22382,0.68284,0.461,0.68377,0.54969
0.17905,0.136,-0.016512,-0.20786,1,-0.056354,-0.40618,-0.050411,-0.10545,-0.058628,0.13897,-0.020535,-0.058305,-0.2359,0.28414,0.36242,-0.1456,-0.21608,0.11951,-0.16439,0.28105,-0.225,-0.11596,0.053099,-0.18497,0.22857,0.11398,-0.073328,0.071874,-0.25497,NaN,-0.37828,-0.023462,-0.037715,0.16618,0.12949,0.058976,-0.031878,0.2588,0.32766,-0.29279,0.1669,-0.032267,0.076293,0.0025286,-0.17724,0.30787,-0.19578,0.048732,-0.19521,0.25049,-0.23965,-0.2408,-0.13821,0.22743,-0.10019,0.21993,0.14936,0.2662,-0.23647,0.41757,0.077579,-0.072555,-0.31737,0.11883,0.12251,0.1587,0.17716,0.18735,0.018126,0.0994,-0.21675,-0.041959,-0.13475,0.043419,-0.056671,-0.069328,-0.30754,-0.1796,0.027164,0.092467,-0.27988,-0.05703,-0.056045,0.10744,0.16217,-0.15752,0.44699,-0.21692,-0.032504,0.097654,-0.02302,0.38435,0.027307,-0.0095947,0.13658,0.074884,-0.047392,0.11019,-0.2151,-0.34899,-0.22214,0.27688,0.27741,0.52563,0.091024,0.033648,0.077747,0.18255,0.10585,0.019679,-0.421,0.006339,-0.00033086,-0.11243,-0.081636,-0.19993,0.040336,0.057502,0.020927,0.28263,-0.10273,0.27791,-0.023771,-0.04346,-0.22691,0.14955,-0.13271,-0.099843,0.0023195,-0.5077,-0.15013,0.35113,0.24009,0.1629,0.28147,0.14188,-0.26636,-0.14596,0.33664,-0.17351,0.12928,0.12913,-0.22484,-0.0054406,0.11184,0.19645,0.18276,0.1291,0.20942,-0.21725,0.22528,-0.020215,-0.027635,-0.0083954,0.01427,-0.012588,0.060404,0.18325,0.1455,0.33112,-0.037056,0.15272,-0.25351,-0.24508,-0.079147,0.14174,0.5655,0.059057,-0.251,0.26021,-0.26906,-0.023793,0.081421,-0.098334,0.16782,-0.02893,0.27922,0.27679,-0.1153,0.05591,-0.11376,-0.026341,0.052878,0.32881,0.62127,0.22646,0.062368,-0.076391,0.25658,-0.033479,0.067815,0.33592,0.32531,0.32405,-0.0078545,-0.2813,-0.1797,-0.088298,-0.39222
0.61361,0.39621,0.31503,0.20312,-0.056354,1,0.42369,0.10313,0.34227,0.57584,0.3803,0.48582,0.65223,0.26174,0.20391,0.28084,-0.076169,0.26857,0.36309,0.22444,0.28224,0.46147,0.31132,0.13202,0.21142,-0.061702,0.22821,0.30534,0.62965,0.32636,NaN,0.45537,0.25687,0.027078,0.011632,0.34413,0.32703,0.49373,0.73895,0.23957,0.21376,0.40412,0.43978,0.29861,0.24589,0.038495,0.21714,0.26987,0.3584,0.36684,0.44711,0.21057,0.51261,0.4318,0.35794,0.41863,0.18805,0.36397,0.20858,0.065081,0.13971,0.69477,0.19084,0.052474,0.38184,0.81548,0.20772,0.4462,0.42891,0.18759,0.25799,0.0097516,-0.083312,0.38001,0.30381,0.042116,0.41753,0.32408,0.32962,-0.10561,0.14415,-0.031211,0.1973,0.47853,0.025914,0.18832,0.11417,0.45112,0.34995,0.018182,0.29863,-0.049959,0.43841,0.24556,0.55275,-0.010187,0.21164,0.21227,0.31859,0.30531,0.2022,-0.03019,0.33212,0.23017,0.30904,0.17986,0.27379,0.34417,0.5561,-0.18854,0.49233,0.20746,0.45045,-0.072974,0.036808,0.41302,0.41282,0.28384,0.65117,0.40697,0.1443,0.18743,0.3399,0.71249,0.23517,0.46914,0.58294,0.50896,0.32463,0.42358,0.29164,0.38287,0.18603,0.15215,0.3577,0.42643,0.64592,0.13415,-0.026738,0.26843,-0.064914,0.70974,0.5133,-0.30762,0.47302,0.51952,0.53444,0.32778,0.16265,0.10575,-0.12844,0.28063,0.66156,0.45117,0.37579,0.2301,0.18769,0.28478,0.13578,0.32492,0.075429,0.28803,0.75761,0.17515,0.17312,0.60982,0.24989,0.24852,0.6533,0.42051,0.14359,0.041427,0.2545,0.43332,0.092668,0.24365,0.094005,0.15955,0.66636,0.22694,0.50977,0.60588,0.42777,0.23892,-0.022641,0.00046631,0.34678,0.047715,0.50282,0.11745,0.68044,0.46043,-0.17434,0.5097,0.75428,0.49563,0.36915,0.62902,0.23008,0.28877
0.18477,0.22634,0.47806,0.52972,-0.40618,0.42369,1,0.28151,0.47415,0.45372,0.18932,0.22609,0.3447,0.42247,0.24317,0.19657,0.161,0.37828,0.24547,0.03015,0.050264,0.48748,0.082053,0.020786,0.13364,0.023674,0.014755,0.4408,0.29321,0.61678,NaN,0.47865,0.10918,0.19319,0.12665,0.40224,0.059186,0.14787,0.028962,-0.01734,0.3449,0.37413,0.24518,0.32991,0.2801,0.29061,0.10449,0.27694,0.41614,0.39,0.22891,0.35568,0.37363,0.60702,-0.14935,0.43473,0.052549,0.2351,0.19831,0.21787,0.083054,0.16651,0.41768,-0.062645,0.32608,0.28359,0.10104,0.17659,0.18585,0.10556,0.22988,0.48903,0.22165,0.6448,0.22578,0.20175,0.0044239,0.51338,-0.021966,-0.077668,0.55853,0.24821,0.52999,0.14872,0.0078856,0.40727,-0.0086463,0.073731,0.54693,0.30793,0.30019,0.3793,0.14257,0.42003,0.3879,0.057381,-0.094322,-0.0070739,0.11287,0.45908,0.20868,0.18602,0.13104,-0.19351,0.13641,0.32264,0.10512,0.52678,0.24299,0.15944,0.36204,0.43421,0.4339,0.27906,0.17383,0.34917,0.18119,0.47364,0.52252,0.30943,0.24787,0.15191,0.47005,0.15323,0.57599,0.29275,0.46963,0.027153,0.02741,0.37557,0.53279,0.27869,-0.26378,0.31851,0.046291,0.22527,0.17369,0.38541,0.19623,0.2717,0.61471,0.20204,0.16471,-0.0016149,0.3874,0.47629,0.24939,0.24503,-0.059568,0.16882,0.32212,0.015696,0.42982,0.49489,0.50174,0.32505,-0.03108,0.28921,-0.13578,0.22564,-0.24676,0.48661,0.48231,0.55962,0.42135,0.75596,0.17436,-0.069364,0.2493,0.104,0.34981,0.11963,0.16194,0.42874,0.31778,0.16931,0.078731,0.20585,0.29688,0.49753,0.048332,0.29152,0.37632,0.2972,0.10944,-0.10308,0.25661,-0.18246,0.32869,0.055392,0.15262,0.13827,-0.11672,0.18282,0.12502,0.009212,0.70124,0.3962,0.41673,0.47497
0.10079,0.36954,0.5413,0.46597,-0.050411,0.10313,0.28151,1,0.43861,0.09014,0.32565,0.37972,0.52733,0.35774,0.40162,0.2609,-0.083366,0.29367,0.37999,0.37224,0.22475,0.33321,0.24729,0.017592,-0.037856,0.58977,0.41418,0.66023,0.17478,0.4901,NaN,-0.057065,0.2626,0.39424,0.55723,0.29637,0.17425,-0.060357,-0.119,0.24849,0.62616,0.43609,0.30323,0.68683,0.63441,0.53898,0.26483,0.2719,0.32798,0.43719,0.50596,0.64342,0.25881,0.57,0.20111,0.40448,0.2696,0.32291,0.5065,0.48284,0.1517,0.0052589,0.68896,-0.0044188,0.2575,0.14288,0.74143,0.48661,0.29487,0.48651,0.51695,0.44488,0.1539,0.40366,0.61004,-0.14981,0.44696,0.21583,0.34281,-0.1872,0.57003,0.54123,0.63333,0.36156,0.62877,0.55794,0.60467,0.27152,0.53519,0.51535,0.0052247,0.27824,0.40207,0.56771,0.021751,-0.12008,-0.020409,0.026881,0.4881,0.41435,0.30278,0.0068499,0.55131,0.090926,0.2547,0.5446,0.59065,0.65348,0.11257,0.018676,0.5349,0.2166,0.10948,0.36113,0.19581,0.43616,-0.026145,0.43381,0.33086,0.26002,0.040265,0.51626,0.39384,0.1779,0.51266,0.39938,0.42626,0.17898,-0.1571,0.51384,0.40109,0.24491,0.40028,0.44506,0.50918,0.0198,-0.11028,-0.11718,0.54922,0.2397,0.40436,0.061687,0.10553,-0.053686,0.42688,0.52386,0.04058,0.52821,0.22231,0.63772,0.52492,0.31565,0.40609,0.59915,0.40297,0.77312,-0.034854,0.54279,0.43654,0.61133,0.31056,0.26485,0.096854,0.63497,0.57029,0.16382,0.16884,0.067235,0.069962,0.29944,0.52523,0.23423,0.30468,0.58052,0.082127,0.16641,0.47848,0.47705,0.18424,0.65184,0.40084,0.24764,0.34387,0.047943,0.3742,0.20001,0.23817,0.31587,0.40174,0.018885,0.058993,0.39022,0.096041,0.14432,-0.1115,0.31072,0.61739,0.44396,0.61756,0.4902
0.4906,0.3825,0.53385,0.41653,-0.10545,0.34227,0.47415,0.43861,1,0.30974,0.20002,0.038085,0.66326,0.40142,0.39366,0.49363,0.054073,0.27938,0.4895,0.16628,0.28144,0.34608,0.35766,0.13755,-0.14262,0.25081,-0.11236,0.53183,0.41584,0.5862,NaN,0.26065,0.56917,0.75822,0.47179,0.31952,0.22033,0.5579,0.31328,0.09632,0.42929,0.46068,0.52756,0.55106,0.63715,0.27877,0.099401,0.34168,0.43187,0.59736,0.42044,0.40172,0.010699,0.51535,0.42175,0.45707,0.33716,0.26559,0.53644,0.16515,0.28684,0.17767,0.37273,-0.10308,0.19432,0.39681,0.12444,0.1006,0.28005,0.5076,0.51035,0.45413,0.39586,0.42842,0.61461,-0.17713,-0.1298,0.38548,-0.065731,-0.092344,0.63217,0.14611,0.55143,0.057974,0.51193,0.37857,0.34791,0.34876,0.68511,0.37023,0.25161,0.60053,0.20081,0.45383,0.2247,-0.17884,0.14542,0.1387,0.076999,0.38638,-0.049308,-0.22356,0.22301,0.18295,0.23119,0.45189,0.57549,0.58133,0.37552,0.060994,0.2753,0.26765,0.24503,0.11437,0.32859,0.31594,0.20227,0.44316,0.54835,0.64542,0.24187,0.19583,0.52026,0.62213,0.63064,0.42851,0.39878,0.34662,0.10965,0.46502,0.62885,-0.094806,-0.17075,0.33736,0.57318,0.094683,0.1013,0.20426,0.36325,0.35247,0.33155,0.45654,0.42436,-0.18635,0.21688,0.46556,0.31166,0.49468,0.31257,0.29562,0.089434,0.23807,0.5414,0.54329,0.3644,0.55343,0.11629,0.60974,0.019419,0.50874,0.028487,0.39973,0.50724,0.64524,0.52215,0.50044,0.21448,-0.0097588,0.45983,0.38372,0.26203,0.092725,0.58035,0.62114,0.013138,0.30936,-0.030977,0.37781,0.51609,0.43413,0.33846,0.20201,0.46302,-0.10754,0.21729,0.0042558,0.35417,0.16353,0.61134,0.35888,0.3254,0.32077,0.082662,0.17417,0.28665,0.18949,0.53612,0.37597,0.5548,0.29872
0.35694,0.38019,0.11365,0.087106,-0.058628,0.57584,0.45372,0.09014,0.30974,1,0.11588,0.13769,0.21611,0.39884,0.047029,-0.041032,0.022119,0.40924,0.47067,-0.041551,0.22526,0.49031,-0.18344,0.083742,0.018277,0.20855,0.10802,0.43846,0.38979,0.13375,NaN,0.44662,0.29509,0.21423,0.092176,0.23889,0.28432,0.48428,0.35015,0.16611,0.082862,0.52236,0.14736,0.20901,0.26191,0.081555,0.41351,0.36113,0.52042,0.20154,0.19374,0.19227,0.44762,0.21338,0.2907,0.3752,0.18945,0.33661,0.36432,0.24927,0.29343,0.21897,0.2205,0.13453,-0.16313,0.44479,0.17735,0.53214,0.2867,0.1681,0.11482,0.060638,0.052626,0.2932,0.28742,-0.064321,0.045656,0.29628,0.20109,-0.097287,0.13736,0.02671,0.16814,-0.0092774,-0.13766,0.081766,-0.055287,0.11435,0.08349,0.30875,0.37418,-0.0023333,0.28643,0.10485,0.16909,0.063841,0.20911,0.13177,-0.04081,0.071013,0.26225,0.10738,0.001847,0.30691,0.32947,0.39775,0.28816,0.16477,0.24795,-0.03859,0.50966,0.18875,0.45771,0.28081,0.063635,0.21639,0.30627,0.49802,0.3712,0.25479,-0.093868,-0.10803,0.095902,0.47374,0.25893,0.22831,0.48022,0.38461,0.41636,0.20812,0.19988,0.10123,0.15313,0.36565,0.17779,0.11328,0.091419,0.2502,-0.20698,0.26157,0.092711,0.62724,0.36392,-0.2749,0.54561,0.13454,0.086424,0.043581,-0.15434,0.35867,-0.053154,0.067467,0.39231,0.43281,0.47498,-0.052001,0.015263,0.28298,0.014553,0.24672,-0.1387,0.47641,0.58692,0.42037,0.40642,0.39847,0.37977,0.52486,0.48912,0.1815,0.35003,0.48913,0.34734,0.43562,0.26882,0.24689,-0.016052,0.26603,0.42896,0.22024,0.23341,0.19279,0.38837,0.3354,0.12889,-0.095422,-0.16436,-0.051215,0.41427,0.3515,0.52176,0.1318,0.29292,0.3508,0.39786,0.23903,0.42735,0.42713,0.12818,0.43675
0.17821,0.27058,0.21558,0.42795,0.13897,0.3803,0.18932,0.32565,0.20002,0.11588,1,0.48562,0.51689,0.51982,0.59992,0.16117,0.061821,0.29509,0.33295,0.56632,0.40654,0.58902,0.53112,0.037205,0.31941,0.42404,0.41853,0.2984,0.51502,0.32096,NaN,0.42787,0.46367,0.25439,0.44665,0.48045,0.047905,0.30392,0.27674,0.12215,0.57699,0.6482,0.59369,0.31282,0.58578,0.36392,0.48735,0.32784,0.29534,0.36207,0.36908,0.48834,0.22238,0.69218,0.42696,0.3841,0.37651,0.31168,0.13271,0.17399,0.28837,0.63207,0.6007,0.087365,0.47414,0.21928,0.24252,0.26388,0.58622,0.52892,0.64872,0.32567,0.32523,0.17823,0.58569,0.25376,0.41396,0.46494,0.23381,-0.16806,0.4706,0.40526,0.37572,0.4194,0.17854,0.35027,0.43983,0.34146,0.60178,0.35886,0.087154,0.28014,0.35088,0.42925,0.071105,0.0004013,-0.40237,0.12777,0.21058,0.15956,-0.11365,0.21353,0.59167,-0.083941,0.18419,0.015405,0.63256,0.65037,0.63384,-0.11374,0.42256,0.11966,0.11174,0.41718,0.39342,0.52534,0.19027,0.30934,0.59474,0.56908,-0.089236,0.068091,0.53376,0.42794,0.44356,0.15403,0.59865,0.19596,0.1648,0.64175,0.41294,0.51503,0.33441,0.28822,0.49026,0.53945,0.5235,0.1303,0.5305,0.64467,0.015086,0.29357,0.08766,-0.27067,0.19077,0.44914,0.42599,0.62915,0.5797,0.45727,0.21007,0.32998,0.41177,0.54651,0.57583,0.48153,0.086887,0.58521,0.29755,0.3896,0.60577,0.37688,0.46719,0.12472,0.2628,0.57511,0.12342,0.066635,0.40425,0.10369,0.54424,0.21954,0.62129,0.3578,0.19968,0.24645,0.34428,0.18064,0.18711,0.46882,0.38782,0.58095,0.4341,-0.010532,0.4381,0.26519,0.22512,0.4544,0.57946,0.21836,0.066961,0.57133,0.34574,0.34995,0.48998,0.39368,0.49762,0.26161,0.3642,0.45319
0.034422,0.37715,0.20817,0.16832,-0.020535,0.48582,0.22609,0.37972,0.038085,0.13769,0.48562,1,0.44347,0.38997,0.21298,0.041197,-0.009829,0.32097,0.18132,0.30966,0.37265,0.3638,0.28174,0.051053,0.094393,0.089753,0.71333,0.57745,0.30689,0.33452,NaN,0.3252,0.17345,-0.084881,0.11363,0.48604,0.16059,0.023407,0.36906,0.21361,0.36754,0.4385,0.50916,0.25437,0.31256,0.5279,0.16689,-0.027497,0.48371,0.087615,0.37433,0.332,0.31603,0.39393,0.16855,0.36868,-0.08671,0.091667,0.24191,-0.10363,-0.18023,0.21949,0.37558,0.35982,0.34647,0.16449,0.36976,0.53126,0.62985,0.27216,0.23832,0.21916,0.1159,0.2612,0.25896,0.53029,0.40495,0.28414,0.38835,-0.22943,0.16805,0.058393,0.27338,0.59954,0.16721,0.44819,0.33404,0.22646,0.37958,0.28118,-0.046247,-0.023779,0.45909,0.27387,0.17296,0.35066,-0.15237,0.19152,0.54808,0.25955,0.15574,0.34359,0.71411,-0.013151,0.37694,-0.05343,0.31045,0.26274,0.17426,0.02658,0.66204,0.33192,0.28885,0.35162,0.29383,0.51123,0.23334,0.25327,0.49128,0.020971,0.20646,0.28371,0.21017,0.18618,0.26638,0.093009,0.32905,0.35082,-0.20678,0.27834,0.17795,0.63746,0.47007,0.5179,0.3244,0.28548,0.20822,-0.074041,0.24983,0.42167,0.10408,0.20729,0.23183,-0.30189,0.53125,0.31529,0.01717,0.19525,0.37529,0.30795,-0.026078,0.20361,0.64657,0.27168,0.21631,0.32825,0.08527,0.20571,0.40551,0.61183,0.27533,0.38782,0.34262,0.33068,0.31216,0.37322,0.10543,-0.18929,0.25377,0.10885,0.28385,0.13565,0.095,0.31033,-0.23,0.34055,0.52772,0.35685,0.40746,0.3563,0.28242,0.49,0.34305,0.34748,0.38953,0.36891,0.3062,0.19089,0.22124,-0.024733,0.051799,0.48957,-0.32364,0.45122,0.36196,0.38878,0.29355,0.38463,0.45167,0.40629
0.68725,0.47657,0.54528,0.30002,-0.058305,0.65223,0.3447,0.52733,0.66326,0.21611,0.51689,0.44347,1,0.31311,0.55044,0.43532,0.014968,0.070735,0.35078,0.4272,0.38962,0.35255,0.63076,0.13338,-0.0079653,0.3189,0.2609,0.5034,0.62939,0.66556,NaN,0.20658,0.5329,0.37345,0.57488,0.5133,0.05156,0.39119,0.48158,0.12878,0.56467,0.49361,0.52617,0.54049,0.67141,0.3595,0.27709,0.37721,0.37324,0.59946,0.53375,0.32838,0.37108,0.72115,0.56156,0.41061,0.30467,0.38347,0.42554,0.12551,0.17689,0.55395,0.43906,0.057646,0.5486,0.66529,0.32857,0.23331,0.4551,0.61307,0.60579,0.42674,0.079047,0.31705,0.63733,-0.16248,0.46119,0.45286,0.35141,-0.22633,0.50237,0.17255,0.4242,0.35093,0.44334,0.44533,0.57645,0.38722,0.66478,0.22718,0.26926,0.37654,0.35113,0.35711,0.36807,-0.19884,-0.052883,0.16379,0.53271,0.4989,0.024887,-0.15149,0.37667,0.16549,0.25995,0.33568,0.63116,0.64084,0.72389,-0.06167,0.50755,0.32759,0.33012,0.051829,0.28449,0.47463,0.32405,0.3626,0.60615,0.64898,0.26735,0.40497,0.62271,0.66254,0.32608,0.32092,0.64141,0.26712,0.028726,0.55119,0.51491,0.23517,0.15952,0.29065,0.52515,0.45686,0.4083,0.072397,0.42829,0.50675,0.18018,0.60941,0.47692,-0.28525,0.45,0.58324,0.42333,0.65278,0.44557,0.28874,0.1656,0.45003,0.64697,0.5263,0.42333,0.6524,0.16735,0.62378,0.19034,0.60164,0.41211,0.30623,0.50002,0.43876,0.21244,0.51797,0.19949,0.025188,0.56893,0.30878,0.29179,-0.067291,0.49228,0.50709,0.19956,0.28075,0.26349,0.35629,0.64357,0.39569,0.49474,0.63226,0.38125,-0.086187,0.18906,-0.003224,0.5266,0.35086,0.5888,0.13463,0.56762,0.56689,-0.056379,0.55035,0.48871,0.64942,0.54148,0.55846,0.53498,0.41512
0.1171,0.29343,0.25534,0.50178,-0.2359,0.26174,0.42247,0.35774,0.40142,0.39884,0.51982,0.38997,0.31311,1,0.03463,0.028036,0.3082,0.70249,0.52721,0.56295,0.28216,0.64155,0.18751,-0.045226,0.16467,0.15276,0.26454,0.47466,0.50944,0.59185,NaN,0.61014,0.5303,0.56585,0.33366,0.35356,-0.098477,0.35613,0.1603,0.13473,0.53353,0.51766,0.67883,0.42602,0.60824,0.51647,0.29036,0.42053,0.51543,0.41476,0.51251,0.55402,0.16002,0.43677,0.071654,0.35533,0.48021,0.31925,0.50231,0.39473,0.035159,0.096401,0.69229,0.53481,0.17853,-0.024225,0.21778,0.41816,0.45278,0.58534,0.53714,0.44485,0.28958,0.52627,0.69739,0.14556,0.27146,0.59063,0.31607,0.086113,0.47913,0.49715,0.47456,0.27004,0.18273,0.19137,0.37053,0.30466,0.53225,0.54066,0.05566,0.23346,0.31754,0.45752,-0.037376,0.43741,-0.27514,0.19603,0.11791,0.27648,0.044158,0.25558,0.45201,-0.035416,0.05409,0.42883,0.48874,0.51395,0.28251,0.12147,0.36795,0.26255,0.34447,0.4108,0.65264,0.38855,0.34132,0.53698,0.68909,0.30377,0.10663,0.10053,0.23966,0.37686,0.55179,0.2882,0.49186,0.27757,0.20613,0.58254,0.72559,0.41714,-0.062143,0.49,0.41282,0.13201,-0.086673,0.53287,0.29265,0.41759,0.31624,0.28215,0.16055,-0.233,0.39456,0.42512,-0.096561,0.36974,0.40009,0.52941,0.23166,0.087384,0.68394,0.59235,0.5847,0.39131,-0.29306,0.50355,0.45151,0.53668,0.38274,0.45948,0.44123,0.48692,0.6549,0.60033,0.28097,-0.072181,0.20252,0.09044,0.62086,0.51123,0.41572,0.57487,0.073883,0.26646,0.34205,0.35322,0.2196,0.47106,0.42708,0.42861,0.63369,-0.049616,0.4264,0.28859,-0.10167,0.29676,0.47306,0.33185,-0.099516,0.24357,0.1045,0.024451,0.096304,0.38527,0.54051,0.22827,0.50989,0.66413
0.36024,0.35161,0.56454,0.29519,0.28414,0.20391,0.24317,0.40162,0.39366,0.047029,0.59992,0.21298,0.55044,0.03463,1,0.47913,-0.39876,-0.12726,0.41033,0.25625,0.34869,0.18588,0.5046,0.075975,0.33855,0.58845,0.18297,0.41148,0.33338,0.1712,NaN,-0.10525,0.27744,0.21014,0.62698,0.59838,0.22192,0.1141,0.234,0.25174,0.35694,0.51221,0.35295,0.25677,0.43914,0.2296,0.53847,0.28011,0.20313,0.24632,0.19276,0.20443,0.1904,0.69989,0.56291,0.46179,0.07765,0.035707,0.27147,-0.20667,0.56606,0.37855,0.3321,-0.22822,0.25364,0.35834,0.087707,0.095245,0.32016,0.22606,0.5379,0.61544,0.42681,0.17723,0.26439,0.08734,0.058725,0.33462,-0.075701,-0.0052003,0.59801,0.071903,0.37951,0.25163,0.38052,0.71624,0.23499,0.23349,0.59201,0.37718,0.54023,0.55737,0.31504,0.31556,-0.084051,-0.43396,0.022648,-0.078309,0.16977,0.20614,-0.25979,0.056701,0.35226,-0.023224,0.30172,-0.0047723,0.39558,0.63275,0.63503,0.1875,0.45038,0.16142,0.23853,0.35195,0.22385,0.38776,-0.096605,0.24545,0.35705,0.54339,0.13687,0.15124,0.67309,0.32976,0.35291,0.018397,0.50661,-0.044747,-0.15206,0.31312,0.23116,0.27605,0.33711,0.31279,0.38902,0.69744,0.4238,-0.25989,0.51922,0.62146,0.21001,0.28682,0.37972,-0.17158,0.051498,0.30571,0.48941,0.59915,0.28377,0.31413,0.057681,0.3628,0.23029,0.31197,0.22472,0.52034,0.32271,0.45861,-0.11708,0.39299,0.33668,0.28882,0.18347,0.2338,0.18261,0.34864,0.18506,0.25242,0.40859,0.2438,0.46039,-0.1781,0.58351,0.30267,0.45483,0.4718,0.18093,0.30716,0.20995,0.51076,0.24109,0.24781,0.072467,0.040147,0.41586,0.040313,0.509,0.057444,0.35011,0.17537,0.25858,0.49126,0.47944,0.4845,0.37707,0.10168,0.44042,0.29734,0.39957,0.16675
0.48713,0.52066,0.6377,0.46337,0.36242,0.28084,0.19657,0.2609,0.49363,-0.041032,0.16117,0.041197,0.43532,0.028036,0.47913,1,-0.06429,0.095237,0.43812,0.25928,0.31261,0.11435,0.29473,0.047155,0.18396,0.24028,-0.063583,0.30471,0.42843,0.20862,NaN,0.0083165,0.093045,0.29132,0.37413,0.40435,0.10943,0.33057,0.38265,0.51373,0.39229,0.11178,0.47946,0.44579,0.24832,0.22791,0.39778,0.16611,0.012935,0.34142,0.61256,0.10656,0.16981,0.3036,0.15652,0.26337,0.065463,0.22943,0.3292,-0.0054479,0.50182,0.086605,0.17608,-0.11105,0.30132,0.36576,0.10254,0.26045,0.060607,0.11536,0.55176,0.18934,0.26914,0.50016,0.20805,-0.031559,0.10213,0.35811,-0.11061,0.34075,0.44198,0.059169,0.49563,0.10942,0.63244,0.51008,0.31355,0.69323,0.4149,0.21252,0.45539,0.62604,0.36573,0.5341,0.2921,-0.092312,0.41019,0.32389,0.21571,0.67234,-0.27053,-0.038403,0.33366,0.24952,0.36339,0.41561,0.22633,0.53783,0.38347,0.51507,0.23278,0.17586,0.3118,0.040611,0.35838,0.21319,0.22008,0.49949,0.30645,0.5485,0.61386,0.33931,0.62508,0.34985,0.50695,0.36028,0.49523,-0.0057367,-0.27157,0.45875,0.28428,0.025508,-0.19563,0.21593,0.45596,0.4874,0.44209,0.20368,0.34996,0.23187,0.26492,0.24903,0.70951,-0.21539,0.09096,0.56591,0.40635,0.5247,0.049321,-0.10642,0.025009,0.59124,0.37892,0.43522,0.22817,0.39906,-0.13477,0.19466,0.15599,0.33684,0.10952,0.36443,0.33275,0.16052,0.24672,0.24141,0.3477,0.18274,0.52001,0.31691,0.36004,-0.48322,0.26218,0.61651,0.16553,0.59317,0.065393,0.29468,0.29693,0.19254,0.37668,0.19241,0.25965,-0.10463,0.31543,0.13688,0.79212,-0.04449,0.36359,0.20833,0.19379,0.5467,0.15782,0.13071,0.29737,0.22535,0.28021,0.39804,0.5467,0.11142
-0.043303,0.12534,-0.3412,0.13415,-0.1456,-0.076169,0.161,-0.083366,0.054073,0.022119,0.061821,-0.009829,0.014968,0.3082,-0.39876,-0.06429,1,0.17176,-0.30082,0.011561,0.10571,0.26065,-0.032213,-0.0092233,-0.43548,-0.042057,0.19832,0.094836,0.13378,0.33117,NaN,0.53205,0.22888,0.19252,0.18327,0.098588,-0.43726,0.17803,-0.20698,-0.28417,0.33107,-0.091238,0.022399,0.31889,0.29544,0.35593,-0.0067187,0.068908,0.21393,0.10767,0.18841,0.1835,0.089788,0.050883,-0.43881,-0.16497,0.040871,0.33223,-0.13733,0.48216,-0.35034,-0.091326,0.16748,0.22998,0.39187,-0.16965,0.048692,0.0272,0.23596,0.45397,0.16934,-0.28054,0.093179,0.021626,0.27028,0.10444,0.10493,0.25454,0.17634,-0.42581,0.17591,0.33129,0.28841,-0.27043,0.099257,-0.1978,0.17899,0.039533,-0.028668,-0.024971,-0.20862,0.14958,-0.18281,0.11664,0.13961,0.36334,-0.51898,0.21352,0.18324,0.229,0.090925,0.090115,-0.10021,-0.016551,0.089006,0.27884,0.20094,0.12527,-0.072376,-0.087625,-0.23218,0.42744,-0.12624,0.21441,0.24734,0.19427,0.2868,0.31071,-0.066115,0.20147,0.12717,0.092455,0.15084,-0.11836,0.16172,-0.02715,0.17423,-0.20548,0.14811,0.42186,0.20639,-0.10215,-0.45181,0.1682,-0.0097468,-0.1864,-0.10823,0.763,0.14452,0.080327,0.073328,0.019141,-0.17363,-0.029608,0.33366,0.14914,-0.17448,0.15029,0.27144,-0.094233,0.40646,0.14016,-0.044155,0.3439,0.47996,-0.12138,-0.33021,0.23137,0.16612,-0.036768,0.12317,0.20979,0.15573,0.22992,0.076754,0.09888,0.013794,-0.37287,0.0089614,-0.43688,0.099843,0.23546,-0.04651,0.21124,-0.20127,-0.20038,0.0074459,-0.23618,0.012569,-0.26014,-0.21909,0.08372,0.2683,0.02818,0.12646,-0.020453,0.009944,0.38721,0.22719,0.24973,-0.19386,-0.048773,-0.052993,-0.12623,-0.17425,0.28552,0.19081,-0.073375,0.24596,0.34398
-0.038929,0.15907,0.35939,0.60635,-0.21608,0.26857,0.37828,0.29367,0.27938,0.40924,0.29509,0.32097,0.070735,0.70249,-0.12726,0.095237,0.17176,1,0.41787,0.48731,-0.067891,0.82306,-0.080071,0.020039,0.17909,0.21462,0.056698,0.37222,0.32274,0.33542,NaN,0.71866,0.36939,0.45575,-0.022238,0.27743,0.043938,0.26687,0.1328,0.025034,0.47209,0.50883,0.45991,0.29609,0.43999,0.49505,0.1764,0.14741,0.31237,0.39402,0.52871,0.51199,0.32197,0.27053,-0.090012,0.38989,0.18068,0.15823,0.42848,0.47131,-0.052481,0.012926,0.5777,0.33213,0.018473,0.00090688,0.34027,0.48297,0.42181,0.37843,0.34244,0.10595,0.24217,0.36287,0.55276,0.16742,0.24639,0.4236,0.2134,0.22258,0.14856,0.57435,0.35565,0.30758,0.11038,0.18394,0.30115,0.47991,0.47256,0.43299,-0.011265,0.21752,0.11981,0.62349,0.023898,0.25353,-0.13104,0.33867,-0.077148,0.33352,0.13443,-0.0031907,0.35979,-0.036727,-0.10795,0.38832,0.4913,0.31607,-0.072767,0.10604,0.41533,0.10621,0.27989,0.33242,0.44944,0.41129,0.42798,0.55466,0.50664,0.148,-0.032029,0.094655,0.10849,0.34976,0.52476,0.28147,0.34472,0.40306,0.15444,0.40367,0.61393,0.24365,0.013753,0.49084,0.37508,-0.096554,-0.0050978,0.45263,0.3436,0.079139,0.22636,0.097251,0.079718,-0.23634,0.4336,0.41016,-0.05863,0.020684,0.16426,0.43438,0.26343,0.020875,0.54798,0.50704,0.44041,0.3327,-0.15257,0.44942,0.50555,0.45433,0.17066,0.44074,0.46662,0.41932,0.75091,0.3774,0.22531,-0.035235,0.25858,0.24618,0.48995,0.52071,0.3961,0.59408,-0.091918,0.1231,0.51092,0.4752,0.033414,0.39852,0.4266,0.35313,0.78422,0.29547,0.43444,0.34535,-0.0074645,0.32825,0.356,0.1355,-0.085123,0.46104,-0.0039097,-0.020748,0.077413,0.25025,0.47653,0.17408,0.53733,0.58256
0.51438,0.34373,0.57758,0.28855,0.11951,0.36309,0.24547,0.37999,0.4895,0.47067,0.33295,0.18132,0.35078,0.52721,0.41033,0.43812,-0.30082,0.41787,1,0.51032,0.39086,0.39656,0.29854,0.062035,0.4723,0.27898,0.089588,0.44431,0.43081,0.11729,NaN,0.16902,0.1276,0.42225,0.46758,0.33256,0.47199,0.46937,0.49715,0.35643,0.27187,0.57203,0.66494,0.40107,0.32685,0.28865,0.53311,0.15723,0.55009,0.44012,0.38863,0.29288,0.21795,0.45237,0.45973,0.62542,0.25206,0.42126,0.63574,0.13356,0.59214,0.075594,0.36978,0.27621,-0.21399,0.38566,0.1525,0.53697,0.18727,0.17309,0.40689,0.48579,0.1815,0.62506,0.40565,0.064264,0.15385,0.37263,0.30238,0.43965,0.43539,0.23441,0.23555,0.37246,0.35299,0.31222,0.2101,0.45118,0.44832,0.39423,0.41721,0.38753,0.51742,0.4545,-0.051529,-0.0087794,0.45412,0.39413,0.15935,0.30216,-0.0088072,0.062483,0.51473,0.13837,0.12401,0.47006,0.3572,0.48427,0.49998,0.43601,0.41886,0.071093,0.59714,0.38932,0.44562,0.097054,-0.016776,0.51811,0.4892,0.36233,0.26135,0.040313,0.31794,0.65468,0.43392,0.54709,0.5521,0.47476,0.27928,0.37311,0.49989,0.33277,0.14058,0.45683,0.46649,0.40701,0.18308,0.12146,0.26134,0.41867,0.011496,0.5543,0.63479,-0.38702,0.31223,0.42438,0.041168,0.47481,-0.017827,0.44408,0.019398,0.17059,0.6253,0.55708,0.43296,0.29183,-0.10669,0.31051,0.29079,0.51765,0.2205,0.46233,0.38918,0.35764,0.63925,0.34672,0.47893,0.50233,0.48723,0.62655,0.68731,0.010931,0.47873,0.51762,0.29978,0.51149,0.19451,0.45422,0.30551,0.45441,0.51196,0.27113,0.41976,0.072582,0.38773,0.21225,0.12599,-0.091046,0.4709,0.30824,0.39428,0.2887,0.35553,0.09039,0.28577,0.21173,0.29944,0.21066,0.39319,0.2429
0.33559,0.2287,0.44109,0.49759,-0.16439,0.22444,0.03015,0.37224,0.16628,-0.041551,0.56632,0.30966,0.4272,0.56295,0.25625,0.25928,0.011561,0.48731,0.51032,1,0.25517,0.4992,0.48525,0.053147,0.45132,0.34867,0.2245,0.16388,0.56755,0.29795,NaN,0.36705,0.30295,0.31259,0.42264,0.38987,-0.16073,0.24924,0.30738,0.12975,0.60419,0.36578,0.6394,0.25108,0.46868,0.56104,0.38735,0.32443,0.16932,0.61161,0.53458,0.27515,0.28415,0.5367,0.15999,0.22206,0.24496,0.26983,0.30583,0.30118,0.0055915,0.27207,0.55513,0.55733,0.15859,0.21587,0.29662,0.28325,0.31243,0.42762,0.64365,0.42635,0.174,0.25402,0.52358,0.087709,0.6289,0.58216,0.45899,0.39864,0.28264,0.55068,0.18439,0.56977,0.38383,0.18808,0.64873,0.49395,0.58482,0.15983,0.19128,0.34286,0.29315,0.6101,-0.16144,-0.065392,-0.12654,0.46131,0.37919,0.4289,0.039742,-0.020285,0.44726,-0.010222,-0.26297,0.22819,0.49404,0.45035,0.4805,0.21977,0.32915,0.20858,0.37697,0.20675,0.68675,0.3108,0.19559,0.39814,0.38197,0.36304,0.075176,0.44064,0.25351,0.52835,0.21339,0.31417,0.42988,0.19165,0.19088,0.48721,0.69566,0.34281,0.068756,0.25337,0.50636,0.41626,0.28641,0.36562,0.6496,0.30357,-0.040987,0.3103,0.30191,-0.38654,0.21126,0.53126,0.094209,0.42515,0.34479,0.34737,0.42533,0.15563,0.52998,0.41777,0.30302,0.52186,-0.00040397,0.43551,0.59671,0.50045,0.6469,0.21819,0.085012,0.14281,0.43845,0.2179,0.20215,-0.075951,0.30657,0.39398,0.50268,0.11113,0.48754,0.40582,0.24477,0.22472,0.62949,0.30515,0.0068135,0.40968,0.65107,0.71546,0.58722,-0.18186,0.48372,0.11896,0.18625,0.33673,0.40293,0.067558,0.11918,0.57754,0.15652,0.098961,0.15938,0.48134,0.2923,0.17467,0.52729,0.50488
0.31525,0.58627,-0.051383,-0.0064068,0.28105,0.28224,0.050264,0.22475,0.28144,0.22526,0.40654,0.37265,0.38962,0.28216,0.34869,0.31261,0.10571,-0.067891,0.39086,0.25517,1,-0.045701,0.11825,0.10343,-0.14228,0.20208,0.52728,0.40039,0.36694,0.040453,NaN,0.10046,0.2022,0.14172,0.43546,0.32832,0.13542,0.45052,0.42186,0.59421,0.26906,0.36127,0.61378,0.19073,0.22213,0.36637,0.51463,0.33107,0.43616,0.25526,0.28191,0.014756,-0.12168,0.2832,0.30251,0.057087,0.14163,0.38816,0.076933,-0.14832,0.15246,0.1795,0.26057,0.32273,0.096095,0.25555,0.27834,0.46276,0.33688,0.14355,0.40962,0.25574,0.4287,0.17287,0.16743,0.30251,0.020346,0.32388,0.10365,-0.17116,0.47086,-0.23452,0.24764,0.22037,0.43468,0.11857,0.34974,0.26149,0.28507,0.16273,0.167,0.183,0.75699,0.30775,0.089274,0.10433,0.18466,0.34813,0.56236,0.16756,0.26256,0.35319,0.47693,0.52643,0.68964,0.089242,0.27933,0.23851,0.41684,0.1959,0.38069,0.3769,0.26529,0.23471,0.42097,0.19731,0.0236,0.37145,0.21452,0.36788,0.31236,0.35212,0.20498,0.38577,0.4259,0.29663,0.22907,0.093612,0.17703,0.36891,0.16058,0.15996,0.10319,0.33283,0.52321,0.40255,0.40105,0.20524,0.13036,0.54862,-0.098867,0.58058,0.46691,-0.48508,0.090118,0.38391,0.2279,0.37389,0.2009,0.31539,0.078558,0.12755,0.44567,0.32047,0.20814,0.26965,0.14479,0.12132,0.1791,0.33906,0.16622,0.40617,0.27688,0.31245,0.22014,0.28773,0.35515,0.15737,0.27358,0.055472,0.26445,0.054364,0.25246,0.43527,-0.048971,0.58977,0.11756,0.03356,0.48283,0.36553,0.41231,0.33055,0.3483,-0.18537,0.44777,0.059728,0.17808,-0.16029,0.47439,0.31059,0.082622,0.23664,0.35384,0.37757,0.52391,0.063831,0.10024,0.41771,0.25804,0.29499
0.14774,0.26359,0.39628,0.62542,-0.225,0.46147,0.48748,0.33321,0.34608,0.49031,0.58902,0.3638,0.35255,0.64155,0.18588,0.11435,0.26065,0.82306,0.39656,0.4992,-0.045701,1,0.27008,0.09255,0.29501,0.41543,0.20916,0.46236,0.48423,0.40929,NaN,0.80834,0.4907,0.46486,0.25218,0.5087,0.13279,0.37388,0.21081,-0.12658,0.64372,0.61241,0.42485,0.46137,0.65881,0.52524,0.36308,0.2501,0.41329,0.43387,0.49389,0.68054,0.61041,0.61223,0.12786,0.6139,0.18305,0.30422,0.3608,0.57703,0.11436,0.34277,0.64596,0.18928,0.29334,0.25538,0.30989,0.43907,0.59986,0.58899,0.48663,0.13388,0.25698,0.34408,0.67143,0.12989,0.42583,0.51672,0.34689,-0.058545,0.31988,0.70491,0.48337,0.34925,0.14619,0.34056,0.34257,0.41813,0.59232,0.45212,0.17418,0.35478,0.059496,0.57086,0.09319,0.041017,-0.30054,0.29015,-0.011643,0.35173,0.077336,0.002883,0.32809,-0.1935,-0.06059,0.37279,0.67895,0.58742,0.26336,-0.083256,0.46569,0.26105,0.29947,0.52948,0.35896,0.63915,0.4619,0.59691,0.5664,0.47199,-0.15968,0.061675,0.44226,0.49521,0.50963,0.29228,0.65391,0.4104,0.2923,0.64063,0.64167,0.38888,0.11678,0.48114,0.40702,0.15168,0.24141,0.44553,0.53072,0.32468,0.14859,0.26815,0.13131,-0.25599,0.60001,0.43036,0.16278,0.36212,0.33869,0.40011,0.35357,0.29483,0.47808,0.73152,0.72197,0.34835,-0.052493,0.69305,0.36592,0.45734,0.32377,0.50204,0.59725,0.45997,0.66919,0.50614,0.17314,0.01908,0.5215,0.30022,0.60056,0.50268,0.63175,0.59057,0.12323,0.1035,0.4611,0.33227,0.072862,0.40014,0.35789,0.48054,0.70486,0.42022,0.41422,0.16608,0.17993,0.55191,0.59865,0.27221,0.20904,0.59015,0.15616,0.14597,0.23767,0.47205,0.7229,0.27448,0.59348,0.67031
0.40884,0.27594,0.32941,0.32391,-0.11596,0.31132,0.082053,0.24729,0.35766,-0.18344,0.53112,0.28174,0.63076,0.18751,0.5046,0.29473,-0.032213,-0.080071,0.29854,0.48525,0.11825,0.27008,1,0.081464,0.37742,0.23094,0.2602,0.16722,0.53158,0.34175,NaN,0.12074,0.17873,0.25171,0.47157,0.31323,0.14595,0.38135,0.42999,-0.099501,0.40243,0.16822,0.40682,0.37655,0.4599,0.23857,0.040471,0.16147,0.27098,0.45954,0.22393,0.33772,0.16554,0.62283,0.43282,0.36392,0.19787,0.27412,0.17613,0.095287,0.21029,0.49324,0.18843,0.005169,0.38479,0.38835,-0.072359,-0.14026,0.25401,0.40251,0.54322,0.36773,0.11104,0.28359,0.35414,0.1126,0.3934,0.35616,0.16767,-0.021121,0.40007,0.23703,0.27209,0.47209,0.34228,0.38119,0.41091,0.16845,0.46765,-0.06857,0.26862,0.46438,0.090159,0.27521,0.069709,-0.15422,-0.084899,0.24692,0.25421,0.23634,-0.27792,-0.038034,0.38191,-0.28741,-0.10871,0.030453,0.38272,0.58791,0.62424,-0.063714,0.1671,0.23904,0.26525,0.24884,0.34272,0.24597,-0.046313,0.16503,0.3772,0.62797,-0.025168,0.2409,0.58066,0.45862,0.09897,0.29976,0.44937,0.38606,0.099504,0.47673,0.37169,0.24835,0.087246,-0.011549,0.45899,0.4595,0.33989,-0.0073455,0.59068,0.47628,-0.080011,0.28041,0.3596,-0.24824,0.14243,0.25087,0.32885,0.72624,0.49624,-0.061805,0.087862,0.48673,0.28784,0.40198,0.29175,0.27023,0.14104,0.38874,0.25562,0.42229,0.377,0.23183,0.13162,0.046512,0.08292,0.26648,-0.11204,-0.23701,0.54917,0.50038,0.21117,-0.19593,0.49988,0.10218,0.12978,0.15533,0.035732,0.080279,0.17026,0.16381,0.13918,0.50185,0.08337,-0.12388,0.17829,-0.073928,0.5014,0.36005,0.52931,0.33437,0.41868,0.43733,-0.028702,0.043059,0.30313,0.40672,0.33417,0.1824,0.36325,0.13393
0.13708,9.8868e-05,0.12258,0.042264,0.053099,0.13202,0.020786,0.017592,0.13755,0.083742,0.037205,0.051053,0.13338,-0.045226,0.075975,0.047155,-0.0092233,0.020039,0.062035,0.053147,0.10343,0.09255,0.081464,1,0.022549,0.029705,-0.0014285,-0.0090804,0.16991,0.030512,NaN,0.045243,0.098395,0.066656,-0.0040803,0.15393,0.11247,0.10272,0.20358,-0.094985,-0.0096713,0.02897,0.018573,0.097137,0.086003,0.023018,0.064348,0.046051,0.1245,0.089717,0.16689,0.065686,0.097127,0.098057,0.063721,0.090367,0.12328,0.05893,0.12299,0.050422,0.090615,0.19239,0.050498,-0.011978,0.059159,0.202,0.080644,-0.02416,0.087731,0.070535,0.033339,0.011544,-0.071178,0.054232,0.0998,-0.06184,0.081254,0.052254,0.11857,-0.016816,0.060436,0.018788,0.026573,0.099185,0.14351,-0.0356,0.020463,0.042244,0.10072,-0.028727,-0.0074975,0.049349,0.091652,0.081562,0.12672,-0.089092,0.012999,-0.0023939,0.096921,0.03413,0.0040781,-0.10343,0.028912,0.040077,0.077173,0.013934,0.094434,0.03655,0.12034,-0.076682,-0.020327,0.015404,0.099502,0.028036,-0.08287,0.10699,-0.014816,0.044995,0.079084,0.10617,-0.025904,0.028708,0.12372,0.21639,0.034495,0.12057,0.084391,0.11148,0.19615,0.030509,-0.027073,0.00082968,0.11725,0.0070395,0.09681,0.059333,0.084095,0.055125,-0.0065323,0.091143,-0.0088438,0.14003,0.062094,-0.10076,0.11304,0.096612,0.14637,0.10536,0.05098,0.043672,0.061197,0.014271,0.099136,0.1141,0.097753,0.065957,0.10742,0.12656,0.021549,0.086612,0.032775,-0.0035088,0.052836,0.087119,0.018012,0.087428,-0.66817,0.099805,0.10937,0.10123,0.025566,0.034583,0.12082,0.053042,0.023267,0.024565,0.0065829,0.04422,0.19954,0.026405,0.083818,0.13217,0.1215,0.00087801,0.031198,-0.025142,0.072187,0.065017,0.12565,0.095674,0.20046,0.052514,-0.063081,0.11865,0.19231,0.087896,0.010056,0.012285,0.020817,-0.051705
