1,0.34004,0.044474,0.279,0.29927,0.19109,-0.10486,0.16964,0.052719,0.21206,0.12608,0.062302,0.25729,0.14042,0.37469,0.32703,0.10194,0.14606,-0.033373,0.43307,0.19327,0.27574,0.32866,0.82235,0.23886,0.054535,0.19587,-0.30752,0.3619,0.033326,NaN,0.33782,0.11996,0.46194,0.11253,0.30431,0.46132,0.21658,0.21191,0.054716,-0.01846,-0.0039264,0.32254,0.1056,0.232,0.16006,-0.10326,-0.24614,0.28436,0.44494,0.23293,0.20029,0.34717,-0.27173,-0.098667,-0.17064,0.49478,NaN,0.46082,-0.11258,0.072132,0.62061,0.00035724,0.21821,0.27479,0.68559,-0.063818,0.092816,0.081675,0.15945,0.13785,0.34165,0.18165,0.23749,0.23776,0.31851,0.095815,0.3998,-0.18789,0.029873,0.052868,0.1309,0.27633,0.054129,0.13069,-0.17768,8.1611e-05,0.29582,0.40372,0.16732,0.23737,0.0018383,0.34933,0.14796,0.03854,0.0063429,0.20112,0.25894,0.28254,0.17878,0.098314,0.19895,0.20624,0.24653,0.09893,0.29046,0.17241,0.17444,0.23216,0.10852,0.13225,-0.058874,0.40487,0.10374,0.35159,0.25003,0.18818,0.33387,0.44304,0.24993,0.11488,0.086323,0.46759,0.14869,-0.16454,0.2012,0.080344,0.22934,0.61868,0.32026,0.12473,0.073837,0.018353,0.27754,0.058216,0.37115,0.26363,0.28369,0.098081,-0.066801,0.37327,0.90932,0.046581,0.43639,0.21214,0.16368,0.58843,0.22119,-0.15913,0.088594,0.1123,0.28487,0.2984,0.11292,0.052888,0.457,0.14041,0.11986,0.25056,0.17016,0.16651,0.14358,0.22454,0.089617,0.21047,0.33246,0.10248,0.29471,0.28941,0.4886,0.19107,-0.03916,0.42406,0.2144,-0.04611,-0.14521,-0.031423,-0.11985,0.41759,0.16256,0.33878,0.46651,0.12586,0.25913,-0.0088483,0.27984,0.37483,0.032403,0.45322,0.36073,0.60421,0.31982,0.26489,0.20404,0.43712,-0.1584,0.21211,0.41799,0.11734,-0.055245
0.34004,1,0.30324,0.54805,0.53176,0.49746,0.1462,0.21329,0.53575,0.5292,0.48,0.54159,0.37694,0.56012,0.64255,0.36372,0.13826,0.55178,0.58143,0.66374,0.84613,0.61888,0.8107,0.36599,0.54674,0.56233,0.54646,0.17395,0.52709,0.19537,NaN,0.44571,0.29472,0.56537,0.44703,0.5103,0.47586,0.73679,0.3012,0.55723,0.62903,0.52732,0.57605,0.40292,0.57457,0.63686,0.5655,-0.49052,0.38221,0.5698,0.57705,0.55378,0.33307,0.44182,0.15801,0.55508,0.38082,NaN,0.31304,0.44926,0.41995,0.010531,0.49279,0.51995,0.43382,0.63575,0.20826,0.73148,0.65191,0.38802,0.50985,0.38267,0.55702,0.66123,0.56532,0.45244,0.58366,0.38591,0.41115,-0.12872,0.47149,0.60949,0.50448,-0.036483,0.43876,0.13504,0.65289,0.44556,0.37158,0.4559,0.40322,0.20363,0.62326,0.41293,0.3476,0.53641,0.16997,0.22641,0.33204,0.5851,0.36063,0.38427,0.64283,0.099605,0.66461,0.60269,0.5573,0.43296,0.68089,0.57044,0.4308,0.13604,0.35546,0.28125,0.50648,0.26893,0.3105,0.53496,0.23918,0.63604,0.15018,0.64438,0.62203,0.44194,0.65419,0.25731,0.43267,0.50408,0.36349,0.32386,0.51089,0.35283,0.37532,0.5261,0.40787,0.70766,0.53895,0.56407,0.47477,0.38118,0.28431,0.29776,0.33252,0.7198,0.76896,-0.20396,-0.0527,0.38027,0.44949,0.43275,0.66799,0.68008,0.47804,0.63577,0.58486,0.55475,0.32087,0.45094,0.45022,0.51418,0.57387,0.49026,0.74425,0.43253,0.73969,0.53602,0.63106,0.51499,0.56035,0.49262,0.47771,0.52842,0.64422,0.52202,0.42102,0.28045,0.55419,0.34749,0.54299,0.19962,0.20076,0.66601,0.52832,0.26687,0.36735,0.67509,0.7065,0.36407,0.58974,0.32482,0.6277,0.45008,0.62082,0.56306,0.7404,0.45349,0.50295,0.53627,0.45562,0.51084
0.044474,0.30324,1,0.3494,0.56762,0.48652,0.26397,0.20171,0.2482,0.089248,0.43104,0.19095,0.74161,0.59135,0.25549,-0.24684,-0.23521,0.45074,0.23989,0.35581,0.3157,0.46192,0.40854,0.027471,0.19431,0.13224,0.22087,0.046541,0.4344,0.3892,NaN,0.32226,0.14714,0.44573,0.51211,0.45799,0.18478,0.29421,0.064321,0.36921,0.56801,0.42513,-0.12014,0.69698,0.55226,0.32031,0.4179,-0.30885,0.41134,0.52413,0.36465,0.20999,0.40946,0.089494,0.50789,-0.25319,-0.0038315,NaN,0.30819,0.36843,0.32662,-0.20616,0.12896,0.34094,0.38322,0.29503,0.12085,0.45151,0.24424,0.53687,0.45429,0.18683,0.23521,0.24552,0.50118,0.49825,0.10422,0.40761,0.6497,0.11004,0.44426,0.37167,0.2511,0.024952,0.3893,0.33833,0.33032,0.17505,0.33737,0.51412,0.054069,0.27011,0.29281,0.44739,0.26942,0.48312,0.23276,0.018523,0.16631,0.34283,0.23435,0.1483,0.15842,0.39784,0.32282,0.27448,0.52584,0.28891,0.31392,0.26862,0.38647,0.44576,0.38088,0.36664,0.20722,0.3043,0.1819,0.29224,-0.15161,0.57667,0.43847,0.15596,0.33474,0.12344,0.36229,0.22447,0.29691,0.52976,0.12528,0.31177,0.36445,0.4381,0.23554,0.41391,0.16553,0.45342,0.39289,0.59102,0.61686,0.48933,0.063945,-0.047878,-0.043551,0.59842,0.28101,0.39975,-0.024357,0.20436,0.57286,0.34467,0.37516,0.2204,-0.090392,0.33393,0.4293,0.34992,0.0058707,0.68733,0.42995,0.55742,0.37809,0.45226,0.26616,0.30077,0.4862,0.33665,0.4393,0.31675,0.40661,0.1971,0.57008,0.19136,0.39691,0.41208,0.39039,0.50174,0.19351,0.40123,0.18361,0.6388,-0.18672,0.38694,0.43145,0.078935,0.64215,0.45856,0.30183,0.17222,0.38035,0.14635,0.3286,0.41942,0.31003,0.22326,0.54323,0.477,0.017465,0.44834,0.64868,0.34287
0.279,0.54805,0.3494,1,0.52538,0.45257,0.037228,0.33841,0.41132,0.45911,0.50756,0.49927,0.52265,0.62193,0.47038,0.17472,0.14238,0.63616,0.49738,0.60933,0.58255,0.55056,0.56306,0.22048,0.53511,0.50489,0.49833,0.54525,0.51197,0.44609,NaN,0.4618,0.10179,0.36601,0.32654,0.38147,0.1157,0.50271,0.32188,0.61236,0.51819,0.31513,0.33744,0.42492,0.66291,0.62488,0.53814,-0.14861,0.45265,0.71058,0.50688,0.49848,0.62657,0.38637,0.56624,0.22318,0.37883,NaN,0.50183,0.32018,0.47205,-0.11626,0.28418,0.48739,0.48908,0.39347,0.34488,0.59978,0.40678,0.46005,0.40926,0.40541,0.28481,0.50434,0.60241,0.41863,0.44046,0.48435,0.3751,0.14122,0.56693,0.45869,0.63715,0.16928,0.62895,0.34074,0.58168,0.41305,0.36682,0.37101,0.27733,0.49932,0.23313,0.50823,0.17268,0.54175,0.0026349,0.54711,0.34344,0.54304,0.32825,0.13099,0.34293,0.27283,0.45697,0.27953,0.67198,0.38475,0.44994,0.27645,0.44695,0.056796,0.13149,0.32386,0.48353,0.49881,0.27097,0.54639,0.31589,0.61481,0.39949,0.63197,0.4637,0.45304,0.5297,0.21224,0.47885,0.47888,0.19491,0.40457,0.23785,0.37928,0.22257,0.2586,0.3401,0.45931,0.44805,0.60861,0.48427,0.38333,0.46731,0.088116,0.51309,0.4909,0.41268,-0.17895,-0.16665,0.2497,0.64928,0.51997,0.27737,0.55211,0.65198,0.42697,0.39242,0.63687,0.25828,0.46005,0.16452,0.33421,0.48256,0.64443,0.52321,0.49177,0.64735,0.60703,0.50919,0.72844,0.60079,0.58636,0.44085,0.67464,0.61538,0.51972,0.37368,0.45377,0.41441,0.31596,0.34238,0.44301,0.27275,0.42216,0.67936,-0.039372,0.71362,0.62137,0.55943,0.48917,0.51654,0.23218,0.29599,0.32412,0.65521,0.42161,0.41676,0.55899,0.17227,0.47416,0.57082,0.54254
0.29927,0.53176,0.56762,0.52538,1,0.7485,0.0028678,0.36557,0.37477,0.57054,0.57832,0.61352,0.58923,0.68592,0.50721,0.39449,0.15624,0.72976,0.44383,0.67201,0.44255,0.81135,0.8067,0.45211,0.50268,0.66283,0.51009,0.36074,0.70034,0.42203,NaN,0.60586,0.46769,0.73519,0.52459,0.57296,0.21129,0.6243,0.39294,0.69654,0.54195,0.54189,0.27743,0.63508,0.68526,0.78029,0.4531,-0.14236,0.54821,0.84191,0.71478,0.52551,0.50352,0.29722,0.22839,0.11513,0.12022,NaN,0.66458,0.58576,0.61745,0.13145,0.32828,0.57824,0.88431,0.66162,0.42054,0.79387,0.51466,0.58696,0.59498,0.55369,0.064748,0.55657,0.65258,0.73869,0.49392,0.60916,0.42167,0.17158,0.65953,0.81895,0.67552,-0.044314,0.67945,0.37501,0.57944,0.76313,0.83333,0.76195,0.24572,0.52103,0.42332,0.75421,0.49411,0.65538,0.03027,0.57457,0.40974,0.75162,0.33194,0.27903,0.59943,0.10234,0.49359,0.62814,0.73464,0.55498,0.63959,0.41516,0.67261,0.54444,0.63267,0.48904,0.71218,0.7416,0.24713,0.78201,0.29345,0.6755,0.73967,0.64024,0.676,0.49604,0.58863,0.41132,0.55189,0.78308,0.19105,0.56347,0.51529,0.66151,0.41222,0.56019,0.31265,0.52494,0.53586,0.72563,0.8476,0.68782,-0.078313,0.35133,0.3378,0.84362,0.28227,0.081948,0.19243,0.25169,0.60165,0.59675,0.66692,0.62378,0.46414,0.67376,0.58823,0.7154,0.28357,0.70169,0.36476,0.57113,0.64971,0.83963,0.57748,0.71567,0.60106,0.69156,0.72505,0.52115,0.61234,0.52287,0.63862,0.55732,0.77025,0.82747,0.47657,0.30248,0.69337,0.53749,0.53721,0.6642,0.0078974,0.5472,0.61986,0.2066,0.67469,0.58842,0.50957,0.62374,0.66952,0.43395,0.51747,0.57304,0.70753,0.72065,0.73803,0.64202,0.47746,0.66339,0.87185,0.7045
0.19109,0.49746,0.48652,0.45257,0.7485,1,0.066115,0.3336,0.39982,0.48092,0.65394,0.60503,0.3939,0.52613,0.37632,0.40105,0.2504,0.45352,0.61383,0.67775,0.42165,0.52359,0.69607,0.36616,0.60925,0.49712,0.6336,0.24967,0.61034,0.62858,NaN,0.23816,0.078491,0.60382,0.49839,0.45726,0.26883,0.71537,0.65915,0.65424,0.4834,0.61336,0.27213,0.49527,0.49926,0.59614,0.58111,-0.31597,0.34785,0.58904,0.5465,0.53395,0.29393,0.40198,0.067399,0.089427,0.32668,NaN,0.40391,0.49716,0.55808,-0.020957,0.35948,0.57083,0.69364,0.5048,0.26114,0.50362,0.70476,0.32033,0.64702,0.47622,0.3827,0.54993,0.40145,0.49226,0.5608,0.56457,0.26012,0.094764,0.30633,0.49428,0.38122,0.32521,0.52212,-0.0060147,0.31071,0.68092,0.62873,0.63114,0.38282,0.33732,0.23781,0.65751,0.32091,0.59114,0.13492,0.41532,0.35821,0.66367,0.44335,0.35721,0.5534,0.07925,0.57412,0.52192,0.50812,0.51186,0.74785,0.38011,0.3787,0.25936,0.53061,0.14531,0.37879,0.48998,0.13338,0.60402,0.24257,0.66436,0.49289,0.64385,0.53839,0.59559,0.54104,0.55876,0.60751,0.68891,0.19124,0.53508,0.41204,0.52805,0.26688,0.41376,0.44395,0.45712,0.65411,0.53126,0.58438,0.50513,-0.042768,0.25969,0.25334,0.69364,0.33605,-0.1189,0.119,0.29239,0.51094,0.45799,0.52256,0.54587,0.50993,0.60626,0.65207,0.64893,0.20847,0.48106,0.4311,0.51408,0.67208,0.82532,0.66302,0.51132,0.6755,0.49796,0.51324,0.48654,0.72514,0.41008,0.66862,0.47418,0.6732,0.59182,0.3331,0.20727,0.62487,0.48777,0.67277,0.41894,-0.02796,0.71241,0.30881,0.064655,0.45961,0.4755,0.58177,0.65881,0.54379,0.21414,0.52916,0.53228,0.52557,0.68893,0.76138,0.55271,0.48995,0.52205,0.72351,0.58054
-0.10486,0.1462,0.26397,0.037228,0.0028678,0.066115,1,-0.14685,0.30128,-0.06307,0.24069,-0.10958,0.26675,0.1871,0.2341,-0.30151,0.18035,0.02976,0.13368,0.040231,0.18318,-0.13233,0.095506,-0.15153,0.13422,-0.30264,0.38752,-0.21801,-0.067595,0.31761,NaN,-0.014517,0.26526,-0.11007,0.24994,-0.082564,-0.011527,-0.0045698,-0.14745,0.079151,0.12599,0.3889,0.10492,0.45281,0.17964,-0.12187,-0.10656,-0.23135,0.025702,-0.06417,0.042977,-0.10187,0.02077,0.16567,0.45607,-0.069353,-0.22592,NaN,0.043449,0.076065,-0.21523,-0.21343,0.067861,0.19902,-0.21914,0.030798,-0.13244,0.062763,0.068196,0.19725,0.46154,-0.0050244,0.31281,-0.12401,-0.093148,0.016245,0.1236,0.16722,0.43643,0.14462,-0.051402,0.018923,0.089153,0.062851,0.25516,-0.1941,0.26144,-0.22535,-0.070752,-0.11789,0.20664,0.084866,0.32568,-0.27816,-0.24554,0.1272,0.52129,0.028355,0.39728,-0.0034598,0.046243,0.47212,0.033695,0.59818,0.13298,0.07051,0.014268,0.14085,0.2996,0.13134,0.042394,-0.09529,-0.055377,0.12769,-0.24555,-0.27577,-0.11508,0.067115,-0.12136,0.20989,-0.28451,-0.13887,0.27211,-0.039701,0.26206,0.27722,0.27834,0.037009,-0.09508,0.098877,0.063641,0.26809,0.12915,-0.060537,0.10681,0.29153,0.17259,0.10056,0.10713,0.26316,0.50041,-0.17727,-0.038401,-0.032151,0.083344,-0.070254,-0.25074,0.36947,0.068981,0.26167,0.12389,0.044666,-0.28027,0.17456,0.13509,0.17077,-0.36522,0.098668,0.22268,0.19298,0.0044333,-0.031146,-0.11279,-0.3415,0.25093,-0.054459,0.15262,0.0068413,-0.030801,0.13261,0.33228,-0.030141,0.046165,-0.023827,0.29069,0.45381,0.088797,-0.041596,0.06081,-0.035463,-0.11881,0.14895,0.051722,-0.065341,0.10718,-0.11773,0.35555,-0.18306,0.009469,0.18166,0.15226,0.026498,-0.061019,-0.11296,0.16331,0.054358,0.050751,0.27513,0.073594,0.12872
0.16964,0.21329,0.20171,0.33841,0.36557,0.3336,-0.14685,1,-0.33785,0.29291,0.099798,0.17845,0.092579,0.33934,-0.089124,0.1596,-0.16788,0.098532,0.27213,0.45671,0.0098964,0.31523,0.17796,0.28446,0.1489,0.46626,-0.10584,0.048731,0.15695,-0.047604,NaN,0.24743,0.24002,0.31334,-0.028032,0.29745,0.048246,0.37961,0.05394,0.17236,0.31723,0.31005,0.29348,0.16005,0.22791,0.19437,0.034615,-0.0084125,-0.022065,0.47775,0.59116,0.50845,0.085338,0.26734,0.22748,-0.1234,0.30112,NaN,0.19059,0.20874,0.15367,0.22633,0.15909,0.31765,0.28979,0.27657,0.21821,0.39731,0.27569,0.34702,0.4619,0.32517,0.15501,0.36212,0.40296,0.17484,0.25474,0.20632,0.011043,-0.29145,0.16773,0.4092,0.37949,0.502,0.0064657,0.45546,0.096094,0.4144,0.48921,-0.059288,0.14998,0.17028,0.17991,0.38347,-0.024918,0.54085,-0.47178,0.29427,-0.13108,0.17143,0.14885,-0.05404,0.25619,-0.088679,0.071137,0.093015,0.28297,-0.00084183,0.14471,0.052835,0.066659,0.32367,0.11797,-0.34363,0.37743,0.39292,0.085586,0.28565,0.00063964,0.3399,0.38426,0.31752,0.27517,0.37087,0.26078,-0.20227,0.044028,0.3478,0.27433,0.34149,0.036757,0.3143,0.057368,0.22349,0.59908,-0.066978,0.059639,0.28231,0.29818,0.19831,-0.068879,0.20049,0.27619,0.4197,0.029414,0.17891,0.041835,-0.21264,0.36872,-0.0069448,0.22231,0.18882,0.10926,0.28876,0.37572,0.26586,0.26795,0.37482,0.16201,0.24587,0.074695,0.45075,0.37516,0.2676,0.26926,0.34461,0.2367,0.35843,0.41945,0.058725,0.24981,0.25148,0.42263,0.3547,0.46531,0.11887,0.046126,0.3283,0.21382,0.46963,-0.21585,0.25097,0.23092,-0.24784,0.12613,0.43838,0.20025,0.16056,0.53165,0.20341,0.2738,0.107,0.292,0.36134,0.36724,0.47317,0.058295,0.17496,0.24688,0.59977
0.052719,0.53575,0.2482,0.41132,0.37477,0.39982,0.30128,-0.33785,1,0.30926,0.54921,0.45384,0.20635,0.28565,0.699,0.32985,0.25425,0.40024,0.58082,0.40046,0.65235,0.38264,0.50397,0.11643,0.48941,0.27031,0.63707,0.3241,0.62295,0.57881,NaN,0.21882,0.11117,0.41124,0.67982,0.38691,0.081694,0.501,0.39278,0.35981,0.4313,0.46164,0.2524,0.49854,0.56868,0.44719,0.4591,-0.23082,0.36662,0.32573,0.26616,0.42393,0.38201,0.4717,0.13412,0.43453,0.1326,NaN,0.1894,0.0741,0.20054,-0.25205,0.56888,0.33155,0.24403,0.21702,0.29124,0.31484,0.4436,0.27195,0.3944,0.42489,0.34985,0.52828,0.37961,0.36565,0.58379,0.36837,0.48222,0.5375,0.31547,0.19978,0.33159,-0.32381,0.60853,-0.07231,0.48856,0.28023,0.27011,0.50992,0.33582,0.38559,0.40244,0.20538,0.31356,0.20464,0.52966,0.18021,0.68167,0.62133,0.25944,0.50961,0.23648,0.35473,0.67701,0.35577,0.60604,0.6131,0.54447,0.4669,0.59186,-0.045003,0.3506,0.40773,0.28557,0.20405,0.18124,0.45454,0.20242,0.48263,0.17363,0.42708,0.53373,0.38975,0.59515,0.6313,0.38745,0.35168,-0.076009,0.35757,0.47711,0.32228,0.24441,0.26069,0.070564,0.64466,0.69872,0.30985,0.39439,0.4808,0.39162,0.049857,0.50384,0.42415,0.32073,-0.49054,-0.16608,0.51084,0.34896,0.61138,0.1888,0.5788,0.31808,0.52404,0.42684,0.44956,-0.01121,0.34745,0.33623,0.4276,0.53639,0.32322,0.30309,0.27181,0.63646,0.46589,0.37489,0.099459,0.39206,0.66535,0.48987,0.37939,0.41062,0.32818,-0.007185,0.46508,0.53613,0.40593,0.54875,-0.020524,0.47506,0.45165,0.39647,0.39323,0.39643,0.15276,0.59024,0.45172,0.19762,0.23793,0.37085,0.47156,0.43462,0.40521,0.41577,0.1788,0.3427,0.49016,0.50725,0.20111
0.21206,0.5292,0.089248,0.45911,0.57054,0.48092,-0.06307,0.29291,0.30926,1,0.46425,0.68391,0.28517,0.37984,0.53081,0.53326,0.023225,0.67277,0.52146,0.39909,0.6341,0.53581,0.68591,0.32348,0.64794,0.6323,0.51685,0.50985,0.4508,-0.058592,NaN,0.46992,0.090232,0.37051,0.58746,0.60574,0.11663,0.55545,0.62179,0.49427,0.45005,0.47068,0.3698,0.26058,0.39682,0.72098,0.35898,0.14356,0.3243,0.49511,0.68375,0.41702,0.22124,0.60224,0.25429,0.37771,0.1428,NaN,0.3781,0.27414,0.61259,-0.19569,0.34663,0.62659,0.56262,0.47291,0.53365,0.6048,0.5829,0.10478,0.57111,0.51948,0.18252,0.57455,0.38292,0.43526,0.67757,0.34884,0.13559,0.33761,0.56719,0.48848,0.63655,0.19842,0.66192,0.24219,0.3848,0.64066,0.58437,0.37201,0.50121,0.62855,0.25826,0.49045,0.47291,0.64032,0.15204,0.5567,0.31121,0.73684,0.41212,0.41092,0.49623,0.02959,0.38398,0.32877,0.39245,0.45909,0.67167,0.57273,0.40144,0.2495,0.23389,0.27197,0.45017,0.43421,-0.11785,0.63618,0.14631,0.49092,0.41376,0.60789,0.49172,0.42512,0.67441,0.15531,0.6883,0.57519,0.21092,0.44984,0.16852,0.65015,0.47094,0.50229,0.25801,0.48299,0.4853,0.45027,0.56262,0.36754,-0.011531,0.22288,0.40888,0.60833,0.30694,-0.38605,-0.18402,0.37653,0.48955,0.48541,0.49574,0.73847,0.4379,0.67237,0.45258,0.65085,0.35016,0.35048,0.3857,0.37198,0.57238,0.59827,0.67034,0.62714,0.68914,0.77426,0.66007,0.27074,0.47394,0.54479,0.37196,0.50066,0.50061,0.73166,0.42241,0.040387,0.69053,0.43675,0.57982,0.26882,0.11294,0.34075,0.6946,0.062954,0.33099,0.45905,0.43807,0.70547,0.43735,0.49492,0.38614,0.61631,0.67277,0.53053,0.36079,0.41367,0.47297,0.65238,0.48335,0.48645
0.12608,0.48,0.43104,0.50756,0.57832,0.65394,0.24069,0.099798,0.54921,0.46425,1,0.5416,0.50183,0.64967,0.56839,0.37291,0.15981,0.62053,0.48372,0.54503,0.60213,0.40735,0.69273,0.23903,0.62786,0.40149,0.60906,0.23564,0.60607,0.39301,NaN,0.34994,-0.089794,0.39777,0.53753,0.51555,-0.069002,0.69995,0.54002,0.55419,0.57686,0.7356,0.20061,0.57228,0.4269,0.59247,0.35807,-0.38159,0.35024,0.42165,0.28356,0.58938,0.4247,0.42706,0.24606,0.27265,0.15228,NaN,0.23401,0.33533,0.27255,-0.35693,0.32547,0.64417,0.48299,0.47163,0.25495,0.5551,0.49659,0.27386,0.6738,0.34206,0.13843,0.49953,0.31708,0.43626,0.55135,0.72391,0.26654,0.25613,0.45327,0.48528,0.6277,0.087722,0.45148,0.17274,0.45673,0.44411,0.52564,0.56229,0.67457,0.39628,0.17722,0.65645,0.20043,0.61491,0.38691,0.52939,0.3709,0.70278,0.58857,0.45357,0.61934,0.28775,0.74028,0.53802,0.48762,0.89715,0.77702,0.38694,0.30174,0.10426,0.35352,0.23622,0.34928,0.34673,0.18354,0.63991,0.27846,0.70729,0.4722,0.39343,0.63814,0.50411,0.63315,0.20619,0.6981,0.59815,0.0019009,0.77889,0.27643,0.45237,0.23641,0.40565,0.60698,0.5928,0.82416,0.34316,0.51756,0.43955,0.16706,0.12136,0.33575,0.56571,0.12044,-0.32223,-0.29958,0.49508,0.51917,0.69956,0.42047,0.59617,0.27945,0.69822,0.6739,0.7805,0.27261,0.19113,0.48997,0.50868,0.81242,0.61559,0.544,0.2394,0.72742,0.65853,0.55111,0.23455,0.64518,0.56742,0.89384,0.39154,0.46347,0.49188,0.33578,0.61971,0.5925,0.42541,0.6367,0.39875,0.074622,0.53145,0.61269,-0.040332,0.47432,0.18073,0.67968,0.62228,0.58262,0.13043,0.241,0.68876,0.45125,0.58881,0.47525,0.2849,0.55342,0.68438,0.60666,0.53271
0.062302,0.54159,0.19095,0.49927,0.61352,0.60503,-0.10958,0.17845,0.45384,0.68391,0.5416,1,0.16091,0.42277,0.31269,0.38944,0.32109,0.67708,0.64247,0.56456,0.56817,0.73262,0.63269,0.30469,0.478,0.64652,0.5393,0.54011,0.65041,0.23173,NaN,0.48196,0.18436,0.43956,0.34217,0.43884,0.073056,0.62253,0.54761,0.61526,0.64419,0.40271,0.35346,0.27865,0.55207,0.85125,0.44428,0.056603,0.26663,0.61237,0.64093,0.48142,0.25064,0.42271,0.15251,0.4476,0.34036,NaN,0.39785,0.31445,0.65774,-0.19304,0.22809,0.50172,0.73117,0.45147,0.45033,0.59775,0.68167,0.25755,0.43033,0.31805,0.15872,0.70904,0.47692,0.59997,0.63321,0.2871,0.2664,0.27768,0.56533,0.46768,0.51552,0.06291,0.61234,0.12853,0.34703,0.67448,0.42701,0.52521,0.37346,0.36427,0.2345,0.56019,0.29845,0.52093,-0.10154,0.48462,0.22723,0.75154,0.63273,0.36123,0.52335,-0.040011,0.51967,0.55963,0.47115,0.46935,0.5032,0.45172,0.45114,0.25834,0.36272,0.27613,0.49544,0.53215,0.077898,0.64503,0.25371,0.47633,0.41051,0.70709,0.53888,0.65149,0.7245,0.2584,0.37903,0.50293,0.166,0.27608,0.3945,0.63763,0.36302,0.1969,0.22144,0.37341,0.6446,0.66115,0.48446,0.4559,-0.14003,0.10573,0.58508,0.59943,0.33894,-0.53306,-0.205,0.32209,0.47384,0.62024,0.4208,0.56981,0.56411,0.68626,0.64456,0.60779,0.29778,0.44976,-0.024015,0.01445,0.64044,0.73467,0.52931,0.67832,0.52745,0.71591,0.75996,0.44936,0.61445,0.48255,0.4506,0.64104,0.30527,0.6159,0.43833,0.082548,0.73629,0.39149,0.68381,0.26009,-0.011956,0.48846,0.62898,0.013873,0.42304,0.50353,0.38415,0.62165,0.31694,0.32263,0.28968,0.50203,0.65156,0.55896,0.50173,0.42721,0.47803,0.55824,0.62029,0.6507
0.25729,0.37694,0.74161,0.52265,0.58923,0.3939,0.26675,0.092579,0.20635,0.28517,0.50183,0.16091,1,0.78441,0.46504,-0.086571,-0.15727,0.58961,0.1056,0.37644,0.46709,0.33179,0.62216,0.14724,0.48643,0.28308,0.28032,0.25987,0.43987,0.25245,NaN,0.32709,0.12426,0.34808,0.49433,0.54016,0.23922,0.27247,0.059367,0.5626,0.50301,0.45386,-0.011794,0.64148,0.58128,0.45977,0.40652,-0.20034,0.58918,0.59872,0.3867,0.21328,0.39204,0.094958,0.62331,-0.10115,0.018778,NaN,0.53128,0.43285,0.46207,-0.15795,0.23347,0.57669,0.45396,0.44967,0.095046,0.58735,0.059625,0.57719,0.46055,0.242,0.034069,0.098849,0.51655,0.51651,0.16123,0.56768,0.56135,0.037837,0.61184,0.48552,0.52127,0.053146,0.53324,0.37703,0.47227,0.22541,0.40981,0.58758,0.12513,0.5062,0.37014,0.49668,0.32856,0.46381,0.34973,0.32691,0.2679,0.4364,0.20514,0.25778,0.2845,0.4177,0.40292,0.22178,0.54639,0.42462,0.51838,0.35466,0.41193,0.354,0.17741,0.66903,0.35345,0.27645,0.10829,0.56032,-0.085754,0.62753,0.46147,0.17236,0.43251,0.1326,0.26638,0.23138,0.54732,0.61127,0.18321,0.40562,0.32681,0.36647,0.26138,0.62015,0.20397,0.60075,0.38354,0.45795,0.66721,0.37447,0.26621,0.13148,-0.054943,0.59694,0.29566,0.32832,-0.011372,0.42264,0.5274,0.39615,0.48533,0.4366,0.14686,0.41293,0.37982,0.61211,0.16727,0.44992,0.56818,0.58927,0.54535,0.4432,0.41782,0.41035,0.57104,0.42075,0.52608,0.4447,0.39895,0.39316,0.51581,0.18727,0.57776,0.45478,0.52974,0.35958,0.27738,0.084684,0.11695,0.70624,-0.035041,0.41278,0.53256,0.066443,0.67329,0.50429,0.43562,0.32479,0.51686,0.26001,0.22202,0.43896,0.46425,0.31484,0.49232,0.46391,0.10429,0.59375,0.62183,0.32604
0.14042,0.56012,0.59135,0.62193,0.68592,0.52613,0.1871,0.33934,0.28565,0.37984,0.64967,0.42277,0.78441,1,0.54433,0.23211,0.064074,0.64647,0.46736,0.61965,0.57098,0.48854,0.73766,0.28874,0.59175,0.66457,0.33382,0.4105,0.62489,0.31198,NaN,0.33755,0.21236,0.51544,0.46939,0.58042,0.15668,0.55611,0.23008,0.8172,0.74784,0.56937,0.36745,0.57676,0.65447,0.58624,0.47004,-0.23979,0.68918,0.69589,0.53665,0.5609,0.32427,0.40589,0.54617,0.10226,0.19641,NaN,0.63168,0.68651,0.48959,-0.15151,0.39006,0.69657,0.61331,0.62714,0.20908,0.76905,0.36267,0.79144,0.64425,0.382,0.064558,0.42042,0.64769,0.65239,0.38906,0.65695,0.44687,-0.085979,0.68939,0.7715,0.67156,0.13149,0.56284,0.54387,0.62082,0.432,0.54445,0.62495,0.12985,0.60774,0.58074,0.73259,0.27901,0.59277,0.068191,0.48189,0.37633,0.70416,0.59355,0.16787,0.48304,0.15415,0.67503,0.39385,0.67118,0.56512,0.63322,0.52402,0.46025,0.30716,0.23237,0.48291,0.64795,0.52242,0.34503,0.78446,0.10551,0.70633,0.58035,0.41216,0.64313,0.41861,0.50425,0.19242,0.49838,0.72436,0.19689,0.59888,0.62311,0.41122,0.41495,0.66287,0.56735,0.64434,0.57988,0.45079,0.76082,0.51336,0.16438,0.10779,0.1497,0.71222,0.34706,0.12558,-0.23657,0.3451,0.62444,0.56439,0.66244,0.62147,0.34545,0.71654,0.70244,0.66839,0.38042,0.43996,0.49979,0.56283,0.76949,0.59143,0.62094,0.59201,0.66398,0.57244,0.72451,0.58563,0.67745,0.48511,0.67262,0.49743,0.6226,0.53659,0.68798,0.42211,0.51715,0.33262,0.33227,0.75905,-0.012483,0.66848,0.65795,-0.077997,0.69202,0.6414,0.64312,0.49385,0.64777,0.34428,0.28847,0.57808,0.67035,0.65044,0.58751,0.63295,0.2809,0.71535,0.74062,0.61802
0.37469,0.64255,0.25549,0.47038,0.50721,0.37632,0.2341,-0.089124,0.699,0.53081,0.56839,0.31269,0.46504,0.54433,1,0.41655,0.084397,0.51733,0.49212,0.36266,0.74148,0.34193,0.72918,0.34019,0.64036,0.42268,0.53962,0.25658,0.56645,0.36884,NaN,0.26162,0.05174,0.50864,0.67756,0.52922,0.29103,0.56475,0.47328,0.48341,0.4365,0.51755,0.4345,0.60408,0.51177,0.46089,0.39615,-0.30596,0.67191,0.42006,0.37856,0.53472,0.37211,0.57125,0.2338,0.30449,0.032458,NaN,0.42912,0.32459,0.34318,-0.10172,0.49135,0.43891,0.32389,0.56865,0.17747,0.50092,0.39746,0.35605,0.58101,0.65755,0.19385,0.4073,0.35786,0.37377,0.58007,0.53417,0.32304,0.41372,0.48774,0.49565,0.60731,-0.1642,0.62672,0.14889,0.68289,0.27897,0.43058,0.44377,0.28688,0.59405,0.5278,0.41044,0.24715,0.35352,0.46335,0.36475,0.76264,0.71897,0.32941,0.37736,0.40197,0.31947,0.7293,0.4479,0.56892,0.6552,0.7333,0.72855,0.43892,0.1501,0.43029,0.52801,0.43908,0.3152,0.11105,0.61529,0.25583,0.56218,0.21613,0.35409,0.64264,0.21081,0.57552,0.47646,0.58039,0.54228,0.13316,0.58934,0.56984,0.46276,0.29196,0.63513,0.3328,0.91348,0.58282,0.25604,0.58224,0.41952,0.3195,0.29313,0.16555,0.58062,0.35222,-0.19702,-0.1017,0.60072,0.34057,0.43281,0.40721,0.66931,0.35536,0.64473,0.4726,0.56628,0.084355,0.30264,0.64947,0.65552,0.65188,0.29197,0.55106,0.34223,0.76386,0.55034,0.45867,0.22696,0.47565,0.77561,0.55834,0.32279,0.59539,0.42607,0.11364,0.27423,0.53064,0.43191,0.55888,0.14701,0.48977,0.55672,0.54323,0.56298,0.35477,0.26352,0.64109,0.44157,0.45872,0.26508,0.54881,0.72966,0.5506,0.51927,0.48388,0.27356,0.58593,0.67879,0.48944,0.27403
0.32703,0.36372,-0.24684,0.17472,0.39449,0.40105,-0.30151,0.1596,0.32985,0.53326,0.37291,0.38944,-0.086571,0.23211,0.41655,1,0.091804,0.26766,0.51892,0.47301,0.28461,0.29718,0.4219,0.64108,0.51314,0.58999,0.40427,0.20206,0.55301,0.088842,NaN,0.18014,0.048395,0.34915,0.42208,0.41468,0.042627,0.50747,0.51589,0.31871,0.23577,0.33095,0.55808,-0.10973,0.14654,0.37174,0.23362,-0.044366,0.35617,0.24919,0.32857,0.53022,0.27959,0.34797,-0.36842,0.41106,0.34312,NaN,0.29011,0.18323,0.16309,0.21713,0.40065,0.50626,0.40427,0.55233,0.3734,0.2762,0.43028,0.12464,0.26783,0.39001,0.19905,0.5847,0.20284,0.3009,0.51418,0.35824,-0.35432,0.071529,0.26591,0.39204,0.40081,0.064117,0.3168,-0.0099717,0.19945,0.68895,0.59446,0.39253,0.32615,0.33069,0.38813,0.49357,0.40959,0.19198,0.12282,0.41107,0.40894,0.60647,0.40176,0.2469,0.28756,-0.18324,0.47392,0.28624,0.2275,0.51484,0.53388,0.32855,0.34514,0.02574,0.28135,-0.059662,0.58445,0.40338,0.36304,0.5663,0.53685,0.39762,0.39776,0.51662,0.46024,0.58794,0.20815,0.30315,0.32326,0.4905,0.30257,0.55867,0.31661,0.11049,0.29181,0.39886,0.39114,0.29513,0.54596,0.067048,0.34734,0.31531,0.033024,0.51827,0.33262,0.43603,0.16602,-0.28601,0.14651,0.18206,0.096138,0.4352,0.34978,0.71892,0.52105,0.51556,0.28488,0.40401,0.41739,-0.056622,0.31313,0.34193,0.55295,0.42356,0.56933,0.40147,0.36905,0.58106,0.22895,0.07043,0.55565,0.37877,0.28606,0.33093,0.50615,0.44124,0.061919,-0.013146,0.52816,0.29903,0.57667,0.20195,0.31065,0.47262,0.24004,0.0060129,0.083572,0.23584,0.58682,0.63481,0.52263,0.46776,0.45085,0.50571,0.52605,0.68155,0.31308,0.17003,0.43356,0.43384,0.34516,0.20839
0.10194,0.13826,-0.23521,0.14238,0.15624,0.2504,0.18035,-0.16788,0.25425,0.023225,0.15981,0.32109,-0.15727,0.064074,0.084397,0.091804,1,0.17845,0.068254,0.27128,0.066625,0.27009,0.2618,0.14088,0.19814,0.054321,0.25138,0.11012,0.07753,0.27043,NaN,0.18716,0.29436,0.36039,-0.13132,-0.27532,0.11153,0.086964,0.30289,0.38278,-0.18573,-0.20347,0.10338,0.028636,0.12924,0.12019,0.017217,-0.098412,-0.081467,0.20059,-0.1021,-0.040637,-0.16816,-0.038306,-0.047726,0.083906,0.17383,NaN,0.24897,0.31492,0.12023,0.054917,-0.098643,-0.082514,0.35819,0.13048,-0.018543,0.026113,0.35054,0.12096,0.094849,0.025282,-0.085242,0.072421,0.039978,0.25268,-0.015716,0.32908,-0.043059,0.045467,-0.14073,0.19094,-0.083166,-0.15988,0.16336,-0.23994,0.052776,0.077677,0.15948,0.12098,0.066333,0.016255,0.025019,0.0064369,-0.071234,0.060126,-0.11108,0.23456,0.12081,0.1864,0.28637,-0.069248,0.34611,-0.1677,-0.0091705,0.2408,0.19031,0.1129,0.15221,0.0045191,0.14985,-0.49065,0.068666,0.079987,0.077903,0.34492,-0.0089823,0.22317,0.22251,-0.10921,0.079124,0.24843,0.18649,0.00079794,0.13728,0.15975,0.17776,-0.047496,-0.26371,0.025999,0.24069,-0.036469,0.35589,-0.19874,-0.12888,0.093368,0.12002,0.13013,-0.17982,0.0019753,0.043318,0.10663,0.24717,0.0072747,-0.012917,-0.31947,-0.097875,-0.085405,0.022615,0.23831,0.22147,0.014513,0.27521,0.19222,0.17101,0.25846,0.10808,-0.0073629,-0.3221,-0.24776,0.10993,0.081367,-0.070931,0.15244,-0.036273,-0.072208,0.25119,0.26477,-0.015983,0.31011,0.11719,0.40147,-0.023851,0.005346,0.041858,0.015545,0.20584,-0.038864,0.12785,-0.19437,0.058494,0.27683,0.083341,-0.10834,0.056923,0.039244,0.075699,0.20629,-0.09448,0.015436,-0.044756,-0.0026072,0.072658,0.13288,0.044434,-0.06431,0.21672,0.21075,0.048035,0.14875
0.14606,0.55178,0.45074,0.63616,0.72976,0.45352,0.02976,0.098532,0.40024,0.67277,0.62053,0.67708,0.58961,0.64647,0.51733,0.26766,0.17845,1,0.44069,0.45466,0.59592,0.75432,0.77678,0.20337,0.54902,0.52941,0.53326,0.54318,0.50929,0.15747,NaN,0.70542,0.32938,0.47384,0.49204,0.43232,0.043996,0.38604,0.36481,0.71174,0.5227,0.34637,0.18024,0.51885,0.57319,0.76379,0.49478,-0.082145,0.52195,0.6404,0.46699,0.2929,0.51962,0.34817,0.43115,0.40948,0.070998,NaN,0.43055,0.57139,0.6878,-0.28892,0.066422,0.49085,0.72908,0.49054,0.42736,0.73898,0.43464,0.42458,0.40758,0.2238,0.0086023,0.46679,0.52593,0.55912,0.38335,0.48789,0.37357,0.18276,0.77698,0.69742,0.65124,-0.22397,0.70495,0.31764,0.68363,0.46108,0.52276,0.55187,0.40055,0.52347,0.25345,0.6031,0.39936,0.67013,0.11538,0.56967,0.22775,0.72504,0.48854,0.22241,0.49345,0.15338,0.39747,0.44881,0.6097,0.57997,0.59876,0.37753,0.50545,0.32254,0.29914,0.6026,0.45216,0.58258,0.23092,0.61501,0.24311,0.59182,0.55129,0.63627,0.41679,0.29683,0.6579,0.076689,0.68079,0.66907,0.074775,0.41322,0.34357,0.56677,0.55331,0.43178,0.2043,0.59765,0.47378,0.71839,0.62254,0.5114,0.05077,0.04167,0.30087,0.6435,0.30622,-0.20186,-0.28602,0.38697,0.70139,0.65163,0.67318,0.66367,0.41623,0.66394,0.4315,0.66279,0.38094,0.55486,0.21407,0.37526,0.61701,0.64973,0.48975,0.62861,0.60342,0.71544,0.70928,0.41774,0.47498,0.52411,0.59194,0.63089,0.47249,0.64228,0.56791,0.38585,0.64574,0.31814,0.36871,0.46957,0.022542,0.35901,0.90363,0.038076,0.7793,0.54553,0.41791,0.69911,0.50251,0.2835,0.24186,0.62664,0.63114,0.44531,0.37736,0.51127,0.50443,0.69724,0.63411,0.58823
-0.033373,0.58143,0.23989,0.49738,0.44383,0.61383,0.13368,0.27213,0.58082,0.52146,0.48372,0.64247,0.1056,0.46736,0.49212,0.51892,0.068254,0.44069,1,0.49438,0.52188,0.41931,0.49821,0.24572,0.58458,0.55753,0.62417,0.4089,0.57783,0.4861,NaN,0.2099,0.1569,0.37824,0.58725,0.39716,0.10898,0.57077,0.47672,0.58551,0.70899,0.57247,0.57061,0.34993,0.47761,0.49945,0.56556,-0.1528,0.48031,0.38964,0.59482,0.58284,0.29936,0.75416,0.19704,0.46027,0.37494,NaN,0.22821,0.36361,0.43493,-0.19,0.43354,0.5029,0.34202,0.36913,0.27219,0.44526,0.62293,0.3902,0.53214,0.39425,0.49998,0.678,0.36437,0.29203,0.70439,0.16833,0.23802,0.14749,0.41571,0.39959,0.4411,0.16666,0.59254,-0.011103,0.52142,0.51032,0.33856,0.31886,0.30377,0.44395,0.50483,0.40974,0.17103,0.46438,0.15064,0.35668,0.56525,0.7278,0.60854,0.44117,0.22933,0.21055,0.68911,0.31694,0.45152,0.41427,0.63711,0.55263,0.34675,0.24946,0.36836,0.12183,0.35338,0.32696,0.36008,0.51147,0.26721,0.64034,0.22047,0.66193,0.45727,0.64735,0.68887,0.49135,0.37588,0.60825,0.26239,0.39023,0.53053,0.49386,0.32346,0.2591,0.53606,0.50508,0.66443,0.42646,0.50011,0.53269,0.17152,-0.020395,0.42651,0.55274,0.38848,-0.44335,-0.3027,0.4589,0.49515,0.51173,0.38685,0.71173,0.46795,0.72637,0.61677,0.41839,0.20412,0.4423,0.29179,0.39262,0.59627,0.58755,0.61945,0.45449,0.69444,0.58874,0.44545,0.31275,0.73478,0.42301,0.54669,0.56232,0.4714,0.42827,0.4183,0.24902,0.65023,0.48622,0.66932,0.17512,0.19808,0.66639,0.45033,0.074895,0.44232,0.46106,0.68009,0.58949,0.36649,0.3037,0.56969,0.56362,0.58219,0.6323,0.53356,0.58735,0.44717,0.48867,0.55917,0.52917
0.43307,0.66374,0.35581,0.60933,0.67201,0.67775,0.040231,0.45671,0.40046,0.39909,0.54503,0.56456,0.37644,0.61965,0.36266,0.47301,0.27128,0.45466,0.49438,1,0.52564,0.6301,0.6243,0.63282,0.48321,0.66262,0.49537,0.22781,0.77424,0.42395,NaN,0.29662,0.27098,0.63926,0.32581,0.53918,0.097255,0.73838,0.4112,0.56402,0.52167,0.46056,0.56161,0.31631,0.68018,0.59536,0.34543,-0.28992,0.33215,0.75891,0.61935,0.64502,0.38404,0.267,0.096945,0.14062,0.57195,NaN,0.58072,0.32845,0.40311,0.25414,0.49864,0.62988,0.69452,0.69432,0.42335,0.60789,0.64118,0.59513,0.60625,0.53489,0.42205,0.81073,0.78281,0.67094,0.58132,0.66578,0.22418,-0.049429,0.31616,0.53237,0.49035,0.24156,0.45198,0.23268,0.30155,0.66496,0.63495,0.54235,0.38848,0.24293,0.55666,0.57179,0.22725,0.40084,-0.042578,0.38539,0.33295,0.60522,0.44704,0.27818,0.52525,-0.026536,0.54674,0.42289,0.64975,0.491,0.53071,0.20423,0.5518,0.030839,0.3039,0.04722,0.69253,0.49828,0.37485,0.73276,0.34381,0.58375,0.45348,0.62702,0.76175,0.76449,0.43558,0.35615,0.28954,0.5143,0.4531,0.51225,0.41924,0.3611,0.21474,0.50819,0.42884,0.45468,0.66815,0.56102,0.55539,0.42229,0.35043,0.50499,0.4656,0.72521,0.46977,-0.15234,0.20705,0.16942,0.46254,0.53252,0.50658,0.65031,0.57009,0.53136,0.5814,0.6474,0.4104,0.48925,0.33955,0.37995,0.55923,0.73476,0.52149,0.52391,0.63541,0.60607,0.56862,0.59592,0.72597,0.60534,0.58069,0.4491,0.70842,0.52054,0.40125,0.31121,0.46711,0.30725,0.64264,0.54206,0.078966,0.74447,0.40401,-0.10256,0.4628,0.69856,0.71652,0.51779,0.70847,0.55018,0.47352,0.40608,0.61757,0.60108,0.78124,0.34233,0.26304,0.65069,0.63064,0.59517
0.19327,0.84613,0.3157,0.58255,0.44255,0.42165,0.18318,0.0098964,0.65235,0.6341,0.60213,0.56817,0.46709,0.57098,0.74148,0.28461,0.066625,0.59592,0.52188,0.52564,1,0.49859,0.77603,0.23682,0.53864,0.56074,0.57824,0.4257,0.528,0.18132,NaN,0.33633,0.0037865,0.41369,0.60869,0.69323,0.32861,0.70619,0.49279,0.56389,0.62438,0.56831,0.51017,0.47566,0.66246,0.67419,0.49723,-0.20288,0.47081,0.46306,0.51693,0.55423,0.3027,0.55858,0.36441,0.4615,0.30224,NaN,0.32663,0.28659,0.44168,-0.29493,0.59782,0.64228,0.39931,0.51295,0.4347,0.62898,0.58281,0.3325,0.5856,0.48721,0.43763,0.63904,0.52624,0.51938,0.70437,0.45846,0.53987,0.18273,0.56852,0.47607,0.61349,-0.048908,0.61022,0.28578,0.56026,0.40795,0.30384,0.53025,0.46259,0.47075,0.47979,0.43898,0.42206,0.49425,0.34621,0.34226,0.40392,0.70868,0.44401,0.41472,0.58795,0.1054,0.73302,0.53869,0.58516,0.59698,0.67252,0.62322,0.37353,0.011927,0.20754,0.38099,0.47334,0.25291,0.097706,0.55238,0.19045,0.54583,0.18093,0.55697,0.65624,0.42241,0.71607,0.22259,0.55338,0.49567,0.20114,0.45287,0.46229,0.4631,0.39977,0.60662,0.27728,0.77033,0.65369,0.45822,0.54641,0.36458,0.26834,0.1576,0.30509,0.63973,0.69703,-0.35312,-0.27056,0.55209,0.41072,0.57998,0.55533,0.71948,0.46311,0.65571,0.65409,0.63364,0.15536,0.37682,0.5565,0.46324,0.71994,0.45523,0.69327,0.47675,0.83204,0.63368,0.70117,0.46667,0.55772,0.62254,0.50581,0.5208,0.5204,0.53353,0.36204,0.32278,0.6404,0.42609,0.5686,0.20562,0.38558,0.5445,0.64641,0.24594,0.43686,0.48801,0.67047,0.44829,0.43934,0.33621,0.43038,0.59806,0.7007,0.54043,0.5673,0.33715,0.43332,0.63033,0.53309,0.3703
0.27574,0.61888,0.46192,0.55056,0.81135,0.52359,-0.13233,0.31523,0.38264,0.53581,0.40735,0.73262,0.33179,0.48854,0.34193,0.29718,0.27009,0.75432,0.41931,0.6301,0.49859,1,0.68316,0.40358,0.30224,0.57967,0.39618,0.32517,0.60855,0.19075,NaN,0.81204,0.51836,0.71939,0.38952,0.46107,0.28076,0.54617,0.3147,0.55912,0.52911,0.24781,0.2681,0.42258,0.66383,0.75791,0.44508,-0.11467,0.34126,0.81449,0.6286,0.41812,0.52417,0.15202,0.21958,0.24844,0.2558,NaN,0.52264,0.47171,0.5093,0.057955,0.15039,0.38908,0.80982,0.57838,0.49242,0.71817,0.61714,0.47877,0.36225,0.31953,0.18799,0.666,0.6623,0.75877,0.34878,0.44165,0.4057,0.14091,0.64903,0.72004,0.507,-0.21118,0.57113,0.37243,0.48927,0.66828,0.6462,0.62648,0.20535,0.32377,0.36768,0.62002,0.52872,0.63415,-0.13734,0.38824,0.15799,0.63592,0.39501,0.09269,0.5402,-0.012156,0.31705,0.6489,0.68961,0.37556,0.37249,0.35078,0.65918,0.32077,0.5143,0.33044,0.67329,0.78135,0.3011,0.56675,0.32466,0.52161,0.63882,0.70546,0.55698,0.39537,0.60848,0.13386,0.33229,0.57357,0.16039,0.33208,0.47164,0.52117,0.57068,0.30538,0.088536,0.39861,0.45174,0.86814,0.59247,0.59119,-0.096619,0.27463,0.50364,0.75229,0.43715,-0.018121,0.03929,0.029687,0.56495,0.6212,0.59924,0.505,0.43467,0.57471,0.50212,0.5661,0.30188,0.70654,0.026366,0.28098,0.48133,0.69745,0.48468,0.70299,0.4374,0.68894,0.76253,0.5579,0.50108,0.42585,0.42422,0.7367,0.51387,0.77803,0.41612,0.32483,0.58233,0.55035,0.44222,0.49494,0.025841,0.42734,0.73039,0.094384,0.61274,0.66724,0.36612,0.46706,0.51189,0.41096,0.47013,0.44486,0.7051,0.54699,0.57333,0.53744,0.32917,0.55529,0.7038,0.61133
0.32866,0.8107,0.40854,0.56306,0.8067,0.69607,0.095506,0.17796,0.50397,0.68591,0.69273,0.63269,0.62216,0.73766,0.72918,0.4219,0.2618,0.77678,0.49821,0.6243,0.77603,0.68316,1,0.37948,0.73607,0.65613,0.57312,0.38197,0.6105,0.27458,NaN,0.54896,0.29367,0.68755,0.57649,0.60957,0.4191,0.71487,0.48923,0.77934,0.57931,0.60831,0.36869,0.61218,0.63375,0.78036,0.58749,-0.32135,0.53675,0.70817,0.59635,0.56024,0.33278,0.4456,0.26441,0.42033,0.20715,NaN,0.49922,0.64,0.64093,-0.10393,0.43093,0.64862,0.73441,0.68081,0.29264,0.81194,0.596,0.46463,0.64043,0.47528,0.1925,0.5211,0.55337,0.61336,0.56939,0.64811,0.42787,0.055798,0.65907,0.79152,0.67677,-0.074908,0.63914,0.24819,0.68851,0.59548,0.66723,0.70282,0.42403,0.51884,0.47577,0.67873,0.48849,0.70704,0.2163,0.52613,0.38357,0.80184,0.44611,0.38043,0.75444,0.10007,0.68297,0.65856,0.68806,0.67137,0.86142,0.63601,0.52284,0.28873,0.45867,0.55299,0.58472,0.54239,0.1485,0.77235,0.21892,0.71574,0.51368,0.66431,0.67125,0.39761,0.68858,0.32501,0.74269,0.75978,0.14849,0.56614,0.57077,0.5341,0.51629,0.67807,0.40621,0.78119,0.61241,0.58264,0.68021,0.50641,0.04647,0.31843,0.28057,0.83208,0.49162,-0.14197,-0.075492,0.46679,0.57417,0.56474,0.79319,0.74632,0.50032,0.80803,0.69137,0.80419,0.35583,0.48988,0.55003,0.61893,0.79796,0.66352,0.78135,0.64232,0.78475,0.65992,0.76939,0.51249,0.60838,0.61923,0.65639,0.58014,0.74231,0.69203,0.5241,0.26643,0.71245,0.39899,0.56015,0.42371,0.14166,0.67025,0.68506,0.27375,0.546,0.58513,0.63895,0.66115,0.66296,0.29682,0.50359,0.67229,0.71261,0.72407,0.71474,0.55861,0.65919,0.73024,0.68995,0.61584
0.82235,0.36599,0.027471,0.22048,0.45211,0.36616,-0.15153,0.28446,0.11643,0.32348,0.23903,0.30469,0.14724,0.28874,0.34019,0.64108,0.14088,0.20337,0.24572,0.63282,0.23682,0.40358,0.37948,1,0.24842,0.37689,0.31139,-0.12357,0.57945,0.11397,NaN,0.29079,0.1988,0.50575,0.2357,0.48072,0.33112,0.38793,0.38375,0.24604,0.18075,0.16861,0.62681,0.060831,0.37787,0.29092,-0.08058,-0.059023,0.4358,0.48595,0.42322,0.42683,0.34419,-0.092292,-0.18359,-0.090202,0.61259,NaN,0.59596,0.030567,0.13552,0.60728,0.16921,0.48675,0.49503,0.84551,0.25758,0.17742,0.29639,0.36629,0.30854,0.43152,0.25357,0.53445,0.34356,0.56053,0.34421,0.46793,-0.20716,0.00077229,0.19849,0.32537,0.40689,0.11254,0.2914,-0.043807,-0.0050441,0.62766,0.58508,0.35776,0.23633,0.15337,0.55153,0.39039,0.17681,0.047214,0.090027,0.4096,0.37896,0.45335,0.41388,0.2313,0.25859,0.00139,0.2954,0.43023,0.23824,0.34316,0.32404,0.1727,0.22336,0.012189,0.43476,-0.023223,0.62746,0.4564,0.3498,0.54259,0.62355,0.31678,0.29839,0.31531,0.66616,0.51984,-0.031507,0.28472,0.06333,0.44626,0.6798,0.51139,0.37469,0.22568,0.20011,0.39608,0.20928,0.35476,0.50462,0.34924,0.33476,0.2046,0.18796,0.92455,0.12068,0.57139,0.28135,0.050253,0.51826,0.23697,-0.1538,0.36173,0.3191,0.51564,0.45244,0.36125,0.31295,0.50229,0.17104,0.17446,0.27192,0.14825,0.41598,0.39225,0.36621,0.32643,0.26709,0.53925,0.29389,0.37006,0.58461,0.47113,0.31568,0.15561,0.48064,0.37742,0.14326,-0.143,0.27077,0.082417,0.63669,0.36245,0.31145,0.64717,0.17967,0.068481,0.089416,0.35781,0.55792,0.24743,0.56997,0.61319,0.67273,0.4962,0.52005,0.51992,0.56807,-0.012302,0.29772,0.56792,0.37774,0.12352
0.23886,0.54674,0.19431,0.53511,0.50268,0.60925,0.13422,0.1489,0.48941,0.64794,0.62786,0.478,0.48643,0.59175,0.64036,0.51314,0.19814,0.54902,0.58458,0.48321,0.53864,0.30224,0.73607,0.24842,1,0.48296,0.45239,0.36911,0.58996,0.30735,NaN,0.25643,0.027279,0.42305,0.60522,0.41786,0.20888,0.55257,0.44807,0.57807,0.4979,0.56777,0.17938,0.40636,0.37913,0.48701,0.63263,-0.29594,0.35782,0.52605,0.43245,0.51338,0.21275,0.54162,0.26768,0.42178,0.14901,NaN,0.3164,0.43195,0.49083,-0.29304,0.39964,0.59089,0.42604,0.41957,0.098074,0.52185,0.49167,0.28238,0.60146,0.35445,0.2221,0.3416,0.35125,0.27727,0.47205,0.59205,0.12353,0.21429,0.46172,0.42621,0.45709,0.23787,0.55595,0.0084295,0.501,0.38871,0.55806,0.40272,0.37469,0.59371,0.3676,0.5152,0.27864,0.59565,0.30374,0.36257,0.43536,0.67753,0.41767,0.42852,0.33406,0.31717,0.6238,0.15002,0.50612,0.60605,0.86497,0.66261,0.51552,0.1273,0.12403,0.37383,0.3074,0.33209,-0.036871,0.73869,-0.039494,0.76791,0.42734,0.50656,0.44898,0.37685,0.53631,0.44865,0.75509,0.65596,0.032802,0.52055,0.38882,0.34864,0.37067,0.51339,0.49658,0.68097,0.61756,0.24937,0.43718,0.40055,0.28121,0.18052,0.40867,0.57421,0.18753,-0.29886,-0.24868,0.42198,0.63019,0.39514,0.40958,0.70237,0.36195,0.73298,0.47492,0.68721,0.41203,0.17762,0.53731,0.6006,0.66519,0.48312,0.69272,0.45119,0.75729,0.58053,0.44659,0.21967,0.57425,0.61587,0.51571,0.37792,0.64538,0.4187,0.39886,0.22527,0.43374,0.188,0.4562,0.31558,0.029988,0.62058,0.52043,0.077921,0.33047,0.44749,0.60268,0.74109,0.58296,0.22066,0.32937,0.58885,0.49409,0.51477,0.43033,0.48357,0.47437,0.67121,0.45478,0.48527
