1,0.33188,0.49401,0.52492,0.60264,0.57932,0.053073,0.31336,0.052731,0.33704,0.57175,0.44428,0.3288,0.57857,0.46268,0.48839,0.28714,0.22179,0.28018,0.67515,0.26843,0.30205,0.32559,0.90317,0.42876,0.36743,0.28943,0.39093,0.66307,0.26822,NaN,0.15124,0.50706,0.38104,0.38681,0.43156,0.27581,0.50974,0.49353,0.37514,0.18692,0.39125,0.40346,0.31303,0.44669,0.31968,0.2913,-0.090904,0.30968,0.59414,0.33506,0.43522,0.38389,0.43351,0.47917,-0.0045125,0.43705,0.083189,0.48008,0.15182,0.18327,0.56661,0.25293,0.10874,0.44108,0.89229,0.2352,0.078939,0.31816,0.47343,0.50505,0.25583,-0.025036,0.67076,0.55094,0.1145,0.64151,0.44744,0.19925,0.13932,0.044933,0.15967,0.5781,0.26965,0.60458,0.31478,0.42255,0.41532,0.15353,0.22445,0.072213,0.16331,0.42364,0.2418,0.30525,-0.070465,0.25924,0.42424,0.37933,0.6423,0.20813,0.30004,0.14542,0.04302,0.2745,0.15018,0.49779,0.33122,0.42451,0.1178,-0.10788,0.43898,-0.070733,0.055688,0.49043,0.29118,0.2875,0.53064,0.50482,0.4509,0.30355,0.073888,0.50804,0.33184,0.25371,0.20458,0.55365,0.083164,0.0070665,0.43959,0.51037,0.18649,0.24022,0.39767,0.16442,0.3091,0.62024,0.19644,0.18635,0.51691,0.57664,0.95249,0.24035,0.55606,0.24861,0.50269,0.55714,0.62001,0.16339,0.15468,-0.029336,0.3014,0.30605,0.54476,0.36529,0.20893,0.35727,0.22314,0.18862,0.26988,0.51654,0.22662,0.45738,-0.11975,0.35933,0.35472,0.51677,-0.24514,0.31222,0.65888,0.34365,0.36027,0.37331,0.50914,-0.31854,0.38003,-0.091571,0.26917,0.65819,0.21452,0.51024,0.69175,0.25582,0.19811,0.19036,0.5515,0.40757,0.33412,0.12397,0.12057,0.61851,0.37122,0.44868,0.53195,0.34187,0.13035,0.16106,0.33535,0.44566,0.19164
0.33188,1,0.51371,0.66405,0.30925,0.20518,0.10766,0.65012,0.20508,0.767,0.74513,0.047021,0.72997,0.66241,0.74529,0.78506,0.61686,0.64929,0.60129,0.29707,-0.0025069,0.45419,0.30789,0.26916,0.53603,0.82429,0.56843,0.55073,0.24013,0.49067,NaN,0.66724,0.44971,0.7004,0.68061,0.55982,-0.11472,0.70499,0.22814,0.50381,0.68722,0.5154,0.70352,0.74735,0.66955,0.43249,0.46675,0.63103,0.44091,0.28876,0.038095,0.40257,0.50731,0.42489,0.60156,0.35301,0.16821,-0.13858,0.37144,0.68681,0.5042,0.18991,0.52094,0.67099,0.70936,0.24242,0.50904,0.52455,0.50918,0.741,0.64005,0.59445,0.57226,0.6281,0.71351,0.29836,0.5538,0.68881,0.20779,0.58054,0.73643,0.72336,0.31043,0.46434,0.39217,0.54083,0.65418,0.60723,0.61774,0.409,0.26392,0.41986,0.48297,0.54637,0.43097,0.66753,0.31086,0.51151,0.71288,0.58719,0.34541,0.64693,0.31151,0.27536,0.62474,0.66511,0.62709,0.69401,0.65239,0.079247,0.42863,0.15279,0.37115,0.55394,0.88622,0.71753,0.63232,0.75868,0.38745,0.5608,0.35342,0.13826,0.59101,0.39436,0.59722,0.48081,0.58239,0.34346,-0.32937,0.71928,0.72241,0.5172,0.62348,0.48536,0.67505,0.74585,0.1792,0.55923,0.69376,0.67108,0.47124,0.29063,0.61902,0.26806,0.71311,0.6604,0.13112,0.60078,0.4416,0.52831,0.36564,0.69011,0.13115,0.79443,0.6687,0.31342,0.62373,0.3715,0.38282,0.58996,0.85507,0.50801,0.44702,0.41603,0.30705,0.71257,0.54394,0.29559,0.64379,0.50323,0.6862,0.3841,0.40944,0.44788,0.10703,0.50094,0.26651,0.52523,-0.024253,0.79803,0.62177,0.11719,0.71058,-0.077466,0.35349,0.40392,0.73489,0.64203,0.15683,0.14995,0.094525,0.65214,0.60912,0.24768,-0.069781,0.39944,0.58056,0.6869,0.73469,0.79637
0.49401,0.51371,1,0.64713,0.60085,0.48149,-0.07427,0.71999,0.30656,0.64176,0.63303,0.058049,0.59637,0.76828,0.7001,0.68872,0.26816,0.48721,0.62321,0.58074,0.31769,0.061401,0.44952,0.38279,0.57781,0.53116,0.43915,0.36307,0.47839,0.44,NaN,0.31147,0.055174,0.466,0.77372,0.32266,-0.082493,0.78991,0.40012,0.72299,0.51388,0.73961,0.52732,0.6545,0.64069,0.47758,0.5713,0.27784,0.17848,0.6318,0.18544,0.38029,0.55774,0.64627,0.3819,0.11388,0.073733,0.06588,0.76425,0.59584,0.49462,0.0075393,0.46681,0.51027,0.73502,0.3004,0.39106,0.62317,0.40342,0.57316,0.6846,0.67473,0.668,0.63621,0.67597,0.20014,0.60462,0.53382,0.097475,0.30195,0.42692,0.62833,0.53242,0.53359,0.45235,0.32285,0.6483,0.52497,0.55077,0.44404,-0.061693,0.51777,0.68096,0.69374,0.098049,0.37708,-0.1496,0.2822,0.47425,0.76428,0.22341,0.3692,0.48039,0.15237,0.43268,0.42483,0.59625,0.68674,0.55136,-0.020106,0.17094,0.27007,0.16519,0.4838,0.61585,0.26071,0.41018,0.6025,0.43519,0.64408,0.70367,0.17089,0.79505,0.33457,0.50242,0.31177,0.71133,0.1961,0.062051,0.6419,0.74487,0.46917,0.47867,0.71676,0.46037,0.66186,0.29696,0.21321,0.52993,0.55865,0.27256,0.49539,0.208,0.47618,0.60573,0.54304,0.025768,0.78516,0.36445,0.37131,0.27868,0.58986,0.2816,0.76186,0.5043,0.26199,0.27149,0.22593,0.56578,0.40836,0.74228,0.43786,0.66271,0.14868,0.57958,0.60699,0.5488,0.42306,0.64504,0.6092,0.5415,0.42267,0.48268,0.70689,0.054619,0.065715,0.37485,0.20732,0.23114,0.55078,0.52189,0.33369,0.51029,-0.097092,0.49305,0.60581,0.65202,0.43585,0.062931,0.15103,0.17236,0.66551,0.31784,0.21276,0.25837,0.1386,0.43396,0.74075,0.60498,0.5542
0.52492,0.66405,0.64713,1,0.69994,0.40805,0.40657,0.64962,0.48466,0.6048,0.53505,-0.010178,0.53993,0.74511,0.66837,0.64734,0.53713,0.59455,0.77684,0.5934,0.41418,0.15416,0.42328,0.41287,0.55043,0.62739,0.65396,0.46341,0.49733,0.62187,NaN,0.6058,0.49618,0.59294,0.50829,0.43522,-0.055295,0.60062,0.3596,0.35233,0.71605,0.52653,0.57318,0.60094,0.67468,0.206,0.55406,0.55346,0.2705,0.25824,0.16408,0.4223,0.39806,0.56491,0.4828,0.20128,0.40739,0.13309,0.60936,0.43193,0.24722,0.23624,0.35593,0.55087,0.74747,0.45517,0.32196,0.3612,0.57069,0.60847,0.70092,0.64594,0.51085,0.55775,0.64908,0.20001,0.60398,0.48286,0.088344,0.35613,0.55933,0.57487,0.42171,0.50077,0.47195,0.25551,0.58499,0.64986,0.54673,0.33331,-0.053252,0.60058,0.5317,0.60723,0.15472,0.38648,-0.0046344,0.46207,0.64017,0.78887,0.18093,0.63047,0.21013,0.14791,0.51925,0.52095,0.54854,0.56198,0.44509,0.16385,0.20106,0.34421,0.17507,0.47033,0.73161,0.43382,0.30749,0.54651,0.46687,0.78773,0.54942,0.084323,0.76423,0.21418,0.57946,0.43704,0.64163,0.14811,-0.037882,0.62554,0.80901,0.47453,0.65492,0.59466,0.63506,0.61672,0.33788,0.4743,0.60388,0.75929,0.52503,0.4682,0.39292,0.505,0.48312,0.80502,0.28444,0.55774,0.44845,0.38119,0.39269,0.58926,0.26115,0.74444,0.60046,0.29571,0.41399,0.26048,0.4631,0.55502,0.69562,0.50279,0.64223,0.18804,0.5745,0.64122,0.66549,0.33295,0.61706,0.64183,0.57078,0.41601,0.49611,0.53783,0.016353,0.45068,0.36874,0.42757,0.20626,0.72544,0.63745,0.50964,0.54696,-0.073835,0.39074,0.61681,0.68398,0.62429,0.098015,0.20275,0.44729,0.49055,0.40928,0.34695,0.33904,0.29885,0.51477,0.69362,0.53845,0.64987
0.60264,0.30925,0.60085,0.69994,1,0.73017,0.29029,0.35992,0.17095,0.31053,0.4863,0.22197,0.29967,0.70987,0.57608,0.52679,0.4087,0.42022,0.45874,0.59357,0.21873,0.17379,0.32399,0.66996,0.43721,0.38952,0.54957,0.39771,0.73471,0.29666,NaN,0.36105,0.32274,0.31852,0.34783,0.34065,0.18256,0.60481,0.61573,0.31583,0.41666,0.61383,0.3446,0.41899,0.5269,0.22627,0.6283,0.24293,0.082976,0.41351,0.13942,0.47039,0.42644,0.63621,0.47518,0.21567,0.17023,0.29761,0.77352,0.24249,0.20629,0.11783,0.14739,0.39264,0.64059,0.56546,0.16413,0.30258,0.4179,0.41356,0.73343,0.4609,0.24215,0.58309,0.67295,0.086791,0.49111,0.50546,0.17785,0.14463,0.2114,0.35307,0.42694,0.29496,0.6581,0.34275,0.45587,0.45844,0.36367,0.33001,0.19432,0.26888,0.75526,0.48192,0.12651,0.074614,0.18213,0.28222,0.48589,0.6554,0.095869,0.36045,0.4103,-0.032927,0.094444,0.35541,0.58882,0.49959,0.51013,0.32628,0.012505,0.43853,0.13997,0.16509,0.5492,0.34441,0.21597,0.47544,0.66428,0.7353,0.67733,0.36068,0.66772,0.26891,0.49017,0.2579,0.66313,0.15718,-0.038863,0.58409,0.62233,0.43693,0.41936,0.57656,0.49997,0.51381,0.68489,0.28205,0.43636,0.63923,0.3047,0.59317,0.32482,0.6169,0.1751,0.73373,0.21457,0.59152,0.52033,0.25942,0.29385,0.34399,0.46692,0.65976,0.49483,0.34447,0.35491,0.072949,0.4744,0.3007,0.58266,0.50755,0.63068,0.085374,0.56801,0.45048,0.4879,-0.014479,0.44891,0.61676,0.33986,0.25501,0.5148,0.55458,-0.050151,0.20693,0.15509,0.43033,0.61132,0.33033,0.68579,0.63831,0.36407,0.037908,0.26701,0.6284,0.49104,0.48706,0.25764,-0.029561,0.40948,0.41584,0.19347,0.52733,0.64358,0.13589,0.42178,0.61262,0.57046,0.43697
0.57932,0.20518,0.48149,0.40805,0.73017,1,0.039293,0.21174,-0.041698,0.25827,0.47942,0.22818,0.156,0.49387,0.31384,0.39088,0.36579,0.080353,0.30455,0.60279,0.17607,0.0037465,-0.027464,0.74465,0.28683,0.22116,0.35476,0.51289,0.73174,0.11616,NaN,0.14385,0.31977,0.080321,0.36401,0.10156,0.22924,0.6175,0.84727,0.49621,0.16891,0.54816,0.16193,0.29576,0.30157,0.085884,0.79961,-0.0095937,0.072847,0.55959,0.40319,0.5299,0.41657,0.58862,0.26511,-0.026495,0.11471,0.046992,0.69374,-0.075002,0.13256,0.44007,0.33577,-0.045531,0.35942,0.57651,0.038175,0.17827,0.32588,0.30222,0.41576,0.18339,0.072066,0.62387,0.46694,0.050957,0.37989,0.40708,0.25885,0.19212,0.06739,0.045615,0.46108,0.22253,0.6993,0.39843,0.28302,0.53186,0.22122,0.16759,0.058802,-0.14673,0.64955,0.19711,0.035818,0.0062224,0.27727,0.35927,0.42255,0.57304,0.023846,0.25607,0.42688,0.020634,-0.13787,0.13501,0.33722,0.41332,0.37811,0.54351,-0.0080695,0.12277,0.17483,-0.0297,0.41652,0.23518,0.15525,0.38812,0.4871,0.56186,0.5369,0.13109,0.53695,0.415,0.47552,0.13008,0.53466,-0.076568,-0.11779,0.42497,0.46295,0.12728,0.067236,0.39897,0.34243,0.381,0.8135,0.12121,0.24714,0.60206,0.28713,0.56894,0.41372,0.66848,-0.017759,0.53011,0.54466,0.59772,0.46565,0.32286,0.035651,0.38934,0.44295,0.58864,0.44678,0.21761,0.31639,-0.12332,0.17748,0.1432,0.48648,0.31758,0.60481,0.09861,0.28943,0.18435,0.37537,-0.051475,0.13484,0.45541,0.21575,0.13503,0.39893,0.54704,-0.16868,0.23094,-0.040013,0.3033,0.83967,0.11079,0.48723,0.64937,0.10576,0.0028189,0.043533,0.38683,0.25685,0.15744,0.022769,0.25015,0.43083,0.31136,0.28423,0.68613,0.7342,0.17964,0.30106,0.37991,0.44839,0.25421
0.053073,0.10766,-0.07427,0.40657,0.29029,0.039293,1,0.056357,-0.19222,0.0226,-0.078622,-0.27854,-0.078817,0.0041187,0.00023634,-0.053873,0.35253,0.03577,0.041908,0.090832,0.098222,-0.18686,0.034298,0.017435,-0.062774,-0.023952,0.10382,0.009053,0.022175,-0.033848,NaN,-0.018073,0.22672,0.090515,-0.13056,-0.19505,-0.051843,-0.023911,-0.062995,-0.2634,0.28613,-0.076936,0.039338,-0.015199,0.16485,-0.22898,0.13228,0.029909,0.03058,-0.14228,-0.24512,-0.25828,-0.010043,0.015968,0.054884,-0.07775,0.046208,0.22207,-0.040167,-0.083053,-0.15677,0.13452,0.15642,0.093108,0.066469,0.036043,0.0065717,-0.23577,0.3267,0.082973,0.3158,-0.077045,0.050792,-0.041955,0.20463,-0.25701,-0.16384,-0.13324,-0.17606,-0.21622,0.049067,0.12367,-0.35561,0.054889,-0.00076641,-0.10206,-0.28992,-0.0009858,-0.0037108,-0.037762,-0.012656,-0.088857,-0.14497,-0.034561,-0.017251,-0.11199,-0.0023234,-0.046443,0.13239,-0.033874,-0.081743,0.050489,-0.13746,-0.065759,0.15896,0.23383,0.11938,0.10659,-0.038904,-0.20977,-0.10995,0.20382,0.33109,-0.13246,0.13076,0.16157,-0.47588,0.010789,-0.0047286,0.22401,0.14058,0.033104,-0.019544,0.052289,-0.032982,0.037777,-0.010702,0.041166,-0.12577,0.069622,0.13649,0.10942,-0.09548,-0.042424,0.15526,-0.064923,0.054996,0.1068,0.039061,0.058417,-0.12765,0.019478,0.20686,-0.071834,-0.17459,0.20109,0.14694,-0.27975,-0.04071,-0.16467,0.045077,-0.078348,0.066146,0.046692,-0.028614,-0.16916,-0.03729,0.076375,0.0069058,0.11671,-0.00088757,-0.12118,-0.22908,-0.048682,0.0027494,0.18373,-0.21038,0.091853,0.17782,-0.10929,-0.17148,0.056345,0.14773,-0.058236,-0.32345,0.27672,0.028579,0.15068,-0.1572,-0.0035408,-0.023341,0.16062,-0.00031144,0.016238,-0.063107,0.082246,0.063968,0.2662,0.053217,0.13454,-0.07772,-0.22194,-0.23524,-0.062409,0.17637,-0.16105,0.42762,0.16579,0.0066816,0.091106
0.31336,0.65012,0.71999,0.64962,0.35992,0.21174,0.056357,1,0.3369,0.67582,0.59918,0.058514,0.76411,0.5912,0.59201,0.56518,0.34651,0.72274,0.71326,0.43956,0.2525,0.10368,0.4432,0.12871,0.47884,0.61425,0.39752,0.2901,0.11353,0.55356,NaN,0.57907,0.29362,0.33402,0.6251,0.29383,-0.12884,0.57329,0.10876,0.45925,0.48816,0.53518,0.47266,0.73676,0.6211,0.27788,0.38825,0.38758,0.27989,0.29879,0.26625,0.20015,0.50685,0.55148,0.22729,0.11952,0.20894,-0.15807,0.31946,0.62838,0.37979,0.10442,0.44579,0.51598,0.6481,0.13113,0.2918,0.42035,0.42131,0.60305,0.52676,0.69707,0.70453,0.40529,0.524,0.069005,0.68223,0.40123,0.010449,0.14233,0.57779,0.66356,0.31472,0.64311,0.20816,0.27502,0.65293,0.63904,0.54091,0.30923,-0.15303,0.54017,0.57423,0.54851,0.088382,0.32186,-0.13205,0.14866,0.63128,0.63436,0.14466,0.53783,0.42656,0.11174,0.53311,0.50444,0.49016,0.6743,0.4671,0.036372,0.11196,0.16085,0.3319,0.42722,0.6037,0.27622,0.4114,0.60951,0.29116,0.60057,0.45976,0.3219,0.61991,0.21593,0.47074,0.49085,0.57073,0.15219,-0.042078,0.59027,0.7057,0.61298,0.55441,0.446,0.50789,0.53224,-0.037027,0.5532,0.57564,0.50337,0.27487,0.24794,0.49701,0.40029,0.67359,0.57177,0.080345,0.55417,0.17033,0.38627,0.39598,0.63838,-0.049061,0.63714,0.45917,0.39164,0.10876,0.1668,0.60361,0.49685,0.65196,0.56967,0.40053,0.40851,0.52107,0.62295,0.58738,0.42011,0.6583,0.41202,0.68559,0.54362,0.3802,0.57897,0.07793,0.18988,0.273,0.10988,-0.11291,0.69754,0.46063,0.1183,0.79205,-0.029555,0.38039,0.30584,0.65065,0.45718,0.11815,0.14267,0.088289,0.52794,0.42357,0.07421,-0.05777,0.18924,0.45326,0.64804,0.4534,0.59633
0.052731,0.20508,0.30656,0.48466,0.17095,-0.041698,-0.19222,0.3369,1,0.31811,0.14224,-0.22897,0.42425,0.36412,0.39293,0.2974,0.021185,0.34961,0.54165,0.29174,0.41885,-0.059248,0.32119,-0.051031,0.41599,0.20496,0.30471,0.082248,0.17566,0.60224,NaN,0.45219,0.089972,0.43156,0.28137,0.38136,-0.18572,0.071975,-0.023715,0.10389,0.3803,0.14299,0.34855,0.45259,0.37197,0.20793,0.086714,0.58948,0.2081,0.080863,0.10313,0.30493,-0.12409,0.15473,0.078388,0.12555,0.34258,0.032482,0.29768,0.20391,0.21183,-0.071469,0.062477,0.33246,0.37909,-0.028281,0.24078,0.23522,0.34527,0.17967,0.27301,0.60595,0.41702,0.16618,0.11286,0.43108,0.4053,0.19274,-0.025394,0.27539,0.27337,0.21008,0.44819,0.44291,0.30971,-0.087787,0.59845,0.37713,0.49077,0.058773,-0.14052,0.6456,0.20892,0.47614,0.057177,0.43028,-0.27461,0.16575,0.28992,0.48677,0.1443,0.37403,0.0021326,0.21506,0.41755,0.069043,-0.0059793,0.32305,0.021098,0.20949,0.089,0.14859,-0.23954,0.63472,0.20641,0.082428,0.34469,0.10639,0.23328,0.37475,0.26015,0.16677,0.59844,-0.12464,0.33551,0.44682,0.24102,-0.0050817,0.16978,0.27145,0.37326,0.31434,0.46132,0.21182,0.41164,0.41244,-0.10965,0.25633,0.33842,0.30718,0.59828,0.029262,-0.1044,0.10216,0.39874,0.15191,0.039132,0.33903,0.41373,0.39393,0.26191,0.51461,0.087128,0.26459,0.34057,0.16091,0.15255,0.11292,0.46278,0.35406,0.24134,0.24555,0.45564,-0.098736,0.33334,0.18829,0.45526,0.32442,0.22216,0.4473,0.49028,0.10788,0.13528,0.11827,0.46546,0.013628,0.22045,-0.087309,-0.041913,0.5379,0.3338,0.24237,0.22299,0.024972,0.42358,0.20245,0.45799,0.39457,-0.20268,0.0068431,0.43119,0.41675,0.091532,-0.038079,-0.012469,0.13063,-0.15708,0.23372,0.085769,0.43142
0.33704,0.767,0.64176,0.6048,0.31053,0.25827,0.0226,0.67582,0.31811,1,0.519,-0.020681,0.60987,0.71093,0.77726,0.82558,0.5383,0.51132,0.58048,0.35003,0.078801,0.36591,0.34583,0.20008,0.54787,0.75845,0.58817,0.44324,0.16549,0.47847,NaN,0.57773,0.44583,0.69414,0.76097,0.2746,-0.084436,0.67141,0.19104,0.63133,0.64946,0.61398,0.73954,0.84309,0.74977,0.52396,0.4871,0.52413,0.30179,0.52469,0.048054,0.36669,0.57174,0.5323,0.48868,-0.023968,0.1508,0.051653,0.45281,0.55552,0.34137,0.045162,0.70342,0.60572,0.72667,0.20094,0.68912,0.5931,0.56692,0.78588,0.63194,0.6067,0.5755,0.35362,0.73239,0.2119,0.51102,0.66035,0.26064,0.61607,0.62524,0.74662,0.30256,0.55228,0.4747,0.52046,0.64114,0.64792,0.59266,0.42156,0.17727,0.53547,0.48504,0.67563,0.56721,0.54345,0.1637,0.63478,0.65926,0.67611,0.2149,0.41987,0.37351,0.32298,0.67152,0.26987,0.6527,0.63293,0.66599,-0.093678,0.36189,0.26658,0.35847,0.47454,0.82068,0.54707,0.41875,0.66862,0.32523,0.61,0.49855,0.091447,0.67115,0.044809,0.66356,0.29001,0.64125,0.22056,-0.093882,0.74804,0.69646,0.59421,0.47233,0.53246,0.66161,0.80491,0.094934,0.4176,0.74951,0.67209,0.36318,0.29252,0.4725,0.2646,0.66219,0.48901,0.084868,0.75849,0.54791,0.72227,0.21199,0.80536,0.042513,0.77517,0.64413,0.10501,0.49464,0.50054,0.29328,0.50665,0.80176,0.29608,0.49227,0.37661,0.57957,0.57268,0.5165,0.36996,0.57776,0.44266,0.62331,0.60489,0.52181,0.53399,0.33666,0.22069,0.27811,0.54835,0.036599,0.69849,0.48105,0.091988,0.59857,-0.066098,0.48733,0.61426,0.72439,0.66775,0.10721,0.26264,0.033534,0.6446,0.38442,0.081587,-0.17502,0.23181,0.20278,0.58897,0.64466,0.67094
0.57175,0.74513,0.63303,0.53505,0.4863,0.47942,-0.078622,0.59918,0.14224,0.519,1,0.13556,0.58676,0.59512,0.58454,0.64058,0.32004,0.45536,0.35356,0.39686,0.039338,0.22027,0.19913,0.55922,0.43907,0.67178,0.39854,0.62953,0.46912,0.47296,NaN,0.44348,0.26736,0.4291,0.60609,0.5246,0.22498,0.73923,0.58444,0.54494,0.40883,0.46133,0.51896,0.55602,0.59822,0.38307,0.46764,0.26894,0.30411,0.56934,0.1413,0.43289,0.42792,0.46359,0.47971,0.20457,0.084209,-0.059198,0.48282,0.42901,0.7611,0.37011,0.38534,0.47548,0.60924,0.48205,0.32315,0.28338,0.44676,0.58323,0.59936,0.56502,0.43936,0.7898,0.56916,0.17746,0.67273,0.63556,0.017084,0.37305,0.37683,0.45494,0.46143,0.38659,0.59041,0.37307,0.55313,0.55834,0.44896,0.1947,0.24539,0.12013,0.54537,0.33894,0.23585,0.36796,0.35502,0.37857,0.6228,0.58684,0.35175,0.63718,0.30459,0.084341,0.4293,0.70746,0.43729,0.64564,0.49036,0.16628,0.20817,0.25823,0.30348,0.38845,0.67125,0.45696,0.52273,0.67305,0.59525,0.41579,0.3225,0.3939,0.57633,0.71855,0.39614,0.53789,0.50486,0.2566,-0.49565,0.52659,0.57551,0.41246,0.4187,0.49147,0.46833,0.57193,0.36011,0.39601,0.34373,0.52858,0.60965,0.57176,0.47678,0.44654,0.51913,0.61205,0.38879,0.66002,0.36923,0.3162,0.14713,0.45039,0.44501,0.72094,0.5168,0.38111,0.38207,0.075279,0.32701,0.28907,0.69697,0.45306,0.40212,0.24706,0.12646,0.64053,0.57965,-0.044906,0.44304,0.63919,0.58062,0.28137,0.34635,0.53761,-0.19686,0.39989,0.18892,0.25825,0.31422,0.49743,0.73278,0.33032,0.49883,0.032509,0.14195,0.33032,0.57427,0.50935,0.049704,0.058235,0.28418,0.63851,0.58061,0.34176,0.14484,0.19299,0.62724,0.59094,0.63894,0.5552
0.44428,0.047021,0.058049,-0.010178,0.22197,0.22818,-0.27854,0.058514,-0.22897,-0.020681,0.13556,1,0.051393,0.080958,0.2179,0.045768,0.16262,0.24179,-0.073985,0.33543,-0.2935,0.49717,0.29627,0.50502,0.21454,0.21888,-0.19903,0.2292,0.34888,-0.27317,NaN,-0.010029,0.030198,-0.16138,0.15004,0.36446,0.37371,0.089496,0.1959,-0.013882,-0.31024,-0.013342,-0.13109,-0.04132,0.083394,0.11505,0.17615,-0.31985,0.19278,0.042607,0.46569,0.27927,0.066816,0.35154,0.39994,0.21396,0.2761,-0.10085,0.032715,0.22062,-0.17734,0.26848,-0.28453,-0.049159,0.11993,0.49654,0.1624,-0.054446,-0.1403,0.27541,0.067998,-0.03363,-0.27328,0.20015,0.21794,-0.3302,0.35825,0.32791,0.44515,0.00048315,0.14883,0.12889,0.34557,-0.056937,0.20809,0.26193,0.14902,0.080817,-0.092992,0.14541,0.38084,0.06036,0.36897,-0.06646,0.24955,-0.3175,0.37816,0.056458,0.17408,0.14045,-0.1072,0.23984,0.34211,0.1454,-0.20957,0.056493,0.3122,0.030361,0.32521,0.24753,0.046487,0.30209,-0.089431,-0.23596,0.1364,0.22848,0.3242,0.22744,0.30334,0.10235,-0.081036,0.14292,-0.055024,-0.073814,0.12347,-0.074717,0.28375,-0.23995,0.11296,0.12049,-0.061271,0.039921,0.040999,0.13488,-0.23371,0.1066,0.35454,0.071696,-0.044197,0.28409,0.14585,0.37337,-0.021013,0.54552,0.027304,0.31568,0.086032,0.22542,-0.11797,-0.091797,0.19133,-0.056961,0.014021,0.14815,0.15615,0.27733,0.35071,0.1196,0.14507,0.17521,0.16411,0.19318,0.13602,0.2139,0.32577,0.01191,0.48468,-0.36014,-0.0081071,0.30767,0.11321,0.23904,0.040228,0.2306,-0.059796,0.13302,-0.23863,0.14949,0.48137,-0.092843,0.24089,0.333,0.25892,0.063182,-0.047503,0.14528,-0.039331,-0.21543,0.36509,-0.37664,0.42544,-0.03188,0.33628,0.44115,0.28981,0.33571,-0.18219,-0.058233,0.19414,-0.089731
0.3288,0.72997,0.59637,0.53993,0.29967,0.156,-0.078817,0.76411,0.42425,0.60987,0.58676,0.051393,1,0.60739,0.76439,0.70809,0.2656,0.7386,0.73741,0.40935,0.21055,0.33447,0.41652,0.22968,0.6214,0.56383,0.40806,0.34075,0.25767,0.45449,NaN,0.5608,0.35353,0.61674,0.66083,0.57773,-0.16186,0.56371,0.076142,0.47023,0.55347,0.58768,0.67591,0.83871,0.6513,0.48163,0.34161,0.55447,0.47734,0.41762,0.054559,0.34601,0.55676,0.46349,0.34876,0.3892,0.20024,-0.42086,0.39811,0.75388,0.36661,0.16664,0.4432,0.55069,0.61862,0.099126,0.32166,0.52785,0.39231,0.58487,0.61217,0.72929,0.62544,0.59105,0.68177,0.41183,0.68773,0.57842,0.30834,0.32897,0.62003,0.65444,0.40938,0.72164,0.30551,0.43715,0.80379,0.59734,0.74305,0.39175,0.067767,0.55312,0.58508,0.6478,0.23102,0.55321,0.024593,0.11614,0.67079,0.61231,0.39761,0.45089,0.5145,0.13782,0.54231,0.44285,0.6011,0.80756,0.62357,0.14477,0.094386,0.029963,0.26285,0.74767,0.67255,0.52491,0.68371,0.84255,0.49299,0.60658,0.46071,0.3282,0.71966,0.15775,0.53079,0.50128,0.64076,0.29606,-0.02777,0.77313,0.71579,0.65371,0.56557,0.46622,0.57194,0.66412,0.073167,0.48852,0.68871,0.50259,0.4311,0.23798,0.42603,0.21082,0.85208,0.40441,0.0032685,0.63086,0.40015,0.53881,0.47335,0.76813,0.059385,0.62932,0.53948,0.38864,0.42616,0.31352,0.75364,0.55568,0.76969,0.64538,0.50166,0.22856,0.44379,0.57491,0.49695,0.29185,0.66402,0.53619,0.83186,0.32842,0.39752,0.50633,0.28225,0.067795,0.21231,0.15142,-0.067996,0.81188,0.59208,0.14263,0.75038,0.036866,0.65985,0.27089,0.8226,0.5035,0.14744,-0.0018869,0.086899,0.68538,0.55842,0.09484,-0.13594,0.3569,0.36114,0.74468,0.68942,0.79197
0.57857,0.66241,0.76828,0.74511,0.70987,0.49387,0.0041187,0.5912,0.36412,0.71093,0.59512,0.080958,0.60739,1,0.8125,0.88677,0.56746,0.57639,0.71456,0.60657,0.34882,0.41947,0.55947,0.52976,0.61764,0.69178,0.7458,0.31151,0.5643,0.59191,NaN,0.63207,0.4199,0.66742,0.72257,0.54873,-0.20947,0.80442,0.37453,0.63413,0.68072,0.82224,0.70745,0.78048,0.59522,0.55375,0.49393,0.57144,0.41226,0.47728,0.15149,0.63587,0.60861,0.49119,0.52823,0.30677,0.30492,0.22036,0.807,0.56767,0.41124,0.013106,0.46606,0.537,0.84316,0.51211,0.44926,0.67309,0.61876,0.60731,0.765,0.74137,0.51495,0.65464,0.795,0.48874,0.60099,0.73069,0.19901,0.46397,0.40782,0.53741,0.56708,0.55208,0.59609,0.59687,0.78928,0.60066,0.61472,0.68585,0.11259,0.61574,0.69819,0.81038,0.34586,0.47841,0.031621,0.53837,0.611,0.86477,0.21722,0.43052,0.44657,0.33044,0.45927,0.36346,0.74748,0.6685,0.78322,0.19325,0.31427,0.34039,0.082393,0.42518,0.8129,0.52198,0.5981,0.66994,0.48249,0.79719,0.76293,0.11453,0.84487,0.26205,0.7696,0.35814,0.84544,0.40672,0.1465,0.79069,0.89778,0.57495,0.64263,0.70682,0.71851,0.80266,0.50408,0.50944,0.78976,0.70168,0.42851,0.61272,0.42413,0.47111,0.54668,0.70752,0.087408,0.82241,0.55709,0.54552,0.37036,0.68675,0.12117,0.91686,0.73189,0.44898,0.49263,0.28537,0.46169,0.64097,0.88151,0.58725,0.79687,0.22585,0.59606,0.60986,0.593,0.32953,0.69021,0.72309,0.65665,0.31392,0.4877,0.57169,0.21621,0.24531,0.25098,0.4691,0.34755,0.67155,0.59298,0.41398,0.62971,-0.064198,0.47736,0.75011,0.76308,0.70357,0.12475,0.19399,0.31123,0.74627,0.42353,0.34535,0.19844,0.24969,0.34469,0.77378,0.74154,0.66792
0.46268,0.74529,0.7001,0.66837,0.57608,0.31384,0.00023634,0.59201,0.39293,0.77726,0.58454,0.2179,0.76439,0.8125,1,0.86204,0.49331,0.62548,0.63108,0.54797,0.036752,0.5728,0.61343,0.42602,0.73274,0.74463,0.51812,0.55591,0.51335,0.40797,NaN,0.55852,0.30847,0.75268,0.77345,0.64857,-0.046871,0.72434,0.30066,0.54802,0.67788,0.6943,0.79616,0.82108,0.7211,0.64734,0.52561,0.55377,0.4568,0.52424,0.0043153,0.54695,0.53708,0.59732,0.67011,0.3937,0.22028,0.054481,0.64156,0.74356,0.4187,-0.016056,0.47897,0.71532,0.85576,0.32401,0.59287,0.59007,0.53926,0.72379,0.85941,0.79166,0.50949,0.58244,0.89862,0.35252,0.57259,0.85325,0.39944,0.59913,0.67338,0.77414,0.51554,0.58757,0.57496,0.54202,0.8071,0.64537,0.64349,0.52656,0.35867,0.66063,0.70853,0.74682,0.46873,0.57506,0.17685,0.44764,0.7557,0.7782,0.38478,0.51932,0.55983,0.27429,0.56247,0.47224,0.78785,0.79905,0.83554,0.11528,0.25332,0.40403,0.17129,0.65389,0.87508,0.6797,0.60929,0.79753,0.65073,0.74858,0.59214,0.3135,0.8204,0.11031,0.73876,0.37556,0.7841,0.30124,-0.01119,0.8949,0.76394,0.73392,0.55224,0.69573,0.71706,0.91595,0.36605,0.34368,0.76608,0.69118,0.43539,0.42221,0.31134,0.38205,0.74455,0.56295,-0.091913,0.79912,0.66445,0.64151,0.48606,0.75734,0.30904,0.8318,0.77266,0.26943,0.71497,0.46605,0.60245,0.66476,0.90221,0.54488,0.64675,0.20663,0.69028,0.60642,0.64295,0.21519,0.67448,0.70785,0.76684,0.36955,0.56143,0.59524,0.37611,0.19227,0.29636,0.44404,0.20775,0.75025,0.69965,0.38394,0.63664,-0.025498,0.60059,0.64872,0.89911,0.67079,0.24055,-0.0056554,0.21049,0.80445,0.43986,0.25357,0.08143,0.32067,0.2484,0.71657,0.80487,0.79318
0.48839,0.78506,0.68872,0.64734,0.52679,0.39088,-0.053873,0.56518,0.2974,0.82558,0.64058,0.045768,0.70809,0.88677,0.86204,1,0.45128,0.61662,0.63953,0.42028,0.21314,0.45375,0.40512,0.45779,0.64487,0.7747,0.69445,0.46488,0.48878,0.54579,NaN,0.67539,0.51925,0.77783,0.71261,0.51857,-0.024101,0.78876,0.39488,0.61026,0.74238,0.74491,0.84268,0.83789,0.72123,0.61564,0.47592,0.57341,0.38141,0.60092,-0.063411,0.59047,0.70445,0.4625,0.60287,0.35909,0.18079,0.064965,0.71185,0.64946,0.38542,0.075938,0.62811,0.5887,0.81072,0.4142,0.51357,0.7158,0.53715,0.7279,0.73775,0.69955,0.55308,0.57928,0.8484,0.43776,0.6198,0.81668,0.39811,0.65668,0.56498,0.65873,0.44132,0.65327,0.54553,0.58948,0.76169,0.60918,0.66912,0.57182,0.26979,0.57342,0.59556,0.76864,0.44884,0.62466,0.2881,0.5601,0.7058,0.75293,0.38478,0.4746,0.51783,0.2709,0.5109,0.34562,0.74067,0.70307,0.82257,0.10842,0.34569,0.23166,0.32499,0.61414,0.89368,0.71872,0.6746,0.8281,0.60134,0.71647,0.5845,0.12106,0.79507,0.14536,0.78766,0.3566,0.79888,0.47425,-0.085801,0.86121,0.81151,0.55179,0.60513,0.72465,0.7389,0.88316,0.39966,0.4612,0.79026,0.68492,0.47936,0.47324,0.45299,0.28559,0.65743,0.60538,0.11413,0.837,0.63159,0.69082,0.32004,0.75769,0.20608,0.89113,0.73938,0.42969,0.64294,0.43058,0.37092,0.53505,0.92669,0.50255,0.69669,0.32889,0.57179,0.69001,0.55969,0.17318,0.599,0.69153,0.75981,0.44625,0.5061,0.55578,0.39207,0.16921,0.34881,0.58305,0.23618,0.72665,0.70494,0.25722,0.66947,-0.073083,0.56737,0.69086,0.81683,0.71879,0.12594,0.13684,0.10602,0.76599,0.53114,0.2219,-0.058452,0.40409,0.31232,0.76538,0.85314,0.7662
0.28714,0.61686,0.26816,0.53713,0.4087,0.36579,0.35253,0.34651,0.021185,0.5383,0.32004,0.16262,0.2656,0.56746,0.49331,0.45128,1,0.28405,0.42153,0.49339,-0.10786,0.40097,0.46325,0.27067,0.43533,0.5277,0.49985,0.3173,0.30679,0.14885,NaN,0.35658,0.30737,0.32852,0.54202,0.32139,-0.42731,0.48581,0.12449,0.35817,0.54217,0.45359,0.36449,0.48052,0.30259,0.39191,0.53166,0.33903,0.49499,0.087928,0.13802,0.37813,0.28094,0.23146,0.44319,0.15634,0.23417,0.10823,0.29028,0.2305,0.16454,0.10999,0.36157,0.23914,0.55956,0.27703,0.42443,0.27485,0.51877,0.45622,0.57115,0.28702,0.14986,0.40228,0.54529,0.15917,0.22167,0.54691,-0.013195,0.2832,0.41756,0.36201,0.29213,0.16445,0.52005,0.629,0.34579,0.35434,0.41693,0.61094,0.15316,0.23943,0.4635,0.33902,0.31753,0.37486,0.096679,0.59279,0.38518,0.44882,0.006365,0.25885,0.23175,0.44748,0.34317,0.33199,0.53746,0.4762,0.59581,0.29991,0.35951,0.16825,0.11487,-0.022441,0.67668,0.52821,0.33202,0.33258,0.12328,0.55844,0.40458,0.030573,0.3528,0.28384,0.55682,0.31093,0.57687,0.30055,0.099029,0.53764,0.60964,0.33735,0.34155,0.22651,0.51489,0.54721,0.4342,0.41782,0.60187,0.57087,0.13614,0.32397,0.44464,0.27124,0.16253,0.61014,0.062344,0.35466,0.24026,0.32029,0.07031,0.46268,-0.037598,0.6853,0.60379,0.03702,0.53574,0.033093,0.2139,0.73761,0.61859,0.24215,0.32335,0.43322,0.23708,0.46528,0.32463,0.39374,0.51584,0.19156,0.37594,0.16028,0.47058,0.31494,0.0022488,0.54733,-0.14038,0.42495,0.17111,0.43799,0.2694,0.37791,0.37725,-0.031413,0.065206,0.37306,0.4101,0.39069,0.23132,0.080014,0.21273,0.4489,0.24149,0.39249,0.31849,0.25526,0.28934,0.42415,0.44273,0.48125
0.22179,0.64929,0.48721,0.59455,0.42022,0.080353,0.03577,0.72274,0.34961,0.51132,0.45536,0.24179,0.7386,0.57639,0.62548,0.61662,0.28405,1,0.61244,0.24079,0.15535,0.29758,0.41436,0.14272,0.51672,0.62779,0.43364,0.13458,0.21003,0.4228,NaN,0.71927,0.35052,0.50628,0.4266,0.55664,0.0023574,0.36756,0.011247,0.1325,0.47298,0.37727,0.41589,0.66586,0.73086,0.25103,0.289,0.54166,0.28597,0.050646,0.094347,0.31036,0.38608,0.49067,0.5306,0.43328,0.32584,-0.14801,0.30762,0.79385,0.19371,-0.013843,0.14943,0.59186,0.64068,0.13687,0.39281,0.58262,0.32191,0.69063,0.55239,0.62495,0.63659,0.36302,0.59985,0.1567,0.66785,0.4373,0.42737,0.19266,0.6764,0.69397,0.29526,0.63884,0.14943,0.37308,0.71204,0.38274,0.62439,0.37594,0.27709,0.63149,0.54899,0.68482,0.34437,0.37347,0.24755,-0.0092424,0.5896,0.50032,0.037385,0.6171,0.54863,0.18138,0.40408,0.41002,0.57031,0.63855,0.50637,0.05437,0.31311,0.25557,0.33326,0.49991,0.58235,0.60501,0.63344,0.6618,0.38879,0.61192,0.46116,0.376,0.51541,-0.034688,0.48552,0.43737,0.5318,0.19434,-0.074223,0.60482,0.57962,0.46035,0.67904,0.51481,0.53909,0.55217,0.0091137,0.58779,0.62512,0.52678,0.38211,0.16082,0.4947,0.29198,0.60688,0.58597,-0.0091097,0.45717,0.26724,0.4441,0.61778,0.55072,-0.13822,0.55078,0.38153,0.61751,0.36145,0.43348,0.68307,0.44704,0.64412,0.59487,0.38925,0.44604,0.58938,0.55466,0.51629,0.20904,0.47751,0.48944,0.59808,0.5822,0.1994,0.29579,0.34815,0.12448,0.3793,0.41628,-0.078092,0.66854,0.59762,0.028118,0.95721,-0.18932,0.59489,0.27674,0.56979,0.54012,0.2318,-0.20384,0.15986,0.36813,0.36054,0.10654,-0.099027,0.423,0.35787,0.66935,0.58365,0.71797
0.28018,0.60129,0.62321,0.77684,0.45874,0.30455,0.041908,0.71326,0.54165,0.58048,0.35356,-0.073985,0.73741,0.71456,0.63108,0.63953,0.42153,0.61244,1,0.50355,0.46319,0.24079,0.38486,0.16103,0.52097,0.55606,0.70294,0.29733,0.30663,0.57196,NaN,0.64079,0.45175,0.5158,0.56256,0.41202,-0.36238,0.58793,0.15808,0.50024,0.66919,0.72531,0.56381,0.71716,0.47732,0.29411,0.50321,0.68008,0.31779,0.19846,0.21221,0.47655,0.56249,0.51554,0.21648,0.24805,0.32384,-0.25562,0.58343,0.51003,0.11155,0.091883,0.35488,0.44943,0.62785,0.17247,0.16684,0.57809,0.38859,0.46585,0.48395,0.68017,0.54263,0.47081,0.55985,0.4349,0.55573,0.43087,0.16734,0.39455,0.58569,0.5168,0.45273,0.54037,0.26326,0.42187,0.71246,0.66477,0.684,0.50149,-0.28339,0.70674,0.62912,0.71839,0.0071242,0.48974,-0.27389,0.35991,0.53558,0.76221,0.21282,0.38552,0.34545,0.11097,0.38759,0.31171,0.57964,0.54213,0.52174,0.32297,0.16485,-0.10469,0.073339,0.5906,0.63278,0.26923,0.497,0.58741,0.31189,0.78187,0.57854,-0.070905,0.76757,0.021129,0.64709,0.37222,0.71591,0.21366,0.23893,0.69081,0.85728,0.55145,0.74626,0.5293,0.62923,0.59786,0.19276,0.51335,0.79696,0.69603,0.29557,0.20933,0.37802,0.40265,0.65618,0.63818,0.017062,0.59947,0.44313,0.50305,0.46937,0.71895,-0.019921,0.66091,0.6144,0.30798,0.31399,0.1737,0.59873,0.60109,0.70391,0.72682,0.784,0.27805,0.59205,0.51082,0.60535,0.56123,0.69681,0.45309,0.72657,0.27957,0.48999,0.55294,0.27498,0.15615,0.32529,0.28224,0.04492,0.86785,0.48829,0.26113,0.60731,-0.082759,0.58091,0.46591,0.72182,0.43053,0.13081,0.22072,0.23924,0.5833,0.5554,0.24136,0.1785,0.45575,0.36167,0.74122,0.53719,0.69806
0.67515,0.29707,0.58074,0.5934,0.59357,0.60279,0.090832,0.43956,0.29174,0.35003,0.39686,0.33543,0.40935,0.60657,0.54797,0.42028,0.49339,0.24079,0.50355,1,0.14798,0.24696,0.56481,0.63372,0.71088,0.34379,0.27683,0.40948,0.65274,0.36844,NaN,0.26411,0.15292,0.19921,0.52133,0.50951,-0.1483,0.55377,0.44518,0.47152,0.28971,0.47743,0.45169,0.38309,0.29657,0.33613,0.57036,0.0038058,0.58359,0.44179,0.39855,0.55887,0.24181,0.5018,0.41557,0.12115,0.36704,0.088462,0.55259,0.19678,0.11484,0.33595,0.42048,0.035539,0.62118,0.54412,0.20939,0.083053,0.46905,0.28756,0.55544,0.46513,0.19527,0.59259,0.48233,0.26276,0.43893,0.50647,0.16351,0.16519,0.29555,0.25083,0.55117,0.53318,0.57804,0.33503,0.51412,0.54805,0.36026,0.4129,-0.17557,0.32892,0.59561,0.34523,0.056716,0.10241,-0.13653,0.29576,0.46367,0.76845,0.27134,0.367,0.4474,0.17197,0.34299,0.26683,0.38561,0.58709,0.53334,0.32157,-0.17236,0.39709,-0.019391,0.1283,0.49957,0.31864,0.33333,0.44245,0.44869,0.58893,0.56516,0.16553,0.65632,0.23416,0.56522,0.4705,0.67027,-0.004966,0.39178,0.5477,0.61057,0.3141,0.2491,0.39088,0.36955,0.43062,0.62714,0.14069,0.40547,0.61215,0.40262,0.63547,0.11152,0.60024,0.31682,0.51834,0.29375,0.50117,0.18421,0.24593,0.196,0.47297,0.22868,0.65179,0.54949,0.18548,0.44295,0.0082693,0.39874,0.53262,0.58883,0.40314,0.57507,0.06699,0.4396,0.29241,0.61306,0.11075,0.35885,0.6276,0.50975,0.064569,0.25867,0.60815,-0.071554,0.20679,-0.088131,-0.028002,0.49149,0.34261,0.36639,0.80284,0.28144,0.091828,0.19613,0.31393,0.5649,0.24345,-0.1855,0.17935,0.60855,0.52852,0.33388,0.47398,0.50771,0.20546,0.0988,0.43429,0.4517,0.42382
0.26843,-0.0025069,0.31769,0.41418,0.21873,0.17607,0.098222,0.2525,0.41885,0.078801,0.039338,-0.2935,0.21055,0.34882,0.036752,0.21314,-0.10786,0.15535,0.46319,0.14798,1,-0.38219,0.087737,0.20266,-0.13699,-0.052445,0.19914,-0.24044,0.26262,0.3301,NaN,0.11691,0.3278,0.24498,0.17997,-0.086059,-0.11801,0.11956,0.057239,0.058822,0.23171,0.20497,-0.00014541,0.28855,0.1456,-0.10088,-0.017758,0.32098,0.0059341,0.10769,0.27403,0.15026,0.15487,-0.033247,-0.33868,-0.00018894,0.445,-0.024552,0.411,0.024427,0.0089155,0.26259,0.020127,-0.05882,-0.015001,0.3082,-0.082782,0.2434,0.33347,0.1083,0.069084,0.29616,0.26953,0.21318,0.10547,0.17099,0.36058,-0.13262,-0.11232,-0.0647,-0.24423,-0.17412,0.35809,0.29277,0.079466,-0.125,0.20884,0.22664,0.19388,0.093756,-0.32525,0.32983,-0.063444,0.36011,-0.20584,0.0079352,-0.33094,0.0058588,0.13692,0.3648,-0.23693,0.10522,-0.14795,0.26179,-0.072224,-0.11757,0.051367,0.051219,-0.11123,0.1481,0.11111,-0.15563,-0.19557,0.27803,0.0060354,-0.17952,-0.0093733,0.042755,-0.023492,0.40295,0.26269,-0.33325,0.39284,0.042792,0.16735,-0.083724,0.2161,0.0010166,0.15401,0.050655,0.3783,0.058634,0.13386,0.23638,0.10146,0.11798,0.064906,0.36349,0.08212,0.05289,0.31427,0.2871,0.050282,0.16963,0.0072813,0.1154,0.37171,0.26692,0.12984,0.01997,0.17137,0.22813,-0.14479,0.17388,0.11204,0.33037,-0.3117,0.020332,0.18052,0.23775,0.077401,0.089863,0.42011,-0.29176,0.14764,0.11547,0.11381,0.36895,0.22737,0.30943,0.1336,0.1087,0.11008,-0.018311,0.0017293,0.073287,0.18387,-0.11324,0.15733,0.17747,0.03272,0.18006,0.10406,-0.0551,0.26648,0.3667,0.098152,0.20471,-0.077526,0.3283,0.30019,-0.011116,0.10839,-0.028431,0.1153,0.027417,0.14469,0.23489,-0.074116,-0.019484
0.30205,0.45419,0.061401,0.15416,0.17379,0.0037465,-0.18686,0.10368,-0.059248,0.36591,0.22027,0.49717,0.33447,0.41947,0.5728,0.45375,0.40097,0.29758,0.24079,0.24696,-0.38219,1,0.40733,0.29443,0.37522,0.61119,0.39481,0.33275,0.15794,0.069593,NaN,0.3895,0.28882,0.38761,0.33326,0.66276,-0.037005,0.33441,0.038603,0.28525,0.20289,0.38976,0.49267,0.3112,0.14748,0.43163,0.12666,0.27623,0.46366,0.076624,0.014741,0.49236,0.34826,0.28127,0.55981,0.23511,0.24498,-0.066766,0.14228,0.40331,0.090349,-0.016145,0.064886,0.34676,0.43437,0.33512,0.38188,0.22456,0.16941,0.36857,0.30295,0.3221,-0.15449,0.22234,0.48819,0.32582,0.15686,0.63993,0.43991,0.50356,0.40678,0.37703,0.2257,0.05467,0.20937,0.67756,0.40343,0.27922,0.22075,0.52014,0.40266,0.33652,0.40924,0.34999,0.56484,0.15779,0.26468,0.45073,0.36225,0.37097,0.21672,0.19372,0.32895,0.14171,0.2766,0.20843,0.64955,0.20494,0.72418,0.077761,0.22087,0.2522,-0.061256,0.070798,0.51876,0.43363,0.46985,0.50761,0.30477,0.2556,0.17271,0.039051,0.17901,-0.10383,0.44267,0.051744,0.44445,0.17163,0.16865,0.48706,0.30487,0.47031,0.35908,0.32495,0.32482,0.41195,0.25461,0.19735,0.56633,0.45699,0.14643,0.2817,0.20083,0.28235,0.44558,0.35045,-0.22822,0.36503,0.32707,0.36868,0.33187,0.23931,-0.075278,0.3746,0.44975,0.091413,0.59547,0.37823,0.084677,0.37814,0.50189,0.47755,0.30668,0.28298,0.3419,0.10331,0.43891,-0.16086,0.29761,0.3213,0.40157,0.029635,0.18774,0.26317,0.19483,0.10637,0.023963,0.46262,0.16843,0.40919,0.29459,0.0923,0.37317,-0.049335,0.25659,0.32409,0.45164,0.28248,0.32045,-0.12284,0.18138,0.41072,0.51777,0.23147,-0.11984,0.32432,-0.056504,0.27926,0.5572,0.36499
0.32559,0.30789,0.44952,0.42328,0.32399,-0.027464,0.034298,0.4432,0.32119,0.34583,0.19913,0.29627,0.41652,0.55947,0.61343,0.40512,0.46325,0.41436,0.38486,0.56481,0.087737,0.40733,1,0.19058,0.58093,0.42974,0.17346,0.11266,0.38007,0.20267,NaN,0.22313,-0.011757,0.33285,0.52509,0.57021,-0.39124,0.23904,-0.10655,0.18552,0.5,0.37526,0.39605,0.39735,0.23222,0.56607,0.072858,0.16048,0.53638,0.13525,0.0023364,0.33608,0.15634,0.066205,0.38435,0.36916,0.48848,0.218,0.24947,0.48114,0.29602,-0.19464,0.11444,0.2495,0.6336,0.27331,0.33932,0.26595,0.33677,0.35135,0.60518,0.65486,0.16714,0.21371,0.45361,0.28751,0.32854,0.5346,0.010949,0.091101,0.34802,0.35267,0.53059,0.40781,0.24276,0.30642,0.52866,0.18291,0.31418,0.65437,0.077132,0.69587,0.37649,0.48953,0.10036,0.3014,-0.24466,0.17469,0.31046,0.51869,0.056355,0.25393,0.39633,0.43517,0.39075,0.24609,0.45072,0.4944,0.56084,0.10186,0.20597,0.40316,-0.2862,0.21798,0.46849,0.33069,0.41816,0.27784,0.2304,0.49254,0.34501,0.24066,0.41712,0.0069237,0.44423,0.28402,0.51608,0.37402,0.43402,0.44419,0.54287,0.40373,0.3066,0.49531,0.37996,0.50782,0.22926,0.1249,0.44282,0.17229,0.16708,0.42075,-0.077063,0.13025,0.28856,0.277,-0.29792,0.31812,0.052445,0.23938,0.25725,0.32281,-0.030166,0.48451,0.43378,0.19588,0.3561,0.078724,0.42841,0.79037,0.47515,0.2217,0.25443,0.17835,0.48014,0.38829,0.40434,0.26032,0.43916,0.4021,0.54304,0.16023,0.34121,0.27385,0.25725,0.16555,0.1927,-0.045986,0.011695,0.41839,0.21827,0.44175,0.45046,-0.1768,0.34171,0.37139,0.5036,0.28886,0.22721,-0.23297,0.28764,0.5641,0.077411,0.085373,0.047147,0.10937,-0.08605,0.36049,0.27164,0.36568
0.90317,0.26916,0.38279,0.41287,0.66996,0.74465,0.017435,0.12871,-0.051031,0.20008,0.55922,0.50502,0.22968,0.52976,0.42602,0.45779,0.27067,0.14272,0.16103,0.63372,0.20266,0.29443,0.19058,1,0.34272,0.28251,0.21008,0.46898,0.79003,0.16402,NaN,0.13204,0.44176,0.26333,0.33205,0.40055,0.40666,0.53148,0.70379,0.33618,0.088203,0.36219,0.29551,0.24786,0.33123,0.19333,0.42358,-0.081315,0.26682,0.56573,0.38805,0.5188,0.353,0.43553,0.45038,0.16005,0.34795,0.12115,0.57063,0.082827,0.17121,0.59383,0.18958,0.033391,0.36544,0.89809,0.13007,0.030329,0.33289,0.36535,0.45877,0.2097,-0.085426,0.71377,0.53469,0.082896,0.5507,0.51603,0.32303,0.17082,-0.021634,0.050984,0.53705,0.22448,0.68306,0.32568,0.3467,0.4535,0.099302,0.16263,0.24982,-0.036237,0.46273,0.14333,0.25013,-0.089625,0.4242,0.36431,0.4701,0.56713,0.16255,0.35889,0.26164,0.10593,0.016141,0.19843,0.42098,0.33788,0.44625,0.35165,-0.048937,0.41203,0.0036538,0.012646,0.46031,0.37138,0.29441,0.505,0.60878,0.43667,0.3177,0.13839,0.48121,0.40517,0.36447,0.11274,0.51563,-0.0075998,-0.10436,0.40299,0.39511,0.15495,0.085601,0.39387,0.17601,0.35672,0.80157,0.18692,0.11688,0.50944,0.55761,0.86999,0.28115,0.64581,0.09067,0.50246,0.60401,0.59086,0.31847,0.153,0.082832,0.26464,0.43079,0.55248,0.42013,0.35377,0.4376,0.097578,0.13293,0.22176,0.48734,0.2711,0.50451,-0.11408,0.26424,0.23604,0.48213,-0.3633,0.17527,0.7179,0.26936,0.15212,0.28809,0.46046,-0.28356,0.35539,-0.14456,0.27388,0.85189,0.083012,0.53686,0.73513,0.16516,0.16101,0.038793,0.50343,0.31738,0.25706,0.10439,0.11956,0.62009,0.3019,0.42597,0.66297,0.51311,0.15067,0.19095,0.292,0.48783,0.14794
