1,-0.49693,-0.41007,-0.17855,0.097951,0.51753,-0.13556,-0.22976,0.19678,0.07719,0.20659,0.55449,-0.2268,-0.0020909,0.33497,-0.16397,0.1696,-0.14317,-0.23344,0.16195,0.084174,-0.18435,0.14534,0.84072,0.20244,-0.27295,0.21077,-0.4276,0.38114,-0.065958,NaN,-0.52812,0.14023,0.63369,0.30072,-0.05999,0.38723,-0.16177,0.6202,0.13267,-0.33663,0.28175,-0.31184,-0.29732,0.082275,0.33373,-0.22114,-0.17399,0.034357,0.66101,0.25878,-0.27245,-0.30259,0.27422,0.016054,-0.20491,0.25942,NaN,0.39103,-0.41121,0.38645,0.47696,-0.16258,0.4712,0.27278,0.82508,0.090264,-0.00965,0.054916,0.10913,0.080862,-0.17258,-0.41412,0.39051,0.16782,0.36127,0.17821,0.22326,0.25409,0.19894,-0.10782,-0.2092,0.31762,0.14448,0.17898,0.079295,-0.45527,0.55466,0.16069,0.089528,-0.20354,0.10636,0.50221,-0.12838,-0.2343,-0.03522,-0.24111,-0.049531,0.13059,0.23402,0.024185,0.018805,0.3989,0.15771,-0.39079,0.4202,-0.13575,-0.12229,0.36857,0.21155,-0.1375,-0.03892,0.037614,0.19332,-0.16416,-0.42663,0.13975,0.14286,0.016929,-0.26145,-0.49603,-0.13913,0.11297,0.80266,0.13367,-0.038492,-0.1408,-0.32486,0.56004,-0.15409,-0.26183,0.42687,-0.35333,0.60846,-0.6244,0.42842,0.36304,-0.26831,-0.66552,0.43873,0.33728,0.9002,0.61859,0.47318,-0.081399,0.30568,0.45524,-0.075821,-0.017044,0.49614,-0.44832,-0.072663,0.14684,0.18051,0.11112,-0.41958,0.090424,0.052587,0.060287,-0.020752,0.033773,0.38565,0.40918,0.22343,0.19168,0.25548,0.077306,0.5886,-0.14361,0.39381,0.13814,-0.070076,-0.29432,0.040805,-0.13657,0.30603,0.1759,-0.12192,0.56024,0.084865,0.14754,0.4306,-0.21294,-0.19213,-0.01779,-0.41653,-0.34008,0.23331,-0.47778,0.21459,0.57143,-0.062112,0.28767,0.71163,0.69337,-0.16923,0.031841,-0.037312,0.17026,-0.10514
-0.49693,1,0.058903,0.11839,-0.12454,-0.26077,0.11981,-0.062197,-0.2488,-0.38506,0.01069,-0.23044,0.072596,-0.032539,-0.24297,0.3054,0.30259,0.144,0.31687,0.065779,0.041971,0.31167,-0.30775,-0.53096,0.05646,0.40548,0.1733,-0.11769,-0.28514,0.069204,NaN,0.18753,-0.0027478,-0.010592,0.062698,0.16091,-0.70228,-0.04298,-0.23969,0.14748,0.10272,-0.31316,0.53827,0.45047,0.33206,-0.081697,0.039306,0.17502,-0.16092,-0.30128,-0.37151,0.19226,0.55109,0.12514,0.12516,-0.26609,-0.27403,NaN,-0.0063125,0.18686,-0.29244,-0.68303,0.1655,-0.29012,-0.2339,-0.63845,0.075407,-0.0019082,0.10391,0.32419,-0.16223,0.26895,-0.021138,0.069592,0.17935,-0.33204,-0.11222,0.17687,-0.22446,-0.0085472,-0.072914,0.19317,-0.078579,0.17549,0.13384,-0.28184,0.046706,-0.22642,-0.49979,0.059579,0.13556,0.12609,-0.11184,-0.082897,0.59966,0.056578,-0.28554,-0.2175,-0.2155,0.11062,-0.15237,0.094531,-0.11048,-0.13549,0.39781,-0.21264,0.27732,0.33385,-0.0012026,-0.019281,-0.23182,0.21637,-0.13124,-0.40938,0.42351,0.14866,-0.20691,-0.011299,-0.054609,0.12681,0.41271,0.15331,0.18895,-0.41575,0.040171,-0.51144,0.37742,0.2158,-0.30276,0.24138,0.26072,-0.2218,0.002479,-0.27409,0.46677,-0.29922,-0.19972,-0.082644,0.417,-0.40574,-0.19093,-0.60762,-0.18505,-0.32615,0.088514,-0.36786,-0.57468,0.01044,-0.14825,-0.24358,0.20885,0.36135,-0.025132,0.20337,0.14711,-0.023899,-0.27028,0.15763,0.1355,0.16458,0.17127,-0.13528,-0.23908,-0.27599,0.247,0.052502,0.30095,-0.4042,0.27844,-0.52199,0.093545,0.041833,0.28126,-0.072446,-0.044782,-0.068917,-0.13226,-0.013799,-0.39175,0.21406,-0.26247,-0.19043,0.20364,-0.17924,0.26158,-0.18121,0.43188,0.062784,0.24297,0.16395,-0.60684,-0.05118,-0.10627,-0.3439,-0.26037,0.31459,0.19579,-0.11154,-0.23273,0.0029656
-0.41007,0.058903,1,0.055396,0.15176,0.15882,-0.030661,0.25923,0.20559,-0.11021,0.011297,-0.15045,0.18739,0.42105,-0.025817,0.21474,-0.14906,0.26947,0.27856,0.071174,0.20867,0.44777,-0.012346,-0.19698,-0.26288,0.0080464,0.15543,0.25726,0.079825,0.23805,NaN,0.33199,-0.098326,-0.41463,0.05251,0.30313,0.0086861,0.3688,-0.075093,0.024253,0.024571,0.27612,0.051392,0.38647,-0.089826,0.16415,-0.021475,-0.35502,0.12546,-0.20517,-0.11734,0.37835,-0.24084,-0.11539,0.27069,0.25685,0.19463,NaN,-0.09791,-0.13726,0.18059,-0.13905,0.20553,0.052306,0.077528,-0.18568,0.074965,0.23825,-0.11749,-0.22432,0.018338,0.17494,0.17354,-0.18589,-0.032431,-0.26125,-0.0099051,0.030234,-0.11637,0.15284,-0.22884,-0.18727,0.092824,-0.10438,0.45624,0.019753,0.20436,0.0037054,0.15784,-0.16533,0.20855,-0.10706,-0.06992,0.23638,0.02099,-0.16813,0.37373,0.32677,-0.10101,0.1265,-0.23114,0.46485,0.15155,0.085215,0.1924,0.15799,0.090754,0.33928,-0.37926,-0.23122,0.002267,0.13277,-0.079594,0.34284,0.15976,0.11783,-0.27013,0.085077,-0.11816,0.33706,0.051707,0.50986,0.37177,-0.24006,0.069535,-0.15328,0.25173,0.18859,-0.31425,0.22774,0.36049,0.16695,-0.037606,-0.19285,0.37748,-0.1159,0.12071,0.29242,0.34402,0.057807,-0.038663,-0.20847,-0.16389,-0.41691,0.16797,-0.16801,-0.30489,0.13069,0.11284,0.010565,-0.019363,0.24405,0.14362,0.1625,0.065161,0.21187,-0.016607,0.036083,-0.083116,0.0012421,0.046517,-0.29493,0.13764,-0.18294,-0.14005,-0.58247,-0.031787,0.009383,0.19712,-0.086028,0.071141,-0.00038634,0.010522,0.15673,-0.20778,-0.27845,0.17213,0.010893,-0.12014,0.27483,0.11257,-0.070044,0.16246,0.090825,-0.0078362,0.31224,0.28821,-0.1326,0.27442,0.098506,-0.23715,0.45006,0.068866,0.14485,-0.20109,-0.050413,0.47191,0.1221,0.069351,0.14169
-0.17855,0.11839,0.055396,1,-0.18087,0.049539,-0.13382,0.30512,0.13255,0.028586,0.5877,-0.037302,-0.21242,0.18647,-0.014278,0.31286,0.14495,0.27732,-0.25107,0.2527,0.34042,0.35807,0.040782,-0.1996,-0.29287,0.011135,0.055645,0.38394,0.026566,0.21594,NaN,0.031833,0.33457,0.093664,0.38434,0.13796,-0.0021288,-0.21857,-0.36138,-0.0054083,0.22034,0.078003,0.30287,-0.20627,0.086673,-0.34825,-0.033972,-0.40518,0.022174,0.081936,0.16651,0.28615,0.45352,0.2457,0.0058775,0.092673,0.39145,NaN,-0.13832,0.063778,0.27653,-0.25398,0.063894,0.12279,0.3313,-0.23375,-0.41618,0.080856,-0.11387,0.0082576,0.35081,0.21529,0.11187,0.046132,0.21732,0.0090745,-0.086822,0.50588,-0.14456,0.22695,0.12278,0.20404,0.16924,-0.097246,0.28476,0.31904,0.39156,-0.070145,-0.1588,0.26002,0.20883,-0.1429,-0.3375,0.32021,-0.22014,-0.28236,0.28031,0.089563,0.021986,0.51115,0.49986,0.28267,0.19605,0.159,0.052691,-0.11492,0.4218,0.10614,0.036846,-0.046003,-0.20544,0.18376,-0.29986,0.31027,0.3837,0.18399,-0.36626,0.33326,0.089696,0.12116,0.34371,0.0081156,0.32085,-0.07588,0.38545,0.0048638,-0.16467,0.026146,0.012885,0.29377,0.63199,0.18666,-0.14341,0.04355,0.021141,0.07579,-0.039741,-0.054511,0.14962,-0.053517,-0.36286,-0.26397,0.23379,0.25782,0.032103,0.15075,-0.2671,0.48725,0.3763,-0.07996,0.022963,0.26662,0.22765,0.46344,0.31538,0.11091,0.21125,0.019201,0.050209,0.066355,0.075392,0.19018,0.16236,0.0055847,0.12553,-0.20484,0.20229,-0.028191,-0.30388,-0.0056618,-0.023828,0.21593,0.047567,0.33052,0.17764,-0.071826,-0.025081,-0.026179,-0.0069808,0.08226,0.11862,-0.060749,0.34347,-0.012573,0.46524,0.23466,0.12903,-0.032648,0.12438,0.38923,-0.12781,0.26124,0.31521,-0.29787,-0.149,-0.22438,0.091519,0.29303,0.15656,0.53373
0.097951,-0.12454,0.15176,-0.18087,1,0.1295,-0.065153,-0.090285,0.052827,-0.10486,0.11524,0.23093,-0.30696,-0.14071,0.08727,-0.072496,0.021552,0.076605,-0.22633,0.31306,0.026711,-0.11386,0.2527,0.23943,0.17186,0.078505,-0.033384,0.048088,0.30874,0.087973,NaN,0.0088833,0.33045,0.099777,-0.12769,0.26522,0.11216,0.25102,0.4116,0.011081,0.074563,0.027754,-0.13591,-0.077298,0.064412,0.11753,-0.069194,0.33762,0.024714,0.052372,0.23632,-0.12007,-0.41132,0.14231,-0.25925,0.32146,-0.029235,NaN,0.04309,-0.43203,0.24019,0.010642,-0.13136,0.34748,0.30416,0.10615,-0.11573,0.050264,0.45351,0.10007,-0.21304,0.016994,0.18323,0.42567,0.15082,0.21361,-0.2531,-0.098779,-0.29035,-0.10252,-0.31586,-0.27508,-0.24643,-0.17471,-0.22372,-0.36681,-0.23484,0.41328,0.15504,0.078829,0.14988,0.48985,0.32633,-0.32456,0.16842,-0.19014,0.10867,0.14964,0.0050711,0.010519,-0.20235,-0.077762,0.040872,-0.13976,0.36967,0.18797,0.074988,-0.23186,0.088538,0.077821,0.096637,-0.092336,0.18782,-0.016077,0.057146,-0.016926,-0.57218,0.18959,0.36034,0.073068,-0.05452,-0.014337,0.029904,0.1063,-0.30325,0.055931,-0.064595,-0.25629,0.065913,-0.12727,-0.10771,0.029727,0.13363,0.36915,-0.0076473,-0.027319,0.14682,0.093062,-0.11368,0.083612,0.1929,0.21167,0.11331,0.081743,0.31709,0.048551,-0.13872,-0.078508,-0.22821,0.29136,-0.36944,-0.18343,0.50316,-0.27659,-0.19103,-0.16731,0.062272,0.39361,0.30371,-0.25167,0.031826,0.083632,0.043905,-0.20576,0.1917,-0.055116,0.23492,0.16691,0.23066,0.12825,0.19091,0.26817,-0.10722,0.11646,-0.073862,0.019283,0.34641,0.37695,0.47289,0.035556,0.3458,0.33997,-0.080634,-0.1587,-0.074533,-0.23348,-0.11636,0.59068,-0.25003,-0.065543,0.30487,-0.014084,0.18714,0.30766,0.32799,0.29842,-0.07756,-0.42168,-0.20379,-0.12197
0.51753,-0.26077,0.15882,0.049539,0.1295,1,-0.43998,-0.1364,0.33467,0.096693,0.092879,0.41255,-0.39431,-0.082564,0.25126,-0.085874,0.063717,-0.055972,-0.1099,0.06227,0.37996,0.16724,0.070578,0.6477,-0.076267,-0.33189,-0.13573,-0.086895,0.66278,-0.061133,NaN,-0.47438,0.18739,0.27463,0.23385,0.14784,0.38355,-0.14012,0.37505,-0.027706,-0.31317,0.19226,-0.42091,-0.051822,-0.06795,0.34053,-0.094566,-0.50535,0.0018147,0.39615,0.14286,0.027815,-0.1992,-0.045467,0.36299,-0.16962,0.38118,NaN,-0.0030962,-0.66738,0.5171,0.17813,-0.14928,0.29836,0.28381,0.54432,-0.04655,-0.10029,-0.0049136,-0.23851,0.085402,0.021524,-0.22878,0.15107,0.071243,0.21926,0.17318,0.29092,0.29383,0.15851,-0.48562,-0.33239,0.30017,0.091256,0.285,0.16387,-0.35958,0.51047,0.23356,-0.043404,-0.18881,-0.15516,0.093138,0.01189,-0.18275,-0.19318,0.0445,0.16694,0.19013,0.33399,-0.20432,0.29321,0.39348,0.040835,-0.18615,0.48903,-0.10467,-0.074001,0.22462,-0.091561,-0.31309,0.031802,0.063601,0.19256,-0.13873,-0.46148,-0.055873,0.087179,0.13835,-0.1587,-0.54708,0.17685,0.25005,0.65169,0.012772,0.089688,-0.21821,-0.21265,0.0087107,-0.19259,-0.13295,0.53932,-0.40669,0.42712,-0.47904,0.14172,0.72606,-0.058275,-0.43527,0.43244,-0.11728,0.57162,0.50425,0.29139,0.015547,0.060383,0.21689,0.11014,0.33203,0.2974,-0.38907,0.11361,0.48892,0.22712,0.12582,-0.15387,-0.035715,0.033682,0.055616,0.19305,0.085242,0.27821,0.48584,-0.14965,-0.071358,-0.26558,0.045582,0.41978,-0.23302,0.4246,-0.020615,-0.021017,-0.43943,0.21338,-0.34882,0.15626,0.15908,-0.38261,0.68379,0.13713,0.10632,0.5601,-0.21487,-0.20915,-0.04086,-0.0238,-0.26202,0.17062,-0.41393,0.22959,0.44239,0.039378,0.49595,0.68844,0.72322,-0.073497,0.44277,-0.24488,-0.0024972,-0.11301
-0.13556,0.11981,-0.030661,-0.13382,-0.065153,-0.43998,1,0.021276,-0.077648,-0.14215,-0.13776,-0.3415,0.13206,-0.058323,-0.23416,-0.094776,-0.10397,0.12934,-0.096838,-0.095859,-0.15996,0.18285,-0.32296,-0.31103,-0.20642,0.19595,0.19716,-0.12624,-0.45215,-0.060742,NaN,0.51159,-0.40106,-0.1475,0.081868,0.10403,0.078938,0.52756,-0.0055863,0.16567,-0.046497,0.10819,0.2611,0.034419,-0.1133,-0.019007,0.063219,0.16103,-0.4193,-0.10792,0.028258,-0.064461,-0.096476,0.10135,-0.15075,-0.040425,0.0055194,NaN,0.041557,0.42995,-0.33975,0.039614,0.216,-0.40692,-0.34409,-0.15833,0.20799,0.12651,-0.15835,0.039191,-0.20692,-0.070262,0.04836,0.18657,-0.23808,-0.40038,-0.17905,-0.11846,-0.046073,-0.012476,0.22046,0.43356,-0.10194,-0.36049,-0.1305,-0.16481,-0.05464,-0.15797,-0.2547,-0.18455,0.22265,-0.25482,0.033505,-0.44961,0.026854,0.20123,0.0432,0.12335,-0.26951,-0.10047,0.28074,0.32,-0.61071,0.13766,-0.036685,0.016988,-0.14359,-0.086289,-0.2242,0.34038,0.068182,-0.28764,0.1221,-0.1974,-0.011966,0.068754,0.10565,0.03205,-0.33486,0.23752,0.25881,-0.20863,-0.13633,-0.26717,-0.091702,-0.20109,0.27544,0.25228,-0.19443,0.10858,-0.11404,-0.24285,0.13555,-0.05325,0.14883,-0.31275,-0.57915,0.087468,-0.13344,-0.15827,0.29685,-0.11695,-0.048697,-0.32683,0.085635,-0.28028,0.15675,-0.11104,-0.4417,-0.024078,0.32815,0.12757,-0.38198,-0.20592,-0.0033892,0.12349,0.057651,-0.22423,-0.0047174,0.00093505,0.057949,-0.18585,-0.31038,0.12949,0.31621,-0.077959,0.10148,-0.40515,0.42697,-0.23554,-0.19502,0.16943,0.57823,-0.3293,-0.07305,0.083434,-0.079809,0.37794,-0.41097,-0.094935,-0.27056,-0.46991,0.24387,0.47358,-0.097319,-0.10488,0.10566,-0.40706,0.51291,-0.49254,-0.13767,-0.12354,-0.1855,-0.38599,-0.23619,-0.1974,0.086067,-0.033014,-0.16526,-0.14072
-0.22976,-0.062197,0.25923,0.30512,-0.090285,-0.1364,0.021276,1,-0.10872,-0.30667,0.17842,-0.13251,0.019353,0.39526,-0.069442,0.35171,-0.21469,0.51621,0.038078,0.15081,-0.26231,0.47004,-0.14214,-0.3136,-0.15343,0.27029,0.30157,0.17626,-0.16259,0.46374,NaN,0.52645,0.36985,0.074106,0.35218,-0.022712,-0.1291,-0.060646,-0.40486,0.042052,0.071835,0.28588,0.43016,0.092308,0.41089,-0.048499,0.54947,-0.27728,-0.31331,-0.28508,0.17002,0.44695,0.20655,0.21475,0.046874,0.15206,-0.022117,NaN,0.2554,0.15621,0.27062,-0.036384,0.14675,0.16157,0.3819,-0.20002,0.017544,0.38197,-0.27542,0.24232,0.0698,0.39059,0.33941,-0.28505,0.2589,-0.17998,0.18873,0.17466,-0.062221,-0.014444,0.30482,0.28421,0.18318,0.10206,0.24856,0.2389,0.19248,0.10978,0.18631,-0.0087372,-0.14653,0.16551,-0.14178,0.50572,-0.18843,-0.29403,0.56122,0.11546,-0.23785,-0.085939,0.090033,0.26164,0.014377,-0.36081,0.20351,-0.14476,0.57393,0.2595,0.057535,-0.048148,0.31222,0.047753,-0.49697,0.32527,0.38804,0.13293,-0.22843,0.14225,-0.29925,0.46148,0.39711,0.21602,0.29651,-0.30699,0.093606,0.16444,-0.18326,0.55423,-0.12832,0.3737,0.46409,-0.24855,0.022875,0.048877,0.48465,0.12419,-0.04065,0.39198,0.40447,-0.078583,0.24457,-0.22892,-0.1367,0.15819,0.27391,0.0052991,-0.24938,0.049247,0.25428,0.098995,0.21755,0.34354,-0.070257,0.083467,-0.075867,0.3202,0.083601,0.41035,0.19283,0.060589,0.13691,0.39833,-0.033418,0.33609,0.20533,-0.15999,0.27096,-0.042834,0.11215,-0.086369,0.0038229,0.36842,0.48076,0.15046,0.46982,0.039473,-0.38406,0.33084,-0.41135,0.23635,0.014755,-0.18524,0.57604,-0.092442,-0.047019,0.17323,0.17891,0.03158,0.55445,0.29042,-0.14701,0.29978,0.37083,-0.1391,-0.28486,0.073909,0.20137,0.34569,0.08969,0.28646
0.19678,-0.2488,0.20559,0.13255,0.052827,0.33467,-0.077648,-0.10872,1,0.15261,0.30966,0.49911,-0.26052,0.50796,0.70867,0.065969,0.35512,-0.074406,0.30807,-0.0063355,0.59107,-0.0045135,0.17466,0.36483,0.019403,-0.10546,-0.076887,0.17307,0.46037,0.13852,NaN,-0.19287,0.08703,-0.013891,0.39414,0.089313,0.25502,0.19117,-0.035094,0.40887,-0.094502,-0.051386,-0.2139,0.015354,-0.084432,0.068986,-0.039455,-0.22165,0.41901,-0.027293,0.24895,0.0074626,-0.27018,0.1023,-0.12643,0.018663,0.748,NaN,-0.022402,-0.034998,0.19097,0.043278,0.037894,0.20767,0.11733,0.51305,-0.028589,0.1825,-0.1857,-0.22304,0.097511,-0.27676,-0.094856,0.34299,0.23526,0.29076,0.24226,0.45572,0.040035,0.35169,-0.14421,0.27764,0.46271,0.036603,0.24335,0.25091,0.17478,0.43696,-0.074122,0.2175,0.10799,-0.043036,0.20828,0.027827,-0.27351,0.065143,0.23104,0.61853,0.53989,0.54691,0.30491,0.21817,0.41055,0.56446,-0.028179,0.61699,0.025123,0.2768,0.13668,-0.099942,0.054095,-0.19815,0.33974,0.23395,0.20646,-0.25198,-0.14058,0.27515,0.34306,0.22099,-0.3066,0.30557,0.48052,0.32075,0.07836,-0.097306,-0.086841,-0.033942,-0.012047,0.33652,0.080446,0.44967,0.31734,0.38643,-0.13861,0.3711,0.52197,0.2472,-0.0050423,0.40538,0.0074401,0.29549,0.35305,0.11243,0.11422,-0.022774,0.083838,0.46565,0.024729,0.12778,0.26022,-0.31552,0.5099,0.42783,0.41233,0.43556,0.29892,-0.021188,-0.3535,0.32301,0.13256,-0.29243,0.51734,0.13705,-0.32638,0.03164,-0.015781,0.47604,-0.17906,0.53243,0.44266,0.1823,0.081371,0.3281,0.038499,-0.13889,-0.057274,-0.26263,0.27393,0.44881,0.47635,0.42236,0.032418,0.19849,0.078546,0.24614,-0.17969,-0.14045,0.12727,0.14776,0.57845,0.26213,0.14206,0.21047,0.20909,-0.25446,0.084129,0.26695,0.47752,0.21821
0.07719,-0.38506,-0.11021,0.028586,-0.10486,0.096693,-0.14215,-0.30667,0.15261,1,-0.029809,0.12213,-0.031104,-0.13343,0.18003,-0.40674,0.13497,-0.26589,-0.13895,-0.07198,0.29154,-0.25163,0.32555,0.04276,0.10469,-0.23128,-0.36201,0.32666,-0.011949,-0.13332,NaN,-0.106,-0.17298,-0.056245,-0.082708,0.062251,0.22994,-0.035059,-0.046409,0.16688,-0.13035,0.14717,-0.52434,-0.010398,-0.16179,-0.042224,-0.036771,0.011947,0.57488,0.23014,0.25167,-0.23499,-0.10809,-0.14547,-0.053868,0.076547,0.47473,NaN,0.013295,-0.054519,-0.2213,0.14229,0.24171,0.11461,0.18199,0.1593,0.007039,-0.2546,0.078851,-0.11301,0.46011,0.076505,0.22351,-0.068706,-0.024836,0.4328,0.37218,-0.12454,0.035516,0.41784,0.15564,-0.040228,-0.030948,0.14684,-0.094426,0.24152,0.21304,0.041862,0.46669,0.20807,0.22746,-0.055815,0.25875,-0.033555,0.11401,0.48737,-0.24765,0.20906,0.50294,0.17914,0.37989,-0.12924,0.21037,0.17616,-0.26367,-0.11152,-0.23887,-0.15944,0.18493,-0.15564,0.013384,0.12149,0.084247,0.18835,-0.2698,0.15175,0.18579,0.050808,0.22342,-0.15078,-0.14541,-0.29701,-0.15528,0.074933,0.3156,0.51164,0.14096,-0.10202,-0.14987,-0.26517,-0.38815,0.3444,0.035168,-0.00053129,-0.33066,0.18968,0.10275,0.030991,-0.21722,0.5601,-0.26835,0.069767,0.093536,0.48477,0.20609,0.53134,0.1224,0.39858,0.072295,0.11986,-0.010988,-0.53716,-0.095239,0.0068157,0.046644,0.18465,-0.24481,-0.017776,0.066791,0.080513,-0.12708,-0.10464,0.30702,0.12231,-0.12546,0.13151,-0.23468,0.15128,-0.37569,0.43267,-0.15546,-0.071835,-0.19583,0.19099,-0.10944,-0.24844,0.20812,0.14827,0.083478,-0.01309,0.079886,-0.10304,-0.24739,0.23533,0.16099,0.49881,-0.42619,-0.16191,-0.13521,-0.34729,0.32058,-0.17625,-0.12726,0.086205,-0.11426,-0.027283,-0.2704,0.11856,0.099239,0.1401
0.20659,0.01069,0.011297,0.5877,0.11524,0.092879,-0.13776,0.17842,0.30966,-0.029809,1,0.37117,-0.14183,0.51522,0.53139,0.41776,0.36766,0.29412,0.1078,0.19195,0.21265,0.38321,0.42231,0.15395,0.36665,0.21029,0.31797,0.1822,0.16336,0.49015,NaN,0.056754,0.34812,0.31976,0.62511,0.32091,-0.25502,-0.016616,0.023904,0.51819,0.093875,0.24946,0.3488,0.17983,0.1613,0.093319,-0.25916,-0.11712,0.1971,0.46338,0.29755,0.51936,0.14615,0.51563,0.057187,0.17155,0.45524,NaN,0.31212,0.084027,0.62445,-0.32304,0.21196,0.61481,0.66928,0.12843,-0.1325,0.43047,0.22435,0.20979,0.18175,0.3607,0.28637,0.53367,0.4428,0.21311,0.025901,0.67046,0.017454,0.48669,0.33603,0.21821,0.43589,-0.073756,0.28483,0.10358,0.23959,0.50851,-0.018304,0.46163,0.44719,0.36853,0.30777,0.31949,-0.043762,0.024456,0.078555,0.20603,0.36575,0.68385,0.5125,0.11359,0.56417,-0.021866,0.22096,0.33218,0.40505,0.39762,0.57877,-0.026258,0.095151,0.338,-0.074893,0.57531,0.45533,0.31048,-0.55999,0.70132,0.44084,0.17681,0.34133,0.38539,0.6019,0.089602,0.49968,-0.17704,0.25628,0.0038519,0.26409,0.59016,0.61243,0.25808,-0.18753,0.36156,-0.11893,0.58662,0.14404,-0.07841,0.19003,0.20362,0.14624,0.10901,0.40363,0.39984,0.051283,0.36434,-0.44157,0.67139,0.058019,0.48921,0.098664,0.047478,0.44943,0.72763,0.67881,0.053309,0.27348,0.27339,0.24846,0.2694,0.64155,0.28411,0.47062,-0.003247,0.27485,-0.037472,0.51106,0.11448,0.025622,0.22961,0.50603,0.41896,0.21456,0.59241,0.11386,-0.15937,0.32324,0.0033742,0.15334,0.54686,0.34516,0.14932,0.50383,-0.059329,0.71398,-0.05603,0.18314,0.14206,0.017798,0.54875,0.17744,0.6276,0.29463,0.06974,0.028197,-0.13522,0.012574,0.49198,0.47259,0.47863
0.55449,-0.23044,-0.15045,-0.037302,0.23093,0.41255,-0.3415,-0.13251,0.49911,0.12213,0.37117,1,-0.62699,0.27853,0.66936,-0.12936,0.3618,-0.1825,0.035718,0.14266,0.24816,-0.037692,0.20375,0.52345,0.22485,-0.11279,0.24377,-0.13213,0.29158,0.13569,NaN,-0.31445,0.12787,0.46466,0.19793,0.15557,-0.012584,-0.26289,0.40557,0.33951,-0.27197,0.080277,-0.32399,-0.065852,0.27838,0.46011,0.05804,-0.12362,0.49523,0.37694,0.27369,-0.17242,-0.085486,0.49841,0.14264,0.097054,0.36332,NaN,0.31271,-0.31405,0.37927,-0.039763,0.21799,0.55342,0.4164,0.57904,0.0039949,0.19543,0.16565,0.17516,-0.04699,-0.029953,-0.080556,0.54901,0.29176,0.3844,0.40398,0.22002,0.20572,0.2532,-0.24704,-0.13917,0.1017,0.23771,0.20224,-0.025257,-0.026238,0.74127,0.10339,0.36858,0.094233,0.2287,0.50476,-0.12159,0.11665,0.11081,-0.17361,0.20622,0.4161,0.52445,0.15478,-0.01132,0.64821,0.096587,-0.17379,0.61141,-0.027721,0.22068,0.40581,-0.028349,-0.12017,0.27947,-0.11478,0.20813,0.0089974,-0.021699,-0.15734,0.30017,0.25518,-0.22723,-0.16324,0.25976,0.42796,0.5575,-0.099633,0.019167,-0.1431,-0.34371,0.21498,0.17646,-0.0010852,0.47307,-0.1741,0.35874,-0.3906,0.40888,0.44597,-0.041679,-0.14277,0.60136,0.10304,0.41909,0.41757,0.49814,0.20695,0.34678,-0.013439,0.13393,0.20218,0.34357,0.026271,-0.09495,0.23241,0.34025,0.27122,0.02234,0.27846,0.30558,-0.19345,0.29351,0.26228,0.074216,0.45711,0.15679,-0.0117,0.17512,0.32638,0.78671,-0.19211,0.34871,0.3788,0.031364,-0.103,0.29828,-0.050114,-0.03359,0.30949,0.045253,0.54135,0.55533,0.47437,0.40921,0.021223,-0.26031,0.26577,-0.12516,-0.47833,0.20617,-0.42216,0.37955,0.5129,0.019339,0.52061,0.55637,0.33634,0.040565,-0.0031076,0.11505,0.33491,0.17064
-0.2268,0.072596,0.18739,-0.21242,-0.30696,-0.39431,0.13206,0.019353,-0.26052,-0.031104,-0.14183,-0.62699,1,0.24587,-0.27123,0.44081,-0.070918,0.23702,0.41738,-0.071156,-0.39456,-0.12391,-0.09675,-0.19739,0.21154,0.26766,0.0028022,0.0078838,-0.24944,0.19485,NaN,0.25179,-0.18506,-0.27532,-0.10219,0.035236,-0.20203,0.12949,-0.30275,0.057954,0.17555,-0.16924,0.32229,0.41746,-0.16716,-0.20095,-0.1386,0.10316,-0.006417,-0.17312,-0.27278,0.37733,-0.12413,-0.41632,-0.10321,-0.114,-0.2853,NaN,-0.057332,0.38475,-0.19628,0.089073,0.042618,-0.050329,-0.27519,-0.25511,0.29226,0.05135,-0.019524,0.020854,0.092078,0.043307,0.074837,-0.29515,-0.068645,0.05892,-0.0082827,-0.13606,-0.19707,0.16799,0.44142,0.13103,0.29183,-0.043247,0.085569,0.13891,0.066695,-0.48881,0.080142,-0.042668,-0.017728,0.013133,-0.12512,0.2568,-0.083543,0.19719,0.084928,0.026239,-0.19753,-0.24697,-0.14397,0.032984,-0.084598,-0.033279,0.13178,-0.38251,-0.05536,0.30738,-0.18404,0.17565,0.25361,0.012278,0.2425,0.2226,0.23464,0.19729,0.18303,-0.12432,-0.0020795,0.33619,0.19075,0.12544,-0.092018,-0.4388,0.41449,-0.16489,0.52266,0.46291,0.11664,0.21787,0.13774,-0.25308,0.24836,-0.23666,0.44396,-0.024403,-0.23538,0.061011,0.29344,-0.21067,0.25924,-0.13438,-0.45166,-0.49572,-0.10171,-0.060614,-0.07853,-0.021855,-0.060111,-0.041429,0.039656,0.045003,-0.2482,-0.044961,-0.10049,-0.14501,-0.42096,-0.16886,0.24843,-0.2419,0.039963,-0.03117,-0.26216,0.063366,-0.1231,-0.11029,-0.28782,-0.51021,0.084579,-0.1962,0.22897,-0.067724,0.11969,0.08798,0.21052,0.12124,-0.1374,-0.18022,-0.54505,-0.090209,-0.096854,-0.30791,0.028964,0.3081,-0.017315,0.12919,0.6036,-0.090746,0.29759,0.01554,-0.3096,0.44577,-0.60128,-0.28375,-0.3062,0.14397,-0.12037,0.38067,0.15211,0.12939
-0.0020909,-0.032539,0.42105,0.18647,-0.14071,-0.082564,-0.058323,0.39526,0.50796,-0.13343,0.51522,0.27853,0.24587,1,0.53039,0.52844,0.38737,0.47116,0.53474,0.17093,0.10058,0.38361,0.1823,0.016751,0.19872,0.29936,0.40958,0.29518,-0.06566,0.58078,NaN,0.32272,0.16692,0.099488,0.51194,0.36451,-0.27319,0.0088419,-0.20163,0.56538,0.058721,0.031714,0.30557,0.46822,0.25787,0.085671,0.059932,-0.24996,0.39189,0.021896,0.13328,0.4405,-0.11209,0.31887,0.17143,0.088326,0.38155,NaN,0.25155,0.33894,0.3072,-0.25327,0.30773,0.50972,0.349,0.1538,0.12082,0.59127,-0.097449,0.24666,0.066346,0.18544,0.13286,0.15858,0.36591,0.19151,0.2748,0.45868,-0.108,0.45597,0.35777,0.33861,0.50096,0.20266,0.5879,0.21149,0.39699,0.32582,0.12935,0.3761,0.3105,0.22314,0.29606,0.54232,-0.13015,0.21227,0.20274,0.37967,0.18893,0.44233,0.16816,0.24843,0.56154,0.23285,0.11518,0.33847,0.34911,0.67955,0.11128,-0.0078882,0.22867,0.26845,-0.10394,0.66416,0.6026,0.25697,-0.27903,0.43382,0.15996,0.39216,0.22413,0.6784,0.69607,-0.15595,0.40887,-0.28747,0.28635,0.23874,0.14322,0.70357,0.58984,0.26857,0.17938,0.18429,0.2793,0.49091,0.11768,0.22189,0.53725,0.33142,0.33372,0.020262,0.069718,-0.017349,0.26356,0.1321,-0.37233,0.43821,0.22113,0.27392,0.30816,0.029605,0.15483,0.60484,0.49061,0.36637,0.22238,0.2791,-0.074559,0.34616,0.34274,-0.093697,0.40504,0.2529,-0.14183,-0.053319,0.30393,0.24528,-0.030515,0.12368,0.70882,0.31039,0.42601,0.44824,0.19799,-0.03681,-0.05292,-0.061892,-0.23196,0.67771,0.44972,-0.0177,0.5852,0.067677,0.36838,0.24023,0.23599,-0.025379,0.35673,0.56142,0.13276,0.692,0.12416,0.04067,-0.29416,-0.077624,0.088871,0.77633,0.68276,0.60429
0.33497,-0.24297,-0.025817,-0.014278,0.08727,0.25126,-0.23416,-0.069442,0.70867,0.18003,0.53139,0.66936,-0.27123,0.53039,1,-0.060644,0.46199,-0.078191,0.50627,-0.08037,0.30206,0.11279,0.56458,0.45275,0.54233,-0.033667,0.054467,0.19783,0.41016,0.30849,NaN,-0.19984,0.19844,0.1162,0.45518,0.26278,-0.13077,-0.052315,0.22173,0.57243,-0.28933,0.010183,-0.1617,0.18534,0.11012,0.18317,-0.1068,-0.035229,0.43484,0.32177,0.18181,0.10277,-0.13574,0.39245,0.065905,0.091927,0.4713,NaN,0.18738,-0.084753,0.43935,-0.14981,0.13728,0.5061,0.33516,0.50074,0.1007,0.35912,0.0062232,0.042325,0.14217,-0.13202,0.15084,0.43002,0.2975,0.37383,0.37517,0.56814,0.059346,0.35291,0.14198,0.13288,0.35652,0.19151,0.1121,0.044139,0.069627,0.63182,0.22496,0.40665,0.29437,0.31034,0.48893,0.22998,-0.084133,0.31206,-0.063911,0.41235,0.81284,0.4508,0.18392,-0.11287,0.60357,0.072634,0.039883,0.64691,0.08481,0.29904,0.5543,-0.085097,0.26065,0.13218,0.2317,0.33449,0.14909,-0.049612,-0.19635,0.31904,0.42001,-0.047176,-0.19464,0.43462,0.40636,0.26676,0.094524,-0.052134,0.046202,-0.14873,0.12828,0.3796,0.14475,0.2543,0.23671,0.2941,-0.29338,0.69967,0.46119,0.018035,0.067937,0.4602,0.24265,0.39679,0.46389,0.28532,0.16309,0.29717,-0.19292,0.47525,0.10608,0.3739,0.1554,-0.46593,0.45058,0.45365,0.45748,0.27408,0.2355,0.21905,-0.05684,0.53956,0.50302,-0.091665,0.54757,0.19066,-0.17367,0.20759,0.21418,0.48011,-0.19615,0.64764,0.53217,0.16634,0.039257,0.50396,0.0087255,-0.31893,0.077231,-0.21783,0.32984,0.52794,0.29001,0.36646,0.13812,0.087752,0.32061,0.10048,-0.28834,0.094969,-0.15569,0.29322,0.68512,0.3996,0.22686,0.35176,0.12195,-0.036849,0.026667,0.38003,0.43198,0.11174
-0.16397,0.3054,0.21474,0.31286,-0.072496,-0.085874,-0.094776,0.35171,0.065969,-0.40674,0.41776,-0.12936,0.44081,0.52844,-0.060644,1,0.23743,0.47036,0.33363,0.20562,-0.15533,0.12601,-0.27551,-0.10661,0.1245,0.57653,0.29413,0.059191,-0.0037864,0.44696,NaN,0.17745,0.36327,0.22818,0.16671,0.16791,-0.34923,0.0567,-0.3267,0.28909,0.46702,-0.22188,0.69256,0.42277,0.18984,-0.075142,-0.03917,-0.2273,0.0096133,-0.16396,0.061235,0.69287,0.086076,-0.10333,0.15941,0.05488,-0.014875,NaN,0.011129,0.32831,0.29866,-0.2128,0.11976,0.31865,0.27528,-0.27517,0.087013,0.3586,0.19983,0.29072,0.0099351,0.45781,0.13308,0.19666,0.39309,0.16655,0.029528,0.3109,-0.14493,0.22178,0.16354,0.26709,0.40784,-0.10273,0.42651,0.15917,0.24341,0.032372,-0.18093,0.31902,-0.077589,0.11212,-0.20684,0.24999,-0.056212,-0.13151,0.26665,0.32735,-0.31522,0.3147,0.090266,0.30077,0.27169,0.011276,0.44709,-0.038153,0.46977,0.64539,0.14333,0.02637,0.10066,0.28771,-0.12429,0.41146,0.79537,0.32091,-0.34069,0.33916,0.32929,0.54183,0.48132,0.42949,0.58629,-0.21115,0.41514,-0.31968,0.35238,0.44595,0.21326,0.70853,0.69942,0.07045,0.11349,0.084566,0.50803,0.010822,0.12682,-0.018324,0.58971,-0.13339,0.13672,-0.21289,-0.26405,-0.14175,0.19183,-0.030491,-0.28454,0.29443,0.16771,-0.066064,0.24835,0.46995,0.25648,0.42073,0.28152,0.061438,-0.07052,0.16526,0.18646,0.13327,0.35129,0.26566,0.0045417,0.033396,0.20554,-0.23099,0.28046,-0.26196,0.17809,-0.20981,0.57944,0.41449,0.40802,0.38099,0.37148,0.42432,-0.029525,-0.10927,-0.19635,0.40949,0.45182,0.09924,0.37325,-0.058103,0.39666,-0.023421,0.73218,0.16372,0.35823,0.50421,-0.26885,0.63215,0.10752,-0.2211,-0.0061457,0.23786,-0.03508,0.51703,0.48994,0.58074
0.1696,0.30259,-0.14906,0.14495,0.021552,0.063717,-0.10397,-0.21469,0.35512,0.13497,0.36766,0.3618,-0.070918,0.38737,0.46199,0.23743,1,0.14217,0.36689,0.47445,0.29768,0.13628,0.055539,0.14418,0.44193,0.36643,0.044169,0.28036,0.14691,0.39215,NaN,-0.19703,0.35457,0.50293,0.27227,0.45386,-0.33424,-0.20486,0.086073,0.62732,-0.11202,-0.34551,0.020917,0.35562,0.41075,0.032033,-0.07088,-0.025277,0.30641,0.31375,0.17563,-0.0048254,0.18746,0.49816,0.089711,-0.42315,0.28161,NaN,0.22766,0.047228,-0.0055841,-0.20737,0.27143,0.39439,0.25536,0.02553,0.031752,0.36961,0.1776,0.48971,0.0085367,0.19431,-0.0055147,0.44862,0.47053,0.37204,0.43941,0.56352,-0.052031,0.46384,0.21503,0.31167,0.18287,0.47557,0.35025,0.21716,0.31503,0.40278,0.15051,0.82046,0.37447,0.30407,0.45693,0.12359,0.24576,0.43216,-0.40887,0.29144,0.40291,0.62752,0.15135,0.10344,0.56786,0.27032,0.31439,0.24354,0.21001,0.36693,0.24541,0.34479,-0.029879,0.42463,0.11121,0.17426,0.56282,0.037687,-0.061726,0.52975,0.4084,-0.019154,0.15154,0.19711,0.41354,0.22903,0.34143,-0.21342,0.29492,-0.16177,0.20051,0.39893,0.24985,0.46608,0.12523,0.25817,-0.14619,0.36923,0.24253,-0.23433,0.23654,0.47731,0.086739,0.066827,0.48076,0.22046,0.34813,0.21301,-0.1831,0.35605,0.035056,0.11941,0.019768,-0.26962,0.19467,0.5444,0.45977,0.15564,-0.055362,0.28736,0.2376,0.46121,0.2438,0.082303,0.42783,0.24856,0.072809,0.27909,0.54492,0.20757,-0.13973,0.28061,0.64057,0.33656,0.10648,0.50253,0.059849,0.18137,0.14815,-0.095948,0.096146,0.4997,0.22489,0.39566,0.21785,0.18045,0.64628,-0.013905,0.026007,0.39269,-0.07239,0.42114,0.23045,0.16019,0.13784,0.11838,0.054181,0.30169,-0.12226,0.42884,0.43185,0.51627
-0.14317,0.144,0.26947,0.27732,0.076605,-0.055972,0.12934,0.51621,-0.074406,-0.26589,0.29412,-0.1825,0.23702,0.47116,-0.078191,0.47036,0.14217,1,0.002417,0.35958,-0.095671,0.54795,0.06992,-0.086792,0.12343,0.53554,0.3124,0.32633,-0.070467,0.32844,NaN,0.53034,0.17183,0.14695,0.4136,0.43867,-0.32478,-0.072481,-0.29046,0.30878,0.21802,-0.049061,0.5272,0.46321,0.3137,-0.26574,0.35212,-0.27183,-0.22626,-0.15097,-0.13039,0.50999,0.053079,0.28056,0.11345,-0.20946,0.060913,NaN,0.23151,0.33575,0.32618,-0.3111,0.38496,0.23115,0.36647,-0.13256,-0.24124,0.15528,-0.0063236,0.35729,0.13118,0.3192,0.058608,0.16404,0.30807,-0.12412,-0.077191,0.28932,-0.1665,0.027106,0.3952,0.4293,0.1466,0.22456,0.2396,-0.0087562,0.23881,0.17615,0.24353,0.13071,0.19094,0.19007,0.11281,0.41477,0.044165,0.17258,0.41834,0.069001,-0.24295,0.19885,-0.084458,0.13782,0.045163,-0.078033,0.43803,-0.0065441,0.38905,0.27596,0.071257,0.24958,-0.064196,0.081478,-0.27883,0.43503,0.61518,0.27355,-0.45231,0.43292,-0.00029693,0.33785,0.29825,0.38666,0.46417,-0.38288,0.40933,-0.061927,0.06952,0.35809,0.17037,0.28896,0.43079,-0.045695,0.023283,0.38576,0.46043,-0.032392,-0.045139,0.374,0.45431,0.12464,0.43469,-0.03708,0.094771,0.015011,0.27682,0.14741,-0.4119,0.172,0.1577,0.29123,0.087897,0.28967,0.18452,0.14995,0.17159,0.19465,-0.049522,0.36621,0.38103,-0.040638,0.10932,0.19137,0.072482,0.11032,0.058109,-0.36254,0.31263,-0.23787,-0.052005,0.038285,0.39966,0.28963,0.49866,0.32859,-0.048233,0.39124,-0.24411,0.10331,-0.28028,0.32534,0.088529,-0.096184,0.76862,-0.12762,0.11193,0.034322,0.50055,0.094721,0.42299,0.28738,-0.15292,0.452,0.18592,-0.088304,-0.28717,0.1034,0.31026,0.30642,0.05979,0.42107
-0.23344,0.31687,0.27856,-0.25107,-0.22633,-0.1099,-0.096838,0.038078,0.30807,-0.13895,0.1078,0.035718,0.41738,0.53474,0.50627,0.33363,0.36689,0.002417,1,-0.13809,-0.11568,0.12229,0.031488,-0.066524,0.47901,0.32138,0.060708,0.055381,0.10521,0.46112,NaN,0.06506,0.058999,-0.18248,0.17121,0.1925,-0.5456,0.076486,-0.14215,0.48061,-0.12572,-0.24827,0.2171,0.65338,0.19534,0.1452,-0.025176,0.043496,0.22307,-0.13988,-0.29345,0.42671,0.10845,-0.0013942,0.12579,-0.077514,-0.076273,NaN,0.061301,0.14007,0.025745,-0.27767,0.22243,0.13775,-0.13827,-0.10716,0.4789,0.43006,-0.05253,0.1565,0.0066372,-0.00059047,0.25808,-0.0085523,0.24342,0.084473,0.43016,0.32993,-0.14213,0.28374,0.21918,0.20073,0.35346,0.18214,0.25345,0.0908,0.073724,0.031936,0.070949,0.25056,0.093717,0.24403,0.091374,0.27428,0.17145,0.26482,-0.045647,0.34885,0.40628,0.13424,-0.14617,0.08767,0.32896,-0.1637,0.30531,0.16104,0.15984,0.67965,0.19848,0.0053614,0.28688,0.26391,0.28855,0.10446,0.39352,0.10865,-0.00022791,0.0090183,0.17836,0.30594,0.16252,0.59761,0.32466,-0.25597,0.15574,-0.30589,0.45324,0.35827,-0.1619,0.61104,0.31385,-0.17811,0.40941,-0.24138,0.35807,0.33053,0.2499,0.044704,0.50591,-0.007046,0.2696,-0.14876,-0.16309,-0.4016,0.16432,-0.09127,-0.38292,0.19466,0.081387,-0.03328,0.31779,-0.10233,0.093863,0.32369,0.1988,0.23455,-0.24866,0.16018,0.084493,0.44058,0.52463,-0.21579,0.03442,0.081927,-0.207,0.062115,0.085563,-0.096237,0.12651,0.096315,0.53297,0.057211,0.20467,0.41871,0.21244,-0.25571,-0.11971,-0.36335,-0.28368,0.45653,-0.027627,0.056655,0.086121,0.25484,0.23747,0.18727,0.2983,0.058375,0.21315,0.28267,0.032324,0.55597,-0.15068,-0.025277,-0.22207,0.37099,0.08511,0.43927,0.27047,0.064402
0.16195,0.065779,0.071174,0.2527,0.31306,0.06227,-0.095859,0.15081,-0.0063355,-0.07198,0.19195,0.14266,-0.071156,0.17093,-0.08037,0.20562,0.47445,0.35958,-0.13809,1,-0.072009,0.14248,-0.21623,0.17375,0.044128,0.12226,0.34894,-0.025835,0.082182,0.30714,NaN,-0.063492,0.43408,0.58226,0.16631,0.2335,-0.12189,-0.046593,0.19569,0.048732,0.095445,0.038051,-0.023152,-0.019016,0.6273,0.18023,0.25178,-0.087906,-0.0064281,0.20737,0.040703,0.078967,0.30936,0.4563,-0.19994,-0.31207,0.11571,NaN,0.36396,-0.2003,0.040733,0.092371,0.20654,0.49498,0.45018,-0.050189,0.11722,0.38269,-0.10356,0.60094,0.0074849,0.28849,0.099886,0.20192,0.6447,0.20436,0.25831,0.29115,-0.16789,0.12833,0.082726,-0.018847,0.031362,0.39713,0.44369,0.23919,0.10773,0.23642,0.25514,0.56426,0.16084,0.3268,0.25076,-0.0067362,0.25241,-0.21421,0.056843,0.0043843,-0.1218,0.47819,0.0073333,0.34163,0.28329,-0.01112,0.25518,-0.040875,0.42984,0.26467,-0.14152,0.48179,-0.29182,0.19403,-0.106,0.33394,0.426,0.069452,-0.32413,0.52278,-0.11751,0.29906,0.23051,0.15729,0.39671,0.20194,0.36499,-0.19189,0.034249,-0.072922,0.14538,0.20042,0.30287,0.22176,-0.03867,0.28615,0.10488,0.036906,0.0050759,0.013345,0.075652,0.22848,0.34113,0.11089,0.37883,0.20231,0.30745,0.35859,0.018196,0.095208,0.15747,0.15244,-0.32431,0.18208,0.013097,0.3084,0.13744,0.026369,-0.25818,0.4863,0.47588,-0.25161,-0.027045,0.32061,0.30733,0.33448,0.10544,0.13785,0.32517,0.12907,0.043207,-0.042261,0.37025,0.36318,-0.009009,0.37075,0.11332,0.33358,0.20562,0.14233,0.10393,0.31153,0.020293,0.29658,0.20243,-0.015239,0.37758,-0.24827,0.11304,0.5903,0.052428,0.43165,0.016481,0.12133,0.42014,0.24768,-0.0078452,0.40997,-0.0048171,0.10378,0.16777,0.55481
0.084174,0.041971,0.20867,0.34042,0.026711,0.37996,-0.15996,-0.26231,0.59107,0.29154,0.21265,0.24816,-0.39456,0.10058,0.30206,-0.15533,0.29768,-0.095671,-0.11568,-0.072009,1,0.18474,0.30717,0.14308,-0.12596,-0.27584,-0.12813,0.27103,0.36799,-0.24119,NaN,-0.29401,-0.043875,-0.098892,0.29299,0.12222,0.27774,-0.013619,0.0011204,0.14342,-0.22009,0.062956,-0.14791,-0.11255,-0.23444,-0.24889,-0.21203,-0.32313,0.27304,0.0071647,0.22919,-0.24927,-0.17395,0.12214,0.059767,-0.10098,0.71816,NaN,-0.15476,-0.20214,0.11392,-0.11397,-0.055462,-0.1016,0.065875,0.18952,-0.44899,-0.33802,-0.11929,-0.38955,0.26844,-0.11253,-0.4286,0.22816,-0.026119,0.007278,-0.056832,0.4288,0.087609,0.2546,-0.38732,0.0044095,0.19459,0.20872,0.15845,-0.016951,0.24742,0.27965,-0.20928,0.02575,0.20126,-0.21655,0.20619,0.082373,-0.12309,0.067902,-0.064766,0.26377,0.35089,0.41668,0.11734,0.064778,0.34067,0.6734,0.0017546,0.41038,-0.079001,-0.13276,0.035968,-0.35939,-0.10502,-0.16445,-0.047739,-0.027223,0.033128,-0.41578,-0.057341,0.11974,0.19714,-0.24397,-0.45529,-0.15212,0.23293,0.33914,0.069607,-0.085485,-0.082561,-0.24701,0.031625,-0.17053,-0.032937,0.64535,-0.078484,0.24462,-0.26207,0.093444,0.37549,0.06128,-0.15851,0.2998,-0.53097,0.14104,0.50499,0.24875,-0.033578,-0.10781,-0.079603,0.38992,-0.15003,0.05148,-0.094179,-0.27263,0.4721,0.3367,0.31928,0.10147,0.23112,-0.22479,-0.35666,0.1832,-0.25912,-0.23641,0.51853,-0.046056,0.0011547,-0.089646,-0.073192,0.44026,-0.33899,0.44357,-0.053016,-0.1243,-0.23557,-0.013711,-0.33881,-0.27578,-0.052159,-0.055773,0.26444,0.17191,0.23853,0.33375,-0.067489,-0.081126,0.048989,0.1012,-0.14917,-0.25648,-0.074425,0.0011835,0.1954,-0.13212,0.00070272,0.25393,0.26536,-0.48766,0.346,-0.02185,0.11057,0.042736
-0.18435,0.31167,0.44777,0.35807,-0.11386,0.16724,0.18285,0.47004,-0.0045135,-0.25163,0.38321,-0.037692,-0.12391,0.38361,0.11279,0.12601,0.13628,0.54795,0.12229,0.14248,0.18474,1,0.10926,-0.23851,-0.009468,0.082652,0.34721,0.25266,-0.14548,0.34317,NaN,0.4973,-0.020836,-0.030863,0.57902,0.54542,-0.29479,-0.053254,-0.074876,0.21568,-0.32202,0.27164,0.30218,0.3745,0.19192,0.12083,0.2364,-0.31248,-0.32026,0.12913,0.052449,0.43671,0.238,0.48862,0.38886,-0.18072,0.22434,NaN,0.17167,0.070066,0.35037,-0.47066,0.30073,0.10835,0.29297,-0.2211,-0.048042,0.36076,-0.29333,0.066284,-0.10102,0.44262,0.1605,0.062556,0.055292,-0.35934,0.029651,0.50499,0.15331,0.2126,0.19359,0.1991,0.24883,0.21519,0.3496,-0.03323,0.17815,0.30648,0.054066,0.090104,0.50952,-0.017702,0.16953,0.42496,0.05135,0.089657,0.17762,0.0096676,0.043628,0.29671,-0.022693,0.42519,0.13385,-0.18929,0.17134,0.32119,0.22482,0.22246,0.045038,0.035925,0.04604,0.15165,-0.28574,0.35165,0.2551,0.033697,-0.28911,0.38433,-0.23298,0.11089,0.22605,0.44757,0.38466,-0.18252,0.15834,-0.25298,0.22815,0.23539,-0.28019,0.26167,0.43095,0.13804,-0.31163,0.039746,0.11912,0.091873,-0.11533,0.24677,0.24447,0.13931,0.074323,-0.14479,0.35432,-0.0045512,0.10064,-0.12803,-0.49715,0.29398,0.15529,0.37394,0.11508,0.32005,0.036362,0.43494,0.41102,0.1769,0.061151,0.16357,0.24707,0.31446,0.37453,0.20196,0.31984,0.063288,0.18222,-0.36834,0.4838,-0.11802,0.071634,-0.018046,0.032931,0.29782,0.31537,0.17641,-0.20841,-0.19935,-0.066871,0.12586,-0.24701,0.42886,-0.26145,-0.16842,0.72792,0.039982,0.31017,-0.0018985,0.15561,-0.14767,0.33469,0.35712,-0.16051,0.33415,0.29993,0.028961,-0.21923,-0.18412,0.67211,0.24128,0.037825,0.21317
0.14534,-0.30775,-0.012346,0.040782,0.2527,0.070578,-0.32296,-0.14214,0.17466,0.32555,0.42231,0.20375,-0.09675,0.1823,0.56458,-0.27551,0.055539,0.06992,0.031488,-0.21623,0.30717,0.10926,1,0.26607,0.51281,-0.23796,-0.099631,0.40836,0.20353,-0.064882,NaN,-0.068402,0.055766,-0.19062,0.24184,0.25621,-0.051412,-0.1178,0.19855,0.14913,-0.11409,0.10624,-0.13483,0.028587,-0.22842,-0.22652,-0.29549,0.18443,0.32589,0.30274,0.11425,-0.018652,-0.29208,0.14815,0.032808,0.25683,0.26425,NaN,-0.025252,-0.038161,0.40594,-0.26228,-0.13337,0.34472,0.34307,0.25412,-0.29326,-0.10724,0.14452,-0.17962,0.26781,-0.07178,0.088391,0.15485,-0.040502,0.24206,-0.23053,0.26847,-0.056377,0.056689,0.20056,-0.16531,0.045646,0.12158,-0.25854,-0.3109,0.068888,0.3061,0.29511,0.065024,0.43786,0.318,0.42295,0.40749,-0.10635,0.32702,-0.11839,-0.084493,0.59019,-0.006135,-0.061552,-0.56735,0.30139,-0.018861,0.027641,0.28285,-0.041581,-0.25307,0.42098,-0.34798,0.30347,-0.048828,0.0885,0.31022,-0.16006,0.036072,-0.30814,0.12237,0.3948,-0.34817,-0.33094,0.11416,-0.034229,-0.031906,0.0997,0.094835,-0.0041713,-0.3547,0.21723,-0.21184,-0.0439,0.11564,0.092934,0.19978,-0.32783,0.48895,0.090996,0.0090397,-0.0047816,0.19925,-0.0048066,0.3039,0.32547,0.31407,-0.085593,0.3528,-0.34195,0.42099,-0.037535,0.4291,-0.20223,-0.61208,0.45042,0.097633,0.26839,-0.00096737,0.2107,0.068588,0.057274,0.1308,0.11828,-0.11555,0.43946,-0.11136,-0.15267,0.1128,-0.073861,0.18993,-0.31986,0.53137,0.14467,-0.03563,-0.21433,0.16804,-0.30301,-0.44694,0.082377,-0.048349,0.28862,0.02592,0.11403,0.079817,0.1074,-0.17524,0.10177,0.052927,-0.22301,0.042425,-0.31193,0.012825,0.44144,0.20625,-0.12576,0.22256,-0.044035,-0.2794,-0.01642,0.0869,0.095779,-0.090221
