1,0.33532,-0.00087045,0.63344,-0.10738,0.23298,0.22998,-0.051245,0.36164,0.24292,0.24714,-0.15803,0.031595,0.40491,0.30579,0.16439,0.54187,0.47826,0.3057,0.0024081,0.41075,0.25459,0.069793,0.51866,0.31428,-0.24604,0.11657,0.22358,0.10725,0.32473,NaN,0.26818,0.33257,0.027198,0.55342,0.26665,0.014231,-0.42106,0.25423,0.27413,0.13294,0.16352,0.15452,-0.057205,0.0099011,0.20844,-0.30174,-0.090208,0.25884,-0.017107,0.34884,0.25774,-0.058631,0.32525,0.18621,-0.2546,0.32222,-0.2834,-0.018207,0.32853,0.0057026,0.14272,0.0014418,0.088764,0.17559,0.54221,0.0069987,0.24746,-0.068618,0.38594,0.079832,0.48133,-0.22969,0.12845,0.24332,0.15035,0.34705,0.66573,0.41546,0.16502,0.22886,-0.18247,0.33701,0.23943,0.23839,0.42445,-0.10574,0.50476,0.45949,0.45809,-0.063122,0.32573,-0.011082,0.2583,-0.3947,0.10149,0.028224,0.10433,0.085616,0.5092,0.20191,0.039524,0.184,-0.14414,-0.13452,-0.1551,0.15563,0.082833,0.61157,0.13284,0.24957,0.23919,0.25183,-0.15393,0.27888,0.055338,0.20465,0.23465,0.052902,0.017675,0.13825,-0.13607,0.32169,0.060279,0.16554,-0.21971,0.30911,-0.088515,0.29986,0.40899,-0.030403,-0.046746,0.081871,0.20748,-0.31063,0.23046,0.30788,0.25376,0.17858,0.08228,0.10544,0.63481,0.010613,-0.063807,-0.14,0.16564,-0.27364,0.17816,0.020598,0.28455,-0.1869,0.20619,-0.001743,0.44812,0.57604,0.012156,0.1716,0.15057,0.032082,0.056999,0.51406,0.49306,0.1849,0.29683,-0.15619,-0.11638,0.047458,0.10934,-0.41783,0.44331,-0.030131,0.51241,-0.33531,0.24989,0.055163,0.17021,0.26095,0.030061,0.18557,0.2315,0.081917,0.057523,0.43828,-0.02554,0.10376,0.01901,0.083722,0.139,-0.24714,0.34843,0.47026,-0.28782,0.2863,-0.054457,0.24786,0.49855,-0.2147,0.15001,0.2455,0.49352
0.33532,1,-0.10845,0.22257,-0.298,-0.086115,-0.40037,-0.21799,0.17195,0.30052,-0.031632,-0.26571,-0.12078,-0.24733,0.16986,-0.28689,0.41632,0.034787,-0.01436,-0.26201,0.65227,-0.14808,-0.13055,-0.014748,0.21097,-0.49053,-0.25577,-0.20754,-0.12189,0.020155,NaN,-0.12702,0.35044,-0.18189,0.0040783,0.43089,-0.37536,0.18423,-0.32924,-0.47793,-0.14031,-0.10622,-0.18722,-0.18241,-0.097135,0.25683,-0.27148,-0.067226,0.22984,-0.4155,-0.086337,0.034365,-0.10757,-0.057248,-0.30044,-0.049314,0.013019,-0.25902,-0.23842,0.014023,-0.20908,-0.27683,-0.068541,0.11393,-0.41224,-0.11864,0.31274,-0.051216,-0.16149,0.0013838,0.053363,-0.18365,-0.32776,-0.38941,0.065412,-0.015039,-0.33529,0.36598,0.21519,0.30803,-0.047072,0.048577,0.056213,-0.19353,0.28658,0.1002,-0.20501,0.11225,0.25475,0.017378,-0.0024082,-0.30041,-0.057014,0.23308,0.10483,0.38081,0.062617,-0.0598,-0.33738,0.11733,-0.28427,-0.4299,-0.019024,-0.23358,-0.069487,-0.11087,0.17182,-0.22431,0.19443,-0.13241,0.24186,-0.20366,-0.059165,-0.32163,-0.45181,-0.19308,-0.23337,0.073271,-0.13072,-0.50075,-0.064785,0.016559,-0.018555,0.096349,0.12179,-0.53092,0.40147,-0.061997,-0.076009,-0.018934,-0.17128,-0.085442,-0.28559,-0.2791,-0.2826,0.05901,0.22872,0.0061949,-0.27738,0.2195,-0.14561,0.094211,-0.2431,-0.13109,-0.22466,-0.088052,-0.30195,0.67106,-0.11038,-0.064346,0.067379,-0.37548,0.1839,-0.033631,0.078933,-0.1493,-0.1066,0.14904,0.074279,0.14685,0.026124,0.015327,-0.3165,0.05599,-0.41717,-0.16951,-0.025598,-0.061946,0.024035,0.22542,-0.051806,0.20994,-0.30805,0.17462,-0.079897,-0.096924,0.3601,-0.24646,0.51488,0.052602,-0.048638,0.03323,0.071858,0.065317,-0.15365,-0.43163,-0.25054,0.17226,-0.22024,0.050183,-0.23331,-0.43784,-0.095893,-0.087952,0.16191,0.31878,-0.0086187,-0.26915,-0.11286,0.040445
-0.00087045,-0.10845,1,-0.097647,0.1287,0.3881,-0.13312,0.24907,0.023084,0.085487,0.32601,0.36011,-0.064276,0.24209,0.15985,0.26361,0.37193,0.30572,0.57169,0.48917,0.2312,0.47705,0.22121,0.34249,0.0022826,0.17304,0.21077,0.23732,0.53619,0.25773,NaN,0.39235,0.25314,0.77403,0.28811,0.17053,0.070251,0.1613,0.038472,0.02183,0.46052,0.00697,0.65769,0.14565,0.52111,0.37018,0.2537,0.41234,0.42212,0.44805,0.15696,-0.079412,0.17692,0.11319,0.50722,0.30336,0.43644,-0.16088,0.34346,0.45487,0.36661,0.11732,0.50142,0.41673,0.30026,0.56872,-0.29548,0.52012,0.20463,0.5387,0.22964,0.23351,0.28013,0.012487,0.47036,0.26615,0.072122,0.07229,0.21641,0.39921,0.57347,0.16279,0.35955,0.068766,0.24075,0.68244,0.25372,0.36322,0.22553,0.33642,0.17111,0.42231,0.61795,0.5487,-0.088755,0.29529,-0.10342,-0.055016,0.63796,-0.17153,0.6681,0.39313,0.17311,0.39841,0.10566,0.0847,0.37912,0.41408,0.24107,0.33527,0.19596,0.24973,0.36187,0.5633,0.25263,0.79313,-0.036337,0.228,0.29821,0.53957,0.62423,0.30944,0.21166,0.22058,0.62256,-0.062864,0.14459,0.55473,0.22022,0.25748,0.26273,0.48904,0.48731,0.43265,0.53177,0.56584,0.34184,0.30546,0.45292,0.61411,-0.087342,0.14479,0.051963,-0.2395,0.040983,0.18251,0.095569,-0.02461,0.15347,0.4191,0.048495,0.2954,0.11395,0.20368,0.15635,0.17033,0.44066,0.45866,0.32326,0.3188,0.42686,0.22789,0.40879,0.3832,0.43334,0.51235,0.38353,0.054167,0.071559,0.29727,0.12423,0.31318,0.36096,0.26771,0.34257,0.084378,0.2984,0.56852,0.16645,0.31656,0.58922,0.34775,0.37086,0.34608,0.47747,0.56469,0.45596,0.35681,0.53874,-0.25127,-0.065063,0.043599,0.36757,-0.50538,0.23228,0.093373,0.27581,0.077433,0.54584,-0.039406
0.63344,0.22257,-0.097647,1,-0.11149,0.16579,0.17212,-0.18694,0.23775,0.31314,0.55479,-0.086117,-0.091451,0.38792,0.27349,-0.34064,0.45366,0.25334,0.34812,0.049144,0.20278,0.083403,0.016208,0.16725,0.40643,-0.079322,0.37507,0.038702,0.19771,0.26714,NaN,0.34382,0.075304,0.049571,0.60771,0.15336,0.090637,-0.2476,0.32416,0.4482,0.18299,-0.017589,0.17292,0.14806,0.041784,0.28688,-0.26915,-0.30609,0.21571,-0.086783,0.39226,0.28638,-0.40286,0.074673,0.37663,-0.28116,0.13402,-0.038041,0.03891,0.31527,0.090696,-0.032599,0.01921,-0.00060874,0.22568,0.37805,0.13849,0.34492,-0.051903,0.31027,-0.0027665,0.34402,-0.070569,0.18042,-0.024267,0.24021,0.39941,0.13302,0.2126,0.30622,0.11101,-0.23892,0.37883,0.30748,0.30625,0.091738,-0.13695,0.30838,0.55392,0.45329,-0.13919,0.37777,0.043949,0.23164,-0.29354,-0.19714,-0.011531,0.12191,0.12919,0.33593,0.02391,0.24261,0.11334,-0.18042,0.25224,0.19216,-0.14654,0.11347,0.58268,0.38267,0.051293,-0.048857,0.25649,-0.33319,0.36978,0.13617,0.10853,0.37942,-0.0072542,-0.2375,0.15912,0.021358,0.48474,0.038806,0.20737,-0.15433,0.21041,-0.1288,0.0794,0.5605,-0.10506,0.18088,0.20131,0.27871,-0.2969,0.19826,0.096644,0.058149,-0.056538,-0.095533,0.26032,0.37195,-0.091671,0.23302,-0.18899,0.48216,-0.42196,0.29638,0.02761,0.30911,-0.007791,0.31897,0.028631,0.49186,0.5879,0.28822,0.24456,0.15924,0.0093431,0.1687,0.64747,0.46872,0.15204,0.32573,-0.019307,0.048894,0.087297,0.10232,-0.27773,0.18575,0.20028,0.36791,-0.20939,0.43849,-0.26019,0.54971,0.33254,-0.097247,0.35808,0.10015,-0.09408,0.39821,0.27021,0.0063968,0.18194,0.019059,0.053594,0.4348,-0.13403,0.42465,0.41209,0.048539,0.31619,0.13253,0.29958,0.25266,0.14867,0.34987,0.28137,0.34373
-0.10738,-0.298,0.1287,-0.11149,1,0.20306,0.095148,-0.14062,-0.031214,-0.42161,0.10972,0.12192,0.17879,0.082805,0.065555,0.12347,-0.2079,0.018887,0.051891,-0.17607,0.067167,0.17677,-0.26552,0.28253,0.22814,0.32771,0.27532,0.13706,0.31935,-0.097073,NaN,0.16303,-0.18449,0.23085,-0.005821,-0.038447,0.31748,-0.069772,-0.036385,0.11706,0.17772,0.40411,0.2547,-0.26689,0.18711,-0.13396,0.18596,0.10442,-0.15437,0.071683,-0.39931,-0.30775,0.05972,0.057981,0.21239,0.20872,0.094406,-0.13525,0.69303,0.28713,0.33908,0.23998,0.17622,0.058001,0.3107,0.18607,-0.57632,-0.059307,0.1734,0.018189,0.27997,-0.05772,0.36946,0.14274,0.40797,0.018499,-0.053422,0.19513,-0.011148,-0.3571,0.23243,0.42095,-0.021682,0.16477,0.080265,0.15763,0.016924,0.0021035,-0.28245,-0.091588,0.17634,0.27701,0.29677,-0.02407,-0.11738,-0.01554,-0.066479,-0.27119,0.19317,0.10441,0.065429,0.24963,-0.63455,0.064867,-0.31125,-0.25221,0.10436,0.24575,-0.081508,0.20626,0.0349,0.14292,-0.10732,0.1676,0.060703,0.32455,-0.29863,-0.47478,0.055731,0.38374,-0.037772,0.086706,-0.51731,0.3154,-0.1061,0.051335,-0.10398,0.12066,0.36602,0.37927,0.6839,0.069857,-0.050426,0.30567,0.49615,0.13596,0.32072,-0.40004,0.49304,0.11005,0.087768,0.21546,0.17302,-0.025108,0.28926,-0.034941,0.33944,-0.18883,-0.56373,-0.48852,0.18193,0.067397,0.19618,-5.4519e-05,-0.038351,0.491,-0.011306,-0.023127,0.53668,0.17672,-0.12057,-0.32425,-0.020307,0.030552,0.33647,0.12942,0.088063,-0.63229,0.57522,0.32497,-0.2369,-0.20455,0.29044,0.47433,0.23092,0.082881,-0.45696,0.33735,-0.31655,0.46162,0.15257,-0.13416,0.23786,-0.20095,-0.063008,-0.1033,0.49227,-0.055599,0.37663,0.23443,0.24468,0.28314,-0.17287,-0.11052,0.15504,-0.18467,-0.42783,0.23893,-0.080162,-0.066336
0.23298,-0.086115,0.3881,0.16579,0.20306,1,0.065519,0.36527,0.2292,0.10128,0.18535,0.35266,0.11384,0.2309,0.044939,0.30561,0.50598,0.31888,0.33829,0.20993,-0.1283,0.41306,-0.019787,0.36166,0.22552,-0.099812,0.32683,0.088321,0.53457,0.40877,NaN,0.5548,-0.0047737,0.38134,0.23895,-0.042113,0.33337,0.034404,0.54731,0.17595,0.3721,0.23994,0.56085,0.19852,0.42173,0.063307,0.054887,-0.33158,0.58991,0.43316,0.21144,0.089286,-0.024236,-0.050357,0.034897,0.0036791,0.46603,0.12037,0.25388,0.14057,0.7145,0.60597,0.33279,-0.22965,0.22305,0.43098,-0.13922,0.30117,0.57062,0.4963,0.32808,0.25538,0.43414,-0.0058985,0.46971,0.38474,0.034258,0.26813,0.23541,0.36029,0.37764,-0.13218,0.60309,0.30735,0.10867,0.23979,0.4512,0.25165,0.25599,0.4918,-0.2597,0.53581,0.3728,0.29738,-0.34433,0.13404,0.054814,0.24792,0.16969,0.11679,0.41405,0.24129,-0.027804,0.16324,0.20195,0.17697,0.50728,0.31631,0.40975,0.44807,0.041934,0.25802,-0.15053,0.12775,0.31196,0.52335,0.25471,0.18594,0.054847,0.57129,0.19234,0.089354,0.29566,0.52089,0.10133,0.15425,0.022278,0.41372,0.42738,0.33371,0.32604,0.22435,0.40012,0.22538,0.19631,0.23253,0.49458,-0.066477,0.30157,0.22354,-0.11828,0.192,0.16553,-0.046375,0.096403,0.33303,0.30932,-0.2153,0.0017077,0.28276,0.00022168,0.37227,-0.083713,0.32265,0.2487,0.55814,0.16399,0.36052,0.3116,0.14693,0.38219,0.19941,0.07627,0.24873,0.28072,0.1896,0.14102,0.19446,0.047628,0.36128,-0.059714,0.25395,0.30444,0.63128,0.32682,0.31199,-0.078735,0.29339,0.48885,0.38378,0.030414,0.067636,0.24768,0.065562,0.43185,0.17517,0.4802,0.35263,0.59287,0.25905,0.24159,-0.052476,0.3094,-0.022171,0.25842,0.33034,0.17057,0.17169,0.35246,0.25634
0.22998,-0.40037,-0.13312,0.17212,0.095148,0.065519,1,0.21047,-0.11632,-0.09111,0.3351,-0.040307,-0.051819,0.10651,0.17122,0.30913,0.031182,-0.00031106,0.093531,0.10117,-0.29656,0.2344,0.25632,0.21782,0.30305,0.063697,0.1752,0.20433,0.091728,0.35603,NaN,0.21064,0.010982,-0.014291,0.1548,0.16755,0.0010199,-0.24572,0.46758,0.14617,-0.24448,-0.0015629,0.11383,0.14346,0.031852,-0.28152,0.38123,-0.17923,0.010279,0.08644,0.18207,-0.069146,-0.024372,0.15937,0.32158,0.17065,-0.090874,0.31957,0.10142,-0.061198,0.05162,0.073734,-0.057531,-0.034817,0.44755,0.17469,-0.0060615,0.05582,0.0057335,0.18519,-0.13086,0.24072,-0.083989,0.31016,0.34863,0.10825,0.51182,0.032292,0.046569,-0.17065,-0.050856,-0.034714,0.002506,0.10462,-0.29135,0.069149,0.0061116,0.20495,0.061262,0.28465,0.17653,0.2975,-0.012412,-0.14285,0.18856,-0.22569,-0.30938,-0.12204,0.10529,0.13275,0.12621,0.23879,0.1089,0.21058,0.09493,-0.28598,0.10674,0.15411,0.15731,-0.060833,-0.036184,0.18068,0.10193,0.28099,0.42344,-0.034541,0.40358,-0.23527,0.41108,0.22003,-0.049096,0.049841,0.018629,-0.39113,-0.24966,-0.15735,0.13219,-0.32009,-0.028385,0.24379,0.1311,0.20031,-0.12134,0.25132,-0.23002,0.11084,0.088441,0.016872,0.050354,0.048898,0.086356,0.17842,0.49341,0.18394,0.29118,0.014826,-0.12568,-0.065414,-0.051009,-0.069013,-0.63857,0.47164,0.1959,0.32754,0.48763,0.17103,0.3107,0.13136,-0.049868,-0.22263,0.22436,0.022957,0.19202,-0.24168,0.15997,0.21272,0.095247,-0.064655,-0.29533,-0.012392,0.13026,0.14301,-0.26653,0.034055,-0.015193,-0.0016254,-0.1221,0.25497,-0.42017,-0.13824,0.11697,0.21062,0.040133,0.079752,0.11433,0.1398,0.29653,0.1582,0.019823,0.13257,0.29779,0.12728,0.29295,0.24166,-0.044799,-0.189,-0.29003,0.1701,0.09799,0.15698
-0.051245,-0.21799,0.24907,-0.18694,-0.14062,0.36527,0.21047,1,0.40919,0.074638,0.043775,0.44372,0.30569,0.35037,0.10526,0.35994,0.35209,0.14812,-0.0011678,0.48032,-0.3387,0.52761,0.22383,0.23428,0.0076622,0.31554,0.058614,0.14029,0.21977,-0.0080993,NaN,0.33624,0.30028,-0.088644,0.24598,-0.055109,0.44866,0.21001,0.16053,0.16915,0.2977,0.0018898,0.38788,0.34518,0.17573,0.23573,0.19997,-0.085271,0.4758,0.56548,0.154,0.090042,0.084399,0.22615,-0.13256,0.098609,0.28682,-0.056357,0.10703,-0.20658,0.2949,0.34621,0.099161,-0.30315,0.41586,0.108,0.025016,0.31635,0.33959,0.30311,0.43398,0.34214,0.39753,-0.18601,0.24475,0.056763,0.44406,-0.0068769,0.61735,0.39539,0.055087,-0.0078697,0.37461,0.14272,0.0050814,-0.026418,0.090599,-0.058267,-0.055537,0.2367,-0.10328,0.26206,0.16342,0.15705,-0.077204,0.35356,-0.011152,0.21661,0.28611,-0.20425,0.27223,0.14805,0.3707,0.38195,0.29186,0.079251,0.4699,0.022623,0.062882,-0.072465,0.015416,0.28983,0.18102,0.38271,0.15813,0.15877,0.2398,0.022333,0.12018,0.4404,0.24546,0.34208,0.21766,0.048467,0.12539,0.089136,-0.028395,0.27051,0.074347,-0.24171,0.05359,0.15341,0.19918,0.24777,0.02383,0.20257,0.51221,0.049221,0.23468,0.16646,-0.30601,-0.026264,0.3661,-0.27821,0.35114,-0.08336,0.30385,-0.2279,0.21891,0.22855,-0.17355,0.5044,-0.15188,0.36738,0.11052,0.0045918,0.246,0.35435,0.19727,0.41686,0.02942,0.26145,0.22846,0.21504,0.27958,0.058945,-0.074629,0.20697,0.095784,0.1726,-0.042525,0.24119,0.38153,0.097773,0.39033,-0.2389,0.20709,0.077325,0.24134,0.010452,0.12493,0.37412,0.052067,0.65332,0.53434,0.25738,0.31717,0.19461,0.41568,-0.62082,0.23396,0.2269,0.054618,0.26118,0.10082,-0.014898,0.2486,0.16056,0.11171,0.1532
0.36164,0.17195,0.023084,0.23775,-0.031214,0.2292,-0.11632,0.40919,1,0.10513,0.12929,0.32424,0.18876,0.45234,-0.037392,-0.10458,0.39569,0.16944,0.031392,0.25915,0.063687,0.44705,0.11693,0.36608,-0.025253,0.21943,0.038412,0.024732,-0.10028,-0.02373,NaN,0.2953,0.18087,-0.26167,0.39609,0.12214,0.63487,0.27729,-0.10407,0.23274,0.28482,0.014599,0.4198,0.02608,0.070879,0.59653,-0.42272,-0.35526,0.43427,0.25967,0.16385,0.040253,-0.046619,0.064643,-0.10087,-0.3391,0.57643,0.046298,-0.033275,-0.059053,-0.0074398,0.43321,0.050899,-0.45106,0.39096,0.38199,-0.30535,0.06429,-0.055502,0.23977,0.62559,0.11099,0.28866,-0.32075,0.079713,0.069041,0.44761,0.29793,0.53853,0.47562,0.13877,-0.10623,0.25087,0.44522,0.43082,-0.0531,0.26267,0.10618,0.28309,0.2032,-0.17652,0.15185,0.13933,0.11572,-0.44925,0.50465,0.040739,0.132,0.22128,-0.059589,0.036973,-0.22678,0.20594,0.034445,-0.12204,0.032251,-0.0055032,0.24421,0.19827,0.086463,-0.026964,0.23132,0.2155,-0.24743,0.07535,0.098454,0.16068,0.25989,0.058088,0.049479,0.082473,0.32553,0.25275,0.26869,0.15769,0.004102,-0.18497,-0.05108,0.42955,0.039129,0.091565,0.028517,0.12899,0.032417,0.011162,0.19603,0.32303,0.11218,-0.01677,0.058975,0.13381,0.53503,0.13238,-0.24691,0.15404,0.14721,0.16668,0.040564,-0.10669,0.20501,0.21504,0.30069,-0.17706,0.30981,0.095774,-0.23204,0.065731,0.14495,0.31816,0.379,0.21745,0.40771,-0.024211,0.30729,0.1774,-0.070666,-0.068773,-0.067851,0.14407,0.5977,-0.3727,0.51608,0.35064,0.038727,0.024227,0.074308,0.26547,-0.08809,0.33956,0.094796,0.024492,0.28933,0.2498,0.42138,0.24025,-0.055042,-0.087266,0.069648,-0.038452,-0.23869,0.54464,0.015914,0.15169,0.26129,-0.029086,0.001353,0.10687,0.075842,0.29607,-0.017235
0.24292,0.30052,0.085487,0.31314,-0.42161,0.10128,-0.09111,0.074638,0.10513,1,0.32501,0.15723,-0.20686,0.13412,-0.2535,-0.14697,0.43296,0.022311,0.045236,0.60139,0.14869,-0.29225,0.23471,0.11286,0.38184,-0.11296,0.0207,0.051558,0.35063,0.31704,NaN,0.030656,0.22807,-0.042751,0.40828,0.11842,-0.15205,0.18537,0.12516,-0.039475,0.23828,-0.49465,0.024169,0.51722,-0.042714,0.055858,-0.22767,-0.31295,0.23221,0.040758,0.59107,-0.044333,0.13501,0.23281,0.04402,-0.085502,0.0051776,-0.033373,-0.02503,-0.10068,0.21438,-0.20767,0.22514,-0.039398,0.078479,0.26056,0.49817,0.25379,0.20855,0.24891,0.23035,0.36021,0.017129,0.30902,-0.10336,0.069947,0.083777,0.12375,0.22115,0.53364,-0.058633,0.12277,0.4221,0.18128,0.27252,0.20722,0.040307,0.34565,0.53143,0.41329,0.20642,-0.09803,0.17032,0.41555,-0.19386,0.13197,0.016276,0.28296,0.28103,-0.064167,0.22805,0.084013,0.37223,-0.21449,0.29722,0.38271,-0.0092908,0.12858,0.15212,0.019755,-0.093174,0.0277,0.093233,-0.14457,-0.12731,0.23148,-0.057675,0.50732,-0.31408,-0.19198,0.34702,0.11967,0.55218,-0.24552,0.17537,-0.1614,0.17388,0.035479,-0.14384,0.27095,-0.43045,-0.073963,0.3059,-0.10764,-0.090144,0.41163,0.19208,0.27235,-0.1085,0.041546,-0.19801,0.072766,0.11573,0.35656,-0.40416,-0.19259,-0.34661,0.24657,0.34085,0.35307,-0.12721,0.35053,-0.54198,0.36218,0.45824,0.12154,0.27607,0.26265,-0.054726,0.22327,0.54375,0.59088,0.46944,0.33918,-0.0040839,0.2096,0.11551,0.28009,-0.21805,0.1636,0.38874,0.40543,-0.36806,0.084577,0.28343,-0.15193,0.056303,0.046252,0.32833,-0.15637,-0.38799,0.41835,-0.12477,-0.1162,0.39296,0.12836,-0.034529,0.29064,0.025061,0.1302,-0.024961,-0.089366,0.23236,0.26224,0.20876,0.032215,0.31319,0.14043,0.51644,0.090603
0.24714,-0.031632,0.32601,0.55479,0.10972,0.18535,0.3351,0.043775,0.12929,0.32501,1,0.3618,-0.18325,0.14972,0.38528,0.14547,0.37499,0.36023,0.57564,0.42866,0.025147,0.2846,0.41255,0.45109,0.49236,0.33491,0.51342,0.43102,0.63043,0.46808,NaN,0.48874,0.28245,0.35836,0.49803,0.38394,0.010754,0.082859,0.30514,0.13248,0.32377,-0.090941,0.52976,0.55742,0.19451,0.11142,0.29503,-0.083984,0.22201,0.24792,0.49345,0.057857,-0.11739,0.018702,0.71257,-0.0091887,0.20699,-0.032474,0.187,0.37907,0.30148,-0.20799,0.1513,0.10071,0.5352,0.5019,0.0095174,0.44274,0.014812,0.51544,0.16641,0.34219,0.34438,0.44006,0.31555,0.43342,0.58949,0.014878,0.075617,0.37664,0.3178,0.17638,0.44696,0.25466,0.39114,0.37022,0.078731,0.58022,0.5991,0.47788,0.21277,0.56911,0.33841,0.5281,-0.16033,-0.11967,-0.027384,0.30694,0.48102,0.21807,0.37351,0.4646,0.16976,0.14747,0.081795,0.11244,0.063318,0.56478,0.54059,0.47494,0.19464,0.17505,0.40014,0.12096,0.22058,0.5224,0.11739,0.27396,0.04617,0.10033,0.58294,0.37488,0.48203,0.054423,0.41874,-0.35955,0.29613,0.11681,-0.16145,0.79626,-0.084274,0.59704,0.14285,0.4234,0.23577,0.52381,0.37879,0.38242,0.11768,0.1954,0.23384,0.23427,0.1969,0.17328,0.16885,0.16979,-0.57638,0.09336,0.2301,0.42153,-0.14719,0.61157,0.18531,0.71454,0.73118,0.45782,0.73394,0.31115,0.18426,0.09909,0.77056,0.50764,0.4975,0.49279,0.43998,0.35474,0.46977,-0.12674,-0.030881,0.40219,0.22514,0.49173,-0.043103,0.50566,-0.19669,0.23297,0.21333,0.4908,0.16881,0.31411,0.27302,0.71652,0.35231,-0.020368,0.47494,-0.015521,0.5143,0.4903,0.2455,0.19696,0.16267,0.28788,0.58112,0.15156,0.41603,0.12896,0.19055,0.34607,0.59285,0.17805
-0.15803,-0.26571,0.36011,-0.086117,0.12192,0.35266,-0.040307,0.44372,0.32424,0.15723,0.3618,1,0.2852,0.084468,-0.040526,0.22683,-0.0018768,0.18108,0.17416,0.47491,-0.26121,0.4235,0.43939,0.38416,-0.075658,0.65379,0.28223,0.37677,0.42335,0.094743,NaN,0.32112,0.26635,0.055926,0.26555,-0.20305,0.46493,0.33818,0.36252,0.048085,0.67685,-0.097558,0.47164,0.58714,0.07615,-0.085201,0.17056,0.066764,0.47136,0.54463,0.31304,-0.014101,0.17579,-0.12789,0.25011,-0.039773,0.44256,-0.074877,0.087931,0.055746,0.59093,0.25102,0.25984,-0.32268,0.16467,0.18996,-0.38151,0.37687,0.35553,0.40601,0.2617,0.12714,0.65735,0.29154,0.23626,0.26676,0.25263,-0.18835,0.16773,0.085706,0.19514,-0.13178,0.41991,0.3526,0.061326,0.3278,0.28756,0.22637,0.36827,0.037532,0.14911,0.46794,0.42211,0.18376,-0.26104,0.149,0.062961,0.42378,0.24383,-0.16312,0.58133,0.33367,0.31119,0.01858,-0.095689,0.16662,0.19501,0.48047,0.20396,0.26064,0.097346,0.55839,0.096813,0.18633,0.11478,0.48932,0.070322,0.36548,-0.15333,0.38314,0.38814,0.22376,0.47681,0.34775,0.57329,0.21167,0.020365,0.47537,0.13346,0.29779,-0.05796,0.50269,0.14588,0.27957,0.13714,0.40439,0.394,0.27252,0.14237,0.17089,0.038201,-0.090337,0.20247,0.10126,0.29911,0.055586,0.0048051,-0.42053,0.33619,0.39572,-0.18375,0.51751,-0.41575,0.45426,0.24965,0.26477,0.069088,0.22907,0.11246,0.32781,0.22107,0.14538,0.43899,0.67628,0.31475,0.21357,0.48446,0.37357,0.18815,0.26942,-0.16315,0.19474,0.31648,0.19042,0.32017,0.11973,-0.10583,0.27047,0.16363,0.15861,-0.078187,0.42645,0.27396,0.042281,0.52552,0.021158,0.39424,0.035546,0.36927,-0.078049,-0.03743,0.5055,0.18107,0.1353,0.37782,-0.11041,0.50425,0.079029,0.41713,-0.074153
0.031595,-0.12078,-0.064276,-0.091451,0.17879,0.11384,-0.051819,0.30569,0.18876,-0.20686,-0.18325,0.2852,1,0.093004,0.080314,0.26217,0.013122,0.066221,-0.17401,-0.059988,-0.28288,0.24325,0.12592,0.065138,-0.016682,0.39586,0.062247,0.13434,-0.10815,-0.18533,NaN,-0.0081216,0.10713,0.030166,0.28381,-0.23057,0.35877,0.1076,-0.11723,0.21118,0.31601,0.111,-0.22415,-0.21278,-0.075877,-0.040764,0.059972,0.024601,0.081593,0.057165,-0.21014,-0.0099134,-0.21148,0.040879,0.043111,0.35808,0.38316,-0.048184,0.073465,0.11826,0.11537,0.34402,-0.21254,-0.25958,-0.008861,-0.15982,-0.35171,0.2763,0.067691,0.13845,0.28601,-0.10316,0.03159,-0.17211,0.06955,-0.071645,0.11595,-0.060102,0.26132,-0.18466,0.084715,0.091901,0.26337,-0.045342,-0.41542,-0.029857,0.070412,-0.225,-0.034929,-0.27174,-0.089887,0.30353,0.075847,0.18204,-0.49671,0.33272,0.61953,0.30247,-0.00068548,-0.058368,0.17676,0.13215,0.039652,-0.51721,0.0065103,-0.33984,0.27734,0.36147,0.056455,-0.3298,0.37503,0.28254,0.14518,0.10611,0.15949,-0.04705,-0.050819,-0.20954,-0.42008,0.10739,-0.0027991,0.11797,-0.013718,0.31197,0.21171,0.20676,-0.051366,0.06103,0.47933,-0.0013424,0.23436,0.049229,0.16905,-0.27264,-0.0087784,0.035843,0.25678,-0.32629,0.41353,-0.43424,-0.21599,-0.13269,-0.10525,0.04031,0.26106,-0.29311,0.37726,-0.34241,-0.2717,-0.068095,-0.068467,-0.036645,-0.16633,0.28181,0.16246,0.077379,-0.23341,0.069364,-0.1165,0.1273,-0.17978,-0.041399,-0.15252,0.049233,0.057459,-0.53933,-0.25986,0.070794,0.2597,0.10564,-0.21944,-0.014505,0.032507,0.06106,0.38514,-0.22629,0.16828,-0.22708,-0.14038,0.13325,-0.22658,0.040507,0.23769,0.14059,0.031119,-0.25886,0.068436,0.0601,0.11819,-0.10391,0.35571,0.32823,-0.26449,-0.18749,0.03259,-0.17576,0.084094,-0.14872,-0.1007,0.28482
0.40491,-0.24733,0.24209,0.38792,0.082805,0.2309,0.10651,0.35037,0.45234,0.13412,0.14972,0.084468,0.093004,1,0.19004,-0.049666,0.49187,0.20096,0.23195,0.4231,0.046316,0.40948,0.10639,0.16582,0.093101,0.24413,0.26649,-0.1084,0.090565,-0.060214,NaN,0.33499,0.089541,0.14403,0.61679,-0.12747,0.5713,-0.28691,0.25192,0.73637,0.49765,0.22358,0.41637,0.060467,0.24532,0.35113,-0.17113,-0.092502,0.31129,0.42427,0.24289,0.21819,0.10351,0.69753,0.243,-0.29786,0.20735,-0.041096,0.20677,0.13451,-0.0073771,0.27665,0.34694,0.054191,0.63248,0.62954,-0.033931,0.31157,0.095204,0.17502,0.29395,0.76058,0.31467,0.11818,0.12006,-0.2133,0.52619,0.20081,0.36321,0.29761,0.12872,-0.12694,0.32488,0.47363,0.40219,0.14863,0.049391,0.042667,0.078738,0.51002,-0.22654,0.40857,0.054416,0.034518,-0.36836,0.047817,-0.0071805,0.024121,0.50621,0.12788,0.082424,0.502,0.18253,0.13092,0.16159,0.36479,-0.080104,0.088383,0.26423,0.29853,0.009284,0.20583,0.45848,0.10791,0.27243,0.24427,0.17017,0.30222,0.15846,0.11689,0.14185,0.1145,0.27638,0.056682,0.20258,0.21522,-0.10228,0.17046,0.55189,0.061711,0.12619,-0.080666,0.40391,0.44833,0.049178,0.26771,0.13089,-0.061611,0.2889,0.042488,0.30839,0.38448,-0.07502,-0.094483,0.091885,0.18608,0.16737,0.031815,0.014743,0.3236,0.04972,0.58627,-0.23537,0.32341,0.31203,0.094681,0.30119,-0.08682,0.38246,0.41675,0.35874,0.64627,0.29407,0.18633,0.17467,0.031659,0.010837,0.024186,-0.21715,0.1953,0.21973,0.14602,0.40112,0.15457,0.13314,0.20032,0.29273,-0.014013,0.13711,-0.005843,0.20089,0.31037,0.15799,0.32016,0.32222,0.53183,0.12784,0.33429,0.075604,-0.16319,0.72465,0.17223,0.041704,0.060215,-0.08412,0.064857,-0.072085,0.6713,0.17615,0.2028
0.30579,0.16986,0.15985,0.27349,0.065555,0.044939,0.17122,0.10526,-0.037392,-0.2535,0.38528,-0.040526,0.080314,0.19004,1,0.32913,0.36413,0.50143,0.55581,-0.068348,0.26602,0.52463,0.056507,0.16884,0.31911,0.12303,0.13099,0.20408,0.26997,0.23444,NaN,0.35816,0.60288,0.24814,0.27243,0.20673,-0.11209,-0.39601,0.16549,0.14835,0.064297,0.14232,0.23163,0.070806,0.17854,0.10194,0.31352,0.44372,0.22427,0.15797,-0.13398,0.17533,-0.093325,0.18411,0.35026,0.15135,0.16326,-0.37176,0.062236,0.38664,-0.10484,-0.19645,-0.090761,0.46983,0.23444,0.18195,0.11359,0.41972,-0.14614,0.25751,-0.11752,0.2764,0.032466,-0.10346,0.42238,-0.028547,0.38214,0.03151,0.21132,0.13173,0.30215,0.0045734,0.022473,-0.086415,0.26341,0.33097,-0.28936,0.15571,0.089991,0.21169,-0.19664,0.51579,0.081485,0.12402,-0.096544,0.052112,0.25786,0.12679,0.042967,0.28247,0.028624,0.31452,0.14106,0.029106,-0.028925,-0.065911,0.39108,-0.023591,0.54444,0.31969,0.70245,0.28445,0.10852,0.34837,0.082794,-0.068465,0.11301,-0.063552,0.053293,0.080149,0.14654,0.16808,0.047002,0.09648,0.31805,-0.41377,0.51879,0.20482,-0.057271,0.20978,0.059483,0.35257,-0.27918,0.32065,0.052451,0.21717,0.23605,0.11733,0.047627,0.16195,0.2219,-0.012056,-0.2624,-0.36041,0.44358,0.082032,-0.31524,0.20881,0.080392,0.12729,-0.27755,0.20772,0.41857,0.46041,0.43367,0.16833,0.43056,-0.053181,0.26939,0.095244,0.10761,0.22799,0.19563,0.16583,0.04779,-0.31695,0.17533,-0.097542,-0.15563,-0.014607,-0.025581,0.1682,0.10136,0.35059,-0.32922,0.16864,0.54928,0.36064,0.27986,0.37189,0.42263,0.19431,0.43659,0.18559,0.0069811,-0.032682,0.46442,0.40515,0.070346,-0.16084,0.045835,0.16161,0.1538,-0.16865,0.32468,0.55742,-0.11442,0.28134,-0.039734,0.30327
0.16439,-0.28689,0.26361,-0.34064,0.12347,0.30561,0.30913,0.35994,-0.10458,-0.14697,0.14547,0.22683,0.26217,-0.049666,0.32913,1,0.099105,0.55842,0.26241,0.069151,-0.19191,0.41622,0.37116,0.41207,0.17498,0.22891,-0.01521,0.51865,0.36728,0.38491,NaN,0.32006,0.35537,0.28029,0.062783,0.034646,0.027355,-0.1782,0.3038,0.080348,0.1333,0.29038,0.21515,0.1542,0.07685,-0.2525,0.53874,0.27249,0.054185,0.37609,0.16567,0.20889,0.11013,0.14518,0.11824,0.18285,0.16796,-0.1322,0.10178,0.30647,0.25261,0.039413,0.038046,0.14814,0.15917,0.1731,-0.13759,0.32062,0.27151,0.30621,0.049267,0.28579,0.18321,0.29212,0.39355,0.30849,0.21004,0.25153,0.066911,-0.083405,0.45683,0.08876,0.24316,-0.20282,-0.10852,0.38812,0.18863,0.31541,0.05447,0.096437,-0.073256,0.46437,0.065487,0.28734,-0.24458,0.057395,0.28221,0.44338,0.087465,0.3835,0.45878,0.2779,0.20482,0.21393,-0.11501,-0.19987,0.47095,0.29178,0.31712,0.031916,0.366,0.33106,0.017028,0.35773,0.086987,0.19782,0.2124,-0.25587,-0.038573,0.6065,0.39627,-0.11012,0.093674,0.029118,0.099965,-0.076715,0.14989,0.30846,0.017181,0.22005,-0.040366,0.14996,-0.016045,0.10605,0.29204,0.045943,0.31523,0.35833,0.54392,0.072722,-0.24535,0.035466,0.1799,-0.33441,0.31572,-0.24465,0.018822,-0.52994,0.23087,0.27321,-0.24771,0.26391,0.089599,0.42931,0.26163,0.13926,0.34802,0.14715,-0.051754,-0.17854,0.088211,0.17997,0.33291,0.15558,0.22454,-0.086143,0.17738,0.084429,-0.10815,0.17874,-0.1533,0.17341,0.041231,0.091858,0.20852,-0.30773,-0.012787,0.40599,-0.13063,0.44022,0.30311,-0.12292,0.34267,-0.12541,0.18498,-0.022513,0.56354,-0.17049,0.22486,-0.027843,0.021344,0.13401,0.26194,-0.13007,0.073514,0.36246,-0.057943,-0.040473,0.11171,0.45001
0.54187,0.41632,0.37193,0.45366,-0.2079,0.50598,0.031182,0.35209,0.39569,0.43296,0.37499,-0.0018768,0.013122,0.49187,0.36413,0.099105,1,0.34864,0.36638,0.41472,0.20991,0.42082,0.13728,0.26852,0.53168,-0.21909,0.098803,0.015637,0.36749,0.44076,NaN,0.50831,0.39853,0.28522,0.60004,0.26163,0.099711,0.0011464,0.15741,0.18034,0.29631,0.072845,0.3798,0.088941,0.19542,0.38638,-0.04111,-0.20284,0.58979,0.21201,0.28891,0.20174,-0.042539,0.36648,0.1703,0.030744,0.38099,-0.0085706,-0.011657,0.1943,0.1983,0.14132,0.32943,0.089111,0.37315,0.58014,0.25357,0.45297,0.11806,0.38181,0.35514,0.48928,0.17315,-0.16814,0.3349,0.16516,0.33689,0.43011,0.50239,0.74483,0.36867,0.104,0.54182,0.2698,0.46588,0.26518,0.12593,0.31376,0.42359,0.72243,-0.14245,0.36515,0.18374,0.44255,-0.22697,0.34689,0.15353,0.14136,0.31065,0.25007,0.1376,0.18685,0.16007,0.11371,0.32826,0.20862,0.31038,0.20816,0.59312,0.28862,0.22618,0.01314,0.30031,0.08252,0.039231,0.32721,0.22273,0.26312,0.04118,0.030187,0.35819,0.28196,0.31493,0.17698,0.25337,-0.45528,0.37699,0.29716,0.33237,0.25681,0.10229,0.18643,0.33626,0.21105,0.0047046,0.33821,0.46868,0.068268,0.1626,0.32791,0.036603,0.35684,-0.087386,-0.097234,0.036901,0.1335,-0.1585,0.31433,-0.0059776,0.39396,-0.11283,0.4023,0.041591,0.49835,0.57608,0.12217,0.57312,0.34909,0.42177,0.24017,0.52506,0.63197,0.09909,0.19998,0.020223,0.068851,0.17305,0.014424,-0.2138,0.43597,0.26104,0.57684,0.037693,0.4295,0.094378,0.032368,0.6031,0.1115,0.5644,0.17707,0.24572,0.51513,0.23144,0.38735,0.29553,0.17245,0.14394,0.66122,0.1924,-0.045187,0.36384,-0.19456,0.34586,-0.094942,0.10405,0.37705,0.044915,0.29404,0.31456,0.35148
0.47826,0.034787,0.30572,0.25334,0.018887,0.31888,-0.00031106,0.14812,0.16944,0.022311,0.36023,0.18108,0.066221,0.20096,0.50143,0.55842,0.34864,1,0.72431,0.080789,0.14709,0.58051,0.31862,0.5985,0.29466,0.11017,0.19203,0.52818,0.44968,0.30094,NaN,0.72794,0.41863,0.32426,0.35884,-0.062665,0.18113,-0.091657,0.29677,0.32451,0.16605,0.34739,0.45456,0.1354,0.31141,0.23463,0.34792,0.25094,0.34587,0.48176,0.48062,0.59001,0.05589,0.19918,0.23272,-0.19449,0.44499,-0.28772,0.20783,0.7522,0.26961,-0.0064024,0.33068,0.27914,0.19728,0.46918,-0.2262,0.64766,0.4161,0.63781,0.12727,0.42092,0.26716,0.18877,0.39409,0.48962,0.32689,0.42586,0.30872,0.23295,0.69435,-0.033446,0.42602,0.0494,0.16768,0.4884,0.013366,0.43328,0.42245,0.38747,-0.28436,0.71744,0.40655,0.39507,-0.56609,0.034759,0.19564,0.485,0.24115,0.47695,0.49644,0.14368,0.40786,0.17713,0.023696,0.0073455,0.40996,0.20553,0.464,0.39042,0.37264,0.071877,0.0050153,0.15614,0.32667,0.37522,0.22094,0.23322,0.018651,0.5144,0.54633,-0.26482,0.36577,0.22546,0.43906,-0.16723,0.21561,0.47012,0.11534,0.38141,-0.11951,0.3938,0.0054152,0.27427,0.17353,0.042043,0.35353,0.64087,0.48659,0.31743,-0.17786,0.50339,-0.088954,-0.26821,0.12692,0.1977,-0.055969,-0.32957,0.36839,0.57455,0.073013,0.29349,-0.014956,0.60978,0.35139,0.14619,0.27248,0.38853,0.055979,0.030442,0.37189,0.48138,0.45042,0.47887,0.36339,-0.04932,0.37399,0.19475,0.015397,0.14405,-0.34452,0.44836,0.15023,0.32318,-0.078172,0.13836,0.32926,0.27655,0.32464,0.79839,0.35811,0.10207,0.84045,0.010145,0.32315,0.017184,0.55051,0.017527,0.31225,0.11614,0.21917,0.0036329,0.46518,-0.25896,0.13416,0.66223,0.20541,0.22386,0.15766,0.72717
0.3057,-0.01436,0.57169,0.34812,0.051891,0.33829,0.093531,-0.0011678,0.031392,0.045236,0.57564,0.17416,-0.17401,0.23195,0.55581,0.26241,0.36638,0.72431,1,0.22645,0.21794,0.48664,0.40094,0.42687,0.19207,0.076852,0.32948,0.22844,0.4765,0.37512,NaN,0.62362,0.29094,0.68264,0.34454,0.11984,0.046971,-0.059256,0.31493,0.17035,0.10239,0.061777,0.6217,0.26421,0.62026,0.31908,0.41259,0.21072,0.42835,0.35613,0.45834,0.20316,0.16401,0.19372,0.52939,0.032808,0.39842,-0.099029,0.26318,0.70849,0.1478,0.031589,0.29111,0.4465,0.35737,0.54234,-0.19796,0.57391,0.30177,0.71695,-0.028348,0.33516,0.24636,0.1312,0.50771,0.25816,0.29963,0.090277,0.11245,0.38634,0.5633,-0.053374,0.38619,0.010175,0.1653,0.64228,0.016168,0.39272,0.37373,0.54859,-0.047205,0.72795,0.61153,0.45669,-0.34687,-0.068123,-0.056303,0.23617,0.46802,0.077691,0.474,0.32875,0.36181,0.18645,-0.00062382,-0.034055,0.36815,0.37985,0.35409,0.43038,0.32332,0.14617,0.10764,0.45438,0.38244,0.48522,0.22605,0.42958,0.29675,0.40568,0.39208,0.059233,0.41746,0.21434,0.61924,-0.12488,0.24015,0.30662,0.10513,0.44817,-0.012523,0.60478,0.024512,0.28795,0.32793,0.42133,0.29018,0.55637,0.23715,0.47904,0.03369,0.34606,-0.15553,-0.1366,0.27805,0.23178,-0.085838,0.037239,0.31004,0.51417,0.0042029,0.30719,0.23506,0.47459,0.41285,0.30546,0.43784,0.31517,0.18832,0.067673,0.61557,0.43821,0.49276,0.3127,0.51162,0.22443,0.35398,0.12491,0.03285,0.026624,-0.18474,0.38305,0.14872,0.43721,-0.20587,0.26375,0.36483,0.54055,0.36557,0.6081,0.54455,0.27421,0.74688,0.091614,0.44661,0.28707,0.59805,0.48099,0.47612,0.11499,0.12136,0.020134,0.47749,-0.41546,0.17321,0.40563,0.21307,0.19481,0.44187,0.30574
0.0024081,-0.26201,0.48917,0.049144,-0.17607,0.20993,0.10117,0.48032,0.25915,0.60139,0.42866,0.47491,-0.059988,0.4231,-0.068348,0.069151,0.41472,0.080789,0.22645,1,-0.21314,0.24154,0.28459,0.3483,0.17785,0.29524,0.27286,0.32837,0.47923,0.23761,NaN,0.27249,0.21319,0.23865,0.49479,-0.011902,0.14047,0.208,0.098952,0.12371,0.42083,-0.34952,0.44091,0.56646,0.15063,0.14052,-0.015251,-0.019976,0.36616,0.54967,0.4562,-0.1687,0.38596,0.27568,0.41777,0.097013,0.39617,-0.0046053,0.084372,-0.098609,0.3372,0.1655,0.33301,-0.083815,0.58779,0.57329,0.12421,0.35711,0.10535,0.38754,0.41907,0.46232,0.40903,0.18099,0.12365,0.0112,0.54223,-0.038775,0.35954,0.54565,0.10337,0.30499,0.31918,0.53364,0.25005,0.25264,0.20335,0.33801,0.32224,0.50196,0.27474,0.22295,0.40899,0.30722,-0.19696,0.21665,-0.021019,0.14829,0.73085,-0.29582,0.51277,0.27482,0.36508,0.14803,0.23413,0.34149,0.097922,0.38407,0.093405,0.20248,-0.0329,0.33658,0.3541,0.42129,0.20256,0.48994,0.1912,0.5099,-0.041672,0.26032,0.48483,0.46946,0.41388,-0.030027,0.32131,-0.061569,0.040024,0.31602,0.047113,0.15385,0.022071,0.26705,0.50684,0.29407,0.2159,0.54897,0.28822,0.30244,0.053801,0.23355,0.07455,0.13217,0.2725,0.27896,0.027223,-0.098611,-0.10482,-0.096196,0.33488,0.40556,-0.24507,0.64005,-0.46027,0.41396,0.43325,0.040211,0.5499,0.25819,0.27393,0.20899,0.45424,0.59996,0.62313,0.37262,0.41427,0.30121,0.29688,0.13495,-0.09657,0.23552,0.3449,0.51778,0.1032,-0.011705,0.31552,-0.12647,0.152,0.44928,0.071175,-0.095466,0.055748,0.68729,0.0032518,0.30053,0.52557,0.50257,0.16605,0.42025,0.3396,-0.31458,0.19551,0.11273,0.41758,0.13278,0.17404,-0.10623,0.20962,0.37291,0.6324,-0.040838
0.41075,0.65227,0.2312,0.20278,0.067167,-0.1283,-0.29656,-0.3387,0.063687,0.14869,0.025147,-0.26121,-0.28288,0.046316,0.26602,-0.19191,0.20991,0.14709,0.21794,-0.21314,1,0.025393,-0.25833,0.15084,0.12533,-0.25995,-0.075298,-0.068895,0.04279,-0.0085758,NaN,-0.074629,0.38591,0.091369,0.10298,0.51369,-0.28433,-0.086406,-0.23048,-0.17145,0.030707,-0.06288,0.14354,-0.2424,0.23241,0.40082,-0.28379,0.30921,0.15842,-0.17977,-0.17863,-0.083263,-0.082795,0.10593,0.02323,-0.061929,0.024009,-0.46674,0.25213,0.29598,-0.18843,-0.33987,0.16856,0.54505,-0.17144,0.22415,0.055112,0.11181,-0.15513,0.17657,0.10859,0.042039,-0.39992,-0.1624,0.32791,-0.028323,-0.27918,0.40149,0.22347,0.11596,0.15261,0.038849,-0.089815,-0.13489,0.45944,0.50429,-0.15328,0.31858,0.23773,-0.051955,-0.017679,-0.13005,0.19735,0.25989,-0.012968,0.40745,-0.15717,-0.3235,0.0031397,0.073038,0.02638,-0.10422,0.036424,-0.058428,-0.12199,-0.025409,0.2229,-0.22373,0.2248,0.11071,0.38027,0.10189,0.054774,-0.11773,-0.11767,0.1022,-0.44384,-0.0018455,0.15204,-0.13887,0.11935,-0.027757,-0.050797,-0.086618,0.22422,-0.31872,0.27514,-0.017978,0.051316,0.16143,0.016847,-0.11801,-0.11589,0.095978,0.0091857,0.33239,0.12993,0.061759,0.013164,0.37364,-0.10188,0.27963,-0.066597,-0.35841,-0.37103,0.10257,-0.16785,0.66532,-0.13722,-0.068512,0.10889,-0.14094,0.17496,-0.012809,0.043987,0.018596,-0.081258,0.14663,0.19572,0.41936,0.13625,0.038625,0.07142,0.19634,-0.11936,0.056523,0.048273,-0.19337,-0.044226,0.25375,-0.024785,0.1299,-0.035491,0.18909,0.10804,0.16989,0.23269,0.14639,0.26854,0.17878,0.16897,-0.11473,0.24915,0.048156,-0.038957,0.03777,0.11653,0.032345,-0.11898,-0.018754,-0.13631,-0.27075,0.012903,-0.17895,0.30821,0.33629,-0.089835,0.012183,0.10055,-0.027007
0.25459,-0.14808,0.47705,0.083403,0.17677,0.41306,0.2344,0.52761,0.44705,-0.29225,0.2846,0.4235,0.24325,0.40948,0.52463,0.41622,0.42082,0.58051,0.48664,0.24154,0.025393,1,0.20813,0.51307,0.17814,0.36964,0.21976,0.43048,0.28719,0.23334,NaN,0.7236,0.40948,0.26577,0.44187,0.030271,0.46948,0.034503,0.26607,0.34758,0.31447,0.32709,0.69355,-0.025685,0.31266,0.3512,0.29052,0.27484,0.65094,0.63514,0.060219,0.2937,-0.046048,0.081932,0.31801,0.040093,0.64237,-0.035373,0.19647,0.4214,0.30997,0.32446,0.39657,0.069115,0.42682,0.54,-0.46243,0.59732,0.19786,0.53361,0.33796,0.28236,0.37293,-0.1783,0.6079,0.34188,0.50641,0.20113,0.51034,0.2533,0.61051,-0.065972,0.20709,0.34194,0.20589,0.3791,0.28305,0.30428,0.29882,0.25767,-0.29809,0.72636,0.45119,0.119,-0.29637,0.38724,0.018925,0.051849,0.28749,0.15629,0.4825,0.21976,0.3029,0.38482,0.13645,-0.0022794,0.45943,0.28492,0.49199,0.3886,0.38017,0.3653,0.17925,0.35471,0.46285,0.4305,0.24317,0.038525,0.3756,0.60563,0.41114,0.1248,0.15892,0.24434,0.40489,-0.2134,0.11574,0.50439,0.41254,0.18396,0.34822,0.51767,0.10817,0.50596,0.09834,0.17343,0.37534,0.2166,0.37386,0.46638,0.046964,0.40545,0.17666,-0.35348,0.38736,0.38703,0.17907,-0.23305,-0.0046873,0.34815,-0.23058,0.52476,0.087078,0.5494,0.31144,0.047861,0.28331,0.39253,0.41419,0.28135,0.15094,0.2255,0.24604,0.32431,0.39595,0.085903,0.43659,0.051857,0.023228,0.28187,-0.28924,0.46845,0.52448,0.20525,0.096317,0.25879,0.46728,0.36664,0.19877,0.41269,0.49922,0.35839,0.64474,0.56245,0.25937,0.25816,0.49685,0.18802,0.36646,-0.32124,0.36322,0.2395,0.4637,-0.17655,0.087874,0.26246,0.14502,0.27258,0.15635,0.33915
0.069793,-0.13055,0.22121,0.016208,-0.26552,-0.019787,0.25632,0.22383,0.11693,0.23471,0.41255,0.43939,0.12592,0.10639,0.056507,0.37116,0.13728,0.31862,0.40094,0.28459,-0.25833,0.20813,1,0.14665,0.017918,0.39423,-0.024687,0.095261,0.041894,0.25201,NaN,0.23108,0.20357,0.2273,0.28948,-0.026393,0.21129,0.19557,0.29974,0.078338,0.18093,-0.053412,0.18937,0.40324,0.05457,-0.060911,0.55178,-0.071179,0.24258,0.1395,0.67882,0.24884,0.21122,0.32486,0.24964,-0.021727,0.030205,0.27294,-0.21747,0.29577,-0.072512,-0.10465,0.11411,-0.0069617,0.16275,0.12224,-0.14211,0.3496,0.26609,0.31263,-0.16233,0.28822,0.29342,0.42979,0.081348,0.11235,0.29157,-0.13772,-0.10216,0.16797,0.20711,-0.20998,0.43227,-0.18027,-0.1432,0.36805,0.12176,0.17115,0.33551,0.27296,0.18234,0.43446,0.13416,0.31113,-0.14188,-0.1602,-0.0010296,0.51075,0.19213,0.083997,0.29003,0.36852,0.53498,0.048119,-0.085081,-0.12325,-0.044201,0.53852,0.12651,-0.17238,-0.015271,0.06692,0.31615,0.20459,-0.042889,0.2072,0.26253,0.34331,0.11104,0.042562,0.29674,-0.052872,0.55855,-0.11495,0.56646,-0.0046239,0.055253,0.085252,0.047461,0.23153,-0.51291,0.39015,-0.11955,-0.085969,0.022248,0.21821,0.12897,0.56566,0.18707,0.14021,-0.035515,0.023748,-0.06346,0.077339,0.40103,-0.26861,-0.17922,-0.21313,0.40583,0.56898,-0.21898,0.33858,-0.036585,0.45905,0.41475,-0.029288,0.32502,0.11478,-0.2093,-0.051573,0.4726,0.42356,0.38535,0.16948,0.18603,0.22923,0.31679,0.38103,-0.087229,-0.029948,-0.098977,0.20026,-0.12103,-0.076884,-0.057902,-0.30763,0.21433,0.01904,0.0080768,0.049599,0.25885,0.3647,0.34893,-0.041114,0.40136,0.015797,0.18516,0.14995,0.06949,0.048015,0.08695,0.31778,0.1835,-0.16033,-0.24085,-0.19424,0.34408,-0.14247,0.28847,0.1641
