1,0.014987,-0.41876,0.14795,0.011791,0.032372,0.33482,0.033801,-0.048706,-0.0016826,0.34306,-0.00038051,-0.089689,-0.0036069,-0.070093,0.062679,0.22085,0.10141,-0.1925,0.24572,0.162,-0.15356,-0.157,0.88529,-0.0052461,0.062397,-0.055375,-0.091628,0.26004,-0.26566,NaN,-0.11174,-0.16093,-0.0090932,-0.03125,-0.24413,0.34502,0.14017,0.2461,-0.11867,0.011465,-0.18246,0.065904,-0.14421,-0.13307,0.15592,0.31885,-0.35024,0.16252,0.13769,-0.025177,0.032185,-0.084969,0.097409,-0.36869,0.01523,0.44429,-0.26053,0.20827,-0.29294,0.16252,0.67327,0.40378,-0.16712,0.11786,0.74497,0.089378,0.03616,-0.20969,-0.015843,-0.17012,0.28112,0.10651,0.225,0.20437,0.23871,0.14343,0.1499,0.23751,0.057811,-0.097307,-0.32015,0.25323,0.18201,-0.071487,0.11062,-0.18769,0.27394,-0.14382,0.15537,0.14721,-0.067362,0.41072,0.4104,0.011789,-0.021293,0.0034382,-0.11136,-0.16057,0.1878,-0.019131,-0.30004,-0.10379,0.11749,0.14004,0.28152,0.00017867,0.055693,-0.38976,-0.088277,-0.067756,-0.23895,-0.017341,0.043776,-0.060774,0.067717,-0.09323,0.14399,0.081867,0.039823,0.23804,0.15355,0.034551,0.18318,-0.037437,-0.28787,0.17586,0.04215,0.15912,0.037873,0.27623,-0.30268,-0.30943,0.33926,0.082772,-0.12461,0.17482,-0.23057,-0.059456,0.010343,-0.14098,0.8161,0.49901,0.088256,0.13744,0.0076196,0.43022,-0.19079,-0.069368,-0.22402,-0.10349,0.37572,0.12106,0.18279,-0.087219,-0.19811,0.23863,-0.038411,-0.32327,0.026569,-0.10498,0.0050822,0.39532,0.35456,0.012154,0.25307,-0.0011037,0.22056,-0.23163,-0.3595,-0.02523,-0.022377,-0.31918,0.073693,0.24995,0.50061,-0.038436,0.51421,0.20382,0.22188,0.13709,0.078099,-0.020609,0.023562,0.17844,0.12491,0.14346,-0.12756,-0.12791,0.071147,0.52692,0.11161,0.16806,0.020414,0.19456,-0.20488,-0.015436,0.040084,0.15753,-0.1996
0.014987,1,-0.21743,0.26502,-0.053681,-0.19841,0.1787,-0.080813,-0.015704,0.45154,0.45181,-0.29602,0.31135,-0.03621,0.033824,0.40929,-0.055546,0.11173,0.095624,0.2776,-0.023557,0.054268,0.15855,0.048806,0.0036558,0.60371,-0.089188,0.29628,0.011737,0.20957,NaN,0.16013,0.093196,0.24912,0.11004,0.34178,-0.32261,0.56423,0.025402,0.30382,0.0047521,0.1969,0.19984,0.44682,0.23721,-0.11076,0.34472,-0.10838,0.048851,-0.11875,-0.26872,0.51949,0.26132,0.035478,-0.43716,0.051979,-0.1332,0.12809,0.16682,0.070347,0.29323,-0.12578,0.39985,0.2813,0.25499,0.09869,0.43999,-0.18042,-0.058148,-0.039125,0.18741,0.099072,0.60192,0.01442,0.30862,0.5058,0.35014,0.39613,0.32868,0.25278,0.70797,0.001763,0.026428,-0.1168,0.12897,0.062535,0.07954,-0.057676,-0.027351,0.025686,-0.1072,0.11436,-0.096841,-0.11604,0.075148,-0.52114,0.31293,-0.2411,0.055348,0.11501,-0.25295,0.23877,-0.14036,0.10943,0.30287,-0.075681,0.41151,0.56773,0.089831,-0.36774,-0.15529,-0.16551,0.16284,0.018567,0.55382,0.63106,0.54263,0.363,0.40938,0.31107,0.25832,0.039524,0.073106,-0.35221,0.20216,0.026931,0.26561,0.019915,-0.007526,0.29959,0.37551,-0.094661,0.082623,0.30751,0.27094,0.15252,-0.059555,-0.16411,0.063581,-0.20845,-0.263,0.075539,0.058574,-0.080424,0.44092,0.2349,0.053763,0.23672,0.085904,0.064836,-0.024095,0.19435,0.17025,0.2522,0.27701,0.38747,0.098049,0.3382,0.083553,-0.0092157,0.58506,0.21107,0.22114,0.50339,0.33433,0.058054,-0.033255,-0.014951,0.42862,0.017465,0.040259,0.13966,0.30669,0.014485,-0.094838,0.0090375,0.13014,-0.19629,0.07688,0.43888,0.10691,0.096846,0.079141,0.082711,-0.34829,0.28065,0.35015,0.2989,0.6452,-0.12621,-0.19715,0.1589,0.26449,-0.041821,-0.010629,0.16029,-0.29284,0.2758,-0.21381,-0.06081
-0.41876,-0.21743,1,-0.072206,-0.27134,-0.20654,0.067057,0.13697,0.14978,-0.11212,0.11727,0.064681,0.26195,0.053095,0.14978,0.2837,-0.31528,0.17011,0.33439,-0.13183,0.34219,0.12533,0.083354,-0.60035,0.081254,-0.21639,0.38854,0.17039,-0.21511,-0.027948,NaN,0.27655,0.26402,0.26067,0.30198,0.05592,-0.093884,0.02237,-0.41925,0.17572,0.2881,-0.083905,-0.11175,0.33732,0.32169,0.094189,-0.31245,0.566,0.047934,-0.010122,0.55949,0.02531,0.09873,-0.18955,0.68972,0.14829,-0.37567,0.20641,-0.47139,0.36735,-0.32909,-0.54477,-0.40216,0.042528,-0.056424,-0.48768,0.30404,-0.028237,0.13678,0.39826,0.0057159,-0.17961,0.010166,-0.3117,0.28088,-0.17211,0.13726,-0.13807,-0.050334,0.33095,-0.19065,0.25788,-0.20881,0.31526,0.089983,0.13327,0.41681,-0.27248,0.040648,-0.11964,0.23814,-0.30709,-0.16343,-0.0022091,0.11148,0.46909,-0.073423,0.089364,0.017125,-0.084766,0.1784,0.231,0.021174,0.14041,0.2144,0.027721,0.26924,0.25148,0.089144,0.33194,0.24934,-0.008554,0.2373,-0.084463,-0.36686,-0.56209,0.25759,0.086695,-0.23269,0.11099,-0.19375,-0.38672,0.20149,-0.51505,-0.28671,0.15901,0.003496,-0.050246,0.14533,0.32868,-0.070938,0.16748,0.44341,-0.42028,0.14032,0.17918,-0.45355,0.70402,0.22518,-0.059319,0.38632,-0.52595,-0.52958,-0.089389,-0.017207,0.057782,-0.3634,0.40448,0.51412,0.42723,0.26769,-0.23192,0.025646,-0.28284,-0.19739,-0.010079,-0.63033,0.32468,-0.016248,-0.056601,-0.20269,-0.1316,-0.41123,-0.56092,0.30316,-0.41151,0.12268,0.15654,0.37255,-0.21769,0.17736,0.40406,0.12376,-0.021822,-0.24796,-0.18521,0.30095,-0.56589,-0.47564,-0.11875,-0.16856,-0.18347,0.39873,0.22919,0.10495,-0.1405,0.1681,0.030476,0.15339,0.32352,-0.28362,0.20215,0.094311,-0.15685,-0.37742,0.22173,0.28271,-0.13074,0.12485,0.21019
0.14795,0.26502,-0.072206,1,0.46057,0.36336,0.61894,0.53669,0.44482,-0.12218,0.58537,0.22756,-0.059826,0.39373,0.5696,0.43692,0.16496,0.26508,-0.1773,0.71004,0.21697,0.28101,0.54985,0.14349,0.55967,0.5369,0.25368,0.49239,0.43118,0.52762,NaN,0.092046,0.26227,0.51935,0.4802,0.42142,-0.27877,0.55601,0.25511,0.4306,0.18602,0.24224,0.5607,0.11737,0.40007,0.54174,0.62524,0.13287,0.49416,0.026721,0.030871,0.51631,0.19995,0.13769,-0.18082,0.12868,0.22555,0.57928,0.39241,0.43369,0.38353,0.022255,0.025759,0.078886,0.8707,0.37679,0.13965,0.14613,0.091155,0.50523,0.24636,0.56941,0.34007,0.758,0.62447,0.55214,0.57311,0.68816,0.21837,0.08918,0.54704,0.41066,0.31538,0.13698,0.44423,0.065804,0.045559,0.40221,0.16135,0.19162,0.14338,0.4326,0.16105,0.52182,0.17037,-0.029769,0.087195,0.021395,0.55345,0.63982,0.24243,0.45518,0.51797,-0.084082,0.37231,0.19707,0.37013,0.36605,0.39264,-0.30155,0.29403,0.041782,-0.17058,0.16578,0.45603,0.42623,0.27819,0.73324,0.43484,0.29076,0.63272,0.41199,0.67844,0.30221,0.34045,0.11037,0.54481,0.15128,0.052444,0.65044,0.49977,0.19267,0.022544,0.5529,0.32696,0.55874,0.24356,-0.09488,0.32079,0.39775,0.20761,0.09962,0.16738,0.37935,0.24103,0.65397,0.061847,0.23341,-0.22769,0.39236,0.049734,0.27606,0.14828,0.73195,0.53108,0.52064,0.13912,0.31228,0.24245,0.19065,0.46524,0.58562,0.50373,0.41658,0.42427,0.27976,0.55972,-0.12423,0.53627,-0.25323,0.5937,0.37858,0.19241,0.30466,0.38689,0.14221,0.54931,-0.30731,0.25157,0.55662,0.32696,0.62075,0.11954,-0.14934,0.17693,0.58406,0.35591,0.29524,0.34723,0.16663,0.45249,0.10198,0.64493,0.33737,0.45731,0.24142,0.30017,0.52337,0.41616,0.031898
0.011791,-0.053681,-0.27134,0.46057,1,0.71718,0.21918,0.16834,0.17705,-0.44047,-0.042282,0.18902,-0.23633,0.45612,0.22611,-0.10176,0.12815,-0.12394,0.090201,0.47402,0.019357,0.12932,0.33265,0.19054,0.48697,0.27012,0.18089,0.40337,0.58719,0.62755,NaN,-0.25196,-0.023142,0.28567,-0.046965,0.26923,-0.22542,0.21844,0.49556,0.27931,0.075867,0.00052078,0.3142,-0.28466,-0.089543,0.40372,0.47956,0.096452,0.04297,0.06831,-0.28587,-0.20612,-0.27191,0.12722,-0.47076,0.057094,0.2722,0.12935,0.44185,0.23785,0.29358,0.065669,0.092842,0.13804,0.469,0.4857,-0.213,0.37697,0.12806,0.23796,0.33346,0.51935,0.08689,0.46903,0.15523,0.10914,0.23912,0.51754,-0.14771,-0.37738,0.20211,0.077872,0.10947,0.35482,0.1487,-0.15417,0.19414,0.6065,0.12693,0.12815,0.36487,0.47979,0.14033,0.16843,0.16,-0.16561,-0.0067622,0.36955,0.60365,0.47148,0.17634,0.26924,0.45126,-0.16787,-0.15172,0.52718,0.24308,-0.16679,0.40523,-0.16794,0.086087,0.17621,-0.63074,0.2625,0.5072,0.36369,-0.12315,0.1858,0.43138,0.19155,0.30978,0.36744,0.35919,0.64515,0.48091,0.14151,0.07008,0.22301,-0.34253,0.31478,0.37009,-0.023008,-0.30476,0.43533,0.083092,0.25003,0.64871,-0.1434,0.12524,0.53385,0.13408,0.15271,0.10529,0.0076078,-0.21837,0.26984,0.092514,-0.10463,-0.030789,0.048972,-0.3041,-0.12471,0.40764,0.35525,0.3579,0.39125,0.15482,-0.10997,0.11415,-0.055659,0.50508,0.34883,0.35595,0.20835,-0.034088,0.099611,0.26642,-0.076772,0.11149,0.10978,0.085481,-0.10292,0.28074,0.24166,0.16813,0.19321,0.23195,0.083211,0.45391,0.4217,0.42867,0.61282,-0.10341,-0.42897,0.28537,0.42957,0.10832,-0.17251,0.10837,0.074727,0.42854,0.25691,0.5509,0.54389,0.67864,0.080389,0.47279,0.28339,0.3017,0.24118
0.032372,-0.19841,-0.20654,0.36336,0.71718,1,0.11708,0.43704,0.093429,-0.41123,-0.14272,0.44177,-0.33012,0.62177,0.14251,-0.0017427,0.16905,0.014779,0.065615,0.46258,-0.24952,0.19385,0.24198,0.12723,0.22622,0.22288,0.076436,0.41077,0.37035,0.40844,NaN,-0.020015,-0.31853,0.28846,0.11626,0.45995,-0.15871,0.17205,0.50784,0.31601,0.20821,-0.068389,0.37621,-0.22774,0.14575,0.22896,0.52751,-0.032354,0.20299,0.33201,-0.2322,-0.2227,-0.23327,0.069646,-0.38658,0.39142,0.25587,0.086877,0.50632,0.1411,0.30644,0.064805,-0.086803,0.18517,0.55346,0.37921,-0.29729,0.50535,-0.032833,0.3291,-0.12353,0.40151,-0.15372,0.58054,-0.039142,0.24122,0.030343,0.37541,-0.08886,-0.26422,0.14798,0.14907,0.25477,0.18922,0.26617,0.050336,0.34135,0.28686,-0.088698,0.054263,0.39816,0.25817,0.16958,0.27431,0.034712,-0.012313,-4.6936e-05,0.38293,0.48023,0.42547,0.27009,0.27712,0.22499,-0.36939,-0.091843,0.62842,0.10639,-0.14086,0.11344,0.02166,0.11044,0.10349,-0.67576,-0.06115,0.36869,0.46946,-0.2449,0.061501,0.61869,0.026581,0.32576,0.36039,0.20316,0.69434,0.42889,0.0076684,-0.11004,0.033873,-0.24174,0.082242,0.39652,-0.27533,-0.020245,0.22834,0.15271,0.17185,0.53251,0.054178,0.31959,0.48497,0.2662,0.0046346,0.14702,0.2383,-0.14731,0.3286,0.26491,-0.20022,0.091013,0.26885,-0.064772,0.01814,0.47762,0.30971,0.45911,0.37441,0.047703,-0.092619,0.23751,0.13801,0.2784,0.4061,0.41297,0.25499,-0.077269,0.1411,0.28698,-0.064345,-0.014082,-0.0045746,0.24974,0.067756,0.017606,0.3052,0.12908,0.2038,0.17477,-0.11847,0.63972,0.25413,0.54743,0.55604,0.076302,-0.49846,0.35816,0.47424,0.17699,-0.28562,-0.047772,0.26015,0.39965,0.052265,0.35566,0.30542,0.79107,-0.031435,0.46664,-0.10731,0.31298,0.36677
0.33482,0.1787,0.067057,0.61894,0.21918,0.11708,1,0.56944,0.48637,-0.2531,0.71887,0.012727,0.053839,0.25454,0.47532,0.36999,-0.060556,0.31986,0.22829,0.50965,0.36381,0.13126,0.4112,0.17292,0.46221,0.46389,0.29125,0.30179,0.35577,0.33839,NaN,0.18181,0.23604,0.59673,0.25352,0.40727,-0.29883,0.34732,-0.023148,0.31538,0.051738,0.093026,0.36678,0.14062,0.35935,0.37938,0.60048,0.095233,0.45933,-0.11331,0.080737,0.33559,0.13069,0.33652,-0.037999,-0.027826,0.31054,0.095929,0.045844,0.3187,0.12107,-0.15466,0.18831,0.24008,0.51166,0.36096,0.26063,0.0019918,-0.025559,0.25486,0.047183,0.6563,0.38445,0.41776,0.56635,0.41272,0.61481,0.59132,0.27864,0.05749,0.4358,0.42823,0.24597,0.1357,0.21999,-0.046573,0.041712,0.13313,0.099803,0.258,0.22398,0.10334,-0.030934,0.51484,0.3352,0.010786,-0.014758,0.19841,0.2168,0.38661,0.1709,0.36343,-0.0085517,0.19094,0.46209,0.21874,0.42939,0.38128,0.049368,-0.20925,0.38435,-0.36366,-0.28621,0.066917,0.34446,0.18966,0.1852,0.58332,0.34907,0.25421,0.26981,0.26779,0.29655,0.062952,0.32661,-0.084668,0.47503,0.36343,0.089604,0.41942,0.23824,-0.057772,0.18367,0.29898,0.32154,0.44552,-0.042559,-0.033672,0.25087,0.45259,0.042322,0.41762,0.2671,0.2391,0.06558,0.26927,-0.11106,0.21882,-0.032733,0.40543,0.06899,0.3189,0.18976,0.40694,0.25132,0.50458,-0.024405,0.13817,0.16474,0.017,0.23416,0.35892,0.32934,0.38016,0.45125,0.19576,0.32865,0.16067,0.36425,-0.43739,0.5811,0.39614,0.079417,0.25805,0.38511,0.26203,0.37449,-0.21882,0.10768,0.52119,0.097253,0.33853,0.21132,-0.059498,0.14411,0.29952,0.42385,0.30148,0.16812,0.13121,0.29452,0.35512,0.49348,0.25265,0.23349,0.1452,0.15895,0.42898,0.2177,0.15141
0.033801,-0.080813,0.13697,0.53669,0.16834,0.43704,0.56944,1,0.64739,-0.055055,0.26673,0.31944,-0.15066,0.53702,0.61273,0.53869,-0.097602,0.32812,0.085223,0.49012,0.062906,0.21362,0.59894,-0.051681,0.30249,0.3795,0.19576,0.35911,0.20771,0.16722,NaN,0.40713,0.13958,0.33433,0.48155,0.48578,-0.3791,0.22871,-0.1244,0.46999,0.29459,-0.030943,0.38313,-0.057428,0.54978,0.39279,0.43652,-0.13106,0.40269,0.18272,0.21607,0.29626,0.21219,0.14619,0.057267,0.27469,0.15153,0.15663,0.15925,0.40965,0.30296,-0.21799,0.021799,0.2519,0.5131,0.20516,0.27486,0.20281,-0.02784,0.44428,-0.072685,0.41453,0.17816,0.50867,0.30872,0.40983,0.29053,0.42748,0.28217,0.16539,0.35028,0.4523,0.20784,0.089818,0.20404,0.16393,0.2014,-0.099512,0.010078,0.35997,0.31203,0.25057,-0.066366,0.34706,0.13284,0.36747,0.026143,0.16656,0.22226,0.47614,0.32578,0.48826,0.081162,-0.069282,0.4392,0.21169,0.25055,0.40271,0.2707,0.069399,0.55649,0.11569,-0.33585,-0.20535,0.29517,0.26883,0.09589,0.44106,0.34682,0.045499,0.26943,0.26432,0.1955,0.25897,0.326,-0.057922,0.10936,0.32495,0.078762,0.24026,0.30025,-0.11758,0.13311,0.041853,0.36887,0.66631,0.011784,0.22932,0.18579,0.60774,0.46872,0.11017,0.094087,0.44634,-0.043582,0.57168,-0.12941,0.1322,-0.021288,0.55588,0.19404,0.27002,0.0072182,0.47796,0.47907,0.36663,-0.088935,0.10546,0.16351,0.16607,0.13095,0.54108,0.33374,0.28847,0.32191,0.1431,0.41292,-0.010826,0.27196,-0.26595,0.77211,0.27987,0.0015027,0.24434,0.34398,-0.093216,0.25917,-0.41107,0.21163,0.28126,0.14677,0.40269,0.29399,-0.15119,0.27423,0.27949,0.30376,0.16657,0.058756,0.35188,0.34557,0.1315,0.26292,0.13119,0.46579,0.24065,0.26017,0.17398,0.23403,0.38169
-0.048706,-0.015704,0.14978,0.44482,0.17705,0.093429,0.48637,0.64739,1,0.066889,0.20808,0.13481,0.16186,0.47795,0.87417,0.53504,-0.0043182,0.45418,0.046188,0.37721,0.46004,0.083953,0.65907,-0.052433,0.47428,0.37502,0.34241,0.37076,0.29889,0.3947,NaN,0.43573,0.34103,0.40747,0.56141,0.24404,-0.46549,0.23278,-0.066851,0.27245,0.27429,0.040204,0.43333,-0.28136,0.49655,0.51771,0.3928,0.1763,0.38826,0.13953,0.51653,0.43455,0.3228,0.3888,0.21013,0.15378,0.12339,0.12879,-0.16475,0.50506,0.29831,-0.33596,0.2326,0.35694,0.30011,0.14885,0.30264,0.16676,-0.1216,0.35865,0.4919,0.58624,0.39203,0.40278,0.55668,0.31756,0.40495,0.5319,0.30362,0.40025,0.37466,0.5736,0.31037,0.1847,0.40034,0.054597,0.18614,0.18046,0.33937,0.18589,0.22397,0.17272,0.074429,0.28605,0.34369,0.28396,-0.052466,0.15592,0.34841,0.62457,0.2581,0.63702,0.13021,0.47508,0.48975,0.07936,0.45345,0.37582,0.64263,0.10696,0.64965,-0.045508,-0.16349,0.19203,0.3037,0.10308,0.21104,0.43241,-0.07234,0.37282,0.22211,0.26149,0.33296,0.12225,0.25707,0.29695,0.16047,0.44901,0.26261,0.25443,0.19561,0.29551,-0.14624,0.1573,0.20253,0.85314,0.043933,0.21604,0.27658,0.73425,0.49351,0.2214,0.15857,0.34365,-0.018417,0.42942,-0.43463,0.42131,-0.085394,0.42008,0.19526,0.36973,-0.21523,0.62298,0.61003,0.30515,-0.31745,0.27425,0.056272,0.17343,0.29167,0.3591,0.20853,0.37753,0.20012,0.17471,0.61488,-0.052597,0.33178,-0.039901,0.67675,0.21708,0.092821,0.22027,0.41012,0.043385,0.25452,-0.16866,0.067742,0.41899,-0.046308,0.24973,0.36206,0.19471,0.21527,0.12223,0.2394,0.19627,0.2467,0.29488,0.27319,0.14856,0.34276,0.28363,0.12182,0.56983,0.18073,0.4996,0.21866,0.34542
-0.0016826,0.45154,-0.11212,-0.12218,-0.44047,-0.41123,-0.2531,-0.055055,0.066889,1,0.077452,-0.1019,0.46755,0.015461,0.010322,0.33452,0.088845,-0.054909,-0.39877,-0.043811,0.016734,-0.24032,0.059255,0.021125,-0.29671,0.3257,-0.35152,0.013187,0.035124,-0.2091,NaN,0.055693,0.16146,-0.41524,0.068393,-0.070952,-0.067633,0.27972,-0.20584,0.21656,0.056981,0.061933,0.04681,-0.024449,0.11961,-0.15032,-0.12188,-0.26653,-0.081375,0.28796,0.095243,0.20797,0.39413,-0.30962,0.063373,0.092813,-0.25105,0.073408,0.14236,-0.092839,0.18905,-0.025252,0.29134,0.19305,-0.10339,0.055477,0.47979,-0.26963,0.02347,-0.19114,-0.0040331,-0.13915,0.33418,-0.056813,0.055784,0.16687,0.19451,-0.059582,0.25784,0.53061,0.19006,-0.22276,-0.22671,-0.15818,-0.053151,0.087551,-0.13095,-0.12556,0.045258,-0.071953,-0.030263,-0.028788,0.058286,-0.29312,0.0019098,-0.071984,-0.022238,-0.27018,-0.027598,0.00036998,-0.11129,0.061961,-0.257,0.35353,0.33969,-0.39998,-0.10375,0.2407,-0.012549,0.26318,0.045687,0.038127,0.29572,-0.27251,0.18421,0.17632,0.36724,0.10467,-0.2164,0.21778,-0.24519,-0.11618,-0.010805,-0.39487,-0.10817,0.18354,-0.057745,0.2606,0.27249,0.11267,-0.104,-0.028339,0.054368,-0.057884,0.1958,0.12196,0.065021,-0.0059121,-0.15421,-0.04166,-0.10826,-0.043078,-0.12674,0.25772,0.25134,0.20815,-0.22055,0.13796,0.16535,-0.22588,-0.19191,0.32415,-0.22166,0.066405,0.093866,-0.17788,0.086039,0.035626,-0.092948,0.20825,0.15942,0.052244,-0.11862,0.12278,0.21627,0.11142,-0.051115,-0.13547,0.22711,-0.14109,0.064263,-0.10144,0.22007,-0.033039,-0.127,-0.10072,-0.24366,0.13345,-0.017929,0.070009,-0.10144,0.022971,-0.11509,0.24902,-0.11074,-0.13107,0.074671,-0.11727,0.38459,-0.060018,-0.23746,-0.075207,-0.1285,0.17731,-0.1955,0.12826,-0.32481,0.15187,-0.24918,-0.26793
0.34306,0.45181,0.11727,0.58537,-0.042282,-0.14272,0.71887,0.26673,0.20808,0.077452,1,-0.033001,0.2352,-0.0072592,0.40033,0.37722,0.11723,0.19242,0.095213,0.60401,0.41055,0.010183,0.36534,0.21389,0.53027,0.38178,-0.064905,0.1101,0.21733,0.20298,NaN,0.14486,0.16779,0.56371,0.18001,0.19697,-0.030959,0.53871,-0.070415,0.25933,-0.060318,0.27311,0.3249,0.35359,0.52059,0.23856,0.42051,0.13016,0.53364,0.030097,0.0060512,0.41299,0.3287,-0.081154,-0.031799,0.012553,0.27727,0.2653,0.046253,0.1299,0.071919,0.054423,0.13787,0.053522,0.50166,0.3452,0.24233,-0.21401,-0.059752,0.41419,0.12088,0.33273,0.39931,0.23917,0.75802,0.32208,0.521,0.5468,0.17185,0.17523,0.34895,0.31226,0.15263,0.00041769,0.2777,-0.15502,-0.13165,-0.041994,0.21942,-0.016427,-0.026097,-0.10216,0.029635,0.24634,0.14315,-0.10311,0.10965,-0.043434,0.08963,0.21579,0.14716,0.23203,0.15836,0.085872,0.59608,-0.076991,0.49762,0.45634,-0.07286,-0.25704,0.21334,-0.33627,0.042881,0.0063114,0.16246,0.20978,0.49279,0.72855,0.21605,0.47052,0.35906,-0.083105,0.43014,-0.21211,0.099487,-0.056825,0.65389,0.12729,0.15403,0.60207,0.21439,0.028694,0.34927,0.39922,0.27265,0.34341,-0.11245,0.075417,0.20945,0.025534,0.014145,0.2379,0.29437,0.11621,0.5114,0.33132,0.010995,0.26719,0.04817,0.25656,0.010738,0.19914,0.21549,0.33599,0.064205,0.31046,-0.014393,0.53349,0.22955,0.15275,0.34943,0.33689,0.26695,0.18488,0.59622,0.17988,0.070006,0.16638,0.51714,-0.53231,0.43624,0.44177,0.28369,0.12395,0.20622,0.11834,0.17659,-0.26052,-0.076559,0.33271,-0.099983,0.31934,0.18239,0.08675,0.17388,0.32961,0.24488,0.43499,0.54422,-0.031829,0.17547,0.4612,0.4239,0.14912,-0.02057,0.13762,-0.063922,0.19088,-0.079753,0.03047
-0.00038051,-0.29602,0.064681,0.22756,0.18902,0.44177,0.012727,0.31944,0.13481,-0.1019,-0.033001,1,0.022632,0.47076,0.20123,0.3411,0.32531,0.35449,-0.43397,0.23361,0.10415,0.44213,0.18735,0.02862,0.22521,0.045983,0.080906,0.09837,-0.020696,0.22853,NaN,0.29439,0.078738,0.24411,0.22839,0.060338,0.28333,0.25653,0.4277,0.20799,0.51422,0.10674,0.64809,0.029116,0.34602,0.19753,0.076313,0.098577,0.52508,0.019794,0.19897,0.078189,-0.27154,0.044106,0.32199,0.35324,0.47044,0.11652,0.24279,-0.049753,-0.1031,0.18193,-0.049249,-0.16133,0.32754,0.26849,-0.11429,0.18515,-0.055752,0.31884,-0.10589,0.13887,-0.13363,0.19363,0.20636,-0.039086,0.20911,0.33341,-0.081959,-0.038409,-0.13534,0.34954,-0.018642,0.23266,0.3557,0.094063,0.28051,0.24837,0.0072283,0.015722,0.27276,0.1367,0.14306,0.44347,-0.35088,0.60677,-0.32978,0.37324,0.16095,0.46348,0.62045,0.07889,0.099477,-0.29965,0.015788,0.34445,0.19065,0.048833,0.069056,0.5295,0.61373,0.061708,-0.26396,0.25334,-0.16046,-0.023149,0.20813,0.19076,0.1568,0.27265,0.15226,-0.039161,0.51163,0.26195,0.38146,0.0011093,-0.038186,0.026835,-0.27377,0.12894,0.25926,0.0589,0.24282,0.15974,0.51506,0.2517,0.06595,0.31741,0.32894,0.33879,0.042698,-0.08875,0.039142,0.39799,-0.037772,0.1906,0.14862,0.010916,0.19262,0.13212,-0.22989,0.22043,0.10784,0.36907,0.19693,0.283,0.12963,0.23006,0.21603,-0.1036,0.034078,0.39501,0.1964,-0.058398,0.048656,0.0068226,0.15166,-0.51243,0.16661,0.0087903,0.2926,0.17486,0.20453,0.094034,0.045939,0.23318,0.044833,-0.23242,-0.038328,0.27757,0.3726,0.22984,0.38481,-0.29311,0.2843,0.3894,0.30757,-0.059291,0.086622,0.2242,0.16344,0.11442,0.27512,0.25987,0.19082,0.45982,0.56266,0.060356,0.47858,0.37936
-0.089689,0.31135,0.26195,-0.059826,-0.23633,-0.33012,0.053839,-0.15066,0.16186,0.46755,0.2352,0.022632,1,0.20873,0.087855,0.29181,0.32276,-0.060054,0.087391,0.18283,0.21428,-0.11925,-0.091228,-0.058617,0.017075,0.30817,-0.046123,0.0038963,0.13475,0.17085,NaN,0.020201,0.33572,0.17778,0.099534,0.13286,0.2178,0.44088,-0.12358,0.2651,0.1127,-0.088249,0.16942,0.20591,0.23274,-0.089644,0.048982,0.051512,0.16717,-0.026405,0.32518,0.20904,0.39593,-0.082282,0.28598,-0.19839,-0.054316,-0.064541,-0.0076759,0.00080367,0.028339,-0.30499,0.40076,0.32127,0.10732,-0.010882,0.42302,-0.28367,0.1077,-0.14761,0.16931,0.0085846,0.46856,-0.12012,0.3947,0.090276,0.4969,0.18155,0.16185,0.35599,0.19478,0.027032,-0.34102,-0.14767,0.30108,-0.052081,0.13758,0.076846,0.15167,-0.44872,0.42098,-0.28876,0.019622,0.035622,0.31776,-0.03907,-0.52378,0.1246,0.14776,0.34101,-0.054146,0.35001,-0.1709,0.37328,0.45252,0.032944,0.47658,0.29846,0.21734,0.35312,0.31103,-0.53131,0.085626,-0.073554,0.12757,0.036893,0.3137,0.3108,-0.13393,0.67779,-0.14323,-0.050409,0.23799,-0.53439,0.0098496,0.40597,-0.034813,0.21861,0.29657,0.3054,0.12574,-0.042264,0.17345,0.13489,0.25166,0.21729,-0.20145,0.010076,0.15947,-0.037655,0.05034,-0.082175,-0.28238,0.35873,0.3259,0.075556,-0.31046,0.37011,0.2607,0.19794,0.026198,0.2797,-0.031333,0.049878,0.040847,0.18707,-0.15057,0.2015,-0.029902,0.14455,0.097884,0.12144,-0.0099754,0.020236,0.43949,0.20682,0.2636,0.013786,0.35993,-0.12992,0.16331,0.41919,0.45239,0.0017031,0.050767,0.19955,-0.16038,-0.071913,-0.060128,0.38466,-0.034776,0.0098969,0.11072,0.30203,-0.10495,-0.18075,0.32093,-0.17625,0.47241,0.22738,-0.26739,0.15606,0.37836,0.42634,-0.35643,0.38632,-0.046655,0.32192,0.18302,-0.11422
-0.0036069,-0.03621,0.053095,0.39373,0.45612,0.62177,0.25454,0.53702,0.47795,0.015461,-0.0072592,0.47076,0.20873,1,0.41431,0.42963,0.2592,0.24487,-0.095609,0.36435,-0.024876,0.42364,0.33997,0.11708,0.27501,0.43872,0.3463,0.45604,0.4105,0.46438,NaN,0.2524,0.31565,0.27799,0.28479,0.33317,-0.21783,0.37783,0.27838,0.5015,0.57937,0.057107,0.41587,-0.11887,0.33434,0.44105,0.4724,-0.15828,0.15285,0.27325,0.18181,0.051549,-0.028159,0.15339,-0.10583,0.35061,0.20946,0.16041,0.25674,0.22409,0.28688,-0.25511,0.097006,0.42989,0.56052,0.28619,0.2681,0.31186,-0.13104,0.32467,-0.042944,0.45096,0.2902,0.49877,0.32242,0.41892,0.35343,0.52962,0.42147,0.16945,0.33214,0.20477,0.0058049,0.4069,0.33843,0.14927,0.47102,0.44955,-0.033278,0.11482,0.56284,0.24066,0.14182,0.37466,0.35204,0.23506,-0.23631,0.38772,0.45221,0.75256,0.30286,0.42518,-0.023617,0.1835,0.19523,0.62142,0.27436,0.28499,0.44204,0.45306,0.48608,-0.053441,-0.53683,-0.19188,0.50033,0.33202,0.045665,0.42125,0.35241,0.49566,0.24973,0.44907,0.42924,0.24455,0.49048,0.20907,-0.11499,0.38212,0.24096,0.39668,0.4471,-0.025916,0.11488,0.1,0.33214,0.54011,0.34447,0.061312,0.55754,0.60922,0.38657,0.14196,-0.089262,0.4034,-0.045787,0.4112,-0.2749,0.29427,0.20573,0.329,-0.11358,0.41004,0.13102,0.43046,0.525,0.5311,-0.030419,-0.029037,0.29408,0.33197,0.427,0.48248,0.50288,0.27212,0.32117,0.4089,0.44332,-0.19679,0.37792,-0.25864,0.65167,0.4557,0.19077,0.28759,0.23395,0.51852,0.32294,-0.028318,0.42469,0.5781,0.62837,0.45896,0.23819,-0.30917,0.50549,0.35398,0.56954,-0.16054,0.23025,0.44368,0.22655,0.099592,0.56158,0.50852,0.52294,0.50929,0.67464,0.27309,0.46895,0.26593
-0.070093,0.033824,0.14978,0.5696,0.22611,0.14251,0.47532,0.61273,0.87417,0.010322,0.40033,0.20123,0.087855,0.41431,1,0.5081,0.14708,0.32351,-0.020569,0.54182,0.35068,0.13735,0.79091,-0.021704,0.56989,0.32147,0.23056,0.29619,0.26399,0.48679,NaN,0.38642,0.22784,0.54605,0.5656,0.13818,-0.40557,0.33739,-0.12487,0.26838,0.1553,0.25251,0.44263,-0.28678,0.5721,0.66431,0.3191,0.16115,0.54032,0.19998,0.38912,0.4165,0.25813,0.26506,0.22336,0.18877,0.23651,0.2629,-0.046362,0.38421,0.16594,-0.21412,0.22744,0.26479,0.46475,0.1652,0.18742,0.074694,-0.1818,0.57166,0.43286,0.59805,0.23761,0.43613,0.68589,0.30106,0.29663,0.62973,0.14369,0.23514,0.23793,0.62747,0.25543,0.15917,0.47301,-0.12595,0.05367,0.16983,0.43525,0.086539,0.16429,0.20304,-0.020581,0.19617,0.37187,0.3401,0.027781,0.017552,0.31111,0.56507,0.53045,0.61953,0.36031,0.21923,0.47725,0.029238,0.44621,0.3999,0.60184,0.032756,0.58892,-0.01974,-0.069793,0.062186,0.15863,0.096953,0.24045,0.54759,-0.070063,0.44031,0.36254,-0.0044746,0.46348,0.20391,0.1087,0.09002,0.2573,0.29443,0.083146,0.41393,0.24526,0.27,0.050625,0.16353,0.15461,0.93064,0.080814,0.29896,0.40571,0.65704,0.52818,0.13753,0.24067,0.19558,0.24879,0.60217,-0.27495,0.28442,-0.18648,0.41241,0.082812,0.16487,-0.093983,0.72663,0.59068,0.24226,-0.25914,0.49576,0.14305,0.22548,0.4648,0.551,0.32821,0.23267,0.19924,0.22242,0.44021,-0.0025194,0.44159,-0.096835,0.70338,0.35614,0.18047,0.19927,0.407,-0.088463,0.19572,-0.21177,0.027816,0.29727,-0.063792,0.3055,0.24994,0.27551,0.36212,0.31427,0.19084,0.3348,0.30856,0.29393,0.25605,0.093106,0.40047,0.26339,0.09728,0.5206,0.16941,0.35074,0.042115,0.35115
0.062679,0.40929,0.2837,0.43692,-0.10176,-0.0017427,0.36999,0.53869,0.53504,0.33452,0.37722,0.3411,0.29181,0.42963,0.5081,1,-0.11294,0.45988,-0.095055,0.2806,0.21688,0.24618,0.46466,4.8676e-05,0.086495,0.39297,0.29579,0.56886,-0.039278,0.23616,NaN,0.44083,0.21058,0.43631,0.58037,0.243,-0.34128,0.69832,-0.17957,0.65046,0.40932,-0.023812,0.53972,0.16713,0.57057,0.38409,0.21474,0.086777,0.32401,-0.062978,0.32033,0.55133,0.18785,0.10871,0.18448,0.36385,-0.020706,0.24502,0.13755,0.2364,0.19734,-0.2236,0.22887,0.11317,0.35826,0.20163,0.69002,0.0052088,0.088202,0.3998,0.086887,0.27109,0.38809,0.2589,0.64044,0.48235,0.5792,0.5446,0.5047,0.48116,0.40344,0.28997,0.059566,0.35604,0.31638,0.32569,0.32454,0.053447,-0.063592,0.24636,0.31184,0.08764,0.113,0.43288,0.075094,0.41714,0.026017,-0.058753,0.21745,0.5685,0.35396,0.38034,-0.056572,0.14088,0.36548,0.17858,0.50421,0.67402,0.35534,0.27147,0.59216,-0.079647,0.13061,0.10495,0.19455,0.21231,0.606,0.44909,0.26831,0.38002,0.13259,-0.053343,0.49394,-0.35637,0.22072,0.10633,0.074264,0.063285,-0.006515,0.45413,0.56186,-0.039729,0.22291,0.12411,0.62216,0.62902,-0.24872,0.37912,0.30778,0.33446,0.31828,0.1002,-0.046354,0.2606,0.32493,0.54914,-0.0326,0.33771,0.24187,0.41717,0.029164,0.46207,0.13565,0.54161,0.48624,0.3784,-0.15129,0.54304,0.041724,-0.076133,0.22893,0.46532,0.29223,0.25396,0.32069,0.0021697,0.34822,0.012274,0.57827,-0.023153,0.43397,0.40325,0.154,0.28994,0.050936,0.035387,0.28608,-0.40727,-0.15132,0.48654,0.20026,0.087073,0.39372,0.24637,-0.070781,0.47888,0.59739,0.20657,0.44805,0.47336,0.15965,0.19067,0.37059,-0.012399,-0.076707,0.49722,0.25407,0.30574,0.26095,0.20446
0.22085,-0.055546,-0.31528,0.16496,0.12815,0.16905,-0.060556,-0.097602,-0.0043182,0.088845,0.11723,0.32531,0.32276,0.2592,0.14708,-0.11294,1,-0.15378,-0.43751,0.36962,-0.10048,-0.11611,0.16261,0.41746,0.16948,0.010653,-0.18077,-0.42883,0.21667,0.2744,NaN,-0.19895,0.051027,-0.027158,-0.18543,-0.13295,0.58256,0.19994,0.36378,-0.27467,-0.012477,0.38828,0.074579,-0.23829,-0.070921,0.14544,0.17512,-0.30033,0.36852,0.12422,0.016793,-0.05977,0.10019,-0.15608,-0.023384,-0.11147,0.46263,0.23448,0.3992,-0.13092,0.26078,0.47903,0.21472,-0.12781,0.32441,0.31771,-0.1432,-0.31897,-0.29939,-0.12556,-0.13112,0.28222,0.019782,0.30663,0.14665,0.084955,0.096187,0.067217,-0.25099,-0.33534,-0.012454,0.061483,-0.31133,-0.17692,0.26304,-0.22114,-0.16229,0.18349,-0.0105,-0.46889,0.16965,0.060859,-0.079137,0.33392,0.036011,-0.10889,-0.31287,-0.13385,0.19398,0.28062,0.30414,0.2658,0.10549,0.013694,0.1572,0.16707,0.018106,-0.098836,0.032043,-0.015188,0.066424,-0.26988,-0.22542,-0.13361,0.017235,0.20432,-0.031113,0.19959,0.01119,0.4554,0.28421,0.16731,0.12858,0.27109,0.12708,-0.21678,-0.22812,-0.086779,0.047407,0.042953,0.087688,0.17942,0.0087946,0.25233,-0.13238,0.066297,0.21165,-0.30494,0.24909,0.021112,-0.20888,0.21327,0.028824,0.1522,0.053846,-0.0052586,0.2313,-0.202,-0.20437,-0.29378,-0.079956,0.011963,0.016167,0.20582,0.143,-0.090725,0.37719,-0.0016706,0.0030599,0.43473,0.12549,0.21319,0.22777,0.0011803,-0.040147,0.5389,0.25566,-0.20356,0.11435,-0.081287,0.17318,0.31741,0.38067,-0.15157,0.20482,0.25555,-0.3134,0.31982,0.24848,0.12683,0.30186,0.15512,-0.12621,-0.095736,0.18444,-0.045465,0.16529,-0.27915,0.21552,-0.18678,0.090234,-0.20219,0.25242,0.37123,0.18278,0.11711,0.087216,0.004529,0.33186,-0.11301
0.10141,0.11173,0.17011,0.26508,-0.12394,0.014779,0.31986,0.32812,0.45418,-0.054909,0.19242,0.35449,-0.060054,0.24487,0.32351,0.45988,-0.15378,1,-0.025599,0.095374,0.40838,0.61647,0.29569,-0.14201,0.23151,0.33595,0.59063,0.29756,-0.095912,0.090182,NaN,0.74559,0.37646,0.34721,0.50945,0.24589,-0.18503,0.013198,0.30215,-0.029475,0.54856,0.072781,0.42516,0.3849,0.43375,0.030471,0.21141,0.26073,0.53199,0.026136,0.34452,0.59092,-0.065126,0.59775,0.19844,0.2944,0.23229,-0.035022,-0.38853,0.18748,-0.085916,-0.053513,-0.01304,0.042198,0.24044,0.046376,0.21469,0.11354,-0.38508,0.26538,0.14381,0.28637,0.23891,0.0096815,0.34948,0.28648,0.16702,0.33322,0.30054,0.54073,0.34983,0.3433,0.43127,0.14992,0.52649,0.58292,0.26707,-0.0087776,-0.13566,0.088893,-0.051054,0.116,-0.030944,0.32882,-0.28959,0.24722,0.080868,0.12722,-0.18042,0.26179,0.18104,0.16921,-0.1705,0.2488,0.39974,0.30873,0.35743,0.4272,0.10289,0.07515,0.27497,0.032271,0.079395,0.42373,0.079745,0.030753,0.31889,0.22372,0.15935,0.063977,0.38565,0.14183,0.23499,0.009432,0.31467,0.098148,0.30068,0.13737,0.21199,0.16336,0.15887,0.22289,-0.035996,0.038321,0.19091,0.30844,-0.12608,0.30374,0.20853,0.16783,-0.043994,0.061327,0.1869,0.2129,-0.0033853,0.038633,-0.058469,0.55216,0.1732,0.29647,0.091598,0.39002,-0.16973,0.41544,0.40504,0.35097,-0.29228,0.38935,0.23968,0.0085183,0.17166,0.022548,0.12651,0.41435,0.15563,-0.12055,0.21172,-0.40724,0.20261,-0.10812,0.43219,0.30441,-0.1471,0.18106,-0.011179,0.39033,0.56642,-0.28137,0.01751,0.47862,0.24856,-0.10746,0.87004,0.015135,0.13694,0.091357,0.54084,0.28103,0.2406,0.17546,-0.0045006,0.18401,0.19752,-0.16571,0.10352,0.49114,0.35689,0.32877,0.25692,0.17292
-0.1925,0.095624,0.33439,-0.1773,0.090201,0.065615,0.22829,0.085223,0.046188,-0.39877,0.095213,-0.43397,0.087391,-0.095609,-0.020569,-0.095055,-0.43751,-0.025599,1,0.10607,0.016704,-0.060332,-0.0099431,-0.31692,0.1226,0.043948,0.14076,0.17374,0.011952,0.053963,NaN,0.10191,-0.13117,0.40599,-0.037262,0.40764,-0.22415,-0.11308,-0.29405,0.16096,-0.23822,-0.44102,-0.19647,0.24604,0.18306,-0.25249,0.1008,0.17934,-0.063594,-0.047472,-0.1515,-0.10517,0.092491,0.20337,-0.1203,-0.13914,-0.13251,-0.43614,-0.32408,0.073324,-0.13745,-0.45439,-0.010219,0.23003,-0.053401,-0.17951,0.0521,0.029378,0.12493,0.092716,0.16238,-0.068224,0.065096,-0.28601,0.05286,-0.009424,-0.11037,0.082658,-0.051629,-0.021896,0.1425,-0.01841,0.088008,-0.14613,0.078942,0.014111,0.13241,-0.37357,-0.031547,-0.17272,0.20093,-0.32375,-0.24598,-0.25901,0.1757,-0.24953,0.076341,0.27626,-0.14184,-0.14209,-0.25307,0.18162,-0.082628,-0.068436,0.16611,0.2255,0.43893,0.065431,0.10674,-0.21581,-0.14434,-0.25535,-0.14964,-0.025278,0.13905,0.077611,-0.14549,-0.10149,0.25295,-0.028485,-0.036479,-0.1124,-0.25647,-0.19938,0.023533,0.18618,0.040341,-0.02986,-0.021437,0.026938,0.073029,-0.38055,0.0065229,-0.0677,-0.18722,0.027349,-0.21355,0.14554,-0.1294,-0.091849,0.32281,-0.12474,-0.061708,-0.21037,0.078738,-0.10212,-0.079663,0.20461,0.149,0.52324,0.24583,-0.23895,0.2348,-0.2506,-0.037279,0.22198,-0.48987,0.16385,0.11009,-0.067007,0.0043584,-0.14352,-0.049476,0.0067702,0.092224,-0.17691,-0.090547,0.45978,-0.10327,0.084719,-0.057695,0.149,0.004844,0.12655,-0.019,-0.15881,0.053491,-0.33867,0.1334,-0.0023319,-0.23858,-0.087382,0.21026,0.093318,-0.095136,-0.18984,-0.033667,0.053434,0.066895,0.20324,-0.041866,0.38065,0.043723,-0.17152,-0.0051355,-0.12309,-0.096,-0.18682,-0.24943,0.19207
0.24572,0.2776,-0.13183,0.71004,0.47402,0.46258,0.50965,0.49012,0.37721,-0.043811,0.60401,0.23361,0.18283,0.36435,0.54182,0.2806,0.36962,0.095374,0.10607,1,0.23733,0.00054807,0.53282,0.25415,0.61214,0.62655,-0.056983,0.25137,0.61715,0.52291,NaN,0.14856,-0.010252,0.54799,0.40182,0.53716,-0.030589,0.59071,0.26754,0.34277,0.1247,0.067621,0.56674,0.05117,0.46714,0.25508,0.69737,0.012769,0.65024,0.23479,0.0093082,0.27242,0.17265,0.010192,-0.25198,0.17153,0.47026,0.17395,0.39378,0.21343,0.34584,0.1507,0.37317,0.17111,0.79883,0.58164,0.012439,0.15577,-0.14319,0.4341,0.31539,0.52774,0.42053,0.56481,0.61083,0.45503,0.4277,0.66975,-0.03132,0.043481,0.4287,0.34255,0.2406,-0.087559,0.54873,-0.12714,0.056204,0.19065,0.34261,-0.20122,0.4142,0.16475,0.12242,0.26236,0.2098,-0.1314,0.046337,0.19577,0.43406,0.57759,0.26087,0.58613,0.36654,-0.10394,0.60504,0.29996,0.58851,0.27986,0.26772,-0.228,0.23595,-0.14799,-0.40783,0.022792,0.3941,0.50222,0.26816,0.65412,0.39858,0.49136,0.67213,0.15732,0.44296,0.36845,0.35177,0.065374,0.38049,0.1581,-0.028293,0.56739,0.57395,-0.11631,-0.027197,0.53076,0.28591,0.56722,0.38955,0.054758,0.24712,0.40018,0.24851,0.1557,0.27544,0.34674,0.29529,0.5451,0.14856,0.13404,-0.056777,0.42387,-0.03599,0.18527,0.23635,0.59796,0.43646,0.42507,0.060236,0.41636,0.11284,0.33302,0.52413,0.55252,0.40878,0.44197,0.46312,0.32595,0.44416,0.017454,0.4228,-0.32307,0.5283,0.28087,0.43366,0.076563,0.44924,0.058995,0.10065,-0.24443,0.43912,0.55894,0.10245,0.74345,0.18602,-0.15419,0.33166,0.33497,0.24279,-0.0018336,0.52583,0.16398,0.38812,0.29179,0.6221,0.43108,0.54201,0.18881,0.054461,0.31158,0.22549,0.24478
0.162,-0.023557,0.34219,0.21697,0.019357,-0.24952,0.36381,0.062906,0.46004,0.016734,0.41055,0.10415,0.21428,-0.024876,0.35068,0.21688,-0.10048,0.40838,0.016704,0.23733,1,-0.084193,0.23984,-0.020269,0.53039,0.15815,0.10498,0.1529,0.30688,0.085009,NaN,0.39634,0.38083,0.3183,0.28155,0.0045212,0.015476,0.11654,0.19117,-0.023202,0.35351,-0.081706,0.37213,0.12727,0.4084,0.13681,0.27724,0.5107,0.3411,0.12323,0.53968,0.26461,0.16738,0.12263,0.33468,0.27326,0.2233,0.030429,-0.46246,0.37934,-0.088237,-0.11896,0.0047882,0.046731,0.027995,0.21578,0.18348,0.064239,-0.057094,0.39907,0.58617,0.26879,0.49,-0.10457,0.53144,0.088214,0.40367,0.29209,-0.066191,0.44825,0.045137,0.41438,0.18942,0.34836,0.15806,-0.17594,0.22225,0.14628,0.50116,0.047961,0.074216,-0.29058,0.21721,0.1868,-0.0060809,0.13851,0.12221,0.37945,0.13424,0.23521,0.031811,0.26436,0.0055261,0.55374,0.52255,-0.098026,0.48131,0.19311,0.13789,0.12336,0.35438,-0.21626,0.023419,0.5257,-0.05351,-0.31057,0.37282,0.32312,-0.36164,0.43882,0.13501,-0.065599,0.43911,-0.2002,0.061129,0.34542,0.55982,0.39013,0.28308,0.35929,0.018623,0.40149,0.0048145,0.3266,0.36432,0.34796,0.00093042,0.31792,0.18087,0.25779,0.070186,0.12615,-0.0054345,0.041518,-0.1083,-0.033564,-0.40857,0.60604,0.25107,0.18563,0.059183,0.25232,-0.23321,0.10323,-0.14298,0.099077,-0.44295,0.38052,-0.17374,-0.014669,0.14924,-0.24802,-0.29956,0.043629,0.31338,-0.14323,0.29229,-0.23439,0.19565,-0.2929,0.19283,-0.073729,0.28054,-0.16155,0.27005,0.18728,0.31082,-0.21425,-0.28549,0.31531,-0.30111,0.24033,0.44503,-0.038189,0.13264,-0.08783,0.003748,0.11729,0.40809,-0.16551,0.24847,0.4477,0.25343,0.22457,-0.11115,0.50021,0.070695,0.32598,0.21287,0.32408
-0.15356,0.054268,0.12533,0.28101,0.12932,0.19385,0.13126,0.21362,0.083953,-0.24032,0.010183,0.44213,-0.11925,0.42364,0.13735,0.24618,-0.11611,0.61647,-0.060332,0.00054807,-0.084193,1,0.081166,-0.19564,0.18783,0.25026,0.58877,0.23623,-0.16751,0.16492,NaN,0.49752,0.51458,0.29375,0.28114,0.12343,-0.11361,-0.022788,0.24784,0.12624,0.55372,0.20126,0.26023,0.4914,0.24766,0.16473,0.0051657,-0.019978,0.22994,-0.15246,0.025934,0.39561,-0.30893,0.47579,0.04451,0.081361,0.20177,0.019592,-0.18481,-0.016015,-0.28141,-0.1637,-0.098621,0.089007,0.37146,-0.13938,0.091559,0.14393,-0.21767,0.28509,-0.067331,0.028475,0.049787,-0.046015,0.17284,0.15306,-0.021775,0.35626,0.35334,0.16129,0.19942,0.1494,0.11911,0.19578,0.3407,0.42199,0.25213,0.24956,-0.20359,0.20374,-0.0013454,0.38281,-0.16672,0.11711,-0.14661,0.32424,-0.11267,0.18196,-0.22142,0.2839,0.25056,-0.092759,0.067566,-0.20245,0.0032433,0.4343,0.17226,0.39509,0.22082,0.2029,0.19917,0.22577,0.022933,0.12131,0.11079,0.031418,0.095154,0.31493,0.25685,0.05298,0.38659,0.14097,0.34012,0.11502,0.30743,-0.0044151,0.23549,0.11288,0.05224,0.29926,0.23282,0.10648,0.12916,-0.050133,0.15598,0.21829,-0.070077,0.077936,0.28738,0.0057917,0.010487,-0.13098,0.00173,0.12802,0.12519,0.16359,-0.092401,0.39641,0.017469,0.27771,-0.1362,0.14164,-0.11614,0.34507,0.23511,0.49478,0.0013558,0.1675,0.45917,-0.068309,0.32865,0.29263,0.42959,0.15556,0.24937,0.011647,-0.10387,-0.48812,0.22718,-0.097494,0.42119,0.46191,-0.10333,0.17735,-0.060419,0.42263,0.59396,-0.21736,0.00575,0.40297,0.50703,-0.04735,0.52656,-0.18122,0.31288,0.2951,0.52942,0.41834,0.040986,0.29869,-0.14771,0.047831,0.34044,-0.025862,0.17326,0.48644,0.64043,0.28678,0.21929,0.069891
-0.157,0.15855,0.083354,0.54985,0.33265,0.24198,0.4112,0.59894,0.65907,0.059255,0.36534,0.18735,-0.091228,0.33997,0.79091,0.46466,0.16261,0.29569,-0.0099431,0.53282,0.23984,0.081166,1,-0.15774,0.46814,0.35857,0.19374,0.3174,0.3172,0.53188,NaN,0.30536,0.19336,0.34497,0.2992,0.29903,-0.4002,0.29931,-0.060725,0.29217,0.049335,0.25411,0.3454,-0.22009,0.45506,0.44314,0.28066,0.083739,0.50107,0.23525,0.029665,0.23105,0.15409,0.14736,0.11254,0.27665,0.24768,0.3467,0.16695,0.36375,0.19479,-0.091503,0.025991,0.038706,0.48312,0.25234,0.2863,-0.19826,-0.080952,0.4615,0.2501,0.60842,0.17364,0.38487,0.49663,0.36805,0.26167,0.50794,-0.13324,0.017568,0.35189,0.4374,-0.030482,0.12863,0.36993,-0.042309,-0.040056,-0.089224,0.12812,-0.0063002,0.167,0.29418,-0.35402,0.17529,0.037362,0.12075,0.24953,-0.015081,0.31022,0.31483,0.58289,0.66812,0.22763,0.079297,0.46716,0.079083,0.30861,0.25118,0.47965,-0.14195,0.33112,0.1033,-0.22278,0.059108,0.33197,0.27465,0.27771,0.32846,0.20862,0.27198,0.29139,-0.0426,0.32535,0.21491,0.30614,-0.053152,0.1083,0.20745,-0.18597,0.44795,0.17702,0.18227,0.11107,0.12334,0.091834,0.75588,0.23363,0.23042,0.1812,0.58413,0.23593,0.00066092,-0.012547,-0.0063775,0.0048727,0.473,-0.073337,0.18621,-0.10157,0.24798,-0.15453,-0.032223,0.06824,0.54578,0.58147,0.22073,-0.1237,0.4168,0.21582,0.2705,0.51948,0.38613,0.11875,0.11895,0.047957,0.15221,0.3039,-0.12399,0.46683,0.0013674,0.52418,0.23986,0.45671,0.19798,0.21083,-0.24857,0.20755,-0.30297,0.18594,0.26375,0.10663,0.34966,0.20909,0.023651,0.1972,0.22934,0.29172,0.12735,0.47003,0.00049934,0.25863,0.14419,0.25858,0.22788,0.35711,0.32116,0.20578,0.1994,0.026974,0.24885
