1,0.23565,0.20568,0.42328,0.57513,0.25803,0.18428,0.53403,0.47002,0.39892,0.046511,0.40436,0.24313,0.37833,0.22552,0.45999,0.1516,0.14232,0.0075978,0.46051,0.11731,0.36943,0.39384,0.29117,0.11145,0.24548,0.16171,0.52304,0.39456,0.46046,0.28376,0.45682,0.28521,0.43512,0.11977,0.28816,0.3416,0.31943,0.37485,0.51383,0.47433,0.35414,0.71332,0.25953,0.27086,0.37827,0.35424,0.39816,0.41467,0.4512,0.070926,0.35462,0.39866,0.28993,0.19065,0.3221,0.29816,0.28617,0.68206,0.31095,0.41144,0.55182,0.44243,0.42899,0.43473,0.22164,0.0074405,-0.11621,0.1889,0.44125,0.46679,0.38486,0.23531,0.29372,0.5783,0.16044,0.21082,0.39144,0.37355,0.56894,0.24786,0.36195,0.35435,0.34343,0.58221
0.23565,1,0.63976,0.36948,0.53143,0.38773,0.1318,0.37668,0.74305,0.43856,0.70332,0.28022,0.50766,0.52501,0.35344,0.22987,0.23251,0.50546,0.65485,0.2345,0.20905,0.52047,0.053941,0.24588,0.28199,0.54444,0.061117,0.29683,0.10481,0.39639,0.73821,0.39593,0.38003,0.44487,0.19268,0.21488,0.66564,0.51189,0.49849,0.080879,0.52109,0.30386,0.48647,0.75852,0.3767,0.15223,0.61569,0.30851,0.21724,0.56308,0.18686,0.21687,0.18909,0.1783,0.065584,0.33952,0.41488,0.4782,0.3955,0.19997,0.30673,0.17967,0.14444,0.68479,0.66808,0.61522,0.19076,0.12512,0.39394,0.1713,0.78226,0.54835,0.2932,0.6721,0.5451,0.58182,0.57197,0.20396,-0.19666,0.48428,0.38207,0.25965,0.26987,0.64036,0.091111
0.20568,0.63976,1,0.52535,0.61395,0.29263,0.32012,0.30494,0.65853,0.44812,0.69073,0.45975,0.72683,0.45681,0.64614,0.42278,0.53601,0.567,0.64338,0.44332,0.078632,0.48916,0.17386,0.1394,0.13327,0.29023,0.012941,0.52672,0.0059573,0.50473,0.68767,0.34603,0.40184,0.57845,0.091734,0.59798,0.4291,0.77709,0.64212,-0.083149,0.66768,0.30023,0.39628,0.48825,0.25484,0.31613,0.57321,0.22125,0.37338,0.29345,0.13385,0.24012,0.47715,0.49261,0.42201,0.52225,0.40848,0.67486,0.41935,0.44525,0.20954,0.50104,0.23308,0.70153,0.68451,0.28944,0.48317,0.033224,0.128,0.090618,0.49158,0.38834,0.32475,0.53498,0.72999,0.59011,0.54667,0.1254,-0.26943,0.47559,0.55755,0.49983,0.58855,0.46054,0.17185
0.42328,0.36948,0.52535,1,0.59158,0.25389,0.45704,0.31262,0.4679,0.10843,0.35578,0.38745,0.6895,0.42537,0.67976,0.37254,0.34571,-0.033249,0.28379,0.62248,0.20288,0.43587,0.46163,0.26006,0.33964,0.18234,-0.032334,0.39173,0.2624,0.52121,0.57082,0.56497,0.678,0.64236,-0.17868,0.43917,0.31469,0.61983,0.736,0.46984,0.43562,0.28679,0.68646,0.52,0.53044,0.22507,0.0048398,0.51636,0.48021,0.17619,0.23814,0.24851,0.45343,0.64874,0.515,0.27367,0.221,0.71459,0.33862,0.58485,0.27016,0.60675,0.42895,0.5818,0.59213,0.33284,0.15802,-0.38047,0.20455,0.035199,0.20441,0.51749,0.18461,0.44199,0.48537,0.088541,0.50492,0.18457,0.13054,0.16146,0.424,0.35073,0.43093,0.13281,0.38129
0.57513,0.53143,0.61395,0.59158,1,0.35015,0.59234,0.33082,0.649,0.58678,0.33349,0.58324,0.56745,0.51265,0.69832,0.43315,0.39946,0.40851,0.11331,0.3739,0.032237,0.38106,0.53791,-0.040888,0.31827,0.58513,0.4731,0.63065,0.48077,0.78948,0.43344,0.63522,0.41743,0.58441,0.063869,0.58507,0.50139,0.49915,0.43655,0.38611,0.75531,0.27173,0.66061,0.50737,0.50566,0.38084,0.35526,0.65184,0.44919,0.51712,0.35295,0.38191,0.29425,0.46233,0.42615,0.48822,0.47142,0.4559,0.66084,0.29944,0.35382,0.64829,0.38053,0.52997,0.52449,0.21145,0.50525,0.13899,0.25682,-0.054908,0.52452,0.49841,0.30552,0.43451,0.56896,0.39629,0.60673,0.19288,0.18906,0.51935,0.2998,0.49118,0.47243,0.56715,0.33781
0.25803,0.38773,0.29263,0.25389,0.35015,1,0.28782,0.16389,0.51112,0.29933,0.13847,0.33906,0.22969,0.0051023,0.15401,0.1675,0.16001,0.40924,0.28686,0.17272,0.4612,0.014683,0.16626,0.31402,0.16965,0.24854,0.13026,0.29154,0.11163,0.25809,0.28457,0.34368,0.0021034,0.32944,0.22439,0.30628,0.13731,0.1366,0.098117,0.29776,0.2718,0.78217,0.24727,0.45113,0.022645,-0.10076,0.34305,0.13968,0.41567,0.37609,0.1674,0.23115,0.30414,0.01415,-0.17774,0.059693,0.32988,0.20617,0.24052,0.13128,0.60557,0.12866,-0.21247,0.43357,0.41305,0.45322,0.29614,0.14136,0.33193,0.5325,0.31175,0.026817,0.33061,0.053543,0.4318,0.12596,0.24321,0.078646,-0.028971,0.37084,0.22404,-0.16108,0.49775,0.3769,0.1797
0.18428,0.1318,0.32012,0.45704,0.59234,0.28782,1,0.18482,0.43322,0.47689,0.087604,0.37357,0.41795,0.30872,0.57777,0.19623,0.036543,0.26661,-0.062166,0.31925,0.23982,0.16574,0.65,0.15649,0.61448,0.19458,0.61579,0.38285,0.010265,0.49523,0.051714,0.37044,0.19626,0.38084,0.15442,0.33806,0.12742,0.25596,0.090608,0.36852,0.46836,0.31924,0.29386,0.17782,0.40145,0.35411,0.17722,0.41824,0.22408,0.018368,0.46429,0.71421,-0.074374,0.43305,0.4306,0.29018,0.069076,0.26361,0.14789,-0.040273,0.28307,0.38588,0.38903,0.016622,0.017644,0.18803,0.31578,0.15018,0.1645,-0.026514,0.13091,0.36315,0.54132,0.21492,0.30009,0.092375,0.10938,0.40387,0.54866,0.14727,-0.17062,0.1712,0.44394,0.33832,0.26048
0.53403,0.37668,0.30494,0.31262,0.33082,0.16389,0.18482,1,0.47306,0.32583,0.14876,0.11696,0.33265,0.43709,0.30871,0.20134,-0.0096309,0.25313,0.38108,0.44884,0.24814,0.31534,0.057705,0.46452,0.098833,0.17264,0.089782,0.15836,-0.28554,0.40874,0.21185,0.076726,-0.048136,0.3879,0.16789,0.1871,0.31083,0.38549,0.25146,0.085327,0.22197,0.27646,0.46716,0.12825,0.02167,0.13948,0.51291,-0.061916,0.28616,0.40599,0.00043639,0.40137,0.51989,0.42125,0.12457,0.065726,0.013024,0.30932,0.42049,0.18628,0.59002,0.43565,0.14682,0.38888,0.38257,0.54429,0.22562,0.08107,0.3321,0.47585,0.40763,0.5552,0.5235,0.49465,0.48405,0.133,0.03805,0.43446,0.20776,0.51159,-0.15238,0.11036,0.12709,0.073547,0.053806
0.47002,0.74305,0.65853,0.4679,0.649,0.51112,0.43322,0.47306,1,0.61102,0.53284,0.42351,0.47405,0.62462,0.54059,0.3987,0.39785,0.37428,0.45606,0.30521,0.15979,0.57623,0.20796,0.30978,0.33341,0.4907,0.24723,0.47985,0.15279,0.51805,0.5554,0.57829,0.32005,0.47655,0.35469,0.36457,0.44074,0.50251,0.35392,0.21937,0.54438,0.5511,0.59874,0.58702,0.29711,0.28936,0.57222,0.40053,0.57003,0.48258,0.14221,0.51862,0.27359,0.43629,0.33499,0.35652,0.26584,0.39031,0.57844,0.10294,0.49289,0.41275,0.22489,0.59667,0.58599,0.62131,0.19276,0.13448,0.44375,0.29474,0.73009,0.5677,0.37205,0.62169,0.74189,0.60513,0.33384,0.40061,0.20982,0.58703,0.33005,0.21792,0.55414,0.55803,0.26255
0.39892,0.43856,0.44812,0.10843,0.58678,0.29933,0.47689,0.32583,0.61102,1,0.3594,0.4804,0.31868,0.29511,0.42419,0.30092,0.10307,0.43909,0.20717,0.090011,0.26958,0.54745,0.57953,0.072035,0.38661,0.34717,0.66294,0.4297,0.14467,0.50096,0.33443,0.20713,0.052979,0.18591,0.55367,0.14173,0.34747,0.30531,0.14741,0.17224,0.58898,0.38288,0.42567,0.31114,0.13988,0.044405,0.62441,0.2682,0.28159,0.52983,0.28661,0.56891,0.1367,0.33364,0.34089,0.68996,0.41474,0.23956,0.6508,-0.20916,0.5413,0.40116,0.41701,0.35984,0.34577,0.30916,0.2693,0.43618,0.28771,0.28809,0.57359,0.36418,0.40618,0.46002,0.60261,0.48175,0.1992,0.51618,0.41629,0.6155,0.052324,0.43228,0.3937,0.58331,0.32558
0.046511,0.70332,0.69073,0.35578,0.33349,0.13847,0.087604,0.14876,0.53284,0.3594,1,0.48163,0.72555,0.42531,0.40399,0.27643,0.29726,0.38964,0.74833,0.23427,0.2971,0.70048,0.060161,0.21994,0.006769,0.28292,0.037779,0.40332,0.080867,0.29141,0.63858,0.38051,0.56552,0.49773,0.013518,0.40868,0.30803,0.58218,0.66067,0.068398,0.49386,0.2178,0.34528,0.49974,0.39098,-0.034251,0.49425,0.42261,0.060776,0.32355,0.13406,0.27368,0.34179,0.27607,0.3012,0.53261,0.32731,0.62934,0.2847,0.28063,0.1045,0.35547,0.33073,0.51648,0.50685,0.57584,0.050787,-0.053553,0.104,0.020395,0.54945,0.40862,0.28401,0.47095,0.54649,0.51851,0.47452,0.32079,-0.24241,0.33782,0.50825,0.29361,0.28351,0.48037,0.29683
0.40436,0.28022,0.45975,0.38745,0.58324,0.33906,0.37357,0.11696,0.42351,0.4804,0.48163,1,0.4473,0.31327,0.59889,0.47646,0.24785,0.3186,0.18388,0.15085,0.057939,0.59627,0.44957,-0.017545,-0.16729,0.30238,0.46262,0.89404,0.29095,0.63605,0.44444,0.43056,0.21494,0.49727,-0.22338,0.7063,0.091227,0.36132,0.36233,0.45407,0.82351,0.32372,0.33733,0.31216,0.26604,0.061277,0.42697,0.53631,0.31642,0.24964,0.060363,0.34624,0.34736,0.49669,0.49966,0.55807,0.35721,0.39471,0.53266,0.23998,0.16105,0.73535,0.46058,0.51781,0.51313,0.26449,0.42268,-0.27728,0.18434,0.038224,0.38143,0.28637,0.36079,0.056754,0.58618,0.42029,0.1972,0.42147,0.078345,0.46583,0.33064,0.3741,0.53265,0.24094,0.26883
0.24313,0.50766,0.72683,0.6895,0.56745,0.22969,0.41795,0.33265,0.47405,0.31868,0.72555,0.4473,1,0.29296,0.50944,0.18139,0.38572,0.32015,0.5066,0.53416,0.30535,0.49356,0.35123,0.32675,0.26665,0.34788,0.089732,0.46545,0.0151,0.52815,0.521,0.59829,0.71454,0.73513,0.043332,0.53886,0.337,0.72483,0.82521,0.23696,0.5273,0.25884,0.61,0.45561,0.53678,0.19552,0.27498,0.50268,0.34995,0.30051,0.3485,0.37184,0.50147,0.47491,0.42398,0.47464,0.16435,0.90952,0.28234,0.63894,0.29342,0.53637,0.32663,0.53022,0.52442,0.37702,0.19721,-0.006776,-0.026091,0.014178,0.28649,0.50073,0.31718,0.44492,0.51943,0.30933,0.54367,0.24074,-0.1028,0.24995,0.49141,0.43131,0.44341,0.36709,0.46315
0.37833,0.52501,0.45681,0.42537,0.51265,0.0051023,0.30872,0.43709,0.62462,0.29511,0.42531,0.31327,0.29296,1,0.47678,0.50724,0.061032,0.11833,0.30797,0.42689,0.0084729,0.55398,0.12904,0.26534,0.13424,0.20192,0.10502,0.36134,0.18116,0.6071,0.38747,0.37945,0.29895,0.46117,-0.19466,0.20605,0.43533,0.50898,0.33294,0.13092,0.43833,0.33291,0.46941,0.44799,0.25424,0.40499,0.43777,0.3928,0.17633,0.44639,-0.11187,0.41828,0.28496,0.28964,0.22714,0.039741,0.19362,0.25999,0.5569,0.13234,0.026736,0.54185,0.3462,0.41969,0.42275,0.45806,0.085997,-0.19724,0.42091,-0.11007,0.5249,0.6174,0.29602,0.71763,0.60962,0.19659,0.30686,0.54153,0.26149,0.49634,0.18531,0.22089,0.37044,0.26737,-0.008179
0.22552,0.35344,0.64614,0.67976,0.69832,0.15401,0.57777,0.30871,0.54059,0.42419,0.40399,0.59889,0.50944,0.47678,1,0.46263,0.39381,0.26464,0.33549,0.25997,1.2388e-05,0.55501,0.40153,-0.16517,0.15601,0.33353,0.42359,0.52556,0.17791,0.576,0.43907,0.28774,0.25347,0.49074,-0.11768,0.60104,0.22617,0.57691,0.36975,0.2154,0.60287,0.15837,0.31867,0.25012,0.28021,0.15379,0.27539,0.34807,0.3698,0.10881,0.20463,0.38969,0.2775,0.84726,0.77711,0.47761,0.36169,0.37436,0.3829,0.11761,0.29771,0.69584,0.483,0.51569,0.51791,0.32442,0.60455,-0.072736,0.27825,-0.093535,0.41014,0.46781,0.42116,0.31639,0.52374,0.40281,0.37111,0.18228,0.15723,0.38472,0.089669,0.42547,0.41557,0.17186,0.11438
0.45999,0.22987,0.42278,0.37254,0.43315,0.1675,0.19623,0.20134,0.3987,0.30092,0.27643,0.47646,0.18139,0.50724,0.46263,1,0.36111,0.31724,0.31832,0.32353,-0.0056208,0.39378,0.38737,0.0023786,0.017603,-0.013961,0.035981,0.37987,0.36199,0.45563,0.24829,0.1067,0.18146,0.04415,-0.053677,0.52095,0.0020582,0.48418,0.1867,0.12165,0.46327,0.19078,0.34566,0.36878,-0.0079345,0.043021,0.38399,0.35849,0.34513,0.0017454,0.14769,0.13288,0.34548,0.4325,0.44458,0.35164,0.13787,0.20516,0.50716,0.037901,0.066964,0.67685,0.23074,0.38222,0.39588,0.18093,0.22575,-0.14295,-0.050071,-0.017129,0.29546,0.28772,0.20389,0.12399,0.6472,0.33249,0.42237,0.14072,0.28845,0.45697,0.31279,0.1789,0.18038,0.2231,0.26827
0.1516,0.23251,0.53601,0.34571,0.39946,0.16001,0.036543,-0.0096309,0.39785,0.10307,0.29726,0.24785,0.38572,0.061032,0.39381,0.36111,1,0.3527,0.32078,-0.015089,-0.41489,0.13319,-0.095825,-0.12705,-0.091967,0.16004,-0.12472,0.34681,0.1889,0.1193,0.21103,0.37857,0.26918,0.2054,0.04344,0.56085,0.2103,0.49902,0.30847,-0.056677,0.37942,-0.052218,0.24915,0.11072,0.281,0.053201,0.077631,0.19959,0.68311,-0.025766,-0.044971,-0.13373,0.24625,0.41532,0.43293,0.18337,-0.01339,0.39399,0.13179,0.32191,-0.002786,0.3419,-0.14348,0.33234,0.33785,-0.038268,0.26683,0.019249,-0.30677,-0.21407,0.15118,-0.024809,-0.090383,0.014154,0.27113,0.48903,0.29271,-0.25763,-0.3127,0.027225,0.56279,0.34595,0.085298,0.29087,0.23222
0.14232,0.50546,0.567,-0.033249,0.40851,0.40924,0.26661,0.25313,0.37428,0.43909,0.38964,0.3186,0.32015,0.11833,0.26464,0.31724,0.3527,1,0.56032,0.042566,0.081808,0.1207,0.010078,0.11115,0.11481,0.26042,0.26043,0.34693,-0.15214,0.14649,0.21431,0.0006887,-0.13023,0.28996,0.21984,0.44881,0.41361,0.4632,0.10043,-0.16177,0.57555,0.18865,-0.045946,0.13668,0.11517,0.17179,0.77787,-0.065339,0.073442,0.13896,0.15578,0.30269,0.047481,0.11484,0.050021,0.32656,0.31947,0.21924,0.049094,-0.038523,0.21141,0.20917,0.012931,0.31542,0.30149,0.22422,0.5058,0.36244,-0.13035,0.21137,0.50398,0.019498,0.62533,0.067194,0.43598,0.48587,0.29561,0.040999,-0.24651,0.43619,0.07577,0.28823,0.17156,0.64246,0.09041
0.0075978,0.65485,0.64338,0.28379,0.11331,0.28686,-0.062166,0.38108,0.45606,0.20717,0.74833,0.18388,0.5066,0.30797,0.33549,0.31832,0.32078,0.56032,1,0.16707,0.33043,0.46396,-0.20413,0.31238,-0.032987,0.074041,-0.23118,0.14017,-0.28029,0.038912,0.56295,-0.023039,0.20207,0.33903,0.048657,0.31954,0.33817,0.64634,0.46843,-0.24736,0.26512,0.26311,0.12878,0.29743,0.099119,-0.15507,0.5964,-0.096341,0.12067,0.18747,-0.044075,0.19794,0.38832,0.26375,0.13176,0.236,0.29433,0.45567,0.093333,0.17144,0.26252,0.20369,0.041258,0.57031,0.56899,0.61885,0.16317,0.01715,0.042132,0.29688,0.53166,0.31948,0.44578,0.36564,0.53138,0.46049,0.36218,0.15194,-0.36913,0.38774,0.33526,0.082639,0.10277,0.36106,0.13835
0.46051,0.2345,0.44332,0.62248,0.3739,0.17272,0.31925,0.44884,0.30521,0.090011,0.23427,0.15085,0.53416,0.42689,0.25997,0.32353,-0.015089,0.042566,0.16707,1,0.44078,0.30738,0.3159,0.42045,0.25868,-0.05674,-0.1319,0.21837,0.19875,0.39611,0.27441,0.2772,0.54171,0.50919,-0.11557,0.21065,0.2869,0.48799,0.66811,0.36957,0.22512,0.42588,0.60235,0.40596,0.34419,0.29909,0.19162,0.29031,0.1177,0.25884,0.36085,0.16251,0.54646,0.25613,0.052367,0.246,0.076361,0.65573,0.33408,0.53576,0.16155,0.4499,0.30314,0.35818,0.34926,0.33168,0.12633,-0.30644,0.31539,0.24118,-0.005181,0.2264,0.14805,0.5553,0.4544,-0.1628,0.2932,0.28211,0.15023,0.097833,0.30009,0.33798,0.45065,0.20397,0.21183
0.11731,0.20905,0.078632,0.20288,0.032237,0.4612,0.23982,0.24814,0.15979,0.26958,0.2971,0.057939,0.30535,0.0084729,1.2388e-05,-0.0056208,-0.41489,0.081808,0.33043,0.44078,1,0.17333,0.29367,0.46066,0.29422,-0.11887,0.056206,-0.098898,0.027755,0.024191,0.19674,-0.014762,0.2394,0.18676,0.19231,-0.041473,0.02105,0.010738,0.27898,0.26641,-0.079859,0.54282,0.24888,0.2515,0.17288,-0.3297,0.20404,0.1522,-0.25555,0.30528,0.37587,0.36058,0.30033,-0.1294,-0.26897,0.27723,0.34243,0.25807,0.15018,-0.012018,0.48603,0.010812,0.20418,0.094077,0.089174,0.57519,-0.1155,0.032779,0.33016,0.59098,0.08307,0.11003,0.371,0.25379,0.24967,-0.21121,0.16187,0.37412,0.21491,0.13915,-0.012382,-0.23572,0.15723,0.30107,0.33102
0.36943,0.52047,0.48916,0.43587,0.38106,0.014683,0.16574,0.31534,0.57623,0.54745,0.70048,0.59627,0.49356,0.55398,0.55501,0.39378,0.13319,0.1207,0.46396,0.30738,0.17333,1,0.28034,0.076836,0.068304,0.35288,0.31277,0.53104,0.1885,0.41983,0.54036,0.29111,0.45207,0.43539,0.0039866,0.19608,0.37573,0.61135,0.57473,0.27457,0.50456,0.30215,0.48308,0.37363,0.28227,0.059205,0.48831,0.35186,0.2294,0.35922,0.13037,0.40835,0.26635,0.57356,0.54909,0.60778,0.24741,0.492,0.51466,0.092897,0.21127,0.56961,0.6214,0.62527,0.62761,0.57288,0.10006,-0.17542,0.36304,0.099459,0.58859,0.49483,0.24931,0.55654,0.62942,0.49127,0.20947,0.52418,0.19592,0.46294,0.28124,0.54908,0.41377,0.29399,0.26205
0.39384,0.053941,0.17386,0.46163,0.53791,0.16626,0.65,0.057705,0.20796,0.57953,0.060161,0.44957,0.35123,0.12904,0.40153,0.38737,-0.095825,0.010078,-0.20413,0.3159,0.29367,0.28034,1,0.067227,0.57525,0.14364,0.52678,0.31954,0.33915,0.58632,0.22087,0.31424,0.32146,0.14847,0.27737,0.17864,-0.010244,0.16739,0.22006,0.4963,0.46634,0.19168,0.50662,0.40453,0.22748,0.1116,0.076542,0.55753,0.20285,0.13632,0.52314,0.42218,0.089081,0.39559,0.46999,0.58229,0.21804,0.32373,0.45889,0.044937,0.33871,0.49835,0.55261,0.1544,0.15661,-0.027256,0.08375,0.091271,0.051136,0.041602,0.092716,0.38274,0.21446,0.16708,0.37568,0.034489,0.35362,0.32649,0.64884,0.27753,0.037009,0.31343,0.3406,0.19807,0.47579
0.29117,0.24588,0.1394,0.26006,-0.040888,0.31402,0.15649,0.46452,0.30978,0.072035,0.21994,-0.017545,0.32675,0.26534,-0.16517,0.0023786,-0.12705,0.11115,0.31238,0.42045,0.46066,0.076836,0.067227,1,0.32858,-0.20846,-0.22973,-0.021698,-0.31213,0.067154,0.25939,0.2768,0.12703,0.41915,0.23378,-0.066528,0.189,0.20558,0.30008,0.14425,0.11001,0.45568,0.30337,0.24687,0.15534,0.18611,0.37466,0.04008,0.06587,0.22233,-0.24542,0.45628,0.31415,-0.068047,-0.24348,-0.15059,-0.03748,0.37023,0.073309,0.25319,0.29311,0.15351,0.14955,0.13703,0.13716,0.38026,-0.44581,-0.20366,0.018034,0.55362,0.14048,0.22481,0.47835,0.37491,0.44242,-0.20462,0.0076772,0.56098,0.15349,0.21378,0.12501,-0.11138,0.24886,0.09846,0.21038
0.11145,0.28199,0.13327,0.33964,0.31827,0.16965,0.61448,0.098833,0.33341,0.38661,0.006769,-0.16729,0.26665,0.13424,0.15601,0.017603,-0.091967,0.11481,-0.032987,0.25868,0.29422,0.068304,0.57525,0.32858,1,0.26248,0.28172,-0.18959,0.0086776,0.16725,0.14309,0.23554,0.27881,0.10021,0.57259,-0.23728,0.34359,0.21062,0.10763,0.09774,0.11064,0.13121,0.31715,0.36265,0.32362,0.32042,0.1225,0.2328,0.08128,0.024683,0.47175,0.4987,-0.33757,0.13109,0.14975,0.2193,0.017978,0.20665,0.008127,-0.1763,0.27526,0.010399,0.33252,0.039589,0.053442,0.058009,-0.17321,0.30609,-0.013545,0.10302,0.15273,0.31234,0.29991,0.3653,0.21364,0.056446,0.34097,0.12874,0.52589,0.075205,-0.11998,0.16233,0.17172,0.34978,0.22561
0.24548,0.54444,0.29023,0.18234,0.58513,0.24854,0.19458,0.17264,0.4907,0.34717,0.28292,0.30238,0.34788,0.20192,0.33353,-0.013961,0.16004,0.26042,0.074041,-0.05674,-0.11887,0.35288,0.14364,-0.20846,0.26248,1,0.43448,0.32291,0.21817,0.465,0.26852,0.49938,0.25677,0.37277,0.23439,0.21947,0.41612,0.30135,0.17762,0.07509,0.34372,0.068424,0.32119,0.37503,0.20449,0.33426,0.26086,0.36743,0.27359,0.34952,0.32224,0.25967,-0.13786,0.23638,0.26502,0.28395,0.18678,0.15421,0.28596,0.050461,0.30558,0.19724,0.15765,0.47906,0.47794,0.19283,0.30936,0.37507,0.16462,-0.083528,0.58595,0.45129,0.14623,0.18692,0.26573,0.55727,0.48096,-0.15253,0.016807,0.46173,0.060643,0.28808,0.30366,0.31717,0.071608
0.16171,0.061117,0.012941,-0.032334,0.4731,0.13026,0.61579,0.089782,0.24723,0.66294,0.037779,0.46262,0.089732,0.10502,0.42359,0.035981,-0.12472,0.26043,-0.23118,-0.1319,0.056206,0.31277,0.52678,-0.22973,0.28172,0.43448,1,0.35813,0.18223,0.38883,-0.1616,0.19235,-0.14356,0.16558,0.26946,0.087512,0.055626,-0.019478,-0.20836,0.39558,0.41198,0.17804,0.059963,-0.018764,0.086106,0.084568,0.27091,0.28207,0.040925,0.20861,0.38152,0.56391,-0.23071,0.34762,0.40298,0.42098,0.16064,-0.093183,0.22087,-0.40788,0.38043,0.30794,0.40115,-0.059999,-0.076541,0.16728,0.37619,0.43997,0.2556,-0.042104,0.32603,0.1547,0.42123,0.022046,0.1279,0.14213,-0.053762,0.34686,0.52858,0.31354,-0.46441,0.32081,0.25016,0.2694,0.10985
0.52304,0.29683,0.52672,0.39173,0.63065,0.29154,0.38285,0.15836,0.47985,0.4297,0.40332,0.89404,0.46545,0.36134,0.52556,0.37987,0.34681,0.34693,0.14017,0.21837,-0.098898,0.53104,0.31954,-0.021698,-0.18959,0.32291,0.35813,1,0.21656,0.61386,0.44291,0.5189,0.28902,0.59613,-0.26217,0.6975,0.25816,0.43775,0.43748,0.42855,0.84513,0.33332,0.42698,0.24935,0.3696,0.33813,0.40488,0.47117,0.43262,0.30303,0.021802,0.34262,0.33224,0.43153,0.43564,0.46039,0.31857,0.44869,0.52929,0.42127,0.07745,0.62172,0.38646,0.53317,0.52568,0.18085,0.4331,-0.26291,0.19359,0.023559,0.41386,0.32206,0.26603,0.14733,0.53908,0.47799,0.10275,0.41744,-0.018632,0.43265,0.43692,0.47173,0.6196,0.35441,0.34679
0.39456,0.10481,0.0059573,0.2624,0.48077,0.11163,0.010265,-0.28554,0.15279,0.14467,0.080867,0.29095,0.0151,0.18116,0.17791,0.36199,0.1889,-0.15214,-0.28029,0.19875,0.027755,0.1885,0.33915,-0.31213,0.0086776,0.21817,0.18223,0.21656,1,0.25454,0.10347,0.42685,0.4439,0.062094,-0.1081,0.15571,0.10306,-0.059105,0.20921,0.53723,0.20943,0.093233,0.41293,0.38181,0.34652,-0.043602,-0.1803,0.67767,0.080993,0.30966,0.29639,-0.19497,0.089595,-0.005272,0.08715,0.34195,0.38108,0.050511,0.45843,0.062108,-0.030216,0.27784,0.25332,0.11259,0.11214,-0.0021889,0.0049373,-0.12454,0.20728,-0.18081,0.12086,-0.089116,-0.34592,0.081555,0.10717,-0.032173,0.44507,-0.10216,0.17896,0.046909,0.33753,0.24269,0.090711,0.33494,0.30624
0.46046,0.39639,0.50473,0.52121,0.78948,0.25809,0.49523,0.40874,0.51805,0.50096,0.29141,0.63605,0.52815,0.6071,0.576,0.45563,0.1193,0.14649,0.038912,0.39611,0.024191,0.41983,0.58632,0.067154,0.16725,0.465,0.38883,0.61386,0.25454,1,0.39843,0.55479,0.30651,0.50134,-0.065365,0.50048,0.23573,0.44753,0.37314,0.31841,0.65645,0.3366,0.65087,0.56597,0.18671,0.29017,0.3046,0.58727,0.46041,0.52653,0.20516,0.33943,0.47734,0.45109,0.40086,0.30592,0.21201,0.46698,0.74937,0.39002,0.31597,0.74322,0.26413,0.54688,0.53669,0.19955,0.43355,0.016015,0.30947,-0.13204,0.35064,0.66839,0.22012,0.45272,0.60329,0.25437,0.47689,0.35633,0.27776,0.57796,0.25392,0.3197,0.54165,0.16014,0.13044
0.28376,0.73821,0.68767,0.57082,0.43344,0.28457,0.051714,0.21185,0.5554,0.33443,0.63858,0.44444,0.521,0.38747,0.43907,0.24829,0.21103,0.21431,0.56295,0.27441,0.19674,0.54036,0.22087,0.25939,0.14309,0.26852,-0.1616,0.44291,0.10347,0.39843,1,0.34792,0.45387,0.48697,0.0086857,0.3136,0.4879,0.4956,0.68221,0.09888,0.59757,0.23399,0.48577,0.6885,0.33298,0.16459,0.43333,0.29116,0.22124,0.4089,-0.066054,0.12025,0.36106,0.30206,0.22741,0.46659,0.60882,0.56515,0.48704,0.44192,0.188,0.303,0.39281,0.80484,0.79937,0.32823,0.095288,-0.29201,0.29753,0.2669,0.58524,0.52112,0.17401,0.56266,0.62985,0.51001,0.53328,0.23211,-0.26437,0.45918,0.62418,0.32788,0.44541,0.34115,0.21021
0.45682,0.39593,0.34603,0.56497,0.63522,0.34368,0.37044,0.076726,0.57829,0.20713,0.38051,0.43056,0.59829,0.37945,0.28774,0.1067,0.37857,0.0006887,-0.023039,0.2772,-0.014762,0.29111,0.31424,0.2768,0.23554,0.49938,0.19235,0.5189,0.42685,0.55479,0.34792,1,0.64006,0.66901,0.060742,0.37253,0.25391,0.30307,0.49203,0.56333,0.47399,0.36236,0.6764,0.53766,0.52771,0.40598,0.016007,0.76939,0.52103,0.43152,0.12861,0.32697,0.25379,0.22513,0.26044,0.14818,0.12091,0.51453,0.40243,0.52059,0.23267,0.40343,0.22018,0.33521,0.326,0.23176,-0.087605,-0.04959,0.12548,-0.078113,0.35512,0.42231,0.032511,0.31968,0.3793,0.16629,0.41654,0.24003,0.1262,0.25097,0.47484,0.24622,0.51947,0.33616,0.48097
0.28521,0.38003,0.40184,0.678,0.41743,0.0021034,0.19626,-0.048136,0.32005,0.052979,0.56552,0.21494,0.71454,0.29895,0.25347,0.18146,0.26918,-0.13023,0.20207,0.54171,0.2394,0.45207,0.32146,0.12703,0.27881,0.25677,-0.14356,0.28902,0.4439,0.30651,0.45387,0.64006,1,0.47204,-0.11105,0.2535,0.30483,0.47697,0.81938,0.38894,0.24426,0.10917,0.69864,0.526,0.69959,0.19966,-0.14261,0.70924,0.20771,0.2194,0.42567,0.093885,0.25073,0.19299,0.27215,0.39427,0.13316,0.72458,0.2649,0.58624,-0.054853,0.27543,0.37052,0.35177,0.36301,0.22688,-0.19884,-0.24271,0.019719,-0.18106,0.13736,0.39196,-0.18738,0.42583,0.2509,0.16622,0.55125,0.092762,0.0062804,-0.05325,0.64516,0.33437,0.26212,0.37962,0.58112
0.43512,0.44487,0.57845,0.64236,0.58441,0.32944,0.38084,0.3879,0.47655,0.18591,0.49773,0.49727,0.73513,0.46117,0.49074,0.04415,0.2054,0.28996,0.33903,0.50919,0.18676,0.43539,0.14847,0.41915,0.10021,0.37277,0.16558,0.59613,0.062094,0.50134,0.48697,0.66901,0.47204,1,-0.18905,0.43571,0.48832,0.61379,0.69718,0.39628,0.58426,0.46674,0.46745,0.3158,0.46889,0.49172,0.36875,0.36675,0.2458,0.449,-0.035538,0.48156,0.44616,0.37555,0.23163,0.17642,0.37268,0.65182,0.27923,0.61806,0.29174,0.53713,0.424,0.56179,0.54913,0.39761,0.22823,-0.20613,0.23526,0.18546,0.44701,0.38749,0.47532,0.44046,0.5409,0.077515,0.3435,0.38282,-0.12713,0.41051,0.3116,0.46389,0.66278,0.28382,0.29377
0.11977,0.19268,0.091734,-0.17868,0.063869,0.22439,0.15442,0.16789,0.35469,0.55367,0.013518,-0.22338,0.043332,-0.19466,-0.11768,-0.053677,0.04344,0.21984,0.048657,-0.11557,0.19231,0.0039866,0.27737,0.23378,0.57259,0.23439,0.26946,-0.26217,-0.1081,-0.065365,0.0086857,0.060742,-0.11105,-0.18905,1,-0.27559,0.0065897,-0.044292,-0.18287,-0.11489,-0.044756,0.13926,0.12757,0.14922,-0.20658,0.036805,0.28952,-0.081834,0.18079,0.11131,0.26648,0.32272,-0.16308,0.031228,0.070984,0.31813,-0.00016759,-0.052018,0.11386,-0.35575,0.56318,-0.16832,0.026093,-0.045916,-0.060774,0.059118,-0.2047,0.70628,-0.082905,0.43476,0.29803,0.098888,0.17681,0.14235,0.23196,0.26834,0.10661,0.02398,0.36344,0.30673,-0.15222,0.032181,0.077074,0.28128,0.26439
0.28816,0.21488,0.59798,0.43917,0.58507,0.30628,0.33806,0.1871,0.36457,0.14173,0.40868,0.7063,0.53886,0.20605,0.60104,0.52095,0.56085,0.44881,0.31954,0.21065,-0.041473,0.19608,0.17864,-0.066528,-0.23728,0.21947,0.087512,0.6975,0.15571,0.50048,0.3136,0.37253,0.2535,0.43571,-0.27559,1,-0.025077,0.41758,0.34501,0.14548,0.6327,0.079191,0.26048,0.16773,0.29013,0.11427,0.24836,0.45342,0.37981,-0.020897,0.11805,0.15468,0.44291,0.4631,0.45428,0.35912,0.20907,0.4057,0.31398,0.41907,0.068927,0.62869,0.12149,0.38361,0.38858,0.12482,0.53422,-0.18466,-0.12867,-0.071654,0.19164,0.25186,0.31683,-0.11882,0.44817,0.45818,0.35281,0.0046512,-0.18291,0.28867,0.41144,0.12053,0.29887,0.2195,0.2806
0.3416,0.66564,0.4291,0.31469,0.50139,0.13731,0.12742,0.31083,0.44074,0.34747,0.30803,0.091227,0.337,0.43533,0.22617,0.0020582,0.2103,0.41361,0.33817,0.2869,0.02105,0.37573,-0.010244,0.189,0.34359,0.41612,0.055626,0.25816,0.10306,0.23573,0.4879,0.25391,0.30483,0.48832,0.0065897,-0.025077,1,0.55537,0.50227,-0.00086623,0.45288,0.15967,0.41029,0.33511,0.56774,0.37737,0.48016,0.096535,0.13387,0.54612,-0.0031696,0.20113,0.0027778,0.043871,-0.082927,0.17002,0.39781,0.41095,0.28196,0.20938,0.043901,0.15421,0.26822,0.56592,0.57389,0.23129,0.17001,-0.024948,0.23787,0.070912,0.50901,0.24704,0.2213,0.65461,0.34895,0.31094,0.35005,0.19327,-0.18799,0.26589,0.29969,0.57355,0.20566,0.61833,0.017503
0.31943,0.51189,0.77709,0.61983,0.49915,0.1366,0.25596,0.38549,0.50251,0.30531,0.58218,0.36132,0.72483,0.50898,0.57691,0.48418,0.49902,0.4632,0.64634,0.48799,0.010738,0.61135,0.16739,0.20558,0.21062,0.30135,-0.019478,0.43775,-0.059105,0.44753,0.4956,0.30307,0.47697,0.61379,-0.044292,0.41758,0.55537,1,0.70314,-0.063994,0.52907,0.2574,0.44487,0.33455,0.29446,0.33826,0.50022,0.15234,0.4366,0.20264,0.10422,0.31794,0.39631,0.57102,0.48448,0.33215,0.15088,0.72524,0.28831,0.44784,0.14499,0.61919,0.30893,0.72468,0.73478,0.29823,0.31979,-0.064598,-0.064611,-0.01593,0.42085,0.43104,0.3509,0.49442,0.68434,0.43188,0.50273,0.15556,-0.1117,0.42505,0.4536,0.6158,0.445,0.32377,0.23702
0.37485,0.49849,0.64212,0.736,0.43655,0.098117,0.090608,0.25146,0.35392,0.14741,0.66067,0.36233,0.82521,0.33294,0.36975,0.1867,0.30847,0.10043,0.46843,0.66811,0.27898,0.57473,0.22006,0.30008,0.10763,0.17762,-0.20836,0.43748,0.20921,0.37314,0.68221,0.49203,0.81938,0.69718,-0.18287,0.34501,0.50227,0.70314,1,0.2959,0.45176,0.23161,0.67572,0.49842,0.59436,0.19441,0.19293,0.42589,0.24149,0.37993,0.17842,0.088153,0.55548,0.34231,0.25125,0.44995,0.31471,0.91089,0.35979,0.7629,0.08611,0.45501,0.41776,0.6597,0.65896,0.32198,0.043779,-0.36334,0.11845,0.08748,0.2517,0.36943,0.043098,0.5676,0.48389,0.19964,0.50827,0.22026,-0.24802,0.15421,0.69482,0.55732,0.41051,0.33278,0.42644
0.51383,0.080879,-0.083149,0.46984,0.38611,0.29776,0.36852,0.085327,0.21937,0.17224,0.068398,0.45407,0.23696,0.13092,0.2154,0.12165,-0.056677,-0.16177,-0.24736,0.36957,0.26641,0.27457,0.4963,0.14425,0.09774,0.07509,0.39558,0.42855,0.53723,0.31841,0.09888,0.56333,0.38894,0.39628,-0.11489,0.14548,-0.00086623,-0.063994,0.2959,1,0.32337,0.40196,0.53386,0.347,0.4153,0.019016,-0.10606,0.59911,0.21519,0.29972,0.34562,0.20373,0.21973,0.25515,0.17893,0.24113,0.13605,0.30247,0.28492,0.26128,0.31344,0.3217,0.35825,0.06545,0.043685,0.36154,-0.023273,-0.23546,0.42591,0.15114,0.12932,0.13524,0.041965,0.11885,0.092174,-0.24649,0.0057516,0.40447,0.37805,0.0057251,0.05391,0.19953,0.29048,0.19824,0.45829
0.47433,0.52109,0.66768,0.43562,0.75531,0.2718,0.46836,0.22197,0.54438,0.58898,0.49386,0.82351,0.5273,0.43833,0.60287,0.46327,0.37942,0.57555,0.26512,0.22512,-0.079859,0.50456,0.46634,0.11001,0.11064,0.34372,0.41198,0.84513,0.20943,0.65645,0.59757,0.47399,0.24426,0.58426,-0.044756,0.6327,0.45288,0.52907,0.45176,0.32337,1,0.21422,0.42396,0.43756,0.42278,0.37697,0.61578,0.4735,0.33135,0.33863,0.052186,0.38765,0.24659,0.46192,0.45447,0.57057,0.45603,0.504,0.52952,0.3089,0.12231,0.66389,0.49564,0.57339,0.56362,0.14886,0.4332,-0.12943,0.10558,0.023081,0.54783,0.37577,0.45058,0.31402,0.658,0.52036,0.36224,0.40678,-0.0035019,0.52449,0.38843,0.59925,0.52166,0.50441,0.2664
0.35414,0.30386,0.30023,0.28679,0.27173,0.78217,0.31924,0.27646,0.5511,0.38288,0.2178,0.32372,0.25884,0.33291,0.15837,0.19078,-0.052218,0.18865,0.26311,0.42588,0.54282,0.30215,0.19168,0.45568,0.13121,0.068424,0.17804,0.33332,0.093233,0.3366,0.23399,0.36236,0.10917,0.46674,0.13926,0.079191,0.15967,0.2574,0.23161,0.40196,0.21422,1,0.36209,0.39831,-0.025377,0.030876,0.38777,0.1226,0.34456,0.54328,0.069941,0.41882,0.45484,0.063122,-0.13563,0.038188,0.27423,0.28536,0.38988,0.16475,0.57631,0.24823,-0.0030186,0.40798,0.37984,0.60301,0.1379,0.034311,0.55838,0.54078,0.32649,0.12403,0.3146,0.37876,0.55446,-0.077452,0.053396,0.47415,0.1943,0.43948,0.1818,0.0037303,0.70623,0.30398,0.20942
0.71332,0.48647,0.39628,0.68646,0.66061,0.24727,0.29386,0.46716,0.59874,0.42567,0.34528,0.33733,0.61,0.46941,0.31867,0.34566,0.24915,-0.045946,0.12878,0.60235,0.24888,0.48308,0.50662,0.30337,0.31715,0.32119,0.059963,0.42698,0.41293,0.65087,0.48577,0.6764,0.69864,0.46745,0.12757,0.26048,0.41029,0.44487,0.67572,0.53386,0.42396,0.36209,1,0.63614,0.52673,0.18702,0.12788,0.65872,0.56557,0.60479,0.33586,0.23676,0.5262,0.33855,0.25072,0.37505,0.16408,0.68018,0.72648,0.54623,0.39835,0.50807,0.30175,0.52582,0.52483,0.37618,-0.030304,-0.083638,0.30897,0.14029,0.34592,0.62147,-0.028877,0.62988,0.51094,0.20411,0.44602,0.38064,0.29366,0.32909,0.51262,0.34266,0.3465,0.40101,0.55729
0.25953,0.75852,0.48825,0.52,0.50737,0.45113,0.17782,0.12825,0.58702,0.31114,0.49974,0.31216,0.45561,0.44799,0.25012,0.36878,0.11072,0.13668,0.29743,0.40596,0.2515,0.37363,0.40453,0.24687,0.36265,0.37503,-0.018764,0.24935,0.38181,0.56597,0.6885,0.53766,0.526,0.3158,0.14922,0.16773,0.33511,0.33455,0.49842,0.347,0.43756,0.39831,0.63614,1,0.26316,0.094698,0.27381,0.54838,0.30797,0.49186,0.32956,0.020065,0.30061,0.13586,0.070531,0.30601,0.2971,0.5251,0.49678,0.3589,0.26217,0.25611,0.09852,0.60083,0.57823,0.40406,0.049196,-0.034905,0.39505,0.063542,0.45386,0.49684,-0.024051,0.57343,0.50757,0.28116,0.67289,0.13109,0.01766,0.3454,0.51288,0.15953,0.39713,0.39564,0.1562
0.27086,0.3767,0.25484,0.53044,0.50566,0.022645,0.40145,0.02167,0.29711,0.13988,0.39098,0.26604,0.53678,0.25424,0.28021,-0.0079345,0.281,0.11517,0.099119,0.34419,0.17288,0.28227,0.22748,0.15534,0.32362,0.20449,0.086106,0.3696,0.34652,0.18671,0.33298,0.52771,0.69959,0.46889,-0.20658,0.29013,0.56774,0.29446,0.59436,0.4153,0.42278,-0.025377,0.52673,0.26316,1,0.20249,-0.012886,0.63451,0.081994,0.21755,0.28229,0.2365,-0.02647,0.094222,0.1145,0.30311,0.20421,0.53764,0.13062,0.33872,-0.15667,0.20302,0.41266,0.15972,0.18205,0.19977,-0.063088,-0.30093,0.04302,-0.17633,0.13127,0.21866,0.094646,0.3508,0.074544,0.15944,0.27301,0.25699,-0.0072491,-0.20413,0.39694,0.32834,0.04123,0.59092,0.41183
0.37827,0.15223,0.31613,0.22507,0.38084,-0.10076,0.35411,0.13948,0.28936,0.044405,-0.034251,0.061277,0.19552,0.40499,0.15379,0.043021,0.053201,0.17179,-0.15507,0.29909,-0.3297,0.059205,0.1116,0.18611,0.32042,0.33426,0.084568,0.33813,-0.043602,0.29017,0.16459,0.40598,0.19966,0.49172,0.036805,0.11427,0.37737,0.33826,0.19441,0.019016,0.37697,0.030876,0.18702,0.094698,0.20249,1,0.23761,0.1339,0.089448,0.0090113,-0.057106,0.38662,-0.17121,0.12128,0.17517,-0.00403,0.058349,0.13127,0.086963,0.27075,-0.14339,0.16595,0.3556,0.1661,0.16755,-0.22403,0.025438,-0.031524,-0.048961,-0.038937,0.29343,0.30256,0.22866,0.25763,0.29876,0.17106,0.14433,0.10884,0.11207,0.29025,0.073641,0.40005,0.5121,0.16834,0.11063
0.35424,0.61569,0.57321,0.0048398,0.35526,0.34305,0.17722,0.51291,0.57222,0.62441,0.49425,0.42697,0.27498,0.43777,0.27539,0.38399,0.077631,0.77787,0.5964,0.19162,0.20404,0.48831,0.076542,0.37466,0.1225,0.26086,0.27091,0.40488,-0.1803,0.3046,0.43333,0.016007,-0.14261,0.36875,0.28952,0.24836,0.48016,0.50022,0.19293,-0.10606,0.61578,0.38777,0.12788,0.27381,-0.012886,0.23761,1,-0.067796,0.048901,0.37396,-0.071065,0.48928,0.196,0.19625,0.072153,0.39498,0.37981,0.22835,0.37463,-0.090045,0.3274,0.37597,0.2928,0.51894,0.50484,0.43951,0.29599,0.16753,0.17837,0.46209,0.70612,0.26161,0.69945,0.40779,0.74366,0.50181,0.19406,0.44581,-0.011401,0.72545,0.068939,0.34833,0.38007,0.50831,0.023501
0.39816,0.30851,0.22125,0.51636,0.65184,0.13968,0.41824,-0.061916,0.40053,0.2682,0.42261,0.53631,0.50268,0.3928,0.34807,0.35849,0.19959,-0.065339,-0.096341,0.29031,0.1522,0.35186,0.55753,0.04008,0.2328,0.36743,0.28207,0.47117,0.67767,0.58727,0.29116,0.76939,0.70924,0.36675,-0.081834,0.45342,0.096535,0.15234,0.42589,0.59911,0.4735,0.1226,0.65872,0.54838,0.63451,0.1339,-0.067796,1,0.22388,0.29714,0.38725,0.25258,0.16149,0.18294,0.31899,0.4056,0.19096,0.40661,0.49403,0.28994,0.031971,0.4837,0.4022,0.16897,0.17761,0.19049,-0.084748,-0.15153,0.084589,-0.26424,0.21621,0.42491,-0.018484,0.22029,0.29361,0.16959,0.51378,0.25469,0.31835,0.13671,0.41483,0.14511,0.22987,0.39065,0.52051
0.41467,0.21724,0.37338,0.48021,0.44919,0.41567,0.22408,0.28616,0.57003,0.28159,0.060776,0.31642,0.34995,0.17633,0.3698,0.34513,0.68311,0.073442,0.12067,0.1177,-0.25555,0.2294,0.20285,0.06587,0.08128,0.27359,0.040925,0.43262,0.080993,0.46041,0.22124,0.52103,0.20771,0.2458,0.18079,0.37981,0.13387,0.4366,0.24149,0.21519,0.33135,0.34456,0.56557,0.30797,0.081994,0.089448,0.048901,0.22388,1,0.22664,0.031314,0.085418,0.3989,0.52548,0.43474,0.05311,-0.16503,0.41276,0.41836,0.37962,0.39913,0.42959,-0.18043,0.48241,0.47989,0.1463,0.23656,0.068362,0.056955,0.024798,0.19619,0.32586,-0.080579,0.17848,0.40279,0.36864,0.13632,0.039504,0.10646,0.25299,0.41825,0.21453,0.36399,0.089567,0.27204
0.4512,0.56308,0.29345,0.17619,0.51712,0.37609,0.018368,0.40599,0.48258,0.52983,0.32355,0.24964,0.30051,0.44639,0.10881,0.0017454,-0.025766,0.13896,0.18747,0.25884,0.30528,0.35922,0.13632,0.22233,0.024683,0.34952,0.20861,0.30303,0.30966,0.52653,0.4089,0.43152,0.2194,0.449,0.11131,-0.020897,0.54612,0.20264,0.37993,0.29972,0.33863,0.54328,0.60479,0.49186,0.21755,0.0090113,0.37396,0.29714,0.22664,1,-0.013309,0.17077,0.49171,-0.079563,-0.22543,0.16178,0.50555,0.32873,0.71804,0.27448,0.47733,0.23759,0.065244,0.49028,0.46145,0.45154,0.13032,0.17759,0.58353,0.25853,0.52367,0.34924,0.05733,0.67134,0.41143,0.059743,0.30811,0.4306,-0.010178,0.52281,0.28376,0.25367,0.3461,0.45973,0.14866
0.070926,0.18686,0.13385,0.23814,0.35295,0.1674,0.46429,0.00043639,0.14221,0.28661,0.13406,0.060363,0.3485,-0.11187,0.20463,0.14769,-0.044971,0.15578,-0.044075,0.36085,0.37587,0.13037,0.52314,-0.24542,0.47175,0.32224,0.38152,0.021802,0.29639,0.20516,-0.066054,0.12861,0.42567,-0.035538,0.26648,0.11805,-0.0031696,0.10422,0.17842,0.34562,0.052186,0.069941,0.33586,0.32956,0.28229,-0.057106,-0.071065,0.38725,0.031314,-0.013309,1,0.10505,-0.091327,0.18486,0.21911,0.50192,-0.044402,0.28774,0.035455,-0.020424,0.25249,0.021667,0.10688,-0.01828,-0.02942,0.19907,0.25951,0.38727,0.12346,-0.073796,0.0047769,0.15999,-0.010434,0.0709,-0.047313,0.13333,0.32845,-0.14785,0.30939,-0.10764,-0.068001,0.13926,0.039332,0.39738,0.32872
0.35462,0.21687,0.24012,0.24851,0.38191,0.23115,0.71421,0.40137,0.51862,0.56891,0.27368,0.34624,0.37184,0.41828,0.38969,0.13288,-0.13373,0.30269,0.19794,0.16251,0.36058,0.40835,0.42218,0.45628,0.4987,0.25967,0.56391,0.34262,-0.19497,0.33943,0.12025,0.32697,0.093885,0.48156,0.32272,0.15468,0.20113,0.31794,0.088153,0.20373,0.38765,0.41882,0.23676,0.020065,0.2365,0.38662,0.48928,0.25258,0.085418,0.17077,0.10505,1,-0.051087,0.323,0.33044,0.25539,0.16506,0.14029,0.21899,-0.1817,0.43222,0.37304,0.56548,0.10367,0.11536,0.4007,-0.034678,0.19347,0.10459,0.32031,0.47455,0.49395,0.78895,0.27915,0.5193,0.18217,0.0089275,0.67701,0.58491,0.51299,-0.23788,0.11387,0.4414,0.32771,0.39999
0.39866,0.18909,0.47715,0.45343,0.29425,0.30414,-0.074374,0.51989,0.27359,0.1367,0.34179,0.34736,0.50147,0.28496,0.2775,0.34548,0.24625,0.047481,0.38832,0.54646,0.30033,0.26635,0.089081,0.31415,-0.33757,-0.13786,-0.23071,0.33224,0.089595,0.47734,0.36106,0.25379,0.25073,0.44616,-0.16308,0.44291,0.0027778,0.39631,0.55548,0.21973,0.24659,0.45484,0.5262,0.30061,-0.02647,-0.17121,0.196,0.16149,0.3989,0.49171,-0.091327,-0.051087,1,0.30397,0.083056,0.14274,0.21173,0.58056,0.56775,0.64896,0.41554,0.55981,-0.043374,0.49779,0.47457,0.37038,0.24364,-0.19944,0.25047,0.3012,0.092985,0.2509,0.054806,0.35305,0.51134,-0.062176,0.25126,0.25915,-0.16644,0.35765,0.45521,0.12216,0.338,-0.031908,0.21385
0.28993,0.1783,0.49261,0.64874,0.46233,0.01415,0.43305,0.42125,0.43629,0.33364,0.27607,0.49669,0.47491,0.28964,0.84726,0.4325,0.41532,0.11484,0.26375,0.25613,-0.1294,0.57356,0.39559,-0.068047,0.13109,0.23638,0.34762,0.43153,-0.005272,0.45109,0.30206,0.22513,0.19299,0.37555,0.031228,0.4631,0.043871,0.57102,0.34231,0.25515,0.46192,0.063122,0.33855,0.13586,0.094222,0.12128,0.19625,0.18294,0.52548,-0.079563,0.18486,0.323,0.30397,1,0.90502,0.43734,0.0020281,0.42107,0.26546,0.16246,0.36655,0.69138,0.44355,0.45006,0.45061,0.27082,0.43268,-0.078037,0.12371,-0.0045038,0.28612,0.44945,0.33021,0.20428,0.45996,0.35744,0.15507,0.16901,0.2552,0.29865,0.004796,0.475,0.32597,-0.090241,0.16752
0.19065,0.065584,0.42201,0.515,0.42615,-0.17774,0.4306,0.12457,0.33499,0.34089,0.3012,0.49966,0.42398,0.22714,0.77711,0.44458,0.43293,0.050021,0.13176,0.052367,-0.26897,0.54909,0.46999,-0.24348,0.14975,0.26502,0.40298,0.43564,0.08715,0.40086,0.22741,0.26044,0.27215,0.23163,0.070984,0.45428,-0.082927,0.48448,0.25125,0.17893,0.45447,-0.13563,0.25072,0.070531,0.1145,0.17517,0.072153,0.31899,0.43474,-0.22543,0.21911,0.33044,0.083056,0.90502,1,0.52311,-0.022978,0.3069,0.21993,0.056495,0.15795,0.61671,0.5151,0.28079,0.29073,0.045765,0.28164,-0.0024885,-0.10532,-0.23199,0.24863,0.43485,0.20111,0.054797,0.36502,0.44955,0.19351,0.098228,0.31703,0.24333,0.049336,0.46617,0.25756,-0.062251,0.29385
0.3221,0.33952,0.52225,0.27367,0.48822,0.059693,0.29018,0.065726,0.35652,0.68996,0.53261,0.55807,0.47464,0.039741,0.47761,0.35164,0.18337,0.32656,0.236,0.246,0.27723,0.60778,0.58229,-0.15059,0.2193,0.28395,0.42098,0.46039,0.34195,0.30592,0.46659,0.14818,0.39427,0.17642,0.31813,0.35912,0.17002,0.33215,0.44995,0.24113,0.57057,0.038188,0.37505,0.30601,0.30311,-0.00403,0.39498,0.4056,0.05311,0.16178,0.50192,0.25539,0.14274,0.43734,0.52311,1,0.45694,0.42153,0.45705,0.021557,0.24389,0.40268,0.62574,0.37065,0.36404,0.15552,0.24575,0.11624,0.075748,0.18046,0.38113,0.21406,0.19567,0.22857,0.46993,0.5442,0.36255,0.19058,0.15664,0.33379,0.27964,0.55783,0.2926,0.49038,0.47158
0.29816,0.41488,0.40848,0.221,0.47142,0.32988,0.069076,0.013024,0.26584,0.41474,0.32731,0.35721,0.16435,0.19362,0.36169,0.13787,-0.01339,0.31947,0.29433,0.076361,0.34243,0.24741,0.21804,-0.03748,0.017978,0.18678,0.16064,0.31857,0.38108,0.21201,0.60882,0.12091,0.13316,0.37268,-0.00016759,0.20907,0.39781,0.15088,0.31471,0.13605,0.45603,0.27423,0.16408,0.2971,0.20421,0.058349,0.37981,0.19096,-0.16503,0.50555,-0.044402,0.16506,0.21173,0.0020281,-0.022978,0.45694,1,0.088888,0.45752,0.069521,0.27379,0.17083,0.42464,0.45797,0.44747,0.1652,0.24616,-0.0069373,0.32889,0.35226,0.54807,0.11799,0.27221,0.27526,0.41747,0.18349,0.46656,0.13696,-0.17251,0.51847,0.26043,0.25648,0.33578,0.47521,0.24906
0.28617,0.4782,0.67486,0.71459,0.4559,0.20617,0.26361,0.30932,0.39031,0.23956,0.62934,0.39471,0.90952,0.25999,0.37436,0.20516,0.39399,0.21924,0.45567,0.65573,0.25807,0.492,0.32373,0.37023,0.20665,0.15421,-0.093183,0.44869,0.050511,0.46698,0.56515,0.51453,0.72458,0.65182,-0.052018,0.4057,0.41095,0.72524,0.91089,0.30247,0.504,0.28536,0.68018,0.5251,0.53764,0.13127,0.22835,0.40661,0.41276,0.32873,0.28774,0.14029,0.58056,0.42107,0.3069,0.42153,0.088888,1,0.30201,0.75741,0.18241,0.50014,0.25061,0.592,0.58246,0.32558,0.1472,-0.20764,0.041231,0.037411,0.14801,0.36908,0.11406,0.52294,0.47934,0.20702,0.44347,0.25141,-0.17869,0.10343,0.62817,0.52911,0.41835,0.32065,0.38259
