1,0.068096,0.25493,0.36714,0.64706,0.42673,0.25355,0.73115,-0.070097,0.097604,0.47499,0.58934,0.22574,0.32475,0.67191,0.26297,0.25971,0.47783,0.37002,0.38831,0.2352,0.45381,0.40982,0.75154,0.49617,0.44592,0.45174,0.46516,0.3652,-0.085538,NaN,0.42468,0.032465,0.14122,0.41803,0.017472,0.19937,0.29537,0.32238,0.54796,0.49952,0.28583,0.31506,0.27619,0.14978,0.48023,0.28234,0.20545,0.40605,0.40038,0.41169,0.40252,0.13318,0.3917,0.24353,0.40799,0.1022,-0.30514,0.024707,0.50873,0.49275,0.56424,0.41041,0.48262,0.45202,0.77943,0.60687,-0.037136,-0.30404,0.32296,0.0074091,0.50938,0.40316,0.6916,0.37798,0.55894,0.74938,0.50453,-0.1202,0.15502,-0.019459,0.48852,0.69777,0.26827,0.26138,0.37632,-0.31707,0.66681,0.31978,0.0036029,0.42798,0.0049113,0.33277,0.050438,0.12876,0.11146,-0.24251,0.24123,0.23164,0.49929,0.39141,0.35974,0.0079063,0.44256,0.51552,0.34005,0.29645,0.38168,0.74458,0.096473,0.39976,0.11633,0.36972,0.14207,0.36613,0.20546,0.27589,0.62917,0.067666,0.32215,0.19234,0.16634,0.47316,0.4398,0.42774,0.18919,0.20985,0.34196,0.60702,0.63636,0.44018,0.47038,0.24718,0.44793,0.33108,0.52838,0.20893,0.2112,0.075609,0.31997,0.24185,0.63084,-0.38839,0.14892,0.45939,0.58281,0.35363,0.38046,-0.12834,0.42366,0.77546,0.37162,0.19101,0.52731,0.37028,0.44167,0.42578,0.060382,-0.36308,-0.18155,0.71616,0.42815,0.593,0.33259,0.17845,0.61452,0.36203,-0.15563,0.40853,0.45534,0.63245,0.036774,0.25131,-0.13158,0.38897,-0.037651,0.57612,0.39924,0.38648,0.77603,0.04386,0.48574,0.33243,0.36915,0.11537,0.27673,0.34326,0.003791,0.27501,0.43787,0.54036,0.57083,-0.043708,0.43883,0.47545,0.014902,0.42928,0.5469,0.44238,0.25786
0.068096,1,0.19976,0.46431,0.32686,0.43851,0.045977,0.50374,-0.12596,0.4951,0.51848,0.43045,0.41215,0.23205,0.28513,0.44817,0.014825,0.40271,0.5528,0.49626,0.079853,0.49359,0.45338,0.40348,0.34926,0.4003,0.014421,0.51291,0.64953,-0.10323,NaN,0.21096,0.17466,0.34875,0.59793,0.016501,0.12823,0.12616,0.27513,0.4477,0.68579,0.55981,0.43819,0.50066,0.31608,0.51135,0.28253,0.035394,0.1321,0.031777,0.54321,0.31844,0.056532,0.43971,0.32986,0.088614,0.31771,-0.11243,0.30652,0.03649,0.13375,0.043171,0.633,0.55863,0.55267,0.32283,0.28135,0.34922,0.18247,0.35314,-0.18504,0.56224,0.50817,0.45492,0.045776,0.42646,0.045598,0.55544,0.08084,0.42084,0.41393,0.37844,0.26108,0.40176,0.16253,0.16965,0.14795,0.45999,0.48373,0.48555,0.17332,0.12598,0.40559,0.14321,-0.11948,0.53884,-0.31049,-0.021074,0.12017,0.65337,0.061892,0.5276,0.50117,0.2376,0.086307,0.35607,0.25336,0.21387,0.34526,0.46928,0.56084,0.5528,0.21733,0.61099,0.12223,0.47885,0.31795,0.16935,0.40325,-0.00044801,0.39332,0.55584,0.47252,0.31372,0.66154,0.33168,0.31978,0.16406,0.13514,0.49185,0.13068,0.63072,0.28231,0.24163,0.44429,0.077614,0.54579,0.40854,0.46456,0.59178,0.42622,0.4241,-0.2125,0.45203,0.42924,0.13055,-0.19106,0.38286,0.43428,0.37777,0.13947,0.10719,0.23341,0.44342,0.49792,0.14256,0.21314,0.16615,0.14941,0.23007,0.19193,0.34569,0.44857,0.19716,0.33866,0.27308,0.68007,0.40525,0.037348,0.48671,0.55548,0.36643,0.050691,0.22855,0.084592,-0.016796,0.44305,0.39719,0.065949,0.28184,0.13415,0.40754,0.46707,0.51095,0.32554,0.5117,0.36574,0.11176,0.13758,0.5331,0.14428,0.32619,0.39408,0.22747,0.54259,0.038935,0.10881,0.48242,0.59989,0.47035
0.25493,0.19976,1,0.30621,0.26347,0.61893,-0.21251,0.46456,0.031745,0.26749,0.62634,0.58571,0.19538,0.26481,0.096327,0.27278,-0.23148,0.45948,0.28229,0.28623,0.09267,0.33231,-0.07742,0.34075,-0.05885,0.38473,0.66338,0.058979,0.26381,0.10184,NaN,0.30444,0.083961,0.010545,-0.17536,0.45006,0.045986,0.10676,0.029522,0.2806,0.23224,0.082742,0.58487,0.35199,0.22291,0.37313,0.44322,0.070317,0.41081,0.60917,0.10326,0.21234,0.33458,0.19069,0.54394,0.37714,0.12294,-0.099749,0.26748,-0.045401,0.14874,0.19571,0.45546,0.1516,0.2848,0.26767,-0.031487,0.1512,-0.0028901,0.25518,0.22161,0.18718,0.30562,0.19904,0.32213,0.43881,0.51481,0.049936,0.28796,0.25473,-0.14768,-0.059317,0.33719,0.21163,0.13256,0.32362,-0.21222,0.25109,0.17905,0.1725,0.59539,0.093533,0.33609,0.089221,-0.1244,0.47892,-0.21665,0.116,0.040222,0.39135,0.46567,-0.10964,0.31001,0.31627,0.3288,0.41907,0.11386,0.49432,0.15062,0.15532,0.37211,0.59625,0.068112,0.30475,0.15787,0.54487,0.21563,0.14787,0.13979,0.4333,0.46974,0.10266,0.49881,0.59907,0.42154,0.25447,-0.072203,0.43983,0.060624,0.50071,0.12806,0.57453,0.39995,0.27037,0.4759,-0.16652,0.46021,0.22127,-0.040984,0.1162,0.01464,0.22499,-0.060814,0.10036,0.25746,0.42578,-0.1621,0.33402,-0.096177,-0.11088,0.25138,0.23995,-0.051786,0.35752,0.39238,0.72252,0.35192,0.32588,0.12128,0.25674,0.41571,-0.16175,0.41411,0.10138,0.095606,0.34717,0.1826,0.010285,0.58072,0.057016,0.24751,0.24578,0.52553,0.22851,0.17807,0.13273,0.35511,0.010488,0.040545,0.37677,0.11278,0.30446,0.25997,0.27554,0.33716,0.31947,0.60851,0.13963,0.64793,0.20842,0.23333,0.030968,0.36848,0.23945,0.61028,0.21679,0.33668,0.60084,0.42305,0.1364
0.36714,0.46431,0.30621,1,0.55686,0.58123,0.32329,0.63372,-0.034409,0.26997,0.49312,0.4349,0.18997,0.28502,0.25126,0.51214,-0.13258,0.54358,0.51471,0.72353,0.20976,0.68599,0.3653,0.49507,0.64656,0.34873,0.33847,0.4607,0.48135,-0.076273,NaN,0.45658,0.0091729,0.24106,0.18729,0.18051,0.069552,0.033435,0.61304,0.1578,0.57621,0.32075,0.4468,0.40039,0.29387,0.47328,0.28598,0.20495,0.36678,0.37562,0.37514,0.53754,0.4644,0.38832,0.27089,-0.096924,0.016166,-0.13036,0.5886,0.19945,-0.019437,0.1587,0.66516,0.34705,0.39463,0.46061,0.46047,0.14462,0.21059,0.30822,0.020409,0.57213,0.50038,0.58899,0.37527,0.50565,0.35628,0.54895,0.36456,0.45064,0.19383,0.40976,0.50783,0.24967,0.16656,0.65967,0.36966,0.59336,0.6846,0.25335,0.39405,0.11132,0.41855,0.36709,-0.29211,0.17161,0.084384,0.16714,0.29101,0.53291,0.33749,0.21887,0.40804,0.28924,0.44804,0.29262,0.12186,0.26729,0.18436,0.40128,0.23637,0.45182,0.17034,0.47812,0.14218,0.1179,0.38775,0.46116,0.32774,-0.12175,0.13757,0.37304,0.54743,0.46265,0.50686,0.28195,0.19252,0.1115,0.098303,0.48268,0.31741,0.63728,0.15842,0.47622,0.71506,0.14767,0.51324,0.39996,0.33276,0.46211,0.29116,0.33797,-0.14741,0.27248,0.46046,0.44041,-0.27509,0.51199,0.059868,0.44529,0.57932,0.40658,0.12176,0.46115,0.34255,0.41928,0.1544,0.36227,0.18684,0.42247,0.48385,0.5154,0.53729,0.18449,0.46858,0.41059,0.65392,-0.044603,0.23451,0.38677,0.56474,0.37527,0.15749,0.20539,0.36723,0.16333,0.67362,0.59607,0.53946,0.58517,-0.116,0.6881,0.42639,0.16541,0.18735,0.3817,0.67477,-0.094634,0.30383,0.67038,0.01223,0.43298,0.064949,0.28275,0.6675,-0.24997,0.26815,0.55401,0.61402,0.62151
0.64706,0.32686,0.26347,0.55686,1,0.3664,0.38314,0.70042,-0.17558,0.19846,0.44378,0.459,0.07164,0.45922,0.51672,0.20379,-0.098551,0.56612,0.47602,0.6981,0.47364,0.58904,0.32629,0.66352,0.51061,0.36216,0.31984,0.53705,0.71654,0.049423,NaN,0.46466,-0.13482,0.13193,0.32824,0.010981,0.14758,0.12187,0.4707,0.4721,0.54023,0.35168,0.27462,0.12978,0.27127,0.30396,0.1894,0.0010329,0.40501,0.48712,0.46404,0.39039,0.11093,0.21164,0.30101,0.29144,0.40654,-0.39206,0.18691,0.518,0.38225,0.36123,0.56367,0.28202,0.47497,0.84045,0.27277,0.21954,-0.061524,0.34635,-0.055933,0.57213,0.37493,0.63237,0.49652,0.61205,0.54511,0.52703,0.1037,0.35949,0.06826,0.44529,0.38933,0.18913,0.15626,0.31781,0.16829,0.70117,0.48093,0.038978,0.31795,-0.065572,0.52336,0.11217,-0.01071,0.1774,0.032737,0.3864,0.16455,0.53938,0.42233,0.11536,0.067777,0.37452,0.2759,0.37077,0.28592,0.39606,0.46392,0.27355,0.32739,0.26048,0.050214,0.34637,0.6557,0.40739,0.51933,0.53022,0.3608,0.0051555,0.053008,0.31099,0.57434,0.43976,0.51636,0.057076,0.16355,0.20445,0.46826,0.71183,0.17856,0.46605,0.22403,0.35092,0.48974,0.11391,0.50337,0.35431,0.19522,0.1616,0.38534,0.64683,-0.35639,0.2053,0.49831,0.68447,0.16697,0.20484,0.090749,0.56377,0.61244,0.1572,0.14846,0.52739,0.36269,0.50877,0.37776,0.12273,-0.35225,0.080135,0.72468,0.49735,0.67652,0.093672,0.26674,0.43647,0.58521,-0.23249,0.20886,0.47997,0.6496,0.22163,0.093319,0.28165,0.23201,0.17729,0.5854,0.29898,0.10348,0.65616,0.11638,0.63891,0.57288,0.04167,0.1586,0.60961,0.62362,0.082016,0.17608,0.4588,0.50867,0.31519,0.35727,0.45305,0.64353,-0.13816,0.27727,0.547,0.71094,0.43823
0.42673,0.43851,0.61893,0.58123,0.3664,1,0.023509,0.76107,0.16151,0.13652,0.57072,0.5144,0.47719,0.28051,0.23518,0.57388,-0.089838,0.7045,0.52012,0.6144,0.15066,0.66551,0.35201,0.59146,0.44804,0.49454,0.58501,0.55277,0.31975,0.16769,NaN,0.49785,0.25731,0.25542,0.30578,0.28333,0.51232,0.14303,0.35541,0.49846,0.60747,0.18913,0.59285,0.55304,0.5561,0.56586,0.44735,0.21877,0.60436,0.51867,0.39771,0.50887,0.17987,0.43828,0.49795,0.27682,0.073821,0.041517,0.50641,0.28615,0.34771,0.30418,0.66812,0.59356,0.5982,0.43318,0.50226,0.026449,-0.11048,0.57634,0.43116,0.49132,0.5799,0.59846,0.61134,0.70529,0.60662,0.45764,0.18701,0.28499,0.10929,0.32443,0.61434,0.39296,0.071536,0.54704,0.066698,0.6286,0.51157,0.40672,0.40238,0.36123,0.44619,0.40393,0.047538,0.49558,-0.25124,0.032534,0.070815,0.69497,0.54207,0.371,0.3317,0.47946,0.54309,0.57937,0.4021,0.56713,0.45568,0.2949,0.60442,0.50619,0.34208,0.60157,0.23397,0.5912,0.5082,0.39454,0.36522,0.15015,0.44043,0.56577,0.4198,0.79621,0.49259,0.44847,-0.022421,0.13607,0.14673,0.53561,0.18295,0.78399,0.12399,0.69356,0.72675,-0.014451,0.49386,0.50192,0.17622,0.36471,0.24543,0.39402,-0.1769,0.23957,0.42554,0.37681,0.017859,0.45552,-0.20288,0.45924,0.6398,0.61494,0.28898,0.56422,0.3873,0.6682,0.39082,0.51569,0.21059,0.34912,0.51431,0.30064,0.46528,0.15677,0.33532,0.72732,0.5469,0.13802,0.53018,0.54549,0.62584,0.32734,0.25699,0.33871,0.31203,0.20939,0.61012,0.21988,0.34692,0.5877,0.22034,0.51683,0.57869,0.51285,0.31318,0.32419,0.69224,0.30566,0.40029,0.59774,0.17911,0.34302,0.16753,0.57693,0.72706,0.16335,0.48137,0.8187,0.64976,0.50175
0.25355,0.045977,-0.21251,0.32329,0.38314,0.023509,1,0.26987,0.039378,-0.2766,-0.236,0.083586,-0.0042005,-0.044876,-0.071177,-0.057708,0.11213,0.12665,0.10182,0.3095,0.088541,0.13548,0.17333,0.16011,0.33818,-0.05426,-0.046002,0.095133,0.30059,-0.16484,NaN,0.0075523,0.22264,0.44752,0.16798,-0.019107,-0.2675,-0.33702,0.62496,0.27438,0.20297,0.090958,-0.064628,-0.078234,0.19385,-0.16909,-0.36573,0.33941,-0.019102,0.22107,0.16151,0.0058258,-0.019411,-0.069979,-0.34072,-0.18471,-0.099742,0.010884,-0.063159,0.40606,0.15962,0.20885,0.12452,0.16185,0.34591,0.3289,0.18018,-0.08678,0.26884,0.28942,0.0020223,0.31157,0.1085,0.2282,0.28888,-0.082297,0.1539,0.20627,-0.2934,-0.018135,-0.00088449,0.34291,0.1831,0.40326,0.057959,0.29609,-0.00027274,0.0741,-0.013244,-0.084721,-0.024278,-0.36669,-0.0024606,0.065065,-0.1521,-0.13464,-0.025676,0.28083,0.14194,0.18218,0.17688,0.23268,-0.01196,0.17656,0.47215,0.015258,0.26497,-0.23439,0.054099,-0.076666,0.0065788,-0.078102,0.0050447,-0.27938,0.36711,-0.26443,0.22053,0.24373,-0.082213,-0.06442,-0.32632,0.138,0.17708,0.073683,0.056075,0.26144,-0.027944,-0.3694,0.3568,0.15344,-0.19059,-0.11637,0.055232,0.19509,-0.05439,-0.0097541,0.16754,-0.1561,-0.012743,0.26723,0.44131,0.25565,-0.27078,0.19089,0.0070824,-0.081795,0.25825,-0.063303,-0.017516,0.50292,0.28346,-0.063504,-0.077062,0.20269,0.0076879,-0.055867,-0.12685,-0.092932,-0.26826,0.044093,-0.027424,0.56311,-0.056449,-0.11202,0.17215,-0.12324,0.058513,0.08707,-0.0364,0.21811,0.17778,-0.03822,-0.42475,0.16401,0.28341,0.10522,0.29239,0.20703,0.096351,0.13373,-0.29862,0.18543,0.053812,-0.045173,-0.11492,0.072122,0.23424,0.086666,-0.31002,0.087876,0.0030753,0.066995,-0.26212,-0.016189,0.25421,-0.29106,0.1669,0.137,0.13401,0.049276
0.73115,0.50374,0.46456,0.63372,0.70042,0.76107,0.26987,1,-0.057722,0.12672,0.61058,0.75259,0.48666,0.44246,0.44842,0.42968,0.055409,0.75304,0.6403,0.60563,0.28936,0.70772,0.40473,0.74958,0.57663,0.43868,0.49606,0.61919,0.64716,0.087818,NaN,0.5893,0.092389,0.324,0.5452,0.091965,0.28996,0.21711,0.49012,0.71097,0.72226,0.4427,0.5395,0.35392,0.52756,0.52701,0.31018,0.19533,0.43406,0.5465,0.54221,0.4465,0.16194,0.54344,0.2758,0.40282,0.148,-0.22355,0.28814,0.49542,0.44463,0.54083,0.68377,0.61932,0.60648,0.80582,0.5265,0.18095,-0.18692,0.6361,0.15847,0.80131,0.73317,0.67511,0.60069,0.6314,0.65484,0.59136,0.083231,0.29566,0.14948,0.56077,0.69274,0.33655,0.165,0.59796,-0.069827,0.75587,0.53972,0.21395,0.44057,0.12466,0.48042,0.27645,0.0083502,0.44909,-0.23743,0.21597,0.069502,0.62078,0.50652,0.35938,0.23875,0.50709,0.43535,0.5368,0.53707,0.40486,0.63384,0.30059,0.55492,0.41913,0.3299,0.49842,0.37473,0.51495,0.49324,0.54822,0.16542,0.28016,0.36671,0.37362,0.51425,0.68342,0.59177,0.23049,0.1173,0.31044,0.54638,0.66137,0.25961,0.72385,0.29097,0.66516,0.66139,0.14718,0.57659,0.47429,0.20716,0.52896,0.52666,0.59821,-0.47709,0.35324,0.70773,0.51787,0.20747,0.44086,-0.044668,0.58695,0.6956,0.45389,0.072704,0.71628,0.49088,0.56099,0.39071,0.39271,-0.081437,0.20484,0.69539,0.49586,0.72141,0.25221,0.48269,0.62863,0.63543,0.13334,0.50198,0.56039,0.83335,0.21125,0.34751,0.15826,0.48976,0.045996,0.69565,0.38056,0.2993,0.7425,-0.035724,0.77084,0.63841,0.42098,0.16306,0.47618,0.70387,0.21364,0.42792,0.65363,0.39588,0.42781,0.1703,0.44192,0.79116,0.073752,0.39206,0.81884,0.7547,0.54366
-0.070097,-0.12596,0.031745,-0.034409,-0.17558,0.16151,0.039378,-0.057722,1,-0.23882,-0.18664,-0.24918,-0.038847,0.30301,-0.2171,0.050523,-0.15689,0.25959,0.025791,0.062699,0.013063,0.056351,0.12055,-0.15462,-0.083108,-0.04636,-0.044732,-0.35102,-0.17951,0.68712,NaN,0.22917,0.11269,0.18104,0.076251,-0.11509,0.073013,-0.22848,-0.10889,0.24924,-0.19371,-0.10065,0.19426,0.090293,0.48889,0.21492,-0.18503,0.25108,0.17945,-0.025052,-0.10924,0.28036,-0.35934,-0.0068163,0.24242,-0.077042,-0.34357,-0.030262,0.31428,0.011332,0.25107,0.387,0.03249,0.23692,0.21226,-0.21955,0.15932,-0.368,0.1346,0.315,0.32449,-0.43508,-0.098145,-0.13932,0.15826,0.049677,0.14068,-0.12101,0.21398,0.41103,-0.037527,0.026133,0.24021,-0.12157,-0.028519,-0.051696,0.11185,-0.044224,0.17728,0.19829,0.025143,-0.029253,0.22334,-0.064252,-0.21178,0.18605,0.12171,0.22204,0.029477,0.10146,0.082471,0.10695,-0.18179,-0.033725,0.33923,0.022626,0.34077,0.10083,0.1483,0.020766,0.20368,0.17223,0.11929,-0.19742,-0.1389,0.075258,0.073738,-0.091443,0.3529,0.00033351,0.4341,0.11053,-0.099953,0.020135,0.165,-0.09403,0.10258,-0.094955,0.16269,-0.18966,-0.027007,0.05936,-0.28268,0.3161,0.097556,0.0042288,-0.21945,-0.058729,0.070594,0.025614,-0.26381,-0.15539,0.42246,-0.063395,-0.13044,0.0016371,0.33794,-0.19213,-0.085799,0.27929,0.184,0.0073914,0.52289,0.051708,-0.052218,-0.19062,0.30713,0.16009,0.26946,0.13187,0.027472,-0.27175,0.019446,0.19481,0.079509,0.14392,-0.25641,0.0080265,-0.12332,0.09415,-0.080775,0.062608,0.074315,0.12116,-0.055496,0.13159,0.17398,-0.015519,0.10086,-0.085285,0.26087,-0.072274,0.11703,-0.056292,0.33573,0.11055,-0.16721,0.62522,-0.052146,-0.14602,0.16751,0.0051313,0.14504,-0.066742,0.07624,0.11765,0.041103,-0.020884,0.085609,0.056855
0.097604,0.4951,0.26749,0.26997,0.19846,0.13652,-0.2766,0.12672,-0.23882,1,0.5544,0.019712,0.018845,0.093947,0.36707,0.24979,0.11381,0.032344,0.35141,0.26986,-0.072913,0.19595,0.048073,0.15094,0.26551,0.26064,0.14633,0.15899,0.38255,-0.20544,NaN,0.00308,-0.00054326,0.071287,0.21251,0.17444,0.09099,0.34318,-0.097681,0.021028,0.34091,0.33302,0.2975,0.46048,-0.092204,0.41245,0.48935,-0.25627,0.10625,-0.07012,0.42423,0.19543,0.29305,0.15059,0.26012,0.28441,0.039098,-0.21846,0.074342,-0.40305,-0.2644,-0.11988,0.25027,0.23102,0.13439,0.17751,0.078482,0.13386,0.31336,-0.1458,-0.43437,0.19702,0.15057,0.30223,-0.16801,0.40968,0.12419,0.28256,0.43291,0.51117,0.1577,-0.17732,0.012224,0.11772,0.022386,0.06017,0.13743,0.29354,0.24319,0.28989,0.28567,-0.16527,0.13775,0.017436,-0.37406,0.37155,-0.18927,0.10676,0.21769,0.24564,-0.039908,0.15949,0.58459,0.014254,-0.068479,0.14784,-0.13978,0.32021,0.1372,0.2682,0.11622,0.2642,-0.11598,0.57928,0.031191,0.32535,0.3219,0.23703,0.19735,0.18379,0.164,0.24794,0.45614,0.027153,0.53474,0.11528,0.5944,0.25084,0.084791,0.46128,0.35666,0.40071,0.18513,-0.16761,0.2115,0.3351,0.25828,0.10344,0.28399,0.34049,0.00531,0.22364,-0.11021,0.3543,0.32602,0.28433,-0.42618,0.078569,0.35915,-0.053398,0.021831,0.15543,0.12741,0.28939,0.52917,0.34749,0.28218,0.010687,0.044699,-0.14654,0.20195,0.04034,0.36962,0.072586,-0.12729,0.14914,0.41768,0.10428,0.061963,0.38841,0.14902,0.33891,0.1447,-0.05917,-0.087019,0.43534,-0.023474,0.52693,0.22954,0.13973,0.33933,0.15903,0.17156,0.32201,0.39573,0.46614,0.26694,-0.22415,0.097058,0.41782,0.016858,0.17448,0.39863,0.1295,0.21778,-0.058724,-0.091724,0.19447,0.29455,0.27601
0.47499,0.51848,0.62634,0.49312,0.44378,0.57072,-0.236,0.61058,-0.18664,0.5544,1,0.60342,0.3079,0.52959,0.6371,0.41646,0.019653,0.61487,0.47653,0.35422,0.13652,0.65582,0.49538,0.66882,0.45197,0.63213,0.34416,0.46269,0.49366,0.024553,NaN,0.50332,0.085674,0.026624,0.36977,0.25276,0.15043,0.35237,0.088941,0.40646,0.66326,0.42014,0.56854,0.3553,0.24143,0.69359,0.65259,-0.012997,0.20994,0.19549,0.46997,0.48526,0.2053,0.55793,0.45471,0.52433,0.29252,-0.16933,0.30721,0.065382,0.21268,0.042668,0.64406,0.38821,0.49052,0.54119,0.30891,0.16045,-0.17378,0.40875,-0.083163,0.40381,0.5245,0.58162,0.2064,0.58329,0.40927,0.64796,0.28588,0.27951,0.35263,0.3618,0.50413,0.29769,0.1801,0.29911,-0.095937,0.6531,0.59764,0.42952,0.37707,0.24265,0.41195,0.27177,0.07725,0.51054,-0.15407,-0.11322,0.13902,0.58848,0.12498,0.18775,0.48039,0.24264,0.25121,0.29862,0.21838,0.70021,0.55985,0.54577,0.44403,0.71689,0.33624,0.49834,0.24968,0.59044,0.30968,0.55573,0.30761,0.3119,0.61538,0.26026,0.70809,0.34457,0.78828,0.28716,0.37529,0.62435,0.019726,0.79826,0.35861,0.6945,0.33886,0.30884,0.72479,0.26135,0.66161,0.66891,0.47211,0.40717,0.14362,0.56672,-0.22063,0.39575,0.41667,0.68619,-0.24334,0.60823,0.21391,0.082224,0.48906,0.28643,0.24275,0.60903,0.6588,0.65471,0.56227,0.43718,0.11079,0.23171,0.66706,0.1987,0.75587,0.35678,0.37418,0.59511,0.5672,-0.014257,0.30237,0.21141,0.70863,0.30577,0.43541,0.18819,0.39434,0.069668,0.52046,0.43095,0.25775,0.73136,0.16,0.50736,0.51865,0.39842,0.40035,0.61356,0.56332,0.034862,0.612,0.68842,0.34544,0.48185,0.4924,0.49103,0.524,0.079596,0.08322,0.65824,0.62056,0.51978
0.58934,0.43045,0.58571,0.4349,0.459,0.5144,0.083586,0.75259,-0.24918,0.019712,0.60342,1,0.34037,0.24503,0.37352,0.28324,0.0667,0.60589,0.46515,0.24249,0.052888,0.5289,0.31701,0.6098,0.1802,0.43338,0.40462,0.36486,0.47605,-0.11744,NaN,0.465,-0.0058517,0.21675,0.18124,0.17474,-0.022221,0.066276,0.26809,0.51732,0.56794,0.26598,0.44868,0.17709,0.12821,0.41987,0.23833,0.127,0.17565,0.4341,0.21178,0.19961,0.14838,0.58757,0.32266,0.21108,0.28668,-0.17912,0.15351,0.28255,0.34583,0.35017,0.45339,0.38055,0.32265,0.54915,0.2889,0.32525,-0.24779,0.38499,0.066414,0.63545,0.63421,0.40938,0.26305,0.30847,0.37509,0.36431,-0.18153,0.069511,0.045507,0.39144,0.58946,0.3828,0.16935,0.47269,-0.37727,0.44054,0.2427,0.0040137,0.43909,0.12064,0.37998,-0.0084057,0.10741,0.36171,-0.38837,0.012842,0.00015708,0.49357,0.36482,0.29686,0.24014,0.36489,0.28506,0.34677,0.26847,0.15081,0.45264,0.21448,0.42318,0.50054,0.27963,0.25612,0.16745,0.29331,0.10387,0.27587,-0.024294,0.26173,0.3505,0.15709,0.4483,0.44991,0.40146,0.20209,-0.047802,0.42524,0.33787,0.6363,0.14831,0.53143,0.32857,0.36881,0.38543,0.13396,0.5163,0.42419,0.0014985,0.34423,0.3227,0.44163,-0.46103,0.16552,0.37292,0.40556,0.15881,0.53649,-0.019009,0.15911,0.34727,0.13505,-0.096346,0.44436,0.32694,0.38173,0.24301,0.23238,-0.13983,0.065436,0.50896,0.23763,0.4834,0.29453,0.33028,0.34183,0.33179,0.03376,0.50138,0.15219,0.58856,-0.010251,0.37039,-0.059608,0.3325,-0.36895,0.61188,0.18772,0.17989,0.61337,-0.34312,0.52383,0.40039,0.47649,-0.00915,0.18235,0.41144,0.063777,0.52196,0.36014,0.30994,0.32637,0.046666,0.196,0.58253,-0.012974,0.36125,0.62929,0.41384,0.1483
0.22574,0.41215,0.19538,0.18997,0.07164,0.47719,-0.0042005,0.48666,-0.038847,0.018845,0.3079,0.34037,1,0.2197,0.32938,0.059131,0.15551,0.24595,0.090961,0.15595,0.2653,0.24052,0.30785,0.48106,0.26244,0.11708,0.4028,0.46617,0.36467,-0.20218,NaN,0.0058579,-0.12413,-0.050317,0.47024,0.032324,0.29551,0.49547,0.17865,0.46731,0.40651,0.35234,0.38747,0.23144,0.22715,0.33442,0.085248,0.15155,0.16547,0.095299,0.26903,-0.013889,-0.17459,0.19704,0.12765,0.098539,0.23353,-0.39617,0.14454,0.29513,0.12603,0.26123,0.46658,0.4716,0.52068,0.27871,0.35178,0.090752,-0.17699,0.46043,0.2898,0.41932,0.19413,0.52756,0.14656,0.21466,0.19153,0.44334,-0.24661,-0.156,0.26507,0.51407,0.25489,-0.049521,0.24924,0.042924,-0.14058,0.36233,0.27085,0.17927,-0.03556,0.10685,-0.11053,0.0083789,0.17276,0.46291,-0.35954,-0.24567,0.071293,0.35222,0.072558,0.33908,0.32797,0.23924,0.18992,0.46279,0.21488,0.28588,0.39068,0.33335,0.41675,0.041439,0.16998,0.25566,-0.23655,0.40422,-0.11136,0.29731,0.011484,0.19184,0.2181,0.42311,0.23177,0.33257,0.29262,0.31585,0.054018,0.19183,0.20942,0.12229,-0.094787,0.51035,0.10662,0.25195,0.35177,0.012796,0.41867,0.27077,0.14691,0.30989,0.57814,0.24645,0.082606,-0.030453,0.36483,0.061199,0.10053,0.38309,-0.1816,0.22797,0.28678,0.23767,-0.014837,0.45914,0.29147,0.17706,0.4187,0.22386,0.27035,0.25187,0.20423,0.28856,0.37701,0.27815,0.34676,0.4865,0.29536,0.43934,0.49596,0.27734,0.51168,-0.060609,0.49488,0.25889,0.23108,-0.026431,0.29385,0.042547,0.16102,0.32225,0.20041,0.32613,0.24434,0.36336,0.11887,-0.01394,0.2174,0.13358,0.35023,0.39333,0.18865,0.32238,-0.13324,0.22088,0.2438,0.12614,0.3084,0.38321,0.4549,0.39338
0.32475,0.23205,0.26481,0.28502,0.45922,0.28051,-0.044876,0.44246,0.30301,0.093947,0.52959,0.24503,0.2197,1,0.36501,0.059673,-0.010221,0.56732,0.28846,0.19639,0.30472,0.41512,0.30755,0.39268,0.31617,0.30939,0.15369,0.20505,0.39124,0.46942,NaN,0.3914,-0.048976,-0.23492,0.45564,-0.2311,0.035427,0.21908,-0.019236,0.57395,0.36922,0.24681,0.4357,0.046775,0.41934,0.62594,0.16096,0.070264,0.020873,0.11153,0.29997,0.34448,-0.19429,0.51777,0.32909,0.39684,0.093838,-0.24,0.37953,0.30047,0.3133,0.1884,0.51938,0.40665,0.39514,0.34771,0.10255,0.21742,-0.088276,0.50791,0.16079,0.1093,0.19666,0.37618,0.16887,0.34608,0.28688,0.45913,0.34483,0.38954,0.28608,0.55861,0.47006,-0.10297,0.21549,0.131,0.095303,0.40381,0.54095,0.32685,0.036664,0.1017,0.58685,0.13468,-0.022081,0.45188,0.36743,0.21076,0.099695,0.36681,0.016628,0.11566,-0.021275,0.13344,0.02773,0.20808,0.36729,0.49265,0.44706,0.55224,0.30608,0.51305,0.15314,0.17469,0.28732,0.47708,0.1545,0.34911,0.51021,-0.0058298,0.46638,-0.049379,0.48693,0.17532,0.68129,-0.003866,0.47626,0.38375,0.23628,0.38223,0.21564,0.39108,0.097004,0.46076,0.57601,0.19435,0.44815,0.54973,0.464,0.15225,0.31116,0.26458,0.13087,0.46716,0.27794,0.76273,0.2526,0.30673,0.072879,0.16769,0.44819,0.24152,0.44025,0.56512,0.33699,0.23851,0.48123,0.31864,-0.010452,0.27088,0.51733,0.046891,0.82448,0.22505,0.42504,0.36572,0.36012,-0.02363,0.011109,-0.038389,0.51003,0.23227,0.33254,0.3159,0.42669,0.24012,0.50078,0.20211,0.20724,0.51955,0.27903,0.43607,0.54841,0.050359,0.42765,0.71702,0.26842,0.31072,0.28396,0.50809,0.40803,0.49118,0.45164,0.43554,0.34865,-0.062152,0.040867,0.31807,0.69464,0.45945
0.67191,0.28513,0.096327,0.25126,0.51672,0.23518,-0.071177,0.44842,-0.2171,0.36707,0.6371,0.37352,0.32938,0.36501,1,0.1415,0.27415,0.43267,0.37384,0.27137,0.2756,0.56968,0.70621,0.76154,0.49907,0.52522,0.21003,0.54148,0.5446,-0.1328,NaN,0.45791,-0.23236,0.018119,0.54588,0.21689,0.19923,0.64471,0.095339,0.40643,0.57625,0.45492,0.2188,0.19528,0.060586,0.50121,0.49732,0.049875,0.11276,-0.081954,0.42172,0.25955,-0.066705,0.28282,0.31764,0.32564,0.50493,-0.48675,0.13366,0.3566,0.47058,0.046013,0.40354,0.37772,0.4827,0.67984,0.5612,0.17069,-0.45904,0.31941,-0.1395,0.38725,0.23148,0.76719,0.18414,0.55197,0.39364,0.77504,-0.0084976,0.085462,0.4346,0.61057,0.33785,0.11288,0.33961,0.0548,-0.1265,0.70816,0.43763,0.29818,0.04597,0.2324,0.20374,0.03125,0.30106,0.31066,-0.23781,0.059569,0.40905,0.48678,-0.01052,0.21147,0.30051,0.1866,0.2402,0.26178,0.26142,0.63085,0.82111,0.5221,0.49681,0.1924,0.28159,0.28329,0.32429,0.3726,0.16816,0.78229,0.35453,0.25839,0.36165,0.24574,0.63025,0.11015,0.54763,0.18364,0.41538,0.43831,0.19417,0.67214,0.37968,0.48093,0.050078,0.14995,0.35042,0.51128,0.43945,0.51057,0.44378,0.28128,0.11912,0.67144,-0.10191,0.17004,0.42307,0.56116,0.022069,0.45989,0.035441,0.23376,0.48973,0.23423,0.43502,0.44527,0.42769,0.34776,0.68495,0.26625,-0.077504,-0.013806,0.72261,0.47828,0.60866,0.41012,0.34262,0.55787,0.45451,-0.1303,0.23521,0.41448,0.67232,-0.12807,0.30762,0.057823,0.20927,-0.18228,0.43188,0.38238,0.25306,0.71815,0.24063,0.46852,0.47904,0.2569,0.14701,0.43147,0.13728,-0.0055084,0.40563,0.55503,0.48532,0.6359,0.18099,0.38872,0.27444,0.047892,0.1602,0.39216,0.48792,0.48047
0.26297,0.44817,0.27278,0.51214,0.20379,0.57388,-0.057708,0.42968,0.050523,0.24979,0.41646,0.28324,0.059131,0.059673,0.1415,1,-0.34921,0.43767,0.43742,0.61509,0.047426,0.42395,0.32588,0.53596,0.55441,0.70019,0.21543,0.63778,0.19757,0.067302,NaN,0.35687,0.27722,0.44029,0.33198,-0.0070199,0.38751,0.010555,0.44837,0.14526,0.53669,0.2629,0.64117,0.73192,0.4166,0.49312,0.55538,0.23036,0.67045,0.31726,0.67114,0.57592,0.42405,0.46568,0.5032,0.23127,0.054629,0.17717,0.55272,-0.058355,0.24686,0.19287,0.57361,0.39188,0.49374,0.31957,0.59837,0.12848,-0.13651,0.30179,0.067999,0.29745,0.65405,0.43777,0.35231,0.5405,0.56231,0.46783,0.31685,0.35311,0.27867,0.18188,0.2927,0.55485,0.069227,0.30881,-0.087382,0.52079,0.63819,0.48919,0.24781,0.56675,0.38463,0.36855,0.071603,0.11515,-0.2609,0.048709,0.048941,0.61073,0.255,0.34104,0.19904,0.45699,0.2618,0.046434,0.27133,0.38874,0.27673,0.25421,0.34865,0.53701,0.63404,0.53757,0.031423,0.32507,0.56211,0.19797,0.29717,0.20848,0.39681,0.19864,0.3638,0.53164,0.39083,0.4023,0.12383,0.33813,0.021492,0.37647,0.34328,0.68354,0.44561,0.46844,0.6175,-0.064431,0.31664,0.26507,0.43221,0.35175,0.0013538,0.49228,-0.14919,0.2273,0.24677,0.1749,-0.14365,0.60553,0.21682,0.44682,0.51693,0.47599,0.23462,0.49878,0.65513,0.38766,0.097759,0.21319,0.15903,0.3469,0.40023,0.44022,0.30896,0.44308,0.17226,0.62294,0.48905,-0.1694,0.062589,0.41282,0.51972,0.48214,0.010084,0.25752,0.32905,-0.063616,0.36701,0.41505,0.32417,0.42986,0.20386,0.49009,0.33585,0.3188,0.43034,0.29115,0.53018,0.069632,0.16191,0.3631,-0.034327,0.26551,0.31065,0.42078,0.41514,0.21071,0.0168,0.71286,0.25812,0.33781
0.25971,0.014825,-0.23148,-0.13258,-0.098551,-0.089838,0.11213,0.055409,-0.15689,0.11381,0.019653,0.0667,0.15551,-0.010221,0.27415,-0.34921,1,-0.15991,-0.080491,-0.31257,-0.43822,0.0068206,0.11495,-0.06556,0.02958,-0.097104,-0.045974,-0.087051,-0.074696,-0.31793,NaN,-0.2551,-0.0012583,-0.081084,0.26709,0.15289,-0.36147,0.046664,-0.16759,0.25471,-0.026649,0.26368,-0.33473,0.045909,-0.28815,0.10962,0.08847,0.10202,-0.3354,-0.15205,-0.1391,-0.3056,-0.16505,0.066409,-0.48361,-0.11751,-0.0297,-0.097017,-0.3264,0.28673,0.13983,-0.17101,-0.17992,0.43184,-0.011697,-0.05263,0.12348,0.098838,-0.098175,-0.058263,-0.37896,0.19402,-0.25572,0.17648,-0.16728,-0.19119,-0.099222,0.054007,-0.25751,-0.28165,-0.27006,0.23086,0.34848,-0.015812,0.034466,-0.030449,-0.069567,0.048375,-0.43579,-0.23104,0.085315,-0.25563,-0.18214,-0.19156,0.1383,0.1881,0.065845,-0.081516,0.2181,-0.027318,0.049645,0.27021,0.13396,0.079464,0.073202,0.35894,-0.059948,-0.13119,0.33588,-0.21396,0.20811,-0.1682,-0.11987,-0.19896,0.011903,-0.054885,-0.12268,0.13128,-0.092864,-0.060722,-0.16159,0.0079634,-0.072268,-0.11681,0.10927,-0.18421,0.0014667,-0.28805,0.29308,0.014126,0.36676,-0.076232,-0.25069,-0.23741,-0.24652,0.71053,-0.047707,0.068391,-0.28049,0.40531,0.03007,-0.21321,0.037185,0.27422,0.11196,0.042874,0.20152,-0.088026,0.10249,-0.088589,-0.079649,0.10016,0.14792,-0.032702,-0.093677,-0.32356,-0.075728,-0.05811,0.024066,-0.52736,-0.16206,0.03052,0.037322,-0.3875,0.036757,-0.16294,-0.028122,0.34779,-0.14265,0.14196,-0.018632,-0.20131,-0.20688,-0.60738,-0.13823,0.022693,0.11834,0.079541,0.28964,0.096527,-0.19791,-0.18979,-0.1018,0.2062,-0.19973,-0.01525,-0.39355,-0.11312,-0.28749,0.17378,-0.036376,0.51428,-0.42197,-0.1245,-0.037083,-0.3081,0.35162,-0.22394,-0.052289,-0.050934
0.47783,0.40271,0.45948,0.54358,0.56612,0.7045,0.12665,0.75304,0.25959,0.032344,0.61487,0.60589,0.24595,0.56732,0.43267,0.43767,-0.15991,1,0.64212,0.51672,0.12683,0.87019,0.59749,0.66662,0.51538,0.60475,0.25139,0.46408,0.58545,0.49397,NaN,0.86087,-0.031,0.39062,0.39015,0.15861,0.31163,0.099327,0.36702,0.66388,0.69427,0.30627,0.61847,0.14279,0.70436,0.57251,0.30241,0.21402,0.32189,0.33318,0.38192,0.46934,-0.11639,0.61541,0.45424,0.32382,0.22085,-0.17256,0.49033,0.30831,0.58632,0.32398,0.53951,0.50486,0.58737,0.61748,0.48797,0.18188,-0.32767,0.81608,0.2887,0.48513,0.7109,0.51652,0.6811,0.53382,0.49197,0.61982,0.24674,0.36871,0.36857,0.5196,0.57258,0.38717,0.040025,0.46617,-0.045485,0.70717,0.61778,0.33991,0.10582,0.36958,0.57863,0.22189,0.071636,0.56517,-0.17969,0.18032,0.089292,0.57365,0.34398,0.24749,0.21873,0.32973,0.33124,0.29273,0.7303,0.53054,0.62139,0.48992,0.50465,0.67921,0.34779,0.43917,0.37804,0.54667,0.54863,0.48632,0.44466,0.20411,0.57681,0.30099,0.54643,0.39923,0.5999,0.15774,0.18271,0.33244,0.29748,0.70558,0.085314,0.60411,-0.062099,0.59856,0.71457,-0.037526,0.68766,0.73812,0.35983,0.25354,0.209,0.56334,-0.229,0.32722,0.36095,0.58348,0.28372,0.38117,-0.0059556,0.51251,0.55318,0.34704,0.38005,0.66357,0.45297,0.46662,0.58918,0.68932,0.026183,0.38198,0.73595,0.40567,0.59531,0.3673,0.60162,0.57761,0.42534,-0.15897,0.27688,0.39316,0.77231,0.061485,0.2658,0.37586,0.44268,-0.050275,0.65152,0.25199,0.30028,0.71836,-0.011211,0.7486,0.89151,0.27905,0.24777,0.55864,0.53317,0.50525,0.45696,0.55793,0.26018,0.31481,0.4042,0.37825,0.63741,-0.06416,0.12216,0.79234,0.65157,0.52218
0.37002,0.5528,0.28229,0.51471,0.47602,0.52012,0.10182,0.6403,0.025791,0.35141,0.47653,0.46515,0.090961,0.28846,0.37384,0.43742,-0.080491,0.64212,1,0.38139,0.059665,0.63785,0.39986,0.46202,0.41743,0.26554,0.24387,0.34947,0.6972,0.15838,NaN,0.70175,-0.052393,0.62238,0.45956,0.32919,0.29028,0.16191,0.076547,0.36819,0.57236,0.14881,0.28748,0.36769,0.38144,0.30109,0.46167,0.0075877,0.11882,0.066711,0.49147,0.22983,0.07479,0.50322,0.27422,0.15235,0.012949,-0.096425,0.51842,0.11308,0.27329,0.13599,0.34495,0.37894,0.31447,0.51888,0.31059,0.31394,0.023908,0.42625,0.00064757,0.53218,0.73483,0.39508,0.35134,0.57821,0.33122,0.54965,0.25931,0.47988,0.43885,0.30744,0.33132,0.33146,0.048118,0.71394,0.20488,0.42507,0.50983,0.47792,0.24986,0.084362,0.48027,0.16795,-0.040869,0.38867,-0.19481,0.45305,0.12596,0.46526,0.12188,0.29939,0.41273,0.36707,0.26931,0.16701,0.5313,0.2723,0.43735,0.57868,0.42637,0.4016,0.26983,0.57856,0.28553,0.4217,0.52119,0.54074,0.30788,0.12231,0.42505,0.2588,0.43461,0.35862,0.50652,0.13145,0.41111,0.049174,0.21194,0.5597,0.069868,0.51946,0.024143,0.59219,0.37057,0.18218,0.4555,0.41972,0.42694,0.4992,0.27522,0.43056,-0.51778,0.42296,0.55841,0.32206,-0.079765,0.32901,0.0016761,0.43196,0.36672,0.26834,0.24437,0.53955,0.39422,0.4081,0.36623,0.37591,-0.012943,0.041588,0.52593,0.42151,0.48672,0.36706,0.20362,0.27047,0.60184,-0.029612,0.2658,0.59702,0.56023,0.045102,0.055452,0.021954,0.18066,-0.037764,0.35665,0.39271,0.25609,0.32957,-0.12322,0.70628,0.61103,0.4416,-0.028573,0.53731,0.48634,0.27849,0.28651,0.67767,0.1744,0.21798,0.33,0.15524,0.56535,0.20705,0.027692,0.58208,0.52377,0.33207
0.38831,0.49626,0.28623,0.72353,0.6981,0.6144,0.3095,0.60563,0.062699,0.26986,0.35422,0.24249,0.15595,0.19639,0.27137,0.61509,-0.31257,0.51672,0.38139,1,0.41687,0.60513,0.34534,0.58234,0.58771,0.54208,0.30318,0.64308,0.50833,0.07982,NaN,0.38574,0.17547,0.26274,0.32589,0.034793,0.35332,0.1153,0.74387,0.32751,0.58642,0.47709,0.53288,0.52859,0.53387,0.45723,0.25707,0.25616,0.74235,0.56646,0.54651,0.67995,0.39691,0.11576,0.49972,0.17984,0.24499,-0.13629,0.39094,0.30207,0.30125,0.35133,0.75536,0.39871,0.65522,0.61414,0.53249,0.051949,0.091461,0.37268,0.073176,0.52907,0.40331,0.64367,0.59345,0.75336,0.60074,0.49128,0.33881,0.54303,0.10998,0.33633,0.35263,0.37051,0.23242,0.2679,0.2647,0.75581,0.64617,0.32746,0.35555,0.25363,0.50089,0.38507,-0.21915,0.20552,-0.11593,0.26253,0.30374,0.67835,0.53499,0.22828,0.17126,0.3941,0.4315,0.45103,0.2757,0.48307,0.32796,0.19302,0.47308,0.38189,0.2315,0.5614,0.4374,0.38039,0.62743,0.34599,0.52966,0.061793,0.1699,0.55467,0.55517,0.65306,0.48947,0.37364,0.076481,0.15919,0.26537,0.52385,0.32294,0.6958,0.30895,0.42872,0.67522,-0.099623,0.41708,0.2291,0.3167,0.27507,0.25024,0.60698,-0.089406,0.19552,0.4757,0.34531,-0.091194,0.28546,0.16502,0.67698,0.62397,0.43995,0.26259,0.42846,0.4291,0.50636,0.24996,0.24725,-0.0044029,0.4572,0.52558,0.53967,0.46051,0.10751,0.38242,0.60239,0.68022,-0.038822,0.17782,0.65192,0.57341,0.54298,0.091137,0.50099,0.23007,0.25622,0.60567,0.42831,0.20418,0.56588,0.36034,0.57731,0.51187,0.13846,0.45205,0.50281,0.71346,0.049175,0.18279,0.42203,0.2566,0.28411,0.35441,0.48335,0.75626,-0.00825,0.34942,0.66458,0.69661,0.6478
0.2352,0.079853,0.09267,0.20976,0.47364,0.15066,0.088541,0.28936,0.013063,-0.072913,0.13652,0.052888,0.2653,0.30472,0.2756,0.047426,-0.43822,0.12683,0.059665,0.41687,1,0.14511,0.10432,0.38248,0.24349,-0.017281,0.25517,0.34553,0.30145,0.15842,NaN,0.19865,0.042058,-0.15772,0.25686,-0.18665,0.20457,0.32762,0.25052,0.20455,0.25042,0.045264,0.11993,0.04038,0.21066,0.080329,-0.016991,-0.16058,0.28967,0.17295,0.38379,0.37466,0.0073114,-0.15907,0.39729,0.33212,0.39135,-0.25902,0.27972,0.37412,0.12932,0.35166,0.51201,0.037451,0.2787,0.47739,0.22627,-0.010337,-0.12843,0.14848,0.45054,0.069921,0.087992,0.3803,0.21071,0.42904,0.30801,0.27382,0.12531,0.26539,0.22147,0.28919,-0.10857,-0.2894,0.11863,-0.022512,0.16498,0.30281,0.51223,0.31578,0.097977,0.071413,0.1543,0.3781,-0.021552,0.033908,0.034433,0.26416,-0.1585,0.26313,0.13659,-0.23716,0.033861,-0.20604,0.15732,0.14215,0.070217,0.35108,0.2041,0.32187,0.18252,-0.092966,-0.086268,0.23384,0.37289,0.24567,0.15571,0.40836,0.17974,0.078841,0.18734,0.19297,0.23533,0.31719,0.17585,0.17402,0.064878,0.40818,0.058987,0.14713,0.018075,0.31099,0.34499,0.39286,0.31801,-0.2184,0.12564,0.099312,0.31015,0.053428,0.21843,0.34,-0.046691,-0.080451,0.42431,0.2171,-0.021436,0.13648,-0.35411,0.39041,0.41937,0.088507,0.13182,0.2047,0.11623,0.42588,0.37907,0.029634,0.10703,0.39735,0.49931,0.17283,0.42588,0.17717,0.17858,0.42513,0.21707,0.03236,0.43221,0.11961,0.33915,0.13893,0.42138,0.53448,0.20798,0.099545,0.28492,0.2443,-0.23609,0.27629,0.47498,0.26249,0.18677,-0.29211,0.33132,0.22576,0.41681,0.21082,0.31116,0.048571,0.57108,0.03463,0.13742,0.49747,0.24479,0.41489,0.07799,0.18279,0.48813,0.51388
0.45381,0.49359,0.33231,0.68599,0.58904,0.66551,0.13548,0.70772,0.056351,0.19595,0.65582,0.5289,0.24052,0.41512,0.56968,0.42395,0.0068206,0.87019,0.63785,0.60513,0.14511,1,0.67345,0.68356,0.56244,0.58299,0.11405,0.54529,0.60617,0.30104,NaN,0.81619,-0.041048,0.37888,0.4268,0.32482,0.20126,0.19183,0.4565,0.52146,0.7413,0.49216,0.41513,0.23361,0.5445,0.52205,0.47399,0.30193,0.30385,0.30761,0.33776,0.491,0.067219,0.44632,0.34343,0.22204,0.37355,-0.11269,0.51245,0.44089,0.52384,0.11003,0.5391,0.51562,0.57988,0.60339,0.57692,0.26562,-0.25612,0.71965,0.084648,0.60767,0.61918,0.62568,0.68467,0.61885,0.38453,0.70202,0.27987,0.34396,0.33268,0.57363,0.50552,0.38531,0.17693,0.42987,0.17268,0.81395,0.63794,0.42237,0.20569,0.37395,0.3875,0.41753,0.12013,0.55335,-0.14787,0.18054,0.27137,0.55707,0.42988,0.199,0.46704,0.24088,0.39294,0.4626,0.60238,0.57411,0.62169,0.45804,0.55875,0.63068,0.32647,0.52559,0.42625,0.52,0.54839,0.58949,0.53917,0.11884,0.4671,0.45401,0.53859,0.35924,0.56839,0.16308,0.13504,0.26267,0.14865,0.6913,0.2209,0.67667,-0.09995,0.42977,0.71192,0.10641,0.71999,0.80202,0.34786,0.3911,0.19983,0.55614,-0.22557,0.37542,0.45529,0.49201,0.01615,0.38185,0.11529,0.56033,0.54735,0.40923,0.42542,0.48438,0.40209,0.48056,0.56796,0.7679,0.20451,0.38473,0.68636,0.55374,0.56525,0.18809,0.67839,0.54912,0.58674,-0.17264,0.18528,0.5412,0.75977,0.20209,0.21916,0.29612,0.25377,-0.038912,0.74971,0.45317,0.4417,0.78747,-0.0062962,0.73713,0.83234,0.2351,0.23323,0.5636,0.53882,0.31481,0.43504,0.67667,0.29157,0.49364,0.34423,0.34849,0.69866,-0.088811,0.26134,0.66883,0.67984,0.71491
0.40982,0.45338,-0.07742,0.3653,0.32629,0.35201,0.17333,0.40473,0.12055,0.048073,0.49538,0.31701,0.30785,0.30755,0.70621,0.32588,0.11495,0.59749,0.39986,0.34534,0.10432,0.67345,1,0.66031,0.57082,0.55272,-0.082379,0.5233,0.43199,0.052595,NaN,0.56808,0.02835,0.31438,0.60339,0.13552,0.22656,0.21806,0.27337,0.40591,0.60896,0.41557,0.2407,0.15495,0.36871,0.48402,0.2815,0.23509,0.060044,-0.22941,0.37301,0.44931,-0.24916,0.40309,0.23932,0.029637,0.34762,-0.20223,0.28465,0.33737,0.52599,0.018177,0.46791,0.41121,0.65407,0.48956,0.62435,-0.074219,-0.33648,0.55792,-0.049155,0.2977,0.3707,0.63149,0.23119,0.39195,0.17844,0.83614,-0.13849,0.049652,0.63851,0.72351,0.45942,0.36923,0.22985,0.12355,0.013155,0.64362,0.59206,0.43339,-0.13129,0.37177,0.31017,0.12422,0.34172,0.21061,-0.18706,-0.20679,0.32966,0.63393,-0.14595,0.45769,0.1883,0.22882,0.43768,0.085065,0.44119,0.48684,0.75051,0.57983,0.5481,0.4125,0.54399,0.1357,0.21876,0.23344,0.18382,0.62659,0.46341,0.014778,0.51111,0.46079,0.50586,0.062362,0.56925,0.32053,0.28476,0.17772,-0.017124,0.56565,0.14874,0.39985,-0.093908,0.34281,0.47051,0.33027,0.43119,0.60832,0.62574,0.36972,0.087243,0.64944,-0.046163,0.15972,0.16899,0.32842,0.029958,0.53328,0.1934,0.44888,0.50753,0.077438,0.57984,0.42019,0.3385,0.07625,0.52928,0.36344,0.078924,0.23518,0.5112,0.54625,0.38761,0.52146,0.5386,0.53487,0.45161,-0.027753,-0.064742,0.37871,0.74253,-0.072733,-0.016663,0.21611,0.29847,-0.35045,0.54502,0.29491,0.18618,0.60804,0.046787,0.41221,0.52106,0.30374,0.095072,0.36408,0.093094,0.23359,0.25396,0.55369,0.29808,0.56168,0.19868,0.32505,0.27225,-0.0035498,0.026781,0.44235,0.42665,0.48402
0.75154,0.40348,0.34075,0.49507,0.66352,0.59146,0.16011,0.74958,-0.15462,0.15094,0.66882,0.6098,0.48106,0.39268,0.76154,0.53596,-0.06556,0.66662,0.46202,0.58234,0.38248,0.68356,0.66031,1,0.63945,0.72544,0.39611,0.81358,0.62254,-0.07187,NaN,0.53134,-0.046472,0.23696,0.55463,0.11546,0.34817,0.43077,0.48084,0.56063,0.76838,0.45081,0.56698,0.40453,0.34234,0.55118,0.50104,0.28433,0.51442,0.36312,0.63109,0.42889,0.099324,0.44103,0.475,0.41057,0.4898,-0.31534,0.35627,0.49035,0.57463,0.32288,0.68227,0.49357,0.76162,0.81596,0.68158,0.21709,-0.41799,0.60403,0.12848,0.5707,0.56952,0.86422,0.5087,0.67635,0.69803,0.83165,-0.066181,0.1069,0.38894,0.69195,0.47609,0.43528,0.36533,0.2551,-0.25994,0.82421,0.64275,0.36729,0.17598,0.37646,0.30985,0.21364,0.3597,0.32264,-0.3782,0.092295,0.25669,0.72758,0.29871,0.35206,0.27225,0.49634,0.43999,0.33925,0.44902,0.66267,0.75524,0.48026,0.55944,0.42072,0.56377,0.38104,0.34536,0.51817,0.38023,0.69967,0.33583,0.33316,0.38368,0.33661,0.6814,0.4934,0.56491,0.43829,0.21233,0.5021,0.28987,0.73957,0.20906,0.73578,0.35115,0.46308,0.63061,0.1564,0.64649,0.53369,0.42147,0.29988,0.39314,0.86367,-0.25197,0.16982,0.41639,0.54989,0.14133,0.67961,0.0098662,0.53071,0.77696,0.38536,0.28156,0.70447,0.64634,0.58326,0.62032,0.32908,-0.091695,0.25793,0.79415,0.69494,0.66765,0.52983,0.40846,0.80367,0.57084,-0.21624,0.38327,0.48768,0.88538,0.14255,0.31099,0.36709,0.4398,-0.15816,0.6556,0.37095,0.32607,0.87484,0.21841,0.70178,0.58507,0.3604,0.29656,0.42253,0.55622,0.12431,0.4493,0.59093,0.48593,0.57168,0.24982,0.57885,0.54178,0.12328,0.28944,0.79301,0.61331,0.5073
