1,0.13557,0.37091,-0.23634,-0.0088553,0.13307,0.58371,-0.15966,0.15344,-0.051123,-0.32963,0.050222,-0.19397,-0.095564,0.3428,0.12045,-0.06248,-0.26112,-0.29384,0.047664,0.035988,-0.13449,-0.13154,0.86836,0.1253,-0.34772,0.076414,0.17882,0.25963,-0.19575,NaN,-0.35071,0.10788,-0.057863,-0.14661,0.39437,0.29276,0.24303,0.45251,0.11157,-0.18445,0.11401,-0.067454,-0.14204,-0.19025,-0.45678,0.072728,0.2479,0.12489,0.096315,-0.12069,0.029777,0.2008,-0.069145,0.14581,0.33021,0.36879,NaN,0.071433,-0.24948,0.10093,0.39089,-0.068276,0.0123,0.063472,0.71502,-0.053501,-0.13893,-0.021396,-0.17288,0.32668,-0.16976,-0.044903,0.033344,-0.11122,0.071203,0.33777,0.27427,-0.10942,-0.087452,0.042638,-0.052664,-0.016596,0.61176,-0.039296,-0.01937,-0.032397,0.39521,-0.024502,-0.1638,0.1796,-0.072061,0.13343,0.15561,-0.002968,-0.42761,-0.21184,-0.29056,0.090486,-0.075429,0.21357,0.012813,-0.061632,0.36779,-0.034409,-0.045913,-0.11911,-0.5011,0.44488,0.026088,-0.093264,0.049639,0.38785,-0.21028,0.22577,0.05414,0.065729,-0.15821,0.49927,0.21409,-0.048357,0.083641,-0.24209,0.13642,-0.10403,0.016596,-0.26069,-0.1267,0.27256,0.0096609,-0.076811,-0.26773,0.095237,-0.35587,-0.1703,0.31245,0.40068,-0.059941,0.21712,-0.12291,0.072842,0.75606,-0.16166,-0.073137,-0.24506,-0.25042,0.46367,-0.22041,-0.10118,0.00034017,-0.015793,-0.22173,0.24958,0.015058,0.0031857,0.11615,0.047646,-0.072817,-0.2585,-0.17554,-0.16172,-0.27998,0.13714,-0.077604,0.19995,-0.11958,0.019652,0.23701,0.06631,0.24189,-0.16915,0.072727,-0.15159,-0.29941,-0.2025,0.01317,-0.34822,0.036677,0.68871,-0.25783,0.31033,0.40449,-0.12208,-0.43213,-0.31851,-0.073091,-0.13468,-0.28225,-0.071329,-0.093522,0.62672,0.27353,0.12667,0.16391,0.36122,-0.12993,-0.077726,-0.33083,-0.14177,-0.2447
0.13557,1,0.15827,0.15514,-0.083192,0.015083,0.012708,-0.31447,0.31564,0.24659,0.60558,-0.21452,0.17418,0.32957,0.44556,0.27922,0.28782,0.28177,0.42665,0.14902,0.25949,0.36634,0.35475,0.22807,0.42669,0.25461,0.088125,0.21146,0.1393,0.096787,NaN,0.21694,0.37742,0.37315,0.20118,0.18988,-0.00094739,0.1998,0.29397,0.35075,0.25465,0.47253,0.30716,0.30728,0.29522,0.33732,0.14965,0.095997,0.20331,0.28877,0.18033,-0.17749,0.30049,0.41896,0.39925,0.14745,0.12122,NaN,-0.18461,0.14087,0.40127,0.102,0.13723,0.41423,0.40988,-0.14615,0.18222,0.064482,0.20426,0.24277,0.27903,0.50368,0.22657,0.17586,0.43338,0.27242,0.18382,0.30455,0.39288,0.41578,0.50828,-0.0057016,-0.066901,0.27026,0.27241,0.33374,-0.23667,0.23749,0.32544,-0.069274,0.25669,0.12875,0.051683,-0.0068775,0.31375,-0.070987,-0.14365,0.30223,0.16972,0.4959,0.46841,0.37988,0.16667,-0.25288,0.15682,0.20644,0.3709,0.2192,0.32166,0.39879,0.38978,0.012306,0.036654,0.23206,0.19972,0.43767,0.086538,0.21858,0.04173,0.29292,0.53192,0.19432,0.22694,0.48251,0.19661,0.1473,0.37385,0.13088,0.21133,0.43829,-0.19206,0.010337,0.18523,-0.062559,0.27907,0.15002,0.26327,0.077931,0.27972,0.35185,0.3626,0.30149,0.097009,0.32969,0.13528,0.086614,-0.091649,0.46404,0.16264,0.15352,-0.059051,0.27815,0.17201,0.13864,-0.051855,0.15586,0.29483,0.2058,0.24239,-0.44027,0.52733,0.22412,0.10845,0.27905,0.11387,0.37175,0.37824,0.4794,0.28024,0.29514,0.55072,0.35556,0.16786,0.069229,0.093636,0.21864,-0.31676,0.13944,-0.066341,0.2266,0.080438,0.3361,0.21051,-0.27902,0.11724,0.26532,0.31346,0.45232,0.17281,0.34518,0.12964,0.34038,0.37114,0.41544,0.16293,0.43794,0.24221,0.43634,0.051347,0.28424
0.37091,0.15827,1,0.063201,0.3503,0.19627,0.30081,0.38225,0.55914,0.41995,0.19827,0.29024,0.51373,0.29238,0.37285,0.59276,0.47651,0.28809,0.27647,0.5473,0.16513,0.4487,0.064291,0.40501,0.43992,0.3127,0.44132,0.44611,0.40622,0.28994,NaN,0.21701,0.49003,0.51088,0.29133,0.20552,0.063632,0.2707,0.42675,0.27667,0.46398,0.40135,0.54753,0.33598,0.34373,0.30622,0.2337,0.34073,0.20858,0.46721,0.40936,0.27812,0.14637,0.38661,0.31983,-0.035029,0.049328,NaN,0.20823,0.29799,0.17844,-0.10051,0.46883,0.37362,0.42712,0.27957,0.099171,-0.090386,0.16447,0.28618,0.62043,0.11713,0.30474,0.43772,0.49329,0.17415,0.39065,0.47927,0.28314,0.52158,0.37678,0.40783,0.23057,0.4995,0.33132,0.56279,0.59071,0.60734,0.32394,0.47312,0.39177,0.15554,0.51692,0.25485,-0.12888,-0.060139,-0.1605,0.3072,0.4293,0.23916,0.38711,0.16818,0.091506,-0.13556,0.097202,0.40984,0.29392,0.17013,0.58352,0.37745,0.27022,0.53418,-0.034775,0.32571,0.60169,0.088016,0.48411,0.11373,0.64457,0.4917,0.23488,0.11214,0.38524,-0.047559,0.2649,0.27836,0.12774,0.17306,0.064754,0.49783,0.502,0.16962,0.4894,-0.0046405,0.55116,0.4476,0.41007,0.25265,0.71046,0.44136,0.011116,0.37849,0.2048,0.32766,0.4689,0.289,0.21965,0.13373,0.036267,0.21369,0.35043,0.068649,0.22006,0.43785,0.15589,0.25916,0.16694,0.26041,0.55167,0.49021,0.40436,0.32424,0.56658,0.29046,0.5671,0.3498,0.3118,0.11795,0.28692,0.57061,0.41204,0.38666,0.13982,0.45319,-0.017772,0.31353,-0.1276,0.16623,0.056101,0.17761,0.47889,0.52711,0.224,0.039545,0.29977,0.15551,0.53744,0.45634,0.30481,0.40498,0.6699,0.082844,0.10707,0.22629,0.1181,0.44769,0.22566,0.39836,0.55107,0.39905
-0.23634,0.15514,0.063201,1,0.21131,-0.069057,-0.34486,0.27261,0.29007,0.42913,0.59339,-0.2183,0.51185,0.2471,0.32984,0.22102,0.3252,0.42607,0.58457,0.1635,0.041645,0.37262,0.096016,-0.20864,0.090848,0.30853,0.28034,0.11185,-0.22083,0.52325,NaN,0.48056,0.40758,0.31851,0.68518,0.041939,0.36742,-0.11581,0.042802,0.3228,0.22951,0.18978,0.11699,0.33223,0.50356,0.47487,0.19029,0.05886,0.087376,0.38785,0.21954,0.36666,0.39944,0.35004,0.32149,-0.012547,-0.12812,NaN,0.022312,0.46238,0.40756,-0.15642,0.14683,0.15964,0.23397,-0.20174,0.38982,0.23095,0.60075,0.60031,-0.093246,0.39508,0.21032,0.45939,0.43368,0.18939,0.14663,0.17045,0.36784,0.12799,0.30414,0.30913,0.50275,0.19078,0.34666,0.28302,0.26866,0.07964,0.11723,0.42883,0.1674,0.75626,0.19644,0.22986,-0.042559,0.12796,-0.32192,0.29998,0.11053,0.43885,0.34877,0.24472,0.45209,-0.1599,0.019673,0.25152,0.46892,0.3216,0.018543,0.39033,0.30999,0.35861,-0.1133,0.47477,0.54779,0.2671,-0.45668,0.30443,-0.38943,0.23674,0.57942,-0.17274,0.36183,-0.15914,0.2766,0.43199,0.58479,0.23041,-0.023753,0.44571,0.56163,0.29255,0.20378,0.073304,0.39257,0.22127,0.12385,0.29334,0.35519,0.49429,-0.10193,-0.12978,0.40777,0.23272,0.45811,0.2627,-0.035406,0.57934,0.44654,0.024185,0.39134,0.62242,0.37606,0.46079,0.33158,-0.20526,-0.10096,0.49809,0.29422,0.20146,0.53606,0.4549,0.079731,0.42181,0.043725,0.26856,0.2304,0.15996,0.19709,0.21108,0.38281,0.20006,0.30441,0.30298,0.24684,0.066194,0.1984,0.11388,-0.37463,0.46869,0.006456,-0.0026186,0.55463,0.18255,0.27692,0.34058,0.33785,0.13803,0.3286,0.50565,-0.035927,0.11142,0.27419,0.096248,-0.055842,0.40777,0.27875,0.49282,0.34617,0.46618
-0.0088553,-0.083192,0.3503,0.21131,1,-0.18774,0.10571,0.42285,0.20207,0.43877,0.19728,0.27365,0.53102,0.31494,0.29591,0.39269,0.27095,0.42969,0.11178,0.5175,-0.4674,0.43963,-0.17086,0.27823,0.22516,0.55804,0.42351,0.1863,0.053239,0.22972,NaN,0.38848,0.30491,0.34539,0.25542,-0.11004,0.07374,0.18626,0.17216,0.27494,0.39882,0.41418,0.33912,0.39949,0.28815,0.33598,0.35349,0.16922,0.42364,0.20119,0.3054,0.048317,0.21715,0.33167,0.12769,-0.18547,0.045239,NaN,0.17781,0.18341,0.29526,-0.37714,0.48664,0.53683,0.39905,0.26533,0.57,0.13475,0.21243,0.30015,0.21441,0.47358,0.38469,0.14231,0.40317,0.1516,-0.032824,0.31555,0.37791,0.15893,0.1619,0.1486,0.52054,0.042591,0.48327,0.57105,0.45975,-0.028858,0.19171,0.28407,0.03277,0.33069,0.33538,0.265,0.19842,0.37567,-0.48883,0.26772,-0.029737,0.3453,0.30025,0.20049,0.10344,-0.36663,-0.043517,0.30981,0.35405,0.34847,0.27461,0.082735,0.25816,0.4237,-0.1585,0.2262,0.29787,0.31918,0.17412,0.057284,0.15132,0.52506,0.14934,0.10271,0.51507,-0.47233,0.56763,0.20552,0.34123,0.46683,0.044705,0.28525,0.29134,0.56503,0.17341,-0.15974,0.5055,0.38969,0.10433,0.34035,0.19182,0.28812,-0.12788,0.13208,0.13647,0.049358,0.076475,0.5408,-0.31842,0.11111,0.25345,0.21471,0.20583,0.035864,0.29435,0.28797,0.12244,0.081761,-0.11488,0.235,0.48276,0.39091,0.26106,0.37682,0.32824,0.044087,0.59141,0.18517,0.1222,0.19163,0.45387,-0.0056593,0.35403,0.59842,0.45022,0.22731,0.093895,-0.1992,0.12331,4.6414e-05,-0.05793,0.39894,0.1482,0.19623,0.49982,0.087404,0.33028,0.38336,0.43018,0.40913,0.61881,0.28729,0.28278,0.056327,0.2284,-0.092526,-0.21082,0.33902,0.2673,0.25716,0.49435,0.2832
0.13307,0.015083,0.19627,-0.069057,-0.18774,1,0.42534,-0.09056,0.036406,0.15706,-0.22887,0.40128,0.092003,-0.0098558,0.11332,0.13635,0.077437,0.078582,0.031197,-0.10653,0.24551,0.10731,0.011522,0.17459,0.2642,-0.021019,0.023014,-0.056477,0.54232,0.021525,NaN,0.18193,0.23732,0.038173,-0.015174,0.32366,0.22166,-0.079036,0.14908,-0.014485,-0.36493,0.15294,0.27542,0.012354,0.085497,0.082582,0.064156,0.16673,-0.056123,0.29448,0.09671,-0.50918,-0.056131,0.0021452,0.021317,0.34529,0.42295,NaN,0.24931,-0.19231,-0.24329,0.69289,0.23157,-0.30885,0.26428,0.044879,0.021424,0.17986,-0.12052,-0.11017,0.34577,-0.1737,-0.028911,0.18263,0.082283,0.13202,0.56452,-0.078138,0.13718,0.097686,0.16439,-0.12645,-0.23161,0.43251,0.18991,-0.067119,-0.078767,0.55925,0.31667,-0.044815,0.11732,-0.020224,0.5221,-0.35723,-0.22629,-0.29959,0.22688,-0.16329,0.22346,-0.27175,0.022395,-0.09864,0.23629,0.068611,0.11199,0.17397,0.16496,-0.21903,0.14664,0.16214,0.2877,0.3639,0.30678,-0.20528,0.16217,0.02463,0.39266,0.43201,0.36518,-0.084908,-0.049475,0.1082,-0.079192,0.46161,-0.15222,0.064684,-0.10882,-0.037678,0.37682,-0.0055479,-0.0025643,-0.29185,0.37193,-0.13369,-0.021113,-0.0761,0.50682,0.25886,0.18647,-0.017853,0.33049,0.019281,0.13449,0.38795,0.20114,-0.10898,0.55586,-0.13554,-0.067642,0.010812,-0.093871,-0.12665,-0.04574,-0.060545,0.049262,0.1761,0.27291,0.12265,0.049851,0.24559,0.023012,0.24836,0.38065,0.070997,-0.1023,0.22137,0.17998,0.25199,0.030617,0.17295,0.028379,-0.23766,0.23032,0.29522,0.29892,0.095104,-0.01075,0.286,0.55102,-0.06766,0.21628,0.22058,-0.071119,0.097571,-0.061503,-0.0095476,0.10872,0.086837,0.11237,0.34177,0.19926,0.20991,0.094653,0.079471,0.65394,0.33744,-0.12591,-0.045026,-0.01255,-0.067428
0.58371,0.012708,0.30081,-0.34486,0.10571,0.42534,1,-0.15095,0.07565,0.19715,-0.32942,0.29232,-0.046032,0.048605,0.32339,0.095339,-0.076622,0.033683,-0.22029,-0.15191,0.24139,0.14331,-0.26983,0.61904,-0.023259,-0.16368,0.36138,0.22228,0.57105,-0.02483,NaN,-0.006195,0.34664,0.16951,-0.18258,0.33856,0.16097,0.46718,0.34437,0.34961,-0.19656,0.3515,-0.02006,-0.05657,0.10271,-0.30676,0.12769,0.48533,0.073914,0.17744,-0.054445,-0.18396,0.12022,-0.0098636,-0.034504,0.49705,0.1032,NaN,0.43282,-0.38622,0.0023403,0.5589,0.35432,0.0063475,0.10358,0.35926,-0.032463,0.083886,-0.1656,-0.18887,0.3743,-0.049394,0.042796,0.16736,0.20494,0.25325,0.42327,-0.02502,0.18815,0.045508,0.10262,-0.23305,-0.0086133,0.59748,0.25909,0.031759,0.042735,0.34527,0.20602,-0.11313,0.26394,-0.12079,0.26762,0.24004,0.048033,-0.27401,-0.20278,-0.18667,0.20832,-0.10462,0.20558,-0.1293,0.007403,0.43713,-0.11948,0.22275,0.22328,-0.42381,0.33676,0.23082,0.21365,0.08269,0.70981,-0.15429,0.24644,0.34576,0.51347,-0.14173,0.69711,0.18438,-0.18955,-0.069168,-0.21529,0.33504,0.053855,0.16469,-0.32894,0.14358,0.40713,-0.083097,-0.16135,-0.063502,0.2631,-0.022787,-0.045266,0.35368,0.33461,-0.038803,0.1517,-0.25472,0.26306,0.39139,-0.24389,-0.14175,-0.19663,-0.11111,0.53694,-0.32293,-0.27811,-0.026673,-0.29064,-0.40357,0.16809,-0.054707,0.067562,0.2187,0.18471,0.059471,0.016041,0.068095,-0.15844,-0.094586,0.3503,0.051914,0.14235,-0.089202,0.084445,0.41976,0.28947,0.15429,-0.014659,0.18796,0.32995,-0.1281,-0.23538,-0.13517,-0.085192,0.091958,0.80714,-0.01535,0.2271,0.27619,0.014875,0.13008,-0.45333,0.0532,-0.13716,0.16828,0.24559,-0.029855,0.37661,0.25391,0.18591,0.051071,0.45886,0.23279,-0.085457,-0.30158,-0.087823,-0.108
-0.15966,-0.31447,0.38225,0.27261,0.42285,-0.09056,-0.15095,1,0.37052,0.42813,0.34587,0.41219,0.68066,0.26125,0.24871,0.49399,0.42791,0.41516,0.39488,0.53724,-0.0562,0.33235,0.31311,-0.030498,0.2158,0.5546,0.29275,0.27495,-0.044932,0.58127,NaN,0.3572,0.1469,0.35192,0.5574,-0.035096,-0.20381,0.19433,0.13411,0.31815,0.53144,0.18406,0.41654,0.58714,0.30985,0.45045,0.14742,0.29623,0.044325,0.45165,0.4137,0.36689,0.29851,0.23514,0.17625,0.046237,0.023007,NaN,0.10293,0.52844,0.31711,-0.37132,0.52283,0.34565,0.47602,0.06778,0.14108,-0.03237,0.24507,0.43467,0.26376,0.22037,0.42048,0.20799,0.2916,0.12516,0.19171,0.2887,0.30485,0.27389,0.26726,0.69516,0.53555,0.018259,0.44264,0.52373,0.58824,0.046581,0.20358,0.62556,0.29631,0.57017,0.50608,0.51735,0.16066,0.48278,-0.12885,0.33036,-0.046806,0.31879,0.31462,0.52095,0.16334,0.060413,0.19798,0.38935,0.25325,0.43266,0.19432,0.058021,0.2509,0.61776,-0.23066,0.61494,0.59049,-0.13907,0.21618,0.22555,0.023315,0.37201,0.047059,0.080841,0.25164,-0.43722,0.56417,0.27882,0.43798,0.38666,0.053973,0.42041,0.57624,0.64334,0.50681,-0.045457,0.57179,0.38073,0.046736,0.48571,0.35819,0.46401,-0.12536,0.19805,0.083871,0.22595,0.69957,0.5148,-0.26007,0.24479,0.37968,0.28679,0.70847,0.37544,-0.053524,0.58973,0.3513,0.36633,-0.028513,0.28802,0.57575,0.67584,0.44337,0.50373,0.34347,0.18364,0.57766,0.1783,0.29416,-0.21471,0.32638,0.37283,0.30988,0.32794,0.28855,0.6267,0.094361,0.10395,0.48523,0.26693,-0.36694,0.44935,0.016075,0.052757,0.46305,0.436,0.3984,0.19914,0.54597,0.19238,0.44963,0.43981,0.42726,0.13004,0.34752,-0.36331,-0.22385,0.064666,0.4006,0.51655,0.72272,0.50241
0.15344,0.31564,0.55914,0.29007,0.20207,0.036406,0.07565,0.37052,1,0.41426,0.57629,0.32155,0.46728,0.59063,0.69453,0.53693,0.76872,0.66151,0.58202,0.53503,0.13488,0.66591,0.33121,0.11493,0.49041,0.42769,0.64136,0.66038,-0.0637,0.64742,NaN,0.6003,0.46643,0.73749,0.49565,0.17982,0.01638,0.4175,0.48913,0.57976,0.47667,0.6009,0.43878,0.69851,0.66088,0.61714,0.42198,0.41735,0.3379,0.68866,0.61338,0.21647,0.4793,0.34903,0.43731,-0.033134,0.17411,NaN,0.28576,0.39807,0.69665,-0.077553,0.48804,0.47149,0.56492,0.10872,0.29861,0.076563,0.32913,0.56109,0.68463,0.48104,0.37073,0.75329,0.63409,0.45634,0.56481,0.57359,0.54918,0.61576,0.68985,0.51299,0.59077,0.31984,0.57626,0.68211,0.47847,0.43939,0.33171,0.7274,0.29621,0.3707,0.45732,0.57182,0.238,0.22811,-0.37135,0.52624,0.47971,0.68353,0.72108,0.28219,0.4773,-0.062329,0.22092,0.69151,0.56513,0.5052,0.50143,0.68581,0.58692,0.54731,-0.046293,0.6159,0.56401,0.35902,0.29656,0.37425,0.49546,0.62132,0.57648,0.4941,0.44449,0.14734,0.43064,0.32688,0.56022,0.40135,0.28431,0.7003,0.31018,0.12812,0.553,-0.11245,0.52379,0.66966,0.28561,0.64814,0.59404,0.56066,0.15691,0.16268,0.45325,0.54705,0.67784,0.016925,0.0021194,0.58093,0.10126,0.28725,0.27105,0.44705,0.47611,0.82075,0.42987,0.46443,0.59113,0.52515,0.37452,0.39814,0.64155,0.49925,0.43127,0.41276,0.37082,0.70532,0.25211,0.49344,0.47451,0.76205,0.68163,0.53428,0.39233,0.4305,-0.033435,0.68611,0.31773,0.23861,-0.21938,0.31351,0.53242,0.42724,0.71861,0.09423,0.5498,0.41622,0.53016,0.33481,0.57166,0.53373,0.49104,0.35652,0.51481,0.26339,0.11255,0.41667,0.5608,0.62034,0.55541,0.6381
-0.051123,0.24659,0.41995,0.42913,0.43877,0.15706,0.19715,0.42813,0.41426,1,0.46879,0.18388,0.73686,0.65838,0.60076,0.40743,0.5088,0.70787,0.45696,0.44368,0.04503,0.72525,0.3217,0.14595,0.31624,0.74698,0.58101,0.57659,0.3899,0.7039,NaN,0.5717,0.74386,0.72827,0.73002,0.4927,0.26881,0.60285,0.30105,0.7863,0.29835,0.53087,0.51811,0.49673,0.77625,0.5407,0.68756,0.6827,0.43565,0.6876,0.59933,0.098553,0.69603,0.54804,0.34869,0.31027,0.0092953,NaN,0.10987,0.55891,0.5245,0.17551,0.71108,0.61259,0.69291,0.16538,0.50954,0.26538,0.61504,0.65653,0.43313,0.62793,0.59491,0.63578,0.81795,0.24464,0.52375,0.32832,0.81879,0.33349,0.46194,0.29613,0.57389,0.40907,0.78889,0.71606,0.4451,0.44796,0.63124,0.5726,0.48037,0.46932,0.60826,0.37059,0.46588,0.019532,-0.20875,0.57945,0.48201,0.47362,0.5898,0.45868,0.59743,0.055778,0.22677,0.81633,0.80536,0.49272,0.32601,0.4334,0.71943,0.52717,0.012425,0.50044,0.72961,0.6201,0.2745,0.41113,0.22654,0.68311,0.30537,-0.055584,0.63101,0.067741,0.68994,0.63082,0.37233,0.60853,0.37569,0.75298,0.27811,0.5421,0.65148,0.20821,0.71765,0.69695,0.45037,0.50745,0.422,0.6331,0.44777,0.12663,0.07114,0.31598,0.51574,0.50372,0.099742,0.21729,0.4532,0.57179,0.44954,0.40354,0.37724,0.49944,0.52187,0.18192,0.072801,0.64405,0.51377,0.47229,0.48869,0.78811,0.78004,0.59457,0.31667,0.46203,0.57204,0.4617,0.707,0.33276,0.58658,0.70099,0.76476,0.64347,0.23467,0.23858,0.057998,0.3967,-0.013998,0.73109,0.2431,0.42246,0.56111,0.2807,0.31413,0.76623,0.61206,0.646,0.74468,0.64011,0.46685,0.10722,0.35396,-0.034,0.25966,0.69447,0.71444,0.64126,0.62117,0.43965
-0.32963,0.60558,0.19827,0.59339,0.19728,-0.22887,-0.32942,0.34587,0.57629,0.46879,1,-0.054719,0.61156,0.43662,0.56248,0.57829,0.56556,0.66031,0.86923,0.4858,0.18601,0.63853,0.54372,-0.21314,0.45329,0.65331,0.42218,0.40067,-0.20289,0.6053,NaN,0.64736,0.36175,0.64528,0.6268,-0.058099,-0.086186,0.28276,0.27595,0.51119,0.6494,0.48122,0.48389,0.75906,0.63411,0.77559,0.2059,0.20999,0.28301,0.5243,0.49066,0.29188,0.41052,0.56187,0.50415,0.0073959,-0.056589,NaN,0.026061,0.57272,0.67696,-0.3034,0.35916,0.53894,0.5661,-0.43254,0.38262,0.13215,0.48495,0.65769,0.16264,0.74671,0.4342,0.43424,0.68441,0.3341,0.14486,0.39851,0.57348,0.65541,0.71694,0.57951,0.46924,0.075684,0.56936,0.64696,0.26595,0.015264,0.362,0.5479,0.3085,0.57758,0.27622,0.47,0.31179,0.50428,-0.28771,0.62819,0.078095,0.83654,0.53952,0.57126,0.36136,-0.21198,0.32596,0.43936,0.64576,0.62619,0.26039,0.56169,0.55076,0.30829,-0.14637,0.83091,0.53013,0.43106,-0.0059253,0.38972,-0.15287,0.46409,0.67858,0.15399,0.47163,0.026399,0.54445,0.29344,0.84674,0.48886,0.12606,0.65,0.41002,0.45464,0.38055,0.065395,0.69768,0.40805,-0.053455,0.40617,0.51442,0.60469,0.0068773,0.0295,0.24211,0.44647,0.67156,0.29723,-0.36266,0.85887,0.44743,0.22862,0.395,0.76671,0.15965,0.64133,0.33312,0.23258,0.21652,0.46045,0.65086,0.080991,0.87428,0.60267,0.17509,0.45905,0.41511,0.4905,0.47973,0.34685,0.53835,0.44267,0.80045,0.53239,0.40344,0.48757,0.23725,0.37502,0.26314,0.18298,-0.5796,0.53802,0.052918,0.2211,0.68462,0.14786,0.39364,0.45865,0.6845,0.50137,0.51219,0.61496,0.031342,0.29072,0.49788,0.069164,-0.22836,0.51354,0.50022,0.83366,0.54813,0.78059
0.050222,-0.21452,0.29024,-0.2183,0.27365,0.40128,0.29232,0.41219,0.32155,0.18388,-0.054719,1,0.29341,0.25482,0.18065,0.36932,0.0045043,0.27942,0.10397,0.11245,0.19528,0.21685,0.084628,0.12478,0.39008,0.38456,0.26738,0.13538,0.18561,0.14203,NaN,0.27451,-0.15265,0.26006,0.016152,0.24074,-0.12493,0.28046,0.46991,0.22749,0.039457,0.4228,0.36543,0.41122,-0.026718,0.18493,0.1075,0.25088,0.34093,0.42829,0.1144,-0.34558,0.17416,0.11973,0.29408,0.19236,0.50752,NaN,0.048343,0.25346,0.12964,0.13306,0.56244,0.19134,0.25363,0.15207,0.17674,-0.31687,-0.22153,-0.23025,0.44664,-0.0058352,0.022289,0.22697,0.073508,0.080464,0.34498,0.083873,0.38806,0.3202,0.30376,0.21721,0.2134,0.12482,0.42585,0.29563,0.27167,0.20867,0.16176,0.38051,0.12551,0.19764,0.5735,0.13667,-0.092104,0.35591,-0.14287,0.25577,0.085557,0.08384,0.42189,0.065797,-0.040063,-0.013819,-0.005667,0.4332,0.00065057,0.076953,0.33535,0.13934,0.19427,0.53287,0.081635,0.1446,0.17601,0.10464,0.55684,0.17524,0.50447,0.20619,0.050575,0.36777,0.2004,0.18653,0.3883,-0.14917,0.16925,0.33376,0.62508,-0.008726,0.11379,0.15186,0.43112,-0.27678,0.22403,0.26903,0.15284,0.28666,0.21212,0.30042,0.23592,0.068613,0.37124,0.34099,0.34815,0.084393,0.00014174,0.11162,-0.014526,0.19833,0.15989,-0.00031265,0.08368,0.27259,0.17952,0.6949,0.45195,-0.19363,0.18317,0.63247,0.10433,0.25116,0.45902,0.13928,0.29745,0.14525,0.041565,0.14152,0.32911,0.10772,0.23963,0.1293,0.28404,0.32565,0.19867,0.043833,0.18079,0.50619,0.22697,0.090873,0.47084,0.16233,0.28108,0.37636,0.15374,0.31319,0.20345,0.12589,0.51289,0.12064,0.25987,0.19582,0.39907,-0.15059,0.094848,0.2001,0.099462,0.14302,0.32119,0.042895
-0.19397,0.17418,0.51373,0.51185,0.53102,0.092003,-0.046032,0.68066,0.46728,0.73686,0.61156,0.29341,1,0.49782,0.53535,0.63716,0.48005,0.70454,0.52572,0.57467,0.12347,0.72651,0.2727,0.029856,0.37206,0.74376,0.39323,0.42025,0.24367,0.67346,NaN,0.65125,0.53271,0.61751,0.66032,0.23951,-0.10099,0.30514,0.37416,0.51442,0.57506,0.50152,0.64903,0.67796,0.57544,0.7311,0.22025,0.27598,0.31788,0.62161,0.46242,0.23492,0.40098,0.56149,0.28582,0.062729,0.1615,NaN,0.20449,0.54945,0.571,-0.18336,0.70027,0.42194,0.75827,-0.021155,0.30437,0.051198,0.41025,0.60114,0.39245,0.53711,0.61208,0.46115,0.62662,0.49584,0.35352,0.26878,0.60452,0.42998,0.4451,0.48066,0.43159,0.28189,0.62226,0.69011,0.45243,0.26073,0.30274,0.64004,0.40494,0.53397,0.68877,0.36089,0.21587,0.39482,-0.21917,0.55686,0.34536,0.51704,0.51867,0.59094,0.38019,-0.21123,0.087809,0.62268,0.62465,0.60715,0.34123,0.36705,0.58591,0.60087,-0.15342,0.71983,0.73329,0.31187,0.22617,0.36469,0.15839,0.51533,0.37689,0.14339,0.54878,-0.12598,0.62687,0.51092,0.51099,0.43436,0.15239,0.73708,0.60589,0.67259,0.51563,0.10725,0.81514,0.53522,0.35721,0.54258,0.54167,0.61358,0.16315,0.2144,0.37589,0.51474,0.72739,0.541,-0.23769,0.40389,0.40407,0.38137,0.55395,0.46701,0.24087,0.67186,0.54854,0.39867,0.10425,0.46158,0.71393,0.49558,0.68291,0.67724,0.54535,0.33999,0.52848,0.4911,0.32583,0.226,0.51613,0.36312,0.6832,0.51409,0.48461,0.72561,0.35202,0.15631,0.2713,0.32237,-0.28034,0.6433,0.30285,0.30107,0.63484,0.22377,0.45961,0.48132,0.73882,0.62526,0.62721,0.64518,0.42984,0.31401,0.23719,0.10932,0.11273,0.63009,0.44114,0.84565,0.74126,0.55437
-0.095564,0.32957,0.29238,0.2471,0.31494,-0.0098558,0.048605,0.26125,0.59063,0.65838,0.43662,0.25482,0.49782,1,0.5694,0.32572,0.52136,0.77907,0.28519,0.37532,-0.028482,0.68506,0.12832,0.016106,0.35113,0.48627,0.50053,0.63365,-0.017719,0.58879,NaN,0.59373,0.52147,0.63389,0.46755,0.24661,0.052943,0.33798,0.24649,0.73525,0.2134,0.46735,0.45424,0.52706,0.65182,0.59347,0.54204,0.31894,0.32355,0.43478,0.50055,0.084808,0.52828,0.35255,0.27771,-0.065224,-0.04155,NaN,-0.16778,0.61754,0.59079,-0.06968,0.62326,0.50619,0.46579,0.2541,0.48537,0.0088894,0.36057,0.46612,0.49526,0.5121,0.50175,0.51415,0.6505,0.3199,0.48114,0.46711,0.64625,0.41031,0.47076,0.18388,0.50188,0.15681,0.55754,0.61459,0.43159,0.22843,0.36996,0.50674,0.16973,0.29191,0.38119,0.36262,0.49102,0.21133,-0.19188,0.66747,0.45764,0.57035,0.71291,0.19801,0.38452,-0.060256,0.12789,0.73604,0.52288,0.5406,0.24956,0.45366,0.49303,0.38633,-0.16311,0.34396,0.3953,0.40755,0.30118,0.44555,0.29635,0.62999,0.54277,0.30566,0.59656,0.16472,0.7644,0.50422,0.42481,0.4988,0.26738,0.67532,-0.03791,0.38393,0.4546,0.095307,0.5191,0.56187,0.19449,0.4895,0.33447,0.66423,0.48706,0.058411,0.33992,0.26959,0.44169,0.41972,-0.16811,0.30503,0.01097,0.32937,0.18582,0.30906,0.39753,0.56608,0.44188,0.25446,0.36343,0.50462,0.38949,0.43781,0.47029,0.55938,0.4288,0.61121,0.24185,0.43761,0.2463,0.36529,0.46851,0.44498,0.55429,0.55225,0.60092,0.37098,0.22814,0.34671,0.01501,0.41388,-0.27838,0.57902,0.3655,0.093823,0.66295,0.18635,0.45901,0.69481,0.4178,0.6048,0.66511,0.41219,0.38848,0.33286,0.4479,0.21753,-0.022992,0.56723,0.64418,0.52234,0.51493,0.40999
0.3428,0.44556,0.37285,0.32984,0.29591,0.11332,0.32339,0.24871,0.69453,0.60076,0.56248,0.18065,0.53535,0.5694,1,0.66593,0.57849,0.69505,0.44649,0.58257,0.077139,0.68603,0.40817,0.44569,0.50556,0.40583,0.61143,0.64524,0.1327,0.56889,NaN,0.62929,0.57365,0.64713,0.42674,0.35759,0.14759,0.62367,0.64791,0.70257,0.2938,0.57966,0.58161,0.73067,0.61818,0.49808,0.38163,0.55077,0.55825,0.63344,0.51611,0.23174,0.55607,0.38621,0.35524,0.39348,0.31182,NaN,0.36058,0.33303,0.76784,0.2425,0.52768,0.39909,0.73108,0.30246,0.553,0.15714,0.44471,0.55037,0.51609,0.65791,0.61713,0.59994,0.66223,0.62402,0.59426,0.58594,0.5444,0.52549,0.73454,0.42433,0.57807,0.55078,0.62099,0.63419,0.27123,0.37587,0.34874,0.5785,0.29,0.40181,0.6394,0.60525,0.42034,0.22723,-0.4267,0.4752,0.252,0.75051,0.6728,0.46246,0.50791,0.21172,0.41472,0.58443,0.71857,0.20989,0.47074,0.59612,0.62978,0.33024,0.32367,0.59058,0.68936,0.56618,0.15515,0.44499,0.42816,0.71273,0.49561,0.25873,0.31301,0.21382,0.58369,0.43374,0.56863,0.59953,0.46138,0.69505,0.26277,0.31381,0.44995,-0.086165,0.64384,0.83306,0.27246,0.61464,0.56755,0.41475,0.2153,0.49654,0.15909,0.31145,0.47705,0.12459,0.04551,0.52584,0.33897,0.22103,0.22959,0.53398,0.41131,0.72817,0.61101,0.34589,0.32473,0.55849,0.43553,0.21481,0.67317,0.50006,0.42674,0.45677,0.52946,0.44284,0.30974,0.65413,0.74728,0.622,0.59438,0.59153,0.60204,0.34819,0.31503,0.45199,0.16017,0.29778,0.12172,0.40411,0.40229,0.56573,0.76121,-0.070415,0.21505,0.59216,0.62358,0.39082,0.72155,0.54756,0.56189,0.58837,0.50748,0.044275,0.25264,0.50964,0.43688,0.54321,0.50689,0.5848
0.12045,0.27922,0.59276,0.22102,0.39269,0.13635,0.095339,0.49399,0.53693,0.40743,0.57829,0.36932,0.63716,0.32572,0.66593,1,0.42789,0.63222,0.54932,0.66829,0.1365,0.62917,0.36734,0.26391,0.5813,0.50309,0.49136,0.35592,0.16074,0.35123,NaN,0.63019,0.27971,0.58181,0.26437,-0.094828,0.023408,0.34561,0.65592,0.29984,0.39815,0.49739,0.73561,0.76337,0.36809,0.63079,0.073868,0.26493,0.49452,0.44469,0.59761,0.22452,0.28532,0.44324,0.57451,0.048496,0.27935,NaN,0.20525,0.44545,0.46847,-0.13861,0.44163,0.36846,0.6254,0.024516,0.35289,-0.2031,0.19573,0.33667,0.43734,0.48789,0.40033,0.26779,0.54023,0.3742,0.34349,0.49893,0.38497,0.74189,0.74328,0.70682,0.30777,0.2985,0.47954,0.66082,0.4924,0.23274,0.32504,0.5667,0.3453,0.39243,0.6357,0.50377,0.069727,0.51807,-0.36221,0.35134,-0.028585,0.59561,0.50337,0.39498,0.1225,-0.0017363,0.39571,0.37141,0.48057,0.29674,0.60151,0.45966,0.38166,0.36588,0.0068865,0.65587,0.59255,0.27954,0.38246,0.5166,0.31915,0.53232,0.45374,0.16642,0.34337,-0.065607,0.5297,0.087132,0.63638,0.58378,0.35626,0.45631,0.57287,0.46717,0.46313,0.019845,0.67135,0.57068,0.068578,0.46976,0.795,0.47811,-0.092622,0.44136,0.17058,0.39729,0.67589,0.23019,-0.10918,0.50209,0.4094,0.21288,0.44814,0.62139,0.039828,0.56583,0.2986,0.40952,0.14673,0.25084,0.73874,0.39115,0.65964,0.53678,0.29258,0.48063,0.86581,0.37011,0.40177,0.3106,0.67149,0.46309,0.56087,0.50839,0.40899,0.54866,0.38404,0.38225,0.043198,0.38366,-0.082454,0.29363,0.34528,0.49697,0.61621,-0.091505,0.23075,0.41476,0.82446,0.444,0.5777,0.67464,0.38035,0.49733,0.38271,-0.073239,-0.084608,0.51147,0.28088,0.58892,0.62171,0.65676
-0.06248,0.28782,0.47651,0.3252,0.27095,0.077437,-0.076622,0.42791,0.76872,0.5088,0.56556,0.0045043,0.48005,0.52136,0.57849,0.42789,1,0.6187,0.56377,0.68843,-0.16293,0.5974,0.42462,0.076385,0.4215,0.48477,0.49788,0.52333,0.073236,0.68429,NaN,0.59189,0.66674,0.59119,0.57649,0.02053,-0.069721,0.24502,0.13071,0.44395,0.5655,0.38975,0.53913,0.61136,0.74775,0.67818,0.53627,0.43249,0.11991,0.58075,0.74909,0.20022,0.32748,0.31266,0.10294,-0.0056292,-0.094296,NaN,0.34558,0.30103,0.41129,-0.15991,0.41244,0.49096,0.66159,0.063623,0.44179,0.47628,0.42648,0.75977,0.57092,0.50596,0.56537,0.57274,0.65886,0.39585,0.37887,0.64635,0.4308,0.45915,0.53221,0.41772,0.54741,0.1869,0.49764,0.64599,0.40433,0.39308,0.48933,0.5874,0.17892,0.30377,0.41391,0.34112,0.41949,0.084767,-0.16236,0.4628,0.34384,0.54926,0.43087,0.37804,0.52201,-0.22291,0.45854,0.55545,0.64022,0.51027,0.22159,0.42686,0.65692,0.4987,-0.11862,0.47174,0.51915,0.17157,0.20209,0.41887,0.24765,0.63565,0.33233,0.26296,0.37437,-0.062925,0.39634,0.51223,0.52591,0.458,-0.063626,0.77336,0.22185,0.21469,0.54596,0.026979,0.62021,0.45105,0.32312,0.74399,0.38127,0.51986,0.074695,0.091177,0.17766,0.36237,0.63247,0.28604,-0.12096,0.42433,0.29271,0.28517,0.27528,0.3786,0.30842,0.6476,0.28301,0.098848,0.28104,0.76103,0.51491,0.36525,0.70384,0.63695,0.3946,0.33889,0.36192,0.6905,0.36778,0.30981,0.41059,0.75966,0.55615,0.49486,0.51016,0.54516,0.069868,0.65706,0.36211,0.00020707,-0.35232,0.34754,0.14792,0.38827,0.58755,0.12328,0.69436,0.30857,0.68243,0.4535,0.52745,0.65891,0.47695,0.18395,0.38328,0.015638,0.11258,0.35457,0.54333,0.62465,0.55954,0.75446
-0.26112,0.28177,0.28809,0.42607,0.42969,0.078582,0.033683,0.41516,0.66151,0.70787,0.66031,0.27942,0.70454,0.77907,0.69505,0.63222,0.6187,1,0.54854,0.47995,0.067961,0.92434,0.28603,-0.071884,0.348,0.65461,0.65638,0.51954,0.049874,0.68696,NaN,0.94557,0.60943,0.83608,0.52429,0.027262,0.10663,0.42408,0.38507,0.63507,0.28302,0.68509,0.57014,0.75473,0.79048,0.81174,0.45821,0.37063,0.49339,0.58026,0.76046,0.093623,0.57717,0.51266,0.4384,-0.017955,0.017074,NaN,0.24519,0.49315,0.68927,-0.085131,0.68757,0.46168,0.65545,-0.061422,0.48309,0.12795,0.4323,0.64869,0.47428,0.76142,0.56037,0.56025,0.80368,0.50862,0.47863,0.33644,0.74476,0.55937,0.70241,0.43136,0.56169,0.089095,0.69355,0.73742,0.45671,0.19803,0.47985,0.67814,0.35755,0.46622,0.55286,0.52343,0.41009,0.43632,-0.42028,0.5451,0.32964,0.71728,0.70148,0.34925,0.51057,-0.0742,0.27893,0.7694,0.79251,0.66069,0.41991,0.59445,0.70768,0.4134,-0.082102,0.63804,0.54507,0.5494,0.30922,0.63844,0.18243,0.63576,0.54552,0.2285,0.56328,0.12356,0.68317,0.44609,0.65485,0.69018,0.3691,0.66766,0.28243,0.53701,0.50236,0.27084,0.67002,0.67953,0.15903,0.72981,0.53678,0.59175,0.3415,0.016504,0.3403,0.3919,0.67942,0.35792,-0.17203,0.46121,0.34722,0.41633,0.30645,0.60537,0.35042,0.64832,0.4664,0.2926,0.29233,0.62998,0.61364,0.48226,0.63214,0.78337,0.38227,0.66519,0.45458,0.67033,0.34413,0.49291,0.71324,0.42694,0.70582,0.71321,0.78908,0.64015,0.2476,0.42772,0.26674,0.38109,-0.28655,0.66106,0.30627,0.24131,0.89829,0.18761,0.49786,0.71975,0.69323,0.67389,0.81397,0.73415,0.22869,0.39922,0.47018,0.053555,0.058382,0.71007,0.64888,0.73804,0.66066,0.68994
-0.29384,0.42665,0.27647,0.58457,0.11178,0.031197,-0.22029,0.39488,0.58202,0.45696,0.86923,0.10397,0.52572,0.28519,0.44649,0.54932,0.56377,0.54854,1,0.4274,0.30557,0.56086,0.50321,-0.27649,0.56848,0.63127,0.45847,0.39406,-0.11548,0.65494,NaN,0.59056,0.30745,0.61456,0.68591,0.0061326,0.023308,0.26051,0.3105,0.49698,0.55997,0.42734,0.36146,0.63795,0.64079,0.71045,0.28286,0.27879,0.14428,0.65598,0.52058,0.18013,0.39915,0.52563,0.56956,0.064675,-0.0060492,NaN,0.084423,0.51617,0.49024,-0.15064,0.29156,0.49276,0.52271,-0.50909,0.35642,0.25167,0.42918,0.56628,0.19603,0.58136,0.14287,0.50178,0.64512,0.1121,0.1999,0.42333,0.61079,0.71983,0.76504,0.65559,0.47084,0.23201,0.6564,0.64609,0.43658,0.13972,0.5186,0.54207,0.3345,0.62512,0.30287,0.40858,0.12404,0.43171,-0.2826,0.58046,0.11701,0.61268,0.46429,0.37115,0.3616,-0.096746,0.33378,0.49364,0.62946,0.51606,0.27024,0.62156,0.55079,0.5227,-0.0076997,0.76628,0.62328,0.36532,0.094645,0.41909,-0.076059,0.36486,0.66681,0.16793,0.40062,0.012232,0.42937,0.22056,0.82694,0.5169,0.20192,0.55484,0.49473,0.23907,0.57831,-0.018337,0.62382,0.35005,0.035928,0.37716,0.56762,0.54889,-0.087521,-0.11151,0.15712,0.51534,0.77006,0.1512,-0.08433,0.8182,0.40158,0.24811,0.40763,0.69934,0.14913,0.56705,0.28866,0.24228,0.29331,0.38468,0.59767,0.2505,0.7712,0.68658,0.33022,0.45523,0.33622,0.51352,0.67818,0.3799,0.52083,0.53079,0.7987,0.44797,0.42368,0.5532,0.18849,0.44169,0.28657,0.15392,-0.42863,0.47748,0.071409,0.27489,0.55703,0.31802,0.29957,0.42512,0.65486,0.34116,0.47959,0.71104,-0.023089,0.21806,0.55049,-0.012115,-0.12807,0.54129,0.49443,0.71009,0.48735,0.79177
0.047664,0.14902,0.5473,0.1635,0.5175,-0.10653,-0.15191,0.53724,0.53503,0.44368,0.4858,0.11245,0.57467,0.37532,0.58257,0.66829,0.68843,0.47995,0.4274,1,-0.32239,0.49756,0.48551,0.17252,0.67775,0.54228,0.31762,0.51914,-0.014181,0.42788,NaN,0.42081,0.33023,0.45162,0.3626,0.010612,-0.13062,0.33525,0.30404,0.31469,0.58489,0.2038,0.6899,0.65154,0.43015,0.61739,0.27919,0.2295,0.41539,0.3987,0.61786,0.36352,0.1505,0.2686,0.13896,-0.12286,0.20482,NaN,0.22098,0.43274,0.43779,-0.25831,0.35807,0.46831,0.73422,0.2293,0.49675,0.16783,0.288,0.53298,0.43971,0.51152,0.56624,0.34799,0.48094,0.25587,0.18174,0.78842,0.21977,0.60946,0.53362,0.65592,0.49686,0.21133,0.39467,0.7753,0.57479,0.28482,0.26707,0.57251,-0.019534,0.22543,0.49574,0.35,0.22373,0.42327,-0.21404,0.57851,0.052458,0.54112,0.21607,0.37568,0.33908,-0.13302,0.49853,0.34033,0.46471,0.45381,0.24942,0.31485,0.29977,0.43012,-0.20973,0.55325,0.52653,0.071175,0.20938,0.41317,0.25247,0.54109,0.33906,0.39486,0.5141,-0.32806,0.50201,0.16516,0.58071,0.46006,-0.071667,0.70712,0.44704,0.38652,0.27388,-0.1819,0.77043,0.54466,0.042867,0.54667,0.47261,0.36173,-0.24103,0.25305,0.0012597,0.29452,0.5217,0.40425,-0.22857,0.41975,0.37181,0.19872,0.36752,0.38489,0.016879,0.61831,0.39459,0.2271,0.15434,0.35495,0.62557,0.38797,0.59531,0.52011,0.43884,0.11278,0.68306,0.40878,0.33854,0.155,0.46974,0.60767,0.5374,0.51182,0.26213,0.49312,0.33339,0.44791,0.13011,0.048684,-0.30923,0.37556,0.16109,0.58044,0.46086,-0.099455,0.56797,0.31295,0.8033,0.39375,0.46034,0.5228,0.50052,0.25059,0.14756,-0.092861,-0.14175,0.25424,0.3828,0.59289,0.70979,0.66093
0.035988,0.25949,0.16513,0.041645,-0.4674,0.24551,0.24139,-0.0562,0.13488,0.04503,0.18601,0.19528,0.12347,-0.028482,0.077139,0.1365,-0.16293,0.067961,0.30557,-0.32239,1,0.22158,0.12621,-0.11107,0.09434,-0.021716,0.078814,0.10781,0.22809,0.17008,NaN,0.12504,0.058936,0.2806,0.11232,0.33654,-0.088356,0.23692,0.44052,0.17276,-0.010235,0.34786,-0.014499,-0.02894,0.045042,-0.060977,-0.17895,0.057237,-0.051216,0.42626,-0.063248,-0.0016725,0.167,0.40553,0.33135,0.38335,-0.0043495,NaN,0.11235,0.010515,0.090789,0.2566,0.1648,-0.1326,-0.0060891,-0.41778,-0.37336,-0.12528,0.0025157,-0.084839,0.056825,-0.016041,-0.23277,0.11337,0.068078,0.082926,0.12743,-0.26177,0.2775,0.28252,0.33839,0.13559,-0.18041,0.21381,0.088744,-0.021961,-0.081701,0.12076,0.20557,0.12136,0.5613,0.10131,0.14697,0.086725,-0.22884,-0.04023,-0.089442,0.078909,0.3057,-0.0036413,0.27565,0.085268,-0.18369,0.23055,0.020332,0.24203,0.035912,-0.14153,0.36016,0.23578,0.1851,0.062721,0.45572,0.241,0.31944,0.07545,0.088575,-0.076818,0.15142,-0.087914,0.16581,-0.056613,-0.27454,0.60452,-0.15371,0.10106,-0.0060438,0.0033096,0.35963,-0.021272,0.16472,-0.23213,0.25006,0.30628,0.099558,0.10309,0.13813,-0.10691,0.3638,0.061722,0.34437,0.06838,0.099471,0.1466,0.34221,-0.22523,0.27051,0.17884,-0.046824,0.15374,0.099461,0.1631,0.12338,0.019351,0.095268,0.23215,0.18898,-0.17794,0.067284,0.044778,0.12783,0.080274,0.047203,0.29925,-0.096221,0.15868,0.21885,0.095561,0.11357,0.18386,0.28944,-0.0091141,0.010952,0.26345,-0.093926,0.12519,-0.057322,0.074944,0.11285,0.036222,0.24351,0.012023,-0.012123,0.27204,-0.2662,0.091815,0.049924,0.076431,-0.017069,0.090312,-0.12581,0.092473,0.10007,0.12435,0.31669,0.34785,-0.040646,0.23943,-0.032534,0.14408
-0.13449,0.36634,0.4487,0.37262,0.43963,0.10731,0.14331,0.33235,0.66591,0.72525,0.63853,0.21685,0.72651,0.68506,0.68603,0.62917,0.5974,0.92434,0.56086,0.49756,0.22158,1,0.23251,0.0010626,0.41359,0.6611,0.69535,0.62403,0.13437,0.69019,NaN,0.88071,0.68482,0.9226,0.56566,0.16082,0.16102,0.49564,0.46676,0.62564,0.3389,0.76853,0.55423,0.64278,0.81923,0.71081,0.50131,0.36688,0.50364,0.67893,0.7534,0.12374,0.55526,0.71263,0.48417,0.0024833,0.020876,NaN,0.36229,0.35637,0.70124,-0.013485,0.69052,0.44449,0.69786,-0.10624,0.38928,0.247,0.51756,0.6972,0.46675,0.80491,0.51639,0.56043,0.84261,0.44297,0.4746,0.2912,0.77804,0.59875,0.73152,0.43164,0.51747,0.19491,0.72253,0.78202,0.47001,0.2806,0.60814,0.63788,0.53539,0.37426,0.58611,0.48053,0.34769,0.32473,-0.43423,0.51433,0.48901,0.67616,0.6585,0.37295,0.47502,-0.07469,0.29592,0.80587,0.82636,0.62817,0.61402,0.60125,0.76092,0.47107,0.022765,0.65206,0.6379,0.57945,0.30906,0.54583,0.28379,0.65995,0.52939,0.2614,0.54335,0.18695,0.55331,0.51032,0.56595,0.58525,0.35293,0.69452,0.37155,0.38342,0.52421,0.26393,0.73069,0.72513,0.26207,0.7017,0.66667,0.49635,0.37729,0.072999,0.24891,0.45889,0.64593,0.3034,-0.024779,0.42003,0.28511,0.53704,0.34452,0.52173,0.42481,0.61318,0.4805,0.23915,0.23876,0.60973,0.64418,0.42647,0.60615,0.80058,0.45839,0.56772,0.47959,0.75922,0.462,0.54681,0.72609,0.45446,0.81424,0.78399,0.70828,0.70808,0.14269,0.42445,0.21431,0.186,-0.18208,0.63613,0.40569,0.32502,0.79943,0.12761,0.40964,0.68513,0.73,0.68067,0.73749,0.73717,0.28,0.29732,0.35948,0.15489,0.18532,0.83007,0.66085,0.76106,0.67634,0.67607
-0.13154,0.35475,0.064291,0.096016,-0.17086,0.011522,-0.26983,0.31311,0.33121,0.3217,0.54372,0.084628,0.2727,0.12832,0.40817,0.36734,0.42462,0.28603,0.50321,0.48551,0.12621,0.23251,1,-0.058774,0.48582,0.46167,0.033201,0.17047,0.0175,0.25685,NaN,0.25949,0.13328,0.37587,0.29145,0.19589,-0.12541,0.45847,0.16342,0.26051,0.27199,0.23078,0.52221,0.57448,0.23981,0.40653,0.13274,0.3821,0.39409,0.48331,0.45833,0.051772,0.33138,0.17382,0.26787,0.37112,0.27342,NaN,0.044981,0.39892,0.33572,0.14587,0.2843,0.32965,0.57476,-0.14363,0.17132,0.062775,0.22958,0.35748,0.30559,0.46456,0.43567,0.32098,0.30782,0.11372,0.22875,0.35436,0.26713,0.46343,0.55696,0.5621,0.26532,-0.0069504,0.28743,0.4497,-0.023652,0.34522,0.30493,0.44098,0.17809,0.30246,0.34964,0.18861,0.20294,0.18544,-0.015907,0.41774,-0.12509,0.49049,0.21891,0.59326,0.44735,0.09083,0.63752,0.2347,0.34452,0.31999,0.094198,0.26323,0.30255,0.15615,-0.11777,0.5061,0.34448,0.11276,0.096006,0.44599,-0.09901,0.19499,0.15263,0.19051,0.24494,0.30332,0.20902,-0.086552,0.51175,0.30344,0.31016,0.45617,0.1221,0.21932,0.19753,-0.064676,0.4844,0.32618,-0.024969,0.39064,0.20151,0.30281,0.16362,0.090366,-0.10544,0.25791,0.49095,0.21321,-0.070039,0.47885,0.65071,0.24789,0.33081,0.548,-0.24901,0.343,0.18142,0.32838,0.26755,0.19559,0.28687,0.081833,0.48196,0.43268,0.32274,0.20856,0.19042,0.3299,0.38841,0.073387,0.36548,0.40689,0.36121,0.28339,0.17592,0.49122,0.19219,0.41866,0.10758,0.35044,-0.24514,0.34886,-0.16206,0.52336,0.22807,0.087822,0.41461,0.24173,0.53844,0.22008,0.25815,0.40051,0.17097,0.074341,0.3109,-0.32448,0.075233,-0.0097316,0.34907,0.58759,0.46615,0.47435
0.86836,0.22807,0.40501,-0.20864,0.27823,0.17459,0.61904,-0.030498,0.11493,0.14595,-0.21314,0.12478,0.029856,0.016106,0.44569,0.26391,0.076385,-0.071884,-0.27649,0.17252,-0.11107,0.0010626,-0.058774,1,0.12774,-0.10206,0.12719,0.075777,0.48057,-0.15667,NaN,-0.15541,0.30204,0.011132,-0.11088,0.31821,0.16525,0.28548,0.44267,0.15852,-0.027852,0.29526,0.19898,0.054616,-0.11264,-0.28177,0.14723,0.3673,0.23541,0.14157,-0.0066348,-0.11075,0.23983,0.033944,0.073055,0.44222,0.33413,NaN,0.14091,-0.22008,0.083634,0.29213,0.17445,0.2156,0.2665,0.73706,0.16527,-0.064187,-0.010585,-0.080554,0.42285,0.0059361,0.24957,-0.013882,0.037348,0.26369,0.29285,0.30464,0.033084,-0.095677,0.063005,-0.13418,0.028996,0.54238,0.09125,0.09553,-0.11051,0.37565,0.077185,-0.14026,0.20114,0.013814,0.30107,0.11819,0.19135,-0.35532,-0.26201,-0.23754,-0.0053565,0.032951,0.31208,0.23699,-0.057428,0.12272,0.035247,0.016742,0.024483,-0.41702,0.43132,-0.058817,0.1014,0.085196,0.35974,-0.19341,0.2534,0.15569,0.18036,-0.12061,0.4808,0.39817,-0.14353,-0.038023,-0.15773,0.096814,0.11252,0.14184,-0.17454,0.1037,0.29794,0.096771,-0.12852,0.049514,0.17491,-0.26773,0.036828,0.3235,0.50093,0.091003,0.15088,0.035256,0.17138,0.8526,-0.11816,-0.11772,-0.21785,0.060627,0.21437,-0.22593,0.1224,0.059471,-0.0015908,-0.20901,0.25333,0.01083,-0.068497,0.14149,-0.04427,0.073547,-0.020174,-0.10985,0.026,-0.12498,0.21077,-0.0019917,0.39007,-0.070472,0.026897,0.26081,0.24551,0.17855,-0.11038,0.22963,0.12538,-0.16357,-0.062159,-0.094432,-0.30602,0.11784,0.66603,-0.12774,0.21777,0.46442,0.030224,-0.35891,-0.15301,0.042857,0.078341,0.027781,0.19528,0.042061,0.70947,0.31463,0.23356,0.020565,0.37409,-0.010862,-0.069979,-0.17862,-0.019391,-0.12751
