0.00032356,3.6575e-05,-4.5952e-05,1.1309e-06,8.3495e-06,3.044e-05,1.7474e-05,4.2733e-05,1.4883e-05,8.8542e-05,5.3097e-05,3.0423e-05,3.8876e-05,2.2044e-05,-9.4515e-07,-8.7052e-06,-1.9248e-05,8.103e-05,1.1382e-05,2.2306e-05,-0.00011667,2.5009e-05,-1.9714e-06,0.00020423,-7.1865e-06,6.8403e-06,-2.8093e-05,0.00010135,3.8336e-05,2.0247e-05,0,3.9083e-05,6.0848e-05,7.0246e-05,-2.5359e-05,7.7563e-05,7.3087e-05,3.5543e-05,-2.3449e-05,3.5712e-06,2.7084e-05,-1.759e-05,-6.5124e-05,2.5609e-05,-3.4789e-05,1.8587e-05,3.6532e-05,2.1056e-05,7.9587e-05,-1.4088e-05,2.2753e-05,6.9461e-05,-6.9479e-05,6.887e-05,8.5089e-06,1.5668e-05,0.00010976,5.6463e-05,4.3122e-05,2.5672e-05,7.7434e-06,0.00014008,4.1617e-05,2.3618e-06,6.9713e-06,0.00012215,6.2388e-05,-5.2004e-06,-1.0811e-05,-1.688e-05,2.8168e-05,1.3733e-05,-6.9559e-05,4.6133e-05,-4.786e-06,0.00014073,5.4332e-05,-8.6976e-06,-1.1744e-05,5.0221e-05,-2.1833e-05,7.4816e-05,9.807e-06,3.9258e-05,-5.2136e-05,-2.3505e-05,5.0213e-05,4.2446e-05,6.9756e-05,-7.7203e-06,2.2728e-05,1.9124e-05,1.8357e-05,2.9028e-05,9.1452e-05,-3.9321e-05,5.4162e-06,-3.4261e-05,-3.491e-05,1.6339e-05,1.1393e-05,-6.2081e-05,1.7769e-05,9.4759e-06,4.8728e-05,3.4198e-05,-7.0271e-06,5.2802e-05,-2.9581e-05,4.3138e-05,-2.9349e-05,-7.9798e-05,2.1586e-05,-4.2327e-05,2.9266e-05,1.5769e-06,-3.8239e-05,7.1926e-05,3.0909e-05,1.3406e-05,2.3765e-05,-2.8727e-05,4.782e-05,5.2923e-05,-4.5847e-05,-1.1338e-05,9.0366e-06,4.3248e-05,0.00025685,2.5447e-05,2.8668e-06,-4.121e-05,1.313e-05,5.1997e-06,4.0482e-06,1.846e-06,4.0611e-05,-7.4475e-06,1.4427e-05,1.5707e-05,1.5476e-05,0.0002217,7.9165e-05,8.9415e-06,3.6747e-05,8.9569e-06,0.0001396,4.1494e-05,-3.4026e-05,5.1337e-05,8.4423e-05,-6.0066e-05,-1.9469e-05,6.9063e-05,4.7076e-05,2.1725e-05,-0.00017737,-4.4038e-05,0.00012631,1.9136e-05,2.0073e-05,6.6385e-05,2.2332e-05,-3.6868e-05,-4.8785e-05,6.2674e-05,7.4169e-05,-2.2444e-05,2.0131e-05,-6.915e-06,2.9281e-05,-1.1277e-05,-9.2683e-06,-2.0017e-05,3.4926e-05,7.5853e-05,2.7666e-05,8.6216e-06,6.1816e-05,2.5198e-05,4.3887e-05,1.456e-05,9.9766e-05,-9.9472e-06,3.8514e-05,3.5957e-05,-7.1642e-06,-1.0179e-05,5.4229e-06,1.305e-06,0.00018721,1.7612e-06,-3.7578e-05,2.6973e-05,3.4159e-05,2.8088e-05,6.3437e-05,-3.356e-05,3.3649e-05,1.576e-05
3.6575e-05,6.2451e-05,5.7856e-06,-1.3742e-05,1.5027e-05,3.4243e-05,-4.508e-06,1.736e-05,2.2444e-05,1.3799e-05,9.0905e-06,3.7967e-05,2.868e-05,3.5589e-05,-4.4647e-06,1.9105e-05,7.541e-05,8.5553e-05,4.3551e-05,1.675e-05,2.0076e-05,3.3648e-05,4.9427e-06,2.979e-05,1.4715e-05,4.4207e-05,3.2151e-05,8.2598e-05,2.2481e-05,1.5968e-05,0,3.594e-05,5.9491e-05,4.918e-05,1.5003e-05,3.028e-05,1.9972e-05,1.9719e-06,-3.2132e-07,5.2561e-05,1.7617e-05,3.1827e-05,-1.5492e-06,1.9463e-05,5.1196e-05,7.8334e-05,2.5457e-05,6.0684e-05,2.4983e-05,5.8063e-05,6.5227e-05,3.0781e-05,1.2726e-05,6.3722e-05,2.5914e-05,2.2737e-05,1.5328e-05,1.3069e-06,4.2748e-05,2.895e-05,2.8057e-05,8.0111e-06,2.4169e-05,1.2541e-05,3.63e-05,9.1079e-06,5.1716e-05,3.1622e-05,4.9028e-05,4.0714e-05,1.9174e-05,3.2153e-05,3.9158e-05,5.9384e-06,1.2217e-06,2.2124e-05,2.6404e-05,9.8378e-06,2.9571e-05,-1.7012e-06,3.235e-05,2.8252e-05,3.6961e-06,6.0408e-06,6.9473e-06,1.8232e-05,-2.014e-05,2.2478e-05,3.5502e-05,2.713e-05,0.00011216,3.113e-05,2.5846e-05,5.2186e-05,8.784e-05,7.4419e-05,-2.5022e-06,1.0769e-05,2.0229e-05,1.7087e-05,4.0902e-05,3.643e-05,3.038e-05,9.1924e-06,1.2371e-05,7.1402e-06,3.0366e-05,2.3754e-05,1.4275e-05,2.9008e-05,1.8209e-05,5.2795e-05,2.1488e-05,3.387e-05,2.7993e-05,3.8031e-05,7.5777e-06,5.1954e-05,1.3163e-05,-2.1815e-05,2.0577e-05,7.5169e-05,2.4938e-05,1.6204e-05,2.1397e-05,-4.8807e-06,9.2657e-06,3.8306e-05,4.3439e-05,1.6755e-05,2.2904e-05,4.4863e-05,7.3887e-05,3.3275e-05,1.2649e-05,1.4019e-05,2.1787e-05,4.9746e-05,2.5025e-05,5.9291e-05,-1.5919e-05,1.7203e-05,4.0634e-05,3.4628e-05,3.102e-05,6.1911e-05,1.6649e-05,9.4012e-06,-5.7549e-06,3.9658e-05,2.9866e-05,5.881e-06,-6.3492e-06,2.1123e-05,2.1485e-05,4.4927e-05,0.00013482,1.4984e-05,6.3556e-05,3.0863e-05,2.4979e-05,-4.7535e-06,3.8189e-05,2.4075e-05,3.1864e-05,6.4248e-05,6.5816e-05,3.2251e-05,1.5716e-05,-2.3158e-05,1.2792e-05,1.6083e-05,-1.3218e-06,4.1628e-05,2.4699e-05,3.221e-05,2.552e-05,1.0258e-05,5.7529e-06,3.4972e-05,2.1352e-05,1.0873e-05,0.00010829,1.8586e-05,3.7004e-05,4.0452e-05,1.9959e-05,2.5708e-05,-7.5558e-06,3.1003e-05,7.3509e-05,3.2337e-05,2.8029e-05,5.8005e-05,1.7775e-05,7.5304e-05,5.1997e-06,2.3552e-05,5.293e-06,2.6839e-05
-4.5952e-05,5.7856e-06,8.3419e-05,-3.532e-06,-3.3799e-05,5.5138e-05,-2.1407e-05,-9.8583e-08,-1.9886e-05,-2.6624e-05,9.3034e-06,-2.4583e-05,4.4163e-06,1.4713e-05,3.6457e-05,1.9422e-05,3.0669e-05,-1.1048e-05,2.3118e-06,1.0135e-05,-1.7286e-05,-4.3021e-05,1.6696e-05,-4.0717e-05,7.7085e-06,9.3127e-06,1.924e-05,-2.8679e-05,-9.7165e-06,-5.2744e-06,0,-2.3787e-05,-5.0232e-05,-1.9839e-05,1.0162e-06,3.8185e-05,-3.3447e-05,2.0434e-05,1.6773e-05,4.1888e-05,-3.0528e-06,1.8946e-05,2.279e-05,4.486e-05,-9.336e-06,-1.2399e-05,-3.4737e-05,2.5443e-05,-2.1665e-05,3.3382e-05,2.2018e-05,5.7469e-05,3.6936e-06,1.0671e-05,2.5669e-05,-7.6767e-06,-6.5331e-05,2.3218e-05,1.7573e-05,-4.748e-05,5.47e-06,-1.9214e-05,3.0163e-05,-3.3835e-05,3.6497e-07,-1.4698e-05,1.3811e-05,-1.2852e-05,-1.1153e-05,-8.98e-07,9.6159e-06,-2.3988e-05,1.2255e-05,-3.9876e-06,-1.441e-05,-8.0948e-05,1.827e-05,1.6499e-05,-9.0875e-06,-4.523e-05,-6.8052e-05,-1.9938e-05,1.4915e-05,8.5471e-06,1.8708e-05,-5.5788e-06,1.3325e-05,5.0901e-05,-5.0716e-06,2.6716e-06,-6.7143e-05,3.701e-05,1.5173e-05,-8.0035e-07,-3.4478e-05,-1.2297e-05,-9.085e-07,2.53e-05,-1.0589e-06,-1.8705e-06,-5.4623e-05,2.4261e-05,-4.0847e-05,2.647e-05,1.5244e-05,4.2414e-05,-8.9658e-06,1.5056e-05,3.3436e-05,2.0396e-05,-8.7452e-06,6.4129e-07,-3.0354e-05,1.5743e-05,3.865e-05,2.6555e-05,6.833e-06,4.2612e-06,5.0322e-05,-1.0324e-05,-3.9215e-06,4.7156e-05,1.4563e-05,2.1304e-05,1.9313e-05,-4.4699e-06,-4.5519e-06,-3.2182e-06,-2.9523e-05,2.6048e-06,2.0787e-05,1.645e-05,-4.1215e-05,2.4689e-05,3.3838e-05,4.702e-05,-1.2796e-05,-2.542e-05,2.4125e-05,1.4038e-05,8.293e-06,-6.0007e-05,-3.1683e-05,9.2219e-06,-8.5404e-06,3.0027e-05,-6.6113e-06,2.028e-05,5.059e-05,-1.0974e-05,-2.0967e-05,-9.7509e-06,3.9639e-05,-3.0108e-06,-6.1824e-06,7.973e-06,-4.2889e-05,1.309e-05,-0.00015195,1.5357e-06,1.0698e-05,-1.7032e-05,7.829e-06,1.1013e-05,5.707e-05,4.0561e-05,2.0499e-05,-1.9743e-05,1.22e-05,4.0505e-06,-6.1601e-06,-8.9319e-06,3.6726e-05,4.6886e-05,1.7949e-05,3.5234e-06,-2.6071e-05,2.2786e-05,1.7509e-05,-2.4117e-05,8.2942e-06,1.7117e-05,-2.9112e-05,8.182e-06,1.3295e-06,9.1916e-07,5.8227e-06,-4.6202e-06,2.8725e-05,-1.183e-05,1.8218e-05,-1.4618e-05,9.6329e-06,1.3597e-05,4.6806e-05,-1.5048e-05,2.8999e-05,-1.6402e-05,1.02e-06,-2.5267e-06
1.1309e-06,-1.3742e-05,-3.532e-06,0.00017691,8.1361e-05,0.0001211,1.0135e-05,-1.5663e-05,7.0373e-05,2.4071e-05,3.083e-05,0.000105,7.913e-06,2.822e-05,-1.0192e-05,1.2353e-05,7.4089e-05,0.00015399,3.585e-05,1.7589e-05,8.0457e-05,0.00019829,0.00011484,1.0033e-05,5.7275e-05,2.3131e-05,5.1359e-05,3.9251e-05,1.291e-05,-3.1364e-05,0,0.00019298,0.00013672,9.426e-05,8.4011e-05,3.6092e-05,-8.2466e-06,5.4215e-05,-3.6574e-05,3.2794e-05,3.9212e-05,2.3947e-05,-1.6328e-05,3.7605e-05,0.00010359,7.8597e-05,0.00011218,6.918e-05,5.1619e-05,8.6505e-05,7.903e-05,0.00014133,7.2815e-05,9.9626e-05,-5.327e-05,4.7504e-05,-4.066e-06,1.2685e-05,4.1115e-05,6.3209e-05,0.00013564,-3.6675e-05,-1.1767e-05,9.7039e-05,8.3905e-05,1.1717e-05,9.1201e-05,9.0566e-05,-4.2491e-06,0.00012403,1.2267e-05,2.9661e-05,5.5159e-05,7.5032e-05,0.000101,6.3484e-05,4.4149e-05,1.0524e-05,8.5848e-05,9.9054e-05,0.0001172,0.00012947,0.00012833,4.2894e-05,0.00010714,1.8685e-05,-3.3696e-05,6.4782e-05,9.436e-05,5.6537e-05,5.2957e-05,0.0001271,5.0259e-05,6.0343e-05,3.9245e-05,4.2983e-05,2.1361e-06,3.4776e-05,-8.0543e-06,0.00013771,8.0982e-05,7.6093e-05,5.2072e-05,-3.8946e-06,2.05e-05,8.5443e-05,0.00011695,6.6629e-05,6.4407e-05,4.5314e-05,0.00013414,7.9496e-05,1.1928e-05,4.3906e-05,6.8004e-05,3.5951e-06,4.1713e-05,8.1664e-05,-2.6455e-05,8.9377e-05,6.4161e-05,0.00016159,6.0411e-05,6.2767e-05,0.00010704,6.2143e-06,4.3627e-05,6.445e-05,9.4508e-05,3.6703e-05,1.3821e-06,0.00011411,5.3213e-05,7.3285e-05,-1.076e-05,8.1684e-06,9.8879e-06,0.00014957,2.4364e-05,2.9439e-05,3.9535e-05,8.801e-06,-8.1664e-06,8.1606e-05,7.0245e-06,0.000125,-1.2772e-05,4.6548e-05,5.2557e-05,1.2157e-05,8.1314e-05,-6.5646e-06,-4.4779e-06,9.3712e-05,9.4654e-05,5.2836e-05,0.00023671,9.2189e-05,1.504e-05,-6.0772e-06,4.9701e-05,2.4673e-05,7.3483e-05,6.0151e-05,-3.8006e-06,9.7505e-05,9.1128e-05,4.9332e-05,7.7767e-06,2.6471e-05,0.00012352,3.349e-05,5.232e-05,9.0062e-05,3.629e-05,1.606e-05,0.00014512,7.765e-05,2.1457e-05,0.00012855,-3.5656e-05,1.858e-05,0.00016064,1.9608e-05,1.1972e-05,7.6952e-05,-3.1518e-05,7.6955e-05,5.5271e-05,0.00010457,-1.3955e-05,5.1343e-05,5.9816e-05,5.2805e-05,-1.381e-05,9.3768e-05,0.00010309,7.606e-05,9.2337e-05,7.8388e-05
8.3495e-06,1.5027e-05,-3.3799e-05,8.1361e-05,0.00021574,3.8289e-05,7.7428e-06,3.1689e-05,8.9201e-05,2.7316e-05,1.3953e-06,0.000131,8.9137e-06,2.172e-05,-5.448e-05,5.0115e-06,9.0361e-05,0.00020614,3.698e-05,5.7784e-06,6.7028e-05,0.00017575,1.5879e-05,-3.0839e-06,5.4121e-05,6.4677e-05,5.9144e-05,4.8175e-05,1.2479e-05,-2.3228e-05,0,0.00015468,5.0326e-05,7.7504e-05,8.8895e-05,5.4738e-05,3.2162e-05,-1.4582e-05,-7.279e-05,1.0508e-05,3.4351e-05,2.4907e-05,-3.1142e-05,-1.4361e-05,8.1307e-05,7.0458e-05,8.1297e-05,-5.3105e-05,1.7346e-05,1.9609e-05,6.7944e-05,-6.8743e-05,-1.9142e-05,0.00011323,-0.00011341,3.4749e-05,-0.00010166,1.9617e-05,3.5751e-05,0.00014192,7.6149e-05,-5.1254e-05,2.3067e-06,0.00011258,8.2433e-05,2.9264e-05,3.1657e-05,8.7572e-05,1.7803e-05,8.5626e-05,1.3135e-05,5.0761e-05,8.0103e-05,4.7276e-05,7.8858e-05,9.3743e-05,4.3844e-05,7.8939e-06,3.1028e-05,7.5117e-05,0.00015831,0.00015517,5.6656e-05,5.2278e-05,-2.3313e-05,1.8101e-05,-7.4116e-06,-2.5788e-05,7.7437e-05,8.2503e-05,0.00017492,4.285e-05,4.5579e-05,7.696e-05,8.4439e-05,0.00010232,-9.1554e-06,-6.5707e-06,-6.5169e-07,8.8196e-05,0.00015615,3.1003e-05,8.3665e-05,-9.8489e-05,2.9035e-05,-9.1015e-05,9.4194e-05,4.1339e-05,7.0773e-05,4.3328e-06,6.8197e-05,7.0842e-05,4.4432e-05,4.2069e-05,1.7958e-05,1.7818e-05,6.8768e-05,6.6888e-05,-2.5104e-05,1.4811e-05,7.5934e-05,0.00010488,3.3993e-05,2.257e-05,7.9868e-05,1.807e-05,6.7666e-06,5.4185e-05,7.2321e-05,4.7642e-05,-1.7599e-06,8.3205e-05,7.6981e-05,1.6592e-05,-2.284e-05,-3.3912e-06,-2.7223e-06,0.00025029,6.342e-06,4.4218e-05,-1.5606e-06,1.7425e-05,-1.6103e-05,5.4873e-05,1.6006e-05,-2.2092e-05,-2.5981e-05,-1.1316e-05,-6.5639e-05,1.4476e-05,0.00011338,-3.8991e-05,-2.5184e-05,5.6727e-05,7.2538e-05,6.1352e-05,0.00012619,5.9236e-05,0.00021975,3.5798e-05,3.4751e-05,-3.5693e-05,3.447e-05,7.2378e-05,-5.1009e-05,8.3805e-05,6.809e-05,8.644e-05,-2.0931e-05,-2.548e-05,6.296e-05,3.6812e-05,6.3042e-06,3.803e-05,-1.8118e-05,-1.6653e-05,7.6214e-05,9.9312e-05,1.9047e-05,0.0001175,-4.7793e-05,-1.941e-05,0.00020703,1.4138e-05,-3.8851e-06,5.9379e-05,-1.4079e-05,3.081e-05,1.1553e-05,8.3118e-05,5.6775e-06,1.6453e-05,3.6101e-05,5.8412e-06,-2.9412e-05,0.00010724,1.2016e-08,6.1075e-05,3.9109e-05,0.00010465
3.044e-05,3.4243e-05,5.5138e-05,0.0001211,3.8289e-05,0.00018231,-2.805e-05,1.8985e-06,6.055e-05,5.2303e-05,2.9777e-05,9.8626e-05,4.8522e-05,7.4307e-05,2.9435e-05,4.5019e-05,0.00012119,0.00015101,6.2924e-05,3.627e-05,8.7083e-05,0.00013414,0.00010377,1.9728e-05,4.112e-05,5.5578e-05,8.7408e-05,9.9661e-05,1.9688e-05,-1.0261e-06,0,0.0001278,9.9626e-05,8.8952e-05,4.0545e-05,0.00010362,2.0069e-05,7.4533e-05,2.2804e-05,0.00011697,3.7794e-05,4.5025e-05,8.6084e-06,7.4769e-05,9.4687e-05,7.911e-05,8.7373e-05,0.00014024,6.4155e-05,0.00010064,0.00011766,0.00019945,1.1318e-05,0.00012804,2.8465e-05,5.5289e-05,2.7246e-05,3.7663e-05,8.7207e-05,5.6192e-05,0.00012787,-1.582e-05,3.3403e-05,6.1229e-05,8.9693e-05,1.9927e-05,0.00011749,8.5784e-05,4.2417e-05,0.00010417,3.7427e-05,2.3318e-05,4.9344e-05,6.5748e-05,5.4893e-05,1.7615e-05,7.0575e-05,2.8352e-05,0.00011681,4.9458e-05,3.302e-05,0.00013116,9.6896e-05,4.0111e-05,0.00010069,2.9753e-05,-3.2708e-05,0.00013168,8.6955e-05,6.2532e-05,9.627e-05,0.00013498,6.8896e-05,7.7445e-05,6.5442e-05,0.00011041,6.1974e-06,4.8592e-05,6.0567e-06,0.00011961,1.5633e-05,9.8158e-05,5.2874e-05,6.027e-05,5.1446e-05,0.00013726,8.706e-05,8.5709e-05,5.9171e-05,8.2041e-05,0.00014717,0.00010006,-2.928e-06,5.1652e-05,9.5609e-05,2.2946e-05,3.0055e-05,9.6375e-05,3.5221e-05,4.9037e-05,4.3556e-05,0.00018505,6.0367e-05,9.9826e-05,0.00011363,-1.3729e-06,1.9459e-05,6.1168e-05,0.00010179,3.1281e-05,3.8761e-05,0.00013016,6.07e-05,0.00011381,4.3865e-05,6.5593e-05,1.7117e-05,0.00013679,6.4848e-05,7.8365e-05,4.105e-05,-9.7749e-06,2.7245e-05,8.9786e-05,-1.0993e-05,0.00016992,1.6372e-05,5.8328e-05,1.7565e-05,3.5987e-05,9.0212e-05,-9.2015e-07,1.6554e-05,9.3893e-05,9.5939e-05,8.1342e-05,0.00021021,7.011e-05,3.9478e-05,3.1073e-05,4.7462e-05,1.8939e-05,8.7864e-05,6e-05,6.561e-05,0.00013352,0.000142,6.2468e-05,3.5891e-05,1.9851e-05,8.4595e-05,1.9435e-05,7.3803e-05,0.00012857,6.9439e-05,8.5049e-05,0.00012338,8.3585e-05,4.4233e-05,0.00010176,3.2854e-06,3.4943e-05,0.00014531,4.1596e-05,2.756e-05,0.00011142,-2.9165e-06,7.0008e-05,7.0294e-05,8.5676e-05,6.3287e-05,3.9688e-05,9.4104e-05,9.413e-05,5.8858e-05,0.00011565,0.00012385,5.997e-05,0.00010468,7.963e-05
1.7474e-05,-4.508e-06,-2.1407e-05,1.0135e-05,7.7428e-06,-2.805e-05,7.1363e-05,4.2197e-06,1.0465e-05,-3.6033e-06,3.2959e-05,-3.2083e-06,-1.722e-05,-9.69e-06,2.7358e-05,-2.2626e-05,-2.3174e-05,3.6296e-05,1.8588e-05,6.7615e-06,-3.2587e-05,3.2075e-05,2.9242e-05,2.0273e-05,3.5335e-05,-1.875e-05,-1.3571e-05,1.1205e-06,3.3978e-06,-1.6722e-05,0,4.7605e-05,3.8093e-05,3.4742e-06,9.0634e-06,-3.1332e-05,1.0493e-05,-1.0532e-05,-3.7126e-05,-3.4208e-05,-1.1787e-05,9.3523e-06,-4.6636e-06,-2.1494e-05,2.8237e-06,3.446e-05,8.9963e-06,-4.7684e-05,-1.1613e-05,-2.2525e-05,-1.5645e-05,-2.1508e-05,6.0976e-05,-2.7683e-06,-6.1036e-05,1.9808e-05,2.5399e-06,-1.7973e-06,-7.7341e-06,1.7741e-05,1.3841e-05,-9.3008e-07,-1.2727e-05,-5.855e-06,-1.5311e-06,8.9478e-06,-1.0871e-05,1.7708e-05,-9.1322e-06,9.2944e-06,-4.679e-06,3.2055e-05,1.4895e-05,1.566e-05,1.5389e-05,6.3734e-05,1.2774e-05,7.4922e-06,-1.9325e-06,1.5828e-05,3.2663e-05,1.9325e-05,2.2913e-05,-2.8991e-06,-1.3606e-05,-2.5246e-05,7.0448e-06,-3.8054e-05,1.7784e-05,-7.9611e-06,-3.7399e-05,6.6505e-06,8.232e-07,-3.4502e-05,5.5709e-05,-1.6492e-05,-4.3257e-06,2.3737e-06,-5.6821e-06,-7.1014e-06,3.7761e-05,2.5789e-06,1.9551e-05,-5.9986e-05,-2.4254e-05,-2.0292e-05,1.5429e-05,5.1791e-06,-5.8953e-06,-7.6218e-06,-3.225e-05,-1.9235e-05,4.0233e-05,4.9941e-06,3.238e-05,2.0093e-05,-2.5827e-06,9.8587e-06,-1.6493e-05,-5.5013e-06,1.1895e-05,-4.232e-05,1.777e-05,-5.1124e-05,-2.2228e-05,-2.6894e-06,8.3431e-06,1.3617e-05,-8.8179e-06,1.2117e-05,-2.5513e-05,-1.6444e-05,8.1327e-06,-2.5517e-05,-8.8188e-06,-2.5893e-05,-7.7006e-06,-3.634e-05,-2.1082e-05,-6.5176e-06,3.8384e-05,3.7495e-05,-2.1116e-05,-1.6966e-06,4.6686e-06,-3.5441e-06,5.2351e-06,-1.3509e-06,-6.4909e-06,3.4562e-06,7.9642e-06,-9.7539e-06,-3.2932e-06,1.1046e-05,1.1352e-05,-1.4059e-05,-6.8649e-06,2.0793e-05,4.7871e-05,-3.0243e-06,9.755e-06,7.1995e-05,8.8959e-07,3.311e-07,7.0761e-06,2.3721e-05,-7.0056e-06,5.8955e-06,-2.1256e-06,2.5205e-05,2.1073e-05,-1.5091e-05,-1.1811e-05,-1.9403e-05,-1.7428e-05,-4.9335e-05,4.1693e-05,2.3228e-05,-1.5244e-05,1.5349e-05,-3.3226e-06,9.9923e-06,3.4439e-05,-7.0317e-06,-5.3516e-06,-7.8756e-06,-1.3322e-06,1.6293e-05,8.2106e-06,9.9892e-06,-1.4989e-06,-5.3523e-06,-3.1542e-05,-1.8428e-05,-2.7886e-05,-5.8797e-06,-1.6804e-05,-2.6289e-06,-1.1663e-05,9.4782e-06
4.2733e-05,1.736e-05,-9.8583e-08,-1.5663e-05,3.1689e-05,1.8985e-06,4.2197e-06,0.00011492,2.4016e-05,-2.3585e-05,3.5615e-07,5.011e-05,-1.118e-05,-1.801e-06,6.5602e-05,1.5945e-05,1.9436e-06,2.6163e-05,1.8363e-06,1.3637e-05,3.2209e-05,2.253e-05,-6.1536e-05,4.3416e-05,2.6107e-05,4.9449e-06,2.7298e-05,-1.185e-05,1.6248e-05,2.2876e-05,0,-1.0677e-05,-1.8261e-06,7.5217e-06,-1.4897e-05,3.9531e-06,5.3095e-05,6.4438e-06,2.0107e-05,-2.6433e-05,4.88e-06,1.0414e-05,8.9799e-07,-2.029e-05,-1.7407e-05,8.8616e-06,1.1759e-05,5.441e-07,-3.2076e-05,1.4101e-05,1.6473e-05,-1.5956e-05,3.1829e-05,1.8863e-05,-4.6045e-05,-3.3626e-05,-0.00010196,-5.0106e-06,2.6959e-05,2.0723e-05,6.7613e-06,4.0697e-06,-8.8603e-06,1.5144e-05,-1.2479e-05,3.2254e-05,4.6824e-07,-2.0434e-05,-3.252e-05,-9.2935e-06,-1.7608e-06,1.5604e-05,1.0146e-05,4.2397e-06,5.9606e-06,-6.6055e-06,1.7124e-05,2.0075e-05,-1.3892e-05,-2.7464e-05,5.5007e-05,4.1304e-05,1.8614e-05,1.1648e-05,-1.9871e-05,-1.4318e-05,4.3444e-05,-1.4074e-05,5.8577e-06,1.9917e-05,-1.6525e-06,-8.8428e-06,2.4399e-05,-7.6905e-06,-1.5278e-05,-7.9945e-05,-7.4466e-06,6.9852e-06,2.9865e-05,-1.8466e-05,5.0803e-05,4.4766e-05,-3.7123e-05,-1.4925e-05,1.939e-05,2.4695e-07,2.035e-05,2.176e-05,-9.6335e-06,1.8125e-06,-3.141e-05,1.3405e-05,3.0025e-05,-2.987e-05,-1.8196e-05,3.6176e-05,1.0624e-05,2.729e-05,3.7974e-05,-9.515e-06,1.3087e-05,6.3663e-05,-8.3172e-08,1.3137e-05,-2.3701e-05,-1.1258e-05,4.9446e-06,-2.3964e-06,1.139e-05,1.1222e-05,1.5183e-05,1.0977e-05,-1.7832e-06,-2.9697e-05,1.4518e-05,-4.8084e-06,1.1899e-05,4.5784e-05,1.1207e-05,-3.7315e-06,1.0552e-05,2.3761e-05,4.1391e-05,9.2834e-06,-2.094e-05,-6.0806e-05,2.2398e-05,3.1776e-05,2.273e-05,1.535e-05,6.0144e-06,1.3363e-05,2.938e-05,9.2248e-06,2.6617e-05,1.4527e-05,-1.0388e-05,2.953e-06,-1.2384e-05,2.0947e-05,-9.0942e-06,1.9279e-05,9.5646e-06,1.1292e-05,-1.2346e-05,3.2847e-05,1.4485e-05,7.9477e-06,4.8712e-06,5.2292e-05,-2.1881e-05,-2.2798e-05,2.4552e-05,-1.5705e-05,-3.1733e-05,4.2516e-05,1.3529e-05,-6.59e-06,3.2551e-05,-2.1975e-05,3.4511e-05,9.5779e-06,3.3226e-05,-5.0584e-07,2.5657e-05,-3.2851e-06,3.0557e-05,1.8529e-05,4.5588e-06,-2.0434e-05,0.00011576,1.0545e-05,-1.0875e-05,2.8044e-05,3.9759e-06,-3.8597e-06,8.5093e-06,-1.1333e-05,-2.0369e-05,3.9764e-05
1.4883e-05,2.2444e-05,-1.9886e-05,7.0373e-05,8.9201e-05,6.055e-05,1.0465e-05,2.4016e-05,0.00011883,7.9433e-05,5.1144e-06,0.00012085,4.7569e-06,1.718e-05,5.6972e-06,-5.6015e-06,7.9583e-05,7.6794e-05,7.0161e-05,1.4366e-05,8.5044e-05,9.6078e-05,4.8984e-05,2.6887e-05,4.6131e-05,4.4926e-05,6.6394e-05,9.3265e-05,2.9694e-05,-8.9639e-06,0,7.1527e-05,6.1873e-05,6.2009e-05,7.6365e-05,8.647e-06,2.025e-05,1.5713e-05,6.9642e-07,3.5405e-05,1.2604e-05,2.3343e-05,-3.6834e-05,7.0385e-06,7.3481e-05,0.00011878,0.00011786,-5.9786e-06,-1.4733e-05,1.2291e-05,9.1998e-05,-2.7978e-05,9.1029e-05,8.2288e-05,-2.6723e-05,3.8249e-05,2.244e-05,2.8563e-05,4.826e-05,7.3722e-05,5.6696e-05,-5.4376e-05,2.2265e-06,5.816e-05,8.0715e-05,1.7874e-05,8.5794e-05,6.3102e-05,2.4205e-05,6.0135e-05,-3.126e-06,7.4409e-05,9.1917e-05,5.8425e-05,4.5126e-05,6.4878e-05,3.4523e-05,1.5755e-05,7.206e-05,7.0513e-05,9.4785e-05,0.00012292,7.8324e-05,2.5878e-05,3.9622e-05,4.5132e-05,-2.6912e-05,2.2186e-06,2.7274e-05,6.2597e-05,0.00013488,3.7967e-05,3.5607e-05,4.5892e-05,3.8203e-05,0.00011988,-2.0687e-06,2.3369e-05,-1.3081e-05,6.6706e-05,7.7055e-05,4.0169e-05,0.0001226,-2.9149e-05,-4.3278e-06,-6.016e-06,4.1119e-05,4.4496e-05,4.0234e-05,1.0823e-05,7.8807e-05,6.3552e-05,3.1723e-05,3.3063e-05,1.7856e-05,-2.1184e-07,4.3856e-05,7.816e-05,-2.2809e-05,3.8095e-05,2.2334e-05,7.9386e-05,4.004e-05,3.9189e-05,6.0168e-05,-1.2085e-06,1.9075e-05,4.4846e-05,6.3457e-05,4.0145e-05,-1.0755e-05,7.2555e-05,8.6844e-05,3.2806e-05,-2.5793e-05,-6.3432e-06,2.7533e-05,0.00015541,1.8349e-05,8.0326e-05,5.5818e-05,2.5315e-05,6.3998e-07,4.814e-05,5.9748e-05,-2.71e-05,-3.859e-05,3.8418e-05,-8.3468e-05,3.662e-05,2.9667e-05,-4.3887e-05,-4.9168e-05,5.5448e-05,6.9517e-05,4.063e-05,0.00014292,4.4857e-05,0.00019797,2.3509e-05,2.6276e-05,5.0453e-05,5.1068e-05,3.4712e-05,-4.9301e-05,6.9088e-05,8.3514e-05,5.3227e-05,-7.0146e-06,2.6953e-05,8.358e-05,7.152e-05,3.9171e-07,7.841e-05,1.7798e-05,-6.4613e-06,7.3889e-05,0.00010014,-4.4003e-06,5.905e-05,-7.2332e-06,1.4162e-05,0.00013762,1.4156e-05,1.7354e-05,6.5578e-05,-2.9123e-05,6.0296e-05,-7.3532e-06,8.3759e-05,5.6575e-05,5.3282e-05,9.0507e-05,3.5995e-05,-1.9634e-05,7.298e-05,7.1241e-06,4.7017e-05,2.7309e-05,7.1562e-05
8.8542e-05,1.3799e-05,-2.6624e-05,2.4071e-05,2.7316e-05,5.2303e-05,-3.6033e-06,-2.3585e-05,7.9433e-05,0.00017326,2.0661e-07,6.7898e-05,4.3199e-05,2.555e-05,1.383e-05,-1.8488e-07,2.8534e-05,-1.16e-05,5.0429e-05,1.4068e-05,3.3018e-05,1.3214e-05,8.3121e-06,4.548e-05,-6.4316e-07,3.3914e-05,3.1985e-05,9.4013e-05,2.9762e-05,-6.4766e-06,0,-1.4102e-05,3.5063e-06,4.1808e-05,3.704e-05,5.4812e-05,2.7391e-05,1.9002e-05,1.1282e-05,7.5932e-05,2.0066e-06,-8.8973e-06,-3.702e-05,2.8082e-06,-4.7277e-06,6.5103e-05,5.3516e-05,3.0267e-06,2.7396e-05,-9.028e-05,4.5303e-05,-2.9722e-05,2.0273e-05,5.265e-05,3.2593e-05,4.3444e-05,0.00014069,6.1309e-06,3.7635e-05,4.0111e-05,3.1023e-05,1.3264e-05,4.5618e-05,9.3012e-06,6.3189e-05,3.5365e-05,3.7957e-05,3.6563e-05,7.5586e-05,-3.0393e-05,1.0874e-05,3.806e-05,2.2224e-05,5.0031e-05,-2.5339e-05,7.9056e-05,1.7272e-05,2.3864e-06,9.7466e-05,6.1535e-05,-1.2841e-05,7.9692e-05,2.3735e-05,-1.8264e-06,-2.0853e-05,3.9407e-05,-1.3915e-05,1.6799e-05,-2.148e-05,4.2982e-05,0.00012637,-1.8725e-05,1.9701e-05,3.3144e-07,5.5597e-05,0.0002021,7.0945e-06,1.827e-05,-4.2316e-06,4.1325e-05,-2.8802e-05,-3.698e-05,0.00017355,1.3434e-05,2.2095e-05,2.2773e-05,-4.735e-05,3.5342e-05,1.1795e-05,2.0748e-05,7.8064e-05,3.3435e-05,-2.6844e-05,-2.4793e-05,2.5303e-05,-3.9751e-05,-2.0898e-07,2.716e-05,1.0443e-05,2.4849e-05,-3.4591e-05,-5.8574e-05,2.0123e-05,3.7635e-05,4.3667e-05,1.2799e-05,-1.2866e-05,4.302e-05,6.3742e-05,2.2012e-05,-3.8442e-05,1.6678e-05,7.2323e-05,4.0447e-05,6.0899e-07,1.0817e-05,1.6134e-05,7.2452e-05,2.613e-05,7.2649e-05,4.6016e-05,5.392e-05,1.1985e-05,1.6174e-05,2.704e-05,-3.2608e-05,2.0352e-05,1.4352e-05,-0.00020222,4.7962e-05,3.1902e-05,-1.708e-05,-5.5008e-05,4.5527e-05,4.8323e-05,1.3313e-05,-0.00011519,-1.7473e-05,0.00035201,2.7007e-05,1.2498e-05,7.8743e-05,3.1719e-05,1.2761e-05,-1.5525e-05,1.0064e-05,7.0016e-05,5.1629e-05,3.9279e-07,1.5888e-05,4.1391e-05,8.5565e-05,-2.125e-05,5.4007e-05,5.1536e-05,2.4973e-05,4.8501e-05,4.5247e-05,1.163e-05,2.0203e-05,1.0337e-05,1.39e-05,2.5357e-05,-2.3943e-06,-3.0633e-06,7.7322e-05,-2.9338e-05,7.4431e-06,-3.485e-06,4.2606e-05,-1.5641e-05,5.4025e-06,0.00011158,2.129e-05,-1.1306e-05,3.7403e-07,1.8697e-05,1.6103e-06,4.2439e-05,5.4151e-05
5.3097e-05,9.0905e-06,9.3034e-06,3.083e-05,1.3953e-06,2.9777e-05,3.2959e-05,3.5615e-07,5.1144e-06,2.0661e-07,4.5567e-05,6.2085e-06,1.3335e-05,1.2301e-05,1.9785e-05,1.7473e-06,8.5638e-06,7.3783e-05,1.7883e-05,2.0977e-05,-3.1708e-05,4.9734e-05,5.0639e-05,3.5114e-05,2.7095e-05,3.7421e-06,2.1363e-06,3.588e-05,9.4025e-07,-5.5037e-06,0,7.1705e-05,4.2829e-05,3.611e-05,1.8774e-05,1.5365e-05,2.9163e-07,1.8456e-05,-1.6334e-05,1.1845e-05,1.1585e-05,1.9631e-05,-7.4408e-06,2.0219e-05,2.3231e-05,4.6666e-05,3.7054e-06,1.3751e-05,1.4141e-05,1.8484e-05,2.2331e-05,6.1514e-05,1.7838e-05,3.3711e-05,-2.6634e-05,3.5095e-05,-2.2389e-06,2.6394e-05,2.0557e-05,1.1337e-05,3.3967e-05,7.149e-07,9.4401e-06,1.9845e-05,1.8979e-05,1.9997e-05,2.1117e-05,3.1852e-05,2.0282e-07,3.4079e-05,6.4894e-06,2.556e-05,1.5615e-05,3.2511e-05,2.6566e-05,4.561e-05,3.0346e-05,7.6486e-06,6.9311e-06,2.2339e-05,1.0923e-05,3.6037e-05,2.6493e-05,1.8089e-05,4.685e-06,-1.9025e-05,1.4547e-05,2.0814e-05,4.9556e-05,-5.2508e-06,-1.5936e-05,4.3851e-05,1.7454e-05,-1.7855e-06,3.0826e-05,-1.7688e-05,-2.7584e-06,8.3676e-06,-1.1264e-05,3.041e-05,1.2702e-05,1.6389e-05,-6.9993e-06,-1.3923e-05,8.8224e-06,2.9802e-05,3.1937e-05,3.1917e-05,2.725e-05,3.1088e-05,9.085e-07,6.3762e-07,3.5041e-05,1.5471e-05,4.8272e-05,2.8379e-05,-5.0772e-06,4.393e-05,1.0027e-05,-4.0369e-06,2.4531e-05,2.0105e-05,3.717e-05,-6.8357e-06,4.7824e-06,4.6664e-08,1.6388e-05,2.1452e-05,6.1311e-05,1.5531e-05,3.5897e-06,1.887e-05,3.5582e-06,1.166e-05,4.7019e-06,-3.0794e-07,-8.6268e-07,-1.1095e-05,-7.3451e-07,6.0415e-06,2.5908e-05,4.9244e-05,-1.1917e-05,2.8306e-05,2.5121e-05,7.1387e-05,1.9696e-05,2.954e-05,4.8635e-05,1.1805e-05,3.2787e-05,-3.2293e-05,1.3219e-05,3.7887e-05,3.3028e-05,1.6924e-05,2.2193e-05,2.6033e-05,-2.4554e-05,-3.6594e-06,2.7752e-05,4.7857e-05,2.1103e-05,5.7045e-06,2.792e-05,6.3481e-05,3.5341e-05,-5.0019e-06,3.8665e-06,1.0717e-05,4.5565e-05,-7.2223e-06,1.3912e-05,2.0478e-05,1.1403e-05,-1.3984e-05,5.1936e-05,4.0562e-05,8.0866e-06,3.9105e-05,-2.6431e-06,8.6332e-06,6.3976e-05,1.0799e-05,-2.1284e-06,1.3487e-05,-5.3473e-06,2.7608e-05,1.7236e-05,2.6255e-05,5.024e-05,-5.2766e-06,-1.8837e-05,2.1149e-05,-1.1254e-06,2.5157e-05,4.0807e-05,1.5105e-05,7.7809e-06,2.8178e-05
3.0423e-05,3.7967e-05,-2.4583e-05,0.000105,0.000131,9.8626e-05,-3.2083e-06,5.011e-05,0.00012085,6.7898e-05,6.2085e-06,0.00023975,1.955e-05,3.3051e-05,1.6993e-06,1.6659e-05,0.00011814,0.00017843,7.0247e-05,2.3236e-05,0.00013995,0.00021532,7.3756e-05,3.2952e-05,7.378e-05,5.7783e-05,0.00011014,9.2611e-05,3.515e-05,-3.3378e-05,0,0.00015077,7.2203e-05,9.6371e-05,0.00012848,3.9624e-05,6.8789e-05,3.1433e-05,1.569e-05,7.3436e-05,4.9938e-05,5.2512e-05,-3.2169e-05,-1.7007e-05,9.593e-05,0.00014646,8.7394e-05,5.8969e-05,2.4281e-05,0.00010419,0.00011426,3.0842e-05,3.9144e-05,0.000128,-6.8573e-05,4.4221e-05,9.6441e-06,-3.274e-05,8.7388e-05,0.00011393,9.9759e-05,-7.4534e-05,1.1101e-05,0.00011647,9.3792e-05,2.3612e-05,5.8934e-05,7.4162e-05,-1.5273e-06,8.4562e-05,1.9772e-05,7.3771e-05,7.642e-05,8.0682e-05,6.2787e-05,0.00010753,5.4088e-05,2.1455e-05,7.8306e-05,7.2024e-05,0.00011059,0.00016379,0.00010223,4.9331e-05,7.5812e-05,3.9229e-05,-0.00010217,4.7231e-05,6.3755e-05,8.153e-05,0.00014758,9.6773e-05,6.4288e-05,7.1077e-05,0.00010507,0.0001244,6.3997e-07,4.7744e-05,4.1074e-05,0.00010666,0.00014464,7.7508e-05,7.6897e-05,-1.1438e-05,4.364e-05,-6.4999e-06,8.8752e-05,5.7218e-05,6.0408e-05,4.605e-05,0.00010081,7.9795e-05,4.2103e-05,3.1476e-05,7.1956e-05,1.656e-05,6.1549e-05,0.00010027,-5.5556e-06,2.4515e-05,2.059e-05,0.0001856,4.2705e-05,7.6293e-05,8.7594e-05,-1.0424e-06,3.9071e-05,4.5407e-05,9.1168e-05,4.1137e-05,-2.1046e-05,0.00011811,0.00012679,5.3279e-05,-1.3107e-05,2.6056e-05,4.4859e-05,0.00020826,3.4861e-05,0.00012237,5.9981e-05,3.9664e-05,5.7746e-06,9.4321e-05,3.6599e-05,5.1074e-05,-5.9759e-05,7.2997e-05,-2.8674e-05,5.9904e-05,9.6467e-05,5.8552e-05,-2.7388e-05,0.00011017,0.00011644,7.9583e-05,0.00022436,3.8103e-05,9.182e-05,1.4117e-06,4.3643e-05,2.3177e-05,9.3915e-05,0.0001049,-8.7173e-06,0.00011477,0.00013764,0.00010561,7.8287e-06,2.6176e-05,9.6441e-05,9.079e-05,4.5687e-05,8.9801e-05,3.3646e-06,5.949e-05,7.7513e-05,3.3514e-05,3.4347e-05,0.00012449,2.7921e-06,1.5007e-06,0.00020972,2.1665e-05,3.7748e-05,0.00010258,-9.0593e-06,9.3846e-05,2.5386e-05,0.00011503,5.4733e-05,0.00011189,8.8184e-05,8.8934e-05,-2.4948e-05,0.00015868,3.7877e-05,0.00011275,8.3808e-05,0.00010555
3.8876e-05,2.868e-05,4.4163e-06,7.913e-06,8.9137e-06,4.8522e-05,-1.722e-05,-1.118e-05,4.7569e-06,4.3199e-05,1.3335e-05,1.955e-05,8.453e-05,3.929e-05,2.3191e-05,3.681e-05,4.9316e-05,8.2335e-05,3.4291e-05,2.9383e-05,3.4044e-05,6.4119e-05,5.1255e-05,1.1339e-05,-6.8724e-06,2.6409e-05,1.7412e-05,5.8281e-05,1.0787e-05,2.6508e-05,0,4.4225e-05,5.148e-05,5.1299e-05,-1.9413e-05,7.135e-05,4.0781e-05,1.9263e-05,2.3777e-05,6.3183e-05,2.2279e-05,2.4589e-05,8.1624e-06,2.9106e-05,3.8859e-05,6.8479e-05,1.4629e-05,9.0452e-05,2.8243e-05,1.8053e-05,3.5094e-05,7.2856e-05,-3.8906e-06,5.7743e-05,4.458e-05,4.6959e-05,3.6152e-05,1.4425e-05,3.2357e-05,2.2916e-05,4.9616e-05,-1.3024e-05,3.5739e-05,1.3998e-05,3.0212e-05,1.1244e-05,1.952e-05,6.4506e-05,6.4589e-05,3.1753e-05,2.413e-05,7.1123e-06,2.9008e-05,2.388e-05,7.9863e-06,6.8889e-05,1.856e-05,9.2265e-06,5.1305e-05,2.0377e-05,1.9856e-05,2.824e-05,-1.1579e-05,9.5063e-06,-1.4045e-05,-9.6199e-07,2.7971e-05,2.3781e-05,2.3871e-05,2.7763e-05,0.00011124,-1.2477e-06,2.4768e-05,2.452e-05,6.6509e-05,9.4311e-05,1.2748e-06,1.7852e-05,3.0338e-06,5.2448e-05,3.8702e-06,8.3719e-07,5.1732e-05,2.7153e-05,2.9583e-05,5.1601e-05,2.3583e-05,2.9014e-05,2.4906e-05,3.7909e-05,5.7042e-05,8.4308e-05,5.6077e-06,2.8856e-05,-1.7529e-07,1.4652e-05,-7.1667e-06,1.618e-05,2.1172e-05,2.0118e-05,7.8798e-06,-1.1191e-06,7.7569e-06,1.1317e-05,4.7688e-05,1.4556e-05,-3.5896e-06,1.7228e-05,5.0658e-05,1.499e-05,1.6832e-05,2.4477e-05,5.0832e-05,5.8103e-05,2.855e-05,2.1864e-05,9.9319e-06,3.9607e-05,2.3026e-05,-3.3199e-06,-7.3782e-06,8.2799e-06,3.8157e-05,4.5834e-05,9.0048e-06,8.5836e-05,1.9916e-05,1.2832e-05,-1.1035e-05,2.3936e-05,4.2135e-05,-1.2434e-05,2.6529e-06,2.0409e-05,2.8145e-05,3.3287e-05,2.2374e-05,1.6028e-05,7.9369e-05,1.4987e-05,1.3705e-05,2.8461e-05,7.6041e-06,5.3539e-05,5.3891e-06,4.6916e-05,4.7789e-05,3.3315e-05,1.5476e-06,3.5989e-06,2.5486e-05,1.7717e-05,-2.1659e-06,3.1877e-05,2.7453e-05,3.5322e-06,8.5437e-05,-2.2971e-05,6.1909e-06,4.6833e-05,-1.6388e-06,-2.4123e-06,7.4551e-05,3.0432e-05,-3.6505e-06,5.3189e-05,6.8041e-06,1.8102e-05,-1.9821e-05,3.5164e-05,-2.7598e-05,-2.3036e-05,3.3902e-05,4.8145e-05,-1.2066e-05,2.2838e-05,7.4285e-05,2.3714e-05,3.816e-05,2.5055e-05
2.2044e-05,3.5589e-05,1.4713e-05,2.822e-05,2.172e-05,7.4307e-05,-9.69e-06,-1.801e-06,1.718e-05,2.555e-05,1.2301e-05,3.3051e-05,3.929e-05,6.8138e-05,1.795e-05,2.7477e-05,5.9131e-05,9.3551e-05,4.6384e-05,1.4754e-05,7.3575e-05,7.8337e-05,8.6482e-05,7.5625e-06,3.0259e-05,3.8246e-05,3.9069e-05,7.7106e-05,2.1383e-05,1.2737e-05,0,6.3225e-05,5.7168e-05,7.4634e-05,-1.5648e-05,7.8056e-05,1.1748e-05,3.3983e-05,1.9888e-05,7.6607e-05,1.7051e-05,2.0567e-05,5.4375e-06,3.0095e-05,7.339e-05,5.4013e-05,3.0419e-05,7.6406e-05,4.2247e-05,4.8932e-05,3.1821e-05,0.00010259,-2.3052e-06,6.2474e-05,6.0668e-07,4.0504e-05,8.2898e-05,1.6527e-05,5.3895e-05,7.0874e-05,6.3756e-05,-8.6546e-06,1.6006e-05,4.194e-05,4.0334e-05,8.2105e-07,4.6889e-05,5.8116e-05,3.5754e-05,6.8663e-05,2.7363e-05,1.6991e-05,2.1785e-05,1.672e-05,2.1783e-05,4.1212e-05,3.48e-05,1.7628e-05,5.7909e-05,6.6176e-06,3.3893e-05,7.1279e-05,1.2704e-05,2.7641e-05,2.8007e-05,2.5562e-05,-3.6211e-05,4.9489e-05,4.476e-05,2.4212e-05,6.5695e-05,5.7172e-05,3.1483e-05,3.5091e-05,8.8541e-05,6.5551e-05,8.5828e-06,1.5614e-05,1.8552e-05,4.3701e-05,1.0474e-05,2.8871e-05,2.7409e-05,2.897e-05,2.4672e-05,6.407e-05,4.5304e-05,4.748e-05,9.7507e-06,4.7442e-05,6.9625e-05,4.782e-05,8.6661e-07,2.446e-05,4.2076e-05,1.8374e-05,3.9635e-06,5.2077e-05,2.8697e-05,1.8524e-05,1.8671e-05,7.945e-05,3.0708e-05,2.3608e-05,4.2083e-05,-1.6252e-08,-6.4229e-07,2.8666e-05,4.8788e-05,5.5349e-06,4.7097e-05,5.7801e-05,2.8919e-05,4.6323e-05,2.417e-05,3.702e-05,7.6856e-06,7.0827e-05,2.9045e-05,4.8145e-05,3.3023e-05,-1.9852e-06,5.6489e-05,4.5077e-05,-3.6056e-05,0.00013157,8.003e-06,9.246e-06,1.1674e-05,1.6915e-05,6.094e-05,6.1365e-06,2.2344e-05,2.9331e-05,3.031e-05,4.6859e-05,0.00022532,3.3373e-05,6.9384e-05,3.3461e-05,1.3534e-05,-4.8846e-06,4.5782e-05,3.988e-05,1.9987e-05,3.4645e-05,6.0321e-05,5.3784e-05,3.0845e-05,-1.281e-05,3.4628e-05,1.2537e-06,2.591e-05,4.0433e-05,3.284e-05,3.6368e-05,4.1451e-05,2.4123e-05,4.9517e-06,6.6612e-05,1.1975e-05,2.5885e-05,8.6477e-05,3.4092e-05,1.9096e-05,5.292e-05,1.0905e-05,4.5831e-05,3.4178e-05,2.483e-05,8.3704e-07,2.5439e-05,3.6503e-05,3.6933e-05,4.615e-05,6.5794e-05,3.8357e-05,3.6328e-05,4.6846e-05,3.7282e-05
-9.4515e-07,-4.4647e-06,3.6457e-05,-1.0192e-05,-5.448e-05,2.9435e-05,2.7358e-05,6.5602e-05,5.6972e-06,1.383e-05,1.9785e-05,1.6993e-06,2.3191e-05,1.795e-05,0.00022396,4.3084e-05,-6.9108e-05,-0.00010762,-1.1806e-05,6.0934e-05,4.3296e-05,-4.941e-05,6.6056e-05,7.7392e-06,4.2515e-05,-2.1946e-05,4.7718e-05,-5.9035e-05,2.693e-05,1.4608e-05,0,-7.8367e-05,-6.6479e-05,-4.9239e-05,-8.8802e-05,-1.143e-05,-1.2814e-06,2.9955e-05,7.6498e-05,-1.6837e-06,-1.0017e-05,1.9034e-05,1.1292e-05,-2.176e-05,-3.0912e-05,-1.5e-05,-9.8466e-05,1.8718e-05,-3.9551e-05,-5.8155e-05,1.0344e-07,7.1742e-05,8.0266e-05,-4.9103e-05,-9.4708e-05,-8.1268e-05,-2.1309e-05,3.4833e-06,4.5653e-06,1.4963e-05,-2.3467e-06,-2.1622e-05,2.5568e-05,-8.8688e-05,-6.1681e-05,-7.9258e-07,-2.7892e-05,-2.1141e-05,-1.8037e-05,-5.0287e-05,6.4431e-06,3.1338e-06,4.2801e-06,-1.3565e-05,-3.4986e-05,-4.5073e-05,1.3834e-05,4.7804e-05,4.8307e-05,-4.3078e-05,-7.7803e-05,2.6299e-05,-2.9923e-05,1.7116e-05,-1.2713e-05,-4.7456e-05,-2.2825e-05,-4.2689e-05,-6.7233e-05,5.129e-06,-0.0001158,-7.7308e-05,3.0004e-06,-0.00011567,-4.0484e-05,-7.2911e-05,3.1128e-06,4.2765e-06,1.9188e-05,-5.8239e-05,-3.2475e-05,-2.0218e-05,-1.3466e-06,1.327e-05,-5.425e-06,7.6363e-05,-1.6825e-05,2.1416e-05,-3.3098e-05,1.8739e-05,-4.1689e-05,4.5554e-05,4.8745e-05,-3.5772e-05,1.6226e-05,1.5304e-05,-6.9342e-06,3.3153e-05,5.7958e-05,4.3124e-06,-2.7868e-05,-1.7613e-05,-4.7929e-06,-3.4244e-05,-1.5211e-05,-1.2678e-05,-2.8849e-05,-2.6051e-05,-7.5392e-05,-9.211e-06,-1.232e-05,7.9062e-06,-6.3234e-05,-2.7775e-05,7.171e-05,7.6324e-06,4.0625e-06,-0.00016576,3.2561e-07,-3.8909e-05,9.7677e-05,-4.7458e-05,4.2634e-06,-3.7039e-07,-7.0046e-05,4.9016e-05,2.8217e-05,3.1655e-05,1.5325e-05,-4.6646e-05,-3.1532e-05,-4.8257e-06,1.7031e-05,-1.463e-05,4.4727e-06,-3.0506e-05,-0.0001877,1.0525e-05,-1.8673e-05,1.5465e-05,-2.0227e-05,0.00016164,-2.1339e-05,-1.0332e-05,2.1793e-05,-1.1214e-05,-1.8211e-05,-9.5744e-06,1.3934e-05,0.00013447,-5.832e-05,-2.2206e-05,1.1855e-05,6.2588e-06,-1.5582e-05,-1.4348e-05,3.6001e-05,-0.00011369,2.3099e-05,-7.2958e-05,1.7152e-05,7.359e-05,-0.00011402,1.9771e-05,-1.3339e-06,-1.309e-05,2.721e-05,2.7432e-05,-1.4686e-05,-3.4197e-05,-4.7007e-06,-4.8029e-05,2.5369e-05,4.4583e-06,2.9927e-05,-0.00011859,5.7482e-05,-3.9366e-05,-3.2085e-05,6.6704e-06
-8.7052e-06,1.9105e-05,1.9422e-05,1.2353e-05,5.0115e-06,4.5019e-05,-2.2626e-05,1.5945e-05,-5.6015e-06,-1.8488e-07,1.7473e-06,1.6659e-05,3.681e-05,2.7477e-05,4.3084e-05,5.3216e-05,2.3564e-05,4.0354e-05,-5.3897e-06,2.8272e-05,4.964e-05,2.3869e-05,1.17e-05,-1.1404e-05,-8.8486e-07,2.7784e-05,3.9255e-05,2.3857e-05,1.0099e-05,1.3447e-05,0,1.8177e-05,8.6974e-06,1.6833e-05,-2.1943e-05,2.4401e-05,1.1146e-05,2.3929e-05,1.7054e-05,3.9217e-05,1.8015e-05,2.3414e-05,2.6707e-05,6.5596e-06,2.2564e-05,2.1261e-06,-2.6053e-05,8.0062e-05,2.2069e-05,2.7341e-05,3.1257e-05,7.8659e-05,-1.7364e-05,2.3271e-05,1.0374e-05,-1.1284e-05,1.8199e-05,-1.5489e-05,2.3669e-05,2.5833e-05,4.0546e-05,-4.9843e-06,1.9531e-05,1.8388e-06,9.4725e-06,-1.655e-06,-1.4001e-05,2.7338e-05,6.0011e-05,6.4121e-06,2.2533e-05,-4.0029e-06,8.1856e-06,-4.3505e-06,9.7667e-07,-2.7527e-05,1.2278e-05,1.5321e-05,3.2338e-05,-8.0982e-06,3.0385e-06,2.7049e-05,-1.6469e-05,1.9552e-06,-4.5113e-06,-9.8057e-06,3.9245e-06,2.6337e-05,1.5178e-05,2.1455e-05,5.7267e-05,1.4938e-05,2.2866e-05,8.4726e-06,-3.3069e-06,2.1647e-05,-5.3179e-06,-4.9171e-07,2.5998e-05,1.5865e-05,6.2993e-08,2.0873e-05,-9.5223e-06,5.89e-05,2.9254e-05,5.1166e-05,3.0591e-05,1.8541e-05,2.4283e-05,4.0017e-05,4.8209e-05,7.0058e-05,2.1694e-05,-6.1442e-07,1.3352e-05,1.9654e-05,-9.7198e-07,1.7879e-05,4.7345e-05,4.7943e-06,1.304e-05,8.5229e-05,1.0687e-05,6.9487e-06,3.0198e-05,2.4311e-06,-1.0381e-05,9.181e-06,-1.453e-06,2.1711e-06,2.9087e-05,6.763e-05,3.4561e-05,3.0928e-05,4.0911e-05,2.7198e-05,2.7939e-06,-1.3261e-06,2.0149e-05,-5.5268e-06,-2.3707e-06,-3.3267e-05,-1.439e-07,2.799e-05,-4.8108e-05,7.7154e-05,1.4227e-05,5.9153e-06,7.358e-06,-8.593e-07,2.1876e-05,2.4806e-05,4.1341e-05,1.5077e-05,2.6278e-05,2.0574e-05,2.7207e-05,1.5481e-05,3.6305e-05,2.2029e-05,1.8109e-05,4.5527e-06,1.67e-05,3.2854e-05,5.734e-05,1.8559e-05,2.4875e-05,2.6009e-05,5.8491e-06,1.2851e-05,-2.0069e-05,2.8911e-06,1.2338e-05,1.9649e-05,1.5704e-05,5.018e-05,4.9441e-05,-5.0813e-05,2.8395e-05,1.1111e-05,1.0417e-05,1.2855e-05,2.172e-05,2.062e-05,1.1061e-05,2.9221e-05,2.6735e-05,1.4232e-05,-8.0536e-06,1.1888e-05,-5.3368e-06,-9.1039e-06,3.6341e-05,3.7865e-05,1.1029e-05,-1.2951e-05,6.6572e-05,1.855e-05,2.0861e-05,3.4615e-05
-1.9248e-05,7.541e-05,3.0669e-05,7.4089e-05,9.0361e-05,0.00012119,-2.3174e-05,1.9436e-06,7.9583e-05,2.8534e-05,8.5638e-06,0.00011814,4.9316e-05,5.9131e-05,-6.9108e-05,2.3564e-05,0.00021568,0.00025542,0.00010906,1.3205e-05,0.00010146,0.00017319,7.5418e-05,-5.3257e-06,3.8988e-05,8.7505e-05,6.6141e-05,0.0001127,2.2129e-05,2.4727e-06,0,0.00016073,0.0001391,0.00011987,0.00011657,8.2356e-05,3.063e-05,2.0171e-05,-2.4366e-05,0.0001175,4.4398e-05,7.2046e-05,7.8315e-06,6.8053e-05,0.00012584,0.00017642,0.00014747,0.0001012,1.8827e-05,0.00015433,0.00013437,6.4953e-05,4.1723e-05,0.00016977,4.3853e-05,0.0001079,-4.8455e-05,1.2898e-05,8.7677e-05,4.5197e-05,0.00011749,-3.9491e-05,4.0381e-05,0.00010472,0.00013115,8.608e-07,0.00012748,0.00011167,6.2364e-05,0.00012965,3.0412e-05,5.0204e-05,0.00010962,5.816e-05,6.6592e-05,5.1616e-05,5.4139e-05,1.7171e-05,9.2986e-05,3.9929e-05,0.000145,8.5947e-05,0.00010228,1.6346e-05,8.7252e-05,5.9958e-05,-1.0479e-05,9.1801e-05,0.00010094,7.6652e-05,0.00022384,0.00013714,6.8221e-05,0.00015318,0.00014498,0.00019805,-5.4129e-06,6.0433e-05,1.3578e-05,0.0001228,0.00010193,0.00011274,7.8463e-05,1.549e-06,3.6527e-05,1.2211e-05,9.7646e-05,6.266e-05,9.4727e-05,4.8061e-05,0.0001082,0.00013057,-2.4207e-05,0.00010127,5.5688e-05,4.4048e-05,4.9916e-05,8.9712e-05,4.6205e-06,3.323e-05,5.6632e-05,0.00016655,6.5731e-05,7.1507e-05,0.00013225,1.1425e-05,3.5769e-05,7.6528e-05,5.4396e-05,5.8698e-05,3.9758e-05,0.00010373,0.00013953,0.00012069,2.4846e-06,4.7471e-05,2.6344e-05,0.0002748,6.7994e-05,0.00011682,-8.6884e-06,-1.0673e-05,3.4847e-05,0.00010621,5.4296e-05,0.00010162,-1.6894e-05,4.9592e-05,5.517e-07,8.189e-05,6.8761e-05,1.2005e-05,-1.1663e-05,7.2296e-05,7.7133e-05,0.00011069,0.00035067,7.8224e-05,7.9047e-05,4.0368e-05,6.147e-05,-4.7823e-05,9.7239e-05,0.0001244,1.8555e-05,0.00016851,0.00015297,7.9891e-05,1.4179e-05,-4.325e-05,0.0001046,4.8552e-05,3.1458e-05,0.00013349,5.5502e-05,2.466e-05,9.4844e-05,0.00011362,4.155e-06,0.00013264,3.8913e-06,-3.0444e-06,0.0002737,3.0083e-05,5.4733e-05,0.00011096,3.6333e-06,5.7903e-05,2.4787e-05,0.00011807,5.9016e-05,7.8379e-05,7.9042e-05,0.0001097,-7.9153e-06,0.00016504,4.2432e-05,8.5498e-05,7.9344e-05,8.306e-05
8.103e-05,8.5553e-05,-1.1048e-05,0.00015399,0.00020614,0.00015101,3.6296e-05,2.6163e-05,7.6794e-05,-1.16e-05,7.3783e-05,0.00017843,8.2335e-05,9.3551e-05,-0.00010762,4.0354e-05,0.00025542,0.00058196,0.00011363,3.5136e-05,0.00012712,0.00040368,0.0001925,5.1066e-05,7.3505e-05,9.7347e-05,5.6781e-05,0.0001913,3.4445e-06,9.1495e-06,0,0.0004103,0.00024203,0.000232,0.00017696,0.00012042,9.9768e-05,3.1493e-05,-0.00010499,0.00011793,9.9207e-05,0.00011749,1.4566e-05,6.468e-05,0.00019861,0.00022067,0.0002019,0.00012927,8.1463e-05,0.00021494,0.000114,0.0001603,-1.959e-05,0.00026562,-6.0453e-05,0.00018328,-9.517e-05,2.0773e-05,0.00012128,0.00016357,0.00022862,-1.8689e-05,4.0822e-05,0.0002425,0.00019209,4.9211e-05,0.00013725,0.00022711,7.8561e-05,0.0002347,5.8981e-05,0.00010362,0.00011982,0.00010759,0.00016747,0.00022882,0.00011168,2.6121e-05,0.00010636,7.91e-05,0.00028719,0.00021188,0.00014945,5.0002e-05,7.8117e-05,1.9659e-05,1.8361e-05,0.00012432,0.00026474,7.311e-05,0.00028856,0.00025933,0.00011639,0.00020764,0.00029257,0.00015533,-1.6744e-05,5.3712e-05,3.4606e-06,0.00022627,0.00021165,0.00014979,2.8112e-05,-2.3763e-05,8.0002e-05,6.0655e-06,0.000234,0.00011648,0.00014455,0.00010944,0.00014424,0.000158,5.6915e-05,0.00014803,8.3225e-05,8.5327e-05,5.1168e-05,0.00015464,2.4474e-05,2.6061e-05,0.00015553,0.00025226,0.00012374,5.4348e-05,0.00017039,3.1152e-05,6.2809e-05,0.00012054,0.00016952,8.6226e-05,7.4585e-05,0.00016575,0.00018423,0.00015167,-2.0842e-06,5.6547e-05,1.3571e-06,0.00041552,6.5876e-05,7.3046e-05,-3.5624e-05,0.00010027,4.3216e-05,0.00016754,1.424e-05,0.00027022,1.3325e-05,7.6739e-05,8.6986e-05,0.00011109,0.00023164,1.1112e-05,5.5223e-05,0.00015884,0.00016696,0.00017428,0.00054195,0.00014166,0.00013876,4.9426e-05,0.00012087,-5.2982e-05,0.00014833,0.00021262,5.1949e-05,0.00029865,0.00018853,0.00015377,1.0005e-05,-6.9225e-05,0.00018216,-9.9348e-06,6.2208e-05,9.3729e-05,3.8097e-05,2.2667e-05,0.00025719,0.00014917,1.8209e-05,0.00029349,-1.1536e-05,-4.8675e-05,0.00050572,4.9493e-05,5.4122e-05,0.00016661,9.35e-06,0.00011185,6.6675e-05,0.00018455,9.5304e-05,9.6119e-05,6.4731e-06,0.00014221,-5.5249e-05,0.00027135,0.00012705,0.00016089,0.00014512,0.00016997
