0.000662,-0.00010175,-6.7399e-05,0.00029647,-1.516e-05,1.8223e-05,5.6129e-05,6.6571e-05,8.583e-05,5.6057e-05,6.7232e-05,7.0268e-05,9.4277e-05,9.7204e-05,8.1169e-05,1.2716e-05,4.9121e-05,-3.6437e-05,3.3947e-05,8.0254e-05,0.00012143,4.2618e-05,0.00018819,0.00025039,8.2039e-05,-1.8219e-06,-9.5925e-05,7.343e-05,2.2211e-05,0.00012485,0,4.7977e-05,-8.4193e-05,5.2035e-05,0.00017596,-6.9283e-05,6.0227e-05,-4.5664e-05,-3.3981e-05,3.1865e-05,0.00010355,2.1892e-05,1.7373e-06,0.00011497,-1.1836e-05,-5.7981e-05,-4.7844e-05,4.4271e-05,6.604e-06,2.6074e-05,0.0001464,0.00015536,4.6902e-05,6.7747e-05,3.3367e-05,0.00020514,5.1769e-05,3.2828e-05,7.5908e-05,-5.3221e-05,3.0049e-05,0.00026782,0.00015691,5.1802e-05,0.00017175,0.00017371,7.7408e-05,4.1817e-05,-4.9169e-06,3.5672e-05,6.3521e-05,0.00021896,-3.8064e-05,-4.3533e-05,3.3907e-05,0.00025323,4.5684e-05,4.3524e-05,0.00018406,-1.7268e-05,0.00013953,4.8947e-05,1.112e-05,0.00010358,-3.1788e-05,-2.3222e-05,1.7131e-05,9.0154e-05,0.00018456,1.1696e-05,-2.1305e-05,-1.1374e-05,-4.8351e-05,5.4694e-05,2.8559e-05,6.0075e-05,0,4.0759e-05,9.7894e-05,0.00018271,2.7034e-05,3.6184e-05,0.00012765,0.00012794,4.4336e-05,0.00035822,-8.4739e-07,9.8941e-06,-5.8614e-05,6.5093e-06,2.8084e-05,-0.0001109,0.00019378,1.5063e-05,-2.9692e-05,6.1402e-05,4.6455e-05,0.00021523,0.00019849,2.2599e-05,3.7658e-05,0.00011918,7.6429e-06,5.6924e-05,-1.9067e-05,0.00013355,3.4451e-05,2.0078e-05,0.00020778,3.8783e-05,-4.4619e-05,-6.568e-06,9.2644e-05,2.1531e-05,-5.0573e-06,4.8386e-05,0.00010271,-3.3136e-05,3.2939e-05,4.7548e-05,0.00015437,0.00036062,0.00020301,6.0557e-05,5.4211e-05,5.9705e-05,0.00020295,-5.9671e-05,2.2267e-05,0.00010448,-7.6895e-05,8.2084e-05,-2.851e-05,6.413e-05,5.9039e-05,0.00017233,0.0002007,3.0695e-05,3.4304e-06,-9.8191e-05,0.00011379,0.00011326,6.0867e-05,0.00012733,3.7574e-06,-5.6084e-05,0.00020384,-0.00012149,-6.7214e-05,7.4858e-05,0.00012623,1.687e-06,2.1365e-05,0.00012409,3.7767e-05,6.6741e-05,6.7197e-05,5.0388e-05,0.00022156,5.8467e-05,5.5716e-05,6.5764e-05,1.8964e-05,0.00015046,1.1097e-06,2.9578e-05,5.6417e-05,-7.3661e-05,3.5494e-05,0.00020295,0.00027532,9.6426e-05,0.00016208,0.00016391,0.00011635,0.00013455,0.00017372,9.6361e-05,0.00011251,1.616e-05
-0.00010175,0.00024603,3.3239e-05,1.4392e-05,6.4773e-05,0.00010817,-9.841e-05,2.6025e-05,5.0113e-05,0.00011796,7.2104e-05,-1.0098e-05,5.8986e-05,-1.9611e-05,5.7442e-05,4.0181e-05,4.0755e-05,0.00010521,3.3345e-05,4.8194e-05,-1.8368e-05,7.6597e-05,2.3568e-05,-5.0034e-05,7.5368e-06,7.475e-05,8.6575e-05,0.00010317,3.8641e-05,0.00012275,0,0.00012346,1.8833e-05,5.1551e-05,6.7891e-05,0.00012078,9.6281e-06,-2.7352e-06,0.00012976,-2.3026e-05,5.8488e-05,6.4217e-05,7.7809e-05,-1.9112e-06,1.4834e-05,0.00012529,7.6142e-05,1.1386e-05,5.0186e-05,3.2847e-05,2.6576e-05,4.2109e-05,2.92e-05,0.00011767,0.00013816,6.7913e-05,7.7755e-05,-7.2579e-06,0.00011298,0.00015357,6.5973e-05,-2.0426e-05,1.9256e-05,3.6744e-05,4.9714e-05,-3.6763e-05,3.4279e-06,7.4629e-05,5.7273e-05,3.174e-05,2.6993e-05,0.00014506,0.00016685,0.00015768,2.1642e-05,5.0534e-05,1.114e-06,7.162e-05,0.000219,-5.803e-05,3.151e-05,0.00011378,6.1742e-05,3.1628e-06,5.7763e-05,1.9302e-05,8.554e-05,4.861e-05,8.9873e-05,6.1441e-05,0.00010663,4.4409e-05,0.00015235,8.9381e-05,0.00010291,0.00010058,0,-1.0083e-06,2.0093e-05,7.6698e-05,4.1065e-05,-7.1134e-05,4.4945e-05,7.6845e-05,4.6074e-05,-9.031e-05,3.3769e-05,7.3486e-05,8.317e-05,3.8336e-05,7.2701e-05,-4.3649e-06,3.9092e-05,3.1297e-05,3.0464e-05,6.2697e-05,4.1105e-05,0.00011361,-3.3415e-06,3.2656e-05,0.00012831,0.00014449,0.00012254,7.4963e-05,4.8602e-05,1.691e-05,1.3824e-05,2.267e-05,-0.00014619,8.6624e-05,0.00017866,7.5464e-05,2.9533e-05,8.5829e-05,5.2414e-05,0.00010373,1.4185e-05,9.9405e-05,4.1861e-05,2.7333e-05,5.1495e-05,-7.2507e-05,0.00012951,2.9003e-05,0.00010567,1.0937e-05,-1.1035e-05,-1.2972e-05,0.00017019,2.1192e-05,8.2947e-05,3.1241e-05,3.2432e-05,9.6568e-05,6.9584e-05,4.7358e-06,0.00010839,2.7239e-05,7.9671e-06,8.2312e-05,5.8423e-05,9.9157e-05,4.8018e-05,9.6953e-05,1.3727e-05,6.9226e-05,-6.1646e-06,-4.3166e-05,4.1797e-05,6.3433e-05,7.5662e-05,3.4663e-05,-6.8743e-06,3.2778e-05,1.2132e-05,7.812e-05,4.3796e-05,4.1029e-05,-3.0217e-05,9.4954e-05,1.0977e-05,2.426e-05,5.5308e-05,3.7212e-05,8.2918e-05,1.6143e-05,3.3534e-05,8.6846e-06,-5.5603e-05,-1.3483e-05,-6.2716e-05,3.3877e-05,3.1069e-05,1.1574e-05,2.6463e-05,3.4251e-05,1.6734e-05,9.7061e-05,7.5845e-05,6.2283e-05
-6.7399e-05,3.3239e-05,0.00032596,4.672e-06,0.00011799,9.2175e-05,9.9149e-05,0.00010805,6.4523e-05,8.5896e-05,0.000109,-2.8463e-05,-2.6381e-05,1.7889e-06,-3.8552e-06,3.8317e-05,3.8946e-05,0.00013468,8.6542e-05,4.761e-05,-4.5866e-05,9.839e-05,5.2114e-05,3.7783e-05,-7.641e-06,2.3454e-05,5.8942e-05,2.8953e-05,4.4133e-05,0.0001436,0,6.4641e-05,0.00011689,0.00011916,5.1706e-05,7.109e-05,9.1522e-05,2.0672e-05,5.3882e-05,4.8894e-05,-1.5656e-06,6.5869e-05,7.7064e-06,0.00016721,0.00012082,6.088e-05,1.5596e-05,-4.3049e-05,2.8903e-05,8.0924e-06,-4.745e-05,-4.1935e-06,6.6906e-05,7.9973e-05,0.00024785,7.3737e-05,3.529e-05,1.5264e-05,2.6962e-05,0.00012804,-3.585e-05,-0.00022028,2.964e-05,7.036e-05,6.3185e-05,0.00013077,8.2323e-05,4.1464e-05,3.8054e-05,0.00010789,5.2369e-06,7.1722e-05,3.3658e-05,-2.7307e-05,0.00012416,3.9488e-05,1.6401e-05,6.6665e-05,4.2918e-05,4.5969e-05,6.0405e-05,5.4467e-05,6.7132e-05,-5.3452e-05,3.2866e-05,2.2044e-05,6.0808e-05,2.693e-05,-9.7035e-06,1.0453e-05,9.893e-05,5.0669e-05,0.00012118,-3.6212e-05,4.1533e-05,-5.9978e-06,0,-1.6679e-05,9.4322e-06,1.7346e-05,5.2788e-05,-3.6985e-05,1.0679e-05,-4.223e-05,3.3685e-05,-8.5668e-05,7.4739e-05,6.8891e-05,7.3168e-06,4.8422e-05,1.328e-05,7.3565e-05,-7.452e-05,-1.3296e-05,2.738e-05,-1.6917e-05,-2.683e-05,-6.6537e-06,2.7605e-05,3.9107e-05,-7.0586e-06,-4.0084e-05,6.4087e-05,6.2114e-05,-5.2641e-06,-1.6015e-05,-1.4269e-05,3.2028e-05,-0.00017616,0.00011676,0.00012456,5.9331e-05,1.7319e-05,0.00012375,5.815e-05,-4.6317e-05,-3.2695e-05,-1.7202e-05,1.0429e-05,-1.5643e-05,6.5984e-05,6.4946e-05,5.7494e-05,-5.1095e-05,7.2274e-05,9.3611e-05,-5.2671e-05,4.5795e-05,-1.272e-05,3.5084e-05,0.00018546,5.7271e-06,9.4219e-05,5.0423e-05,2.2296e-05,9.2758e-05,2.3414e-05,2.1693e-05,9.0256e-05,2.9328e-05,0.00010342,0.00013026,7.4332e-05,3.4286e-06,1.8792e-05,2.0564e-06,2.8432e-05,9.0012e-05,3.0689e-05,3.6151e-05,0.00012468,3.1597e-05,2.5073e-05,-1.6517e-05,5.972e-05,6.5657e-05,0.00013994,5.7616e-05,-1.0926e-05,5.3367e-05,-9.3546e-06,6.9769e-05,9.7956e-05,-9.464e-05,6.474e-05,5.1496e-05,3.2944e-05,7.8759e-05,2.0352e-05,6.4123e-05,9.8686e-05,6.056e-05,9.4364e-05,1.9351e-05,3.8309e-05,5.1202e-05,-5.169e-05,9.2379e-06,3.9009e-05,7.2038e-05
0.00029647,1.4392e-05,4.672e-06,0.00042866,0.00011059,0.00012437,-6.1165e-06,1.0949e-05,0.00014623,0.00012189,0.00012867,1.4741e-05,7.7418e-05,6.7016e-05,0.00011442,1.6023e-05,0.00012506,0.00018686,3.8455e-05,0.00013102,8.8361e-05,0.00016223,0.00016645,0.00016118,0.00015245,5.0446e-05,-1.4487e-06,0.00013725,1.1844e-05,8.8536e-05,0,0.00019289,-3.2554e-05,0.00012036,0.00012328,0.00014233,0.00013769,-7.7932e-06,9.584e-05,3.6054e-05,0.00010902,3.8775e-05,2.6511e-05,7.9504e-05,-6.6059e-06,6.2787e-05,6.3344e-05,-1.2545e-05,4.8632e-05,5.7539e-05,0.00010062,0.00020927,0.00016498,0.00018887,0.00010213,0.00023893,0.00014949,3.9912e-05,0.00014927,8.4238e-05,7.3145e-05,2.219e-05,-8.6088e-06,5.8086e-05,0.00016326,0.0001046,0.00010501,0.00011676,-1.3223e-05,2.591e-05,5.7161e-05,0.00028835,0.00015409,0.00022834,6.9199e-05,0.00013312,5.0815e-05,8.4372e-05,0.00026552,3.2528e-05,8.4473e-05,0.00020256,2.522e-05,1.781e-05,6.0813e-05,5.7901e-06,4.0105e-05,0.00013748,0.00015314,9.5773e-05,8.5076e-05,-1.1064e-05,2.7906e-05,0.00012639,5.5184e-05,0.00013166,0,0.00017736,4.2643e-05,0.00015525,3.133e-05,-5.7863e-06,0.00017171,5.8142e-06,-1.3387e-06,0.00022894,2.5749e-06,8.9595e-05,5.2045e-05,5.8141e-05,0.00011686,-6.847e-05,0.00010859,-5.2033e-06,3.4317e-05,3.1818e-05,0.00010422,0.00021047,0.00020759,2.6959e-05,0.0001096,0.00020226,0.00012342,8.6576e-05,8.5686e-05,8.4647e-05,3.2912e-05,0.00012992,0.00010301,0.00011031,1.168e-05,5.8302e-05,1.0682e-05,0.00011767,5.508e-05,0.0001213,6.4046e-05,8.9274e-05,1.4197e-05,6.7361e-05,0.0001089,0.00017216,0.00015209,6.6514e-05,0.00015143,0.00015285,5.6592e-05,2.9776e-05,0.0002728,0.00012085,-5.3772e-06,9.8648e-05,2.4038e-05,6.6934e-05,0.00010009,0.00013056,0.00019457,2.2529e-05,9.3626e-05,8.8264e-05,7.397e-05,0.00014295,9.2579e-05,0.00017898,5.7919e-05,2.4359e-05,0.00010036,-0.0001411,2.7498e-05,9.2504e-05,0.000147,-2.3507e-06,0.00012284,0.00013784,2.6153e-05,0.00012873,0.00013114,4.2562e-05,0.00010644,9.4166e-05,2.9821e-05,7.7282e-05,0.00024183,6.7947e-05,8.9141e-05,7.6394e-05,7.0838e-05,1.5265e-05,0.00012607,0.00021861,0.00012655,8.4349e-06,0.00015183,7.7914e-05,-3.6932e-05,8.0785e-05,0.00033126,0.00010645,0.000106,4.5155e-05
-1.516e-05,6.4773e-05,0.00011799,0.00011059,0.0002383,8.8e-05,2.6989e-05,-2.0426e-05,-1.9121e-05,0.00013831,7.285e-05,-9.4173e-06,6.0106e-05,8.0903e-08,2.3734e-05,5.9573e-05,6.254e-05,0.00018347,6.3739e-05,6.3472e-05,6.6763e-05,0.00016693,0.00012325,2.8892e-05,8.4625e-05,3.3735e-05,3.2432e-05,7.7748e-05,1.9038e-05,0.00013537,0,0.00014382,1.5995e-05,0.00010164,4.605e-05,0.00010851,8.4468e-05,2.0993e-05,9.8846e-05,9.4382e-05,8.7001e-05,9.3072e-05,0.00013626,6.0466e-05,5.2817e-05,9.4169e-05,7.4657e-05,3.2287e-05,-1.6802e-05,4.6522e-05,-8.7112e-06,4.4763e-05,0.00012896,0.00010641,0.00020415,1.4455e-05,0.00015975,2.8818e-06,0.00012634,8.9683e-05,3.5728e-05,-3.6555e-05,6.6584e-05,7.7186e-05,6.4962e-05,6.3696e-05,7.245e-05,6.2879e-05,3.8953e-05,6.7708e-05,4.6441e-05,0.00017641,0.00010738,0.00010593,7.4552e-05,9.8283e-05,-2.0719e-05,6.1789e-05,0.00017458,9.2818e-06,9.866e-05,4.9718e-05,6.5897e-05,-8.9375e-06,5.6731e-05,4.5291e-05,4.0324e-05,8.3491e-05,0.00012261,7.7833e-05,0.00015106,1.8026e-05,7.4788e-05,5.7717e-05,2.4626e-05,5.3067e-05,0,7.6795e-05,-1.6508e-05,-1.3267e-05,6.5e-05,-2.6297e-05,4.8713e-05,-3.2266e-05,2.9986e-05,-4.1061e-05,4.0883e-05,7.0018e-05,-1.6676e-05,2.5534e-05,4.3209e-05,6.6018e-06,-1.9058e-05,-2.2214e-05,5.9795e-05,3.2566e-05,1.2863e-05,5.5898e-05,2.0305e-05,3.6968e-05,9.9287e-05,-0.00013722,0.00013073,7.9185e-05,6.4982e-05,1.658e-06,2.6144e-05,4.5255e-05,-5.7428e-05,6.0605e-05,0.00013011,7.1958e-05,5.4826e-05,0.00016009,8.7528e-05,-2.6632e-05,-1.2755e-07,-3.0747e-06,4.9618e-05,4.3658e-05,4.1977e-05,1.4418e-05,6.1768e-05,5.6202e-05,1.8658e-05,0.00011008,2.309e-05,1.9528e-05,0.00010884,4.3568e-05,8.3528e-05,0.0001116,5.5223e-05,2.9493e-05,2.2171e-05,6.4524e-06,9.0773e-05,4.9403e-05,7.2225e-05,2.0554e-05,7.6252e-05,0.00011465,7.8437e-05,6.0779e-05,6.4086e-06,2.7234e-05,6.5494e-05,0.00025387,5.709e-05,0.00010702,7.468e-05,1.2418e-05,6.7402e-05,2.5067e-05,7.5691e-05,0.00011521,0.00013378,-1.1296e-05,0.00013872,9.4345e-05,1.5467e-05,7.8087e-05,0.00017874,-1.5613e-05,0.00011733,9.1048e-05,8.0039e-05,4.404e-05,3.069e-05,0.00010222,5.8189e-05,3.6407e-05,5.7797e-05,9.2476e-05,-2.6132e-07,4.4248e-05,8.2593e-05,8.9372e-05,8.862e-05,6.3234e-05
1.8223e-05,0.00010817,9.2175e-05,0.00012437,8.8e-05,0.00022254,-2.7771e-05,-4.1939e-05,0.00024775,0.00011882,8.0828e-05,-1.3899e-05,-1.1057e-05,2.6638e-06,7.1141e-05,-3.1945e-05,1.2284e-05,0.00010329,2.1133e-05,3.4841e-05,-3.9647e-05,0.00012115,0.00022138,3.2346e-05,5.3298e-05,1.2041e-05,2.535e-05,9.1618e-05,2.2071e-05,8.6427e-05,0,0.00012433,5.3702e-05,8.8804e-05,4.8693e-05,9.406e-05,4.6319e-05,-6.7568e-06,9.2723e-06,2.5909e-05,4.6367e-05,3.36e-05,6.049e-05,5.771e-05,8.0977e-05,6.2116e-05,-9.6636e-06,5.7804e-05,2.327e-05,4.1997e-06,2.1011e-05,6.5049e-05,7.3537e-05,7.8304e-05,9.4211e-05,0.00014096,4.0912e-05,8.0765e-06,7.1518e-05,6.6431e-05,-1.1809e-05,-7.6548e-06,-1.3175e-06,-1.2629e-05,6.2007e-05,5.0271e-05,-5.3129e-05,7.3487e-05,-6.8733e-06,3.5796e-05,-2.6569e-06,0.00015857,9.0836e-05,7.6091e-05,7.1501e-05,5.4333e-05,7.5989e-06,4.8894e-05,0.00024024,-6.0455e-05,3.6921e-05,1.3193e-05,4.4774e-05,2.197e-05,6.8632e-05,1.238e-05,3.2627e-05,7.2926e-05,2.9914e-05,4.6521e-05,0.00011488,7.4252e-06,0.00013294,1.2363e-05,0.00013727,3.9255e-05,0,6.7118e-05,-2.2912e-05,5.3088e-05,2.0418e-05,-4.6721e-05,6.8006e-05,2.4899e-06,2.1692e-06,-8.2539e-05,4.4645e-05,4.1368e-05,-1.0548e-06,2.8251e-05,6.7041e-05,4.0146e-05,5.4217e-05,2.405e-05,5.8342e-07,5.3641e-05,5.5661e-05,0.00012257,9.1025e-05,6.1683e-06,7.1878e-05,0.00011941,7.4058e-05,5.6593e-05,4.9367e-05,-1.3343e-05,5.7601e-06,1.141e-05,-1.5688e-05,8.6249e-05,3.9523e-05,7.3449e-05,8.9187e-06,4.9257e-05,1.3615e-05,4.4657e-05,8.3883e-06,5.1857e-05,-7.9176e-06,4.3126e-05,5.6687e-05,2.2709e-05,6.7277e-05,-2.2528e-05,4.6292e-05,6.4764e-05,4.3308e-05,4.8146e-06,0.00010213,4.9357e-05,4.6603e-05,2.3441e-05,-2.7283e-05,3.8966e-05,5.9953e-05,4.8956e-05,7.8094e-05,6.9007e-05,4.5352e-06,-7.8386e-06,3.909e-05,0.0001333,4.2019e-05,8.0351e-05,2.2066e-05,3.5687e-05,-1.3036e-05,7.0175e-05,6.0871e-05,7.6813e-06,7.0829e-05,-6.7026e-06,5.0466e-05,1.8217e-05,2.1043e-05,5.6658e-05,6.7891e-05,0.00018127,4.2478e-06,8.9248e-05,-1.9883e-05,-4.7042e-06,0.00013274,3.5171e-05,8.8693e-05,5.2056e-05,1.7631e-05,1.5851e-05,-2.4614e-05,8.04e-06,3.2113e-05,-8.1523e-06,8.915e-05,6.5615e-05,-2.2479e-05,2.2086e-05,0.0001076,4.8157e-05,4.4895e-05,1.9664e-05
5.6129e-05,-9.841e-05,9.9149e-05,-6.1165e-06,2.6989e-05,-2.7771e-05,0.00023543,4.4265e-05,2.5762e-05,9.0372e-06,9.3721e-05,8.2412e-05,-3.9107e-05,-1.3008e-05,4.8085e-05,8.3837e-06,-2.5538e-05,8.9676e-06,4.3104e-05,1.7269e-05,0.00018802,-4.1422e-05,0.00023641,4.6033e-05,8.4229e-05,-4.1684e-05,3.7764e-05,-2.0301e-05,4.1294e-05,-3.6732e-05,0,-2.8493e-05,2.3001e-05,9.4831e-05,2.1755e-05,1.4666e-05,0.00010332,-3.609e-05,7.9748e-05,3.4124e-05,-1.6843e-05,8.5302e-06,-1.5032e-05,6.1435e-05,6.7276e-05,-5.0791e-05,-5.811e-05,3.2155e-05,-3.4663e-05,6.3738e-06,-4.3548e-05,4.6406e-05,2.7653e-05,-3.6269e-05,8.4531e-05,0.00014276,7.328e-06,8.7746e-06,-1.2767e-05,4.4896e-05,2.276e-05,-0.00010609,2.6839e-05,6.1874e-05,2.7366e-05,0.00013628,8.2063e-05,3.4452e-05,6.8854e-05,6.6682e-05,3.9981e-06,-1.3639e-05,-1.4017e-05,-7.3435e-05,3.1469e-05,9.4672e-05,-1.3304e-05,6.4603e-05,-0.00014077,-4.6243e-05,4.6207e-05,6.5446e-05,4.1673e-05,3.8606e-05,-3.1492e-06,-7.813e-06,-3.9124e-06,-8.4585e-06,4.8369e-05,-3.7235e-05,1.432e-05,2.4351e-05,-2.1321e-05,-4.0461e-05,6.4169e-05,-3.7637e-06,0,-1.3951e-05,3.3201e-05,5.8171e-06,2.2102e-05,-1.2903e-05,4.5762e-05,-9.0692e-05,3.1998e-05,6.9204e-05,3.0103e-05,2.9965e-05,1.9507e-05,-2.1108e-05,2.0197e-05,4.7813e-05,6.6838e-05,1.542e-05,-4.1504e-06,1.9107e-05,-5.3029e-06,-7.4508e-06,4.2859e-05,-1.0047e-05,-1.0576e-05,0.00010739,3.399e-05,2.9244e-05,-2.9318e-06,2.474e-05,6.104e-06,-3.29e-05,4.7383e-06,5.6365e-05,7.9476e-06,4.8249e-06,6.9629e-05,4.0978e-05,-5.3143e-06,5.5985e-06,5.1238e-06,-2.6634e-05,1.321e-05,1.6414e-05,4.7313e-05,4.1557e-05,-4.3248e-05,-2.157e-05,-1.3598e-05,3.4529e-05,1.6451e-05,8.774e-05,-0.00015424,9.1199e-06,0.00013047,2.5049e-05,4.6547e-06,-5.8336e-06,7.7671e-06,3.9215e-05,2.6223e-05,-8.2457e-06,2.258e-05,-6.4527e-05,8.1742e-05,2.6951e-05,6.8826e-05,-5.5911e-05,3.9547e-07,2.7406e-05,5.4745e-05,0.00010117,-3.6364e-05,-1.5663e-05,3.0578e-05,7.3434e-05,-0.00010865,-1.6632e-05,4.3157e-05,-3.45e-05,5.4626e-05,6.4671e-05,4.5707e-05,-1.5842e-05,7.3691e-07,2.1047e-05,2.5507e-05,-1.6179e-05,5.0279e-06,-4.2256e-06,3.789e-06,5.5416e-05,-5.3609e-05,5.8588e-05,0.0001359,6.8628e-05,3.0202e-05,1.3931e-05,2.7159e-06,7.7885e-05,-2.7861e-05,-5.7242e-06,-1.1319e-05,5.2233e-05
6.6571e-05,2.6025e-05,0.00010805,1.0949e-05,-2.0426e-05,-4.1939e-05,4.4265e-05,0.00037642,-0.00026024,1.6773e-05,-1.0319e-05,5.0104e-05,1.0373e-05,-5.2466e-05,-1.831e-06,7.2019e-05,3.1455e-05,-1.562e-05,5.3076e-05,1.2399e-05,-6.8877e-08,-6.3195e-05,-8.164e-05,1.7e-05,-4.4319e-05,4.0518e-05,-4.5149e-05,7.9042e-05,6.1871e-06,7.6961e-05,0,-3.022e-05,-3.0768e-05,3.2665e-05,2.8589e-05,-2.7742e-05,0.00016456,-2.5129e-05,-3.3195e-05,-5.947e-05,-1.3864e-05,3.5054e-05,-2.6088e-05,2.9232e-05,-3.2592e-05,4.4815e-05,5.1727e-05,-6.416e-05,-4.4726e-05,-1.2756e-05,2.9775e-05,5.2686e-05,-1.8456e-05,5.4206e-05,8.3935e-05,0.00010592,1.9856e-05,5.8206e-05,1.717e-05,6.0359e-05,-9.4308e-05,8.5723e-05,3.0373e-05,0.00011729,2.9511e-05,3.8559e-05,8.2531e-05,3.554e-05,4.3911e-05,3.2084e-05,-5.1052e-06,4.8859e-05,-5.8448e-05,2.627e-05,-1.9415e-05,-2.5398e-05,-3.1221e-05,1.7079e-05,4.6849e-05,2.6962e-05,3.6162e-05,8.5549e-05,-7.8286e-05,-3.4081e-05,-4.6863e-05,-1.6434e-05,6.5213e-05,-4.9938e-05,9.1083e-06,-2.1179e-06,-8.4655e-05,4.9571e-05,2.7994e-05,2.4996e-05,1.604e-05,-1.3171e-05,0,-7.5462e-05,4.0865e-05,4.5304e-05,4.483e-05,-6.7823e-05,-4.0598e-05,-1.4271e-05,9.4832e-06,0.00025516,1.569e-06,7.0226e-06,3.3071e-06,1.9768e-05,-1.6669e-05,-4.113e-05,-2.5958e-05,-5.9128e-05,-2.1563e-05,-0.00013197,-3.4049e-05,2.9164e-05,0.00026682,8.1755e-06,9.3059e-05,0.00014192,1.7761e-05,2.0593e-05,-3.3908e-05,3.3864e-05,2.06e-06,-2.0787e-06,0.00011255,-3.3746e-05,9.8466e-05,2.0626e-05,1.7574e-05,5.7837e-05,2.7133e-05,6.0876e-06,-3.098e-05,1.3983e-05,2.8033e-05,-5.5893e-05,3.8284e-05,6.7054e-05,7.3957e-05,4.7266e-05,0.00012625,6.8129e-05,0.00013673,0.00012042,-3.2869e-05,1.9897e-05,4.3282e-05,-4.8393e-06,0.00012259,1.3422e-05,-2.4773e-05,1.7404e-06,-1.1412e-05,-5.9538e-05,7.5236e-07,0.00013714,5.3557e-05,-1.7087e-05,4.0525e-05,7.5968e-05,-3.5851e-05,2.4316e-05,7.6146e-05,-4.4836e-05,-4.3749e-05,6.4517e-05,7.8181e-05,4.0757e-05,-9.2821e-05,1.6815e-05,1.7251e-05,1.0364e-05,-4.8652e-05,5.7449e-05,-0.00026083,8.2764e-06,8.1478e-05,2.4222e-05,-5.1992e-05,-8.4622e-05,4.5573e-06,-1.8408e-05,3.7682e-05,2.2172e-05,-4.7658e-05,5.7234e-05,0.00011047,6.3353e-05,5.7723e-05,3.7816e-05,6.5132e-05,-1.3204e-05,3.7027e-05,3.5722e-05,1.1881e-05,-1.8128e-06
8.583e-05,5.0113e-05,6.4523e-05,0.00014623,-1.9121e-05,0.00024775,2.5762e-05,-0.00026024,0.00099361,1.3052e-05,0.00017083,7.1209e-05,-8.4197e-05,0.00011109,9.6008e-05,-5.3817e-05,-2.4664e-05,7.5902e-05,9.6735e-06,8.0704e-05,-4.5167e-05,4.2372e-05,0.00031656,9.319e-05,1.7512e-05,-1.9059e-05,8.2807e-05,5.0453e-05,5.3169e-05,-3.4548e-05,0,9.6044e-05,8.0451e-05,0.00013357,5.8369e-05,0.00012364,-8.3608e-05,-9.2377e-05,6.7465e-05,-6.4213e-05,4.3194e-05,-1.738e-05,-3.7603e-05,9.5031e-05,0.0001831,3.5203e-06,-9.9918e-05,0.00015333,0.00011083,5.3776e-05,0.00014084,0.00018685,6.5949e-05,3.8857e-05,-8.9439e-05,0.00020338,-1.3868e-06,-2.9271e-05,0.00011625,0.00013369,7.572e-05,-0.00021594,6.9387e-06,-3.65e-05,8.546e-05,0.00010043,-0.00013965,5.675e-05,-9.8311e-07,6.174e-05,2.2681e-05,0.0001326,0.0001191,2.6817e-06,0.000115,0.0001202,0.00016243,5.4459e-05,-2.1836e-05,-0.00011763,-6.5242e-05,0.00010154,-1.4695e-05,2.3566e-05,7.9481e-05,-5.0949e-05,-8.9781e-05,0.00010756,2.2955e-05,3.18e-05,0.00010789,2.3114e-05,0.00016714,-6.5303e-06,0.00035997,0.00012714,0,9.7227e-05,-1.884e-06,0.00015445,-1.3085e-06,6.5306e-05,0.00011778,5.4524e-06,-3.3829e-05,-0.00017228,5.7586e-05,3.1269e-05,5.7102e-05,-1.7177e-05,9.2243e-05,0.00013111,0.00020423,0.00021071,-8.8767e-06,0.00011601,0.0001301,5.3819e-05,-5.7111e-05,-2.3221e-05,2.9793e-05,0.00046727,4.3924e-05,6.0503e-05,9.5054e-05,4.5949e-06,1.6247e-05,3.8792e-05,-0.00010843,0.00023501,3.2166e-05,0.00011292,5.1447e-05,-0.00015246,-5.4396e-05,0.00011657,2.5514e-05,0.00014695,-5.0162e-05,0.00014178,2.7635e-05,8.3764e-05,1.6393e-05,-9.5418e-06,1.4159e-05,0.00011527,-0.00010513,-6.1918e-05,0.0001622,0.00014637,0.00015194,3.5436e-05,-0.00022019,0.00017183,0.00021361,0.0002303,8.1596e-05,7.456e-05,-1.223e-05,-0.00020569,7.3456e-05,0.00015198,2.0994e-05,4.7099e-05,0.00010606,1.0429e-05,-0.00010277,2.5114e-05,-2.9899e-05,-9.7318e-05,9.0185e-05,6.9796e-06,0.00012462,7.3509e-05,5.6707e-05,-7.9961e-05,0.00016256,0.00021324,0.00018916,9.2035e-05,-0.00014555,-6.4223e-05,0.00014267,0.00012567,8.3203e-05,2.517e-05,-6.5394e-05,-1.6911e-05,7.346e-05,5.6574e-05,8.2712e-05,-9.4735e-05,5.8928e-05,8.209e-05,-2.9418e-05,0.00019375,7.959e-05,1.6823e-05,-4.1265e-06,4.4985e-05
5.6057e-05,0.00011796,8.5896e-05,0.00012189,0.00013831,0.00011882,9.0372e-06,1.6773e-05,1.3052e-05,0.00024297,0.0001006,-2.9749e-07,3.1748e-05,-1.5377e-05,6.5703e-05,1.3406e-05,7.1961e-05,0.00014565,9.8464e-05,9.6586e-05,0.00011718,0.00015269,0.0002467,1.4192e-05,0.00011065,2.7086e-05,4.3074e-05,0.00011763,5.4132e-05,0.00017941,0,0.00014919,-2.4422e-05,9.5809e-05,9.5811e-05,0.00013085,3.1728e-05,-3.0419e-05,5.6685e-05,0.00013979,6.5104e-05,8.5942e-05,7.243e-05,7.9835e-06,2.4111e-06,0.00014381,-1.073e-05,3.3701e-05,-5.1621e-06,5.0807e-05,6.8154e-06,7.6064e-05,8.174e-05,0.0001601,0.00020835,0.00012356,3.6806e-05,1.5589e-05,5.3208e-05,7.9091e-05,3.2543e-05,-0.00011373,4.1912e-05,5.0004e-05,0.00010219,5.2459e-05,1.3041e-05,7.4781e-05,8.3276e-05,3.8866e-05,1.6128e-05,0.00020194,0.00017515,4.3563e-05,2.3142e-05,0.00011865,-1.667e-06,0.00012129,0.00030023,-2.9388e-05,0.00012527,0.0001244,8.7749e-05,2.3986e-05,4.3185e-05,3.4437e-05,8.0249e-05,5.7536e-05,0.00013436,5.3305e-05,0.00020207,5.4989e-06,8.726e-05,6.9201e-05,5.3233e-05,0.00012939,0,4.942e-05,3.1547e-05,8.2818e-05,4.9888e-05,-9.3997e-05,7.1946e-05,1.5111e-05,1.474e-05,0.00012447,4.9075e-05,9.9853e-05,3.6087e-05,5.311e-05,0.00011619,-2.4985e-05,2.0468e-06,-3.2089e-05,1.8453e-05,6.3779e-06,4.5154e-05,0.00013815,3.8038e-05,2.8636e-05,9.2772e-05,1.3235e-06,0.00015573,8.4676e-05,4.6996e-05,2.3182e-05,2.1886e-05,1.4091e-05,-8.865e-05,0.00010096,0.00015459,0.00010185,4.1345e-05,0.00017486,1.7939e-05,6.0587e-05,4.2231e-05,3.8715e-05,3.5567e-05,2.6365e-05,7.1245e-05,1.9297e-05,0.00014612,2.6764e-05,6.3845e-05,6.2541e-05,9.6418e-06,4.5398e-06,7.7677e-05,1.9834e-05,0.00010264,5.3201e-05,1.9277e-05,5.9579e-05,3.2586e-05,-8.3551e-06,0.00017388,6.4041e-05,2.661e-05,7.8489e-05,0.00011507,9.3111e-05,5.7157e-05,0.00013604,-2.3383e-06,0.00010087,4.3273e-05,1.2701e-05,4.408e-05,6.945e-05,0.00012885,3.0294e-05,-4.6732e-06,3.7512e-05,1.6728e-05,0.00012772,0.00011878,0.00014018,7.8934e-05,0.0001142,1.3394e-05,7.5383e-05,0.00014414,-4.1487e-06,0.00010331,5.6333e-05,3.5218e-05,1.938e-05,-7.2439e-05,8.2035e-05,-9.6258e-06,6.6098e-05,9.0654e-05,7.5241e-05,3.9696e-05,6.3883e-05,0.00016837,0.00013151,0.00013127,6.3679e-05
6.7232e-05,7.2104e-05,0.000109,0.00012867,7.285e-05,8.0828e-05,9.3721e-05,-1.0319e-05,0.00017083,0.0001006,0.00021256,8.7739e-05,4.0798e-05,3.7932e-05,0.00011411,2.1403e-05,6.0375e-05,0.0001344,7.4815e-05,8.2526e-05,6.9272e-05,8.2359e-05,0.0002769,4.9667e-05,0.00012619,3.5891e-05,9.9589e-05,6.9214e-05,6.9045e-05,8.9281e-05,0,0.00010667,7.1176e-05,0.00015647,0.0001221,0.00013588,5.505e-05,-4.0057e-05,0.00013042,6.3342e-05,5.6824e-05,3.9282e-05,3.5109e-05,0.00011202,8.2181e-05,0.0001009,-2.2097e-05,6.5178e-05,8.4199e-05,5.9e-05,1.1034e-05,0.00011869,8.9134e-05,8.5309e-05,0.0001866,0.00021847,8.0076e-05,-7.2083e-06,0.00011938,0.00016313,7.6254e-05,-0.00017783,3.3297e-05,5.934e-05,0.00012013,0.00011556,8.3539e-05,0.00012331,6.7941e-05,8.5109e-05,3.339e-05,0.00016074,0.00012992,6.9899e-05,9.1325e-05,0.00011134,3.8019e-05,0.00011516,0.00015924,-4.4579e-05,8.7775e-05,0.0001879,0.00010726,1.1241e-05,7.7644e-05,7.3423e-06,6.5055e-05,8.4403e-05,0.00011777,6.6388e-05,0.00012739,5.0577e-05,8.3893e-05,9.4239e-05,0.00013234,0.0001176,0,6.298e-05,4.222e-05,0.00011218,3.0759e-05,-1.7954e-05,0.00015971,4.5148e-05,6.4289e-05,1.0157e-05,4.6916e-05,0.00010947,0.00014032,3.1897e-05,9.6464e-05,2.1101e-05,8.9741e-05,8.5339e-05,1.8195e-05,9.8124e-05,6.8611e-05,0.00012796,5.4665e-07,2.7264e-05,1.4701e-05,0.00028389,0.00013474,9.1323e-05,6.6709e-05,4.7271e-05,1.4668e-05,6.8827e-05,-0.00016911,0.00018062,0.0001437,9.9972e-05,5.7105e-05,0.00014383,4.158e-05,0.00014688,4.1231e-05,6.9057e-05,3.3141e-05,7.2134e-05,0.00015385,6.3897e-05,0.0001285,1.8297e-05,0.00012308,6.7702e-05,-5.4816e-05,-2.2239e-06,2.8588e-05,8.4125e-05,0.00014358,6.7372e-05,-8.882e-06,9.4187e-05,9.2175e-05,0.00011814,0.0001317,4.6631e-05,0.00010137,4.809e-05,0.00013957,0.00015763,0.00011782,3.6485e-05,3.7359e-05,3.6788e-05,5.5857e-05,-2.7199e-05,1.5292e-05,3.6906e-05,0.00015856,8.403e-05,6.5897e-06,5.8304e-05,4.4398e-05,7.2942e-05,0.00020127,9.0629e-05,6.7141e-05,8.7823e-05,-1.1209e-05,8.2386e-05,0.00013549,2.5675e-05,9.0883e-05,3.0101e-05,2.3431e-05,4.6791e-05,-2.5011e-06,0.00010911,0.00010054,7.0477e-05,8.8927e-05,5.8367e-05,1.9556e-05,0.00014002,3.9988e-05,7.452e-05,9.4136e-05,0.00011465
7.0268e-05,-1.0098e-05,-2.8463e-05,1.4741e-05,-9.4173e-06,-1.3899e-05,8.2412e-05,5.0104e-05,7.1209e-05,-2.9749e-07,8.7739e-05,0.00035559,7.4931e-05,7.2949e-05,6.4975e-05,1.2621e-05,9.8339e-06,2.3219e-05,6.0048e-05,1.2858e-05,-6.5775e-05,3.4702e-05,0.00010682,2.3583e-05,3.8526e-05,3.4581e-05,2.6972e-05,1.4514e-05,-4.4131e-06,9.433e-05,0,7.0651e-05,4.6199e-05,7.443e-05,9.3592e-06,-2.001e-05,0.00020604,-8.7619e-05,-1.2791e-05,9.2869e-05,3.4017e-05,6.181e-05,1.2615e-05,3.4033e-05,6.7889e-05,4.3605e-05,-7.8e-05,0.00022997,2.0421e-05,3.3845e-05,5.9364e-05,8.6308e-05,-1.1364e-05,2.1978e-05,-4.2627e-05,0.00025623,4.8032e-05,7.9692e-06,9.7592e-05,3.1382e-05,-1.1292e-05,-6.0959e-05,5.3818e-05,5.4381e-05,6.4768e-05,0.00012116,-7.7581e-05,0.00010615,8.8464e-05,4.9067e-05,1.6177e-05,6.086e-05,-5.273e-05,1.7499e-06,1.4914e-05,6.793e-05,9.4975e-06,4.5067e-05,0.00013061,-7.7127e-05,2.1361e-05,7.4456e-05,8.8207e-05,3.6719e-05,8.3777e-05,6.3547e-06,-2.2433e-05,4.8835e-05,9.7012e-05,4.9568e-05,-4.6288e-05,4.7575e-05,-7.6532e-06,3.1664e-05,0.00017406,7.737e-05,0,5.7306e-05,-1.3553e-05,5.7851e-05,8.1666e-05,9.5499e-05,6.7091e-05,0.00010199,1.9581e-06,0.00019803,2.0354e-05,2.0358e-05,3.2528e-05,-6.0974e-05,8.2262e-05,-5.0396e-05,3.859e-05,-3.9554e-06,1.0837e-05,6.7125e-05,5.0904e-05,8.7658e-05,5.0613e-05,-1.5883e-05,7.3103e-05,0.0004104,6.6771e-05,3.1254e-05,9.2017e-05,9.5017e-06,-8.5039e-06,2.4551e-05,-2.2649e-06,0.00010648,6.7998e-05,3.4352e-05,7.003e-05,5.9324e-05,2.2624e-05,0.00011774,2.2614e-05,9.1457e-05,4.8749e-05,7.909e-05,0.00013272,6.3626e-05,0.00012686,4.5124e-05,3.4052e-05,5.8186e-05,-2.1484e-05,0.00012793,-7.6076e-05,6.4892e-05,-2.9336e-05,4.9137e-05,-9.5277e-05,7.61e-05,5.6589e-05,6.5594e-05,4.2603e-05,0.00010183,4.137e-05,5.5393e-05,0.00011384,3.4233e-06,6.9509e-05,-7.6657e-05,3.7583e-05,5.3421e-05,3.9861e-05,0.00010105,-2.0267e-06,2.0308e-05,9.2849e-05,9.4306e-05,-3.4891e-06,8.763e-05,1.3868e-05,-5.3625e-05,0.00010674,0.00013739,6.9767e-05,6.3843e-05,-2.5969e-05,5.8349e-06,0.00010398,3.9529e-05,2.2207e-05,2.9519e-06,-1.2635e-05,3.4458e-05,-1.9764e-05,9.2726e-05,0.00012032,-1.2391e-05,1.226e-05,4.393e-05,9.7831e-06,0.00011984,9.2253e-05,1.5482e-05,4.972e-05,2.6728e-05
9.4277e-05,5.8986e-05,-2.6381e-05,7.7418e-05,6.0106e-05,-1.1057e-05,-3.9107e-05,1.0373e-05,-8.4197e-05,3.1748e-05,4.0798e-05,7.4931e-05,0.00011969,6.1728e-05,2.3878e-05,5.5378e-05,5.2898e-05,6.9024e-05,3.1254e-05,2.5739e-05,-3.5515e-05,8.6576e-05,-0.00010078,3.2857e-05,2.5802e-05,5.4936e-05,2.9803e-05,3.7285e-05,4.5117e-06,0.00011727,0,9.1494e-05,3.7563e-06,3.1484e-05,4.8239e-05,2.168e-05,9.1032e-05,3.7979e-06,9.4727e-05,3.1698e-05,6.341e-05,5.0229e-05,4.5886e-05,4.1487e-05,1.3958e-05,3.8334e-05,6.338e-05,4.9228e-05,3.59e-05,3.7577e-05,4.5748e-05,2.7875e-05,4.9498e-05,8.5852e-05,7.5247e-05,3.4494e-05,0.00012138,-2.5966e-06,0.00010014,2.5403e-05,3.9791e-05,5.1357e-05,6.3712e-05,3.9529e-05,7.4676e-05,3.7054e-05,2.9058e-05,5.5237e-05,2.0964e-05,2.6348e-05,6.3789e-05,0.00011042,4.0158e-05,7.703e-05,2.4378e-05,7.4585e-05,6.3867e-06,3.2882e-05,0.00015231,1.8207e-05,3.0296e-05,4.843e-05,6.0537e-05,2.6442e-05,4.4785e-05,1.9525e-05,3.3962e-05,7.2415e-05,9.4654e-05,5.4847e-05,1.8995e-05,1.0017e-05,8.5894e-06,7.2026e-05,5.1041e-06,5.7822e-05,0,4.8394e-05,2.8836e-05,5.2585e-05,5.3376e-05,7.7075e-06,5.1947e-05,9.2343e-05,3.5196e-05,5.8866e-05,1.625e-05,4.4131e-05,1.0879e-05,1.5712e-05,5.5003e-05,-7.1672e-05,3.6771e-05,-1.1084e-05,3.5875e-05,7.6099e-05,1.634e-05,9.7437e-05,-5.7979e-06,4.1119e-05,5.8115e-05,3.4198e-06,5.9104e-05,4.5435e-05,4.2083e-05,3.3504e-05,1.3137e-05,5.3376e-05,-4.7785e-05,5.0449e-05,6.3309e-05,1.6963e-06,4.7038e-05,7.7513e-05,6.8805e-05,2.9958e-05,3.4927e-05,2.6609e-05,4.6178e-05,4.0014e-05,8.5948e-05,5.4534e-05,0.00011696,3.4857e-05,5.8457e-05,1.7108e-05,8.3879e-06,5.1922e-06,9.8547e-05,3.1661e-05,-3.9953e-05,6.302e-05,1.0147e-05,5.5603e-05,3.4668e-05,5.103e-05,6.0705e-05,4.0955e-05,4.654e-05,6.3347e-05,5.2143e-05,6.4482e-05,4.2313e-05,3.5988e-05,3.2505e-05,7.3078e-06,6.0337e-05,-2.8367e-05,2.6353e-05,7.7414e-05,6.7736e-05,2.1444e-05,3.6762e-05,5.2658e-05,1.5004e-05,6.3071e-05,6.3824e-05,-4.7643e-05,0.00012296,5.3171e-05,2.1576e-05,6.1593e-05,7.2535e-05,4.1945e-05,3.3124e-05,3.1911e-05,4.4941e-05,3.3881e-06,2.6439e-05,7.2309e-05,5.0239e-05,3.068e-05,3.3253e-05,5.2961e-05,2.5855e-05,6.4207e-05,5.3182e-05,4.7949e-05,7.1751e-05,4.1571e-05
9.7204e-05,-1.9611e-05,1.7889e-06,6.7016e-05,8.0903e-08,2.6638e-06,-1.3008e-05,-5.2466e-05,0.00011109,-1.5377e-05,3.7932e-05,7.2949e-05,6.1728e-05,0.00010635,1.5379e-05,7.3325e-06,3.6955e-05,5.1012e-05,2.1418e-05,1.9749e-05,-9.7748e-05,6.0882e-05,-0.00011178,6.519e-05,-8.4885e-07,1.5849e-05,1.7719e-05,-2.21e-05,-2.2837e-06,5.8076e-05,0,6.1895e-05,4.9452e-05,2.842e-05,1.6176e-05,-2.086e-05,4.0299e-05,-1.0722e-05,4.9239e-05,3.3157e-05,2.1121e-05,7.3939e-06,-5.1821e-05,7.307e-05,5.0772e-05,-1.5464e-06,1.1952e-05,4.2662e-05,5.3425e-05,3.6386e-05,5.7041e-05,2.6652e-05,1.6388e-05,4.0766e-05,1.6647e-05,1.5953e-05,5.9793e-05,-7.8118e-06,3.891e-05,-1.9022e-05,2.4645e-05,-4.3245e-05,2.8106e-05,-8.7648e-07,7.5219e-05,5.8636e-05,-3.3023e-05,2.6738e-05,2.8686e-06,1.7713e-05,5.1821e-05,4.4038e-05,-8.1291e-07,-2.4707e-05,3.7936e-05,6.891e-05,5.1351e-05,1.5365e-05,4.6824e-05,3.5739e-05,-3.2052e-05,1.4135e-05,4.0767e-05,3.4071e-05,3.5053e-05,4.8782e-06,-2.4676e-05,6.0548e-05,6.9708e-06,1.5009e-05,-2.0293e-05,-6.7893e-06,-2.4478e-05,2.3372e-05,1.0153e-05,2.0463e-05,0,4.6776e-05,3.2073e-05,5.6841e-05,3.1979e-05,2.6714e-05,4.4334e-05,8.2109e-05,-4.8717e-06,4.4656e-05,2.6052e-05,3.3122e-05,8.3932e-06,9.116e-06,5.2091e-05,-4.711e-05,1.9401e-05,1.6945e-05,2.6319e-05,7.4621e-05,2.9733e-05,4.7622e-05,-3.593e-05,2.6177e-05,-4.3379e-06,5.8493e-06,-3.8993e-06,2.9324e-05,2.1859e-05,4.4116e-06,2.3792e-06,5.8209e-05,-7.1686e-05,8.0262e-05,-1.1818e-05,-1.6793e-05,2.7447e-05,5.5522e-06,1.7968e-05,2.1816e-05,1.9093e-05,2.8403e-05,1.863e-06,3.9438e-05,5.464e-05,9.4335e-05,6.2344e-05,-3.4731e-05,3.3486e-05,2.6337e-05,-5.9447e-05,3.4029e-06,8.5786e-05,4.5828e-05,-3.4846e-05,2.8096e-05,-2.6723e-05,4.6512e-05,4.0097e-05,8.5351e-05,-1.1813e-05,4.4331e-05,4.5527e-05,1.3956e-05,2.7686e-05,6.3721e-05,2.762e-06,-1.0339e-05,5.4384e-05,-1.8246e-05,1.4015e-05,-9.7809e-05,1.5324e-05,4.2178e-07,4.7529e-05,4.9803e-06,5.6431e-05,3.2549e-05,-1.2374e-05,9.8683e-06,9.2436e-05,-1.1739e-05,0.00012092,3.0858e-05,-2.1496e-05,3.8103e-05,7.2282e-05,2.1183e-05,1.1488e-05,1.9506e-05,-1.5297e-05,4.3607e-07,5.9854e-05,4.5933e-05,5.3984e-05,-1.1055e-05,2.0507e-05,4.5678e-05,-3.3266e-06,8.8854e-05,5.073e-05,-7.4339e-06,2.5712e-05,2.1862e-05
8.1169e-05,5.7442e-05,-3.8552e-06,0.00011442,2.3734e-05,7.1141e-05,4.8085e-05,-1.831e-06,9.6008e-05,6.5703e-05,0.00011411,6.4975e-05,2.3878e-05,1.5379e-05,0.00018085,-2.3417e-05,4.5246e-05,7.4397e-05,2.2969e-05,4.1896e-05,0.00011931,3.6533e-05,0.00027236,2.5936e-06,0.00011325,4.9408e-06,2.4197e-05,5.9786e-05,2.2011e-05,5.5486e-05,0,6.8048e-05,7.7335e-05,5.6247e-05,8.5885e-05,4.4408e-05,1.7298e-06,-9.0273e-05,2.0909e-05,-6.3226e-07,3.5781e-05,1.4622e-06,1.0659e-05,3.0263e-05,2.3067e-05,3.8546e-05,1.5661e-05,6.2237e-05,5.5616e-05,2.7014e-05,3.2683e-05,0.00011945,1.5351e-05,1.8807e-05,4.0329e-05,0.00020943,2.4378e-05,-1.8414e-06,0.00011326,0.0001038,0.00010031,-0.00015487,9.7828e-06,5.8081e-05,0.00010758,1.1739e-05,3.5186e-05,8.7925e-05,4.6202e-05,2.6971e-05,8.3688e-06,0.00016186,8.8989e-05,4.8692e-06,2.0137e-05,0.00010959,1.3643e-05,7.3352e-05,0.00012077,-8.3603e-05,4.0393e-05,0.00014152,0.00010253,4.6389e-05,3.5072e-05,-6.3498e-06,2.8745e-05,6.987e-05,7.9606e-05,1.9638e-05,7.2935e-05,4.0099e-05,4.7757e-05,0.00010272,7.3284e-05,9.1006e-05,0,6.7755e-05,2.8481e-05,8.9746e-05,2.9561e-05,3.4518e-06,0.0001175,4.8635e-05,4.0401e-05,3.8206e-05,8.861e-06,8.3749e-05,0.0001459,7.5404e-06,6.9413e-05,-6.1382e-05,0.0001315,9.8957e-05,-4.9072e-06,9.2331e-05,5.9435e-05,0.00015453,2.4782e-05,-1.3702e-05,5.3988e-05,0.00019837,6.5975e-05,6.0204e-05,3.3555e-05,3.8419e-05,5.0725e-06,1.7176e-05,-0.00018362,0.00012409,1.0031e-05,8.4827e-05,5.1334e-05,8.9795e-05,4.3909e-06,0.00017791,1.0285e-05,8.485e-05,3.121e-05,4.3967e-05,7.1937e-05,3.9885e-05,0.00010097,1.9389e-05,6.2615e-05,6.2114e-05,-0.00010613,5.197e-05,5.962e-05,8.6512e-05,7.8375e-05,1.4379e-05,-3.3786e-05,3.9547e-05,5.6618e-05,2.8425e-05,8.3978e-05,1.5295e-05,6.078e-05,6.754e-06,7.9523e-05,0.00014226,6.997e-05,1.8379e-05,8.3842e-06,2.2923e-05,5.1662e-05,2.3187e-05,-1.9858e-05,2.9024e-05,7.7532e-05,4.1331e-05,-3.4876e-05,5.3319e-05,2.2297e-05,1.366e-05,0.00010316,6.4195e-05,-8.3688e-05,6.681e-05,2.0577e-05,7.3199e-06,5.0386e-05,4.4991e-05,5.7851e-05,-8.9174e-06,-1.5933e-05,3.4295e-05,-6.1859e-05,-1.0868e-05,-6.4707e-06,4.0037e-05,3.2904e-05,1.8341e-05,-3.5035e-05,9.586e-05,3.9968e-05,6.6704e-05,4.665e-05,9.1899e-05
1.2716e-05,4.0181e-05,3.8317e-05,1.6023e-05,5.9573e-05,-3.1945e-05,8.3837e-06,7.2019e-05,-5.3817e-05,1.3406e-05,2.1403e-05,1.2621e-05,5.5378e-05,7.3325e-06,-2.3417e-05,9.6977e-05,2.0761e-05,2.205e-05,3.5829e-05,2.8653e-05,7.3299e-06,1.6888e-05,-8.4146e-05,4.7731e-06,-3.0279e-07,4.5088e-05,5.4255e-05,4.2701e-05,1.6427e-05,7.1525e-05,0,2.4309e-08,-2.0246e-05,2.7834e-05,1.5568e-05,4.7743e-05,5.5686e-05,2.2533e-06,8.701e-05,-3.8256e-05,3.928e-05,4.0819e-05,4.9058e-05,1.8956e-05,2.2542e-05,7.8892e-06,3.5314e-05,-3.2104e-05,-1.3077e-05,1.6249e-05,1.2403e-06,6.0286e-06,3.3887e-05,6.3769e-05,6.6442e-05,-3.2335e-05,0.00010466,8.2698e-06,6.8809e-05,3.8324e-05,-2.2899e-05,1.5736e-05,6.4664e-05,6.9768e-05,1.613e-05,2.0392e-05,5.6104e-05,6.0721e-06,2.1117e-05,3.8222e-05,5.8791e-05,5.6403e-05,-1.9939e-06,5.3814e-05,2.7485e-05,3.7939e-05,4.0355e-06,2.8305e-05,-3.1851e-05,2.6208e-05,1.8787e-05,5.2455e-05,-4.6628e-06,-6.6595e-06,2.9216e-06,-1.0704e-05,3.2008e-05,9.1211e-06,5.0992e-05,3.4811e-05,1.295e-05,2.3788e-05,4.09e-05,1.5498e-05,3.8189e-05,2.6382e-05,0,-1.1971e-05,1.6868e-05,1.0709e-05,3.1356e-05,-2.1953e-05,-1.0939e-05,-4.3919e-06,2.8877e-05,4.1715e-05,3.2944e-05,1.9399e-05,-2.0694e-06,1.2878e-05,1.852e-06,-1.6873e-05,3.1314e-05,4.4188e-06,1.1101e-05,-8.579e-06,4.3808e-06,-3.8876e-06,6.5156e-06,2.9319e-05,5.8127e-05,-2.7074e-05,5.2371e-05,4.9759e-06,6.3998e-06,3.2656e-05,1.4699e-05,2.6649e-05,1.9075e-05,1.3634e-05,7.5186e-05,1.2432e-05,1.3554e-05,1.9825e-05,6.4527e-05,-3.2578e-05,4.2298e-06,-8.1596e-06,3.1736e-05,2.5831e-05,2.5291e-05,-6.3923e-06,2.4289e-06,5.5177e-05,2.7903e-05,3.9277e-05,1.4195e-05,2.6833e-05,1.6824e-05,-1.092e-06,5.9611e-05,6.0662e-05,3.0168e-05,5.2843e-05,2.4826e-05,4.8046e-05,5.9689e-06,-9.7426e-06,1.3609e-05,2.5655e-05,4.5869e-05,9.5034e-06,3.481e-05,4.2588e-05,1.8776e-05,1.8494e-05,1.7303e-05,6.9659e-05,1.0494e-06,8.0026e-05,4.7085e-05,1.241e-05,6.034e-06,1.8759e-05,3.8639e-05,3.8227e-05,-2.9004e-05,-4.5199e-05,4.1638e-05,1.7142e-05,1.984e-05,4.4767e-05,6.0935e-06,1.106e-05,8.9091e-06,2.0146e-05,6.5708e-05,1.9163e-05,2.1839e-05,6.9965e-05,4.3971e-05,2.9945e-05,2.6438e-05,3.9724e-05,2.8195e-05,4.4333e-05,2.0223e-05,3.5157e-05,3.1547e-05,3.4093e-05
4.9121e-05,4.0755e-05,3.8946e-05,0.00012506,6.254e-05,1.2284e-05,-2.5538e-05,3.1455e-05,-2.4664e-05,7.1961e-05,6.0375e-05,9.8339e-06,5.2898e-05,3.6955e-05,4.5246e-05,2.0761e-05,0.00012235,0.00014995,6.07e-05,6.4511e-05,-4.9985e-05,9.0172e-05,4.7724e-05,4.0606e-05,4.0047e-05,3.6909e-05,2.7604e-05,2.9985e-05,2.2339e-05,0.00011782,0,0.00012155,1.0728e-05,5.1101e-05,8.418e-05,4.7955e-05,5.7625e-05,-1.357e-05,2.5988e-05,5.0255e-05,4.3576e-05,4.6937e-05,-8.4421e-07,4.5543e-05,-1.7642e-05,8.5471e-05,8.2509e-05,-2.6913e-05,6.1921e-05,5.7587e-05,2.1916e-05,6.7584e-05,3.4879e-05,8.514e-05,0.00010606,6.4788e-05,6.3344e-05,7.4565e-06,6.2584e-05,6.4798e-05,4.0733e-05,-7.6288e-05,2.4186e-06,5.8212e-05,9.9592e-05,2.1293e-05,4.0958e-06,5.1354e-05,4.4493e-06,8.3241e-06,3.222e-05,0.00011672,0.00011544,0.00012944,6.1449e-06,7.0604e-05,2.0068e-05,4.4669e-05,6.9241e-05,5.6619e-05,1.1994e-05,9.3442e-05,5.0647e-05,6.6633e-06,2.7063e-05,3.4032e-05,3.8771e-05,5.5802e-05,5.9911e-05,5.4229e-05,1.8962e-05,1.1439e-05,-1.1831e-05,0.00010232,-1.0888e-05,4.9766e-05,0,5.4599e-05,5.7631e-05,6.5113e-05,2.1555e-05,-9.4064e-06,5.9185e-05,8.7758e-05,6.397e-06,0.00012492,-1.0335e-05,8.5198e-05,6.5083e-05,3.5464e-05,6.5884e-05,-5.9891e-05,8.8471e-07,-4.5644e-07,3.6048e-05,-1.9857e-05,2.2971e-05,7.6427e-05,2.3226e-05,1.6427e-05,1.8644e-05,2.3538e-05,7.7012e-05,4.2703e-05,3.3188e-05,3.2686e-05,6.2491e-06,8.7519e-05,-9.6091e-05,8.5858e-05,9.9684e-05,5.7228e-05,-6.5749e-06,0.00011152,-3.1626e-06,9.5643e-05,4.2783e-06,5.0321e-05,3.0203e-05,-1.3231e-05,2.676e-05,5.8224e-05,0.00012195,2.2853e-05,9.8811e-05,7.0992e-05,-2.7833e-05,6.2068e-05,0.00013793,7.2198e-05,1.871e-05,2.6993e-05,5.0798e-05,4.3198e-05,2.5314e-05,2.0038e-07,0.00010551,-1.1156e-05,6.3657e-05,7.6248e-05,3.0884e-05,4.1067e-05,4.7817e-05,4.6623e-05,7.6133e-06,1.5186e-05,4.794e-05,-3.0094e-05,6.4296e-07,4.3353e-05,9.4274e-05,-8.2586e-07,6.5499e-05,5.4438e-05,3.1374e-06,7.3259e-05,0.00011101,-6.4415e-05,2.1176e-05,8.0881e-05,9.5156e-06,4.0331e-05,0.00011872,-1.8737e-05,5.5032e-05,2.4639e-05,1.1088e-06,1.2355e-05,5.2855e-05,8.9888e-05,1.5438e-05,4.3455e-05,5.0922e-05,1.3629e-05,-1.8089e-05,5.4511e-05,0.0001064,5.9153e-05,7.5173e-05,4.8314e-05
-3.6437e-05,0.00010521,0.00013468,0.00018686,0.00018347,0.00010329,8.9676e-06,-1.562e-05,7.5902e-05,0.00014565,0.0001344,2.3219e-05,6.9024e-05,5.1012e-05,7.4397e-05,2.205e-05,0.00014995,0.00030465,0.00010345,0.00010009,-8.6648e-06,0.00020111,0.00010732,5.2004e-05,8.8535e-05,5.3827e-05,6.2127e-05,7.3029e-05,4.3692e-05,0.00014718,0,0.00026537,4.6502e-05,0.00014905,0.00011254,0.00014124,0.00016112,1.2901e-05,0.0001593,0.00010969,7.146e-05,9.4926e-05,3.3791e-05,0.00010426,3.7701e-05,0.00015343,0.00015788,2.7396e-05,8.748e-05,9.4029e-05,3.4556e-05,0.00010762,0.00013646,0.00016306,0.00024695,0.00014611,0.0001431,2.5721e-06,0.00012333,0.00016506,0.00010573,-0.00015724,-1.7856e-05,7.7107e-05,0.00014347,8.3049e-05,4.2881e-05,0.00011314,4.052e-05,5.8421e-05,4.6909e-05,0.00020599,0.00025495,0.00024096,6.3736e-05,0.00011935,2.4346e-05,9.4544e-05,0.0001921,4.5667e-05,4.4695e-05,0.00015997,9.5688e-05,5.717e-06,9.2562e-05,7.3752e-05,5.1052e-05,0.00012791,0.00012421,8.9175e-05,0.00010897,1.9229e-05,5.1673e-05,0.00013683,4.8772e-05,0.00010221,0,0.00011192,5.8001e-05,8.46e-05,7.3866e-05,-1.9564e-05,0.00011695,4.9514e-05,1.4343e-05,1.643e-05,9.6683e-06,0.00014708,7.9051e-05,5.8074e-05,0.00014098,-1.1093e-05,4.5355e-06,-1.6031e-05,8.9389e-05,3.9621e-05,3.838e-05,0.0001214,1.5778e-05,4.2459e-05,9.3334e-05,6.013e-05,0.0001553,0.00012691,0.00010438,1.5386e-05,2.197e-05,0.00011487,-0.00019013,0.00016927,0.00018623,8.7742e-05,4.2651e-05,0.00021114,4.3779e-05,0.00010622,6.0129e-06,9.512e-05,4.6082e-05,1.3304e-05,4.7586e-05,4.2741e-05,0.00017333,3.0217e-07,0.00015011,0.00012234,-3.4569e-05,8.4396e-05,0.00027135,0.00010294,7.7508e-05,6.4783e-05,6.9992e-05,7.8167e-05,7.3911e-05,1.6964e-05,0.0001711,2.6713e-05,0.00011643,0.00010659,7.0201e-05,0.00013966,9.5094e-05,6.8337e-05,4.018e-05,5.2999e-05,6.7418e-05,-1.0163e-05,5.5537e-05,5.1161e-05,0.00013066,3.234e-05,8.8726e-05,5.9322e-05,3.4839e-05,0.00011697,0.00024999,-3.4669e-05,0.00011328,0.00014168,-1.2106e-05,7.8456e-05,0.00028142,-3.7654e-05,0.00013149,7.552e-05,9.4985e-06,4.9217e-05,6.1874e-05,0.00012984,5.0893e-05,5.0883e-05,7.6791e-05,4.1427e-05,-4.4555e-05,8.6118e-05,0.00013825,8.9586e-05,0.00010391,9.1245e-05
