0.00014931,3.7436e-05,4.1131e-05,0.00011175,6.9301e-05,6.1648e-05,2.6591e-05,8.642e-05,9.1015e-05,5.335e-05,1.1304e-05,0.00010986,5.6572e-05,4.4486e-05,3.0592e-05,9.5408e-05,3.2549e-05,2.4001e-05,1.9505e-06,6.0837e-05,1.9276e-05,4.2861e-05,4.6015e-05,0.00010484,1.5996e-05,2.4642e-05,2.192e-05,0.00013985,0.00012943,9.6149e-05,9.513e-05,0.00011666,6.9452e-05,0.00010835,1.2166e-05,0.00010909,5.681e-05,6.4536e-05,0.00011372,0.00012263,0.00010899,0.0001015,0.00018471,5.9652e-05,6.2126e-05,4.2231e-05,3.9064e-05,0.00011436,8.2745e-05,9.1589e-05,1.0432e-05,4.7726e-05,9.9504e-05,4.1984e-05,2.4288e-05,5.0439e-05,6.2889e-05,7.0427e-05,0.00014491,0.0001109,8.0189e-05,8.1264e-05,5.2768e-05,9.8565e-05,9.6945e-05,3.3912e-05,1.0053e-06,-1.5062e-05,3.2982e-05,0.00010545,7.7969e-05,4.7793e-05,2.7126e-05,5.8569e-05,8.2144e-05,4.0887e-05,7.8728e-05,5.4973e-05,4.798e-05,6.9476e-05,6.5745e-05,4.5519e-05,0.00013744,4.9698e-05,0.00031139
3.7436e-05,0.00016903,0.00013613,0.00010379,6.8135e-05,9.8567e-05,2.0236e-05,6.4859e-05,0.0001531,6.2407e-05,0.00018187,8.1005e-05,0.00012569,6.5685e-05,5.1013e-05,5.073e-05,5.3118e-05,9.0697e-05,0.00017887,3.2963e-05,3.6551e-05,6.425e-05,6.7057e-06,9.4201e-05,4.3066e-05,5.8151e-05,8.8147e-06,8.4446e-05,3.6581e-05,8.8069e-05,0.00026332,0.00010758,9.8469e-05,0.00011787,2.0825e-05,8.6557e-05,0.00011779,0.00011004,0.00016091,2.0538e-05,0.0001274,9.2668e-05,0.00013403,0.00018551,9.1934e-05,1.8083e-05,7.2241e-05,9.4282e-05,4.6124e-05,0.00012162,2.9243e-05,3.1055e-05,5.0219e-05,2.7472e-05,8.8899e-06,5.657e-05,9.311e-05,0.00012522,8.9405e-05,7.5887e-05,6.3607e-05,2.8154e-05,1.8329e-05,0.00016741,0.00015852,0.00010016,2.7424e-05,1.7254e-05,7.3186e-05,4.3557e-05,0.00013903,7.2455e-05,3.5963e-05,0.0001426,8.2384e-05,0.00015777,0.00022727,3.0477e-05,-2.6877e-05,6.2924e-05,0.00010783,3.4744e-05,0.00011137,9.86e-05,5.185e-05
4.1131e-05,0.00013613,0.00026784,0.00018576,9.9084e-05,9.3644e-05,6.1868e-05,6.6094e-05,0.0001708,8.0268e-05,0.00022484,0.00016729,0.00022652,7.1942e-05,0.00011739,0.00011745,0.00015414,0.00012807,0.00022122,7.844e-05,1.7306e-05,7.6012e-05,2.7207e-05,6.723e-05,2.5621e-05,3.9021e-05,2.3494e-06,0.00018863,2.6174e-06,0.00014116,0.00030877,0.00011836,0.00013106,0.00019293,1.248e-05,0.00030321,9.5578e-05,0.00021028,0.00026092,-2.6579e-05,0.00020549,0.00011526,0.00013744,0.00015031,7.8289e-05,4.727e-05,8.4662e-05,8.5113e-05,9.9791e-05,7.9783e-05,2.6367e-05,4.3282e-05,0.00015951,9.5543e-05,7.2007e-05,0.00010953,0.0001154,0.00022245,0.00011933,0.00021269,5.47e-05,9.8828e-05,3.7233e-05,0.00021588,0.00020445,5.9314e-05,8.7439e-05,5.7674e-06,2.9933e-05,2.9005e-05,0.00010998,6.4591e-05,5.0141e-05,0.00014288,0.00013888,0.00020142,0.00027343,2.3588e-05,-4.6352e-05,7.7787e-05,0.00019808,8.4191e-05,0.00030574,8.9263e-05,0.00012311
0.00011175,0.00010379,0.00018576,0.00046682,0.00012605,0.00010726,0.00011661,8.9455e-05,0.00016021,2.5642e-05,0.00015289,0.00018613,0.00028368,8.8442e-05,0.00016305,0.00013663,0.00013125,-9.9148e-06,0.00012882,0.00014541,5.8949e-05,8.9418e-05,9.537e-05,0.00016558,8.6201e-05,3.2365e-05,-7.7499e-06,0.0001852,0.0001522,0.00019244,0.00033838,0.00025512,0.00029194,0.00028284,-3.2093e-05,0.00029398,9.2538e-05,0.00022143,0.00039482,0.00019827,0.000177,0.00014535,0.00031431,0.00021134,0.00021513,4.443e-05,9.4371e-07,0.00026225,0.00016944,6.3242e-05,6.1932e-05,5.9138e-05,0.00020012,0.00016611,0.00011601,7.5777e-05,8.2426e-05,0.00031096,0.00012721,0.00036884,9.3103e-05,0.000158,9.0463e-05,0.00023637,0.00023348,9.0047e-05,3.7754e-05,-8.7192e-05,6.3151e-05,1.4874e-05,6.0373e-05,0.00011363,3.7631e-05,0.00015585,0.00012191,3.9899e-05,0.00033341,4.5833e-05,2.9648e-05,3.4863e-05,0.00019886,7.7992e-05,0.00029554,3.3984e-05,0.0003606
6.9301e-05,6.8135e-05,9.9084e-05,0.00012605,9.7246e-05,6.7516e-05,6.898e-05,4.3205e-05,0.00010143,6.3331e-05,6.5411e-05,0.00012788,0.00010656,4.8649e-05,7.6449e-05,7.2506e-05,6.922e-05,5.5598e-05,2.3475e-05,3.9864e-05,4.2752e-06,3.568e-05,5.0721e-05,-1.1882e-05,3.6868e-05,4.7404e-05,5.1754e-05,0.00013609,0.00012728,0.00013304,0.00011727,0.00013092,8.2037e-05,0.00011745,5.2358e-06,0.00017875,6.7294e-05,8.1388e-05,0.00010688,7.4368e-05,0.00014007,6.2854e-05,0.00013805,9.4116e-05,9.3602e-05,3.4314e-05,3.1617e-05,0.0001511,7.2339e-05,8.4717e-05,4.1895e-05,4.1481e-05,5.9273e-05,5.4032e-05,4.3814e-05,6.17e-05,8.0248e-05,9.0547e-05,0.00011331,8.619e-05,5.5652e-05,7.705e-05,3.6628e-05,9.827e-05,9.4391e-05,2.611e-05,5.5095e-05,1.4538e-05,3.6189e-05,-1.059e-05,7.0706e-05,4.9951e-05,2.8423e-05,6.9925e-05,6.5223e-05,8.1505e-05,0.00018286,2.1861e-05,1.9598e-05,5.1184e-05,6.4178e-05,4.9852e-05,0.00014788,6.6236e-05,0.00014582
6.1648e-05,9.8567e-05,9.3644e-05,0.00010726,6.7516e-05,0.00038233,6.646e-05,4.2441e-05,0.00015838,6.4059e-05,5.385e-05,0.00014741,8.5525e-05,9.6007e-07,3.343e-05,5.5594e-05,5.4979e-05,0.00011044,0.00011784,3.6512e-05,0.00012127,2.7259e-06,3.1086e-05,0.00018094,3.8966e-05,3.9924e-05,2.8255e-05,0.00012474,5.8596e-05,8.624e-05,0.00015266,0.00014045,8.1967e-07,0.00013128,3.6474e-05,0.00018554,3.6541e-05,4.4163e-05,4.7633e-05,0.00011372,9.9942e-05,0.00035875,0.00010246,0.00016593,8.3117e-06,-1.8001e-05,6.0535e-05,6.4199e-05,0.00013273,0.00012217,3.9398e-05,4.9782e-05,0.00012148,3.2789e-06,-3.6234e-05,1.4958e-05,0.00011134,8.1193e-05,8.1773e-05,7.4924e-05,0.00018887,3.0319e-05,-4.0551e-05,0.00015941,0.0001474,0.00011096,6.4029e-05,2.9318e-05,9.2741e-05,0.00020364,8.3328e-05,5.329e-06,6.0986e-05,1.7085e-05,9.8148e-05,5.1369e-05,0.00014534,1.7674e-05,-5.9546e-06,7.2467e-05,9.5096e-05,-3.2416e-05,0.00030894,8.7279e-05,0.0001538
2.6591e-05,2.0236e-05,6.1868e-05,0.00011661,6.898e-05,6.646e-05,0.00013945,2.8905e-05,8.1076e-05,6.1637e-05,2.0576e-05,9.8085e-05,9.3987e-05,3.5083e-05,7.5744e-05,3.9335e-05,7.5829e-06,4.3453e-05,-1.5424e-05,4.0759e-05,3.8085e-05,1.8584e-05,7.3395e-05,5.4456e-05,8.524e-05,1.8877e-05,8.0669e-05,9.8933e-05,3.2542e-06,9.9938e-05,1.6755e-05,9.1425e-05,4.6189e-05,9.1653e-05,1.5159e-05,0.00012369,2.0479e-05,4.9978e-05,2.6566e-05,8.5e-05,0.00010401,8.8429e-05,7.354e-05,3.95e-05,8.8988e-05,3.8206e-05,1.8887e-05,0.0001161,4.3214e-05,3.6035e-06,6.5997e-05,9.2895e-05,-1.7941e-05,6.0605e-05,5.3015e-05,4.3916e-05,1.4081e-05,6.2697e-05,3.0365e-05,-1.3882e-05,5.3319e-05,5.492e-05,4.4842e-05,3.6909e-06,3.8025e-06,2.7804e-05,4.1235e-05,1.8812e-05,2.7758e-05,-6.1237e-06,2.1133e-05,4.3583e-05,6.0307e-05,4.1419e-05,4.1196e-05,2.2751e-05,3.9475e-05,5.4815e-05,6.8107e-05,1.7381e-05,-4.3739e-05,2.0808e-05,0.00016641,4.7316e-05,0.00013464
8.642e-05,6.4859e-05,6.6094e-05,8.9455e-05,4.3205e-05,4.2441e-05,2.8905e-05,0.0001754,9.9286e-05,4.7229e-05,3.9184e-05,3.444e-05,8.3893e-05,5.5705e-05,4.5388e-05,4.5263e-05,-2.2413e-06,4.6267e-05,0.00010603,6.4267e-05,4.4194e-05,3.9653e-05,7.3075e-06,0.00018129,1.5376e-05,1.8783e-05,1.319e-05,4.5893e-05,-0.00010152,9.2507e-05,7.6977e-05,2.1237e-05,-1.2705e-05,0.00010469,1.8484e-05,7.6772e-05,5.6027e-05,8.4414e-05,8.2687e-05,2.2072e-05,5.5282e-05,8.5885e-05,0.00013111,3.195e-05,5.3873e-06,1.6877e-05,6.1303e-05,-1.9275e-05,6.1889e-05,8.9323e-05,6.9567e-08,5.8547e-05,0.00014065,6.6117e-05,1.72e-05,1.1155e-05,2.9774e-06,8.2508e-05,9.6827e-05,7.2009e-05,0.00012464,6.9537e-05,1.898e-05,9.6842e-05,9.2466e-05,9.026e-05,3.3042e-05,1.1388e-05,6.2849e-05,0.00012326,7.3798e-05,7.4727e-05,6.5408e-05,0.00010691,7.4523e-05,3.6737e-05,1.5401e-05,6.6131e-05,2.8923e-05,6.7712e-05,-4.3807e-05,1.5044e-05,5.3426e-05,1.1536e-05,3.1191e-05
9.1015e-05,0.0001531,0.0001708,0.00016021,0.00010143,0.00015838,8.1076e-05,9.9286e-05,0.00025115,0.00010598,0.00016795,0.00014923,0.00014306,9.5256e-05,9.5106e-05,0.00010725,0.00011079,8.1862e-05,0.00015185,5.2294e-05,3.4055e-05,8.6706e-05,3.1513e-05,0.00014467,6.2068e-05,6.3885e-05,4.3463e-05,0.0001664,6.5001e-05,0.0001403,0.00024149,0.00019153,0.00010108,0.00015391,4.6727e-05,0.000179,9.5064e-05,0.00013168,0.00013926,6.7901e-05,0.00016223,0.00020486,0.00020108,0.00017499,8.8383e-05,4.1897e-05,8.1839e-05,0.0001492,0.00014752,0.00012705,2.7126e-05,9.0523e-05,8.8566e-05,8.194e-05,5.5348e-05,7.2407e-05,7.2723e-05,0.00012458,0.00015939,4.7615e-05,0.00012459,7.8835e-05,3.4787e-05,0.0001778,0.00016948,0.00012329,3.3779e-05,2.2606e-05,0.00010049,9.1354e-05,0.00015816,9.1433e-05,5.5625e-05,0.00016078,0.00013668,0.00020001,0.00016169,7.2969e-05,3.4953e-05,9.2973e-05,0.00011354,3.5544e-05,0.00027876,0.00010473,0.00018212
5.335e-05,6.2407e-05,8.0268e-05,2.5642e-05,6.3331e-05,6.4059e-05,6.1637e-05,4.7229e-05,0.00010598,0.00011979,7.8239e-05,0.00011691,6.6419e-05,3.1082e-05,5.1541e-05,5.5906e-05,1.9822e-05,6.6327e-05,4.7639e-05,1.0651e-05,3.9679e-05,5.6891e-05,6.0649e-05,2.3233e-05,4.9705e-05,3.1216e-05,8.049e-05,0.00010291,4.2507e-05,9.3697e-05,0.00010042,4.7381e-05,1.1556e-05,4.1468e-05,5.0375e-05,4.806e-05,5.1761e-05,5.5252e-05,4.0057e-05,3.6821e-05,0.00012122,9.8297e-05,9.8731e-05,6.4057e-05,2.8737e-05,4.4405e-06,6.1676e-05,6.8998e-05,5.0331e-05,9.6337e-05,3.7759e-05,6.8581e-05,3.0561e-05,4.3277e-05,3.8899e-05,9.6776e-05,7.8357e-05,5.2807e-05,0.00012385,-6.6819e-05,9.4498e-05,5.2917e-05,4.455e-05,7.4056e-05,6.9066e-05,4.2369e-05,3.2592e-05,5.0636e-05,4.4996e-05,6.1668e-05,8.5818e-05,4.0509e-05,4.194e-05,8.2167e-05,7.6671e-05,0.00010997,6.6633e-05,6.4933e-05,4.7894e-05,6.7325e-05,1.2432e-05,4.8695e-05,0.00013678,7.5609e-05,0.00015598
1.1304e-05,0.00018187,0.00022484,0.00015289,6.5411e-05,5.385e-05,2.0576e-05,3.9184e-05,0.00016795,7.8239e-05,0.0003956,0.00021299,0.0002748,8.1403e-05,8.9202e-05,9.3327e-05,0.00010389,0.00010696,0.00031271,5.0376e-05,7.9466e-05,0.00013229,1.1442e-05,0.00012891,1.5815e-06,4.6229e-05,8.3355e-06,0.00017554,4.3179e-05,9.9048e-05,0.00034847,0.00015817,0.00022416,0.00020175,2.2351e-06,0.00025184,8.3385e-05,0.00019146,0.00032626,2.6571e-05,0.00018472,0.00010161,0.00014553,0.00018697,0.00014597,-6.2243e-06,8.8717e-05,0.00019758,1.9741e-05,0.00010691,3.2095e-05,5.9955e-05,0.00013887,6.5075e-05,6.2459e-05,0.00013576,0.00011238,0.00025211,9.8456e-05,0.00016292,3.3151e-05,8.521e-05,6.4209e-05,0.00019316,0.00018398,0.00014341,1.117e-05,-1.1298e-05,2.9558e-05,7.9336e-06,0.00014939,8.2598e-05,5.3292e-05,0.00015286,0.00012636,0.00021509,0.00028844,7.3332e-05,-5.0683e-05,6.7151e-05,0.00021944,6.0103e-05,0.000179,0.00011315,0.00025842
0.00010986,8.1005e-05,0.00016729,0.00018613,0.00012788,0.00014741,9.8085e-05,3.444e-05,0.00014923,0.00011691,0.00021299,0.00049435,0.00018938,6.7026e-05,0.00014782,0.00017982,9.6832e-05,9.7766e-05,8.5894e-05,3.6262e-05,1.7324e-05,0.00012588,9.5577e-05,-1.1496e-05,-4.3693e-05,5.5233e-05,0.0001141,0.00043498,0.00017367,0.00024167,0.00027112,0.00020008,9.5242e-05,0.00022532,-4.1288e-05,0.00048654,2.7606e-05,0.00013283,0.00020002,0.00019719,0.00034432,0.00016883,0.00015894,0.00013056,0.00011103,1.2448e-05,8.5674e-05,0.00028029,0.00011489,9.2208e-05,1.6155e-05,8.4791e-05,0.00015776,0.00013088,0.00011583,0.00015902,0.0001371,0.00017675,0.00020592,0.00015574,5.7117e-05,0.00019705,9.9956e-05,0.00021648,0.00020821,7.3635e-05,0.00010392,-6.5391e-05,5.8567e-05,1.6622e-05,0.00011593,6.4708e-05,7.568e-05,2.0593e-05,0.00015151,0.0001949,0.000134,0.0001077,1.8311e-05,0.00010351,0.00015958,8.5608e-05,0.00037592,6.3445e-05,0.00026163
5.6572e-05,0.00012569,0.00022652,0.00028368,0.00010656,8.5525e-05,9.3987e-05,8.3893e-05,0.00014306,6.6419e-05,0.0002748,0.00018938,0.00036262,5.3684e-05,0.0001077,5.8632e-05,0.00012907,8.414e-05,0.00020268,0.00010997,7.8194e-05,8.9239e-05,6.3952e-05,0.00018336,5.9648e-05,5.4422e-05,1.8955e-05,0.00019395,7.7192e-06,0.00017187,0.00027219,0.00023811,0.00027117,0.00028529,6.8595e-06,0.00031792,8.734e-05,0.00022822,0.00039015,8.8133e-05,0.00018883,0.00011562,0.00024616,0.0001632,0.00019187,3.4018e-05,4.7257e-05,0.000225,0.00010883,9.5065e-05,7.988e-05,7.7988e-05,0.00019506,0.00010718,8.4174e-05,0.00011583,5.4024e-05,0.00034882,9.3481e-05,0.00035514,8.9123e-05,0.0001231,6.0711e-05,0.00018985,0.00018225,8.9897e-05,4.1525e-05,-1.3686e-06,-7.0993e-06,5.2805e-06,7.4576e-05,9.6905e-05,5.6981e-05,0.00013826,0.00011498,0.00012285,0.0003164,5.269e-05,-2.0577e-05,4.7568e-05,0.00020313,8.4532e-05,0.00026802,8.2786e-05,0.00038605
4.4486e-05,6.5685e-05,7.1942e-05,8.8442e-05,4.8649e-05,9.6007e-07,3.5083e-05,5.5705e-05,9.5256e-05,3.1082e-05,8.1403e-05,6.7026e-05,5.3684e-05,9.2603e-05,5.0934e-05,8.2856e-05,1.032e-05,1.5715e-05,6.2263e-05,4.4413e-05,1.0965e-06,5.0618e-05,1.1873e-05,7.5243e-05,1.5175e-05,1.5963e-05,1.1211e-05,7.6089e-05,4.6801e-05,9.9835e-05,0.0001023,7.6315e-05,5.7332e-05,9.0442e-05,-1.5572e-05,6.1434e-05,5.7016e-05,8.0984e-05,7.9548e-05,2.4608e-05,7.9321e-05,7.5145e-05,9.5726e-05,8.1094e-05,4.5924e-05,3.5607e-05,3.8018e-05,8.8852e-05,2.771e-05,7.1363e-05,-1.2958e-05,4.4333e-05,5.6015e-05,3.3032e-05,2.2789e-05,4.9011e-06,3.2163e-05,5.0389e-05,9.3179e-05,3.7172e-05,4.1037e-06,6.2843e-05,3.2518e-05,7.5942e-05,7.4244e-05,5.5194e-05,9.1509e-06,-2.0132e-05,5.7878e-05,-2.0716e-05,6.9049e-05,6.0381e-05,2.6875e-05,0.0001127,6.8196e-05,3.9457e-05,9.0249e-05,5.9894e-05,2.6452e-05,4.7734e-05,3.871e-05,2.1877e-05,0.00011315,3.0471e-05,-3.4451e-06
3.0592e-05,5.1013e-05,0.00011739,0.00016305,7.6449e-05,3.343e-05,7.5744e-05,4.5388e-05,9.5106e-05,5.1541e-05,8.9202e-05,0.00014782,0.0001077,5.0934e-05,0.00012324,8.7178e-05,7.6821e-05,4.0547e-05,7.8249e-05,3.1203e-05,1.8494e-09,5.8503e-05,4.2622e-05,-5.4033e-05,2.0344e-05,3.0418e-05,5.2166e-05,0.00012767,5.3023e-05,0.00010927,0.00013373,6.6761e-05,5.6078e-05,0.00011103,-1.086e-05,0.00020672,3.4173e-05,0.0001059,0.00010191,4.6706e-05,0.00012586,4.1241e-05,7.4971e-05,5.2232e-05,5.8393e-05,1.5599e-05,2.7591e-05,9.0828e-05,6.7042e-05,2.0068e-05,2.7344e-05,4.7648e-05,6.2928e-05,0.00011147,8.9945e-05,6.7949e-05,6.9311e-05,8.3703e-05,7.3909e-05,3.8111e-05,5.2717e-05,9.3101e-05,5.2338e-05,0.00010765,0.00010493,4.5096e-05,7.4213e-05,-8.5648e-06,4.4139e-05,-2.0308e-05,6.2241e-05,5.278e-05,4.411e-05,5.7321e-05,6.759e-05,9.3264e-05,0.00012591,2.3258e-05,1.8348e-05,4.2683e-05,2.1609e-05,4.8613e-05,0.00014644,2.2595e-05,5.5581e-05
9.5408e-05,5.073e-05,0.00011745,0.00013663,7.2506e-05,5.5594e-05,3.9335e-05,4.5263e-05,0.00010725,5.5906e-05,9.3327e-05,0.00017982,5.8632e-05,8.2856e-05,8.7178e-05,0.00028813,0.00010771,7.4321e-05,0.00011352,5.9374e-05,-1.2831e-06,6.3466e-05,6.2872e-05,1.1898e-06,3.51e-06,-1.9469e-06,6.7753e-06,0.0001411,0.00016496,0.00013217,0.00011563,3.7854e-05,6.1387e-05,1.5273e-05,-7.5743e-06,0.00027397,4.7549e-07,0.00013589,7.8683e-05,4.0332e-05,0.00014788,7.5961e-05,0.00012434,0.00011775,-2.5282e-06,6.6722e-06,5.8823e-05,0.00014304,9.567e-05,4.9219e-07,3.0177e-05,2.4842e-05,0.00011979,8.7004e-05,7.8679e-05,7.6494e-05,4.0396e-05,7.014e-05,0.00014968,1.8778e-05,1.813e-05,0.00013847,3.8231e-05,0.000122,0.00012264,3.8456e-05,4.2372e-05,-2.5736e-05,-1.2145e-05,-5.6866e-06,6.8557e-05,4.9635e-05,3.2652e-05,3.4347e-05,0.00012771,0.00011771,0.00021912,2.7454e-05,5.1469e-05,7.7521e-05,0.00011526,3.1254e-05,9.7191e-05,4.485e-05,0.00019933
3.2549e-05,5.3118e-05,0.00015414,0.00013125,6.922e-05,5.4979e-05,7.5829e-06,-2.2413e-06,0.00011079,1.9822e-05,0.00010389,9.6832e-05,0.00012907,1.032e-05,7.6821e-05,0.00010771,0.00030877,8.5535e-05,0.00011842,-2.8666e-06,-9.8041e-05,2.2223e-05,-1.61e-05,-6.5788e-05,-1.8983e-05,2.3103e-05,-2.4312e-05,0.00013335,8.9109e-05,3.5824e-05,0.00010174,0.00013903,9.4266e-05,7.3555e-05,6.3456e-06,0.00030534,5.0295e-05,0.00014499,0.00013458,-1.9452e-05,0.00012538,-2.1523e-05,9.278e-05,3.6598e-05,9.2688e-05,8.5413e-06,1.2311e-05,8.2438e-05,0.00019602,-7.5217e-06,-9.5118e-06,-2.5882e-05,8.8389e-05,8.6489e-05,7.9313e-05,4.1294e-05,-4.0616e-06,0.00013943,4.0265e-05,0.00016511,-7.8085e-07,7.2407e-05,-2.461e-05,0.00010981,0.00010834,-8.42e-06,5.1846e-05,3.5876e-06,-7.7027e-05,-7.3568e-05,3.6313e-05,-4.4304e-06,-1.4983e-05,4.0589e-06,5.5384e-05,0.00017922,0.0001572,-5.2032e-05,-5.776e-05,4.781e-06,0.00021468,6.2567e-05,4.7577e-05,6.0531e-05,0.00017861
2.4001e-05,9.0697e-05,0.00012807,-9.9148e-06,5.5598e-05,0.00011044,4.3453e-05,4.6267e-05,8.1862e-05,6.6327e-05,0.00010696,9.7766e-05,8.414e-05,1.5715e-05,4.0547e-05,7.4321e-05,8.5535e-05,0.00019048,0.00016247,6.3514e-06,1.5184e-05,1.5817e-05,1.33e-06,4.5206e-05,1.8613e-05,2.9527e-05,3.9872e-05,0.00010477,-5.637e-05,3.455e-05,8.115e-05,1.9865e-07,-3.5821e-05,8.1557e-05,2.5222e-05,0.00019191,7.7694e-05,0.0001057,3.4415e-05,-4.3608e-05,0.00014938,6.1074e-05,-1.3438e-05,3.5484e-05,2.9837e-05,2.1662e-05,9.6886e-05,-2.1197e-05,1.6553e-05,3.186e-05,2.5879e-05,4.6013e-05,1.3386e-05,1.8784e-05,7.1976e-06,5.7759e-05,7.6111e-05,6.0941e-05,1.1781e-05,-1.5519e-05,4.6539e-05,3.4792e-05,1.7419e-06,8.1857e-05,7.5939e-05,3.8748e-05,7.7192e-05,5.3058e-05,-2.5706e-05,5.7055e-05,9.5083e-05,2.7348e-06,8.1421e-05,1.5134e-05,6.9949e-05,0.00013986,0.00012469,6.5034e-06,-3.5763e-05,6.0164e-05,2.2701e-05,4.0943e-05,7.5158e-05,0.00010501,5.4618e-05
1.9505e-06,0.00017887,0.00022122,0.00012882,2.3475e-05,0.00011784,-1.5424e-05,0.00010603,0.00015185,4.7639e-05,0.00031271,8.5894e-05,0.00020268,6.2263e-05,7.8249e-05,0.00011352,0.00011842,0.00016247,0.0004414,3.795e-05,9.3358e-05,9.2552e-05,-4.1007e-05,0.0001934,-8.141e-06,1.2779e-05,-5.388e-05,6.4443e-05,-0.00015809,1.397e-05,0.0003245,-1.0116e-05,8.4609e-05,0.00014516,8.4981e-06,0.000208,9.6699e-05,0.00022453,0.00024435,-0.0001015,0.00010475,0.00012966,5.7338e-05,0.00011755,3.909e-05,-2.9767e-05,0.00011308,-4.7578e-05,4.1401e-05,6.5433e-05,-1.1146e-05,4.5804e-05,0.00016665,6.5671e-05,2.8861e-05,6.3544e-05,0.00010674,0.00019281,3.4094e-05,0.00010513,8.7974e-05,5.1576e-05,8.4609e-06,0.0002253,0.00021817,0.0001628,3.7907e-05,3.8217e-06,1.2648e-05,0.00012199,0.00015269,6.8214e-05,8.8357e-05,0.00012536,0.00012978,0.00020178,0.00023255,3.669e-05,-8.1523e-05,8.1414e-05,0.0001529,1.7869e-05,6.8539e-05,8.9838e-05,0.00012723
6.0837e-05,3.2963e-05,7.844e-05,0.00014541,3.9864e-05,3.6512e-05,4.0759e-05,6.4267e-05,5.2294e-05,1.0651e-05,5.0376e-05,3.6262e-05,0.00010997,4.4413e-05,3.1203e-05,5.9374e-05,-2.8666e-06,6.3514e-06,3.795e-05,0.00011689,6.4086e-05,3.1554e-05,3.2657e-05,0.00013395,3.2853e-05,-5.0396e-06,-1.5819e-05,5.1661e-05,5.7685e-05,7.3183e-05,8.1398e-05,6.2635e-05,0.00011672,0.00011219,-1.0387e-05,7.0559e-05,4.2217e-05,8.7235e-05,0.00017934,7.8042e-05,4.577e-05,0.00010801,0.00013801,8.2561e-05,6.9851e-05,2.9544e-05,1.8696e-05,7.3777e-05,2.0781e-05,4.649e-05,4.696e-05,1.9351e-05,0.00012068,3.2818e-05,5.9028e-06,3.4084e-05,1.4251e-05,0.00014278,6.2801e-05,0.00016907,2.7859e-05,5.8622e-05,3.199e-05,7.2816e-05,6.8912e-05,4.4902e-05,1.5102e-05,-3.5141e-05,4.8724e-05,5.0998e-05,-7.657e-07,2.4876e-05,1.5101e-05,9.7975e-05,5.7109e-05,-3.671e-05,9.6881e-05,3.5055e-05,1.7073e-05,1.0571e-05,7.0431e-05,3.7609e-05,0.00015465,2.6116e-05,0.00010025
1.9276e-05,3.6551e-05,1.7306e-05,5.8949e-05,4.2752e-06,0.00012127,3.8085e-05,4.4194e-05,3.4055e-05,3.9679e-05,7.9466e-05,1.7324e-05,7.8194e-05,1.0965e-06,1.8494e-09,-1.2831e-06,-9.8041e-05,1.5184e-05,9.3358e-05,6.4086e-05,0.00018085,2.2132e-05,3.7763e-05,0.00018256,4.6478e-05,-1.3132e-05,8.3848e-06,-2.9103e-05,1.002e-05,5.5592e-06,7.2591e-05,-4.149e-06,6.4162e-05,5.1184e-05,2.1498e-05,-1.728e-05,3.8528e-06,2.3876e-06,9.3149e-05,6.9975e-05,-2.0196e-05,0.00017123,7.0927e-05,6.3622e-05,4.3642e-05,-4.051e-05,2.4763e-05,4.8111e-05,-5.6122e-05,6.8201e-05,6.0843e-05,5.3408e-05,8.2501e-05,-2.0624e-05,-3.7712e-05,4.7778e-05,7.949e-05,6.9897e-05,3.5117e-05,-4.7174e-06,0.00010425,1.7524e-06,2.6802e-05,2.3789e-05,2.1885e-05,9.6855e-05,-1.7176e-05,4.6755e-06,6.3444e-05,0.00015544,1.5271e-05,1.5038e-05,4.7068e-05,5.5698e-05,3.9031e-05,-5.9239e-05,6.6528e-05,5.7825e-05,3.0379e-05,1.8702e-05,-3.6146e-06,-3.2625e-05,6.7117e-05,4.795e-05,0.00019485
4.2861e-05,6.425e-05,7.6012e-05,8.9418e-05,3.568e-05,2.7259e-06,1.8584e-05,3.9653e-05,8.6706e-05,5.6891e-05,0.00013229,0.00012588,8.9239e-05,5.0618e-05,5.8503e-05,6.3466e-05,2.2223e-05,1.5817e-05,9.2552e-05,3.1554e-05,2.2132e-05,9.0154e-05,2.5452e-05,2.1499e-05,7.6183e-06,2.7526e-05,3.2944e-05,0.00011033,4.8047e-05,6.812e-05,0.00014077,5.7768e-05,8.5544e-05,8.4248e-05,3.1467e-07,5.7681e-05,4.8555e-05,9.5979e-05,0.00013549,5.0921e-05,9.0091e-05,6.7294e-05,9.7203e-05,6.6733e-05,5.0309e-05,5.1361e-06,4.1843e-05,7.853e-05,3.557e-05,5.6663e-05,1.49e-05,4.2704e-05,5.1659e-05,6.454e-05,5.4356e-05,7.3956e-05,4.0551e-05,9.4087e-05,8.4966e-05,2.5746e-05,3.1997e-05,6.5183e-05,5.7591e-05,0.00011163,0.00010875,6.811e-05,1.0505e-05,-1.7667e-05,4.9256e-05,1.847e-05,7.6396e-05,4.7749e-05,2.2332e-05,8.6237e-05,6.9473e-05,9.7287e-05,6.0786e-05,5.7203e-05,1.9555e-05,4.3929e-05,5.7967e-05,5.3658e-05,0.00012471,3.3059e-05,0.00010891
4.6015e-05,6.7057e-06,2.7207e-05,9.537e-05,5.0721e-05,3.1086e-05,7.3395e-05,7.3075e-06,3.1513e-05,6.0649e-05,1.1442e-05,9.5577e-05,6.3952e-05,1.1873e-05,4.2622e-05,6.2872e-05,-1.61e-05,1.33e-06,-4.1007e-05,3.2657e-05,3.7763e-05,2.5452e-05,9.1428e-05,1.8942e-05,6.4612e-05,1.1283e-05,5.5876e-05,6.6859e-05,8.7057e-05,9.5805e-05,5.7943e-05,6.2797e-05,6.1257e-05,2.8932e-05,2.2048e-05,5.2922e-05,-1.3332e-06,2.6464e-05,5.2244e-05,9.269e-05,8.3853e-05,4.2991e-05,0.00010266,7.2761e-05,4.0829e-05,9.7499e-06,6.605e-06,0.00012531,3.1675e-05,2.1655e-05,6.021e-05,4.4462e-05,1.7399e-05,4.4828e-05,4.6853e-05,7.1353e-05,3.5988e-05,6.2345e-05,7.6292e-05,1.2542e-05,5.1658e-05,5.743e-05,5.1576e-05,2.7761e-05,2.7328e-05,-3.2633e-06,8.8551e-06,9.2567e-06,6.9868e-06,7.78e-06,1.2119e-05,3.7193e-05,1.9346e-05,2.6072e-05,4.1759e-05,6.8779e-06,0.00010334,3.5881e-05,6.5216e-05,2.6521e-05,7.6818e-06,3.0845e-05,0.00010338,2.243e-05,0.00019914
0.00010484,9.4201e-05,6.723e-05,0.00016558,-1.1882e-05,0.00018094,5.4456e-05,0.00018129,0.00014467,2.3233e-05,0.00012891,-1.1496e-05,0.00018336,7.5243e-05,-5.4033e-05,1.1898e-06,-6.5788e-05,4.5206e-05,0.0001934,0.00013395,0.00018256,2.1499e-05,1.8942e-05,0.00086838,0.00011374,-5.0466e-05,-7.5099e-05,-1.3992e-05,-0.00024692,3.3817e-05,0.00020971,0.00017047,7.4604e-05,0.00025172,5.7268e-05,-6.0739e-05,7.5803e-05,0.00010017,0.00021955,8.3025e-05,6.0965e-05,0.00031498,0.00018945,0.00013684,8.5924e-05,5.0109e-05,9.9638e-05,2.7763e-05,3.1699e-05,0.00010884,-8.7053e-05,0.00014809,0.0001891,-2.3764e-05,-7.4805e-05,-5.6869e-05,-1.9065e-05,0.00021973,3.7562e-05,0.00021778,0.00013777,5.4521e-05,4.3017e-05,7.5928e-05,7.3762e-05,0.00014031,-0.00014527,-6.3656e-05,7.5936e-06,0.00031907,5.6588e-05,6.7326e-05,0.00013298,0.0001803,0.00015156,-0.00012576,6.9141e-06,0.00019,4.7547e-05,6.296e-05,7.9969e-05,-3.3782e-05,0.00023278,3.4362e-05,0.00027136
1.5996e-05,4.3066e-05,2.5621e-05,8.6201e-05,3.6868e-05,3.8966e-05,8.524e-05,1.5376e-05,6.2068e-05,4.9705e-05,1.5815e-06,-4.3693e-05,5.9648e-05,1.5175e-05,2.0344e-05,3.51e-06,-1.8983e-05,1.8613e-05,-8.141e-06,3.2853e-05,4.6478e-05,7.6183e-06,6.4612e-05,0.00011374,0.00013799,2.533e-05,3.671e-05,-4.8733e-05,2.7365e-06,3.3574e-05,4.6117e-05,5.7826e-05,6.5271e-05,2.3989e-05,5.5914e-05,-8.6358e-05,5.4932e-05,4.0908e-05,3.139e-05,2.2425e-05,2.444e-05,3.6154e-05,7.8949e-05,8.0134e-05,7.1358e-05,3.439e-05,1.2987e-05,6.4281e-05,1.5592e-05,4.8169e-06,6.6703e-05,6.4522e-05,-8.1001e-05,1.8249e-05,1.8339e-05,3.3013e-05,3.6454e-06,4.8892e-05,1.6599e-06,-6.0447e-05,5.1575e-05,1.4722e-06,3.8126e-05,8.7444e-06,1.1457e-05,8.5325e-06,-2.2499e-05,3.8138e-05,-2.2735e-06,2.3668e-05,2.4524e-05,3.7287e-05,3.3237e-05,7.0029e-05,2.9174e-05,1.3829e-05,0.00012241,1.7381e-05,6.4937e-05,8.8288e-06,-3.0593e-05,1.9626e-05,6.4028e-05,4.8661e-05,0.00011601
2.4642e-05,5.8151e-05,3.9021e-05,3.2365e-05,4.7404e-05,3.9924e-05,1.8877e-05,1.8783e-05,6.3885e-05,3.1216e-05,4.6229e-05,5.5233e-05,5.4422e-05,1.5963e-05,3.0418e-05,-1.9469e-06,2.3103e-05,2.9527e-05,1.2779e-05,-5.0396e-06,-1.3132e-05,2.7526e-05,1.1283e-05,-5.0466e-05,2.533e-05,6.7491e-05,3.9596e-05,5.8048e-05,4.8117e-05,6.5281e-05,6.0522e-05,8.5742e-05,4.204e-05,6.2411e-05,1.6008e-05,5.5861e-05,4.6527e-05,4.0934e-05,3.6229e-05,1.2049e-05,5.31e-05,1.3186e-05,5.5917e-05,5.7955e-05,3.1534e-05,2.509e-05,1.934e-05,7.0954e-05,3.6704e-05,4.7702e-05,3.1865e-05,2.3496e-05,-2.3135e-05,2.3014e-05,2.2699e-05,2.9895e-05,2.6488e-05,2.5516e-05,4.0846e-05,1.21e-05,4.0042e-05,1.9529e-05,1.2642e-05,7.4003e-05,7.1657e-05,1.9836e-05,2.8103e-05,3.2683e-05,1.9325e-05,-1.3421e-05,6.5803e-05,3.7679e-05,1.1334e-05,2.506e-05,2.5378e-05,9.5483e-05,0.00012076,-1.4402e-05,1.4514e-06,3.791e-05,1.0815e-05,2.4358e-05,7.9186e-05,3.0859e-05,2.575e-05
2.192e-05,8.8147e-06,2.3494e-06,-7.7499e-06,5.1754e-05,2.8255e-05,8.0669e-05,1.319e-05,4.3463e-05,8.049e-05,8.3355e-06,0.0001141,1.8955e-05,1.1211e-05,5.2166e-05,6.7753e-06,-2.4312e-05,3.9872e-05,-5.388e-05,-1.5819e-05,8.3848e-06,3.2944e-05,5.5876e-05,-7.5099e-05,3.671e-05,3.9596e-05,0.00012306,8.6934e-05,5.4269e-05,7.371e-05,-4.9185e-05,4.4595e-05,-3.1738e-05,3.7432e-05,2.4849e-05,3.0077e-05,8.3984e-06,-3.5727e-06,-5.7388e-05,8.5709e-05,8.5943e-05,4.6328e-05,1.4096e-05,-3.9154e-06,1.793e-05,8.5714e-06,2.7121e-05,7.355e-05,7.414e-06,3.8444e-05,5.0943e-05,6.8899e-05,-5.2278e-05,4.5701e-05,4.6607e-05,5.9849e-05,3.0761e-05,-2.0819e-05,4.2602e-05,-0.00013207,6.7314e-05,4.1171e-05,4.3436e-05,-1.2515e-05,-1.5496e-05,2.3235e-05,4.6146e-05,5.1768e-05,4.0517e-05,-9.1348e-06,4.9439e-05,1.7441e-05,4.4084e-05,3.9911e-06,1.6494e-05,3.2883e-05,-1.8227e-05,4.4225e-05,6.1638e-05,3.476e-05,-0.00011183,3.6628e-05,8.8089e-05,3.5393e-05,5.3338e-05
0.00013985,8.4446e-05,0.00018863,0.0001852,0.00013609,0.00012474,9.8933e-05,4.5893e-05,0.0001664,0.00010291,0.00017554,0.00043498,0.00019395,7.6089e-05,0.00012767,0.0001411,0.00013335,0.00010477,6.4443e-05,5.1661e-05,-2.9103e-05,0.00011033,6.6859e-05,-1.3992e-05,-4.8733e-05,5.8048e-05,8.6934e-05,0.00047883,0.00012721,0.00022955,0.00026591,0.00023731,0.00012604,0.00026584,-4.769e-05,0.00047288,7.6885e-05,0.00015838,0.00023768,0.00018316,0.00034777,0.00017109,0.000198,0.00010264,0.00015181,6.7602e-05,7.9955e-05,0.00024235,0.0001546,0.00011016,5.7426e-06,8.2576e-05,0.00014851,0.00011191,9.9388e-05,0.00012911,0.00012033,0.00019775,0.00020138,0.00026907,2.7032e-05,0.00016396,8.2544e-05,0.00021938,0.00020993,4.9551e-05,0.0001048,-6.1022e-05,6.0531e-05,1.0083e-05,0.0001238,7.1623e-05,5.4918e-05,5.2614e-05,0.00013713,0.00021815,6.8718e-05,0.00010499,-4.2856e-06,9.4617e-05,0.00020754,0.00010624,0.00043037,9.1848e-05,0.00033216
0.00012943,3.6581e-05,2.6174e-06,0.0001522,0.00012728,5.8596e-05,3.2542e-06,-0.00010152,6.5001e-05,4.2507e-05,4.3179e-05,0.00017367,7.7192e-06,4.6801e-05,5.3023e-05,0.00016496,8.9109e-05,-5.637e-05,-0.00015809,5.7685e-05,1.002e-05,4.8047e-05,8.7057e-05,-0.00024692,2.7365e-06,4.8117e-05,5.4269e-05,0.00012721,0.00072069,0.00011677,7.621e-05,0.00023949,0.00023749,3.3972e-05,-2.4124e-05,0.00012951,3.7657e-05,-2.6235e-05,0.00013944,0.00028169,0.00010573,5.871e-05,0.00023492,0.00019281,0.00017462,-1.0695e-05,-4.3682e-05,0.00042763,3.5508e-05,0.0001381,9.5776e-05,-5.7649e-05,4.9131e-05,-1.6773e-06,2.4392e-05,0.00011764,0.00017659,2.7311e-05,0.00021398,4.8667e-05,-1.2938e-05,8.9893e-05,6.638e-05,5.6836e-05,5.494e-05,-7.358e-07,1.4656e-06,-3.5461e-05,7.9515e-05,-9.4936e-05,4.4353e-05,-2.4313e-05,-8.7609e-05,3.573e-05,3.3446e-05,-1.8014e-05,0.00036517,-3.1522e-05,5.0502e-05,1.2585e-05,0.0001967,6.7056e-05,7.7299e-05,0.00010649,0.00035985
9.6149e-05,8.8069e-05,0.00014116,0.00019244,0.00013304,8.624e-05,9.9938e-05,9.2507e-05,0.0001403,9.3697e-05,9.9048e-05,0.00024167,0.00017187,9.9835e-05,0.00010927,0.00013217,3.5824e-05,3.455e-05,1.397e-05,7.3183e-05,5.5592e-06,6.812e-05,9.5805e-05,3.3817e-05,3.3574e-05,6.5281e-05,7.371e-05,0.00022955,0.00011677,0.00029203,0.0001868,0.00019814,0.00010439,0.0001746,-9.2857e-06,0.00026498,5.4827e-05,0.00012645,0.00015832,0.00010628,0.00021095,0.00013492,0.0002357,0.00018193,5.9891e-05,4.5306e-05,4.6976e-05,0.0002359,0.00012849,0.00014948,4.2201e-05,6.3886e-05,0.00016662,9.1355e-05,7.1419e-05,6.6996e-05,6.2538e-05,0.00016073,0.00022266,0.00019454,8.6126e-05,0.00015307,4.4057e-05,0.00017573,0.00016738,4.2699e-05,8.1925e-05,2.9029e-06,7.5568e-05,-4.4129e-05,8.191e-05,0.00011608,3.5487e-05,0.00012625,0.00011985,9.0659e-05,0.00024906,6.9985e-05,4.9895e-05,9.8706e-05,9.4193e-05,5.623e-05,0.00029381,3.241e-05,9.7568e-05
9.513e-05,0.00026332,0.00030877,0.00033838,0.00011727,0.00015266,1.6755e-05,7.6977e-05,0.00024149,0.00010042,0.00034847,0.00027112,0.00027219,0.0001023,0.00013373,0.00011563,0.00010174,8.115e-05,0.0003245,8.1398e-05,7.2591e-05,0.00014077,5.7943e-05,0.00020971,4.6117e-05,6.0522e-05,-4.9185e-05,0.00026591,7.621e-05,0.0001868,0.00075274,0.0001995,0.00024817,0.00027228,1.981e-06,0.00026657,0.00018219,0.00022483,0.00046471,5.2987e-05,0.00030831,0.00015059,0.00028243,0.00035533,0.00017148,4.1258e-05,0.00010729,0.00018777,9.9128e-05,0.00018637,-2.1814e-05,3.6339e-05,0.00020235,9.8213e-05,6.5048e-05,0.00016405,0.00028834,0.00031229,0.00023234,0.00035389,8.2273e-05,0.00010019,0.00010519,0.00041521,0.00040025,0.00011276,2.8909e-05,-8.4976e-05,0.00011664,0.00014322,0.00021949,0.0001453,4.504e-05,0.00025193,0.00020088,0.00029183,0.00044716,7.3193e-05,-7.6244e-05,0.00012591,0.00037175,9.2587e-05,0.00038791,0.00011085,0.00025244
0.00011666,0.00010758,0.00011836,0.00025512,0.00013092,0.00014045,9.1425e-05,2.1237e-05,0.00019153,4.7381e-05,0.00015817,0.00020008,0.00023811,7.6315e-05,6.6761e-05,3.7854e-05,0.00013903,1.9865e-07,-1.0116e-05,6.2635e-05,-4.149e-06,5.7768e-05,6.2797e-05,0.00017047,5.7826e-05,8.5742e-05,4.4595e-05,0.00023731,0.00023949,0.00019814,0.0001995,0.0004368,0.00026659,0.00028495,1.0553e-05,0.00024122,7.2224e-05,0.00010473,0.00025531,0.00022996,0.00018629,0.00017764,0.00029958,0.00021138,0.00020703,7.7522e-05,3.0192e-06,0.00037798,0.00017783,0.00014982,3.2354e-05,7.5265e-05,0.00010835,5.5761e-05,5.675e-05,3.9689e-05,4.3619e-05,0.00021658,0.00014624,0.00031757,7.7563e-05,0.00010162,4.4917e-05,0.00013173,0.00012434,6.065e-05,-2.0246e-05,-1.0993e-05,3.7473e-05,-3.1929e-05,0.00010146,8.97e-05,6.4102e-06,0.00010903,9.2154e-05,7.2484e-05,0.00026606,5.7658e-05,2.7726e-05,5.2421e-05,0.00021543,5.2963e-05,0.00034462,8.3205e-05,0.00044
6.9452e-05,9.8469e-05,0.00013106,0.00029194,8.2037e-05,8.1967e-07,4.6189e-05,-1.2705e-05,0.00010108,1.1556e-05,0.00022416,9.5242e-05,0.00027117,5.7332e-05,5.6078e-05,6.1387e-05,9.4266e-05,-3.5821e-05,8.4609e-05,0.00011672,6.4162e-05,8.5544e-05,6.1257e-05,7.4604e-05,6.5271e-05,4.204e-05,-3.1738e-05,0.00012604,0.00023749,0.00010439,0.00024817,0.00026659,0.00039718,0.00019172,-1.8399e-05,0.00015653,8.2683e-05,0.00015717,0.00040544,0.0001514,9.1544e-05,5.1036e-05,0.00029506,0.00019719,0.00026171,3.6356e-05,-2.5649e-05,0.00033225,6.76e-05,7.2637e-05,0.00010211,2.0608e-05,0.00010207,4.5581e-05,5.6547e-05,0.0001007,4.5808e-05,0.00029084,9.1793e-05,0.00034102,-1.7437e-05,6.6155e-05,7.2076e-05,0.00013182,0.00013203,5.6615e-05,-4.3819e-05,-5.1304e-05,5.6154e-06,-7.0571e-05,3.7422e-05,7.9388e-05,-3.523e-05,0.00013849,5.8127e-05,6.9088e-05,0.00033575,2.1248e-05,1.3157e-06,-1.0606e-05,0.00027911,6.8584e-05,0.00016582,8.9601e-05,0.00050693
0.00010835,0.00011787,0.00019293,0.00028284,0.00011745,0.00013128,9.1653e-05,0.00010469,0.00015391,4.1468e-05,0.00020175,0.00022532,0.00028529,9.0442e-05,0.00011103,1.5273e-05,7.3555e-05,8.1557e-05,0.00014516,0.00011219,5.1184e-05,8.4248e-05,2.8932e-05,0.00025172,2.3989e-05,6.2411e-05,3.7432e-05,0.00026584,3.3972e-05,0.0001746,0.00027228,0.00028495,0.00019172,0.00041532,-3.2029e-05,0.00027511,0.00013544,0.00020683,0.00035276,0.00015774,0.00022391,0.00022312,0.00020188,0.00012106,0.00017937,9.1559e-05,6.782e-05,0.00017569,8.1804e-05,0.00015201,-8.7178e-06,0.00010809,0.00018573,9.0703e-05,4.9214e-05,4.6077e-05,0.0001311,0.00026754,9.8943e-05,0.00036765,9.4834e-05,0.00013193,8.4344e-05,0.00021528,0.00020423,0.00010146,5.1432e-05,-4.4558e-05,6.851e-05,7.392e-05,0.00012453,8.0255e-05,9.1386e-05,0.00014649,0.00012814,3.2947e-05,0.00021395,8.9667e-05,-2.7234e-05,8.361e-05,0.00013785,9.7301e-05,0.00042875,6.8502e-05,0.00026206
1.2166e-05,2.0825e-05,1.248e-05,-3.2093e-05,5.2358e-06,3.6474e-05,1.5159e-05,1.8484e-05,4.6727e-05,5.0375e-05,2.2351e-06,-4.1288e-05,6.8595e-06,-1.5572e-05,-1.086e-05,-7.5743e-06,6.3456e-06,2.5222e-05,8.4981e-06,-1.0387e-05,2.1498e-05,3.1467e-07,2.2048e-05,5.7268e-05,5.5914e-05,1.6008e-05,2.4849e-05,-4.769e-05,-2.4124e-05,-9.2857e-06,1.981e-06,1.0553e-05,-1.8399e-05,-3.2029e-05,6.9106e-05,-7.0979e-05,7.4557e-07,-6.088e-06,-3.7745e-05,-1.8655e-05,-6.9965e-06,2.7155e-05,2.2473e-05,2.3334e-05,-3.2235e-05,2.7954e-06,2.172e-05,-1.5991e-05,2.4543e-05,1.5372e-05,2.6665e-05,2.9549e-05,-2.7692e-05,3.0765e-06,6.1522e-06,3.3892e-05,-2.4049e-08,-8.7093e-06,1.6457e-05,-8.632e-05,7.4675e-05,-1.6864e-05,2.1173e-06,-7.1773e-06,-9.2201e-06,6.1537e-06,-1.8817e-05,6.2276e-05,-9.848e-06,7.0686e-05,3.3868e-05,8.3545e-06,1.3866e-05,1.9312e-05,2.2416e-05,4.6525e-05,2.7086e-05,2.2912e-06,3.1759e-05,2.5483e-05,-2.7469e-05,2.7534e-06,2.0338e-05,2.7692e-05,9.6204e-05
0.00010909,8.6557e-05,0.00030321,0.00029398,0.00017875,0.00018554,0.00012369,7.6772e-05,0.000179,4.806e-05,0.00025184,0.00048654,0.00031792,6.1434e-05,0.00020672,0.00027397,0.00030534,0.00019191,0.000208,7.0559e-05,-1.728e-05,5.7681e-05,5.2922e-05,-6.0739e-05,-8.6358e-05,5.5861e-05,3.0077e-05,0.00047288,0.00012951,0.00026498,0.00026657,0.00024122,0.00015653,0.00027511,-7.0979e-05,0.0009599,-1.0574e-05,0.00021392,0.0002654,8.8034e-05,0.00036863,5.7552e-05,0.00017102,9.7756e-05,0.00016873,3.2347e-05,6.9443e-05,0.00033021,0.00019217,-1.0756e-05,4.4023e-05,5.2782e-05,0.0002803,0.00017004,0.00014674,0.00014259,0.00011181,0.00025316,0.00016914,0.00037897,3.4062e-05,0.00023476,3.674e-05,0.00022348,0.00021971,4.8424e-05,0.00018302,-6.0683e-05,-5.6962e-05,-4.3419e-05,8.1164e-05,7.9304e-05,9.2607e-05,-6.0076e-05,0.00016141,0.00029607,0.00033407,1.6563e-06,-5.9568e-05,8.9381e-05,0.00027672,3.8435e-05,0.00029392,8.0539e-05,0.00038053
5.681e-05,0.00011779,9.5578e-05,9.2538e-05,6.7294e-05,3.6541e-05,2.0479e-05,5.6027e-05,9.5064e-05,5.1761e-05,8.3385e-05,2.7606e-05,8.734e-05,5.7016e-05,3.4173e-05,4.7549e-07,5.0295e-05,7.7694e-05,9.6699e-05,4.2217e-05,3.8528e-06,4.8555e-05,-1.3332e-06,7.5803e-05,5.4932e-05,4.6527e-05,8.3984e-06,7.6885e-05,3.7657e-05,5.4827e-05,0.00018219,7.2224e-05,8.2683e-05,0.00013544,7.4557e-07,-1.0574e-05,0.00018524,0.00012498,0.00016973,-2.3027e-07,0.00011591,5.0975e-05,0.00011834,8.5795e-05,0.00014504,4.6927e-05,5.8977e-05,3.0884e-05,2.9755e-05,0.00012348,-5.1926e-07,3.0151e-05,7.7226e-07,7.0762e-06,-1.1767e-05,2.9656e-05,9.3461e-05,0.00011265,6.6724e-05,8.3179e-05,9.5305e-06,2.5296e-05,3.5633e-05,0.00014483,0.00014255,3.9417e-05,2.5586e-05,-3.6015e-06,4.626e-05,1.8876e-05,9.4701e-05,3.417e-05,2.8415e-05,0.0001454,5.521e-05,8.8264e-05,0.0001456,3.0234e-05,-2.6895e-05,3.6167e-05,8.8544e-05,8.0342e-05,8.885e-05,9.9668e-05,1.0427e-05
6.4536e-05,0.00011004,0.00021028,0.00022143,8.1388e-05,4.4163e-05,4.9978e-05,8.4414e-05,0.00013168,5.5252e-05,0.00019146,0.00013283,0.00022822,8.0984e-05,0.0001059,0.00013589,0.00014499,0.0001057,0.00022453,8.7235e-05,2.3876e-06,9.5979e-05,2.6464e-05,0.00010017,4.0908e-05,4.0934e-05,-3.5727e-06,0.00015838,-2.6235e-05,0.00012645,0.00022483,0.00010473,0.00015717,0.00020683,-6.088e-06,0.00021392,0.00012498,0.00027339,0.00028865,-2.0667e-05,0.0001645,9.983e-05,0.00015588,0.00010405,9.1393e-05,5.1101e-05,7.4643e-05,5.921e-05,0.00011789,5.5661e-05,2.0743e-05,5.7901e-05,0.00013385,0.00011189,8.3519e-05,7.0382e-05,4.3065e-05,0.00024152,8.2885e-05,0.00021614,3.824e-05,0.00012339,4.9858e-05,0.00022531,0.00022172,6.1745e-05,5.8469e-05,-1.1329e-05,-1.5265e-05,-5.1513e-06,9.5123e-05,7.2432e-05,5.4737e-05,0.00013341,0.00013154,0.00014893,0.00025405,2.9563e-05,-1.9414e-05,7.0238e-05,0.00016281,0.00010479,0.00023356,6.3401e-05,0.00017154
0.00011372,0.00016091,0.00026092,0.00039482,0.00010688,4.7633e-05,2.6566e-05,8.2687e-05,0.00013926,4.0057e-05,0.00032626,0.00020002,0.00039015,7.9548e-05,0.00010191,7.8683e-05,0.00013458,3.4415e-05,0.00024435,0.00017934,9.3149e-05,0.00013549,5.2244e-05,0.00021955,3.139e-05,3.6229e-05,-5.7388e-05,0.00023768,0.00013944,0.00015832,0.00046471,0.00025531,0.00040544,0.00035276,-3.7745e-05,0.0002654,0.00016973,0.00028865,0.00061645,0.00014349,0.00021093,0.00013489,0.00035553,0.00023278,0.000277,4.41e-05,4.323e-05,0.00024855,9.7915e-05,0.00015671,5.332e-05,2.4106e-05,0.00028172,0.00010072,6.5036e-05,0.00014317,0.00013488,0.0004555,0.00015532,0.00055288,3.4101e-05,0.00013615,0.00010124,0.00030798,0.00029859,0.0001001,1.2019e-05,-9.5684e-05,4.2023e-05,4.248e-05,8.5428e-05,9.3219e-05,1.0095e-05,0.00022998,0.00013966,0.00010338,0.00038568,6.2854e-05,-6.4729e-05,3.8264e-05,0.00037448,0.00014242,0.00032353,9.7852e-05,0.00046345
0.00012263,2.0538e-05,-2.6579e-05,0.00019827,7.4368e-05,0.00011372,8.5e-05,2.2072e-05,6.7901e-05,3.6821e-05,2.6571e-05,0.00019719,8.8133e-05,2.4608e-05,4.6706e-05,4.0332e-05,-1.9452e-05,-4.3608e-05,-0.0001015,7.8042e-05,6.9975e-05,5.0921e-05,9.269e-05,8.3025e-05,2.2425e-05,1.2049e-05,8.5709e-05,0.00018316,0.00028169,0.00010628,5.2987e-05,0.00022996,0.0001514,0.00015774,-1.8655e-05,8.8034e-05,-2.3027e-07,-2.0667e-05,0.00014349,0.00038149,0.00011877,0.00018416,0.00022097,0.00012749,0.00015226,3.3935e-06,-1.8696e-05,0.00027506,6.8639e-05,9.7253e-05,8.1257e-05,4.3827e-05,8.7665e-05,5.906e-05,3.6437e-05,6.0357e-05,4.587e-05,0.00011899,9.6759e-05,0.00014896,9.7648e-05,7.5729e-05,6.8299e-05,2.4037e-05,1.5572e-05,8.842e-05,-5.0265e-06,-4.8781e-05,0.00011887,5.7737e-05,3.4529e-05,2.6845e-05,7.7327e-06,3.7883e-05,2.0928e-05,-0.00010041,3.4333e-06,9.0798e-05,7.7618e-05,1.1175e-06,2.2858e-05,4.0111e-05,0.00018009,4.5856e-05,0.00039181
0.00010899,0.0001274,0.00020549,0.000177,0.00014007,9.9942e-05,0.00010401,5.5282e-05,0.00016223,0.00012122,0.00018472,0.00034432,0.00018883,7.9321e-05,0.00012586,0.00014788,0.00012538,0.00014938,0.00010475,4.577e-05,-2.0196e-05,9.0091e-05,8.3853e-05,6.0965e-05,2.444e-05,5.31e-05,8.5943e-05,0.00034777,0.00010573,0.00021095,0.00030831,0.00018629,9.1544e-05,0.00022391,-6.9965e-06,0.00036863,0.00011591,0.0001645,0.00021093,0.00011877,0.00035363,9.4495e-05,0.00016895,0.00015478,0.00014924,6.4769e-05,0.0001045,0.0002093,0.00010176,0.00010579,1.1813e-05,8.0291e-05,9.4724e-05,0.00010294,8.9103e-05,0.00013751,0.00014803,0.00019089,0.00017314,0.00016955,3.6688e-05,0.00015047,9.0978e-05,0.00020275,0.00019343,3.5051e-05,9.0081e-05,-2.5816e-05,2.8371e-05,8.4889e-06,0.00014083,7.1816e-05,7.9938e-05,9.637e-05,0.00014384,0.00020409,0.00020819,8.792e-05,-6.9224e-07,9.8572e-05,0.00015857,0.00011598,0.00031139,0.00011234,0.00021929
0.0001015,9.2668e-05,0.00011526,0.00014535,6.2854e-05,0.00035875,8.8429e-05,8.5885e-05,0.00020486,9.8297e-05,0.00010161,0.00016883,0.00011562,7.5145e-05,4.1241e-05,7.5961e-05,-2.1523e-05,6.1074e-05,0.00012966,0.00010801,0.00017123,6.7294e-05,4.2991e-05,0.00031498,3.6154e-05,1.3186e-05,4.6328e-05,0.00017109,5.871e-05,0.00013492,0.00015059,0.00017764,5.1036e-05,0.00022312,2.7155e-05,5.7552e-05,5.0975e-05,9.983e-05,0.00013489,0.00018416,9.4495e-05,0.00055022,0.00017999,0.00017575,-1.1174e-05,6.6172e-06,8.2088e-05,6.7596e-05,0.00013199,0.0002117,1.9747e-05,0.0001082,0.00021794,1.7547e-05,-3.3169e-05,1.148e-05,0.00011104,0.00013481,0.00015901,0.0001128,0.00021562,7.0175e-05,-6.9112e-07,0.00017995,0.0001626,0.00017711,3.5769e-05,8.5367e-06,0.00018716,0.00024809,0.00010469,2.9568e-05,6.9619e-05,0.00014499,0.00015119,-3.7891e-05,3.8279e-05,0.00012783,4.7909e-05,0.00010303,9.2571e-05,9.0057e-07,0.00052584,8.4445e-05,0.00021502
