5.0627e-05,3.4105e-05,-3.2174e-05,-1.2323e-05,3.3597e-05,4.6918e-05,2.5886e-05,4.455e-06,6.3663e-05,1.577e-05,1.9352e-05,9.8653e-06,-8.1056e-06,1.3523e-05,2.7296e-05,1.6039e-05,4.0658e-05,1.2889e-05,-0.00018876,1.1836e-05,-6.94e-06,1.2134e-05,2.595e-05,7.7736e-05,2.5034e-05,-7.0191e-06,3.3097e-05,1.5006e-06,3.3963e-05,3.7872e-05,3.8925e-05,2.7152e-05,2.4234e-05,2.2992e-05,3.0016e-05,1.4747e-05,7.4779e-06,1.3898e-05,-2.6357e-05,4.3661e-05,2.3342e-05,6.3943e-05,8.1346e-05,5.2731e-05,9.0351e-06,3.0593e-05,2.8274e-05,2.4457e-05,6.5099e-05,4.5803e-05,2.2906e-05,2.6948e-05,5.4203e-05,4.1181e-05,4.274e-05,8.5481e-06,2.9205e-05,-2.9796e-05,2.9021e-05,-2.9634e-05,2.2258e-05,2.6772e-05,1.683e-05,9.6481e-06,9.4886e-06,4.9916e-06,3.2558e-05,2.2416e-05,5.8175e-05,3.854e-05,3.4049e-05,1.5835e-05,2.0332e-05,4.1994e-05,4.1708e-05,1.5861e-05,-5.1124e-06,4.6478e-05,1.498e-05,2.8823e-05,-1.4783e-05,4.7516e-06,6.7629e-05,2.0709e-06,1.7638e-05
3.4105e-05,0.00011236,2.69e-05,2.1443e-05,2.5762e-05,9.1199e-05,5.9297e-06,2.9802e-05,0.00016496,-2.299e-05,1.8898e-05,6.339e-05,-3.3853e-06,3.8678e-05,1.5735e-05,9.3982e-05,5.9839e-05,3.3704e-05,-0.00024556,2.1716e-05,1.4437e-06,4.6637e-05,6.0664e-06,0.00014419,1.1876e-05,2.7629e-05,3.4638e-05,5.8384e-05,5.6558e-05,7.4372e-05,6.0719e-05,7.6524e-05,2.9037e-05,6.3511e-05,1.3359e-05,8.4833e-05,1.9098e-05,3.1657e-05,1.4869e-05,6.0336e-05,3.628e-05,9.409e-05,0.00017892,2.1764e-05,5.3907e-06,6.4488e-05,1.5153e-05,1.7439e-05,0.00012148,0.00011717,5.2251e-05,2.7609e-05,6.983e-05,3.2365e-05,4.1931e-05,3.1421e-05,7.5152e-05,7.0214e-06,2.3739e-05,-1.6334e-05,8.6561e-05,7.2184e-06,4.0629e-05,4.8761e-05,5.0841e-05,2.3514e-05,2.0276e-05,6.7907e-05,0.00010725,6.7869e-05,1.6138e-05,4.1793e-05,3.3005e-05,9.5929e-05,1.5768e-05,2.55e-05,9.5436e-06,6.7276e-05,3.614e-05,1.7406e-05,-2.8897e-06,3.3831e-05,8.4732e-05,1.6518e-05,-5.2814e-06
-3.2174e-05,2.69e-05,0.00019149,0.00013606,4.7676e-05,0.00011197,3.0968e-05,4.8321e-05,0.00016304,3.6207e-05,8.1649e-05,0.00012999,0.00011476,4.2371e-05,5.779e-05,8.3399e-05,2.1899e-05,6.2507e-05,-0.00043555,5.3486e-05,3.8315e-05,8.5381e-05,1.3508e-05,0.00013302,4.9575e-05,0.00011482,6.0072e-05,0.00019016,0.00012131,0.00011587,8.9387e-05,0.00013921,1.2725e-05,7.8264e-05,2.9995e-05,0.00015509,7.112e-05,9.8916e-05,0.00018801,2.8998e-05,0.00012123,1.3477e-05,-3.7616e-05,6.2128e-05,5.0579e-05,2.851e-05,1.3206e-05,8.6327e-05,0.00010342,0.00015116,4.1917e-05,2.7056e-05,0.00010072,5.8741e-05,6.5141e-05,6.3047e-05,0.00014416,0.00017164,9.9942e-05,0.00012208,0.00010467,2.2456e-05,5.4248e-05,9.1728e-05,8.6089e-05,3.0158e-05,2.4955e-05,4.9204e-05,9.8636e-05,5.9781e-05,5.4827e-06,6.0836e-05,5.4758e-05,0.00015259,-3.1376e-05,2.6542e-05,0.00011641,5.6934e-05,7.8284e-05,-3.2703e-05,0.00014948,9.024e-05,0.00012927,6.3281e-05,4.6654e-05
-1.2323e-05,2.1443e-05,0.00013606,0.00041157,0.00011783,0.00021977,1.0196e-05,0.00014284,0.00022924,4.9063e-05,0.00017932,0.00022632,0.00026708,9.8094e-05,8.6754e-05,8.2397e-05,9.4848e-05,0.00012011,0.00043608,0.00012678,0.00013901,0.00010672,5.0039e-05,0.00022767,6.1656e-05,6.1117e-05,6.7574e-05,0.00024911,0.0001971,0.00017937,6.7518e-05,0.00019693,2.8127e-05,0.00011307,4.3181e-05,0.00023716,9.2104e-05,0.00017556,0.00032954,0.00010688,0.00016949,0.000125,2.7238e-05,0.00025461,5.8497e-05,3.8908e-05,9.9841e-05,0.00012233,0.00019293,0.00020832,0.00012074,5.6753e-05,0.00017397,8.9978e-05,0.00010318,8.1618e-05,0.00013222,0.00030165,0.00018082,0.00023434,0.00013113,8.9765e-05,7.5629e-05,0.00010447,8.8407e-05,9.0305e-06,9.184e-05,9.3191e-05,0.00014029,0.00013624,7.4179e-05,8.7665e-05,8.4794e-05,0.0003046,1.5015e-06,0.00011834,0.00018925,8.7888e-05,8.0568e-05,2.7122e-05,0.00029306,0.00011075,0.00017891,0.0001215,0.00017974
3.3597e-05,2.5762e-05,4.7676e-05,0.00011783,0.00010892,9.4718e-05,3.1737e-05,3.7037e-05,0.00016477,8.2835e-05,9.1663e-05,8.3363e-05,0.00010501,4.5634e-05,7.726e-05,3.8733e-05,5.0718e-05,7.1355e-05,-0.00015824,6.6237e-05,4.6661e-05,5.05e-05,4.2901e-05,0.0001504,5.3136e-05,3.1132e-05,5.2109e-05,0.00011517,0.00011965,0.00014555,8.7626e-05,0.0001152,5.9515e-05,6.5214e-05,5.6737e-05,6.0534e-05,5.7073e-05,6.3933e-05,0.00011338,6.5782e-05,6.9571e-05,5.4208e-05,7.9972e-05,8.6167e-05,3.9716e-05,3.9161e-05,6.3359e-05,8.6349e-05,0.00010887,0.0001241,5.4831e-05,4.349e-05,0.00011461,9.5109e-05,9.7639e-05,3.7537e-05,0.00011331,0.0001231,8.8554e-05,0.00011802,7.6032e-05,4.4454e-05,2.9269e-05,7.4787e-05,6.6751e-05,2.0231e-05,4.7947e-05,6.2699e-05,0.00010074,8.039e-05,4.5583e-05,3.8785e-05,4.718e-05,0.00018266,2.3398e-05,3.1044e-05,6.168e-05,7.0025e-05,5.2082e-05,9.6597e-06,0.00010624,5.8188e-05,0.00015976,5.1363e-05,4.8107e-05
4.6918e-05,9.1199e-05,0.00011197,0.00021977,9.4718e-05,0.00028939,5.0585e-05,8.2794e-05,0.00029302,1.2835e-05,0.00014462,0.00018993,0.00016559,7.7579e-05,9.8194e-05,0.00013422,0.00016459,9.4906e-05,-0.00018813,7.2497e-05,8.9856e-05,0.00011838,5.1842e-05,0.0002445,6.2418e-05,6e-05,9.9976e-05,0.00017861,0.00017591,0.0001971,0.00014092,0.00019028,7.3185e-05,0.00013299,8.9954e-05,0.00023769,7.0808e-05,0.00015344,0.00018203,0.0001321,0.0001847,0.00018904,0.00017684,0.00025288,5.4494e-05,7.9164e-05,7.4896e-05,0.00012614,0.00024845,0.00027064,9.3807e-05,7.5504e-05,0.00030966,0.00012925,0.00014639,7.1592e-05,0.00015706,0.00016214,0.00015128,8.5929e-05,0.00013561,5.6912e-05,0.00010511,7.6804e-05,7.1234e-05,1.8727e-05,0.00011085,6.5066e-05,0.00017861,0.00013696,8.0076e-05,8.6975e-05,9.9221e-05,0.00030361,5.0663e-05,0.00011657,0.00013452,0.00014406,0.00010701,8.3585e-05,0.00018982,7.9478e-05,0.00020982,7.6229e-05,0.00016194
2.5886e-05,5.9297e-06,3.0968e-05,1.0196e-05,3.1737e-05,5.0585e-05,7.5377e-05,1.2286e-05,6.6589e-05,4.1861e-05,3.1769e-05,2.0972e-05,2.2867e-05,2.315e-05,3.5094e-05,3.2022e-05,3.7049e-05,3.8923e-05,-0.00061772,3.8139e-05,3.7394e-05,3.5304e-05,4.884e-05,7.3973e-05,5.7808e-05,3.3275e-05,6.9095e-05,4.1914e-05,5.7063e-05,4.0519e-05,6.9546e-05,5.2846e-05,1.5987e-05,1.4358e-05,5.3375e-05,2.9121e-05,5.7286e-05,7.6261e-05,3.0071e-05,5.0805e-05,4.5818e-05,2.4714e-05,5.8805e-05,2.0853e-05,3.2146e-05,2.3917e-05,2.1121e-05,3.3461e-05,3.8307e-05,4.5887e-05,1.4907e-05,4.5362e-05,7.888e-05,5.5493e-05,5.6639e-05,3.4623e-05,7.4847e-05,3.0217e-05,6.9824e-05,-1.0063e-05,3.7826e-05,6.0475e-05,2.3878e-05,2.6759e-05,2.5675e-05,4.3023e-05,3.547e-05,3.306e-05,7.8939e-05,5.2743e-05,4.1061e-05,2.9013e-05,3.5797e-05,1.614e-05,3.3393e-05,2.9325e-05,3.6395e-05,5.195e-05,4.9601e-05,2.6867e-05,3.0071e-05,5.2052e-05,0.00011989,2.3712e-05,1.8334e-05
4.455e-06,2.9802e-05,4.8321e-05,0.00014284,3.7037e-05,8.2794e-05,1.2286e-05,9.4237e-05,6.9769e-05,1.4284e-05,5.9901e-05,7.7632e-05,9.9909e-05,4.2512e-05,3.8561e-05,6.6915e-05,5.3431e-05,4.3593e-05,0.00013839,8.0882e-05,6.0203e-05,5.3223e-05,3.4305e-05,0.00011201,3.5157e-05,5.6616e-05,3.9113e-05,8.1785e-05,8.8433e-05,4.3737e-05,4.4283e-05,5.8895e-05,9.9892e-06,4.6009e-05,3.0381e-05,8.6251e-05,4.8672e-05,5.9842e-05,0.00011829,4.8147e-05,5.116e-05,1.8715e-05,-3.7475e-05,5.63e-05,2.5112e-05,2.7544e-05,2.0171e-05,5.4669e-05,0.00011877,7.5461e-05,7.4858e-05,4.7921e-05,2.181e-05,2.8153e-05,3.3259e-05,4.4716e-05,6.5613e-05,0.00010875,9.796e-05,4.9493e-05,4.5503e-05,7.4564e-05,2.4918e-05,3.2915e-05,2.8182e-05,2.6962e-05,4.2196e-05,8.2225e-05,4.8248e-05,7.8299e-05,5.4538e-05,5.5534e-05,3.8774e-05,8.2967e-05,1.1208e-05,5.5166e-05,8.8832e-05,4.9482e-05,3.5107e-05,5.0405e-05,0.00012244,6.1568e-05,0.00011367,6.8379e-05,4.6812e-05
6.3663e-05,0.00016496,0.00016304,0.00022924,0.00016477,0.00029302,6.6589e-05,6.9769e-05,0.00067007,9.5027e-05,0.00016308,0.00017413,0.00015969,0.00015904,0.00010507,0.00016725,0.000158,0.0001482,0.00018045,0.00010121,9.7071e-05,0.00015538,9.4328e-05,0.00048384,0.00010238,8.831e-05,0.0001694,0.00024082,0.00029894,0.00035896,0.00033021,0.00030942,0.00011949,0.00026169,7.928e-05,0.00022598,0.00011147,0.00017301,0.00028649,0.00022683,0.00019044,0.00037337,0.0005521,0.00025831,7.4087e-05,0.00016491,7.5372e-05,0.00016773,0.00036784,0.00038481,0.0001477,0.00010083,0.00043957,0.00015515,0.00016177,0.00010136,0.00030805,0.00012968,0.00018202,0.00014474,0.00025209,7.9214e-05,0.00014347,0.00016036,0.00015515,0.0001763,0.0001008,0.00016036,0.00038966,0.00019936,0.00010487,0.00014704,0.00013122,0.00044133,5.9804e-05,0.00016808,7.4697e-05,0.0002365,0.00014629,2.7177e-05,0.0001984,0.00013271,0.00031385,0.00011401,0.00014199
1.577e-05,-2.299e-05,3.6207e-05,4.9063e-05,8.2835e-05,1.2835e-05,4.1861e-05,1.4284e-05,9.5027e-05,0.00011195,5.1006e-05,9.8096e-06,7.0985e-05,2.1367e-05,6.1981e-05,1.0629e-06,-2.3902e-06,4.1393e-05,-0.00021012,6.3743e-05,4.4046e-05,2.8366e-05,4.821e-05,9.0417e-05,5.5937e-05,3.181e-05,5.5275e-05,5.636e-05,0.00010579,0.00010807,7.9358e-05,6.4203e-05,4.8515e-05,3.6528e-05,5.3099e-05,-1.4465e-05,5.6674e-05,3.817e-05,7.4197e-05,2.9977e-05,1.1599e-05,-1.0311e-05,2.5922e-05,3.6532e-05,4.3551e-05,1.2357e-05,3.4367e-05,7.5369e-05,3.0049e-05,3.5029e-05,3.1635e-05,3.8165e-05,3.9572e-05,7.2325e-05,6.7174e-05,2.8202e-05,8.4449e-05,7.773e-05,7.8533e-05,0.00010008,2.9592e-05,4.7911e-05,1.0849e-06,5.8758e-05,5.0328e-05,4.5504e-05,2.421e-05,5.4342e-05,5.7139e-05,5.0589e-05,5.4396e-05,1.8892e-05,2.4823e-05,0.00010232,1.081e-05,7.0245e-07,5.095e-05,3.428e-05,3.9716e-05,-7.2931e-06,7.3731e-05,5.6833e-05,0.00011726,3.8026e-05,1.8215e-05
1.9352e-05,1.8898e-05,8.1649e-05,0.00017932,9.1663e-05,0.00014462,3.1769e-05,5.9901e-05,0.00016308,5.1006e-05,0.00015743,0.00010848,0.00015803,4.8188e-05,9.4774e-05,5.1278e-05,6.6589e-05,7.0718e-05,0.00021252,4.7651e-05,7.7019e-05,6.3622e-05,6.2197e-05,0.00016166,3.4752e-05,6.412e-05,6.1765e-05,0.0001536,0.00014042,0.00014579,8.9325e-05,0.00013126,2.5834e-05,6.7524e-05,3.6972e-05,0.00014331,7.6963e-05,0.00010209,0.00017567,6.4381e-05,9.8659e-05,0.00010334,7.9956e-06,0.00014219,2.9655e-05,5.3749e-05,6.206e-05,9.5559e-05,0.00016184,0.00016193,6.9344e-05,3.3742e-05,0.00018247,9.7215e-05,9.7174e-05,6.0759e-05,0.00010137,0.00018169,0.00010698,0.0001677,8.7756e-05,4.7436e-05,5.8783e-05,8.5725e-05,7.7333e-05,6.6772e-06,8.3866e-05,4.4255e-05,0.00011865,6.9421e-05,3.8728e-05,5.9003e-05,6.4874e-05,0.00020485,4.9521e-05,7.3584e-05,0.00011662,9.9033e-05,6.8636e-05,1.9661e-05,0.0001498,5.76e-05,0.00015464,5.1447e-05,8.9614e-05
9.8653e-06,6.339e-05,0.00012999,0.00022632,8.3363e-05,0.00018993,2.0972e-05,7.7632e-05,0.00017413,9.8096e-06,0.00010848,0.00026175,0.00015767,6.369e-05,5.6262e-05,9.69e-05,9.7848e-05,0.00010168,0.00029306,9.1936e-05,3.2497e-05,9.8722e-05,2.2407e-05,0.00018291,5.6059e-05,5.4763e-05,3.6111e-05,0.00027881,0.00015264,0.00013384,7.422e-05,0.0001794,3.0755e-05,7.4623e-05,5.7413e-05,0.00025479,5.6559e-05,0.00014335,0.00019226,7.0392e-05,0.00022756,0.00011587,5.905e-05,0.00015751,5.6681e-05,5.2109e-05,6.9558e-05,0.00011125,0.00014243,0.00021443,6.8412e-05,5.6879e-05,0.0002468,7.8757e-05,9.3614e-05,6.7005e-05,0.00013486,0.0002009,0.00013903,0.00010946,0.00012953,3.5203e-05,7.0695e-05,9.4518e-05,8.5682e-05,-1.8398e-05,6.267e-05,5.9337e-05,0.00014631,0.00012204,3.4514e-05,7.1414e-05,5.7835e-05,0.00025273,-2.439e-05,6.3291e-06,0.00011877,7.8936e-05,7.9181e-05,2.2476e-05,0.00016111,9.0726e-05,0.00018244,6.9784e-05,9.9787e-05
-8.1056e-06,-3.3853e-06,0.00011476,0.00026708,0.00010501,0.00016559,2.2867e-05,9.9909e-05,0.00015969,7.0985e-05,0.00015803,0.00015767,0.00024179,7.5866e-05,9.5686e-05,6.3513e-05,8.5839e-05,0.0001032,0.00030424,9.4919e-05,0.00011556,0.00010003,7.591e-05,0.00015183,4.4179e-05,7.6631e-05,5.2142e-05,0.00020931,0.00015828,0.00015299,8.4586e-05,0.0001494,4.5558e-05,8.8816e-05,6.3308e-05,0.00017051,9.1547e-05,0.0001365,0.00024725,6.8891e-05,0.00013207,8.3442e-05,-3.2841e-05,0.00015431,4.8514e-05,3.377e-05,6.5246e-05,0.00013079,0.00016508,0.00016709,8.5557e-05,7.2936e-05,0.0002113,9.4634e-05,9.9568e-05,7.5537e-05,0.00014172,0.00025187,0.00015695,0.00020937,9.295e-05,7.7167e-05,5.6816e-05,9.3409e-05,8.1267e-05,1.8369e-05,7.8112e-05,8.009e-05,0.0001093,9.4788e-05,7.6416e-05,6.4515e-05,6.4189e-05,0.00026629,2.5245e-05,6.7397e-05,0.00013303,8.7926e-05,9.2651e-05,5.3243e-05,0.00025053,8.1014e-05,0.00018323,9.143e-05,0.00013476
1.3523e-05,3.8678e-05,4.2371e-05,9.8094e-05,4.5634e-05,7.7579e-05,2.315e-05,4.2512e-05,0.00015904,2.1367e-05,4.8188e-05,6.369e-05,7.5866e-05,8.9606e-05,2.6241e-05,4.3928e-05,6.5986e-05,6.9416e-05,-0.00010405,4.4382e-05,5.1761e-05,6.9861e-05,5.0656e-05,0.00011606,4.762e-05,5.4757e-05,3.3683e-05,0.00010429,6.113e-05,5.0031e-05,7.7239e-05,9.2946e-05,3.3222e-05,8.4983e-05,3.0674e-05,7.1417e-05,4.1824e-05,7.6695e-05,0.00010936,7.4308e-05,7.9958e-05,0.00011511,9.593e-05,3.5222e-06,2.0751e-05,4.8505e-05,1.7616e-05,5.2906e-05,0.00011054,0.00010245,5.6505e-05,6.38e-05,9.6726e-05,3.4078e-05,3.7933e-05,4.3481e-05,0.00013431,5.9594e-05,7.6772e-05,5.4417e-05,8.6515e-05,5.7399e-05,4.9904e-05,4.7064e-05,4.5815e-05,5.6951e-05,1.4547e-05,8.597e-05,0.00012504,5.5969e-05,3.9055e-05,4.4217e-05,2.9712e-05,0.00010361,3.0222e-05,7.7456e-05,-1.767e-05,7.2729e-05,5.6676e-05,3.3266e-05,8.9075e-05,2.7936e-05,0.00013672,7.0889e-05,5.8332e-05
2.7296e-05,1.5735e-05,5.779e-05,8.6754e-05,7.726e-05,9.8194e-05,3.5094e-05,3.8561e-05,0.00010507,6.1981e-05,9.4774e-05,5.6262e-05,9.5686e-05,2.6241e-05,9.2387e-05,4.2108e-05,4.1417e-05,3.9488e-05,-0.00030131,4.8086e-05,4.8688e-05,5.2413e-05,4.6513e-05,0.00010884,3.2019e-05,4.9781e-05,5.7111e-05,7.9054e-05,0.00010941,0.00011673,8.4794e-05,8.2867e-05,3.9449e-05,5.13e-05,5.828e-05,4.8541e-05,6.8759e-05,4.9087e-05,9.0335e-05,3.3891e-05,5.0225e-05,1.9418e-05,-3.4606e-05,7.8471e-05,3.2044e-05,2.8315e-05,3.4494e-05,8.4849e-05,0.00010493,0.00010929,4.6438e-05,2.8665e-05,5.0687e-05,9.4524e-05,9.6916e-05,3.4559e-05,8.0815e-05,0.00011845,8.1508e-05,9.813e-05,4.2633e-05,3.7439e-05,3.4401e-05,5.7417e-05,5.0608e-05,1.2792e-05,5.8268e-05,4.0673e-05,6.296e-05,5.7134e-05,4.1159e-05,4.3236e-05,4.8491e-05,0.00012452,3.2573e-05,4.468e-05,9.975e-05,7.7468e-05,5.0658e-05,2.4919e-05,9.806e-05,5.0869e-05,0.00012747,3.507e-05,4.9219e-05
1.6039e-05,9.3982e-05,8.3399e-05,8.2397e-05,3.8733e-05,0.00013422,3.2022e-05,6.6915e-05,0.00016725,1.0629e-06,5.1278e-05,9.69e-05,6.3513e-05,4.3928e-05,4.2108e-05,0.00017739,0.00010594,6.98e-05,-0.00026322,6.4971e-05,7.3371e-05,7.6507e-05,2.5385e-05,0.00015738,5.4543e-05,8.2611e-05,7.8802e-05,7.39e-05,0.00012525,0.00011874,0.00010591,0.00010693,4.1534e-05,6.276e-05,5.9448e-05,0.00010065,7.157e-05,7.7317e-05,8.6912e-05,6.6466e-05,3.3688e-05,1.964e-05,9.5931e-05,7.0152e-05,4.056e-05,4.9453e-05,9.7323e-06,6.4068e-05,0.00011733,0.0001297,5.7671e-05,5.4941e-05,0.00012528,5.0633e-05,6.9557e-05,5.2586e-05,0.00010713,0.00010439,9.149e-05,1.6083e-05,8.8467e-05,3.5831e-05,4.1105e-05,7.9666e-05,7.6951e-05,5.6181e-05,3.8321e-05,0.00011839,9.2123e-05,8.8963e-05,4.2802e-05,5.9895e-05,5.1348e-05,0.00016161,1.389e-05,5.028e-05,9.7474e-05,6.366e-05,7.9491e-05,6.5722e-05,6.8897e-05,9.3561e-05,0.00015823,6.7687e-05,3.1977e-05
4.0658e-05,5.9839e-05,2.1899e-05,9.4848e-05,5.0718e-05,0.00016459,3.7049e-05,5.3431e-05,0.000158,-2.3902e-06,6.6589e-05,9.7848e-05,8.5839e-05,6.5986e-05,4.1417e-05,0.00010594,0.00018978,7.2858e-05,-8.5343e-05,5.1767e-05,9.8245e-05,6.7799e-05,3.02e-05,0.00011447,7.6044e-05,5.6641e-05,4.251e-05,7.2285e-05,5.7552e-05,7.0874e-05,7.6097e-05,9.9321e-05,7.2239e-05,6.9401e-05,8.2202e-05,9.2668e-05,2.4032e-05,7.6755e-05,8.3695e-05,8.4851e-05,0.00011557,9.901e-05,0.00013353,8.7401e-05,3.5481e-05,5.7462e-05,2.3501e-05,5.8437e-05,0.00014022,0.00016122,6.0252e-05,8.613e-05,0.00021051,6.4938e-05,7.4224e-05,4.3841e-05,0.00012405,8.3165e-05,0.00010125,2.7815e-05,7.4916e-05,4.9535e-05,5.2521e-05,2.3984e-05,2.4926e-05,2.3383e-05,6.3334e-05,9.1998e-05,0.00010414,8.0519e-05,6.2558e-05,6.2485e-05,5.1329e-05,0.00019816,5.3878e-05,0.0001132,2.0579e-05,6.9458e-05,7.1124e-05,0.00012043,0.00011244,4.2677e-05,0.00019484,0.00010537,0.00010568
1.2889e-05,3.3704e-05,6.2507e-05,0.00012011,7.1355e-05,9.4906e-05,3.8923e-05,4.3593e-05,0.0001482,4.1393e-05,7.0718e-05,0.00010168,0.0001032,6.9416e-05,3.9488e-05,6.98e-05,7.2858e-05,0.00012102,0.00014428,6.8517e-05,7.5564e-05,6.649e-05,4.9133e-05,0.00011422,6.8938e-05,4.5862e-05,3.6312e-05,0.00013895,7.5728e-05,9.1465e-05,6.5966e-05,0.00010995,3.932e-05,5.4476e-05,4.156e-05,0.0001248,7.5304e-05,0.00011337,0.00013943,6.341e-05,8.0719e-05,6.3775e-05,8.0522e-05,-6.5204e-06,3.022e-05,1.9594e-05,4.6848e-05,6.951e-05,9.7039e-05,0.00012165,6.1063e-05,8.033e-05,0.00012694,4.7872e-05,5.8271e-05,6.4391e-05,0.0001304,0.00011173,9.9724e-05,7.2796e-05,0.00011409,7.4021e-05,2.7912e-05,7.4711e-05,6.9457e-05,3.5676e-05,2.7225e-05,8.6142e-05,0.00010486,7.9843e-05,6.194e-05,4.0096e-05,6.204e-05,0.0001321,3.3721e-05,6.1584e-05,1.5787e-05,4.727e-05,7.5149e-05,3.5652e-05,0.00011936,7.1443e-05,0.00016107,7.2669e-05,5.6434e-05
-0.00018876,-0.00024556,-0.00043555,0.00043608,-0.00015824,-0.00018813,-0.00061772,0.00013839,0.00018045,-0.00021012,0.00021252,0.00029306,0.00030424,-0.00010405,-0.00030131,-0.00026322,-8.5343e-05,0.00014428,0.038457,0.0004176,7.049e-05,-0.00022065,-7.1399e-05,-0.00019986,8.5062e-05,-0.00031424,-0.00065848,-6.0309e-05,0.00035172,0.00014196,0.00098855,-0.00037265,0.00034204,-0.00023992,-0.00049511,0.00073981,-0.00022398,-0.00022047,0.00076156,-9.8895e-05,0.00018492,0.00033388,-2.0895e-05,-0.00079566,-0.00038781,-0.00013037,-0.00030172,0.0006698,0.00039056,3.0907e-06,0.000421,4.2883e-05,0.0012771,-0.0006368,-0.00081812,1.4574e-05,-0.00088396,7.3152e-05,0.0001012,0.00015446,-0.00042704,9.5604e-05,-0.00013941,-0.00028538,-0.00029403,0.00022374,-0.00013996,-1.5493e-05,-0.00043761,9.8985e-05,0.00017649,0.0001004,-3.0944e-05,0.00016184,-1.5902e-05,0.00056317,0.00018945,5.1013e-06,-0.00061702,0.0003274,0.00036117,-9.5995e-05,-0.00023951,0.00047466,0.00021078
1.1836e-05,2.1716e-05,5.3486e-05,0.00012678,6.6237e-05,7.2497e-05,3.8139e-05,8.0882e-05,0.00010121,6.3743e-05,4.7651e-05,9.1936e-05,9.4919e-05,4.4382e-05,4.8086e-05,6.4971e-05,5.1767e-05,6.8517e-05,0.0004176,0.00014249,6.9691e-05,5.3784e-05,3.0936e-05,0.00012724,8.4393e-05,4.5624e-05,4.9742e-05,9.3463e-05,0.00012604,8.3326e-05,0.00010017,7.2212e-05,5.6581e-05,3.7886e-05,6.7044e-05,7.9771e-05,6.1713e-05,8.0808e-05,0.00012054,4.3628e-05,6.7029e-05,-1.2654e-05,1.6109e-05,1.448e-05,5.4189e-05,2.179e-05,1.9773e-05,7.7469e-05,7.6274e-05,8.9891e-05,8.2551e-05,5.6395e-05,3.2521e-05,6.1994e-05,6.4711e-05,5.6633e-05,8.5e-05,0.0001232,0.00012844,5.5669e-05,6.3012e-05,9.0128e-05,1.056e-05,4.3108e-05,3.4982e-05,6.7277e-05,2.8468e-05,9.3563e-05,4.6244e-05,0.00011154,7.1613e-05,5.0062e-05,3.6171e-05,9.8898e-05,-2.5176e-05,4.6787e-05,9.2929e-05,4.1688e-05,4.5497e-05,4.2057e-05,0.00012604,9.3917e-05,0.0001668,8.3337e-05,3.2289e-05
-6.94e-06,1.4437e-06,3.8315e-05,0.00013901,4.6661e-05,8.9856e-05,3.7394e-05,6.0203e-05,9.7071e-05,4.4046e-05,7.7019e-05,3.2497e-05,0.00011556,5.1761e-05,4.8688e-05,7.3371e-05,9.8245e-05,7.5564e-05,7.049e-05,6.9691e-05,0.00019393,5.328e-05,4.5879e-05,3.8182e-05,5.8347e-05,7.2177e-05,4.1803e-05,4.984e-05,0.0001016,7.33e-05,4.5092e-05,7.3399e-05,5.6858e-05,5.8028e-05,6.0208e-05,4.3734e-05,8.275e-05,7.9181e-05,0.00014549,5.7507e-05,7.0894e-06,-2.002e-06,7.4525e-05,-3.4469e-05,3.2483e-05,2.5493e-05,1.7594e-05,6.0605e-05,5.8225e-05,6.112e-05,7.7286e-05,7.8271e-05,4.161e-05,4.2498e-05,4.7517e-05,4.5717e-05,0.00010097,0.00013655,9.2528e-05,0.0001331,4.8577e-05,5.7961e-05,2.5709e-05,4.2227e-05,3.6426e-05,4.0215e-05,4.2962e-05,0.00010636,3.7027e-05,6.1186e-05,7.8868e-05,3.708e-05,5.6476e-05,0.00010754,4.8541e-05,0.00013421,8.1984e-05,2.541e-05,5.5156e-05,7.9362e-05,0.0001388,6.7045e-05,0.00013814,0.00011162,6.2716e-05
1.2134e-05,4.6637e-05,8.5381e-05,0.00010672,5.05e-05,0.00011838,3.5304e-05,5.3223e-05,0.00015538,2.8366e-05,6.3622e-05,9.8722e-05,0.00010003,6.9861e-05,5.2413e-05,7.6507e-05,6.7799e-05,6.649e-05,-0.00022065,5.3784e-05,5.328e-05,9.4345e-05,5.4458e-05,0.00013043,5.0064e-05,7.7083e-05,5.5493e-05,0.00013354,9.8984e-05,8.9331e-05,9.4479e-05,0.00011356,4.3516e-05,8.385e-05,5.2506e-05,0.00011404,6.3691e-05,9.4955e-05,0.00011622,6.993e-05,9.872e-05,7.9689e-05,5.4964e-05,4.1389e-05,3.215e-05,4.5478e-05,2.3608e-05,9.082e-05,0.00012861,0.00012385,5.8197e-05,7.403e-05,0.00012633,5.9668e-05,6.6835e-05,5.6095e-05,0.00013982,0.00010217,0.00010193,6.3795e-05,8.0836e-05,5.3975e-05,5.9487e-05,6.94e-05,6.611e-05,3.605e-05,3.3769e-05,8.8954e-05,0.00012638,7.6636e-05,5.4765e-05,5.4187e-05,4.5419e-05,0.00014152,2.8972e-05,5.1327e-05,5.6427e-05,8.7433e-05,7.4215e-05,4.1165e-05,0.00011257,5.7619e-05,0.00015676,6.8681e-05,6.8628e-05
2.595e-05,6.0664e-06,1.3508e-05,5.0039e-05,4.2901e-05,5.1842e-05,4.884e-05,3.4305e-05,9.4328e-05,4.821e-05,6.2197e-05,2.2407e-05,7.591e-05,5.0656e-05,4.6513e-05,2.5385e-05,3.02e-05,4.9133e-05,-7.1399e-05,3.0936e-05,4.5879e-05,5.4458e-05,9.3846e-05,0.00010065,2.2399e-05,3.6207e-05,6.0125e-05,7.1309e-05,8.9284e-05,5.6355e-05,8.3811e-05,5.8802e-05,7.226e-06,4.8895e-05,3.9915e-05,4.3129e-05,7.3945e-05,7.3861e-05,6.7341e-05,6.2389e-05,3.6197e-05,9.7621e-05,4.548e-05,4.0584e-05,1.7337e-05,3.7979e-05,2.4906e-05,6.6829e-05,9.6332e-05,4.8121e-05,3.9212e-05,6.554e-05,0.00011922,4.3503e-05,4.279e-05,4.0168e-05,8.8365e-05,3.6789e-05,8.3399e-05,3.2033e-05,3.9307e-05,7.41e-05,3.5607e-05,4.5574e-05,4.2388e-05,5.5453e-05,4.6503e-05,6.0256e-05,0.00011119,5.085e-05,6.9465e-05,3.8354e-05,3.5488e-05,5.7757e-05,6.6248e-05,3.0385e-05,2.3839e-05,8.4237e-05,5.7825e-05,4.9419e-05,5.9913e-05,3.5858e-05,0.00011338,2.0732e-05,4.2362e-05
7.7736e-05,0.00014419,0.00013302,0.00022767,0.0001504,0.0002445,7.3973e-05,0.00011201,0.00048384,9.0417e-05,0.00016166,0.00018291,0.00015183,0.00011606,0.00010884,0.00015738,0.00011447,0.00011422,-0.00019986,0.00012724,3.8182e-05,0.00013043,0.00010065,0.00048207,0.00010631,9.1911e-05,0.00017973,0.00023782,0.00029233,0.00028646,0.00024227,0.00025923,5.7065e-05,0.00018407,6.9812e-05,0.00024332,0.00010384,0.00017332,0.00022484,0.00018562,0.00017117,0.00028962,0.00032403,0.00032405,8.153e-05,0.00014436,9.6427e-05,0.00014887,0.00033821,0.00030611,0.00014783,8.7232e-05,0.00033063,0.0001486,0.00015548,0.00011444,0.00023245,0.00013793,0.00021123,0.00010353,0.00021624,0.00011828,0.00011114,0.0001626,0.00015269,0.00012166,0.00011883,0.00015855,0.00033869,0.00020453,0.00011238,0.00013825,0.00010878,0.00036835,4.9475e-05,7.612e-05,0.00013127,0.00020512,0.00013239,1.5595e-05,0.00016252,0.0001454,0.00030251,7.947e-05,0.00011616
2.5034e-05,1.1876e-05,4.9575e-05,6.1656e-05,5.3136e-05,6.2418e-05,5.7808e-05,3.5157e-05,0.00010238,5.5937e-05,3.4752e-05,5.6059e-05,4.4179e-05,4.762e-05,3.2019e-05,5.4543e-05,7.6044e-05,6.8938e-05,8.5062e-05,8.4393e-05,5.8347e-05,5.0064e-05,2.2399e-05,0.00010631,0.00013589,8.0301e-05,5.8785e-05,6.8921e-05,6.9655e-05,5.3824e-05,7.9713e-05,8.3904e-05,6.5584e-05,3.4283e-05,5.5957e-05,7.5153e-05,2.9932e-05,8.4631e-05,8.3355e-05,6.004e-05,7.7966e-05,-2.2586e-06,3.536e-05,-2.4957e-06,4.8943e-05,2.2604e-05,2.6827e-05,7.4022e-05,6.1129e-05,7.2277e-05,5.6506e-05,7.896e-05,7.5011e-05,5.1428e-05,5.1295e-05,5.7959e-05,0.00011596,6.8307e-05,0.00011471,3.7179e-05,6.7878e-05,7.8732e-05,2.1379e-05,5.0167e-05,4.6159e-05,3.6014e-05,1.3487e-05,0.00010185,8.1591e-05,7.3586e-05,5.8141e-05,3.5334e-05,3.6176e-05,0.0001018,2.0843e-05,7.1656e-05,3.1122e-05,2.7747e-05,4.9848e-05,2.5393e-05,8.0373e-05,6.6805e-05,0.00019483,0.00011374,5.5253e-05
-7.0191e-06,2.7629e-05,0.00011482,6.1117e-05,3.1132e-05,6e-05,3.3275e-05,5.6616e-05,8.831e-05,3.181e-05,6.412e-05,5.4763e-05,7.6631e-05,5.4757e-05,4.9781e-05,8.2611e-05,5.6641e-05,4.5862e-05,-0.00031424,4.5624e-05,7.2177e-05,7.7083e-05,3.6207e-05,9.1911e-05,8.0301e-05,0.00016491,4.7778e-05,0.00012355,9.2521e-05,3.7794e-05,6.9562e-05,9.531e-05,3.3255e-05,7.2727e-05,3.4343e-05,9.185e-05,5.1219e-05,5.8087e-05,0.00012472,4.1554e-05,6.8177e-05,-1.1242e-05,-7.4377e-05,-6.6312e-05,3.5263e-05,5.4753e-05,-6.5101e-06,8.6542e-05,0.00011452,8.1621e-05,6.6958e-05,7.4475e-05,4.2803e-05,3.3501e-05,3.1508e-05,6.3026e-05,0.00016235,0.00011216,9.9688e-05,0.00010613,7.1109e-05,4.8391e-05,4.5855e-05,7.538e-05,7.3367e-05,2.6622e-05,1.3068e-05,0.00012274,8.5626e-05,4.0579e-05,2.7727e-05,5.1658e-05,3.4488e-05,9.7472e-05,2.993e-05,6.4641e-05,5.9088e-05,5.2431e-05,6.2121e-05,1.8198e-05,0.0001017,5.3857e-05,0.00018685,0.00011436,1.8946e-05
3.3097e-05,3.4638e-05,6.0072e-05,6.7574e-05,5.2109e-05,9.9976e-05,6.9095e-05,3.9113e-05,0.0001694,5.5275e-05,6.1765e-05,3.6111e-05,5.2142e-05,3.3683e-05,5.7111e-05,7.8802e-05,4.251e-05,3.6312e-05,-0.00065848,4.9742e-05,4.1803e-05,5.5493e-05,6.0125e-05,0.00017973,5.8785e-05,4.7778e-05,0.00011735,4.8674e-05,0.00013657,0.00011916,0.00011508,9.5105e-05,1.8308e-05,6.0332e-05,5.5237e-05,5.7871e-05,7.1047e-05,8.7947e-05,7.0416e-05,8.0253e-05,3.5251e-05,7.4083e-05,0.00010734,0.00015927,4.7928e-05,4.5881e-05,3.4598e-05,6.3575e-05,0.00010163,8.6961e-05,4.0059e-05,3.9366e-05,0.00012089,7.6237e-05,8.1682e-05,4.4895e-05,8.8517e-05,5.0397e-05,0.00010041,1.5736e-05,6.141e-05,6.2759e-05,4.4518e-05,6.3305e-05,5.8506e-05,6.9951e-05,5.9555e-05,6.2215e-05,0.00012671,7.8984e-05,6.0198e-05,5.1734e-05,4.972e-05,0.00011165,3.5077e-05,3.7793e-05,9.2465e-05,8.4873e-05,6.9117e-05,2.0517e-05,5.3895e-05,7.7315e-05,0.00013009,2.5797e-05,5.3088e-05
1.5006e-06,5.8384e-05,0.00019016,0.00024911,0.00011517,0.00017861,4.1914e-05,8.1785e-05,0.00024082,5.636e-05,0.0001536,0.00027881,0.00020931,0.00010429,7.9054e-05,7.39e-05,7.2285e-05,0.00013895,-6.0309e-05,9.3463e-05,4.984e-05,0.00013354,7.1309e-05,0.00023782,6.8921e-05,0.00012355,4.8674e-05,0.00040551,0.00019837,0.00015391,8.6709e-05,0.0002415,2.2971e-05,0.00012647,4.9408e-05,0.00031741,9.2887e-05,0.00018833,0.000273,9.1238e-05,0.00027368,0.0001826,7.0924e-05,9.4621e-05,6.7532e-05,9.0261e-05,8.671e-05,0.00014863,0.00019932,0.00024795,0.00010049,9.8421e-05,0.00029328,9.3629e-05,9.9828e-05,0.00010812,0.00024798,0.00023828,0.00017854,0.00021113,0.00019741,6.3185e-05,9.4903e-05,0.0001539,0.00014294,-2.7004e-06,6.5344e-05,9.9097e-05,0.00023899,0.0001309,5.2373e-05,8.6433e-05,7.5178e-05,0.00029022,1.152e-06,-2.7145e-06,9.1513e-05,0.00011251,0.0001196,-1.7156e-05,0.0002086,0.0001023,0.00025458,8.9061e-05,8.8741e-05
3.3963e-05,5.6558e-05,0.00012131,0.0001971,0.00011965,0.00017591,5.7063e-05,8.8433e-05,0.00029894,0.00010579,0.00014042,0.00015264,0.00015828,6.113e-05,0.00010941,0.00012525,5.7552e-05,7.5728e-05,0.00035172,0.00012604,0.0001016,9.8984e-05,8.9284e-05,0.00029233,6.9655e-05,9.2521e-05,0.00013657,0.00019837,0.00033602,0.0002462,0.00020918,0.00018977,5.9627e-05,0.00014397,9.0497e-05,0.00017132,0.00011783,0.00012149,0.00021032,0.00012089,0.00011017,0.00013938,0.0001692,0.00021234,8.8911e-05,9.9706e-05,6.1087e-05,0.00017739,0.00019115,0.00017818,0.00011467,6.7572e-05,0.00024687,0.00011747,0.00012317,6.6429e-05,0.00016562,0.00015694,0.00018472,0.00015125,0.00011231,6.6199e-05,7.7758e-05,0.00012583,0.00011084,9.6468e-05,9.4174e-05,0.00011924,0.00018094,0.00014963,0.00010143,8.3965e-05,7.4479e-05,0.00027445,1.6358e-05,4.0403e-05,0.00019396,0.00013294,9.3019e-05,2.8607e-05,0.00014452,0.00012349,0.00022109,6.9632e-05,7.2422e-05
3.7872e-05,7.4372e-05,0.00011587,0.00017937,0.00014555,0.0001971,4.0519e-05,4.3737e-05,0.00035896,0.00010807,0.00014579,0.00013384,0.00015299,5.0031e-05,0.00011673,0.00011874,7.0874e-05,9.1465e-05,0.00014196,8.3326e-05,7.33e-05,8.9331e-05,5.6355e-05,0.00028646,5.3824e-05,3.7794e-05,0.00011916,0.00015391,0.0002462,0.00031076,0.00019851,0.00020091,9.3959e-05,0.0001227,7.6829e-05,0.00013591,9.9845e-05,0.00010964,0.0001801,0.00010542,8.0594e-05,0.00012984,0.00024421,0.0002452,6.3151e-05,7.1066e-05,8.1078e-05,0.00014449,0.00018228,0.00022756,7.7376e-05,3.6338e-05,0.00027547,0.00015037,0.00015878,6.0666e-05,0.00014217,0.00018194,0.0001247,0.00017108,0.00012607,2.3717e-05,6.6535e-05,0.00014033,0.00012776,6.4418e-05,8.5962e-05,7.9094e-05,0.000183,0.0001298,6.8877e-05,6.9696e-05,8.3126e-05,0.00035093,1.9111e-05,4.1791e-05,0.00015939,0.00012878,9.7142e-05,2.209e-06,0.00014349,0.00011399,0.00018703,4.2801e-05,9.1518e-05
3.8925e-05,6.0719e-05,8.9387e-05,6.7518e-05,8.7626e-05,0.00014092,6.9546e-05,4.4283e-05,0.00033021,7.9358e-05,8.9325e-05,7.422e-05,8.4586e-05,7.7239e-05,8.4794e-05,0.00010591,7.6097e-05,6.5966e-05,0.00098855,0.00010017,4.5092e-05,9.4479e-05,8.3811e-05,0.00024227,7.9713e-05,6.9562e-05,0.00011508,8.6709e-05,0.00020918,0.00019851,0.00032375,0.00013645,9.2835e-05,0.00011217,8.8569e-05,5.2543e-05,0.00010034,8.1672e-05,0.00014718,0.00012175,0.00010144,0.0001244,0.00019354,5.9696e-05,4.6043e-05,8.7066e-05,-7.822e-06,0.00014548,0.00019511,0.0001893,6.3697e-05,5.5277e-05,0.00026947,0.00010491,9.9775e-05,4.4553e-05,0.00015688,8.8853e-05,0.00012741,2.4261e-05,6.7591e-05,7.4888e-05,7.6128e-05,5.9686e-05,5.8195e-05,0.00016746,5.213e-05,8.9558e-05,0.00017821,0.00011908,5.0826e-05,9.6444e-05,5.9985e-05,0.00016259,2.8525e-05,0.00010871,0.00010072,0.00017811,6.9516e-05,6.5047e-05,0.00010391,9.1336e-05,0.00024008,7.7857e-05,4.4783e-05
2.7152e-05,7.6524e-05,0.00013921,0.00019693,0.0001152,0.00019028,5.2846e-05,5.8895e-05,0.00030942,6.4203e-05,0.00013126,0.0001794,0.0001494,9.2946e-05,8.2867e-05,0.00010693,9.9321e-05,0.00010995,-0.00037265,7.2212e-05,7.3399e-05,0.00011356,5.8802e-05,0.00025923,8.3904e-05,9.531e-05,9.5105e-05,0.0002415,0.00018977,0.00020091,0.00013645,0.00022007,6.1681e-05,0.00013113,6.387e-05,0.00019845,8.2958e-05,0.00014945,0.00020547,0.0001216,0.00016973,0.00016336,0.00019497,0.000155,6.2436e-05,8.9679e-05,7.7293e-05,0.00012471,0.00018966,0.00022717,8.4323e-05,7.7206e-05,0.00026614,0.00011276,0.00012145,8.049e-05,0.00021188,0.00017834,0.00014358,0.00015807,0.00016155,4.9025e-05,9.0419e-05,0.00013429,0.00012619,3.7724e-05,6.7452e-05,0.00010855,0.00022779,0.00012214,5.338e-05,7.9498e-05,7.6516e-05,0.00029677,2.8504e-05,6.0221e-05,9.5383e-05,0.00012185,0.00010751,3.5073e-06,0.00015445,9.6934e-05,0.00023886,9.0206e-05,9.8438e-05
2.4234e-05,2.9037e-05,1.2725e-05,2.8127e-05,5.9515e-05,7.3185e-05,1.5987e-05,9.9892e-06,0.00011949,4.8515e-05,2.5834e-05,3.0755e-05,4.5558e-05,3.3222e-05,3.9449e-05,4.1534e-05,7.2239e-05,3.932e-05,0.00034204,5.6581e-05,5.6858e-05,4.3516e-05,7.226e-06,5.7065e-05,6.5584e-05,3.3255e-05,1.8308e-05,2.2971e-05,5.9627e-05,9.3959e-05,9.2835e-05,6.1681e-05,0.00011251,5.2477e-05,6.0608e-05,2.0182e-05,6.8024e-06,2.4337e-05,3.6027e-05,5.3491e-05,3.5237e-05,5.4717e-06,0.00012476,-3.1003e-05,2.3385e-05,3.201e-05,1.5925e-05,7.3945e-05,6.3035e-05,7.6931e-05,4.3095e-05,5.3513e-05,0.00010626,6.455e-05,6.2934e-05,2.0815e-05,8.8698e-05,5.6205e-05,4.8689e-05,6.1355e-05,3.082e-05,1.4377e-05,2.083e-05,2.8181e-05,2.65e-05,2.2597e-05,3.6493e-06,6.8031e-05,3.9682e-05,5.4878e-05,3.7947e-05,8.6779e-06,1.5893e-05,0.00013947,1.2214e-05,5.4214e-05,1.5254e-05,3.9813e-05,2.6734e-05,4.0384e-05,6.3168e-05,2.0194e-05,0.00013401,7.5354e-05,3.202e-05
2.2992e-05,6.3511e-05,7.8264e-05,0.00011307,6.5214e-05,0.00013299,1.4358e-05,4.6009e-05,0.00026169,3.6528e-05,6.7524e-05,7.4623e-05,8.8816e-05,8.4983e-05,5.13e-05,6.276e-05,6.9401e-05,5.4476e-05,-0.00023992,3.7886e-05,5.8028e-05,8.385e-05,4.8895e-05,0.00018407,3.4283e-05,7.2727e-05,6.0332e-05,0.00012647,0.00014397,0.0001227,0.00011217,0.00013113,5.2477e-05,0.00015597,4.0648e-05,0.00011005,3.8439e-05,6.0282e-05,0.00013771,0.00010297,9.3957e-05,0.00017099,0.0001794,8.8614e-05,3.7057e-05,7.9581e-05,2.8161e-05,9.5947e-05,0.00018365,0.00015176,8.3395e-05,6.7545e-05,0.00014968,5.4264e-05,5.9048e-05,3.793e-05,0.0001702,4.0296e-05,9.0632e-05,8.3575e-05,0.00010538,3.5203e-05,7.3988e-05,5.963e-05,5.675e-05,6.017e-05,3.8902e-05,8.6941e-05,0.00015263,7.4966e-05,6.1622e-05,5.6168e-05,5.2186e-05,0.00018657,3.5493e-05,8.0144e-05,1.6543e-05,9.9332e-05,6.4168e-05,2.5744e-05,0.00011234,2.9178e-05,0.00013413,6.7421e-05,7.3491e-05
3.0016e-05,1.3359e-05,2.9995e-05,4.3181e-05,5.6737e-05,8.9954e-05,5.3375e-05,3.0381e-05,7.928e-05,5.3099e-05,3.6972e-05,5.7413e-05,6.3308e-05,3.0674e-05,5.828e-05,5.9448e-05,8.2202e-05,4.156e-05,-0.00049511,6.7044e-05,6.0208e-05,5.2506e-05,3.9915e-05,6.9812e-05,5.5957e-05,3.4343e-05,5.5237e-05,4.9408e-05,9.0497e-05,7.6829e-05,8.8569e-05,6.387e-05,6.0608e-05,4.0648e-05,9.4714e-05,1.3526e-05,5.1732e-05,5.2924e-05,4.2962e-05,4.7035e-05,6.3558e-05,3.0074e-06,4.0989e-05,5.0674e-05,4.8416e-05,2.4377e-05,1.6872e-05,7.0798e-05,5.1455e-05,7.8719e-05,2.7199e-05,5.5475e-05,9.2858e-05,7.8984e-05,8.5687e-05,2.1623e-05,9.1033e-05,7.0799e-05,8.8568e-05,2.0065e-05,2.4411e-05,4.4349e-05,2.5037e-05,2.3293e-05,1.9566e-05,3.8833e-05,4.14e-05,5.4684e-05,4.9334e-05,6.8291e-05,5.5347e-05,3.3172e-05,2.9843e-05,0.00010085,1.4717e-05,3.2564e-05,6.0052e-05,5.4163e-05,5.4146e-05,7.0718e-05,7.3725e-05,5.2338e-05,0.00014731,5.0366e-05,4.523e-05
1.4747e-05,8.4833e-05,0.00015509,0.00023716,6.0534e-05,0.00023769,2.9121e-05,8.6251e-05,0.00022598,-1.4465e-05,0.00014331,0.00025479,0.00017051,7.1417e-05,4.8541e-05,0.00010065,9.2668e-05,0.0001248,0.00073981,7.9771e-05,4.3734e-05,0.00011404,4.3129e-05,0.00024332,7.5153e-05,9.185e-05,5.7871e-05,0.00031741,0.00017132,0.00013591,5.2543e-05,0.00019845,2.0182e-05,0.00011005,1.3526e-05,0.00043478,4.7481e-05,0.00021188,0.00022225,9.6339e-05,0.00023917,0.00023145,0.0001161,0.00018225,4.8045e-05,7.5371e-05,9.2818e-05,0.00012735,0.00023779,0.00024609,0.00012578,9.4178e-05,0.00034248,6.5176e-05,7.6267e-05,0.00012736,0.00015485,0.00015277,0.00017204,0.0001208,0.0002078,6.9432e-05,9.5974e-05,0.00012277,0.00011397,-3.0222e-05,7.9281e-05,6.544e-05,0.0001984,0.00013281,8.5991e-05,6.4052e-05,9.1716e-05,0.00028227,2.4009e-05,3.5401e-05,9.5067e-05,8.9052e-05,0.00011224,1.4599e-06,0.00018295,8.0336e-05,0.00017253,6.3331e-05,0.00013746
7.4779e-06,1.9098e-05,7.112e-05,9.2104e-05,5.7073e-05,7.0808e-05,5.7286e-05,4.8672e-05,0.00011147,5.6674e-05,7.6963e-05,5.6559e-05,9.1547e-05,4.1824e-05,6.8759e-05,7.157e-05,2.4032e-05,7.5304e-05,-0.00022398,6.1713e-05,8.275e-05,6.3691e-05,7.3945e-05,0.00010384,2.9932e-05,5.1219e-05,7.1047e-05,9.2887e-05,0.00011783,9.9845e-05,0.00010034,8.2958e-05,6.8024e-06,3.8439e-05,5.1732e-05,4.7481e-05,0.00012389,8.816e-05,0.00011979,4.1762e-05,2.5115e-05,1.0784e-05,2.4472e-06,2.4504e-06,2.9249e-05,1.7334e-05,2.0493e-05,7.0754e-05,7.5135e-05,8.1278e-05,4.5104e-05,4.9205e-05,2.9697e-05,6.0945e-05,6.8946e-05,4.8462e-05,9.1392e-05,0.00012055,9.1475e-05,6.3359e-05,5.7819e-05,7.0517e-05,2.8389e-05,7.0359e-05,6.4038e-05,6.1769e-05,4.7664e-05,6.9833e-05,8.4839e-05,7.1742e-05,5.7472e-05,5.6228e-05,6.3375e-05,5.0253e-05,3.7155e-05,5.1575e-05,0.00010176,7.5274e-05,6.6628e-05,3.6344e-05,9.218e-05,9.2451e-05,0.00012847,3.5547e-05,2.1874e-05
1.3898e-05,3.1657e-05,9.8916e-05,0.00017556,6.3933e-05,0.00015344,7.6261e-05,5.9842e-05,0.00017301,3.817e-05,0.00010209,0.00014335,0.0001365,7.6695e-05,4.9087e-05,7.7317e-05,7.6755e-05,0.00011337,-0.00022047,8.0808e-05,7.9181e-05,9.4955e-05,7.3861e-05,0.00017332,8.4631e-05,5.8087e-05,8.7947e-05,0.00018833,0.00012149,0.00010964,8.1672e-05,0.00014945,2.4337e-05,6.0282e-05,5.2924e-05,0.00021188,8.816e-05,0.00019337,0.00016231,9.3447e-05,0.0001382,0.00013161,0.00011461,0.00012078,5.0487e-05,4.2184e-05,6.8254e-05,8.0968e-05,0.0001174,0.00014686,6.5558e-05,8.2496e-05,0.00023206,8.0345e-05,9.0015e-05,9.4817e-05,0.00013911,0.00014401,0.0001459,8.0893e-05,0.00013535,9.3544e-05,6.4907e-05,9.5029e-05,8.7811e-05,4.0265e-05,5.9208e-05,7.2591e-05,0.00017047,0.00010695,7.5267e-05,5.1357e-05,6.6165e-05,0.00016975,3.2117e-05,5.3741e-05,7.5654e-05,8.3263e-05,0.00010817,2.5337e-05,0.00013979,9.1551e-05,0.00018245,5.8503e-05,0.00010623
-2.6357e-05,1.4869e-05,0.00018801,0.00032954,0.00011338,0.00018203,3.0071e-05,0.00011829,0.00028649,7.4197e-05,0.00017567,0.00019226,0.00024725,0.00010936,9.0335e-05,8.6912e-05,8.3695e-05,0.00013943,0.00076156,0.00012054,0.00014549,0.00011622,6.7341e-05,0.00022484,8.3355e-05,0.00012472,7.0416e-05,0.000273,0.00021032,0.0001801,0.00014718,0.00020547,3.6027e-05,0.00013771,4.2962e-05,0.00022225,0.00011979,0.00016231,0.0003657,0.00010074,0.00017711,0.00011473,2.1685e-05,0.00010665,5.9918e-05,5.2384e-05,5.5296e-05,0.0001501,0.00021634,0.00022702,0.00012223,8.083e-05,0.00019728,7.5726e-05,7.9383e-05,9.3399e-05,0.00020524,0.00027863,0.0001873,0.00023703,0.00015083,9.9825e-05,7.8069e-05,0.00011289,0.00010085,6.817e-05,7.1492e-05,0.00011373,0.00016404,0.00012214,7.0261e-05,0.0001071,0.00010134,0.00026403,1.489e-05,0.00014425,0.00015116,0.00010547,9.4935e-05,2.187e-05,0.00029808,0.00012319,0.00023082,0.00014975,0.00013275
4.3661e-05,6.0336e-05,2.8998e-05,0.00010688,6.5782e-05,0.0001321,5.0805e-05,4.8147e-05,0.00022683,2.9977e-05,6.4381e-05,7.0392e-05,6.8891e-05,7.4308e-05,3.3891e-05,6.6466e-05,8.4851e-05,6.341e-05,-9.8895e-05,4.3628e-05,5.7507e-05,6.993e-05,6.2389e-05,0.00018562,6.004e-05,4.1554e-05,8.0253e-05,9.1238e-05,0.00012089,0.00010542,0.00012175,0.0001216,5.3491e-05,0.00010297,4.7035e-05,9.6339e-05,4.1762e-05,9.3447e-05,0.00010074,0.00014865,8.8378e-05,0.00015802,0.00024849,8.9508e-05,2.6735e-05,8.2152e-05,5.5914e-05,7.6192e-05,0.00016997,0.00011594,6.4666e-05,7.9536e-05,0.00022893,5.6605e-05,5.9609e-05,3.6703e-05,0.00014153,3.5262e-05,9.0203e-05,2.2212e-05,8.0985e-05,6.8574e-05,6.7582e-05,4.4239e-05,4.4029e-05,5.5388e-05,5.0209e-05,8.4835e-05,0.00016803,9.7547e-05,5.968e-05,4.9858e-05,5.2898e-05,0.00014312,6.4141e-05,7.9815e-05,2.5245e-05,0.00010947,5.1546e-05,4.8739e-05,7.8076e-05,3.955e-05,0.00017358,6.6798e-05,6.1034e-05
2.3342e-05,3.628e-05,0.00012123,0.00016949,6.9571e-05,0.0001847,4.5818e-05,5.116e-05,0.00019044,1.1599e-05,9.8659e-05,0.00022756,0.00013207,7.9958e-05,5.0225e-05,3.3688e-05,0.00011557,8.0719e-05,0.00018492,6.7029e-05,7.0894e-06,9.872e-05,3.6197e-05,0.00017117,7.7966e-05,6.8177e-05,3.5251e-05,0.00027368,0.00011017,8.0594e-05,0.00010144,0.00016973,3.5237e-05,9.3957e-05,6.3558e-05,0.00023917,2.5115e-05,0.0001382,0.00017711,8.8378e-05,0.00029242,0.00018438,7.3663e-05,0.00013616,5.4655e-05,7.0346e-05,5.2025e-05,0.00011164,0.00017182,0.00022572,5.7383e-05,7.4327e-05,0.00030238,7.9819e-05,8.1225e-05,6.2248e-05,0.00017264,0.00013089,0.00014396,7.1673e-05,0.00011863,5.2398e-05,9.1653e-05,4.9449e-05,4.6798e-05,-2.9579e-06,6.5782e-05,2.9275e-05,0.00018338,0.00010389,3.4175e-05,8.0913e-05,5.4825e-05,0.00021151,2.1568e-06,4.3055e-05,4.9196e-05,0.00010753,7.4807e-05,3.1882e-05,0.00016203,5.0984e-05,0.00020997,8.331e-05,0.00012262
6.3943e-05,9.409e-05,1.3477e-05,0.000125,5.4208e-05,0.00018904,2.4714e-05,1.8715e-05,0.00037337,-1.0311e-05,0.00010334,0.00011587,8.3442e-05,0.00011511,1.9418e-05,1.964e-05,9.901e-05,6.3775e-05,0.00033388,-1.2654e-05,-2.002e-06,7.9689e-05,9.7621e-05,0.00028962,-2.2586e-06,-1.1242e-05,7.4083e-05,0.0001826,0.00013938,0.00012984,0.0001244,0.00016336,5.4717e-06,0.00017099,3.0074e-06,0.00023145,1.0784e-05,0.00013161,0.00011473,0.00015802,0.00018438,0.0004676,0.00042063,0.00027742,1.6214e-05,0.00013432,6.878e-05,6.4349e-05,0.00025598,0.00022058,8.0103e-05,6.2866e-05,0.0004291,5.4472e-05,5.3815e-05,5.6624e-05,0.00014601,-5.3035e-05,8.94e-05,2.86e-05,0.00016445,4.1207e-05,0.00012143,5.9761e-05,6.05e-05,7.1485e-05,8.8303e-05,2.4612e-05,0.00030696,8.6913e-05,7.5195e-05,6.8701e-05,5.404e-05,0.00024917,8.3218e-05,6.5336e-05,-7.071e-05,0.00016635,8.7227e-05,2.631e-05,5.756e-05,-1.2904e-05,9.6014e-05,-1.2887e-05,0.00014245
8.1346e-05,0.00017892,-3.7616e-05,2.7238e-05,7.9972e-05,0.00017684,5.8805e-05,-3.7475e-05,0.0005521,2.5922e-05,7.9956e-06,5.905e-05,-3.2841e-05,9.593e-05,-3.4606e-05,9.5931e-05,0.00013353,8.0522e-05,-2.0895e-05,1.6109e-05,7.4525e-05,5.4964e-05,4.548e-05,0.00032403,3.536e-05,-7.4377e-05,0.00010734,7.0924e-05,0.0001692,0.00024421,0.00019354,0.00019497,0.00012476,0.0001794,4.0989e-05,0.0001161,2.4472e-06,0.00011461,2.1685e-05,0.00024849,7.3663e-05,0.00042063,0.00098251,0.00015618,2.7351e-05,0.00017764,8.1973e-05,1.4e-05,0.00017376,0.00019772,7.1148e-05,7.9104e-05,0.00051423,7.0911e-05,7.3221e-05,2.9529e-05,0.00017832,-0.00012009,2.0019e-05,-2.0897e-05,0.00018164,-7.3715e-06,9.6068e-05,6.8669e-05,7.52e-05,0.00013912,4.6248e-05,8.6071e-05,0.00034103,0.00015526,7.8225e-05,3.8302e-05,5.4801e-05,0.00029331,5.4397e-05,5.9796e-05,-9.9599e-05,0.00013822,7.0748e-05,1.9813e-05,-5.276e-05,3.8457e-05,0.00013638,2.7918e-06,2.7411e-05
