0.00047643,0.00015237,1.2951e-05,6.5694e-05,9.8874e-05,9.5385e-05,-3.3459e-05,9.3205e-05,1.5852e-05,7.0287e-05,4.8152e-05,2.6721e-05,8.1853e-05,3.8714e-05,0.00015251,6.9427e-05,9.0697e-05,5.7903e-05,-8.1505e-06,0.00018293,0.0001024,0.00010095,0.0002349,0.00031846,0.00010858,2.0101e-05,5.8148e-05,-0.00013155,0.00011715,1.0839e-05,0,0.0001421,3.7569e-05,9.9685e-05,3.7319e-05,9.0223e-05,0.0002751,5.8578e-05,0.00011864,1.6006e-05,-4.8015e-06,-1.0596e-06,6.1408e-05,2.9604e-05,5.3738e-05,4.8384e-05,-3.5556e-05,-6.1837e-05,7.6335e-05,0.00018499,0.00011207,0.0001105,0.00012324,-0.00011778,-4.1845e-05,-4.6176e-05,0.00031325,0,0.00010915,-6.2827e-05,2.6974e-05,0.00036297,8.0485e-08,7.2255e-05,0.0001237,0.00026272,-3.0913e-05,3.1301e-05,3.3006e-05,3.8346e-05,3.8394e-05,0.00017548,8.9831e-05,0.00011631,7.8604e-05,0.00013928,4.8641e-05,0.00012197,-4.6637e-05,5.9632e-06,1.997e-05,8.6215e-05,0.00011126,2.0493e-05,4.438e-05,-4.5403e-05,3.2954e-08,0.00011612,0.00016521,7.6868e-05,0.00012527,3.9902e-07,0.00010352,6.3875e-05,1.5245e-05,2.7971e-06,1.6941e-05,6.5311e-05,9.0696e-05,7.5936e-05,3.8171e-05,9.5802e-05,5.8688e-05,9.1531e-05,3.5655e-05,0.00015974,4.0788e-05,5.2608e-05,7.3217e-05,2.8409e-05,9.2743e-05,-1.9964e-05,0.0001738,2.6653e-05,0.00011954,0.00010177,5.2241e-05,0.00014278,0.00016147,4.3896e-05,4.0859e-05,4.8066e-05,0.0001834,8.0733e-05,-5.3356e-05,5.2014e-05,1.7744e-05,5.9723e-05,0.00035102,0.00011222,3.7046e-05,3.6222e-05,5.3783e-06,0.00017537,1.3765e-05,0.00014314,0.00010049,0.00010978,2.4505e-05,-2.1316e-05,0.00012315,0.00037931,1.9052e-05,0.00017666,9.5559e-05,9.937e-05,0.00029559,4.4227e-05,-6.6709e-05,2.4841e-05,5.8335e-05,0.00010339,0.00017554,4.1077e-05,1.7838e-05,0.00011266,6.577e-05,2.07e-05,0.00029119,3.4958e-05,5.0924e-05,5.5507e-05,5.6688e-05,4.3159e-05,9.308e-05,0.00017992,2.7892e-05,5.3575e-05,7.4229e-05,0.00013549,6.9354e-05,-1.0936e-05,0.00013604,7.5203e-05,-1.7657e-05,-3.8425e-05,-2.0716e-05,-4.6862e-05,0.00029491,5.3377e-05,0.00015823,0.00024705,4.8456e-05,0.00010859,-4.2851e-06,8.4658e-05,8.6706e-05,8.4045e-06,0.00015497,0.00011945,0.00037018,0.0001212,0.00011951,0.00010603,0.00021612,-4.3484e-05,7.3496e-05,0.00011871,4.2446e-05,-1.7205e-05
0.00015237,0.00042145,8.3057e-05,0.00012137,0.00016524,0.00023354,4.3876e-05,0.00011022,0.00015151,0.00016497,0.00017241,0.00021847,0.00011279,0.00014524,0.00024599,7.2623e-05,0.0001157,0.00020573,0.00013355,0.00026369,0.00042163,0.0002131,0.00054496,0.0001333,0.00023376,0.00019494,0.00015258,6.9988e-05,0.00016048,5.9764e-05,0,0.00017634,8.6813e-05,0.00011475,0.00013944,0.0001423,0.0002669,0.00018743,0.0001586,0.00015331,0.00015388,0.00013384,0.00010315,0.00010624,0.00012517,0.00018107,0.00018314,-0.0001159,9.6501e-05,0.00022281,0.00026112,0.00028736,0.0001112,0.00018011,6.3027e-05,0.00014127,0.00022677,0,6.974e-05,0.00023581,0.0001477,5.793e-06,0.00010442,0.00016193,0.00018367,0.00022914,9.4879e-05,0.00023202,0.00024778,8.7767e-05,0.00013356,0.00018486,0.00025908,0.00030458,0.00017578,0.00018608,0.00027868,0.00011073,9.5984e-05,-2.4166e-05,0.00016751,0.00037757,0.00019105,-1.2991e-05,0.00014014,3.2456e-05,0.00024796,0.0001645,0.00014302,0.00019698,0.00020013,4.1572e-05,0.00017371,0.00016766,0.00012932,0.00022248,1.3465e-05,5.3711e-05,0.00010025,0.00023375,0.00013169,0.00017404,0.00017205,3.4782e-05,0.00022528,0.00031175,0.000124,0.00012281,0.00020197,0.00014045,0.00028415,4.3388e-05,0.00014352,6.7961e-05,0.00016196,0.00010295,8.1073e-05,0.00021517,8.1986e-05,0.00010507,5.0237e-05,0.00033746,0.00022946,0.00022568,0.00019952,6.2567e-05,8.9876e-05,0.00012346,0.00019397,0.00010673,0.00014272,0.00016279,0.00010344,0.00031266,9.0706e-05,0.00025669,0.00019322,0.0002053,0.00011156,0.0001144,8.8224e-05,0.00011682,0.00012792,0.00027407,0.00032578,-0.00011646,-2.4899e-05,7.1513e-05,0.00017722,0.00011412,0.00032634,0.00023215,0.0002645,0.00021753,0.00018553,0.00012862,0.00014136,7.3248e-05,0.00049211,9.9355e-05,0.00016507,0.00017826,0.00017672,0.00019592,0.00030768,0.00027284,0.00016154,8.8051e-05,0.00013517,0.00012848,0.00016308,0.0001388,0.00019439,0.00017222,0.00015163,6.9797e-05,0.00034363,0.00012779,0.00036067,6.165e-05,8.8189e-05,0.00033173,0.00019131,0.00010518,0.00016732,0.00019208,0.00015371,8.8818e-05,0.00018965,0.00010116,0.00036171,0.00016042,0.00026344,0.0002752,0.0003443,0.00011709,0.00016391,0.00014325,0.00015502,0.00014963
1.2951e-05,8.3057e-05,0.000178,5.0287e-05,0.00011463,0.00014844,5.1483e-05,6.7741e-05,4.5617e-05,1.8081e-05,0.00010062,5.0059e-05,0.00014421,9.9652e-05,6.3563e-05,-3.2031e-05,-0.00012791,0.00010922,3.5811e-05,9.1863e-05,0.00010224,0.00010337,0.00017848,6.5024e-06,5.399e-05,2.9793e-05,4.0078e-05,1.2169e-05,8.5951e-05,7.7372e-05,0,8.2858e-05,2.8168e-05,5.8793e-05,0.00010381,8.3e-05,6.7354e-05,4.8639e-05,2.201e-05,6.6017e-05,9.0303e-05,7.0124e-05,-1.3981e-05,0.00011943,7.819e-05,5.9182e-05,8.7954e-05,-4.7426e-05,6.7494e-05,0.00013319,0.00010724,7.0815e-05,8.8842e-05,2.371e-05,0.00013166,-4.1879e-05,-1.4827e-06,0,4.462e-05,0.00012568,7.4658e-05,-7.3698e-05,1.7758e-05,6.9005e-05,0.00010544,6.9104e-05,3.5782e-05,9.3071e-05,6.0329e-05,7.8919e-05,7.7339e-05,5.8654e-05,7.1096e-05,7.3497e-05,0.00010128,0.00013317,3.2339e-05,7.601e-05,9.857e-05,1.3426e-05,0.00010257,0.00014963,6.18e-05,5.774e-06,8.0806e-05,5.2843e-05,8.1527e-05,4.2002e-05,8.4388e-05,0.00014436,1.7441e-05,3.5837e-05,5.3037e-05,0.00011805,6.5142e-05,0.00013022,1.1984e-05,2.8557e-06,3.2632e-05,8.9008e-05,5.5616e-05,4.3649e-05,2.7555e-05,9.0286e-05,7.1114e-05,9.2266e-05,7.6036e-05,5.3258e-05,6.0514e-05,4.2983e-05,0.00016566,9.2392e-05,9.994e-05,5.7575e-05,4.3063e-05,7.5705e-05,3.0866e-05,7.639e-05,-3.3775e-05,6.1908e-05,9.5322e-05,5.3079e-05,8.0249e-05,4.0967e-05,7.1809e-05,3.547e-05,4.0081e-05,8.4324e-05,4.3445e-05,6.6774e-05,6.6166e-05,0.00013136,4.219e-05,0.00015986,2.3923e-05,0.00010688,9.1542e-05,0.00013979,9.4202e-05,9.5439e-05,1.2896e-05,-1.2207e-05,-1.0888e-05,0.00014808,7.7371e-05,0.00014834,-7.4787e-06,2.4977e-05,0.00014679,5.9072e-05,0.00011911,4.8894e-05,-3.2503e-05,7.4252e-05,8.8501e-05,5.2725e-05,1.6808e-06,7.2556e-05,0.00030542,6.9998e-05,7.0677e-05,0.00010687,4.1072e-05,8.8536e-05,0.00013143,0.00011136,7.308e-05,3.5196e-05,6.3745e-05,3.3407e-05,0.00012648,3.2665e-05,7.783e-05,8.8349e-05,9.1374e-05,8.1152e-05,7.7978e-05,9.5892e-05,7.9259e-05,0.00012821,-5.3304e-05,0.00012525,0.00010153,2.0218e-05,0.00019008,8.4793e-05,4.2676e-05,2.7303e-05,7.9493e-05,2.9619e-05,0.00012306,9.715e-05,8.5499e-05,7.0913e-05,0.00016417,8.004e-05,3.6988e-06,7.7829e-05,0.00014343,6.5267e-05
6.5694e-05,0.00012137,5.0287e-05,0.00011637,8.5787e-05,0.00011165,5.8708e-06,9.1893e-05,6.1126e-05,7.5206e-05,9.5801e-05,0.00010583,8.2176e-05,8.4742e-05,9.4624e-05,1.8332e-05,6.2605e-05,0.00012464,6.0034e-05,0.0001272,0.00015254,9.9619e-05,0.00019889,4.2198e-05,0.00012022,9.1972e-05,7.3113e-05,0.00011528,8.1908e-05,7.1706e-05,0,9.6006e-05,1.5755e-05,3.9036e-05,5.3522e-05,5.5898e-05,3.41e-05,6.7198e-05,8.9061e-05,8.8532e-05,6.6611e-05,4.203e-05,3.1752e-05,5.8875e-05,7.5888e-05,9.3354e-05,9.1578e-05,-1.8452e-05,6.0055e-05,0.00014601,0.00012053,0.00013592,0.00010992,8.2767e-05,0.00011869,2.9848e-05,0.00011854,0,5.8747e-05,8.831e-05,8.7243e-05,-3.3604e-05,3.1643e-05,7.9763e-05,0.00010881,7.452e-05,8.2564e-05,9.9967e-05,8.1243e-05,5.4679e-05,5.6335e-05,0.00010291,6.9608e-05,0.00012207,9.8429e-05,9.0473e-05,0.00011051,7.3028e-05,4.6014e-05,1.3932e-05,0.00010584,0.00014931,0.00012679,3.1675e-05,0.00010556,4.3031e-05,0.00011608,8.0134e-05,7.4189e-05,8.4237e-05,7.2331e-05,5.3565e-05,3.4143e-05,0.00010843,3.3759e-05,0.00011807,1.0969e-07,6.8201e-05,5.4487e-05,0.000114,6.2988e-05,3.1174e-05,4.8228e-05,5.0063e-05,8.1394e-05,7.5976e-05,7.8567e-05,5.7347e-05,7.0132e-05,3.5768e-05,0.00015491,9.5185e-06,2.7896e-05,4.1122e-05,8.1248e-05,0.00010034,3.7179e-05,0.00011548,5.6898e-05,5.3367e-05,7.0223e-05,0.00017391,8.9886e-05,0.00012157,8.4892e-05,2.7118e-05,5.2268e-05,6.1633e-05,5.4653e-05,7.0062e-05,3.4914e-05,9.1957e-05,3.2235e-05,8.0757e-05,3.9744e-05,8.7546e-05,8.4407e-05,0.00011639,5.9797e-05,6.0452e-05,7.6199e-05,1.8166e-05,0.00010372,9.8218e-05,9.1873e-05,-5.3693e-05,-4.1374e-05,2.4676e-05,0.00013452,7.2056e-05,7.1207e-05,9.9033e-05,0.00018956,7.6766e-05,6.5412e-05,7.7592e-05,5.9792e-05,3.9267e-05,9.4497e-05,3.3935e-05,7.2938e-05,0.00012313,6.5284e-05,0.00011705,0.00014149,0.00016236,6.849e-05,6.5446e-05,7.6156e-05,8.036e-05,7.9084e-05,9.3117e-05,9.7571e-05,9.0097e-05,7.0719e-05,5.9343e-05,0.00013502,6.1058e-05,0.0001195,7.1894e-05,6.2958e-05,0.00011049,0.00012927,-8.154e-06,0.0001708,9.2902e-05,6.3956e-05,6.2708e-05,8.7288e-05,3.7996e-05,8.9623e-05,6.0703e-05,0.0001461,0.00010828,0.00010184,7.5841e-05,2.9501e-05,6.6553e-05,0.00010206,8.3506e-05
9.8874e-05,0.00016524,0.00011463,8.5787e-05,0.00022911,0.00025909,6.3456e-07,0.00013929,7.8146e-05,0.00013113,0.00015316,0.00018247,0.00012999,0.00013114,0.00014316,5.8076e-05,9.6393e-05,0.00020061,7.5166e-05,0.00019684,0.00016259,0.00020599,0.00039982,0.00012141,0.00015846,0.00016941,0.00010501,0.00010701,0.00015721,9.5185e-05,0,0.00017673,0.00010157,0.00011002,0.00012065,0.0001178,8.7374e-05,0.00011709,0.00015255,0.0001413,9.775e-05,0.00010141,3.6629e-05,0.00012346,0.00011007,0.00016356,0.00010819,-2.4802e-05,0.00010205,0.00024273,0.00023847,0.00020105,0.00012394,8.9336e-05,6.7169e-05,2.1604e-05,5.2779e-05,0,0.00010916,0.00022669,0.00016012,5.3313e-05,5.1289e-05,0.00013278,0.00027605,0.00017582,0.00014126,0.00018566,0.00014423,9.7887e-05,0.00011491,0.00019721,2.2204e-05,0.00018902,0.00014961,0.000224,0.00017388,0.00012887,7.2579e-05,2.3751e-05,0.00017276,0.00037405,0.00018862,-1.1634e-05,0.00016,6.6451e-05,0.00016225,0.00020773,0.00023648,0.00024274,8.9921e-05,7.8428e-05,8.699e-05,0.00022578,0.00013554,0.00020041,1.7681e-06,0.0001005,9.1208e-05,0.00022139,8.9372e-05,9.3177e-05,0.00011828,2.6348e-05,0.00012336,0.00023956,0.00012052,0.00011606,0.00013988,7.5367e-05,0.0003271,0.00012803,0.00018833,8.7128e-05,0.00016791,0.00020932,4.7575e-05,0.00023191,7.4164e-05,8.2273e-05,0.00018243,0.00024721,0.00018386,0.00018677,0.00013236,7.374e-05,8.4523e-05,0.00014141,7.5166e-05,0.00013692,0.00010613,0.00022503,8.3769e-05,0.00024546,5.1265e-05,0.00014039,0.00014165,0.00019472,0.00014685,0.0001522,-1.7918e-05,0.00010163,9.5811e-05,0.00023683,8.8174e-05,3.45e-05,6.7034e-05,3.4899e-05,0.0001749,0.00011603,0.00024023,0.00015699,0.00018935,0.00016997,0.00013758,0.00012229,9.2107e-05,8.4036e-05,0.00029396,8.1368e-05,0.00013779,0.00022509,0.0001011,0.00023901,0.00018433,0.00025953,0.00013684,6.5697e-05,0.00010891,0.00010055,0.00016074,0.00010793,0.00017136,0.00020127,0.00012655,5.5505e-05,0.00031699,0.00014574,0.00026309,0.00015124,2.5578e-06,0.00020095,0.00016549,6.0036e-05,0.00022658,0.00012344,8.1741e-05,0.00011219,0.00015875,9.9643e-05,0.00021985,0.00015059,0.00022136,0.00025969,0.00025304,0.00012222,0.00011472,0.00013065,0.00021871,0.00015215
9.5385e-05,0.00023354,0.00014844,0.00011165,0.00025909,0.00052297,2.2102e-05,0.00019203,0.00012596,0.000167,0.00026166,0.00027187,0.00013129,0.00015197,0.00016048,8.9202e-05,0.00023341,0.00018836,0.00015706,0.00029993,0.00023405,0.00020084,0.00052122,0.00014856,0.00029017,0.00019197,0.00019707,0.0001119,0.000207,0.00021419,0,0.00010496,2.5755e-05,0.00013652,0.00017317,0.00014204,0.00016796,0.00020272,0.00038663,0.00020051,0.00013173,0.00017342,5.4284e-05,0.00014547,0.00012116,0.0001888,0.00020964,-8.3166e-05,9.7834e-05,0.00025658,0.00027547,0.00030864,0.00010931,0.00018255,2.9948e-05,2.5353e-05,0.00021669,0,0.00010024,0.00029069,0.00021865,-1.2842e-05,8.4852e-05,0.00019804,0.00032714,0.00020267,0.00013253,0.00017794,0.00029839,8.0711e-05,0.0001888,0.00025626,0.00019828,0.00028217,0.00013905,0.00022552,0.00029827,0.00018046,6.7645e-05,1.9819e-05,0.00012123,0.00034109,0.00016082,0.000129,0.00018576,-1.6102e-06,0.00013145,0.00028004,0.00026957,0.00030378,0.00021166,7.6712e-05,7.3834e-05,0.00029739,0.000133,0.00027312,1.1906e-05,0.00010975,0.00012047,0.00029535,0.00018035,0.00018022,0.00016499,3.0828e-05,0.00021679,0.00030073,0.00012594,0.00016173,0.00024711,0.00010425,0.00027825,9.2144e-05,0.00023864,3.9113e-05,0.00013493,0.00020894,3.8795e-05,0.00027063,9.2623e-05,0.00012225,0.00018367,0.0003756,0.00022124,0.00033881,0.00018381,0.00015134,0.00014057,0.00018796,0.00011368,0.00019644,0.00012822,0.0002714,8.1939e-05,0.00027392,0.00010998,0.0001847,0.00026123,0.00021538,0.00015297,0.00016887,-1.4784e-05,0.00011349,0.00010856,0.0002942,0.0001586,-7.5627e-05,6.2631e-05,6.1253e-05,0.0002244,0.00013454,0.00028439,0.00020757,0.0003143,0.00023107,0.00023042,0.0001676,0.00010231,8.7043e-05,0.00052491,0.00011065,0.00021534,0.00033428,0.00017538,0.000258,0.00031299,0.00028235,0.00014635,9.2666e-05,0.00019486,0.00011914,0.00025427,0.00013874,0.00022628,0.00021749,0.00013364,5.7463e-05,0.0004316,0.00019982,0.00049779,0.00014412,-1.3682e-05,0.00039527,0.00012457,2.8386e-05,0.0002332,0.00015071,0.000141,0.00017903,0.0001948,7.4288e-05,0.00033967,0.00021133,0.00024844,0.00037509,0.0003944,0.00015897,0.00017786,0.00015534,0.00027422,0.00018942
-3.3459e-05,4.3876e-05,5.1483e-05,5.8708e-06,6.3456e-07,2.2102e-05,0.0002137,-5.4036e-05,6.0672e-05,-1.4e-05,6.1561e-05,-3.1475e-05,5.6835e-05,3.4546e-05,6.3816e-05,-4.2868e-05,0.00010747,7.9013e-06,2.1866e-05,1.1381e-05,6.4999e-05,-3.2447e-05,4.5716e-05,-3.9301e-05,4.0865e-05,-7.4706e-05,7.7047e-05,-6.2459e-05,-1.4654e-05,6.9183e-05,0,-4.0897e-06,5.5638e-05,-1.5908e-05,5.5515e-05,-1.6395e-05,-4.6036e-06,-8.2779e-07,-5.5286e-05,1.5507e-05,2.1947e-05,7.0288e-05,1.3378e-05,8.5018e-05,2.7868e-05,-2.4673e-05,-2.4573e-05,-3.8926e-05,4.621e-06,-1.7868e-05,1.3848e-05,-3.764e-05,4.9377e-06,4.8092e-05,0.00012954,-1.2569e-05,-9.5796e-05,0,6.8926e-06,2.843e-05,-5.3904e-05,-8.3601e-05,1.0239e-05,4.4137e-05,-6.6067e-05,7.9041e-06,-4.2966e-05,1.4176e-05,1.8457e-05,3.1771e-05,8.6092e-05,-1.7283e-06,0.0001036,-4.0674e-05,-2.0624e-05,4.7577e-06,4.2024e-05,3.4167e-05,7.2549e-05,1.9335e-05,-1.3004e-05,8.3471e-06,2.4041e-05,1.5936e-05,5.8031e-05,-3.3218e-05,7.0701e-05,-5.9246e-05,-1.9391e-05,-3.6271e-05,7.3033e-05,1.2337e-05,6.4636e-05,-8.0423e-05,-6.505e-05,3.7566e-05,2.9407e-05,4.7898e-06,8.541e-05,-9.8422e-07,1.2025e-05,0.00015226,6.4215e-06,0.00014874,3.2097e-05,2.5971e-05,2.2606e-06,2.8449e-05,6.3281e-05,2.3027e-05,1.9912e-05,-2.1641e-05,-1.5921e-05,2.197e-05,-5.5912e-05,-7.5172e-05,-2.1397e-05,1.9222e-05,-2.9622e-05,2.4689e-05,-6.7771e-05,-5.1786e-05,7.1479e-05,-1.4437e-05,5.6914e-05,4.7999e-05,4.117e-05,6.4546e-06,-3.6129e-05,2.3204e-05,1.266e-05,8.8081e-05,2.5347e-05,-2.5619e-05,1.6915e-05,7.5299e-05,4.4059e-05,2.6062e-05,1.7925e-05,5.6239e-05,0.00011057,-4.9525e-05,-1.0519e-05,-8.717e-06,2.5143e-05,-2.8565e-05,-8.4356e-05,4.9476e-05,1.9367e-05,4.9138e-05,4.3099e-05,1.0857e-05,-0.00011043,4.2529e-05,3.0516e-05,2.8194e-05,-0.00011457,1.1412e-05,0.00017332,2.6553e-05,9.0805e-07,-8.0641e-06,-1.907e-05,-0.00011015,7.4323e-05,-1.9739e-05,2.7818e-05,8.3292e-07,-5.2908e-06,2.4627e-05,8.0776e-05,-5.6376e-06,9.9191e-06,-5.5974e-06,7.455e-05,8.0424e-05,3.9206e-05,-1.0893e-05,2.8762e-05,-7.7987e-06,-3.7163e-05,5.283e-05,1.3337e-05,-1.8338e-05,3.4764e-05,-2.3852e-05,5.5084e-05,-3.18e-05,2.1684e-06,4.0286e-05,6.2475e-05,6.7251e-06,-1.8438e-05,-3.9314e-05,5.4076e-05,9.9939e-06,1.1777e-05,5.2332e-05,1.783e-05,2.6848e-05
9.3205e-05,0.00011022,6.7741e-05,9.1893e-05,0.00013929,0.00019203,-5.4036e-05,0.00063363,-0.00011715,0.00011196,4.3953e-05,8.8266e-05,3.3966e-05,0.00010789,-4.1835e-05,3.9074e-05,-0.00017225,4.5045e-05,7.6643e-05,0.00022247,6.0466e-06,0.00013309,0.00014668,0.00012704,7.8059e-05,0.00019819,-3.6233e-05,2.404e-05,5.8592e-05,-1.7855e-05,0,0.00012003,8.6687e-05,7.7978e-05,-1.0721e-05,0.0001017,3.318e-05,0.00011841,3.4825e-05,5.8147e-05,9.5155e-05,9.6493e-05,6.4438e-05,5.1747e-05,6.0881e-05,6.7756e-05,1.3745e-05,-2.4373e-06,-6.831e-06,0.00022906,0.000328,0.0003235,3.4934e-05,0.00013363,0.00011126,-3.8509e-05,0.00021986,0,5.2062e-05,0.00013435,6.6273e-05,0.00015265,4.1335e-05,0.0001213,0.00015044,0.00012222,0.0001219,0.00015452,0.00012848,9.6243e-05,0.00014836,0.0001926,8.8403e-05,0.00020452,0.00015363,8.817e-05,0.00014914,7.259e-05,3.1611e-06,-6.7091e-05,7.3065e-05,0.00031082,0.00017621,0.00021918,2.5321e-06,0.00013422,4.4748e-05,0.0001876,0.00023087,-3.141e-05,9.1275e-05,4.2626e-05,6.1482e-05,0.00019091,-1.1367e-05,0.00027505,-4.5828e-05,8.5597e-05,-4.8526e-05,8.3972e-05,6.6649e-05,-3.001e-05,8.4072e-05,-3.797e-05,2.9567e-05,5.8993e-05,7.7198e-05,-2.9278e-07,5.2632e-05,1.5951e-05,5.3911e-05,0.00012657,5.8403e-05,-0.00010181,0.00014799,0.00018443,2.7401e-05,0.00014088,2.6884e-07,6.8845e-05,0.00015761,0.00020389,0.00012446,0.00023222,9.7523e-05,-6.0305e-05,1.1214e-05,0.00010445,0.0001795,0.00013799,1.259e-05,0.00017781,1.9388e-05,0.00016285,0.00016336,-2.9789e-05,2.6217e-05,0.00012598,8.5912e-05,7.2977e-05,-2.6208e-05,9.6444e-05,0.00013027,0.00019595,1.528e-05,0.00012526,2.4235e-05,-4.9032e-05,0.00017825,-2.2456e-06,0.00013317,7.9029e-05,7.4128e-05,0.00012114,0.00014614,7.5581e-05,0.00014474,7.4652e-05,0.00021713,5.8252e-05,2.6344e-05,0.00020096,0.00010923,0.00014862,0.00013732,0.00021507,7.4291e-05,7.5143e-05,0.00012407,1.878e-05,0.00010457,8.0995e-05,0.00015636,0.00014348,0.00020548,3.6274e-05,3.5068e-05,0.00014804,0.00017415,0.00017784,-0.00011626,0.00015327,0.00010253,-0.00011977,7.0445e-05,0.00015294,5.3419e-05,4.8029e-05,0.00020964,7.7673e-05,0.00019345,4.6763e-05,0.00015193,0.00021654,0.00020939,0.0001498,2.3294e-05,5.7302e-05,0.000103,0.00021541
1.5852e-05,0.00015151,4.5617e-05,6.1126e-05,7.8146e-05,0.00012596,6.0672e-05,-0.00011715,0.00018977,6.4693e-05,0.00013238,0.00012285,4.1432e-05,4.9703e-05,0.00017956,4.4195e-05,0.00014276,0.00010014,8.9525e-05,0.00010675,0.00021813,8.8413e-05,0.00022733,2.8455e-05,0.00014041,6.288e-05,0.00011936,8.7501e-05,0.00012727,0.00011881,0,5.8091e-05,2.1973e-05,5.6009e-05,0.00014229,7.2399e-05,3.0747e-05,8.5522e-05,0.00013878,6.6429e-05,7.08e-05,7.8625e-05,3.0329e-05,8.8209e-05,8.3135e-05,8.5314e-05,9.9768e-05,-3.6598e-05,6.2114e-05,8.547e-05,8.0818e-05,0.00014761,8.5583e-05,0.00012903,3.5901e-05,7.421e-05,5.2985e-05,0,2.8315e-05,2.61e-05,4.733e-05,-9.3037e-05,8.0889e-05,6.929e-05,6.9331e-05,5.2488e-05,8.9035e-05,6.701e-05,0.00011314,4.1277e-05,6.9328e-05,0.00013773,0.00010919,0.00016329,7.9207e-05,0.00010091,0.00018704,7.0927e-05,7.554e-05,6.7715e-05,7.5209e-05,8.3048e-05,8.4265e-05,-7.7371e-05,0.00013042,-1.1661e-05,0.00012451,6.9425e-05,6.9762e-05,0.00014785,0.00011185,5.2823e-05,7.5266e-05,5.5956e-05,7.8282e-05,5.6954e-05,2.8157e-05,2.8687e-05,0.0001381,0.00016656,6.3574e-05,0.00015488,4.247e-05,8.3121e-05,0.00015399,0.00012348,9.0486e-05,0.0001167,0.00010837,7.7142e-05,0.00026196,-9.6312e-06,9.4988e-05,6.6112e-05,6.1278e-05,5.2416e-05,3.1755e-05,0.00012268,4.656e-05,5.3499e-05,3.8976e-05,0.00015008,0.00013212,0.00013356,0.0001218,0.000103,5.4007e-05,5.78e-05,-2.7218e-05,7.9074e-05,8.9437e-05,9.9779e-05,4.5204e-05,0.00010396,1.053e-05,0.00015691,0.0001681,7.5673e-05,6.2188e-05,9.6829e-05,8.1546e-05,1.3126e-05,0.00013006,0.00010837,9.1181e-05,-0.00018796,-5.2654e-05,6.4465e-05,9.2324e-05,0.00010819,6.1893e-05,0.00013258,0.0001181,0.00012032,9.0858e-05,6.9943e-05,-3.3138e-06,3.7872e-05,0.00024661,5.5444e-05,0.00010353,7.8861e-05,4.8294e-05,8.2617e-05,0.00017764,0.00015913,6.4394e-05,1.1411e-05,6.3464e-05,0.00011644,0.00011222,6.6871e-05,8.314e-05,7.265e-05,-1.7364e-06,7.7671e-05,0.00022307,0.00010017,0.00024459,-4.2534e-06,0.00014003,0.00015096,9.6339e-05,0.000104,0.00012117,2.9166e-05,8.6171e-05,7.3947e-05,4.2647e-05,4.9723e-05,0.0001434,0.00011278,0.00012376,0.00013289,0.00012974,3.0978e-05,7.4942e-05,8.7858e-05,0.00011581,3.9528e-05
7.0287e-05,0.00016497,1.8081e-05,7.5206e-05,0.00013113,0.000167,-1.4e-05,0.00011196,6.4693e-05,0.00023058,0.00012334,0.00020406,6.3114e-05,7.2852e-05,0.00015031,7.8757e-05,1.4375e-05,0.00018554,8.8596e-05,0.00011727,0.00023372,0.00013647,0.00034104,8.7148e-05,0.00020491,0.00016213,0.00010674,0.00015173,0.00010152,-1.3257e-05,0,0.00013752,1.9659e-05,5.5624e-05,0.00013554,0.00012494,4.8384e-05,0.00010451,0.00024217,0.00010059,8.1434e-05,8.8364e-05,4.8981e-05,5.0822e-05,6.3944e-05,0.00015162,8.5991e-05,2.509e-05,6.0564e-05,0.0001432,0.00022885,0.00016006,5.4634e-05,0.00018159,7.5025e-05,7.1105e-05,6.2897e-05,0,6.2305e-05,0.00010643,0.00015937,-7.9621e-05,5.4328e-05,0.00014434,0.00017619,0.00012607,0.00017983,0.00014189,0.00016387,1.753e-05,0.00011066,0.00018562,6.2791e-05,0.00019575,8.807e-05,0.00013241,0.00023929,7.4036e-05,2.3414e-05,4.6883e-05,0.00014905,0.00022383,0.00017831,5.226e-05,0.00015638,4.3053e-05,0.00010809,0.00017496,0.00016637,0.00011889,0.00018401,9.4915e-05,5.3241e-05,0.00014729,0.00013014,0.00019644,8.9092e-06,9.7684e-05,6.9499e-05,0.00021773,0.00011132,0.00013766,9.8236e-05,7.6429e-06,9.6274e-05,0.00012579,6.4588e-05,9.6319e-05,0.00014737,0.00010431,0.00019585,5.8858e-05,6.985e-05,4.8609e-05,0.00010648,0.00012295,-2.276e-05,0.00018927,3.7095e-05,5.9983e-05,0.00010238,0.00023548,0.00013417,0.00016058,0.00015214,2.7932e-05,0.00010575,0.0001042,8.3251e-05,0.00010966,3.4822e-05,0.00022188,9.601e-05,0.0002208,4.244e-05,0.00012958,0.00012869,0.00012121,9.7789e-05,8.1589e-05,-2.6466e-06,6.4677e-05,0.00011634,0.00017133,9.6188e-05,-0.00016305,-6.4309e-05,5.2376e-05,0.00014277,9.4686e-05,0.00017914,0.00018645,0.00017921,0.00017016,0.00010619,0.00011162,0.0001141,4.2109e-05,0.00031184,5.3165e-05,0.00012178,0.0001609,0.00011774,0.00021011,0.00021202,0.0002915,0.00012498,3.4239e-05,8.4566e-05,0.0001051,9.3926e-05,9.727e-05,0.00011173,0.00017854,0.00011253,7.4347e-06,0.0003167,0.0001188,0.00028487,6.1408e-05,3.6697e-05,0.00012554,0.00018605,1.8353e-05,0.00011152,9.6611e-05,7.0497e-05,0.0001273,0.00010403,0.00011401,0.00016458,0.00016248,0.00021116,0.00019179,0.0001241,7.9002e-05,0.00011401,0.00012889,0.00012164,0.00010539
4.8152e-05,0.00017241,0.00010062,9.5801e-05,0.00015316,0.00026166,6.1561e-05,4.3953e-05,0.00013238,0.00012334,0.00030613,0.0001862,0.00012797,0.00014357,0.00018545,6.3458e-05,0.00011397,0.00019718,9.4696e-05,0.00018454,0.00025572,0.00011955,0.00039687,7.4198e-05,0.00022879,0.00011862,0.00014493,8.08e-05,0.00015726,0.00010246,0,0.000118,-2.2542e-05,6.8807e-05,0.0001429,0.00012253,-3.2984e-05,0.00015175,0.00024234,0.00012995,0.00012027,0.00015912,3.0617e-05,0.0001286,7.9264e-05,0.00014356,9.8832e-05,-7.6844e-05,7.5367e-05,0.00014052,0.00010936,0.00026065,0.00012085,0.00014838,8.3652e-05,5.9141e-05,7.7282e-05,0,4.4431e-05,0.00015001,8.1698e-05,-0.00016733,5.8778e-05,0.00017098,0.00017428,0.00014487,9.8992e-05,0.00015006,0.00016086,5.2793e-05,0.00015043,0.00014083,5.4872e-05,0.0001961,8.4029e-05,0.00015292,0.00022436,0.00017703,5.3033e-05,4.0984e-05,0.00013725,0.00025621,0.00020259,2.6622e-05,0.0001229,3.5382e-05,0.00014783,0.00013974,0.00017243,0.00020706,0.00028535,6.895e-05,4.2096e-05,0.00022716,6.3554e-05,0.00021736,2.6123e-05,0.00010703,9.5437e-05,0.00023929,0.00018318,0.00017508,0.00014127,8.5638e-05,0.00021386,0.00023718,9.2469e-05,0.00021688,0.00019643,8.1199e-05,0.00016962,2.8341e-05,0.00012165,4.8647e-05,9.5192e-05,0.00011312,4.0844e-05,0.00021936,8.1349e-05,9.9577e-05,0.00013463,0.0001756,0.00020063,0.0002194,0.00016458,4.273e-05,0.00012359,0.00012486,8.6451e-07,0.00021877,6.5814e-05,0.00017789,5.5534e-05,0.00020546,0.00011504,0.00018326,0.00025183,0.00010644,0.00010365,0.00011243,4.4184e-05,4.0581e-05,0.00011008,0.00018358,4.3487e-05,-0.00015681,-0.00012063,7.935e-05,0.00017446,0.00015723,0.00017508,0.00017344,0.00013178,0.0002036,0.00018219,0.00015423,0.00010236,2.646e-05,0.00045645,8.3771e-05,0.00019916,0.00019076,0.00011009,9.2417e-05,0.00025787,0.00028567,0.00012023,3.4178e-05,0.00013265,0.00012613,0.00026007,8.7652e-05,0.00011919,0.0001383,0.00010307,0.00013145,0.00031311,0.00013334,0.00036044,0.00010495,2.7937e-05,0.0002256,0.00018909,-1.3547e-05,0.00018413,4.3826e-05,0.00012603,0.00012938,0.00015969,3.4618e-05,0.00011836,0.00020922,0.0001632,0.00024527,0.00018835,6.2693e-05,0.00015371,0.0001558,0.00017592,0.00013299
2.6721e-05,0.00021847,5.0059e-05,0.00010583,0.00018247,0.00027187,-3.1475e-05,8.8266e-05,0.00012285,0.00020406,0.0001862,0.00038609,4.6083e-05,0.00010493,0.00011458,7.4426e-05,0.00025717,0.00024162,0.00014125,0.00021467,0.00027099,0.00024145,0.00040707,0.00010622,0.00019561,0.00021452,0.00014412,0.00020799,0.00018954,6.7846e-05,0,0.0001825,5.1976e-05,8.5391e-05,0.00010215,0.00011713,3.9219e-05,0.00015158,0.00027599,0.00016202,0.00015083,9.7831e-05,6.0581e-05,7.0323e-05,0.00011512,0.00023164,0.00013771,1.2801e-05,6.4433e-05,0.00022919,0.00027759,0.0002391,8.0092e-05,0.00016494,5.8226e-05,0.00010904,0.00019398,0,8.4834e-05,0.00015798,0.00022142,-0.00010163,4.626e-05,0.00014956,0.0002963,0.00015574,0.00019637,0.00018147,0.00024799,5.5757e-05,0.00010789,0.00014705,7.0659e-05,0.0003126,0.00014194,0.00023618,0.00028937,7.8847e-05,5.9524e-05,4.9898e-05,0.00019224,0.0002773,0.00018686,2.1441e-05,0.00018719,2.9566e-05,0.00012614,0.00023835,0.00015731,0.0002172,0.00017742,7.118e-05,6.2555e-05,0.0002177,0.00010628,0.0002068,-7.6996e-06,0.00011004,6.5665e-05,0.00028737,0.00022115,0.00015659,0.00013406,-1.3373e-05,0.0001686,0.00027706,0.00010034,0.00012742,0.00014286,0.00010645,0.00028481,7.8862e-05,0.00014017,6.3863e-05,0.00015164,0.00019498,1.9468e-05,0.00024832,8.3239e-05,7.5313e-05,0.00013144,0.00035443,0.00019027,0.00031844,0.00021149,6.0137e-05,7.5358e-05,0.0001179,8.4787e-05,8.7086e-05,0.00010548,0.00028159,9.5767e-05,0.000112,4.7135e-05,0.00012964,0.00022119,0.00023031,0.00010896,0.00013096,-4.1592e-05,3.9702e-05,0.00021543,0.00021845,0.00013744,-0.00029133,-9.2704e-05,5.7976e-05,0.00017882,0.00015656,0.00019677,0.00018617,0.00029875,0.00022474,0.0001957,0.00013488,0.00012556,6.9925e-05,-2.5124e-05,2.6724e-06,0.00017632,0.00025568,0.0001203,0.00029408,0.00020999,0.00034878,0.00018619,7.3536e-05,0.00014187,0.00012046,0.00014724,0.00016116,8.8163e-05,0.00019448,0.0001511,1.9664e-05,0.00043697,0.0001378,0.00043473,7.6882e-05,-5.0268e-06,0.00023286,0.000218,5.2333e-06,0.00018443,0.00013713,7.9995e-05,0.00014515,9.7556e-05,9.6168e-05,0.00015977,0.00017126,0.00026463,0.00026148,0.00022331,0.00010557,0.0001491,0.00014272,0.000202,0.00018243
8.1853e-05,0.00011279,0.00014421,8.2176e-05,0.00012999,0.00013129,5.6835e-05,3.3966e-05,4.1432e-05,6.3114e-05,0.00012797,4.6083e-05,0.00021243,0.00014441,0.00012639,-1.2272e-05,-9.3433e-05,0.00015607,1.7221e-05,0.00010617,0.00016525,8.1112e-05,0.00029693,3.8075e-05,0.00014766,6.967e-05,5.5567e-05,7.4232e-05,9.5081e-05,5.4826e-05,0,9.1875e-05,2.5986e-05,5.0157e-05,0.00010947,0.00010694,9.5259e-05,4.9209e-05,2.2194e-05,0.0001099,8.7363e-05,8.1786e-05,-1.4994e-06,0.00012008,8.9908e-05,9.2804e-05,9.3469e-05,-3.3607e-05,0.00010561,0.00016621,0.00012423,7.8571e-05,9.2926e-05,2.7483e-05,0.00017652,-1.8276e-05,7.9387e-06,0,8.403e-05,0.00016131,0.00011538,-6.1686e-05,3.5123e-05,0.00012751,0.00013646,0.00011506,3.0743e-05,0.00013227,1.609e-05,9.269e-05,8.5653e-05,8.2998e-05,1.125e-05,3.2326e-05,0.00011403,0.00015082,5.4655e-05,0.00011565,9.3039e-05,5.0434e-06,0.00015433,0.00021354,0.00014015,1.3436e-05,0.00012092,6.4331e-05,0.00012734,5.9084e-05,0.00011198,0.00018025,4.4094e-05,7.3371e-05,7.3242e-05,0.00014318,8.6786e-05,0.00013657,1.967e-05,5.506e-05,5.7423e-05,0.00012378,5.3186e-05,8.2891e-05,5.406e-05,0.00010355,9.6966e-05,8.1445e-05,8.6312e-05,8.5511e-05,0.00010917,6.1998e-05,0.0001929,8.0158e-05,5.0853e-05,0.00011478,8.0244e-05,7.5136e-05,2.0075e-05,0.00016001,-2.0869e-05,7.3597e-05,0.0001096,6.4085e-05,0.00011328,4.8076e-05,5.7681e-05,3.9944e-05,8.0716e-05,0.00010629,6.9409e-05,9.4907e-05,6.4817e-05,0.00012005,5.1148e-05,0.00026166,3.2204e-05,0.00015471,9.7624e-05,0.00011833,0.00011131,7.9791e-05,5.865e-05,3.6623e-05,-1.5006e-05,0.00016137,8.8932e-05,0.0001331,-3.8145e-06,5.643e-05,0.00014763,7.4172e-05,0.00016834,0.00010581,5.7689e-05,0.00010031,8.5541e-05,0.00010076,5.2319e-05,5.1886e-05,0.00044092,8.084e-05,0.00011137,0.00011441,7.0438e-05,0.00013196,0.00016863,0.00015205,9.5607e-05,5.3981e-05,6.8327e-05,7.28e-05,0.00012502,3.4922e-05,0.00012377,0.00010652,0.00013545,6.3537e-05,0.00012211,2.211e-05,5.515e-05,0.00015485,-1.0928e-05,0.00014597,0.00013692,1.8592e-05,0.00021773,0.00010187,6.7287e-05,5.6253e-05,0.00011801,5.7489e-05,9.0829e-05,0.00011108,0.00013986,0.00010925,0.00016254,8.504e-05,2.4129e-05,0.0001126,0.00015021,6.7802e-05
3.8714e-05,0.00014524,9.9652e-05,8.4742e-05,0.00013114,0.00015197,3.4546e-05,0.00010789,4.9703e-05,7.2852e-05,0.00014357,0.00010493,0.00014441,0.00015954,0.00012821,2.8514e-05,3.2988e-05,0.0001483,6.605e-05,0.00015146,0.00017505,0.0001035,0.00030509,6.4703e-05,0.00015567,0.00014174,5.7346e-05,0.00010162,0.00011705,5.8716e-05,0,8.2165e-05,3.8486e-05,6.4366e-05,9.0082e-05,9.9582e-05,5.4067e-05,8.7038e-05,7.4538e-05,0.00013833,0.00011256,8.8913e-05,4.0483e-05,9.3566e-05,8.7724e-05,0.00010255,9.3656e-05,-3.486e-05,0.00010706,0.00016742,0.00014941,0.00017907,6.6609e-05,0.0001018,0.00013404,1.6012e-05,7.1958e-05,0,8.6584e-05,0.0002217,0.00010595,-5.1275e-05,5.0853e-05,0.00013347,0.00015976,0.00013907,5.8607e-05,0.00015008,8.4811e-05,0.00011014,0.00010383,0.00011354,1.8474e-05,0.00011915,0.00012391,0.00016508,0.00011429,0.00011598,6.4184e-05,-9.9315e-06,0.00015069,0.00029405,0.00015647,2.8806e-05,0.0001106,8.042e-05,0.00014506,9.813e-05,0.00012893,0.00016614,3.9652e-05,7.6336e-05,9.9584e-05,0.00018301,6.3866e-05,0.00015126,3.3238e-06,7.0335e-05,6.9905e-05,0.00017308,0.00013335,4.6778e-05,7.9541e-05,3.3119e-05,0.00014078,0.00012534,9.1881e-05,9.8623e-05,0.00011556,7.9383e-05,0.00018678,6.0273e-05,5.7723e-05,7.1794e-05,0.00012748,0.00012304,5.5429e-05,0.00019413,2.2252e-05,7.1787e-05,0.00011945,0.0001328,0.00014597,0.00013153,9.462e-05,2.8786e-05,6.3694e-05,0.00010916,6.4643e-05,0.00012143,0.0001071,0.00011673,7.0366e-05,0.00024237,7.7627e-05,0.0001438,0.00012791,0.00010094,0.00011,9.4793e-05,3.1384e-05,2.602e-05,3.5432e-05,0.00016685,9.0467e-05,4.4118e-05,-6.8767e-05,3.993e-05,0.00015148,9.1574e-05,0.00019912,0.00013052,0.0001176,0.00015084,0.0001371,9.5345e-05,0.00010311,4.3969e-05,0.00033612,6.6913e-05,0.00013618,0.00013231,9.0716e-05,0.00016498,0.00016992,0.00017927,0.0001141,6.1605e-05,0.00010055,7.7842e-05,0.00014128,8.0389e-05,0.00011558,0.00010891,0.00015245,6.4635e-05,0.00019729,7.526e-05,0.00013579,0.00014423,-3.3739e-06,0.00020486,0.00014659,-1.8913e-05,0.00019393,0.00011228,8.6088e-05,7.4124e-05,0.00012817,6.5966e-05,0.00010227,0.00012677,0.00017501,0.00019559,0.00016809,0.00010055,5.6321e-05,0.00011756,0.00015504,0.00011138
0.00015251,0.00024599,6.3563e-05,9.4624e-05,0.00014316,0.00016048,6.3816e-05,-4.1835e-05,0.00017956,0.00015031,0.00018545,0.00011458,0.00012639,0.00012821,0.00034774,7.555e-05,6.415e-05,0.00017521,0.00010268,0.00013087,0.00033562,0.00010695,0.00044525,0.00011255,0.0002487,0.0001331,0.00013686,9.377e-05,0.00015665,0.00010249,0,9.4019e-05,1.3844e-05,9.3775e-05,0.00019198,0.00013405,0.00014827,0.0001305,0.00022637,0.00012081,9.6995e-05,0.00011932,7.0675e-05,0.00014468,0.00010127,0.00011903,0.00011654,-6.5669e-05,0.0001541,0.0001492,0.0001556,0.00025204,0.00011285,0.00021153,8.4712e-05,7.0392e-05,1.7557e-05,0,8.6839e-05,0.00015476,0.00010964,-5.0825e-05,9.4574e-05,0.00012417,0.00012456,0.00018617,7.3442e-05,0.00014432,0.00013722,7.3155e-05,0.00013825,0.00028853,8.19e-05,0.00017042,0.00010108,0.00013964,0.00025158,0.00013923,6.8502e-05,7.0554e-05,0.0001574,0.00027891,0.00020891,-5.3109e-05,0.00018182,3.2504e-05,0.00023558,9.3557e-05,0.00015054,0.00017417,0.00012934,0.00011016,0.00013362,0.00015138,8.3525e-05,0.00013319,3.3343e-05,7.8599e-05,0.00020915,0.00026091,0.00010927,0.00015525,9.7722e-05,0.00010133,0.00022455,0.00021045,0.00011498,0.00016881,0.00019758,0.00016294,0.00026298,4.3485e-05,0.00015781,0.00011589,0.00012754,0.0001096,2.6339e-05,0.0002248,7.9658e-05,8.4355e-05,6.5674e-05,0.00016844,0.00021534,9.7789e-05,0.00015944,0.00010523,0.00010951,0.00012065,6.4547e-05,0.00017642,0.0001446,0.00019394,7.3096e-05,0.00034286,6.7227e-05,0.00030098,0.0001898,8.4645e-05,0.00012428,0.00011437,9.0059e-05,0.00010446,5.785e-05,0.00020081,0.00013555,-0.00010219,-4.3646e-05,0.00010262,0.00012197,0.00010368,0.00018071,0.00020753,0.0001786,0.00020038,0.00013618,0.00011926,3.3757e-05,4.4654e-05,0.00064484,0.00011506,0.00017032,9.6431e-05,0.00011886,0.00014081,0.00028861,0.00025445,0.00010665,3.5249e-05,0.00010422,0.00018375,0.00017314,7.7014e-05,0.00016319,0.00012768,3.7178e-05,6.1995e-05,0.00029887,0.00014428,0.0003372,4.1242e-05,0.00019543,0.00025188,0.00017868,0.00020155,0.00014678,6.8108e-05,0.0001267,9.7849e-05,0.000134,7.4988e-05,0.00028726,0.00023623,0.00021223,0.00023054,0.00020439,6.4159e-05,0.00017345,0.0001647,0.00015126,7.2908e-05
6.9427e-05,7.2623e-05,-3.2031e-05,1.8332e-05,5.8076e-05,8.9202e-05,-4.2868e-05,3.9074e-05,4.4195e-05,7.8757e-05,6.3458e-05,7.4426e-05,-1.2272e-05,2.8514e-05,7.555e-05,9.4597e-05,3.6395e-05,4.7281e-05,5.647e-05,8.9027e-05,6.719e-05,4.848e-05,0.00013437,0.00011062,0.00010394,9.6898e-05,5.3477e-05,3.8516e-05,7.9767e-05,1.2875e-05,0,3.3766e-05,6.7536e-06,3.3574e-05,6.2375e-05,5.4785e-05,1.1327e-05,6.116e-05,0.0001287,4.1544e-05,2.7325e-05,3.9796e-05,4.7346e-05,-1.3708e-05,1.5125e-05,5.0072e-05,3.5844e-05,-4.9666e-06,4.2604e-05,4.6163e-05,7.044e-05,0.00013035,4.4223e-05,6.7206e-05,-6.9624e-05,4.9565e-05,9.6798e-05,0,3.062e-05,4.5564e-05,2.7176e-05,5.6585e-05,4.0221e-05,7.4698e-05,8.1092e-05,9.4312e-05,8.0595e-05,4.1506e-05,7.7482e-05,1.3357e-05,3.324e-05,8.926e-05,4.3862e-05,0.0001276,2.9881e-05,5.8631e-05,0.00011631,4.8699e-05,-3.9188e-05,6.3623e-06,4.4758e-05,0.00011506,7.1913e-05,1.0816e-05,4.7937e-05,-1.1354e-06,3.5886e-05,0.00012051,0.0001084,8.0352e-05,7.6695e-05,3.1985e-05,5.125e-05,9.4944e-05,7.2194e-05,3.7722e-05,4.6099e-06,4.62e-05,5.8494e-05,0.00011479,6.9507e-05,5.2978e-05,3.6461e-05,-3.0316e-05,7.6108e-05,7.0145e-05,2.3982e-05,6.9186e-05,7.5027e-05,3.8326e-05,0.00010785,3.8893e-06,5.3817e-05,-6.8301e-06,8.8543e-05,7.3158e-05,4.4909e-05,0.00010791,8.7183e-05,3.1118e-05,6.3039e-05,0.00012818,8.0436e-05,0.00014225,3.0077e-05,3.4922e-05,3.1813e-05,5.6916e-05,7.6493e-05,8.7227e-05,4.1903e-05,2.4153e-05,3.8104e-05,0.0001123,4.1211e-05,5.0717e-05,9.2734e-05,1.1561e-05,3.8669e-05,4.4832e-05,4.855e-06,9.6331e-05,6.062e-05,7.8656e-05,3.3323e-05,-7.7371e-05,3.2796e-05,1.6221e-05,1.7958e-05,5.4374e-05,8.0959e-05,0.00011627,0.00013659,8.3571e-05,4.2813e-05,4.4378e-05,8.7116e-05,-4.3574e-06,0.00016215,3.1302e-05,7.5353e-05,7.2964e-05,6.4048e-05,8.6154e-05,7.2725e-05,0.00014012,2.7765e-05,5.705e-06,6.3503e-05,4.6801e-05,4.6266e-05,4.1182e-05,7.2355e-05,6.8965e-05,1.0565e-05,-1.55e-06,0.00015515,5.2099e-05,0.00018147,2.9548e-05,6.4652e-05,0.00011153,4.118e-05,1.1228e-06,1.8034e-05,3.1792e-05,6.0486e-05,7.337e-05,7.9628e-05,6.9015e-05,0.00012308,8.5393e-05,0.00010576,0.00015782,6.8975e-05,2.0799e-05,6.6939e-05,5.4903e-05,5.5638e-05,2.8918e-05
9.0697e-05,0.0001157,-0.00012791,6.2605e-05,9.6393e-05,0.00023341,0.00010747,-0.00017225,0.00014276,1.4375e-05,0.00011397,0.00025717,-9.3433e-05,3.2988e-05,6.415e-05,3.6395e-05,0.0016614,0.0001321,3.1128e-05,0.00021398,6.5918e-05,0.00018465,0.00034942,0.00010188,0.0001682,3.7389e-05,0.00013936,8.7966e-05,4.6867e-05,0.00016425,0,0.00014702,0.00017215,0.00014523,-8.1331e-05,-0.00015244,0.0001242,4.3924e-05,0.00031666,0.0002091,-9.0212e-05,-0.00010254,3.6755e-05,1.4992e-05,5.5904e-05,6.7847e-05,1.1071e-05,-4.6169e-05,-4.084e-05,0.00015574,-9.1726e-05,-4.1867e-05,-0.00011147,-3.1005e-05,-3.7798e-05,4.24e-05,0.00020551,0,0.00011013,0.0003282,8.3962e-05,5.9978e-05,-4.1501e-05,-5.1023e-05,0.00030111,9.3375e-05,-1.6774e-05,1.6445e-05,0.00026454,5.4323e-05,4.9332e-05,2.4249e-05,-7.8718e-05,6.6234e-05,2.4681e-05,0.00020634,-1.4899e-05,0.00018748,-1.9958e-05,1.6949e-05,-9.9271e-05,0.00023485,-6.2533e-05,-0.00011303,0.0001036,-0.0001145,3.9796e-05,5.6941e-05,0.00012188,0.00010378,6.537e-05,6.5887e-06,1.3845e-05,5.1891e-06,-5.262e-05,4.9513e-05,-1.7472e-05,0.00011048,7.2422e-05,0.00014785,0.00020763,-6.2271e-05,0.00018392,-0.00011627,-6.1719e-06,0.0002473,8.4074e-05,6.3583e-05,8.9642e-05,2.2092e-06,0.00019624,-0.0003107,5.5045e-05,3.8375e-05,4.9461e-05,0.00026216,-4.6566e-06,0.00017823,0.00015144,-3.5818e-05,5.2553e-05,0.00025832,0.00013659,8.0905e-07,8.3128e-05,7.7123e-05,7.3315e-05,-2.3097e-05,-0.00027941,1.7012e-05,0.0001335,-3.3408e-05,0.00019476,-0.0002345,-5.6907e-05,6.7243e-05,8.5434e-05,9.4034e-05,-8.3898e-05,1.177e-06,2.6689e-05,8.3062e-05,0.00018879,5.4996e-06,-1.0866e-05,-0.00036218,-9.1813e-05,-3.1889e-05,1.7704e-05,0.00012478,0.00021483,9.8361e-06,0.00030234,0.00013058,0.00010771,0.00011898,9.454e-05,-2.3746e-06,-0.00069903,-9.5054e-05,6.2779e-05,5.8741e-05,-3.3441e-05,0.0001371,-2.9956e-05,-7.2975e-05,0.00012766,8.9882e-05,-7.6551e-06,0.00016058,7.9435e-05,0.00020938,-1.4289e-05,3.5017e-06,2.9932e-05,7.6813e-06,0.00025342,-2.8377e-05,0.00016862,-0.00011918,5.1018e-05,0.00027376,5.992e-05,-8.4781e-05,5.1479e-05,2.217e-05,3.27e-05,9.9918e-05,-6.0327e-05,9.5446e-06,-5.1206e-05,-1.845e-06,6.1216e-05,0.00012895,4.1026e-05,-3.2968e-05,0.00014023,0.00011177,3.2449e-05,8.6507e-05
5.7903e-05,0.00020573,0.00010922,0.00012464,0.00020061,0.00018836,7.9013e-06,4.5045e-05,0.00010014,0.00018554,0.00019718,0.00024162,0.00015607,0.0001483,0.00017521,4.7281e-05,0.0001321,0.00032985,8.9552e-05,0.00015979,0.0002627,0.00022978,0.00046195,6.5528e-05,0.00020767,0.00016236,0.00013172,0.00019334,0.00013717,4.2615e-05,0,0.0002469,8.5831e-05,8.5081e-05,0.00013578,0.00010665,2.183e-05,8.6878e-05,0.00016994,0.00017324,0.00011312,7.7774e-05,2.8554e-05,0.00012103,0.00011047,0.00019211,0.00014175,-1.7171e-05,0.00011659,0.00022153,0.00018694,0.00013446,0.00015348,0.00012557,0.00015214,9.2197e-05,3.7401e-05,0,8.4857e-05,0.00026533,0.00021401,-0.0001406,1.2452e-05,0.00013524,0.00027308,0.00015641,0.00017224,0.00020736,0.00014615,8.496e-05,9.4454e-05,9.5643e-05,3.5396e-06,0.00019022,0.00014467,0.00020343,0.00016193,0.00012385,7.7151e-05,3.0354e-05,0.00024421,0.00038221,0.00021818,-7.0552e-05,0.00019919,6.7536e-05,0.00022969,0.0001506,0.000178,0.00021095,0.00017588,9.4544e-05,6.2491e-05,0.00021663,0.00013144,0.00024588,8.0864e-06,0.00011956,6.083e-05,0.00025625,0.00015783,8.9113e-05,0.00011683,4.7382e-05,0.00011919,0.00020537,0.00012001,0.00014553,0.00015712,8.2234e-05,0.00029494,9.1004e-05,0.00010685,0.00012882,0.00012791,0.0001973,5.3342e-05,0.00021884,7.3724e-05,8.6488e-05,0.00016315,0.00029479,0.00013602,0.0001341,0.00017751,1.6496e-05,0.00012511,0.00014497,3.53e-05,0.00012047,8.4908e-05,0.00023134,0.00013491,0.00022701,4.0194e-05,0.00019178,0.00015027,0.00023131,0.00012942,0.00013578,1.3938e-05,1.4463e-05,0.00010239,0.00021676,0.00011477,-0.00010197,-0.00011955,6.4381e-05,0.00024465,0.00015203,0.00029095,0.00020042,0.00020374,0.00020097,0.00012109,0.00013595,0.00014847,7.9733e-05,0.000207,6.4148e-05,0.00015701,0.000209,0.00010288,0.00025189,0.00022204,0.00032216,0.00016062,6.3186e-05,0.00010137,0.00012093,0.00017877,0.0001466,0.00012612,0.00018745,0.00018095,8.4954e-05,0.00035422,0.0001035,0.00021666,0.00012829,8.7601e-06,0.00015819,0.00028948,1.3276e-05,0.00031402,0.00013732,8.0437e-05,0.00015088,0.00014297,7.8107e-05,0.00012329,0.00019759,0.00023693,0.00019255,0.00015524,0.00011678,0.00014543,0.00016476,0.00019087,0.00015243
