0.00063187,0.00013515,0.00022725,0.00027926,0.00029437,0.00041917,3.3801e-05,0.00015187,2.8914e-05,0.00015898,0.00028424,0.00027776,0.0001261,0.00022253,0.0002081,0.00019088,0.00022106,0.00010132,0.00013569,0.00034892,0.00019693,0.00013929,0.00019947,0.00054925,0.00023712,0.00010741,0.00010525,0.00014968,0.00038129,8.5647e-05,0,5.3487e-05,0.00022618,0.00013947,0.0001023,0.00022746,0.00029851,0.00017983,0.00028379,0.00012796,5.6559e-05,0.0001849,0.00015024,8.2151e-05,0.00012198,0.00014471,0.00011391,-3.5431e-05,0.00021876,0.00015449,0.00018589,0.00021293,0.00014107,0.00017482,0.00022809,-2.42e-06,0.00045212,1.5357e-05,0.00019283,9.2872e-05,0.00013591,0.00035567,8.3559e-05,3.4689e-05,0.0002078,0.00043004,0.00012708,2.2406e-05,0.00013769,0.00014524,0.00018438,9.9574e-05,-8.8001e-06,0.0004122,0.00015367,4.1141e-05,0.00019071,0.00016299,5.5423e-05,4.4831e-05,1.9441e-05,9.2207e-05,0.00022658,7.8786e-05,0.00027392,0.00011804,0.0001895,0.00019432,5.0488e-05,7.2082e-05,4.7039e-05,5.8124e-05,0.00025603,8.5329e-05,0.00015975,-3.0113e-05,4.2654e-05,0.00016372,0.00012836,0.00022289,9.4237e-05,0.00015905,7.2235e-05,1.5151e-05,9.7988e-05,6.8784e-05,0.000149,0.00011566,0.00015264,9.8377e-05,-5.9008e-05,0.00028057,-2.327e-05,2.7537e-05,0.00020959,9.1884e-05,9.5517e-05,0.0002772,0.0002532,0.00013471,0.00010559,4.3892e-05,0.00025,0.00051236,0.00011136,6.0382e-05,0.00020834,3.2575e-05,3.8777e-06,0.00016236,0.00016901,6.4643e-05,8.7688e-05,0.00016533,5.0884e-05,0.00015202,0.00037914,6.7394e-05,6.6835e-05,0.00013391,0.00024855,0.00054797,8.5915e-05,0.00034077,0.00014949,0.00023018,0.00031765,0.00023052,6.5112e-05,4.9977e-05,-1.8758e-05,0.00014083,0.00015436,0.00022537,0.00015914,0.00010814,0.00026966,8.895e-05,8.5981e-05,0.0001069,0.00021691,0.00011037,0.0002243,-3.5697e-05,0.00017403,0.00013917,0.00021316,-0.00015813,9.7423e-05,0.00025541,0.00016932,0.00017087,0.00013043,0.00016895,-0.00016766,0.00014356,-0.00010408,0.00015465,0.00070378,7.3061e-05,0.00033461,0.0004212,0.00011288,0.00085188,9.4888e-05,0.00012944,0.00012887,9.515e-05,4.0724e-05,6.7097e-05,0.00056234,0.00017572,0.00016141,0.00035419,0.00023837,4.3671e-05,7.6997e-05,0.00011651,0.0001686,6.9516e-05
0.00013515,0.00026244,0.0001523,0.00022767,9.7353e-05,9.5678e-05,4.419e-05,0.00020307,7.2471e-05,0.00023316,0.00023873,1.8946e-05,0.00018042,0.00016419,0.00021603,0.00019774,0.00030606,0.00019115,0.00018767,9.8945e-05,-1.1853e-06,0.00013498,0.00012156,0.00010549,0.00019105,0.00015529,0.00013322,0.0001359,8.8989e-05,0.00010097,0,0.00015208,0.00012928,0.00016522,0.00011601,0.00019016,-8.0019e-05,0.00016028,8.4544e-05,0.00011075,0.00013401,0.00015698,0.00016884,0.0001264,0.00011783,0.00012617,0.00011763,0.00015851,0.00020073,4.839e-05,1.3621e-05,0.00012693,0.00012014,0.00011042,0.00018454,0.00012201,0.00011215,-1.6487e-05,9.6153e-05,0.00027077,0.00024097,7.6828e-05,0.00011091,0.00013795,0.00021538,7.5296e-05,0.00017725,9.5956e-05,0.00014201,0.0001465,0.00015059,0.00014911,0.00012963,0.00024875,0.00012826,6.9087e-05,0.0001061,0.0001617,3.725e-05,0.00012039,0.00020534,0.00026921,7.8413e-05,8.7435e-05,0.00011451,0.0001307,0.00018908,0.0001831,0.00013092,8.4649e-05,0.0001108,9.6304e-05,0.00018811,0.00012426,0.00014536,0.00018385,3.2963e-05,0.00012722,0.00015547,0.00013132,0.00010079,0.00022102,9.9723e-05,6.2498e-05,0.00014372,0.00019632,0.00012097,0.00015619,0.00015118,4.265e-05,0.0001511,6.2937e-05,7.869e-05,0.00017653,0.00024408,0.00014592,0.00013539,0.00025541,0.00012524,0.00010797,7.9226e-05,5.2929e-05,0.00018743,0.00039241,0.00016893,9.1457e-05,0.00014124,8.6701e-05,-0.00011648,0.00017121,0.00015417,0.00011554,0.00014668,0.00013005,0.00013464,0.0002364,7.0597e-05,0.00012365,0.00016035,0.00011204,0.00013091,0.00010776,0.00014261,0.00010587,0.00027634,0.00019488,4.8178e-05,0.00014395,0.00011341,0.00011001,0.00015067,0.00020781,4.2631e-05,0.00021181,0.00018774,0.00010455,0.00030341,9.5442e-05,0.00011246,0.0001506,0.00023141,0.00015944,0.00014128,7.9926e-05,9.584e-05,0.00018018,0.0001446,0.00012289,0.00012946,0.00012572,0.00021789,0.00011741,9.2197e-05,9.5781e-05,3.6304e-05,0.00012196,0.00019522,0.00019448,-1.6713e-05,0.00017516,0.00026279,4.5986e-05,0.00020206,-0.00021468,0.00011356,6.1095e-05,0.00014976,0.00011783,3.3204e-05,5.3778e-05,5.5386e-05,0.00019894,0.00014122,0.00010628,-3.1356e-05,8.6242e-05,0.00017886,0.00015381,0.00017912,0.00018617
0.00022725,0.0001523,0.0003349,0.00025064,0.00021367,0.00025363,-3.4436e-05,0.00025404,0.00012238,0.00022038,0.00022911,2.6421e-05,0.00016651,0.00021513,0.00022924,0.00019597,0.0001503,0.00016203,0.00021973,0.0002185,0.00016968,2.0613e-05,0.0002005,0.00016947,0.00023264,0.00011304,0.00011626,0.00010121,0.00020027,0.00010229,0,8.0192e-05,1.7917e-05,0.00012417,0.00014898,0.00012381,-6.5e-05,0.00020287,0.0001675,0.00017954,0.0001132,0.00025447,0.00014296,0.00012505,0.00012737,0.00015739,0.00016264,7.8839e-05,9.179e-05,0.0001196,7.4898e-05,0.00013545,0.00014921,0.00018973,0.00013234,4.446e-05,5.553e-05,8.8539e-06,0.00022349,0.00026537,0.00026704,3.4454e-06,0.00011227,0.00011851,0.0002521,0.0001054,0.00015382,0.00012877,0.0001271,0.00012801,0.00018195,0.00019119,0.00017094,0.00028463,0.00013727,5.2351e-05,0.00013086,0.00014156,1.9739e-05,7.0734e-05,0.00013447,0.00026416,0.00015192,0.0001135,0.00014921,8.8138e-05,0.00021167,0.00017882,0.00013186,0.00010382,-2.9257e-05,0.00013416,0.00029961,0.00017823,3.7357e-05,0.00011732,-1.792e-05,7.9285e-05,0.00011684,0.00019308,7.3646e-05,0.00014249,0.00017372,3.9068e-05,0.00011244,0.00014166,0.00012994,0.00017459,0.00014433,-1.2224e-05,6.8069e-05,0.00012567,3.9563e-05,0.00017416,0.0001916,5.9894e-05,9.9209e-05,0.00022913,0.00015891,0.00014009,0.00017819,7.3904e-05,0.00028482,0.00037607,0.00016054,6.6991e-05,0.00019487,5.592e-05,2.4789e-05,0.0001726,0.00017957,0.00011839,0.00012721,0.00021694,0.00010372,0.00023698,0.00013216,5.3252e-05,0.00013836,0.00010537,8.5532e-05,0.00020749,5.4131e-05,0.00021245,0.00026516,0.00018102,1.0696e-05,0.00021252,0.00010573,8.7339e-05,0.00012973,0.00020065,0.0001034,0.00022946,0.00015994,9.8725e-05,0.00014918,6.5568e-05,0.00018776,0.00011776,0.00022693,0.00015524,0.0002366,3.2266e-05,0.00020436,0.00017338,0.0001648,0.00019868,0.00014653,0.00017192,0.00019424,0.00014595,0.00012278,0.00017077,2.0929e-05,1.8073e-05,0.00031017,8.6719e-05,0.00017993,0.00013656,0.00024917,0.00014792,0.00016392,-0.00030395,0.00017892,0.00010351,0.00015009,9.0363e-05,1.5051e-05,6.1186e-05,0.00011408,0.00022934,8.324e-05,0.00010313,0.00013115,3.3805e-05,0.00015103,0.00018737,0.00016662,0.00014635
0.00027926,0.00022767,0.00025064,0.00044792,0.00028786,0.00024859,0.00021801,0.00026509,0.00022375,0.00024019,0.00022395,-5.3574e-06,0.00017434,0.00024129,0.00025309,0.00021302,0.00034817,0.00022866,0.00031676,0.0002582,0.00025583,5.9853e-05,0.00021834,0.0002114,0.0002563,0.00015441,0.00020022,0.00014939,0.00024078,0.00016719,0,0.00018038,0.00018635,0.00018272,0.00011318,0.00019313,-5.0387e-05,0.0001784,0.00017409,0.00010118,0.00018242,0.00020951,0.00017971,0.00013279,0.00015512,7.8512e-05,0.00018242,0.00018163,0.00016088,5.6536e-05,7.6643e-05,0.00017395,0.00012316,0.0001918,0.00019349,9.0884e-05,0.00035483,2.0685e-05,0.00020608,0.00022247,0.00015435,0.00012486,9.9003e-05,0.00014795,0.00029648,0.0001847,0.00014646,8.6321e-05,0.00020793,0.00015716,0.00021545,0.00021168,0.00015118,0.00028858,0.00015243,6.0504e-05,0.00015118,0.00014809,2.069e-05,9.648e-05,0.00020375,0.0002795,0.00013916,0.00012319,0.00018003,8.067e-05,0.00022089,0.00025599,0.00015138,9.0121e-05,-2.9205e-05,0.00017997,0.00027055,0.00018041,6.8171e-05,0.00013906,-6.4199e-07,0.00015014,0.00018239,0.00023048,6.8973e-05,0.0002814,8.788e-05,4.3859e-05,0.00015606,0.00020089,0.00013824,0.00016523,0.00013475,0.0001152,9.2592e-05,0.00018523,4.8491e-05,0.00019581,0.00026324,0.00011526,8.601e-05,0.00024036,0.00019716,0.00019814,0.0001609,4.2174e-05,0.00031662,0.00027842,0.00021414,0.0001086,0.00020329,4.8846e-05,-1.7502e-05,0.00019452,0.00022556,0.00013849,0.00020128,0.00020816,0.00016547,0.00025537,0.0001739,0.000137,0.00018235,0.00016562,0.00019054,0.00022679,0.00011826,0.00026057,0.00024458,0.00031035,0.00013654,0.00017459,0.00015046,0.00010369,0.0002114,0.00023181,0.0001109,0.0002593,0.00022024,0.00012887,0.00026309,8.7424e-05,0.00017773,0.00018509,0.00024594,0.00020616,0.00026517,4.7195e-05,0.00023427,0.00021182,0.00023112,0.00018083,0.00016211,0.00020948,0.00023678,0.00016612,0.00014594,0.00015026,7.2469e-06,0.00014334,0.00035286,0.00020684,0.00018569,0.00020802,0.00035197,0.00026126,0.00020319,-0.00026732,0.00016399,0.00012188,0.00018209,0.00014969,2.711e-05,9.4995e-05,0.00034239,0.0001955,0.00012396,0.0001945,0.00019903,8.4295e-05,0.00020719,0.0002029,0.0001715,0.00019847
0.00029437,9.7353e-05,0.00021367,0.00028786,0.00037761,0.00040842,0.00014292,0.00013485,7.2465e-05,0.00011323,0.00018689,0.00010728,8.8842e-05,0.00021107,0.00020029,0.00015916,0.00024324,0.00014839,0.00017175,0.00023714,0.00012405,6.1953e-05,0.00015344,0.00031496,0.00018692,8.8024e-05,0.0001545,0.00011772,0.0003266,7.3228e-05,0,9.8708e-05,0.00011129,9.0127e-05,7.1116e-05,0.0001388,0.00015275,0.00016494,0.0002737,8.328e-05,9.7461e-05,0.00022426,9.9202e-05,8.5005e-05,0.00011123,7.918e-05,0.00018993,7.3197e-05,4.5313e-05,8.312e-05,5.9796e-05,0.00017791,0.00012114,0.00019833,0.00017485,8.941e-05,0.00013614,4.2472e-05,0.00024019,0.00011468,0.00011826,5.7177e-05,3.7642e-05,9.6828e-05,0.0002333,0.00021068,6.8553e-05,6.6394e-05,0.0001398,9.808e-05,0.00020699,0.00013868,6.5799e-05,0.000277,0.00014511,2.4106e-05,0.00011287,0.00014233,3.8243e-05,3.5976e-05,7.0708e-05,0.00015761,0.00012936,6.6622e-05,0.0002305,9.9358e-05,0.00015805,0.00016581,9.2454e-05,8.1929e-05,9.7851e-05,7.3978e-05,0.00035285,0.00013147,5.1184e-05,2.465e-05,2.3166e-05,8.4195e-05,0.00012711,0.00017582,3.3557e-05,0.00014771,0.00015755,-8.9645e-06,2.6062e-05,0.00012584,0.00013625,0.00013487,0.0001418,0.00021064,5.2877e-06,0.00021667,3.5598e-05,6.3107e-05,0.00018144,8.4016e-05,5.5468e-05,0.00019199,0.00025757,0.00016982,0.00018213,0.00016563,0.000254,0.00032096,0.00016632,5.8843e-05,0.00019291,4.7594e-05,-1.6486e-05,0.00016677,0.00015931,0.00011708,0.00011834,0.00018531,0.00011961,0.00019535,0.00032364,7.4804e-05,0.00012098,0.00012802,0.00010153,0.00026381,8.9761e-05,0.00029226,8.1393e-05,0.00025972,9.4573e-05,0.00017001,0.00016029,6.4794e-05,0.00014525,0.00012425,0.00018206,0.00021101,0.00016664,0.00013783,0.00020709,2.248e-05,0.00016717,9.2076e-05,0.00018915,0.00019108,0.00023909,1.9674e-05,0.00021267,0.00013663,0.00015558,-7.2204e-06,0.00010829,0.00018482,0.00012945,9.3498e-05,0.00013905,0.00014226,-2.0406e-05,6.0431e-05,0.00013627,0.00019114,0.00050532,8.697e-05,0.00034767,0.00030045,0.00012418,0.00012601,0.00010289,0.00011401,0.00012003,0.00010723,6.543e-05,-1.2717e-05,0.0002878,0.00015217,5.3802e-05,0.00027143,0.00034689,3.5193e-05,0.00015587,0.00016454,0.00016683,0.00012253
0.00041917,9.5678e-05,0.00025363,0.00024859,0.00040842,0.00082855,2.8656e-05,0.00011752,-2.6182e-05,0.0001395,0.00027292,0.00016336,6.8509e-05,0.00021752,0.00016163,0.00017494,0.00032248,4.2031e-05,0.00016889,0.00035673,0.00014792,1.9784e-06,-1.9267e-05,0.00051856,0.00018164,7.4033e-05,0.00014773,0.00022487,0.00048183,4.2475e-05,0,5.8254e-05,0.00016334,3.3665e-05,0.00011024,6.1293e-05,0.00028411,0.00024946,0.00055789,0.00019382,5.8527e-05,0.00029665,6.905e-05,8.8883e-05,9.4301e-05,4.4518e-05,0.00035805,-4.2819e-06,5.8928e-05,0.00016662,0.00025615,0.00029687,0.00017529,0.00027181,0.00014451,-1.6271e-05,0.00013589,9.9336e-06,0.00031909,-5.254e-05,0.00011257,0.00031633,0.00012702,-1.6632e-05,0.0001939,0.00031817,2.3619e-05,5.7945e-05,0.00016149,0.00010617,0.00017381,8.1735e-05,2.9006e-05,0.00043902,0.00014914,2.0965e-05,0.00012933,0.0001698,8.2449e-05,7.0788e-05,3.3388e-05,3.0164e-05,0.00020694,7.4452e-05,0.00036281,0.00017109,0.00014535,0.00028495,8.3306e-05,6.1632e-05,4.3861e-05,-5.98e-05,0.00044952,7.9651e-05,2.1465e-05,3.045e-06,5.224e-05,0.00015877,0.00016374,0.00022771,1.2364e-05,0.00015545,0.00024281,8.3214e-06,-5.6355e-05,7.0807e-05,0.00011559,0.00016528,0.00015568,0.00051974,-5.0543e-06,8.9857e-05,6.5864e-05,-1.6817e-05,0.00020383,8.4984e-05,5.9061e-05,0.00023216,0.00027977,0.00019222,0.00021386,8.9169e-05,0.00030256,0.00073372,0.000239,4.3966e-05,0.00023039,-3.4343e-05,-7.4013e-05,0.00017973,0.00017555,5.0522e-05,2.8105e-05,0.00018994,0.00012135,0.00021457,0.00056944,4.7619e-05,0.0001015,0.00017861,0.00014173,0.00037481,0.00016935,0.00046911,-1.2228e-05,0.00027795,0.00035559,0.00025447,0.00021249,0.00011945,2.6104e-05,0.00020832,0.00025584,0.00027887,0.00022288,0.00012898,0.00027346,-5.6294e-05,9.2639e-05,6.4951e-05,0.00023393,0.00017711,0.00033964,3.3661e-05,0.00016052,8.2826e-05,0.0001773,-3.8024e-05,4.818e-05,0.00020215,0.00012173,7.3338e-05,0.00015961,0.00020786,-0.00010167,9.9899e-05,-5.2077e-05,0.00019955,0.0010281,4.3207e-05,0.00036589,0.00045276,5.3436e-05,1.3881e-05,2.4848e-05,0.00010396,9.3002e-05,5.1343e-05,8.5651e-06,0.0001594,0.00044855,0.00016877,0.00011708,0.00052314,0.0005862,6.8917e-05,0.0001648,0.00015115,0.00019424,0.00010559
3.3801e-05,4.419e-05,-3.4436e-05,0.00021801,0.00014292,2.8656e-05,0.00064192,2.7531e-05,-0.00010624,1.0744e-05,-3.9395e-05,-0.00017552,-3.0466e-05,1.5967e-06,1.0714e-07,-2.1222e-05,0.00027356,1.6469e-05,2.0457e-05,4.7314e-05,7.263e-05,-8.6853e-05,2.1179e-05,1.0687e-05,-3.4992e-05,-7.0573e-06,3.8054e-05,3.4938e-06,1.2852e-05,-1.0894e-05,0,-6.4421e-06,0.00010193,3.3393e-05,-3.4803e-05,-0.00010361,-5.6555e-05,-8.5023e-06,-3.651e-05,-9.0559e-05,8.7265e-05,-3.6648e-05,1.4765e-05,-4.0205e-06,4.5371e-05,-0.00010447,5.2136e-05,1.175e-05,2.1773e-05,-3.7289e-05,-0.00013707,-0.00012736,-3.7199e-06,6.4903e-06,2.6332e-05,-4.2027e-05,4.818e-05,4.1319e-05,-1.6262e-05,-5.1209e-05,-0.00011718,8.5112e-05,5.2085e-05,2.9937e-05,3.1563e-05,1.7509e-05,3.5788e-06,-6.7451e-05,0.0001425,2.5656e-05,0.0001162,-3.0225e-05,1.7995e-05,-2.5987e-05,5.7531e-05,-9.3074e-05,-4.9093e-05,-4.8917e-05,-4.936e-05,-7.0123e-05,2.1398e-05,7.1981e-05,-0.00014048,1.6164e-05,-3.4999e-07,-3.8574e-05,-0.00013105,-4.6488e-07,-1.23e-06,-1.2223e-05,-8.3091e-06,-3.1876e-05,-8.8309e-05,-1.2293e-05,-9.0998e-06,-4.8238e-05,-3.853e-07,-1.8065e-05,4.5156e-05,-1.1848e-05,-3.7306e-05,2.6977e-05,-6.8819e-05,-2.3343e-05,5.7193e-05,0.00010794,3.6018e-05,3.7518e-05,-1.4099e-05,-0.00017656,-6.0618e-05,0.0001313,0.00010979,-6.6018e-05,5.6322e-05,5.139e-05,-0.00015935,5.6807e-06,-2.3905e-06,6.7452e-05,4.9286e-05,1.9821e-05,-9.6936e-06,8.1373e-05,-1.4591e-05,1.1238e-05,-4.0593e-06,1.6252e-05,-6.956e-05,2.5917e-05,4.5557e-05,3.8228e-05,-3.513e-05,-1.7777e-05,4.8429e-05,-3.2183e-05,3.3884e-05,3.693e-05,1.412e-05,1.5254e-05,-5.5457e-05,1.1295e-05,7.4531e-05,-4.4371e-05,-0.00010581,9.2806e-05,8.4443e-05,-0.00010483,-1.6351e-05,-5.3625e-05,2.9051e-05,-3.6898e-05,3.3627e-05,1.947e-05,-1.2564e-05,-8.8251e-05,-2.8369e-05,3.0687e-05,3.1728e-06,4.6595e-05,-3.7567e-07,-5.9486e-05,-0.00011323,-1.4627e-05,1.3421e-06,7.2657e-05,-8.7466e-05,5.9722e-05,5.5926e-05,-4.2701e-05,-8.516e-05,2.6935e-05,5.2024e-05,-1.9478e-05,-0.00017159,0.00010536,3.274e-05,8.726e-05,-0.00016942,-1.2155e-06,-1.5428e-05,9.8574e-05,-1.3851e-07,7.038e-05,-3.1706e-05,1.9456e-05,2.0387e-05,7.6411e-05,1.7621e-05,7.5464e-05,-7.1222e-05,-0.00010589,-8.5294e-05,-4.1883e-05,0.00012395,-5.4382e-05,0.00020604,5.8058e-05,2.5477e-06,3.3309e-05
0.00015187,0.00020307,0.00025404,0.00026509,0.00013485,0.00011752,2.7531e-05,0.00037175,0.00014169,0.00024451,0.00022848,2.806e-05,0.00022477,0.00017441,0.00020423,0.00016944,0.00020462,0.00025323,0.00026495,0.00017425,0.00014209,3.6673e-05,0.00020827,6.0039e-05,0.00020312,0.00013773,0.00011088,8.5199e-05,5.0075e-05,0.00013558,0,0.00015708,0.00010046,9.3777e-05,0.00012681,0.00011879,-0.00010696,0.00015513,4.7968e-05,0.00012016,0.0001133,0.000194,0.00013501,0.00014831,0.00013009,9.6481e-05,0.00011645,0.00011587,0.00015166,5.9594e-05,0.0001133,7.5109e-05,0.00014286,0.00017058,8.2986e-05,4.9166e-05,0.00016579,-2.2382e-05,9.8423e-05,0.00029485,0.00021603,5.0277e-05,0.00011296,0.00012625,0.0002342,4.8476e-05,0.00012093,9.1517e-05,0.00013985,0.0001419,0.00014751,0.00020811,0.00018995,0.00019104,0.00011211,1.9017e-05,0.00015557,0.0001121,2.2295e-06,3.5129e-05,0.00019175,0.00029392,9.4615e-05,0.00014413,7.2342e-05,7.9103e-05,0.00022461,0.00022934,0.00013644,7.6171e-05,-7.6461e-05,0.00014746,0.00026619,0.00014847,3.5478e-05,0.0001055,-1.6665e-05,4.4005e-05,0.00016386,0.00016885,5.0241e-05,0.00021869,0.00016253,3.0185e-05,0.00014597,0.00017721,0.00011254,0.00018061,0.00012883,2.3298e-05,4.6974e-05,7.8857e-05,8.3751e-05,0.00016204,0.00019789,6.6857e-05,0.00010484,0.00024422,0.00011202,0.00013762,0.00012267,0.00014667,0.00023398,0.00025572,0.00015848,0.00011112,0.00016474,4.5723e-05,-1.7711e-05,0.00016722,0.00017925,0.00016297,0.00015523,0.00014223,0.00012056,0.00020078,-1.7361e-05,0.00014557,0.00015835,0.00010003,9.0878e-05,0.00010941,0.00013628,0.00018816,0.00031067,0.00020081,3.5137e-05,0.00015804,5.2062e-05,9.5728e-05,0.00019421,0.00022879,-1.8981e-05,0.00020219,0.00015343,0.00015549,6.2968e-05,5.1003e-05,0.00021105,0.00015095,0.00021,0.0002128,0.00015066,9.3407e-05,0.00019357,0.00018747,0.00018584,0.00020787,0.00015756,0.00012251,0.0002591,0.00019777,0.00010189,0.00014736,3.1461e-05,5.5018e-05,0.000238,4.8425e-05,-9.2609e-05,0.00018222,0.0002317,5.5252e-05,0.00026806,-9.748e-05,0.00014544,5.5057e-05,0.00015781,9.9864e-05,2.9771e-05,6.0899e-05,6.1571e-05,0.00019168,0.00011687,3.79e-05,-3.0896e-05,4.8628e-05,0.0001662,0.0001727,0.00013157,0.00016592
2.8914e-05,7.2471e-05,0.00012238,0.00022375,7.2465e-05,-2.6182e-05,-0.00010624,0.00014169,0.00047584,0.00013021,6.1365e-05,-0.00012422,0.00014119,0.00012153,0.00015336,0.00010087,1.4154e-05,0.00013859,0.00022764,0.00013084,0.00026666,-2.371e-05,0.00017076,-2.6931e-05,0.00019964,5.1994e-05,9.6159e-05,2.7328e-05,8.7657e-05,0.00016688,0,0.00013878,3.4827e-05,0.00013708,6.4577e-05,0.00017442,-0.00017443,2.2034e-05,-1.1834e-05,3.0752e-05,9.9857e-05,5.8642e-05,0.00011264,0.00010307,8.8147e-05,8.1678e-05,2.9426e-05,0.00019938,0.00012757,1.8246e-05,4.9651e-05,0.00012946,-3.9572e-05,5.4147e-05,3.238e-05,5.8427e-05,0.00030754,5.2036e-06,0.00010376,0.00010825,0.00013632,-3.8931e-05,1.7912e-05,9.2033e-05,0.00015498,-1.1828e-05,0.00011289,5.7939e-05,0.00012966,4.7831e-05,8.6491e-05,0.00020467,0.0001272,8.8623e-05,2.7317e-05,0.00013441,0.00010456,6.0924e-05,-6.1297e-06,7.6896e-05,0.00010264,0.00010527,0.00015244,0.0001123,0.00012177,-2.8567e-05,0.00023291,0.00015312,0.00014006,1.6379e-05,-7.9434e-05,0.0001994,0.00010957,0.00014581,2.5967e-05,0.00015957,-3.9208e-05,5.5508e-05,8.514e-05,0.00014658,5.67e-05,0.00017206,9.1927e-07,6.5728e-05,0.00012934,2.7442e-05,-1.5532e-06,9.7896e-05,6.5832e-06,0.00015182,4.2244e-05,8.2414e-05,-6.8387e-05,0.00027237,7.6548e-05,2.2572e-05,9.9375e-05,4.8228e-05,0.00010154,9.7156e-05,7.8528e-05,8.5967e-05,0.00025555,-0.00016699,0.00012779,0.00011444,7.8707e-05,-1.7273e-06,8.0848e-05,8.7e-05,0.00010726,9.4552e-05,0.00014613,7.6423e-05,0.00011055,0.00017603,-5.8168e-05,7.6313e-05,0.00010532,6.9058e-05,0.00022379,1.4609e-05,-3.2384e-05,5.433e-05,0.00020806,6.0359e-05,1.9361e-05,0.00010938,0.00014307,0.00011045,0.00014533,0.00020866,3.8135e-05,9.4991e-05,0.00012875,7.2278e-05,9.9922e-05,3.9063e-05,0.00018306,0.0001217,8.7949e-05,0.00010378,0.00019391,-2.5542e-05,0.0001401,6.4109e-05,0.00016296,0.00018161,6.0158e-05,0.00015047,0.00020963,4.4402e-05,4.1017e-05,3.4056e-05,0.0002126,4.4676e-06,0.00021743,-4.3532e-05,-3.8891e-05,0.00015897,0.00018996,0.00012807,8.5382e-05,9.3186e-05,0.00018323,4.1233e-05,0.00012567,9.751e-05,-5.7779e-05,3.3046e-06,0.0003402,0.00017119,2.8574e-05,-2.2002e-05,-7.5444e-06,3.7978e-05,-6.5162e-05,7.0468e-05,2.8157e-05,0.0001358
0.00015898,0.00023316,0.00022038,0.00024019,0.00011323,0.0001395,1.0744e-05,0.00024451,0.00013021,0.00035212,0.0001926,-9.6521e-06,0.0001746,0.00020412,0.00026096,0.00024087,0.00030937,0.00017436,0.00020986,0.00013504,4.3156e-05,0.00012596,0.00015816,9.0831e-05,0.00022618,0.00016551,0.00015967,0.00012669,7.1038e-05,0.00011405,0,0.00015252,0.00014846,0.00018966,0.00015024,0.00010804,-6.822e-05,0.00017682,8.2003e-05,0.00016076,0.0001467,0.00021661,0.00020559,0.00016517,0.00015284,0.00017705,0.00014219,0.0001525,0.00015915,0.00010185,1.9902e-05,0.00013392,0.00015684,0.00016024,0.00017365,-9.5955e-06,0.00011645,7.1181e-06,0.00013578,0.00025369,0.00018898,2.1163e-05,0.00017348,0.00014424,0.00025556,7.2296e-05,0.00027794,0.00012567,0.00018315,0.00017998,0.00017222,0.00017628,0.000151,0.00016222,0.0001525,5.6836e-05,0.00011341,0.00017956,5.4121e-05,0.00014798,0.00020194,0.00032186,8.8525e-05,0.00012046,0.00016055,0.00014569,0.00021465,0.0002263,0.00014549,0.00010106,8.6199e-05,0.00014227,0.00021883,0.00017798,0.00022159,0.00017337,2.0107e-05,0.00018287,0.00016654,0.00017515,7.2638e-05,0.00016616,0.0001385,8.4914e-05,0.00017894,9.2269e-05,0.00014585,0.00016499,0.00017876,-5.8398e-05,0.00014776,0.00012719,8.8037e-05,0.00017517,0.00026182,0.00012887,0.00010385,0.00026073,0.00012178,0.00013604,0.00012946,4.0552e-05,0.00024654,5.1645e-05,0.00021742,6.3899e-05,0.00018014,6.4493e-05,-3.8458e-05,0.00020624,0.00017217,0.00015375,0.00012871,0.00016526,0.00015285,0.00029552,4.332e-05,0.00010695,0.00020067,0.00012998,0.00011686,0.00012563,0.00012609,0.00012105,0.00029724,0.00016715,3.6121e-05,0.00021052,0.00016299,0.0001742,0.00010119,0.00028091,1.6007e-05,0.0002394,0.00020947,4.0575e-05,0.00027871,0.00014895,9.9796e-05,0.00014981,0.00025134,0.00010764,0.00018021,8.3809e-05,0.00020954,0.00016773,0.00015904,0.00017816,0.00013458,0.0001281,0.00022926,0.00021417,0.0001361,0.00013228,0.00013228,6.2236e-05,0.00023597,0.00023519,2.9214e-05,0.00017758,0.0002355,4.1811e-05,0.00019716,-0.00021218,0.00018134,0.00010762,0.00017099,0.00014196,2.6292e-05,0.00010911,2.276e-05,0.00022778,0.00010323,4.0552e-05,-9.1097e-05,5.7974e-05,7.2364e-05,0.00015276,0.00018206,0.00018168
0.00028424,0.00023873,0.00022911,0.00022395,0.00018689,0.00027292,-3.9395e-05,0.00022848,6.1365e-05,0.0001926,0.00039112,6.668e-05,0.00017704,0.00018008,0.00020684,0.00019698,0.00019385,0.00016365,0.00013472,0.00016136,2.2706e-05,7.9916e-05,9.5981e-05,0.00026756,0.00019104,0.0001545,0.00011403,0.00018964,0.00021224,0.00011882,0,0.00012339,9.383e-05,0.00012357,0.00012612,0.00021753,0.00019158,0.00020518,0.0002644,0.00014624,9.7326e-05,0.00017153,0.00015205,0.00011481,0.00012852,0.00013643,0.00014387,8.2471e-05,0.00016902,0.00011647,6.1678e-05,0.00016662,0.00012372,0.00014708,0.00017965,8.6312e-05,6.8537e-05,-8.5978e-06,0.00015258,0.00020648,0.00044406,0.00018278,0.00010016,0.00011933,0.00022582,0.00018279,0.00013736,6.3283e-05,0.00015211,0.00014077,0.00017215,0.00017302,0.0001215,0.00038186,0.0001249,5.0166e-05,0.00015735,0.00018214,3.7388e-06,9.4441e-05,0.00012827,0.00020669,0.00014229,8.8866e-05,0.00021046,0.00011007,0.00019517,0.00020553,0.00011616,4.9195e-05,0.00012576,3.3639e-05,0.00025931,9.4102e-05,9.7109e-05,0.00012372,4.5956e-05,0.00011494,0.00016582,0.00016022,0.0001253,0.00026575,0.00011904,2.337e-05,0.00012057,0.00025493,0.00010298,0.00017739,0.00013872,0.00010925,8.9583e-05,0.00012985,7.855e-05,0.00015113,0.00022569,0.00011345,0.00013663,0.00027661,0.0002349,9.7731e-05,8.8256e-05,0.00018409,0.00022313,0.00087284,0.00013679,0.0001249,0.00014947,7.9075e-05,-0.00021399,0.00015302,0.00014994,0.00011248,0.00012025,0.00016076,0.00011403,0.0002213,0.00017319,0.00010689,9.6989e-05,0.00010774,0.00020675,0.0002588,0.00013409,0.0002153,0.00024559,0.00022049,0.0001744,0.00019306,0.00011576,8.0378e-05,7.4018e-05,0.00016557,0.00017659,0.00023466,0.00017713,0.0001552,0.00022689,2.361e-05,0.00011728,9.0085e-05,0.00023027,0.00017359,0.00015515,5.7945e-05,4.8188e-05,0.00019772,0.00018811,-2.2791e-05,0.00010877,0.00019494,0.00022507,0.00010499,9.5208e-05,0.00014035,-8.1521e-05,0.00011885,0.00016894,0.00011674,0.00026434,0.00013329,0.00037808,0.00015824,0.00017316,0.00010998,5.5667e-05,6.0993e-05,0.00014286,0.00011412,1.2846e-05,2.5497e-05,0.00020328,0.00023779,0.00016433,0.00017903,7.9457e-05,5.0868e-05,0.00023591,0.00016154,0.00019017,0.00015845
0.00027776,1.8946e-05,2.6421e-05,-5.3574e-06,0.00010728,0.00016336,-0.00017552,2.806e-05,-0.00012422,-9.6521e-06,6.668e-05,0.00061859,1.9502e-05,3.0809e-05,9.697e-05,1.7699e-05,0.00012387,0.00010928,-3.5452e-05,0.00017152,-0.00021305,0.00022684,0.00017959,0.00030388,0.00011739,6.3308e-05,-7.1613e-05,8.683e-05,0.0001985,-8.6306e-05,0,-3.5094e-06,1.3328e-05,-5.8446e-05,3.9263e-05,0.00019006,0.0004002,3.1239e-05,0.00011145,-4.6852e-06,-9.2882e-05,-6.239e-06,-4.83e-05,-1.073e-05,2.2532e-05,5.1531e-05,6.8154e-05,-0.00012335,0.00013474,1.0962e-05,0.00025564,0.00013519,2.4294e-05,0.00014026,0.00018836,0.00011353,0.0002826,-1.842e-05,1.3002e-05,0.00013354,-0.00013012,0.00016675,-9.3007e-05,-1.5516e-05,5.5904e-05,0.00023678,8.6816e-05,-1.5291e-05,-6.0074e-05,8.3598e-05,2.4562e-05,-1.2951e-05,-9.5043e-05,0.0001217,6.0147e-05,-0.00011739,0.00010538,0.00011818,0.00012251,1.5382e-07,6.3713e-05,7.3644e-05,0.00013401,-1.646e-05,9.3283e-05,9.7182e-05,6.6125e-05,3.7413e-05,-3.0258e-05,4.6205e-05,0.00024546,2.1256e-05,0.00022063,-2.3205e-05,0.00012922,-0.00013425,6.1562e-05,2.1558e-05,5.8287e-05,4.8224e-05,-4.8026e-05,0.0001258,0.00016814,5.0668e-05,-7.4018e-05,2.5601e-05,9.2465e-05,1.049e-05,0.0001157,0.00020453,2.5159e-05,0.00019104,-2.9111e-05,-0.00011545,5.7675e-05,7.1337e-05,0.00010657,0.00011755,0.00015054,3.0253e-05,-2.789e-05,8.4004e-05,-2.679e-05,-0.00011276,5.3619e-05,-2.182e-05,0.00010565,-9.2993e-05,6.1332e-05,4.4032e-05,-2.0075e-05,1.3691e-05,1.4808e-05,5.5483e-05,-7.1563e-05,5.1873e-05,0.00021443,2.4337e-05,-1.5684e-05,7.282e-05,6.2205e-05,0.00021253,-7.4319e-06,0.00033078,1.6245e-05,0.00014302,4.8533e-05,8.2924e-05,-4.6514e-05,-2.9346e-05,0.00012105,-2.6334e-05,6.9974e-06,6.0644e-05,6.7305e-05,0.00014203,0.00026192,4.7172e-05,6.5431e-05,6.8665e-05,6.8186e-05,9.3086e-05,6.6002e-05,6.3091e-05,0.00015611,4.6234e-06,0.00019781,-0.00022987,-2.503e-06,0.00011801,5.5192e-05,0.00011217,1.3907e-05,7.571e-05,-3.114e-05,4.9721e-05,-0.00026835,8.4982e-05,0.00050928,-3.1286e-05,0.00015631,0.00020061,0.00011304,0.00026882,-2.3429e-05,3.3736e-05,-1.2305e-05,-6.0703e-05,0.00011867,-0.00020738,0.00038271,-1.4931e-05,0.00011969,0.00029063,0.00019993,0.00011128,-8.6175e-05,-2.0019e-05,7.267e-05,-3.2205e-05
0.0001261,0.00018042,0.00016651,0.00017434,8.8842e-05,6.8509e-05,-3.0466e-05,0.00022477,0.00014119,0.0001746,0.00017704,1.9502e-05,0.00023277,0.00014179,0.00020866,0.00016797,0.00012411,0.00020478,0.00021675,0.0001284,9.3751e-05,9.3615e-05,0.00015488,8.4775e-05,0.00020858,0.00010004,9.0064e-05,7.9187e-05,8.9928e-05,8.8082e-05,0,0.00012037,9.5714e-05,0.00013701,0.00010608,0.00018481,-0.00010632,0.0001207,2.6574e-05,9.7351e-05,0.00010164,0.00016857,0.00015277,0.00013359,0.00010795,0.00013232,8.1078e-05,0.00013117,0.00020466,6.5909e-05,1.8372e-05,0.00010274,0.00012418,0.00011344,0.00010076,0.00012668,0.00012572,-4.7154e-05,9.7057e-05,0.00027991,0.00016501,6.3488e-05,8.8866e-05,0.00010662,0.00017689,2.8996e-05,0.00010548,9.0936e-05,0.00010304,0.0001089,0.00013564,0.00017228,0.00013343,0.00022045,0.00011542,8.9808e-05,0.00012409,0.00012788,5.2055e-05,6.4246e-05,0.00016282,0.00022938,9.7386e-05,0.00012797,8.4011e-05,9.9494e-05,0.00021879,0.00016963,0.00014831,7.6359e-05,2.6792e-05,0.00011948,0.00021461,0.00013875,7.338e-05,0.00014349,2.4559e-06,2.7204e-05,0.00013777,0.00012896,0.00010927,0.00014507,0.00015511,2.9459e-05,0.0001175,0.0001231,0.00010921,0.00017116,0.00013609,7.3376e-05,3.1334e-05,1.1623e-05,5.2483e-05,0.00022439,0.00017445,0.00010054,0.00013787,0.00026713,0.00015008,0.00010999,9.7265e-05,0.00011833,0.00021494,0.00014783,0.0001414,8.9798e-05,0.00014635,7.0385e-05,-9.2491e-06,0.00017331,0.00014386,0.00013753,0.0001253,0.00011764,0.00010743,0.00019824,2.7146e-05,0.00010172,0.00014992,7.9027e-05,0.00011278,8.3097e-05,9.2431e-05,7.8416e-05,0.00031097,0.00011239,1.131e-06,0.00014236,9.6782e-05,0.00010566,0.0001837,0.00021783,1.8179e-05,0.00015802,0.00014264,0.00012209,0.00019523,7.5856e-05,0.0002085,0.00013359,0.00019617,0.00019077,0.00014932,4.1354e-05,0.00013045,0.0001369,0.00012441,0.00011427,0.00012576,0.00012615,0.00024876,9.454e-05,8.4298e-05,0.00010198,9.0166e-05,1.5544e-05,0.00014646,5.2803e-05,-4.4128e-05,0.00016782,0.00023567,5.271e-05,0.00020095,9.6216e-05,0.00019963,3.8587e-05,0.00015787,8.7027e-05,2.9397e-05,-6.3731e-07,4.7953e-05,0.00019691,0.00012192,3.8327e-05,-5.7529e-05,7.2571e-05,0.00010478,0.00015704,0.0001583,0.00017436
0.00022253,0.00016419,0.00021513,0.00024129,0.00021107,0.00021752,1.5967e-06,0.00017441,0.00012153,0.00020412,0.00018008,3.0809e-05,0.00014179,0.00023412,0.00022244,0.00021096,0.00026593,0.00016027,0.00021064,0.00019082,0.00015577,0.00011774,0.00020864,0.0001961,0.00020792,0.00012309,0.00016509,7.26e-05,0.00019752,0.00011505,0,0.00013606,0.00011401,0.0001487,0.00011632,0.00017604,-0.000138,0.00017274,0.00013109,0.00013166,0.00012538,0.00023653,0.00016036,0.00012468,9.8937e-05,0.00015258,0.00011757,0.00013557,0.00017727,7.5541e-05,5.1158e-05,0.00018936,0.00013614,0.00012057,0.00015305,0.00010014,0.000192,2.4762e-05,0.00019731,0.00021138,0.00018563,5.0075e-06,9.3721e-05,0.00010427,0.00024179,0.00015023,0.00014775,0.00011629,0.00016299,0.00011341,0.00017,0.00017565,0.00011017,0.00024488,0.00013498,0.00010689,0.00010875,0.00016201,3.3696e-05,9.0874e-05,0.0001074,0.0001889,0.00013529,9.8186e-05,0.00016439,0.00013624,0.00021546,0.00017107,0.00012305,0.00013407,4.464e-05,0.0001334,0.00025684,0.00017407,0.00011018,0.00012445,3.1669e-06,0.00012647,0.00012586,0.00018266,5.9869e-05,0.00013892,0.00013503,7.0837e-05,9.9793e-05,0.00010133,0.00013619,0.0001421,0.00017142,9.8233e-05,0.00010463,0.00013243,1.6499e-05,0.00012798,0.00021146,0.00010026,0.00012095,0.00021302,0.00014731,0.00014497,0.00016153,4.1411e-05,0.00025306,0.00024628,0.00020561,6.4343e-05,0.00019365,9.6972e-05,4.8934e-05,0.00017776,0.00018096,0.00012131,0.00014279,0.00017887,0.00013535,0.00024029,0.00018756,0.00010639,0.00017241,0.00011065,0.00011243,0.00021457,9.2285e-05,0.00017574,0.00020009,0.0001972,3.0335e-05,0.00018612,0.00013513,0.00010728,0.00014414,0.00019532,3.7201e-05,0.00023089,0.00019408,0.00014146,0.00022633,6.9245e-05,0.0001281,0.00015454,0.00022532,0.00017408,0.00023787,4.0981e-05,0.00017572,0.00014565,0.00014889,0.00012939,0.0001311,0.00017062,0.00019694,9.0629e-05,0.00010372,0.00011547,6.9268e-05,5.6408e-05,0.00017363,0.00016406,0.00022621,0.00013922,0.00023671,0.00015343,0.00016912,-0.00016803,0.00014484,0.00010716,0.00014687,0.00012196,2.4946e-05,6.5711e-05,0.00017224,0.00021502,9.2741e-05,0.00013997,8.4222e-05,5.0917e-05,0.0001003,0.00016365,0.00017076,0.00014747
0.0002081,0.00021603,0.00022924,0.00025309,0.00020029,0.00016163,1.0714e-07,0.00020423,0.00015336,0.00026096,0.00020684,9.697e-05,0.00020866,0.00022244,0.00032014,0.00023982,0.00027033,0.00020337,0.00021755,0.00020158,1.9192e-05,0.00018801,0.00026751,0.00018441,0.00028844,0.00015494,0.00013411,0.00015151,0.00021012,9.2726e-05,0,0.00014059,9.7939e-05,0.00019609,0.00014561,0.00024332,-3.6108e-05,0.00018189,0.00012306,0.00013306,0.000146,0.00023356,0.00021103,0.00015338,0.00014016,0.00020857,0.0001463,0.00015363,0.00022969,9.7029e-05,1.7041e-06,0.00019047,0.00014048,0.00017145,0.00022704,0.00015029,0.0001622,7.1588e-06,0.00018343,0.00032377,0.00022101,-7.1739e-06,0.00011263,0.00016242,0.00028697,0.00011115,0.00022801,0.00011922,0.00016611,0.00015805,0.00022333,0.00021933,0.00012747,0.00025477,0.00017841,9.0154e-05,0.00012116,0.00022123,7.9086e-05,0.00013722,0.00020738,0.0003182,0.00014383,0.0001222,0.00018542,0.00014467,0.00025765,0.00021493,0.00015063,0.00012037,0.0001663,0.00016736,0.00030479,0.00018759,0.00017461,0.00017493,2.0711e-05,0.00012296,0.00018203,0.00019222,0.00012401,0.00019596,0.00019794,6.876e-05,0.00014292,0.00015395,0.00016786,0.00019862,0.00021385,6.8526e-05,9.8625e-05,0.00018381,4.0111e-05,0.00023015,0.00026619,0.00015267,0.00014408,0.00029654,0.00023232,0.00015918,0.00014661,0.00013256,0.00028735,0.00012123,0.0002308,7.89e-05,0.00021002,8.3986e-05,-4.3709e-06,0.00023526,0.00018007,0.00018108,0.00014349,0.00020589,0.00015795,0.00032065,0.00015927,8.3926e-05,0.00019557,0.00012746,0.00013358,0.00017289,7.9217e-05,0.00016666,0.00031867,0.00018348,-3.7301e-05,0.00021148,0.00018847,0.00014753,0.00022122,0.00025188,0.00011095,0.00024495,0.00023959,9.9267e-05,0.00038412,0.00013224,0.00019547,0.00018742,0.00026968,0.00018888,0.00022576,4.3844e-05,0.00023797,0.00016936,0.00018877,9.8809e-05,0.00014981,0.00019531,0.00026894,0.00012476,0.00013963,0.00014059,0.00014091,5.17e-05,0.00023976,0.0001816,0.00015812,0.00018187,0.00032659,0.0001664,0.00019995,-7.8043e-05,0.00021309,0.00010837,0.00020236,0.00013597,5.6248e-05,-2.2401e-06,0.00013622,0.00027104,0.00011263,0.00012018,4.0413e-05,7.6468e-05,8.4524e-05,0.00017721,0.00021673,0.00020479
0.00019088,0.00019774,0.00019597,0.00021302,0.00015916,0.00017494,-2.1222e-05,0.00016944,0.00010087,0.00024087,0.00019698,1.7699e-05,0.00016797,0.00021096,0.00023982,0.00024175,0.0002149,0.00017423,0.00019158,0.00013435,9.6721e-05,0.00012943,0.00015352,0.0001722,0.0002206,0.00014008,0.00015621,0.0001101,0.00017385,0.0001078,0,0.00014774,0.00014327,0.0001761,0.00011658,0.00016906,-1.6134e-05,0.00017212,0.00014045,0.00012876,0.00013894,0.00021776,0.0001941,0.00013602,0.00012182,0.00017237,0.00011511,0.00013824,0.00016666,9.665e-05,-2.176e-05,0.00017868,0.00016012,0.00011536,0.0001775,0.00011912,0.00011569,7.418e-06,0.00017686,0.00024575,0.00017679,2.9485e-05,0.00012835,0.00011616,0.00023625,0.00012348,0.00017163,0.00012567,0.00014378,0.00013813,0.0001666,0.00016842,0.00012025,0.00022019,0.00014638,9.7289e-05,0.00011397,0.00018401,6.8497e-05,0.0001307,0.0001512,0.00023529,0.00010699,0.00011806,0.00015288,0.00013673,0.0002113,0.0001763,0.00013611,0.00011359,0.0001087,0.00012624,0.00022263,0.00016778,0.00014529,0.00016512,2.932e-05,0.0001337,0.00014774,0.00016161,0.00010777,0.00015562,0.0001591,5.9014e-05,0.00011281,9.7913e-05,0.00013714,0.00015186,0.00018295,5.6004e-05,0.00011696,9.1585e-05,6.6133e-05,0.00018784,0.00023623,0.00014029,0.00013863,0.00026757,0.00018656,0.0001324,0.00012576,4.4481e-05,0.000242,0.00013882,0.00021384,6.5102e-05,0.00018595,0.0001149,-2.9123e-05,0.00019674,0.00016622,0.0001183,0.00013663,0.00018635,0.00014144,0.00026866,0.00015111,9.787e-05,0.00017531,0.00010975,0.00012781,0.0001684,0.00010016,0.00010826,0.00024452,0.00017146,4.0248e-05,0.00019249,0.00015568,0.00013806,0.00012658,0.00021898,6.4292e-05,0.00022804,0.00019923,0.00013757,0.00030017,0.00010617,0.00010458,0.00013109,0.0002407,0.00015139,0.00021133,6.0643e-05,0.00017129,0.00016745,0.0001428,6.9102e-05,0.00011561,0.00016581,0.00023156,0.00013092,0.00010938,0.00011407,0.00012764,3.9538e-05,0.00024522,0.00020721,0.00015621,0.00015308,0.00028595,9.6873e-05,0.00018271,-0.00019439,0.00017493,0.00010029,0.00015976,0.00012662,2.5591e-05,4.7101e-05,5.9623e-05,0.00022427,0.00011818,9.1389e-05,-2.5209e-05,8.3738e-05,9.2352e-05,0.00016449,0.00019963,0.00017191
0.00022106,0.00030606,0.0001503,0.00034817,0.00024324,0.00032248,0.00027356,0.00020462,1.4154e-05,0.00030937,0.00019385,0.00012387,0.00012411,0.00026593,0.00027033,0.0002149,0.00093804,0.0001581,0.00024873,0.00031068,-9.6416e-05,0.00022529,0.0003458,0.00020056,0.00029334,0.00018795,0.00022147,0.00014803,0.00021494,5.7911e-05,0,0.00015365,0.00016705,0.00014651,0.00017466,0.00020639,-0.00056349,0.00020882,8.7218e-05,0.00014886,0.00019988,0.00026119,0.00016538,0.00015365,0.00010068,0.00021615,0.00025331,0.000161,0.00042604,2.7857e-05,9.3298e-05,0.0002254,0.00012579,0.00011372,0.00025704,0.00010215,0.00029515,2.4345e-05,0.00014206,0.0001718,0.00014867,8.412e-05,0.00014554,9.295e-05,0.00032119,0.00016268,0.0002794,9.5053e-05,0.00027353,0.00017053,0.00025406,0.00013611,6.4182e-05,0.00030121,0.00018532,6.9678e-05,8.0293e-05,0.00024273,-4.472e-06,0.00011103,0.00022012,0.00025471,0.00013951,5.8545e-05,0.00028709,0.00028739,0.00018895,0.000202,0.00016706,0.00023906,0.00012156,0.00010383,0.0003413,0.00014576,0.00020247,0.00019519,1.9381e-05,0.00027873,0.00015882,0.00018977,3.5115e-06,0.00016719,0.00014026,0.00019202,0.00014926,0.00018527,0.00019602,0.00020261,0.00026103,0.00030515,0.00023959,0.00013102,4.6046e-05,-1.352e-05,0.00035235,0.00020309,0.0001344,0.00021168,7.5342e-05,0.00020328,0.00017146,2.2128e-05,0.00021152,0.00053395,0.00029778,0.00011181,0.00026449,0.00014344,6.6211e-05,0.00024194,0.00024598,0.00014247,0.00015191,0.00011474,0.00019415,0.00032791,0.00032339,0.00017465,0.00026301,0.00018019,7.15e-05,0.00022709,0.00019366,0.00020253,0.00011907,0.0003404,4.3309e-05,0.00016066,0.00011666,0.00012609,5.4776e-05,0.00026341,-2.3106e-05,0.00034544,0.00032048,2.3347e-05,0.00049269,1.6073e-05,0.0001188,0.00035598,0.0003165,0.00014369,0.00019321,0.00015735,0.0001399,0.00022242,0.00016315,0.00030947,0.00019612,9.0477e-05,0.00022569,9.2624e-05,0.00020033,0.00012733,1.4421e-06,0.00025192,-0.0001944,0.00029749,0.00022293,0.00018175,0.00021526,0.00028036,0.00020281,-0.00016458,3.9602e-05,0.00010668,0.000158,0.00013556,9.2587e-05,5.4252e-05,0.00023566,0.00025889,0.00010585,0.00031841,0.00027057,0.00010419,0.00016853,0.00017955,0.00020407,0.0002127
0.00010132,0.00019115,0.00016203,0.00022866,0.00014839,4.2031e-05,1.6469e-05,0.00025323,0.00013859,0.00017436,0.00016365,0.00010928,0.00020478,0.00016027,0.00020337,0.00017423,0.0001581,0.00033023,0.00021442,8.9964e-05,8.239e-05,9.9205e-05,0.00018352,6.2746e-05,0.00020659,0.00013267,0.000114,3.7253e-05,8.7309e-05,9.76e-05,0,0.00018389,0.00011303,0.00013396,8.1566e-05,0.00021209,1.8445e-06,9.3741e-05,4.6752e-06,3.2673e-05,0.00010346,0.0001289,0.00011196,0.00012633,0.00014428,8.2147e-05,8.1698e-05,0.00015262,0.00014604,9.5203e-06,3.7841e-05,0.00010977,0.00010257,0.00014304,0.00018259,0.00016798,0.00024369,-1.9752e-05,8.9327e-05,0.00035108,0.00010385,-6.2821e-06,3.5688e-05,0.00013649,0.0002182,4.769e-05,0.00015343,0.00011955,0.00010071,0.00015317,0.00014579,0.00017585,0.00016176,0.00016128,0.00012096,4.0702e-05,0.00014353,0.00011516,8.594e-05,4.4816e-05,0.00021157,0.00028971,8.3662e-05,0.00013494,4.8946e-05,0.00010114,0.00023086,0.00012946,0.00014844,8.7279e-05,0.00013048,0.00016248,0.00023986,0.00017471,0.00013029,0.00011538,2.9445e-05,-2.5785e-06,0.00014424,0.00012552,1.2237e-05,0.0002365,0.00019702,4.618e-05,0.00010428,0.00013576,0.00012341,0.00016121,0.00013163,3.2824e-05,0.00012381,0.00011809,7.9259e-05,0.00017871,0.00017992,0.00013802,0.00015214,0.00024992,0.00014098,0.00013216,0.00011596,0.00016147,0.00018335,-3.8719e-05,0.00015406,9.3323e-05,0.00014467,5.503e-05,-2.9444e-05,0.00016149,0.00013876,0.00011536,0.0001792,0.00015473,0.00012061,0.00019632,4.0275e-06,0.00014578,0.00016208,9.8659e-05,0.00011907,6.6885e-05,0.00012784,0.00012936,0.00026381,0.00019397,-3.7548e-06,0.00012288,7.6988e-05,0.00010373,0.00028557,0.00018603,-5.0399e-05,0.00016473,0.00012016,0.00023107,0.00019723,0.00012492,0.0002251,0.00012801,0.00019554,0.00020944,0.000138,9.6124e-05,0.00020636,0.00015732,0.00015396,9.7485e-05,0.00010772,0.00013716,0.00021303,0.00019962,5.0367e-05,7.0957e-05,0.00013247,3.3995e-05,0.00031166,0.00017291,-6.0366e-05,0.0001646,0.00028333,1.2377e-05,0.00030533,-0.00058854,0.00021437,4.6955e-05,0.00013025,0.0001112,5.505e-05,-8.2004e-05,0.00010507,0.00012597,9.3762e-05,5.1281e-05,-4.9916e-05,0.00010245,0.00012368,0.00016812,0.00015962,0.00018828
