0.00057292,8.3062e-05,9.4299e-05,3.2078e-05,5.2015e-05,0.00026924,5.1722e-05,4.7548e-05,0.00021253,0.00011613,5.1731e-05,1.2092e-05,0.00016865,2.6644e-05,0.00011948,0.0001781,-2.2113e-05,-1.2437e-05,0.00010594,0.000124,0.00014376,3.3449e-05,0.0002614,0.00036467,5.2263e-05,2.0522e-05,-1.5394e-05,8.0899e-05,0.00017813,0.00011596,0,4.2653e-05,9.7252e-05,3.1184e-05,0.00010997,0.00012055,4.87e-05,9.5292e-05,0.00030487,1.111e-05,2.2701e-05,8.7166e-05,0.00010705,8.8608e-05,7.6978e-05,1.0389e-06,6.5661e-05,5.8288e-05,0.00021584,0.0001884,9.8884e-05,-5.9111e-05,0.0001728,0.0001597,0.00014181,0.00011239,0.0001145,4.7385e-05,0.00010114,-3.0823e-06,0.00017068,0.00022192,-3.6632e-07,8.4264e-06,5.9812e-05,0.00040811,5.2724e-06,2.7858e-05,8.2187e-05,7.4314e-05,9.6203e-05,8.9199e-05,-4.4081e-05,9.7141e-05,7.5772e-05,-7.8678e-05,7.2389e-05,9.5223e-05,0.00011883,5.7979e-05,8.7306e-05,-1.3055e-05,8.1165e-06,6.2156e-05,6.5343e-05,3.5055e-05,4.1691e-05,0.00013094,7.7537e-05,-3.7758e-05,0.00015044,5.11e-05,6.6481e-05,6.1865e-05,0.00010818,-5.7496e-05,3.1664e-05,6.2183e-05,0.00011095,0.00013277,-5.1811e-05,-0.00015309,3.4172e-05,8.1535e-05,3.556e-05,0.00013267,4.5606e-05,7.2626e-05,0.00013956,5.1594e-05,5.7527e-05,5.0919e-05,0.00012913,-2.1335e-05,6.7721e-05,3.0234e-05,1.4506e-05,7.5939e-05,9.9016e-05,0.00010557,0.00012514,0.00015852,0.00012332,0.00041604,-1.0978e-05,6.9468e-05,0.00021651,3.3504e-05,8.2829e-05,6.7195e-05,0.00010243,4.8827e-06,5.8318e-06,4.8988e-05,6.9765e-05,0.00016518,0.00022836,6.3735e-05,2.3366e-05,0.00012394,-2.3678e-05,0.00033416,9.0182e-05,-0.001272,0.00012641,0.00013432,0.00016254,0.00011818,7.9219e-05,3.2415e-05,-8.011e-06,4.502e-05,0.00016215,9.5549e-05,9.5851e-05,5.6149e-05,0.00011722,0.0001016,4.0199e-05,7.7017e-05,7.4829e-05,4.4715e-05,0.00011371,3.3499e-05,1.4039e-05,0.00011482,0.00010187,0.00029198,0.00013422,0.00015464,8.1349e-05,-7.9878e-05,5.5691e-05,9.0037e-05,0.0001369,4.0621e-05,1.5399e-06,0.00015829,0.00059492,-8.6178e-07,0.00011939,0.00016274,8.2926e-05,-9.2405e-06,2.6528e-05,-4.1165e-06,9.4964e-05,-3.3989e-06,7.5105e-05,5.8368e-05,0.00099115,6.2606e-05,3.7936e-05,0.0002471,0.00017542,0.00027499,3.0308e-05,5.5176e-05,6.6547e-05,3.6496e-06
8.3062e-05,0.0001748,2.3597e-05,7.0132e-05,2.1823e-05,9.6027e-05,3.4996e-05,9.6297e-05,9.1525e-05,6.8322e-05,4.3386e-05,7.3182e-05,6.4598e-05,3.6877e-05,6.4414e-05,0.00010515,3.5354e-05,2.8069e-05,3.9104e-05,4.6677e-05,0.00014767,3.2963e-05,9.7452e-05,1.4528e-07,-1.814e-05,5.9907e-05,8.194e-05,0.00015006,8.8292e-05,4.1626e-05,0,3.9018e-05,6.22e-05,4.5682e-05,5.716e-05,0.0001116,5.5661e-05,7.0418e-05,0.00012253,7.1421e-05,7.8155e-05,3.0183e-05,7.4899e-05,4.6262e-05,6.7297e-05,7.7038e-05,6.4974e-05,7.7748e-05,9.0617e-05,5.4604e-05,7.3396e-05,6.3653e-05,0.00010299,6.8295e-05,5.6896e-05,6.7303e-05,3.0087e-05,2.5966e-05,4.231e-05,2.4414e-05,5.2643e-05,2.8095e-05,4.5874e-05,3.9832e-05,4.4898e-05,8.7323e-05,9.9759e-05,5.2504e-05,8.2994e-05,5.3664e-05,8.5715e-05,3.371e-05,9.2129e-05,6.1412e-05,3.665e-05,1.203e-05,4.1435e-05,5.6719e-05,-8.4852e-06,-2.3481e-05,8.3435e-05,-7.9337e-06,7.6259e-05,3.9591e-05,9.0555e-05,5.0737e-05,8.8728e-05,5.4741e-05,5.5236e-05,4.8184e-05,8.1279e-05,4.7297e-05,8.3037e-05,7.403e-05,4.5452e-05,2.0535e-05,1.3836e-05,7.8773e-05,5.1774e-05,7.6189e-05,4.1089e-05,6.0543e-05,3.5974e-05,3.3259e-05,8.8045e-05,9.7394e-05,4.4355e-05,5.6407e-05,2.8526e-05,4.419e-05,0.00012555,6.5468e-05,7.7291e-05,3.0265e-05,7.2607e-05,9.3538e-05,6.4492e-05,0.00012437,4.5596e-05,7.9777e-05,2.6243e-05,0.00022303,8.07e-05,0.00011102,9.553e-05,4.255e-05,8.8401e-05,2.9946e-05,-5.7192e-06,7.9016e-05,4.1855e-05,6.4948e-06,2.0222e-06,4.7176e-05,8.4595e-05,4.3176e-05,9.3391e-05,4.7461e-05,4.1529e-05,0.00010898,3.0612e-05,0.00010104,5.7041e-05,-0.0016018,7.4064e-05,4.0597e-05,4.9304e-05,6.0723e-05,4.7147e-05,1.2834e-05,2.6259e-05,9.0558e-05,9.3502e-05,8.9974e-05,5.5347e-05,3.9222e-05,-5.2843e-06,3.9819e-05,0.00010073,7.6486e-05,7.8029e-06,0.00010794,6.1611e-05,8.8498e-05,4.6467e-05,5.3145e-05,4.7946e-05,1.0781e-05,8.3713e-05,5.8284e-05,6.4343e-05,2.7857e-05,5.2074e-05,0.00010573,-3.9627e-06,0.00011781,5.9801e-05,6.5717e-05,0.0001463,4.0409e-05,7.8504e-05,7.445e-05,7.2874e-05,6.2506e-06,9.0959e-05,-5.1545e-06,9.2053e-05,2.7957e-05,9.0316e-05,0.00011754,0.00014942,6.5901e-05,7.0641e-05,5.9338e-05,8.9594e-05,8.5951e-05,9.0147e-05,8.8319e-05,7.7675e-05,7.2619e-05
9.4299e-05,2.3597e-05,7.1976e-05,7.6816e-05,-1.7002e-06,4.8994e-05,4.7431e-05,9.0513e-05,8.1969e-05,1.3105e-05,2.2182e-05,2.592e-05,4.7428e-05,2.0592e-05,6.6365e-05,8.2637e-05,-6.1757e-05,4.0695e-05,4.2164e-05,5.7767e-05,-8.3049e-06,3.18e-05,7.465e-05,0.00011558,7.0155e-05,2.3179e-05,-1.313e-05,6.7961e-05,3.5425e-05,6.142e-05,0,6.2315e-06,2.5058e-05,2.4663e-05,3.3441e-05,6.8933e-05,4.3916e-05,2.4425e-07,3.7121e-05,9.5855e-06,4.0999e-05,3.514e-05,4.4825e-05,3.6335e-05,3.6261e-05,2.9374e-05,2.5595e-05,1.1732e-05,3.396e-05,5.4543e-05,4.6483e-05,3.93e-05,9.4101e-05,7.5517e-05,2.8767e-05,0.00010175,1.7729e-05,3.8828e-06,5.3531e-05,8.9621e-06,7.7912e-05,1.5404e-05,2.9769e-05,-9.951e-07,2.3761e-05,6.6199e-05,3.4484e-05,1.4977e-05,1.9115e-05,2.3661e-05,3.9012e-05,7.419e-05,7.9593e-06,7.1485e-05,3.2711e-05,-2.023e-05,2.8151e-05,3.6873e-05,2.4413e-05,6.4453e-05,4.7508e-05,5.5687e-05,3.3723e-05,3.3932e-05,4.3407e-05,4.1687e-05,3.1902e-05,4.4704e-05,6.7896e-05,4.1222e-05,4.3027e-05,3.7612e-05,1.6542e-05,5.3294e-05,2.5758e-05,-1.537e-05,7.8167e-06,7.7069e-06,1.7876e-05,8.1779e-05,-2.518e-05,-2.628e-05,2.6399e-05,-8.6287e-06,-3.9538e-06,6.2729e-05,2.0702e-05,4.453e-05,2.6547e-05,6.5154e-05,4.8566e-05,8.6561e-06,4.4657e-05,6.4167e-06,2.8491e-05,4.053e-05,1.5714e-05,4.3804e-05,4.7068e-05,2.5747e-05,4.5963e-05,6.239e-05,5.8573e-05,7.7474e-05,4.8189e-05,2.4943e-05,7.2571e-05,5.2076e-06,-2.6295e-05,2.6231e-05,6.0132e-05,2.7733e-05,4.7806e-06,3.1512e-05,2.0888e-05,4.1659e-05,3.1568e-05,8.4176e-07,3.5929e-05,3.037e-05,6.4451e-05,2.5614e-05,2.3958e-05,-0.00012019,4.1324e-05,4.9782e-05,2.8394e-05,3.7271e-05,4.5736e-06,2.1342e-05,2.0796e-05,2.4934e-05,6.7637e-05,4.4238e-05,3.4415e-05,5.3173e-05,-1.4251e-05,3.925e-05,2.2562e-05,4.2319e-05,1.9288e-05,2.9591e-05,2.7585e-05,4.3817e-05,3.663e-05,5.2032e-05,2.2079e-05,5.147e-05,2.9128e-05,6.8672e-05,6.0988e-05,-2.6482e-05,2.3632e-05,4.8844e-05,5.3859e-05,3.5005e-05,6.8097e-05,0.00011218,7.6652e-05,2.8978e-05,4.7797e-05,3.8423e-05,3.4935e-05,9.1193e-06,2.7448e-05,1.1355e-05,5.406e-05,5.7033e-06,1.659e-05,-9.84e-06,0.00013138,3.6251e-05,-4.5618e-06,4.0881e-05,8.623e-06,6.1325e-05,5.016e-05,2.1073e-05,5.1618e-05,1.8604e-05
3.2078e-05,7.0132e-05,7.6816e-05,0.0002806,-4.226e-05,6.2372e-05,0.00010377,0.00015384,0.00012628,1.9833e-05,8.6941e-05,4.1381e-05,5.1525e-05,7.9898e-05,6.8517e-05,0.00011856,4.7944e-05,0.00013557,4.1592e-05,0.00012867,-2.0446e-06,9.9094e-05,0.00014493,7.8684e-05,0.00010887,5.2669e-05,5.0989e-06,0.00011011,0.00010765,0.00013233,0,0.00012246,8.2491e-05,5.408e-05,3.1699e-05,7.3981e-05,-7.4403e-05,3.7422e-05,3.2348e-06,1.9221e-05,0.00012151,4.7582e-05,8.799e-05,8.5089e-05,9.1025e-05,6.6392e-05,2.104e-05,9.6012e-05,4.3254e-05,0.00014566,0.00010408,0.00014518,0.00010091,0.00013003,-4.2652e-05,7.0869e-05,0.00011389,9.7216e-06,3.8954e-05,9.1264e-05,7.0582e-05,8.9393e-05,7.0205e-05,-1.2272e-05,6.9022e-05,3.3408e-05,6.7859e-05,1.6966e-05,5.5326e-05,6.2674e-05,0.00013332,9.1237e-05,0.00010192,0.00013461,7.5122e-05,4.5413e-05,5.3207e-05,0.00012555,-1.773e-05,6.0719e-05,0.00010862,0.00017829,0.00011556,6.204e-05,8.289e-05,6.6913e-05,9.6215e-05,8.495e-05,0.00011724,5.8322e-05,5.1936e-05,7.4366e-05,1.8858e-05,0.00016431,3.6844e-05,-7.1244e-06,-8.3632e-06,2.2603e-05,2.4645e-06,0.00015285,-3.7169e-05,3.9353e-05,6.3404e-05,1.249e-06,3.217e-06,9.3191e-05,5.3175e-05,9.8619e-05,2.0622e-05,3.5703e-05,7.3576e-05,6.1462e-05,3.1294e-05,2.1829e-05,0.00010942,0.00011578,3.4208e-05,0.0001148,8.9638e-05,8.5328e-05,6.3633e-07,0.00020812,9.8513e-05,9.24e-05,0.0001548,6.6573e-05,0.00013055,1.8712e-05,-2.0825e-05,0.0001082,0.00013705,3.0502e-05,-9.6525e-06,2.7388e-05,8.508e-05,5.1973e-05,6.8662e-05,9.7804e-05,9.3722e-05,3.5024e-05,0.00015499,-7.5565e-06,1.9398e-05,8.2978e-05,3.7343e-05,0.00010773,0.00012226,8.1768e-05,0.00010055,3.1529e-05,8.773e-05,5.6509e-05,8.0955e-05,0.00012845,0.00010524,8.7601e-05,-1.2788e-05,8.7122e-05,0.00013749,5.9077e-05,2.2132e-05,0.00010469,4.6787e-05,6.0658e-05,8.9396e-05,0.00011762,1.1704e-05,-9.4307e-05,5.8721e-05,9.6957e-05,9.3849e-05,4.6763e-05,6.4905e-05,0.00011824,6.0345e-05,3.9043e-05,6.8661e-05,0.00012616,2.8861e-05,5.1278e-05,6.1481e-05,0.00010323,0.00011472,-1.2645e-05,8.0171e-05,4.1608e-06,7.3069e-05,4.5665e-05,8.0255e-05,5.2158e-05,-3.1559e-05,9.1904e-05,2.9308e-05,-1.3085e-05,1.8638e-05,8.187e-05,0.00013578,6.9993e-05,0.00011483,8.0071e-05
5.2015e-05,2.1823e-05,-1.7002e-06,-4.226e-05,0.00014731,-1.2538e-05,-5.7653e-05,-1.2059e-05,-2.3163e-05,-9.6718e-06,2.0455e-05,-3.6579e-06,-7.2551e-06,-2.7216e-05,4.7786e-05,6.7187e-05,-3.7703e-05,-3.5003e-05,1.2481e-05,-3.08e-05,6.4987e-05,-2.583e-05,-3.7594e-05,7.1625e-05,-4.467e-05,2.3802e-05,1.5228e-05,-1.6557e-05,1.003e-05,-4.5453e-05,0,-6.8951e-05,-4.4278e-06,-3.9513e-06,1.9836e-05,2.3793e-05,2.8816e-05,-3.6614e-06,6.2669e-05,3.1475e-05,-3.9929e-05,2.0996e-05,-5.1289e-06,8.832e-06,3.1791e-07,-2.2303e-05,3.4703e-05,-2.6175e-05,1.3215e-05,-3.4605e-05,3.0414e-05,-4.5235e-05,-7.2938e-05,-2.4937e-05,4.07e-05,-2.5267e-05,5.5365e-05,9.2703e-06,3.1725e-05,-3.2596e-05,0.00011236,1.8462e-05,-7.0039e-06,-4.3303e-05,1.8328e-05,3.0104e-05,3.5927e-05,1.5454e-05,3.5722e-05,2.5321e-06,1.2686e-05,-3.8099e-05,-7.6514e-06,-2.3339e-05,4.8544e-06,-1.2008e-05,-9.6771e-06,-3.9439e-05,-3.2438e-05,5.894e-06,1.4174e-05,-5.9351e-05,-6.5528e-06,-8.5785e-06,1.5834e-05,1.4826e-05,-2.5001e-05,5.843e-05,-3.1594e-05,-4.3832e-06,1.3947e-05,-2.2534e-06,4.6824e-05,4.0358e-06,-2.5793e-06,1.3665e-05,4.5847e-06,-7.43e-06,1.4599e-05,-3.9507e-05,-6.9927e-05,-4.6212e-05,3.1714e-05,3.077e-05,6.5345e-05,1.8299e-05,3.1274e-06,8.0379e-06,1.6579e-05,2.1973e-05,3.2443e-06,-5.3975e-05,8.622e-07,-2.0863e-08,-1.6306e-05,-1.489e-05,-2.8189e-05,6.0293e-06,7.4169e-06,2.4611e-06,4.1343e-05,-3.7324e-05,4.0123e-05,-6.8788e-06,-7.5133e-06,-3.0131e-05,2.666e-05,-1.4522e-05,-1.4598e-05,2.9006e-07,-8.0767e-05,-1.9834e-05,4.0075e-05,2.6859e-05,1.8853e-05,3.8345e-05,4.1759e-05,-4.4433e-05,-1.6622e-05,6.2206e-05,-3.2497e-05,2.6169e-05,9.4197e-06,-0.00053645,-9.2348e-07,1.4267e-05,4.0668e-05,2.2887e-05,3.1869e-05,2.4093e-05,-3.5055e-05,2.7208e-05,-3.5336e-06,-4.1702e-06,-1.4165e-06,1.7035e-06,-3.8545e-06,7.9077e-06,4.5015e-05,1.6582e-05,3.671e-05,-5.9714e-06,2.2645e-05,-4.034e-05,-2.8202e-05,-1.5004e-05,1.9029e-05,0.00020176,7.0918e-06,-5.8091e-05,4.1073e-05,-3.8145e-05,-2.4172e-06,1.1107e-05,-1.7369e-05,2.384e-05,-7.0065e-06,7.2755e-05,0.00012097,-9.9113e-06,9.0189e-06,-1.9801e-05,-4.1544e-06,5.6505e-06,4.7849e-05,5.4732e-05,3.2374e-05,1.0107e-05,-9.2884e-06,4.3299e-05,-2.1045e-05,7.2348e-06,7.0256e-05,7.429e-05,5.8891e-05,-2.0817e-06,-4.0527e-05,-1.9768e-05,-1.0744e-05,-4.1395e-05
0.00026924,9.6027e-05,4.8994e-05,6.2372e-05,-1.2538e-05,0.00033605,9.083e-05,3.7262e-05,0.00011355,0.00014348,8.455e-05,0.0001307,0.00012258,4.5609e-05,5.1795e-05,7.8635e-05,-2.979e-05,6.5711e-05,5.7273e-05,6.3514e-05,9.8571e-05,8.0015e-05,0.00015244,0.00026897,7.7117e-05,-9.7047e-06,4.6052e-05,0.00010413,0.00013272,8.7874e-05,0,0.00012536,7.3218e-05,4.2847e-06,2.097e-06,9.5502e-05,0.00024134,8.5653e-05,0.00027026,3.4757e-05,4.4028e-05,7.6785e-05,0.00010558,5.2211e-05,4.6692e-05,7.3163e-06,3.6968e-05,5.4494e-05,0.00014679,9.8219e-05,8.1995e-05,6.003e-05,0.00023452,0.00011767,9.6747e-05,0.00015946,7.1503e-05,3.4121e-05,3.7545e-05,1.355e-05,5.6782e-05,0.00024972,2.7825e-05,1.0814e-05,8.8956e-05,0.00030265,7.1022e-05,5.8788e-05,0.00012352,3.9579e-05,4.9732e-05,2.5889e-06,-2.2946e-05,9.9408e-05,5.1304e-05,1.3479e-05,8.8026e-05,6.2772e-05,8.9919e-05,-3.4613e-05,3.3375e-05,-9.9966e-06,3.4241e-05,0.00011063,5.7682e-06,2.6003e-05,2.7368e-05,8.9065e-05,7.6984e-05,3.7033e-06,6.4421e-05,-7.3863e-06,8.0671e-05,5.4816e-05,0.00022443,-1.5394e-06,1.9571e-05,5.0265e-05,6.3755e-05,8.4696e-05,6.1192e-05,-9.4858e-06,5.7457e-05,3.8561e-05,5.8027e-05,5.4611e-05,3.8434e-05,5.3743e-05,7.628e-05,-5.9116e-05,0.00012259,4.0173e-05,9.2537e-05,-6.9501e-06,8.063e-06,0.00011378,8.791e-05,6.4082e-05,0.00012686,7.2287e-05,3.188e-05,0.00010286,7.412e-05,0.00031141,6.1405e-05,9.4091e-05,0.00015696,8.412e-05,7.1688e-05,8.0003e-05,7.0074e-05,7.6396e-05,3.2068e-05,2.5709e-05,6.2527e-05,8.7742e-05,0.00028714,3.38e-05,-4.5989e-06,7.4919e-05,-1.8363e-05,0.00021699,5.6554e-05,-0.0011086,0.00012127,0.0001001,0.0001671,6.2e-05,6.0646e-05,1.8375e-05,-3.1302e-05,5.119e-05,0.00017466,0.00010283,9.5766e-05,4.1487e-05,8.6803e-05,5.6309e-05,5.0379e-05,5.5928e-05,1.2631e-05,7.0103e-05,0.00016967,4.2096e-05,3.0089e-05,0.00017461,5.0671e-05,0.00013392,0.00011849,0.00014699,3.4232e-05,8.8709e-06,3.9049e-05,8.9282e-05,2.4722e-05,5.2278e-05,3.4387e-05,6.279e-05,0.00043986,2.9466e-05,0.0001242,0.00015927,0.0001019,3.8561e-05,-4.9764e-06,6.2047e-08,7.4877e-05,1.1678e-05,9.2341e-05,2.9935e-05,0.00064604,7.4191e-05,-5.5071e-05,0.0001758,0.00020704,0.0001984,8.0326e-05,0.00010451,4.2283e-05,4.6032e-05
5.1722e-05,3.4996e-05,4.7431e-05,0.00010377,-5.7653e-05,9.083e-05,0.00013676,6.4887e-05,0.00010035,7.2121e-05,2.6852e-05,3.8805e-05,4.1329e-05,4.6963e-05,3.9404e-05,3.5112e-05,4.0169e-05,5.9046e-05,2.4702e-05,5.443e-06,1.1199e-05,5.3923e-05,2.5632e-05,2.7016e-05,3.1098e-05,2.3754e-06,1.8995e-06,9.5899e-05,3.9427e-05,0.00010594,0,8.4065e-05,1.9854e-05,1.9502e-05,1.4567e-05,7.1214e-05,2.7864e-05,1.6365e-05,6.7575e-06,-1.6049e-06,4.532e-05,4.5349e-05,3.7551e-05,3.6799e-05,3.3931e-05,3.5236e-05,1.1349e-05,3.5677e-05,0.00010873,6.6615e-05,2.6781e-05,6.4689e-05,0.00010905,0.00010553,-2.5753e-05,0.00010564,1.2747e-05,1.406e-05,2.2772e-05,2.8937e-05,2.1534e-05,3.818e-05,3.885e-05,-8.2359e-06,4.8463e-05,6.7144e-05,2.2039e-05,1.4843e-05,3.4144e-05,1.4208e-05,2.8269e-05,8.2823e-05,3.8945e-05,0.00010761,2.4323e-05,4.119e-05,5.9499e-07,6.3436e-05,-3.8228e-06,-1.6238e-05,8.2494e-05,5.0717e-05,5.8676e-05,2.1934e-05,1.1198e-06,3.5875e-05,-1.3223e-06,9.2866e-06,7.6756e-05,4.0012e-05,4.1312e-05,3.5775e-05,1.6736e-05,5.9815e-05,0.00010048,5.5318e-06,-5.5642e-06,-1.0686e-06,1.441e-05,8.1245e-05,4.0288e-05,3.7288e-05,1.4462e-05,-2.0681e-05,1.634e-05,6.2496e-05,9.4137e-06,5.2477e-05,2.1264e-05,3.1892e-05,5.7509e-05,5.3638e-05,5.6866e-05,1.6956e-05,2.4291e-05,6.1365e-05,2.4616e-05,6.8219e-05,6.494e-05,3.5063e-05,3.4936e-05,5.318e-05,6.5391e-05,4.2725e-05,9.5946e-05,3.7456e-05,8.0666e-05,2.863e-06,3.8614e-06,4.5252e-05,8.1668e-05,3.5475e-05,-2.9008e-05,3.4333e-05,5.1622e-06,2.957e-05,4.9259e-05,6.1948e-05,2.1532e-05,4.8377e-05,0.00011093,3.9405e-05,1.1577e-05,-3.7126e-06,6.3359e-05,5.8542e-05,4.9744e-05,2.9568e-05,-1.4169e-05,1.8714e-05,5.0081e-05,1.8266e-06,7.2393e-05,7.1958e-05,8.157e-05,3.7388e-05,-9.1699e-06,3.6481e-05,-3.2138e-05,2.4777e-05,-2.636e-05,7.5556e-05,6.8907e-05,8.5804e-05,4.6719e-05,0.00013809,2.2555e-05,-2.3846e-05,2.8846e-05,2.3192e-05,5.3203e-05,1.6342e-05,1.5852e-05,5.6356e-05,5.4084e-05,2.3175e-05,1.8373e-05,5.1682e-05,0.00012502,4.121e-05,7.5123e-06,4.889e-05,5.7189e-05,3.0601e-05,1.5345e-05,-8.7495e-06,3.5346e-05,-2.849e-05,3.8509e-05,9.0068e-06,9.2445e-05,1.4213e-05,-2.3521e-05,4.0227e-05,2.1893e-05,2.3525e-06,9.7344e-05,4.1996e-05,4.8857e-05,4.8301e-05
4.7548e-05,9.6297e-05,9.0513e-05,0.00015384,-1.2059e-05,3.7262e-05,6.4887e-05,0.00038847,0.00015646,2.4148e-05,7.7842e-05,0.00010984,0.00010656,6.7023e-05,0.00010968,7.8546e-05,-3.5055e-05,7.7254e-05,6.4445e-05,0.00011326,8.4391e-05,6.2119e-05,0.0001302,3.8536e-05,-1.4846e-05,9.9736e-05,8.9864e-05,0.00024209,3.961e-05,0.00014188,0,-1.6891e-05,8.0479e-05,6.7073e-05,0.00010801,8.8432e-05,0.00013826,-1.1258e-05,-4.6795e-05,3.8763e-05,0.00013867,8.9088e-05,7.8271e-05,0.00012912,0.00012953,0.00011014,4.8476e-05,5.9033e-05,0.00014443,0.00012585,9.9764e-05,0.00019722,0.00012731,0.00016701,5.8446e-05,0.00016565,0.00011022,3.2547e-05,9.8025e-05,0.00010809,6.6291e-05,2.0323e-06,0.000108,-9.7908e-07,6.45e-05,5.7016e-05,0.00027256,6.8932e-05,9.1299e-05,0.00011036,0.00010714,0.00012698,4.5574e-05,0.00011353,0.00011076,-5.1548e-05,0.00010131,4.4948e-05,0.00010055,-6.5963e-05,0.0001419,0.00018638,0.00011817,8.9873e-05,0.00015048,8.2832e-05,0.00015585,5.7638e-05,0.00012659,0.00011286,1.2118e-06,4.4229e-05,7.9547e-05,0.00013626,9.4954e-06,-1.9511e-05,-2.0291e-06,6.8437e-06,0.00010502,0.00012359,9.8518e-05,2.3141e-06,0.00010255,1.6378e-05,5.1421e-05,0.00017779,8.9148e-05,0.00010971,1.6602e-05,6.2959e-06,0.0001432,4.5095e-05,2.4181e-05,3.698e-05,4.6117e-05,0.00012919,-5.9862e-06,0.00010531,6.9302e-05,4.9657e-05,9.5648e-06,0.00030461,9.234e-05,8.3598e-05,0.00014393,8.6121e-05,0.0001234,3.1805e-05,-3.73e-05,0.00010435,0.00010362,5.2542e-05,7.4187e-05,8.0856e-05,9.5697e-05,4.3803e-06,-5.271e-05,-3.1744e-05,0.00010157,7.193e-05,0.00012299,2.0277e-05,1.2501e-05,-0.00020802,0.00011767,0.00010852,1.3642e-05,0.00010742,8.9121e-05,0.00011914,0.00013754,6.1907e-05,0.00011527,0.00014683,0.00011041,0.00014987,-1.7331e-05,0.00011539,0.00017414,0.00011314,5.5913e-05,6.9308e-05,2.3321e-05,0.00016408,0.00010657,5.0432e-05,3.681e-05,3.8955e-05,1.3643e-05,0.00011254,0.00013463,5.3926e-05,5.0265e-05,0.00012861,2.3557e-05,3.8389e-05,0.00018819,0.00020186,0.00013076,9.0997e-05,0.000105,6.9996e-05,8.8074e-05,8.3196e-06,8.8428e-05,2.8614e-05,5.5291e-05,8.3124e-05,7.9324e-05,5.1753e-06,6.0222e-05,6.7606e-05,3.2619e-05,5.352e-05,-3.2905e-05,0.00013373,0.00014444,7.9312e-05,0.00012203,8.4017e-05
0.00021253,9.1525e-05,8.1969e-05,0.00012628,-2.3163e-05,0.00011355,0.00010035,0.00015646,0.00032755,7.6194e-05,4.3903e-05,1.0116e-05,0.00012307,6.9058e-05,9.8721e-05,0.00013646,2.0879e-05,6.7487e-05,7.623e-05,4.6457e-05,9.7039e-05,5.9244e-05,0.00017291,0.00027668,-5.1358e-05,3.8947e-05,-2.2386e-05,0.00017906,8.6536e-05,0.00015583,0,7.0844e-05,0.00016017,0.00011845,8.3974e-05,8.7544e-05,0.00016053,9.5553e-05,0.00011312,1.3797e-05,8.7297e-05,8.6418e-05,0.00012504,9.5125e-05,0.00011945,5.2308e-05,1.6708e-05,6.8118e-05,0.00017463,0.00015791,7.6124e-05,0.00011307,4.8327e-06,0.00013865,0.00011254,0.00017189,0.00012657,2.4581e-05,9.5332e-05,3.3946e-05,0.0001151,6.3046e-05,5.3653e-05,-2.0972e-05,4.4694e-05,0.0001454,4.2006e-05,1.3086e-05,7.9622e-05,0.00010573,9.7128e-05,0.00011903,0.00010764,0.00011065,0.00010247,-5.5968e-05,-2.7016e-05,7.3715e-05,-1.7703e-05,-2.9879e-05,0.0001445,4.6202e-05,9.4479e-05,1.3232e-05,0.0001125,5.1607e-05,8.2339e-05,6.798e-05,0.0001488,7.4448e-05,5.3587e-05,8.7657e-05,3.6481e-05,0.00010002,9.0073e-05,-2.6682e-05,1.3276e-05,3.2425e-05,1.5213e-05,0.00010582,-1.4732e-05,-6.9351e-05,3.809e-05,3.0259e-05,4.2859e-05,0.00013547,7.9759e-05,8.9622e-05,5.0855e-05,1.8881e-05,6.7678e-05,5.1167e-05,4.9698e-05,1.0754e-05,7.1062e-05,8.5928e-05,4.2526e-05,9.878e-05,0.00010547,0.00011318,5.2758e-05,0.0001061,0.00011201,0.00026846,0.00016257,8.4849e-05,0.00010601,5.656e-05,2.3905e-05,8.6713e-05,0.00014917,-1.8677e-05,-2.9059e-05,5.6277e-05,9.892e-05,1.9234e-05,4.4458e-05,5.0809e-05,6.1685e-05,9.7121e-05,9.2598e-05,0.0001378,4.6159e-05,-0.00066303,5.4893e-05,8.8559e-05,9.6205e-05,9.2379e-05,0.00011506,5.0714e-05,2.1518e-05,4.2874e-05,0.00014112,0.00012225,9.1683e-05,9.8515e-05,5.31e-05,0.00011903,7.1134e-06,8.6456e-05,4.7094e-06,9.6054e-05,0.00011215,0.0001531,8.9597e-05,0.00014147,4.2937e-05,-5.1918e-06,8.2341e-05,0.00013243,6.1675e-05,1.9603e-05,8.7915e-05,0.00012636,3.4603e-06,6.5531e-05,-1.1187e-05,0.0001468,0.00033634,5.5649e-05,8.1414e-05,5.243e-05,0.00010889,-1.7136e-05,4.715e-05,5.5906e-07,7.5498e-05,3.9516e-05,0.00011084,9.0308e-05,0.00030502,5.103e-05,2.578e-05,5.9309e-05,7.7682e-05,7.4887e-05,0.00011518,6.1675e-05,0.00010066,4.7012e-05
0.00011613,6.8322e-05,1.3105e-05,1.9833e-05,-9.6718e-06,0.00014348,7.2121e-05,2.4148e-05,7.6194e-05,0.00018475,1.9102e-05,2.7467e-05,3.0115e-05,5.153e-05,8.8572e-06,-8.5188e-06,6.4142e-06,7.4242e-05,5.5048e-05,-8.7183e-06,5.833e-05,6.3036e-05,-6.6603e-05,0.0001265,4.9429e-06,2.4321e-05,1.6162e-05,0.00011087,6.0918e-05,2.6702e-05,0,9.1168e-05,6.2365e-05,2.5135e-05,1.2322e-05,4.9156e-05,0.00015558,6.2292e-05,9.4953e-05,1.787e-05,1.2655e-05,7.359e-05,2.6232e-05,2.7096e-05,3.6875e-05,1.1493e-05,5.2199e-05,5.407e-05,0.00015804,4.001e-05,2.6344e-05,4.0642e-05,0.00015184,4.3114e-05,5.8258e-05,0.00010597,5.341e-05,2.3398e-05,4.8624e-05,3.848e-05,8.8424e-05,5.8356e-05,2.3837e-05,2.0557e-05,-2.8178e-05,0.0001224,4.4962e-05,5.1984e-05,6.1218e-05,2.6297e-05,1.6412e-05,1.1936e-05,1.0747e-05,5.6869e-05,3.5988e-05,-1.5263e-05,7.1369e-06,4.255e-05,4.0675e-05,-2.364e-05,2.358e-05,6.3432e-06,2.1636e-05,-1.5903e-06,-2.272e-05,8.3711e-06,-9.8268e-06,1.674e-05,1.3618e-05,4.6628e-05,5.9849e-05,-2.5578e-07,3.9079e-05,1.7355e-05,5.0905e-05,7.1532e-06,1.4338e-05,2.3135e-05,-6.0552e-06,1.4606e-05,5.8845e-05,2.5016e-05,2.3692e-07,3.8123e-05,4.5869e-05,8.9547e-05,2.9993e-05,1.9077e-05,2.5218e-05,-8.9714e-06,9.4094e-05,2.71e-05,6.9718e-05,1.983e-05,1.0336e-05,4.4199e-05,4.8358e-05,8.3369e-05,5.3619e-05,3.3555e-05,-1.5377e-05,-4.3958e-05,1.5506e-05,0.00015352,5.013e-05,3.3951e-05,9.587e-05,4.7133e-05,6.8173e-05,2.9146e-05,3.561e-05,1.4977e-05,1.9572e-05,4.581e-05,2.3044e-05,1.7282e-05,3.0133e-05,4.674e-05,-2.6396e-05,5.4129e-05,1.9446e-05,0.00014219,2.9729e-05,-0.00073453,0.00010371,1.922e-05,2.0035e-05,6.1123e-06,-4.2669e-05,4.6211e-05,-9.6048e-06,9.1251e-06,7.6796e-05,7.3143e-05,8.975e-05,-6.9518e-06,5.234e-06,4.1487e-05,4.0035e-06,3.1489e-05,-1.722e-05,8.5976e-05,9.7459e-05,7.491e-05,5.2375e-05,8.4596e-05,5.7098e-05,0.00020971,6.5777e-05,4.7042e-05,6.1873e-05,7.766e-05,3.9516e-05,6.6552e-05,5.3175e-05,3.9278e-05,-4.3538e-06,7.7628e-05,0.00020995,2.1203e-05,4.2165e-05,3.7577e-05,6.8597e-05,4.0137e-05,2.1004e-05,-9.4141e-06,-2.6313e-05,-9.2944e-06,5.641e-05,6.6428e-05,0.00036731,1.5747e-05,6.8608e-05,8.9713e-05,8.0973e-05,7.0945e-05,6.895e-05,5.2621e-05,1.7466e-05,5.1621e-05
5.1731e-05,4.3386e-05,2.2182e-05,8.6941e-05,2.0455e-05,8.455e-05,2.6852e-05,7.7842e-05,4.3903e-05,1.9102e-05,0.00014709,8.6437e-05,6.4269e-05,5.9925e-05,0.00010082,2.9856e-05,1.5996e-05,4.7766e-05,3.4745e-05,0.00010602,9.3932e-05,6.7569e-05,0.00017206,5.0149e-05,7.7077e-05,4.4124e-05,5.5876e-05,6.7325e-05,7.1819e-05,5.7174e-05,0,7.793e-05,8.7436e-05,2.6631e-05,5.3273e-05,8.8212e-05,2.3389e-05,3.4881e-05,6.6962e-05,1.1724e-05,7.8626e-05,8.1481e-05,9.4297e-05,3.6185e-05,7.3591e-05,4.576e-05,5.4892e-05,4.3798e-05,8.0027e-05,6.4135e-05,4.478e-05,9.2106e-05,6.7307e-05,0.00012479,7.635e-05,9.6793e-05,9.4714e-05,1.9331e-05,1.5805e-05,2.3966e-05,7.7538e-05,0.0001503,5.7943e-05,1.1911e-05,7.3079e-05,5.3843e-05,5.4859e-05,2.3001e-05,0.00011169,7.3829e-05,8.2733e-05,5.72e-05,5.9262e-05,3.0845e-05,6.5433e-05,5.3728e-05,5.7738e-05,5.9579e-05,4.2198e-05,-3.6439e-05,7.2082e-05,8.5873e-05,4.3138e-05,6.4147e-05,2.6292e-05,3.1998e-05,6.9755e-05,4.4601e-05,8.7583e-05,4.8356e-05,1.2438e-05,2.7401e-05,4.2714e-05,6.3394e-05,1.91e-05,4.012e-08,-2.4616e-05,2.0016e-05,2.7879e-05,2.9284e-05,-2.2754e-05,4.4387e-05,6.7719e-05,-9.3035e-06,2.288e-05,3.0946e-06,5.8747e-05,6.7189e-05,5.7521e-05,-2.3594e-05,6.961e-05,1.533e-05,1.5187e-05,2.6287e-05,5.7016e-05,9.5746e-05,2.6806e-05,4.6204e-05,7.6654e-05,6.6873e-05,-1.3044e-05,2.4721e-05,7.7004e-05,0.00012374,7.6624e-05,2.0438e-05,0.00010664,2.1427e-05,2.4077e-05,8.019e-05,6.5643e-05,6.7989e-05,3.8138e-05,3.2219e-05,5.6697e-05,7.3435e-05,0.00015396,2.172e-05,6.0368e-05,0.00011904,2.8234e-06,5.9379e-05,6.3896e-06,-0.00064533,3.2357e-05,5.7251e-05,8.8117e-05,7.8732e-05,0.000143,5.2569e-05,3.387e-05,3.9822e-05,7.1922e-05,8.2409e-05,9.7085e-05,5.7439e-05,2.6585e-05,7.6555e-05,7.3037e-05,4.4367e-05,6.7109e-05,6.0687e-05,6.922e-05,1.9831e-05,3.0218e-05,0.00010894,1.6557e-05,2.3756e-05,4.8508e-05,2.3978e-05,8.5839e-05,3.1101e-05,6.3069e-05,4.8774e-05,3.5243e-05,3.4983e-05,8.3317e-05,4.7033e-05,8.1713e-05,4.0271e-05,6.2512e-05,0.00010104,6.8413e-05,-1.1245e-06,6.3705e-05,2.3345e-05,3.2159e-05,7.358e-05,7.0403e-05,3.6821e-05,4.2061e-05,6.0906e-05,7.2255e-05,7.9855e-05,8.8979e-05,0.00010426,7.1638e-05,2.8757e-05,4.4281e-05,4.7794e-05
1.2092e-05,7.3182e-05,2.592e-05,4.1381e-05,-3.6579e-06,0.0001307,3.8805e-05,0.00010984,1.0116e-05,2.7467e-05,8.6437e-05,0.00021539,6.6727e-05,5.4403e-05,4.3311e-05,9.2353e-06,-3.0776e-06,6.2873e-05,2.2898e-05,7.0157e-05,0.00010419,5.0502e-05,0.00011045,8.3273e-05,2.7565e-05,1.1302e-05,0.00011524,0.00015766,5.1789e-05,7.211e-05,0,7.1677e-05,3.9582e-05,-1.0753e-05,1.6401e-05,0.00010799,9.488e-05,3.2509e-06,0.00010806,2.4811e-05,6.0608e-05,6.6703e-05,9.7864e-05,3.5607e-05,4.7518e-05,8.0326e-05,2.2748e-05,-4.4454e-06,0.00015861,1.8781e-05,5.496e-05,7.5776e-05,0.00011575,8.5946e-05,3.6473e-05,0.00011243,-2.6396e-05,6.8799e-06,3.4862e-05,-1.7273e-05,-5.8644e-05,6.316e-05,4.3841e-05,5.9366e-05,6.4622e-05,4.8877e-05,0.00010122,5.6038e-05,0.00014522,4.5971e-05,3.6781e-05,4.658e-05,2.5557e-05,5.4706e-05,3.501e-05,0.00013587,6.835e-05,4.4061e-05,8.4817e-05,-6.0197e-05,3.1149e-05,1.4973e-05,3.7983e-05,0.00011097,2.9798e-05,4.9545e-05,6.4108e-05,3.5796e-05,6.6853e-05,4.5851e-05,-7.9872e-06,-2.8147e-06,6.7633e-05,4.8945e-05,5.6224e-05,4.2425e-05,-1.128e-05,3.6308e-05,8.7809e-05,5.7646e-05,3.7734e-05,8.6432e-05,9.8908e-05,-1.7639e-06,5.6665e-05,-1.2988e-05,3.4891e-05,3.2847e-05,1.9137e-05,6.6723e-06,0.00013198,5.1457e-05,4.7508e-05,2.6811e-05,5.1531e-05,0.00011275,3.9783e-05,4.578e-05,7.6626e-05,2.9822e-06,3.6519e-05,0.00012465,3.6692e-05,6.5149e-05,5.5686e-05,1.4934e-05,7.0932e-05,4.6422e-05,-3.6557e-05,4.2089e-05,3.4232e-05,0.00010184,6.4874e-05,7.0059e-05,4.5399e-05,4.7028e-05,7.4107e-05,-1.4935e-05,3.4403e-05,9.4221e-05,2.3571e-05,5.0739e-05,2.0449e-05,-0.00087102,0.00010904,4.8633e-05,4.298e-06,2.9568e-05,0.00011203,4.2842e-05,-5.0882e-06,2.9736e-05,0.00013666,4.9576e-05,4.4132e-05,4.7383e-05,3.1573e-05,3.2564e-05,0.00012045,8.4316e-05,3.6912e-05,7.557e-05,6.1431e-05,6.3628e-05,4.3437e-05,8.5558e-05,1.7116e-05,-8.1665e-05,3.6849e-05,3.0463e-05,5.4178e-05,2.3255e-05,1.167e-05,5.1192e-05,-4.9124e-05,5.8499e-05,0.00015455,0.00011243,0.00021534,3.7037e-05,5.509e-05,0.00010313,6.5424e-05,4.49e-05,6.8544e-05,3.9299e-05,5.2932e-05,3.7406e-05,3.2529e-05,-5.0469e-06,3.9374e-05,6.3156e-05,-8.185e-05,0.0001246,7.9543e-05,0.0001246,5.114e-05,5.1165e-05,6.6455e-05,5.1851e-05
0.00016865,6.4598e-05,4.7428e-05,5.1525e-05,-7.2551e-06,0.00012258,4.1329e-05,0.00010656,0.00012307,3.0115e-05,6.4269e-05,6.6727e-05,0.00010511,3.0513e-05,7.8195e-05,6.8171e-05,3.2738e-06,9.6792e-06,3.0945e-05,6.7611e-05,7.6101e-05,3.4188e-05,0.00017274,0.00015197,-1.6249e-06,2.8052e-05,2.9444e-05,9.6011e-05,7.4195e-05,0.00010022,0,3.1807e-05,8.495e-05,3.3049e-05,5.7964e-05,7.9668e-05,2.128e-05,3.7954e-05,9.8504e-05,1.0449e-05,6.5047e-05,5.2453e-05,7.0648e-05,5.2852e-05,7.1303e-05,3.8212e-05,2.6384e-05,4.26e-05,8.5495e-05,8.9765e-05,5.4743e-05,5.2358e-05,9.4946e-05,0.00010991,8.4889e-05,8.747e-05,6.4789e-05,2.0105e-05,4.2839e-05,1.4614e-05,4.0208e-05,0.00011135,3.5801e-05,6.644e-06,7.1478e-05,0.00013809,6.283e-05,1.7191e-05,7.3298e-05,7.2341e-05,6.5309e-05,6.336e-05,1.2176e-05,4.6385e-05,6.0191e-05,-2.9081e-05,5.4378e-05,4.9057e-05,5.3614e-05,-4.1482e-05,6.5048e-05,3.0909e-05,4.1172e-05,4.5374e-05,5.5191e-05,3.439e-05,7.7283e-05,4.2756e-05,8.1789e-05,2.5878e-05,3.2486e-05,3.1135e-05,3.6134e-05,4.4583e-05,8.3581e-05,-1.6805e-05,-2.7349e-06,2.1691e-05,5.962e-05,7.7403e-05,4.2122e-06,-2.6621e-05,3.6444e-05,1.5505e-05,2.7298e-05,5.7003e-05,4.9552e-05,5.5965e-05,5.5534e-05,-1.0814e-05,7.068e-05,3.5476e-05,3.7928e-05,2.7607e-06,3.4853e-05,7.3126e-05,3.8594e-05,4.5784e-05,6.6043e-05,6.4468e-05,3.3035e-05,0.00012429,7.5944e-05,0.00016195,4.7618e-05,3.5997e-05,9.6586e-05,2.4692e-05,3.5477e-06,5.8222e-05,6.9193e-05,2.6244e-05,1.5379e-05,2.7466e-05,5.134e-05,5.2573e-05,0.00010151,1.0202e-05,4.1199e-05,7.9099e-05,2.8507e-05,0.0001042,2.9387e-05,-0.00057491,6.452e-05,6.2846e-05,7.4025e-05,6.9056e-05,9.2912e-05,2.806e-05,2.257e-05,4.5911e-05,9.5527e-05,6.7088e-05,6.0334e-05,6.5786e-05,4.3285e-05,6.898e-05,3.9496e-05,5.7919e-05,3.8594e-05,4.1684e-05,6.2627e-05,5.8976e-05,2.065e-05,8.2945e-05,2.2623e-05,7.5911e-06,5.771e-05,6.0366e-05,3.8904e-05,-8.0586e-06,4.2244e-05,5.8434e-05,2.9776e-05,3.3689e-05,5.3905e-05,7.8419e-05,0.00023759,2.8732e-05,6.7414e-05,9.2956e-05,5.0791e-05,-7.7797e-06,2.324e-05,-2.3992e-07,6.3591e-05,4.8028e-05,6.0474e-05,1.9192e-05,0.0003014,5.1087e-05,-9.9602e-06,0.00010616,7.5022e-05,0.00014539,6.5896e-05,5.1895e-05,5.4986e-05,3.7008e-05
2.6644e-05,3.6877e-05,2.0592e-05,7.9898e-05,-2.7216e-05,4.5609e-05,4.6963e-05,6.7023e-05,6.9058e-05,5.153e-05,5.9925e-05,5.4403e-05,3.0513e-05,9.0355e-05,4.5612e-06,4.0706e-06,6.2503e-05,8.9125e-05,4.3122e-05,8.2605e-05,5.1096e-05,5.7681e-05,4.761e-05,-4.7778e-05,3.1145e-05,1.2459e-05,2.7681e-05,8.3937e-05,5.568e-05,8.2631e-05,0,8.7099e-05,7.8379e-05,4.6428e-05,3.1191e-05,5.0878e-05,-3.7684e-05,3.2035e-05,3.0401e-05,1.0136e-05,5.6983e-05,5.1002e-05,8.4506e-05,3.8624e-05,5.989e-05,5.0899e-05,2.5633e-05,4.4033e-05,0.00010947,5.7583e-05,4.8736e-05,8.19e-05,3.7961e-05,6.1718e-05,1.0043e-05,7.0181e-05,9.4678e-05,1.5519e-05,4.6884e-05,4.2614e-05,7.4095e-06,1.7967e-05,5.2338e-05,5.7149e-05,2.1567e-05,-4.6621e-06,3.8611e-05,2.8567e-05,6.7612e-05,6.4038e-05,5.3691e-05,6.1238e-05,4.1357e-05,7.1387e-05,6.1066e-05,2.4156e-05,2.9676e-05,5.9321e-05,4.471e-05,1.4634e-05,5.752e-05,8.2566e-05,4.2704e-05,3.2372e-05,2.1091e-05,1.3702e-05,4.6057e-05,3.1189e-05,6.0714e-05,5.71e-05,6.226e-06,1.7898e-05,3.0298e-05,5.2958e-05,-7.8691e-06,3.4275e-05,-1.3193e-05,2.4069e-05,1.2235e-05,3.9771e-05,6.9294e-06,4.164e-05,4.0548e-05,-3.0766e-06,5.2664e-06,6.7518e-05,3.5575e-05,4.1615e-05,2.0094e-05,1.9748e-05,4.7507e-05,2.6363e-05,3.6694e-05,2.0287e-05,7.4131e-05,5.5503e-05,3.7689e-05,6.2864e-05,6.961e-05,2.7978e-05,1.2216e-05,2.8605e-05,2.7099e-05,8.541e-05,7.4709e-05,2.9972e-05,6.867e-05,2.3788e-05,2.3603e-05,5.7052e-05,9.0402e-05,4.316e-05,-5.5546e-06,4.2932e-05,3.7419e-05,1.4084e-05,-1.9979e-05,6.9617e-05,2.6101e-05,6.0434e-05,4.6388e-05,4.4729e-05,9.1722e-06,-0.00043539,5.2452e-05,4.2472e-05,-1.5655e-05,3.6265e-05,7.7353e-05,4.7702e-05,2.9274e-05,8.2654e-06,9.363e-05,7.0007e-05,7.7264e-05,3.6584e-05,-7.0281e-05,5.1629e-05,8.6865e-05,4.7902e-05,3.3233e-05,5.7989e-05,5.1238e-05,6.0682e-05,5.9021e-05,8.9133e-05,2.9542e-05,-2.0169e-05,1.9046e-05,1.6393e-05,7.675e-05,5.6764e-05,3.3076e-05,6.142e-05,1.0221e-05,2.9645e-05,6.4879e-05,7.2081e-05,7.5164e-05,3.1714e-05,5.3955e-05,5.8425e-05,7.8274e-05,-4.1524e-06,4.8596e-05,1.9911e-05,-1.1383e-05,3.7663e-05,4.5048e-05,4.3858e-05,-4.8994e-05,2.0351e-05,1.7116e-05,4.3731e-06,1.3707e-05,7.997e-05,6.0987e-05,1.9667e-05,4.859e-05,5.4895e-05
0.00011948,6.4414e-05,6.6365e-05,6.8517e-05,4.7786e-05,5.1795e-05,3.9404e-05,0.00010968,9.8721e-05,8.8572e-06,0.00010082,4.3311e-05,7.8195e-05,4.5612e-06,0.000192,0.00010141,-0.00011788,-2.3536e-05,4.8924e-05,5.4811e-05,9.2048e-05,2.4361e-05,0.00018676,0.000117,9.3338e-05,6.9959e-05,2.7908e-05,0.00010607,5.3115e-05,3.4842e-05,0,-2.1902e-05,5.9775e-05,2.5134e-05,8.5439e-05,0.00012552,0.00012379,1.4962e-05,6.4689e-05,2.7607e-05,5.5572e-05,7.3563e-05,6.4049e-05,3.3934e-05,6.3031e-05,3.2984e-05,6.9293e-05,4.2754e-05,6.2885e-05,4.9851e-05,2.672e-05,4.4052e-05,6.5841e-05,0.00014416,0.00011501,0.00013295,2.2317e-05,2.5302e-06,3.6936e-05,-3.2524e-05,0.0001739,0.00010284,3.6599e-05,-3.555e-05,4.4664e-05,0.00010053,2.2667e-05,9.4852e-06,6.969e-05,3.6051e-05,7.8376e-05,0.0001235,8.8856e-05,3.5044e-05,3.3747e-05,2.1128e-05,9.3582e-06,4.8991e-05,-1.561e-05,-1.2882e-06,0.00010465,1.7408e-05,4.9783e-05,4.3972e-05,6.4022e-05,7.4754e-05,4.2579e-05,3.4844e-05,9.8441e-05,5.8068e-05,8.8088e-05,6.2287e-05,4.3817e-05,5.3245e-05,-2.5796e-05,-4.9569e-05,1.583e-06,-1.4016e-05,2.568e-05,4.3224e-05,-5.9426e-05,1.3466e-05,4.6063e-05,-2.9408e-06,4.2823e-05,-1.0953e-06,4.1974e-05,7.4684e-05,6.5842e-05,4.4438e-05,8.4765e-05,2.3627e-05,3.7039e-05,2.5337e-05,3.7064e-05,8.0743e-05,-1.555e-05,4.1887e-05,5.2577e-05,7.2955e-05,2.2858e-05,6.2732e-05,0.00011094,0.00010894,6.9652e-05,2.789e-06,0.0001031,-5.5903e-06,-2.5381e-05,4.4702e-05,4.1983e-05,4.1635e-05,4.3924e-05,3.9948e-05,5.1401e-05,0.00010847,0.0001424,-4.9494e-05,6.7504e-05,0.0001311,4.4905e-05,6.6281e-05,3.1623e-05,-0.00046737,9.9793e-06,4.4521e-05,0.00011566,8.5664e-05,7.9974e-05,4.1259e-05,1.0625e-05,5.0023e-05,4.5955e-05,5.3746e-05,4.3286e-05,7.0914e-05,0.00011281,6.8543e-05,-3.2836e-05,5.1132e-05,4.2614e-05,5.3135e-05,3.1058e-05,4.2474e-05,2.399e-05,7.5455e-05,2.8364e-05,0.00010281,5.6016e-05,6.4415e-05,8.2963e-05,-2.8827e-05,6.7675e-05,4.7139e-05,9.1718e-05,7.6515e-05,5.0025e-05,9.1371e-05,0.00010475,5.0127e-05,4.44e-05,4.9241e-05,1.3048e-05,4.8978e-06,6.9088e-05,4.0545e-06,8.3071e-05,1.0627e-05,4.86e-05,3.3785e-05,0.00018557,5.9834e-05,0.00011447,0.00012632,7.8233e-05,3.0766e-05,7.2439e-05,3.7343e-05,5.5504e-05,2.0092e-05
0.0001781,0.00010515,8.2637e-05,0.00011856,6.7187e-05,7.8635e-05,3.5112e-05,7.8546e-05,0.00013646,-8.5188e-06,2.9856e-05,9.2353e-06,6.8171e-05,4.0706e-06,0.00010141,0.00023331,-2.0951e-05,1.9416e-05,5.7583e-05,6.1137e-05,9.0969e-05,1.6521e-05,0.00012025,8.005e-05,5.5908e-05,3.149e-05,-1.0691e-05,8.6585e-05,7.5244e-05,4.6805e-05,0,1.9077e-06,2.2098e-05,3.841e-05,5.6201e-05,9.3502e-05,6.7289e-05,4.7783e-05,0.00011661,6.2103e-05,6.7327e-05,1.7697e-05,9.5911e-05,6.4946e-05,3.929e-05,3.6092e-05,5.6427e-05,2.7949e-05,4.4143e-06,7.6169e-05,9.3602e-05,2.5313e-05,6.4731e-05,6.8935e-05,3.525e-05,8.3587e-05,2.074e-05,1.7921e-05,4.9374e-05,-9.4509e-07,0.00016994,2.5937e-05,2.1391e-05,-1.9068e-05,5.8491e-05,0.00011311,2.9212e-05,2.8592e-05,1.4543e-05,2.028e-05,8.8625e-05,4.1884e-05,6.1765e-05,0.00010902,2.9274e-05,-8.4157e-06,1.794e-05,5.7795e-05,-2.5143e-05,9.3049e-05,8.5263e-05,1.5791e-05,7.1668e-05,2.1078e-05,0.0001173,5.8685e-05,6.2628e-05,0.00011404,7.6051e-05,3.6068e-05,8.1853e-05,7.7123e-05,5.6074e-05,9.9342e-05,9.882e-05,-1.1623e-05,3.1605e-05,6.3905e-05,3.5967e-05,0.00015541,-6.8217e-05,-1.0054e-05,4.8097e-05,3.483e-05,5.6853e-05,0.00010515,2.6474e-05,6.9977e-05,4.3829e-05,0.00013456,4.8295e-05,2.8375e-05,5.3373e-05,3.2228e-06,6.5412e-05,4.8936e-05,3.9051e-05,9.3963e-05,4.9745e-05,8.1178e-05,0.00011301,0.00015515,0.00011358,0.00012741,0.00011029,6.0207e-05,0.0001111,-7.9003e-07,-4.9969e-05,7.2196e-05,5.6914e-05,4.241e-06,-2.8098e-05,3.04e-05,6.6411e-05,8.3562e-05,0.00016375,4.276e-05,5.0156e-05,5.3922e-05,6.2445e-05,6.3437e-05,6.5134e-05,-0.00064677,1.943e-05,9.085e-05,0.00010586,8.2697e-05,1.5323e-05,-1.5408e-05,5.0784e-06,8.9864e-05,8.3355e-05,8.2654e-05,4.845e-05,5.9952e-05,-5.1933e-05,3.2071e-05,4.8223e-05,4.8312e-05,1.5281e-05,7.3906e-05,6.2091e-05,3.2145e-05,3.573e-05,5.7595e-05,5.8746e-05,8.2052e-05,7.8587e-05,9.2302e-05,7.1519e-05,-8.6216e-05,3.3519e-05,0.00010584,3.6796e-05,0.00010604,1.9931e-05,9.6632e-05,0.00016331,2.0829e-05,7.6469e-05,4.2147e-05,5.1536e-05,-1.4071e-05,5.7766e-05,1.5176e-05,0.00014251,-9.0732e-06,5.5636e-05,4.4243e-05,0.00015331,7.3401e-05,4.1539e-05,3.7566e-05,6.8012e-05,7.5164e-05,5.0804e-05,5.5107e-05,8.3714e-05,1.4799e-05
-2.2113e-05,3.5354e-05,-6.1757e-05,4.7944e-05,-3.7703e-05,-2.979e-05,4.0169e-05,-3.5055e-05,2.0879e-05,6.4142e-06,1.5996e-05,-3.0776e-06,3.2738e-06,6.2503e-05,-0.00011788,-2.0951e-05,0.00045517,4.8909e-05,-5.5224e-05,3.8075e-06,4.2968e-05,5.2599e-05,-1.8358e-05,-2.187e-05,-0.00018486,-7.6986e-06,4.6577e-05,3.764e-05,3.2818e-05,0.00010378,0,0.00017047,7.5926e-05,3.5455e-05,3.8453e-05,3.1842e-05,-0.00037555,3.5944e-05,-8.8101e-05,-4.7982e-05,7.9363e-05,-2.0176e-05,6.2586e-06,6.489e-05,6.5291e-05,7.8731e-05,-1.3312e-06,1.6194e-05,0.00010197,3.3551e-05,4.0213e-05,6.0883e-05,4.7807e-05,1.6138e-05,-0.00013804,-7.313e-05,1.8086e-05,3.6248e-05,-2.877e-05,0.00011683,-0.00016571,-3.8202e-05,2.8419e-05,5.5159e-05,0.00010625,-7.3278e-05,1.9376e-05,4.1708e-06,7.9082e-05,0.00011147,3.799e-05,-8.6678e-05,2.9868e-05,6.584e-06,5.3119e-05,3.8901e-05,2.5745e-05,5.7379e-05,5.5986e-05,-0.00016241,4.7399e-05,0.00012349,5.8251e-05,-7.2761e-05,2.5713e-05,-3.1787e-05,4.9936e-05,9.0838e-06,-7.3397e-06,-5.9193e-06,-5.2377e-05,2.5737e-05,-3.9148e-05,3.0304e-05,6.5974e-05,6.3901e-05,-5.5852e-05,5.8842e-05,4.2676e-05,7.3935e-05,3.2025e-05,3.2953e-05,-2.0176e-05,-3.227e-06,1.945e-05,9.8535e-05,3.2829e-05,2.2765e-05,-1.1554e-05,-3.1975e-05,-6.7285e-05,9.6328e-05,-3.0182e-05,2.3766e-05,6.3057e-05,6.2286e-05,7.1079e-05,8.164e-05,-1.499e-05,4.1648e-05,3.2698e-05,5.9048e-05,3.8281e-05,-6.0209e-05,4.9145e-05,-6.3374e-06,5.4598e-05,-3.9526e-05,3.8064e-05,9.2732e-05,5.7715e-05,-2.3722e-05,-9.0642e-05,3.3077e-05,-1.9829e-06,-4.4637e-05,-5.5993e-05,0.00022373,2.8929e-05,2.6092e-05,2.4142e-05,6.8105e-06,-2.2264e-05,-0.00012418,9.9553e-05,3.3443e-05,-6.3492e-05,3.3086e-05,0.00011779,-1.9057e-05,0.00011528,2.9756e-05,-1.3567e-05,9.1223e-05,0.00014235,-2.5471e-05,-0.00017774,5.3244e-05,7.173e-05,-7.3657e-06,2.4003e-05,5.9427e-05,4.0589e-05,6.4311e-05,1.5526e-05,3.2951e-05,3.2553e-06,-0.00023384,1.8916e-06,-0.00017773,2.7702e-05,5.868e-05,-8.3056e-06,5.0655e-05,-6.2493e-05,-5.0036e-05,3.1699e-06,-0.00010817,9.6563e-06,-3.9309e-05,-6.2124e-05,2.5614e-05,7.4383e-05,5.2934e-06,3.2347e-05,-3.1673e-06,2.4988e-06,0.0001103,4.8557e-05,7.4079e-05,-0.00021421,-9.1465e-06,-1.9482e-05,-5.067e-05,-5.5666e-05,0.00013302,4.8322e-05,-1.4189e-05,5.2606e-05,6.3817e-05
-1.2437e-05,2.8069e-05,4.0695e-05,0.00013557,-3.5003e-05,6.5711e-05,5.9046e-05,7.7254e-05,6.7487e-05,7.4242e-05,4.7766e-05,6.2873e-05,9.6792e-06,8.9125e-05,-2.3536e-05,1.9416e-05,4.8909e-05,0.00017814,4.7991e-05,0.0001004,-1.7263e-05,0.00010391,-2.8547e-05,2.9725e-05,4.756e-05,2.4578e-05,8.3304e-06,9.2423e-05,4.9531e-05,6.5756e-05,0,0.00014405,7.6661e-05,5.2506e-05,-2.9191e-06,5.6057e-05,2.3608e-05,3.3707e-05,3.5364e-05,2.6444e-06,7.0797e-05,7.0392e-05,8.0391e-05,3.7693e-05,6.0832e-05,6.8505e-05,2.1866e-05,2.1673e-05,9.3149e-05,7.6811e-05,7.0595e-05,0.00010627,0.00010725,5.3675e-05,-1.7714e-05,0.00010813,5.0019e-05,1.08e-05,5.6156e-05,7.1445e-05,-1.553e-05,3.3826e-06,6.1326e-05,4.9835e-05,3.1334e-06,2.4506e-07,8.4709e-05,4.6329e-05,8.8442e-05,5.8132e-05,4.8063e-05,2.048e-05,4.8563e-05,6.9115e-05,6.7962e-05,3.9011e-05,3.7821e-05,5.9738e-05,4.2386e-05,5.311e-05,2.5043e-05,0.00013394,4.4939e-05,5.1773e-05,1.7889e-05,1.8492e-05,5.2561e-05,6.8986e-05,7.569e-05,6.4211e-05,-1.7693e-06,2.3415e-05,1.6051e-05,0.00010134,7.0649e-06,2.7895e-05,-8.8227e-06,5.8389e-05,-1.1241e-05,6.7364e-05,2.962e-05,-7.2992e-07,4.5319e-05,-4.4798e-06,-1.4758e-05,8.5848e-05,5.0215e-05,3.5935e-05,-7.2674e-06,2.4207e-05,7.5296e-05,1.4974e-05,4.1865e-05,2.3051e-05,7.1681e-05,8.2494e-05,6.6357e-05,9.1176e-05,7.1862e-05,1.914e-05,-5.1522e-06,3.782e-05,1.7226e-05,0.0001113,9.9764e-05,4.1103e-05,6.7578e-05,4.8504e-05,2.4832e-05,5.5511e-05,0.0001074,3.5398e-05,1.7261e-06,6.0385e-05,4.7737e-05,-1.4465e-05,-1.65e-06,8.3033e-05,4.303e-05,1.6082e-05,4.6623e-05,2.1648e-05,6.3948e-06,-0.00062013,8.0935e-05,5.7538e-05,-1.3347e-05,2.8486e-06,4.4591e-05,5.4956e-05,4.6743e-05,2.7724e-06,0.00010534,8.4142e-05,8.1717e-05,4.3676e-05,-5.1376e-05,6.4701e-05,0.00013657,5.6939e-05,2.0806e-05,7.8104e-05,7.6085e-05,7.3377e-05,9.5023e-05,7.8679e-05,3.3263e-05,-1.3824e-05,3.4147e-05,6.2655e-05,8.5044e-05,8.1183e-05,4.4251e-05,8.9123e-05,-1.7854e-05,1.923e-05,0.00013608,0.00013616,1.6059e-05,3.7673e-05,7.5676e-05,6.759e-05,0.00013601,3.4722e-05,6.9522e-05,3.3458e-05,-1.1735e-06,5.8496e-05,4.7602e-05,2.5146e-05,-5.8844e-05,5.4089e-05,-8.9921e-07,-5.2104e-06,1.5471e-05,7.2936e-05,7.5497e-05,2.1059e-05,7.1897e-05,6.7614e-05
