0.00024508,8.0014e-05,-1.5136e-07,0.00021754,-2.1091e-05,4.6013e-05,5.3167e-05,-1.5294e-05,0.00012464,3.724e-05,4.0017e-05,-3.1141e-05,5.1881e-06,0.00014691,7.2389e-05,2.1446e-05,0.00012221,0.00013692,0.0001149,4.7465e-07,0.00013196,5.0488e-05,2.4422e-05,8.0106e-05,5.9683e-05,-6.4148e-05,2.8452e-05,3.8964e-05,1.5346e-05,6.8983e-05,0,6.9821e-05,7.0322e-05,5.677e-06,9.0658e-05,5.7716e-05,7.6278e-06,-6.3759e-05,8.4206e-05,4.566e-05,1.8754e-05,4.3408e-05,2.4939e-05,-8.4138e-06,1.6153e-06,4.7169e-05,-8.8683e-05,-1.6699e-05,4.3277e-05,-4.4936e-06,8.2735e-05,0.00014581,-1.3654e-05,8.8547e-05,3.8012e-05,-4.0287e-05,0.00012125,-1.9758e-05,-2.5407e-06,8.2748e-05,1.0666e-06,6.0986e-05,2.7231e-07,1.7711e-05,2.6287e-05,0.00011794,2.0563e-06,3.6225e-05,-1.1984e-05,5.4696e-05,1.0728e-05,8.4385e-05,-6.5231e-05,5.9221e-05,3.6763e-05,5.3973e-05,5.4424e-05,0.00011142,0.00013815,3.6736e-05,4.549e-05,-3.8635e-05,6.6467e-05,3.1934e-05,3.6966e-05,6.5932e-05,-2.0791e-05,8.5435e-05,9.6969e-05,8.121e-05,-2.1318e-05,2.9858e-05,-1.4593e-06,5.6787e-05,-0.00014988,2.6235e-05,1.2302e-06,1.7077e-05,1.0883e-05,0.00018248,4.1379e-05,8.1402e-06,3.6116e-05,-6.1159e-05,-1.6161e-05,-4.2117e-05,2.2685e-05,1.3351e-05,0.00013718,2.6623e-05,4.0402e-05,5.4529e-05,0.00010648,-3.1256e-05,4.2134e-05,9.9286e-06,4.1429e-05,6.4474e-05,1.1892e-05,1.9793e-06,2.0717e-05,-5.3723e-05,7.1686e-05,1.517e-05,2.6899e-05,-3.3292e-05,1.8302e-05,-9.6501e-06,0.00010146,8.6075e-05,-7.1887e-06,-1.6317e-05,1.2023e-05,2.5857e-05,-5.0176e-05,7.9026e-05,4.1602e-05,7.4488e-05,2.6224e-05,1.223e-05,2.4418e-05,0.00013423,1.2419e-06,-2.1038e-05,-2.5139e-05,8.7052e-05,-9.6395e-05,6.6855e-05,5.474e-06,6.2805e-05,-5.5724e-05,3.2906e-05,-2.8233e-07,7.0185e-05,8.908e-05,2.3957e-06,5.1841e-05,2.0588e-05,6.0451e-06,7.2097e-06,8.3077e-05,0.00010698,3.4985e-05,6.4089e-05,-2.3272e-05,-3.4898e-05,6.2581e-06,5.6543e-05,-5.7122e-05,7.772e-05,-7.2955e-06,5.3393e-05,-4.8166e-05,3.1677e-05,1.1257e-05,9.8078e-05,5.7819e-05,6.4689e-06,8.1154e-05,4.1693e-05,1.6298e-05,7.3431e-06,0.0001249,-8.5036e-06,1.8851e-05,1.8563e-06,1.1615e-05,2.351e-05,-3.4526e-05,0.00015242,0.00017384,-0.00086239,5.5278e-05,-1.3971e-05,7.4358e-05,0.00012166,-6.3305e-05,2.4664e-05,4.7519e-05,0.0001117
8.0014e-05,0.00023233,-1.8361e-05,7.442e-05,-5.6991e-05,-1.6559e-05,-9.0117e-05,-6.3342e-05,5.7703e-05,4.4854e-05,-4.9868e-06,-5.0978e-05,-1.931e-05,-8.7366e-05,3.9151e-05,-3.6439e-05,9.1416e-05,9.6966e-06,-5.2551e-06,-5.0283e-05,0.00020403,-2.8591e-05,-4.4476e-05,-2.2177e-06,3.9008e-05,-0.00012452,-6.0782e-05,-3.5215e-05,-1.6982e-05,4.1687e-06,0,-3.2198e-05,7.2146e-05,-3.6963e-05,6.5047e-07,9.0807e-05,-0.00019589,2.7161e-05,-0.00010617,-7.7506e-05,-1.9271e-05,-2.7452e-05,-2.9421e-05,-2.6122e-05,-1.5429e-05,5.6586e-05,-7.7688e-05,-1.2116e-05,3.7416e-05,-0.00010626,-1.9937e-05,1.8928e-05,-2.4391e-05,-1.5174e-05,-5.971e-05,-7.5976e-06,4.7697e-06,-1.7582e-05,-3.2394e-05,3.439e-06,-3.8073e-05,-0.00011517,-1.2604e-05,2.2134e-05,-6.0087e-05,-2.5126e-05,8.9462e-05,-7.2996e-06,-2.7462e-05,1.9095e-07,6.9819e-06,-3.1348e-05,-9.063e-05,-0.0001748,9.6223e-06,-5.2562e-06,-5.1194e-05,5.9635e-05,6.9667e-05,6.6765e-05,-9.1096e-06,1.0014e-05,1.0794e-05,-2.5131e-05,4.3268e-05,1.5154e-05,-3.9246e-05,1.8498e-05,5.2343e-05,2.9996e-06,-7.9188e-07,-2.6811e-05,-7.3097e-06,4.9891e-05,3.876e-05,9.5845e-05,2.6574e-06,-9.5303e-06,-4.1756e-05,4.0937e-05,-5.6721e-05,-8.6206e-05,-3.6357e-06,-9.6495e-05,-8.1276e-06,-2.9311e-05,2.4385e-05,-3.5201e-05,4.2461e-05,-2.5836e-05,3.8121e-05,-4.5203e-05,-2.4358e-05,-6.3584e-05,-6.6461e-05,-3.3728e-05,-4.5996e-05,1.9601e-05,-2.861e-05,-5.4597e-05,-9.4523e-06,6.3657e-06,-4.0257e-06,2.3608e-05,1.9269e-05,-7.8326e-05,2.3143e-05,-6.5809e-06,-2.5039e-05,-3.8797e-06,-3.943e-05,-2.9037e-05,-4.0834e-05,-3.3866e-05,-4.4445e-05,1.9701e-05,3.0091e-05,1.7705e-06,-3.966e-05,3.1766e-05,-3.2829e-05,1.9395e-05,-2.7695e-05,-4.2083e-05,-3.9277e-05,-4.5056e-05,-0.00010356,0.00024517,-2.8561e-05,-1.3828e-05,1.9559e-05,-5.8343e-05,2.9004e-05,-5.1284e-06,1.1884e-05,-2.8647e-05,-3.1355e-05,1.9841e-05,1.3627e-05,1.8085e-05,4.1106e-06,3.2377e-06,-5.8306e-05,1.177e-05,-6.0517e-05,-4.9489e-05,-3.2865e-06,-3.1189e-05,3.1992e-06,3.8478e-05,-1.2213e-05,2.1299e-05,-4.3083e-05,2.1552e-05,-1.5875e-05,-5.4375e-05,7.7683e-05,-5.1638e-05,0.00021923,9.2239e-06,-9.422e-06,4.1301e-06,1.9938e-05,2.1174e-05,-2.7181e-05,-4.1037e-05,-3.3843e-05,2.8368e-05,-2.9957e-05,2.1373e-05,-8.3974e-05,-0.0012773,-1.8026e-05,-2.1968e-05,4.7292e-05,7.5737e-05,-2.4743e-06,-4.3087e-05,-2.127e-05,8.9129e-06
-1.5136e-07,-1.8361e-05,0.00012337,-2.3792e-05,1.7937e-05,5.4382e-05,-2.1836e-05,5.2738e-05,5.6448e-06,9.2979e-06,3.7453e-05,5.0346e-05,-7.4884e-06,6.2318e-05,2.6848e-05,2.4399e-05,5.9513e-05,6.2097e-05,0.00015246,6.841e-05,5.2702e-05,6.7122e-05,5.4919e-05,3.753e-05,3.0755e-07,3.2009e-05,3.6499e-05,2.9344e-05,5.4436e-05,3.8845e-05,0,7.2476e-05,3.7976e-05,0.00011463,3.3486e-05,2.6189e-05,2.6716e-05,1.733e-05,9.0409e-06,2.5798e-06,4.6093e-05,1.3127e-06,7.5316e-05,1.52e-05,6.0319e-05,5.9432e-05,5.2904e-05,5.4155e-05,5.0075e-05,8.3504e-05,2.6411e-05,-3.1875e-05,2.9233e-05,2.1863e-05,7.3461e-05,3.4058e-05,0.00011652,-7.9579e-06,3.4006e-05,8.1288e-05,4.8649e-05,3.5569e-05,6.7192e-05,5.8996e-05,3.1893e-05,8.7771e-05,-6.1596e-05,5.402e-05,2.5357e-05,5.4167e-05,2.1895e-05,2.9045e-05,5.6447e-05,4.0846e-06,5.042e-05,6.7786e-05,8.0246e-06,8.5837e-06,5.1055e-05,6.3053e-05,8.0874e-05,2.4455e-05,5.0312e-05,6.5073e-06,2.6488e-05,7.5213e-05,3.5394e-05,4.3618e-05,3.3769e-05,4.2316e-05,4.1e-05,2.7466e-05,5.7733e-05,8.5588e-05,-2.3913e-05,5.4158e-05,-3.1984e-06,-6.3893e-06,5.7538e-05,-4.3612e-05,9.7144e-05,5.7447e-05,2.4109e-05,0.00011994,9.0061e-06,1.6318e-05,3.9208e-05,4.7353e-05,3.8364e-05,4.7673e-05,2.2507e-05,4.0392e-05,0.00010856,8.1151e-05,2.7081e-05,0.00010096,-5.219e-06,4.4447e-05,4.7563e-05,4.2871e-05,6.6368e-05,8.6684e-05,3.3465e-05,3.9386e-05,7.1776e-05,-6.7582e-06,6.0738e-06,4.291e-05,5.2865e-05,3.8447e-05,4.4075e-05,0.00012111,5.0773e-05,3.8255e-05,6.0944e-05,0.00013766,3.2773e-05,6.3618e-05,4.719e-05,6.4766e-05,-1.435e-05,2.1721e-05,4.3138e-06,-5.6026e-05,5.2212e-06,6.8055e-05,2.3886e-05,-6.5521e-06,2.8937e-05,6.5631e-05,1.0258e-05,3.3448e-05,1.3096e-05,2.2634e-05,1.7154e-05,2.3816e-05,9.4451e-05,4.4495e-05,4.3217e-05,2.861e-05,4.8945e-05,3.508e-05,5.4878e-05,5.8702e-05,4.5809e-05,0.000109,3.5883e-05,1.9874e-05,6.941e-06,3.6976e-05,2.1342e-05,2.3153e-05,3.6788e-05,2.4077e-05,4.96e-05,3.4495e-05,4.691e-05,8.6802e-05,5.1647e-05,4.045e-05,8.3176e-05,3.1497e-05,7.4987e-05,8.1755e-05,6.1549e-05,3.9123e-05,4.4882e-05,4.2818e-05,5.3399e-05,-7.7985e-05,-1.7065e-05,9.2685e-05,5.0352e-05,-9.1988e-05,4.9441e-05,1.6166e-05,5.7699e-05,9.0331e-06,7.4961e-05,-6.3281e-06
0.00021754,7.442e-05,-2.3792e-05,0.00048122,-3.0686e-05,4.5882e-05,5.5756e-05,-7.8176e-05,0.00011482,6.7265e-05,0.00012588,-2.3779e-05,-2.1042e-05,0.00019721,9.0721e-05,-6.2269e-05,0.00014337,0.00010163,0.00018335,1.3574e-05,9.1289e-05,2.3177e-05,7.9473e-06,3.6196e-05,0.00010815,-2.8979e-05,0.00012828,9.4511e-06,3.9642e-05,7.9519e-05,0,0.00012543,2.2312e-05,1.4498e-05,0.0001395,4.6514e-05,6.8076e-05,-5.2538e-05,0.00015045,0.00010461,3.6174e-05,-6.5424e-06,3.9108e-05,3.0515e-05,9.5521e-06,9.0966e-05,-0.00011085,-7.9397e-05,5.0538e-05,-3.1943e-05,0.00013036,0.00022702,-0.00013146,2.8486e-05,0.00010773,-6.2342e-05,7.0662e-05,-3.7164e-06,7.6085e-06,0.00011127,2.377e-05,-1.9519e-05,5.084e-06,-1.702e-07,4.7343e-05,0.00011523,5.7015e-05,7.0753e-05,-1.2703e-05,6.1615e-05,-5.2095e-07,8.4512e-05,-2.8083e-05,0.00011656,-5.1375e-06,0.00012083,8.7769e-05,3.1195e-05,9.9059e-05,9.5522e-05,3.0918e-05,-7.0886e-05,0.00010469,5.7466e-05,6.6545e-05,1.9968e-05,-3.7731e-05,7.314e-05,0.0001638,0.0001126,-6.587e-05,4.8524e-05,8.1094e-06,7.1362e-05,-0.0001562,-7.1408e-05,-7.0429e-07,2.7962e-05,2.3012e-05,0.00016869,6.8664e-06,7.0016e-05,3.1173e-05,-0.00010727,4.2462e-05,7.3115e-05,-2.9931e-05,2.5627e-05,0.00018314,0.00010747,1.1636e-05,-1.5607e-05,0.00015197,-9.4799e-05,7.8284e-05,3.4236e-05,3.0787e-05,0.00014608,-2.285e-06,-3.7268e-05,3.3413e-05,1.1817e-05,0.00015136,1.3685e-05,4.7218e-05,-3.2768e-05,1.7456e-05,-1.9676e-05,3.7644e-05,0.0001653,-3.4808e-05,8.8468e-05,4.1425e-05,4.8672e-05,-6.7203e-05,9.5262e-05,1.8299e-05,2.3918e-05,-1.1634e-05,-1.9899e-05,8.447e-05,0.00011021,-1.503e-05,0.00010766,-4.7553e-05,0.00035508,-0.00020829,0.00015585,1.0281e-05,9.5603e-05,-3.2549e-06,7.1331e-05,6.4988e-06,0.00010795,0.00012739,7.9594e-05,0.00010352,3.0509e-05,2.4669e-06,2.99e-05,0.00014662,0.0001425,4.031e-05,9.8551e-05,-4.0309e-06,2.0545e-05,1.6131e-05,7.4145e-05,-5.3203e-05,4.5632e-05,6.7952e-05,5.3718e-05,-4.2146e-05,7.7888e-05,-7.4403e-05,0.00044384,0.00010325,-2.9324e-05,0.00021943,2.5273e-05,-2.6229e-05,7.1231e-05,0.0001079,2.9845e-06,4.6319e-05,2.6079e-06,1.0419e-05,0.00010305,-2.6237e-05,0.0002603,0.00021346,0.00020379,8.5545e-05,4.7643e-05,0.00012594,8.6394e-05,6.1427e-05,8.0609e-05,7.6315e-05,0.00010902
-2.1091e-05,-5.6991e-05,1.7937e-05,-3.0686e-05,0.00015743,3.2141e-05,1.763e-05,-3.3635e-05,-8.6224e-06,-5.18e-05,1.4239e-05,1.9255e-05,2.353e-05,2.4078e-05,1.2438e-05,1.291e-05,-3.7579e-05,4.3336e-06,1.5632e-05,-2.7816e-05,1.7295e-05,2.8096e-05,-7.4465e-05,3.4973e-05,3.4723e-05,6.8479e-05,5.3859e-05,1.9144e-05,3.6624e-05,-1.6528e-05,0,3.4018e-05,-3.1266e-05,3.8618e-05,-7.6426e-07,-6.6697e-06,0.00013639,-8.4677e-06,-9.6588e-06,1.5627e-05,2.0093e-05,8.5975e-05,3.2948e-05,-3.1462e-05,2.4466e-05,-2.4296e-05,4.3805e-05,1.5492e-05,-2.0687e-05,1.5092e-05,-7.5902e-05,-0.00013954,1.1147e-05,1.2651e-05,3.4747e-05,2.647e-05,2.8471e-05,-7.5575e-06,7.7511e-05,5.7963e-05,5.0829e-05,8.2188e-05,2.6675e-05,9.2756e-06,3.7279e-05,3.2439e-05,-0.00013571,-6.9582e-06,2.4273e-05,2.066e-06,3.0154e-05,-8.1102e-06,8.4095e-05,5.2744e-05,4.9402e-05,5.3224e-06,-6.7145e-06,2.6173e-05,-2.971e-06,-6.3713e-05,3.7028e-05,7.1433e-05,-3.4272e-06,1.7614e-05,9.9756e-06,1.9625e-05,2.6669e-06,2.8535e-07,-4.7773e-05,-1.3013e-05,4.7731e-05,2.0351e-05,3.1321e-05,-4.2413e-06,-3.5725e-05,-3.2196e-06,-2.3224e-06,-3.5577e-05,1.9681e-05,2.9988e-05,1.0747e-05,4.1206e-05,-9.9828e-05,2.2059e-05,-2.9968e-05,-5.4889e-05,1.2192e-05,3.1746e-05,-1.4653e-05,3.313e-05,4.5281e-06,2.6113e-05,-3.6369e-05,2.7275e-05,7.3505e-06,4.667e-05,-4.8452e-05,-0.00010456,1.0041e-05,3.4442e-05,-4.5366e-06,2.7438e-05,-9.2391e-05,6.3617e-05,-1.3818e-05,6.2343e-06,-4.934e-06,1.0543e-05,9.9255e-05,6.3973e-05,0.0001296,1.9543e-05,-5.935e-06,3.0531e-05,6.4234e-05,3.7365e-05,3.4733e-05,-9.4116e-05,5.8029e-05,1.3111e-05,1.629e-05,3.6514e-05,1.6226e-05,-6.6347e-06,4.163e-05,-1.4718e-05,9.5835e-05,-5.6792e-05,-0.00012007,-8.6419e-05,4.3472e-05,8.6205e-06,2.547e-05,-6.8436e-09,-4.7533e-06,7.7554e-05,-2.7374e-06,-2.5344e-06,8.1049e-05,1.7915e-05,-1.5618e-05,-5.6385e-05,-3.0795e-06,5.287e-06,4.0179e-05,3.1104e-05,9.3071e-06,-0.00026206,6.3027e-05,4.5662e-05,-4.5973e-05,-1.7082e-05,3.3438e-05,4.819e-05,3.7768e-05,3.8275e-05,-8.1146e-05,5.8184e-05,-0.00011095,6.6633e-05,2.4329e-05,-1.3726e-05,5.4328e-05,-5.3624e-05,-9.1752e-06,-8.0847e-06,5.4737e-05,-7.537e-06,4.2171e-05,8.2192e-05,7.2494e-05,0.00067994,-2.6751e-05,-2.2723e-05,3.7278e-05,-3.6117e-05,-0.00010111,3.1486e-05,-1.2436e-05,-1.2034e-05
4.6013e-05,-1.6559e-05,5.4382e-05,4.5882e-05,3.2141e-05,0.00015915,1.2206e-05,8.7846e-05,6.3657e-05,1.2512e-05,2.4185e-05,5.6e-05,1.5064e-05,6.7507e-05,8.5729e-06,3.2128e-05,9.1956e-05,7.3567e-05,0.00010246,3.3345e-05,-3.3217e-05,6.601e-05,-5.5795e-06,4.5013e-05,3.4512e-05,-2.0971e-05,6.4284e-05,1.2404e-05,6.164e-05,6.9976e-05,0,0.0001164,-8.134e-07,6.4141e-05,3.1544e-05,-7.3455e-06,0.000144,4.1981e-06,0.00014608,2.3616e-05,4.23e-05,5.1326e-05,7.2946e-05,2.353e-05,5.5444e-05,1.1544e-05,1.3e-05,-4.9462e-05,7.9481e-05,9.1692e-05,4.0411e-05,4.0704e-05,-4.5483e-06,-1.1048e-05,5.7404e-06,4.6914e-07,0.00014131,6.7625e-06,2.8549e-05,2.8532e-05,0.00010769,0.00020866,5.065e-05,-3.6925e-05,2.6908e-05,7.5546e-05,-3.2962e-05,3.5527e-05,8.0311e-05,5.668e-05,3.5528e-05,3.6079e-05,9.9358e-05,-2.1914e-06,5.7188e-05,0.0001113,4.3293e-06,3.6161e-05,6.3078e-05,6.4634e-05,6.0489e-05,-2.2553e-05,9.585e-05,3.3034e-05,1.358e-05,3.0017e-05,7.149e-05,3.4324e-05,4.3534e-05,7.0258e-05,-7.0677e-05,3.9579e-05,3.9559e-05,5.2686e-05,-0.00010537,2.7921e-05,1.9253e-06,3.2702e-05,1.7383e-05,3.3726e-05,6.838e-05,4.0046e-05,-4.398e-06,5.5816e-05,1.955e-05,3.8724e-05,5.9587e-05,4.1083e-05,7.4064e-05,7.2363e-05,5.4706e-06,4.7401e-05,-5.1291e-05,2.0903e-05,3.798e-05,7.5667e-05,4.1551e-05,4.1172e-05,9.9355e-06,5.1554e-05,2.3226e-05,2.843e-05,5.3092e-05,0.00010564,1.3269e-05,1.8834e-05,1.0629e-06,3.6348e-05,0.00011653,5.6595e-05,6.2123e-05,6.3105e-05,4.735e-05,2.2634e-05,2.5554e-05,6.4253e-05,5.3854e-05,-1.5725e-05,3.5688e-05,2.6776e-05,-2.2072e-05,3.2715e-05,1.5608e-05,-1.2321e-05,1.395e-05,0.00014104,8.7808e-05,-6.5106e-05,3.6571e-07,5.0293e-05,5.3261e-08,4.7875e-05,-1.0927e-05,4.0722e-05,3.0992e-05,8.864e-05,3.9922e-05,3.9723e-05,4.7314e-05,1.4976e-05,4.9774e-05,3.4864e-05,1.1629e-05,4.3276e-05,3.3705e-05,4.5816e-05,1.4985e-05,8.1037e-05,5.2471e-06,5.1041e-05,-1.1651e-05,2.1324e-05,3.5241e-05,6.4485e-05,5.3745e-05,0.00014487,-1.4058e-05,5.0878e-05,0.00017228,5.5698e-05,4.8764e-06,6.9577e-06,5.688e-05,1.7591e-05,6.3228e-05,1.3784e-05,5.3686e-05,4.8063e-05,6.6744e-05,9.1318e-05,7.1969e-05,-0.0001267,4.8139e-05,-4.5835e-06,6.2473e-05,6.4958e-05,4.0529e-05,2.2748e-05,5.4977e-05,4.6755e-05
5.3167e-05,-9.0117e-05,-2.1836e-05,5.5756e-05,1.763e-05,1.2206e-05,0.00021807,5.925e-05,-3.7819e-05,-1.3175e-05,5.1182e-05,-7.4923e-06,-8.0264e-06,3.6451e-05,3.8234e-05,3.8041e-05,6.6336e-06,-8.4004e-08,3.3162e-05,1.8811e-05,-8.9875e-05,4.3849e-05,8.4603e-05,3.1735e-05,5.4286e-05,1.5666e-05,4.0337e-05,3.359e-05,1.2381e-05,7.1344e-05,0,5.1731e-05,2.1905e-06,-2.8137e-06,2.392e-05,3.421e-05,5.157e-07,-3.5098e-05,0.00014609,2.2966e-05,-3.2533e-05,-3.9136e-07,1.7331e-05,1.9904e-05,4.9018e-06,-6.0092e-05,0.00010569,-3.1296e-05,1.6212e-06,2.1419e-05,4.0734e-05,-3.6899e-05,-5.3539e-06,4.0928e-05,6.1922e-05,2.5472e-05,-3.2256e-05,2.1016e-05,1.335e-05,-1.454e-05,9.1072e-06,2.9721e-05,-1.025e-05,-6.5533e-06,6.3202e-05,3.5844e-05,-1.6799e-06,7.708e-06,9.446e-07,2.4757e-05,-1.6588e-05,3.9808e-05,-2.25e-05,0.00013488,4.9688e-05,3.6654e-05,7.5713e-05,5.0979e-06,1.4607e-05,-3.5835e-05,-9.5354e-06,-6.9331e-06,4.6622e-07,1.3162e-05,-4.2617e-05,1.0132e-05,1.1335e-06,3.2723e-05,1.2195e-05,4.7602e-05,5.6239e-05,2.5724e-05,-1.5418e-06,-2.9624e-05,6.7546e-05,-5.5034e-05,-1.272e-05,-1.8843e-05,1.2625e-05,4.4874e-05,2.4399e-05,4.6391e-05,2.0164e-05,8.4285e-05,1.0758e-05,-7.325e-05,1.4677e-05,2.3431e-05,3.3284e-05,-1.15e-05,-5.5256e-06,3.8854e-05,4.0656e-05,5.382e-05,6.0347e-05,-5.8459e-06,7.7067e-05,-6.0978e-05,8.7169e-05,2.3243e-05,-6.94e-06,1.8563e-05,3.9158e-06,-9.2854e-05,-3.8269e-05,-2.249e-05,7.3828e-06,-3.2918e-05,-9.0594e-06,4.8397e-05,2.9241e-05,6.5954e-05,-1.6809e-05,2.9545e-05,-3.5049e-05,3.5853e-05,1.1273e-05,4.6719e-06,6.9752e-06,6.8563e-06,1.8864e-05,3.5587e-05,5.446e-05,5.7207e-05,4.9321e-05,7.3498e-06,-4.1763e-05,-2.3155e-05,-1.2787e-05,-1.4369e-05,-0.00017959,7.1e-05,2.9933e-05,4.8391e-05,7.1132e-05,3.1796e-05,8.854e-05,1.6943e-05,-8.8637e-06,-2.6564e-05,3.4204e-05,4.6984e-06,3.4272e-05,-4.9223e-05,2.2483e-05,6.017e-05,1.1848e-05,-3.1538e-05,-3.8086e-05,-2.0493e-06,2.9751e-05,1.4057e-05,-3.6115e-05,4.0721e-06,-2.9247e-06,-8.8346e-07,-2.552e-05,5.1757e-05,-0.00017333,-2.3485e-05,2.1953e-05,2.5362e-05,1.0789e-05,2.5048e-05,1.9594e-05,1.2877e-05,3.8807e-05,2.5241e-05,2.6123e-06,5.4705e-05,0.00010384,0.00035975,5.3354e-05,5.8481e-05,-1.2678e-05,-4.3503e-05,-8.0669e-05,2.6383e-05,1.7892e-05,3.3517e-05
-1.5294e-05,-6.3342e-05,5.2738e-05,-7.8176e-05,-3.3635e-05,8.7846e-05,5.925e-05,0.00036342,0.00017174,1.3933e-05,8.6313e-06,0.00010647,6.1124e-05,0.00015479,3.0342e-05,5.718e-05,9.6694e-05,5.1637e-05,-5.345e-07,0.00011529,-0.00013251,0.00012741,9.5372e-05,4.4063e-05,1.7719e-06,0.00010018,1.7421e-05,2.9772e-05,3.8294e-05,-2.0952e-06,0,0.0001066,7.7317e-05,-2.253e-05,4.9069e-05,-1.4525e-05,0.00029285,3.8724e-05,6.4747e-05,3.4309e-05,5.114e-05,6.1088e-07,7.6235e-05,6.1823e-05,3.4911e-05,6.4956e-05,7.1571e-05,-1.9221e-05,9.6874e-05,0.00018088,4.4476e-05,6.203e-05,2.3934e-05,7.4971e-05,-3.295e-05,1.9001e-05,0.00013142,-4.7846e-06,1.8188e-05,-6.3362e-05,6.7165e-05,0.00018015,2.2806e-05,-7.3658e-05,7.5812e-05,2.8607e-05,8.9501e-06,5.6393e-05,7.2224e-05,5.231e-05,7.1017e-05,7.3041e-05,0.00013748,-0.00010443,4.5029e-05,2.4813e-05,8.48e-05,-1.4015e-06,0.00024997,0.00010718,1.3334e-05,-2.029e-06,8.9969e-05,2.318e-05,9.5951e-07,-4.9971e-06,2.1692e-05,-1.2009e-05,-1.4272e-05,5.1099e-05,-4.2474e-05,2.9251e-05,2.6204e-05,4.2044e-05,-3.5701e-05,0.00011129,-5.9191e-07,4.3176e-05,4.4289e-05,-8.9133e-05,6.7938e-05,3.7131e-05,8.8606e-05,0.00019735,4.2697e-05,2.6205e-05,8.3408e-05,4.4402e-06,1.7176e-05,-1.7685e-05,3.0391e-06,8.046e-05,9.3208e-05,9.4629e-05,2.9092e-05,3.4688e-05,5.9114e-05,7.4725e-06,3.2897e-05,6.0056e-05,4.4792e-05,0.00016447,5.9065e-05,1.4853e-05,2.4812e-05,1.6447e-05,-2.0472e-06,3.5913e-05,3.0632e-05,-6.1946e-05,1.543e-05,6.5207e-05,3.5619e-05,3.7602e-05,4.6874e-06,8.4586e-05,8.4282e-05,1.7594e-05,4.1966e-05,3.0131e-05,-8.6292e-05,-6.7624e-06,5.2164e-05,-0.0001117,7.678e-05,-5.3349e-05,0.00013034,-0.00010414,7.0844e-05,6.1428e-05,-6.3009e-05,9.8022e-05,-2.996e-05,7.0067e-05,2.0812e-05,1.102e-06,9.0498e-05,5.9e-05,4.5265e-05,6.4208e-05,5.7897e-06,6.9077e-05,5.264e-05,5.654e-05,5.0725e-05,2.1524e-05,-1.1984e-05,0.00013033,1.5946e-05,3.6848e-05,-1.2538e-05,3.0603e-05,6.6738e-05,1.5092e-05,9.6999e-05,-0.00016763,5.5875e-05,2.0263e-05,0.00012852,2.2922e-06,3.0267e-05,5.8158e-05,1.8069e-05,0.00026489,0.00011822,3.0604e-05,5.3584e-05,4.0083e-05,7.0715e-05,-0.00033071,0.00010532,0.00082786,1.2841e-05,8.1593e-05,3.6831e-05,-4.4268e-06,8.926e-05,3.2147e-05,2.6332e-05,4.2226e-05
0.00012464,5.7703e-05,5.6448e-06,0.00011482,-8.6224e-06,6.3657e-05,-3.7819e-05,0.00017174,0.00048469,2.2665e-05,2.944e-05,8.9852e-05,4.3589e-05,0.00023079,-1.2448e-05,-1.9186e-05,0.0001255,6.8218e-05,1.6594e-05,7.1835e-05,2.8775e-05,0.00012468,5.7539e-05,7.9512e-05,-6.7442e-06,8.0456e-05,1.3185e-05,6.0613e-06,-2.018e-05,-7.0891e-06,0,0.00010812,5.3783e-05,-7.6809e-05,9.1249e-05,3.718e-05,0.00047856,5.9048e-05,-4.8477e-05,5.4518e-05,5.6504e-05,5.45e-06,9.5287e-05,5.3944e-06,1.6262e-05,0.00018983,-0.00017472,-9.2483e-05,0.00010211,9.5924e-05,5.465e-05,3.2024e-05,-1.5268e-05,2.4749e-05,-2.8957e-05,-7.546e-05,0.00030503,4.5393e-06,-6.53e-06,-2.0918e-05,-1.9569e-06,0.00026033,1.3519e-05,-0.00012657,8.231e-05,0.00011685,-0.00012617,1.3235e-05,-1.3632e-05,4.7786e-05,0.00011823,2.7364e-05,0.00011529,-0.00020796,1.6937e-05,3.4854e-05,9.8714e-05,7.0119e-05,0.00025182,0.0001489,3.8789e-05,-3.1631e-05,6.9581e-05,8.3509e-05,9.395e-05,-1.16e-05,7.2629e-05,2.5275e-05,8.4015e-05,5.0659e-05,-8.384e-05,1.9574e-05,2.5801e-05,3.5778e-05,-0.00023992,0.00018346,2.4972e-06,3.0385e-05,3.9559e-05,-3.0031e-05,1.0656e-05,-6.5685e-05,5.6849e-05,2.0553e-05,-2.0618e-05,1.2316e-05,-1.1281e-06,5.5354e-05,6.2543e-05,2.4369e-05,-6.1387e-06,7.4162e-05,0.00012815,-7.0654e-05,1.601e-05,2.4842e-05,4.5744e-05,0.00010042,1.8363e-05,7.7922e-06,1.738e-05,0.00018075,7.9207e-05,9.5096e-05,3.6036e-05,8.741e-07,-1.5401e-05,-7.8315e-06,0.00020439,1.1581e-05,3.0447e-05,1.3998e-05,2.6638e-05,5.6814e-06,2.5357e-06,9.4531e-05,6.1384e-05,4.6311e-05,-3.4633e-06,1.2328e-05,4.3577e-05,0.00015909,2.1784e-05,-0.00011448,3.8899e-05,0.0001088,8.2571e-05,2.1406e-05,-3.9873e-05,6.3635e-05,9.0161e-05,6.7484e-05,-4.0334e-05,6.8238e-05,2.0828e-05,-6.4311e-05,2.7925e-05,2.7871e-05,8.4307e-05,6.7418e-05,4.942e-05,0.0001244,-6.4423e-06,9.3305e-05,3.717e-05,-2.98e-05,-1.2753e-05,-4.9343e-05,2.7699e-05,0.00014736,-0.00012691,7.5624e-05,7.0833e-05,6.9037e-06,6.9529e-06,6.0213e-05,8.272e-05,-2.6659e-05,0.00020884,2.4009e-05,6.8528e-06,5.1941e-05,0.00010011,0.00019731,6.1385e-05,-7.5586e-06,-1.7026e-05,1.6566e-05,-7.5544e-06,-0.00014684,0.00028314,6.7055e-05,4.1189e-05,9.4266e-05,-1.2271e-05,4.6431e-07,4.4314e-05,1.7537e-05,8.0593e-05,-5.4858e-06
3.724e-05,4.4854e-05,9.2979e-06,6.7265e-05,-5.18e-05,1.2512e-05,-1.3175e-05,1.3933e-05,2.2665e-05,9.5887e-05,3.2917e-05,1.938e-05,-2.1247e-05,3.0437e-05,-3.7536e-05,-1.1993e-05,6.1076e-05,3.9954e-06,1.0635e-05,7.4146e-05,2.988e-05,-3.6251e-05,5.137e-05,1.0903e-05,4.5356e-05,-1.8421e-05,3.1603e-06,5.6202e-06,3.1382e-05,4.2128e-05,0,4.9924e-06,3.0165e-05,-5.5815e-06,4.1835e-05,1.6033e-05,-5.0979e-05,1.7557e-05,2.593e-05,-4.1127e-06,2.1026e-05,-8.2131e-05,2.44e-06,4.7583e-05,-4.3588e-06,7.9063e-06,-4.1855e-05,-3.6236e-05,2.4285e-05,6.6968e-06,8.7684e-05,-1.5688e-05,1.9667e-05,3.9645e-05,5.6205e-06,-8.4628e-06,1.2186e-06,-1.4554e-06,-2.1848e-06,-1.5862e-05,2.508e-05,-5.5506e-05,2.6597e-05,-4.9171e-06,7.3489e-06,3.5451e-05,9.1551e-05,2.3238e-05,2.2783e-05,2.2065e-05,1.9362e-05,3.95e-05,3.0429e-06,8.9112e-05,-9.7681e-06,1.5706e-05,8.2177e-06,1.2954e-05,4.5996e-05,7.4307e-05,-7.2897e-06,1.6259e-05,5.2072e-05,1.5124e-05,2.6433e-05,2.0135e-05,4.957e-06,3.6595e-05,7.0149e-05,4.5829e-05,4.3606e-05,-5.6207e-06,1.4028e-05,5.7145e-05,-4.6046e-05,2.1338e-05,4.4376e-07,2.8971e-05,2.2345e-05,-1.4383e-05,2.9234e-05,1.0823e-05,4.5702e-05,-5.6926e-05,2.2334e-05,6.5001e-05,-8.4709e-07,1.2963e-05,2.1343e-05,2.4764e-06,-9.4348e-06,3.9499e-06,2.4659e-05,-1.8361e-05,-1.2031e-05,2.5978e-05,-7.3029e-06,8.7191e-05,-4.4163e-05,-1.3447e-05,3.2528e-05,2.9555e-05,7.6966e-05,-3.8649e-05,1.7825e-05,-1.5297e-05,6.4394e-06,2.4194e-06,-3.0441e-05,3.5668e-05,-6.3661e-05,-1.6148e-05,2.8098e-05,-8.3909e-06,-9.1079e-06,8.8287e-05,1.6235e-05,5.0006e-05,-9.9661e-06,3.8628e-06,-2.8681e-05,9.6239e-06,8.4704e-06,7.3533e-05,-4.5394e-05,-6.3312e-05,-7.6373e-05,5.7874e-05,5.6659e-05,4.8744e-05,-2.3723e-05,3.4991e-05,-5.4914e-05,3.5481e-05,4.4324e-05,1.4983e-05,5.2167e-05,2.2463e-05,-6.4501e-06,1.7665e-05,5.4966e-05,8.0189e-05,5.5558e-05,4.5808e-05,-3.806e-07,3.9314e-05,9.5279e-06,9.0595e-05,-1.8646e-05,1.7941e-05,5.8875e-05,2.6424e-05,-3.307e-05,6.706e-06,3.6179e-05,-5.4756e-05,7.8031e-06,6.2258e-06,8.9815e-05,-1.7615e-05,-4.8285e-05,3.3405e-05,-2.224e-05,-2.4201e-05,4.4658e-05,7.8398e-06,-2.9964e-06,3.0748e-05,2.1899e-06,3.5625e-05,-5.7717e-06,-0.00016749,2.8062e-05,4.2081e-05,3.9174e-05,4.9171e-06,5.7763e-05,1.4443e-05,6.2526e-05,1.2827e-05
4.0017e-05,-4.9868e-06,3.7453e-05,0.00012588,1.4239e-05,2.4185e-05,5.1182e-05,8.6313e-06,2.944e-05,3.2917e-05,0.00010698,4.7103e-05,-1.988e-05,3.5888e-05,6.0258e-05,1.2538e-05,5.5874e-05,6.8135e-05,0.00014295,5.5823e-05,5.3377e-06,3.7289e-05,9.5374e-05,4.6029e-05,6.1774e-05,5.7689e-05,8.2793e-05,4.9628e-05,5.96e-05,6.5695e-05,0,8.4067e-05,3.9459e-05,4.9418e-05,5.3902e-05,5.4905e-05,3.8085e-06,8.2896e-06,6.6774e-05,1.4579e-05,3.0176e-05,-1.5949e-05,5.6491e-05,5.4166e-05,2.0966e-05,1.6658e-05,5.7289e-05,-1.0271e-05,2.4524e-05,4.3027e-05,7.732e-05,2.1625e-05,-1.8062e-05,3.3638e-06,9.6099e-05,-9.6063e-07,5.1459e-05,-1.4958e-06,1.724e-05,6.3082e-05,3.7254e-05,-5.872e-05,1.8879e-05,1.3277e-05,5.2935e-05,7.213e-05,1.8475e-06,4.2819e-05,1.7092e-06,4.8261e-05,1.4775e-05,3.9635e-05,6.4617e-05,0.00013404,3.1499e-05,0.00010279,6.1076e-05,1.6451e-06,1.6612e-05,5.5395e-05,4.1734e-05,2.4673e-05,5.824e-05,2.244e-05,4.0072e-05,3.7995e-05,1.0227e-05,6.4884e-05,8.353e-05,5.5972e-05,4.7475e-05,3.4466e-05,2.9441e-05,7.6707e-05,-4.0224e-05,-2.0438e-05,-7.886e-07,3.3193e-05,4.0398e-05,5.1631e-05,5.0574e-05,6.3218e-05,2.2016e-05,4.1341e-05,6.492e-06,2.0171e-05,6.0977e-06,6.0142e-05,8.011e-05,6.2886e-05,2.0818e-05,2.6366e-05,0.00011178,1.6227e-05,2.2018e-05,6.1924e-05,1.5701e-05,4.9733e-05,6.857e-06,7.423e-06,5.7713e-05,9.779e-05,7.0967e-05,9.0489e-06,4.4956e-05,-3.5994e-05,1.1584e-05,8.414e-06,-3.609e-05,0.00011072,-1.3165e-05,0.00013768,1.3859e-05,3.4861e-05,2.5162e-05,0.00011867,3.3817e-05,7.4165e-05,1.1418e-05,1.919e-05,3.5775e-05,3.2727e-05,1.5222e-05,3.7746e-05,2.0031e-05,5.8954e-05,-0.00013414,2.3146e-05,4.0401e-05,6.1469e-05,-2.8993e-05,6.4482e-05,1.9832e-05,7.3938e-05,7.4704e-05,5.961e-05,0.00014649,2.8108e-05,2.2939e-05,8.2808e-06,8.2275e-05,7.2768e-05,6.2191e-05,7.0296e-05,4.331e-05,7.0279e-05,4.0927e-05,-4.3302e-05,-2.7893e-06,4.6585e-05,3.6016e-05,3.3852e-05,-4.0907e-06,4.2349e-05,-2.6519e-05,8.8687e-05,3.1229e-05,6.978e-05,4.8775e-05,3.7375e-05,3.5888e-05,6.0431e-05,6.6334e-05,-4.4804e-06,5.7011e-05,-1.0013e-06,4.7141e-05,5.4789e-05,2.2659e-05,5.6925e-05,3.9729e-05,0.00056988,7.4128e-05,2.5689e-05,8.2459e-05,2.0791e-05,3.712e-05,3.7593e-05,7.5816e-05,2.6625e-05
-3.1141e-05,-5.0978e-05,5.0346e-05,-2.3779e-05,1.9255e-05,5.6e-05,-7.4923e-06,0.00010647,8.9852e-05,1.938e-05,4.7103e-05,0.00015844,3.7655e-05,2.464e-05,-7.7136e-06,2.3792e-05,-3.4033e-07,4.1683e-05,5.2633e-05,7.5264e-05,-6.7474e-05,6.7528e-05,0.00012362,4.7705e-05,-1.1552e-05,0.00013705,5.5387e-05,5.2794e-05,4.8707e-05,1.6183e-05,0,6.7221e-05,4.5283e-05,9.3856e-06,3.4977e-05,-3.5337e-05,0.00020037,4.1173e-05,9.6544e-05,6.4396e-06,7.6773e-05,-2.0822e-05,6.1206e-05,6.9435e-05,9.9889e-06,-1.5502e-05,4.0305e-05,9.9369e-06,6.3367e-05,0.00011503,5.9695e-05,-6.4139e-06,3.2915e-05,-2.7994e-05,4.105e-05,-5.0603e-06,0.00013389,-4.1974e-06,9.8659e-06,1.129e-05,8.8866e-05,8.6245e-05,3.946e-05,-5.1768e-05,1.9822e-05,3.3223e-05,-9.0125e-05,4.4358e-05,4.9927e-05,4.6265e-05,2.8277e-05,1.7921e-05,0.0001501,0.00010807,2.8701e-05,7.6994e-05,3.1853e-05,-2.5345e-05,4.4844e-05,1.5341e-05,3.1187e-05,-2.2433e-05,6.6588e-05,3.7813e-05,7.6461e-06,4.0942e-05,4.546e-05,3.0808e-05,6.2488e-05,5.3498e-06,4.0491e-05,3.4488e-05,4.4691e-05,3.2482e-05,-7.9702e-05,3.0969e-05,2.2066e-06,5.5773e-05,2.4922e-05,-4.7001e-05,9.579e-05,5.5255e-05,4.9113e-05,6.3388e-06,-9.2427e-06,3.6377e-05,2.2855e-05,6.2266e-05,3.6783e-05,4.1999e-05,1.2671e-05,0.00010235,3.2914e-05,3.0419e-05,1.3943e-05,7.0588e-05,1.1446e-05,8.0742e-05,-2.7713e-05,3.4498e-05,4.6766e-05,7.1033e-05,8.543e-05,7.0368e-05,7.4903e-05,2.5788e-05,9.6947e-07,4.167e-05,3.6306e-05,5.0391e-05,-1.1019e-05,0.00014108,1.7225e-05,2.8014e-05,1.7812e-05,0.00011149,4.2807e-05,6.4319e-05,1.681e-05,2.0424e-05,7.1126e-06,-1.5358e-05,1.9048e-05,2.6844e-05,4.3184e-05,2.3489e-05,1.361e-06,-0.00012688,7.1835e-05,7.0227e-05,-4.4047e-05,6.6404e-05,-5.4148e-05,5.7204e-05,3.104e-05,4.1955e-05,1.6781e-05,2.5183e-05,1.7038e-05,3.3339e-05,2.8725e-05,2.5362e-05,6.6785e-05,0.0001174,3.7706e-05,5.1493e-05,5.1365e-05,0.00015532,2.0682e-05,3.7978e-05,-3.1761e-05,1.6315e-05,3.6552e-05,1.9407e-05,5.2534e-05,5.5467e-05,-1.8854e-05,4.6798e-05,5.7537e-05,2.2968e-05,-1.2508e-05,4.377e-05,6.2773e-05,1.1319e-05,7.6771e-05,1.6612e-06,4.3978e-05,4.834e-06,4.1479e-05,-2.7452e-05,-1.1125e-05,0.0012178,2.8109e-05,2.7908e-05,9.1136e-05,-2.1662e-05,0.00011955,1.0448e-05,6.4917e-05,-1.3495e-05
5.1881e-06,-1.931e-05,-7.4884e-06,-2.1042e-05,2.353e-05,1.5064e-05,-8.0264e-06,6.1124e-05,4.3589e-05,-2.1247e-05,-1.988e-05,3.7655e-05,0.00011002,2.2608e-05,1.2739e-05,2.2915e-05,1.9827e-06,1.2702e-05,-4.3823e-05,-7.9223e-06,-6.0893e-05,3.2321e-05,2.9521e-05,6.7405e-06,-2.1226e-06,6.915e-05,1.0179e-05,1.5686e-05,-1.0368e-05,-2.6379e-05,0,-1.4167e-06,1.5177e-05,4.2187e-06,3.115e-05,-3.3438e-05,0.00012885,1.0917e-05,-2.6015e-05,2.3568e-05,2.9869e-05,1.9743e-05,-2.4239e-05,-2.0968e-05,-8.2939e-06,-6.1805e-06,1.181e-05,3.0511e-06,9.1403e-06,1.0061e-05,-3.3392e-05,-3.7575e-06,-3.2998e-05,7.4566e-06,5.8962e-06,3.7964e-05,9.6599e-05,-2.2508e-06,6.8688e-06,1.9958e-05,1.4457e-05,9.8495e-05,-2.6896e-05,-3.4703e-05,-8.888e-07,-2.3292e-05,-6.9235e-05,2.71e-05,7.9212e-06,1.3146e-05,2.5752e-05,-1.2117e-05,6.0111e-06,-5.3163e-05,7.0406e-06,-1.7232e-05,1.2183e-05,-6.7393e-06,5.8219e-05,-2.7542e-05,1.1282e-05,1.3037e-05,3.4803e-05,-4.0519e-06,-4.316e-05,-3.1074e-06,9.2757e-06,-2.5516e-05,-4.9387e-06,-3.2277e-05,-2.0339e-05,1.8642e-05,6.6917e-06,2.6814e-05,-0.00012638,5.7627e-05,1.8093e-05,3.3172e-05,-5.8383e-08,-1.4014e-05,2.4271e-05,1.8236e-05,5.2149e-06,-0.00014704,5.2401e-07,-6.1829e-05,2.7085e-05,3.9035e-05,8.4843e-06,-4.4285e-05,4.0678e-05,4.3155e-05,4.113e-05,1.4435e-05,1.6145e-05,-5.6559e-06,-6.8928e-06,-3.8574e-05,-6.3271e-05,8.0573e-06,-2.8104e-07,3.1209e-05,-2.0481e-06,5.2603e-05,2.305e-05,2.0991e-05,-2.0376e-06,4.458e-06,0.00010866,-1.8929e-07,3.7126e-05,1.1513e-05,1.6633e-05,-2.2765e-05,-9.5006e-07,8.2347e-06,2.3248e-05,-6.4172e-05,4.0688e-05,-4.3247e-05,-3.3511e-05,-1.8798e-05,-8.2509e-06,8.9047e-06,3.1408e-05,-0.00010321,8.9041e-05,-8.6089e-05,-4.8378e-05,-1.007e-05,-1.3677e-05,-3.9182e-06,-1.8052e-05,2.9572e-05,1.6833e-05,1.0217e-05,-4.7243e-05,6.3545e-06,-1.4708e-05,1.0789e-05,-1.9467e-05,-6.0181e-06,-1.9335e-05,7.1222e-06,5.736e-06,-0.00010836,-2.2959e-05,2.4528e-05,2.3788e-05,1.2409e-05,-3.56e-05,-1.0126e-06,3.1286e-06,5.1859e-06,5.266e-05,-8.736e-05,2.4982e-05,-3.2741e-05,-4.1132e-05,1.6079e-05,-3.0205e-05,3.4646e-06,4.5385e-05,3.1362e-05,3.7882e-06,-1.6936e-05,6.3614e-06,6.8107e-06,1.1063e-05,-3.0455e-05,8.8102e-05,0.00065892,-3.4215e-05,-3.2227e-05,6.5506e-06,-2.8736e-05,1.6613e-05,-1.6383e-05,-1.3059e-05,4.3193e-05
0.00014691,-8.7366e-05,6.2318e-05,0.00019721,2.4078e-05,6.7507e-05,3.6451e-05,0.00015479,0.00023079,3.0437e-05,3.5888e-05,2.464e-05,2.2608e-05,0.00053709,6.6597e-05,-9.5916e-06,0.00016422,8.5169e-05,0.00012907,0.00012346,2.2028e-05,0.00012021,5.5113e-05,3.7914e-05,2.6173e-05,9.4225e-05,9.6289e-05,-2.7967e-05,1.9184e-05,-1.8936e-05,0,0.00012911,2.8028e-05,4.4505e-05,0.00014957,-4.0845e-05,0.00045332,-6.4315e-05,0.00012352,0.00018157,0.00010393,8.786e-05,9.9486e-05,1.3166e-05,5.9247e-05,0.00011763,-7.4456e-05,-2.5349e-05,7.7049e-05,0.00016498,8.528e-05,0.00018273,3.5684e-05,0.00028112,7.3432e-05,-6.9775e-05,0.0001155,-4.2415e-06,4.2715e-05,5.0155e-05,-2.0426e-06,0.000175,9.7003e-05,1.6007e-05,0.00014017,0.00020272,-1.4758e-05,6.7519e-05,2.4615e-05,3.6719e-05,5.8478e-05,0.00019739,0.0001323,8.0658e-05,2.6854e-05,-0.00011335,0.00012216,4.9751e-05,0.00017879,9.8077e-05,3.7876e-05,-3.9788e-05,9.4854e-05,9.3516e-05,9.2326e-05,3.4178e-05,1.4376e-05,1.0691e-05,2.4599e-05,0.00013385,-0.00011326,5.5442e-05,1.0608e-05,1.1234e-05,-0.00020708,1.8299e-05,-4.6334e-07,5.8448e-06,9.5261e-05,6.7839e-05,2.5006e-05,0.00015306,5.3039e-05,8.2236e-05,2.8738e-05,0.00014664,-1.7285e-05,2.1089e-05,8.7739e-05,8.8569e-05,2.2249e-06,6.9465e-05,0.00028699,3.2437e-05,6.0931e-05,6.4879e-05,5.0996e-05,0.00012293,5.2733e-05,1.9378e-05,3.1468e-05,6.6922e-05,9.1175e-05,2.1118e-05,4.8732e-05,4.8277e-05,-8.9647e-06,2.7512e-05,0.00027643,1.9226e-05,4.4171e-05,-4.1681e-05,8.7808e-05,8.2712e-05,1.176e-05,0.0001359,2.6182e-05,-2.6773e-05,6.2805e-05,9.3495e-06,0.00010572,0.00012035,-1.2995e-05,-4.6116e-05,2.4425e-05,0.00014478,8.7282e-05,1.7673e-05,5.8002e-06,0.00010573,2.1945e-05,0.00013851,-5.6441e-05,7.4986e-05,7.1432e-05,2.7623e-05,0.0001347,-1.7574e-05,0.00010669,7.8038e-05,8.5826e-05,0.00020758,8.2368e-05,5.9559e-05,3.8526e-05,1.4054e-05,2.1156e-06,1.8515e-05,-4.3947e-05,5.0686e-05,7.8761e-05,2.2524e-05,8.5298e-05,2.9005e-05,4.0221e-05,0.00017087,9.6018e-05,-4.4643e-06,8.8764e-05,-1.5578e-06,5.9169e-05,5.8653e-05,6.6651e-05,0.00015781,8.6666e-05,7.6879e-05,2.6255e-05,8.3703e-05,1.5636e-05,-0.00010568,0.00039656,0.00076395,1.192e-05,2.2868e-05,-3.7359e-05,2.3429e-05,-3.1465e-05,0.0001634,5.0473e-05,6.7953e-05
7.2389e-05,3.9151e-05,2.6848e-05,9.0721e-05,1.2438e-05,8.5729e-06,3.8234e-05,3.0342e-05,-1.2448e-05,-3.7536e-05,6.0258e-05,-7.7136e-06,1.2739e-05,6.6597e-05,0.00022866,4.1473e-05,7.9323e-05,0.00013866,0.0002018,-1.3013e-05,8.2553e-05,0.0001005,1.9099e-05,2.5188e-05,5.8535e-05,3.0985e-05,3.0882e-05,3.4354e-05,3.7314e-05,4.8105e-05,0,9.007e-05,0.00012313,5.0028e-05,4.3108e-05,4.3222e-05,-5.8033e-05,-5.7922e-05,5.2946e-05,2.3868e-05,8.7613e-06,3.6491e-05,3.6112e-05,1.0059e-05,2.8135e-05,2.2283e-05,8.9008e-05,7.934e-05,3.622e-05,4.0083e-05,-3.0693e-05,9.5808e-05,-2.0993e-05,4.8415e-05,6.9062e-05,2.3133e-05,5.9338e-05,-2.5035e-05,8.3889e-06,9.4067e-05,-1.8941e-05,-8.1084e-05,-1.6558e-05,9.0553e-05,3.3901e-05,3.8229e-05,3.2235e-05,5.9348e-05,-2.4655e-05,3.5251e-05,-1.5254e-05,4.6806e-05,8.9062e-06,-4.6075e-05,6.1641e-05,-9.8984e-06,5.7885e-05,5.0938e-06,6.7873e-05,2.8325e-05,5.8012e-05,9.3532e-07,4.2813e-06,-1.1133e-05,3.9455e-05,4.966e-05,-5.4955e-05,2.5457e-05,1.8344e-05,3.6249e-05,-6.4149e-05,4.5669e-05,1.0364e-05,2.6337e-05,-3.5412e-05,1.3012e-05,1.0857e-05,2.0046e-05,5.2758e-06,9.7777e-05,5.6662e-06,6.257e-05,2.6745e-05,1.1929e-05,-3.3564e-06,-1.7287e-05,5.5063e-05,-3.6729e-06,0.00011796,6.1887e-05,0.00010984,6.2636e-05,4.4324e-05,6.8326e-05,1.2083e-05,-1.1865e-05,2.2098e-05,-1.6867e-05,1.1572e-05,8.6696e-06,2.1211e-05,6.4103e-05,1.0117e-05,2.3454e-05,4.9921e-05,-6.056e-05,2.9669e-05,2.157e-05,-1.8717e-05,4.2646e-05,1.3585e-05,0.00011887,-3.9601e-05,3.8599e-05,8.1839e-06,7.1931e-05,3.081e-05,3.3267e-05,6.7558e-06,2.3253e-05,4.9635e-05,-2.4623e-06,-2.9658e-05,-0.00011478,7.6937e-05,4.1643e-05,-0.00010726,7.5688e-05,2.0637e-05,2.7139e-05,-7.9931e-05,3.202e-05,6.5493e-05,6.9652e-05,6.4778e-05,3.2043e-05,0.00012564,-7.0238e-06,4.903e-05,1.1637e-05,1.6798e-05,4.7779e-05,3.5754e-05,3.4584e-05,6.8779e-06,-9.1805e-05,2.2332e-05,-4.8722e-05,-2.0551e-05,-2.4737e-06,-5.9828e-06,1.6929e-05,1.4065e-05,4.2927e-05,-6.4896e-05,9.3857e-05,0.00011756,7.4964e-05,0.00011822,6.4695e-05,8.1221e-05,2.396e-05,0.00012018,5.9689e-05,1.2252e-06,-3.0826e-06,6.2237e-05,6.6192e-05,9.4927e-06,-6.796e-05,1.6367e-05,0.00046773,2.8684e-05,-4.179e-05,9.4085e-05,0.00013139,-3.2588e-05,4.4682e-05,-7.429e-06,6.6304e-05
2.1446e-05,-3.6439e-05,2.4399e-05,-6.2269e-05,1.291e-05,3.2128e-05,3.8041e-05,5.718e-05,-1.9186e-05,-1.1993e-05,1.2538e-05,2.3792e-05,2.2915e-05,-9.5916e-06,4.1473e-05,6.944e-05,1.1897e-05,8.5097e-05,5.2502e-05,7.2553e-06,-3.2818e-05,4.3937e-05,6.913e-05,3.3877e-05,1.7688e-05,3.1768e-05,-1.9761e-06,4.8113e-05,2.7974e-05,4.3525e-05,0,4.4356e-05,3.9998e-05,3.114e-05,5.4745e-06,3.9917e-06,7.8048e-06,-1.4364e-05,5.3561e-05,7.1237e-06,1.0009e-05,4.103e-05,1.8484e-05,1.2073e-05,6.6737e-06,-3.0414e-05,8.4284e-05,2.6849e-05,4.8224e-06,5.2586e-05,2.0915e-05,6.2905e-05,1.3652e-05,2.1038e-05,1.2847e-05,1.5401e-05,3.3642e-05,-4.9061e-06,7.5602e-06,4.109e-05,2.5149e-05,8.9646e-06,3.825e-06,1.5734e-05,1.2684e-05,2.0043e-05,-2.1518e-05,2.4983e-05,2.5241e-05,2.31e-05,3.5241e-06,2.6669e-05,2.7697e-05,7.1687e-05,3.165e-05,5.8947e-05,1.7533e-05,2.2407e-05,1.1843e-05,-9.8832e-06,4.8334e-05,1.0004e-05,2.5527e-05,-1.4399e-05,-8.9573e-06,3.2092e-05,1.9741e-05,2.8418e-05,6.1187e-06,9.1004e-06,-1.3169e-05,2.2658e-05,4.5902e-06,3.3626e-05,-4.9438e-05,7.8975e-06,6.5477e-06,3.8631e-05,5.9183e-06,7.3154e-05,5.0048e-05,3.0466e-05,2.14e-05,4.8316e-05,-7.3546e-06,-2.8889e-05,3.6541e-05,2.5033e-05,3.7863e-05,3.4048e-06,3.1539e-05,4.0173e-05,3.8325e-06,3.8664e-05,6.9956e-06,1.8893e-05,2.2887e-05,-3.7422e-05,-4.6155e-06,3.6153e-05,3.1609e-05,-2.3143e-05,1.1111e-05,3.9007e-06,8.6467e-06,-6.1875e-06,4.7238e-06,1.79e-05,3.0943e-06,2.4651e-05,-5.0804e-06,2.7863e-05,-1.2542e-06,7.0352e-06,2.511e-05,8.3857e-06,2.2674e-05,5.5989e-05,4.2517e-05,5.7539e-06,-3.0243e-05,3.9917e-06,1.1205e-05,-5.869e-05,3.0176e-05,-6.8441e-05,3.5294e-06,-0.00010585,3.2658e-05,3.2099e-05,-3.9312e-05,2.2419e-05,7.7256e-06,3.5791e-05,2.1536e-05,1.4608e-05,5.5964e-05,1.071e-05,-5.1909e-06,-1.2021e-05,7.5883e-06,2.0785e-05,3.3529e-05,1.7881e-05,1.7808e-05,-1.375e-05,1.2451e-05,2.324e-05,-7.8702e-06,1.668e-05,-1.9758e-05,9.6181e-06,3.1526e-06,6.1981e-06,2.265e-05,-9.4385e-05,-1.5081e-06,4.6505e-05,-3.0408e-05,4.2203e-05,3.2101e-05,-8.3525e-06,5.1981e-05,-2.2226e-05,1.789e-05,-1.1702e-06,4.1616e-05,-1.5349e-05,1.6722e-05,-6.4833e-06,4.1999e-06,0.00021374,2.6921e-05,-1.7762e-05,1.1739e-05,4.7079e-05,-9.0942e-06,-3.5423e-06,1.151e-05,5.4217e-05
0.00012221,9.1416e-05,5.9513e-05,0.00014337,-3.7579e-05,9.1956e-05,6.6336e-06,9.6694e-05,0.0001255,6.1076e-05,5.5874e-05,-3.4033e-07,1.9827e-06,0.00016422,7.9323e-05,1.1897e-05,0.00020753,9.1848e-05,0.00012672,7.5222e-05,6.2059e-05,7.6797e-05,4.4202e-05,3.8164e-05,9.2912e-05,-5.2564e-05,2.2192e-05,2.5077e-06,4.8389e-05,8.6161e-05,0,0.00012178,7.7545e-05,5.4782e-05,9.0453e-05,5.2112e-05,4.9182e-05,1.5975e-07,4.7976e-05,2.7641e-05,3.8465e-05,1.7794e-05,5.641e-05,1.2038e-05,2.9339e-05,8.0458e-05,-1.1119e-05,-3.4553e-05,9.0744e-05,5.1247e-05,6.3053e-05,0.00010503,-9.116e-06,9.1813e-05,3.1989e-05,4.4767e-06,0.00013192,-5.4986e-07,-1.4969e-06,4.5034e-05,3.413e-05,5.5568e-05,5.7256e-05,1.6362e-05,5.1406e-05,0.00011613,6.8556e-05,6.1018e-05,1.8975e-05,4.9793e-05,4.3917e-05,7.8934e-05,4.5251e-05,-7.1333e-05,4.6563e-05,5.4559e-05,4.8615e-05,6.6239e-05,0.00015372,0.00015258,6.7433e-05,2.0262e-05,9.8334e-05,3.3113e-05,6.648e-05,3.7906e-05,2.2785e-05,4.8871e-05,8.2261e-05,0.00011786,-4.4272e-05,3.0801e-05,2.2264e-05,8.9533e-05,-7.9315e-05,8.2517e-05,6.158e-06,2.1292e-05,3.6339e-05,8.2466e-05,2.595e-05,3.5413e-05,2.8912e-05,4.4398e-05,3.6288e-05,5.2129e-05,4.1633e-05,3.0875e-05,0.00012242,5.3227e-05,3.3694e-05,2.7566e-06,0.00011685,1.5419e-05,5.4542e-06,5.4023e-05,4.1491e-05,6.6529e-05,8.5185e-06,3.1108e-06,4.9394e-05,0.00010244,6.458e-05,4.0987e-05,3.7887e-05,-6.3482e-05,2.054e-05,2.9813e-05,0.00010348,4.9737e-05,2.2256e-05,5.988e-05,4.544e-05,2.4203e-05,6.9931e-07,0.00010672,5.8277e-05,1.8441e-05,2.1972e-05,4.4853e-05,7.7998e-06,6.9433e-05,-9.4092e-06,-2.9501e-05,6.0975e-06,6.4564e-05,-5.138e-05,0.00010854,-1.4618e-06,8.0016e-05,-3.0955e-05,5.908e-05,6.1996e-06,7.1825e-05,8.1978e-05,2.2157e-05,0.00015933,4.3923e-05,7.3133e-05,2.7955e-05,7.8085e-05,0.00012618,1.7253e-05,3.9734e-05,2.7727e-06,1.8999e-05,2.0999e-05,6.864e-06,-2.6897e-05,7.0335e-05,5.8163e-05,5.531e-05,4.9825e-06,5.0101e-05,1.7723e-05,1.7162e-05,0.00012297,2.2079e-05,0.00022714,2.9346e-05,4.4988e-05,6.0512e-05,6.0695e-05,0.00011868,4.9411e-05,1.5496e-05,1.8376e-05,0.00010291,2.4734e-05,-1.819e-05,0.00012377,-0.00053645,6.1449e-05,-2.2413e-05,2.8724e-05,8.4666e-05,1.2187e-05,4.4489e-05,5.6029e-05,7.3207e-05
0.00013692,9.6966e-06,6.2097e-05,0.00010163,4.3336e-06,7.3567e-05,-8.4004e-08,5.1637e-05,6.8218e-05,3.9954e-06,6.8135e-05,4.1683e-05,1.2702e-05,8.5169e-05,0.00013866,8.5097e-05,9.1848e-05,0.00033442,0.00031802,1.8602e-05,5.5201e-05,0.00013448,0.00013023,0.00010798,6.5365e-05,3.3553e-05,5.475e-05,0.00010753,7.5164e-05,7.468e-05,0,0.00022139,0.0001034,7.9061e-05,6.8667e-05,-1.5844e-05,0.00011341,-1.6213e-05,0.00011482,6.3139e-05,2.7363e-05,0.00010772,8.5702e-05,2.3263e-05,5.9347e-05,6.2022e-05,0.00011945,5.4262e-05,6.7551e-05,0.00014783,0.00013315,0.0003899,1.5204e-05,6.3344e-05,5.5492e-05,-3.5951e-05,0.0001956,-2.3433e-05,3.3879e-05,0.00022132,5.8905e-05,-3.1958e-06,7.2957e-05,6.5062e-05,3.45e-05,0.00011922,-7.7634e-05,0.00011075,8.4892e-05,0.00010559,1.9978e-05,8.6202e-05,8.8632e-05,0.00010166,6.9553e-05,0.00020531,5.9882e-05,8.3255e-05,0.00011991,6.0579e-05,0.00016122,-8.2721e-06,9.8149e-05,7.6966e-06,3.0373e-05,8.8624e-05,3.0698e-06,8.5668e-05,0.00010414,8.0241e-05,-0.00011218,7.6822e-05,6.2536e-05,0.00010146,-0.00025111,1.0496e-05,9.9615e-06,9.2736e-05,3.5809e-05,0.00019966,0.00011885,3.4568e-05,9.3519e-05,8.7793e-05,3.3253e-06,2.33e-06,6.9805e-05,3.8697e-05,0.00012157,9.1401e-05,7.0469e-05,1.9141e-05,2.4772e-06,3.7033e-05,5.7653e-05,7.8639e-05,5.2247e-05,7.4857e-05,4.8975e-06,6.729e-05,9.5635e-05,-0.00012214,9.5213e-05,6.6282e-05,8.3343e-05,-2.96e-05,1.4912e-05,5.9872e-05,4.5586e-05,9.3768e-05,-3.3008e-05,0.00016057,9.2894e-07,3.9928e-05,3.2744e-05,1.6841e-05,5.5803e-05,0.00021975,8.3471e-05,5.5117e-05,-4.8113e-05,0.00012434,-1.2158e-05,-0.0001033,2.6622e-05,0.00012137,-2.3031e-05,-0.00014446,0.00011436,0.00014814,2.5428e-05,5.4714e-05,-2.83e-06,0.00011156,6.3477e-05,3.3655e-05,9.6158e-05,6.2056e-05,1.2321e-05,4.498e-06,7.0207e-05,0.000122,9.9553e-05,0.00012078,6.3246e-05,-1.7276e-05,5.7609e-05,0.00011764,2.4588e-06,2.95e-05,-9.7444e-05,5.4573e-05,2.5208e-05,4.7855e-05,-1.8635e-05,9.3125e-05,8.5219e-05,6.9519e-05,0.00016584,0.00016797,8.3231e-05,1.522e-05,0.00027978,3.9457e-06,6.8585e-05,1.9601e-06,8.9217e-05,3.4628e-06,5.0956e-05,5.9348e-05,9.4645e-05,1.2715e-05,0.00010492,-7.7605e-05,4.7014e-05,0.00018877,7.0751e-05,4.2997e-05,3.5647e-05,0.00019226
