0.0017396,0.00021556,0.00015662,0.00024476,0.0003444,0.0004973,2.1651e-05,0.00026473,0.00036859,0.00013058,0.00016522,5.2046e-05,0.00018471,5.037e-05,6.4639e-05,0.00024923,0.00014754,-4.1367e-05,6.9824e-05,0.00014783,7.7171e-05,6.8807e-05,0.00017448,0.00097202,0.00024946,0.00014907,-2.3058e-05,-0.00014293,0.00039116,0.00024104,0,1.219e-05,0.00031972,0.00010069,6.4245e-05,0.00043159,0.0004644,0.00028823,0.00014537,2.2839e-05,5.0355e-05,0.00036332,0.00010622,0.00011845,4.6844e-05,-5.9367e-05,-0.00010433,0.00010895,0.00025521,9.4384e-05,0.00022116,0.00022764,0.00033623,0.00032801,-0.00014118,-0.00020865,0.0005627,-3.3836e-05,9.2238e-05,3.474e-05,2.0721e-05,0.00066619,0.00016682,4.6681e-05,2.4561e-05,0.0010508,7.7624e-05,6.3627e-05,6.5441e-05,8.2469e-05,0.00027565,0.00011942,2.4209e-05,0.00026308,0.00012183,9.6945e-05,0.00014409,0.00020124,-7.5145e-05,6.6794e-05,5.053e-05,0.00010271,0.00030924,0.00018499,-2.2411e-05,3.5498e-05,0.0002579,0.00023164,0.00016742,0.00016814,0.00020005,0.00019513,0.00021247,8.4858e-05,-7.9778e-06,-4.0596e-05,-1.3452e-05,-5.3731e-05,1.5941e-05,0.00012413,0.00017865,-0.00019681,0.00010785,-0.0001594,0.00013354,0.00012679,0.00013475,0.00017594,6.5049e-05,-8.1344e-06,8.2469e-05,6.6227e-06,-6.7078e-06,0.00017319,0.00033095,6.1243e-05,-0.00012038,0.00022864,3.0244e-05,0.00013354,4.6283e-05,0.00019655,0.00035752,0.00027975,9.3198e-05,4.5494e-06,4.8623e-05,6.0382e-05,0.00014884,0.00026863,0.00010914,0.0001035,8.499e-05,4.6799e-05,0.00013295,-4.0533e-05,0.0003411,-0.00010161,6.4261e-05,5.2621e-05,-1.7816e-05,0.00077596,0.00010917,0.00023831,-2.0092e-05,0.00043575,0.00037845,2.1108e-05,0.00016047,0.00020772,0.0001389,2.734e-06,0.00020919,0.00015004,0.00017098,0.00016938,-0.00044881,0.00011671,0.00016553,0.00010688,8.9466e-05,8.2696e-05,0.00021025,2.8282e-06,0.00011539,8.4609e-05,0.0002475,0.00032717,0.00019401,0.00038152,5.0868e-05,-4.9467e-05,0.00011967,0.00021006,2.623e-05,4.5442e-05,0.00052487,-1.8153e-05,0.0006845,4.0047e-05,0.00016625,2.8437e-05,-1.8979e-05,6.427e-06,2.6426e-05,4.9511e-05,0.00011579,5.3593e-05,0.00010171,0.00025933,0.0011546,0.00018339,5.6449e-05,0.00054122,0.00039621,-2.722e-05,-2.1608e-05,7.3751e-05,4.0463e-05,5.2356e-05
0.00021556,0.00015486,6.2044e-05,0.00010441,-2.5898e-05,3.8992e-05,-2.0538e-05,0.00012321,5.7555e-05,2.4008e-05,9.4535e-05,-1.8803e-05,8.2537e-05,3.5054e-05,3.6579e-05,8.9551e-05,2.8202e-05,1.6773e-05,2.496e-05,6.4648e-05,2.1386e-05,2.7392e-05,5.0393e-05,0.00011939,3.9906e-05,4.9885e-05,-3.3601e-05,6.1538e-06,6.6538e-05,7.6152e-05,0,-2.1438e-06,5.2545e-05,9.6928e-05,3.82e-05,4.6607e-05,5.1404e-05,6.6297e-05,-4.6186e-05,1.1513e-05,4.4906e-05,2.8201e-05,7.5439e-05,4.9951e-05,1.7034e-05,2.3715e-05,-3.5455e-05,-0.00037227,-2.8527e-05,-3.3766e-05,3.8148e-06,3.7567e-05,-4.7426e-05,5.8046e-05,-1.7034e-05,-0.0001079,0.00018198,1.2397e-05,2.0676e-05,4.7745e-05,-2.599e-05,0.00013816,2.9975e-05,3.4145e-05,-6.0507e-06,0.00015762,-6.6765e-06,-7.0373e-06,-3.1592e-05,4.5579e-05,8.7852e-05,5.6895e-05,9.3268e-05,0.00010833,5.1057e-05,3.0385e-05,2.2445e-05,6.1802e-05,4.4593e-05,-2.2491e-05,4.4031e-05,2.381e-05,0.00010887,5.1991e-05,-4.5232e-05,5.1335e-05,8.3064e-05,-3.2542e-06,3.3896e-05,4.1827e-05,2.9291e-05,1.5155e-05,3.0269e-05,5.2042e-05,4.1565e-05,-1.9675e-05,-4.4867e-06,2.927e-05,1.7103e-05,5.4913e-05,7.5949e-05,5.0271e-06,2.8702e-05,6.0271e-05,5.4026e-05,1.2572e-05,3.7042e-05,8.0449e-05,5.4674e-05,-2.2699e-05,4.5207e-05,-1.4323e-06,-2.7396e-05,0.00010308,5.2799e-05,-2.7807e-05,-2.5772e-05,3.061e-05,3.8505e-05,8.2029e-05,5.1879e-05,-0.00014763,0.00015092,-1.4031e-05,5.8053e-05,3.9121e-05,5.7275e-05,3.2099e-05,-0.00013944,9.3148e-05,1.1651e-05,1.9457e-05,-3.027e-06,1.8481e-05,5.4948e-05,5.9743e-05,8.105e-05,-1.7912e-05,4.3611e-05,3.8698e-05,5.7198e-05,0.0001031,3.4066e-05,6.6285e-06,1.5691e-05,7.6095e-05,5.4186e-05,1.6672e-05,8.3331e-06,4.6789e-06,2.9103e-05,6.2203e-06,8.4199e-05,7.894e-05,7.0783e-05,6.5414e-05,-0.00012902,3.5925e-05,2.8591e-05,5.5471e-05,5.3248e-05,3.4857e-05,3.6336e-05,2.9965e-05,7.0463e-05,6.6508e-05,4.6928e-05,6.9902e-05,2.2189e-05,4.0037e-05,6.7762e-05,1.6408e-06,5.6636e-05,-9.2919e-06,2.9148e-05,3.4498e-05,0.00016719,2.2126e-05,0.00011025,5.1243e-05,0.00010744,1.6388e-05,-1.0648e-06,-9.6164e-06,2.6595e-05,2.4811e-05,8.2392e-05,2.1161e-05,6.2564e-05,5.3025e-05,0.00018837,1.6546e-05,-3.3106e-05,-3.3724e-05,5.4997e-05,1.7018e-05,4.9108e-06,3.8019e-05,3.0179e-05,3.7949e-05
0.00015662,6.2044e-05,0.00012682,4.1391e-05,1.1866e-05,-4.7735e-05,-1.7905e-06,4.4249e-05,8.2182e-05,2.1216e-05,3.4473e-05,-5.669e-05,1.0775e-05,1.4203e-05,-1.179e-05,2.3941e-05,1.7008e-06,-7.4006e-07,1.8115e-05,4.7758e-05,-2.6369e-05,2.0882e-05,1.4782e-05,5.2058e-05,-4.807e-05,9.4815e-06,-8.8224e-06,-5.2605e-06,-2.6301e-05,1.2456e-05,0,8.9352e-07,4.6863e-05,4.9514e-05,-2.1576e-05,-3.1427e-05,-6.9654e-05,2.6708e-05,-4.7225e-05,1.7277e-06,-1.6887e-05,4.4903e-05,1.2775e-05,6.9595e-05,-2.1698e-06,-7.2923e-05,-4.7507e-05,0.00032502,-4.4745e-05,3.0386e-05,1.1931e-06,-2.0923e-06,-9.329e-05,3.6821e-05,-1.0709e-05,-4.2723e-05,-1.0377e-05,3.4671e-06,3.0018e-05,2.3408e-06,-8.0865e-06,-4.4912e-05,-1.9652e-05,2.7145e-05,-2.6184e-06,9.0405e-05,-5.2352e-05,-1.2762e-05,-7.5414e-06,-1.107e-05,2.5487e-05,-1.958e-06,-5.5967e-06,3.0505e-05,2.0084e-05,2.1899e-05,3.0824e-05,6.8637e-06,0.00011883,3.8862e-06,1.8161e-05,-9.2821e-06,5.532e-05,1.054e-05,-9.157e-05,1.2847e-05,1.6947e-05,6.9027e-06,2.343e-06,3.9581e-05,9.4637e-05,-2.0715e-05,3.7568e-05,6.0781e-05,3.1978e-05,-1.9117e-05,-3.1814e-06,-1.511e-05,1.1848e-06,-7.7981e-08,5.7265e-05,4.0353e-05,4.0235e-05,0.00013773,1.1763e-05,-2.1904e-05,1.249e-05,6.1498e-05,1.1055e-05,-7.4034e-06,2.5437e-05,9.7487e-06,-3.4943e-05,-1.5235e-05,2.9189e-05,1.0617e-06,-4.0108e-05,1.3216e-05,2.8503e-05,9.5121e-07,1.3318e-05,-8.4288e-05,8.1092e-05,-1.4482e-05,-2.0991e-05,-5.1299e-07,3.2345e-05,-1.3394e-05,-0.00014739,6.629e-05,-1.3791e-05,-1.2736e-05,2.5066e-05,2.2702e-05,2.5815e-05,3.1823e-05,-3.2671e-05,3.5211e-06,1.192e-05,-2.8911e-06,-1.9826e-05,3.402e-05,-6.7065e-06,-1.4989e-06,5.7374e-07,5.1215e-05,-6.2967e-06,6.1549e-05,-2.74e-06,8.2707e-06,3.9758e-05,1.6891e-06,7.1324e-05,3.8143e-05,2.4484e-05,5.2604e-05,-0.00019968,-3.897e-06,3.1892e-06,3.1176e-05,2.1415e-05,1.2249e-05,1.613e-05,1.4235e-05,1.6082e-05,-5.3382e-06,1.9509e-05,-2.4725e-05,-2.8503e-05,-3.7471e-05,7.1876e-05,3.193e-06,1.0538e-05,5.0444e-05,1.1499e-05,-1.4272e-05,-6.5811e-05,-2.1993e-05,-4.4062e-05,3.7971e-05,0.00010809,-1.9225e-05,3.1229e-05,-1.9819e-06,8.6957e-06,9.3067e-06,2.2647e-05,-9.4003e-06,-1.0448e-05,8.845e-06,7.1226e-05,-2.2155e-05,-2.5638e-05,-6.6531e-05,-1.3146e-05,3.7548e-06,-3.098e-05,2.6424e-05,2.7265e-05,-1.9659e-05
0.00024476,0.00010441,4.1391e-05,0.00035546,0.0001278,0.00022021,-2.8e-05,0.00010766,0.00017164,5.9895e-05,0.00021406,-7.6522e-05,0.00010384,3.598e-06,0.00019959,8.2947e-05,0.00011146,0.00014821,6.2446e-05,0.00014255,0.00013294,0.00012075,0.00017978,0.00015952,0.00015808,2.9966e-05,-2.9169e-05,4.4039e-05,0.00011135,7.8894e-05,0,0.00011058,0.00011618,0.00011624,9.9569e-05,-7.8353e-06,-3.9616e-05,9.9124e-05,-4.003e-06,5.0595e-05,3.2146e-05,0.00012594,5.3846e-05,3.3176e-05,8.5293e-05,0.000194,3.9053e-05,-0.00037982,0.00023477,3.9097e-06,5.5029e-05,1.253e-05,0.00011111,6.8773e-05,2.6829e-05,1.9506e-05,0.00028941,1.7249e-06,3.8701e-05,0.00012443,5.2436e-05,-5.0061e-05,5.8512e-05,0.00016344,8.1148e-06,0.00012796,-3.1007e-05,8.9583e-05,-9.5179e-06,0.00011485,7.0495e-05,6.4096e-05,6.4046e-05,0.00016087,5.9062e-05,8.4896e-05,5.7352e-05,0.00011092,0.00012522,2.5737e-05,8.0243e-05,0.00012705,8.866e-05,7.3042e-05,-7.4639e-06,9.5242e-05,8.974e-05,4.3077e-05,0.00011623,3.1131e-05,-9.7027e-05,0.00010567,-5.4686e-06,0.00011374,5.9502e-05,8.3059e-05,2.2428e-07,0.00010044,0.00010925,0.00013379,0.00012938,7.7461e-05,7.4819e-05,0.00020134,6.0843e-05,0.00012241,8.5323e-05,0.00021127,0.00020955,5.9003e-05,0.00019497,3.9663e-05,-7.0344e-06,7.6106e-05,1.2564e-05,0.0001086,0.0001083,8.4326e-05,8.7931e-05,5.5213e-05,0.00013776,-0.00015903,0.0002317,1.5349e-05,0.00015568,2.96e-05,7.9701e-05,6.1349e-05,-0.00017973,0.00024348,3.2957e-05,9.6809e-05,0.00013457,4.3013e-05,3.4868e-05,0.0002773,9.3767e-05,0.00010846,3.0404e-05,3.0892e-05,-2.0529e-05,0.00020274,8.4254e-05,6.622e-05,3.0835e-05,9.3898e-05,-9.2627e-05,2.7085e-05,7.7464e-05,2.7457e-05,5.8957e-05,-1.2581e-05,0.00017392,0.00016964,0.00017528,7.1599e-05,-0.00013457,4.6481e-05,4.0916e-05,8.4419e-05,0.00017158,4.0599e-05,6.7931e-05,7.9349e-05,6.5092e-05,0.00015135,5.0314e-05,6.1257e-05,4.7978e-05,0.00021316,0.00016427,2.3077e-05,7.9589e-05,7.0478e-05,-1.8424e-05,-3.8996e-05,0.00010663,8.4675e-05,0.00017466,0.00021399,0.00015083,6.4893e-05,0.00017405,-6.6473e-05,2.9177e-05,2.559e-05,2.5475e-05,1.7122e-05,0.00010437,2.848e-05,0.0002298,5.9693e-05,0.00010788,0.00013204,4.6137e-05,3.3498e-05,-2.2223e-06,0.00016566,4.8371e-05,0.0001798
0.0003444,-2.5898e-05,1.1866e-05,0.0001278,0.00038114,0.00019141,-3.2331e-05,0.0001024,0.00011809,7.0768e-05,0.00013057,1.4017e-05,3.8576e-05,1.1271e-05,9.0087e-05,1.4946e-05,9.3098e-05,0.00013396,4.8377e-05,7.0102e-05,7.3866e-05,0.00011723,8.7483e-05,0.00016725,6.5333e-05,6.8212e-05,-6.7532e-05,7.5743e-05,6.7914e-05,0.00010653,0,0.00012866,0.00021854,0.00010651,0.00012253,0.00017261,0.00011522,0.00011391,0.00011525,2.916e-05,8.6268e-06,0.00011252,-3.3228e-05,3.8634e-05,8.4682e-05,1.0106e-05,4.224e-05,0.00080266,0.00019121,7.3149e-05,7.2593e-05,7.3004e-05,0.00014757,7.4436e-05,7.4813e-05,-5.6359e-05,0.00028316,-9.5954e-06,8.2755e-05,9.3208e-05,0.00010764,5.8192e-05,5.6284e-05,0.00010003,2.5393e-05,0.0001457,-2.9702e-05,8.9427e-05,-9.6276e-06,5.0249e-05,5.1525e-05,8.7505e-05,-7.2074e-05,6.7426e-05,5.5423e-05,5.4729e-05,1.9235e-05,5.3274e-05,-4.5126e-05,7.3119e-05,6.9853e-05,8.5882e-05,-6.1914e-05,-5.1429e-08,3.9358e-05,2.7742e-05,8.6365e-05,8.3353e-05,0.00010421,1.2537e-05,-1.4329e-05,0.00018656,0.00010956,0.00011142,4.9166e-05,6.496e-05,-7.8043e-06,1.9259e-05,5.3292e-05,6.044e-05,9.1096e-05,2.9938e-05,7.4383e-05,-1.1607e-05,2.3876e-05,0.00021026,0.00013305,0.00011427,8.0926e-05,8.7842e-05,5.0199e-05,8.8249e-05,2.0399e-05,3.2811e-05,6.3491e-05,0.00019455,6.1412e-05,4.4728e-05,5.0434e-05,-3.236e-05,8.2278e-05,0.00016687,0.00011398,9.15e-05,9.3687e-05,9.7022e-06,-8.4109e-07,2.0731e-05,3.7729e-05,0.00014244,6.8648e-05,0.00010349,9.7703e-05,5.4046e-06,1.3206e-05,7.4761e-05,9.2675e-05,0.00014911,6.7314e-06,7.7961e-06,-6.1976e-05,0.00015947,9.3537e-05,0.00014111,3.3048e-05,0.00012228,-1.4322e-05,2.7316e-05,3.9623e-05,6.9786e-05,7.2971e-05,3.6032e-06,0.00012884,3.9593e-05,5.5887e-05,4.5704e-05,-0.00014613,5.0464e-05,9.7731e-05,4.9671e-05,0.00010869,9.401e-06,9.6924e-05,7.0382e-05,-1.4486e-05,8.8616e-05,8.308e-05,-6.9599e-05,5.2525e-05,0.00016097,9.8768e-05,8.5799e-06,5.8478e-06,0.00010844,-2.733e-06,-4.8507e-06,0.0002708,5.3279e-05,0.00017997,0.00014143,6.9566e-05,3.0455e-05,0.00017651,-1.9898e-05,3.9447e-05,4.8348e-05,-3.383e-05,2.7495e-05,2.523e-05,3.8652e-05,0.0002111,8.5173e-05,0.00015019,0.00031053,8.8461e-05,4.5347e-05,4.4061e-05,8.6424e-05,5.6308e-05,0.00014435
0.0004973,3.8992e-05,-4.7735e-05,0.00022021,0.00019141,0.00051679,1.0813e-06,8.8642e-05,0.00011454,0.00010281,0.00014214,5.4314e-05,8.4496e-05,2.4663e-05,0.00010753,8.8214e-05,0.00011129,1.2591e-05,4.818e-05,0.00012361,0.00015915,-3.9091e-06,0.00016202,0.00029933,0.00026865,7.3675e-05,3.0464e-05,-5.715e-05,0.0002242,0.00014049,0,5.1732e-05,0.00014684,1.932e-05,4.3e-05,0.00021512,8.9088e-05,0.00011379,0.00018485,6.2963e-05,4.4737e-05,0.00016453,3.7183e-05,-2.9711e-07,1.6119e-05,0.00025056,-5.0632e-06,0.00059265,0.00023717,-3.7467e-05,0.00015409,3.0872e-05,0.00032663,0.00013502,4.2528e-05,2.0426e-06,0.00044382,-2.0035e-05,3.3996e-05,0.00014101,6.3975e-05,0.00012233,0.00012469,6.0948e-05,5.7743e-05,0.00024759,4.4542e-05,7.7943e-05,-2.0344e-05,6.4349e-05,7.0048e-05,5.9854e-05,-2.0118e-05,0.00014903,1.8312e-05,6.3825e-05,6.996e-05,0.00011836,-8.7978e-06,3.4812e-05,2.5394e-05,0.00017129,6.0968e-05,0.00010101,6.0596e-05,3.976e-05,0.00013478,0.00013168,8.8122e-05,2.7942e-05,-2.1723e-05,0.00014435,2.0851e-06,6.4527e-06,-2.6702e-05,4.4893e-05,-1.7867e-05,7.6727e-05,4.1221e-05,0.00010059,6.3422e-05,-3.6157e-05,8.5463e-05,9.7563e-05,0.00010837,0.00014611,-1.8167e-06,0.00012406,0.00011801,-7.0626e-06,0.00016831,7.3982e-05,4.6082e-06,8.6335e-05,0.00011934,-2.7902e-05,3.5711e-05,0.00011827,3.6117e-05,2.3453e-05,6.0911e-05,0.00025188,0.00016403,0.00018636,8.0013e-05,1.5259e-05,7.1874e-06,5.1278e-05,8.6506e-05,0.00014919,8.4623e-05,9.2112e-05,0.00012364,1.4194e-05,1.2353e-05,0.00011049,0.00025628,-3.6504e-06,2.0654e-05,7.9964e-05,4.7479e-05,0.00031149,0.00015568,0.00012542,4.1159e-05,0.00012159,4.4501e-06,-1.7257e-05,0.00011972,0.00011297,9.1871e-05,-1.0344e-05,6.6689e-05,7.8058e-05,0.00012582,4.2816e-05,-6.456e-05,2.5454e-05,2.269e-05,1.2456e-07,0.00011704,3.7338e-05,0.00010778,-3.8529e-06,-9.581e-07,0.00011911,0.00011286,0.00027935,5.7211e-05,0.00026742,2.9026e-05,3.4117e-05,5.1536e-05,0.00014096,3.5876e-05,8.7738e-06,0.00037511,8.9975e-05,0.00049973,0.00010223,4.9931e-05,0.00011665,-2.3318e-05,-5.4757e-05,1.7461e-05,2.6387e-05,1.5085e-05,-7.2949e-06,6.7931e-05,0.00013838,0.00034048,8.1243e-05,0.00015826,0.0003439,0.00022594,-4.1644e-05,-3.8702e-05,7.1361e-05,4.3602e-05,0.00011151
2.1651e-05,-2.0538e-05,-1.7905e-06,-2.8e-05,-3.2331e-05,1.0813e-06,3.75e-05,-2.4789e-05,-1.0078e-05,-1.1576e-05,-5.2387e-05,3.1298e-05,-2.182e-05,-1.2637e-05,-4.1398e-05,-1.6854e-05,-7.0951e-06,-5.5687e-05,-1.1654e-05,-2.1413e-05,-2.0498e-05,-5.3102e-05,-4.4757e-05,2.5555e-05,-1.8077e-05,-7.8937e-06,3.1038e-05,-1.8067e-05,-1.6669e-06,-2.475e-05,0,-3.1741e-05,-4.243e-05,-5.4886e-05,-6.0913e-05,-4.094e-05,6.3891e-05,-2.5623e-05,4.4079e-05,-1.0484e-05,-3.4061e-05,-4.1785e-06,-1.5864e-05,-1.6984e-05,-3.4377e-05,-2.5895e-05,-2.3373e-05,-7.3213e-05,7.2627e-06,-1.9135e-05,2.0051e-05,-2.5583e-05,4.6574e-06,-5.3613e-06,-1.845e-05,9.7941e-06,2.2682e-05,-4.0296e-07,-1.5154e-05,-3.1933e-05,-2.7822e-05,2.7902e-05,1.616e-05,-4.6237e-05,-1.778e-06,1.9241e-05,-7.844e-06,-3.1608e-05,1.7398e-05,-2.8533e-05,-1.8514e-05,-3.7459e-05,-2.1299e-05,-2.2918e-05,-3.2662e-05,-2.3184e-05,-1.0267e-09,-1.5556e-05,-1.1269e-05,-5.3008e-06,-3.7942e-05,-1.3286e-05,-2.0387e-05,6.367e-06,-8.1698e-06,-3.2805e-05,-3.1179e-05,-1.173e-06,-9.4242e-06,-1.492e-05,4.1515e-07,-4.8452e-05,9.5465e-06,-4.7078e-05,-1.7927e-05,-1.1521e-05,-3.6727e-07,-8.5873e-06,-1.0475e-05,-2.638e-05,-3.4906e-05,-2.1693e-05,-7.2863e-07,-4.531e-05,-2.0158e-05,-7.4421e-05,-5.0773e-05,-4.7846e-05,-2.7913e-05,-6.4615e-06,-2.0835e-06,-2.9456e-05,5.0851e-05,-1.8752e-05,-4.1211e-06,-2.2592e-05,-3.5937e-05,6.262e-06,-3.9418e-05,-2.365e-05,-9.3489e-06,-5.084e-05,-5.7926e-05,1.5689e-05,-4.5828e-05,-1.3985e-05,-1.7402e-05,-4.499e-05,2.3167e-05,-5.2063e-05,-1.5062e-05,-1.7115e-05,-2.6979e-05,-7.3222e-07,-1.4625e-05,-5.1876e-05,-6.6191e-07,-3.7111e-05,-1.9841e-05,-1.1435e-05,-2.897e-06,8.3816e-06,-2.6684e-05,-1.543e-06,1.4398e-06,1.6008e-06,5.225e-05,-1.0029e-05,3.7966e-05,2.6349e-06,-3.1608e-05,-4.4527e-06,-4.679e-05,-3.1607e-05,-3.9696e-05,-8.3206e-06,-1.4881e-05,-1.0986e-05,-8.8667e-06,-4.042e-05,-3.4652e-05,5.1151e-06,-1.182e-05,-2.8244e-05,-1.7261e-05,-3.7897e-05,-3.3047e-06,9.4778e-06,-3.159e-05,-2.7734e-05,-3.8885e-05,1.7682e-05,-3.2131e-05,3.8446e-05,-1.9542e-05,-1.4244e-05,-3.6917e-05,-2.1546e-06,3.1436e-05,-5.261e-05,-5.4526e-05,-1.4535e-07,-5.1703e-05,-2.7577e-06,-3.0742e-05,-5.5148e-06,-1.7771e-05,-1.2959e-05,-3.3678e-05,9.8343e-06,2.3634e-05,-1.4543e-05,6.3892e-06,-1.0097e-05,1.1963e-06,-4.9656e-05,-5.8357e-05,-2.0524e-05,-3.0352e-05,-5.126e-05
0.00026473,0.00012321,4.4249e-05,0.00010766,0.0001024,8.8642e-05,-2.4789e-05,0.00020831,6.5937e-05,2.6968e-05,0.00012481,4.3474e-05,8.52e-05,2.1873e-05,7.4283e-05,6.8877e-05,5.6161e-05,5.63e-05,1.942e-05,9.8694e-05,4.0206e-05,3.924e-05,0.00011636,0.00014675,7.3274e-05,5.785e-05,-4.4716e-05,7.9302e-05,6.9182e-05,9.212e-05,0,1.2474e-05,7.8473e-05,0.00010514,0.00010071,8.4908e-05,-1.8529e-05,0.00012268,-2.3135e-05,9.652e-06,2.1777e-05,6.8564e-05,4.9578e-05,4.0888e-05,2.1886e-05,-1.1521e-05,1.4688e-05,-0.00038128,5.5803e-05,-2.114e-05,3.3092e-05,7.7667e-05,-1.6471e-05,8.5868e-05,2.4487e-05,-0.00012866,0.00025435,2.7394e-06,5.2699e-05,0.00012512,2.6009e-05,0.00012435,5.8513e-05,5.8051e-05,-2.9729e-06,0.00016153,-4.6855e-05,1.9059e-05,-2.8784e-05,4.1267e-05,0.00010152,0.00012345,7.0813e-05,0.00013822,5.7312e-05,4.159e-05,2.2728e-05,7.788e-05,-1.2779e-06,1.7489e-06,3.9642e-05,6.6408e-05,3.5995e-05,6.2463e-05,1.7702e-05,5.0555e-05,0.00011033,3.1092e-05,7.6933e-05,2.4843e-05,6.8576e-05,-1.1536e-05,3.8201e-05,5.3287e-05,7.239e-05,1.3267e-05,-7.6205e-06,5.4005e-05,4.5647e-05,6.6482e-05,6.7882e-05,7.5624e-06,5.7631e-05,9.0209e-06,3.0795e-05,7.088e-05,6.2062e-05,9.0833e-05,8.8542e-05,1.9595e-05,5.6401e-05,1.2678e-05,2.2296e-05,0.00010366,5.6166e-05,-8.8365e-06,2.155e-06,5.7203e-07,6.681e-05,3.8744e-05,9.6802e-05,-6.827e-05,0.0001221,3.8346e-05,7.1854e-05,4.6663e-05,4.7491e-05,1.5884e-05,-0.00023165,0.00011644,2.4943e-05,6.4853e-05,4.5213e-05,2.5273e-05,4.535e-05,0.00010443,8.2319e-05,4.8867e-05,1.7681e-05,7.9611e-05,2.6968e-05,0.00013973,0.00010891,7.1401e-05,3.5483e-05,0.00010485,9.7262e-06,1.2516e-05,1.481e-05,3.5202e-05,8.077e-05,9.6029e-06,0.00015417,7.2318e-05,6.4647e-05,6.5461e-05,-0.00022509,3.9408e-05,7.4927e-05,5.0462e-05,9.9713e-05,2.7658e-05,5.9068e-05,5.037e-05,4.7826e-05,5.4959e-05,8.5298e-05,8.408e-05,-1.7538e-06,0.0001043,7.7818e-05,1.4741e-05,2.5791e-05,3.0166e-05,3.0897e-05,4.7587e-05,0.00027744,7.021e-05,9.6574e-05,6.3704e-05,8.9546e-05,2.1019e-05,2.3597e-06,-4.2479e-05,3.2996e-05,3.0273e-05,4.8406e-05,4.918e-05,4.8285e-05,6.8317e-05,0.00030015,3.4299e-05,1.9857e-05,6.4375e-05,9.1974e-05,4.262e-05,7.4397e-05,8.3835e-05,3.1939e-05,5.6583e-05
0.00036859,5.7555e-05,8.2182e-05,0.00017164,0.00011809,0.00011454,-1.0078e-05,6.5937e-05,0.0002335,5.8364e-05,0.00013762,-7.4572e-05,5.8287e-05,-2.4392e-06,8.2331e-05,5.2246e-05,4.6409e-05,6.436e-05,4.9155e-05,0.00010416,0.00010225,8.338e-05,4.7105e-05,0.00022991,8.9101e-05,3.8234e-06,2.514e-05,-1.4386e-05,6.1127e-05,5.6484e-05,0,5.2392e-05,6.7913e-05,8.0874e-05,2.4795e-05,-3.1039e-05,-0.00014083,7.1155e-05,-6.5221e-05,1.9898e-05,1.138e-06,6.7451e-05,3.0979e-05,4.7481e-05,5.573e-05,-4.2608e-05,5.5133e-06,-0.00022767,0.00012349,7.5264e-05,7.4937e-05,8.1524e-05,0.00014417,9.5557e-05,9.6828e-06,-4.0307e-05,0.00014516,6.8794e-06,3.57e-05,2.7337e-05,5.3612e-05,-2.8414e-05,5.3547e-05,0.00010062,-1.9433e-05,0.0002436,-6.5102e-05,5.027e-05,3.9944e-05,3.6608e-05,4.4435e-05,4.4603e-05,-4.2617e-05,0.00010384,4.5529e-05,6.2369e-05,5.7463e-05,9.1812e-05,0.00012673,1.0703e-05,2.7343e-05,5.8873e-05,0.00010424,4.2919e-05,-4.4346e-05,7.0225e-05,5.703e-05,5.8004e-05,8.0378e-05,2.6578e-05,2.0914e-06,7.0129e-05,1.3195e-05,8.8847e-05,3.0731e-05,5.6058e-06,2.2484e-07,3.8201e-05,3.1067e-05,5.7613e-05,0.00010688,3.0916e-06,6.2006e-05,0.00019377,3.022e-05,2.6795e-05,6.823e-05,0.00016089,8.2639e-05,3.7533e-05,0.00012891,6.5864e-06,-5.0395e-05,-4.4322e-07,4.1645e-05,7.0782e-05,7.3568e-05,3.8817e-05,6.5105e-05,6.6313e-06,8.517e-05,-0.00010495,0.00017522,4.5945e-05,8.4648e-05,9.7568e-06,6.536e-05,4.2105e-05,-7.0046e-05,0.00017345,3.2882e-05,4.8731e-05,0.00013555,3.057e-05,2.6383e-05,0.000128,2.2809e-05,2.7509e-05,1.8674e-05,2.709e-06,-2.619e-05,0.00021602,3.649e-05,4.6921e-05,-1.9317e-05,7.8159e-05,-7.0973e-05,3.3468e-05,-7.1251e-07,5.2552e-05,2.5778e-05,-1.5195e-05,0.00013103,0.00010963,8.5183e-05,4.6051e-05,-0.0002003,4.1444e-05,-1.0593e-05,6.7897e-05,0.00013161,3.8078e-05,4.2511e-05,4.5015e-05,4.1461e-05,6.747e-05,4.2595e-05,0.00010346,2.865e-05,0.00013127,0.00011122,-4.2588e-05,5.5269e-05,0.00013348,-7.4024e-05,-3.6431e-05,1.2765e-05,1.1849e-05,3.6208e-05,9.6096e-05,0.00012698,-1.1952e-05,0.00010458,-2.4449e-05,3.9475e-06,9.391e-06,1.7169e-05,4.6651e-05,2.5118e-05,3.1282e-05,0.00032238,5.1493e-05,2.3737e-05,0.00013587,4.2159e-05,6.4286e-06,2.2834e-05,7.4802e-05,2.5438e-05,2.3116e-05
0.00013058,2.4008e-05,2.1216e-05,5.9895e-05,7.0768e-05,0.00010281,-1.1576e-05,2.6968e-05,5.8364e-05,5.4254e-05,7.9904e-05,-2.6973e-05,3.55e-05,1.7721e-05,4.9465e-05,2.3928e-05,4.013e-05,3.8352e-05,3.2396e-05,3.1841e-05,4.6569e-05,2.2681e-05,3.5978e-05,6.1289e-05,7.3564e-05,2.7992e-05,-2.0297e-06,1.2641e-05,3.5052e-05,3.9625e-05,0,4.3521e-05,5.8615e-05,3.3564e-05,2.4597e-05,3.3704e-05,-3.9021e-05,2.1826e-05,2.6543e-05,-5.2659e-07,2.5389e-05,4.0183e-05,1.2755e-05,3.5516e-05,5.5254e-06,6.3206e-05,-1.0082e-05,0.00033835,8.9897e-06,2.8129e-06,2.6748e-05,4.9883e-05,8.8059e-05,5.3307e-05,2.9255e-05,-6.9244e-05,5.5937e-05,-1.2173e-06,1.6558e-05,4.6546e-05,2.7721e-05,-2.625e-06,2.511e-05,3.8445e-05,1.5341e-05,6.6434e-05,2.2772e-05,2.8372e-05,6.2089e-06,1.1876e-05,2.5113e-05,2.1761e-05,-1.4435e-05,4.8658e-05,1.5775e-05,3.4136e-05,1.3965e-05,4.8113e-05,5.2343e-05,1.415e-05,2.8509e-05,6.6231e-05,2.651e-05,2.1678e-05,-2.4435e-05,3.372e-05,4.1417e-05,2.733e-05,1.7466e-05,2.0586e-05,4.8243e-06,7.3417e-05,9.625e-06,4.2535e-05,6.4304e-06,7.6731e-06,-3.1772e-06,3.6787e-05,1.5519e-05,3.4573e-05,5.5938e-05,1.0612e-05,4.8614e-05,0.00012894,4.2289e-05,7.374e-05,1.5287e-05,8.2466e-05,4.4277e-05,-8.3102e-07,5.9577e-05,4.4321e-05,-1.0676e-05,1.9461e-05,4.0509e-05,-7.4608e-06,7.9384e-06,3.0182e-05,4.0612e-05,-9.8081e-08,2.1812e-05,9.7841e-05,8.6224e-05,2.7536e-05,3.5039e-05,6.3576e-06,2.7731e-05,2.7365e-05,1.8447e-05,9.2497e-05,3.026e-05,3.8442e-05,5.4604e-05,1.4389e-05,1.1358e-05,7.4571e-05,4.6096e-05,2.4731e-05,1.6257e-05,2.0655e-05,2.9907e-05,5.664e-05,4.4156e-05,2.5962e-05,1.1744e-05,4.0099e-05,-3.6297e-05,1.7714e-05,3.2385e-05,2.7838e-05,4.3357e-05,1.883e-06,5.1187e-05,4.9462e-05,5.5609e-05,2.2009e-05,-5.7368e-05,7.5412e-06,1.3733e-05,1.7293e-05,6.5543e-05,1.1516e-05,2.8855e-05,9.5758e-06,1.5865e-05,2.4931e-05,3.3898e-05,5.6785e-05,2.4747e-05,7.2063e-05,5.7865e-05,1.6116e-05,2.2355e-05,4.5735e-05,1.422e-05,7.049e-06,0.00012098,2.588e-05,9.9038e-05,5.4717e-05,9.9657e-05,1.0911e-05,3.6456e-05,-1.7964e-06,1.5222e-05,1.2669e-05,1.2223e-05,2.2318e-06,1.6072e-05,3.4296e-05,9.0099e-05,3.1186e-05,1.9964e-05,4.2004e-05,4.1479e-05,1.5382e-06,-1.3107e-05,2.462e-05,2.5577e-05,4.5607e-05
0.00016522,9.4535e-05,3.4473e-05,0.00021406,0.00013057,0.00014214,-5.2387e-05,0.00012481,0.00013762,7.9904e-05,0.00023746,-7.0208e-05,9.4576e-05,2.1287e-05,0.00020076,7.3063e-05,7.4671e-05,0.00013928,6.0186e-05,0.00010469,0.0001337,9.3451e-05,0.00016594,9.5412e-05,0.00016558,4.2222e-05,-2.5656e-05,0.00010819,7.334e-05,7.5597e-05,0,9.4125e-05,8.2926e-05,0.00012977,0.0001309,2.222e-05,-0.00020461,8.3554e-05,-5.242e-05,9.7912e-06,6.6397e-05,8.5488e-05,5.657e-05,6.0181e-05,5.2879e-05,0.00011511,3.9e-05,-9.3619e-05,8.8191e-05,3.1243e-06,2.1772e-05,0.00010297,0.00010277,8.7603e-05,7.078e-05,-0.00014237,0.00012195,-5.6846e-07,4.7832e-05,0.00015223,6.4968e-05,-5.3707e-05,5.4894e-05,0.0001295,5.4034e-06,8.646e-05,-4.1081e-06,7.6583e-05,-2.1923e-05,6.1733e-05,7.4504e-05,0.00010578,3.7474e-05,0.00014719,6.3616e-05,9.2365e-05,2.4e-05,0.0001183,9.0804e-05,2.4289e-05,7.9606e-05,0.00013086,9.388e-05,4.9294e-05,-8.6628e-06,0.00010524,0.00010665,3.3521e-05,6.749e-05,3.3263e-05,-3.6974e-05,0.00011896,-4.6622e-06,0.00011623,6.8909e-05,3.3449e-05,7.1014e-08,0.00011442,8.0058e-05,0.0001136,0.0001378,7.7899e-05,6.6397e-05,0.00024776,6.7885e-05,0.0001537,8.0834e-05,0.00021188,0.00017663,3.8275e-05,0.00013931,7.0701e-05,-6.4837e-06,7.2555e-05,2.1656e-05,6.2266e-05,9.0043e-05,3.5698e-05,0.0001234,4.773e-05,0.00010795,6.1858e-05,0.00023118,1.6858e-05,0.00014282,3.3126e-05,9.3914e-05,8.3289e-05,-0.00013617,0.00024619,4.8288e-05,0.0001119,0.00013696,3.559e-05,4.567e-05,0.00025995,6.6037e-05,8.9615e-05,3.6437e-05,5.3e-05,5.7548e-05,0.00011861,0.00010016,4.1323e-05,1.796e-05,6.9238e-05,-0.00015385,3.5264e-05,3.1623e-05,2.6539e-05,9.27e-05,4.0705e-07,0.00019264,0.0001568,0.00016473,4.1983e-05,-0.00014065,2.9146e-05,3.4682e-05,8.4623e-05,0.00021047,2.2669e-05,5.4654e-05,7.3606e-05,5.5805e-05,0.00012278,5.5337e-05,9.94e-05,5.288e-05,0.00018345,0.00016766,-1.2144e-05,7.4763e-05,1.6085e-05,2.1773e-05,1.1214e-05,0.00023685,6.7588e-05,9.2075e-05,0.00015511,0.00021427,2.7232e-05,0.0001339,-1.9444e-05,3.8606e-05,2.5391e-05,4.5342e-05,4.1373e-05,8.4869e-05,3.4044e-05,0.00021699,8.5976e-05,2.2848e-05,4.8628e-05,6.8322e-05,4.897e-05,7.1077e-05,0.00011596,5.4952e-05,0.00014517
5.2046e-05,-1.8803e-05,-5.669e-05,-7.6522e-05,1.4017e-05,5.4314e-05,3.1298e-05,4.3474e-05,-7.4572e-05,-2.6973e-05,-7.0208e-05,0.00020689,-5.2813e-06,-1.1836e-05,-5.8069e-05,-1.9535e-05,3.9894e-05,-7.0268e-05,7.6448e-06,-7.5878e-06,-1.9316e-05,-5.8761e-05,4.7355e-05,7.1036e-05,5.0446e-05,-1.3344e-05,2.9669e-05,-3.218e-05,5.2017e-05,3.8209e-06,0,-4.6169e-05,-8.1579e-05,-6.2386e-05,5.0987e-06,9.8842e-05,0.00010664,4.9343e-05,0.0001126,9.3959e-06,-6.0426e-05,-3.2573e-05,-2.6245e-05,-6.0989e-05,-6.5349e-05,-0.00010455,-2.8355e-05,0.00010363,6.2415e-05,-3.1185e-05,2.7694e-05,-4.5582e-05,-2.7951e-05,-1.1398e-05,-1.4917e-05,3.8615e-05,0.00013609,1.7596e-06,-2.0578e-05,1.7978e-05,-2.7142e-05,8.8356e-05,9.8091e-05,-6.6939e-05,-2.3448e-06,5.9825e-05,-2.3993e-05,-2.6377e-05,-4.8639e-05,-5.7835e-05,8.7343e-06,5.771e-06,-3.6707e-05,-1.4737e-05,-2.4647e-05,-3.9307e-05,-1.7986e-05,1.231e-05,-0.00010292,-3.8707e-05,-3.5899e-05,1.969e-05,-5.9935e-05,4.2224e-05,7.676e-05,-3.3507e-05,-3.0316e-06,5.0924e-06,-3.2685e-05,-3.0854e-05,4.7399e-05,3.2326e-05,-5.6375e-05,-4.0014e-05,-3.3867e-05,2.2378e-05,-8.5692e-06,3.7228e-06,-3.0411e-07,-2.33e-05,-8.9796e-05,-7.773e-05,-1.6011e-05,-0.00022961,-4.2942e-05,1.3371e-06,-5.7364e-05,-9.9142e-05,-4.1189e-05,-4.5307e-05,-2.1713e-05,-3.5327e-05,0.00010494,1.7646e-05,9.4499e-06,-0.00019804,-5.1919e-05,-1.5765e-05,-5.2739e-05,-9.0124e-06,-3.5659e-05,5.944e-05,-0.00012404,6.0071e-05,-5.9887e-05,2.6777e-05,-3.8493e-05,-4.4823e-05,-2.5273e-05,-0.00010231,2.0322e-05,9.5125e-06,-3.4735e-05,1.1051e-05,-2.6056e-05,-7.6778e-05,9.0881e-05,-4.2357e-05,-3.9485e-05,8.0539e-05,2.6232e-05,2.2563e-05,-5.1763e-06,3.2604e-05,2.935e-05,-1.5042e-05,8.4702e-05,-4.8589e-05,3.3388e-05,3.1684e-05,-2.5266e-05,4.4607e-06,-2.9824e-05,-7.501e-05,-7.6727e-05,-2.3246e-05,-6.4919e-05,-1.5148e-05,4.7409e-05,-5.7859e-05,-5.5529e-05,3.1832e-06,4.1908e-05,-3.764e-05,-4.0457e-05,2.7875e-05,1.483e-05,0.00020924,-2.6955e-05,1.9553e-06,-0.00012926,2.9512e-05,-6.1929e-05,-1.1599e-05,-6.6618e-06,4.2156e-05,0.00010866,2.0771e-05,0.00011247,-9.4844e-05,-0.00019325,8.4415e-05,-0.00010933,4.0042e-05,-1.4558e-05,1.4929e-05,-3.4753e-05,-2.6641e-06,-5.1184e-05,4.5948e-05,9.0073e-05,1.3332e-05,6.0329e-05,7.5512e-05,7.6097e-05,-5.3993e-05,4.9251e-06,-1.1658e-05,-6.3753e-05,-3.8492e-05
0.00018471,8.2537e-05,1.0775e-05,0.00010384,3.8576e-05,8.4496e-05,-2.182e-05,8.52e-05,5.8287e-05,3.55e-05,9.4576e-05,-5.2813e-06,0.00010216,2.9083e-05,6.5848e-05,5.8115e-05,6.8267e-05,6.4368e-05,3.5407e-05,7.8437e-05,4.0594e-05,4.5614e-05,9.212e-05,0.00011828,0.00010456,4.6036e-05,-3.3169e-05,-5.9538e-06,6.4703e-05,7.4842e-05,0,3.9921e-05,5.7579e-05,5.6234e-05,6.1482e-05,6.6205e-05,4.0048e-05,6.9633e-05,-3.2987e-05,-1.7896e-06,4.2346e-05,4.5452e-05,4.9319e-05,2.3735e-05,2.2327e-05,4.1735e-05,1.2213e-05,-0.00045136,8.311e-05,6.0825e-06,2.907e-05,5.5334e-05,5.6525e-05,6.1529e-05,-1.151e-05,-4.4558e-05,0.00010732,4.9432e-06,2.0943e-05,3.1193e-05,8.2011e-06,8.1627e-05,3.8695e-05,5.2078e-05,2.3275e-05,0.00012541,4.9968e-05,2.7114e-05,-4.7621e-06,3.5338e-05,7.7297e-05,6.4782e-05,6.4815e-05,9.857e-05,4.356e-05,4.2524e-05,1.982e-05,8.8513e-05,4.9939e-05,-4.8743e-06,4.2561e-05,5.9074e-05,5.1777e-05,6.1829e-05,5.1507e-06,6.4773e-05,7.5118e-05,2.389e-05,2.652e-05,3.846e-05,-7.3301e-06,7.1031e-05,7.5479e-06,4.2505e-05,3.0061e-05,1.3798e-05,5.438e-06,4.034e-05,3.898e-05,6.4331e-05,6.4117e-05,-4.4702e-05,4.5869e-05,7.8428e-05,5.6473e-05,9.4765e-05,5.3672e-05,9.702e-05,6.113e-05,-5.1342e-06,5.0238e-05,2.1207e-05,-2.9242e-05,7.4418e-05,7.5534e-05,-5.4835e-05,-6.961e-06,3.8523e-05,6.9234e-05,4.642e-05,5.3377e-05,-7.2899e-06,0.0001281,6.9333e-06,9.8392e-05,3.7882e-05,5.6739e-05,5.0712e-05,-4.3825e-05,0.0001101,6.051e-05,4.1886e-05,5.2814e-05,3.2542e-05,2.9418e-05,7.0998e-05,7.7606e-05,3.0937e-05,3.4197e-05,3.1433e-05,1.0205e-05,0.00010755,6.5085e-05,6.3426e-05,2.6587e-05,7.123e-05,-4.381e-06,-1.1195e-05,1.6569e-05,2.3e-05,2.0469e-05,8.9544e-06,0.00010279,7.4601e-05,7.3112e-05,6.3214e-05,-6.2159e-05,3.2732e-05,7.543e-05,5.5219e-05,5.8636e-05,3.6113e-05,4.7195e-05,2.7423e-05,7.2165e-05,8.0696e-05,5.0514e-05,8.9045e-05,6.5664e-05,0.00012388,5.4258e-05,1.842e-05,5.8001e-05,1.4766e-05,1.7119e-05,4.3769e-05,0.00022057,5.4368e-05,8.2431e-05,7.5874e-05,0.0001144,2.172e-05,2.255e-05,3.7558e-06,3.4491e-05,2.5089e-05,4.6569e-05,2.1409e-05,5.3268e-05,1.6054e-05,0.00018617,5.0102e-05,1.4253e-05,3.8204e-05,3.6227e-05,3.3283e-05,2.3503e-05,4.2459e-05,3.2423e-05,5.5423e-05
5.037e-05,3.5054e-05,1.4203e-05,3.598e-06,1.1271e-05,2.4663e-05,-1.2637e-05,2.1873e-05,-2.4392e-06,1.7721e-05,2.1287e-05,-1.1836e-05,2.9083e-05,3.7331e-05,-4.3827e-06,2.5014e-05,-7.8892e-06,1.1746e-05,-1.3416e-06,3.5778e-05,-1.7351e-05,2.0364e-06,2.7989e-05,1.3474e-05,2.2078e-05,2.4391e-05,-2.3582e-05,-1.8985e-05,1.7184e-05,5.3287e-05,0,1.0393e-05,3.471e-05,1.8734e-05,9.7412e-07,5.476e-05,3.5058e-05,1.325e-05,-8.1935e-06,-1.162e-06,2.4749e-05,2.8869e-05,2.1879e-05,1.5578e-05,-6.3679e-06,-4.714e-06,-9.2349e-06,8.8478e-06,-2.9708e-05,8.9626e-06,5.7304e-06,-6.3866e-06,-3.3747e-05,2.8776e-05,-1.2513e-06,-5.5267e-05,4.1893e-05,6.2984e-07,1.1249e-05,-1.3072e-05,-1.1728e-05,3.777e-05,-3.2449e-07,-1.0167e-05,3.9725e-05,8.6302e-06,4.026e-05,-9.8109e-06,-3.024e-05,-2.0409e-06,2.5807e-05,1.4291e-05,2.4509e-05,3.2509e-06,1.2178e-05,2.1179e-05,9.0534e-06,1.2735e-05,-8.0225e-06,-6.6318e-06,1.194e-05,-1.2405e-05,2.6751e-05,6.0116e-06,-3.2436e-05,4.044e-06,2.1322e-05,1.0241e-05,1.2077e-05,1.8317e-05,-4.8729e-06,2.6848e-05,3.6412e-05,1.9222e-05,3.1078e-06,-1.7016e-05,-3.6399e-06,-1.3186e-05,-7.2501e-06,5.6432e-06,3.1609e-05,3.203e-07,4.8581e-06,5.3863e-05,2.7448e-05,1.2629e-05,1.0778e-05,1.8589e-05,-4.7707e-06,-1.5433e-05,-1.1682e-05,9.1634e-06,-3.7306e-05,1.084e-05,3.6619e-05,-1.9164e-05,-5.0373e-05,2.657e-05,3.6107e-05,-2.0263e-06,1.4328e-05,3.9223e-05,5.1702e-05,3.2738e-06,3.4897e-06,1.0299e-05,1.7395e-05,-6.9926e-06,-1.9448e-05,2.2567e-05,2.2857e-05,-4.4893e-06,-1.7088e-05,6.7596e-06,1.4194e-05,-2.497e-05,3.9422e-05,-1.3247e-05,2.159e-05,-1.0118e-05,1.4284e-05,1.3106e-05,-1.2347e-05,2.3733e-05,6.6416e-06,3.6897e-05,-6.2518e-06,-1.054e-06,-1.7301e-05,4.0427e-06,5.6739e-06,5.919e-06,4.2045e-05,7.7925e-06,1.8988e-05,3.6116e-05,-2.965e-05,3.0612e-06,3.5696e-05,1.627e-05,2.6502e-06,1.8579e-05,1.7802e-05,7.3112e-06,1.5867e-05,6.1057e-05,2.194e-05,-2.0109e-05,1.3324e-05,2.1801e-05,1.0711e-05,-5.8364e-09,1.3091e-05,-9.2951e-06,4.0266e-05,2.6571e-05,5.5111e-05,-7.4045e-06,5.4265e-05,1.2257e-05,9.9141e-05,4.225e-06,-1.7924e-05,1.6283e-06,2.3285e-05,1.5816e-05,3.268e-05,-1.3078e-05,1.1586e-05,2.3944e-05,2.733e-05,5.9311e-06,-1.0523e-05,-1.2422e-05,2.8101e-05,-5.9625e-06,-1.6234e-05,-1.5556e-05,3.5174e-05,1.0354e-05
6.4639e-05,3.6579e-05,-1.179e-05,0.00019959,9.0087e-05,0.00010753,-4.1398e-05,7.4283e-05,8.2331e-05,4.9465e-05,0.00020076,-5.8069e-05,6.5848e-05,-4.3827e-06,0.00025935,4.8137e-05,4.11e-05,0.00013108,3.8676e-05,7.061e-05,0.00013422,7.6056e-05,0.00020747,5.663e-05,0.00019809,-5.169e-06,-4.3038e-06,0.00012804,7.0113e-05,3.0076e-05,0,7.3811e-05,2.5154e-05,5.2908e-05,0.00014624,-2.8818e-05,-0.00024805,7.49e-05,-4.0635e-05,8.5543e-06,4.8896e-05,0.00012837,4.0226e-05,1.4711e-05,5.4303e-05,0.00013385,6.1902e-05,-0.00027451,0.00015578,1.5235e-05,-1.0972e-05,9.905e-05,0.00013466,4.7636e-05,5.2269e-05,-7.1454e-05,-1.8277e-05,-2.1723e-05,1.6329e-05,0.0001713,5.8134e-05,-0.00010148,4.1659e-05,0.00010934,1.239e-05,2.41e-05,4.2282e-05,8.3538e-05,1.2941e-05,6.4789e-05,5.9542e-05,9.025e-05,2.5612e-05,0.00010092,5.4096e-05,7.843e-05,1.348e-05,0.00010337,5.3198e-05,2.9206e-05,5.5966e-05,0.00013914,5.9442e-05,4.4234e-05,4.2755e-05,7.4067e-05,8.0471e-05,2.1143e-05,5.275e-05,1.1573e-05,-7.967e-05,0.00010749,-4.7925e-05,9.7362e-05,4.0105e-05,4.7266e-05,1.093e-05,0.0001046,9.8491e-05,0.00010301,0.00010398,9.4561e-05,4.1808e-05,0.00014805,1.5922e-05,0.00015263,6.8093e-05,0.00016177,0.00019286,4.501e-05,0.00013429,3.7196e-05,4.0243e-05,4.5094e-05,-1.6924e-05,4.2901e-05,8.7992e-05,3.3506e-05,9.8822e-05,3.7711e-05,8.9236e-05,0.00015335,0.0001555,1.3786e-05,0.00011827,1.3406e-05,7.742e-05,7.9954e-05,-0.00013482,0.00021495,1.6867e-05,0.00010725,0.00011412,2.8268e-05,3.1508e-05,0.00029303,2.9837e-05,0.00010377,1.1257e-05,5.494e-05,4.3418e-05,7.3085e-05,6.9957e-05,2.055e-05,-1.4981e-06,1.7422e-05,-0.00018332,8.9594e-07,6.104e-05,1.6382e-06,0.00010786,-1.3987e-06,0.00015608,0.00014474,0.00017048,2.4519e-07,-4.1853e-05,1.3539e-05,6.6441e-05,6.2904e-05,0.00018582,-1.128e-05,3.4994e-05,5.2963e-05,4.693e-05,9.0582e-05,2.5296e-05,0.00010853,6.5017e-05,0.0002211,0.0001229,-1.0331e-05,5.4359e-05,-6.0728e-05,5.6647e-05,-2.6557e-06,0.00010915,7.2786e-05,4.6146e-05,0.00011763,0.0001579,2.6611e-05,8.8592e-05,-4.2339e-06,2.4149e-05,8.5056e-06,2.0842e-05,2.7349e-05,8.1864e-05,-2.8298e-06,0.00014615,9.002e-05,9.7422e-06,7.9367e-06,3.8424e-05,5.7802e-05,9.6781e-05,0.00011069,1.9548e-05,0.00015512
0.00024923,8.9551e-05,2.3941e-05,8.2947e-05,1.4946e-05,8.8214e-05,-1.6854e-05,6.8877e-05,5.2246e-05,2.3928e-05,7.3063e-05,-1.9535e-05,5.8115e-05,2.5014e-05,4.8137e-05,8.4425e-05,2.466e-05,7.2433e-06,1.2371e-05,4.1724e-05,3.2845e-05,1.7663e-05,7.7847e-05,0.00014576,6.0798e-05,5.325e-05,-1.8854e-05,-9.2529e-06,8.799e-05,7.4362e-05,0,1.0327e-05,6.1429e-05,4.8541e-05,3.1561e-05,9.4074e-05,5.6418e-05,5.8398e-05,-1.8359e-05,1.8127e-05,4.968e-05,6.3855e-05,6.0126e-05,3.3267e-05,2.7798e-05,3.4538e-05,-1.3894e-05,-7.9159e-05,4.1965e-05,-1.6871e-05,3.1363e-05,3.4234e-05,8.7378e-06,5.4771e-05,-1.345e-05,-4.8066e-05,0.00010534,-5.2364e-06,3.0818e-05,3.7319e-05,-5.1867e-06,0.00012826,2.4006e-05,1.942e-05,1.1624e-05,0.00015797,3.8507e-05,1.1271e-05,-2.5905e-05,3.7839e-05,6.7763e-05,4.7858e-05,5.1499e-05,8.2044e-05,5.2841e-05,3.5559e-05,2.7075e-05,4.7776e-05,-8.5024e-06,5.5118e-06,3.0732e-05,1.9902e-05,0.00011599,4.3466e-05,-1.7919e-06,3.1178e-05,8.9041e-05,3.05e-05,1.796e-05,4.1412e-05,1.6388e-05,5.5616e-05,4.4159e-05,3.1128e-05,2.1664e-05,-1.1573e-05,-1.22e-06,8.4353e-06,1.1049e-05,5.1143e-05,6.406e-05,-7.8042e-06,8.505e-07,2.9317e-05,5.0045e-05,2.8852e-05,4.2546e-05,6.0791e-05,3.7036e-05,-4.954e-06,1.6828e-05,1.3989e-05,-2.9383e-05,8.3448e-05,6.3675e-05,2.8481e-05,-6.2905e-06,5.7932e-05,2.6545e-05,7.7512e-05,3.6611e-05,2.8259e-05,0.00013182,2.7875e-05,5.8273e-05,1.4117e-05,4.5034e-05,4.9008e-05,-5.6742e-06,7.8397e-05,2.1282e-05,2.4734e-05,1.0075e-05,1.0001e-05,4.7661e-05,1.8188e-05,8.7494e-05,-2.2189e-05,3.593e-05,1.1478e-05,4.3851e-05,0.00013669,4.6157e-05,2.2836e-05,4.6071e-06,7.752e-05,4.6333e-05,5.7454e-06,1.3056e-05,2.1986e-05,3.0364e-05,1.2374e-06,6.716e-05,6.167e-05,7.9224e-05,4.372e-05,-2.3213e-05,3.0254e-05,5.4309e-06,4.94e-05,4.3022e-05,2.7281e-05,4.1794e-05,2.7045e-05,3.9894e-05,8.8839e-05,3.8913e-05,6.3766e-05,5.5693e-05,6.8304e-05,4.1195e-05,-2.7172e-05,6.5905e-05,-1.6577e-05,4.6708e-05,2.3936e-05,0.00020431,4.128e-06,0.00014039,3.999e-05,6.8006e-05,1.966e-05,5.9781e-06,-1.1343e-05,1.6856e-05,1.7174e-05,6.3827e-05,1.0865e-05,7.3145e-05,4.4427e-05,0.0001628,4.4689e-05,-8.948e-06,4.9547e-05,7.5985e-05,1.5627e-05,1.5854e-05,3.1701e-05,3.2672e-05,3.6862e-05
0.00014754,2.8202e-05,1.7008e-06,0.00011146,9.3098e-05,0.00011129,-7.0951e-06,5.6161e-05,4.6409e-05,4.013e-05,7.4671e-05,3.9894e-05,6.8267e-05,-7.8892e-06,4.11e-05,2.466e-05,0.0001791,0.00010719,6.3042e-05,1.9464e-05,2.1401e-05,8.1287e-05,9.2125e-05,9.8469e-05,7.406e-05,5.3826e-05,-2.747e-05,6.334e-06,5.0192e-05,3.8168e-05,0,0.00011541,7.2368e-05,2.6641e-05,6.3878e-05,6.5076e-05,4.8278e-05,5.2044e-05,7.032e-05,1.55e-05,3.6688e-06,8.692e-06,1.6842e-06,3.101e-05,2.1038e-05,0.00010295,1.762e-05,0.00019291,8.7104e-05,-3.8484e-05,6.0396e-05,4.0778e-05,1.9431e-05,3.9578e-05,1.2847e-05,3.5136e-05,8.3945e-05,4.4287e-06,3.6094e-05,6.5037e-05,4.8504e-05,2.3874e-05,3.8174e-05,9.0558e-05,-9.6305e-06,0.00010383,4.4957e-05,6.5985e-05,1.2755e-05,3.5489e-05,3.1241e-05,3.8994e-05,1.8122e-05,0.00010455,4.8778e-05,3.4229e-05,1.0586e-05,6.74e-05,6.4628e-05,2.4193e-05,5.729e-05,0.00011324,7.4477e-06,6.801e-05,3.8223e-05,6.6474e-05,6.3704e-05,3.3844e-05,1.3879e-05,3.1017e-05,3.7522e-05,0.00012957,-2.1533e-05,5.2024e-05,2.5348e-05,0.00010425,-3.1722e-06,6.3687e-05,5.1765e-05,7.6792e-05,3.2223e-05,-4.9853e-05,5.3478e-05,7.5307e-05,3.7936e-05,0.00014801,5.2119e-05,9.8712e-05,5.9911e-05,2.8576e-05,6.0859e-05,5.664e-05,9.0302e-06,7.736e-05,6.0016e-05,-3.5932e-05,7.1952e-05,3.9791e-05,3.8549e-05,4.5098e-05,4.2546e-05,3.5244e-05,4.2044e-05,1.8034e-05,9.3563e-05,2.5086e-05,4.393e-05,6.4545e-05,2.2245e-05,0.00010006,4.6656e-05,7.2147e-05,9.0444e-05,4.7521e-05,2.6203e-06,0.00010873,6.4456e-05,9.8936e-05,2.6953e-06,5.3115e-05,2.0692e-06,0.00010479,0.00013258,6.2908e-05,5.673e-05,7.9231e-05,2.8145e-05,1.3257e-05,5.9317e-05,4.4619e-05,3.689e-05,1.1006e-06,9.2669e-05,6.4305e-05,6.471e-05,3.9023e-05,-1.9553e-05,3.0254e-05,-4.184e-06,3.6292e-05,4.1995e-05,3.1441e-05,6.0341e-05,4.2813e-05,2.3935e-05,5.6666e-05,3.0831e-05,9.1839e-05,6.2157e-05,8.5494e-05,6.6915e-05,7.0903e-05,3.8194e-05,7.3137e-05,-2.8504e-05,1.6354e-05,0.0003173,7.9741e-05,0.00011589,0.00011434,4.023e-06,5.8527e-05,0.00014714,-4.491e-05,1.8065e-05,1.715e-05,-2.2482e-05,2.0258e-05,5.0853e-05,4.8973e-05,0.00011911,4.9493e-05,0.00012161,0.00012288,1.8658e-05,4.7384e-05,-1.0386e-06,0.00013033,8.6503e-06,9.1684e-05
-4.1367e-05,1.6773e-05,-7.4006e-07,0.00014821,0.00013396,1.2591e-05,-5.5687e-05,5.63e-05,6.436e-05,3.8352e-05,0.00013928,-7.0268e-05,6.4368e-05,1.1746e-05,0.00013108,7.2433e-06,0.00010719,0.00025426,4.2627e-05,6.26e-05,4.0201e-05,0.00021154,0.00011379,-2.6198e-05,6.4439e-05,1.1331e-05,-8.1403e-05,7.5289e-05,-3.0991e-06,5.1555e-05,0,0.00020233,0.00010049,9.2823e-05,0.00014616,-2.0319e-05,-0.00010859,3.4217e-05,-3.6254e-05,1.7833e-05,3.6567e-05,4.28e-05,9.7389e-06,2.0706e-05,8.1895e-05,4.5049e-05,0.00010101,-0.00028757,3.8252e-05,5.5183e-05,-6.7344e-06,7.9914e-05,-2.8223e-05,4.1725e-05,2.4884e-05,-1.306e-05,4.7473e-06,7.0851e-06,3.699e-05,6.7105e-05,0.00010288,-9.8424e-05,-1.7662e-05,0.00016123,1.507e-05,-4.4607e-05,8.1306e-05,9.3241e-05,2.6943e-05,7.4658e-05,2.0468e-05,7.1895e-05,1.7587e-05,6.8371e-05,8.2467e-05,8.5017e-05,8.9545e-06,4.5897e-05,8.4192e-05,2.1223e-05,8.9563e-05,9.2995e-05,-2.4233e-05,3.5345e-06,1.277e-05,7.5871e-05,3.3138e-05,2.4253e-05,8.9629e-05,-4.2809e-06,-6.3897e-05,0.00012773,-1.0272e-06,0.00014176,5.3046e-05,0.00011905,-2.706e-06,5.0734e-05,6.2861e-05,8.7533e-05,0.00010152,4.8558e-05,5.266e-05,0.00016047,1.019e-05,0.00018226,0.00014209,0.00015185,0.00010814,8.5909e-05,5.4639e-05,4.1067e-05,-5.7101e-05,3.2526e-05,-8.2184e-06,9.0869e-05,0.00012326,3.1078e-05,0.00011925,-1.3905e-05,0.00011753,-1.2418e-05,7.7189e-05,-5.4576e-05,0.00011596,1.839e-05,4.8856e-05,6.6702e-05,-5.3619e-05,0.00016598,1.2445e-05,7.1084e-05,9.0738e-05,4.2658e-05,7.2562e-06,0.00020844,-1.7981e-05,0.00021374,1.1203e-05,1.2042e-05,-2.6718e-05,1.7939e-05,6.5884e-05,6.7453e-05,2.9318e-05,6.1681e-05,-0.00012286,2.0099e-06,-1.3012e-05,2.3035e-06,5.8599e-05,2.8302e-07,0.00018947,0.00011516,0.00011625,3.9397e-05,3.1137e-05,5.1684e-05,3.4932e-05,9.7925e-05,9.9581e-05,9.4344e-06,2.6504e-05,0.00010386,4.3769e-05,0.00010996,9.7985e-06,-0.00012313,6.6163e-05,0.00013831,0.00014432,4.0565e-05,4.7274e-05,-2.2116e-06,-1.4763e-06,1.0072e-05,0.000103,8.4269e-05,-3.1771e-05,0.00018862,0.00019486,1.502e-05,0.00024087,-9.3701e-05,5.3792e-05,1.6858e-05,-1.4656e-05,3.9844e-05,6.1e-05,3.1095e-05,-2.3285e-05,4.0811e-05,9.6163e-05,6.3802e-05,-5.3419e-05,0.00010334,6.0758e-05,0.00016857,5.6057e-05,0.00015853
