0.0038102,0.00015015,0.00021164,0.0016842,0.00063477,0.0013194,1.1817e-06,0.00034633,0.0010756,0.00044709,0.00025057,0.00047414,-7.9404e-05,0.00018491,0.00019703,4.3982e-05,0.00023322,0.00033957,0.00030753,0.00044019,0.00076486,0.00047927,0.00053287,0.0021381,0.00033305,0.00016005,0.00016698,0.00041585,0.000804,8.8804e-06,0,3.947e-05,0.00040037,0.0005489,0.00068384,0.00037102,0.0010559,0.00029976,0.00037852,0.0003777,0.00013796,-2.2797e-05,2.9753e-05,0.00047877,0.0003479,0.00024316,-4.2877e-06,0.00024308,0.0009453,7.8863e-05,0.00050051,0.00038144,9.1143e-05,0.00028124,0.00015772,0.00039056,0.0018713,6.4028e-05,0.00022926,0.00012601,7.8182e-05,0.0011736,0.00040986,0.00051239,0.00051442,0.0031811,0.00035597,0.00027225,0.00011552,0.0002926,-2.8586e-05,0.00021705,0.00050087,0.00047193,0.00021532,-4.7494e-05,0.00033898,0.00015543,-7.6649e-05,0.00029956,0.00017757,0.00026238,0.00038965,0.00045784,0.00037415,0.00015543,0.00041958,0.00033485,0.00014333,0.00011016,0.00033967,0.00015998,0.00028314,0.00019888,9.1924e-05,0.00025869,1.8229e-05,6.1191e-05,0.00020275,0.00040141,9.4563e-05,0.00049399,0.00022266,3.3251e-05,8.5613e-05,-5.5627e-05,0.00024322,0.00078302,0.00046586,0.00015706,0.00038407,-1.2388e-05,0.0002423,0.00023682,0.00047444,0.00035785,0.00031242,0.00023803,0.00061447,5.365e-07,0.00012363,0.00036047,0.00064039,0.0010391,0.000236,0.00019406,0.00032866,0.00020388,0.00068107,0.00047716,0.00030667,0.00015547,0.00023602,0.00016656,8.803e-05,0.00030214,0.00053727,0.00014138,3.8509e-05,0.00042596,0.00022047,0.0018299,0.00041921,0.00084151,-0.00013979,0.00069577,0.00045276,9.4163e-05,0.00067051,0.00048115,0.00024801,8.9578e-06,0.00039873,0.00031163,0.00045308,0.00029231,0.00020733,0.00022693,0.00014578,0.00011483,0.0003181,0.00014415,0.00057047,-1.8097e-05,0.00013717,0.00056607,0.00036599,0.00074488,0.0002003,0.0014501,0.0003318,0.00012591,0.00021637,0.00056638,-0.00029521,3.767e-05,0.00015551,-0.0001704,0.0023451,0.00014276,0.00045482,0.0006576,0.00035809,3.7197e-05,0.0001459,0.00020973,-0.00011514,5.353e-05,0.00027068,0.00045266,0.0022348,0.00023274,0.00018736,0.0012647,0.0010122,0.00032784,0.00028359,0.00043531,8.1649e-05,0.00047036
0.00015015,0.00025178,5.907e-05,0.00022454,0.00012563,3.2634e-05,1.4327e-05,8.6688e-05,0.00010956,0.00013973,0.00014963,0.00012745,5.4172e-05,7.9331e-05,0.00011581,5.7226e-05,2.4686e-05,0.00013582,9.1663e-05,0.00010406,3.3889e-05,0.00014938,8.3002e-05,6.7561e-05,8.9232e-05,7.366e-05,-3.7916e-05,8.7946e-05,2.7176e-05,0.00010871,0,0.00011527,0.00017742,0.00017889,0.00011201,0.00010492,-7.1925e-05,7.6143e-05,-3.5165e-05,4.4257e-05,3.1544e-05,-3.9103e-06,6.203e-05,0.00011023,7.8824e-05,0.0001191,5.1115e-05,0.00011579,6.0748e-05,6.328e-05,0.00011963,6.752e-05,-4.3068e-05,1.3296e-05,0.00011293,9.2137e-05,-0.00016163,1.4392e-05,7.2355e-05,9.2102e-05,6.3026e-05,4.7763e-05,8.0222e-05,5.5603e-05,0.00013264,5.6972e-05,3.5764e-05,5.0962e-05,-1.3581e-05,9.6973e-05,2.9763e-05,0.00015479,3.9011e-05,0.00013971,0.00010377,-7.5517e-05,2.7077e-05,6.204e-05,7.1787e-05,0.00010566,9.8045e-05,0.00014644,3.2228e-05,1.3586e-05,5.4959e-05,7.1331e-05,6.0671e-05,6.6678e-05,6.2367e-05,8.5551e-05,0.00011112,5.0666e-05,9.2331e-05,0.00014343,1.73e-05,-5.2772e-06,2.0967e-05,1.4705e-05,6.1836e-05,8.446e-05,1.8374e-05,2.8629e-05,6.8801e-05,2.7817e-05,4.0616e-05,3.4305e-05,0.00010317,0.00015404,6.8561e-05,0.00016762,6.5896e-05,5.3576e-05,-1.1266e-05,5.8455e-05,0.00014832,0.00021816,5.23e-05,2.1551e-05,9.8344e-05,2.0199e-05,0.00044459,-7.03e-05,6.5868e-05,3.3538e-05,8.6916e-05,3.5537e-05,4.0783e-05,5.8334e-05,-4.4658e-05,0.0002205,0.00011224,2.6054e-05,9.1393e-05,8.3862e-05,2.4644e-05,7.9978e-05,3.7911e-05,7.9783e-05,5.2967e-05,3.3303e-05,-3.9348e-05,4.5727e-05,6.5578e-05,9.8021e-05,2.4303e-05,1.7409e-05,-4.9028e-05,9.4836e-05,0.00030336,0.0001004,6.924e-05,5.9784e-06,7.7206e-05,6.9634e-05,7.2261e-05,6.6804e-05,0.00013612,7.2311e-05,5.5471e-05,0.00012138,0.00012558,8.6341e-05,0.00011366,7.2426e-05,6.4859e-05,0.00016915,6.9809e-05,1.6683e-05,3.6568e-05,0.0003044,0.0001637,1.7087e-05,6.2636e-05,0.00011716,2.32e-06,7.675e-05,0.00011342,1.7729e-05,0.00021282,0.00015279,0.00013883,9.1195e-05,0.00012869,3.6765e-05,3.0836e-05,8.8835e-05,5.2185e-05,5.1259e-05,5.0179e-05,8.0652e-05,-4.5167e-06,5.4952e-05,-0.00010841,9.4635e-05,-1.9305e-05,9.4397e-05,-6.6633e-06,6.789e-05,9.7694e-05,6.2944e-05
0.00021164,5.907e-05,0.00016018,0.00014371,0.00011823,9.6655e-05,1.2913e-05,5.3617e-05,8.808e-05,8.7488e-05,8.2312e-05,0.00010719,2.3671e-05,7.2677e-05,0.00012079,4.9109e-05,3.8078e-05,4.7648e-05,9.8993e-05,8.9176e-05,5.233e-05,1.7632e-05,0.00010536,0.00017923,-1.1597e-06,5.657e-05,2.992e-06,7.8099e-05,0.00013216,0.00010358,0,7.9127e-05,4.6097e-05,3.1547e-05,2.9764e-05,0.0001045,5.1129e-05,6.6875e-05,-2.6574e-05,0.00011849,5.0311e-05,1.8247e-05,4.4195e-05,0.0002079,3.8776e-05,8.3433e-05,1.3112e-05,8.5542e-05,4.9243e-05,-3.1897e-05,7.9724e-05,6.7991e-05,3.4873e-05,8.9921e-05,7.0605e-05,-1.1715e-05,-4.0807e-06,-5.1358e-05,4.7223e-05,2.1376e-05,2.7538e-05,0.00013497,9.4564e-05,0.00012359,0.00011433,0.00016749,7.7944e-05,6.8254e-05,5.7369e-05,3.3692e-05,4.2561e-05,9.4913e-05,7.6983e-05,9.0667e-05,4.3254e-05,-1.7321e-05,1.1798e-05,4.5871e-05,4.7268e-05,0.00015921,7.0648e-05,6.1322e-05,5.0804e-05,6.9989e-05,5.6642e-05,6.0201e-05,5.007e-06,6.1948e-05,6.4381e-05,4.2439e-05,0.00012207,7.5414e-05,3.7451e-05,4.2058e-05,7.0594e-05,4.028e-05,-1.1635e-06,4.2111e-05,2.6722e-05,0.00013355,3.6741e-05,4.2149e-05,4.7608e-05,-4.8935e-06,3.6627e-05,0.00012856,4.684e-05,5.3997e-05,3.1618e-05,7.8802e-05,6.1618e-05,4.234e-05,8.0702e-05,3.9627e-05,0.00012728,6.7659e-05,-3.0543e-06,9.7731e-05,0.00011055,2.253e-05,9.044e-05,-7.5855e-05,8.0514e-05,0.00015707,6.9174e-05,-1.4082e-05,4.8993e-05,5.7815e-05,4.0221e-05,0.00014822,0.00010062,2.6616e-05,3.0035e-05,2.3756e-05,2.8298e-05,0.00012321,0.00011012,4.5933e-05,4.6919e-05,4.6684e-05,3.6396e-05,0.00012019,0.00011098,9.4077e-05,3.2341e-05,0.00011145,4.7687e-05,9.2096e-05,1.9224e-05,7.4744e-05,3.4353e-05,8.5943e-06,2.5572e-05,4.8995e-05,4.4481e-05,4.6458e-05,1.2162e-05,2.8208e-05,-2.9555e-05,7.0907e-05,9.9898e-05,2.4994e-05,7.0122e-05,2.3727e-05,5.8872e-05,0.00014564,8.9432e-05,0.00013467,5.7512e-05,0.00023728,9.2519e-05,-9.1744e-05,8.6016e-05,8.5203e-05,4.7945e-05,5.0387e-05,1.9244e-05,1.5514e-05,0.00015346,8.6224e-05,0.00013607,0.00011389,4.4631e-05,8.637e-06,1.0102e-05,7.8135e-05,2.7224e-05,2.2661e-05,3.7967e-05,8.4271e-05,0.00013798,6.3336e-05,3.5473e-05,0.00014804,7.3383e-05,2.9887e-05,6.2512e-05,6.7518e-05,4.5244e-05,-4.3476e-06
0.0016842,0.00022454,0.00014371,0.0013361,0.00046152,0.00054053,2.5503e-05,0.00017165,0.00077009,0.00020902,0.00018791,0.0003416,1.5734e-05,0.00015617,0.00018737,8.4832e-05,9.1748e-05,0.00021312,0.0001842,0.00035991,0.00019552,0.00021392,0.00034283,0.00090876,0.00034795,0.00014668,5.698e-05,0.00018313,0.00033306,0.00043844,0,6.4109e-06,0.00036954,0.00033177,0.00025249,0.0003623,0.00048259,0.00019425,-5.0051e-05,0.00024861,0.00010248,6.0402e-05,9.3449e-05,0.00025346,0.0002213,0.00026589,-0.00010652,0.00010655,0.00058585,-6.0218e-05,0.00031469,0.00023933,0.00024536,0.00024639,0.00018307,0.00040008,0.00095604,3.6922e-05,0.00017114,0.00010735,4.3796e-05,0.00053765,0.00048968,0.00022407,0.00037788,0.0011614,0.00015999,0.00016276,1.3029e-05,0.0002051,0.0001058,0.00028241,0.00014562,0.00031215,0.00021723,9.5173e-06,0.00014679,0.00016359,7.0674e-05,0.00015845,9.0567e-05,0.00020029,0.00029308,0.00023024,0.00024885,1.7355e-05,0.00028963,0.00024105,0.00026188,7.5639e-05,0.00025743,0.00014285,0.00016999,0.00020891,0.00014548,0.00013606,3.3327e-05,9.3582e-05,0.00012095,0.00028408,6.5647e-05,0.00014068,0.00014488,0.00017723,5.373e-05,-0.00013917,0.00027603,0.00038892,0.00021554,0.00022803,0.00027553,-1.132e-05,0.00020213,0.00016094,0.00039193,0.00031165,0.00012164,0.00019155,0.00028197,6.3172e-05,0.0004062,-4.9262e-05,0.00049826,0.0005315,2.9502e-05,0.00012825,0.00011468,0.00016832,0.00034033,0.00034311,0.0003076,4.5745e-05,0.00028136,0.00017565,9.2098e-05,0.0002921,0.00028094,9.5531e-05,8.6908e-05,0.00014263,0.00010913,0.00071531,0.00024949,0.00047723,-3.5483e-07,0.00037782,0.00010303,9.7083e-05,0.0006025,0.00025212,5.5154e-05,2.9681e-05,0.00024793,0.00028507,0.00029971,0.0001811,0.00027022,0.00015606,0.00015583,0.00015855,0.00030221,0.00024133,0.00045057,0.00010404,0.00014482,0.00055635,0.00027123,0.00032389,0.000173,0.0011289,0.00027391,0.00019559,0.00019039,0.00036426,0.000199,0.00010304,0.00030579,-0.000102,0.00097488,0.00021514,0.00039384,0.00042362,0.00018205,3.7526e-05,8.1334e-05,0.00018325,2.3222e-05,0.00013973,0.00018256,0.00038167,0.00073446,0.00021785,0.00012523,0.00066346,0.00031688,0.00026629,0.00010017,0.00023136,0.00012501,0.00036403
0.00063477,0.00012563,0.00011823,0.00046152,0.00032786,0.0001954,-2.2002e-06,7.9678e-05,0.00030123,0.00014312,0.00015305,0.00014099,-1.903e-05,6.5984e-05,0.00011608,1.1963e-06,9.2179e-05,0.00010245,0.00013408,0.00015094,0.00018933,0.00010544,0.00027712,0.00044715,0.00015521,5.9423e-05,-2.5242e-05,5.3416e-05,0.00014784,0.00013247,0,5.3322e-06,0.00014173,0.00019783,0.00012699,0.00013794,0.00017692,9.3181e-05,-4.8574e-05,0.0001488,4.9324e-05,3.1513e-05,2.5021e-05,0.00018241,9.901e-05,8.3326e-05,-4.2317e-05,9.6799e-05,0.00022465,3.5892e-05,0.00019624,7.1585e-05,0.00012798,0.00010136,7.1788e-05,0.00016598,0.000267,3.4467e-06,7.8638e-05,8.146e-05,3.0714e-05,0.00030221,0.00016334,0.00026313,0.00020793,0.00047807,2.9115e-05,0.00010294,-1.5341e-05,9.7094e-05,9.3713e-06,0.00021309,7.233e-05,0.00017314,8.5335e-05,-0.00013442,6.0855e-05,3.0802e-05,8.7188e-05,0.00015993,9.5475e-05,0.00012664,8.9458e-05,0.00011013,9.2122e-05,1.4331e-05,6.3477e-05,0.00014057,0.00010959,3.0036e-05,0.0001766,3.4102e-05,0.00011669,0.00011628,3.2938e-05,5.4916e-05,1.4671e-05,9.4026e-05,6.1052e-05,0.00017103,2.579e-05,0.00012525,7.9952e-05,9.059e-05,3.7324e-05,-1.3013e-05,0.00012635,0.00017083,0.00010838,0.00013259,0.00011047,6.0908e-05,8.22e-05,8.0522e-05,0.00019243,0.00014804,-2.3963e-05,6.3901e-05,0.00015471,2.4492e-05,0.00017954,-7.6966e-05,0.00018917,0.00015544,7.1052e-05,-2.8952e-07,0.00010076,0.00011846,6.9826e-05,0.0002028,0.00011353,4.307e-05,0.00012622,5.5314e-05,2.7877e-05,0.00014945,9.8851e-05,6.9318e-05,4.1641e-05,8.1513e-05,7.8201e-05,0.00027135,0.00015051,0.00022188,2.9428e-05,0.00022598,0.00011785,0.00010726,0.00023996,0.00015825,3.731e-05,4.7696e-06,5.8987e-05,9.5698e-05,8.8142e-05,9.0122e-05,0.00011552,7.8276e-05,-1.475e-05,7.1191e-05,0.00013683,8.2153e-05,0.00021981,3.3591e-05,7.5818e-05,0.00031319,0.00010056,0.00015336,9.2107e-05,0.00048581,0.00013044,3.9768e-06,9.1027e-05,0.00014668,2.7452e-05,2.5669e-05,0.00018423,-6.5571e-05,0.00044727,0.00013401,0.00017363,0.00021219,0.00010739,5.0319e-05,4.4681e-05,0.00012424,1.3792e-05,5.0749e-05,5.4194e-05,0.00014147,0.00027941,6.6194e-05,6.5236e-05,0.00033451,0.00013454,0.00010755,5.9294e-05,0.0001063,4.2166e-05,0.00013938
0.0013194,3.2634e-05,9.6655e-05,0.00054053,0.0001954,0.00098313,-6.0491e-05,0.00014361,0.00042378,5.0339e-05,0.00031804,0.0001418,-7.5682e-06,2.6549e-05,0.00014071,7.7788e-06,0.00010246,6.9306e-05,0.00014436,0.00014741,0.00021164,1.6532e-05,0.0001717,0.00079875,0.00029257,5.0111e-05,0.00016703,0.00019693,0.00036201,-0.00011837,0,-1.4696e-05,0.00012253,0.00017043,0.0002602,0.00014753,0.00039987,0.00014231,0.0003968,6.1306e-05,8.5425e-05,-5.4004e-05,1.4713e-05,0.00011163,0.00013734,9.2675e-05,6.4625e-05,6.7407e-05,0.00031449,-9.9186e-05,0.00012194,0.00018805,-3.1119e-05,0.00020725,0.00012465,0.00022376,0.0004463,-3.2063e-05,5.2988e-05,-9.172e-05,8.1697e-06,0.00056664,-3.5662e-05,0.00017497,0.0001837,0.0012318,0.00014923,8.31e-05,5.926e-05,9.7736e-05,1.9907e-05,9.2617e-06,0.00015766,0.00024371,0.00011709,-3.0642e-05,0.00018607,0.00013319,-7.7793e-05,9.3345e-05,4.8844e-05,7.3441e-05,0.00023264,0.00018539,0.00020269,3.5319e-05,8.914e-05,0.00013253,9.0605e-06,5.0538e-05,0.00034536,-2.9625e-05,6.8498e-05,9.8572e-05,0.00011115,0.00010686,7.2359e-06,-1.7887e-05,9.6916e-05,8.712e-05,-0.00015044,0.00011813,8.8892e-05,-0.00012651,-2.287e-05,0.00010924,4.7284e-05,0.0003103,0.00019472,8.8287e-06,0.00012866,-3.6555e-06,0.00015031,8.0289e-05,0.00020404,-1.9124e-05,0.00011711,0.00011276,0.000215,-1.3019e-05,8.5431e-05,0.00010407,0.00012083,0.00044155,0.00020036,0.00014562,9.0471e-05,8.1165e-05,0.00031288,0.00026135,0.00014155,0.00012142,4.1881e-05,-8.3649e-06,-2.4937e-05,0.00020442,0.00024452,9.3363e-05,2.1269e-05,7.5362e-05,0.00010208,0.00068157,0.0001654,0.00031129,-1.8286e-07,0.00028183,0.00024538,0.00015476,0.00018666,9.1999e-05,-1.1416e-05,3.0006e-06,0.00013942,0.00020203,0.00021908,0.00010518,0.0001093,9.741e-05,9.6591e-05,-7.8289e-06,0.00024458,4.8596e-05,0.00022398,9.6878e-08,2.0465e-05,0.0002288,0.00011978,0.00044091,6.029e-05,0.00053904,0.00022132,9.5701e-05,7.1219e-05,0.00023356,-0.00010453,-6.0264e-05,-8.6423e-05,-0.00011955,0.00093672,1.6109e-05,0.00020995,0.00030876,9.3066e-05,6.6812e-05,6.0481e-05,7.6454e-05,-9.2572e-05,8.7131e-05,7.6451e-05,0.00012015,0.00089397,9.1192e-05,7.6157e-05,0.00051795,0.00053139,9.1809e-05,0.00045257,0.00013892,-4.4827e-06,9.8404e-05
1.1817e-06,1.4327e-05,1.2913e-05,2.5503e-05,-2.2002e-06,-6.0491e-05,0.0001296,-2.0717e-05,1.2053e-05,2.9592e-05,9.0001e-06,2.589e-05,-6.7875e-05,2.5846e-05,-3.8272e-05,4.2809e-06,-2.3861e-06,-1.1656e-06,2.5712e-06,3.8389e-05,1.1133e-05,2.7123e-05,0.00010094,-5.6041e-06,-2.1214e-05,4.9784e-06,-4.5025e-06,-3.895e-05,2.6818e-05,9.1908e-06,0,3.3167e-05,5.0229e-05,-4.2773e-05,-1.9768e-05,3.122e-05,-4.9996e-05,7.3209e-06,7.3699e-06,7.3481e-05,-3.1822e-05,1.147e-06,-1.3143e-05,4.4429e-05,-1.4945e-05,4.9544e-05,-7.6152e-06,-7.4951e-05,7.4174e-05,-1.7294e-06,1.6969e-05,-3.3755e-05,-1.6893e-06,-6.3962e-06,-1.4128e-05,1.0427e-05,-8.7903e-05,-1.7306e-05,-1.272e-05,4.4211e-05,-6.4332e-06,6.6973e-06,2.8873e-06,1.0734e-05,8.8395e-06,6.179e-05,-3.1073e-05,-2.6901e-05,6.0088e-05,-1.6574e-05,-3.3193e-05,-1.951e-06,-1.2543e-05,1.1687e-06,-2.842e-06,-2.0147e-05,6.363e-06,-1.3479e-05,-1.6506e-05,2.56e-05,2.0177e-07,5.1482e-05,-4.1625e-05,2.5469e-05,-7.9098e-06,1.7424e-05,-2.306e-05,1.1812e-05,6.5982e-05,-3.1064e-06,4.3379e-05,3.3519e-06,1.2084e-06,-9.1649e-06,-3.4416e-06,-4.7898e-05,8.3125e-07,2.5704e-06,5.856e-06,4.172e-06,-1.0896e-05,2.4013e-05,-1.9594e-05,2.6288e-05,1.5882e-05,-1.0057e-05,7.7209e-06,6.6332e-07,-3.0895e-05,-1.0054e-05,-7.6628e-06,-1.5602e-05,6.5726e-07,-3.6367e-05,3.1012e-05,-3.6601e-05,-4.4017e-06,-3.5601e-05,-1.4456e-05,1.4896e-05,-8.7891e-05,3.6541e-05,2.493e-05,2.9376e-05,-3.2407e-05,-4.8153e-05,3.9942e-05,1.3941e-05,-4.3686e-06,-6.2474e-06,7.7686e-05,-2.6022e-05,1.584e-05,4.2741e-05,1.797e-05,3.9639e-05,1.2044e-05,1.232e-05,4.2677e-06,1.4891e-05,-1.3539e-06,-1.8104e-05,2.3464e-05,8.1849e-05,-2.9916e-05,2.6249e-05,1.4085e-05,1.6586e-06,2.3313e-05,2.4947e-05,3.1368e-05,5.1808e-06,2.021e-06,1.7323e-05,4.0337e-06,-1.821e-05,-8.2384e-06,-1.1879e-05,-0.00011081,1.6233e-05,-1.8655e-05,3.962e-05,1.9783e-05,-1.7441e-05,-3.4235e-05,2.7215e-05,4.3066e-05,-8.2851e-05,8.7227e-06,4.4869e-05,7.3857e-06,-6.4673e-06,2.2161e-05,5.3042e-06,-3.3663e-05,7.0486e-06,-5.2335e-05,7.0717e-05,-1.9633e-05,2.5827e-06,4.1939e-06,4.2708e-05,8.2152e-06,-8.2347e-06,-1.345e-06,3.5482e-05,-1.6207e-05,5.2483e-06,1.7683e-05,2.6308e-05,-5.0382e-05,-1.8692e-05,3.5272e-05,6.0331e-05,-4.6255e-05,2.7025e-05,-3.6847e-05,-1.1917e-05,1.8355e-05,2.6839e-05
0.00034633,8.6688e-05,5.3617e-05,0.00017165,7.9678e-05,0.00014361,-2.0717e-05,0.00011016,0.00011326,0.00010482,8.4953e-05,7.886e-05,3.0035e-05,5.3197e-05,0.0001142,4.2071e-05,6.5544e-06,0.00012348,7.9264e-05,9.4718e-05,9.0991e-05,9.8409e-05,4.0923e-05,0.00021378,5.3656e-05,5.5899e-05,3.8525e-05,0.00011614,0.00012204,2.1758e-05,0,7.9685e-05,6.3895e-05,0.00010642,0.00010205,8.0845e-05,9.3297e-05,5.6177e-05,4.4513e-05,5.8554e-05,4.5852e-05,1.0574e-05,5.1641e-05,0.00013344,6.1601e-05,7.1422e-05,6.2016e-05,9.5103e-05,8.6846e-05,3.4727e-05,8.7439e-05,9.9605e-05,2.1391e-05,4.0302e-05,7.7658e-05,4.4896e-05,5.0744e-05,3.6013e-06,5.8139e-05,5.6569e-05,5.5173e-05,5.6739e-05,0.00010135,6.8696e-05,0.00012855,0.00027982,8.6749e-05,7.5891e-05,5.3344e-05,5.1498e-05,2.1688e-05,9.6669e-05,0.00012215,0.00011147,6.1056e-05,-6.6001e-07,3.044e-05,6.3687e-05,-8.9061e-06,0.00010092,4.9356e-05,9.4655e-05,5.0155e-05,3.7289e-05,8.301e-05,8.7909e-05,5.8705e-05,7.186e-05,1.0598e-05,6.0549e-05,0.00010891,5.5874e-05,6.9844e-05,9.6034e-05,2.6167e-05,5.3725e-05,5.3568e-06,2.1387e-05,1.5525e-05,9.397e-05,4.9023e-05,4.5655e-05,7.9686e-05,2.4011e-05,2.5799e-05,9.565e-05,3.105e-05,0.00011182,6.5451e-05,6.085e-05,8.8761e-05,4.5403e-05,3.7004e-05,6.9241e-05,9.4178e-05,0.0001011,7.7926e-05,8.8922e-05,0.00013954,-4.1227e-06,0.00016413,7.6647e-05,8.958e-05,8.4797e-05,5.7556e-05,1.0004e-06,4.7146e-05,4.1887e-05,4.823e-05,0.0001071,8.162e-05,3.3686e-05,4.1246e-05,2.9981e-05,2.0431e-05,7.5015e-05,0.00010471,8.1091e-05,4.4156e-05,8.2005e-05,2.6616e-05,0.00019717,7.5849e-05,0.00010542,1.8056e-05,5.514e-05,-3.7192e-05,8.7189e-05,0.00012378,6.9411e-05,8.7853e-05,3.4524e-06,8.9265e-05,3.146e-05,6.385e-05,6.504e-05,7.2168e-05,4.2997e-05,1.671e-05,7.1701e-05,8.9026e-05,3.8834e-05,4.9908e-05,3.2289e-05,6.4161e-05,7.135e-05,5.9196e-05,0.00010013,3.1572e-05,0.00018074,0.00013907,-4.2517e-07,5.8252e-05,9.4716e-05,-4.0979e-06,3.4255e-05,-1.242e-05,1.5627e-05,0.00032204,6.4311e-05,8.7567e-05,0.00010532,0.00011411,2.0005e-05,4.0553e-05,6.3528e-05,2.1156e-05,2.5806e-05,3.1368e-05,8.103e-05,0.00020292,6.8043e-05,-7.3454e-06,0.00012727,9.7467e-05,3.6445e-05,8.5809e-05,0.0001008,5.0512e-05,4.0146e-05
0.0010756,0.00010956,8.808e-05,0.00077009,0.00030123,0.00042378,1.2053e-05,0.00011326,0.00063196,8.5893e-05,0.00013135,0.00018391,-4.2384e-05,6.7769e-05,6.9276e-05,-2.3506e-05,-8.4576e-06,0.00013414,0.00010132,0.00015987,0.00011627,0.00013875,0.00021898,0.00056322,0.00020722,6.4085e-05,6.9999e-05,0.00010042,0.00022454,0.00024539,0,1.6989e-05,0.00023872,0.00018852,0.00018361,0.00015803,0.00042361,8.7086e-05,-0.00018406,0.00014814,5.4106e-05,-4.0155e-05,4.2986e-06,0.00012638,0.00015632,0.00015081,-1.5446e-06,9.085e-05,0.00036493,-2.2785e-05,0.00018857,0.00012587,6.5865e-05,0.00016338,7.6512e-05,0.00032152,0.00055434,-5.19e-05,5.4559e-05,2.9587e-06,-1.321e-05,0.00051949,0.00044977,0.00013484,0.00021526,0.00082839,6.9686e-05,0.00015443,4.28e-05,0.00015047,2.8317e-05,0.00010281,0.00017476,0.00017281,0.00012264,1.2118e-05,8.1267e-05,5.1484e-05,2.0611e-06,3.8302e-05,2.0065e-05,5.9435e-05,0.00018516,0.00012948,0.00015392,8.2182e-05,0.00010864,0.00015777,0.00013162,3.5878e-05,0.0002444,2.1996e-05,0.00011312,0.00011363,8.7122e-05,0.00012365,9.2962e-06,0.00011771,6.3392e-05,0.0001484,-5.8721e-05,-5.6019e-06,0.00010576,0.0001453,-7.4079e-06,-1.5631e-05,0.00015822,0.00022152,0.00015394,0.00010196,0.00026336,-2.6174e-06,0.00016684,8.0826e-05,0.00020492,0.00012963,7.8767e-05,0.00013263,0.00017061,8.2147e-06,0.00017853,-3.894e-05,0.00029877,0.00032682,3.4427e-05,8.5284e-05,5.6982e-05,0.0001206,0.00025242,0.00013177,0.00019228,4.3435e-05,0.00013685,8.0466e-05,6.4019e-06,0.00013252,0.00012858,0.00011367,2.4062e-05,5.8551e-05,5.8421e-05,0.00043618,0.00015366,0.00035615,-8.6408e-06,0.00027463,0.0002167,9.2018e-05,0.00031515,0.00018236,-3.1774e-05,1.9493e-05,0.00015901,0.00012475,0.00014628,0.00012287,0.00026354,0.00013467,7.3351e-05,4.3769e-05,0.00014036,8.7731e-05,0.00027006,5.3804e-05,6.8015e-05,0.00027901,0.00014818,0.00024949,4.1533e-05,0.0006353,0.00020562,0.00015574,0.00012793,0.0002165,0.00017403,-1.7118e-05,4.067e-05,-2.2209e-05,0.00061968,0.00011366,0.00023009,0.00023403,9.9456e-05,0.00012122,5.0814e-05,9.4234e-05,-3.2871e-05,9.9267e-05,9.423e-05,0.0002011,0.00062966,0.00011775,0.00020291,0.00048022,0.00025098,0.00015795,0.00022199,0.00014694,1.4325e-05,0.00018277
0.00044709,0.00013973,8.7488e-05,0.00020902,0.00014312,5.0339e-05,2.9592e-05,0.00010482,8.5893e-05,0.00020092,0.00010178,0.00013399,2.6644e-05,0.00010142,0.00011468,6.7331e-05,8.158e-05,0.00014565,0.00011598,0.00015262,0.00016159,0.0001796,0.0001737,0.00030939,5.6342e-05,7.8034e-05,1.4805e-05,0.00011037,0.00014184,4.3678e-05,0,0.00011502,0.0001132,0.00016376,0.00012446,0.00012193,1.4338e-05,9.3392e-05,5.6969e-05,0.00012069,3.6354e-05,2.6973e-05,6.1687e-05,0.00019657,6.7962e-05,9.3892e-05,3.8269e-05,0.00011239,9.2634e-05,6.919e-05,0.00014433,0.000106,3.6699e-05,2.98e-05,7.5038e-05,2.2569e-05,0.00010139,3.1729e-05,9.1637e-05,0.00011008,6.6615e-05,7.4591e-05,5.7865e-05,0.00013081,0.00015791,0.00037786,9.3004e-05,6.2682e-05,3.861e-05,6.9056e-05,6.4689e-06,0.00016479,0.00010313,0.00014261,7.376e-05,-4.3962e-05,4.2725e-05,5.7886e-05,3.2703e-05,0.00017081,0.0001065,0.00014131,3.0309e-05,5.7112e-05,7.3569e-05,0.00010557,7.8889e-05,9.0151e-05,4.6517e-05,7.235e-05,6.9896e-05,7.16e-05,9.8659e-05,0.0001091,-2.8533e-06,2.7777e-05,5.3358e-06,2.7679e-05,3.36e-05,0.00013459,0.00012618,0.00013339,8.6094e-05,2.0773e-05,7.62e-05,3.2265e-05,6.1588e-05,0.0001643,7.7753e-05,0.00011402,4.2268e-05,7.0773e-05,4.1808e-05,7.986e-05,0.00013534,0.00015144,8.1699e-05,7.9319e-05,0.00017607,2.4883e-05,0.00020797,1.9731e-05,0.0001133,0.00011404,7.6511e-05,-6.6722e-06,0.0001196,8.0486e-05,1.8618e-05,0.00017369,0.00011116,3.7123e-05,9.7043e-05,6.9893e-05,5.6669e-05,9.2744e-05,0.0001209,6.7743e-05,6.0992e-05,0.00013727,1.8119e-05,0.00025078,0.00012107,0.00014216,1.062e-05,8.3508e-05,-2.7844e-05,8.5452e-05,0.00018311,0.00013361,0.00014946,5.7232e-06,0.00010431,5.2113e-05,7.4516e-05,7.7142e-05,3.0437e-05,5.2332e-05,-1.6102e-05,0.00013063,0.00010215,8.1874e-05,0.00010275,3.3519e-05,6.4968e-05,7.8166e-05,9.7183e-05,6.546e-05,7.0583e-05,0.00026974,0.00013179,-2.656e-05,7.789e-05,0.00012666,-9.2059e-05,7.5955e-05,7.723e-05,-7.8251e-06,0.00036429,0.00011138,0.00011351,0.0001406,0.00014708,4.1039e-05,4.547e-05,0.0001017,4.7915e-05,1.4295e-05,6.7894e-05,0.00011837,0.00024943,7.8267e-05,-6.2982e-05,0.00018922,7.8894e-05,6.3035e-05,-8.6072e-05,0.00012025,8.8195e-05,8.9179e-05
0.00025057,0.00014963,8.2312e-05,0.00018791,0.00015305,0.00031804,9.0001e-06,8.4953e-05,0.00013135,0.00010178,0.00038027,5.8842e-05,1.3666e-05,5.4961e-05,0.00016661,6.57e-05,0.00012195,9.3861e-05,0.00011252,0.00012741,0.00012922,4.2767e-05,0.00037416,0.00024341,0.00032465,8.2802e-05,4.4789e-05,9.1601e-05,0.00011733,0.00015124,0,7.32e-05,0.00011205,0.0001712,7.3119e-05,0.00010226,5.0596e-05,0.00012691,6.5564e-05,4.1962e-05,4.5327e-05,-9.824e-06,4.0006e-05,6.7976e-05,9.0258e-05,0.00013062,7.8158e-05,4.1897e-05,0.00010207,-3.2124e-05,9.3827e-05,6.0467e-05,4.2213e-05,9.057e-05,0.00013066,0.000154,-6.6046e-07,1.8101e-05,5.8686e-05,5.7566e-05,0.00011264,0.00018697,3.6461e-05,0.0001204,0.00012563,0.00021387,4.5409e-05,6.3843e-05,9.6011e-05,6.7003e-05,1.4431e-05,0.00013006,3.4651e-05,0.00019222,0.00014934,-6.4696e-05,6.0585e-05,8.7005e-05,7.6003e-06,0.00013672,8.1758e-05,0.000153,5.2864e-05,9.2285e-06,8.2637e-05,4.3348e-05,4.5761e-05,0.00013221,1.4788e-05,5.2967e-05,0.00022989,2.8717e-05,8.273e-05,0.00010095,2.3929e-05,3.8666e-05,1.7961e-05,-2.1192e-05,5.9183e-05,3.7762e-05,-2.3774e-05,-6.3889e-06,7.5927e-05,-8.5149e-05,5.6017e-05,7.9999e-05,7.7932e-05,0.00024538,8.3368e-05,0.00010122,0.00012551,3.377e-05,6.1252e-05,0.00011626,0.00018528,-1.0415e-06,2.7352e-05,5.3241e-05,0.00011425,2.0168e-05,0.00027018,-7.88e-05,-2.6306e-05,9.2338e-05,0.00011433,1.7631e-05,0.00011082,8.5154e-05,5.2519e-05,0.00022844,0.00013237,7.6041e-05,9.7907e-05,1.833e-05,-2.6589e-06,0.00013836,0.00012159,8.6066e-05,4.2021e-05,6.8683e-05,-4.6382e-05,0.00014868,0.00012235,0.00016064,6.6349e-05,9.4242e-05,4.8231e-05,0.00018792,0.0001467,9.4492e-05,0.00010645,3.6711e-06,9.0807e-05,8.4332e-05,6.4987e-05,3.6795e-05,6.1233e-05,6.9111e-05,-6.4252e-05,8.8084e-05,0.00020593,9.7737e-05,0.00011146,2.2361e-05,4.1731e-05,0.00013984,8.9268e-05,0.00013472,4.2788e-05,0.0003237,0.00023644,6.578e-05,7.3382e-05,0.00011503,-4.2347e-05,8.6899e-07,0.00013833,-6.1095e-05,0.00031157,0.00011034,0.00012933,0.0002101,0.00011143,8.5477e-05,6.2301e-05,8.2642e-05,3.009e-07,7.751e-05,3.3994e-05,6.1166e-05,0.00027821,8.5939e-05,-1.8602e-05,0.00024013,0.00014291,5.1197e-05,0.00011028,4.5697e-05,5.5511e-05,7.4941e-05
0.00047414,0.00012745,0.00010719,0.0003416,0.00014099,0.0001418,2.589e-05,7.886e-05,0.00018391,0.00013399,5.8842e-05,0.00021355,4.2079e-05,9.5085e-05,9.6198e-05,5.1893e-05,5.9263e-05,6.9325e-05,9.9084e-05,0.00012828,4.3311e-05,8.437e-05,-2.5068e-05,0.00025951,1.883e-05,6.9223e-05,-1.7445e-05,9.7142e-05,0.00013544,0.00010298,0,5.6432e-05,0.00013594,0.00011788,0.00012907,0.00017962,1.6904e-05,8.5563e-05,-1.7503e-05,0.00014091,3.9533e-05,-6.3247e-06,5.8888e-05,0.00015116,7.3374e-05,0.00011709,-1.1855e-05,0.00011135,0.00014768,1.528e-05,0.00012468,0.00013406,4.3142e-05,9.8054e-05,8.8355e-05,6.1584e-05,0.00012601,1.8184e-07,8.6611e-05,3.4281e-05,2.144e-05,0.00011302,0.00012737,9.3076e-05,0.00017686,0.00036675,0.00013946,8.6787e-05,-2.9847e-05,6.8115e-05,5.0168e-05,8.6166e-05,7.821e-05,0.00013932,5.225e-05,-5.408e-05,5.6512e-05,6.5673e-05,5.8098e-05,0.00010736,8.0739e-05,8.855e-05,9.9057e-05,6.1499e-05,9.2186e-05,0.00010182,5.9158e-05,7.0955e-05,0.00011247,6.5809e-05,0.00011426,6.1587e-05,8.487e-05,0.00010726,4.2045e-05,5.193e-05,1.1462e-05,1.2972e-05,4.6579e-05,0.00013631,6.4571e-05,9.5281e-05,6.5827e-05,5.0159e-05,3.672e-05,7.2412e-06,7.3483e-05,0.00010745,7.9151e-05,7.575e-05,9.5786e-05,6.0417e-05,9.9855e-05,3.5019e-05,0.00018116,0.00016107,0.00012506,5.1528e-05,0.00013248,2.2695e-05,0.00013828,-3.993e-05,0.00015944,0.00019936,0.00010762,7.9463e-05,5.2797e-05,7.0997e-05,6.026e-05,0.00015244,0.00011746,6.5585e-05,0.00011208,8.1849e-05,3.1525e-05,9.9432e-05,9.2004e-05,5.2038e-05,5.454e-05,9.565e-05,1.3718e-05,0.00022432,0.00011472,0.00014727,-4.908e-06,0.00012861,-2.2468e-06,5.7804e-05,0.00017799,9.6155e-05,4.984e-05,1.4227e-05,6.0317e-05,0.00012408,0.00010917,9.3902e-05,9.4188e-05,5.9624e-05,8.2213e-05,0.00010914,0.00011048,8.8394e-05,0.00012315,4.3332e-05,6.7948e-05,0.00012054,0.00012941,9.0824e-05,6.7385e-05,0.00037115,0.00010502,6.223e-06,8.3234e-05,0.00017234,6.8953e-06,9.8082e-05,8.6802e-05,-9.5593e-06,0.00025767,0.00012242,0.00013584,0.00015847,6.9986e-05,4.7197e-05,2.2936e-05,0.00011717,4.6264e-05,3.3428e-05,9.6028e-05,0.00014509,0.00021071,8.909e-05,-7.7297e-06,0.00018832,6.4701e-05,8.5831e-05,-2.9925e-05,9.6534e-05,8.2646e-05,7.6268e-05
-7.9404e-05,5.4172e-05,2.3671e-05,1.5734e-05,-1.903e-05,-7.5682e-06,-6.7875e-05,3.0035e-05,-4.2384e-05,2.6644e-05,1.3666e-05,4.2079e-05,0.00016207,3.9257e-05,0.0001106,5.9283e-05,3.0946e-05,4.9195e-05,4.299e-05,4.2358e-05,-2.8449e-05,3.8038e-05,7.4028e-07,-2.2331e-05,4.9902e-05,5.4168e-05,3.0046e-05,6.6734e-05,1.9256e-05,8.0057e-05,0,6.8417e-05,-9.6096e-06,4.3235e-05,1.0287e-06,2.1386e-05,-5.3119e-05,5.3786e-05,1.9233e-05,-2.704e-05,5.7699e-05,1.1551e-05,7.7554e-05,9.9127e-05,1.0225e-05,3.4494e-05,3.0353e-05,0.00013931,-3.7804e-05,-5.8194e-06,7.3831e-07,9.737e-05,1.8902e-05,6.9888e-05,2.7141e-05,-5.5032e-05,1.2539e-05,4.3668e-05,6.3659e-05,-1.8254e-05,1.7249e-07,-6.9665e-05,7.2884e-06,-2.2499e-05,4.026e-05,-0.00014723,8.3265e-05,1.4224e-05,-1.7601e-05,3.0368e-05,0.00010807,6.1487e-05,5.6383e-05,2.6889e-05,4.0487e-05,8.395e-05,-2.809e-05,5.6632e-05,7.5633e-05,6.8675e-05,4.412e-05,-4.002e-05,6.0398e-05,-1.8181e-05,2.6001e-05,5.9598e-05,5.8712e-05,-3.866e-06,-2.8729e-05,6.948e-05,2.8281e-06,2.8255e-05,2.5724e-05,5.2612e-05,7.8722e-05,4.8529e-05,4.8638e-06,1.5699e-05,-1.5529e-05,5.904e-05,7.0866e-05,-2.5345e-05,2.5781e-05,-3.8845e-05,2.7032e-05,3.9647e-05,3.394e-05,5.1384e-05,4.4194e-05,7.8299e-05,-8.6515e-06,4.7211e-05,-2.7341e-05,4.674e-05,1.8066e-05,0.00010557,8.2335e-05,5.729e-05,7.646e-05,2.9512e-05,0.00020519,-1.5491e-05,1.909e-05,3.6856e-05,4.3622e-05,0.000128,6.6106e-06,3.3973e-05,-8.9396e-06,0.00013029,4.5829e-05,-1.0256e-05,4.7062e-05,1.813e-05,4.4781e-05,1.3644e-05,5.318e-05,-1.7656e-05,4.1594e-05,1.3227e-05,-1.9319e-05,-1.276e-06,3.0565e-05,-0.00012591,4.496e-05,-3.0269e-05,-7.6364e-05,2.0261e-05,2.0676e-05,-9.0403e-06,-4.9851e-05,6.0237e-06,5.5497e-05,2.2944e-05,3.2529e-06,2.6119e-05,-1.3742e-05,5.5695e-06,0.00015257,7.838e-05,5.3407e-05,5.6487e-05,1.5736e-05,6.4506e-05,5.4069e-05,-8.606e-05,2.5841e-05,3.0274e-05,4.0209e-05,3.461e-05,5.5829e-05,-3.0514e-05,3.5564e-05,2.5175e-05,4.3789e-05,8.7195e-05,5.4219e-05,-2.4903e-05,5.0919e-05,4.8781e-05,9.6169e-05,3.1882e-05,4.0138e-05,7.8792e-06,1.1538e-05,1.0187e-05,7.1455e-05,9.7499e-06,5.74e-05,2.5619e-05,-4.0087e-05,7.2872e-05,-9.8249e-05,-6.9355e-05,5.7038e-06,-1.8558e-05,1.2071e-05,2.9331e-05,4.5059e-05,-1.9441e-05
0.00018491,7.9331e-05,7.2677e-05,0.00015617,6.5984e-05,2.6549e-05,2.5846e-05,5.3197e-05,6.7769e-05,0.00010142,5.4961e-05,9.5085e-05,3.9257e-05,0.00011062,4.8302e-05,5.1788e-05,2.643e-05,0.00010446,6.6645e-05,8.7289e-05,1.3523e-05,0.00012959,6.0001e-05,0.00014594,6.3946e-06,6.1865e-05,8.8109e-06,7.6312e-05,9.9443e-05,3.9266e-05,0,0.00011767,5.2091e-05,7.0435e-05,3.9417e-05,8.2939e-05,2.3441e-05,8.118e-05,6.7683e-05,6.8103e-05,2.3339e-05,3.2526e-05,5.137e-05,0.0001215,2.2106e-05,9.7409e-05,5.511e-05,6.13e-05,3.787e-05,-5.7802e-05,6.7802e-05,9.5986e-05,5.0562e-05,3.3942e-05,5.033e-05,2.0791e-05,-2.1724e-05,-2.1689e-05,6.312e-05,1.8385e-05,2.0644e-05,8.1223e-05,2.2587e-05,4.8874e-05,6.0747e-05,0.00018877,6.1422e-05,7.2496e-06,2.6269e-05,3.8683e-05,3.2394e-05,9.2914e-05,0.00011523,8.6004e-05,4.434e-05,8.2386e-05,1.5037e-05,5.3478e-05,2.755e-05,0.00010034,7.2048e-05,6.2374e-05,4.0511e-05,5.671e-05,4.9272e-05,6.4756e-05,3.0656e-05,4.657e-05,5.1511e-05,5.5656e-05,-3.9251e-06,3.5255e-05,3.6205e-05,7.4582e-05,3.9033e-05,1.0798e-05,3.1371e-06,1.3758e-05,1.7383e-06,7.0817e-05,8.9924e-05,6.9894e-05,6.0643e-05,2.9288e-05,3.9884e-05,5.3859e-05,2.9617e-05,8.6354e-05,3.095e-05,7.9209e-05,-3.8771e-05,4.153e-05,5.7399e-05,5.466e-05,8.2273e-05,9.5521e-05,3.037e-05,0.00012052,9.0051e-05,4.5383e-05,0.00013494,-2.7473e-05,9.7561e-05,0.00012144,1.5554e-06,-1.1458e-05,6.201e-05,5.9642e-05,-2.0382e-06,0.00012499,8.6399e-05,-1.9234e-05,2.7991e-05,5.3327e-05,4.9654e-05,4.2285e-05,0.0001121,3.2884e-05,5.7518e-05,6.2469e-05,1.9435e-06,0.00012397,8.5864e-05,6.8839e-05,1.5471e-05,4.0442e-05,8.8619e-06,5.5819e-05,5.8361e-05,8.0996e-05,5.2398e-05,1.3021e-05,8.0624e-05,6.1224e-05,7.6281e-05,3.6877e-05,4.4562e-05,1.9118e-05,-3.869e-05,9.4818e-05,9.5085e-05,9.0942e-05,4.0965e-05,5.7245e-05,2.5427e-05,6.9367e-06,7.3247e-05,3.9319e-05,6.0897e-05,9.7501e-05,8.2964e-05,-1.177e-05,6.2765e-05,7.5005e-05,-2.7939e-05,6.1214e-05,-1.0386e-05,3.6473e-05,0.00012895,7.7244e-05,7.4527e-05,9.2955e-05,8.6968e-05,6.6659e-05,1.506e-05,5.281e-05,3.8369e-05,4.0969e-06,5.702e-05,8.6968e-05,0.00010629,6.8772e-05,-5.4633e-05,9.3153e-05,5.1139e-05,3.0676e-05,-3.7118e-05,7.4342e-05,6.2437e-05,2.3974e-05
0.00019703,0.00011581,0.00012079,0.00018737,0.00011608,0.00014071,-3.8272e-05,0.0001142,6.9276e-05,0.00011468,0.00016661,9.6198e-05,0.0001106,4.8302e-05,0.0003341,9.5611e-05,5.7947e-05,8.9446e-05,0.00014771,0.00017541,7.7394e-05,-9.5679e-06,0.00018572,0.00020273,0.00016897,7.8822e-05,5.8379e-05,0.00012577,0.00013856,0.00018277,0,3.5292e-05,9.7577e-05,0.00013865,0.00010753,0.00014067,-4.2989e-05,8.3828e-05,-0.00011623,0.00012658,0.00011484,5.1566e-05,0.00010092,0.00027553,0.0001049,0.00015718,6.1953e-05,0.00019009,4.0063e-05,-2.6656e-05,8.0901e-05,0.00014273,5.0705e-05,0.00011679,0.00011198,-1.8374e-05,0.00015358,1.0722e-05,0.00010526,8.0718e-05,0.00011474,-4.3054e-05,0.00024067,0.00015794,0.00022536,0.00014262,0.00012952,0.0001316,8.5792e-05,7.0447e-05,9.1051e-05,0.00014933,5.786e-05,0.00019567,0.00011878,-0.00010703,-3.7331e-06,0.00012717,0.00010042,0.00023756,9.019e-05,0.000143,0.00011797,2.1081e-05,0.00012502,7.1362e-05,0.00010535,0.00010683,5.4622e-05,7.4445e-05,0.00029615,0.0001121,0.00010629,0.0001261,6.8044e-05,0.00011276,8.9574e-06,5.117e-05,5.6279e-05,0.00019534,8.676e-05,-5.9102e-06,6.2689e-05,-7.0067e-05,5.3655e-05,0.00014771,0.00012264,0.00011481,0.00012387,0.00018068,0.00022909,2.5317e-05,4.6414e-05,0.00013581,0.00017963,0.00011666,0.00012247,6.7123e-05,0.00020431,1.3004e-05,0.00025055,3.0784e-05,4.8779e-05,3.4346e-05,0.00013095,4.5933e-05,9.4985e-05,0.00012194,8.3791e-05,0.00023223,0.00013505,4.758e-05,0.00012651,4.2201e-05,3.8955e-05,0.00022956,0.00014074,7.629e-05,5.5576e-05,0.00012301,-1.93e-05,0.00016963,0.00014328,3.688e-05,7.4246e-05,0.00010459,-0.00012532,0.0001558,0.00016973,4.5233e-05,0.00012148,3.7507e-06,5.2341e-05,5.1499e-05,5.6708e-05,8.858e-05,-7.4731e-06,7.0694e-05,0.00011111,0.0001539,0.00020226,6.9763e-05,0.00013715,2.2798e-05,0.00011693,0.00024023,8.6725e-05,0.00014244,5.8677e-05,0.00035239,0.00023471,-5.5297e-05,0.00013476,0.00010369,0.00010701,0.00012549,0.00017826,-2.6786e-05,0.00023785,0.00012217,0.00017592,0.0001777,9.5525e-05,-7.8645e-05,5.2825e-05,0.00011575,6.9016e-05,9.1764e-05,8.3746e-05,0.00011694,0.00016545,0.00012925,3.3392e-05,0.00018748,-1.3241e-05,4.2893e-05,9.5075e-05,7.5183e-05,8.3247e-05,6.7005e-05
4.3982e-05,5.7226e-05,4.9109e-05,8.4832e-05,1.1963e-06,7.7788e-06,4.2809e-06,4.2071e-05,-2.3506e-05,6.7331e-05,6.57e-05,5.1893e-05,5.9283e-05,5.1788e-05,9.5611e-05,0.00011455,2.7024e-05,6.1881e-05,4.2124e-05,7.9567e-05,-4.4066e-05,5.0618e-05,0.00013317,2.6268e-05,5.5374e-05,6.2762e-05,8.1861e-07,0.00010064,4.0409e-05,7.3919e-05,0,8.2922e-05,1.285e-05,3.2597e-05,6.7229e-06,8.52e-05,-5.2201e-06,3.2803e-05,2.3248e-06,4.7781e-05,4.1963e-05,3.1957e-05,7.0446e-05,9.3409e-05,1.5348e-05,4.9636e-05,4.3408e-05,2.6126e-05,1.1181e-06,2.9923e-06,3.6315e-05,5.3496e-05,4.807e-05,5.8236e-05,6.0447e-05,-3.5765e-05,-2.393e-05,4.0288e-06,6.0039e-05,4.4742e-05,5.3439e-05,-5.5309e-05,3.7981e-06,-3.0877e-05,4.9975e-05,4.0231e-06,7.5283e-05,1.1345e-05,5.8659e-05,1.3906e-05,5.742e-05,8.0314e-05,-1.6355e-06,6.993e-05,7.9253e-05,8.593e-05,-8.3713e-06,6.0702e-05,2.6947e-05,0.00010397,4.1405e-05,5.0791e-05,1.9231e-05,1.2492e-05,4.3419e-05,4.3679e-05,6.9349e-05,3.7023e-05,1.6803e-05,4.9206e-05,5.2399e-05,7.0583e-05,2.7876e-05,5.2643e-05,3.8573e-05,-3.3185e-06,5.0674e-06,-4.0492e-06,-9.2961e-06,5.0464e-05,9.7364e-05,-4.293e-06,3.2289e-05,-1.1765e-05,6.0257e-05,-1.7261e-05,4.0785e-05,2.2031e-05,6.6461e-06,9.8291e-05,-1.3787e-05,3.8824e-05,4.2828e-05,5.5349e-05,6.9214e-05,3.2563e-05,8.438e-05,9.2979e-05,9.2917e-05,2.4972e-05,0.00012489,-1.3799e-05,1.6411e-05,4.3102e-05,2.1187e-05,1.9629e-06,4.695e-05,1.3318e-05,2.0996e-05,7.1188e-05,6.0761e-05,3.2946e-06,4.4405e-05,3.3778e-05,5.6744e-05,8.3441e-05,7.4198e-05,3.0706e-05,5.6016e-05,5.4746e-05,-1.0996e-05,5.721e-05,4.2792e-05,2.3242e-05,5.1934e-05,-2.6501e-05,-7.5198e-05,5.6762e-05,2.9677e-05,2.1999e-05,6.5054e-05,6.8519e-06,8.5387e-05,1.9163e-05,2.2656e-05,2.9674e-05,-1.6832e-06,2.7772e-06,-1.2645e-05,9.0433e-05,6.3501e-05,4.7274e-05,2.5828e-05,3.5401e-05,4.7176e-05,-5.9786e-06,5.0557e-05,5.5064e-05,4.5024e-05,0.00010016,6.146e-05,5.2665e-06,3.3199e-05,5.1574e-05,-1.7161e-06,7.3004e-05,7.955e-05,-3.0785e-05,9.0703e-06,5.5763e-05,5.5245e-05,5.301e-05,6.169e-05,-5.0874e-06,2.6665e-05,4.2438e-05,5.4003e-05,4.0403e-05,2.0722e-05,4.7562e-05,4.7517e-05,7.8045e-05,-6.887e-05,-8.8719e-06,-1.0824e-06,1.3967e-05,-7.5341e-05,5.8748e-05,7.6148e-05,1.8404e-05
0.00023322,2.4686e-05,3.8078e-05,9.1748e-05,9.2179e-05,0.00010246,-2.3861e-06,6.5544e-06,-8.4576e-06,8.158e-05,0.00012195,5.9263e-05,3.0946e-05,2.643e-05,5.7947e-05,2.7024e-05,0.00021394,-3.2655e-05,6.1112e-05,0.00012148,0.00017309,-4.0258e-05,0.00022861,0.00020297,0.00019012,2.6596e-05,-6.2171e-06,5.1168e-05,3.8419e-05,0.00010394,0,-1.478e-05,3.5428e-05,0.00010002,5.3496e-05,4.7522e-05,-0.00011694,7.9159e-05,0.00011849,1.5206e-05,2.3675e-06,1.4931e-05,2.3275e-05,3.7904e-05,2.1387e-05,1.9867e-05,-6.2592e-05,3.878e-07,1.3227e-05,-7.979e-05,4.3647e-05,6.479e-05,4.147e-05,3.7353e-05,4.1276e-05,5.4833e-05,0.00021089,0.00010742,5.6245e-05,8.0265e-05,4.4989e-05,-1.5106e-05,-9.9145e-05,8.3875e-05,9.0415e-05,0.00015987,4.0493e-05,2.8861e-06,-5.7175e-06,1.3396e-05,1.2898e-05,6.268e-05,-5.5771e-05,0.00010228,4.6108e-05,-0.00010261,4.5515e-05,4.9741e-05,2.7215e-05,6.9931e-05,6.8244e-05,5.0719e-05,6.6605e-05,3.6763e-05,4.5906e-05,1.1311e-05,8.5222e-05,4.1123e-05,-1.6218e-06,1.4104e-05,4.0978e-05,4.2095e-05,3.3731e-05,2.719e-05,-1.6449e-05,3.2505e-05,-3.9799e-06,-2.9247e-05,5.2877e-05,4.1016e-05,4.2993e-05,0.00011316,2.2478e-05,-2.0587e-05,1.2306e-05,-7.7577e-05,3.0581e-05,0.00015518,6.217e-05,5.4621e-05,5.94e-05,5.5855e-05,3.2319e-05,5.0897e-05,7.2524e-05,-4.0832e-06,5.069e-05,-1.7293e-05,2.8006e-05,5.1198e-06,2.1857e-05,-0.00021305,-1.2245e-05,6.582e-05,9.3469e-05,4.9154e-05,8.7654e-05,4.3274e-05,-4.2505e-05,0.0001174,1.264e-05,9.3491e-05,9.6551e-05,-9.3449e-06,9.7773e-06,7.3174e-05,4.0014e-05,-8.0181e-05,1.4814e-05,7.3941e-05,-3.9434e-06,8.8306e-05,4.0097e-05,3.818e-05,1.0453e-05,4.0298e-05,-6.8408e-05,3.8022e-05,3.5055e-05,3.1272e-07,0.00010465,3.0461e-06,9.7989e-06,6.477e-05,2.1259e-05,2.7141e-05,-0.00012966,1.401e-05,0.00011335,5.6355e-05,8.8479e-05,6.8945e-05,8.5326e-05,-3.2613e-05,3.5169e-05,-2.8329e-05,6.1557e-05,9.0512e-05,4.8339e-05,0.00025503,5.2336e-05,2.0678e-05,1.9396e-06,8.6557e-05,-6.9783e-05,3.1458e-05,0.00017233,-0.00014259,0.0001876,3.5379e-05,7.6778e-05,8.0264e-05,2.1936e-05,9.5857e-05,3.0883e-05,2.8741e-05,1.5015e-06,1.1441e-05,3.3849e-05,7.1197e-05,0.00019597,4.1143e-05,-1.7816e-05,0.00015006,7.5975e-05,9.2839e-06,-9.5905e-05,1.2193e-05,1.1046e-05,0.000121
0.00033957,0.00013582,4.7648e-05,0.00021312,0.00010245,6.9306e-05,-1.1656e-06,0.00012348,0.00013414,0.00014565,9.3861e-05,6.9325e-05,4.9195e-05,0.00010446,8.9446e-05,6.1881e-05,-3.2655e-05,0.00022735,9.3437e-05,0.00010688,8.6146e-05,0.00025563,0.00010374,0.00022607,4.3387e-05,8.8332e-05,4.6604e-05,0.00012292,0.00013964,8.7942e-06,0,0.00017665,7.5024e-05,0.00012983,8.7183e-05,7.1918e-05,0.00016107,7.6016e-05,0.00010992,5.988e-05,4.4357e-05,2.9732e-05,7.2393e-05,0.00018058,5.4783e-05,9.0093e-05,0.0001203,0.00011932,9.4006e-05,7.724e-05,0.00012874,9.8695e-05,3.422e-05,3.2358e-05,6.407e-05,5.6007e-05,-3.7182e-05,-1.7253e-05,7.1186e-05,6.365e-05,3.744e-05,0.00012835,7.2972e-05,7.5175e-05,0.00010441,0.00029104,5.195e-05,4.7239e-05,6.8645e-05,7.27e-05,2.9452e-05,0.00017605,0.00019185,0.00010454,8.3009e-05,0.00010563,1.2705e-05,6.1366e-05,5.3811e-06,0.00013467,7.3184e-05,0.00010216,1.0186e-05,5.2031e-05,7.3396e-05,0.00011408,7.0119e-05,9.3998e-05,2.0273e-05,8.9466e-05,4.2764e-05,4.0866e-05,8.198e-05,0.00012901,4.6072e-05,2.5479e-05,1.1439e-05,5.0861e-05,-1.1281e-05,0.00010037,0.00010667,5.4983e-05,0.0001004,4.4701e-05,6.3285e-05,9.1571e-05,4.6531e-05,0.00014799,5.3116e-05,0.00012458,-1.547e-05,6.7297e-05,1.0457e-05,9.4268e-05,8.4488e-05,0.00017014,4.2175e-05,0.00015917,0.00017645,3.1429e-05,0.00031853,0.00013606,0.0001504,0.00010855,-1.2985e-05,-2.3742e-05,7.4407e-05,6.0495e-05,3.8884e-05,0.00015975,0.00012479,-3.2975e-05,3.9103e-05,6.7555e-05,6.6952e-05,5.3429e-05,0.00014775,0.00011665,7.2426e-05,7.6099e-05,2.8428e-05,0.00020351,0.00010424,0.00011166,2.8572e-05,4.1513e-05,1.2181e-05,9.6483e-05,0.00018534,0.00013053,5.6792e-05,7.9385e-06,0.00016101,2.4694e-05,7.4322e-05,6.187e-05,0.00014635,3.9292e-05,-8.4721e-05,0.00010639,8.8703e-05,8.9489e-05,5.2974e-05,8.7584e-05,5.2284e-05,2.8495e-05,6.1933e-05,6.2059e-05,5.7513e-05,0.00012372,0.00015774,3.2284e-06,7.2412e-05,8.1623e-05,-2.8723e-05,3.4643e-05,-6.2712e-05,7.6198e-05,0.00040077,9.3211e-05,0.00010751,0.00012665,0.00019376,4.8479e-05,4.3439e-05,6.4966e-05,4.5617e-05,7.1428e-06,4.3112e-05,8.6919e-05,0.00012913,8.2394e-05,-8.6805e-05,0.00010645,0.00012108,5.0418e-05,5.0609e-05,0.00013572,7.984e-05,3.1263e-05
