0.00059008,-0.00015916,-0.00010269,-6.8984e-05,3.2116e-05,0.000301,-4.745e-05,-8.5139e-05,0.00010121,2.4363e-05,5.4607e-05,0.00037805,-6.3836e-05,-7.0498e-07,0.00012851,-4.182e-05,8.2518e-05,-5.3213e-05,-6.5954e-05,3.9084e-05,4.2173e-05,-5.6521e-05,0.00010058,0.00045516,9.7663e-05,-5.1615e-05,8.832e-05,-0.0001678,0.00014574,-2.3454e-05,0,-0.00013797,7.4809e-05,0.00020433,6.3279e-05,-3.5784e-05,0.00030758,-5.4329e-05,0.00029691,5.8342e-05,-6.5398e-05,7.0775e-05,-0.00010474,-5.3611e-05,2.3465e-05,7.9862e-05,-0.00010923,-4.786e-05,1.6131e-05,0.00029241,8.209e-05,-0.00014767,-0.00017021,5.5827e-05,5.9424e-06,-7.7788e-05,0.00018662,0,8.3164e-05,-0.00027681,0.00020611,0.00031464,-3.3201e-05,0.0001413,7.6649e-05,0.00053064,2.7587e-05,-2.3009e-06,1.4836e-05,3.3814e-05,2.7846e-05,-4.9726e-05,-0.00018851,0.00026422,4.8158e-05,0.00010309,6.0108e-05,6.0358e-05,7.3515e-05,4.2722e-05,-3.457e-05,-8.6539e-05,9.2291e-05,4.1838e-05,6.4763e-05,2.4506e-05,-0.00014499,0.00025061,3.2212e-05,2.3506e-05,-9.5071e-05,2.411e-05,0.00029603,-4.112e-05,-9.0796e-05,-1.0871e-05,-5.4176e-05,-1.6423e-05,4.8696e-05,7.2914e-05,6.8734e-06,9.7923e-06,0.00010574,0.00010309,-0.00014783,0.00022274,-3.4678e-05,-2.4301e-05,8.2826e-05,5.3592e-05,-3.7058e-05,-1.8289e-05,1.3052e-05,3.3918e-05,-3.0892e-05,-0.00014312,3.7915e-05,3.8371e-05,8.5544e-06,-5.1925e-05,-0.00012143,-7.4827e-05,2.3387e-05,0.00053687,3.829e-05,-1.1463e-05,-2.5852e-05,-0.00010327,0.00019169,-4.2951e-05,-9.3539e-05,0.00023259,-0.0001004,0.00013033,-0.00020742,0.00015738,0.00017763,-0.00024186,-0.00016184,0.00012111,0.0001209,0.00039748,0.00031389,0.00013498,-2.0658e-05,0.00011195,0.00024212,-2.3458e-05,-5.6037e-06,0.00012134,-0.00026422,-2.7169e-05,6.5222e-05,6.1545e-05,3.8836e-05,-7.9109e-05,5.3258e-05,1.3737e-05,2.4605e-05,-4.8482e-06,7.0794e-06,0.00016318,0.00015494,8.4727e-05,4.7184e-05,0.00010553,2.3759e-05,0.00048122,-4.1627e-05,0.00017086,4.1047e-05,-1.2829e-05,-7.5166e-05,1.3363e-05,-3.6056e-05,0.00024217,8.943e-05,-4.3554e-05,0.00056614,2.2183e-05,5.4798e-05,0.00016259,-7.592e-05,-4.4883e-05,-3.9384e-06,-0.00012338,-0.00010063,6.1601e-05,-0.00017559,7.7973e-05,0.00091034,-1.7669e-05,7.9859e-05,0.00036696,0.00048519,-6.0051e-05,1.3353e-05,-1.2622e-05,4.4416e-05,-2.616e-05
-0.00015916,0.00017385,8.0066e-06,2.4827e-05,-2.2163e-05,-8.2324e-05,2.2763e-05,-1.251e-05,-6.9458e-05,-6.5968e-05,1.5338e-06,-8.528e-05,1.1091e-05,-5.9549e-06,-5.0595e-05,4.2279e-05,7.9911e-05,2.9051e-05,4.8593e-05,8.6166e-06,1.1414e-05,5.1867e-05,-0.0001156,-0.00015603,1.4784e-05,4.162e-05,3.9416e-05,-2.5068e-05,-5.9179e-05,1.3357e-05,0,2.6592e-05,-7.9564e-07,-1.8538e-06,7.1609e-06,5.2098e-05,-0.00030277,-7.8349e-06,-6.2283e-05,3.5201e-05,1.0832e-05,-4.2698e-05,9.8133e-05,4.4088e-05,5.1405e-05,-1.0611e-05,1.0538e-05,2.6131e-05,-4.1011e-05,-7.2339e-05,-6.3966e-05,5.656e-05,0.00016826,1.3829e-05,2.5145e-05,-5.4829e-05,-0.000107,0,-7.2871e-07,6.8273e-05,-8.4657e-05,-0.00024457,1.8345e-05,-4.722e-05,-3.5673e-05,-0.00022287,1.2509e-05,-2.4697e-07,1.5237e-05,5.452e-05,-3.0323e-05,4.2061e-05,-5.2228e-06,2.5557e-05,2.7935e-05,-5.1427e-05,-2.0544e-05,2.5955e-05,-3.5249e-05,-9.9626e-07,-1.269e-05,4.3373e-05,-1.2393e-05,2.7584e-05,2.6287e-05,-4.7277e-05,8.0733e-06,-5.5529e-05,-5.438e-05,8.4906e-06,3.4368e-05,1.5513e-05,-3.5784e-05,-1.4412e-05,0.00012613,9.4786e-06,-3.4825e-05,-3.9144e-05,-4.3619e-05,1.8708e-05,-2.3505e-05,2.6719e-05,-1.5896e-05,-4.8072e-05,8.168e-05,-6.118e-05,3.8451e-05,3.601e-05,-1.4669e-07,-2.6512e-06,-3.3911e-05,5.5186e-05,-2.4718e-05,-3.8985e-05,4.3258e-05,2.7068e-05,-3.0471e-05,-1.6472e-06,-1.4978e-05,1.367e-05,5.484e-05,4.4754e-05,2.1231e-05,-0.00015093,6.2458e-06,-8.2671e-05,3.7614e-05,3.7235e-05,-5.6247e-05,3.652e-05,5.0557e-05,-6.5597e-05,3.8236e-07,-3.1867e-05,8.4161e-05,-5.9661e-05,-5.304e-05,-4.0437e-05,5.504e-05,-6.0796e-05,-3.7149e-05,-0.00014562,-5.0967e-05,-5.0498e-05,1.2193e-05,-7.3123e-05,-0.0001659,1.7532e-06,-2.6455e-05,-3.2334e-05,6.6809e-05,7.3335e-05,-6.059e-06,3.7635e-05,2.7907e-05,-2.4458e-06,-8.6406e-05,2.2349e-05,3.0017e-05,2.0869e-05,1.9486e-05,-3.1069e-05,-4.9136e-05,-5.6806e-05,3.3002e-05,1.1771e-05,5.0205e-05,-0.00017937,4.381e-05,-0.00012293,1.5087e-05,4.1569e-06,3.8988e-05,-1.2878e-05,-6.4174e-06,-2.9602e-05,-3.6499e-05,-2.6756e-06,-0.00021487,3.0371e-05,-5.2913e-05,-3.9028e-05,3.9409e-05,-2.2727e-05,3.1433e-05,-2.9135e-05,6.9362e-05,8.9977e-06,4.8467e-05,3.2336e-05,-0.00052474,-7.9027e-06,-1.6013e-05,-9.6253e-05,-9.8895e-05,6.059e-05,4.4567e-05,-2.0481e-05,-3.2954e-05,4.0051e-07
-0.00010269,8.0066e-06,0.00010628,9.0831e-06,2.1117e-05,3.9202e-05,-4.5547e-06,4.0766e-05,4.4875e-05,-1.4762e-05,1.2673e-06,-4.3532e-05,2.2384e-05,6.0247e-05,-4.2034e-06,2.3244e-05,-3.0778e-05,4.2506e-05,3.34e-05,7.2898e-06,4.437e-05,5.8264e-05,-3.6262e-06,-4.5258e-05,-5.3821e-05,6.4576e-07,2.7642e-05,4.2845e-05,1.2954e-05,3.5924e-05,0,3.6809e-05,-2.2261e-05,-5.6739e-05,4.6892e-06,7.6739e-05,2.928e-06,5.2564e-05,-1.5257e-05,4.5264e-06,2.0259e-06,2.9437e-05,7.3256e-06,2.9575e-05,-1.0872e-05,1.6671e-05,-4.5017e-06,-4.1445e-05,2.4999e-05,-3.8517e-05,-1.5797e-05,8.703e-05,-5.7495e-05,-9.9698e-06,4.2523e-05,4.1382e-05,5.9419e-05,0,-8.8374e-06,-3.9212e-05,4.0876e-05,-3.8929e-05,1.7813e-05,6.6565e-06,9.2452e-06,-5.0679e-05,9.7235e-06,2.4109e-05,-1.347e-05,-2.9496e-05,2.68e-06,2.1391e-05,3.3526e-05,-5.3378e-05,-3.9496e-06,-3.1638e-05,-1.4179e-06,3.4689e-06,-1.4289e-05,1.3929e-05,-3.1139e-05,-3.2876e-05,1.1447e-05,-1.2828e-05,7.0063e-05,2.5908e-06,2.762e-05,7.1052e-07,1.3428e-05,-1.8422e-05,4.134e-05,-1.0299e-05,-1.7491e-05,3.2131e-05,3.4521e-06,-2.2024e-05,3.5639e-05,4.5982e-05,-1.5985e-05,1.6727e-05,-2.7879e-05,0.00010273,1.7049e-05,2.3639e-05,3.0889e-05,3.5541e-05,9.8387e-06,2.8613e-05,-3.617e-05,-2.4858e-05,2.5928e-07,2.6478e-05,-1.1722e-05,2.5528e-05,1.2759e-05,1.6775e-05,-3.1104e-05,9.6979e-06,-2.5339e-05,2.841e-05,5.3722e-06,0.00011638,3.2662e-05,-6.8144e-05,8.4531e-06,-1.9373e-05,1.9615e-05,2.5442e-05,-4.5648e-05,2.694e-05,5.4656e-05,3.8607e-05,-4.5351e-06,-1.7531e-05,5.3217e-05,-1.8068e-05,2.5065e-05,0.00011187,3.5503e-05,6.7724e-06,-5.8818e-06,-3.9065e-05,-3.5294e-05,-5.0471e-05,1.8092e-05,-2.6113e-05,-6.8819e-05,1.716e-05,1.5745e-05,1.0966e-06,-4.8431e-06,3.8726e-05,2.7073e-05,2.3513e-05,9.6648e-06,1.6953e-05,-4.1512e-06,4.0002e-06,-1.4397e-05,1.2315e-07,4.1382e-06,-5.296e-05,2.2118e-05,-2.9441e-05,-1.463e-05,-0.00010211,-4.146e-06,3.2556e-06,2.425e-05,-1.584e-05,8.9711e-06,-3.0017e-08,1.1404e-06,2.1784e-05,-2.3281e-05,-9.3515e-05,3.7141e-05,1.6513e-06,-5.1522e-05,3.0487e-05,1.7744e-05,-1.1224e-05,2.4583e-05,9.0043e-06,-7.3625e-07,3.9251e-05,3.6192e-05,-1.4859e-05,4.2801e-05,1.5191e-05,-0.00016034,5.4336e-05,8.1135e-06,3.17e-05,-5.9718e-05,-7.5917e-06,8.3989e-05,1.753e-05,7.6779e-06,1.4961e-05
-6.8984e-05,2.4827e-05,9.0831e-06,0.00025297,-3.8828e-05,1.8865e-05,-3.0669e-05,7.4027e-05,4.4635e-05,5.9075e-06,0.00010171,-1.6652e-05,-3.9147e-05,4.1166e-05,-3.5865e-06,5.2246e-05,4.6177e-05,6.7491e-05,-4.6444e-05,3.9931e-05,0.00011167,7.1882e-05,1.8479e-05,-7.0754e-05,-9.2507e-05,1.3787e-06,1.5267e-05,9.8649e-05,6.651e-06,5.0276e-05,0,5.4453e-06,0.00011686,1.9774e-05,5.2952e-05,5.3881e-05,-1.1071e-06,-4.8061e-05,-0.00011328,-1.5572e-06,2.8027e-05,1.2829e-05,6.6607e-05,-2.4353e-05,1.6185e-05,-5.4565e-05,-1.0987e-05,-7.2975e-05,6.8166e-06,2.3732e-05,3.4582e-05,0.00010155,0.00016703,3.2751e-05,1.4245e-06,2.3035e-05,0.00018438,0,-1.9261e-05,2.811e-05,9.6564e-05,-0.0001097,8.5435e-06,2.4108e-05,6.0952e-05,-9.8432e-05,-8.3282e-05,1.2623e-05,-2.0142e-05,1.6752e-06,7.9097e-05,4.0615e-05,3.3342e-05,2.0436e-05,4.0832e-05,1.6954e-06,-1.9174e-05,8.9549e-05,-2.7386e-05,3.1909e-05,2.5776e-05,5.5265e-05,3.2197e-05,-1.8438e-05,6.7466e-05,6.4559e-05,8.1645e-05,-2.0751e-05,-2.0842e-05,4.4699e-05,6.3865e-05,-2.1208e-05,-0.00013026,6.7153e-05,-5.5857e-05,-5.7063e-05,4.1239e-05,1.9444e-05,5.3681e-06,0.00010428,9.3016e-05,9.6376e-05,3.4028e-05,6.8047e-05,1.305e-05,-3.9885e-05,7.0548e-05,1.381e-05,5.4213e-06,-7.6304e-06,-3.6252e-05,5.6538e-05,-6.813e-05,3.5642e-05,4.7277e-05,4.0411e-05,-6.5065e-05,5.8608e-05,2.9676e-05,1.5755e-05,5.5094e-05,2.8578e-06,4.3488e-05,-3.323e-05,7.2292e-05,9.4838e-07,-1.9796e-05,5.442e-06,2.8876e-06,5.3615e-05,0.00014783,6.6592e-05,-2.6682e-05,6.1078e-06,4.5981e-06,1.8229e-05,-1.2731e-05,-3.2174e-05,2.3821e-05,-9.673e-06,-8.5164e-05,-7.6314e-05,7.7673e-05,4.8152e-05,5.3346e-06,3.6147e-05,-9.3012e-05,9.8701e-05,8.1005e-05,-1.2804e-05,8.8612e-06,6.5273e-05,6.6205e-05,0.00010345,7.2167e-05,1.3692e-05,8.1467e-05,3.2841e-06,1.3417e-05,1.015e-05,1.0347e-05,5.2687e-05,4.0253e-05,1.3866e-06,2.0231e-05,-5.5398e-05,4.0707e-05,-1.5091e-05,-5.7674e-05,-1.6083e-06,-4.6358e-06,2.5883e-05,7.9539e-06,7.0873e-05,3.0708e-05,-3.7215e-05,-8.3491e-06,-6.123e-06,-4.6187e-06,1.4078e-05,2.8846e-05,-1.5019e-05,8.018e-05,-1.9231e-06,6.7437e-05,4.5509e-05,2.4997e-05,-5.6441e-06,2.9931e-05,9.2605e-05,-0.00013331,4.8659e-05,5.7293e-05,-0.00010057,-6.8268e-05,-5.2131e-05,2.5129e-05,6.4903e-05,2.6741e-05,8.6949e-05
3.2116e-05,-2.2163e-05,2.1117e-05,-3.8828e-05,0.00018218,4.1851e-05,-1.2672e-05,-1.8589e-05,1.5097e-05,-1.839e-05,1.6925e-05,8.7488e-05,-4.8006e-05,-2.636e-05,1.8603e-05,-1.0274e-05,5.8264e-06,1.5821e-05,-3.553e-05,4.1981e-05,7.436e-06,-1.9396e-05,9.7175e-05,7.2025e-05,4.6069e-05,8.2489e-06,-7.7729e-06,1.0485e-05,6.5595e-05,1.7382e-05,0,1.2895e-06,9.795e-05,1.7876e-05,-1.4929e-05,8.7906e-05,4.95e-05,4.6842e-05,0.00010949,2.7076e-06,8.0488e-06,3.8738e-06,-2.5364e-05,-7.7446e-06,1.0207e-05,1.5628e-05,-1.899e-05,5.1603e-05,6.4476e-06,1.2873e-05,4.1653e-05,-3.6162e-05,-0.00012856,1.6098e-05,-5.332e-05,6.7808e-05,-1.1685e-05,0,5.0922e-06,-0.00016159,7.118e-05,3.9006e-06,-1.4906e-05,5.7897e-05,4.7488e-05,3.7933e-05,-1.9654e-05,6.6593e-06,6.8076e-05,1.7228e-05,-4.0763e-05,2.7206e-06,4.6343e-05,0.00016003,2.4047e-05,3.3868e-05,-4.7435e-05,-1.4839e-05,-4.6678e-05,-1.2233e-05,-5.6273e-05,-6.3226e-05,-3.9787e-05,-2.8112e-05,-4.4982e-05,-6.2988e-05,-4.1556e-05,0.00010376,1.7269e-05,1.15e-05,3.8898e-05,6.1697e-05,0.00010688,-5.7763e-05,3.6265e-05,-3.2609e-05,1.3568e-05,2.757e-05,1.0507e-06,1.8211e-06,-3.1955e-05,-2.25e-05,6.0202e-06,-5.0762e-05,7.7701e-05,5.5363e-05,1.0644e-05,-2.5601e-05,1.1055e-05,1.0954e-05,1.4471e-05,-2.4109e-05,3.6214e-05,-1.5672e-06,5.9753e-06,-3.155e-06,-8.6259e-05,2.8294e-05,0.00010117,8.0634e-06,-7.4162e-06,-4.2844e-06,3.4397e-06,3.9505e-05,-4.8267e-05,9.255e-06,-6.5901e-06,-4.5269e-05,1.2535e-05,-1.9712e-05,-2.1382e-05,9.0001e-06,2.1099e-05,4.3936e-05,-1.4115e-06,-5.5761e-06,3.9916e-05,4.6612e-05,-1.536e-05,1.2825e-05,3.8422e-05,5.1932e-05,3.1949e-05,1.2956e-05,4.4715e-05,9.8796e-06,-4.0996e-05,-1.3496e-05,-4.169e-05,3.9593e-05,-0.00012098,-3.811e-05,0.00012418,-5.2398e-05,-3.7096e-05,-1.7528e-05,2.0379e-05,5.713e-05,6.8874e-05,-3.2669e-05,3.7069e-06,1.9662e-05,9.2371e-06,-4.3354e-05,2.622e-05,-1.265e-05,4.0117e-05,7.5823e-05,3.7151e-05,3.0916e-05,3.152e-05,2.7279e-05,-1.5214e-05,2.1192e-05,-1.0835e-05,8.4787e-06,9.7862e-05,7.4819e-05,0.00026552,5.1642e-06,7.1365e-05,7.1326e-05,-1.5974e-05,-2.0599e-05,-9.1684e-06,-3.8427e-05,-1.913e-05,8.6656e-05,-5.1058e-05,-1.3233e-05,0.00026987,-2.2261e-06,2.8866e-05,8.815e-05,0.00012753,5.8837e-05,-1.8073e-05,-7.9261e-05,-2.9539e-05,-1.6863e-05
0.000301,-8.2324e-05,3.9202e-05,1.8865e-05,4.1851e-05,0.00057326,-0.0001518,-4.9816e-05,0.00016966,3.0081e-05,2.4198e-05,0.00027725,-0.00010939,-2.7438e-05,9.5013e-05,-2.1588e-05,3.0556e-05,-2.0506e-05,-3.0604e-05,1.4812e-05,0.00018764,5.054e-05,4.8144e-05,0.00034562,-3.6265e-05,-6.1861e-05,-5.6062e-05,-3.361e-05,0.00024979,-2.1426e-05,0,-0.00012216,9.8532e-05,8.7281e-05,4.85e-05,8.6921e-05,0.00030027,-4.6384e-05,0.00017697,-1.2009e-05,-5.9966e-05,4.7601e-05,-0.00013935,-9.2103e-06,-1.9102e-05,8.0319e-05,-4.6038e-05,-0.00013701,8.3979e-07,0.00017273,4.4668e-05,1.486e-05,-0.00011044,-9.1236e-06,0.00013243,-6.347e-05,0.00027027,0,-6.4904e-07,-0.0004428,0.00027183,0.00011582,-3.0048e-05,8.8183e-05,7.8603e-05,0.00034504,-1.4023e-05,-2.3571e-05,-1.3084e-06,-7.284e-05,2.8987e-05,6.1126e-06,-0.00010265,0.00010075,2.015e-05,6.1666e-05,5.7573e-05,7.7523e-05,8.3792e-05,3.3551e-05,-0.00015347,-0.00013552,8.5968e-05,2.6047e-05,0.00010165,4.9917e-05,-0.00011287,0.00022734,4.6147e-05,-1.1232e-05,-8.6925e-05,-3.4666e-05,5.4113e-05,3.7538e-06,-6.9804e-05,-5.8771e-05,9.8555e-06,5.456e-05,6.9883e-05,0.00010257,-5.7235e-05,0.00015049,0.00010281,2.6309e-05,-6.9408e-05,0.0002555,-2.6353e-05,-1.4494e-05,4.9752e-05,-2.2862e-05,-8.3167e-05,1.473e-05,2.1753e-05,3.3299e-05,-2.5732e-05,-0.00015259,-1.4942e-05,2.308e-05,6.8903e-05,-3.1066e-05,-0.00013201,9.3748e-05,5.102e-05,0.00042963,3.6061e-06,2.6326e-05,-3.949e-05,-6.6628e-05,2.9386e-06,-5.2912e-05,-4.6816e-05,0.00028964,-0.00011391,9.0176e-05,-0.00015685,5.1311e-05,0.00035015,-5.1777e-05,-0.00010433,0.00011766,-4.1435e-05,0.00024878,0.0002522,8.1927e-05,3.889e-06,2.1796e-05,0.0001137,3.3587e-05,0.0001076,7.1691e-05,-0.00022601,4.1871e-05,0.00021405,7.6324e-05,4.3342e-05,-2.8594e-05,-2.0733e-05,8.6723e-06,2.2373e-05,4.4453e-05,1.7612e-05,0.00011603,0.00018132,-5.5935e-05,-1.7313e-05,-0.00010812,1.3808e-05,0.00033827,-6.6575e-05,0.00018157,-6.0377e-06,-3.7925e-06,-0.00011061,6.8878e-05,-9.0773e-05,0.00012188,7.9719e-05,-0.00013471,0.00068106,3.533e-05,3.892e-05,0.00020845,-7.5511e-05,-4.8156e-05,-8.916e-06,-6.9485e-06,-7.6417e-05,4.4401e-05,-0.00014994,8.2229e-05,0.00069466,1.1041e-05,0.0001357,0.0003499,0.00049882,-2.5705e-05,0.00018302,-8.1649e-05,-6.4209e-07,-2.7713e-05
-4.745e-05,2.2763e-05,-4.5547e-06,-3.0669e-05,-1.2672e-05,-0.0001518,0.00020763,4.6766e-06,-2.369e-05,-2.6614e-05,-2.1601e-05,-0.00013812,2.2048e-05,-1.1665e-05,-5.3289e-05,-1.4339e-05,-3.0008e-05,2.8517e-05,-1.6229e-05,-1.3723e-05,-4.754e-05,3.3256e-05,-0.00013258,-9.9885e-05,-5.907e-05,2.1981e-05,4.9007e-05,-2.9386e-05,-0.00010256,-1.2812e-05,0,7.9282e-05,-0.00012691,-2.8211e-05,1.0219e-05,3.6809e-05,3.7192e-05,0.0001051,-1.5864e-06,4.3217e-05,-5.3584e-06,1.6122e-05,5.202e-05,3.6815e-06,-1.9168e-05,-2.6981e-06,1.8523e-05,2.6274e-05,-0.00011678,-2.832e-05,5.3173e-06,-2.0725e-05,-3.2191e-05,1.2239e-05,-3.3101e-05,-9.1034e-06,2.3552e-06,0,5.2428e-06,0.00017168,-0.00010748,1.5502e-05,2.6166e-05,-7.2382e-05,-5.7353e-05,-6.0405e-05,3.7707e-05,1.7893e-05,-2.5375e-05,7.2029e-06,-4.2268e-05,-1.2009e-05,1.3058e-05,7.488e-05,-4.0526e-05,-6.777e-05,-3.5824e-05,-1.8997e-05,-7.9074e-06,-1.5892e-06,4.1931e-05,0.00010639,-1.757e-05,-6.1924e-05,-2.801e-05,-3.0213e-05,-1.0322e-05,-4.2339e-05,-3.0286e-05,-2.8743e-05,6.1689e-05,-3.4263e-05,1.1715e-05,-8.5424e-05,6.1732e-06,3.6842e-05,5.758e-06,2.4262e-05,-5.9615e-05,-1.8569e-05,4.7329e-05,9.8845e-05,-9.6032e-05,5.3377e-05,-8.2317e-06,5.3415e-06,-2.1758e-05,-1.0171e-05,-2.9885e-05,5.1149e-05,1.09e-05,-8.0178e-05,2.5132e-05,-2.0544e-05,-1.3357e-06,1.3681e-05,1.7004e-05,5.1064e-06,-0.00010037,2.7982e-05,3.7584e-05,-6.6559e-05,-1.6741e-05,-0.000106,-1.5582e-05,-3.5524e-05,2.9999e-05,4.7572e-05,-3.9474e-05,1.7954e-05,-2.4166e-05,-7.8492e-05,2.2848e-05,-6.766e-06,2.9327e-05,-6.8148e-05,-0.00016809,4.6771e-05,-1.9248e-05,-2.5917e-05,6.3119e-05,-3.0632e-05,-1.4658e-05,-5.5303e-05,1.2892e-05,-6.0888e-05,4.9454e-05,-2.0378e-05,-8.6143e-05,-3.4931e-06,0.00011472,2.8294e-05,-0.00010064,-4.1646e-05,-7.0263e-07,1.3811e-05,2.0142e-05,-3.4745e-05,-1.1421e-06,1.2958e-07,7.2056e-06,-4.6647e-05,-6.9714e-05,2.9128e-05,4.6172e-05,-1.9101e-05,1.8501e-05,-0.00019649,7.3416e-05,-6.0619e-05,-3.4373e-05,1.84e-05,8.7597e-05,-6.3972e-05,-1.144e-05,3.9165e-05,-2.4069e-05,8.0083e-05,-0.00024635,-1.472e-05,-5.9609e-05,-0.00010525,5.1576e-05,6.5624e-05,-1.278e-05,-1.8428e-05,1.8545e-05,-6.3753e-05,0.00011182,-0.00010616,-0.0001301,-2.0847e-05,-3.0547e-05,-0.00011807,-9.8039e-05,-4.1551e-05,2.141e-05,-6.6248e-06,-2.5572e-05,-2.077e-05
-8.5139e-05,-1.251e-05,4.0766e-05,7.4027e-05,-1.8589e-05,-4.9816e-05,4.6766e-06,0.00023269,-3.5115e-05,-6.0784e-05,2.9615e-05,-5.6733e-05,3.4206e-06,8.3687e-05,-1.673e-05,5.6331e-05,-6.5595e-05,0.00012049,6.7558e-06,2.2855e-05,-8.2528e-05,9.0499e-05,-6.1774e-05,-0.00010661,-4.6481e-05,3.2098e-05,7.9355e-05,4.3435e-05,-3.9041e-05,0.00010355,0,8.6369e-05,0.0001239,1.5005e-05,4.6536e-05,-8.5074e-06,-6.4392e-05,-1.279e-05,-0.00012171,1.1613e-05,8.7637e-06,4.5097e-05,9.0731e-05,1.0452e-05,7.359e-05,-7.288e-06,0.00017043,-4.7897e-05,-9.2378e-05,-7.9193e-05,3.3868e-05,0.00015213,7.2959e-05,2.7455e-05,1.0896e-05,3.625e-05,-9.991e-06,0,3.411e-05,6.6033e-05,9.0636e-05,-1.5072e-05,1.882e-05,3.0424e-05,6.7387e-05,-8.078e-05,3.3671e-06,5.7194e-05,-4.6725e-05,4.7147e-05,1.5094e-05,7.067e-05,9.702e-05,-0.00012111,4.6655e-05,-3.225e-05,3.9974e-05,2.9652e-05,-1.1305e-05,-1.9478e-06,6.1375e-05,7.3828e-05,3.3425e-05,1.856e-05,5.648e-05,4.6364e-05,3.8494e-05,3.1148e-05,2.3453e-05,-1.4405e-06,-4.2979e-05,2.356e-05,-5.2481e-05,0.00010172,-4.5854e-05,-5.6991e-05,7.9189e-05,2.404e-05,-5.5696e-05,-1.6815e-05,1.6068e-05,8.5557e-05,2.3934e-06,-0.0001481,4.8343e-05,-4.8186e-05,9.2066e-05,3.2383e-05,8.1191e-06,-7.6595e-06,5.284e-05,1.4091e-05,-0.00010829,3.5836e-05,4.5856e-05,2.8003e-05,-3.8919e-05,2.3992e-05,-9.4957e-05,5.7554e-05,6.1049e-05,7.2956e-05,3.8545e-05,-0.00012894,1.6838e-05,3.0752e-05,-2.113e-05,0.00011064,-2.758e-05,6.5411e-05,0.00010412,-8.5045e-05,4.0819e-06,6.5744e-06,0.0001011,2.8649e-05,-1.249e-05,0.00022189,6.1764e-05,-1.3623e-05,5.5054e-05,-6.3475e-05,-4.356e-05,2.8337e-05,4.3653e-05,1.2187e-06,-8.3289e-05,9.5677e-06,5.2499e-05,1.5204e-05,8.0516e-05,8.0664e-05,-1.9596e-05,1.787e-05,-1.665e-05,3.7911e-05,3.0921e-05,6.7313e-05,4.942e-05,8.8887e-06,1.8023e-05,0.00010584,-7.9461e-06,8.0031e-05,3.174e-05,-4.1499e-05,5.2295e-05,-2.1991e-05,2.0414e-05,-2.3531e-05,7.1332e-07,4.2355e-05,7.71e-05,3.0942e-05,7.7893e-05,1.9616e-05,-0.00012262,7.4215e-05,-0.00026103,3.8795e-05,3.4414e-06,-4.3922e-05,0.00012897,-1.3561e-05,-6.5367e-06,3.2223e-05,3.3244e-05,5.236e-06,0.00012796,6.6268e-05,-0.00014707,5.3552e-05,6.4646e-05,-4.5042e-05,-0.00012517,1.6469e-05,5.3031e-05,7.3436e-05,1.4693e-05,4.4758e-05
0.00010121,-6.9458e-05,4.4875e-05,4.4635e-05,1.5097e-05,0.00016966,-2.369e-05,-3.5115e-05,0.00044829,4.1985e-05,7.1345e-05,0.00029661,-6.3913e-05,0.00014928,0.00023698,1.4665e-05,0.0001506,-2.4105e-05,7.5864e-05,-1.3327e-06,0.00025812,-1.2062e-06,0.00010536,0.00017216,8.1589e-06,-1.7382e-05,-2.8082e-05,5.9196e-05,0.00015343,4.2933e-05,0,-4.392e-05,4.0466e-05,-3.904e-06,7.2288e-05,4.6436e-05,0.00017656,5.5961e-05,-1.4644e-05,0.00015672,-1.6002e-05,-1.1251e-05,-6.262e-05,2.4131e-06,-2.0989e-05,1.4389e-05,-1.6986e-05,-5.3142e-05,0.00017148,-1.0524e-05,6.8831e-05,3.5255e-06,-0.00013247,1.8154e-05,-4.0792e-05,6.1755e-06,0.000469,0,-4.1527e-06,-2.0535e-05,8.8776e-05,2.4884e-05,6.7453e-06,5.4278e-05,2.8737e-05,0.0002876,-7.6159e-06,3.7928e-05,-4.3728e-05,-6.0234e-05,2.9268e-05,-6.9505e-05,-3.7635e-05,0.00020227,5.8842e-05,7.2317e-05,7.1221e-05,0.00010739,1.0096e-05,6.5828e-05,-4.0304e-05,0.0001001,0.00011719,9.2388e-06,7.675e-05,6.7589e-05,4.8514e-05,0.00017209,-1.2951e-05,4.9774e-05,4.3965e-05,-8.5029e-06,0.00010701,7.7688e-06,-9.2385e-05,1.7525e-05,4.5249e-05,0.00017876,0.00017548,0.00014853,7.553e-05,9.9022e-05,9.486e-05,0.00032159,-9.291e-06,0.00028506,5.5937e-06,4.7943e-05,2.6771e-05,-2.2068e-05,1.2707e-05,-8.1157e-05,0.00010276,3.5777e-05,3.3865e-05,-7.3678e-05,-3.3245e-05,6.4417e-05,0.00015109,3.8256e-05,-6.5424e-05,0.00014324,8.6702e-05,0.00018699,1.9564e-05,-2.5258e-05,-1.3898e-05,-9.4046e-06,-3.594e-06,8.1759e-05,2.505e-05,0.00021356,7.8597e-05,7.2146e-05,-4.0132e-05,0.00011882,0.00022261,0.00019423,-1.0687e-06,9.754e-05,2.3246e-06,0.00011372,0.00015615,2.7954e-05,2.5266e-05,-7.2697e-06,3.8865e-05,0.00012557,7.0865e-06,2.724e-05,0.00013368,-0.00010283,0.0001974,0.00012714,0.0001256,7.1579e-05,0.00015345,-4.8241e-06,-0.00012575,6.5774e-05,2.422e-05,-0.00010785,0.00017074,4.5297e-05,-7.0027e-05,1.1391e-05,-4.2274e-06,0.00033923,-4.524e-05,0.00020134,0.00011464,2.9089e-05,1.8113e-05,9.3657e-05,8.8594e-06,-9.5802e-05,-2.5381e-05,-8.1772e-05,0.00024128,0.00010225,0.00015421,0.000139,1.0074e-05,4.0414e-05,1.5157e-05,6.3547e-05,-4.6344e-05,-3.2322e-05,4.0768e-05,4.6797e-05,0.00080322,6.4996e-05,3.4375e-05,9.4594e-05,0.00012753,-7.8699e-05,3.0751e-05,7.8711e-05,0.00010858,4.7321e-05
2.4363e-05,-6.5968e-05,-1.4762e-05,5.9075e-06,-1.839e-05,3.0081e-05,-2.6614e-05,-6.0784e-05,4.1985e-05,0.00016883,-4.2147e-06,4.4542e-05,-4.6828e-06,-2.4062e-05,3.6943e-05,-5.5488e-05,3.5126e-05,-5.2862e-05,-2.0998e-05,-9.2919e-06,7.8131e-05,-4.1267e-05,0.00012051,1.2382e-05,2.7013e-05,-2.3394e-05,-8.1139e-05,6.8567e-05,-2.4438e-06,-2.5358e-05,0,-1.4813e-05,-4.9359e-05,-9.7006e-06,-9.309e-06,1.9862e-05,9.7694e-05,-6.298e-06,-1.1884e-05,3.9253e-05,-1.3545e-05,1.9774e-05,-9.4202e-05,-1.0029e-06,-2.4681e-05,-5.4046e-06,-9.7149e-06,1.7578e-06,0.00014438,5.4454e-05,4.2702e-05,-6.8127e-05,-3.2522e-05,-1.5841e-05,-1.0665e-05,1.5544e-05,0.00018267,0,1.5124e-06,-1.963e-05,-6.3132e-05,5.0208e-05,2.6403e-05,1.8384e-05,2.7353e-05,5.4801e-05,1.1507e-06,-3.2471e-05,1.1394e-05,-1.8729e-05,8.4749e-05,1.1791e-05,5.442e-05,-2.4865e-05,-3.8121e-06,6.6059e-05,6.7147e-05,-1.801e-05,5.4964e-06,4.7995e-05,2.6693e-05,-8.9011e-06,-4.81e-06,2.2745e-05,-1.8276e-05,3.9925e-05,3.6289e-05,1.0117e-05,5.004e-05,2.9221e-05,5.6827e-05,-6.7675e-06,8.1582e-05,-5.7487e-06,2.3633e-05,8.0463e-05,-2.9765e-05,3.7079e-05,0.00010032,2.9855e-05,5.775e-05,-3.5999e-05,2.9828e-05,6.159e-05,-5.335e-05,-3.1619e-05,-3.2639e-05,-1.6948e-05,2.2228e-05,-2.1089e-05,1.9293e-06,3.0536e-05,1.5637e-05,1.7676e-05,-2.7157e-05,2.723e-05,2.6963e-05,7.2995e-06,6.0386e-05,-1.6018e-05,-1.9041e-05,-8.5444e-05,-1.7194e-05,2.6808e-05,4.8356e-05,8.1499e-05,1.3844e-05,-1.7347e-05,-2.7437e-05,-3.9535e-05,-7.4173e-05,0.00010037,5.3453e-06,-6.0871e-08,-5.8753e-05,3.727e-05,2.6892e-05,1.4943e-05,-2.8253e-05,8.2704e-05,-5.1453e-05,1.6478e-05,2.5387e-05,7.3967e-05,2.7976e-05,0.00010408,3.482e-05,6.5959e-05,1.2714e-05,1.568e-05,-3.464e-06,-0.00010743,-2.2627e-05,1.2429e-06,8.7195e-06,1.8622e-05,-7.7126e-05,-2.4837e-06,1.4581e-05,1.0061e-05,-1.4248e-05,-2.3684e-05,6.2182e-05,2.4807e-05,-1.6519e-05,2.9055e-05,-3.8579e-05,6.6156e-05,-5.825e-05,0.00010041,-2.4709e-05,-7.0344e-06,-2.6751e-05,3.3457e-05,-1.5455e-05,-0.00010516,5.6599e-05,2.833e-05,4.5121e-05,-1.8302e-06,1.5871e-05,-2.081e-05,-4.7179e-05,2.9404e-05,1.9064e-05,7.903e-05,-6.7453e-05,-2.2866e-05,-2.6579e-05,-6.75e-05,0.00027317,-2.6818e-05,-1.8897e-05,2.3777e-05,-4.2768e-05,-5.1783e-06,-6.0655e-05,2.1452e-05,1.3847e-05,1.8645e-05
5.4607e-05,1.5338e-06,1.2673e-06,0.00010171,1.6925e-05,2.4198e-05,-2.1601e-05,2.9615e-05,7.1345e-05,-4.2147e-06,0.00011841,0.00011336,-1.7882e-05,7.7816e-05,9.1323e-05,4.773e-05,8.0132e-05,4.897e-05,1.3643e-05,2.0751e-05,4.7726e-05,5.2631e-05,0.00013092,3.7335e-05,7.9236e-05,1.7814e-05,5.9686e-05,3.2028e-05,2.7982e-05,7.8075e-05,0,6.642e-06,8.319e-05,4.6187e-05,5.8923e-05,8.575e-05,-9.0738e-05,-2.4997e-06,5.1264e-06,0.00010208,8.1696e-06,2.8071e-05,5.248e-05,1.4525e-05,2.0607e-05,1.0003e-05,-5.7342e-05,-1.4431e-05,4.1455e-05,9.1823e-05,4.2281e-05,0.0001261,3.6827e-05,4.7025e-05,9.4823e-06,2.9174e-05,0.0001467,0,2.9736e-05,2.5338e-05,0.00014919,-9.5461e-05,1.9391e-05,8.2586e-05,8.4243e-05,3.7001e-05,-1.814e-05,4.5979e-05,2.7151e-05,2.9118e-05,2.8036e-05,4.6555e-05,5.8394e-05,0.00016175,5.692e-05,2.7241e-05,3.9135e-06,8.1198e-05,2.2621e-06,4.6818e-05,4.8264e-05,4.0435e-05,5.6736e-05,-9.5677e-06,4.617e-05,1.4339e-05,3.4179e-05,0.00010292,-1.6437e-06,5.4294e-05,9.3566e-05,3.7421e-05,8.1267e-05,4.5841e-05,-7.5969e-06,3.3814e-06,7.907e-06,3.0602e-05,6.1095e-05,9.5447e-05,6.5247e-05,2.6496e-05,6.6995e-05,-6.4026e-06,3.7443e-05,7.8875e-05,4.6349e-05,3.5395e-05,5.8262e-05,-2.9798e-06,1.1487e-05,7.1149e-05,-1.1642e-05,4.5216e-05,3.8383e-05,4.6657e-05,-6.8061e-05,8.4382e-05,9.9786e-05,1.573e-05,3.7432e-05,9.2848e-05,5.5816e-05,2.6847e-05,6.4117e-05,-2.3618e-05,2.1079e-05,5.4851e-07,4.0491e-05,7.3689e-05,9.8009e-05,6.2994e-05,-2.3871e-05,3.4693e-05,-1.7697e-05,9.653e-05,3.157e-05,-3.1662e-05,2.07e-05,2.518e-05,2.3482e-05,2.1562e-05,9.1749e-05,5.1093e-05,5.8302e-06,5.9771e-05,-0.0001052,9.3047e-05,8.5449e-06,5.3596e-05,2.6048e-05,7.9522e-06,8.9423e-05,0.00011113,0.00010627,4.5025e-06,7.2154e-05,3.1991e-05,4.5425e-05,2.8193e-05,6.0242e-05,5.3852e-05,7.9825e-05,-5.5156e-07,3.0307e-05,-6.9334e-06,7.0359e-05,4.1927e-05,3.327e-06,4.4626e-05,6.7355e-05,3.4359e-05,2.4546e-05,8.691e-05,1.3466e-05,-5.6493e-05,7.3618e-05,5.3993e-07,6.9414e-05,6.4032e-05,5.7427e-05,2.5256e-05,8.0468e-05,-6.2084e-06,7.0806e-05,-7.4344e-06,2.4274e-05,1.6802e-05,2.9301e-06,8.9322e-05,0.00012663,7.9977e-05,3.6639e-05,1.6109e-05,8.8388e-06,-2.1494e-05,2.3622e-06,7.4553e-05,5.5226e-05,5.3346e-05
0.00037805,-8.528e-05,-4.3532e-05,-1.6652e-05,8.7488e-05,0.00027725,-0.00013812,-5.6733e-05,0.00029661,4.4542e-05,0.00011336,0.0007878,-0.00020391,0.00010851,0.00029672,-3.8122e-05,0.0002034,-7.8378e-05,1.166e-05,3.9782e-05,0.00014366,-1.3353e-05,0.00016293,0.00032744,0.00012533,-2.4644e-05,0.00011803,-5.9911e-05,0.00012882,5.5752e-05,0,-9.4924e-05,7.8817e-05,0.00017312,4.8123e-05,0.00010722,-1.1549e-05,-0.00010202,0.00022434,0.00017251,-6.1049e-05,2.33e-05,-0.00012574,-1.372e-05,9.1738e-05,0.00012722,3.3124e-05,-3.929e-05,0.00026867,0.00019266,0.00010032,-0.00010798,-5.5562e-05,0.00011724,6.1007e-05,4.2572e-05,0.00030199,0,7.6845e-05,-0.00024426,0.00023373,-3.0309e-05,5.1438e-05,0.00019175,0.00013519,0.00043029,1.4108e-06,5.3843e-05,5.1708e-05,6.2709e-05,-1.8697e-05,-9.9719e-06,-4.237e-05,0.0004292,9.674e-05,0.00012674,0.00015744,6.8731e-05,6.8772e-05,6.2826e-05,-9.1524e-05,-6.6518e-05,3.4145e-05,7.9538e-05,8.4558e-05,-9.0191e-06,-9.6549e-06,0.00038699,2.3947e-05,0.00011181,5.0856e-05,5.99e-05,0.00034379,-4.5e-05,5.2231e-05,3.9517e-05,-4.5075e-05,7.9008e-05,0.00017928,0.00018881,5.0827e-05,-6.8108e-06,0.00019855,7.2949e-05,-7.596e-05,0.00037447,-8.182e-06,5.0671e-05,0.00010537,-8.2981e-06,-3.742e-05,0.00015174,-4.602e-05,4.2193e-05,1.9564e-06,-8.4108e-06,-4.9326e-05,9.3157e-05,0.00014899,-5.2146e-05,-4.6176e-05,0.00016142,0.00010237,0.00043085,-3.2976e-05,6.5955e-06,-3.036e-05,-0.00012625,8.5019e-05,5.6834e-05,-4.4798e-07,0.00029784,-5.7163e-05,8.8787e-05,-0.00014992,0.00017355,0.00025213,-4.3412e-05,-4.0114e-05,0.00019182,4.2676e-05,0.00021382,0.00024483,0.00016419,6.0688e-05,0.00014674,-8.2586e-06,4.7877e-05,7.6806e-05,9.7086e-05,1.789e-05,-4.1021e-05,0.00011927,0.00013404,0.00010953,4.8668e-06,0.0001895,9.2233e-05,-9.1227e-05,7.923e-05,6.3525e-05,3.6284e-05,0.00019999,6.8696e-05,-3.3279e-06,8.3579e-05,0.0001159,0.00074318,-6.4343e-05,0.00017481,0.00013005,6.6345e-06,-3.0394e-05,0.00011287,-1.5288e-05,-3.0714e-05,0.00018182,1.8678e-05,0.00063208,0.00016772,0.00020358,0.00017853,8.743e-06,-7.0261e-05,6.7984e-05,-4.2837e-05,-0.00016354,6.2899e-05,-0.00017927,0.00015936,0.00094412,6.3568e-06,0.00016699,0.00033149,0.00027195,1.6632e-05,-1.5058e-06,4.4969e-05,0.00010095,4.9057e-05
-6.3836e-05,1.1091e-05,2.2384e-05,-3.9147e-05,-4.8006e-05,-0.00010939,2.2048e-05,3.4206e-06,-6.3913e-05,-4.6828e-06,-1.7882e-05,-0.00020391,0.00013425,3.9541e-05,-4.9633e-05,5.3627e-05,-1.6458e-05,4.2021e-05,5.6248e-05,-8.1911e-06,-9.4293e-05,-1.8121e-05,-3.1937e-05,-5.0974e-05,4.8676e-05,2.4143e-05,5.601e-07,1.4757e-06,-4.5494e-05,3.3048e-05,0,3.1377e-05,-4.7089e-05,-4.2344e-05,-1.0257e-05,1.0025e-05,-7.6543e-05,2.0743e-05,-6.9133e-05,1.2156e-05,1.6268e-05,-2.0278e-05,5.1634e-05,3.5905e-05,-2.274e-05,-2.2938e-05,-3.2654e-05,1.3535e-05,-1.4371e-06,-3.6529e-05,-4.1274e-05,9.7552e-05,-3.3304e-05,-4.0427e-05,-1.8222e-05,-2.0643e-05,-9.7892e-05,0,-5.8161e-06,0.00012354,-4.9931e-05,2.8027e-05,4.1514e-06,-7.1987e-06,-3.6884e-05,-7.8259e-05,4.2605e-05,5.8402e-06,-2.5159e-06,3.082e-06,1.5124e-05,5.9517e-06,1.6249e-05,-9.5251e-05,-9.3959e-06,8.0195e-06,-1.3326e-06,-1.7545e-05,-2.7196e-05,1.7208e-05,6.7511e-05,2.5855e-05,4.0446e-05,-5.9736e-06,1.4769e-05,2.0478e-05,1.0131e-05,-0.00010535,7.6628e-06,-5.3435e-06,-3.9495e-06,1.4199e-06,-3.5179e-05,3.9233e-05,-1.5442e-05,2.903e-05,9.1024e-06,4.15e-06,-3.5135e-05,-3.6704e-05,-1.9516e-05,8.1926e-06,-1.0697e-05,-1.0376e-05,2.3777e-05,-9.6713e-05,-6.7453e-06,2.9136e-05,-1.9727e-05,2.1225e-05,3.2602e-05,2.7521e-06,4.0137e-05,1.8629e-05,2.1061e-05,3.1569e-05,2.3686e-05,-1.5928e-05,-5.012e-07,3.1848e-05,2.2274e-05,3.218e-05,-9.0861e-06,-0.00013999,5.6633e-05,-2.3422e-05,4.5774e-05,7.019e-05,1.9042e-05,2.8967e-05,2.3471e-05,-6.5776e-05,3.3663e-05,-2.4179e-05,7.0344e-05,-4.2758e-06,-5.4934e-05,2.6233e-05,3.4036e-05,-2.774e-05,4.4324e-05,-2.8301e-05,-0.00010932,-6.7449e-05,-1.2312e-05,-1.0588e-05,-1.9922e-05,-3.2251e-06,-9.4267e-06,-4.8329e-06,1.1148e-05,8.0262e-06,-5.2585e-05,-7.3117e-06,-1.6752e-05,-1.3041e-05,-0.00011826,-2.104e-05,4.8363e-05,-2.6955e-05,3.9957e-06,-6.2909e-06,-4.7348e-05,1.1461e-05,-1.4454e-05,-2.173e-05,-4.2193e-05,-0.00019897,1.1694e-05,-4.0603e-05,3.2452e-05,-5.9138e-06,1.4581e-05,1.3743e-05,2.6512e-05,4.5763e-05,-3.3321e-05,-3.0708e-05,-0.00026272,-1.1247e-05,-1.7158e-05,-5.5456e-05,4.9258e-06,3.433e-05,-1.8285e-06,1.8252e-05,8.5189e-05,-1.1428e-05,5.2167e-05,2.6934e-06,-0.00023526,6.0487e-05,-7.9618e-05,-6.9792e-05,-0.0001022,2.4368e-05,-2.4077e-05,6.1424e-05,1.8927e-05,1.5356e-05
-7.0498e-07,-5.9549e-06,6.0247e-05,4.1166e-05,-2.636e-05,-2.7438e-05,-1.1665e-05,8.3687e-05,0.00014928,-2.4062e-05,7.7816e-05,0.00010851,3.9541e-05,0.00019265,0.00011627,7.701e-05,0.00010769,0.00010006,8.6325e-05,2.357e-05,2.8793e-05,6.7203e-05,7.2089e-05,5.1818e-06,5.4776e-05,3.2347e-05,9.8067e-05,6.6186e-05,-1.4345e-05,0.000118,0,4.8175e-05,5.0878e-05,1.833e-05,6.1551e-05,0.00012424,-0.00012398,1.6967e-06,-5.5156e-05,0.00014206,6.5182e-06,4.5519e-06,5.8644e-05,4.824e-05,4.2023e-05,1.1714e-05,1.6914e-05,-3.9286e-05,0.00010513,5.5344e-06,2.4157e-05,0.00013642,-3.6026e-05,3.7093e-05,3.6258e-05,1.9159e-05,0.00015683,0,3.0569e-05,0.00013036,9.3617e-05,-9.5467e-05,3.5908e-05,8.7335e-05,5.6033e-05,5.652e-05,2.1098e-05,8.0555e-05,-1.5043e-05,4.3668e-05,1.3054e-05,3.0528e-05,3.4555e-05,6.1304e-05,5.9996e-05,3.1225e-05,5.2961e-05,7.0855e-05,-1.7854e-05,5.5949e-05,6.5546e-05,8.0033e-05,8.3173e-05,3.3533e-05,0.00012155,3.7346e-05,7.2237e-05,8.4117e-05,1.4815e-05,5.6422e-05,8.2868e-05,2.8901e-05,9.9716e-05,9.9252e-05,-2.8819e-05,3.7436e-05,2.603e-05,7.1932e-05,4.0255e-05,7.8748e-05,2.7308e-05,7.3917e-05,8.5054e-05,8.6966e-05,2.4895e-05,0.00010251,5.0955e-05,7.7159e-05,1.4288e-05,-1.1418e-06,3.5212e-05,7.208e-05,-2.0609e-05,6.6581e-05,6.4794e-05,4.9256e-05,-4.3257e-05,6.6578e-05,4.6185e-05,4.4502e-05,3.1351e-05,0.00020848,8.2334e-05,-5.9598e-05,6.692e-05,-4.8915e-05,3.0042e-05,4.3364e-05,2.801e-05,0.00011206,0.0001204,8.3616e-05,2.9124e-05,2.2555e-05,5.3013e-05,0.00010304,3.2899e-05,0.00011429,7.4648e-05,5.2277e-05,6.8352e-05,5.1119e-06,2.0214e-05,-2.8278e-06,3.8219e-05,2.7642e-05,-0.00011315,7.7464e-05,4.1542e-05,3.8278e-05,0.00010377,6.3249e-06,3.9293e-05,0.00011783,9.7971e-05,3.9469e-05,7.4839e-05,4.1658e-05,-1.7387e-05,4.6208e-05,4.1051e-05,-2.2653e-05,8.7631e-05,5.4795e-05,-1.9948e-05,-1.2584e-05,5.3373e-05,0.00011458,-5.0541e-06,3.0661e-05,0.00012034,3.2469e-05,6.2165e-05,8.3878e-05,2.9868e-05,-1.6644e-05,-1.5373e-05,-1.2633e-05,-0.00013393,0.00010122,9.5439e-05,-3.8186e-06,0.00011922,9.0333e-06,4.6598e-05,4.0659e-05,3.9898e-05,-3.8287e-06,7.4911e-05,0.00011656,0.00012085,0.00011248,1.9695e-05,1.1983e-05,-0.00011762,-1.5738e-05,2.1295e-05,0.00015006,0.00010177,8.5908e-05
0.00012851,-5.0595e-05,-4.2034e-06,-3.5865e-06,1.8603e-05,9.5013e-05,-5.3289e-05,-1.673e-05,0.00023698,3.6943e-05,9.1323e-05,0.00029672,-4.9633e-05,0.00011627,0.00024943,-1.0056e-05,0.00014614,-1.8896e-05,9.2997e-05,-1.2611e-05,9.8395e-05,2.2483e-05,0.00025404,0.00015936,0.0001701,-4.1393e-06,1.4839e-05,5.0475e-05,0.00010197,7.1321e-05,0,-3.3945e-05,6.8825e-05,2.436e-05,6.2273e-05,0.00010191,-6.7531e-05,-1.1423e-05,6.9016e-05,0.00016366,-3.6545e-05,1.6631e-06,-3.5311e-05,2.1728e-05,2.0419e-05,2.8498e-05,-3.4298e-05,-6.3005e-06,0.00013274,9.2545e-05,3.7496e-05,3.6214e-05,-4.9644e-05,5.1946e-05,1.5861e-05,2.2689e-05,0.00022043,0,2.5911e-05,-3.7093e-05,0.00015235,-6.4255e-05,1.8228e-05,9.8671e-05,6.123e-05,0.00020938,2.001e-05,5.5672e-05,1.0931e-06,8.5262e-06,3.1829e-05,-2.473e-05,4.4643e-05,0.00018916,5.5504e-05,6.9355e-05,8.2274e-05,9.9865e-05,1.1164e-05,4.9273e-05,2.9597e-05,3.5737e-05,6.7352e-05,3.6057e-05,2.6374e-05,8.8689e-06,1.4416e-05,0.00018561,2.9319e-05,6.9416e-05,8.9393e-05,4.5737e-05,0.00018738,4.7893e-05,-2.1198e-05,6.2623e-05,-9.3368e-06,8.8894e-05,0.00019707,9.132e-05,3.3984e-05,-3.8214e-05,0.00010403,3.0868e-05,9.8089e-06,0.00022294,1.4086e-05,3.8635e-05,8.0985e-05,-1.4016e-05,4.5672e-05,4.0382e-05,5.2273e-05,3.8155e-05,1.8241e-05,-1.082e-05,-3.4636e-05,5.5714e-05,0.00013798,-6.0916e-06,-3.098e-05,0.00015197,5.4692e-05,0.00011601,1.7604e-05,-1.0094e-05,5.5154e-06,-3.0739e-05,2.8545e-05,6.8793e-05,3.3621e-05,9.009e-05,4.3732e-05,4.0958e-05,-6.3362e-05,0.0001671,0.00014671,1.057e-05,1.0741e-05,8.2598e-05,5.6552e-05,0.00011391,0.00015304,5.2917e-05,2.691e-05,7.0758e-05,-6.6709e-05,9.5594e-05,2.2676e-05,5.9452e-05,5.9546e-05,-0.00011327,0.00013012,0.00010056,0.00010395,3.3597e-05,9.018e-05,3.7202e-05,-1.5083e-05,8.1954e-05,6.8554e-05,-2.5217e-05,0.0001348,4.7007e-05,-2.7795e-05,5.5748e-05,4.2797e-05,0.00025521,-3.6968e-05,0.00018269,0.00010281,1.9799e-05,6.5183e-06,0.00010731,1.4978e-06,-0.00016409,2.5529e-05,-5.0591e-05,0.0002167,8.972e-05,7.003e-05,8.9964e-05,3.2018e-05,1.3328e-05,4.6147e-05,1.935e-05,-5.5471e-05,1.6303e-05,-3.7202e-05,6.9273e-05,0.00070962,7.3909e-05,4.0946e-05,0.00011793,5.5483e-05,-8.5012e-06,7.2708e-06,8.3584e-05,7.3267e-05,1.8076e-05
-4.182e-05,4.2279e-05,2.3244e-05,5.2246e-05,-1.0274e-05,-2.1588e-05,-1.4339e-05,5.6331e-05,1.4665e-05,-5.5488e-05,4.773e-05,-3.8122e-05,5.3627e-05,7.701e-05,-1.0056e-05,0.00011024,4.9931e-05,7.5565e-05,4.0742e-05,2.1449e-05,-3.3638e-05,1.6698e-05,-8.2412e-05,-2.4947e-05,2.596e-05,4.7123e-05,5.3274e-05,1.004e-05,-6.2579e-07,6.8695e-05,0,2.0038e-05,8.3761e-05,3.1801e-05,1.5162e-05,4.3292e-05,-0.0001199,8.2307e-06,-6.7601e-05,5.4948e-05,3.9216e-05,-2.4091e-05,0.00010054,3.295e-05,2.3403e-05,-7.7722e-06,-8.3623e-06,-2.7025e-05,1.9509e-06,-3.1349e-05,8.3958e-06,0.00016232,2.0928e-05,-9.093e-06,2.5504e-05,9.005e-06,-4.6251e-06,0,1.023e-06,9.5524e-05,6.8848e-05,-6.0675e-05,1.0571e-05,4.1301e-05,3.3434e-05,-7.6491e-05,1.1495e-05,3.6958e-05,2.3335e-05,3.8934e-05,1.4787e-06,5.7014e-05,2.6183e-05,5.7511e-05,4.8756e-05,2.0541e-05,4.3049e-06,3.633e-05,-1.8124e-05,2.0586e-05,2.2664e-05,4.7756e-05,5.1222e-05,-1.2859e-05,6.6707e-05,2.1262e-05,3.3505e-05,6.322e-06,-1.5677e-05,3.6203e-05,-1.5664e-05,1.0985e-05,-5.27e-05,3.4609e-05,-9.4155e-06,-1.7545e-05,2.5898e-05,4.6915e-05,-5.0806e-05,4.2382e-05,1.1088e-05,6.7695e-05,3.113e-05,3.1857e-06,7.3101e-05,-8.7414e-06,5.1868e-05,5.5434e-05,1.3922e-05,2.8874e-06,1.1725e-05,5.8435e-05,-1.8642e-05,3.1202e-05,6.4694e-05,4.653e-05,-3.9954e-05,3.9375e-05,7.1918e-05,4.6512e-05,5.0931e-05,9.984e-05,5.2459e-05,-6.1043e-05,5.1399e-05,-4.1149e-05,2.7965e-05,6.1274e-05,3.155e-05,8.5363e-05,0.000108,1.6592e-05,1.3939e-05,7.8293e-06,7.2943e-05,1.7182e-06,2.682e-05,-7.1397e-06,6.1983e-05,-1.5916e-05,2.1183e-05,-4.063e-05,-5.7914e-05,-1.7477e-05,2.1043e-05,-4.8264e-06,-6.5411e-05,3.9372e-05,2.3834e-05,-6.9836e-06,6.3265e-05,7.5949e-05,4.924e-05,6.2001e-05,4.2526e-05,5.0068e-06,-1.7953e-05,1.8659e-05,3.2893e-05,1.3457e-05,3.1828e-05,4.8586e-05,7.433e-07,5.4737e-06,2.1869e-05,-4.124e-05,3.7256e-05,-9.2571e-05,2.2312e-05,-3.9345e-05,7.4418e-05,3.2799e-05,4.5039e-05,5.393e-05,4.2392e-05,0.00014514,-6.4883e-06,-1.6871e-05,-8.5761e-05,4.6264e-05,7.2533e-05,1.6196e-05,5.7521e-05,-5.8666e-06,3.7956e-05,-2.9986e-06,9.3642e-05,1.8684e-05,5.6904e-05,7.919e-05,-0.00018513,7.7729e-05,1.2901e-05,-4.9279e-05,-1.8588e-06,3.648e-05,-6.3587e-06,7.5599e-05,5.5243e-05,6.2454e-05
8.2518e-05,7.9911e-05,-3.0778e-05,4.6177e-05,5.8264e-06,3.0556e-05,-3.0008e-05,-6.5595e-05,0.0001506,3.5126e-05,8.0132e-05,0.0002034,-1.6458e-05,0.00010769,0.00014614,4.9931e-05,0.00040118,4.3573e-05,8.547e-05,9.4413e-05,0.00012298,3.4453e-05,3.1692e-05,6.4363e-05,0.00017579,5.7136e-05,1.5261e-05,9.0717e-05,4.6318e-05,0.00011498,0,-4.2443e-05,0.00015596,0.00013371,4.7239e-05,0.00022323,-0.0002189,-5.6729e-05,3.3976e-05,0.00022747,-1.7945e-05,-7.1563e-05,5.793e-06,5.2873e-05,9.6593e-05,6.3205e-06,-2.8867e-05,-5.733e-06,0.00011862,0.00011444,4.5938e-05,-2.1565e-06,8.6947e-05,8.3624e-05,2.738e-05,-0.00013245,0.00016704,0,3.9923e-05,2.6213e-05,-2.4557e-06,-0.0001128,4.5705e-05,9.7513e-05,5.9165e-05,1.3538e-05,8.0017e-06,7.2667e-05,3.9561e-05,0.00012511,2.4239e-06,4.6163e-05,-2.0699e-06,0.00025028,0.00011133,8.7535e-05,0.00012221,0.00012562,-1.2413e-05,8.2131e-05,5.685e-05,0.00010631,4.3813e-05,0.00011355,0.0001045,5.5339e-05,8.2722e-05,0.00015006,2.4877e-05,0.00017762,0.00014422,5.6833e-05,0.00022208,3.2641e-05,7.8529e-05,0.00010998,-7.5753e-05,7.9679e-05,0.00012388,0.00016122,3.5467e-05,4.4415e-05,0.00012412,0.00014569,9.8061e-05,0.00010644,4.4235e-05,6.0122e-05,4.5472e-05,7.2021e-05,-6.6397e-06,0.00016453,3.1818e-05,2.5208e-05,8.7331e-05,1.0424e-05,-1.3809e-05,0.00011732,0.00017016,-3.1366e-06,3.059e-05,8.7409e-05,7.0588e-05,0.00012631,8.0642e-05,-5.2405e-05,4.465e-05,-4.2403e-05,5.6587e-05,9.1686e-05,7.3599e-05,0.0002094,2.934e-05,4.5596e-05,-4.0042e-05,0.00011184,9.7845e-05,-0.00017417,4.7428e-05,0.00010865,2.5637e-05,2.433e-05,0.00020115,5.1853e-05,7.285e-05,6.4323e-05,-8.0298e-05,9.0827e-05,9.5035e-06,2.408e-05,9.6064e-06,-8.3123e-05,7.1296e-05,0.00015304,0.00013249,2.4196e-05,-2.6886e-05,6.1893e-05,7.996e-05,8.8842e-05,4.2139e-05,2.8714e-05,0.00013357,7.7716e-05,1.4778e-05,9.5054e-05,0.00013809,0.00013993,-3.3397e-05,0.00010038,0.00015694,5.0805e-05,2.2422e-05,0.0001357,1.3029e-05,0.00011834,6.2109e-05,-2.8261e-05,8.011e-05,0.0001077,6.8871e-05,0.00012318,6.4043e-05,3.4757e-05,0.00011797,-3.3962e-06,6.3452e-06,8.5491e-05,-2.1937e-05,0.00012618,0.00030271,3.7576e-05,3.1553e-05,5.0331e-05,3.1262e-05,8.8268e-05,-4.2277e-05,0.00011962,9.289e-05,0.00010592
