0.00041881,0.0001613,0.00010733,0.00013114,8.5212e-05,0.00018337,-7.5274e-05,0.0001009,0.00012106,2.1652e-05,0.00019796,0.0001355,7.7854e-05,0.00020171,0.00021776,9.7805e-05,0.00016273,6.6407e-05,8.225e-05,0.0002085,-4.6915e-05,-3.8006e-05,0.00013384,0.0003243,0.00027268,0.00011741,3.5309e-05,5.6498e-05,0.00020229,0.00016102,0,3.7557e-05,8.2584e-05,5.7526e-05,8.3772e-05,0.00010517,0.00017672,0.00020461,0.00021658,0.00011842,9.3863e-05,8.2774e-05,0.00012438,9.8511e-05,7.854e-05,6.6362e-05,0.00012193,3.3794e-05,-0.0001996,9.5328e-05,-5.2731e-05,0.00031303,-0.00017261,0.00011628,6.6738e-05,0.00016569,7.546e-05,0,0.00014042,7.8486e-05,0.00017324,0.00021847,0.00013923,-1.479e-07,0.00011855,0.00043182,6.5441e-05,8.8534e-05,9.468e-05,9.2123e-05,9.1538e-05,0.00019363,2.9606e-05,0.00017871,0.00010691,3.4812e-05,2.8267e-05,0.00014728,2.4829e-05,4.3684e-05,7.1837e-05,0.00014573,5.2392e-05,9.3693e-05,0.0001389,4.474e-05,0.00010695,0.00012757,0.00014771,9.6871e-05,0.00011963,6.6991e-05,4.9228e-05,0.00015448,2.1137e-05,1.9798e-05,-8.1151e-05,3.434e-05,6.4278e-05,0.00011257,0.00015381,8.7106e-05,0.00013598,6.4588e-05,5.5024e-05,0.00015638,2.5106e-05,0.00018339,5.1677e-05,3.6357e-05,1.9474e-05,6.6903e-05,-3.5458e-05,0.00011782,8.4036e-05,0.00015437,2.9643e-05,0.00017399,0.00017731,7.5231e-05,6.644e-05,2.3277e-06,0.00021535,0.00033798,5.1428e-05,8.7612e-05,9.3577e-05,0.00011949,0.00024309,0.00019259,7.5979e-05,7.4048e-05,0.0001327,9.6191e-05,0.00011056,0.00020954,0.0001839,3.8875e-05,0.00013152,7.5108e-05,0.00011185,0.00025675,7.0064e-05,5.069e-05,0.00010326,0.00023459,0.00019716,0.00017791,8.7445e-05,9.1577e-05,0.00017077,0.00012574,0.0001497,0.00017637,0.00021549,7.3287e-05,8.8268e-05,7.3615e-05,0.00017354,0.00010273,0.00021253,0.00011032,0.00019763,6.1461e-05,0.00014033,0.00017035,7.996e-05,0.00020089,0.00016799,0.00016227,0.0002197,2.147e-05,8.9649e-05,0.00011296,8.2475e-05,3.0435e-05,0.0002279,0.00016199,0.00035566,0.0001358,0.00016526,0.00018409,0.00012258,3.1496e-05,5.8434e-05,8.4569e-05,0.00010961,7.3527e-05,0.00017825,-6.6536e-06,0.00029935,0.00017592,0.00018221,0.00024719,0.00027391,8.8564e-05,4.6812e-05,0.00018471,0.00015677,0.00010915
0.0001613,0.00027016,8.4785e-05,0.00011231,5.8237e-05,0.00012052,-2.2754e-05,0.00019927,0.0001714,2.307e-06,0.00020415,0.00018887,8.6931e-05,0.000174,0.00018413,0.00011579,3.4552e-05,0.00016596,8.6069e-05,0.00018654,4.5941e-05,0.00012594,0.00010228,0.00013268,0.00024796,0.00013688,0.00012337,7.0684e-05,8.7865e-05,0.00016921,0,0.00012881,9.2924e-05,3.01e-05,9.2325e-05,0.00014608,0.00014791,0.00014255,8.2653e-05,0.00012807,0.00011921,8.4474e-05,8.7293e-05,5.8129e-05,0.00010086,8.9982e-05,0.00013762,5.3456e-05,-1.0697e-05,9.6314e-05,0.00015753,0.000301,-0.0001151,0.00013264,2.355e-05,7.7013e-05,0.00018918,0,0.00014395,0.00013334,0.00011112,4.5053e-05,0.00013943,-9.1197e-05,0.00013876,0.00016586,3.5094e-05,9.1954e-06,6.0774e-05,0.0001204,0.00011125,0.00017045,6.9376e-05,0.00021862,0.00011058,-1.8356e-05,5.2016e-05,0.00010774,4.3909e-05,8.3291e-05,7.7541e-05,0.0002305,6.3671e-05,8.0882e-05,0.00013223,7.5668e-05,0.00016274,8.4885e-05,0.0001033,0.00010248,7.2581e-05,0.0001119,6.974e-05,0.00017023,-4.3326e-05,-9.4133e-06,-2.857e-05,1.1159e-05,1.7166e-05,0.00012862,0.00014618,8.3565e-05,9.7936e-05,4.1448e-06,3.3841e-05,3.0243e-05,0.00010861,0.0001797,7.7147e-05,6.9449e-05,-1.662e-06,7.3173e-05,-0.00012314,0.00011763,5.5657e-05,6.2148e-05,2.1064e-05,0.00019853,9.038e-05,7.3314e-05,-5.9413e-06,-3.6917e-05,0.00018942,6.4407e-05,9.7343e-05,4.9951e-05,5.8259e-05,8.1463e-05,0.00010375,0.00017392,0.00011846,6.1059e-05,9.8579e-05,0.00010746,0.00014083,0.00013912,0.00012324,0.00013744,0.00013611,8.291e-05,-2.0563e-05,0.00012921,3.1073e-05,7.8216e-05,4.9183e-05,0.00011402,1.6758e-06,0.00014616,4.3398e-05,0.00011108,0.00019087,0.00014271,3.6042e-05,9.5593e-05,0.00012604,0.00016967,0.00014643,9.6058e-05,0.00013105,0.00011848,0.00015983,0.00012716,0.00014841,7.838e-05,0.00014239,7.4759e-05,9.4878e-05,0.00016174,0.00011972,0.00010308,0.0001945,1.385e-05,0.00013516,0.00012881,2.5728e-05,8.6492e-05,0.00017974,0.00011341,0.00012374,0.00012666,0.00011398,0.00015531,0.00019769,-4.4313e-05,7.0953e-05,7.6281e-05,0.00014214,0.00012887,0.00011345,4.1812e-05,6.7347e-05,0.00012131,6.5404e-05,0.00012343,0.00012916,4.2975e-05,4.5039e-05,0.00017257,0.00015632,0.00013676
0.00010733,8.4785e-05,0.00010851,8.6195e-05,5.3164e-05,7.5234e-05,1.6864e-05,9.937e-06,8.9914e-05,2.244e-05,0.00010539,6.838e-05,8.0506e-05,0.00010237,0.00012785,5.9529e-05,9.7326e-05,1.0608e-05,6.3888e-05,0.00012279,-1.0769e-05,-5.3086e-05,7.195e-05,0.00010872,0.0001912,7.85e-05,3.5573e-05,2.9884e-05,6.3128e-05,9.6186e-05,0,-2.3071e-05,9.2227e-05,1.716e-05,4.6028e-05,5.5106e-05,3.9833e-05,7.9734e-05,5.206e-05,8.2837e-05,7.6331e-05,4.9399e-05,4.8759e-05,5.8406e-05,8.2603e-05,4.1543e-05,4.0406e-05,3.9547e-05,-0.00017351,7.2917e-05,0.00013792,0.00012997,2.5038e-05,4.5663e-05,3.3999e-05,4.9891e-05,9.4864e-05,0,9.795e-05,4.7601e-05,5.9937e-05,2.8212e-05,6.4137e-05,3.2288e-05,8.5616e-05,0.00012679,1.2033e-05,3.2195e-05,3.9427e-05,7.9435e-05,5.9974e-05,4.9783e-05,5.3398e-05,9.4319e-05,8.7067e-05,3.4625e-05,2.0226e-05,8.3884e-05,-2.8209e-06,5.0363e-05,3.8435e-05,0.00014269,5.2004e-05,5.8128e-05,7.7006e-06,4.7845e-05,8.0568e-05,6.6986e-05,5.9046e-05,7.0926e-05,1.1319e-05,7.4356e-05,1.185e-05,7.3284e-05,4.9035e-07,3.1002e-05,-1.6332e-05,2.3215e-05,3.6801e-05,7.9415e-05,0.00010816,6.4755e-05,3.5022e-05,3.862e-05,5.7534e-05,4.2726e-05,6.7475e-05,8.4189e-05,2.6578e-05,5.4148e-05,1.3436e-05,2.2294e-05,-2.3077e-06,7.6586e-05,6.3774e-05,6.3331e-05,9.6555e-06,8.89e-05,7.0359e-05,5.0483e-05,3.4204e-05,2.1618e-05,0.00010672,2.3302e-05,1.7503e-05,4.7154e-05,5.7034e-05,6.6213e-05,5.3883e-05,9.2596e-05,4.1624e-05,5.4337e-05,5.7192e-05,3.9623e-05,5.237e-05,8.0866e-05,6.8521e-05,5.953e-06,7.6132e-05,3.5365e-05,5.8875e-06,9.0096e-05,-9.4025e-07,1.7212e-05,8.6743e-06,0.00010374,2.2146e-05,0.00011349,4.0632e-05,6.3862e-05,0.00010723,5.8986e-05,5.3157e-05,0.00010689,0.00010779,4.3818e-05,2.2014e-05,6.8237e-05,8.4671e-05,7.4009e-05,0.00011319,2.3476e-05,9.7811e-05,5.8879e-05,6.4606e-05,6.6012e-05,4.8708e-05,9.0112e-05,7.0533e-05,7.0948e-05,8.2901e-05,1.7202e-05,6.0515e-05,4.4565e-05,5.9636e-05,4.6812e-05,0.00010812,8.5275e-05,0.00011042,7.5668e-05,8.6983e-05,7.7473e-05,4.6178e-05,3.5651e-05,3.2753e-05,4.5531e-05,7.8622e-05,7.0407e-05,9.8405e-05,2.1077e-05,9.3458e-05,8.9857e-05,5.6164e-05,8.1913e-05,8.0178e-05,2.9778e-05,4.3377e-05,7.647e-05,8.3308e-05,8.0886e-05
0.00013114,0.00011231,8.6195e-05,0.00022273,8.9621e-05,3.6952e-05,4.0205e-05,5.0686e-05,0.0001798,1.3791e-05,0.00015954,0.00016032,0.00010419,0.00010521,0.00018187,0.00010693,0.00013187,0.00018509,0.00011612,0.00024976,7.469e-05,0.00011448,0.00012764,0.00016556,0.00034833,0.00011274,5.845e-05,0.00010774,6.7001e-05,0.00013013,0,0.00016229,9.492e-05,9.9599e-05,0.0001491,0.00015759,-3.0335e-05,0.00013076,-3.8453e-06,9.3804e-05,9.6225e-05,7.5644e-05,0.00010474,6.3428e-05,0.00012301,9.1979e-05,9.8319e-05,9.4008e-05,0.00022147,0.00010967,0.00014972,0.00034484,6.2746e-05,0.00013877,-2.8798e-06,7.9639e-05,5.1349e-05,0,0.00018896,0.00011694,0.00012768,3.0311e-05,0.00011864,1.4269e-05,0.00016015,0.00015332,8.9015e-05,8.4783e-05,8.8244e-06,0.00011155,8.1665e-05,0.00016148,7.5085e-07,0.00019989,0.00012287,8.4619e-05,1.6722e-05,0.0001036,7.1953e-05,0.00010729,0.00012875,0.00023755,0.00015988,6.7792e-05,9.2475e-05,9.8321e-05,0.00016613,0.00010332,0.00011888,0.00013101,2.1489e-05,0.00014523,6.1077e-05,0.00016666,1.5076e-06,2.6154e-05,-2.8998e-05,2.1438e-05,4.7799e-05,0.00023072,0.00015335,0.00015597,9.8757e-05,5.1911e-05,5.7542e-05,0.00011435,0.0001059,0.00015038,8.6412e-05,8.2663e-05,-1.2705e-05,5.4493e-05,4.9014e-05,0.00013905,6.7292e-05,0.00016979,3.8492e-05,0.00015112,0.0001401,4.7037e-05,7.0011e-05,0.00010947,0.00017233,8.8066e-05,0.00013395,4.9239e-05,0.00010399,0.00013243,7.8051e-05,0.00018609,0.00013477,6.618e-05,0.00011694,9.326e-05,0.00010985,0.00014324,8.6395e-05,0.00016086,0.00014261,6.7785e-05,5.6026e-05,0.00013151,6.9919e-05,6.3746e-05,0.0001438,0.00018144,-2.2795e-05,0.00013771,3.1377e-05,0.00011404,0.00019697,0.00012505,0.00010996,0.00020679,0.00022859,8.7263e-05,9.3274e-05,9.3915e-05,0.00012653,0.00011652,0.0002125,0.00012333,0.00012898,0.00012374,8.6068e-05,0.00013539,0.00010135,9.8029e-05,0.00010503,0.00013647,0.00017943,2.7595e-05,0.00014589,0.00015473,0.00013466,0.00010326,0.00018236,0.00013381,0.00011703,0.00014996,0.00012538,0.00019349,0.00023773,6.9433e-05,0.00012514,6.072e-05,0.00014022,8.6619e-05,0.00014062,4.4068e-05,6.4685e-05,0.00014842,0.00014644,9.3441e-05,5.3183e-05,7.0203e-05,8.5794e-05,0.00011312,0.00016068,0.00015003
8.5212e-05,5.8237e-05,5.3164e-05,8.9621e-05,8.1244e-05,3.8437e-05,1.1869e-05,4.2148e-05,6.1361e-05,2.5155e-05,8.3465e-05,6.0438e-05,6.2122e-05,5.0059e-05,8.8217e-05,6.1468e-05,9.6033e-05,9.0461e-05,6.1298e-05,0.00013076,2.729e-05,1.7886e-05,6.0561e-05,0.00010729,0.00013942,7.0818e-05,3.3296e-05,5.9375e-05,4.4773e-05,7.1083e-05,0,6.0823e-05,6.1195e-05,1.752e-05,5.627e-05,6.2393e-05,1.2859e-06,7.8071e-05,4.8938e-05,5.3556e-05,5.5777e-05,5.1979e-05,6.6035e-05,4.0422e-05,6.9899e-05,4.7414e-05,4.082e-05,3.9042e-05,0.00012586,8.0865e-05,0.00013618,0.00016457,-3.9719e-05,7.988e-05,8.4151e-06,4.6537e-05,7.5768e-05,0,0.00011094,6.3486e-05,5.4088e-05,3.1647e-05,6.2992e-05,-7.9178e-07,7.1147e-05,9.3444e-05,4.8451e-05,4.3593e-05,1.2979e-05,6.8488e-05,5.2169e-05,9.5533e-05,1.8671e-05,0.00012408,7.0012e-05,4.6343e-05,1.6724e-05,5.3466e-05,3.3734e-05,4.0408e-05,6.4736e-05,0.00011252,5.0459e-05,3.4433e-05,-3.3342e-06,4.6664e-05,6.5068e-05,6.1955e-05,7.5452e-05,7.2833e-05,5.9407e-05,8.8568e-05,3.8599e-05,6.4387e-05,-2.3682e-05,1.3782e-05,-1.4684e-05,6.7688e-07,2.6371e-05,0.00010512,9.6072e-05,8.1863e-05,5.1627e-05,2.4873e-05,4.191e-05,0.00013443,6.9354e-05,8.5464e-05,4.4362e-05,5.3656e-05,-3.6877e-05,3.858e-05,2.9656e-05,6.9135e-05,7.4552e-05,7.2873e-05,-7.1586e-06,8.3284e-05,7.7136e-05,3.1609e-05,2.2502e-05,2.5535e-05,7.0246e-05,6.3742e-05,6.5301e-05,3.825e-05,5.5897e-05,7.0664e-05,4.7089e-05,0.00010178,5.3452e-05,5.6378e-05,5.1238e-05,6.7981e-05,5.9072e-05,8.2767e-05,5.0577e-05,7.353e-05,8.7219e-05,4.3554e-05,2.0048e-06,6.8565e-05,2.0178e-05,2.2355e-05,7.532e-05,0.00011753,-7.3196e-06,9.0844e-05,1.0639e-06,5.0036e-05,8.844e-05,6.3654e-05,5.3368e-05,0.00010195,0.00011327,5.529e-05,8.4874e-05,5.5032e-05,7.2697e-05,8.9808e-05,9.4647e-05,5.4089e-05,5.3812e-05,5.8365e-05,5.5712e-05,6.2772e-05,4.6287e-05,0.00015515,6.827e-05,6.7912e-05,9.6274e-05,1.4208e-05,7.4544e-05,7.2739e-05,6.6485e-05,2.2301e-05,8.3765e-05,9.1985e-05,8.0495e-05,8.1525e-05,4.854e-05,8.6642e-05,0.00011979,6.224e-05,6.7853e-05,2.8254e-05,7.0973e-05,5.1471e-05,7.8476e-05,5.1894e-05,6.7685e-05,8.3947e-05,4.7653e-05,7.4545e-05,5.285e-05,3.7755e-05,3.3404e-05,6.5025e-05,8.5172e-05,6.254e-05
0.00018337,0.00012052,7.5234e-05,3.6952e-05,3.8437e-05,0.00025422,2.7942e-05,4.7543e-05,7.1543e-05,3.6946e-05,0.00013356,9.2634e-05,4.8441e-05,0.00010391,0.00013467,4.8791e-05,0.00011031,4.9384e-06,4.6778e-05,0.00012882,-4.8984e-06,7.4793e-06,0.00014516,8.3281e-05,0.00021452,3.9828e-05,3.6401e-05,1.0751e-05,0.00016176,9.8008e-05,0,-3.5015e-05,0.00012291,1.9529e-05,1.7454e-05,7.5795e-05,8.8427e-05,0.00011391,0.00018075,9.4887e-05,4.7396e-05,5.5561e-05,8.0092e-05,9.7757e-05,4.6904e-05,4.8273e-05,4.7918e-05,-8.1374e-08,-0.00034609,0.00010749,0.0001861,0.00016612,8.8971e-05,6.6113e-05,0.00013212,0.00014807,5.1396e-05,0,4.4641e-05,-5.1485e-06,5.8698e-05,9.8498e-05,5.2166e-05,4.3071e-05,9.1452e-05,0.00024028,7.5632e-05,6.2835e-05,5.4025e-05,7.3009e-05,6.4674e-05,4.19e-05,6.8502e-05,8.4133e-05,6.714e-05,4.987e-05,1.7532e-05,9.887e-05,-2.2896e-05,1.3822e-05,1.4503e-05,7.5192e-05,8.6324e-06,8.5123e-05,0.00013183,2.6012e-05,5.063e-05,9.6802e-05,5.8399e-05,9.7642e-05,6.9023e-05,6.7748e-05,-1.6149e-05,9.0714e-05,-1.5597e-05,3.0721e-06,-5.2915e-05,4.4378e-05,5.8383e-05,4.1096e-05,8.5782e-05,4.1898e-05,7.0868e-05,9.1221e-05,1.0329e-05,0.00019626,1.7696e-05,8.5193e-05,-1.928e-06,3.2761e-05,-1.4408e-06,7.7705e-05,-9.7211e-05,5.3981e-05,0.00010525,2.9499e-05,3.5757e-06,0.00010251,5.9329e-05,6.1534e-05,1.4282e-05,-1.6169e-05,0.0001287,0.00028519,-4.8818e-06,4.6345e-05,5.8962e-05,4.9507e-05,0.00013196,9.0109e-05,3.1748e-05,9.7184e-05,3.099e-05,5.6255e-05,5.7887e-05,0.0001406,0.00011958,3.2808e-06,9.3342e-05,6.1506e-05,-3.4327e-05,9.4482e-05,-1.8323e-05,9.3025e-05,6.2872e-05,0.00012089,6.3359e-05,0.00013043,0.00011166,4.4578e-05,1.2395e-05,6.7841e-05,4.1471e-05,8.0721e-05,0.00011753,0.00011125,-3.6888e-05,7.6294e-05,9.5195e-05,0.00010469,0.00012742,7.7073e-05,0.00017862,4.638e-05,9.7611e-05,0.00010627,7.263e-05,0.000209,0.0001068,7.3107e-05,0.00010606,2.078e-05,6.4895e-05,6.1969e-05,2.7557e-05,8.7307e-07,9.8555e-05,0.00014665,0.00031111,6.6714e-05,0.00012175,0.00013716,4.037e-05,3.7315e-05,3.3746e-05,5.3551e-05,7.7228e-05,5.259e-05,5.1066e-05,1.838e-05,0.00017999,0.00010519,6.5396e-05,0.00018911,0.00022281,0.00011338,4.3731e-05,0.00012661,7.9942e-05,5.0506e-05
-7.5274e-05,-2.2754e-05,1.6864e-05,4.0205e-05,1.1869e-05,2.7942e-05,0.0002403,1.5147e-05,2.4878e-05,2.8053e-05,-8.4037e-06,1.0029e-05,7.3305e-05,1.071e-05,5.8737e-05,2.2395e-05,0.00010539,-1.3549e-05,3.2671e-05,4.4462e-05,2.732e-06,8.3264e-06,-3.2093e-05,-2.2929e-05,6.7558e-05,-2.2999e-06,-1.1872e-06,-1.2257e-07,5.6704e-05,2.4664e-05,0,-2.0221e-05,3.8741e-05,1.2262e-05,8.1881e-05,4.0128e-05,-0.00010493,-2.3163e-05,-1.9497e-06,3.2531e-05,3.8202e-05,2.6698e-05,4.9412e-05,2.2376e-05,4.6548e-05,2.1868e-05,-2.6988e-05,2.1437e-05,4.6557e-05,0.00011058,2.4474e-06,-3.3452e-05,7.2985e-05,-1.0626e-05,6.4517e-05,5.4938e-05,-5.116e-05,0,3.176e-05,1.0689e-05,4.2298e-05,-8.2985e-05,-2.606e-06,0.00013155,4.6993e-05,-5.1288e-05,-4.2023e-06,6.7423e-05,2.7711e-05,2.8859e-05,3.758e-05,-7.7474e-05,1.011e-05,-3.0574e-05,2.3661e-05,9.9179e-05,-2.6112e-05,4.6644e-05,3.3227e-05,3.841e-05,-7.5985e-06,1.3785e-05,-3.3004e-05,1.1656e-05,1.449e-06,2.2242e-05,6.4605e-05,5.8804e-05,-1.9258e-05,4.7957e-05,-9.7428e-05,5.8863e-05,-5.7929e-05,2.5486e-05,2.9595e-05,3.4989e-05,2.0992e-05,8.4247e-06,3.4844e-05,4.2947e-05,4.9997e-05,5.2493e-05,-2.0345e-05,0.00010604,3.7522e-05,0.00015152,5.7423e-05,-3.6072e-06,1.9189e-05,4.5063e-05,2.8834e-05,-9.4762e-06,0.00012441,7.216e-05,4.9456e-05,9.2638e-05,3.6821e-05,-4.8972e-05,-2.1882e-05,2.0651e-05,6.0478e-05,7.9389e-05,1.366e-05,6.0273e-05,2.3216e-05,-3.1072e-05,3.1477e-05,6.7927e-05,-0.00016455,1.098e-05,6.9539e-05,6.2534e-05,-5.2665e-05,5.9536e-05,2.6172e-05,5.0297e-05,3.9837e-05,1.0518e-05,5.6213e-05,-2.2969e-06,-9.6678e-05,-3.0383e-05,7.2299e-06,3.7666e-05,6.6109e-05,5.7569e-06,-9.1058e-05,4.8751e-05,1.8749e-06,2.1442e-05,4.5746e-05,9.2493e-06,3.2863e-05,4.8769e-05,3.1167e-05,-2.6543e-05,-0.0001091,4.0495e-06,4.7436e-05,6.984e-05,4.4485e-05,-3.1052e-05,5.4881e-05,5.9189e-05,1.848e-05,9.0317e-05,1.8914e-06,0.00018921,1.8767e-05,5.0374e-05,-1.2809e-05,2.4108e-05,0.00013285,-4.6858e-06,7.1327e-05,8.5293e-06,-1.3313e-05,7.6171e-06,5.6188e-05,2.3198e-05,-2.6913e-05,6.6897e-05,-4.5735e-06,7.7887e-05,5.5167e-05,3.5361e-05,5.8432e-05,1.8072e-05,7.4034e-05,-2.1368e-05,5.7296e-05,5.5032e-05,6.1531e-05,-2.38e-05,-1.1119e-05,6.1814e-05,5.663e-05,-3.4655e-06,1.2671e-05,3.9973e-05
0.0001009,0.00019927,9.937e-06,5.0686e-05,4.2148e-05,4.7543e-05,1.5147e-05,0.00042217,0.00014553,5.6671e-05,9.4407e-05,0.00022218,4.4343e-05,8.0319e-05,0.00011714,4.8927e-05,7.9437e-05,0.00023856,7.4813e-05,0.00012566,0.0001558,0.00020485,8.4538e-05,5.8235e-05,0.00013476,0.00011123,0.0001116,0.00010305,3.0142e-05,0.00012806,0,0.00021469,3.8377e-05,7.931e-05,0.00014323,0.00010544,0.00017926,6.3663e-05,2.1589e-05,8.3765e-05,6.1562e-05,0.00010518,7.9879e-05,2.6949e-05,9.9362e-05,0.00010207,0.00015111,0.00011803,0.00037323,9.4482e-05,0.00016425,0.00023372,-0.00026282,0.00013969,2.7631e-05,0.00010131,0.00024914,0,0.00010112,0.00014889,0.00012795,-1.7078e-05,0.00012294,-4.12e-06,0.00011631,2.3328e-05,-4.0351e-07,4.2925e-05,9.6006e-05,0.00011014,7.406e-05,0.00017286,9.8339e-05,0.00023234,8.2985e-05,1.7333e-05,9.1639e-05,6.9191e-05,0.00011996,7.8277e-05,8.8486e-05,0.00020965,5.8021e-05,5.8028e-05,0.00016325,5.8826e-05,0.00012793,6.1297e-05,0.00010497,8.3577e-05,0.0001163,9.2239e-05,4.9344e-05,0.00012535,-8.4825e-05,4.0276e-05,-2.8349e-06,3.7425e-05,3.4481e-05,0.00013463,0.0001325,5.9881e-05,4.1418e-05,2.3088e-06,5.3706e-05,0.00015186,0.00011591,0.00011521,0.00011703,2.959e-05,6.2054e-05,6.3536e-05,-0.00011893,0.00012554,4.8577e-05,5.6574e-05,6.7159e-06,0.00018832,4.677e-05,-3.6826e-06,1.8922e-06,3.8651e-05,0.00011072,6.5244e-05,0.00015531,4.1735e-05,2.8621e-05,2.2097e-05,-9.725e-06,0.00014701,0.00012292,7.7747e-05,4.2453e-05,0.00014048,9.3537e-05,0.00015201,5.4439e-05,0.00018726,9.2112e-05,9.3492e-05,2.0477e-05,5.9047e-05,1.7866e-05,8.2602e-05,4.688e-05,4.7536e-05,-1.7421e-05,6.3791e-05,9.0758e-05,0.00011845,0.00018981,0.00012809,-4.8479e-06,8.1691e-05,6.0526e-05,0.00019803,0.00015117,0.00010081,0.00011602,0.00010728,5.6724e-05,0.0001721,7.0484e-05,8.971e-05,0.00011701,6.6922e-05,8.444e-05,0.00025735,6.8409e-05,0.00011217,0.00013232,5.7094e-05,6.9052e-05,0.00015823,6.3499e-05,5.4423e-05,0.00016513,-1.8643e-05,-1.3978e-06,0.00013264,3.2678e-05,8.7803e-05,0.00021231,-3.7637e-05,0.00014978,8.2815e-05,9.2394e-05,0.00012504,3.3238e-05,4.1094e-05,-3.5673e-06,6.6736e-05,4.6741e-05,7.0088e-05,9.8741e-05,7.2702e-05,7.7514e-05,0.00011031,0.00012431,0.00013052
0.00012106,0.0001714,8.9914e-05,0.0001798,6.1361e-05,7.1543e-05,2.4878e-05,0.00014553,0.00029028,3.8079e-05,0.00018509,0.00026049,9.2345e-05,0.0001509,0.00021495,8.6922e-05,9.6161e-05,0.0001234,0.00013426,0.00023524,0.00013383,2.4054e-05,0.00018184,0.00012416,0.00031487,0.00010169,9.6454e-05,8.1106e-05,2.4789e-05,0.00018501,0,9.3342e-05,0.00013431,0.00013346,0.00016482,0.00014355,0.00010841,8.8951e-05,-1.987e-05,0.00013272,0.0001124,8.8458e-05,8.3362e-05,7.644e-05,0.00016237,0.00010217,0.00011512,8.857e-05,6.1791e-05,9.5844e-05,0.00012499,0.00033809,2.8281e-06,0.00011424,-8.5913e-07,0.00018594,0.00012962,0,0.00017838,0.00012187,9.1622e-05,2.9917e-05,0.00014632,-2.6634e-06,0.00018859,0.00013904,4.8618e-05,7.8076e-05,1.8052e-05,0.00015153,9.2398e-05,0.00018355,8.3491e-05,0.00022446,0.00013876,1.1221e-05,3.1046e-05,9.989e-05,8.8409e-05,0.00010971,0.00011483,0.00026593,0.00015349,8.3995e-05,1.7727e-05,0.0001062,0.00019553,0.0001043,0.00011609,0.00012528,6.7625e-05,0.00013557,9.1845e-05,0.00021714,1.995e-05,5.9209e-05,-2.6284e-05,3.9193e-05,5.4731e-05,0.00022973,0.00017053,0.00015243,5.1292e-05,2.0716e-05,8.4856e-05,0.00019743,0.00014575,0.00017308,9.8217e-05,8.3782e-05,-4.787e-06,6.6603e-05,-4.3945e-05,0.00015573,0.00011123,0.00014453,2.4349e-05,0.00018953,0.0001536,2.5539e-05,4.2767e-05,0.00011009,0.00019242,0.00012914,0.00015271,5.9647e-05,8.2432e-05,6.3495e-05,6.0842e-05,0.00017911,0.00014743,4.917e-05,9.1658e-05,9.7181e-05,0.00010519,0.0001955,8.7638e-05,9.5381e-05,0.00015237,7.6965e-05,-2.2124e-05,0.00012775,6.0861e-05,6.6722e-05,0.00011077,0.00021919,1.079e-05,0.00012758,0.00010767,0.00014495,0.00022249,0.00013791,0.00010678,0.00020227,0.00021311,0.00017885,3.4063e-05,0.00014042,0.00011115,0.00012766,0.00018941,0.00013055,0.00012134,0.00012166,0.00015076,0.00013226,0.0001243,0.00013118,5.5315e-05,0.00011052,0.00021765,3.5668e-05,0.00010674,0.00012662,0.00011148,0.00013,0.00020064,0.00012376,4.8254e-05,0.0001373,0.00018892,0.00017693,0.00017181,1.3348e-05,0.00012542,9.8587e-05,0.00014064,0.00015679,8.7481e-05,3.1183e-05,8.8099e-05,0.0001221,0.00014511,0.00014889,8.7755e-05,0.00012845,0.0001113,0.00014702,0.00016676,0.00013539
2.1652e-05,2.307e-06,2.244e-05,1.3791e-05,2.5155e-05,3.6946e-05,2.8053e-05,5.6671e-05,3.8079e-05,8.3566e-05,1.7631e-05,6.0048e-05,3.6728e-05,1.8047e-05,3.4698e-05,3.9643e-05,7.0215e-05,2.2858e-05,4.8462e-05,3.8451e-05,3.9728e-05,4.2494e-06,7.3785e-05,3.0335e-05,3.9191e-05,9.4445e-06,2.6332e-05,1.4189e-05,5.142e-06,3.689e-05,0,9.51e-07,5.8911e-05,3.979e-05,5.8283e-05,7.258e-06,-4.1103e-06,2.8794e-05,-7.2215e-06,3.6759e-05,1.8376e-05,2.9142e-05,2.9668e-05,2.54e-05,5.3203e-05,5.0155e-05,-5.7708e-06,2.8509e-05,-7.6056e-05,4.9447e-05,0.00010748,6.8885e-05,-3.203e-05,3.6395e-05,2.1338e-05,7.1187e-05,2.9968e-05,0,2.3813e-05,1.7172e-05,3.014e-05,-9.2367e-06,3.4602e-05,8.0962e-05,3.9579e-05,2.5481e-05,2.074e-05,3.9691e-05,4.0462e-05,4.2344e-05,2.6958e-05,1.5123e-05,6.6378e-05,4.6451e-05,3.0996e-05,-1.0822e-05,2.5024e-05,7.6747e-06,3.9865e-05,2.637e-05,2.394e-05,2.0094e-05,3.1096e-05,4.8365e-05,3.337e-05,2.4742e-05,3.7524e-05,4.2528e-05,5.3576e-05,5.2911e-05,2.6658e-05,2.5595e-05,6.5127e-06,2.5705e-05,-1.6543e-05,5.242e-05,-1.7801e-06,9.8781e-06,2.9634e-05,4.1333e-05,3.7786e-05,4.7047e-05,-3.3646e-05,9.806e-06,3.2567e-05,0.00020832,3.0004e-05,4.1874e-06,1.901e-05,1.9446e-05,2.8794e-05,3.7136e-05,5.2095e-05,3.9164e-05,4.2409e-05,3.2575e-05,-1.1833e-05,5.826e-05,1.2242e-05,1.304e-05,2.6102e-05,3.6995e-05,2.2562e-05,5.2519e-05,2.8859e-05,2.8441e-05,3.427e-05,-1.0406e-05,-1.4971e-05,3.867e-05,3.0002e-05,1.8565e-05,-2.6699e-06,3.7671e-05,-5.7151e-07,7.1522e-05,9.9307e-06,-2.1884e-06,3.5052e-05,2.1088e-05,2.0262e-05,-7.59e-06,-1.1214e-05,2.0758e-05,2.4017e-05,6.7356e-05,-6.7533e-07,2.1848e-05,8.4352e-05,4.0267e-05,9.9583e-06,3.423e-05,2.0824e-05,7.29e-05,3.9305e-05,6.8574e-05,-3.8387e-05,5.4664e-05,4.7073e-05,2.8515e-05,3.4881e-05,4.9837e-05,1.2597e-05,4.3762e-05,2.998e-05,3.9526e-05,3.2055e-05,0.00012633,3.6821e-06,1.6761e-05,2.0859e-05,2.237e-05,-2.7952e-05,1.4801e-05,6.2539e-05,3.1569e-05,2.0171e-05,2.7438e-05,2.4806e-05,2.6522e-05,9.3903e-08,9.5158e-06,1.3232e-05,3.7569e-05,5.051e-05,2.6287e-05,2.0092e-05,4.1387e-05,1.1936e-06,2.024e-05,5.0454e-05,3.9622e-05,2.2163e-05,6.7151e-05,1.4968e-05,4.9902e-05,4.7378e-05,1.9453e-05,3.0751e-05,3.4674e-05
0.00019796,0.00020415,0.00010539,0.00015954,8.3465e-05,0.00013356,-8.4037e-06,9.4407e-05,0.00018509,1.7631e-05,0.00026593,0.0001712,0.00010886,0.00018339,0.00021672,0.00014342,0.00011501,6.954e-05,0.00011152,0.00026602,3.687e-05,-2.5038e-05,0.00017137,0.00017477,0.00038702,0.00014815,8.3533e-05,3.8208e-05,0.00010915,0.0001867,0,1.0931e-05,0.00015877,6.0327e-05,0.00011186,0.00017865,9.0079e-05,0.00012951,0.0001141,0.00014593,0.00012087,9.8706e-05,0.0001178,6.8846e-05,0.00012342,7.6548e-05,8.12e-05,4.9916e-05,-0.00030237,0.00010145,0.00011951,0.00035566,-4.0611e-05,0.00013727,5.8072e-05,8.7618e-05,0.00010269,0,0.00017287,0.00010513,0.00012618,6.7871e-05,0.00015882,-1.518e-05,0.0001599,0.00023651,7.4698e-05,6.0062e-05,0.00011073,0.00014275,0.00011638,0.00019361,5.332e-05,0.00022684,0.00015235,-5.5032e-07,2.9002e-05,0.00011297,6.9634e-05,0.00010371,9.492e-05,0.00026075,0.00010804,8.098e-05,7.9406e-05,0.00011334,0.00016407,0.00014394,0.00013192,0.00012479,3.6972e-05,0.00012953,7.2119e-05,0.00017182,-1.4104e-05,-2.5613e-05,-2.7353e-05,1.7388e-05,3.1746e-05,0.00017279,0.00013051,0.00011633,9.6454e-05,3.6634e-05,4.3858e-05,6.2455e-05,0.00013588,0.0001975,5.6382e-05,9.5977e-05,-2.5286e-05,7.2807e-05,-6.3447e-05,0.00012597,8.7494e-05,5.5109e-05,1.4234e-05,0.00021481,0.00010057,9.4381e-05,2.8738e-05,-1.9279e-05,0.00022443,0.00011926,0.00010156,7.5883e-05,9.9291e-05,0.00013036,0.00013462,0.00021091,0.00011338,5.6491e-05,0.00012555,0.00011811,0.00013385,0.00017352,0.00016368,5.5212e-05,0.00016693,7.9568e-05,-8.2479e-06,0.00014361,5.3528e-05,7.4805e-05,0.00011427,0.00020476,3.1718e-05,0.00015261,4.8916e-05,0.00012197,0.00017576,0.00017156,5.0609e-05,0.00017823,0.00020895,0.00012986,8.5108e-05,0.00010031,0.00014535,0.00014506,0.00021407,0.00011635,0.00013287,7.8912e-05,0.00013596,0.00010009,9.609e-05,0.00013252,0.00011394,9.4309e-05,0.00020093,1.4051e-05,0.00016008,0.00011136,5.2665e-05,9.9267e-05,0.00021688,0.00014453,0.00015785,0.00013298,0.00013801,0.00020735,0.00013816,1.5369e-05,6.1542e-05,7.4305e-05,0.00018249,0.00012781,0.00015121,5.6216e-05,0.00019485,0.00015156,0.00011146,0.00015595,9.4937e-05,8.6738e-05,5.3962e-05,0.00018307,0.0001729,0.00012579
0.0001355,0.00018887,6.838e-05,0.00016032,6.0438e-05,9.2634e-05,1.0029e-05,0.00022218,0.00026049,6.0048e-05,0.0001712,0.00036749,8.1509e-05,0.00014045,0.00020746,9.7047e-05,0.00017159,0.00021843,0.00016191,0.00022945,0.0001671,0.00016738,0.00012048,0.00010896,0.00028072,0.00012616,0.00011048,9.7734e-05,1.9612e-05,0.00017854,0,0.00017573,0.0001202,0.00013449,0.00019172,0.00013756,0.00013108,9.522e-05,-3.9751e-05,0.00012395,0.00010587,9.3861e-05,0.00010482,7.9628e-05,0.00016575,0.00012794,0.00013934,0.00011516,0.00010317,0.00011055,0.00027066,0.00035427,-1.3609e-06,0.00016245,1.8974e-05,0.00023619,0.00014887,0,0.00014869,0.00012762,0.00013398,6.3007e-05,0.00014688,5.2999e-05,0.000206,0.0001503,7.5659e-05,7.0416e-05,4.4077e-05,0.00016283,8.9649e-05,0.0001749,0.0001269,0.00023284,0.00013693,4.6379e-05,5.8386e-05,8.3609e-05,0.00011135,0.00014073,0.00010815,0.0002347,0.00013058,0.00010903,0.00014549,0.00010493,0.00020772,0.00015739,0.00016687,0.00014101,6.3634e-05,0.00015841,9.9433e-05,0.00020276,-2.8143e-05,7.2807e-05,-5.4774e-05,6.0697e-05,6.2939e-05,0.00021661,0.00015454,0.00016494,6.7226e-05,-1.9049e-05,5.5351e-05,0.00018771,0.00012324,0.00017099,0.00011379,8.3707e-05,4.8157e-05,7.677e-05,-0.0001092,0.00018512,0.00011008,0.0001313,3.7668e-05,0.00019245,0.00012209,-6.9729e-06,4.1963e-05,0.00016314,0.00020322,0.00012028,0.00016878,4.8998e-05,0.00011556,3.4066e-05,0.00010345,0.00020837,0.00015957,7.0278e-05,8.2878e-05,0.0001154,0.00010297,0.00021455,7.3799e-05,0.00018946,0.00016165,8.0229e-05,5.6615e-05,0.00012168,3.968e-05,0.00012363,0.00014345,0.00023537,1.2851e-05,0.00013769,0.00017188,0.00014412,0.00021396,0.00014955,5.187e-05,0.00018777,0.00018823,0.00021905,7.6394e-05,0.00015051,0.00013177,0.00013506,0.00016882,0.00020361,0.00018608,0.00013886,0.00015362,0.00013471,0.00013235,0.00022164,6.4092e-05,0.00013826,0.00023245,5.9037e-05,4.969e-05,0.00017532,0.00013265,0.00013856,0.00016418,0.00011677,8.9315e-05,0.00015513,0.00010544,0.00013074,0.00023186,-1.2908e-05,0.00013115,8.8448e-05,0.00012185,0.00015822,2.8246e-05,1.195e-05,1.3583e-05,0.00012928,0.00011804,0.0001993,0.00014737,0.00010242,0.00010225,0.0001336,0.00018187,0.00015307
7.7854e-05,8.6931e-05,8.0506e-05,0.00010419,6.2122e-05,4.8441e-05,7.3305e-05,4.4343e-05,9.2345e-05,3.6728e-05,0.00010886,8.1509e-05,0.00014071,7.8711e-05,0.00012748,0.00010768,7.8473e-05,6.3781e-05,8.8721e-05,0.00015192,2.0108e-05,-2.7541e-06,9.275e-05,0.00012846,0.00021593,8.4009e-05,7.0455e-05,6.3176e-05,8.6894e-05,8.1397e-05,0,1.8281e-05,4.7383e-05,1.1238e-05,9.9739e-05,8.7476e-05,-6.6046e-06,9.3852e-05,3.642e-05,7.2396e-05,0.00010148,6.3815e-05,9.5106e-05,5.1156e-05,9.6836e-05,6.3365e-05,4.8732e-05,5.2538e-05,6.808e-05,9.0065e-05,0.0001148,0.00013517,3.1807e-05,5.9003e-05,5.6741e-05,5.0935e-05,-1.8058e-05,0,0.00011274,9.4091e-05,6.0964e-05,4.8703e-06,7.8458e-05,3.7098e-05,9.476e-05,8.8425e-05,2.1292e-05,6.9316e-05,1.1576e-05,8.2879e-05,9.4257e-05,7.4192e-05,2.3259e-05,0.00010647,9.6359e-05,2.746e-05,2.3392e-05,8.2453e-05,3.0747e-05,7.7012e-05,5.3282e-05,0.00013433,1.7212e-05,6.6958e-05,5.3448e-05,5.8516e-05,0.00011657,7.6608e-05,8.2407e-05,6.7979e-05,8.0161e-06,8.7591e-05,-1.5136e-05,8.8022e-05,-8.2306e-07,2.9041e-05,-2.4558e-07,-5.756e-06,3.7303e-05,0.00010106,0.00012314,9.1467e-05,3.5068e-05,9.1065e-05,6.6417e-05,0.00013747,0.00010107,8.8986e-05,5.6277e-05,5.6662e-05,-3.7259e-06,2.7746e-05,5.9343e-05,9.7617e-05,5.5369e-05,0.00011273,2.4545e-05,0.00010457,5.9718e-05,8.2092e-05,4.3553e-05,2.0432e-05,0.00011221,9.8315e-06,5.6965e-05,3.5051e-05,5.5023e-05,0.00010094,3.8458e-05,0.00011992,8.3647e-05,5.1311e-05,4.221e-05,8.2197e-05,8.5371e-05,0.00011552,8.0861e-05,6.7351e-05,0.00010821,3.3542e-05,2.2723e-05,8.2204e-05,1.8571e-05,3.1235e-05,5.8927e-05,9.415e-05,-1.4744e-05,0.00010439,8.0891e-06,5.2991e-05,0.00013377,9.0905e-05,7.1591e-05,0.00011895,0.00011817,5.1093e-05,7.8921e-05,4.3077e-05,0.00011645,9.4991e-05,0.00013871,4.8358e-05,7.9527e-05,8.3155e-05,7.6671e-05,6.4746e-05,3.6219e-05,0.00019771,8.715e-05,0.00010255,6.5463e-05,2.4122e-05,8.8221e-05,5.7896e-05,6.7154e-05,5.0223e-05,0.00010281,0.00010958,9.4882e-05,9.2575e-05,7.1576e-05,0.00012273,9.3231e-05,6.1838e-05,7.009e-05,4.368e-05,0.00010498,6.5244e-05,0.00012602,3.1934e-05,9.9615e-05,0.00011139,7.1101e-05,8.3676e-05,1.2142e-05,3.235e-05,2.5278e-05,7.5688e-05,0.00010438,0.00010943
0.00020171,0.000174,0.00010237,0.00010521,5.0059e-05,0.00010391,1.071e-05,8.0319e-05,0.0001509,1.8047e-05,0.00018339,0.00014045,7.8711e-05,0.00022368,0.00019048,0.00012092,0.00010453,3.206e-06,7.7756e-05,0.00015379,-2.753e-05,-0.00012368,3.6486e-05,0.00017317,0.00020186,0.00012675,5.3201e-05,1.5621e-05,8.3937e-05,0.00017488,0,-2.4284e-05,0.00011383,5.2214e-05,8.596e-05,0.00010149,8.1548e-05,0.000113,8.8731e-05,0.00012417,0.00012345,6.3444e-05,7.4045e-05,6.2868e-05,9.8144e-05,5.5216e-05,6.4628e-05,1.7232e-05,-0.00041882,6.8053e-05,-7.1026e-05,0.0002218,-0.00014517,7.1671e-05,8.7905e-06,8.933e-05,0.00016996,0,0.00012093,5.7855e-05,0.00013936,9.7941e-05,0.00012661,1.4046e-05,0.00010081,0.00023839,1.188e-05,2.7009e-05,0.0001153,0.00010835,0.00010016,9.7408e-05,6.7358e-05,0.00012823,0.00010759,-1.3896e-05,1.8095e-06,0.00010008,5.0912e-05,6.1596e-05,4.3348e-05,0.00016975,4.4985e-05,7.3224e-05,-4.0626e-05,6.5725e-05,0.00014951,0.00010875,9.3117e-05,8.3501e-05,-7.7941e-06,7.3527e-05,5.9041e-05,0.00014705,3.1545e-05,1.9408e-05,-2.6116e-05,2.0086e-05,3.7937e-05,8.4888e-05,0.00012483,6.9264e-05,4.1889e-05,6.9612e-06,5.8066e-05,7.2473e-06,8.2427e-05,0.00016252,2.9888e-05,7.3782e-05,4.7286e-05,3.8843e-05,-1.5699e-06,0.00012934,8.5056e-05,9.4625e-05,2.6865e-05,0.00013324,0.00010627,6.7074e-05,4.6306e-05,-3.9237e-05,0.00018492,0.00011919,4.6893e-05,4.4312e-05,8.1636e-05,8.6092e-05,9.2808e-05,0.00014089,9.8858e-05,2.5905e-05,9.2799e-05,8.1344e-05,0.00011616,0.00012514,0.00014999,-2.5878e-05,0.00013092,3.635e-05,-2.9541e-05,0.00014424,8.0848e-05,2.6857e-05,4.896e-05,0.00015045,9.461e-05,0.00013156,8.506e-05,0.00010146,0.00016786,0.00012962,8.6707e-05,0.00011516,0.00011859,6.8261e-05,-1.7593e-05,8.4572e-05,0.00013211,9.2484e-05,0.00016531,3.7844e-05,0.00012809,5.4708e-05,0.00012476,0.00010163,6.8373e-05,8.5753e-05,9.5101e-05,7.1609e-05,0.00016784,-2.7899e-06,0.00012119,4.2447e-05,6.4672e-05,9.4762e-05,0.00012487,6.0849e-05,9.0472e-05,8.5472e-05,0.00010379,0.00011668,4.4423e-05,-7.1113e-07,1.0354e-05,7.842e-05,0.00013431,0.00011947,0.00014748,-2.2681e-05,0.000163,0.00013533,9.425e-05,0.00011756,0.00013555,8.262e-05,4.6736e-05,0.00014593,0.00013119,0.00010652
0.00021776,0.00018413,0.00012785,0.00018187,8.8217e-05,0.00013467,5.8737e-05,0.00011714,0.00021495,3.4698e-05,0.00021672,0.00020746,0.00012748,0.00019048,0.00027596,0.00013544,0.00019976,9.0636e-05,0.00012376,0.00026507,0.00011324,1.2487e-05,0.00015898,0.00019245,0.00037308,0.00014325,7.9695e-05,6.4474e-05,0.00013465,0.00020945,0,2.3323e-05,0.00013994,9.7901e-05,0.00015966,0.00016954,0.00011263,0.00014451,9.4847e-05,0.00015135,0.00013635,0.00010468,0.00012748,9.9109e-05,0.00014435,9.3894e-05,0.00010893,7.5324e-05,-0.00013812,0.00013391,6.9279e-05,0.00030727,1.2501e-05,0.00011511,4.5198e-05,0.00016829,0.00014849,0,0.00018529,0.00011355,0.00017005,7.0979e-05,0.00014612,5.0068e-05,0.00018446,0.0002491,4.9714e-05,8.6472e-05,9.294e-05,0.00013325,0.00012035,0.00016336,8.1303e-05,0.00020043,0.00012848,8.9871e-05,3.2763e-05,0.0001463,7.2541e-05,9.8326e-05,0.00010567,0.00025163,8.7089e-05,9.0021e-05,0.000118,0.00010008,0.00020588,0.0001291,0.00013441,0.00014153,1.987e-05,0.00014899,4.4005e-05,0.00019385,2.1647e-05,4.1336e-05,-5.1461e-05,7.7182e-05,7.2342e-05,0.00020336,0.00018029,0.00016331,0.00010637,6.7935e-05,7.4132e-05,0.00012259,0.00011455,0.00018865,9.6285e-05,0.0001003,2.0695e-05,4.8425e-05,1.4137e-07,0.000186,0.00013926,0.00014753,5.3611e-05,0.00018511,0.00016351,7.8713e-05,7.9707e-05,7.0005e-05,0.00022933,0.00018481,0.00012313,6.5387e-05,0.00011992,0.00013991,0.0001075,0.00020379,0.00012559,0.00010256,0.00010882,0.00013748,0.00012832,0.00023281,0.00018,6.8941e-05,0.00019599,8.4916e-05,2.0711e-05,0.0001653,6.6583e-05,7.5939e-05,0.00010992,0.00025685,1.983e-05,0.0001981,4.7046e-05,0.00013692,0.00025962,0.00016552,0.00013123,0.00022108,0.00023261,9.7513e-05,4.4709e-05,0.00011421,0.00015883,0.00018531,0.00024534,0.00011458,0.00020535,0.00012329,0.00014997,0.00017438,0.0001131,0.00017721,0.00012909,0.00017539,0.00022832,3.3015e-05,0.00016593,0.00013717,0.00010966,8.7755e-05,0.00025002,0.00015173,0.00022316,0.00015752,0.00016929,0.00022549,0.0001476,5.2697e-05,0.00011195,0.0001091,0.00018003,0.00013303,0.00017172,2.3453e-05,0.00022292,0.00019109,0.00017297,0.00015298,0.00017909,0.00011363,8.4308e-05,0.00017494,0.00018337,0.00015588
9.7805e-05,0.00011579,5.9529e-05,0.00010693,6.1468e-05,4.8791e-05,2.2395e-05,4.8927e-05,8.6922e-05,3.9643e-05,0.00014342,9.7047e-05,0.00010768,0.00012092,0.00013544,0.00016882,9.2602e-05,6.3066e-05,6.9236e-05,0.00015278,4.0908e-05,-4.3341e-05,7.3676e-05,0.00012031,0.00021564,0.00011356,7.764e-05,2.5713e-05,6.4501e-05,0.00011659,0,6.932e-06,5.0888e-05,2.5061e-05,0.00010303,0.00012206,-6.4052e-06,0.00012136,2.4923e-05,8.0232e-05,0.00010785,6.3708e-05,9.1585e-05,3.7034e-05,6.6495e-05,5.6141e-05,3.8148e-05,1.78e-05,-0.00017991,5.3945e-05,3.0595e-05,0.00018518,-1.0823e-05,8.0676e-05,1.5341e-05,3.2728e-05,5.928e-05,0,0.00010511,6.9451e-05,0.00011215,4.1298e-05,9.5247e-05,3.1557e-05,8.9014e-05,0.00012648,2.8139e-05,3.7132e-05,6.0253e-05,6.3418e-05,9.9698e-05,9.7698e-05,3.896e-05,0.00010508,7.2199e-05,-6.5816e-07,6.2608e-06,5.5764e-05,6.1558e-05,4.9812e-05,6.231e-05,0.0001219,2.1866e-05,6.2049e-05,1.7556e-05,6.8253e-05,0.00014941,7.8625e-05,0.00010993,8.0561e-05,-3.9543e-05,8.5961e-05,2.2297e-05,0.00010273,-1.0843e-06,2.2005e-06,-1.6667e-05,1.5491e-05,2.8705e-05,8.9595e-05,8.2945e-05,8.637e-05,3.4545e-05,3.3502e-05,3.7437e-05,6.9398e-05,7.1252e-05,0.00010365,3.1781e-05,5.2968e-05,2.6068e-05,2.8866e-05,6.5176e-05,0.00010837,6.4714e-05,7.4706e-05,2.9325e-05,0.00012894,6.1097e-05,9.2107e-05,4.4566e-05,-6.2199e-05,0.00013639,1.6183e-05,7.7966e-05,2.696e-05,7.5025e-05,0.00010079,9.4688e-05,0.0001245,8.1093e-05,1.4673e-05,7.17e-05,8.9786e-05,0.00010803,0.00010378,0.00012147,3.3537e-05,0.0001303,3.0756e-05,4.2629e-05,6.188e-05,6.6798e-05,4.0521e-05,8.57e-05,0.00011507,2.8943e-06,9.0323e-05,5.9807e-07,6.1883e-05,0.00012764,0.00013482,6.8755e-05,0.00010809,9.9151e-05,4.4266e-05,2.7566e-05,3.7881e-05,0.00011056,9.6819e-05,0.00016908,5.8911e-05,8.2968e-05,5.9943e-05,7.8417e-05,6.6162e-05,5.7802e-05,9.2565e-05,9.3846e-05,7.4187e-05,0.00010669,-9.2851e-06,9.3473e-05,6.9587e-05,6.6166e-05,8.0735e-05,8.5884e-05,7.2914e-05,4.8626e-05,7.7303e-05,5.1251e-05,0.00012424,8.8913e-05,3.4547e-05,3.7683e-05,4.3439e-05,0.00013563,6.1974e-05,0.00013189,2.509e-05,0.00011523,0.00014055,6.282e-05,7.2532e-05,1.8836e-05,3.1524e-05,9.5896e-07,0.00010139,0.00011852,0.00010584
0.00016273,3.4552e-05,9.7326e-05,0.00013187,9.6033e-05,0.00011031,0.00010539,7.9437e-05,9.6161e-05,7.0215e-05,0.00011501,0.00017159,7.8473e-05,0.00010453,0.00019976,9.2602e-05,0.00037165,3.6577e-05,9.4583e-05,0.00019747,6.4437e-05,-1.0738e-05,2.5672e-05,0.00014039,0.00025972,0.00012815,4.762e-06,2.6968e-05,8.6522e-05,0.00014664,0,-3.3225e-05,0.00012664,6.478e-05,0.00013358,0.00011182,2.6395e-05,8.1164e-05,6.1855e-05,9.4439e-05,7.7052e-05,9.7794e-05,0.00010293,7.8744e-05,0.00010085,5.7959e-05,3.1492e-05,5.7425e-05,-0.0002289,0.00016035,0.00016763,0.00019843,3.2328e-05,8.7488e-05,7.6677e-05,0.00016688,0.00013905,0,0.00011141,1.364e-05,0.00017695,5.7931e-05,8.3363e-05,0.00021779,0.0001477,0.0001896,4.3292e-05,9.717e-05,0.00012623,8.9059e-05,7.3086e-05,4.3057e-05,8.3339e-05,0.00011358,8.4036e-05,0.00018658,2.5149e-05,0.00010312,9.6825e-05,6.1129e-05,6.5907e-05,0.00014118,3.8164e-05,6.7139e-05,0.0001303,6.0429e-05,0.00012657,0.00015748,0.0001358,0.00013398,-4.3083e-05,0.00014468,3.5192e-05,8.0198e-05,1.2086e-05,8.0155e-05,-6.4837e-05,8.6247e-05,8.8319e-05,0.00014361,0.00010851,0.00016318,5.0938e-05,3.2859e-05,6.0429e-05,0.00018055,5.432e-05,9.0558e-05,5.5908e-05,7.5224e-05,0.00010242,-1.2954e-06,5.1897e-05,0.00016559,0.0001518,0.0001035,3.9898e-05,6.6489e-05,0.00010864,6.7751e-06,0.0001009,0.00014587,0.0001337,0.00016541,8.2288e-05,3.6737e-05,0.00013708,0.00012777,4.7093e-05,0.00014053,6.9002e-05,0.00010078,5.4624e-05,0.00011315,5.953e-05,0.00017726,0.0001208,1.8129e-05,0.0001413,4.5971e-05,6.114e-05,9.8677e-05,4.2934e-05,8.6903e-05,0.00015051,0.00024995,3.8859e-06,0.00014814,0.00011965,9.4695e-05,0.00015293,0.00010594,8.4416e-05,0.00019608,0.00017725,8.8646e-06,-6.4367e-05,9.0406e-05,0.00011682,0.00018214,0.00015479,7.771e-05,0.00020226,9.4553e-05,7.7708e-05,0.00018398,7.5948e-05,0.00022933,8.5309e-05,0.00014259,0.00013937,4.0078e-05,0.00012486,0.00011228,0.00016453,5.9846e-05,0.00016054,9.0448e-05,0.00022677,0.00012813,3.6603e-05,0.00012284,7.3348e-05,0.00010664,8.8705e-05,8.3453e-05,0.00012023,5.9589e-05,0.000139,-5.3692e-06,0.00021435,0.0001646,0.00013816,0.00014668,0.00019501,6.6163e-05,8.6736e-05,8.7296e-05,0.00011656,0.00010371
6.6407e-05,0.00016596,1.0608e-05,0.00018509,9.0461e-05,4.9384e-06,-1.3549e-05,0.00023856,0.0001234,2.2858e-05,6.954e-05,0.00021843,6.3781e-05,3.206e-06,9.0636e-05,6.3066e-05,3.6577e-05,0.00052546,0.00010901,0.00019059,0.00016145,0.00055938,5.839e-05,9.7136e-05,0.00020218,9.8276e-05,0.00011676,0.00021655,5.9467e-05,4.5459e-05,0,0.00050284,2.1686e-05,0.00012165,0.00017516,0.0001243,-1.9819e-05,0.00016045,-6.7499e-05,4.0003e-05,3.1129e-05,8.0201e-05,9.3074e-05,4.9591e-05,0.00012576,0.0001416,0.00019947,0.00015259,0.0010522,0.00010764,0.0003962,0.00037108,-6.7201e-05,0.00021282,-4.0523e-05,5.416e-05,0.0001277,0,0.00017878,0.00016912,0.00011274,-3.3524e-05,0.00010225,-9.1805e-05,0.00013789,2.9318e-05,0.00012184,5.0363e-05,-9.2319e-05,0.00011694,6.3091e-05,0.00018302,-4.029e-05,0.00025492,8.8174e-05,6.9431e-05,8.0293e-05,7.2996e-05,6.9453e-05,0.00011892,0.00015915,0.00018111,0.00014555,7.2236e-05,0.00026337,6.4465e-05,0.00012493,5.2596e-05,0.00014135,0.00012442,0.00017252,0.00013467,6.7259e-05,0.0001438,-0.00011616,4.6719e-05,-3.1614e-05,-1.2497e-06,1.9623e-05,0.00024118,0.00016294,0.00013749,0.000132,1.3999e-05,5.3829e-06,7.0185e-05,9.7735e-05,0.00010897,0.00014955,7.0155e-05,-1.8589e-05,0.00012793,-1.93e-05,0.00012217,-1.5821e-05,0.00015193,7.247e-07,0.00018257,0.00010289,5.2779e-06,1.6772e-05,0.00011021,0.00010317,1.9573e-05,0.00018537,2.9286e-05,7.0533e-05,6.0877e-05,8.2685e-05,0.00018893,0.00016379,0.00012346,9.7179e-05,0.00011118,9.4306e-05,0.00013809,-5.7365e-06,0.00044103,0.00010958,0.00010008,0.00010171,9.6382e-05,1.0048e-05,0.00010655,0.0001023,0.00010577,-0.00010482,0.00013266,4.174e-05,0.00010912,0.00019795,9.3723e-05,5.0622e-05,0.00013779,0.0001638,0.00021849,0.00030184,0.00010736,0.00011253,8.8728e-05,0.00013968,0.00027281,0.00010718,0.00015453,4.1944e-05,5.7343e-05,0.00010808,0.00017648,0.00012104,0.00016246,0.0001811,6.8427e-05,8.5729e-05,0.00024875,0.00010565,5.8004e-05,0.00013675,0.0001752,7.7053e-05,0.00018999,4.8485e-05,0.00013293,0.00050122,1.82e-05,0.00020082,2.4824e-05,5.7107e-05,8.8753e-05,1.37e-05,8.3247e-05,-0.00014905,8.8368e-05,4.4458e-05,6.7837e-05,7.7479e-05,4.2085e-05,7.4236e-05,5.6702e-05,0.00014869,0.00018419
