0.00029106,1.3258e-05,5.3987e-05,5.6916e-05,0.00013452,8.3318e-05,3.5724e-05,0.00023208,-2.0285e-05,1.5535e-05,0.00012194,0.00013087,2.9985e-05,4.9214e-05,0.00014895,4.0108e-05,0.0001162,0.00014759,9.6962e-05,8.2548e-05,3.9367e-05,0.00012414,0.00017363,0.00015574,0.00015777,7.1179e-05,8.0512e-05,0.00011877,4.9588e-05,-1.7826e-05,0,0.00012566,1.036e-05,2.0483e-05,8.4198e-05,3.3144e-06,6.1925e-05,3.073e-05,0.00012935,0.0001138,7.2297e-05,6.9588e-05,4.4715e-05,4.1489e-05,2.4546e-05,0.00011124,0.00010297,4.8027e-05,0.00012957,0.00012226,9.1399e-05,0.00010921,3.9693e-05,8.695e-05,4.254e-05,0.00011598,3.9472e-05,-1.136e-05,4.1407e-06,0.00026765,0.00012917,0.00014933,6.6995e-05,0.00011554,0.00010163,0.00015771,0.00022641,-1.2015e-05,-8.6649e-05,5.7296e-05,1.7164e-06,0.00023063,0.00010214,0.00023164,7.0206e-05,0.00018149,7.9176e-05,8.1524e-05,-2.6501e-05,3.6434e-05,-1.4195e-05,0.00019563,0.00016573,4.9759e-05,8.3998e-05,0.00013707,-0.00010145,0.00014703,7.0796e-05,5.7917e-07,7.3061e-05,9.8872e-07,4.2841e-05,1.7728e-05,0.00036374,2.6333e-05,-9.3503e-06,5.4038e-05,4.6406e-05,7.6417e-05,0.00013265,9.0197e-05,2.2607e-06,7.3168e-05,6.5831e-05,9.7809e-05,5.7329e-05,4.1081e-05,0.00014422,2.6643e-05,0.00010757,2.1579e-05,5.0565e-05,3.6812e-05,0.00014336,4.8051e-05,6.1993e-05,0.00013416,1.6102e-05,2.8984e-05,2.8557e-05,0.00013202,6.346e-05,0.0001214,7.7703e-05,2.1004e-05,3.8397e-05,4.4897e-05,0.00018109,9.3616e-05,0.00010583,0.00011952,4.2192e-05,0.00011688,5.4104e-05,0.00024185,2.0719e-05,7.9614e-05,1.5931e-05,8.4222e-05,6.6415e-05,0.00013278,-8.5376e-05,2.3881e-05,0.00010833,0.000112,7.6831e-05,4.7426e-05,-0.00011479,9.3522e-05,0.00024141,6.8147e-05,4.1472e-05,8.9316e-05,5.9627e-05,5.4485e-05,0.00015037,8.473e-06,-0.0001123,-5.0459e-05,0.00010472,0.00012549,0.00010446,6.3795e-05,2.3375e-05,0.00023071,8.809e-05,-1.9474e-05,6.1094e-05,7.2178e-05,0.00015303,4.4506e-06,4.1731e-05,-4.3457e-05,8.5566e-05,-6.1715e-06,0.00020428,9.9966e-05,6.7138e-05,0.00019547,1.0699e-05,9.9038e-05,0.00010524,5.1543e-05,2.0418e-05,5.1755e-05,5.0204e-05,1.0307e-06,3.6921e-05,0.00010933,9.873e-05,0.00010602,-1.1633e-05,9.8949e-05,0.00010964,3.0006e-06,0.00011167,8.893e-05,6.9126e-05,4.3423e-05
1.3258e-05,0.00013023,2.8298e-05,4.8148e-05,4.5455e-05,5.7272e-05,4.3331e-06,0.00010696,-2.4383e-05,5.2711e-05,8.9038e-05,6.394e-05,3.6621e-05,2.3523e-05,4.228e-05,4.5723e-05,4.4369e-06,8.3207e-05,9.6898e-05,7.0567e-05,8.9404e-06,9.0318e-05,0.00012849,5.5931e-05,7.4288e-05,4.2742e-05,1.7192e-06,8.7601e-05,5.8994e-05,-1.4391e-05,0,4.1756e-05,3.7282e-05,3.3837e-05,8.0559e-05,2.0939e-06,2.6641e-05,8.7797e-06,7.3845e-05,6.2195e-05,6.6394e-05,9.1166e-05,4.1599e-05,5.0308e-05,3.4649e-05,7.9228e-05,6.8923e-05,5.5347e-06,2.8197e-05,6.491e-06,8.067e-05,5.7792e-05,1.1271e-05,6.5291e-05,3.8542e-05,1.6851e-05,8.2077e-05,-2.7998e-06,3.4362e-05,1.2842e-05,2.3453e-05,7.6426e-06,6.9119e-05,8.9457e-05,8.312e-05,4.3695e-05,7.0214e-05,7.5578e-05,3.4784e-05,4.1907e-05,-2.8674e-05,0.00017028,8.6121e-05,0.00010192,5.6873e-06,9.2628e-05,3.2226e-06,6.0036e-05,1.1922e-05,6.6162e-05,0.00020198,0.00010137,4.1478e-05,4.9846e-05,3.4938e-05,4.1334e-05,3.1664e-05,6.7847e-05,7.1636e-05,5.221e-05,1.9791e-05,1.6965e-05,3.4928e-05,3.3669e-05,-0.00022577,8.5156e-05,-8.0077e-06,-3.1578e-06,1.6104e-05,6.689e-05,1.4031e-05,8.8486e-05,9.5859e-05,2.6276e-05,7.3722e-06,6.8508e-05,3.2773e-05,1.5398e-05,4.4734e-05,8.6693e-05,0.00010095,6.8594e-05,1.9882e-05,0.0001059,3.2012e-05,7.491e-05,4.7789e-05,2.4155e-05,6.4188e-05,-2.6963e-08,3.9063e-05,0.00029509,4.2392e-05,5.7923e-05,8.0386e-05,2.4631e-05,3.9139e-05,1.4408e-05,2.6968e-05,4.84e-05,2.1016e-05,0.0001072,3.2233e-05,4.2175e-05,4.8565e-05,2.3763e-05,3.6204e-05,0.00010301,6.5476e-05,0.00010419,7.8294e-05,5.9709e-05,-3.1246e-05,4.8488e-05,6.7705e-05,1.6782e-05,-2.7767e-05,3.1924e-05,0.00025981,5.5781e-05,2.9043e-05,1.3148e-05,3.3899e-05,5.024e-05,5.3634e-05,1.1764e-05,5.0353e-05,1.5595e-05,3.091e-05,4.2773e-05,1.8773e-05,6.7778e-05,5.2859e-05,2.5296e-05,2.9674e-05,6.8579e-05,0.00011069,3.392e-05,3.7361e-06,5.1607e-05,8.9906e-05,2.9664e-05,5.6305e-06,5.0491e-05,1.2447e-05,-1.8416e-06,0.00010508,6.6525e-05,7.6633e-06,4.7488e-05,2.1889e-05,5.5582e-05,9.8906e-05,4.7721e-05,3.854e-05,6.4015e-05,3.5781e-05,2.0324e-05,1.2355e-05,8.904e-05,1.7634e-05,4.0525e-05,7.016e-05,3.4309e-05,8.3694e-05,5.244e-06,1.8933e-05,5.2474e-05,6.2704e-05,5.2982e-05
5.3987e-05,2.8298e-05,0.00015408,3.4539e-05,3.9854e-05,8.7926e-05,-2.1785e-05,0.00010729,6.684e-06,3.0977e-05,0.000117,9.4635e-05,1.8883e-05,2.9198e-05,1.5537e-05,3.0271e-05,-7.5356e-05,0.00010327,5.3822e-05,4.4272e-05,1.1286e-05,6.6142e-05,-2.3866e-05,5.1379e-05,-1.3616e-05,4.4683e-05,8.6025e-05,1.0957e-05,2.6062e-05,1.5441e-05,0,6.5544e-05,1.9494e-05,1.1129e-06,-2.5699e-05,6.2119e-05,1.0392e-05,8.0819e-06,8.6189e-06,4.2401e-05,2.4456e-05,1.4657e-05,6.0395e-05,3.8472e-05,2.6579e-05,6.2885e-05,0.00011761,1.196e-05,9.5381e-05,0.00013535,1.668e-05,4.1918e-05,7.2557e-05,3.0799e-05,6.9131e-05,7.8006e-05,3.4547e-05,-2.7019e-06,3.2616e-05,-1.738e-05,2.837e-05,3.7686e-05,5.4096e-05,2.6405e-05,4.659e-05,3.9408e-05,-8.5471e-06,3.5593e-05,-5.9928e-07,3.2939e-05,3.7353e-05,6.1664e-05,5.6337e-05,4.8506e-05,4.3533e-05,0.00010367,3.9575e-05,5.8709e-06,4.6193e-05,4.356e-05,-7.8384e-05,-1.7283e-05,5.8271e-05,2.856e-05,3.0997e-05,8.5764e-05,-4.9403e-05,4.0284e-05,2.8841e-05,2.0176e-05,7.3953e-05,1.37e-05,3.1481e-05,2.2817e-05,-0.0002557,8.2325e-05,-6.0776e-06,1.8907e-05,5.8628e-06,4.3579e-05,0.00011483,-2.0002e-05,6.4497e-05,3.8045e-05,3.0549e-05,8.7703e-05,1.602e-05,3.8711e-05,2.1228e-05,3.121e-05,7.2853e-05,8.0476e-05,6.7779e-06,5.7456e-05,4.4975e-05,9.2715e-05,3.5254e-05,2.2941e-05,2.4203e-05,2.8365e-05,5.0744e-05,5.928e-05,4.8676e-05,0.00012031,5.5717e-05,2.0555e-05,-9.6124e-06,4.2016e-05,1.3159e-05,5.3595e-05,2.2401e-05,0.00010622,4.9671e-05,5.1332e-05,5.6584e-05,-5.5456e-05,3.3206e-05,6.0687e-05,-6.2831e-06,2.2253e-05,2.9253e-06,3.4456e-05,-9.7266e-06,1.1709e-05,4.4173e-05,5.9532e-05,-2.5625e-05,3.0294e-05,-6.2586e-05,-1.7809e-05,5.6941e-05,3.2015e-05,-8.1808e-06,4.4061e-05,4.5975e-05,6.4851e-05,9.0433e-05,3.3271e-05,2.7291e-05,5.1919e-05,4.4229e-05,-3.4495e-05,5.3078e-05,1.4148e-05,9.1121e-06,9.4834e-05,3.2329e-05,9.3642e-07,6.3189e-05,6.5759e-06,4.3575e-05,2.1642e-05,6.3494e-05,5.4911e-05,2.8502e-05,1.5829e-05,9.1615e-05,1.9107e-06,5.1247e-06,6.9051e-05,2.0018e-05,4.5166e-05,5.988e-05,2.7992e-05,4.3416e-05,4.3472e-05,6.4755e-05,2.7619e-05,6.3289e-05,3.7865e-05,3.1019e-05,4.1849e-06,7.1358e-05,3.9284e-05,0.00010239,3.176e-05,6.3722e-05,7.1087e-05,4.8098e-05,1.6713e-05
5.6916e-05,4.8148e-05,3.4539e-05,8.257e-05,6.1661e-05,6.0445e-05,2.4261e-05,0.00010714,-5.3036e-06,2.2886e-05,6.7429e-05,5.1439e-05,1.344e-05,2.3006e-05,2.9666e-05,4.1604e-05,-3.1593e-05,8.9429e-05,7.1838e-05,8.1922e-05,1.87e-05,9.995e-05,8.2435e-05,5.4644e-05,0.00010951,2.9649e-05,3.213e-05,6.2653e-05,3.4812e-05,-8.466e-06,0,7.1959e-05,1.559e-06,1.8623e-05,2.0093e-05,1.8238e-05,1.1506e-05,1.8528e-06,0.00013101,1.7455e-05,4.442e-05,4.1592e-05,3.3774e-05,3.2036e-05,2.5651e-05,5.8389e-05,5.5549e-05,2.5519e-05,6.2339e-05,6.1094e-05,4.436e-05,7.768e-05,7.3723e-05,4.5912e-05,2.5203e-05,-1.4676e-05,3.3253e-06,-2.585e-06,5.2541e-05,5.5891e-05,-2.714e-06,2.2371e-05,5.7833e-05,4.4252e-05,4.7258e-05,4.9642e-05,9.1501e-05,2.4921e-05,3.1967e-05,2.9125e-05,2.5182e-06,0.00013797,6.7524e-05,0.00010507,3.7125e-05,8.745e-05,2.005e-05,4.7245e-05,4.281e-05,5.6411e-05,7.5311e-05,8.7397e-05,6.4243e-05,2.4665e-05,2.851e-05,0.00012798,6.2994e-05,6.9687e-05,8.0726e-05,2.1692e-05,3.5829e-05,1.1936e-05,2.87e-05,6.872e-05,-0.00043951,2.1594e-05,1.7329e-06,1.9941e-05,3.1052e-05,4.3441e-05,6.0921e-05,2.9228e-05,6.2144e-05,2.547e-05,3.0474e-05,4.4829e-05,1.2552e-05,1.5323e-05,1.902e-05,5.9026e-05,3.3877e-05,4.4641e-05,1.2408e-05,6.5987e-05,2.965e-05,1.4686e-05,4.6406e-05,5.2373e-05,4.1539e-05,-5.8342e-06,1.0879e-05,0.00015769,3.9105e-05,6.8018e-05,4.9042e-05,1.6672e-05,1.8762e-05,7.7972e-06,1.5619e-05,3.7821e-05,4.0645e-05,8.6246e-05,1.4403e-05,6.6187e-05,6.2237e-05,3.6001e-05,2.7109e-05,8.0301e-05,3.7345e-05,6.4786e-05,4.2588e-05,3.7887e-05,-1.7259e-05,2.3273e-05,5.7831e-05,4.5077e-05,-3.1834e-05,3.3993e-05,2.8519e-05,5.2354e-05,9.6059e-05,3.9711e-05,1.4081e-05,4.1603e-05,2.9381e-05,2.7549e-05,2.9044e-05,2.7076e-05,3.0779e-05,6.2541e-05,3.7685e-05,8.0463e-05,5.0413e-05,1.8849e-05,3.2692e-05,8.2105e-05,8.4749e-05,-2.9727e-06,1.868e-05,3.2654e-05,7.2782e-05,2.419e-05,1.3929e-05,3.6129e-05,4.3027e-05,1.4259e-05,0.00012722,7.9493e-05,4.9913e-05,7.8508e-05,-1.5072e-05,7.4725e-05,7.1894e-05,1.2301e-05,1.766e-05,3.8023e-05,5.2564e-05,-1.3703e-05,2.1726e-05,8.9156e-05,1.1902e-06,4.2832e-05,9.2073e-06,3.3957e-05,8.1983e-05,-2.6808e-05,3.7153e-05,4.7982e-05,5.1104e-05,5.5745e-05
0.00013452,4.5455e-05,3.9854e-05,6.1661e-05,0.0001485,5.11e-05,3.8558e-05,0.0001588,-3.6292e-05,2.2562e-05,8.1378e-05,7.2805e-05,6.7971e-06,4.9708e-05,8.1819e-05,2.2201e-05,-3.1494e-05,0.0001249,8.9099e-05,0.000106,5.6626e-05,0.0001151,9.8746e-05,9.8214e-05,0.00011598,4.1292e-05,4.0716e-05,9.7946e-05,6.9494e-05,7.3567e-06,0,9.8209e-05,-3.0728e-05,1.3668e-05,4.7223e-05,1.4879e-06,3.2741e-05,9.0565e-06,0.0001349,7.0033e-05,5.5849e-05,6.1155e-05,2.7839e-05,1.3925e-05,3.1754e-05,5.029e-05,4.9337e-05,1.7246e-07,9.2315e-05,0.00010625,7.3587e-05,7.5656e-05,2.3615e-05,3.3557e-05,3.7556e-05,5.9178e-05,0.00011215,-1.0425e-05,2.2374e-05,0.00019466,7.1577e-05,6.8288e-05,6.5723e-05,4.8223e-05,7.6279e-05,0.00012147,7.2688e-05,5.0736e-05,-1.2524e-05,4.3889e-05,-9.2551e-06,0.00018503,6.785e-05,0.00015129,6.5873e-05,0.00014195,4.1138e-05,6.0828e-05,1.633e-05,6.035e-05,3.5568e-05,0.00012737,6.605e-05,2.5057e-05,3.5869e-05,8.2684e-05,3.846e-05,0.00011043,7.6051e-05,4.4755e-06,3.877e-05,-9.4288e-06,4.8126e-05,2.816e-05,-2.161e-05,2.9936e-05,9.0157e-07,6.1825e-05,2.3546e-05,5.8965e-05,0.00010223,2.066e-05,1.3843e-05,4.4228e-05,2.5166e-05,7.6175e-05,3.9493e-05,3.0449e-05,6.4185e-05,5.3962e-05,6.2925e-05,3.4514e-05,4.9054e-06,6.4108e-05,0.00018338,6.8052e-05,8.3352e-05,8.0754e-05,6.1325e-05,3.3132e-07,5.6215e-06,0.0001763,5.5021e-05,8.6703e-05,6.7001e-05,4.5261e-06,2.1375e-05,1.9173e-05,9.9777e-05,7.4798e-05,3.0663e-05,8.4584e-05,2.7314e-05,6.5406e-05,5.7164e-05,3.7242e-05,3.5656e-05,9.5398e-05,2.9382e-05,3.0383e-05,7.5586e-05,9.7243e-05,-5.5957e-05,2.3516e-05,8.3931e-05,9.395e-05,2.5912e-05,1.8239e-05,5.7974e-05,8.8891e-05,0.00013619,2.059e-05,2.3024e-05,6.3806e-05,4.1718e-05,4.4829e-05,9.5294e-05,1.2302e-05,-7.7819e-05,1.5909e-05,7.5691e-05,0.00010413,8.5126e-05,1.2834e-05,2.4957e-05,0.00011705,0.00010171,-2.078e-05,2.2311e-05,5.4344e-05,0.00011227,1.9159e-05,1.1068e-05,6.6441e-05,3.6455e-05,2.0757e-05,0.00014826,5.3471e-05,1.284e-05,0.00011806,2.0278e-05,9.3048e-05,0.00012954,4.1558e-06,2.0049e-05,8.1436e-05,6.5148e-05,1.5926e-05,1.6885e-05,8.1828e-05,6.6386e-05,4.1814e-05,6.792e-05,7.2967e-05,0.000106,-1.9871e-05,5.1518e-05,6.3533e-05,7.935e-05,5.2711e-05
8.3318e-05,5.7272e-05,8.7926e-05,6.0445e-05,5.11e-05,0.00013098,2.222e-06,0.00016206,3.1353e-05,1.4577e-05,9.8289e-05,7.6629e-05,4.252e-05,2.8517e-05,3.4974e-05,5.8715e-05,-2.6963e-05,0.00014598,9.143e-05,8.7615e-05,1.6916e-05,0.00012213,0.00010005,8.2221e-05,9.5573e-05,5.2955e-05,6.9943e-05,9.4679e-05,2.9124e-05,2.3442e-05,0,9.8823e-05,5.508e-05,2.4853e-05,4.1315e-05,3.6054e-05,0.00010675,9.9821e-06,9.5665e-05,6.9445e-05,5.898e-05,3.0888e-05,5.6442e-05,5.573e-05,6.1135e-05,8.7924e-05,0.00010944,3.4306e-05,0.00012937,0.00010625,5.9231e-05,9.2617e-05,3.5964e-05,6.5265e-05,5.8348e-05,5.279e-05,1.9125e-05,1.0368e-06,5.6933e-05,0.00010099,6.1148e-05,5.4004e-05,7.3163e-05,9.5322e-05,9.0224e-05,5.8799e-05,0.0001257,5.7404e-06,-2.1122e-05,6.859e-05,6.7002e-05,0.00014923,9.8557e-05,0.00013446,7.6171e-05,0.00015363,4.2995e-05,4.9605e-05,2.7658e-05,4.4933e-05,5.348e-05,8.7153e-05,9.7881e-05,4.8894e-05,1.5422e-05,0.00013366,1.4315e-05,9.298e-05,7.5974e-05,4.3859e-05,4.608e-05,4.8782e-05,3.8534e-05,9.5237e-05,9.0086e-05,7.8542e-05,-6.498e-06,4.8889e-06,9.5169e-06,7.1352e-05,0.00012324,6.2401e-05,6.3626e-05,5.3176e-05,4.6522e-05,0.00011179,5.2162e-05,4.0948e-05,5.9209e-05,5.4635e-05,0.0001091,6.299e-05,3.1384e-05,0.00010457,6.1454e-05,9.2749e-05,7.6603e-05,5.6433e-05,5.8299e-05,9.0625e-06,4.3866e-05,0.00030122,3.7769e-05,0.00014743,6.0027e-05,3.34e-05,-2.752e-06,1.1984e-05,2.9364e-05,5.2857e-05,2.9507e-05,0.00013363,1.4197e-05,0.00012141,7.9667e-05,-4.437e-06,3.2854e-05,0.00012692,2.4909e-05,6.4398e-05,4.5213e-05,5.5632e-05,-2.6086e-05,2.5771e-05,6.7313e-05,4.8574e-05,2.6029e-06,3.8091e-05,-0.00012172,6.8005e-05,0.00013362,7.5647e-05,4.209e-05,6.4109e-05,4.1839e-05,5.5296e-05,9.2591e-05,4.8543e-05,4.3692e-05,6.5093e-05,5.0451e-05,5.9114e-05,5.4983e-05,2.0172e-05,2.9466e-05,0.00018318,8.927e-05,1.1586e-05,5.3188e-05,5.8006e-05,0.00010158,2.6575e-05,2.8627e-05,7.504e-05,4.6045e-05,2.3024e-05,0.00014512,3.6933e-05,4.0427e-05,9.9305e-05,3.6057e-05,7.0688e-05,0.00012289,4.8035e-05,3.7182e-05,4.0673e-05,6.7917e-05,5.5744e-05,3.605e-05,0.00010012,2.1953e-05,4.2737e-05,2.9911e-05,8.7265e-05,0.00011247,2.2064e-05,8.4e-05,8.9305e-05,6.811e-05,5.6681e-05
3.5724e-05,4.3331e-06,-2.1785e-05,2.4261e-05,3.8558e-05,2.222e-06,6.8203e-05,4.1467e-05,5.5162e-06,-2.1311e-05,-2.9329e-05,8.9852e-06,-2.7009e-07,-3.292e-06,-7.638e-06,-4.2606e-06,2.4284e-05,1.8938e-05,1.2916e-05,3.1849e-05,7.1739e-06,1.794e-05,3.5548e-05,1.6061e-05,5.2055e-05,-4.1927e-06,-3.9688e-06,1.1758e-05,1.9757e-05,-1.6629e-05,0,1.0818e-06,3.439e-05,3.1422e-05,1.6378e-05,-1.7546e-06,-4.0219e-05,-1.6973e-05,0.00012139,2.7585e-05,1.4221e-05,1.0719e-05,-4.44e-06,-5.6889e-06,1.5378e-05,-1.8959e-05,-6.4564e-05,3.8408e-05,-2.9508e-06,3.2679e-05,1.7358e-05,7.6514e-07,-2.8005e-06,-7.5196e-06,-2.881e-05,-2.5418e-05,-1.8647e-05,1.9614e-07,-5.1239e-06,0.00010341,2.0256e-05,2.6756e-05,9.84e-06,1.8756e-05,3.7648e-05,3.2216e-05,3.254e-05,-1.3591e-05,3.7089e-05,2.4855e-05,2.2678e-07,6.8287e-05,1.3307e-05,3.6998e-05,2.5973e-05,-1.2936e-05,7.8713e-06,1.6134e-05,-3.1313e-05,-2.0633e-06,-3.1234e-07,6.6472e-05,2.1051e-05,3.6207e-05,9.0165e-06,5.2206e-05,-4.2241e-08,7.9093e-06,-1.4193e-06,-6.5925e-06,-2.0063e-06,-3.5734e-05,-1.5334e-07,1.107e-05,-0.00020799,-1.5397e-05,-4.7921e-07,3.0452e-05,1.3765e-05,1.3497e-05,2.9018e-05,2.824e-05,-1.6555e-06,1.413e-05,2.9186e-05,2.1244e-06,2.4804e-05,-1.2212e-05,5.0725e-06,-1.0249e-05,8.5694e-07,-7.0134e-06,3.3399e-07,-3.5043e-05,6.9581e-05,-2.9936e-05,2.3987e-05,2.5157e-05,-9.4702e-06,-2.8057e-06,-2.3453e-05,5.3018e-05,1.1497e-05,9.8453e-06,4.931e-06,1.405e-05,-2.475e-06,-2.3477e-05,5.1525e-05,1.0927e-05,-2.2181e-05,-1.4314e-05,4.5637e-06,2.4642e-05,-4.3025e-06,-2.1612e-06,8.0427e-06,-2.8484e-05,-1.2998e-06,3.4049e-05,5.8666e-05,2.6047e-05,-2.8813e-05,1.4818e-05,8.0843e-07,-7.6087e-06,2.7161e-05,-3.8198e-06,-7.5832e-06,5.374e-05,4.2718e-05,-5.6372e-06,-8.0993e-06,1.6619e-05,5.9929e-07,-3.3361e-06,-2.1686e-05,-6.3126e-06,-4.0163e-05,5.9323e-06,-1.9412e-06,7.9897e-05,-4.8137e-06,-1.0401e-05,1.0916e-05,-2.2397e-05,6.8921e-06,5.274e-06,-2.6351e-06,1.6736e-05,2.0823e-05,-2.2392e-06,-3.4142e-05,2.6222e-05,3.0179e-05,8.3485e-06,5.0187e-05,2.5094e-05,8.1023e-06,1.6306e-05,-3.5263e-05,1.8301e-05,8.2463e-06,-3.0531e-06,-9.8453e-06,6.5294e-06,1.6584e-05,1.1406e-05,-2.0147e-05,1.0622e-05,2.72e-07,6.0233e-06,-3.3771e-05,-1.767e-06,2.8377e-05,-2.837e-05,2.1016e-05,1.0784e-05,1.0137e-05,4.0168e-06
0.00023208,0.00010696,0.00010729,0.00010714,0.0001588,0.00016206,4.1467e-05,0.00034617,-1.8217e-05,2.1996e-05,0.00017095,0.00018226,7.0499e-05,7.3125e-05,0.00010841,7.1469e-05,2.7036e-05,0.00025367,0.00018298,0.00014041,5.2819e-05,0.00021114,0.00018701,0.0001694,0.00019997,7.6366e-05,9.6418e-05,0.00017242,9.5831e-05,1.9958e-05,0,0.00019017,3.2152e-05,5.1252e-05,0.00011976,1.9026e-05,9.8218e-05,2.4633e-05,0.00021447,0.00016103,0.000114,0.00011754,8.3503e-05,5.7981e-05,9.4288e-05,0.00013313,0.00012337,4.9797e-05,0.00015106,0.000182,0.00013128,0.00013211,5.2637e-05,0.00013156,5.2539e-05,0.00012488,6.2335e-05,-9.0764e-06,5.2665e-05,0.00028426,0.00012712,0.0001561,0.00012173,0.00016169,0.00014871,0.00017782,0.00021422,6.3846e-05,-5.8097e-05,0.00012307,4.0035e-05,0.00039567,0.00020258,0.0002466,0.00012168,0.00022359,7.5454e-05,0.00010421,2.0012e-05,7.5783e-05,0.00011892,0.0002449,0.00017944,6.8076e-05,5.7828e-05,0.00023753,-2.4364e-05,0.00018177,0.00013031,3.7507e-05,8.2024e-05,2.7368e-05,6.7451e-05,0.00010597,2.5725e-05,0.00011571,-9.9834e-06,5.2759e-05,1.5185e-05,0.00010361,0.00018721,9.8268e-05,7.4452e-05,9.143e-05,6.0629e-05,0.00016839,0.00011327,4.7523e-05,0.00013389,9.0532e-05,0.00016285,8.4792e-05,4.9206e-05,0.00014085,0.00016001,0.00013134,0.00012087,0.00012748,4.2928e-05,2.7489e-05,5.9378e-05,0.00032338,7.5218e-05,0.00020573,0.00011724,2.7906e-05,2.3407e-05,4.445e-05,0.00017776,0.00010611,6.8069e-05,0.00020058,5.4164e-05,0.00018929,0.00011787,7.3469e-05,6.2358e-05,0.00019498,4.7604e-05,0.00015184,0.00015773,0.00013731,-0.00011437,6.1775e-05,0.000182,0.00010853,4.9158e-05,5.9933e-05,-4.3568e-05,0.0001413,0.00023616,9.0772e-05,1.7215e-05,0.00013231,8.6208e-05,7.5472e-05,0.00015049,6.0097e-05,-2.7469e-05,6.2088e-05,0.0001109,0.0001585,0.00013859,5.2759e-05,6.8955e-05,0.00025739,0.00016862,1.8196e-05,8.187e-05,9.6876e-05,0.00021991,2.7882e-05,6.2931e-05,5.7004e-05,0.00011749,8.2223e-06,0.000269,0.00010392,5.6703e-05,0.00020397,-9.5038e-06,0.0001714,0.0002204,6.4103e-05,3.1472e-05,9.7122e-05,0.00011227,6.3343e-05,6.2652e-05,0.00017799,7.8883e-05,8.6653e-05,4.9432e-05,0.00010867,0.00019896,1.6195e-05,0.00011122,0.00014521,0.00012861,9.9844e-05
-2.0285e-05,-2.4383e-05,6.684e-06,-5.3036e-06,-3.6292e-05,3.1353e-05,5.5162e-06,-1.8217e-05,0.00028772,-3.7793e-05,-4.7639e-05,-5.5016e-05,-5.1304e-06,4.5655e-05,-4.7851e-05,7.6613e-06,-6.9792e-05,7.9721e-05,6.7195e-06,1.3252e-05,2.1739e-06,1.5326e-05,5.0779e-05,-3.1858e-05,-2.6275e-05,-7.3576e-06,-7.9266e-06,-8.9109e-05,-2.4234e-05,0.00014237,0,6.7423e-05,3.5753e-05,2.6108e-05,1.527e-05,-2.1706e-05,2.2547e-05,-2.3634e-05,-4.344e-05,5.1464e-05,-2.7875e-05,-2.4363e-05,2.7412e-05,1.3486e-05,7.9659e-05,4.9495e-05,-6.7092e-05,5.8356e-05,5.6933e-05,-7.606e-06,-2.4113e-05,7.5629e-05,-0.00010648,-1.5044e-06,4.2101e-05,-2.1775e-05,-0.00013192,-1.1201e-06,5.2368e-05,5.9279e-06,6.5439e-05,0.00010183,5.2731e-06,5.6392e-05,4.7448e-05,-4.417e-05,5.9096e-05,-0.00011838,3.8138e-05,5.5562e-05,7.4739e-05,-0.00019586,-2.4723e-05,-4.6394e-05,2.9225e-05,1.6038e-05,1.4778e-05,-1.9441e-05,4.6905e-05,9.6047e-05,-2.7218e-05,1.0405e-05,5.6725e-05,-2.242e-05,-9.1122e-06,-1.8721e-05,3.5581e-05,-9.6954e-06,3.9023e-05,3.1692e-05,4.2676e-06,-5.8551e-06,2.8587e-05,-2.2453e-05,-0.00059481,4.3702e-05,4.6656e-06,4.9452e-05,5.8713e-06,1.5438e-05,2.7789e-05,2.666e-05,-5.1682e-05,-5.5436e-06,4.307e-05,6.4705e-06,6.552e-05,1.079e-05,2.8559e-05,5.7021e-06,5.4493e-05,3.1765e-05,1.6222e-05,-5.086e-05,-5.4073e-05,1.7499e-05,1.6474e-05,-1.9386e-05,8.3492e-05,2.9834e-08,6.408e-05,8.7218e-05,-1.3328e-05,5.5257e-06,2.98e-05,-1.0379e-05,1.8662e-05,-1.2395e-05,4.8253e-05,-2.774e-05,-6.4557e-06,1.4996e-05,-4.7974e-05,8.2008e-05,1.585e-05,1.9244e-06,-2.1637e-05,-2.201e-05,1.4789e-05,6.7033e-06,-7.2029e-05,-3.2519e-05,9.233e-05,-1.0107e-05,-3.0581e-05,3.1279e-07,7.3e-05,-2.3812e-05,-7.6295e-05,6.1296e-05,5.6951e-05,1.3476e-06,0.00011287,8.7079e-06,-8.3605e-06,-2.3379e-05,0.00010785,2.2335e-05,8.2861e-05,3.6439e-05,3.9941e-06,-7.9192e-05,3.406e-06,3.7151e-05,1.0355e-05,5.3724e-05,-6.2032e-05,9.9858e-07,-1.8336e-05,1.4838e-05,-1.9432e-05,7.5336e-06,1.2269e-05,3.9783e-05,-1.2138e-05,2.1445e-05,6.1333e-05,-3.8634e-06,1.742e-05,-2.1359e-05,6.3271e-05,-1.4651e-05,3.6834e-05,-7.8144e-06,5.9076e-05,2.0556e-05,-2.4314e-05,0.000169,-6.9604e-06,-3.625e-05,3.0429e-05,9.4755e-07,3.838e-05,-1.4962e-05,1.7479e-05,2.3553e-05,1.0631e-05,-3.3763e-06,1.33e-05,9.5192e-06
1.5535e-05,5.2711e-05,3.0977e-05,2.2886e-05,2.2562e-05,1.4577e-05,-2.1311e-05,2.1996e-05,-3.7793e-05,8.7036e-05,7.7831e-05,2.3937e-06,1.3689e-06,7.7854e-06,4.4498e-05,2.0833e-05,2.7844e-05,5.4632e-06,5.0356e-05,3.137e-05,-6.6736e-06,2.9313e-05,1.1138e-05,1.7105e-05,4.6168e-05,2.2751e-05,1.4262e-05,2.2199e-05,2.8405e-05,-2.3411e-05,0,4.9838e-07,-9.4797e-08,5.6543e-06,2.3406e-05,1.8095e-05,1.5454e-05,1.9525e-05,-2.1433e-05,2.3882e-06,2.6981e-05,4.4335e-05,2.3089e-05,3.7826e-05,-8.263e-06,5.2242e-05,9.7591e-05,-3.276e-05,1.854e-05,-1.1709e-05,5.1503e-05,2.8995e-05,4.7762e-05,1.828e-05,2.4847e-05,4.4212e-05,8.2572e-06,-4.4475e-06,6.8132e-06,-0.00011596,-3.7903e-05,-1.735e-05,2.2341e-05,3.0242e-05,1.6523e-05,1.9642e-05,1.6011e-05,2.3682e-05,4.8835e-05,-1.4145e-05,-5.5026e-05,4.8779e-05,2.0861e-05,5.5355e-05,-1.7065e-05,7.2743e-05,7.1753e-06,2.4967e-05,5.2193e-05,6.5696e-05,6.2909e-05,-3.8829e-05,1.5877e-06,1.194e-05,3.934e-06,1.1984e-05,2.4045e-05,3.5394e-05,2.9441e-05,2.5482e-05,2.6668e-05,-1.8194e-05,9.6978e-06,3.3512e-06,-0.00057783,4.8002e-05,-3.9906e-06,1.3078e-05,2.3849e-05,2.0558e-05,-7.396e-06,2.1867e-05,9.1409e-05,1.2887e-06,-4.7819e-06,2.3253e-05,-1.4782e-05,1.8847e-05,1.4532e-05,4.0504e-05,1.7102e-05,2.68e-05,-8.674e-06,8.2081e-05,6.6783e-06,4.1609e-05,3.9554e-05,2.7638e-05,2.568e-05,9.0426e-06,1.3315e-05,0.00010761,3.3454e-05,4.0985e-06,5.312e-05,6.9987e-06,5.9473e-05,1.8009e-05,1.3832e-05,3.7109e-05,4.689e-05,5.5677e-05,1.7281e-05,-2.3917e-05,1.89e-05,8.3876e-05,1.4006e-05,2.1322e-05,3.2721e-05,4.901e-05,7.9742e-07,2.574e-05,-1.3248e-05,3.1068e-05,4.2039e-05,2.9878e-05,-5.0635e-05,5.3558e-06,0.00017565,-6.4458e-06,3.7165e-06,1.5586e-05,1.5127e-05,2.6804e-05,4.6599e-05,2.3441e-05,5.4496e-05,8.2009e-07,7.56e-06,-2.2272e-05,1.6149e-05,6.4659e-06,3.5606e-05,7.6135e-06,-9.1178e-06,3.0619e-05,5.5577e-05,7.1358e-06,5.0673e-06,3.3668e-05,1.9718e-05,2.243e-05,1.3139e-05,-1.0686e-05,-1.0468e-05,3.9021e-05,-4.5516e-06,7.2149e-05,2.1805e-05,1.9247e-05,4.5265e-05,1.7731e-05,2.9699e-05,2.4586e-05,3.83e-05,4.7673e-05,2.1349e-05,-3.3324e-05,7.1254e-06,5.705e-05,1.6843e-06,1.7721e-05,5.8019e-05,1.5967e-05,2.7462e-05,-6.4659e-06,-1.3048e-05,1.7292e-05,2.5169e-05,2.5416e-05
0.00012194,8.9038e-05,0.000117,6.7429e-05,8.1378e-05,9.8289e-05,-2.9329e-05,0.00017095,-4.7639e-05,7.7831e-05,0.00022645,0.00011819,3.6074e-05,7.079e-05,0.00012457,5.6025e-05,7.756e-06,0.00016752,0.00011014,6.6418e-05,2.0155e-05,0.00015824,0.00018513,0.00012225,0.00012677,8.9002e-05,5.4104e-05,0.0001042,5.9123e-05,4.5132e-06,0,0.00013137,2.4114e-05,3.4063e-06,6.5692e-05,4.2292e-05,4.1211e-05,3.2337e-05,3.1478e-05,7.4459e-05,8.4674e-05,9.0221e-05,7.1171e-05,4.7077e-05,3.4899e-05,0.00014171,0.00020992,-2.6799e-06,5.9092e-05,5.2655e-05,9.2031e-05,0.00011613,5.3971e-05,0.00010924,7.0058e-05,0.00013147,9.9647e-05,-5.5605e-06,4.5413e-05,3.0341e-05,4.9178e-05,9.9605e-06,9.2736e-05,8.1973e-05,9.7279e-05,9.6591e-05,0.00010165,4.579e-05,-4.3685e-05,6.3962e-05,-1.6993e-05,0.00016127,0.00011721,0.00017183,3.3814e-05,0.00016706,3.8141e-05,9.2351e-05,5.5594e-05,5.7944e-05,0.0002269,0.0001278,0.00010561,4.8703e-05,5.1051e-05,9.6094e-05,-2.7074e-05,0.00012702,0.0001167,6.0901e-05,5.6779e-05,4.3087e-05,4.6779e-05,8.4253e-05,0.00019248,0.00010639,-5.2395e-06,-2.2371e-05,2.4565e-05,7.9443e-05,3.736e-05,4.1522e-05,0.00012116,3.5383e-05,2.8296e-05,7.5761e-05,3.7249e-05,6.6475e-05,9.5651e-05,0.00013295,0.00010539,0.0001173,4.0562e-05,0.0001139,8.623e-05,0.0001218,6.1378e-05,0.00010452,6.4564e-05,2.4753e-05,8.059e-05,0.00018219,8.3767e-05,8.3891e-05,0.00012631,2.812e-05,6.0568e-05,7.2304e-05,5.1906e-06,0.00010358,7.6046e-05,0.00015565,5.1019e-05,7.1085e-05,0.00010447,0.00010552,5.7872e-05,0.00022241,8.7743e-05,9.4534e-05,3.4788e-05,0.00010521,-4.2779e-05,5.5977e-05,8.6664e-05,0.00011631,-4.6633e-05,6.6876e-05,0.00016875,1.601e-05,0.00013429,4.633e-05,4.6489e-05,9.099e-05,9.3577e-05,7.1239e-05,0.00017515,5.4111e-05,3.0225e-05,5.6804e-05,8.6039e-05,5.1372e-05,0.00011745,6.0363e-05,4.3233e-05,0.00019707,0.00012174,-1.5735e-06,3.9886e-05,2.9558e-05,0.00015124,3.2641e-05,6.3773e-05,5.4821e-05,7.6516e-05,1.0073e-05,0.00016278,9.5177e-05,3.9493e-05,0.00016249,3.4428e-05,9.1244e-05,0.00014482,4.9068e-05,6.2497e-05,0.00010121,7.267e-05,8.3598e-06,7.247e-05,0.00015162,5.5671e-05,7.8937e-05,0.0001156,9.7658e-05,0.00010658,1.4136e-05,1.9094e-05,9.4411e-05,8.5531e-05,7.7205e-05
0.00013087,6.394e-05,9.4635e-05,5.1439e-05,7.2805e-05,7.6629e-05,8.9852e-06,0.00018226,-5.5016e-05,2.3937e-06,0.00011819,0.00016943,3.4495e-05,2.8331e-05,6.3175e-05,3.2959e-05,2.2768e-05,0.00014279,9.2997e-05,3.933e-05,6.7539e-06,0.00011039,0.00010247,9.6413e-05,4.3717e-05,5.278e-05,5.502e-05,7.1077e-05,4.9317e-05,-1.8672e-05,0,0.00010498,-1.4247e-06,2.3987e-05,2.7851e-05,2.5291e-05,-5.2659e-06,5.2608e-06,8.207e-05,8.1971e-05,6.2715e-05,4.9406e-05,4.8584e-05,2.0296e-05,1.603e-05,7.4201e-05,6.6313e-05,2.2651e-05,4.2764e-05,0.00010114,3.5873e-05,4.132e-05,3.374e-05,9.9512e-05,4.3001e-05,4.5781e-05,8.4471e-05,-5.0876e-06,1.9628e-05,0.00011342,6.917e-05,7.0708e-05,5.6468e-05,6.9506e-05,5.5348e-05,8.4778e-05,8.2233e-05,8.0287e-05,-5.388e-05,5.211e-05,1.1738e-05,0.00021951,0.00012259,0.00010461,3.7277e-05,7.642e-05,3.0236e-05,4.4913e-05,-3.0535e-05,1.2464e-05,2.5328e-05,0.0001196,0.00010682,5.4171e-05,4.1522e-05,0.00013136,-9.2093e-05,7.4113e-05,4.0995e-05,4.9226e-07,5.719e-05,1.853e-05,3.7323e-05,-2.2541e-06,0.0002315,6.5199e-05,-1.1424e-05,2.1948e-06,2.4009e-08,5.7634e-05,9.433e-05,5.6788e-05,5.2389e-05,4.6026e-05,2.7773e-05,7.6098e-05,3.9611e-05,1.2384e-05,6.6892e-05,4.5192e-05,8.6881e-05,7.0842e-05,2.9179e-05,5.0634e-05,5.0022e-05,5.2336e-05,1.7807e-05,4.4879e-05,-4.4107e-06,1.7967e-05,3.9704e-05,9.512e-05,4.5873e-05,9.4748e-05,5.5642e-05,1.7118e-05,-6.6731e-06,4.2596e-05,7.69e-05,7.1418e-05,2.7205e-05,0.00010302,4.2789e-05,7.3426e-05,4.8054e-05,4.6781e-05,3.9064e-05,0.000122,2.409e-07,6.913e-05,6.7613e-05,7.0919e-05,-7.7322e-05,2.0251e-05,6.7092e-05,5.946e-05,2.6324e-05,5.1024e-05,-1.2971e-05,2.6797e-05,8.2484e-05,1.8895e-05,-1.596e-05,5.7425e-05,4.0169e-05,3.5928e-05,6.5479e-05,2.4879e-05,-3.2997e-05,1.3876e-05,5.6783e-05,5.3141e-05,6.4971e-05,4.3102e-05,3.3008e-05,9.7914e-05,6.1595e-05,3.223e-06,5.7207e-05,1.8406e-05,0.00010865,-9.4651e-07,4.6925e-05,-1.502e-05,5.5806e-05,-4.6141e-05,0.00016553,3.5861e-05,2.3843e-05,0.00011788,-6.3861e-05,8.1486e-05,9.6706e-05,5.0759e-05,-1.2355e-06,2.6019e-05,4.5911e-05,1.3229e-05,5.3463e-05,6.8609e-05,4.3206e-05,4.6247e-05,9.4763e-06,3.3718e-05,0.00010249,-1.9931e-06,7.1697e-05,7.8071e-05,4.9338e-05,1.9053e-05
2.9985e-05,3.6621e-05,1.8883e-05,1.344e-05,6.7971e-06,4.252e-05,-2.7009e-07,7.0499e-05,-5.1304e-06,1.3689e-06,3.6074e-05,3.4495e-05,6.062e-05,1.5195e-05,3.3323e-05,4.1158e-06,3.1753e-05,3.467e-05,1.0878e-05,1.5129e-05,2.0265e-05,3.0027e-05,5.9524e-05,4.5496e-05,3.8086e-05,8.5289e-06,3.2763e-05,5.432e-05,2.2597e-05,-1.9229e-05,0,7.9105e-07,-1.8077e-05,-3.3308e-06,4.3225e-05,2.7983e-06,4.1889e-05,2.3525e-05,3.2714e-05,4.4292e-05,2.6851e-05,3.9148e-05,2.5096e-05,1.5867e-05,1.6988e-05,3.5352e-05,1.4188e-05,1.6168e-05,2.4097e-05,1.3281e-05,2.7258e-05,-1.7198e-06,-2.3748e-05,1.9962e-05,1.0176e-05,1.2784e-05,4.116e-05,-6.731e-06,1.1055e-05,7.0863e-05,1.5078e-05,3.1552e-05,3.476e-05,5.1524e-05,5.3426e-05,2.5737e-05,5.9895e-05,1.34e-05,-2.302e-05,3.7278e-05,3.0638e-05,8.6644e-05,2.2446e-05,8.0641e-05,1.2423e-05,3.181e-05,9.2351e-06,3.2693e-05,-2.4814e-05,-1.6732e-05,8.8247e-05,9.3948e-05,2.7629e-05,-4.1918e-06,3.6555e-05,7.1351e-06,-2.0526e-05,3.6462e-05,2.7366e-05,1.3152e-05,-2.7705e-06,9.8168e-06,-6.4938e-06,1.344e-06,0.00022272,4.9911e-05,-6.3263e-06,-2.5115e-05,6.5182e-06,2.4602e-05,1.1222e-05,3.8799e-05,4.2798e-05,1.8051e-05,1.1068e-05,6.0749e-05,1.8964e-05,1.4042e-05,3.4536e-05,4.2014e-05,5.1179e-05,3.5081e-06,1.061e-05,3.0233e-05,-4.2269e-05,4.3143e-05,-1.142e-05,2.8932e-05,1.2471e-06,7.8773e-06,1.4778e-05,0.00015325,1.4186e-05,4.1894e-05,2.4259e-05,1.6003e-05,4.5107e-06,1.1494e-05,2.8511e-05,8.2106e-06,-1.04e-05,5.9181e-05,8.3055e-06,3.0004e-05,2.6234e-05,2.673e-06,1.8948e-05,4.658e-05,1.4127e-05,3.7226e-05,7.2457e-05,2.3673e-05,8.287e-06,-2.2287e-06,3.9261e-05,5.3671e-06,9.9676e-06,2.1794e-05,-7.4122e-05,2.2966e-05,4.0744e-05,1.989e-05,-1.4701e-06,3.5492e-05,2.142e-05,9.9681e-06,6.7485e-05,1.4336e-05,3.816e-05,3.1948e-05,1.3629e-05,3.8599e-05,3.031e-05,2.4349e-05,2.0729e-05,8.3357e-05,3.2799e-05,2.5089e-05,3.3849e-05,2.0063e-05,5.6503e-05,-3.3476e-06,3.7503e-05,3.902e-05,2.3199e-05,-1.9772e-06,4.7551e-05,4.8618e-06,1.2765e-05,3.7044e-05,2.2311e-05,3.0346e-05,3.53e-05,2.3153e-05,9.6012e-06,-1.1898e-06,1.4511e-05,1.6574e-05,2.1458e-05,4.4822e-05,1.5731e-05,2.7326e-05,-1.6185e-05,2.2729e-05,2.5657e-05,1.1591e-05,3.6612e-05,2.8438e-05,3.244e-05,3.0232e-05
4.9214e-05,2.3523e-05,2.9198e-05,2.3006e-05,4.9708e-05,2.8517e-05,-3.292e-06,7.3125e-05,4.5655e-05,7.7854e-06,7.079e-05,2.8331e-05,1.5195e-05,7.8903e-05,4.213e-05,4.7386e-06,-2.381e-06,9.124e-05,3.9357e-05,2.1737e-05,2.6556e-05,5.9125e-05,6.7843e-05,4.2369e-05,5.2346e-05,2.5714e-05,1.4262e-05,2.7259e-05,2.7659e-05,5.0934e-05,0,6.0302e-05,-8.1371e-06,-1.7741e-05,4.7783e-05,-2.2825e-05,5.7293e-06,1.1867e-05,-4.0188e-06,6.2063e-05,2.7824e-05,3.1285e-05,3.2196e-05,3.6584e-06,3.5781e-05,7.5489e-05,3.0563e-05,8.5522e-06,3.468e-06,1.7732e-05,3.4674e-05,4.8662e-05,-3.0151e-05,5.9843e-05,2.993e-05,5.8738e-05,1.8869e-05,-4.6521e-06,3.3118e-05,8.2307e-05,4.2763e-05,2.5961e-05,4.4143e-05,5.0687e-05,4.6256e-05,3.6632e-05,1.9919e-05,3.6626e-05,-1.3099e-05,4.6916e-05,1.9394e-05,2.5767e-05,2.5942e-05,6.5602e-05,1.6331e-05,5.8509e-05,1.5782e-05,3.8627e-05,3.9584e-05,4.7669e-05,0.00010866,0.00011647,5.8129e-05,-9.9442e-06,3.6057e-05,2.4843e-05,1.5876e-05,4.636e-05,6.2355e-05,2.7356e-05,3.2588e-06,1.066e-05,3.9337e-05,2.4646e-05,-3.2477e-05,5.5586e-05,7.376e-06,2.4581e-05,1.0399e-05,2.923e-05,2.9341e-06,1.5099e-05,-3.1674e-06,1.1486e-05,1.8437e-06,3.1162e-05,3.6982e-05,2.7608e-05,4.5087e-05,7.9409e-05,4.2883e-05,4.9553e-05,1.0905e-05,2.3568e-05,5.8575e-05,5.8092e-05,1.8075e-05,3.8758e-05,6.3214e-05,-2.731e-07,3.6053e-05,-2.0405e-05,3.4003e-05,2.5196e-05,6.4438e-05,-2.2347e-07,4.5372e-05,2.6232e-05,3.67e-05,2.9278e-05,2.6993e-05,5.1739e-05,8.6211e-06,6.26e-05,4.9009e-05,4.6317e-05,2.3139e-05,0.00010789,5.0903e-05,2.0866e-05,4.4491e-05,2.8994e-05,1.4978e-05,3.9004e-05,3.4125e-05,7.6314e-05,2.8575e-05,1.9908e-05,3.3937e-05,1.9273e-05,7.2647e-05,2.3059e-05,4.9768e-05,4.9838e-05,2.8255e-05,1.5319e-05,8.849e-05,2.3281e-05,-1.6831e-06,3.92e-05,3.9387e-05,7.1561e-06,7.5622e-05,2.2476e-05,2.8989e-05,7.1489e-05,4.5624e-05,-1.5395e-06,8.65e-07,-3.1684e-06,6.4256e-05,1.4636e-05,2.8751e-05,5.4321e-05,4.8871e-05,2.0493e-05,9.2452e-05,2.6348e-05,1.8744e-05,6.8138e-05,3.544e-05,4.6293e-05,9.0392e-05,3.661e-06,3.9407e-05,6.9821e-05,2.044e-05,4.3983e-05,1.9848e-05,6.6056e-05,3.8817e-05,4.7498e-05,6.2587e-05,5.1132e-05,4.186e-05,-6.5158e-06,5.535e-06,2.693e-05,5.6515e-05,4.0284e-05
0.00014895,4.228e-05,1.5537e-05,2.9666e-05,8.1819e-05,3.4974e-05,-7.638e-06,0.00010841,-4.7851e-05,4.4498e-05,0.00012457,6.3175e-05,3.3323e-05,4.213e-05,0.00016884,1.6437e-05,9.3421e-05,0.00010179,7.4611e-05,4.3937e-05,3.5133e-05,0.00011869,0.00022789,0.0001202,0.00012087,6.3854e-05,2.8511e-05,0.0001053,5.632e-05,-2.1079e-05,0,0.0001032,-5.6472e-05,2.0016e-06,8.374e-05,3.1337e-05,4.713e-05,5.1086e-05,2.9136e-05,6.4289e-05,6.3522e-05,8.4353e-05,2.3651e-05,2.2342e-05,7.5622e-06,8.8422e-05,0.00013814,8.8801e-06,2.7404e-05,-1.9061e-05,7.131e-05,5.3635e-05,-1.5142e-05,4.7816e-05,4.2258e-05,7.0507e-05,0.00014852,-1.3802e-05,1.7062e-05,0.00014289,9.3958e-05,9.275e-06,5.0172e-05,6.887e-05,8.2659e-05,0.00010477,0.00015946,4.2062e-05,-9.9639e-05,4.3159e-05,-2.4614e-05,0.00013354,4.4667e-05,0.00019571,2.6049e-05,0.00013651,3.1676e-05,9.5382e-05,-1.4269e-06,1.5298e-05,0.00024147,0.00018622,6.1115e-05,1.5946e-05,8.3124e-05,1.5202e-05,-3.0826e-05,0.00011893,7.3793e-05,3.6507e-05,5.977e-06,3.5634e-05,1.9977e-05,8.3655e-06,0.00064775,5.5899e-05,-6.9835e-06,1.0163e-05,6.2414e-05,5.6743e-05,-2.7155e-06,4.0382e-05,6.5447e-05,2.3497e-05,2.3361e-05,5.7348e-05,3.8503e-05,5.1714e-05,0.00012114,0.00010982,0.00010182,2.7184e-05,2.9332e-05,5.5907e-05,9.6709e-05,6.6368e-05,2.8779e-05,0.00012704,6.4254e-05,1.7706e-05,4.0895e-05,0.00014854,6.438e-05,2.3157e-05,7.5768e-05,1.5528e-05,5.7887e-05,4.383e-05,4.4118e-05,7.5311e-05,6.9523e-05,9.3073e-05,6.5105e-06,2.9802e-05,4.3614e-05,0.00017824,3.3191e-05,0.00014658,7.1217e-05,5.639e-05,2.4915e-05,0.00010764,-1.7063e-05,2.0769e-05,7.5983e-05,8.2131e-05,3.6518e-06,4.3663e-05,2.4142e-05,3.9301e-05,0.00011612,3.2715e-05,7.1936e-05,5.7443e-05,5.2456e-05,3.2674e-05,0.00018424,2.8456e-05,-1.8257e-05,-2.9226e-06,8.0479e-05,0.00010677,8.1664e-05,5.9915e-05,3.4183e-05,0.00015952,8.4232e-05,-1.2418e-05,2.6791e-05,5.004e-05,0.0001239,-1.1805e-05,3.8906e-05,1.4545e-05,3.5062e-05,-2.2756e-05,0.00011663,7.2921e-05,3.3482e-05,0.00013777,4.4708e-05,7.2756e-05,0.0001155,2.7319e-05,1.9817e-05,6.1461e-05,1.5292e-05,-1.1406e-06,4.1476e-05,0.00010555,6.7537e-05,8.9953e-05,3.6689e-05,6.6757e-05,4.82e-05,7.3445e-06,3.174e-05,4.8568e-05,5.8069e-05,6.1624e-05
4.0108e-05,4.5723e-05,3.0271e-05,4.1604e-05,2.2201e-05,5.8715e-05,-4.2606e-06,7.1469e-05,7.6613e-06,2.0833e-05,5.6025e-05,3.2959e-05,4.1158e-06,4.7386e-06,1.6437e-05,7.992e-05,-8.1871e-05,7.0841e-05,6.0063e-05,6.8517e-05,4.1596e-06,6.0772e-05,7.2351e-05,5.8201e-05,9.2379e-05,5.8567e-05,2.012e-05,8.5331e-05,1.4057e-05,7.3494e-06,0,5.5335e-05,4.6355e-05,3.3465e-05,3.5038e-05,-6.978e-07,6.307e-05,5.7542e-07,9.4272e-05,1.5808e-05,4.0704e-05,3.3539e-05,4.7683e-05,5.7614e-05,3.5775e-05,5.9852e-05,0.00010613,2.8218e-05,0.00011211,5.0766e-05,7.8078e-05,8.1879e-05,6.6228e-05,5.4168e-05,4.6059e-05,3.4451e-05,1.1055e-05,3.4562e-06,4.854e-05,-1.6088e-05,3.3911e-05,2.6748e-05,4.9066e-05,4.916e-05,5.8171e-05,3.3884e-05,0.00011698,2.1782e-05,-2.0386e-05,2.8055e-05,8.2545e-06,7.0573e-05,8.6833e-05,7.6832e-05,3.4289e-05,9.1966e-05,3.1132e-05,3.9612e-05,3.6606e-05,4.3488e-05,0.00010652,3.8166e-05,3.6429e-05,5.3927e-05,1.1658e-05,5.8939e-05,-1.465e-05,6.0174e-05,7.4037e-05,4.1207e-05,2.2168e-05,5.9787e-05,2.5947e-05,6.7878e-05,0.00010599,1.4255e-05,-5.271e-06,5.7176e-06,5.1377e-06,4.898e-05,4.5285e-05,4.4807e-05,2.9823e-05,3.9591e-05,1.7518e-05,6.9987e-06,2.7495e-05,2.1925e-05,2.8088e-05,3.6788e-05,4.9162e-05,5.22e-05,4.544e-05,7.2992e-05,6.4471e-06,3.9837e-05,6.6185e-05,2.212e-05,3.7055e-05,9.8291e-06,3.0872e-05,8.2612e-05,2.5568e-05,7.6896e-05,3.7204e-05,2.3404e-05,1.1873e-05,2.3263e-05,3.3597e-06,2.9021e-05,4.3247e-05,9.1011e-05,3.9857e-05,6.4052e-05,5.2877e-05,-1.5454e-05,1.6454e-05,5.2358e-05,4.7721e-05,4.8516e-05,1.9481e-07,5.4294e-05,-1.7185e-05,1.91e-05,3.0492e-05,1.7612e-05,-1.6354e-05,3.9553e-05,0.00010162,5.1684e-05,8.4327e-05,4.5739e-05,2.6693e-05,4.427e-05,5.5282e-05,2.5059e-05,1.8092e-05,1.5676e-05,2.5773e-05,5.0523e-05,3.0668e-05,6.7614e-05,2.852e-05,4.4534e-05,1.1824e-05,0.00012255,6.2356e-05,-1.1108e-05,4.9048e-06,3.429e-05,6.5897e-05,3.0577e-05,8.7747e-07,4.4568e-05,3.793e-05,-5.4641e-06,6.8191e-05,5.4458e-05,2.9509e-05,5.6738e-05,2.6059e-05,5.2361e-05,5.5712e-05,2.3325e-05,3.9909e-05,2.8533e-05,4.0633e-05,9.9198e-06,1.139e-05,4.7508e-05,-3.2866e-06,2.584e-05,4.3325e-05,4.9717e-05,5.0163e-05,2.2232e-05,2.29e-06,6.0741e-05,2.1135e-05,2.9809e-05
0.0001162,4.4369e-06,-7.5356e-05,-3.1593e-05,-3.1494e-05,-2.6963e-05,2.4284e-05,2.7036e-05,-6.9792e-05,2.7844e-05,7.756e-06,2.2768e-05,3.1753e-05,-2.381e-06,9.3421e-05,-8.1871e-05,0.00068775,-7.5927e-05,-3.2423e-05,-0.00010214,-0.00011275,2.8681e-06,7.4867e-05,-2.0884e-05,1.4459e-05,-2.3826e-05,-1.2595e-05,-3.4167e-05,-1.5591e-05,-0.00010185,0,-0.00011603,-6.1722e-07,-1.8079e-05,8.2694e-05,4.4582e-05,-0.00017258,7.4628e-06,-0.00010337,8.1317e-05,-5.9289e-06,9.8677e-05,-7.3025e-05,1.0601e-05,-7.259e-05,3.903e-05,4.9596e-05,3.6659e-05,-0.00016452,-7.1373e-05,-4.7472e-05,-0.00012745,-7.5616e-05,2.2661e-05,-0.00012985,-5.1349e-05,-1.7632e-05,-5.552e-06,-8.4087e-05,0.00023189,5.6346e-05,-6.9574e-05,-4.5146e-05,0.00015892,-4.0426e-06,-1.637e-05,7.0814e-05,4.9156e-05,-4.3009e-05,-1.5889e-05,-0.00013495,0.00013504,-9.959e-05,9.086e-05,-4.776e-05,-9.5431e-05,-1.6115e-05,1.3414e-05,-8.7273e-05,-0.00010175,-0.00030283,0.00014211,0.00012723,-4.5083e-06,1.7026e-05,-1.7048e-05,-3.4214e-05,1.6397e-05,-0.00014831,-5.7091e-05,2.2388e-05,-7.9107e-05,-3.6045e-05,-0.0001035,0.00060054,6.8312e-05,3.9024e-06,-2.8069e-05,6.7165e-05,-6.4271e-06,2.5863e-05,0.00010414,5.8881e-05,2.0195e-05,1.4369e-05,0.0001587,-1.782e-05,-2.1705e-05,0.00010001,-9.083e-05,8.6083e-05,-4.7963e-05,-2.52e-05,-7.9249e-05,7.1641e-06,-1.9731e-05,-4.2375e-05,4.3029e-05,-3.3969e-05,-8.398e-06,-3.6881e-05,9.7153e-06,-1.4899e-05,-4.9562e-05,3.0512e-05,-3.1436e-05,4.1253e-07,-5.8133e-05,0.0001344,3.1945e-06,0.00013554,-2.9775e-05,-6.5777e-05,-9.5229e-05,-6.1926e-05,0.00049992,-7.2724e-06,3.9629e-05,-9.0849e-05,0.000164,1.2694e-05,-6.8983e-05,1.2565e-05,6.7596e-05,4.0581e-05,1.2665e-05,6.7302e-05,-1.6867e-05,0.00014091,-3.006e-05,-3.8116e-05,2.8235e-05,4.9369e-05,-8.5145e-06,-2.3189e-05,-6.1357e-05,-4.1112e-05,-1.2535e-05,1.1442e-05,-0.00022531,-3.6428e-05,1.3751e-05,1.0107e-05,-0.00011425,7.4013e-06,-9.4033e-05,-1.0519e-05,6.6896e-05,-3.2793e-05,3.4591e-05,-6.9301e-06,-3.7451e-05,-5.2807e-05,-0.00030835,-4.6744e-05,5.7179e-06,6.4501e-05,3.0615e-05,7.7343e-05,3.7375e-05,-7.4212e-05,-5.9482e-05,-4.954e-05,4.4255e-05,-5.4338e-05,-4.3842e-06,-8.8479e-05,-4.7274e-05,-5.933e-05,6.6703e-05,-1.0217e-05,0.00014683,-0.00017264,-4.3151e-05,-1.3145e-05,-9.536e-05,0.0001406,-5.5975e-05,-1.256e-05,-1.3185e-05
0.00014759,8.3207e-05,0.00010327,8.9429e-05,0.0001249,0.00014598,1.8938e-05,0.00025367,7.9721e-05,5.4632e-06,0.00016752,0.00014279,3.467e-05,9.124e-05,0.00010179,7.0841e-05,-7.5927e-05,0.0003278,0.00017857,0.00011657,2.2528e-05,0.00025263,0.00026865,0.0001466,0.00017392,0.00010244,4.7548e-05,0.00012575,8.4362e-05,0.00010925,0,0.00027034,-1.0498e-05,6.0128e-05,8.3395e-05,3.1931e-05,0.00010272,1.0967e-05,0.00015629,0.00014632,0.00010664,7.913e-05,9.3152e-05,2.2763e-05,0.0001225,0.00014073,0.00011704,5.3096e-05,0.00010901,0.00010798,8.9984e-05,0.00013514,-3.6815e-05,0.00014498,8.4206e-05,9.7693e-05,9.0515e-05,-6.8179e-06,8.7209e-05,0.00017214,0.00016312,9.0996e-05,9.3464e-05,0.00012826,0.00014015,0.0001326,0.0001932,6.245e-05,-9.9103e-05,0.00015365,7.0976e-05,0.00023311,0.00019114,0.0001836,0.00013425,0.00018395,5.5163e-05,0.00010629,5.7731e-05,9.1965e-05,0.00028533,0.00022082,0.00014432,7.621e-05,1.365e-05,0.00018019,-1.5444e-05,0.00016548,0.00014515,5.7988e-05,1.9172e-05,7.8957e-05,7.9056e-05,8.2766e-05,0.00021476,0.0001417,-7.3522e-06,4.2866e-05,1.8984e-05,9.3174e-05,0.00012371,6.5852e-05,6.6374e-05,5.7852e-05,4.489e-05,8.9355e-05,0.00014988,6.0601e-05,0.00012773,0.00014359,0.00014411,0.00013371,5.0479e-05,0.00012077,0.00015708,0.00013568,0.00013083,0.00011005,0.00011229,1.9489e-05,9.0884e-05,0.00025351,7.7776e-05,0.00011695,0.00011565,1.8585e-05,3.5479e-05,4.632e-05,9.418e-05,0.00011016,2.1767e-05,0.0001629,-1.1249e-05,0.00016576,0.00012392,-1.8228e-05,7.237e-05,0.00029527,8.0462e-05,7.0823e-05,6.0911e-05,0.00012583,-5.3423e-05,5.5686e-05,9.0327e-05,0.00011899,6.5417e-05,5.0425e-05,-5.6528e-06,0.00012006,0.00018276,6.7537e-05,8.7568e-05,0.00011928,7.7411e-05,6.1088e-05,0.00022083,0.00010265,8.5941e-06,0.00011267,0.00011421,0.00012619,0.00011129,7.4768e-05,8.3634e-05,0.00023014,0.00010984,-2.111e-05,4.3943e-05,6.6139e-05,0.00019832,7.897e-06,4.6841e-05,0.00013174,0.00010334,-8.7455e-06,0.00024516,6.6961e-05,5.5359e-05,0.00019203,-2.9024e-06,0.00016198,0.00029951,4.1349e-05,4.6536e-05,0.00011088,8.2755e-05,0.00014577,6.5105e-05,0.00014784,5.045e-05,6.2051e-05,0.00011417,9.0513e-05,0.00015599,-1.371e-05,3.3724e-05,0.00013673,0.00010805,9.3319e-05
