0.00041339,2.7244e-05,7.4402e-05,0.00015506,0.00016113,0.000247,1.6819e-05,3.6258e-05,0.00017799,8.2308e-05,9.9393e-05,0.00010982,3.3677e-05,-1.3261e-05,4.8399e-05,1.9668e-06,8.9632e-05,2.6224e-05,-1.3683e-05,8.4347e-05,-0.00034702,4.0228e-06,1.7721e-05,0.00037659,3.3496e-05,-1.3594e-05,0.0001066,4.9168e-05,0.0001664,-3.3503e-06,0,2.2798e-05,5.0522e-05,1.0632e-05,6.4665e-05,8.4884e-05,0.0002814,0.00028251,0.00034661,6.6981e-06,7.0411e-06,0.00010068,5.0498e-05,5.8715e-05,4.3687e-06,-5.3667e-05,-2.7169e-05,3.0699e-05,0.00024824,3.0709e-05,0.00024283,1.0638e-05,-7.1874e-05,0.00018687,0.00017606,1.6685e-05,0.00020178,-1.3368e-05,5.6673e-05,-7.106e-05,8.1291e-05,0.00034393,-2.015e-05,1.6319e-05,-3.6892e-05,0.00030476,-3.9311e-05,4.4748e-05,0.00022989,-7.262e-06,8.9596e-05,2.6135e-05,3.3125e-05,0.00023534,-1.2186e-05,-0.00018192,4.7089e-05,0.00013998,3.1448e-06,-9.19e-06,5.5045e-05,-0.00010289,-2.281e-05,7.9308e-05,6.8637e-06,6.0467e-05,6.0952e-05,0.00013999,-0.00012386,5.2262e-05,1.1462e-05,-2.8321e-05,0.00014544,-2.6219e-05,-6.0545e-05,1.9709e-05,-5.1387e-06,6.6138e-05,5.1159e-05,0.00011957,3.7231e-05,-9.6618e-05,3.1303e-05,7.9978e-06,-5.8277e-05,0.00020054,4.6243e-06,2.9504e-05,2.7332e-05,7.2494e-05,6.8878e-05,-6.5675e-05,-2.3055e-05,4.5482e-05,-6.188e-05,6.5542e-05,-9.1737e-05,8.4355e-05,3.2078e-05,0.00010534,2.1754e-05,-0.0001007,7.5302e-05,0.00032865,6.4147e-05,-1.621e-05,3.8692e-05,8.0891e-05,0.00026767,3.7896e-05,-3.671e-05,2.0174e-05,1.0676e-05,-1.6853e-05,-2.437e-05,8.8074e-05,0.00020785,9.1325e-05,4.9862e-07,0.00013869,4.6387e-05,0.0002016,6.4916e-05,0.00015302,-1.0638e-05,4.2518e-06,0.00020606,3.1276e-05,0.00015419,1.8553e-05,-0.00017953,5.8276e-05,0.00012743,5.5059e-06,1.3195e-05,5.3023e-05,0.0001732,1.0257e-05,-0.00015143,-1.8601e-05,0.00042027,1.2924e-05,0.00013332,-3.7066e-06,-1.7777e-05,-3.4315e-05,9.8211e-05,0.00023986,0.0001928,0.0002001,1.1138e-05,8.0544e-05,0.00010947,8.2606e-05,1.448e-05,-3.6419e-05,-0.00024459,-0.00012622,0.00041652,-3.7578e-05,6.1048e-05,0.00018792,-2.9768e-05,-0.0010401,-4.5959e-05,2.4856e-05,-9.7914e-06,5.0738e-06,0.00011686,-0.00013377,0.00047204,-2.9713e-05,0.00011878,0.00015922,0.00028841,4.541e-05,7.3796e-05,1.2625e-05,6.842e-05,1.4002e-05
2.7244e-05,0.00021146,0.00014643,9.169e-05,0.00010123,6.543e-05,-3.6117e-05,6.7908e-05,6.561e-05,7.7642e-05,0.00010386,6.3406e-05,4.3757e-05,1.7786e-05,4.3184e-05,0.00011926,0.00012685,6.8738e-05,-2.8626e-05,4.2777e-05,1.1522e-05,6.5695e-05,0.00012475,3.3617e-05,0.00012156,5.9577e-05,-4.5313e-06,0.00010904,4.9564e-05,8.0913e-05,0,7.2585e-05,0.00011306,8.8387e-05,6.6777e-05,4.3228e-05,0.00012622,-4.9579e-05,2.1464e-05,5.4212e-05,6.9446e-05,7.0875e-05,8.1694e-05,6.6157e-05,5.3407e-05,6.3544e-05,6.1848e-05,4.2052e-05,-6.6898e-05,-1.9563e-05,0.00012664,8.6612e-05,4.3938e-05,6.929e-05,0.00015121,5.9506e-05,9.8759e-05,3.0401e-05,8.7519e-05,-3.3231e-05,6.8772e-05,8.4268e-05,5.2726e-05,7.8712e-05,0.00011493,-1.2687e-05,8.3463e-05,4.5578e-05,-1.3664e-06,5.1826e-05,1.5864e-05,0.00011419,1.1413e-06,0.00011681,6.917e-05,9.8317e-05,-2.0591e-06,-2.3726e-05,-3.4498e-07,1.5999e-05,8.6066e-05,8.5113e-05,9.0282e-05,5.1899e-05,1.6262e-05,7.5811e-05,7.3914e-05,3.3708e-05,-8.7723e-05,6.6359e-05,-5.9393e-06,5.8343e-05,0.00010578,2.9511e-05,8.643e-06,6.8361e-05,-2.9597e-05,9.0403e-06,-6.979e-07,7.8987e-05,0.00015238,4.971e-05,3.6367e-05,8.9512e-05,5.6149e-05,1.8191e-05,8.3673e-05,4.5926e-05,4.1619e-05,2.417e-05,6.6288e-05,4.8285e-05,0.00012707,8.3369e-06,0.00011955,7.4756e-05,6.2203e-05,5.7517e-05,3.6408e-05,2.6307e-05,0.00010368,-0.0001224,0.00011221,-7.4455e-06,8.5149e-05,3.9306e-05,4.5885e-05,9.9534e-06,2.0867e-05,0.00010782,7.273e-05,7.3675e-05,0.00013442,8.1972e-06,7.643e-05,-4.9064e-05,7.483e-05,0.00010019,2.6603e-06,8.9973e-05,8.1739e-05,5.1228e-05,-1.2877e-05,8.1877e-05,1.5098e-05,0.00012891,9.5808e-05,-1.5809e-05,5.2741e-05,0.00011645,5.6639e-05,0.00010052,0.00010474,0.00011087,0.00013825,6.16e-05,5.8174e-05,7.0626e-05,1.5456e-05,1.3292e-05,-0.00035501,0.00011209,9.6585e-05,7.1599e-05,6.1979e-05,3.0334e-05,0.00014901,4.4942e-05,3.7185e-05,0.00010064,9.6436e-05,9.1258e-05,6.1073e-05,7.6255e-05,9.7456e-05,3.3781e-05,-1.5541e-05,3.3043e-05,5.4327e-05,8.0868e-05,0.00010134,6.6151e-05,0.00010297,9.8465e-05,6.2905e-05,5.6526e-05,7.0508e-05,-5.2637e-06,6.3e-05,0.00010351,6.8589e-05,6.8291e-05,0.00011342,2.5399e-05,7.188e-05,8.4343e-06,3.4963e-05,8.2665e-05,8.1172e-05,3.9266e-05
7.4402e-05,0.00014643,0.00026551,0.00015199,0.00014012,0.00011374,-2.3904e-06,0.00012118,0.00013041,0.00011529,0.00020152,4.0507e-05,0.0001211,2.5732e-05,0.00012557,0.00011549,0.00011753,4.4767e-05,5.3409e-05,5.9965e-05,2.5088e-05,0.00012927,0.00019974,3.8562e-05,9.6688e-05,8.6551e-05,-2.3093e-06,9.8991e-05,8.9217e-05,0.00011138,0,3.9829e-05,4.1662e-05,6.8479e-05,0.00011259,6.2974e-05,0.00014197,7.8637e-05,2.5524e-05,1.7292e-05,8.2071e-05,0.0001423,9.5508e-05,0.00013275,6.8628e-05,5.9113e-05,0.00016393,5.5128e-05,2.6646e-05,-7.5564e-06,0.00019758,7.427e-05,5.9016e-05,0.00019826,0.00026465,6.8887e-05,7.2471e-05,4.8199e-06,0.00011883,2.7405e-05,4.8033e-05,0.00010984,0.00010582,7.58e-05,0.00017175,9.0343e-05,8.1033e-05,4.4386e-05,9.0731e-05,6.3687e-05,6.92e-05,0.00013113,1.0237e-05,0.00014755,7.171e-05,8.116e-05,3.9315e-05,-5.1989e-05,4.1308e-05,4.8362e-05,6.5104e-05,6.211e-05,0.0001252,6.2626e-05,5.8309e-05,0.00013102,6.8728e-05,0.00013921,-0.00015848,6.057e-05,7.222e-05,8.0958e-05,0.00011603,9.7074e-05,1.5313e-05,1.9428e-05,-1.7326e-05,0.00014145,-1.3905e-05,0.00011784,9.524e-05,0.00014298,3.365e-05,-2.1808e-06,0.00010961,-2.3465e-05,7.9292e-05,8.6489e-05,8.4334e-05,6.0153e-05,4.9448e-05,2.0586e-05,8.4529e-05,5.915e-05,0.00014098,7.3454e-05,6.6064e-05,0.00011277,4.3141e-05,7.4874e-05,9.4748e-05,4.8214e-05,0.00013594,1.3008e-05,8.2368e-05,8.6183e-06,9.5955e-05,8.521e-05,2.1796e-05,0.00014808,8.6419e-05,7.0834e-05,5.9389e-05,3.0141e-05,6.6031e-05,0.00011735,0.00011815,9.3608e-05,9.8791e-05,0.00016187,-7.869e-06,-9.4947e-06,6.9794e-05,4.6931e-05,2.7581e-05,0.00014714,8.1137e-05,7.2573e-05,5.4857e-05,0.00010833,7.5894e-05,0.00010923,0.00010293,0.00016675,0.00019672,8.0252e-05,8.6197e-05,0.00010115,2.7428e-06,5.0381e-05,-0.0001069,0.00018575,0.00014594,7.6207e-05,9.7426e-05,7.0361e-05,0.00026364,0.00012871,8.0197e-05,2.4999e-05,0.00012651,0.00014184,0.00012145,0.00011715,3.6791e-05,6.9695e-05,3.3157e-05,-6.0202e-06,9.1836e-05,0.00010813,8.0788e-05,7.1415e-05,5.8413e-05,1.9927e-05,3.214e-05,5.6376e-05,7.168e-05,6.9656e-06,0.00015038,0.00012981,0.00010547,6.1496e-05,6.136e-05,0.00013537,6.5506e-05,-1.9676e-06,0.00011055,0.00012855,0.00015057,8.9346e-05
0.00015506,9.169e-05,0.00015199,0.00021412,0.00017585,0.00012682,-4.6947e-06,0.00011362,0.00015437,8.2843e-05,0.00011098,0.00011611,0.00010254,3.62e-05,0.00014216,8.4614e-05,0.00010945,9.0699e-05,5.2941e-05,0.0001071,-8.1634e-05,6.5401e-05,0.00010194,0.00010988,0.0001053,6.1144e-05,1.6613e-05,5.0974e-05,0.00010219,0.00011969,0,4.9693e-05,2.6415e-05,5.1453e-05,9.9969e-05,4.5013e-05,0.00013562,0.00012863,2.6575e-05,5.9878e-05,6.8418e-05,9.8975e-05,9.2848e-05,6.9601e-05,3.3258e-05,1.7515e-05,0.00011115,0.00012849,1.1346e-05,1.5544e-05,0.00016937,6.9195e-05,1.9114e-06,0.00019475,0.00014074,8.3896e-05,0.00011977,-1.8886e-05,7.9952e-05,-3.1683e-06,1.012e-05,0.00012888,8.8122e-05,4.7406e-05,0.00011166,0.00013292,6.1306e-05,6.2375e-05,6.5807e-05,3.2483e-05,9.4245e-05,-9.2572e-06,0.00013373,0.00014546,4.7903e-05,-0.00012027,5.1109e-05,4.6345e-05,5.8256e-05,2.684e-05,5.1118e-05,2.3871e-05,7.881e-05,6.502e-05,3.2931e-05,0.00010878,7.4978e-05,0.00015564,-0.00013376,0.0001065,4.8694e-05,7.2024e-05,8.8882e-05,7.8017e-05,6.0203e-05,3.0689e-05,-1.7751e-05,5.7101e-05,1.1285e-05,0.00010727,0.00011755,6.6517e-05,3.1589e-05,1.9626e-05,9.6846e-05,2.8827e-05,3.7457e-05,4.6115e-05,5.241e-05,9.401e-05,6.0434e-05,1.779e-05,1.5553e-05,2.8558e-05,0.00011106,8.6848e-05,-7.0345e-07,0.00011053,6.2951e-05,6.1699e-05,9.1637e-05,-2.6541e-05,0.00012909,0.00014048,0.00013416,2.3234e-05,9.6095e-05,7.4472e-05,2.3975e-05,0.0001125,3.335e-05,0.00011439,1.6344e-05,2.1565e-05,2.7794e-05,0.00011641,0.00014139,8.4686e-05,7.9957e-05,0.0002077,-6.945e-06,9.2553e-05,6.7698e-05,2.8156e-05,3.2247e-05,5.3911e-05,0.00014484,7.2654e-05,0.00011767,4.5887e-05,2.1058e-05,9.6778e-05,0.00014806,0.00011209,0.00012554,6.5723e-05,5.3096e-05,7.2087e-05,6.6653e-06,5.7176e-05,-0.00018666,0.00011592,0.00013247,4.3424e-05,0.0001114,2.4528e-06,0.00014662,4.3616e-05,9.4119e-05,0.00010219,0.00014608,0.0001631,8.4299e-05,0.00012225,6.2264e-05,3.3327e-05,-0.0001627,4.7746e-06,8.605e-05,0.00010381,0.00014041,7.6742e-05,6.7619e-05,0.00040712,1.0498e-05,4.5794e-05,5.0864e-05,2.0555e-05,0.00012173,6.0601e-05,0.00015026,7.0699e-05,3.4413e-05,8.0539e-05,7.6431e-05,-6.3864e-05,8.9464e-05,8.1316e-05,0.00012189,0.00010356
0.00016113,0.00010123,0.00014012,0.00017585,0.00025606,0.00010369,-3.7337e-06,0.00010356,0.00015475,9.8054e-05,5.852e-05,0.00016912,6.5179e-05,3.6741e-05,9.5853e-05,6.0791e-05,0.00014677,9.2674e-05,2.595e-05,6.2095e-05,-0.00015025,5.6944e-05,0.00010154,0.00014918,7.1547e-05,5.6902e-05,5.8668e-06,9.7402e-05,9.6988e-05,9.5773e-05,0,4.0229e-05,4.7689e-05,3.564e-05,6.6186e-05,1.3974e-05,0.00017214,0.0001322,-0.00014895,7.7821e-05,5.383e-05,0.00011577,7.4847e-05,5.6888e-05,1.6186e-05,1.8254e-05,9.4676e-05,0.00016336,5.2587e-05,-3.9109e-05,0.00013406,7.2926e-05,3.1749e-05,0.0001667,0.00012434,7.559e-08,0.00011013,-1.1317e-05,0.00010652,5.8594e-05,8.8763e-05,0.00014441,9.2234e-05,3.3782e-05,7.6909e-05,9.8886e-05,7.2768e-05,5.5494e-05,0.00012326,5.559e-06,6.0889e-05,3.9872e-06,2.8822e-05,0.00012951,3.3317e-05,1.2904e-05,1.0455e-05,5.5797e-05,8.2704e-05,4.2294e-05,9.8041e-05,7.4014e-05,7.6067e-05,4.6812e-05,3.2809e-05,9.5618e-05,4.681e-05,0.00013044,-0.00011937,6.967e-05,-6.6712e-05,5.1697e-05,7.9268e-05,3.3917e-05,4.4248e-05,2.8795e-05,-2.0456e-05,4.8808e-05,1.5534e-06,9.7044e-05,9.5844e-05,0.00010332,-1.6315e-06,6.4724e-05,9.9863e-05,4.0451e-05,3.3976e-05,-1.712e-06,2.2739e-05,0.00012519,8.1271e-05,1.9606e-05,1.5827e-05,9.9365e-06,4.578e-05,6.8754e-05,4.2256e-06,0.00010617,-6.9398e-06,6.1241e-05,6.0276e-05,1.8734e-07,0.00010117,0.00014224,7.7613e-05,-6.0267e-06,4.3384e-05,8.4245e-05,8.2833e-05,7.9297e-05,2.8864e-05,8.0801e-05,5.3403e-05,2.1671e-05,3.4669e-05,9.1892e-05,0.00013244,8.0925e-05,5.8113e-05,0.00024701,-6.0979e-06,0.00010265,0.00010696,1.6241e-05,5.9864e-05,4.7268e-05,0.00016562,0.0001061,0.00017478,2.5961e-05,-3.9155e-05,5.2127e-05,6.4096e-05,7.7787e-05,7.723e-05,6.9584e-05,5.3606e-05,7.3132e-05,1.7865e-05,5.7121e-05,6.627e-05,9.9296e-05,8.6196e-05,6.2526e-05,9.3628e-05,9.7542e-06,0.00010782,0.00020052,0.00011674,0.00014741,0.0001172,0.00012378,7.7453e-05,9.0125e-05,3.9895e-05,4.4275e-05,-0.00020663,-5.6711e-05,0.00024743,0.00010095,6.479e-05,0.00011747,2.6677e-05,0.00021035,-3.9154e-05,7.229e-05,5.3191e-05,-1.6385e-05,0.00011979,-1.5566e-05,0.00014209,3.8451e-05,7.0493e-05,-2.5916e-05,5.3075e-05,1.3497e-05,3.7041e-05,6.583e-05,0.00011056,9.3243e-05
0.000247,6.543e-05,0.00011374,0.00012682,0.00010369,0.00031224,-1.5442e-05,9.6271e-06,0.00014952,2.8927e-05,0.00014806,4.189e-05,9.608e-05,4.5242e-06,4.2125e-05,7.3892e-05,5.8768e-05,1.9979e-05,-5.9698e-05,4.841e-05,-0.00012962,2.3972e-05,-1.9673e-05,0.00021485,6.2124e-05,-9.3718e-06,2.9306e-05,6.1051e-05,0.00017772,-1.277e-05,0,1.8024e-05,7.69e-05,4.6799e-05,5.6171e-05,0.00015385,0.00017558,0.00028253,0.0002606,-2.0185e-05,4.3702e-05,7.204e-05,8.993e-05,6.1327e-05,3.7084e-05,6.7822e-06,1.4608e-05,1.5141e-05,0.00018225,7.2984e-05,0.00023673,-1.3886e-05,-6.4473e-05,0.0001122,0.00013233,-4.1334e-05,0.00016684,2.3285e-05,6.4647e-05,-6.5914e-05,6.8581e-05,0.00016423,1.8508e-05,2.0424e-05,-8.9416e-06,0.00015919,-1.7918e-05,8.2262e-05,0.00014219,1.1972e-05,0.00011094,5.2083e-05,3.9128e-06,0.00020321,4.104e-05,-0.00013351,1.1057e-05,9.9816e-05,1.4154e-05,4.3391e-05,7.9921e-05,-9.5305e-05,-1.7485e-05,6.7022e-05,1.8866e-05,6.4794e-05,5.7656e-05,9.2441e-05,-0.00011058,8.0194e-05,5.4203e-05,1.3079e-05,0.00012074,2.9629e-05,-3.3562e-05,4.2406e-05,1.3823e-05,5.6786e-05,3.7544e-05,0.00010886,5.7187e-05,-0.00010679,-2.2641e-05,1.7592e-05,-3.2e-05,0.00013861,6.5634e-05,5.3922e-05,3.4626e-05,1.1452e-05,3.859e-05,3.2094e-05,3.5908e-05,-2.2649e-05,1.8874e-05,8.4323e-05,-3.8402e-05,7.5842e-05,5.5568e-05,8.1629e-05,3.9892e-05,-9.5649e-05,9.8349e-05,0.00030743,9.6812e-05,-1.2988e-05,4.2095e-05,1.2921e-05,0.00019643,0.00011239,1.0716e-06,2.4689e-05,3.0784e-05,-6.4659e-06,-5.8349e-06,4.2776e-05,0.00020821,9.4399e-05,1.2926e-05,2.6197e-05,0.00016032,6.0179e-05,0.00010983,0.00014917,8.2518e-07,6.4339e-05,0.00010287,-1.8554e-08,-1.4176e-05,2.6756e-05,-0.00012621,5.9733e-05,0.00015763,4.9297e-05,6.9085e-05,4.159e-05,8.3957e-05,6.6266e-05,-3.966e-05,-1.1863e-05,0.00014589,-2.4316e-06,0.00014147,1.6648e-06,-6.7739e-06,-2.5327e-05,0.00015507,0.00013105,0.00015859,0.00024638,0.00013499,0.00017403,0.00010555,5.8572e-05,5.6987e-06,3.5035e-06,-2.2209e-05,-4.5198e-05,0.00032771,9.6449e-06,0.00011166,0.00017295,6.7168e-05,-0.00018124,-8.5806e-06,3.8372e-05,2.6333e-05,-2.4931e-06,0.00011899,-4.84e-05,0.00029588,1.2204e-05,9.7358e-05,0.00010106,0.00029957,3.6882e-05,9.5544e-05,3.9733e-05,5.7859e-05,1.5935e-05
1.6819e-05,-3.6117e-05,-2.3904e-06,-4.6947e-06,-3.7337e-06,-1.5442e-05,4.4014e-05,1.5535e-05,-1.5004e-05,-2.8577e-05,-2.0123e-05,-1.3706e-05,4.0866e-06,-4.023e-06,1.8902e-06,-1.5585e-05,8.7738e-06,-7.7724e-06,6.9183e-06,-2.1082e-05,-4.1064e-05,1.1121e-05,-5.3995e-06,1.7452e-06,-3.2493e-05,1.1554e-05,3.5331e-05,-2.0628e-05,-1.0246e-06,1.5876e-06,0,4.8492e-06,1.3663e-05,-6.3241e-06,1.1334e-06,1.9781e-05,-1.2832e-05,2.5709e-05,2.7052e-05,-8.2708e-06,-1.817e-06,2.0759e-05,-1.6049e-05,1.3894e-05,1.6967e-05,-1.5942e-05,9.4686e-06,3.5992e-06,1.4483e-06,-1.1661e-05,-4.7855e-06,1.0878e-06,2.9505e-05,3.9472e-05,4.4898e-05,-1.1922e-05,-1.7523e-05,-1.3458e-05,2.8257e-06,9.3876e-06,-1.0385e-05,1.5928e-05,-7.3418e-06,-4.7318e-06,7.7228e-06,2.3449e-05,-2.5636e-05,-2.7948e-06,-3.8935e-06,1.8471e-05,7.255e-06,1.0783e-05,-3.006e-05,1.3218e-05,2.3584e-06,1.2335e-05,1.8246e-05,1.4196e-05,-4.792e-06,-2.1336e-06,-1.8164e-05,-3.3658e-05,-2.0566e-05,-1.8821e-05,1.7758e-05,-4.6778e-06,-1.2281e-05,8.4655e-06,1.0727e-05,-2.1008e-05,2.6557e-05,9.2739e-06,1.4927e-06,-1.2376e-05,1.8577e-06,-5.1595e-05,1.4829e-05,2.769e-05,-9.093e-06,4.0154e-07,-2.9758e-05,2.5924e-06,-1.9988e-06,-1.3523e-06,-1.9226e-05,4.2077e-06,1.4957e-05,-1.1513e-05,1.4122e-05,-2.0385e-05,-5.5416e-06,-3.1336e-05,-3.405e-05,3.4516e-05,9.9006e-06,-6.7676e-06,6.7532e-06,-1.8216e-05,-2.2171e-05,1.4521e-05,-2.4633e-05,3.5387e-05,-2.3453e-05,-1.8898e-05,-1.5817e-05,-1.1833e-05,2.0089e-08,1.2524e-05,1.8927e-05,-1.8163e-05,-1.2086e-05,-1.9292e-05,-3.8934e-05,4.4385e-06,-1.1894e-05,3.6524e-05,-1.2384e-05,-3.9467e-06,2.0836e-05,7.8655e-06,-3.5654e-05,-3.4678e-06,-5.114e-06,-6.683e-06,3.0844e-06,-3.504e-05,-1.1389e-05,2.7442e-05,7.8292e-06,-1.8575e-05,-5.3223e-05,-1.3253e-05,-1.917e-05,-1.8308e-05,-2.4272e-05,-6.8397e-06,9.037e-06,1.5005e-05,-3.6779e-05,5.0604e-06,-8.3259e-06,-7.1889e-06,-5.7574e-07,-1.6656e-05,-1.3717e-05,1.8008e-05,-2.5077e-05,3.232e-05,-8.8764e-06,-6.005e-05,-4.694e-05,-2.816e-05,1.2096e-05,-4.2653e-06,-8.5636e-06,-1.6514e-05,-8.733e-06,2.1209e-05,1.3939e-05,-6.5651e-06,-2.3155e-05,-1.9984e-05,-1.9642e-05,-4.9197e-05,-1.0438e-05,-2.6423e-05,-3.5223e-06,1.0156e-05,8.8074e-06,1.1415e-05,-2.9668e-05,1.9785e-05,-7.1996e-06,1.8113e-05,-2.6999e-05,1.531e-05,2.6553e-05,1.7528e-06,-6.5163e-06,4.1195e-06
3.6258e-05,6.7908e-05,0.00012118,0.00011362,0.00010356,9.6271e-06,1.5535e-05,0.0001745,3.9302e-05,4.4736e-05,7.8161e-05,2.2338e-05,4.098e-05,2.9677e-05,0.00013291,4.7441e-05,9.5003e-05,5.1152e-05,3.4281e-05,9.1745e-05,-2.8963e-05,6.3376e-05,0.00014811,9.9855e-06,5.448e-05,5.83e-05,-1.8593e-05,2.9894e-05,1.0188e-05,0.00012912,0,3.1229e-05,5.887e-05,6.3151e-05,8.9849e-05,-1.488e-05,3.9361e-05,-8.6844e-06,-9.5413e-05,1.5594e-05,3.2891e-05,0.00010273,1.6284e-05,0.0001035,5.3211e-05,3.6311e-05,0.00016274,0.00012573,-3.2468e-05,-2.6649e-06,6.1275e-05,5.6682e-05,4.4246e-05,0.00016268,0.00015128,1.3369e-05,2.3358e-05,-1.3616e-05,5.598e-05,-3.3861e-05,2.4605e-05,4.1713e-05,8.3411e-05,3.2079e-05,0.00010844,4.6324e-05,7.2674e-05,5.2866e-05,7.821e-05,5.4699e-05,4.1487e-05,1.3759e-06,3.061e-05,8.3995e-05,4.6703e-05,0.00013011,4.1872e-05,-3.353e-06,1.3642e-05,7.3307e-06,5.3118e-05,2.6636e-05,7.005e-05,1.0724e-05,4.6033e-05,9.8613e-05,4.9238e-05,8.6533e-05,-7.8611e-05,8.7748e-05,5.0349e-06,6.2555e-05,7.8853e-05,0.0001003,3.3083e-05,-3.8787e-05,4.494e-06,5.8971e-05,2.2796e-05,9.0931e-05,9.9665e-05,9.4618e-05,3.9393e-05,5.7953e-05,9.5969e-05,-4.197e-05,6.0162e-05,2.4607e-05,5.4412e-05,6.8458e-05,5.4804e-05,-1.9418e-05,-4.2209e-05,4.9706e-05,9.25e-05,6.7595e-05,3.1988e-05,0.00010853,2.4381e-05,-8.2425e-06,6.1e-05,4.7662e-05,7.1085e-05,-4.6435e-06,8.8953e-05,9.3246e-06,7.9758e-05,2.0115e-05,-6.0624e-05,5.2969e-05,4.6073e-05,8.6715e-05,8.2524e-06,2.8368e-05,3.6483e-05,0.00012704,6.7643e-06,5.2453e-05,7.7483e-05,0.00021137,-7.8857e-05,-6.0755e-07,4.3952e-05,-3.9816e-05,2.3593e-05,3.9286e-05,4.2752e-05,7.4052e-05,8.8351e-05,8.8942e-05,5.8815e-06,4.7187e-05,6.9021e-05,0.00010356,0.00012622,4.5799e-05,-5.2331e-07,8.5926e-05,-2.7137e-05,6.2219e-05,-9.8868e-05,0.00013556,7.1031e-05,3.1411e-05,0.00010152,4.5807e-05,0.00011821,0.00012953,-1.4227e-05,1.057e-05,7.4092e-05,6.8615e-05,1.8343e-05,0.00011694,4.7984e-05,3.1339e-05,-1.1378e-05,6.4973e-05,-7.6593e-05,9.1088e-05,8.3094e-05,8.3018e-06,1.2574e-05,0.00051633,1.4075e-06,2.502e-06,4.6432e-05,5.9606e-05,4.3676e-05,4.9653e-05,-2.5259e-05,3.2848e-05,-3.6662e-05,-3.5528e-07,-4.2693e-05,-2.1726e-05,5.1758e-05,9.0726e-05,7.0848e-05,0.00011276
0.00017799,6.561e-05,0.00013041,0.00015437,0.00015475,0.00014952,-1.5004e-05,3.9302e-05,0.0002083,0.00011177,7.856e-05,0.00011179,0.00010705,1.4431e-05,4.9593e-05,4.8255e-05,7.01e-05,4.4917e-05,5.8774e-05,4.234e-05,-0.00015248,3.8892e-05,0.0001114,0.00011089,6.8261e-05,2.831e-05,-4.8506e-06,6.3821e-05,0.00010408,3.1728e-05,0,2.9e-05,-2.0683e-06,1.1656e-05,7.0016e-05,6.0912e-05,0.00014432,0.00014504,0.00015964,7.1995e-05,6.5664e-05,5.7784e-05,8.5821e-05,1.6178e-05,-1.9093e-06,3.9164e-05,3.7604e-05,3.6075e-05,0.00016338,3.0887e-05,0.00019779,2.7159e-05,2.0107e-05,0.00016092,0.00016438,9.3884e-05,0.00013846,-3.156e-06,5.9589e-05,-5.2225e-06,1.3937e-05,0.00014671,6.3556e-05,6.946e-05,6.8892e-05,0.0001154,2.9043e-05,3.5699e-05,0.00011797,-9.2385e-06,9.4241e-05,3.7735e-05,8.0892e-05,0.00013564,-8.678e-06,-0.00016367,1.8715e-05,5.3972e-05,7.1463e-05,4.2221e-05,7.4375e-05,1.469e-05,6.7181e-05,4.9524e-05,3.0144e-05,8.6635e-05,5.6546e-05,0.00015203,-0.00012621,7.0754e-05,6.0901e-05,1.929e-05,6.518e-05,2.5127e-05,2.6127e-05,3.3219e-05,-2.4622e-05,9.1217e-05,-7.8939e-06,0.00010324,4.4478e-05,1.4533e-05,-2.4897e-06,-3.3083e-05,6.5287e-05,0.00010126,-2.4793e-06,3.939e-05,2.7431e-05,0.00011806,7.393e-05,2.8958e-05,3.8071e-05,7.6106e-06,6.0219e-05,5.2702e-05,-1.8087e-05,7.2856e-05,1.1547e-05,6.3954e-05,5.0388e-05,-8.4099e-06,9.9076e-05,0.00013218,7.1451e-05,-4.4041e-06,6.5718e-05,6.6626e-05,9.3233e-05,9.521e-05,5.8578e-06,7.6721e-05,4.9941e-05,3.0472e-05,4.1587e-05,5.3698e-05,0.00016187,9.2043e-05,3.3693e-05,0.00014747,1.6955e-05,9.6359e-05,4.7493e-05,7.4439e-05,3.8406e-05,4.622e-05,0.00012482,5.0269e-05,0.00010552,2.4938e-06,1.3829e-05,8.2362e-05,8.3625e-05,6.3794e-05,6.1641e-05,4.5725e-05,0.00016728,4.0701e-05,3.2565e-05,1.7536e-05,0.00010366,4.8503e-05,0.00010325,1.0491e-05,6.189e-05,1.4832e-05,8.7982e-05,4.0848e-05,0.0001088,0.00012207,9.9449e-05,0.00013972,6.9748e-05,9.6665e-05,2.9215e-05,4.5066e-05,9.7415e-06,-6.6612e-05,0.00023025,4.1086e-05,6.032e-05,0.00010853,4.5529e-05,-0.00033032,1.7983e-06,9.1122e-05,1.9423e-05,1.0629e-05,0.00010104,2.3539e-05,0.00024084,1.8299e-05,8.6957e-05,0.0001057,0.00013028,1.6202e-05,7.899e-05,4.1582e-05,0.00013531,5.0158e-05
8.2308e-05,7.7642e-05,0.00011529,8.2843e-05,9.8054e-05,2.8927e-05,-2.8577e-05,4.4736e-05,0.00011177,0.00015112,0.00010091,7.3995e-05,3.969e-05,5.8746e-06,5.6171e-05,1.1926e-05,3.8753e-05,2.2967e-05,7.3688e-05,2.9294e-05,2.541e-05,4.6705e-05,0.00012939,4.8847e-05,4.9794e-05,2.9122e-05,8.6413e-07,4.0004e-05,3.2716e-05,4.9599e-05,0,1.8259e-05,-2.6217e-05,6.4243e-06,4.4765e-05,-3.2747e-05,9.6018e-05,5.4232e-05,7.4748e-05,4.117e-05,2.2379e-05,5.5733e-05,3.6988e-05,3.4787e-05,-8.3522e-06,3.1597e-05,6.4959e-05,-8.3852e-06,4.3804e-05,1.3105e-05,9.7386e-05,4.6362e-05,-1.5261e-05,6.9511e-05,8.8776e-05,5.6569e-05,7.948e-05,1.1512e-05,5.9191e-05,2.175e-05,8.0909e-06,0.00011264,2.7512e-05,4.2799e-05,7.0038e-05,6.6316e-05,4.2814e-05,3.7384e-06,7.5592e-05,-1.0732e-05,3.1188e-05,6.3218e-05,7.9342e-05,6.7262e-05,-3.5993e-05,-4.3052e-05,2.4699e-05,-2.6154e-05,6.3835e-05,1.7185e-05,3.3879e-05,3.9272e-05,9.3275e-05,5.3292e-05,2.2529e-05,6.853e-05,5.9296e-05,8.0382e-05,-7.0886e-05,3.4149e-05,-1.3658e-05,-2.8234e-06,4.53e-05,4.3497e-05,8.4439e-06,4.2472e-05,-2.5046e-05,4.0444e-05,-1.7377e-05,6.0402e-05,4.0259e-05,8.7536e-05,2.2571e-05,-2.4227e-05,7.4611e-05,-2.4454e-06,-4.0422e-05,2.7765e-05,3.0723e-05,9.8909e-05,6.4524e-05,9.2033e-06,4.3769e-05,3.1512e-05,4.1083e-05,2.1294e-05,1.9907e-05,4.9119e-05,-1.2799e-05,1.448e-05,4.7756e-05,-1.0943e-06,6.4748e-05,3.2103e-05,3.8187e-05,3.7711e-07,3.0426e-05,4.6248e-05,2.9674e-05,4.1981e-05,3.0815e-05,4.7815e-05,4.7044e-05,9.332e-06,1.0426e-05,7.7468e-05,6.8885e-05,5.8629e-05,3.816e-05,0.00018003,-6.9831e-06,4.8243e-05,-2.6865e-05,2.8109e-05,1.3696e-05,6.8186e-05,7.1487e-05,5.8132e-05,0.00012716,4.9097e-05,8.2327e-05,5.3216e-05,2.0814e-05,7.9462e-05,7.96e-05,5.4957e-05,0.00013163,2.5652e-06,-2.6702e-06,1.8329e-05,6.5806e-05,8.7095e-05,5.7451e-05,3.1761e-06,6.9521e-05,3.066e-05,0.00012262,-8.2046e-06,4.8694e-05,-3.8227e-06,4.0743e-05,2.5605e-05,3.3047e-05,9.1971e-05,1.9064e-05,3.7808e-05,-2.1955e-05,-0.00010373,7.9938e-05,5.1167e-05,4.9824e-06,5.4142e-05,-5.1946e-06,-0.00032178,2.476e-05,5.158e-05,-1.8943e-06,6.5064e-07,4.4678e-05,4.932e-05,0.00016882,-4.6513e-05,7.7244e-05,8.3456e-05,4.4208e-05,1.4091e-05,3.4137e-05,4.2829e-05,8.9234e-05,3.9614e-05
9.9393e-05,0.00010386,0.00020152,0.00011098,5.852e-05,0.00014806,-2.0123e-05,7.8161e-05,7.856e-05,0.00010091,0.00032974,-1.9933e-05,0.00010421,2.5246e-05,0.00012962,0.00013727,5.1953e-05,1.3244e-05,1.1374e-05,0.00010111,-1.6802e-05,9.7616e-05,3.3031e-05,9.5385e-05,7.2476e-05,4.0556e-05,1.3704e-06,2.8053e-05,9.1195e-05,5.8409e-05,0,-2.5499e-07,2.7897e-05,8.6171e-05,6.4247e-05,0.00010223,0.00016776,8.8557e-05,0.0001667,-8.1898e-05,4.4845e-05,8.7447e-05,9.9009e-05,0.00012877,7.6161e-05,6.284e-05,0.00013537,1.1979e-05,0.00011519,3.0145e-06,0.00018396,5.8164e-05,-9.953e-05,0.00024722,0.000123,3.535e-05,8.4083e-05,1.5679e-05,0.00011467,-2.8293e-05,-3.8596e-06,0.00016496,5.6059e-05,6.1003e-05,0.0001331,0.00016258,3.15e-05,4.3506e-05,9.8504e-05,5.8586e-05,6.7808e-05,0.00014825,0.00013818,0.00010881,7.4845e-05,5.701e-05,4.4087e-05,-6.2685e-05,3.8053e-05,1.282e-05,4.0874e-05,-4.2152e-05,9.2108e-05,9.94e-05,5.4832e-05,0.00011182,4.9495e-05,0.00017034,-6.1122e-05,8.7232e-05,0.00010466,3.2403e-05,0.0001315,0.0001222,-2.4353e-06,5.7591e-05,-1.6431e-05,0.00013023,1.8872e-05,8.4461e-05,5.5499e-05,0.00010758,4.0667e-05,-7.9047e-06,5.2142e-05,3.7565e-05,6.6733e-05,0.00011134,6.8868e-05,2.2215e-05,4.3519e-05,1.3966e-05,8.6739e-05,9.6855e-05,9.8357e-05,5.3125e-05,8.3177e-06,0.00011625,6.7153e-05,7.3921e-05,7.939e-05,1.3235e-05,0.00010793,5.3943e-05,0.00010664,3.4484e-05,8.151e-05,4.9283e-05,0.00011829,0.0001227,6.9765e-05,0.00010488,-3.4458e-05,-1.1908e-05,7.2298e-06,0.000135,0.00010341,6.4522e-05,7.0543e-05,9.6489e-05,2.8442e-05,-3.882e-05,6.066e-05,6.4516e-05,2.0539e-05,0.00016204,0.00010843,6.6484e-06,5.8843e-05,0.00012355,2.9912e-05,0.00011641,0.0001431,0.0002073,0.00026437,9.2257e-05,9.2179e-05,8.0691e-05,-3.9491e-05,3.1129e-05,8.7668e-05,0.00015562,0.00012751,5.4525e-05,7.7458e-05,4.0067e-05,0.0004438,0.00022475,8.4638e-05,6.693e-05,9.123e-05,0.00010358,0.00012349,0.0001343,3.7195e-05,3.2693e-05,-0.00015898,-4.0866e-05,8.0457e-05,9.4838e-05,0.00011454,8.4367e-05,2.6839e-05,-0.00048933,2.1822e-05,8.0246e-05,7.1174e-05,1.7152e-05,0.00014475,0.00010052,0.00016192,1.8734e-05,-8.0513e-06,0.00017475,0.00013152,-2.063e-05,0.00016148,0.00012484,6.6669e-05,3.5364e-05
0.00010982,6.3406e-05,4.0507e-05,0.00011611,0.00016912,4.189e-05,-1.3706e-05,2.2338e-05,0.00011179,7.3995e-05,-1.9933e-05,0.0002294,4.9315e-06,1.3173e-05,2.0683e-05,2.79e-05,0.00010167,4.4458e-05,3.2068e-05,1.7259e-05,-9.5972e-05,1.2635e-06,-6.8204e-05,0.00013778,2.6306e-05,1.8933e-05,1.8871e-05,2.8213e-05,7.5874e-05,4.6375e-05,0,8.7255e-06,-3.2415e-05,-3.5591e-05,2.8443e-05,9.6589e-06,6.8357e-05,0.00011245,5.741e-05,7.3066e-05,1.7943e-05,3.5294e-05,5.375e-05,4.1281e-06,-4.4201e-05,-1.5171e-05,2.6101e-06,3.839e-05,-1.5413e-05,-6.2009e-05,5.819e-05,3.6626e-07,-5.7654e-06,2.9447e-05,7.6044e-05,1.3026e-05,6.4788e-05,-1.1682e-05,3.0779e-05,6.8528e-05,-1.9616e-05,9.5981e-05,1.9955e-05,-5.3183e-06,3.024e-06,8.3333e-05,5.4235e-05,2.2644e-05,6.0071e-06,-5.1965e-05,3.0526e-05,-0.00011273,2.5331e-05,5.09e-05,-3.3769e-05,-3.6637e-05,4.2612e-06,3.513e-05,8.0951e-05,1.9122e-05,3.6611e-05,3.4505e-05,2.2594e-05,4.5568e-05,1.31e-05,8.2596e-06,2.1248e-05,3.6672e-05,-9.1983e-05,2.0804e-05,-4.9772e-05,3.3544e-05,-2.263e-05,-1.8369e-05,6.5333e-05,4.6989e-05,-1.8955e-05,-2.6396e-05,-1.3773e-05,2.034e-05,8.5046e-05,3.2139e-05,5.8182e-06,3.8216e-05,2.1445e-05,3.2775e-05,-4.3329e-05,-3.1967e-05,-6.4601e-06,0.00011071,4.8507e-05,-9.1761e-07,2.7086e-05,-4.2594e-05,4.9117e-05,2.0453e-05,-7.7451e-06,4.0694e-05,-3.0643e-05,2.398e-05,3.4758e-05,-6.3875e-05,5.7674e-05,0.00019933,5.4122e-05,3.0543e-06,2.5937e-05,8.718e-05,-3.1918e-05,3.4132e-05,-6.7413e-06,8.7942e-05,6.3948e-05,2.9155e-05,1.4527e-05,-1.0675e-05,0.0001261,3.0417e-05,6.8089e-06,0.00013298,-1.1485e-05,0.00011811,-6.8467e-06,-1.3245e-05,9.3594e-06,1.8946e-05,0.00012441,2.5838e-05,0.00010566,-4.9674e-05,-8.29e-07,3.46e-05,5.2595e-05,-1.9594e-05,-4.8427e-05,5.1196e-05,5.1093e-05,-1.6966e-05,4.7356e-05,5.1071e-05,-0.00014696,1.8017e-05,8.4953e-06,3.005e-05,1.6848e-05,-1.0502e-05,-4.5718e-05,6.3335e-05,8.4595e-05,6.0587e-05,6.5901e-05,3.3681e-05,3.7948e-05,3.4037e-06,5.5286e-05,2.2242e-05,-0.00012285,-4.8497e-05,0.00025565,4.6071e-05,3.2762e-05,8.6354e-05,7.9799e-06,0.0011509,-1.5428e-05,6.2448e-05,-5.7798e-06,-2.795e-05,4.6241e-05,-3.7783e-05,0.00010174,-7.2508e-07,0.00010334,-7.6253e-05,6.4898e-05,6.3326e-05,-1.1796e-05,-5.3366e-06,4.7923e-05,6.1842e-05
3.3677e-05,4.3757e-05,0.0001211,0.00010254,6.5179e-05,9.608e-05,4.0866e-06,4.098e-05,0.00010705,3.969e-05,0.00010421,4.9315e-06,0.00023123,2.3743e-05,6.2648e-05,0.000119,2.161e-05,4.47e-05,9.0986e-05,1.4879e-05,4.1564e-05,6.9188e-05,0.00016062,2.1291e-05,0.00011351,4.85e-05,-3.3997e-05,7.7761e-05,7.6967e-05,4.835e-05,0,3.4287e-05,6.5889e-05,8.4587e-05,6.565e-05,0.00014915,0.00013381,0.00014904,4.3181e-05,2.5246e-05,8.2662e-05,6.0194e-05,0.00012617,2.6519e-06,8.0351e-05,5.2148e-05,9.2413e-05,3.0177e-05,5.308e-05,3.5081e-05,0.00011912,6.2596e-05,2.2141e-06,0.00012694,0.0001559,9.4004e-05,7.6659e-05,2.0702e-05,5.79e-05,5.6334e-05,1.603e-05,0.00011271,0.00011008,4.8206e-05,0.00010199,2.8646e-05,2.2842e-05,1.7318e-05,0.00011089,8.6697e-05,0.00011419,4.9789e-05,0.00013974,6.6033e-05,9.8376e-05,-0.00020562,3.3509e-05,-1.5522e-05,6.7218e-05,3.5214e-05,1.7467e-05,0.0001091,0.00010293,6.6057e-07,3.4162e-05,9.97e-05,7.0829e-05,7.8755e-05,-6.0381e-05,5.3272e-05,0.00015087,5.9783e-05,5.6019e-05,5.0377e-05,9.2835e-06,-2.0682e-05,4.386e-06,6.9361e-05,-1.0711e-05,6.1505e-05,6.5455e-05,0.00011127,-4.6277e-05,5.1048e-08,9.1276e-05,-3.9485e-05,9.3482e-05,5.6572e-05,7.1683e-05,5.5665e-05,-1.357e-05,6.7938e-05,3.7089e-05,6.5566e-05,6.2543e-05,4.6493e-05,5.2569e-06,7.6463e-05,1.1757e-05,6.4839e-05,7.3052e-05,-2.3871e-05,0.00011405,7.0271e-06,0.00011336,3.9452e-05,8.6529e-05,6.6603e-05,9.1346e-05,0.00012423,5.4737e-05,5.7928e-05,6.4439e-05,1.8661e-05,5.7211e-05,6.0414e-05,0.00011454,4.4451e-05,8.7377e-05,2.2907e-05,3.968e-05,4.922e-06,5.9074e-05,1.0096e-05,5.4698e-05,3.9598e-06,0.00010654,8.4314e-05,6.9003e-05,5.4962e-05,5.7637e-05,9.8715e-05,6.4324e-05,0.0001404,0.00013823,3.0654e-05,8.0816e-05,0.00010644,8.4072e-05,5.6212e-05,-4.933e-05,7.4239e-05,6.1452e-05,4.2828e-05,0.00011775,-2.025e-05,0.00017341,-0.00019836,0.00011041,-9.3538e-05,0.00010929,0.00015287,9.5207e-05,6.7871e-05,7.2752e-05,3.351e-05,-0.00010614,6.7737e-05,-3.6245e-05,6.1416e-05,9.6192e-05,7.971e-05,4.4586e-05,-0.00023046,9.2643e-07,2.9551e-05,8.5132e-05,2.835e-05,0.00014098,6.5259e-05,-0.00011818,8.3289e-05,-1.0507e-05,-3.731e-05,5.2392e-05,6.3136e-05,8.8578e-05,7.0989e-05,6.9548e-05,8.501e-05
-1.3261e-05,1.7786e-05,2.5732e-05,3.62e-05,3.6741e-05,4.5242e-06,-4.023e-06,2.9677e-05,1.4431e-05,5.8746e-06,2.5246e-05,1.3173e-05,2.3743e-05,4.3532e-05,6.0255e-05,3.5193e-05,3.3559e-05,2.0992e-05,9.4261e-05,8.0391e-06,-8.2258e-05,-1.5746e-05,1.2452e-05,1.9176e-05,4.8619e-05,3.1188e-05,-1.8287e-06,1.183e-05,1.9977e-05,4.7948e-05,0,-2.8035e-06,1.1886e-05,9.5153e-06,2.3729e-05,-1.1497e-05,-9.8958e-06,-1.7997e-05,-5.2776e-06,1.8006e-05,2.1141e-05,2.1297e-05,4.1592e-05,4.3868e-05,-1.132e-05,-4.0378e-07,5.1259e-05,1.1357e-05,-2.3087e-05,7.9542e-06,6.5625e-06,4.8335e-05,2.8934e-06,5.221e-05,-4.0556e-05,-2.3967e-06,4.4236e-06,-1.4809e-05,1.3208e-05,4.9775e-05,-8.2046e-06,-4.4649e-05,5.024e-05,-6.2345e-06,2.0026e-05,-4.9283e-06,3.8975e-05,1.2783e-05,2.3275e-05,3.7444e-06,1.2429e-05,-1.6201e-05,7.5987e-05,7.6638e-06,1.0858e-05,1.4291e-05,-2.8575e-06,1.7982e-07,4.7255e-05,2.1359e-05,1.4928e-06,2.6029e-05,3.1569e-05,1.8751e-05,1.4473e-05,3.7152e-05,-3.4701e-06,1.6119e-05,6.1665e-07,2.467e-05,8.0868e-06,2.4851e-06,-1.4381e-06,5.5252e-05,4.3172e-05,2.2603e-05,-6.2534e-06,5.8261e-06,9.6323e-06,8.4421e-06,-2.4521e-06,6.6983e-05,1.695e-05,1.2306e-05,3.1372e-05,-6.5543e-05,1.3576e-05,4.659e-06,2.1392e-05,3.1745e-05,6.5122e-06,3.2564e-05,-1.455e-05,1.6751e-05,-6.5058e-06,3.5796e-05,-6.0305e-07,3.8109e-05,6.8544e-06,1.9142e-05,3.747e-05,-1.0483e-05,3.3048e-05,1.1124e-05,5.9183e-05,-4.4401e-06,2.2845e-05,1.6532e-05,-1.2584e-05,2.421e-05,3.6985e-05,-3.8236e-06,1.3325e-05,1.5832e-05,1.0111e-05,5.7421e-05,3.2053e-05,5.6583e-06,7.5619e-05,6.4394e-05,-6.8835e-06,-1.1686e-05,4.11e-05,-3.6929e-05,5.0698e-05,2.1283e-05,-1.9133e-05,5.8128e-05,-1.221e-05,1.914e-05,2.4293e-05,1.1145e-05,2.8164e-05,3.3549e-05,2.886e-05,1.3485e-05,-4.6094e-05,2.184e-05,1.585e-05,3.508e-05,-2.0092e-05,3.1283e-05,7.0206e-06,3.718e-05,5.1467e-05,8.3644e-06,4.0542e-05,3.1442e-05,1.9419e-05,5.5364e-05,4.6715e-05,2.6674e-05,3.6511e-05,1.7549e-05,3.3e-06,1.9145e-05,-5.5916e-05,4.6907e-05,5.8641e-06,5.4093e-05,2.6441e-05,1.9865e-05,1.3186e-05,-1.6039e-05,6.9661e-06,2.7358e-05,2.5297e-05,2.5903e-06,4.3993e-05,1.2719e-05,-5.8981e-05,2.7029e-05,-1.3633e-05,-2.0185e-05,-1.2937e-05,-1.3405e-05,1.3126e-05,3.0001e-05,1.7361e-05,1.6444e-05
4.8399e-05,4.3184e-05,0.00012557,0.00014216,9.5853e-05,4.2125e-05,1.8902e-06,0.00013291,4.9593e-05,5.6171e-05,0.00012962,2.0683e-05,6.2648e-05,6.0255e-05,0.00024877,9.0152e-05,6.9224e-05,8.5973e-05,8.5972e-05,7.6956e-05,-1.4778e-06,5.6831e-05,0.00014578,7.103e-05,0.00011004,6.7794e-05,1.6158e-05,1.1103e-05,8.3816e-05,0.00014219,0,2.8995e-05,3.733e-05,6.1591e-05,9.3967e-05,5.5822e-06,6.7402e-05,5.1574e-05,3.3204e-05,-9.9579e-06,6.1846e-05,9.9138e-05,8.7329e-05,0.00012801,2.2652e-05,6.8697e-06,0.00017471,0.00013118,2.464e-05,8.3919e-05,9.2012e-05,8.4895e-05,-9.6773e-06,0.00013628,7.033e-05,4.1472e-05,5.0541e-05,-4.5174e-05,9.4204e-05,3.9787e-05,7.2015e-06,-2.7524e-05,9.861e-05,2.8504e-06,8.8666e-05,9.2009e-05,8.2444e-05,3.8991e-05,0.00010714,5.731e-05,8.1946e-05,3.6929e-05,0.00022233,7.8641e-05,4.8808e-05,-2.8459e-05,3.8992e-05,3.4446e-05,5.6616e-05,2.4251e-05,2.7164e-05,4.7402e-05,8.7364e-05,3.0951e-05,5.3845e-05,9.6997e-05,5.6454e-05,0.00013555,-0.00010159,9.4175e-05,4.9559e-05,3.4594e-05,0.00010219,0.00020811,8.108e-05,2.2098e-05,1.8903e-05,3.7274e-05,1.0585e-05,7.9155e-05,6.3405e-05,0.00011919,8.9284e-05,-3.4751e-05,0.00010355,-5.2397e-05,4.4369e-05,1.7892e-06,8.5387e-05,8.1813e-05,2.5335e-05,1.6531e-05,-5.219e-05,5.4562e-05,3.679e-05,7.5987e-05,5.5202e-06,0.00010619,6.2168e-05,3.3254e-05,0.00010188,2.6162e-05,0.00011181,2.6908e-05,0.00011512,-3.5215e-06,7.9124e-05,7.0976e-05,-1.0687e-05,7.4054e-05,6.0828e-05,9.0779e-05,-7.2985e-06,2.9709e-05,3.3609e-05,0.00021805,8.6777e-05,1.954e-05,0.00015349,0.00026405,-4.7745e-05,8.6535e-07,9.3107e-05,-0.00011997,4.2241e-05,6.6651e-05,-5.0902e-06,0.00012228,6.8045e-05,6.4779e-05,5.307e-05,9.1715e-05,9.6854e-05,9.1985e-05,0.00011363,7.9797e-05,-1.324e-05,6.4714e-05,-1.7638e-05,8.5038e-05,4.0827e-05,0.00012517,0.0001085,5.687e-05,0.00016726,3.7165e-05,0.00013872,5.1829e-05,4.4038e-05,0.00015513,9.9732e-05,8.2432e-05,8.7351e-05,0.00012298,-1.6637e-06,5.5133e-05,-0.00010919,1.6073e-05,-2.6644e-05,0.00015483,8.52e-05,3.4594e-05,2.3027e-05,-0.00030751,4.9608e-06,-3.6078e-05,5.2705e-05,1.3396e-07,0.00013082,3.8794e-05,4.211e-05,4.2069e-05,-7.0783e-05,0.00013284,-1.9875e-05,-5.8283e-05,6.8085e-05,9.1294e-05,0.00011311,0.00010924
1.9668e-06,0.00011926,0.00011549,8.4614e-05,6.0791e-05,7.3892e-05,-1.5585e-05,4.7441e-05,4.8255e-05,1.1926e-05,0.00013727,2.79e-05,0.000119,3.5193e-05,9.0152e-05,0.00020122,9.9312e-05,7.4426e-05,-1.6305e-05,3.1784e-05,-2.5669e-05,7.9732e-05,1.1168e-05,6.3937e-05,0.00011431,5.5015e-05,-3.3808e-06,7.2142e-05,9.281e-05,4.8527e-05,0,5.2978e-05,9.9696e-05,0.00011675,6.233e-05,0.00014195,0.00012404,-1.8519e-05,7.4116e-05,3.5391e-06,9.5432e-05,4.7994e-05,0.00014241,6.1504e-05,7.9777e-05,6.1682e-05,5.5391e-05,5.6237e-05,6.5569e-05,2.3655e-05,0.00010963,5.4049e-05,6.7098e-06,0.00013354,0.00013314,6.4513e-05,3.7667e-05,1.1157e-05,8.3484e-05,3.0825e-05,1.7083e-05,6.1139e-05,0.00010657,2.6398e-05,8.3046e-05,9.0888e-07,4.8523e-05,4.4474e-05,6.8595e-05,9.0186e-05,6.7613e-05,7.3278e-05,0.00014461,7.1304e-05,0.00013294,4.0474e-05,5.5412e-06,-2.6885e-05,1.3211e-05,1.7055e-05,5.1641e-05,7.5358e-05,8.3698e-05,3.9503e-05,3.598e-05,7.9049e-05,3.5966e-05,6.0897e-05,-6.5135e-05,6.4658e-05,0.0001454,3.7841e-05,5.3909e-05,4.5086e-05,4.7529e-05,4.0509e-05,-3.2225e-06,1.3704e-05,1.2433e-05,4.1307e-05,0.00010687,8.1042e-05,3.1313e-05,3.673e-05,5.3859e-05,2.6881e-05,0.00013376,3.1388e-05,5.3599e-05,2.1664e-05,1.0802e-05,6.0117e-05,0.00010014,2.5424e-05,6.6569e-05,5.8074e-05,1.7485e-05,8.5274e-05,6.5568e-05,7.3835e-05,9.8109e-05,-8.3736e-05,0.00010992,-1.929e-05,0.00010412,6.2073e-05,6.383e-05,6.8644e-05,3.276e-05,0.00011916,6.4554e-05,8.6446e-05,4.0715e-05,1.84e-05,9.0946e-05,2.0253e-05,9.0364e-05,5.7775e-05,3.9901e-05,-2.5451e-05,5.5315e-05,7.0659e-06,6.4463e-05,2.8312e-05,4.1176e-05,9.3787e-05,9.2305e-05,-1.8935e-05,3.7533e-05,4.0864e-05,4.8583e-05,0.00014852,0.00011828,0.00011537,0.00014861,7.6466e-05,6.1946e-05,0.00010865,6.7753e-05,5.695e-05,-8.0321e-05,0.00010748,5.2978e-05,8.7901e-05,6.2667e-05,-4.5887e-06,0.0001875,8.8749e-05,8.9416e-05,8.6299e-05,9.0289e-05,0.00012089,0.00010726,5.7303e-05,7.5033e-05,3.8743e-05,-0.00023011,9.7706e-05,5.4703e-05,7.44e-05,0.00011808,6.6457e-05,8.9845e-05,-0.00017645,2.453e-05,5.3821e-05,0.00011917,7.0258e-06,0.00012949,5.8515e-05,-1.4448e-05,0.00011778,3.1162e-05,-3.1806e-05,6.1447e-05,2.8625e-05,9.4637e-05,7.5987e-05,6.6214e-05,6.0429e-05
8.9632e-05,0.00012685,0.00011753,0.00010945,0.00014677,5.8768e-05,8.7738e-06,9.5003e-05,7.01e-05,3.8753e-05,5.1953e-05,0.00010167,2.161e-05,3.3559e-05,6.9224e-05,9.9312e-05,0.00018921,5.6939e-05,1.9047e-05,4.3938e-05,-0.00014227,4.0393e-05,-1.1572e-05,0.00014517,7.0966e-05,6.2883e-05,2.2753e-05,6.3085e-05,6.9295e-05,8.8119e-05,0,3.9876e-05,9.8448e-05,6.7282e-05,7.0024e-05,2.3438e-05,8.66e-05,1.3373e-05,-2.2079e-06,6.6041e-05,5.8989e-05,9.6303e-05,7.4903e-05,9.8359e-05,5.0985e-05,2.4281e-05,0.00010081,5.6167e-05,1.6449e-05,-3.1348e-05,9.9787e-05,5.434e-05,1.6802e-05,9.6746e-05,0.00016939,7.3207e-06,3.989e-05,1.8196e-05,7.8566e-05,3.185e-05,4.2181e-05,0.00012175,8.5312e-05,-2.1018e-06,5.7226e-05,4.9128e-05,6.5967e-05,4.9562e-05,7.2658e-05,4.8713e-05,2.8996e-05,4.6903e-05,-1.3261e-05,0.00017166,6.5969e-05,0.00017229,9.7664e-06,8.1332e-06,1.8727e-05,2.3036e-05,5.3755e-05,2.8221e-05,4.7701e-05,5.2353e-05,4.4505e-05,6.9902e-05,3.8056e-05,5.0936e-05,-7.4191e-05,5.2691e-05,1.927e-05,3.0715e-05,3.9882e-05,-6.1398e-06,1.2158e-05,8.4483e-06,-2.2629e-05,7.4643e-06,2.9194e-05,6.5347e-05,0.0001141,0.00010412,5.0597e-05,9.7966e-05,5.1941e-05,1.4161e-05,8.8029e-05,2.927e-05,3.6755e-05,4.7873e-05,4.7157e-05,1.1581e-05,6.5633e-05,1.5748e-05,3.5253e-05,9.6614e-05,3.6166e-05,7.9288e-05,8.2637e-06,6.2076e-05,7.8997e-05,-5.0828e-05,8.0714e-05,4.3445e-05,9.1348e-05,1.2997e-05,3.3704e-05,6.1242e-05,-2.1786e-05,6.9648e-05,5.2262e-05,4.9771e-05,5.8247e-05,1.1629e-05,6.0153e-05,4.4314e-05,8.3796e-05,7.0247e-05,4.7598e-05,0.00013592,-9.7266e-06,6.9054e-05,6.5396e-05,7.1368e-05,3.6744e-05,5.3468e-05,8.9246e-05,2.6784e-05,5.2764e-05,3.9239e-05,-4.5905e-05,7.5948e-05,9.5278e-05,4.4308e-05,5.1648e-05,7.2604e-05,2.3423e-05,8.4528e-05,-2.4039e-05,4.467e-05,-0.00012407,0.0001112,6.3663e-05,6.2016e-05,4.4794e-05,2.4755e-05,6.1131e-05,0.00021727,7.7139e-05,0.0001056,5.2597e-05,5.4736e-05,8.4686e-05,5.0185e-05,4.7335e-05,3.5305e-05,-9.2524e-05,9.7711e-05,0.00014338,6.1675e-05,7.2441e-05,6.7586e-05,3.2822e-05,-0.00015185,-5.2424e-06,3.3116e-05,7.3832e-05,9.9267e-06,8.8271e-05,-1.3007e-05,2.4814e-05,5.378e-05,0.00010228,-8.8554e-06,6.9301e-05,3.9313e-05,5.3192e-05,6.0267e-05,7.0322e-05,5.9861e-05
2.6224e-05,6.8738e-05,4.4767e-05,9.0699e-05,9.2674e-05,1.9979e-05,-7.7724e-06,5.1152e-05,4.4917e-05,2.2967e-05,1.3244e-05,4.4458e-05,4.47e-05,2.0992e-05,8.5973e-05,7.4426e-05,5.6939e-05,0.00010448,-3.4847e-05,3.3752e-05,-8.6421e-06,5.545e-05,9.0211e-05,1.239e-05,7.4666e-05,4.0629e-05,1.6582e-05,4.6733e-05,4.0314e-05,6.2214e-05,0,7.152e-05,6.609e-05,7.1379e-05,3.6222e-05,2.5736e-05,0.00010285,-2.668e-05,-9.1549e-05,4.884e-05,5.8832e-05,4.2823e-05,5.9772e-05,1.412e-06,3.4615e-05,2.2293e-05,3.1404e-05,0.00013544,-1.3263e-05,4.0754e-05,4.9336e-05,7.042e-05,4.1571e-05,6.6679e-05,3.6977e-05,4.9547e-05,6.5586e-05,-5.333e-06,7.0927e-05,-2.5532e-06,4.9986e-05,3.3766e-05,5.9e-05,2.757e-05,5.4013e-05,-9.2319e-06,4.0408e-05,4.2462e-05,2.1999e-05,4.7888e-05,3.7758e-05,3.4835e-05,0.00012573,4.7693e-05,5.8381e-05,-6.1154e-05,8.3532e-06,4.4664e-05,1.45e-05,1.6552e-05,5.0228e-05,6.2967e-05,6.5786e-05,5.9098e-06,1.3427e-05,4.4516e-05,3.7473e-05,5.5998e-05,-5.1955e-05,5.8138e-05,1.1968e-05,3.1194e-05,6.0396e-05,3.275e-05,6.2483e-05,2.3757e-05,-5.6502e-06,-3.0344e-05,-6.0151e-06,4.1637e-05,8.1138e-05,1.8143e-05,1.4259e-05,3.2389e-05,6.7265e-05,3.962e-05,5.3848e-05,-1.9644e-05,2.4813e-05,3.553e-05,4.5911e-05,3.1751e-05,2.9327e-05,2.975e-06,4.4012e-05,3.8154e-05,1.1813e-05,4.0216e-05,4.2511e-05,2.6949e-05,5.2835e-05,-4.0398e-05,6.3337e-05,5.6011e-06,4.7735e-05,2.1663e-05,2.1714e-05,2.0096e-05,5.6226e-05,4.6042e-05,1.1877e-05,6.1307e-05,2.1907e-06,7.1913e-06,3.1794e-05,4.8301e-05,3.1153e-05,5.499e-05,1.571e-05,0.00010487,3.8832e-05,5.9752e-05,2.6387e-05,-3.4125e-06,2.8797e-05,2.1e-05,8.1278e-05,3.4325e-05,0.00010855,1.4576e-05,1.67e-05,6.7104e-05,4.7799e-05,5.2083e-05,7.2007e-05,4.119e-05,2.7206e-05,5.9727e-05,3.3893e-05,3.6993e-05,-6.4461e-05,5.2464e-05,4.7755e-05,2.9918e-05,8.2281e-05,-1.9706e-06,4.4762e-05,-1.0477e-05,3.0175e-05,8.5682e-05,7.0706e-05,8.7815e-05,2.9179e-05,6.7033e-05,3.7843e-05,1.7377e-05,-0.00015352,-7.2777e-06,-1.857e-06,7.8577e-05,6.6581e-05,1.2076e-05,7.1758e-05,8.0751e-06,1.2078e-05,-7.0306e-06,5.4239e-05,-6.6087e-06,5.6854e-05,3.3379e-05,7.728e-05,6.8713e-05,1.4288e-05,-1.481e-05,-1.7195e-05,-4.5927e-05,2.8677e-05,3.8902e-05,6.9383e-05,6.1444e-05
