0.0003189,6.7367e-05,3.3901e-05,4.7094e-05,1.4627e-05,6.6254e-05,-8.8794e-05,-1.0111e-05,5.7337e-05,2.8763e-05,4.9919e-05,0.0001002,9.4179e-05,1.9973e-05,0.00013589,-5.0508e-05,1.3458e-05,5.1197e-05,4.3988e-05,5.7282e-05,0.0003015,3.5261e-05,0.00010594,0.00019128,0.00016068,1.5013e-05,4.2159e-07,-3.6731e-05,8.9838e-05,4.2622e-05,0,3.8099e-06,-0.00012733,-3.1683e-05,3.5271e-05,-6.6066e-06,-1.5866e-05,5.5667e-05,0.00015608,1.6476e-06,-4.7152e-05,9.6532e-06,-5.235e-05,6.6887e-06,-6.6906e-05,2.4861e-06,-1.363e-05,5.0601e-05,0.00012569,6.5701e-06,3.588e-05,4.3399e-05,9.0055e-05,0.00010178,7.9213e-05,8.3036e-06,0.00021809,0,5.142e-06,-2.6199e-05,0.00015469,0.00014169,3.1187e-05,1.449e-05,5.2074e-05,0.00014763,-4.0794e-05,2.9147e-05,5.7016e-05,-8.6308e-05,4.4393e-05,2.5101e-05,2.8393e-05,5.0488e-05,-5.8631e-05,6.2059e-05,2.2946e-05,4.8469e-05,9.1045e-06,-7.5379e-06,1.0473e-05,5.832e-05,9.1466e-05,6.3302e-05,1.9574e-05,9.1296e-06,3.6575e-05,5.7428e-05,4.2756e-05,1.9391e-05,4.5848e-05,3.768e-05,5.8827e-05,1.5621e-05,5.8254e-05,2.7351e-05,-1.5173e-06,5.2143e-05,-1.6234e-05,9.6245e-06,-1.5828e-05,-1.128e-05,7.7475e-06,-0.00010841,2.8359e-05,-1.3606e-05,-7.5252e-05,3.6555e-05,4.6022e-05,3.819e-05,5.4712e-05,1.1562e-05,-4.8341e-05,-7.2222e-05,5.0468e-06,-3.7646e-05,2.6256e-05,3.8513e-05,0.00014055,0.00011457,3.1743e-05,9.5423e-05,4.9495e-05,0.00012773,1.5598e-05,-3.0825e-05,2.8064e-05,-1.1686e-06,0.00016728,3.7779e-05,4.0633e-05,5.8663e-05,1.4578e-05,-1.8045e-05,2.1341e-06,0.00010151,0.00011639,5.0557e-05,-9.0081e-06,-4.3014e-06,8.6935e-06,0.00016776,2.8349e-05,4.171e-05,5.2983e-05,6.6134e-05,0.00011434,5.2941e-05,2.9406e-06,4.6827e-05,-4.2012e-05,5.0176e-05,6.2388e-05,3.4752e-05,4.0939e-05,-7.1299e-06,6.5482e-05,-9.1954e-05,8.344e-06,5.3264e-05,2.5341e-05,4.0344e-05,6.7777e-05,-3.2479e-05,2.606e-05,9.1129e-05,4.9318e-05,9.5631e-05,2.4408e-05,0.0001305,-4.8297e-06,-0.00012313,-6.0378e-06,3.1314e-05,-6.071e-06,-1.2852e-05,7.8591e-05,2.5005e-05,0.0002832,6.3651e-05,9.5386e-05,0.00011669,3.2651e-05,2.1929e-06,3.2405e-05,1.3538e-06,1.6425e-06,1.8903e-05,3.3919e-05,1.4869e-06,0.00027574,8.8573e-05,7.0126e-05,6.735e-05,8.8529e-05,-3.0621e-05,-7.1755e-06,0.0001145,6.8786e-05,-1.895e-05
6.7367e-05,0.00027371,0.00011904,6.0089e-05,9.2279e-05,3.7492e-05,-9.8989e-05,6.919e-05,5.1999e-05,3.9255e-05,0.00010444,-5.2815e-06,5.1338e-05,5.011e-05,9.1087e-05,4.4232e-05,3.9842e-05,0.00010035,6.7475e-05,0.0001073,-3.0671e-05,0.00010361,0.00010672,6.9929e-05,3.3936e-05,6.0784e-05,4.117e-05,0.00019665,3.9945e-05,9.7908e-05,0,0.00010369,0.00014366,5.3401e-05,5.6241e-05,8.8226e-05,3.6538e-05,7.666e-05,2.3691e-05,3.2866e-05,4.726e-05,2.7637e-05,4.8955e-05,4.3405e-05,7.8529e-05,2.6701e-05,2.4914e-05,9.0564e-05,4.5731e-05,3.0045e-05,6.484e-05,8.861e-05,2.3994e-05,0.00010433,0.0001499,5.3938e-05,7.9904e-05,0,9.1896e-05,4.4047e-05,0.00012527,0.00012597,4.1794e-05,4.12e-05,9.1452e-05,6.5643e-05,3.4282e-05,7.1277e-06,6.2081e-05,7.4802e-05,8.0655e-05,5.6296e-05,8.726e-05,0.00010758,8.6812e-05,0.00012569,2.2509e-05,2.1357e-05,3.0915e-05,5.3483e-05,6.9718e-05,2.3587e-05,7.6972e-05,8.6939e-05,1.5825e-05,5.8695e-05,8.451e-05,8.7367e-05,4.898e-05,3.1478e-05,1.293e-06,2.8719e-05,2.6909e-05,5.2681e-05,0.00013749,2.1527e-05,1.3639e-05,3.3555e-05,5.3032e-05,0.00012197,7.8163e-05,0.00015508,0.00010344,-3.0735e-05,1.2505e-06,2.561e-05,0.00010079,6.9579e-05,3.3896e-05,3.109e-05,4.3014e-05,-4.6318e-06,1.3878e-05,9.0342e-05,2.793e-05,1.0914e-05,3.5881e-05,8.0126e-05,0.00014517,9.3612e-05,7.6727e-05,0.00016722,0.00011616,5.7808e-05,0.00018253,6.7996e-06,8.7234e-05,7.0331e-05,6.2553e-06,0.0001219,2.3352e-05,4.1667e-05,5.8472e-05,-1.2539e-05,0.00010382,3.222e-05,7.6429e-05,9.0653e-05,4.1188e-05,7.6122e-05,1.7081e-05,2.9768e-05,-1.2592e-05,-2.9687e-07,5.9146e-05,9.1111e-05,6.4258e-05,8.3807e-05,-6.5428e-05,1.9767e-05,2.7156e-06,5.9577e-05,0.00015632,8.6608e-05,8.3177e-05,7.2557e-05,5.152e-05,4.5596e-05,7.094e-05,6.7092e-05,7.1502e-05,6.6796e-05,5.2978e-05,6.0859e-05,5.4887e-05,0.00015352,7.1544e-05,8.0375e-05,7.6906e-05,0.00017339,6.9569e-05,1.1097e-05,6.4706e-05,3.1884e-05,4.3992e-05,3.1879e-05,6.7996e-06,3.5606e-05,0.00021134,8.6769e-05,0.00015507,9.4412e-05,0.00011836,4.0416e-05,5.3879e-05,1.4194e-05,0.00010539,0.00011628,9.1484e-05,8.7142e-05,7.659e-05,2.358e-05,9.6943e-05,3.5861e-05,5.6725e-05,0.00010889,-4.2969e-05,8.2295e-05,4.781e-05,3.3116e-05
3.3901e-05,0.00011904,0.00011792,7.8489e-05,6.6697e-05,2.1803e-05,-5.0859e-05,9.4364e-05,0.00010217,4.4355e-05,8.5581e-05,-3.0386e-05,7.4744e-05,7.0064e-05,6.9018e-05,6.3991e-05,4.8142e-05,8.3876e-05,0.00012042,9.8489e-05,1.8066e-05,8.1654e-05,9.0855e-05,-1.051e-05,7.0558e-05,6.3984e-05,5.9766e-05,8.6001e-05,3.6601e-05,9.29e-05,0,7.1572e-05,0.00014323,6.4093e-05,5.5154e-05,0.00010116,3.85e-05,7.1284e-05,1.8855e-05,6.519e-05,5.7496e-05,4.0848e-05,4.2521e-05,3.9982e-05,9.4657e-05,7.0343e-05,5.7009e-05,9.4496e-05,-1.0225e-05,4.7552e-05,8.4691e-05,0.0001038,3.0917e-05,9.3314e-05,9.5464e-05,3.8516e-05,1.2472e-05,0,7.7738e-05,3.745e-05,3.177e-05,-2.5775e-06,5.5876e-05,6.6117e-05,9.1478e-05,-4.2048e-06,8.4319e-05,3.5103e-05,6.5613e-05,0.0001021,7.2536e-05,6.2073e-05,0.00010555,0.00010868,8.7176e-05,7.7606e-05,2.2001e-05,2.3203e-05,6.0076e-05,8.2734e-05,7.7302e-05,5.6938e-05,5.8945e-05,6.8357e-05,2.5001e-05,5.991e-05,7.4693e-05,8.3723e-05,6.3926e-05,6.9455e-05,2.9809e-06,6.0622e-05,4.1309e-05,6.9549e-05,6.6938e-05,2.4451e-05,3.089e-05,5.7726e-05,4.5381e-05,0.00011685,9.2046e-05,0.00012378,1.5491e-05,-9.8876e-06,3.3731e-05,4.756e-05,0.00011958,7.1652e-05,3.635e-05,5.1065e-05,5.7521e-05,4.9349e-05,2.7169e-05,6.4805e-05,3.5126e-05,3.7626e-05,3.9969e-05,5.8631e-05,0.00011837,7.8802e-05,7.0777e-05,9.4742e-05,9.8246e-05,2.0748e-05,0.00012313,1.2e-05,8.0466e-05,5.0225e-05,-1.1387e-05,0.00010264,5.6211e-05,3.3393e-05,1.9413e-05,3.1912e-05,8.0984e-05,3.7051e-05,4.911e-05,4.9605e-05,6.2207e-05,6.6481e-05,5.7989e-06,1.7504e-06,-4.4701e-05,2.2206e-05,5.5233e-05,6.5256e-05,3.003e-06,7.5463e-05,2.005e-05,5.6769e-05,3.7324e-05,5.7139e-05,7.2043e-05,8.3357e-05,8.9072e-05,7.4635e-05,5.7711e-05,7.5998e-05,9.0081e-05,6.9403e-05,7.741e-05,7.0122e-05,6.7329e-05,5.9425e-05,6.3508e-05,9.1603e-05,7.5404e-05,6.0763e-05,7.7644e-05,7.9251e-05,9.7287e-05,3.1492e-05,6.1501e-05,4.7204e-05,9.0605e-05,5.1377e-05,1.0141e-05,-8.4306e-06,7.1071e-05,6.845e-05,8.4135e-05,0.00010177,0.00010206,2.6989e-05,6.7648e-05,3.1442e-05,9.3423e-05,8.6207e-05,7.191e-05,7.19e-05,-2.691e-05,-3.1718e-05,1.7246e-05,-2.8973e-05,2.1963e-05,0.0001016,2.6133e-05,8.9684e-05,7.4427e-05,4.149e-05
4.7094e-05,6.0089e-05,7.8489e-05,0.00014754,8.0088e-05,0.00010454,-3.9194e-05,7.14e-05,0.00011486,6.011e-05,5.9408e-05,4.1559e-05,6.971e-05,7.5444e-05,7.1282e-05,6.3024e-05,5.1448e-05,8.3177e-05,0.0001096,8.7628e-05,0.00015557,6.8615e-05,7.5889e-05,4.668e-05,9.8672e-05,5.661e-05,6.3586e-05,0.00016578,6.6566e-05,5.4531e-05,0,4.9657e-05,8.1918e-05,5.8044e-05,6.2115e-05,9.1897e-05,6.8105e-05,7.5271e-05,8.6846e-06,8.1495e-05,4.051e-05,6.0969e-05,6.8261e-05,3.6359e-05,6.5425e-05,0.00013549,5.7031e-05,8.5289e-05,1.7335e-05,-2.1119e-05,9.2924e-05,8.2295e-05,3.0732e-06,7.6324e-05,8.8425e-05,4.7322e-05,5.2444e-05,0,6.7047e-05,-7.3462e-06,8.8197e-05,3.3512e-05,0.00010232,4.2764e-05,8.8345e-05,4.5899e-05,4.3559e-05,5.3348e-05,7.3815e-05,7.6556e-05,6.9631e-05,7.1621e-05,0.00010427,0.00012664,4.5886e-05,2.3618e-05,4.0006e-05,1.4762e-05,7.0716e-05,6.7179e-05,6.4361e-05,3.0651e-05,7.7647e-05,7.0709e-05,9.9594e-05,7.6874e-05,5.3173e-05,9.2684e-05,1.5236e-05,7.1915e-05,-1.4904e-07,3.2879e-05,2.3444e-05,5.5194e-05,2.2553e-05,3.3947e-05,2.6478e-05,5.9009e-05,5.6256e-06,0.0001005,7.3231e-05,6.3533e-05,-2.0748e-05,-2.5368e-05,3.6208e-05,8.3199e-05,8.0347e-05,6.4392e-05,2.7411e-05,4.8365e-05,7.5581e-05,5.7122e-05,2.1817e-05,3.7702e-05,4.9327e-05,8.0885e-05,2.5444e-05,9.4169e-05,0.00011636,0.00010356,6.9492e-05,0.00011226,9.4877e-05,7.1125e-05,5.38e-05,1.7353e-05,6.3018e-05,2.8087e-05,2.7814e-05,8.8181e-05,3.367e-05,4.1193e-05,1.8362e-05,0.00016878,7.5802e-05,3.5997e-05,6.8402e-05,2.7718e-05,5.9242e-05,6.793e-05,-2.4491e-05,2.556e-05,2.9518e-05,2.2144e-05,6.9848e-05,7.5814e-05,1.346e-05,4.7931e-05,8.4523e-06,5.7583e-05,2.9021e-05,5.6483e-05,6.1015e-05,8.1321e-05,8.3479e-05,6.8885e-05,1.3415e-05,3.6745e-05,6.798e-05,5.9697e-05,8.3774e-05,5.8666e-05,0.00011896,6.0355e-05,7.7267e-05,7.4974e-05,9.0139e-05,8.6587e-05,4.8404e-05,9.3839e-05,5.9473e-05,4.6155e-05,5.4511e-05,9.8259e-05,0.00012395,3.8233e-05,-4.6253e-05,-4.2513e-05,0.00015387,9.1514e-05,6.8365e-05,0.00010371,3.7928e-05,1.0517e-05,5.2614e-05,2.1607e-05,7.6305e-05,7.0822e-05,6.3064e-05,6.6679e-05,4.6848e-05,6.1182e-05,2.187e-05,4.4363e-05,7.7991e-05,2.9262e-05,6.3736e-05,0.0001047,7.2684e-05,3.6625e-05
1.4627e-05,9.2279e-05,6.6697e-05,8.0088e-05,0.0001183,7.6383e-05,-6.2442e-05,6.5518e-05,4.5643e-05,6.0235e-05,3.5009e-05,6.7849e-05,6.6255e-05,5.0416e-05,2.8259e-05,6.1623e-05,7.174e-05,5.7882e-05,7.7307e-05,6.8855e-05,-3.1602e-05,4.5223e-05,4.5593e-05,3.0812e-05,1.8531e-05,5.1045e-05,2.6067e-05,9.5626e-05,4.8766e-05,8.1026e-05,0,2.7653e-05,6.0174e-05,3.0194e-05,3.7922e-05,9.368e-05,4.7548e-05,5.0045e-05,-3.2643e-05,4.382e-05,4.3369e-05,3.7495e-05,6.7459e-05,3.0339e-05,6.4565e-05,7.5641e-05,4.5136e-05,6.2409e-05,1.5687e-05,7.6579e-06,5.9728e-05,4.8161e-05,1.7127e-05,4.3114e-05,6.8812e-05,2.0538e-05,9.8783e-05,0,5.1975e-05,2.9414e-05,6.2547e-05,4.2945e-05,5.1198e-05,2.9997e-05,5.9199e-05,1.2846e-05,4.4753e-05,2.1023e-05,3.8593e-05,7.5926e-05,4.5254e-05,5.0095e-05,4.661e-05,0.0001103,4.9092e-05,5.5509e-06,2.1259e-05,1.1447e-05,3.9655e-05,4.6056e-05,2.9938e-05,6.6284e-05,2.5829e-05,4.4344e-05,5.6198e-05,2.9804e-05,6.2746e-05,6.1775e-05,1.7953e-05,4.9618e-05,1.4761e-06,5.7966e-06,2.365e-06,4.8289e-05,2.9731e-05,2.9406e-05,1.7102e-05,3.3808e-05,1.3733e-05,6.147e-05,7.3731e-05,5.9655e-05,3.3493e-05,-1.1242e-05,2.6149e-05,3.838e-05,7.953e-05,4.9453e-05,5.5165e-06,5.3792e-05,4.8916e-05,4.9841e-05,3.1333e-05,5.4919e-05,3.6037e-05,3.834e-05,1.7287e-05,4.638e-05,8.4176e-05,7.315e-05,3.9729e-05,0.00010449,7.8371e-05,2.5322e-05,5.7295e-05,-5.4191e-07,5.8592e-05,2.5784e-05,1.3063e-05,7.0633e-05,5.1559e-05,3.2753e-05,5.6979e-06,8.0832e-05,6.7791e-05,3.5921e-06,5.5055e-05,2.8968e-05,4.9778e-05,3.5956e-05,-3.1153e-05,5.5664e-07,4.54e-05,5.2687e-05,2.2899e-05,6.146e-05,1.8688e-06,5.8023e-05,-2.6088e-06,1.8142e-05,5.5676e-05,3.9148e-05,6.7942e-05,4.4013e-05,4.4692e-05,6.769e-05,1.4559e-05,3.4915e-05,5.8031e-05,4.9367e-05,4.3918e-05,2.4601e-05,4.9876e-05,4.2075e-05,7.764e-05,8.535e-05,4.0509e-05,4.2697e-05,5.3427e-05,8.1811e-05,4.9109e-05,4.2108e-05,5.4087e-05,5.3871e-05,2.9604e-05,3.8689e-05,-2.201e-05,1.8263e-05,9.2318e-05,6.1706e-05,6.7835e-05,7.0373e-05,4.6374e-05,3.6993e-05,4.8224e-05,1.3036e-05,7.8831e-05,4.8101e-05,4.8911e-05,4.7175e-05,-2.0041e-05,-3.2853e-05,1.7657e-05,7.4548e-05,6.9733e-05,3.3076e-05,2.635e-05,5.8858e-05,7.1765e-05,2.6346e-05
6.6254e-05,3.7492e-05,2.1803e-05,0.00010454,7.6383e-05,0.00020944,-3.7724e-05,1.3712e-05,6.3486e-05,4.6028e-05,2.4153e-05,0.00010395,6.9755e-05,5.6817e-05,4.9998e-05,2.6238e-05,3.7182e-05,3.4219e-05,0.00010621,6.4069e-05,0.00011071,1.7812e-05,2.8375e-05,7.7547e-05,5.8721e-05,3.3271e-05,-8.2661e-06,0.00015226,6.4397e-05,3.2683e-05,0,1.6847e-05,-3.4721e-05,2.6008e-05,9.0323e-06,5.0329e-05,7.8724e-05,5.942e-05,-5.5791e-05,3.25e-05,7.5864e-06,6.4417e-05,4.5968e-05,-1.8503e-05,1.1639e-05,5.5022e-05,4.7258e-05,9.0928e-06,5.9085e-05,-6.9556e-05,2.6235e-05,5.9242e-06,-1.372e-05,5.1458e-05,7.625e-05,-7.7574e-06,0.00011869,0,9.2441e-06,2.0398e-05,8.5954e-05,9.5941e-05,8.2762e-05,3.9304e-06,3.2155e-05,4.4492e-05,-7.247e-05,1.3569e-05,4.1177e-05,3.086e-05,3.6936e-05,1.8377e-05,2.4214e-05,7.1114e-05,-5.291e-06,-2.4326e-05,1.677e-05,2.6545e-05,5.3996e-05,5.6994e-05,2.0137e-05,7.5724e-06,7.6296e-05,5.297e-05,9.4417e-05,4.5037e-05,1.9616e-05,5.7422e-05,-2.1443e-05,2.5164e-05,5.5649e-07,-3.0378e-05,1.8106e-06,3.4537e-05,2.7952e-05,2.0224e-05,-1.3261e-05,3.6726e-05,-5.3715e-06,6.0117e-05,3.6768e-05,2.653e-06,-3.255e-05,-3.4261e-05,1.074e-05,6.3796e-05,1.6422e-05,4.934e-05,-8.686e-06,5.2083e-05,9.1963e-05,-9.0381e-07,-1.5834e-05,9.303e-07,3.5648e-05,6.9212e-05,-2.3527e-06,5.9327e-05,5.5858e-05,9.7412e-05,3.8359e-05,5.6664e-05,6.0264e-05,4.8089e-05,8.2474e-06,-1.7989e-06,3.5325e-05,-1.5275e-06,1.129e-05,5.4025e-05,3.8419e-05,3.7937e-05,-3.862e-05,0.00016085,6.5634e-05,1.7642e-05,7.4748e-05,-3.7038e-06,-7.7691e-06,1.4595e-05,-2.2835e-05,4.7755e-05,4.5946e-05,2.1961e-05,-2.4003e-06,6.4008e-05,1.8033e-05,7.1927e-05,-3.1132e-05,1.0127e-05,2.4738e-05,9.2306e-06,2.4939e-05,3.8513e-05,2.4278e-05,1.5869e-05,-2.8855e-05,-1.7559e-05,6.4241e-05,4.5589e-05,5.2536e-05,2.8269e-05,0.00011694,9.1058e-06,6.672e-05,4.784e-06,1.0032e-05,7.2403e-05,5.5208e-05,8.8821e-05,1.4248e-05,2.8687e-05,3.2711e-05,0.00010471,2.7699e-05,4.9355e-05,-1.6423e-05,-1.7563e-05,0.00016764,6.8129e-05,5.8273e-05,8.4318e-05,-4.2959e-05,1.3599e-05,-2.3337e-06,-5.4214e-06,4.7259e-05,5.4728e-05,3.388e-05,1.185e-06,6.7106e-05,0.00010449,1.1909e-05,0.00011347,0.00010606,-4.9967e-05,4.2137e-05,7.6546e-05,3.7973e-05,1.3553e-05
-8.8794e-05,-9.8989e-05,-5.0859e-05,-3.9194e-05,-6.2442e-05,-3.7724e-05,0.00021028,-3.0642e-05,-1.7061e-05,-3.9486e-05,-5.3423e-05,-1.7838e-05,-9.162e-05,-4.1322e-05,-2.7974e-05,-3.4208e-05,-8.7083e-05,-7.6495e-05,-6.551e-05,-0.00010172,-4.8642e-05,-4.6991e-05,-0.00012753,-8.2891e-05,-4.3566e-05,-3.3519e-05,-6.326e-06,-6.5313e-05,-3.7064e-05,-0.0001201,0,1.8462e-07,-4.3395e-05,-1.7823e-05,-3.724e-05,-8.0142e-05,9.1643e-05,-3.0564e-05,-5.2273e-05,-3.1013e-05,-3.4969e-05,-2.7362e-05,-4.1593e-05,-7.9478e-06,-6.5288e-05,-5.7621e-05,-6.7519e-05,-4.465e-05,-2.0566e-05,6.3776e-06,-8.8161e-05,-3.3235e-05,-8.9409e-05,-6.9026e-05,-3.7762e-05,-6.3785e-05,-0.00014706,0,-3.906e-05,-6.0585e-05,-0.00015216,-5.2102e-05,-2.9302e-05,-1.7686e-05,-6.2696e-05,-1.9157e-05,-5.3133e-05,-4.8493e-05,-4.9727e-05,-9.9703e-05,-3.0237e-05,-6.3345e-05,-3.4297e-05,-0.00011277,-6.3254e-05,-0.0001646,-1.063e-05,9.6867e-07,-2.5665e-05,-5.5206e-05,-3.9803e-05,-5.4429e-05,-5.6271e-05,-4.5229e-05,-1.082e-05,-3.1806e-05,-8.4744e-05,-7.3936e-05,-4.2209e-05,3.1681e-07,-1.5158e-05,-2.183e-05,-5.9747e-05,-3.5188e-05,-5.7744e-05,-3.5219e-05,3.9214e-06,-6.4364e-05,-2.6515e-05,-4.2273e-05,-6.6236e-05,-1.3126e-05,-5.1392e-05,3.4397e-05,-5.1107e-06,-2.403e-05,-6.6577e-05,-6.0175e-05,-1.8996e-05,-5.4846e-05,-9.3391e-05,-2.7281e-05,1.4734e-05,-1.975e-05,-3.5192e-05,-2.3675e-06,-2.3023e-05,-3.6605e-05,-0.00018322,-2.451e-05,-4.2163e-05,-0.0002073,-0.00011926,-1.1028e-07,-0.00011339,2.5066e-05,-4.1082e-05,-1.8836e-05,-1.4791e-05,-7.3609e-05,-3.4829e-05,-1.0261e-05,-5.075e-05,-3.8696e-05,-4.1631e-05,-3.3926e-05,-5.1152e-05,-9.6684e-06,-3.4508e-05,-1.7441e-05,-2.1397e-06,-7.4041e-05,-1.1403e-05,-4.6998e-05,-7.3045e-05,-0.00010627,-1.2914e-05,-5.5454e-05,-4.7173e-05,-3.8446e-05,-7.5557e-05,-6.7444e-05,-0.00015968,-4.4163e-05,-3.7926e-05,-4.6472e-05,-1.8114e-05,-4.0678e-05,-2.3995e-05,-6.1841e-05,-5.1399e-05,-7.5123e-05,-2.819e-05,5.9064e-06,-3.7174e-05,-0.00012601,-4.1535e-05,-3.0013e-05,-3.484e-05,-0.00016423,-7.2268e-05,3.2143e-05,-3.2284e-05,-2.6611e-05,1.9384e-05,-2.2256e-05,-2.5667e-05,-1.6554e-05,-0.00016835,-7.3883e-05,-0.00014022,-9.7432e-05,-4.7853e-05,6.0109e-06,-1.9339e-05,-1.0968e-05,-4.3715e-05,-4.6783e-05,-4.3706e-05,-3.8588e-05,-0.00010015,1.773e-05,-4.0945e-05,2.4757e-05,-2.8228e-05,9.9659e-06,3.4162e-05,-7.8648e-05,-5.6244e-05,-2.8519e-05
-1.0111e-05,6.919e-05,9.4364e-05,7.14e-05,6.5518e-05,1.3712e-05,-3.0642e-05,0.00013659,9.3736e-05,3.948e-05,6.0689e-05,2.2871e-05,9.0167e-05,6.943e-05,5.7848e-05,8.4747e-05,3.2067e-05,6.7302e-05,0.00012608,7.6229e-05,-4.8012e-05,7.209e-05,7.6449e-05,2.5738e-07,4.8868e-05,5.8067e-05,4.9954e-05,1.8442e-05,2.2499e-05,6.828e-05,0,4.6711e-05,8.7974e-05,5.7966e-05,6.1093e-05,7.766e-05,5.3616e-05,6.6244e-05,-6.9606e-06,6.5477e-05,5.1633e-05,3.2839e-05,7.4161e-05,4.1573e-05,8.9292e-05,8.4843e-05,5.2632e-05,5.9353e-05,1.1931e-05,6.9859e-05,8.0839e-05,9.1696e-05,2.7711e-05,6.3756e-05,5.8245e-05,7.9551e-06,2.4019e-05,0,7.6579e-05,3.1536e-05,-2.677e-05,2.051e-05,6.8221e-05,6.2524e-05,6.1229e-05,-1.1765e-05,6.7828e-05,4.7047e-05,6.2677e-05,9.7074e-05,8.7609e-05,5.4373e-05,7.1729e-05,0.0001057,8.1328e-05,4.8517e-05,3.4336e-05,3.1272e-05,4.6077e-05,8.5064e-05,7.5706e-05,9.0681e-05,4.4167e-05,4.6459e-05,2.9745e-05,6.2594e-05,8.917e-05,6.0379e-05,2.3417e-05,6.5445e-05,-1.5221e-06,5.7676e-05,1.9448e-05,8.3067e-05,3.3073e-05,1.5674e-05,2.888e-05,6.8569e-05,3.0336e-05,9.3613e-05,9.5997e-05,0.00010053,4.4484e-06,1.7493e-05,4.7451e-05,4.4779e-05,0.00010388,5.1984e-05,3.5631e-05,4.2033e-05,6.2055e-05,6.5661e-05,5.7147e-05,6.9236e-05,4.0476e-05,5.4429e-05,2.7429e-05,4.4549e-05,6.236e-05,9.2037e-05,7.7104e-05,5.4336e-05,6.0463e-05,1.8629e-05,8.9238e-05,1.8393e-05,6.1586e-05,5.248e-05,6.6987e-06,8.1015e-05,6.4812e-05,2.7047e-05,2.201e-06,2.5422e-05,7.4372e-05,3.5553e-05,3.131e-05,5.0472e-05,6.2137e-05,5.3139e-05,-1.8212e-05,-2.5489e-06,-1.7564e-05,4.5591e-05,3.879e-05,6.0295e-05,9.3221e-06,5.0011e-05,2.7868e-05,5.0165e-05,5.9904e-05,6.4695e-05,5.7764e-05,7.772e-05,8.2682e-05,9.8575e-05,5.5544e-05,7.4861e-05,9.1265e-05,4.6888e-05,5.8981e-05,4.0685e-05,4.646e-05,9.4984e-05,7.2628e-05,0.00011224,7.1205e-05,1.8594e-05,7.5619e-05,3.0245e-05,8.3733e-05,4.494e-05,8.7565e-05,4.1544e-05,5.955e-05,2.2254e-05,-4.9964e-05,-1.9451e-05,-8.5289e-06,7.3071e-05,5.0332e-05,5.8799e-05,8.0143e-05,4.755e-05,7.6789e-05,3.1975e-05,8.2498e-05,6.4102e-05,8.6995e-05,7.2467e-05,-0.00012635,-3.34e-06,6.0123e-06,-3.3104e-05,2.8378e-05,9.6325e-05,4.9132e-05,6.0532e-05,7.2643e-05,3.5567e-05
5.7337e-05,5.1999e-05,0.00010217,0.00011486,4.5643e-05,6.3486e-05,-1.7061e-05,9.3736e-05,0.00019209,4.4788e-05,5.8032e-05,-6.607e-05,5.6344e-05,8.2958e-05,6.4541e-05,3.8458e-05,5.5798e-05,7.1162e-05,0.00014357,7.4815e-05,0.00012067,7.8554e-05,7.462e-05,1.405e-05,9.1892e-05,6.6466e-05,2.8283e-05,0.00012215,3.9308e-05,8.8515e-05,0,8.222e-05,0.00013324,8.0191e-05,6.8042e-05,7.9828e-05,7.6167e-05,6.9128e-05,1.34e-05,9.0555e-05,4.1097e-05,5.3946e-05,6.3346e-05,1.3485e-05,7.9814e-05,0.00010084,6.4529e-05,8.1591e-05,4.3377e-06,1.3738e-05,9.1287e-05,8.3646e-05,4.5874e-05,0.00011281,0.00010768,5.936e-05,-6.8734e-06,0,6.5864e-05,4.8645e-05,5.7957e-05,1.2447e-05,8.3222e-05,7.0453e-05,7.9413e-05,1.2472e-05,5.5908e-05,4.6189e-05,6.4526e-05,0.00010646,6.5356e-05,5.7647e-05,9.4896e-05,0.00011586,6.8108e-05,8.1888e-05,1.7932e-05,2.5251e-05,7.6438e-05,8.7114e-05,8.078e-05,8.2056e-05,6.9082e-05,5.3487e-05,7.2482e-05,6.657e-05,5.4693e-05,7.9687e-05,4.5924e-05,0.00010638,-1.2789e-05,7.4149e-05,3.0416e-05,8.9412e-05,7.0282e-05,4.0897e-05,3.3742e-05,7.4133e-05,2.0555e-05,0.00012811,5.6156e-05,0.00011541,-1.4137e-05,-2.2174e-05,2.6951e-05,3.8316e-05,9.9291e-05,6.0435e-05,3.8041e-05,4.8027e-05,6.6556e-05,6.7355e-05,1.7984e-05,3.4942e-05,5.2039e-05,6.7705e-05,4.4731e-05,6.7918e-05,5.9606e-05,0.00011192,8.9959e-05,1.9537e-05,7.8383e-05,5.5915e-05,7.9849e-05,6.8822e-06,6.2671e-05,4.7181e-05,5.4319e-06,9.5672e-05,4.0266e-05,6.2682e-05,-1.4775e-07,0.00010156,6.972e-05,1.1587e-05,3.6621e-05,3.2738e-05,3.9583e-05,8.5728e-05,-1.2655e-05,1.0978e-05,2.2676e-05,2.5505e-05,6.9517e-05,6.3893e-05,-8.3935e-06,5.7706e-05,-1.0049e-05,8.3281e-05,4.5363e-05,3.948e-05,5.7667e-06,7.509e-05,0.00010292,6.564e-05,2.0863e-05,8.4204e-05,8.3505e-05,7.4561e-05,7.8856e-05,7.1883e-05,0.00010249,4.2318e-05,7.0794e-05,5.0616e-05,0.00010976,6.3443e-05,7.6685e-05,5.1188e-05,6.434e-05,4.2118e-05,6.0461e-05,9.4436e-05,0.00010722,6.6086e-05,-4.7402e-06,-1.0849e-05,8.4852e-05,7.0745e-05,2.914e-05,9.5164e-05,6.8116e-05,2.1102e-05,6.094e-05,1.9706e-05,4.5841e-05,0.00010915,6.6309e-05,7.6211e-05,2.0498e-05,-1.2168e-05,-7.2715e-07,8.4249e-06,4.6055e-05,2.6106e-05,6.3052e-05,0.00011207,8.5048e-05,4.0926e-05
2.8763e-05,3.9255e-05,4.4355e-05,6.011e-05,6.0235e-05,4.6028e-05,-3.9486e-05,3.948e-05,4.4788e-05,6.0674e-05,2.9073e-05,5.5877e-05,4.7297e-05,5.1344e-05,3.9626e-05,4.6245e-05,5.8906e-05,6.4344e-05,5.235e-05,6.417e-05,8.1216e-05,5.5208e-05,4.0365e-05,2.0091e-05,2.0429e-05,3.8246e-05,3.2946e-05,6.6441e-05,3.2889e-05,4.5809e-05,0,2.9855e-05,3.1389e-05,2.4885e-05,3.4122e-05,6.8369e-05,2.5848e-05,3.685e-05,-1.6833e-05,3.5934e-05,3.5819e-05,3.1239e-05,3.8534e-05,2.2601e-05,3.5941e-05,6.9507e-05,3.0565e-05,7.2052e-05,1.5317e-05,-9.046e-06,4.9455e-05,5.6755e-05,1.0489e-05,2.1197e-05,3.1354e-05,2.7044e-05,4.0746e-05,0,3.4508e-05,1.3469e-05,5.1883e-05,2.1936e-05,4.6911e-05,1.2882e-05,5.4503e-05,2.7773e-05,6.7489e-05,3.1247e-05,3.6443e-05,4.4741e-05,3.6487e-05,3.8685e-05,4.4924e-05,8.6838e-05,2.4819e-05,1.1227e-05,2.8453e-05,1.3951e-05,4.1586e-05,3.0103e-05,2.6067e-05,4.4202e-05,3.8715e-05,3.5047e-05,4.7458e-05,3.8522e-05,4.6422e-05,5.194e-05,3.2698e-05,3.9826e-05,1.9801e-05,8.3981e-06,1.103e-05,4.0519e-05,7.4365e-06,2.8823e-05,3.2728e-05,2.332e-05,8.0282e-06,5.017e-05,2.0442e-05,5.2172e-05,-2.6805e-06,-6.429e-06,2.895e-05,2.3539e-05,4.4076e-05,3.3224e-05,1.4335e-05,3.3214e-05,4.4248e-05,4.384e-05,2.0598e-05,4.3844e-05,2.4477e-05,5.2141e-05,2.2155e-05,4.8456e-05,7.4924e-05,6.8318e-05,3.1307e-05,8.8401e-05,6.1249e-05,1.9787e-05,4.7461e-05,5.5398e-06,4.4223e-05,1.3052e-05,2.8651e-05,5.2828e-05,4.2463e-05,1.6073e-05,9.5631e-06,5.6769e-05,4.3208e-05,1.7635e-06,2.4951e-05,2.6836e-05,3.9841e-05,3.9106e-05,-1.2896e-05,8.1118e-06,6.3788e-05,3.4827e-05,2.9742e-05,4.5913e-05,-6.0741e-07,2.3357e-05,3.9905e-05,2.1689e-05,3.9621e-05,2.6608e-05,4.0639e-05,4.2393e-05,4.978e-05,5.7301e-05,2.5937e-05,2.2533e-05,4.1867e-05,5.1836e-05,4.6598e-05,3.6227e-05,4.841e-05,2.6903e-05,5.1724e-05,4.564e-05,5.0542e-05,1.562e-05,4.0029e-05,5.5891e-05,4.0477e-05,3.133e-05,2.9806e-05,4.5332e-05,4.8287e-05,3.4708e-05,-4.5878e-05,1.5613e-05,5.4268e-05,4.7337e-05,5.0908e-05,6.5442e-05,5.1683e-05,1.9857e-05,4.146e-05,1.9655e-05,5.2326e-05,2.4896e-05,3.2509e-05,4.4447e-05,1.4053e-05,-7.7065e-06,-7.7168e-06,3.3915e-05,4.8348e-05,5.2299e-05,2.8615e-05,5.004e-05,7.6615e-05,2.8538e-05
4.9919e-05,0.00010444,8.5581e-05,5.9408e-05,3.5009e-05,2.4153e-05,-5.3423e-05,6.0689e-05,5.8032e-05,2.9073e-05,0.00010396,2.9926e-07,6.8775e-05,5.4296e-05,0.00010096,5.7129e-05,3.4631e-05,8.9003e-05,9.7357e-05,9.5841e-05,7.1426e-05,6.1088e-05,8.5663e-05,5.7363e-06,8.7354e-05,4.7742e-05,7.7162e-05,7.6367e-05,3.3148e-05,3.2533e-05,0,4.9014e-05,7.5664e-05,4.6493e-05,4.0758e-05,6.7324e-05,1.8085e-05,6.5692e-05,5.8962e-05,4.1391e-05,3.6761e-05,4.1362e-05,3.5664e-05,3.2145e-05,5.4881e-05,5.6029e-05,3.5985e-05,8.1578e-05,1.3226e-05,3.5989e-05,5.1112e-05,8.0313e-05,3.4723e-05,8.6863e-05,6.8128e-05,5.5147e-05,2.0259e-05,0,6.2866e-05,3.355e-05,4.7147e-05,3.3952e-06,5.7398e-05,2.9241e-05,7.1403e-05,2.5952e-05,4.7501e-05,3.6832e-05,5.8307e-05,3.2211e-05,5.7697e-05,5.9161e-05,8.6719e-05,7.7193e-05,5.3589e-05,7.6366e-05,4.1969e-05,2.2657e-05,3.627e-05,6.4521e-05,5.4644e-05,2.4355e-05,8.7232e-05,7.7421e-05,-1.0267e-06,5.2434e-05,6.8457e-05,6.1453e-05,4.3163e-05,2.4937e-05,1.2986e-05,4.4759e-05,4.6382e-05,4.4011e-05,4.0563e-05,1.148e-05,2.4784e-05,4.5448e-05,4.4191e-05,9.3787e-05,7.6463e-05,9.1845e-05,-3.3289e-07,-1.2939e-05,1.3435e-05,5.8685e-05,6.5151e-05,6.6227e-05,3.341e-05,3.4336e-05,6.1223e-05,1.7862e-05,-4.9472e-06,6.109e-05,2.3924e-05,3.0199e-05,3.4782e-05,6.6351e-05,0.00013579,5.2177e-05,5.7492e-05,0.00012749,8.0221e-05,2.0995e-05,9.87e-05,1.652e-05,6.1588e-05,4.258e-05,-9.3555e-06,8.4609e-05,4.6891e-05,3.9332e-05,2.4693e-05,2.8555e-05,6.7922e-05,7.4722e-05,6.0812e-05,4.3586e-05,4.702e-05,4.5208e-05,1.3349e-05,2.1499e-05,-6.6478e-05,-1.4066e-05,5.7108e-05,6.4935e-05,1.0411e-05,7.1493e-05,3.8697e-05,3.6147e-05,6.4378e-06,4.9768e-05,0.00010169,7.9504e-05,6.9417e-05,4.7771e-05,4.2922e-05,2.7924e-05,6.3547e-05,6.3053e-05,6.9841e-05,7.7931e-05,6.383e-05,5.5044e-05,3.6577e-05,8.5931e-05,6.3269e-05,3.7316e-05,5.1732e-05,0.00010409,8.0252e-05,9.5064e-06,5.2048e-05,2.9035e-05,7.2481e-05,1.7407e-05,-5.9498e-06,-1.9145e-05,0.00010916,5.577e-05,0.00011314,9.5587e-05,8.0121e-05,1.2036e-05,4.9137e-05,2.2972e-05,8.2628e-05,4.4924e-05,7.196e-05,3.9191e-05,1.6935e-05,1.3919e-05,1.2968e-05,-6.3594e-05,1.2282e-05,9.9218e-05,1.4434e-05,7.3484e-05,5.005e-05,4.748e-05
0.0001002,-5.2815e-06,-3.0386e-05,4.1559e-05,6.7849e-05,0.00010395,-1.7838e-05,2.2871e-05,-6.607e-05,5.5877e-05,2.9926e-07,0.00078709,7.6609e-05,-1.0669e-05,0.00011769,3.6756e-05,-3.3995e-05,0.00013896,9.6221e-06,9.7326e-05,1.0387e-05,4.4674e-05,7.6843e-05,0.00023814,7.4821e-05,3.8651e-06,4.8948e-05,-0.00030358,5.623e-05,-6.8567e-05,0,2.6921e-05,-0.00012555,5.3819e-05,3.2364e-05,5.5677e-05,9.9024e-05,5.7189e-05,1.9185e-05,-1.3559e-05,-2.1026e-05,2.9439e-05,-5.1512e-05,-2.3744e-05,-3.153e-06,-1.101e-05,1.5984e-05,2.3495e-06,0.00015513,2.7628e-05,-3.8544e-05,5.0414e-05,-1.1707e-05,-0.00012612,3.1865e-05,-0.00010379,0.00023671,0,-2.8801e-05,-5.9721e-05,0.00010548,0.00035173,5.4693e-05,-9.0835e-05,4.4157e-05,0.00016184,2.5696e-05,4.8924e-05,2.7961e-05,-9.9393e-05,7.7848e-05,6.1353e-05,-4.3449e-05,5.0535e-05,-2.5112e-05,0.00011659,6.6909e-05,6.419e-05,-1.5091e-05,3.1963e-05,3.2434e-05,0.00011459,0.00014438,7.8489e-05,-2.1447e-05,8.7424e-05,8.0294e-05,1.6438e-05,5.5198e-05,-8.2643e-05,7.4542e-05,-0.00014158,-3.0588e-05,2.9348e-05,-7.2125e-05,5.2433e-05,-1.8653e-05,-2.2198e-05,-1.2578e-05,-2.5905e-05,-1.1337e-05,1.0947e-05,-6.1328e-05,1.0424e-05,0.0001092,0.00010112,-1.3648e-05,9.3979e-06,-2.0044e-05,1.4339e-05,7.1942e-05,-9.1977e-06,4.1296e-05,-4.3238e-06,-1.8987e-06,8.2001e-05,-2.5574e-05,0.00010272,8.7865e-05,6.9934e-05,2.2513e-05,3.3502e-05,-2.8286e-06,1.375e-05,6.7021e-05,4.3355e-05,3.8173e-05,1.2565e-05,0.00023619,-4.2429e-06,8.7888e-05,6.7449e-05,-1.0521e-05,-7.8775e-05,1.0684e-05,9.9738e-05,7.7e-05,0.0001279,1.5585e-05,-1.5489e-05,0.00012309,0.0001338,5.5219e-05,0.00021437,3.9819e-05,2.208e-05,0.00014878,2.7215e-05,0.00010526,-2.0028e-05,-0.00010004,5.9054e-05,7.6489e-05,4.8324e-05,2.4969e-05,0.00019245,5.1955e-06,-7.0523e-05,-1.6234e-05,3.372e-06,1.2148e-05,3.6375e-05,6.33e-05,3.7701e-05,9.3595e-05,3.9949e-05,-6.0169e-06,2.9889e-05,2.6591e-05,6.2472e-05,9.266e-06,-3.8933e-05,2.9265e-05,5.9235e-05,6.0439e-05,-0.00010675,-0.00015437,-1.8963e-05,0.00019525,6.9362e-05,8.0696e-05,8.5246e-05,9.1204e-05,8.447e-05,6.9016e-06,8.1921e-05,5.3325e-05,6.5047e-05,8.1122e-05,-6.6956e-05,7.2782e-05,0.000177,6.7711e-05,1.4337e-05,0.0001191,-1.5209e-05,4.6401e-05,5.5844e-05,7.3166e-05,2.0149e-05
9.4179e-05,5.1338e-05,7.4744e-05,6.971e-05,6.6255e-05,6.9755e-05,-9.162e-05,9.0167e-05,5.6344e-05,4.7297e-05,6.8775e-05,7.6609e-05,0.00015109,7.353e-05,8.2721e-05,5.6965e-05,5.7489e-05,6.3184e-05,0.00014307,0.00010513,6.7536e-05,5.1076e-05,8.4521e-05,6.1566e-05,0.00011005,4.8086e-05,3.5151e-05,4.767e-05,6.5599e-05,6.5091e-05,0,8.5449e-07,-8.3873e-06,1.3558e-05,5.1963e-05,7.5965e-05,3.0457e-05,7.756e-05,3.3571e-05,4.5712e-05,3.3411e-05,4.6773e-05,4.4615e-05,3.266e-05,3.9545e-05,8.5903e-05,6.0328e-05,7.2229e-05,3.5835e-05,2.9734e-05,7.026e-05,0.0001024,6.1446e-05,7.3515e-05,4.1251e-05,1.1547e-05,0.00017203,0,4.7575e-05,1.511e-05,3.4003e-05,5.4465e-05,6.7519e-05,5.9488e-05,7.0934e-05,1.0154e-05,5.215e-05,5.332e-05,8.0513e-05,5.444e-05,8.9078e-05,5.6155e-05,7.8818e-05,0.00011066,3.273e-05,2.1681e-05,3.479e-05,4.8022e-05,5.5999e-05,7.7111e-05,5.0378e-05,8.215e-05,7.5667e-05,6.2619e-05,5.322e-05,6.2598e-05,9.4507e-05,7.9173e-05,1.7828e-05,3.4918e-05,2.169e-05,3.6944e-05,6.3621e-05,5.3942e-05,2.3747e-05,1.8582e-05,-9.8028e-06,8.0184e-05,2.2058e-05,6.0209e-05,8.674e-05,5.1203e-05,-8.8884e-07,-1.4674e-05,4.2111e-05,5.2317e-05,4.6747e-05,5.8335e-05,3.9682e-05,7.9879e-05,9.3774e-05,3.5017e-05,1.31e-05,2.4069e-05,3.4502e-05,3.564e-05,1.8576e-05,4.1609e-05,0.00012124,9.8964e-05,5.5187e-05,8.8292e-05,8.7478e-05,3.1726e-05,5.5081e-05,1.1358e-07,5.6499e-05,2.3129e-05,4.1266e-05,7.1258e-05,9.1895e-05,2.9923e-05,-9.0792e-06,7.2578e-05,6.6701e-05,7.8954e-05,7.9008e-05,1.581e-05,4.6065e-05,1.6144e-05,3.0423e-06,6.0071e-05,-1.8613e-05,7.5686e-05,3.8734e-05,9.3415e-05,4.3929e-05,8.5113e-05,8.2437e-05,4.2804e-05,2.7375e-05,6.8758e-05,7.3937e-05,6.7824e-05,5.4222e-05,6.7476e-05,5.5151e-05,1.7805e-05,8.5728e-05,5.7943e-05,6.3607e-05,5.9254e-05,7.4517e-05,6.0786e-05,6.8092e-05,0.00010038,5.2668e-05,5.6062e-05,6.726e-05,8.7135e-05,7.8211e-05,-1.3899e-05,7.3551e-05,4.9951e-05,2.2204e-05,6.5177e-06,-8.065e-06,-2.3878e-05,0.00011769,8.1872e-05,7.8605e-05,0.00011264,3.8695e-05,1.3905e-05,5.806e-05,3.8636e-05,7.6743e-05,2.2345e-05,8.2246e-05,4.3127e-05,-3.3859e-05,5.0027e-05,3.1346e-05,-1.2329e-05,5.8092e-05,7.9193e-05,3.6946e-05,8.2648e-05,8.4101e-05,1.5554e-05
1.9973e-05,5.011e-05,7.0064e-05,7.5444e-05,5.0416e-05,5.6817e-05,-4.1322e-05,6.943e-05,8.2958e-05,5.1344e-05,5.4296e-05,-1.0669e-05,7.353e-05,8.277e-05,6.0373e-05,6.5833e-05,5.627e-05,6.9336e-05,0.00011325,8.3822e-05,9.7737e-05,6.9387e-05,5.0166e-05,5.8578e-07,5.1756e-05,5.4849e-05,3.0565e-05,0.000123,2.7117e-05,5.3368e-05,0,3.9845e-05,5.4343e-05,3.913e-05,4.5897e-05,7.4836e-05,3.3916e-05,6.0357e-05,-2.4212e-05,5.1851e-05,5.5015e-05,4.3217e-05,4.0533e-05,2.798e-05,5.209e-05,8.919e-05,5.3483e-05,8.2483e-05,7.4446e-07,7.851e-06,7.038e-05,9.2657e-05,3.485e-05,6.4221e-05,5.2794e-05,4.2607e-05,1.9112e-05,0,4.9835e-05,4.288e-05,4.0966e-05,2.3083e-06,6.8768e-05,4.045e-05,6.9167e-05,3.074e-06,6.672e-05,3.8494e-05,6.1074e-05,6.894e-05,6.1088e-05,4.8174e-05,8.5642e-05,9.9961e-05,4.4928e-05,2.522e-05,2.1891e-05,2.7362e-05,6.2285e-05,7.2812e-05,4.8646e-05,6.2907e-05,5.9837e-05,4.9338e-05,7.3065e-05,6.0468e-05,6.755e-05,7.8242e-05,3.5708e-05,5.9882e-05,2.179e-05,4.9242e-05,3.0153e-05,6.2397e-05,2.1974e-05,1.9331e-05,6.714e-06,4.2192e-05,1.9638e-05,7.9293e-05,4.2444e-05,7.7683e-05,-1.4224e-05,-7.7051e-06,2.5612e-05,4.1248e-05,6.5741e-05,4.5476e-05,3.108e-05,4.9086e-05,6.3249e-05,4.7992e-05,2.2972e-05,5.3443e-05,3.7595e-05,6.3094e-05,2.7891e-05,6.0491e-05,7.9512e-05,8.844e-05,5.7691e-05,7.8863e-05,7.2852e-05,5.8583e-06,7.3948e-05,1.0292e-05,5.2624e-05,2.6258e-05,2.7443e-06,6.5215e-05,4.38e-05,1.4132e-05,-3.7497e-06,7.4465e-05,6.8122e-05,6.7156e-06,3.0565e-05,1.9206e-05,4.4946e-05,5.0243e-05,5.2432e-06,8.1941e-06,5.1677e-05,1.7455e-05,4.3027e-05,6.7448e-05,-4.3026e-07,4.2977e-05,5.2937e-05,3.9287e-05,5.5805e-05,3.2609e-05,3.8386e-05,6.5006e-05,6.5254e-05,6.0059e-05,3.2377e-05,5.0245e-05,8.0468e-05,6.0447e-05,6.7567e-05,4.5616e-05,7.7669e-05,5.7217e-05,6.3369e-05,6.6252e-05,6.8024e-05,3.7984e-05,6.181e-05,7.5914e-05,6.6493e-05,4.8925e-05,5.7707e-05,6.9408e-05,6.996e-05,3.3285e-05,-3.4942e-05,-6.7428e-06,5.5216e-05,6.5775e-05,5.5177e-05,8.3376e-05,5.0472e-05,2.002e-05,5.2345e-05,2.954e-05,6.8318e-05,4.6841e-05,6.115e-05,6.92e-05,-2.2479e-05,3.3468e-05,-2.2466e-06,-2.4627e-06,3.7668e-05,8.3343e-05,3.3116e-05,6.3744e-05,8.0788e-05,3.4604e-05
0.00013589,9.1087e-05,6.9018e-05,7.1282e-05,2.8259e-05,4.9998e-05,-2.7974e-05,5.7848e-05,6.4541e-05,3.9626e-05,0.00010096,0.00011769,8.2721e-05,6.0373e-05,0.000179,4.6724e-05,1.9765e-05,0.0001044,8.4528e-05,9.7459e-05,0.00022177,7.2254e-05,8.838e-05,8.1676e-05,0.00012626,4.2968e-05,5.2069e-05,8.0303e-06,5.1544e-05,-2.352e-05,0,4.8061e-05,-1.5975e-05,3.2372e-05,3.6381e-05,5.0571e-05,4.1009e-05,7.905e-05,5.7764e-05,2.4804e-05,1.0498e-05,3.3602e-05,-1.4812e-05,3.4988e-05,2.1558e-06,5.0225e-05,1.2763e-05,6.8936e-05,6.0366e-05,5.9173e-05,2.0811e-05,9.8015e-05,7.5151e-05,7.9908e-05,7.745e-05,4.6702e-05,3.7572e-05,0,5.5082e-05,1.4988e-05,6.1964e-05,7.225e-05,7.5147e-05,4.4935e-06,9.1503e-05,9.8536e-05,6.8516e-06,3.2533e-05,7.0579e-05,-6.6494e-05,8.017e-05,5.4093e-05,7.2591e-05,6.4801e-05,4.4249e-06,6.1939e-05,4.9242e-05,4.9661e-05,3.8648e-05,4.4274e-05,3.5266e-05,7.6782e-05,0.00010824,8.8701e-05,2.2824e-05,4.654e-05,7.4738e-05,6.8504e-05,4.1023e-05,3.4024e-05,4.8824e-05,4.8011e-05,2.3224e-05,5.673e-05,1.9427e-05,3.3279e-08,1.7962e-05,3.8468e-05,2.2905e-05,6.0224e-05,3.431e-05,9.4233e-05,-2.2305e-05,-4.3141e-05,4.7271e-05,4.4063e-05,7.3637e-06,5.3537e-05,4.1891e-05,2.3706e-05,5.2335e-05,1.8355e-05,-6.3757e-06,4.0518e-05,1.6627e-05,2.7444e-05,3.285e-05,0.0001207,0.00011549,0.00010301,6.6111e-05,0.00011096,6.3345e-05,4.8349e-05,7.317e-05,1.9215e-05,5.5351e-05,4.0845e-05,8.7147e-05,6.3536e-05,4.8237e-05,4.7484e-05,9.0359e-06,-6.9026e-06,5.8423e-05,0.00010893,8.4243e-05,6.5222e-05,4.0976e-05,3.8281e-05,4.0043e-05,7.186e-05,1.2119e-05,1.3836e-05,6.8832e-05,7.098e-05,5.7709e-05,5.9472e-05,4.8022e-05,2.4887e-05,-2.471e-05,5.3314e-05,8.474e-05,8.0273e-05,8.291e-05,6.5488e-05,4.8824e-05,-3.258e-05,7.2002e-05,5.9591e-05,7.081e-05,5.2947e-05,8.0495e-05,5.5433e-05,4.7794e-05,9.8521e-05,8.8783e-05,4.7871e-05,4.7795e-05,0.00013313,4.4257e-05,1.3827e-05,4.7074e-05,5.4975e-05,7.8116e-05,-2.4089e-05,-2.8041e-05,-1.3193e-07,0.00016185,6.617e-05,0.00010749,0.00011544,8.1187e-05,3.7656e-05,5.2153e-05,2.5603e-05,6.8309e-05,3.6715e-05,8.7683e-05,3.6853e-05,0.00010332,0.00010001,5.8022e-05,-2.3555e-05,5.962e-05,6.9665e-05,3.7184e-05,8.353e-05,7.0417e-05,3.5912e-05
-5.0508e-05,4.4232e-05,6.3991e-05,6.3024e-05,6.1623e-05,2.6238e-05,-3.4208e-05,8.4747e-05,3.8458e-05,4.6245e-05,5.7129e-05,3.6756e-05,5.6965e-05,6.5833e-05,4.6724e-05,0.00010848,4.4433e-05,7.0404e-05,0.00010434,8.142e-05,-1.3578e-05,5.504e-05,6.0848e-05,-4.3652e-05,1.9865e-05,5.6165e-05,6.7597e-05,2.6387e-05,7.028e-06,4.1581e-05,0,2.3917e-05,8.3252e-05,5.7812e-05,3.0082e-05,9.2353e-05,1.8966e-05,5.9286e-05,-4.8197e-05,4.21e-05,7.2066e-05,3.7269e-05,8.0088e-05,3.165e-05,8.6696e-05,7.068e-05,5.7555e-05,6.9492e-05,-1.2914e-05,3.8362e-05,7.2802e-05,5.5572e-05,-1.0946e-06,3.3844e-05,2.1246e-05,3.6339e-05,-1.5913e-05,0,6.5108e-05,3.6245e-05,1.4988e-06,-3.0888e-05,6.3437e-05,2.3338e-05,4.6568e-05,-2.2636e-05,7.4367e-05,4.0968e-05,5.0293e-05,7.8465e-05,5.1559e-05,5.4073e-05,7.5622e-05,8.382e-05,7.6317e-05,2.45e-05,2.9756e-05,1.2995e-05,4.4848e-05,7.32e-05,5.2449e-05,5.6814e-05,3.3452e-05,4.3181e-05,3.6268e-05,4.8265e-05,7.5672e-05,4.8056e-05,3.5283e-05,4.1591e-05,1.9957e-05,3.9132e-05,1.2464e-05,6.5595e-05,-1.7661e-05,1.3335e-05,2.3536e-05,2.9235e-05,3.3384e-05,7.123e-05,7.1916e-05,5.8062e-05,-2.6896e-05,1.5282e-05,4.4389e-05,5.004e-05,0.00010312,4.6608e-05,1.7534e-05,3.0919e-05,5.7874e-05,6.7519e-05,4.3206e-05,8.2131e-05,3.0148e-05,6.2766e-05,2.3737e-05,5.7888e-05,8.9642e-05,6.1027e-05,5.1353e-05,0.00011288,6.2052e-05,-3.0723e-05,8.0254e-05,2.0351e-05,5.1187e-05,4.3071e-05,-8.4968e-06,5.6093e-05,5.0425e-05,1.953e-06,1.1329e-06,2.1072e-05,6.8489e-05,3.1201e-06,2.2131e-05,3.0301e-05,7.7645e-05,5.0824e-05,-8.0008e-06,-2.8979e-05,2.2558e-05,-1.1979e-05,3.252e-05,4.3231e-05,-1.1112e-05,3.0964e-05,4.7165e-05,2.7887e-05,6.102e-05,4.5826e-05,7.2924e-05,6.7992e-05,5.4319e-05,7.8977e-05,3.5409e-05,6.5547e-05,6.6493e-05,4.9972e-05,5.9296e-05,3.7295e-05,4.5303e-05,7.5204e-05,5.8675e-05,8.0588e-05,2.8323e-05,3.1226e-07,6.4285e-05,5.1441e-05,7.8463e-05,7.4273e-05,7.1513e-05,4.5906e-05,7.3146e-05,2.7032e-05,-6.1294e-05,-2.5789e-05,-3.1044e-05,5.6538e-05,7.3851e-05,4.9693e-05,6.2821e-05,3.0534e-05,5.8137e-05,2.4634e-05,9.4028e-05,4.0786e-05,6.866e-05,4.532e-05,-8.6098e-05,-3.3512e-06,-3.3465e-05,-5.7951e-05,9.3488e-06,9.1588e-05,3.066e-05,4.893e-05,7.2697e-05,5.4402e-05
1.3458e-05,3.9842e-05,4.8142e-05,5.1448e-05,7.174e-05,3.7182e-05,-8.7083e-05,3.2067e-05,5.5798e-05,5.8906e-05,3.4631e-05,-3.3995e-05,5.7489e-05,5.627e-05,1.9765e-05,4.4433e-05,0.00017751,8.357e-05,4.1995e-05,5.497e-05,5.5439e-05,5.7723e-05,7.0418e-05,-3.8027e-05,2.3856e-06,4.4025e-05,-9.2546e-06,8.6101e-05,1.5643e-05,5.5889e-05,0,2.6556e-05,6.0242e-05,1.9643e-05,2.9422e-05,9.9598e-05,5.3341e-05,4.6964e-06,-3.0417e-05,4.695e-05,3.9734e-05,3.3857e-05,0.00012822,1.6058e-05,4.0631e-05,4.6902e-05,2.4237e-05,5.4644e-05,-2.458e-05,2.8684e-05,2.083e-05,2.4776e-05,6.1066e-05,2.7315e-05,1.5582e-05,0.00014167,8.1738e-05,0,5.7374e-05,5.8544e-05,9.7975e-05,-5.955e-05,4.8539e-05,3.1398e-05,4.8335e-05,-2.0652e-05,5.574e-05,2.148e-05,1.2594e-05,4.0546e-05,1.4517e-05,4.8286e-05,4.5859e-05,8.9236e-05,2.9822e-05,-8.5662e-06,1.7301e-05,2.3052e-05,5.7268e-05,1.7822e-05,2.6028e-05,5.2399e-05,3.1377e-05,4.8228e-06,5.9721e-05,2.6875e-05,6.1832e-05,4.3393e-05,5.4255e-05,3.6664e-05,3.5696e-05,4.0275e-05,4.1898e-05,3.8264e-05,-8.8668e-06,4.3668e-05,-1.011e-05,2.4025e-05,2.1127e-05,4.9795e-05,4.9752e-05,5.0931e-05,4.6297e-05,-1.1028e-05,-2.4199e-06,3.4562e-05,4.3838e-05,4.2472e-05,-9.4605e-06,5.2795e-05,9.0057e-06,1.4121e-05,1.4162e-05,4.2905e-05,3.8094e-05,2.5546e-05,1.9965e-05,6.4167e-05,8.5875e-05,2.9888e-05,2.352e-05,8.6273e-05,9.8467e-05,-2.9741e-05,3.6272e-05,-1.7121e-05,4.4254e-05,4.4921e-05,-1.8428e-05,4.1916e-05,5.9205e-05,3.5877e-05,2.0971e-05,5.0957e-05,5.1145e-05,-1.9015e-05,4.5769e-06,-8.3668e-06,4.4558e-05,5.4342e-05,-1.7216e-05,-1.06e-05,0.00010156,1.2138e-05,2.8376e-05,6.9771e-05,-5.4055e-05,3.8869e-05,4.3321e-05,2.2377e-05,7.4178e-05,3.7432e-05,4.5387e-05,3.0633e-05,2.5284e-05,4.9561e-05,-4.9802e-05,2.1623e-05,8.5258e-06,5.4165e-05,4.8446e-05,5.922e-05,5.8629e-05,1.6734e-06,3.215e-05,3.0557e-05,8.2175e-05,2.2136e-05,3.4463e-05,8.9983e-05,2.3802e-05,5.2049e-05,4.0793e-05,4.6968e-05,3.2777e-05,3.9291e-05,-4.1562e-05,3.3142e-05,1.5241e-05,4.1199e-05,2.274e-05,4.8532e-05,7.9763e-05,9.1529e-07,2.3072e-05,1.1998e-05,3.914e-05,8.7008e-06,3.7256e-05,3.6538e-05,-3.8098e-05,-6.9636e-06,9.3872e-06,4.2586e-05,3.8309e-05,2.1249e-05,4.6773e-05,5.9279e-05,8.6996e-05,2.7496e-05
5.1197e-05,0.00010035,8.3876e-05,8.3177e-05,5.7882e-05,3.4219e-05,-7.6495e-05,6.7302e-05,7.1162e-05,6.4344e-05,8.9003e-05,0.00013896,6.3184e-05,6.9336e-05,0.0001044,7.0404e-05,8.357e-05,0.00016951,8.2677e-05,0.00011324,0.00010865,0.00011731,0.00013678,3.8155e-05,7.6182e-05,6.4204e-05,7.0279e-05,4.8436e-06,2.22e-05,4.8071e-05,0,9.7411e-05,6.4789e-05,7.7205e-05,6.7965e-05,9.1656e-05,5.4524e-05,5.1014e-05,4.8774e-05,6.785e-05,4.7006e-05,4.4671e-05,4.6935e-05,3.6597e-05,7.0816e-05,5.718e-05,2.8541e-05,9.6111e-05,3.4458e-05,7.1886e-05,5.909e-05,0.0001026,4.0582e-05,5.5133e-05,8.9756e-05,8.2747e-05,2.3648e-05,0,6.653e-05,6.3094e-05,0.00012004,4.1395e-05,9.5858e-05,1.7051e-05,0.00010491,6.542e-05,7.5891e-05,5.6157e-05,5.5744e-05,3.9658e-05,5.9835e-05,9.1226e-05,6.8241e-05,0.00012109,5.8259e-05,0.00012358,6.2567e-05,4.1717e-05,3.5938e-05,7.4354e-05,8.5196e-05,6.1678e-05,0.00013408,8.3991e-05,2.4523e-06,8.4419e-05,9.1519e-05,8.9382e-05,0.00011535,3.0234e-05,4.6505e-05,3.7915e-05,4.6967e-05,6.2164e-05,1.4603e-05,4.7569e-05,3.252e-05,2.945e-05,3.5146e-05,0.00010658,5.0836e-05,9.8616e-05,1.1077e-05,-1.1393e-05,2.2505e-05,0.00010613,6.9547e-05,7.1425e-05,2.212e-05,3.7288e-05,7.2328e-05,3.7128e-05,2.1904e-05,7.3617e-05,3.9811e-05,6.8308e-05,3.8531e-05,0.00011115,0.00017029,5.7085e-05,6.6429e-05,0.0001746,9.1994e-05,-5.8153e-06,0.00014442,2.5611e-05,8.1552e-05,5.4055e-05,2.3749e-05,8.6396e-05,4.6231e-05,5.289e-05,4.0528e-05,-1.4574e-05,7.3823e-05,5.4216e-05,3.1574e-05,9.1767e-05,5.5879e-05,6.6607e-05,2.7818e-05,4.8265e-05,2.8881e-05,3.872e-05,9.1653e-05,8.453e-05,7.0303e-06,4.6662e-05,7.782e-05,5.252e-05,7.2313e-05,5.9826e-05,0.00011903,9.9126e-05,9.5879e-05,0.00010224,1.27e-05,3.5628e-05,4.5558e-05,6.9629e-05,7.8123e-05,8.8941e-05,9.8023e-05,6.3594e-05,6.7862e-05,0.00010056,0.00012301,4.3286e-05,5.4063e-05,0.0001441,8.7509e-05,3.6176e-05,4.5721e-05,6.977e-05,0.00011814,1.4412e-05,-7.0613e-05,-5.5293e-06,9.7413e-05,8.919e-05,0.00011406,0.00010575,0.00016316,3.1911e-05,5.1625e-05,5.4195e-05,9.1986e-05,7.5026e-05,7.243e-05,6.8495e-05,3.2652e-05,5.812e-05,1.1279e-05,-1.9883e-05,3.5912e-05,0.00011282,4.4379e-05,8.9465e-05,9.3395e-05,6.5136e-05
