0.00028865,0.00012989,0.00015967,0.00021568,0.00011632,0.00016656,2.0193e-05,7.7252e-05,0.00024715,0.00011634,0.00013158,9.7265e-05,0.00010227,0.00016962,0.00018394,0.00015826,0.0001775,0.00011627,0.00017191,0.00010858,0.00019639,0.00015351,0.00015029,0.00013762,0.00010922,0.00011627,0.00014853,0.00012199,0.00014813,0.00013274,0.00028403,0.00012936,0.00015179,0.00016629,1.5423e-06,0.000133,0.00010512,0.00017467,0.0002727,0.00012969,0.00011605,0.00017686,0.0002661,0.00010262,0.00010456,6.7327e-05,5.1192e-05,0.00012507,0.00021157,0.00015414,0.00015022,0.00014323,0.00019099,0.00016832,0.00018123,5.2802e-05,0.0002382,7.9986e-05,0.00013729,3.4916e-05,8.9274e-05,0.00014535,8.3963e-05,0.00010403,0.00010403,0.00018218,7.4033e-05,-4.155e-06,0.00013682,0.00014343,4.1196e-05,0.00016948,0.00019758,0.00013565,5.5127e-05,0.00027521,0.00015574,4.8851e-05,0.00013227,5.4005e-05,0.00012656,0.00013417,0.0001452,0.00012386,0.00011327
0.00012989,0.00027389,0.00018655,0.00030923,0.00011745,0.00021426,3.509e-05,0.00014012,0.0002859,7.0844e-05,0.00016257,0.00012529,0.00022888,0.00012315,0.00012751,0.00013675,0.00019906,0.00012072,0.00025493,9.5819e-05,0.0001632,9.5263e-05,0.00010546,0.00019429,6.3253e-05,7.8008e-05,9.8011e-05,0.00015093,0.00014616,0.00021858,0.00027468,0.00019917,0.00018454,0.00017097,-2.244e-05,0.00017578,0.00016143,0.00014583,0.00035224,0.00016246,0.00019398,0.00022343,0.00028349,2.7655e-05,0.00016521,0.00011776,0.00012666,0.0001413,0.0002321,0.00011677,0.0001368,0.00011349,0.00022473,0.00017129,0.00018823,7.7414e-05,0.00017944,0.00022705,0.00018653,6.1533e-05,0.0001257,0.00014253,9.9257e-05,0.00016053,0.00016053,0.00014923,5.4533e-05,-8.5266e-06,0.00015589,0.00015908,1.081e-05,8.6763e-05,0.00012749,0.00013808,0.00010609,0.00026091,0.00022545,8.3161e-05,0.00010602,6.3863e-05,0.00028402,0.00012831,0.00016204,0.00016232,0.00012881
0.00015967,0.00018655,0.00019434,0.00025989,0.00011204,0.00020146,6.4736e-05,0.00010549,0.0002233,9.1691e-05,0.00015774,0.0001168,0.00016347,0.00013699,0.00013567,0.00013162,0.00018381,0.00011123,0.00024525,0.00013264,0.00016999,0.00013431,0.00010759,0.00013508,9.1836e-05,0.00011887,0.00014127,0.00013356,0.00013624,0.00019585,0.00022651,0.00020126,0.00015088,0.00015498,9.4778e-07,0.00012568,0.00012458,0.00014674,0.00028608,0.00011737,0.00015122,0.00016757,0.00024772,8.0901e-05,0.00016957,0.00010017,7.4459e-05,0.00013078,0.00018853,0.00012402,0.00011577,0.0001044,0.00015282,0.00016941,0.00018448,7.2468e-05,0.00018188,0.00014855,0.00018125,5.2083e-05,9.5575e-05,0.00015289,6.5923e-05,0.00013548,0.00013548,0.00014905,7.7781e-05,-6.4324e-06,0.0001344,0.00015308,8.4621e-05,0.00014804,0.00012572,0.00013786,8.1515e-05,0.00023909,0.00016965,8.0098e-05,0.00011445,5.4515e-05,0.00020336,0.00011903,0.00016699,0.00013611,0.00013269
0.00021568,0.00030923,0.00025989,0.00067193,0.00019838,0.00035253,0.0001826,0.00020459,0.0003894,0.00014384,0.00018959,0.00015705,0.00044297,0.00021055,0.00022847,0.00025035,0.00034522,0.00017071,0.0003895,0.00017834,0.0002307,9.1308e-05,0.00015905,0.00030566,0.00012648,8.6824e-05,0.00023589,0.00018555,0.00024305,0.00033791,0.00041691,0.00038103,0.00036864,0.00023368,-3.8789e-06,0.00022143,0.00017778,0.00025414,0.00061114,0.00022783,0.0002667,0.00039753,0.00034357,0.00015277,0.00026532,0.0002022,8.6058e-05,0.00024183,0.00034736,0.00025687,0.00011959,0.00027476,0.00032635,0.00028602,0.00029764,0.00010036,0.00035154,0.00047836,0.0003185,0.00012262,0.00014387,0.00022046,0.00010971,0.00025904,0.00025904,0.00022674,0.00019935,-1.3033e-05,0.00024294,0.00025476,8.7554e-05,0.00011736,0.00013981,0.00023522,5.8005e-05,0.00045785,0.00024431,0.00010352,0.00026107,5.5786e-05,0.00050255,0.00021903,0.00024028,0.00019174,0.00021387
0.00011632,0.00011745,0.00011204,0.00019838,0.00012621,0.0001778,7.3487e-05,0.00010381,0.00025638,9.1584e-05,9.6668e-05,9.2844e-05,0.00012293,0.00011349,0.00019165,0.00011995,0.00014378,7.9965e-05,0.00017777,7.7432e-05,0.00013206,0.00010828,9.1818e-05,0.0001387,6.6168e-05,7.3667e-05,9.9239e-05,0.0001138,0.00010627,0.00014229,0.00017678,0.0001779,0.00013561,0.00013595,2.1379e-05,0.00010623,0.00010739,0.00011189,0.00018377,0.00011684,0.00012999,0.00017065,0.00021077,8.9981e-05,0.00012896,9.569e-05,6.7252e-05,9.1458e-05,0.0001835,0.00012056,0.00012285,8.8061e-05,0.00019423,0.0001452,0.00015552,5.2331e-05,0.00013392,0.00010997,0.00014164,2.3323e-05,8.3749e-05,0.00012347,6.4e-05,0.00013007,0.00013007,0.00012188,9.1663e-05,6.509e-06,0.00011757,0.00011969,3.9771e-05,0.00010111,8.7823e-05,9.9124e-05,4.6104e-05,0.0002074,0.00016554,6.5178e-05,0.00010611,1.9392e-05,0.00014785,9.5463e-05,0.00014784,0.00010541,0.00011693
0.00016656,0.00021426,0.00020146,0.00035253,0.0001778,0.00042849,0.00019008,0.00017882,0.00052084,8.274e-05,0.000149,0.00017333,0.00025055,0.0001674,0.00022367,0.00026306,0.00026114,0.00014737,0.00027213,0.00010108,0.00019374,0.00020447,0.00012482,0.00029134,5.6731e-05,0.00015251,0.00011885,0.00017994,0.00020324,0.00030929,0.00029189,0.00032278,0.00019163,0.00026042,-3.9816e-05,0.00015741,0.00018827,0.00021202,0.00043792,0.00020038,0.00023868,0.00030431,0.00045549,0.00021954,0.00022415,0.00014319,0.00014033,0.00019227,0.00035019,0.00029635,0.00022173,0.00011685,0.00038121,0.00024712,0.00026982,0.00013042,0.00016336,0.00028177,0.00023262,2.8048e-05,0.00014662,0.00019212,9.912e-05,0.00024213,0.00024213,0.00018265,0.00013555,3.4028e-06,0.00024656,0.00017532,0.00012165,0.00016257,0.0001804,0.00026875,2.0524e-05,0.00041233,0.00024318,0.00014608,0.00011254,-1.6964e-05,0.00032625,0.00018069,0.00023777,0.00021027,0.00019849
2.0193e-05,3.509e-05,6.4736e-05,0.0001826,7.3487e-05,0.00019008,0.00020453,8.3838e-05,0.00023463,2.4346e-05,7.4137e-06,4.3589e-05,0.00013103,6.7684e-05,2.1398e-05,0.0001461,7.9712e-05,2.9485e-05,0.0001264,1.3279e-05,3.8456e-05,5.752e-05,2.7199e-05,0.00010663,2.1226e-05,2.4216e-05,8.4883e-05,5.3752e-05,5.781e-05,0.00014631,5.7723e-05,0.00019489,-1.4383e-06,0.0001233,-1.4814e-05,4.3207e-05,3.2059e-05,6.6832e-05,0.00017907,6.2051e-05,8.9312e-05,0.00013518,0.00019862,0.00018162,7.7312e-05,5.1623e-05,7.6221e-07,2.9758e-05,0.0001337,0.00020625,3.0911e-05,8.1484e-06,0.00017725,0.00012472,0.00013366,6.3324e-05,2.6354e-05,0.00013787,0.00011586,-7.9458e-06,5.3253e-05,7.4098e-05,3.3625e-06,0.0001121,0.0001121,2.8698e-05,0.00015003,-3.9638e-06,0.00013313,6.9767e-05,0.00015362,5.7813e-05,4.2204e-05,0.000123,-1.62e-05,0.00019068,4.8379e-05,5.716e-05,3.4411e-05,-2.0614e-05,0.00015404,5.9901e-05,5.5688e-05,5.1723e-05,7.1599e-05
7.7252e-05,0.00014012,0.00010549,0.00020459,0.00010381,0.00017882,8.3838e-05,0.00017408,0.00018436,5.0897e-05,7.628e-05,7.8665e-05,0.00011875,7.8227e-05,0.00016875,0.00017989,0.00011356,9.3965e-05,0.00017225,8.4366e-05,0.00011174,8.289e-05,5.6124e-05,0.00014568,8.2892e-05,7.1779e-05,6.3385e-05,9.0552e-05,9.781e-05,0.00012786,0.00013206,0.00022478,9.5819e-05,0.00014357,2.7864e-05,0.00010856,9.6732e-05,0.00010343,0.00018665,0.00012715,0.0001408,0.00015206,0.00016545,7.3893e-05,0.00013804,0.00010245,7.6671e-05,6.7904e-05,0.00016177,0.00010964,9.2126e-05,8.7143e-05,0.00017418,0.00012246,0.00013637,7.9619e-05,9.9411e-05,0.00010587,0.00012728,-1.1376e-05,9.3907e-05,9.7835e-05,8.9172e-05,0.00012483,0.00012483,5.3899e-05,7.6996e-05,-1.2952e-05,0.00013405,9.8586e-05,3.5485e-05,8.8532e-05,9.0238e-05,8.4485e-05,5.003e-05,0.00018947,0.00013865,9.2082e-05,6.7102e-05,3.2382e-06,0.00015314,0.00010746,0.00015621,9.8122e-05,8.5999e-05
0.00024715,0.0002859,0.0002233,0.0003894,0.00025638,0.00052084,0.00023463,0.00018436,0.0012035,0.00014707,0.00022117,0.00027878,0.00037218,0.00022685,0.00012138,0.00033391,0.00036634,0.00015706,0.00040401,4.1783e-05,0.00017932,0.00023437,0.00018552,0.00043248,-3.5044e-05,0.00010881,0.00013827,0.00028088,0.00027803,0.00044297,0.00047149,0.00045885,0.00013474,0.00052832,-8.6775e-05,0.00029071,0.00029347,0.00026529,0.00057975,0.00026796,0.00041583,0.00045125,0.00087546,0.00038869,9.2816e-05,0.00013637,0.00026509,0.00016667,0.00052638,0.00044073,0.00020844,4.3747e-05,0.00086181,0.00030146,0.0003159,0.00013478,0.00018321,0.00037597,0.00031531,8.8267e-05,0.00026997,0.00022965,0.00021564,0.00029983,0.00029983,0.00031203,0.00014209,6.487e-05,0.00035441,0.00022137,0.00010411,0.00014393,0.0002427,0.00047538,9.1933e-05,0.00042716,0.00048856,0.00011669,0.00015204,8.307e-05,0.00050475,0.00019275,0.0002993,0.00016796,0.00014036
0.00011634,7.0844e-05,9.1691e-05,0.00014384,9.1584e-05,8.274e-05,2.4346e-05,5.0897e-05,0.00014707,0.00012297,8.9454e-05,5.6294e-05,8.7711e-05,0.00011276,0.00013083,7.4341e-05,0.00013413,4.3255e-05,0.00013494,6.2186e-05,0.00011065,9.2237e-05,7.609e-05,7.5236e-05,6.4041e-05,5.7014e-05,0.00010184,7.4542e-05,9.8894e-05,7.7729e-05,0.0001181,0.00010429,0.00013684,7.648e-05,4.5783e-05,7.579e-05,6.8413e-05,9.3189e-05,0.00010914,8.0991e-05,7.8819e-05,0.00011527,0.00011391,4.9917e-05,9.3409e-05,7.1612e-05,2.8008e-05,7.572e-05,0.00010504,3.2114e-05,8.7789e-05,6.6793e-05,7.3196e-05,9.5567e-05,9.7567e-05,2.2101e-05,0.00014501,6.8916e-05,0.00013466,6.65e-05,5.4948e-05,8.4078e-05,3.8701e-05,6.1681e-05,6.1681e-05,0.00011128,7.3615e-05,3.5416e-06,6.6713e-05,9.2763e-05,3.3858e-05,7.5973e-05,6.109e-05,7.1558e-05,3.6207e-05,0.00013884,0.00010663,2.6691e-05,0.00012504,3.1624e-05,8.7785e-05,6.2406e-05,0.0001059,5.4819e-05,9.3075e-05
0.00013158,0.00016257,0.00015774,0.00018959,9.6668e-05,0.000149,7.4137e-06,7.628e-05,0.00022117,8.9454e-05,0.00019814,0.00010387,0.00012733,8.9936e-05,7.317e-05,7.3195e-05,0.00013147,0.00010018,0.00018642,0.00012407,0.00016854,0.00011182,0.00010393,7.6417e-05,5.2852e-05,0.00010771,9.7461e-05,0.0001043,0.00012141,0.00014925,0.00022451,0.00016127,0.00014172,0.00011369,1.3232e-05,8.125e-05,0.00010247,0.00011067,0.00018736,0.00010705,0.00013201,0.00011878,0.00021317,7.4367e-05,0.00012331,9.9992e-05,9.7858e-05,0.00010653,0.00014927,5.4063e-05,5.1807e-05,7.6701e-05,0.00015028,0.00013625,0.00014329,3.587e-05,0.00016136,0.00012923,0.00015945,5.8484e-05,7.7327e-05,0.00013258,8.0603e-05,0.00011208,0.00011208,0.00012727,9.6635e-06,3.1623e-06,0.00010412,0.00012636,6.164e-05,9.2371e-05,0.00012012,0.00011512,8.8273e-05,0.00017323,0.00014509,6.2556e-05,0.00011274,8.1195e-05,0.00017917,7.7207e-05,0.00013466,8.5643e-05,9.2378e-05
9.7265e-05,0.00012529,0.0001168,0.00015705,9.2844e-05,0.00017333,4.3589e-05,7.8665e-05,0.00027878,5.6294e-05,0.00010387,0.00013799,0.00012977,8.7368e-05,0.00011162,6.1833e-05,0.00013301,7.6964e-05,0.00017236,7.2189e-05,0.00010456,8.3151e-05,6.6255e-05,0.00013768,2.2974e-05,7.3485e-05,7.172e-05,0.00011465,0.00011006,0.00015789,0.0001807,0.00014881,8.8376e-05,0.00014422,-1.4491e-05,0.00011782,0.00011023,0.00011032,0.00022131,9.9567e-05,0.00015611,0.00013096,0.00022756,9.1154e-05,0.00011774,7.0674e-05,9.1423e-05,0.00011189,0.00018268,9.0367e-05,9.2413e-05,5.627e-05,0.00021519,0.00010047,0.00011058,4.3047e-05,0.00010672,0.00012302,0.00010261,1.1357e-05,8.7606e-05,0.00010838,5.7075e-05,0.00012948,0.00012948,0.00011936,3.8192e-05,1.6196e-05,9.2306e-05,0.00010477,-2.7511e-05,7.4373e-05,7.9368e-05,0.0001177,2.9609e-05,0.00015676,0.00018584,5.6334e-05,6.6156e-05,-4.9571e-06,0.00018567,9.0716e-05,0.00013918,8.9531e-05,8.7054e-05
0.00010227,0.00022888,0.00016347,0.00044297,0.00012293,0.00025055,0.00013103,0.00011875,0.00037218,8.7711e-05,0.00012733,0.00012977,0.00039112,0.00013738,4.2365e-06,0.0001392,0.00024822,9.9298e-05,0.00025212,5.6448e-05,0.00012603,4.8305e-05,8.199e-05,0.00024229,3.2159e-05,2.2811e-05,0.00013005,0.00011122,0.00018632,0.00027287,0.00030441,0.00025607,0.0002408,0.00016616,-1.8827e-05,0.00014014,0.00014101,0.00018815,0.00047871,0.00018097,0.00020129,0.0002956,0.00026068,0.00016503,0.00018938,0.00014206,8.6319e-05,0.00017552,0.00025183,0.00019372,4.4156e-05,0.00015858,0.00027397,0.00018536,0.00019035,6.1032e-05,0.00019262,0.00043083,0.00021179,0.00010394,0.0001124,0.00011806,7.6049e-05,0.00018738,0.00018738,0.00014871,0.00012814,1.8388e-05,0.00019264,0.00015873,6.3031e-05,4.4994e-05,5.7933e-05,0.00017956,3.0373e-05,0.00031757,0.00023326,6.3674e-05,0.00016268,1.1627e-05,0.00043316,0.00013003,0.00013995,0.00011074,0.00015224
0.00016962,0.00012315,0.00013699,0.00021055,0.00011349,0.0001674,6.7684e-05,7.8227e-05,0.00022685,0.00011276,8.9936e-05,8.7368e-05,0.00013738,0.00019585,0.00014471,0.00017298,0.00018926,0.00010901,0.00019499,0.00010122,0.00016044,0.00014761,0.00011236,0.00013869,0.0001043,7.904e-05,0.00015025,0.00012689,0.00013788,0.00012399,0.00019139,8.7713e-05,0.00021393,0.00016574,9.8598e-06,0.00013617,0.0001108,0.00013928,0.00024306,0.0001167,0.00013319,0.00020747,0.00015593,7.5128e-05,0.00011638,9.5105e-05,4.3234e-05,0.00011084,0.00019488,0.00011484,0.00015227,0.00010792,0.00011716,0.00017,0.00019177,0.00010055,0.00019358,0.00011002,0.00019429,9.3716e-05,7.8525e-05,0.00014428,5.6597e-05,8.7485e-05,8.7485e-05,0.00016873,0.0001287,-4.3243e-06,0.00011686,0.00014929,3.4478e-05,0.00016534,0.00010291,0.00012551,3.3488e-05,0.00024197,0.00010977,6.7439e-05,0.00015303,1.951e-05,0.00012287,0.00013553,0.00015672,0.0001459,0.00015485
0.00018394,0.00012751,0.00013567,0.00022847,0.00019165,0.00022367,2.1398e-05,0.00016875,0.00012138,0.00013083,7.317e-05,0.00011162,4.2365e-06,0.00014471,0.0009851,0.00020205,0.00017924,0.00018564,0.0002613,0.00016586,0.00018004,0.00011165,0.00013425,9.1152e-05,0.00014084,0.00013699,0.00010707,0.00015685,0.00014252,7.7629e-05,0.00011538,0.00014738,0.00026959,0.00011555,7.5191e-05,0.00019833,0.00014702,0.00010089,5.4982e-05,0.00015519,0.00014889,0.0001721,0.00010105,-0.00014744,0.00016824,0.00018454,9.1895e-05,0.00020483,0.00022278,-7.5677e-06,0.00025252,0.00016804,0.00014717,0.00010838,0.00013607,8.5601e-05,0.00011653,-9.398e-05,0.00015831,3.9342e-05,0.00010613,0.00019127,0.0002022,9.1612e-05,9.1612e-05,0.00018235,0.00011966,-4.1296e-05,5.5733e-05,0.00010726,-0.00011668,0.00010768,0.00020197,3.6396e-05,2.5878e-05,0.00012649,0.00021766,7.0713e-05,0.00012875,-3.5877e-05,-5.0309e-05,0.00016422,0.0001422,0.00014636,0.00014281
0.00015826,0.00013675,0.00013162,0.00025035,0.00011995,0.00026306,0.0001461,0.00017989,0.00033391,7.4341e-05,7.3195e-05,6.1833e-05,0.0001392,0.00017298,0.00020205,0.00041672,0.00020681,0.00017336,0.00021016,0.00013401,0.00014357,0.00017106,0.00010223,0.00020303,0.00010211,9.9961e-05,9.7026e-05,0.00010239,0.00015558,0.0001086,0.00020093,0.00025182,0.000236,0.00025768,-1.3611e-05,0.00010787,0.00013182,0.00012688,0.00031697,0.0001528,0.00015731,0.00027816,0.00020232,0.00011269,0.00010588,0.00013569,6.708e-05,8.8494e-05,0.00023004,0.00020653,0.00015109,0.00011889,0.00016972,0.00017541,0.00019618,0.0001893,0.00010493,0.00012685,0.00024132,9.6172e-05,0.00010318,0.00016514,0.00015725,8.6455e-05,8.6455e-05,0.00012439,0.00015154,-3.2483e-05,0.00019329,0.00014177,0.00011664,0.00021035,0.00015279,0.00020268,3.2317e-05,0.00021912,8.4025e-05,0.00010426,0.00012881,4.4483e-05,9.6298e-05,0.00019597,0.00019584,0.00014759,9.1789e-05
0.0001775,0.00019906,0.00018381,0.00034522,0.00014378,0.00026114,7.9712e-05,0.00011356,0.00036634,0.00013413,0.00013147,0.00013301,0.00024822,0.00018926,0.00017924,0.00020681,0.00031866,0.00011727,0.00028471,0.00010575,0.00016183,0.00016347,0.00011773,0.0002414,7.2155e-05,0.00010523,0.00013649,0.00014739,0.00020188,0.00021449,0.00030286,0.00022056,0.00029376,0.0001961,-3.0557e-05,0.0001532,0.00017386,0.00019425,0.00042386,0.00016397,0.00018973,0.00026724,0.000275,6.9419e-05,0.00019724,0.00011235,9.4147e-05,0.00019649,0.00025958,0.00016209,0.00017809,0.00014765,0.00019595,0.00017455,0.00018724,0.0001097,0.00020467,0.00024802,0.00025239,0.00012561,0.00011207,0.00017448,7.1048e-05,0.00016597,0.00016597,0.0002026,0.00011282,8.778e-06,0.00015863,0.00018496,2.9695e-05,0.00018112,8.6343e-05,0.00019566,5.0224e-05,0.00028209,0.00020325,7.0047e-05,0.00018295,4.7806e-05,0.00026244,0.00016596,0.00023257,0.00017993,0.00016971
0.00011627,0.00012072,0.00011123,0.00017071,7.9965e-05,0.00014737,2.9485e-05,9.3965e-05,0.00015706,4.3255e-05,0.00010018,7.6964e-05,9.9298e-05,0.00010901,0.00018564,0.00017336,0.00011727,0.00014481,0.00015337,0.00013009,0.00013373,9.0774e-05,8.4266e-05,9.4256e-05,8.1845e-05,8.1041e-05,8.3172e-05,8.835e-05,0.00011111,8.3915e-05,0.00017694,9.7215e-05,0.00019779,0.0001337,1.065e-05,8.7654e-05,9.7237e-05,9.2249e-05,0.00019223,0.00010672,0.00011535,0.00014717,7.9332e-05,2.7949e-05,9.1222e-05,0.00011534,6.8739e-05,9.8401e-05,0.00014857,6.3744e-05,6.7966e-05,0.0001131,0.00010747,0.00011458,0.00013356,0.00010185,9.8887e-05,8.149e-05,0.00012951,7.2866e-05,6.2253e-05,0.00012828,0.00011829,6.7833e-05,6.7833e-05,0.00011252,4.7539e-05,-1.3265e-05,8.5645e-05,0.00010658,7.659e-06,0.00012619,0.00010849,8.639e-05,4.3938e-05,0.00013888,8.2958e-05,7.1579e-05,0.00010162,3.1482e-05,8.3606e-05,0.0001269,0.00012728,0.00010321,8.3795e-05
0.00017191,0.00025493,0.00024525,0.0003895,0.00017777,0.00027213,0.0001264,0.00017225,0.00040401,0.00013494,0.00018642,0.00017236,0.00025212,0.00019499,0.0002613,0.00021016,0.00028471,0.00015337,0.00041215,0.0001719,0.00019605,0.00015255,0.00013744,0.00019483,0.00011239,0.00011906,0.00019877,0.00019663,0.00018878,0.00027051,0.00031136,0.00031097,0.00021513,0.00026299,-1.2093e-05,0.00021391,0.00018417,0.00017973,0.00039196,0.00017076,0.00025729,0.00025541,0.00033738,8.2682e-05,0.000212,0.00014481,0.0001161,0.00017079,0.00028241,0.00017211,0.00012017,0.00012384,0.00027325,0.00022081,0.00024459,0.00012057,0.00021471,0.00019553,0.00029828,9.0456e-05,0.00015028,0.00023273,0.00010866,0.00020203,0.00020203,0.00020135,0.00014894,6.9397e-07,0.00018315,0.00022716,6.2609e-05,0.00020152,0.00011991,0.0001896,0.00012173,0.00026655,0.00025842,9.2871e-05,0.00017772,8.9122e-05,0.00029195,0.00016817,0.00024175,0.00017599,0.00016265
0.00010858,9.5819e-05,0.00013264,0.00017834,7.7432e-05,0.00010108,1.3279e-05,8.4366e-05,4.1783e-05,6.2186e-05,0.00012407,7.2189e-05,5.6448e-05,0.00010122,0.00016586,0.00013401,0.00010575,0.00013009,0.0001719,0.00021215,0.00013571,9.0115e-05,8.1033e-05,4.9034e-05,0.00011529,0.00010643,0.00011344,8.9563e-05,7.6568e-05,5.8291e-05,0.000139,0.00013518,0.00020451,0.00011438,3.5366e-05,6.3971e-05,7.7685e-05,7.34e-05,0.00013515,4.3002e-05,9.5381e-05,0.00011183,2.2803e-05,9.6877e-06,0.00010804,0.00010077,3.1848e-05,7.5953e-05,8.84e-05,2.0782e-05,5.1799e-05,0.00013589,1.0349e-05,0.00010473,0.00011464,8.2849e-05,0.00016238,4.4528e-05,0.00013542,6.5455e-05,3.2541e-05,0.00013521,7.8397e-05,5.2144e-05,5.2144e-05,0.00011229,3.8544e-05,-1.4235e-05,3.9277e-05,0.00011922,2.4489e-05,0.00014895,6.0198e-05,6.5876e-05,5.2268e-05,7.5393e-05,4.514e-05,7.0003e-05,0.00012748,5.3571e-05,5.2929e-05,0.00011546,0.0001824,9.2422e-05,7.6869e-05
0.00019639,0.0001632,0.00016999,0.0002307,0.00013206,0.00019374,3.8456e-05,0.00011174,0.00017932,0.00011065,0.00016854,0.00010456,0.00012603,0.00016044,0.00018004,0.00014357,0.00016183,0.00013373,0.00019605,0.00013571,0.00024962,0.00018088,0.00014759,0.00014114,0.0001209,0.00013588,0.00015824,0.00013413,0.0001428,0.00015843,0.00026489,0.00015297,0.00021134,0.00011994,2.4011e-05,0.00010954,0.00012437,0.00013982,0.00021773,0.00016517,0.00013019,0.00017451,0.00017577,0.00010054,0.00018599,0.00014452,8.0425e-05,0.00013448,0.00021095,8.4075e-05,0.00016155,0.00013769,0.00010245,0.00021271,0.00023448,5.4927e-05,0.00020381,0.00011194,0.00019417,2.7844e-05,7.669e-05,0.00018368,7.8096e-05,0.00012419,0.00012419,0.0001656,9.1814e-05,-7.8049e-06,0.00013519,0.00017345,6.5221e-05,0.00019432,0.00016417,0.00011349,6.22e-05,0.00027779,0.00015082,9.2584e-05,0.00015789,3.6723e-05,0.00013828,0.00013724,0.00014594,0.00014756,0.00016377
0.00015351,9.5263e-05,0.00013431,9.1308e-05,0.00010828,0.00020447,5.752e-05,8.289e-05,0.00023437,9.2237e-05,0.00011182,8.3151e-05,4.8305e-05,0.00014761,0.00011165,0.00017106,0.00016347,9.0774e-05,0.00015255,9.0115e-05,0.00018088,0.00024056,0.0001148,0.00013269,7.969e-05,0.00015394,9.7403e-05,0.00011575,0.00010804,0.00012927,0.00017123,0.00015091,0.00013931,0.00013238,-6.0515e-06,5.9097e-05,0.00011176,0.000119,0.00015189,9.7989e-05,0.00010067,0.00013093,0.00020877,0.00012285,0.00014762,7.1849e-05,8.06e-05,8.638e-05,0.00017595,0.00011452,0.00020272,5.5752e-05,8.2907e-05,0.00017678,0.00019808,8.1876e-05,0.00011846,3.5639e-05,0.00017837,6.4402e-06,7.0058e-05,0.00015171,3.5182e-05,8.3259e-05,8.3259e-05,0.00013717,8.0256e-05,5.9113e-06,0.00013821,0.00012551,0.00012121,0.00024505,0.00012133,0.00013341,3.951e-05,0.00020151,0.00013997,8.359e-05,8.7446e-05,1.9758e-05,4.2203e-05,0.00010669,0.00016885,0.00014603,0.00014861
0.00015029,0.00010546,0.00010759,0.00015905,9.1818e-05,0.00012482,2.7199e-05,5.6124e-05,0.00018552,7.609e-05,0.00010393,6.6255e-05,8.199e-05,0.00011236,0.00013425,0.00010223,0.00011773,8.4266e-05,0.00013744,8.1033e-05,0.00014759,0.0001148,0.00011395,8.8651e-05,5.6917e-05,7.7501e-05,9.944e-05,0.00010156,8.6267e-05,9.6955e-05,0.0001945,0.00010084,0.00013795,0.00010045,-4.3632e-06,8.6136e-05,7.2625e-05,8.9346e-05,0.00015714,8.0964e-05,9.6023e-05,0.00012963,0.0001676,6.2189e-05,7.4412e-05,6.7017e-05,5.7471e-05,7.5217e-05,0.0001563,7.7379e-05,0.00011182,7.9393e-05,0.0001258,0.00014167,0.00015462,4.0119e-05,0.00014439,7.1037e-05,0.00013377,2.6051e-05,6.131e-05,0.00012964,5.2927e-05,7.2533e-05,7.2533e-05,0.00013074,6.4472e-05,-3.9534e-06,9.83e-05,0.00011413,4.0329e-05,0.00012359,0.00011931,8.6254e-05,4.552e-05,0.00016196,0.00011807,3.165e-05,9.5172e-05,5.0031e-05,8.4087e-05,8.7984e-05,9.183e-05,9.1492e-05,9.1026e-05
0.00013762,0.00019429,0.00013508,0.00030566,0.0001387,0.00029134,0.00010663,0.00014568,0.00043248,7.5236e-05,7.6417e-05,0.00013768,0.00024229,0.00013869,9.1152e-05,0.00020303,0.0002414,9.4256e-05,0.00019483,4.9034e-05,0.00014114,0.00013269,8.8651e-05,0.00035878,6.367e-05,7.4856e-05,0.00010493,0.00015206,0.00016282,0.0002499,0.00027218,0.00026157,0.00019541,0.00022095,-1.4201e-05,0.00015637,0.00020391,0.00017218,0.00041464,0.00020819,0.00018139,0.00029216,0.00033474,0.00015473,0.00018826,0.00013493,9.8866e-05,0.00014325,0.00027885,0.00021623,0.00022959,0.00014832,0.00029381,0.0001835,0.00019024,7.0715e-05,0.00013693,0.0002706,0.00013929,3.4307e-05,0.00011701,0.00011825,9.0988e-05,0.00018984,0.00018984,0.0001723,0.00010204,1.7917e-05,0.00016774,0.00015367,1.95e-05,0.00012919,9.3917e-05,0.00021781,3.133e-05,0.00033014,0.00024734,0.00011128,0.00013201,-9.5915e-06,0.00029296,0.00016859,0.00021355,0.00016115,0.00013921
0.00010922,6.3253e-05,9.1836e-05,0.00012648,6.6168e-05,5.6731e-05,2.1226e-05,8.2892e-05,-3.5044e-05,6.4041e-05,5.2852e-05,2.2974e-05,3.2159e-05,0.0001043,0.00014084,0.00010211,7.2155e-05,8.1845e-05,0.00011239,0.00011529,0.0001209,7.969e-05,5.6917e-05,6.367e-05,0.00015961,7.056e-05,0.00012974,6.0794e-05,6.3888e-05,5.8527e-05,7.2582e-05,5.8689e-05,0.00012053,7.2726e-05,7.9219e-05,6.4913e-05,7.0089e-05,8.3952e-05,6.9976e-05,8.7331e-05,3.3249e-05,7.7918e-05,-1.6005e-05,1.1219e-05,0.00011062,9.226e-05,-1.1564e-05,4.4345e-05,5.0061e-05,4.0041e-05,6.553e-05,0.00012627,-1.8445e-05,0.0001033,0.00011748,5.2189e-05,0.00012433,-9.7255e-06,6.9386e-05,3.6872e-05,2.4056e-05,7.0264e-05,5.3722e-05,4.5082e-05,4.5082e-05,6.9047e-05,6.4396e-05,-1.1021e-05,3.4908e-05,8.6142e-05,4.7037e-05,0.00013456,5.2297e-05,1.4845e-05,5.8962e-05,0.00015951,1.9808e-05,8.3621e-05,0.00011411,1.9665e-05,1.9633e-05,8.4732e-05,0.0001218,8.4952e-05,9.9084e-05
0.00011627,7.8008e-05,0.00011887,8.6824e-05,7.3667e-05,0.00015251,2.4216e-05,7.1779e-05,0.00010881,5.7014e-05,0.00010771,7.3485e-05,2.2811e-05,7.904e-05,0.00013699,9.9961e-05,0.00010523,8.1041e-05,0.00011906,0.00010643,0.00013588,0.00015394,7.7501e-05,7.4856e-05,7.056e-05,0.00013889,6.9246e-05,8.3871e-05,8.2624e-05,9.8142e-05,0.00012009,0.00013004,9.9616e-05,7.6294e-05,1.5986e-05,3.7761e-05,7.425e-05,9.4241e-05,0.00010927,6.1159e-05,7.3891e-05,5.8886e-05,0.00013927,6.5205e-05,0.00012618,6.1031e-05,6.1937e-05,8.193e-05,0.00010973,5.6501e-05,0.00012177,6.0097e-05,5.9956e-05,0.00010891,0.000122,5.5036e-05,9.1208e-05,1.7613e-05,9.9465e-05,-1.5905e-06,5.0082e-05,0.0001105,3.9572e-05,7.3603e-05,7.3603e-05,9.1216e-05,1.959e-05,-4.5176e-06,8.1054e-05,8.4002e-05,7.9196e-05,0.00015867,0.00010379,8.1612e-05,3.8712e-05,0.00013988,9.4786e-05,7.06e-05,5.4044e-05,1.8716e-05,4.006e-05,8.0591e-05,0.00014051,9.682e-05,9.8091e-05
0.00014853,9.8011e-05,0.00014127,0.00023589,9.9239e-05,0.00011885,8.4883e-05,6.3385e-05,0.00013827,0.00010184,9.7461e-05,7.172e-05,0.00013005,0.00015025,0.00010707,9.7026e-05,0.00013649,8.3172e-05,0.00019877,0.00011344,0.00015824,9.7403e-05,9.944e-05,0.00010493,0.00012974,6.9246e-05,0.00019977,0.00010721,0.00010463,0.00014996,0.0001665,0.00011788,0.00013534,0.00012298,4.231e-05,0.00010875,8.6773e-05,0.00011184,0.00018589,0.00010972,9.5354e-05,0.00014022,0.00012189,9.6561e-05,0.0001214,0.00010847,1.02e-06,8.4764e-05,0.0001332,9.5487e-05,6.7775e-05,0.00011461,8.2542e-05,0.00016714,0.00018123,3.6997e-05,0.00017551,9.1557e-05,0.0001515,6.1311e-05,5.092e-05,0.00012885,4.224e-05,8.8833e-05,8.8833e-05,0.00013898,0.00012605,-1.8103e-06,8.018e-05,0.0001438,8.3088e-05,0.00014472,8.3258e-05,0.00010195,5.4585e-05,0.00022017,8.2721e-05,6.4102e-05,0.00015996,4.125e-05,0.00013443,0.00010169,0.00010381,8.5749e-05,0.00012195
0.00012199,0.00015093,0.00013356,0.00018555,0.0001138,0.00017994,5.3752e-05,9.0552e-05,0.00028088,7.4542e-05,0.0001043,0.00011465,0.00011122,0.00012689,0.00015685,0.00010239,0.00014739,8.835e-05,0.00019663,8.9563e-05,0.00013413,0.00011575,0.00010156,0.00015206,6.0794e-05,8.3871e-05,0.00010721,0.00015719,0.00010202,0.00015421,0.00017962,0.0001339,0.00013256,0.00016116,4.8528e-06,0.00015021,0.00011452,0.00011024,0.00020887,9.2009e-05,0.0001608,0.0001601,0.00024613,5.8604e-05,9.6688e-05,7.7419e-05,8.8984e-05,8.5242e-05,0.00020053,9.5322e-05,0.00015842,6.2053e-05,0.00022575,0.00015087,0.00016912,7.1975e-05,0.00014253,9.1584e-05,0.0001348,3.4631e-05,0.00010068,0.00013809,5.8056e-05,0.00012162,0.00012162,0.00015364,6.7643e-05,-1.716e-06,0.00010478,0.00013191,5.03e-06,0.00011108,0.00010758,0.00011678,6.5194e-05,0.00020229,0.00017046,6.5082e-05,8.6818e-05,3.6943e-05,0.00014738,0.00011055,0.00016181,0.00012783,0.00011698
0.00014813,0.00014616,0.00013624,0.00024305,0.00010627,0.00020324,5.781e-05,9.781e-05,0.00027803,9.8894e-05,0.00012141,0.00011006,0.00018632,0.00013788,0.00014252,0.00015558,0.00020188,0.00011111,0.00018878,7.6568e-05,0.0001428,0.00010804,8.6267e-05,0.00016282,6.3888e-05,8.2624e-05,0.00010463,0.00010202,0.00017818,0.00015923,0.00022446,0.0001367,0.00020545,0.00014728,1.2575e-05,0.00011791,0.00012272,0.00016084,0.00030125,0.00015968,0.00014958,0.00018774,0.00019793,8.268e-05,0.00014246,0.00011668,8.0499e-05,0.00015613,0.00020128,0.0001093,9.474e-05,0.00010738,0.00019042,0.00012862,0.00014138,8.564e-05,0.00014242,0.00018236,0.00016352,0.00010312,9.3723e-05,0.00012051,9.3657e-05,0.00013243,0.00013243,0.00014061,6.7457e-05,6.5091e-08,0.00012471,0.00012627,1.7077e-05,9.5645e-05,0.00011406,0.00014375,3.6016e-05,0.00025814,0.00013554,7.3726e-05,0.00013757,1.9586e-05,0.00021007,0.00012873,0.00015153,0.00011389,0.00012634
0.00013274,0.00021858,0.00019585,0.00033791,0.00014229,0.00030929,0.00014631,0.00012786,0.00044297,7.7729e-05,0.00014925,0.00015789,0.00027287,0.00012399,7.7629e-05,0.0001086,0.00021449,8.3915e-05,0.00027051,5.8291e-05,0.00015843,0.00012927,9.6955e-05,0.0002499,5.8527e-05,9.8142e-05,0.00014996,0.00015421,0.00015923,0.00033858,0.00026662,0.00029116,7.9984e-05,0.00020899,-2.1464e-05,0.00015518,0.00017535,0.0001851,0.00037603,0.00018492,0.00020029,0.00022568,0.00041994,0.00020542,0.00020393,0.0001185,0.00011029,0.00015287,0.00026341,0.00024043,0.00012095,0.00010092,0.00033727,0.00021583,0.00022826,3.3338e-05,0.00015849,0.00028067,0.00017407,6.9562e-06,0.00012656,0.00013149,6.5636e-05,0.00021503,0.00021503,0.00015533,0.00010487,2.7571e-05,0.00019583,0.00015377,0.00012056,0.0001088,0.00011834,0.00022173,6.4739e-05,0.00034834,0.00027428,0.00011085,0.00010737,1.0442e-05,0.00037003,0.00010769,0.00015804,0.00013705,0.00015889
0.00028403,0.00027468,0.00022651,0.00041691,0.00017678,0.00029189,5.7723e-05,0.00013206,0.00047149,0.0001181,0.00022451,0.0001807,0.00030441,0.00019139,0.00011538,0.00020093,0.00030286,0.00017694,0.00031136,0.000139,0.00026489,0.00017123,0.0001945,0.00027218,7.2582e-05,0.00012009,0.0001665,0.00017962,0.00022446,0.00026662,0.00053628,0.00027143,0.00030317,0.00023432,-7.0538e-05,0.00016852,0.00020095,0.00022691,0.00055191,0.0002352,0.00022717,0.00031662,0.00039555,0.0001472,0.00022343,0.00014301,0.00013739,0.00022191,0.00035873,0.00024779,0.00015053,0.00020915,0.00032861,0.0002553,0.00027067,8.9681e-05,0.00026482,0.0003148,0.00025227,7.1906e-05,0.00013343,0.00025435,0.00011222,0.00025045,0.00025045,0.00024467,9.3907e-05,1.8247e-05,0.00022269,0.00025724,2.6076e-05,0.00022307,0.00017985,0.00020049,0.00010465,0.00038338,0.00028248,7.2094e-05,0.00020006,0.00010917,0.00035705,0.00019915,0.0002272,0.00020742,0.00016486
0.00012936,0.00019917,0.00020126,0.00038103,0.0001779,0.00032278,0.00019489,0.00022478,0.00045885,0.00010429,0.00016127,0.00014881,0.00025607,8.7713e-05,0.00014738,0.00025182,0.00022056,9.7215e-05,0.00031097,0.00013518,0.00015297,0.00015091,0.00010084,0.00026157,5.8689e-05,0.00013004,0.00011788,0.0001339,0.0001367,0.00029116,0.00027143,0.00055879,8.6373e-05,0.00024156,-7.344e-07,0.00010168,0.00015879,0.00015955,0.00036518,0.00015519,0.00021506,0.000258,0.00043429,0.00026591,0.00024058,0.0001357,0.00010787,0.0001044,0.00025861,0.00026551,0.00011415,0.00012378,0.00032774,0.00021352,0.00020734,4.8377e-05,0.00015276,0.00027697,0.00022879,-5.469e-05,0.00014235,0.00016731,0.00010647,0.00021645,0.00021645,0.00011471,0.00014425,1.5982e-05,0.00025194,0.00016405,0.00020466,0.00016214,0.00011242,0.00022565,7.1238e-05,0.0002345,0.00033608,9.6224e-05,0.00010228,4.3482e-05,0.00032994,0.00013081,0.00023782,8.6259e-05,9.3015e-05
0.00015179,0.00018454,0.00015088,0.00036864,0.00013561,0.00019163,-1.4383e-06,9.5819e-05,0.00013474,0.00013684,0.00014172,8.8376e-05,0.0002408,0.00021393,0.00026959,0.000236,0.00029376,0.00019779,0.00021513,0.00020451,0.00021134,0.00013931,0.00013795,0.00019541,0.00012053,9.9616e-05,0.00013534,0.00013256,0.00020545,7.9984e-05,0.00030317,8.6373e-05,0.00057359,0.00010279,4.2855e-05,0.00010444,0.00015347,0.00016082,0.00037007,0.00015456,0.00014514,0.00030048,-4.0446e-05,-4.6821e-05,0.00019715,0.00020537,7.4155e-05,0.00021386,0.00021504,8.5395e-06,0.00017661,0.00025571,1.2932e-05,0.0001722,0.00018949,0.00016101,0.00023388,0.0002662,0.00025966,0.00023935,5.8058e-05,0.00020459,0.00011964,9.7844e-05,9.7844e-05,0.00023196,9.4113e-05,-1.8545e-05,8.5274e-05,0.00019924,-4.2828e-05,0.00018704,5.8475e-05,9.4542e-05,3.0966e-05,0.00023692,8.8315e-05,7.5339e-05,0.00027196,5.2367e-05,0.00015698,0.00021885,0.00025335,0.00019625,0.00020738
0.00016629,0.00017097,0.00015498,0.00023368,0.00013595,0.00026042,0.0001233,0.00014357,0.00052832,7.648e-05,0.00011369,0.00014422,0.00016616,0.00016574,0.00011555,0.00025768,0.0001961,0.0001337,0.00026299,0.00011438,0.00011994,0.00013238,0.00010045,0.00022095,7.2726e-05,7.6294e-05,0.00012298,0.00016116,0.00014728,0.00020899,0.00023432,0.00024156,0.00010279,0.00033708,-2.9683e-05,0.0001931,0.00017244,0.00014906,0.00032288,0.00014488,0.00022789,0.00026325,0.00038723,0.00015928,6.9861e-05,9.0703e-05,0.00010754,8.2093e-05,0.0002643,0.00023823,0.00011738,8.0432e-05,0.00037165,0.00017207,0.00018886,0.00012472,0.00015847,0.0001373,0.00019062,6.1592e-05,0.00013751,0.00014272,0.00013798,0.00014182,0.00014182,0.00016834,0.00010312,1.3674e-05,0.00017291,0.00014825,3.8019e-05,0.00014132,0.00013345,0.00024467,6.8279e-05,0.00023038,0.00019974,0.00010258,0.00011424,4.8508e-05,0.00022464,0.00015094,0.00022084,0.00013447,8.2991e-05
1.5423e-06,-2.244e-05,9.4778e-07,-3.8789e-06,2.1379e-05,-3.9816e-05,-1.4814e-05,2.7864e-05,-8.6775e-05,4.5783e-05,1.3232e-05,-1.4491e-05,-1.8827e-05,9.8598e-06,7.5191e-05,-1.3611e-05,-3.0557e-05,1.065e-05,-1.2093e-05,3.5366e-05,2.4011e-05,-6.0515e-06,-4.3632e-06,-1.4201e-05,7.9219e-05,1.5986e-05,4.231e-05,4.8528e-06,1.2575e-05,-2.1464e-05,-7.0538e-05,-7.344e-07,4.2855e-05,-2.9683e-05,0.00013735,-4.9553e-06,-2.8687e-06,1.8974e-05,-0.00010388,1.9233e-05,-1.9637e-05,-2.5221e-05,-0.00010007,1.5638e-06,2.1614e-05,6.4135e-05,-1.8995e-05,-2.3638e-05,-5.0145e-05,-7.2838e-05,-1.5538e-05,3.7574e-05,-1.149e-05,3.4203e-06,1.3336e-06,-3.4788e-06,1.2041e-05,-4.1985e-05,-3.8879e-05,3.6181e-05,5.1853e-06,-2.4726e-05,4.43e-05,-1.3726e-05,-1.3726e-05,4.8068e-07,-4.6553e-06,-4.6332e-06,-2.6874e-05,-1.3224e-05,2.9699e-05,-1.5553e-05,1.4529e-06,-5.7255e-05,3.421e-05,3.2024e-05,-6.7271e-07,3.331e-05,4.6295e-05,-5.3835e-07,-3.7316e-05,1.0285e-06,4.029e-05,-3.8204e-05,3.0191e-05
0.000133,0.00017578,0.00012568,0.00022143,0.00010623,0.00015741,4.3207e-05,0.00010856,0.00029071,7.579e-05,8.125e-05,0.00011782,0.00014014,0.00013617,0.00019833,0.00010787,0.0001532,8.7654e-05,0.00021391,6.3971e-05,0.00010954,5.9097e-05,8.6136e-05,0.00015637,6.4913e-05,3.7761e-05,0.00010875,0.00015021,0.00011791,0.00015518,0.00016852,0.00010168,0.00010444,0.0001931,-4.9553e-06,0.00021481,0.00011929,0.00011891,0.00023286,0.00011856,0.00018773,0.0001816,0.00024781,1.9508e-05,6.5635e-05,7.204e-05,8.7694e-05,9.6729e-05,0.00020924,8.7226e-05,0.00012983,6.9399e-05,0.00025849,0.00012315,0.00014266,6.4085e-05,0.00017222,0.00010195,0.00013478,4.6232e-05,0.00011673,0.00010571,8.3839e-05,0.00011041,0.00011041,0.00014488,7.6355e-05,-6.6852e-06,9.95e-05,0.00012023,-7.5371e-05,4.4693e-05,0.00011695,0.00012671,5.4915e-05,0.00020204,0.00017273,5.6658e-05,9.4189e-05,1.6996e-05,0.00019087,0.00011255,0.00012923,0.00011634,9.4425e-05
0.00010512,0.00016143,0.00012458,0.00017778,0.00010739,0.00018827,3.2059e-05,9.6732e-05,0.00029347,6.8413e-05,0.00010247,0.00011023,0.00014101,0.0001108,0.00014702,0.00013182,0.00017386,9.7237e-05,0.00018417,7.7685e-05,0.00012437,0.00011176,7.2625e-05,0.00020391,7.0089e-05,7.425e-05,8.6773e-05,0.00011452,0.00012272,0.00017535,0.00020095,0.00015879,0.00015347,0.00017244,-2.8687e-06,0.00011929,0.00017858,0.00011375,0.00024168,0.00016119,0.00013168,0.00019086,0.00021638,5.2792e-05,0.00014925,0.00011711,8.8213e-05,0.00011884,0.00018025,0.00011656,0.0001445,0.00010763,0.00016642,0.00012446,0.00013356,5.6924e-05,9.7503e-05,0.00012731,0.00012452,5.5673e-05,8.1641e-05,0.00010449,9.9935e-05,0.00012372,0.00012372,0.00013941,4.9076e-05,1.8737e-05,9.435e-05,0.00012006,6.8128e-07,0.00011869,6.9764e-05,0.00014236,6.5503e-05,0.00019096,0.00018824,9.2964e-05,0.00011351,2.1834e-05,0.00016981,0.00011186,0.00016415,0.00013116,0.00010515
0.00017467,0.00014583,0.00014674,0.00025414,0.00011189,0.00021202,6.6832e-05,0.00010343,0.00026529,9.3189e-05,0.00011067,0.00011032,0.00018815,0.00013928,0.00010089,0.00012688,0.00019425,9.2249e-05,0.00017973,7.34e-05,0.00013982,0.000119,8.9346e-05,0.00017218,8.3952e-05,9.4241e-05,0.00011184,0.00011024,0.00016084,0.0001851,0.00022691,0.00015955,0.00016082,0.00014906,1.8974e-05,0.00011891,0.00011375,0.00019252,0.00031668,0.00013694,0.00014132,0.00018349,0.00024473,0.0001213,0.00015665,8.0644e-05,6.8999e-05,0.00013974,0.00020214,0.00016649,0.00011081,0.00012713,0.00022734,0.00014904,0.00016137,7.4828e-05,0.00018645,0.00019246,0.00012828,5.4142e-05,9.8304e-05,0.00010428,5.7784e-05,0.00015425,0.00015425,0.00013514,6.7825e-05,9.2741e-06,0.00014709,0.00012195,5.0579e-05,0.00011059,0.00011043,0.00012716,4.1515e-05,0.00031153,0.00016414,8.1192e-05,0.00011404,7.2212e-06,0.00023721,0.00011785,0.00018399,0.00013027,0.0001504
0.0002727,0.00035224,0.00028608,0.00061114,0.00018377,0.00043792,0.00017907,0.00018665,0.00057975,0.00010914,0.00018736,0.00022131,0.00047871,0.00024306,5.4982e-05,0.00031697,0.00042386,0.00019223,0.00039196,0.00013515,0.00021773,0.00015189,0.00015714,0.00041464,6.9976e-05,0.00010927,0.00018589,0.00020887,0.00030125,0.00037603,0.00055191,0.00036518,0.00037007,0.00032288,-0.00010388,0.00023286,0.00024168,0.00031668,0.00085855,0.00026663,0.00030204,0.00045609,0.00050768,0.00019249,0.00029653,0.00015518,0.0001235,0.00029777,0.00044412,0.00039294,0.0001985,0.00024282,0.00042104,0.00027617,0.00029286,0.00018403,0.00029696,0.00052938,0.0002985,0.00014615,0.00018014,0.0002485,9.8664e-05,0.00033443,0.00033443,0.00026386,0.00016737,-4.2703e-07,0.00029475,0.00028721,5.7403e-05,0.00019261,0.00016505,0.00030598,6.7877e-05,0.00054966,0.00028801,0.00011612,0.00020796,6.0419e-05,0.00056,0.0002755,0.00031187,0.00028295,0.00022085
0.00012969,0.00016246,0.00011737,0.00022783,0.00011684,0.00020038,6.2051e-05,0.00012715,0.00026796,8.0991e-05,0.00010705,9.9567e-05,0.00018097,0.0001167,0.00015519,0.0001528,0.00016397,0.00010672,0.00017076,4.3002e-05,0.00016517,9.7989e-05,8.0964e-05,0.00020819,8.7331e-05,6.1159e-05,0.00010972,9.2009e-05,0.00015968,0.00018492,0.0002352,0.00015519,0.00015456,0.00014488,1.9233e-05,0.00011856,0.00016119,0.00013694,0.00026663,0.00023249,0.00012766,0.00020019,0.00019556,9.3934e-05,0.0001782,0.00015852,7.8719e-05,0.00014214,0.00020491,0.00013072,0.0001104,0.00012361,0.00017848,0.00014918,0.00016214,4.7545e-05,9.899e-05,0.00016469,0.00013537,4.9597e-05,8.5986e-05,0.00010843,0.00011555,0.00015396,0.00015396,0.00011491,8.2761e-05,7.084e-06,0.00012777,0.00012988,1.5777e-05,9.4802e-05,0.00011521,0.00013043,5.3493e-05,0.00028923,0.00016113,0.00010357,0.00013857,4.4989e-06,0.00021042,0.00012213,0.00010997,0.00011829,0.0001209
0.00011605,0.00019398,0.00015122,0.0002667,0.00012999,0.00023868,8.9312e-05,0.0001408,0.00041583,7.8819e-05,0.00013201,0.00015611,0.00020129,0.00013319,0.00014889,0.00015731,0.00018973,0.00011535,0.00025729,9.5381e-05,0.00013019,0.00010067,9.6023e-05,0.00018139,3.3249e-05,7.3891e-05,9.5354e-05,0.0001608,0.00014958,0.00020029,0.00022717,0.00021506,0.00014514,0.00022789,-1.9637e-05,0.00018773,0.00013168,0.00014132,0.00030204,0.00012766,0.00024028,0.00021403,0.00031076,0.00010782,0.00010685,9.7207e-05,0.00013455,0.00011822,0.0002581,0.00012696,0.00010661,6.5681e-05,0.00033011,0.00015535,0.00017406,9.4078e-05,0.00016254,0.00019028,0.00019495,4.7156e-05,0.0001378,0.00014912,9.982e-05,0.0001535,0.0001535,0.00015126,7.9498e-05,4.6306e-06,0.00015738,0.00014381,-1.782e-05,8.1897e-05,0.00011801,0.00017573,5.0444e-05,0.00021138,0.00022159,7.2287e-05,0.00010005,2.3313e-05,0.00026245,0.0001308,0.0001846,0.00011901,0.00010873
0.00017686,0.00022343,0.00016757,0.00039753,0.00017065,0.00030431,0.00013518,0.00015206,0.00045125,0.00011527,0.00011878,0.00013096,0.0002956,0.00020747,0.0001721,0.00027816,0.00026724,0.00014717,0.00025541,0.00011183,0.00017451,0.00013093,0.00012963,0.00029216,7.7918e-05,5.8886e-05,0.00014022,0.0001601,0.00018774,0.00022568,0.00031662,0.000258,0.00030048,0.00026325,-2.5221e-05,0.0001816,0.00019086,0.00018349,0.00045609,0.00020019,0.00021403,0.00038957,0.00032064,0.00014705,0.00017454,0.00015839,8.7418e-05,0.00016309,0.00031795,0.000251,0.00019855,0.00018396,0.00028884,0.00022886,0.00024065,0.00012131,0.00023916,0.00032237,0.00025097,0.00010818,0.00012326,0.00016986,0.00011762,0.00018166,0.00018166,0.00020873,0.00017237,2.2934e-06,0.00020586,0.00019395,4.0812e-05,0.00012131,0.00012035,0.00022585,2.737e-05,0.00035203,0.00021931,0.00010097,0.0001923,1.4835e-05,0.00031557,0.00019185,0.00021928,0.00019244,0.0001718
0.0002661,0.00028349,0.00024772,0.00034357,0.00021077,0.00045549,0.00019862,0.00016545,0.00087546,0.00011391,0.00021317,0.00022756,0.00026068,0.00015593,0.00010105,0.00020232,0.000275,7.9332e-05,0.00033738,2.2803e-05,0.00017577,0.00020877,0.0001676,0.00033474,-1.6005e-05,0.00013927,0.00012189,0.00024613,0.00019793,0.00041994,0.00039555,0.00043429,-4.0446e-05,0.00038723,-0.00010007,0.00024781,0.00021638,0.00024473,0.00050768,0.00019556,0.00031076,0.00032064,0.00088302,0.00031466,0.000138,4.3409e-05,0.00019353,0.00014354,0.00043468,0.00043791,0.00024235,1.501e-05,0.00070108,0.00027345,0.00028247,6.3886e-05,0.00021875,0.00027826,0.00021805,-3.9296e-05,0.00023136,0.0001863,9.1586e-05,0.00031399,0.00031399,0.00022852,0.00010659,2.8967e-05,0.00032373,0.00018942,0.00015861,0.00010017,0.00027089,0.00037283,0.00010834,0.0004692,0.00041319,0.00010292,4.8501e-05,7.9974e-05,0.00045344,0.00012736,0.00023322,0.00018652,0.00013244
