0.00076257,0.00021054,0.00022633,0.00018813,0.00033538,0.00024155,1.041e-05,2.06e-05,0.00027585,0.00015728,0.00012342,0.00010454,1.4912e-05,0.00014418,0.00027157,0.00020176,0.00020582,8.3125e-05,8.5758e-05,0.00029424,-9.3712e-05,6.9413e-05,0.00019223,0.00057784,0.00042857,0.00018752,0.00012468,8.3399e-05,0.00048545,8.8733e-05,0,4.1327e-05,-0.0001671,0.00011563,9.8746e-05,0.00037912,0.00022857,0.00032062,0.00031441,6.7906e-05,9.2532e-05,0.00022416,0.00016161,7.0388e-05,-2.0703e-05,5.9968e-05,0.00011636,-3.0958e-05,0.00041986,6.5458e-05,-0.00010413,-4.6286e-05,-0.00012319,0.00014892,0.00021345,0.00037584,0.00019283,-3.0175e-05,0.00023665,-5.8017e-05,0.00020458,0.0003587,0.00015117,3.2691e-05,0.00023495,0.00068471,-2.2798e-05,7.9538e-05,0.00010431,3.1349e-05,0.00021102,-1.3915e-06,-0.0002604,0.00031738,1.7835e-05,9.4035e-05,4.8554e-05,0.00014041,0.00016449,2.9504e-05,6.5633e-05,-1.1901e-05,0.00013133,0.00014491,3.5711e-05,2.8221e-05,6.4291e-05,0.00015362,5.8165e-05,7.7562e-05,-0.00023104,5.242e-05,0.00044159,6.0293e-05,7.0459e-05,5.9861e-07,0,0.00015168,0.00024944,9.3037e-05,4.7071e-05,0.00016884,-9.6427e-06,-9.0454e-05,5.6958e-05,5.3645e-05,-4.7025e-06,0.00014536,0.00011784,8.8394e-05,0.00013895,3.1569e-05,0.00015337,0.00011496,7.9015e-05,0.00015634,-1.8243e-05,0.00022762,0.00049905,0.00016923,8.0844e-05,-1.589e-06,0.00032728,0.00029556,-6.5168e-05,8.0535e-05,0.00016749,4.192e-05,0.00038181,0.00016976,0.00012654,0.00010063,0.00012834,0.00018982,8.7732e-05,0.00024158,0.00039672,9.6121e-05,2.9981e-05,8.903e-05,0.00010528,0.00042215,0.00012564,0.0001431,2.0746e-05,0.00016626,0.00026816,0.00016594,0.00010587,0.00018604,-0.000134,0.00026406,0.00048925,0.00020904,0.00017191,4.1385e-05,-0.00043067,4.7346e-05,0.00016476,0.00014365,0.00033964,0.00015525,0.00021408,3.1576e-06,0.00010256,0.00015252,0.00011356,0.00018001,0.00020923,0.00033223,0.00022416,1.7995e-05,0.00012983,0.0001631,5.5002e-06,0.0001542,9.4346e-05,0.00017644,0.00030738,0.00014399,0.00034076,0.00042624,0.00013868,6.4193e-05,0.00014959,9.7031e-05,0.00016211,-7.1259e-05,6.9439e-05,8.1287e-05,0.00097558,0.0002005,0.00032915,0.0004695,0.00036496,-9.6252e-05,0.00011584,0.00018076,0.00015012,0.00010046
0.00021054,0.00023851,0.00015554,0.0001324,0.00017607,0.00016799,5.2902e-05,7.0542e-05,0.00012553,9.5197e-05,0.00014696,6.6417e-05,7.9515e-05,0.00011272,0.00021256,0.00014307,0.00019107,2.9009e-05,8.1471e-05,0.00015197,-1.0691e-05,4.9333e-05,0.00017873,0.00021637,0.00016006,0.00012579,4.9479e-05,-4.3825e-05,0.000172,0.00011436,0,-5.3509e-07,-5.2084e-05,7.4057e-05,0.0001126,0.00020377,-7.8226e-05,0.00018496,0.00015948,2.5512e-05,8.2823e-05,0.00010279,0.00013165,7.594e-05,1.8086e-05,6.2557e-05,0.00010876,3.9001e-06,0.00020291,0.0001146,-2.4102e-05,-5.7321e-05,-2.6599e-06,9.4354e-05,4.3583e-05,0.00015686,4.7621e-05,1.9141e-06,0.00016499,7.5806e-05,0.00014136,6.6537e-05,9.2757e-05,1.3195e-05,0.00018438,0.00012969,-1.5124e-06,3.4987e-05,9.7971e-05,1.6513e-07,9.8902e-05,0.00012989,-0.00011373,0.0002216,3.9612e-05,3.3468e-06,3.4237e-05,0.00010902,4.3868e-05,1.7967e-05,8.1603e-05,2.2498e-05,0.00011607,0.00014127,-3.0909e-05,-2.2416e-05,5.0224e-05,7.912e-05,3.5054e-05,4.6101e-05,-7.1782e-05,4.1181e-05,0.00016616,7.4835e-05,-1.7853e-05,4.6277e-05,0,4.6137e-05,8.3229e-05,0.00010485,3.6927e-05,4.1111e-05,2.417e-05,-1.6621e-05,6.3395e-05,0.00014089,5.3218e-05,9.6315e-05,0.00011374,4.5538e-05,5.4143e-05,7.0535e-05,0.00011476,7.5772e-05,7.8883e-05,0.00012894,1.6633e-05,0.00018825,0.00027143,6.5279e-05,1.3593e-05,0.00011177,0.00018653,0.00021504,2.5312e-05,3.3004e-05,5.9842e-05,1.7848e-05,0.00025078,0.0001688,6.7814e-05,3.9681e-05,9.1737e-05,0.00011572,9.2739e-05,0.00013817,0.00021305,9.8434e-05,4.063e-05,8.7576e-05,0.00011769,9.073e-05,4.4235e-05,0.00018298,1.9595e-05,7.4867e-05,4.5793e-05,0.00013476,-2.3206e-05,9.505e-05,-1.1848e-05,0.00018999,0.00029025,0.00014225,0.00012207,4.2931e-05,-0.00018735,8.2109e-06,9.7724e-05,0.00012283,0.00018255,0.00011443,0.00012199,4.1507e-05,4.9998e-05,0.00011241,0.00010163,0.00010755,4.0365e-06,0.00013457,0.00020036,0.000126,8.7222e-05,-4.7673e-05,-8.6788e-06,4.8003e-05,7.4432e-05,5.7644e-05,5.3015e-05,0.00010734,0.00020981,0.00018575,3.7447e-05,8.3539e-05,8.2713e-05,4.9109e-05,0.00011305,9.7071e-06,4.8814e-05,5.0563e-05,9.0118e-05,0.00014429,0.00022405,0.00023377,0.0001563,6.2946e-05,7.9038e-05,0.00017268,0.00010701,8.8473e-05
0.00022633,0.00015554,0.0002754,0.0001292,0.00022345,0.00012819,3.5283e-05,6.84e-05,0.00011487,0.00010318,0.00014232,6.8264e-05,8.4667e-05,0.00013615,0.00016268,0.00015515,0.00017996,3.007e-05,6.4576e-05,0.00019656,-5.6354e-05,4.1582e-05,0.00018472,0.00024223,0.00014982,0.0001135,9.3586e-05,6.6265e-05,0.00019168,9.4488e-05,0,-8.8011e-06,-3.3285e-05,0.00010419,0.00010139,0.00020246,-5.9715e-06,0.00024837,0.00013011,-9.9077e-06,9.8387e-05,0.00012057,0.00015916,0.00011166,7.3477e-05,5.274e-05,4.8331e-05,3.0395e-05,0.00021044,0.0001003,1.9834e-05,9.3445e-06,4.1941e-05,0.00013286,9.0699e-05,4.9498e-05,0.00010425,9.5507e-06,0.0001719,5.1572e-05,0.00012803,8.3872e-05,0.0001252,6.2473e-05,0.00017983,0.00014035,-7.5305e-06,8.6181e-05,2.8511e-05,3.3671e-05,0.00011842,9.1802e-05,-8.6083e-06,0.00021528,6.2323e-05,9.0527e-05,7.0883e-05,9.7194e-05,6.7834e-05,7.7843e-05,0.00011512,9.6704e-05,0.00011937,0.00013853,1.38e-05,8.3139e-05,6.8448e-05,0.0001165,5.9589e-05,9.5256e-05,-9.8063e-05,7.0518e-05,0.00016407,0.00012573,9.2371e-05,9.7348e-05,0,0.00010355,0.00010138,7.8138e-05,9.4529e-05,3.6306e-05,9.1591e-05,-8.4681e-05,0.00010548,0.00015433,9.8465e-05,0.00012625,0.00011476,9.3256e-05,7.9115e-05,5.4486e-05,1.6004e-05,0.00012586,8.6516e-05,0.00014192,5.7289e-05,0.00016524,0.00031415,0.00011966,5.6489e-05,0.00016832,0.0001669,0.00014632,2.2223e-05,4.8511e-05,0.0001668,3.3435e-05,0.00024056,0.00016177,0.00010583,1.2164e-05,0.00011868,0.0001184,0.00010394,0.00013041,0.00018858,0.00011316,6.2456e-05,0.00010955,0.00010938,0.00010062,4.3737e-05,0.00016757,7.3036e-05,5.2747e-05,2.5319e-05,0.00016327,3.1779e-05,0.00017041,4.5867e-05,0.00017014,0.00029062,0.00018581,0.00016344,4.0038e-05,-5.3444e-05,3.9682e-05,4.8783e-05,0.0001246,0.00019703,9.5256e-05,0.00017645,2.7489e-05,-2.5425e-05,0.00013572,0.00014652,0.00018414,5.8305e-05,0.00014131,0.00020035,7.7385e-05,0.00012793,7.768e-05,1.7079e-05,8.2748e-05,0.00014054,7.5051e-05,-5.7071e-05,0.00012593,0.0002388,0.00018359,7.9394e-05,4.1944e-05,0.00015814,4.975e-05,0.00012814,3.6096e-05,6.6552e-05,5.0873e-05,0.00016429,0.00013892,0.0002065,0.00012769,8.1719e-05,2.0499e-05,0.0001395,0.0001444,0.00013839,0.00011126
0.00018813,0.0001324,0.0001292,0.00018036,0.00019037,0.00017988,-2.2961e-06,0.00015851,0.00014968,0.00010848,0.00011545,5.9389e-05,6.337e-05,0.00011518,0.00020132,0.00010707,0.00017071,0.00012806,0.00012195,0.00014088,4.3493e-05,7.6144e-05,0.00015588,0.00019623,0.0002012,0.00011688,5.1819e-05,7.0387e-05,0.00017572,8.0638e-05,0,8.2832e-05,-8.9304e-06,9.0103e-05,0.0001191,0.00020231,-0.00013385,0.00020458,0.00013184,4.9521e-05,0.00011248,0.00013939,0.0001387,7.3688e-05,3.4072e-05,7.1933e-05,0.00010446,7.7632e-05,0.00017186,9.6709e-05,3.2104e-05,5.7155e-05,6.6835e-05,8.3833e-05,7.9914e-05,0.00012783,0.00015732,1.2998e-05,0.00016121,5.1109e-06,0.00012515,1.5493e-05,0.00010966,6.1036e-05,0.00012844,0.00020769,6.1552e-05,4.7239e-05,5.4889e-05,4.0958e-05,0.00012495,0.00015098,-8.9273e-05,0.00022447,6.342e-05,0.00011173,4.2414e-05,0.00011437,9.3434e-05,6.4488e-05,0.00013782,3.1696e-05,8.6611e-05,9.5391e-05,1.8991e-05,0.00010113,9.7602e-05,0.00010825,8.1112e-05,9.2158e-05,-5.1901e-05,6.8371e-05,0.000184,7.0369e-05,0.00012836,9.0786e-05,0,5.777e-05,7.3806e-05,0.00011753,0.00013028,3.0141e-05,8.2954e-05,2.8656e-05,4.4888e-05,0.00013555,6.2248e-05,0.00011278,0.0001165,0.00010134,6.3902e-05,8.6514e-05,9.0618e-05,8.0114e-05,0.00010215,8.5092e-05,6.3587e-05,0.00013271,0.0002537,0.00012257,3.7043e-05,0.00026501,0.00016979,0.00018964,6.4493e-05,3.6034e-05,0.00012284,4.9521e-05,0.00018815,0.00016378,8.4455e-05,4.4086e-05,9.2466e-05,0.00010956,8.3263e-05,0.00016247,0.00019563,0.00018715,7.1992e-05,0.00010634,0.00010103,0.00010069,5.0914e-05,0.00013181,-2.6482e-06,0.00010687,-5.8607e-05,0.00012635,4.126e-05,0.00013252,-7.4172e-07,0.00015832,0.00024829,0.00017685,0.00017738,4.9681e-05,-0.00014204,3.4395e-05,7.3819e-05,0.00010529,0.00018048,9.8809e-05,0.0001734,2.1768e-05,4.5299e-05,0.00012277,9.9958e-05,0.00014907,5.4176e-05,0.00017007,0.0001906,6.7407e-05,0.0001075,0.00010526,1.2418e-05,5.3129e-06,0.00010116,7.9816e-05,6.6185e-05,0.00014446,0.00026952,0.00018634,0.00014029,7.4157e-05,0.00010162,4.6734e-05,9.6904e-05,3.1034e-05,9.6113e-05,6.8803e-05,0.00020823,0.00013618,0.00018026,0.00017139,0.00013932,5.7763e-05,0.00012898,0.00017523,0.00012316,0.00010744
0.00033538,0.00017607,0.00022345,0.00019037,0.00032698,0.00022267,2.0479e-05,0.00012598,7.8248e-05,0.00012843,0.00018301,0.00010216,7.3957e-05,0.00015902,0.00020462,0.00015186,0.00016952,9.9683e-05,9.5752e-05,0.0001796,-8.1248e-05,5.2186e-05,0.00016018,0.00034101,0.00016962,0.0001637,6.9711e-05,3.7985e-05,0.00029152,0.00011014,0,4.138e-05,-2.4983e-05,0.00010076,0.0001192,0.00024776,-7.4732e-05,0.00027487,0.00020213,5.0724e-05,0.00010222,0.00016943,0.00017854,0.00011102,6.2632e-05,0.00010586,6.6527e-05,2.2883e-05,0.00015644,0.00011505,1.7162e-05,-5.7275e-06,-3.5719e-05,0.00016547,0.00014938,0.00014685,0.0001079,1.4955e-05,0.00024594,-2.3514e-05,0.00016558,0.00010803,0.00013496,6.674e-05,0.00018262,0.0002905,5.7328e-05,9.4287e-05,8.6061e-05,6.1006e-05,0.00017343,0.00010919,-8.9892e-05,0.00025421,8.9047e-05,6.3389e-05,6.4436e-05,0.00014107,0.00010123,9.2593e-05,0.00012859,1.4934e-05,0.00011687,7.3828e-05,3.1832e-05,0.00010381,9.6193e-05,0.0001278,8.3147e-05,8.6543e-05,-4.2668e-05,5.5229e-05,0.00028226,0.00011508,0.00012637,9.6301e-05,0,0.00013456,6.6771e-05,0.00011867,0.00010207,4.9981e-05,6.3329e-05,-8.0808e-05,0.00010049,0.00015016,8.9532e-05,0.0001451,0.00013696,0.000138,5.8006e-05,8.2366e-05,9.0276e-05,0.00010639,9.0698e-05,0.00016669,6.2068e-05,0.00018336,0.00030426,0.00016443,4.0397e-05,0.00014562,0.00021606,0.00024784,3.7885e-05,6.9064e-05,0.00016812,5.3565e-05,0.00028058,0.00021043,0.00012759,2.993e-05,0.00011917,0.0001324,0.00010903,0.00016775,0.00028425,0.00016032,7.0984e-05,0.00011147,0.00016615,0.00016825,9.7631e-05,0.0001655,2.8893e-05,0.00011351,4.9121e-05,0.00017728,0.00020537,0.00018861,-2.4766e-05,0.00022177,0.00029475,0.00021402,0.00017773,3.9398e-05,-0.00023188,6.2814e-05,0.00015031,0.00014902,0.00025987,0.00011427,0.00019215,9.0521e-06,7.0418e-05,0.00013185,0.00013393,0.00021218,0.00011057,0.0002103,0.00020939,8.9309e-05,0.00016333,0.00012746,2.696e-05,5.7434e-05,0.0001331,8.1721e-05,9.1414e-05,0.00014205,0.00031217,0.00027045,0.00012339,0.00011786,0.00014097,6.1605e-05,0.00012605,1.8005e-05,0.00012977,9.4168e-05,0.00022904,0.00018033,0.00019682,0.00027533,0.0001925,2.2642e-06,0.00012971,0.00019754,0.00014769,0.00011312
0.00024155,0.00016799,0.00012819,0.00017988,0.00022267,0.00034446,3.0057e-05,0.00016149,8.3823e-05,7.1814e-05,0.00019478,8.8234e-05,1.1263e-05,0.00012126,0.00021432,0.00010089,0.00016621,9.6613e-05,0.00015278,0.00014446,-0.00011557,9.5836e-05,0.00022072,0.00029309,0.00019988,0.00013827,5.729e-05,-2.0277e-05,0.00023618,8.2223e-05,0,7.4734e-05,-2.4406e-05,8.1644e-05,0.00013695,0.00021819,-3.4867e-05,0.00025989,0.00035514,7.125e-05,5.5314e-05,0.0001475,0.00014873,5.2425e-05,4.0671e-05,5.5978e-05,0.0001289,-4.1165e-05,0.00020679,0.00010903,7.9741e-06,-1.5282e-06,0.00015161,0.00012476,0.00016506,7.8577e-05,0.00011298,-9.5808e-06,0.00024114,8.7602e-06,0.0001066,0.00010254,0.00010155,5.2808e-05,0.00014344,0.00021862,4.6062e-05,5.7258e-05,7.7639e-05,6.0904e-05,0.00013947,0.0001549,-0.00029558,0.00025398,6.3216e-05,-1.062e-05,5.5693e-05,0.00012111,0.00010435,4.8105e-05,9.915e-05,1.0678e-05,0.00013866,7.8441e-05,1.7662e-05,6.2512e-05,6.4817e-05,0.00016381,5.2536e-05,7.7537e-05,4.14e-05,6.6611e-05,0.00027738,8.6451e-05,0.00016284,0.00010682,0,8.8952e-05,8.2136e-05,0.00014578,6.4343e-05,0.00012727,4.3683e-05,-2.3517e-05,7.9493e-05,0.00019093,4.8749e-05,0.00013317,0.00014055,9.3206e-05,5.2645e-05,3.374e-05,0.00010679,8.2393e-05,9.0923e-05,0.00011523,1.2596e-05,0.00016095,0.00032806,0.00010879,-1.6269e-05,0.0002242,0.00019319,0.00036365,3.8905e-05,-2.4835e-06,9.6749e-05,1.5628e-05,0.00018004,0.00019537,9.8159e-05,2.3405e-05,0.00010784,0.00010969,7.0181e-05,0.00016598,0.00026887,0.00016307,3.8677e-05,5.7549e-05,0.00015928,0.00013679,8.9389e-05,0.00019261,-1.3109e-05,0.00010156,9.9078e-05,0.00015789,4.805e-05,0.00014662,-2.3663e-05,0.0001741,0.00033024,0.00018335,0.00017393,5.245e-05,-6.9338e-05,3.3892e-05,8.593e-05,0.0001354,0.00021294,7.8319e-05,0.00021399,2.5555e-05,-1.7385e-06,0.00018978,0.00014306,0.00025383,0.00012163,0.00019151,0.00019971,0.0001372,0.00010733,0.00011419,5.8637e-06,-1.5777e-06,8.2845e-05,0.00012055,0.00017924,0.0001226,0.00033831,0.00026416,9.5455e-05,8.2238e-05,9.3855e-05,4.9781e-05,9.6178e-05,3.2997e-05,9.2282e-05,0.00010268,0.00020886,0.00013933,0.00018486,0.00032646,0.00032535,0.00011017,0.0001523,0.00021748,0.00012014,8.7678e-05
1.041e-05,5.2902e-05,3.5283e-05,-2.2961e-06,2.0479e-05,3.0057e-05,4.5673e-05,-1.0877e-05,-1.1592e-05,1.0713e-05,3.6566e-05,2.227e-05,6.1048e-06,9.7838e-06,2.6204e-05,3.0504e-05,3.1187e-05,-1.0436e-05,-1.1661e-05,2.1943e-05,-6.2538e-05,1.9974e-05,5.187e-05,3.4656e-05,4.209e-07,-2.4739e-06,1.8323e-05,-4.632e-05,-1.2302e-05,3.108e-05,0,2.2258e-06,-5.5882e-06,7.1663e-06,-3.8448e-07,2.0169e-05,-7.8817e-06,3.1933e-05,2.7279e-05,-1.909e-05,-2.5462e-05,-1.3914e-05,2.3675e-05,1.1925e-05,1.3998e-05,-4.7341e-06,6.1023e-06,-4.8417e-05,3.469e-05,5.4776e-05,-2.5513e-05,-5.2434e-05,-2.498e-05,1.2171e-05,-8.7154e-07,-2.0495e-05,-6.3279e-05,-4.7162e-06,2.08e-05,4.1825e-05,3.2616e-05,4.2931e-05,5.8659e-06,-4.1692e-06,2.9255e-05,-6.5699e-05,-3.5386e-05,9.0908e-06,4.2424e-06,1.6959e-06,3.1032e-06,9.0433e-06,-3.0629e-05,3.4125e-05,5.2794e-07,-5.64e-05,1.4258e-05,8.2474e-06,1.4846e-06,-4.4224e-07,-8.287e-06,2.1586e-05,2.2401e-05,1.7643e-06,-2.482e-05,-3.5712e-05,-1.4552e-05,-2.4459e-06,-9.2534e-06,-2.5503e-06,1.6938e-05,-2.4352e-06,-5.5174e-06,1.2637e-05,-6.7988e-05,1.2427e-05,0,-5.1694e-06,9.9981e-06,1.5167e-05,-3.4806e-05,2.0848e-05,-5.1424e-05,-5.5617e-05,2.6445e-06,1.6728e-05,1.0595e-05,7.4729e-06,8.3951e-06,-1.1185e-05,7.1149e-06,-2.1358e-05,-1.0023e-05,2.2803e-05,2.1452e-05,3.3244e-05,-1.2854e-05,4.1842e-05,5.1016e-05,8.5856e-07,9.5136e-06,-3.5687e-05,2.5431e-05,4.6339e-05,-9.0691e-06,2.9532e-06,-6.8266e-06,-1.2191e-05,8.3999e-05,3.881e-05,-4.1333e-06,3.9745e-06,1.7458e-05,3.2717e-06,2.0004e-05,3.5033e-06,1.9833e-05,2.1569e-05,-1.1515e-05,3.8931e-06,2.7154e-05,1.0042e-05,6.7439e-06,3.4438e-05,3.4354e-05,-1.2131e-05,8.0629e-05,1.5617e-05,3.7948e-05,1.1969e-05,9.9448e-06,3.8483e-05,6.8275e-05,1.4958e-05,1.1797e-05,-2.6831e-06,-1.6479e-07,-6.9005e-06,1.3048e-05,2.2221e-05,1.4278e-05,5.9613e-06,8.5866e-06,1.6069e-05,-9.4865e-06,1.2036e-05,3.1081e-05,3.6044e-05,3.6526e-06,1.0967e-05,3.4985e-05,6.2266e-05,6.3389e-06,-7.3967e-05,-6.487e-06,2.784e-05,1.7748e-05,7.0494e-06,-3.9084e-05,-4.0097e-06,4.3489e-05,7.3509e-06,-1.1495e-05,5.4652e-06,1.0155e-05,1.7933e-06,1.7142e-05,-4.5484e-06,-1.6057e-05,-1.0832e-07,-0.00013289,1.5206e-05,5.0387e-05,1.6831e-05,2.0228e-05,1.85e-05,1.05e-05,3.6128e-05,2.475e-06,5.2078e-06
2.06e-05,7.0542e-05,6.84e-05,0.00015851,0.00012598,0.00016149,-1.0877e-05,0.0003224,0.00012357,5.7747e-05,8.1306e-05,9.3736e-05,6.6509e-05,0.00011276,0.00019238,8.1992e-05,0.00016136,0.0001592,0.00013088,0.00012472,-2.7188e-05,9.6303e-05,9.3197e-05,7.8373e-05,0.00019013,9.5188e-05,2.9831e-05,0.00010003,7.2661e-05,0.00010092,0,0.00011779,4.548e-05,8.7209e-05,7.7173e-05,0.00017502,-0.0002017,0.00010602,4.2833e-05,6.1719e-05,0.000148,0.00010995,0.00017075,7.359e-05,3.3184e-05,0.00010296,0.00014451,0.00014986,-8.5137e-05,3.3747e-05,0.00010907,9.1799e-05,0.00013692,8.6979e-05,6.7123e-05,1.4013e-05,8.9505e-05,1.9689e-05,0.00016569,-1.4571e-05,0.00011468,-6.041e-06,0.0001269,9.878e-05,0.00014781,5.7476e-05,0.00010288,5.8292e-05,-7.3002e-06,6.7387e-05,0.00011727,0.00022711,-6.0982e-05,0.00017769,0.00010257,6.3534e-05,-7.5853e-06,0.00011078,9.1998e-05,7.325e-05,0.0001585,5.8357e-05,-1.0845e-05,-2.0635e-05,3.5176e-05,1.5355e-05,0.00015081,0.0001067,8.8864e-05,0.00013238,2.3492e-05,0.00010314,7.9845e-05,4.222e-05,0.00019817,0.00013088,0,-4.6066e-05,-8.9195e-05,0.00010827,0.00017166,5.2568e-05,8.9671e-05,5.0302e-05,4.0267e-06,0.0002111,8.9001e-05,0.00012906,0.00010614,9.4185e-05,3.0148e-05,8.4145e-05,6.1332e-05,5.6817e-05,0.00013185,5.8174e-05,0.00010761,0.00012636,0.00018729,0.00013097,4.8011e-05,0.00032235,0.00013699,0.00013732,6.4466e-05,7.4574e-06,0.00010014,5.7596e-05,7.0668e-05,0.00018077,7.7557e-05,2.4336e-05,5.6008e-05,6.4273e-05,0.00011569,0.00015919,0.00011666,0.00013987,0.0001006,9.1661e-05,0.00012999,-2.0758e-06,2.9243e-05,0.0001275,1.0103e-05,0.00011738,-4.0842e-05,0.00012505,9.3807e-05,0.00011418,7.6169e-05,0.00013293,0.00015785,0.00015721,0.0001612,6.9977e-05,1.5248e-05,3.3849e-05,2.734e-05,0.00010919,0.0001461,0.00010683,0.00016381,4.6084e-05,4.1358e-05,0.00014066,0.00012989,9.4966e-05,-6.9782e-05,9.7536e-05,0.00018679,0.00012749,0.00011094,0.00012668,3.9474e-05,-3.5239e-05,9.3998e-05,7.4697e-05,9.9025e-05,0.00018505,0.00029349,0.00015857,0.000156,7.2737e-05,0.00013468,4.0016e-05,0.00010378,4.0796e-05,0.00014311,5.0221e-05,-5.3744e-05,0.00011266,0.00011133,5.7445e-05,2.9214e-05,0.00013771,0.00015711,0.000175,0.00014278,0.00013977
0.00027585,0.00012553,0.00011487,0.00014968,7.8248e-05,8.3823e-05,-1.1592e-05,0.00012357,0.00047396,0.00010493,6.5865e-05,4.0581e-05,7.4237e-05,8.31e-05,0.00024081,0.0001924,0.00020074,0.00016849,5.5991e-05,0.00030305,8.152e-05,0.00012827,0.00018496,0.0001622,0.00036637,9.7929e-05,8.01e-05,0.00021247,0.0001793,6.0824e-05,0,0.00011477,-5.8395e-05,0.00010154,9.8814e-05,0.00029932,-9.3324e-05,0.00016511,9.2635e-05,2.4881e-05,0.00018296,0.00014398,0.00013039,4.2838e-05,-3.063e-05,2.792e-05,0.00019215,0.00013771,0.00035664,4.8625e-05,7.8151e-05,0.00010611,7.6941e-05,5.8456e-05,7.5675e-05,0.00017639,0.00021497,-9.7945e-06,2.9819e-05,-1.2364e-05,0.00014821,9.3666e-05,0.00015233,7.0895e-05,0.0001767,0.00025418,-3.6188e-05,3.795e-05,4.2405e-06,2.1525e-06,0.00013272,0.0001313,-5.2885e-05,0.00025839,4.6362e-05,0.00018981,9.9938e-06,6.4216e-05,8.1626e-05,3.5919e-05,0.00017053,3.5899e-05,2.4855e-05,0.00016068,1.3708e-05,6.3545e-05,0.00010437,0.00010415,8.7447e-05,0.00014106,-6.3354e-05,0.00013119,0.0001649,4.4284e-05,6.0298e-05,8.1492e-05,0,-4.5961e-05,0.00017792,0.00014096,0.00015646,5.1239e-05,0.00012337,9.9246e-05,-4.2426e-05,4.2688e-06,1.8738e-05,9.1841e-05,7.7676e-05,5.9365e-05,0.00024017,7.2735e-05,0.00012232,8.3972e-05,0.00015202,-4.1606e-05,7.0481e-05,0.00015821,0.00042898,0.00010143,6.3283e-05,0.0002768,0.00024297,5.6306e-05,6.198e-05,6.5031e-05,0.00010631,4.3625e-05,0.00013543,0.00010583,8.8334e-05,0.00012801,0.00012896,0.0001402,7.8736e-05,0.00024913,0.00014571,0.00017484,7.9499e-05,0.00010735,-3.7292e-05,0.0001429,3.3716e-05,0.00011994,6.5969e-05,0.0001804,-2.1036e-05,0.00011989,-0.0002124,0.00010827,-7.5528e-05,0.00021299,0.00048105,0.00016619,0.0002165,4.8493e-05,-3.9263e-05,-1.0536e-05,2.159e-06,8.5457e-05,0.0001739,0.00012535,0.00015941,1.1708e-05,5.4116e-05,8.6143e-05,0.00010217,4.3342e-05,3.1649e-06,0.00015209,0.00022843,-1.9871e-05,7.4042e-05,8.0256e-05,-2.5155e-05,6.669e-05,3.4223e-05,0.00021615,6.5381e-05,0.00019247,0.00045482,0.00023123,0.00022067,-3.5556e-05,0.00013295,4.9821e-05,0.00016781,7.3832e-07,2.9193e-05,2.4942e-06,0.00049203,0.0001859,0.00027422,7.6729e-05,5.0414e-05,-1.7409e-05,0.00016413,0.00014797,0.00014624,0.0001252
0.00015728,9.5197e-05,0.00010318,0.00010848,0.00012843,7.1814e-05,1.0713e-05,5.7747e-05,0.00010493,0.00015395,7.2839e-05,6.2488e-05,2.8833e-05,7.5768e-05,0.00015632,8.2493e-05,0.00013478,5.9817e-05,9.5282e-05,0.0001022,8.1335e-05,4.163e-05,7.7857e-05,0.00013915,6.1611e-05,6.1217e-05,7.3862e-05,4.1925e-05,7.8739e-05,8.2715e-05,0,5.9203e-05,-4.4697e-05,4.7701e-05,7.525e-05,0.00018248,-6.8162e-05,0.00015619,-3.4884e-06,5.1995e-05,7.4468e-05,8.9461e-05,6.983e-05,5.8369e-05,1.8662e-05,6.0585e-05,3.8995e-05,4.1761e-05,0.000185,0.0001173,1.0202e-05,-1.8496e-05,-8.2688e-06,3.8193e-05,4.3692e-05,0.00015879,0.00018519,-2.3182e-06,7.1368e-05,2.36e-05,9.0731e-05,-8.6941e-06,6.3684e-05,1.9246e-05,9.3525e-05,0.00015277,1.6573e-06,3.3794e-05,1.5527e-05,1.2618e-05,6.3482e-05,0.00010888,-6.736e-06,0.0001383,7.8794e-06,0.00016071,4.9912e-05,6.9914e-05,5.3752e-05,5.9704e-05,8.5988e-05,-3.7898e-06,7.3684e-05,9.5536e-05,6.6203e-06,0.00014007,5.3626e-05,6.3143e-05,4.8627e-05,7.1216e-05,-0.00011989,4.9084e-05,0.00014376,7.5262e-05,-4.0709e-05,6.2636e-05,0,5.5332e-05,0.00010157,8.0674e-05,9.5618e-05,-3.7405e-06,8.8485e-06,-1.8323e-06,3.6509e-05,4.6614e-05,2.5772e-05,7.2403e-05,5.6155e-05,6.5581e-05,9.7985e-05,7.3791e-05,5.4486e-05,6.4895e-05,7.7614e-05,8.8663e-05,5.5825e-05,0.00010857,0.00012666,7.51e-05,6.8253e-05,0.00010475,0.00012327,0.00011061,5.6304e-05,4.3712e-05,8.3898e-05,5.5073e-05,0.00022197,0.00010328,3.2798e-05,5.4008e-05,6.4955e-05,9.1327e-05,4.727e-05,9.7712e-05,0.0001265,0.00014856,5.5519e-05,0.00011,6.4374e-05,0.00011053,4.5625e-05,5.3432e-05,-2.8345e-05,5.0765e-05,-7.0024e-05,3.8079e-05,0.00011179,9.5934e-05,2.7573e-06,0.00010486,0.00016976,0.00011064,9.9965e-05,1.5698e-05,-0.00014271,2.1813e-05,7.3075e-05,7.3352e-05,9.9825e-05,8.2908e-05,9.2787e-05,2.065e-05,4.1834e-05,3.6229e-05,6.3588e-05,0.00012405,7.0656e-05,0.00014079,0.00013929,4.5334e-05,5.1943e-05,-4.0269e-06,2.3922e-05,5.4627e-05,7.6322e-05,0.00010371,-8.4454e-06,0.00010387,0.00015611,8.1809e-05,6.9709e-05,5.8464e-05,6.0466e-05,6.0176e-05,5.1576e-05,-1.2012e-05,2.2578e-05,5.4006e-05,0.00013373,9.3031e-05,0.00018361,9.6407e-05,7.9772e-05,-9.2874e-07,6.7235e-05,0.00012847,8.0873e-05,7.0824e-05
0.00012342,0.00014696,0.00014232,0.00011545,0.00018301,0.00019478,3.6566e-05,8.1306e-05,6.5865e-05,7.2839e-05,0.00023678,6.6516e-05,6.9526e-05,9.8798e-05,0.00015068,0.00011517,0.00016327,2.1024e-05,7.1875e-05,0.0001636,-0.00015255,2.0765e-05,0.00014226,0.00021079,2.1498e-06,0.00011239,3.8875e-05,2.7892e-05,0.00016945,8.4982e-05,0,-1.6018e-05,4.6337e-06,5.296e-05,0.00012894,0.00013143,-0.00014989,0.00018585,0.00020904,5.5888e-05,7.3886e-05,8.356e-05,0.00011539,5.8937e-05,4.1573e-05,8.0949e-05,0.00010343,-2.016e-05,0.00015562,9.9495e-05,9.3719e-05,-2.6169e-05,7.5262e-05,0.00011123,5.0444e-05,5.5914e-05,6.7558e-05,1.2177e-05,0.0001734,-8.6102e-07,0.0001054,7.5997e-05,6.9335e-05,2.3965e-05,0.00012262,7.6758e-05,6.9846e-06,6.7439e-05,5.6193e-05,2.0645e-05,0.00011485,0.00014518,-0.00016717,0.00017789,6.1875e-05,-3.52e-05,4.7667e-05,7.3802e-05,1.4911e-05,6.3967e-05,0.00013136,-2.234e-05,0.0001113,7.8062e-05,1.4341e-05,9.199e-05,3.9886e-05,0.00012592,5.2684e-05,7.1838e-05,6.7848e-05,5.382e-05,0.00020855,0.00011451,0.00010304,9.5886e-05,0,8.6399e-05,5.9954e-05,0.00012793,4.9113e-05,4.8985e-05,0.00012121,-3.8527e-05,9.3e-05,0.00013149,4.432e-05,0.00010098,0.00011501,8.9106e-05,7.3049e-05,7.7272e-05,9.6064e-05,6.6525e-05,6.3122e-05,4.6018e-05,3.9223e-05,0.00014915,0.00029487,5.9113e-05,-6.6295e-06,0.00015776,0.00014581,0.00022599,6.1439e-05,4.3369e-05,8.4683e-05,-1.5002e-06,0.00016678,0.00014809,0.00010604,4.2453e-05,0.00013692,9.0617e-05,7.0726e-05,0.00012517,0.00018858,0.00011573,4.9349e-05,5.4014e-05,0.00012685,7.6263e-05,7.1396e-05,0.00012585,2.0486e-05,6.3716e-05,3.6914e-05,0.00015278,-5.1323e-06,0.00013617,-2.3933e-05,0.0001767,0.00034334,0.0001468,0.00012975,4.2887e-05,2.5177e-05,2.5341e-05,9.2517e-05,0.00013357,0.00015041,8.4965e-05,0.00015005,-8.5798e-06,1.8278e-05,0.00010539,0.00011399,0.00014979,5.4041e-05,6.9752e-05,0.00018019,0.00010267,8.4264e-05,4.4727e-05,9.5826e-06,3.6396e-05,8.1548e-05,9.8798e-05,3.2432e-05,8.7871e-05,0.00042492,0.00019595,1.3713e-05,8.4761e-05,9.8261e-05,5.1249e-05,9.7635e-05,3.051e-05,5.5436e-05,6.8016e-05,-5.6959e-05,0.0001639,0.00012403,0.00018578,0.00015452,-4.6129e-06,0.00011902,0.00016292,0.00010242,7.709e-05
0.00010454,6.6417e-05,6.8264e-05,5.9389e-05,0.00010216,8.8234e-05,2.227e-05,9.3736e-05,4.0581e-05,6.2488e-05,6.6516e-05,0.00011372,1.6701e-05,7.3415e-05,0.00010024,7.1425e-05,6.6303e-05,6.5911e-05,4.8971e-05,6.8134e-05,-3.3492e-06,3.9191e-05,2.7764e-05,0.00012285,8.2711e-06,4.9552e-05,4.5416e-05,-2.2308e-05,7.299e-05,7.8424e-05,0,4.02e-05,-2.328e-05,1.657e-05,2.3555e-05,0.00014915,-9.0725e-05,8.2855e-05,7.0499e-05,6.5155e-05,2.5825e-05,5.5848e-05,9.492e-05,3.8785e-05,4.341e-05,5.3362e-05,5.9988e-05,6.6087e-06,1.7018e-05,4.4676e-05,2.7808e-06,-2.1566e-05,9.3373e-06,4.0391e-05,4.2169e-05,7.814e-05,6.1112e-05,-4.5173e-07,0.00010978,1.6401e-05,5.101e-05,6.7839e-05,7.3981e-05,2.0362e-05,7.8939e-05,6.7759e-05,-1.6105e-05,2.9927e-05,-2.6873e-05,4.3537e-05,4.8835e-05,8.8098e-05,-5.5273e-05,0.00010691,3.9182e-05,-3.1584e-05,1.2736e-05,4.8052e-05,3.3946e-05,5.3614e-05,3.7717e-05,9.4247e-06,-6.2515e-06,-3.0389e-06,3.1349e-06,-1.583e-05,3.3687e-05,5.9612e-05,4.1026e-05,4.0394e-05,-5.4099e-05,4.2749e-05,0.00010057,4.0669e-05,3.9266e-05,4.1933e-05,0,1.3317e-05,7.5981e-06,7.3107e-05,1.9188e-05,1.3076e-05,4.4645e-06,-2.4201e-05,3.2328e-05,4.0138e-05,4.9369e-05,7.9999e-05,4.3459e-05,3.2446e-05,6.2816e-05,3.7079e-05,5.0608e-05,3.1825e-05,6.915e-05,5.7153e-05,7.1175e-05,7.7195e-05,0.0001068,6.7337e-05,2.7149e-05,1.2126e-06,8.2269e-05,8.8446e-05,-9.1728e-06,5.6015e-06,3.4041e-05,3.5267e-05,0.00019194,9.5282e-05,4.444e-05,6.7635e-05,2.4433e-05,3.6571e-05,7.0474e-05,6.8961e-05,0.00010364,5.5588e-05,3.2151e-05,7.3993e-05,9.8485e-05,6.1737e-05,1.4803e-05,5.2525e-05,-3.1713e-05,4.5215e-05,6.9415e-05,4.3216e-05,7.5243e-05,6.8372e-05,-5.0394e-07,0.00010249,0.00012263,6.5752e-05,6.6851e-05,2.3658e-05,-3.7704e-05,1.5445e-05,8.1612e-05,6.0339e-05,8.6271e-05,4.3779e-05,6.0648e-05,3.2024e-05,0.00010063,3.9201e-05,7.4922e-05,0.00012878,2.4064e-05,8.6248e-05,9.5662e-05,0.00015161,5.2323e-05,2.8586e-06,-1.5293e-06,2.1556e-05,1.1935e-05,8.8084e-05,4.4966e-05,8.2458e-05,9.3448e-05,7.0951e-05,5.0898e-05,5.2077e-05,5.0384e-05,4.6938e-05,5.2035e-05,-1.2396e-05,3.7121e-05,3.2109e-05,-3.3223e-05,5.5048e-05,6.7466e-05,8.3092e-05,2.7185e-05,3.737e-05,6.5659e-05,0.00010135,5.047e-05,6.6159e-05
1.4912e-05,7.9515e-05,8.4667e-05,6.337e-05,7.3957e-05,1.1263e-05,6.1048e-06,6.6509e-05,7.4237e-05,2.8833e-05,6.9526e-05,1.6701e-05,9.9113e-05,5.1695e-05,7.7159e-05,7.2631e-05,9.2861e-05,2.8027e-05,5.5262e-06,6.6174e-05,-1.1013e-06,1.5448e-05,5.5449e-05,3.3976e-05,4.3514e-05,5.3325e-05,8.4621e-06,4.6145e-05,3.5847e-05,4.7061e-05,0,-3.8289e-06,1.8773e-05,4.6475e-05,5.6021e-05,5.3186e-05,-0.00016335,5.122e-05,-8.4721e-06,-4.0007e-06,7.9947e-05,3.9367e-05,7.8659e-05,6.2664e-05,2.1629e-05,5.137e-05,5.693e-05,8.1549e-05,5.9784e-06,3.728e-05,3.0619e-05,4.1287e-05,-8.9385e-07,4.6009e-05,-2.7092e-05,3.4906e-05,-4.0408e-05,3.2266e-05,6.0133e-05,2.8641e-05,7.1553e-05,-2.7745e-06,4.8742e-05,1.8527e-05,7.8253e-05,-3.4373e-06,3.7306e-05,1.8595e-05,4.0807e-05,3.5329e-06,6.3465e-05,0.00010408,7.7704e-05,0.00010019,4.1466e-05,1.0446e-05,8.0308e-06,5.1271e-05,1.4369e-05,3.4863e-05,9.6352e-05,3.9161e-05,2.2513e-05,4.8283e-05,1.2357e-06,1.3873e-05,5.0007e-05,2.1578e-05,4.0311e-05,3.0277e-05,1.494e-05,1.9445e-05,2.4893e-05,3.9796e-05,6.4029e-05,5.3441e-05,0,7.2947e-06,2.26e-05,3.8096e-05,5.4606e-05,1.7134e-06,8.4982e-05,2.2243e-05,8.5921e-06,8.005e-05,4.3521e-05,4.1817e-05,5.6063e-05,4.2878e-05,-7.5778e-06,6.1268e-05,4.5333e-05,3.5418e-05,4.2191e-05,2.458e-06,3.0942e-05,7.0586e-05,0.00012012,4.6988e-05,1.4409e-05,0.00015381,5.5786e-05,7.8272e-06,4.7976e-05,4.494e-05,5.0513e-05,1.3117e-05,7.7908e-05,7.3241e-05,4.5861e-05,1.8354e-05,5.4434e-05,6.007e-05,6.4997e-05,6.8047e-05,4.2478e-05,5.3931e-05,4.2551e-05,5.4673e-05,4.893e-05,-1.9801e-05,-1.9723e-05,5.9926e-05,5.846e-05,3.4242e-05,-5.0189e-05,9.2151e-05,-6.3492e-05,5.3374e-05,4.0785e-05,8.188e-05,0.00011347,8.4641e-05,9.165e-05,3.9048e-05,-5.7241e-05,1.2348e-05,3.3121e-05,4.5653e-05,7.3898e-05,6.9809e-05,5.398e-05,1.0242e-05,5.3864e-05,4.6564e-05,4.858e-05,-3.5281e-05,-5.5252e-05,1.7333e-05,0.00010099,3.7016e-05,5.0032e-05,2.1468e-05,8.244e-06,6.2622e-06,4.9013e-05,2.2145e-05,-5.6356e-05,7.2282e-05,0.00015454,3.5837e-05,3.9192e-05,3.6617e-05,5.5531e-05,1.3276e-05,5.547e-05,3.8573e-05,3.7606e-05,1.1925e-05,-3.7521e-05,8.0188e-05,5.2823e-05,-3.9964e-06,-5.2148e-05,-8.2313e-06,6.1939e-05,6.7063e-05,6.2192e-05,5.8238e-05
0.00014418,0.00011272,0.00013615,0.00011518,0.00015902,0.00012126,9.7838e-06,0.00011276,8.31e-05,7.5768e-05,9.8798e-05,7.3415e-05,5.1695e-05,0.00011071,0.00014215,0.00010059,0.00012178,8.6625e-05,8.2866e-05,0.00013309,1.4415e-05,4.7449e-05,0.00011169,0.00016915,0.00013782,9.546e-05,4.4717e-05,2.2102e-05,0.00015297,8.0837e-05,0,3.3163e-05,-8.8307e-06,6.1994e-05,8.2488e-05,0.0001608,-7.314e-05,0.00015504,0.0001116,3.7376e-05,8.6011e-05,0.00010111,0.0001237,6.4165e-05,3.768e-05,6.1626e-05,7.6842e-05,4.5628e-05,0.00011209,5.3235e-05,3.2438e-05,7.7276e-06,2.9632e-05,7.9392e-05,5.9425e-05,7.6706e-05,0.0001397,9.5231e-06,0.00015082,2.3611e-07,8.8359e-05,3.3548e-05,9.7656e-05,4.8448e-05,0.00012983,0.00011935,1.7794e-05,4.6904e-05,2.9628e-05,2.8453e-05,9.0085e-05,9.4652e-05,-8.9248e-05,0.00016058,6.122e-05,4.7071e-05,3.0189e-05,8.5296e-05,3.514e-05,5.168e-05,8.0169e-05,3.3591e-05,6.2488e-05,6.4097e-05,1.6356e-06,2.8229e-05,6.9029e-05,8.6429e-05,5.2909e-05,7.1145e-05,-7.1666e-05,5.3589e-05,0.00012245,7.1303e-05,9.5341e-05,4.8889e-05,0,4.1882e-05,1.0224e-05,8.2894e-05,8.2644e-05,1.3428e-05,6.3669e-05,-8.8609e-06,6.9881e-05,0.00013312,6.6205e-05,0.00010195,8.9415e-05,6.5844e-05,6.2081e-05,6.9381e-05,5.3426e-05,6.6658e-05,6.743e-05,0.00010362,6.2439e-05,0.00011436,0.00019736,8.9132e-05,2.0728e-05,0.00012725,0.00013401,0.00013081,1.6065e-05,1.9264e-05,9.4267e-05,3.7702e-05,0.00018215,0.00013748,7.5952e-05,2.709e-05,7.1135e-05,7.0084e-05,7.7495e-05,0.00010948,0.00016401,9.253e-05,6.0844e-05,8.8365e-05,0.00010727,7.0436e-05,5.7305e-05,0.00011914,-2.0378e-05,7.2274e-05,-2.1895e-05,9.8486e-05,4.3158e-05,0.00011008,1.1799e-05,0.00013369,0.0001857,0.00012758,0.00011253,4.0478e-05,-4.5147e-05,2.653e-05,7.1429e-05,0.0001033,0.0001478,6.124e-05,0.00012335,2.2334e-05,4.9592e-05,9.8175e-05,9.0359e-05,0.00013319,2.3026e-05,0.00011559,0.0001464,0.00010346,9.6109e-05,6.4319e-05,1.0514e-05,2.3379e-05,7.4253e-05,2.743e-05,3.2937e-05,0.00010948,0.00016589,0.00016142,9.1714e-05,6.0283e-05,9.8283e-05,3.1665e-05,9.1327e-05,1.5686e-05,8.1179e-05,4.4441e-05,5.988e-05,0.00010061,0.00011882,0.00012928,8.2302e-05,4.4456e-05,0.00010106,0.00012382,9.7697e-05,8.6299e-05
0.00027157,0.00021256,0.00016268,0.00020132,0.00020462,0.00021432,2.6204e-05,0.00019238,0.00024081,0.00015632,0.00015068,0.00010024,7.7159e-05,0.00014215,0.00031331,0.0001593,0.00027845,0.00013504,0.00015517,0.00023775,9.2746e-06,0.00011663,0.00021709,0.0002459,0.00028976,0.00013597,7.9151e-05,8.7465e-05,0.00019787,0.00013107,0,0.00012037,-4.2191e-05,0.00010348,0.00013371,0.00032582,-0.00013915,0.00024524,0.00017138,4.6805e-05,0.00015066,0.00016865,0.00017222,9.6768e-05,2.5633e-05,0.00011198,0.00018589,9.0014e-05,0.00029689,0.00013488,2.381e-05,7.328e-06,5.6988e-05,0.00011618,0.00011684,0.00018966,0.00018911,3.5277e-06,0.0001839,5.795e-05,0.0001741,6.6668e-05,0.00014497,7.9473e-05,0.00022557,0.00023374,3.0028e-05,5.8373e-05,4.6144e-05,3.9874e-05,0.00014252,0.00022135,-0.00014175,0.00030446,5.6596e-05,0.00013593,4.496e-05,0.00013365,0.00011205,5.092e-05,0.00016135,6.5864e-05,0.00011136,0.00014652,7.4409e-06,7.5557e-05,0.00011375,0.00015129,8.2597e-05,0.00013072,-0.0001178,9.0314e-05,0.00022526,0.00010636,9.1541e-05,0.00014083,0,3.999e-05,0.00012223,0.00015729,0.00016723,9.0698e-05,7.4632e-05,1.0447e-05,5.3093e-05,0.00018577,6.1441e-05,0.00015136,0.00014241,0.00010571,0.00011495,0.00013063,0.0001108,0.00011535,0.00013445,0.00014417,8.1922e-05,0.00021328,0.00036871,0.00012662,8.6416e-05,0.00028192,0.0002408,0.00029245,6.637e-05,3.9329e-05,0.00014064,5.7309e-05,0.0002833,0.00020693,8.6476e-05,0.00010854,0.00013277,0.00016119,0.00010821,0.00023721,0.00024881,0.00023207,8.8716e-05,0.00014602,0.00012546,0.00014418,4.2669e-05,0.00018855,1.019e-05,0.0001273,-8.2994e-06,0.00015655,1.7797e-05,0.00016697,5.2318e-06,0.00020981,0.00038682,0.00020854,0.00020924,5.962e-05,-0.00012136,2.2314e-05,7.6095e-05,0.00015097,0.00023171,0.00014529,0.00019469,4.2241e-05,6.2117e-05,0.0001624,0.0001581,0.00014983,3.996e-05,0.00021575,0.00027909,0.00014417,0.00010009,5.545e-05,2.6867e-05,3.472e-05,0.00012319,0.00016673,0.00010899,0.00022179,0.00036399,0.00023998,0.00016459,7.8198e-05,0.00014745,7.8425e-05,0.00013022,1.3423e-05,6.6208e-05,7.9626e-05,0.00024504,0.00018174,0.00031887,0.00023246,0.00020641,8.3277e-05,0.00016216,0.00023597,0.00015916,0.00014418
0.00020176,0.00014307,0.00015515,0.00010707,0.00015186,0.00010089,3.0504e-05,8.1992e-05,0.0001924,8.2493e-05,0.00011517,7.1425e-05,7.2631e-05,0.00010059,0.0001593,0.00015851,0.00013852,8.1059e-05,3.2721e-05,0.00019363,-3.6218e-05,6.6484e-05,0.00013845,0.00018954,0.00016874,9.7365e-05,6.9421e-05,5.1865e-05,0.00015555,8.9547e-05,0,2.6832e-05,-3.272e-05,7.5058e-05,7.9453e-05,0.00019409,-7.6422e-05,0.00016543,9.8507e-05,1.9679e-05,0.00010383,9.3344e-05,0.00013462,6.5901e-05,1.4528e-05,4.4502e-05,9.1928e-05,3.9509e-05,0.00016557,7.641e-05,3.9798e-05,9.4539e-07,-1.1001e-06,8.6233e-05,5.0246e-05,9.8959e-05,7.982e-05,2.2075e-06,0.0001109,1.1874e-06,0.0001306,9.2075e-05,0.00011037,3.6618e-05,0.0001599,0.00011911,-2.5467e-05,5.449e-05,4.2121e-05,1.0626e-05,0.00011103,8.7488e-05,-5.1273e-05,0.00019118,5.6009e-05,4.416e-05,2.9542e-05,7.9178e-05,3.5367e-05,5.0939e-05,0.00010014,2.0129e-05,5.4548e-05,8.2422e-05,-5.153e-06,1.6783e-05,6.6767e-05,7.0506e-05,5.5843e-05,7.8966e-05,-1.5747e-05,7.1255e-05,0.00013349,6.9652e-05,1.0834e-05,5.3348e-05,0,1.3088e-05,6.492e-05,9.6504e-05,6.4493e-05,2.8676e-05,4.7443e-05,-1.2698e-05,2.4862e-05,7.8381e-05,5.0379e-05,8.9038e-05,7.7591e-05,5.4892e-05,0.00011707,3.8418e-05,8.0343e-05,7.7121e-05,9.891e-05,5.6251e-05,4.0786e-05,0.0001544,0.00028735,9.0822e-05,2.406e-05,0.00010626,0.00018011,8.5653e-05,2.6579e-05,5.365e-05,8.2762e-05,2.8093e-05,0.0001858,0.00013829,8.3848e-05,4.1976e-05,9.8087e-05,9.1865e-05,9.0184e-05,0.0001416,0.00015654,9.028e-05,5.6069e-05,8.13e-05,7.0714e-05,9.7305e-05,7.0706e-05,0.00012934,4.7654e-05,9.9439e-05,4.0701e-05,0.00011758,-9.5692e-06,0.00010534,-1.7014e-05,0.0001915,0.00031422,0.00014135,0.00013794,3.8135e-05,-7.4995e-05,1.3336e-05,6.5756e-05,0.00010491,0.00015881,9.1528e-05,0.00012395,2.2746e-05,6.1906e-05,7.8879e-05,0.00010147,9.7042e-05,1.0662e-05,0.00011166,0.00017692,6.6798e-05,9.8434e-05,1.7281e-05,-7.8509e-06,7.2455e-05,6.1059e-05,8.4932e-05,8.1568e-06,0.00011022,0.00029835,0.00018337,0.00010158,3.7476e-05,0.00011006,3.4826e-05,0.00013119,6.711e-06,5.7198e-05,2.3084e-05,0.00011918,0.00014508,0.00017336,0.00011114,4.6579e-05,-3.0901e-06,0.00011286,0.00013579,0.00011502,9.0543e-05
0.00020582,0.00019107,0.00017996,0.00017071,0.00016952,0.00016621,3.1187e-05,0.00016136,0.00020074,0.00013478,0.00016327,6.6303e-05,9.2861e-05,0.00012178,0.00027845,0.00013852,0.0003071,6.772e-05,0.00013076,0.00023485,-6.3064e-05,7.6648e-05,0.00020844,0.00020692,0.00022219,0.00010774,7.8008e-05,0.00013844,0.00015894,0.00011578,0,6.7978e-05,-2.2125e-05,9.8554e-05,0.00012675,0.0002518,-0.00015783,0.00023099,0.00013162,5.8187e-06,0.00014286,0.00012354,0.00015318,9.5832e-05,3.6631e-05,0.00011062,0.00017202,8.9107e-05,0.00029373,0.00013283,5.4766e-05,1.224e-05,8.4074e-05,0.00010623,5.2141e-05,0.00013485,0.00015001,1.0315e-05,0.00015571,8.7324e-05,0.00017252,6.5125e-05,0.00011617,7.8522e-05,0.00020043,0.00016579,1.4461e-05,6.9913e-05,2.2495e-05,2.8037e-05,0.00011656,0.00020429,-0.0001208,0.00026797,4.2379e-05,0.00012164,5.0113e-05,0.00010957,9.399e-05,4.3391e-05,0.00017425,0.00010013,0.00011926,0.00015869,1.6856e-05,8.924e-05,9.6364e-05,0.00015802,8.4305e-05,0.00013464,-0.00012277,7.9786e-05,0.00017082,0.00012074,0.000111,0.00015949,0,5.4743e-05,0.00012693,0.00013157,0.00017064,7.8012e-05,0.00012743,-1.2329e-05,6.9454e-05,0.0002046,6.0175e-05,0.00014041,0.00014287,0.0001098,7.2405e-05,0.0001394,7.2766e-05,0.00012519,0.00011218,0.00012744,8.3933e-05,0.00019574,0.00037826,9.8683e-05,0.00010877,0.00029853,0.00019263,0.00027629,6.2701e-05,3.4812e-05,0.00015937,3.4052e-05,0.00022286,0.0001734,8.6334e-05,0.00010553,0.00014905,0.00014454,0.00010439,0.00021824,0.00020307,0.00022254,8.2245e-05,0.00012436,0.00010091,0.00011291,1.9373e-05,0.0001701,3.8391e-05,7.8225e-05,-2.6802e-05,0.00017107,-4.547e-05,0.00017094,4.0354e-05,0.00017928,0.00037813,0.00019294,0.00018646,5.9436e-05,-2.129e-05,2.1016e-05,1.3824e-05,0.00014502,0.00019513,0.00014351,0.00019464,3.4796e-05,1.3651e-05,0.00016274,0.00015934,0.00011667,1.9285e-05,0.0001531,0.00026725,0.00011888,7.647e-05,5.1409e-05,3.2721e-05,3.5695e-05,0.00016814,0.00012965,5.0634e-05,0.00019346,0.00038682,0.00020522,0.00010624,7.0736e-05,0.00016858,8.0408e-05,0.00011877,2.8357e-05,3.8378e-05,6.3837e-05,0.00016265,0.00017002,0.00030755,0.00017147,0.00015984,7.407e-05,0.00015003,0.00019829,0.00014868,0.00013986
8.3125e-05,2.9009e-05,3.007e-05,0.00012806,9.9683e-05,9.6613e-05,-1.0436e-05,0.0001592,0.00016849,5.9817e-05,2.1024e-05,6.5911e-05,2.8027e-05,8.6625e-05,0.00013504,8.1059e-05,6.772e-05,0.00029816,6.7575e-05,0.00013735,0.0001014,0.00016135,0.00014197,8.2504e-05,0.00031341,3.3838e-05,2.8053e-05,7.5378e-05,9.2471e-05,3.6524e-05,0,0.00021567,5.5983e-05,5.0037e-05,4.8561e-05,0.00016942,-0.00019633,0.00013044,0.00011327,3.0122e-06,7.8737e-05,0.00010053,0.00011266,2.9413e-05,1.5047e-05,3.8655e-05,0.0001269,9.4715e-05,0.00019576,6.2423e-05,2.7773e-05,7.9884e-05,-2.0555e-05,1.7765e-05,7.0525e-05,2.668e-05,0.00019156,2.2748e-05,7.5017e-05,-5.9753e-05,7.3701e-05,-2.2892e-05,0.00010798,9.5556e-05,7.1213e-05,5.8337e-05,1.9795e-05,1.0394e-05,-1.3538e-06,4.571e-05,8.4372e-05,6.4092e-05,-0.00013592,0.00018643,7.0116e-05,8.5077e-05,3.0684e-05,7.0532e-05,4.5033e-05,4.5988e-05,7.0342e-05,6.7958e-05,1.0883e-05,-2.1968e-05,-1.4905e-05,4.1106e-05,8.3677e-05,4.8141e-05,7.772e-05,7.9326e-05,7.7046e-06,4.1696e-05,1.4168e-05,3.4098e-05,0.00012385,6.4271e-05,0,-4.4649e-05,-1.304e-05,0.00011164,0.00014504,6.9748e-06,1.021e-05,5.839e-05,-1.8434e-05,9.4887e-05,3.7957e-05,7.7125e-05,5.5172e-05,6.4328e-05,8.6459e-05,5.2383e-05,1.646e-05,6.8894e-05,9.4602e-05,6.3814e-05,7.5e-05,4.0883e-05,0.00017514,0.00011259,2.1329e-05,0.00018932,0.00012432,8.659e-05,4.1459e-05,1.0631e-05,9.5568e-05,5.6701e-05,0.00015786,0.00012516,5.0325e-05,7.7036e-05,7.0764e-05,3.0423e-05,4.3605e-05,0.00014375,0.00011104,0.00022938,7.0488e-05,0.00010257,6.4292e-05,6.119e-05,9.1822e-05,7.5598e-05,-4.9389e-05,0.00011893,-0.00011541,3.2648e-05,3.2366e-05,9.5082e-05,2.6547e-07,0.00011145,0.00016818,0.00012832,0.00016596,3.2511e-05,7.2459e-05,9.9531e-06,4.5321e-05,7.0206e-05,0.000112,-2.443e-05,0.00010594,1.1461e-05,0.00012526,7.5063e-05,6.6147e-05,0.00010708,5.0746e-05,0.00015205,0.00012825,0.00011907,7.8698e-05,0.00010772,-3.971e-06,-3.7941e-05,4.2641e-05,-9.842e-06,6.4568e-06,0.00013828,0.00017084,0.00012599,0.00029946,6.9858e-06,7.3472e-05,-3.4977e-05,6.4071e-05,1.7629e-05,7.5748e-05,2.2197e-05,2.3246e-06,6.6456e-05,8.7369e-05,1.7792e-05,5.5055e-05,3.7695e-05,0.00014341,0.00011457,6.0688e-05,6.6323e-05
