0.00059078,5.179e-05,7.5759e-05,0.00024981,0.00034316,0.00024542,1.6249e-05,0.00017218,7.909e-05,9.0917e-05,5.6263e-05,-6.5987e-05,2.113e-05,0.00011965,8.7813e-05,0.00017045,7.0739e-05,0.00012678,6.0783e-05,0.00025092,-3.2382e-05,7.055e-05,-4.775e-05,0.00054873,9.7513e-05,5.3083e-05,6.5131e-06,5.0113e-05,0.00019538,0.00021611,0,8.8345e-05,5.824e-05,0.00011829,7.9819e-05,3.6714e-05,1.9558e-05,9.6361e-05,0.00016436,0.00011208,3.1519e-05,0.00010397,8.1711e-05,0.00012885,4.777e-05,0.000178,9.4526e-05,0.00025547,0.00031251,7.7278e-05,7.6315e-05,0.00018835,-8.1311e-05,6.228e-05,-3.3102e-05,-2.577e-05,0.0001462,-1.8385e-05,0.00019106,-9.3708e-05,3.0601e-05,0.00021832,9.333e-06,0.00011718,0.0002985,0.00055214,-3.0936e-05,7.6029e-05,7.8722e-05,1.3975e-05,9.9821e-05,1.2197e-05,0.00021055,5.6182e-05,0.00012723,6.7253e-05,0.00010275,0.00015627,4.2104e-05,5.3132e-05,1.2501e-05,-2.1693e-05,-5.6186e-06,0.00012586,5.5683e-05,0.00011095,0.00013467,0.00011996,5.7965e-05,0.00019257,6.9927e-06,-7.8488e-05,-2.7614e-05,0.00013448,3.8033e-05,-3.0083e-05,-9.8783e-06,-8.5344e-06,5.7005e-05,0.00012117,7.4108e-05,-4.9461e-05,0.00013342,-5.089e-05,6.9638e-06,0.00020307,5.9496e-05,0.00012186,8.3822e-07,-8.8241e-06,-0.00019041,-3.6563e-05,-7.765e-05,0.00018069,0.00026671,6.1775e-05,6.6807e-05,0.00026427,1.385e-05,6.1837e-05,8.4568e-05,0.00015794,7.6845e-05,0.00026324,7.8312e-05,6.6841e-05,-3.0379e-06,0.0001132,0.00032664,2.1212e-05,0.00024852,8.0451e-06,6.5087e-05,7.8003e-05,0.0001059,8.757e-05,0.00014801,8.3055e-05,0.00011698,3.6685e-05,-8.7522e-06,0.00037566,5.2541e-05,3.3547e-05,0.00022524,-4.9857e-06,0.0001316,0.00026176,-7.9757e-05,0.00014804,5.2075e-05,5.6185e-05,0.00012227,0.00014281,1.4859e-05,4.3506e-05,3.6391e-05,3.9493e-05,5.5996e-05,0.00012182,6.5716e-05,0.00017989,0.00011616,8.0122e-05,5.7281e-05,4.4027e-05,-1.1252e-05,0.00018807,3.7097e-05,0.00011753,0.000117,5.1527e-05,4.2169e-05,0.00011972,0.00023394,0.00011412,0.00012511,-4.5902e-06,0.00032686,-4.0007e-05,5.3188e-05,0.00018049,6.0733e-05,-1.5235e-05,0.00012881,5.8825e-05,3.9964e-05,2.8923e-05,5.8932e-05,0.00018857,0.00069031,6.1056e-05,-4.1317e-05,0.00039545,0.00020497,6.2168e-05,3.4307e-05,0.00011381,9.6198e-05,0.00010042
5.179e-05,7.0748e-05,4.7089e-05,8.9916e-05,4.9109e-05,7.3385e-06,3.2249e-05,2.5018e-05,7.0041e-05,3.7579e-05,3.1449e-05,6.0022e-05,2.9598e-05,3.9211e-05,5.685e-05,5.0923e-05,2.1443e-05,4.4406e-05,9.371e-05,8.7616e-05,1.6199e-05,2.8458e-05,7.9065e-05,3.8256e-05,4.0292e-05,7.3336e-06,6.7606e-05,4.7814e-05,1.2332e-05,9.6166e-05,0,3.3877e-05,7.1518e-05,4.5491e-05,7.1474e-05,5.5621e-05,-0.00010758,-2.9522e-06,8.0273e-05,1.409e-05,1.8672e-05,6.2356e-05,2.091e-05,3.4344e-05,3.5002e-05,7.2842e-05,4.1828e-05,8.3353e-05,0.00010081,2.5146e-05,4.8663e-05,8.986e-05,7.0787e-06,1.2651e-05,1.9463e-05,9.9262e-05,0.00013535,-1.1408e-05,8.9291e-05,4.0816e-05,3.2278e-05,-2.9481e-05,9.8995e-06,9.3216e-05,8.091e-05,8.4715e-05,3.9572e-05,1.7639e-05,3.2124e-05,4.4071e-05,1.4836e-05,6.3322e-05,6.3949e-05,6.791e-05,3.0735e-05,-3.6451e-06,6.3221e-05,5.0021e-05,1.8325e-05,7.9374e-05,0.00010211,5.3761e-05,5.5053e-05,3.2535e-05,9.9916e-05,6.1519e-05,4.5256e-05,3.829e-05,4.3657e-05,8.4932e-05,3.0411e-05,9.3048e-06,5.7334e-05,9.7195e-05,8.3585e-05,3.1036e-05,-2.3162e-06,7.7549e-06,3.4651e-05,6.7244e-05,1.6734e-05,6.0945e-05,4.7926e-05,-1.4742e-05,6.7042e-05,8.4646e-05,4.4304e-05,3.5288e-05,-5.0864e-06,6.8683e-05,-1.3926e-05,4.2044e-05,-5.6985e-05,6.9479e-05,4.0274e-05,5.2268e-05,1.7122e-05,4.5585e-05,3.3985e-05,1.2978e-05,4.9461e-05,7.5026e-05,2.5787e-05,4.2936e-05,6.729e-05,4.8852e-05,4.2176e-05,2.5282e-05,4.2147e-05,6.4122e-06,8.5018e-05,3.5072e-05,5.6077e-05,5.8059e-05,3.1117e-05,3.5296e-05,5.7283e-06,2.8677e-05,6.9129e-05,6.272e-05,9.6422e-05,2.7646e-05,2.6669e-05,4.8773e-05,7.9627e-05,0.00012345,-5.4115e-05,0.00012764,-4.0704e-05,5.945e-05,5.7749e-05,5.5201e-05,5.1227e-05,7.3451e-05,6.9226e-05,6.5552e-05,1.1948e-05,5.3137e-05,3.3538e-05,5.8476e-05,4.2516e-05,6.3546e-05,4.9051e-05,5.5205e-05,5.7474e-05,6.2871e-05,4.0124e-05,5.5528e-05,2.5514e-05,3.6259e-05,5.1301e-05,5.4514e-05,1.3643e-05,2.0221e-05,3.9297e-05,1.2265e-05,-1.9668e-05,1.2939e-05,0.00010137,5.3631e-05,3.267e-05,5.2936e-05,3.7854e-05,1.7155e-05,9.6717e-05,2.6447e-05,5.3311e-05,9.403e-06,9.4224e-06,4.032e-05,0.00011382,4.6525e-05,1.7669e-05,6.6667e-05,1.4415e-05,4.0407e-05,1.5302e-05,4.9917e-05,5.443e-05,5.2137e-05
7.5759e-05,4.7089e-05,0.0002107,7.5953e-05,0.00010414,8.9879e-05,0.00013097,3.1063e-05,2.0819e-05,1.8511e-05,6.5993e-05,-0.0001738,1.4382e-05,-9.8155e-06,5.7329e-05,5.6368e-05,1.3072e-05,-4.1493e-06,0.00010675,8.4052e-05,-4.1524e-06,-4.3836e-06,8.8947e-05,8.3321e-05,6.8148e-05,-2.3183e-05,8.5472e-05,2.9262e-05,9.1037e-06,7.173e-05,0,-6.0637e-06,7.2298e-05,3.9878e-05,5.8092e-05,3.3778e-05,2.2029e-05,-1.4275e-06,6.1937e-05,-1.0596e-06,1.4876e-05,4.6807e-05,5.4996e-05,9.9861e-05,4.0771e-05,8.6075e-05,6.6138e-05,0.00010942,0.00021807,4.8362e-05,4.6022e-05,7.2466e-05,-3.6533e-05,7.0961e-05,0.00012289,3.6436e-05,0.0001714,-8.4669e-05,6.6082e-05,-2.8961e-05,2.585e-05,0.00011772,-7.69e-06,6.255e-05,0.00016008,0.00014299,8.01e-05,-1.4128e-05,0.00010685,3.5344e-05,6.6736e-06,4.0263e-05,8.9038e-05,9.9608e-06,2.5018e-05,6.9729e-05,5.2794e-05,6.9821e-05,-3.0908e-06,0.00010761,-2.1072e-05,2.985e-05,4.559e-05,-0.00010943,2.0665e-05,-8.297e-05,-2.1042e-05,2.2895e-06,2.8e-05,8.3037e-05,6.8977e-05,2.2529e-05,5.6334e-05,0.00010687,2.6689e-05,4.2474e-05,-5.9017e-06,3.0278e-05,3.698e-05,4.3095e-05,9.2473e-05,-5.2672e-06,4.8121e-05,5.0122e-05,7.0385e-05,6.9477e-05,1.9776e-05,3.6603e-05,8.9806e-06,9.0264e-05,-7.6493e-05,1.4964e-05,3.0022e-05,4.6304e-05,6.2872e-05,5.0894e-05,3.0943e-05,7.5956e-05,5.7994e-05,-1.6086e-05,6.1074e-05,0.00012475,7.1299e-05,0.00017036,5.476e-05,4.2996e-05,7.1283e-05,5.8935e-05,3.721e-05,-5.8802e-06,0.00010582,2.7489e-05,2.2827e-05,1.0182e-05,4.5496e-05,7.9879e-05,-1.056e-05,-1.8242e-05,6.8796e-05,3.7888e-05,3.77e-05,5.8274e-05,7.2874e-06,1.1665e-05,8.6116e-05,3.7135e-05,1.8806e-05,0.00028788,-7.0893e-05,8.431e-05,8.9178e-05,8.0025e-05,6.4155e-05,6.6475e-05,6.9485e-05,5.1484e-05,3.9992e-05,3.7639e-05,-1.5849e-06,5.1869e-05,1.3565e-05,4.6392e-05,0.00010311,6.5336e-05,1.4259e-05,5.145e-05,9.7748e-06,2.3428e-06,-3.1759e-05,2.1704e-05,6.7097e-05,5.4319e-05,1.9432e-05,2.9278e-05,8.6423e-05,3.0648e-06,2.7332e-05,7.3977e-06,0.00010321,3.1215e-05,7.0899e-05,2.5599e-05,-2.9214e-05,-4.5666e-07,7.6753e-05,2.214e-05,5.2526e-05,-3.8376e-06,4.019e-05,5.653e-05,8.682e-05,-9.6538e-07,3.2115e-05,5.6201e-05,0.00014963,2.7925e-05,7.7019e-05,4.5365e-05,3.2924e-05,4.6253e-05
0.00024981,8.9916e-05,7.5953e-05,0.00042116,0.00018384,0.00013085,-2.6555e-05,-0.00010001,0.00015062,5.2366e-05,3.8115e-05,6.4026e-05,-1.0713e-05,7.2763e-05,6.1984e-05,8.4515e-05,8.3351e-05,2.8004e-05,0.00013114,9.0143e-05,9.5471e-06,-5.0386e-05,7.0048e-05,0.0002038,3.1366e-05,2.6521e-05,-1.365e-05,1.7534e-05,0.00012375,0.0001088,0,-4.4364e-05,6.9116e-05,8.5362e-05,0.00010658,7.2227e-05,-6.301e-05,3.7777e-05,0.00023804,-2.5591e-05,2.4362e-05,5.9644e-05,4.4702e-05,8.0954e-05,7.9814e-05,0.00034501,2.8756e-05,0.00024579,0.00037379,8.6862e-06,8.646e-05,4.6345e-05,3.612e-05,4.8728e-05,6.5572e-05,9.1032e-05,0.00011607,-3.1966e-05,0.00010817,8.1716e-06,3.3648e-05,4.4703e-05,2.3011e-05,0.00012754,0.00021732,0.00030982,1.5406e-05,7.0957e-05,0.00018182,6.1237e-05,-1.5708e-05,5.2492e-06,0.00020823,4.6834e-05,0.00010557,1.3342e-05,0.00010399,8.6007e-05,-3.8758e-05,7.3848e-05,0.00032574,2.2378e-05,1.8566e-06,2.4018e-05,0.00053773,1.853e-05,8.8698e-05,6.3159e-05,1.4094e-05,0.00020123,2.0203e-05,-1.9669e-05,2.2581e-05,0.000117,3.2104e-05,-2.9013e-05,-1.0673e-05,1.8146e-05,-3.9945e-06,6.1162e-05,-2.9831e-05,1.0711e-05,9.409e-05,6.6495e-06,5.5027e-05,0.00011168,8.4068e-05,7.6384e-05,4.5319e-05,5.0615e-05,-5.0885e-05,-3.7678e-05,2.216e-05,0.00013872,6.197e-05,8.1576e-05,3.4278e-05,0.00010701,1.4906e-05,5.0697e-06,7.56e-05,5.8697e-05,-8.9344e-06,0.0001949,6.7654e-05,8.4859e-05,2.5107e-05,3.8806e-05,0.00016635,2.2719e-05,7.5722e-05,3.2206e-05,4.6516e-05,6.4128e-05,3.2881e-05,0.00013525,3.0638e-05,2.2747e-05,4.5214e-05,3.7644e-05,9.9271e-05,0.00012367,-5.7063e-05,-2.3877e-05,0.00013551,9.2852e-05,-4.4384e-06,0.00045525,-0.00014749,8.4712e-05,7.4977e-05,7.2249e-05,0.00012267,8.0284e-05,7.273e-05,3.4967e-05,-2.5968e-05,6.1899e-05,-5.6994e-05,6.7096e-05,5.8085e-05,0.00014134,6.5473e-05,4.8984e-05,6.9136e-05,3.6097e-05,-5.877e-07,0.00014387,0.00017408,0.00010054,7.1997e-05,3.5364e-05,-1.8827e-05,-5.4301e-05,0.00033974,0.00012578,5.6538e-05,-7.5472e-05,0.00028579,6.2964e-06,7.7109e-06,9.3883e-05,-8.4739e-06,-4.8251e-05,0.00015136,3.4074e-05,-2.5932e-05,4.1563e-05,-1.9038e-05,8.4648e-05,0.00024039,4.5963e-05,4.0778e-05,0.00023892,6.5183e-05,7.5093e-05,-3.943e-05,5.6792e-05,8.4793e-05,8.9892e-05
0.00034316,4.9109e-05,0.00010414,0.00018384,0.0011235,0.00019787,7.3015e-05,3.163e-05,-2.8316e-06,3.2023e-05,8.2863e-05,-3.1544e-05,7.9294e-05,2.1131e-05,2.5742e-05,6.974e-05,0.00018895,0.00011293,-0.00020302,0.0003243,-8.2233e-05,1.8893e-06,1.8585e-05,0.00038973,0.00011845,3.7239e-05,-2.3545e-05,-4.7914e-05,0.00020433,8.9846e-05,0,-2.7125e-07,3.5074e-05,9.6092e-05,0.00020084,0.00011023,0.00023262,4.373e-05,6.1704e-05,-2.8354e-05,-1.0416e-05,8.3719e-05,0.00014551,8.5248e-05,2.8502e-06,0.00025865,0.00020166,0.0001089,0.00040133,9.2045e-05,-1.4191e-05,0.00016301,0.00012283,3.6827e-05,-8.9251e-05,-6.7706e-05,0.00066769,-5.779e-05,0.00010464,8.0909e-05,0.0001419,0.00018575,1.9911e-05,0.00011519,0.00013754,0.00028605,3.3084e-05,5.3187e-05,8.3419e-05,-2.9509e-05,5.6274e-05,2.0197e-05,0.00016318,6.838e-05,3.5256e-05,0.00012284,4.12e-05,0.00015082,-3.0694e-05,0.00012366,-0.00011968,0.00010039,-6.5359e-05,2.5181e-05,1.7281e-05,7.717e-05,5.5139e-05,0.00011642,3.2111e-05,0.00020079,1.3212e-05,-8.0314e-05,0.00023737,0.00011768,1.2067e-05,7.3547e-07,-7.6609e-06,8.898e-05,0.0001026,0.00012484,0.00013213,-5.6353e-05,0.00016045,-3.9066e-05,-3.1451e-06,0.00027632,-3.8797e-05,7.4822e-05,7.1324e-05,6.6553e-05,-9.5926e-05,-5.433e-05,0.0001633,0.00020907,2.4869e-05,-9.7268e-06,9.2983e-05,0.00010754,3.068e-06,2.8171e-05,0.0001097,0.00022112,2.7588e-05,0.00010562,1.3287e-05,0.00017084,9.1793e-06,0.00014562,0.00038859,-2.628e-05,0.00018754,-9.089e-05,1.2675e-05,3.4804e-05,3.4785e-05,2.0145e-05,0.0001301,0.0001284,8.3243e-05,8.4222e-05,-4.5998e-05,0.00032343,1.8854e-05,7.2969e-05,0.00012152,0.00026889,0.00019611,0.00026525,-6.8391e-05,8.2078e-05,0.00016612,7.9248e-05,7.6902e-05,9.4896e-05,3.5511e-05,8.2656e-05,-3.0052e-05,-4.6596e-05,0.00028811,0.00011523,0.00014214,-2.1587e-05,0.00012302,-7.852e-06,6.279e-05,-3.6792e-06,1.7962e-05,1.8788e-05,1.3202e-05,7.1093e-05,9.9011e-05,-9.6871e-06,1.0332e-05,4.5761e-05,0.00011313,7.547e-05,7.711e-05,0.00014973,0.00024372,8.9259e-05,-1.9164e-05,7.9113e-05,7.5259e-05,-1.6101e-05,1.6988e-05,0.0001062,-4.0243e-05,3.0838e-06,9.0636e-05,4.5951e-05,0.00048233,-0.0001053,9.8323e-05,0.00026469,3.9531e-05,9.8829e-05,0.00030085,7.0298e-05,0.00012738,0.0001233
0.00024542,7.3385e-06,8.9879e-05,0.00013085,0.00019787,0.00024501,-5.2775e-05,5.1895e-05,-2.5037e-05,1.1778e-05,1.0735e-05,-0.00030205,-1.1383e-06,2.5266e-05,5.9956e-05,7.7084e-05,5.7423e-05,6.8345e-06,3.8593e-05,3.6712e-05,9.3006e-06,-2.8972e-05,-1.2438e-05,0.00020756,-9.6175e-07,-1.6059e-06,-7.1588e-06,-2.4786e-05,0.0001182,4.7726e-05,0,-2.8543e-05,1.3001e-06,4.7749e-05,1.3316e-05,4.7022e-05,0.00023189,-1.7754e-05,0.00014075,6.7784e-05,-2.0366e-05,1.716e-06,4.325e-05,4.2113e-05,2.4779e-05,0.00011043,3.1541e-05,0.00013282,0.00022203,1.3369e-05,-2.8792e-06,-6.7208e-06,1.0463e-05,0.00010905,3.4372e-05,-5.1391e-05,0.00010756,-5.1788e-05,5.4547e-05,-0.00011201,2.0859e-05,0.00017712,9.3006e-06,2.5793e-07,0.00017739,0.00024084,-2.6031e-05,2.4724e-05,7.1642e-05,-1.2812e-05,4.556e-05,-4.4875e-05,0.00016284,-2.2304e-05,3.953e-05,7.6232e-06,4.0494e-05,3.8598e-05,-4.4327e-05,3.6751e-05,-3.1423e-05,-4.8841e-05,-4.5858e-05,-4.4986e-05,-1.0029e-05,-4.7992e-05,7.2431e-05,5.3712e-05,1.8566e-05,9.6801e-05,-3.3264e-05,8.735e-07,3.021e-05,3.8284e-05,-8.2813e-05,1.6678e-05,-8.2609e-06,2.5506e-05,3.5534e-05,3.9395e-05,2.0421e-05,-4.3972e-05,6.8584e-05,4.8236e-06,-3.3385e-05,1.7074e-05,7.8714e-06,2.9358e-05,3.7801e-05,-1.4058e-05,-0.00013049,-4.995e-05,1.6483e-05,8.5437e-05,3.5423e-05,1.1223e-05,5.3742e-06,6.7516e-05,-2.2145e-05,8.343e-06,5.3962e-05,-1.4487e-05,3.0145e-05,0.00026834,-3.9031e-05,3.9937e-05,1.5152e-05,3.0708e-05,0.00017363,-2.541e-05,0.00013403,-2.9018e-05,3.2666e-06,-4.691e-06,1.0325e-05,1.9742e-05,0.00010339,-1.0381e-05,3.918e-05,-9.5219e-06,-5.2655e-05,0.00013166,-3.3244e-05,6.8874e-06,7.7683e-05,-2.497e-05,0.00014973,0.00029096,-0.00012202,4.7578e-05,3.2508e-05,4.768e-05,2.4014e-05,1.7657e-05,-1.4475e-05,-2.5442e-05,1.5059e-05,-1.4216e-05,5.9492e-06,6.7874e-06,3.5236e-05,3.6558e-05,5.7275e-05,-1.3824e-05,9.8674e-06,-5.0518e-05,1.5608e-05,6.8086e-05,7.7469e-06,3.4548e-05,3.4569e-05,-9.8412e-06,3.659e-06,5.0483e-05,7.8921e-05,8.9708e-05,6.9792e-05,-8.7802e-06,0.00027454,-3.8242e-05,1.0956e-05,8.3991e-05,-1.2743e-05,3.5333e-06,1.6724e-06,2.9005e-05,-1.1352e-05,1.0183e-05,1.6711e-05,8.4609e-05,0.00024127,1.9975e-06,2.3186e-05,0.00018701,0.00020389,3.1806e-06,6.5301e-06,1.9519e-05,3.3387e-05,2.7838e-05
1.6249e-05,3.2249e-05,0.00013097,-2.6555e-05,7.3015e-05,-5.2775e-05,0.0003495,2.471e-05,4.1424e-05,6.6672e-05,6.0191e-05,-0.00012322,5.2954e-05,2.9325e-05,4.6576e-05,6.3153e-05,3.7588e-05,5.9063e-05,5.0272e-05,0.00011294,-5.7632e-05,5.3108e-05,1.1337e-05,4.2108e-05,5.5399e-05,-1.3255e-05,9.6838e-05,9.7943e-05,-3.3925e-05,8.6735e-06,0,8.0508e-05,6.1608e-05,5.3668e-05,6.4786e-05,-6.114e-06,-3.7705e-05,4.2125e-05,-6.2475e-05,-2.3474e-05,1.076e-05,7.5658e-05,3.4669e-05,0.00010234,1.6976e-05,6.9411e-05,3.2512e-05,-8.2723e-06,2.699e-05,6.7709e-06,4.7947e-05,0.00013148,-5.9752e-05,-4.8583e-05,0.000108,-0.00017463,0.00013404,-2.65e-05,6.8765e-05,1.0443e-05,-1.436e-05,7.1344e-05,6.6997e-06,7.8278e-05,-2.528e-05,6.7653e-06,6.7785e-05,-2.8965e-05,6.6678e-05,1.8604e-05,-5.3645e-06,7.8083e-05,7.6153e-06,3.9323e-05,4.5705e-06,7.7308e-05,4.5624e-05,4.9465e-05,8.1407e-05,0.00011264,-2.5683e-05,1.3815e-05,0.00013401,-2.789e-05,4.6895e-05,3.2259e-05,-6.9955e-07,-8.3916e-05,2.9584e-05,2.8938e-05,-2.1113e-05,3.4038e-05,-7.0077e-06,0.00011973,0.00012561,-0.00020286,1.2599e-06,3.5632e-05,5.5484e-05,9.959e-05,7.0493e-05,4.2619e-05,3.2686e-05,0.00014693,0.00012713,2.5863e-05,2.489e-05,3.8216e-05,-2.8074e-05,9.2673e-05,-2.4138e-05,-0.00013937,-1.2887e-05,6.2244e-06,0.00010951,7.6914e-05,2.5982e-05,7.8545e-05,7.3116e-05,2.2468e-05,4.7887e-05,0.0002372,6.3231e-05,4.3114e-05,7.6315e-05,5.3913e-05,3.758e-05,8.0236e-05,-4.3825e-05,1.6262e-05,6.3694e-05,6.0688e-05,-7.304e-05,3.0828e-05,5.098e-05,6.7204e-05,-4.0437e-05,3.8075e-05,7.5513e-05,8.1273e-05,8.0423e-05,6.3817e-05,8.3551e-05,-5.2513e-05,8.9036e-05,8.8354e-05,-3.9328e-05,4.3308e-05,0.00018838,5.9025e-05,5.151e-05,2.3905e-05,3.458e-05,0.00011509,7.9198e-05,7.2709e-05,1.5395e-05,3.6446e-05,-8.5045e-07,9.2212e-05,2.2865e-05,6.9428e-05,6.2915e-05,0.0001254,4.4256e-05,4.5585e-05,-1.6645e-05,1.5125e-05,-6.0897e-05,5.3595e-06,9.9139e-05,7.3788e-05,5.4703e-05,-2.0669e-05,-4.3375e-05,-2.4173e-05,-8.4781e-06,6.1355e-06,-6.6882e-05,0.00014699,9.168e-05,2.4339e-05,2.6993e-05,2.0951e-05,0.00011046,-2.3217e-06,5.0727e-05,-2.0604e-05,6.3673e-05,0.00010337,6.3015e-05,-1.3816e-05,-4.7778e-05,-3.9499e-05,2.9947e-05,9.3951e-05,0.00017915,7.8218e-05,3.3921e-05,3.1672e-05
0.00017218,2.5018e-05,3.1063e-05,-0.00010001,3.163e-05,5.1895e-05,2.471e-05,0.00058242,3.5192e-05,3.7064e-05,5.0372e-05,0.00039526,9.7062e-05,4.3105e-05,0.000137,9.7462e-05,-0.00012187,6.7862e-05,7.6386e-06,0.00014182,9.5843e-05,7.9919e-05,1.7893e-05,0.00017148,9.2315e-06,3.6265e-05,8.1314e-05,9.5998e-05,3.0974e-05,0.00011415,0,9.8784e-05,6.6362e-05,3.92e-05,1.8874e-05,0.00015627,-0.00014175,-3.3702e-05,-1.8739e-07,0.00013133,-1.0735e-06,5.9827e-05,3.9783e-05,-2.578e-05,-7.4762e-05,-0.00015092,8.7183e-05,1.1077e-05,-4.1513e-05,3.6986e-05,7.2055e-05,0.00012033,3.1973e-05,6.6659e-05,-7.4049e-06,-7.9886e-05,3.639e-05,-2.7949e-05,0.00013495,-0.00014394,3.3551e-05,3.0537e-05,-6.2628e-05,6.0843e-05,-2.3886e-05,0.00018493,-8.6718e-06,-3.5145e-05,-3.6343e-05,-1.8928e-05,0.00011191,3.8277e-05,6.0223e-06,8.8624e-05,-1.4066e-05,-2.491e-05,4.42e-05,0.00012698,0.0001168,3.0644e-05,-0.00018338,4.5486e-05,3.8061e-05,0.00010377,-0.00030208,7.2424e-05,8.4486e-05,5.349e-05,0.00015995,1.3328e-05,8.8139e-06,-5.308e-05,5.9218e-05,3.0424e-05,6.8733e-05,-4.9312e-05,1.0412e-06,-9.9475e-05,7.7694e-05,0.00010914,0.00014057,0.00016959,-1.5774e-06,-1.718e-05,7.6972e-05,0.00018528,-5.7898e-05,5.2024e-05,4.0532e-05,1.1761e-05,-0.00026327,0.00011449,-7.4043e-05,8.7048e-06,-1.7214e-05,-1.2208e-06,-2.4313e-05,7.8417e-05,0.00010037,3.883e-05,2.7754e-05,4.8709e-05,5.4224e-05,8.6996e-05,6.6388e-05,1.3226e-05,3.789e-05,8.1197e-05,8.9345e-06,0.00013927,0.00017814,5.2888e-05,8.2036e-05,4.3713e-05,9.5133e-05,-2.4085e-05,0.00015826,2.3362e-05,7.6459e-05,1.1682e-05,-3.1011e-05,0.00011637,5.921e-05,1.3191e-05,0.00010623,1.7427e-05,-9.5441e-05,-0.0001284,-1.1543e-05,4.1839e-05,1.4266e-05,0.00010247,6.2164e-05,7.9582e-05,0.00012886,5.9396e-05,6.088e-06,-1.0544e-05,0.00018922,-7.5862e-06,0.00016236,1.1328e-05,-1.0696e-05,6.7305e-05,3.4583e-05,8.8042e-05,4.069e-05,7.392e-05,-0.0001114,0.0001482,6.9382e-05,2.9246e-05,5.806e-05,0.00014077,4.3043e-05,-0.00012203,4.5511e-05,0.00011545,3.9009e-05,4.9514e-05,0.00013246,0.00013778,8.1117e-05,9.0689e-05,-3.1168e-05,5.2908e-05,0.00014426,-2.6628e-05,5.6604e-05,0.00012913,-4.6264e-05,7.9036e-05,6.4774e-05,0.00022401,0.00014251,2.3215e-05,0.00010682,9.1667e-05,1.8105e-05,3.1069e-05
7.909e-05,7.0041e-05,2.0819e-05,0.00015062,-2.8316e-06,-2.5037e-05,4.1424e-05,3.5192e-05,0.00015283,3.4751e-05,4.3453e-05,0.00031773,4.06e-05,5.5657e-05,5.8638e-05,6.7179e-05,3.2257e-05,6.6937e-05,7.3066e-05,0.00010925,2.0244e-05,4.2951e-05,2.9836e-05,7.8857e-05,4.0879e-05,8.7943e-06,8.0387e-05,7.3169e-05,2.5039e-05,8.7425e-05,0,7.3352e-05,6.3927e-05,5.9511e-05,8.4512e-05,5.2926e-05,-0.00021996,3.4521e-05,0.00010051,3.9769e-05,2.6302e-05,6.5358e-05,4.7005e-05,4.8331e-05,4.345e-05,0.00013687,3.8933e-05,6.2157e-05,9.6456e-05,4.5589e-06,6.8161e-05,0.00012054,1.1029e-05,1.4818e-06,2.1172e-05,8.7135e-05,0.000121,-2.8126e-06,0.00010281,6.5683e-05,3.3411e-05,-4.9905e-05,4.6542e-06,0.00011036,4.0879e-05,0.0001294,3.6836e-05,3.7087e-05,5.4113e-05,6.1966e-05,3.5478e-05,8.0292e-05,1.2498e-05,9.5121e-05,4.7216e-05,2.4793e-05,9.89e-05,6.5233e-05,1.5273e-05,6.1679e-05,0.00018207,4.7158e-05,5.546e-05,6.7871e-05,0.00025622,3.9086e-05,6.7291e-05,3.3548e-05,4.2778e-05,5.7617e-05,2.7156e-05,3.5465e-05,-4.4948e-05,6.9873e-05,8.9119e-05,-2.6014e-05,6.0647e-07,2.8856e-05,2.2918e-05,7.3909e-05,3.1236e-05,7.7711e-05,5.1434e-05,2.371e-05,9.0418e-05,0.00014456,5.7382e-05,8.3275e-05,1.9018e-05,4.9107e-05,-1.4257e-05,3.0885e-05,-4.6975e-05,7.8462e-05,6.4845e-05,6.4466e-05,2.316e-05,6.0686e-05,7.395e-05,2.1187e-05,4.2471e-05,8.083e-05,5.2874e-05,2.8474e-05,9.4681e-05,4.3403e-05,5.0472e-05,1.5474e-05,2.8274e-05,6.6664e-05,8.6276e-05,7.1039e-05,5.6212e-05,5.4832e-05,1.3197e-05,9.1148e-05,2.5967e-05,4.8529e-05,5.6759e-05,5.2898e-05,0.00011167,7.3382e-05,4.4688e-05,7.4076e-06,7.7589e-05,5.3834e-05,-8.9342e-05,2.1953e-05,5.1878e-05,5.4587e-05,2.5371e-05,5.0458e-05,0.00010094,9.4798e-05,8.8812e-05,9.2408e-05,1.5644e-05,7.3398e-05,-3.6159e-05,4.4931e-05,5.5882e-05,8.0509e-05,2.9339e-05,8.8219e-05,6.9634e-05,8.9377e-05,9.516e-06,7.4444e-05,7.1296e-05,5.4541e-05,7.4514e-05,6.9828e-05,2.8807e-06,8.091e-07,0.00013382,2.2737e-05,2.4512e-05,-4.0056e-06,5.2992e-05,4.5065e-05,8.1084e-05,9.5552e-05,6.0199e-05,1.1663e-05,0.00013613,7.9961e-06,4.4867e-05,2.9775e-05,4.9535e-06,3.8653e-05,0.00018111,6.8475e-05,2.1881e-05,0.00011402,1.4876e-06,5.1666e-05,4.2622e-06,6.4857e-05,5.8782e-05,6.0825e-05
9.0917e-05,3.7579e-05,1.8511e-05,5.2366e-05,3.2023e-05,1.1778e-05,6.6672e-05,3.7064e-05,3.4751e-05,8.5667e-05,3.9297e-05,-4.5256e-05,3.1013e-05,5.0946e-05,4.0588e-05,7.0534e-05,8.8817e-06,4.2e-05,4.2114e-05,6.8821e-05,-4.5134e-05,3.0977e-05,-3.3685e-06,7.6702e-05,6.1387e-06,2.7993e-05,1.7398e-05,5.7684e-05,5.5621e-06,6.8393e-05,0,4.0384e-05,3.7664e-05,5.7499e-05,4.7336e-05,-1.7015e-05,-6.8218e-05,2.8085e-05,1.8914e-05,3.264e-05,1.1432e-05,5.2949e-05,3.426e-06,3.9742e-05,2.2349e-05,7.1555e-05,3.7871e-05,6.8966e-05,7.3072e-05,2.2651e-05,5.1159e-05,0.00011775,-3.7336e-05,2.779e-05,-3.7478e-05,2.1335e-05,0.00012509,1.0351e-05,6.6497e-05,-1.8301e-05,1.5117e-05,2.5963e-05,2.708e-05,4.7876e-05,8.9879e-05,0.00010239,-2.9822e-06,1.9254e-05,1.9417e-05,3.3429e-05,2.5092e-05,3.213e-05,0.00014087,4.8028e-05,4.1148e-05,2.905e-05,4.2268e-05,3.2e-05,3.5943e-05,4.6149e-05,3.3872e-05,2.1284e-05,5.4449e-05,4.6121e-05,7.3683e-05,0.00010072,5.8269e-05,4.6295e-05,3.6145e-05,8.0868e-05,-1.3119e-05,1.0854e-05,2.3768e-05,9.4143e-05,6.1346e-05,-5.8746e-05,-3.3949e-06,5.5507e-06,2.266e-05,6.8942e-05,-3.5078e-06,5.8179e-05,5.12e-05,2.4561e-05,3.9095e-05,-3.3623e-05,3.6457e-05,2.5286e-05,-6.4426e-08,3.7493e-05,-4.9472e-05,-1.8194e-05,-4.9921e-05,4.5066e-05,0.0001136,3.7196e-05,8.8146e-06,6.8857e-05,6.5362e-06,2.3315e-05,4.9083e-05,3.7793e-05,6.3935e-05,6.7189e-06,6.6454e-05,5.8626e-05,3.0215e-05,4.0561e-05,2.6252e-05,1.566e-05,7.1255e-05,2.9412e-05,7.4233e-06,3.9036e-05,5.0528e-05,9.9317e-06,-5.1193e-06,2.726e-05,5.9941e-05,5.8588e-05,2.171e-05,4.8058e-05,-3.7012e-06,6.5736e-05,9.4966e-05,7.5996e-05,-3.7779e-05,0.00010897,2.5619e-05,6.9125e-05,1.9659e-05,3.8873e-05,1.44e-05,7.5163e-05,4.2516e-05,-3.5379e-06,1.6663e-06,3.6301e-05,1.0366e-05,5.9025e-05,3.2096e-05,9.2682e-05,6.4029e-05,5.8581e-05,3.9428e-05,6.0522e-05,6.7364e-05,2.3985e-05,1.0361e-05,3.3901e-05,4.243e-05,5.023e-05,1.9915e-05,5.164e-05,6.4686e-05,2.4261e-05,1.2572e-05,9.2271e-06,2.927e-05,6.7302e-05,5.1239e-06,3.0674e-05,3.62e-05,4.1168e-05,5.7705e-05,1.2482e-05,3.0622e-05,-6.5764e-06,1.2626e-05,7.6657e-05,9.3928e-05,2.5251e-05,-1.9433e-05,7.5183e-05,2.3426e-05,3.9716e-05,6.1451e-05,6.0826e-05,4.316e-05,3.4342e-05
5.6263e-05,3.1449e-05,6.5993e-05,3.8115e-05,8.2863e-05,1.0735e-05,6.0191e-05,5.0372e-05,4.3453e-05,3.9297e-05,8.3005e-05,-7.1077e-05,4.9777e-05,2.2023e-05,3.2533e-05,5.8999e-05,2.93e-06,5.0327e-05,-1.477e-05,0.00010931,-1.32e-05,4.1569e-05,3.4442e-06,8.3906e-05,2.5201e-05,2.5785e-05,3.6391e-05,4.5403e-05,-7.6896e-06,7.7439e-05,0,2.9878e-05,5.4713e-05,4.9928e-05,5.1413e-05,5.4617e-06,-6.8095e-05,2.2647e-05,1.7615e-05,6.7762e-05,2.7353e-05,5.0071e-05,5.3615e-05,7.1882e-05,2.9351e-05,8.6299e-05,6.0821e-05,2.9618e-05,0.00010727,4.2068e-05,4.6729e-05,0.00010564,-6.6857e-06,4.8829e-05,4.5714e-05,7.4496e-05,0.00014911,-1.8669e-05,5.0837e-05,2.746e-05,4.3001e-05,3.3724e-05,8.4715e-06,6.2884e-05,8.9657e-05,0.00011405,1.7222e-05,-7.1948e-06,2.3139e-05,4.5026e-05,5.1816e-05,5.2432e-05,8.326e-05,5.4992e-05,3.6596e-05,7.3188e-05,4.8387e-05,6.9522e-05,3.8633e-05,4.5165e-05,-1.2044e-05,5.6062e-05,5.1958e-05,6.8716e-06,3.3219e-05,2.5167e-05,4.4282e-05,4.2793e-05,7.7234e-05,5.0623e-05,3.4791e-06,4.0787e-05,3.5539e-05,5.8221e-05,5.7412e-05,-9.6035e-07,-2.2743e-06,3.4752e-05,4.5301e-05,5.0352e-05,5.392e-05,3.739e-05,4.0451e-05,6.1408e-05,5.9411e-05,3.7645e-05,3.0142e-05,6.9232e-05,4.089e-05,3.1294e-05,-3.8869e-05,3.6659e-05,-1.5093e-05,3.2312e-05,9.612e-05,4.4518e-05,1.1192e-05,4.9425e-05,6.2378e-05,1.2353e-05,4.7041e-05,6.2298e-05,0.00011332,4.7909e-05,8.4951e-05,3.7519e-05,6.7025e-05,3.3696e-05,1.4307e-05,7.6541e-05,8.2461e-05,1.2133e-05,5.7541e-05,2.1276e-05,5.3515e-05,4.9495e-05,2.4238e-05,2.265e-05,3.3121e-05,3.7923e-05,3.4417e-05,7.7419e-05,1.4748e-05,5.8369e-05,4.5643e-05,4.3975e-05,-2.347e-05,7.0355e-05,1.0205e-05,6.112e-05,4.219e-05,6.2024e-05,4.7441e-05,7.9664e-05,7.8928e-05,3.7524e-05,2.1986e-05,4.0423e-05,9.8097e-06,2.2833e-05,3.967e-05,5.509e-05,8.3483e-05,4.6977e-05,3.425e-05,5.0269e-05,1.9596e-05,-1.3974e-05,9.1839e-06,3.6567e-05,5.9592e-05,4.7211e-05,1.3926e-05,5.977e-05,7.777e-05,1.087e-05,4.3479e-05,4.0044e-05,-1.9351e-06,3.0117e-05,6.624e-05,3.9398e-05,5.2124e-05,1.9785e-05,4.8603e-05,2.374e-05,5.8889e-05,-3.8921e-06,3.3339e-05,2.8476e-05,1.7548e-05,2.3602e-05,5.2479e-05,9.4707e-05,5.2924e-05,2.4517e-05,0.0001169,5.8764e-05,3.9184e-05,4.2688e-05
-6.5987e-05,6.0022e-05,-0.0001738,6.4026e-05,-3.1544e-05,-0.00030205,-0.00012322,0.00039526,0.00031773,-4.5256e-05,-7.1077e-05,0.0038069,0.00010213,2.0444e-05,0.00011954,-2.2046e-05,-0.00036861,0.00015748,0.00010388,0.00023888,3.9122e-05,0.00015172,4.3218e-05,-4.286e-05,0.00015685,-5.9849e-05,7.7572e-05,5.1396e-05,4.8761e-05,0.00011501,0,0.00032335,5.0514e-05,-9.5452e-06,0.00017582,1.0717e-05,-0.0013871,3.824e-05,8.8042e-05,-0.0001679,8.9817e-05,6.3923e-05,2.7223e-05,-0.00015823,-6.9062e-05,-0.00039091,0.00014246,0.00031724,1.5333e-05,8.1065e-05,0.00012503,0.00040818,-0.00024536,0.00013107,-0.00013541,4.7994e-05,-0.00015292,2.6994e-05,7.5352e-05,0.0001824,5.921e-08,-0.00067484,-1.6187e-05,-7.5003e-06,-0.00011144,0.0001168,0.00020829,1.3682e-05,5.5016e-05,4.7073e-05,8.5467e-05,0.00011052,-5.3635e-05,0.00019567,3.5636e-06,5.3132e-05,-8.8219e-07,0.00017684,-5.8982e-05,-4.2343e-05,0.0001563,0.00014705,-3.1496e-05,0.00031434,0.00025685,7.0084e-05,0.00014241,0.00017447,-2.0374e-05,-7.0385e-05,-8.8993e-05,-0.00019393,-0.00034521,-2.3805e-05,-0.0001441,6.5928e-05,5.3228e-06,4.4924e-05,-5.7857e-05,0.00016422,0.00016964,0.00037128,-8.6776e-05,-1.5569e-05,7.0825e-05,0.00051484,-0.00010642,3.0933e-05,9.9682e-05,7.8096e-05,-4.731e-05,0.00015443,4.4447e-05,7.4083e-05,-0.00037007,-0.0001141,2.0587e-05,2.2127e-05,0.00016136,5.5655e-06,-4.7881e-06,0.00025628,9.1438e-06,-0.00069528,5.6097e-05,5.786e-05,4.3269e-05,-6.3078e-05,0.00014279,-4.1733e-05,-0.00013679,0.00031592,0.00013563,-5.9154e-05,7.3553e-05,6.4608e-05,9.4991e-05,0.00015031,7.9868e-06,-1.5078e-05,0.00015838,-2.5732e-05,0.00013391,-4.2851e-05,-0.00017422,-6.1858e-05,-0.00072936,-0.0001999,-0.00016207,-0.00016298,-8.1243e-05,6.3332e-05,0.00035833,-1.3622e-05,0.00013077,0.00022703,0.00018099,3.0328e-05,6.5377e-05,7.794e-05,0.0001591,-5.4598e-05,-0.0001246,9.222e-05,5.1357e-05,0.00042012,0.00010445,2.0323e-05,6.7514e-05,0.00024383,9.7599e-09,5.3173e-05,4.7671e-05,2.2651e-05,0.0001912,-0.00016457,6.7731e-05,0.00022623,-0.00051779,5.4506e-05,0.00015805,7.9646e-05,0.00014082,3.68e-05,9.6342e-05,-0.00011575,9.7403e-05,2.283e-05,-7.5136e-05,-0.00010634,2.8143e-05,0.00013649,0.0001653,0.00010775,-0.0003271,2.432e-05,-7.7277e-05,3.0609e-06,-3.4006e-05,2.2348e-05
2.113e-05,2.9598e-05,1.4382e-05,-1.0713e-05,7.9294e-05,-1.1383e-06,5.2954e-05,9.7062e-05,4.06e-05,3.1013e-05,4.9777e-05,0.00010213,0.00012155,3.7718e-05,4.3477e-05,8.1033e-05,-1.8998e-05,6.619e-05,-1.9924e-05,0.00010714,-4.4553e-05,4.8576e-05,2.1666e-05,7.0542e-05,-4.7653e-05,1.3373e-05,4.8416e-05,5.2712e-05,3.7938e-05,5.811e-05,0,6.538e-05,2.7466e-05,5.3503e-05,6.3255e-05,-7.8779e-06,-7.5469e-05,-1.819e-05,2.265e-05,3.8058e-05,1.355e-05,5.5985e-05,3.3048e-05,3.291e-05,9.7159e-06,4.8147e-05,4.9872e-05,-7.6231e-06,5.2459e-05,-1.8138e-05,6.3669e-05,0.00014751,4.7975e-05,7.6506e-05,-4.7194e-05,2.221e-06,0.00022312,4.6706e-06,6.8329e-05,-1.3522e-06,3.979e-05,1.4154e-05,1.4707e-05,4.4657e-05,4.3798e-06,6.6849e-05,4.0482e-07,-1.8794e-06,-2.979e-06,2.2948e-05,7.3139e-05,5.7293e-05,2.7145e-05,7.4707e-05,1.0554e-05,2.141e-05,4.1065e-05,5.7931e-05,-1.1849e-06,6.5532e-05,-4.0167e-07,2.9524e-05,7.195e-05,3.5309e-05,7.4511e-06,4.0517e-05,0.00010904,7.0324e-05,0.00017598,2.2598e-05,-2.4158e-07,-6.5878e-06,7.4348e-05,4.2203e-05,7.279e-05,-1.9142e-05,1.1693e-06,3.6154e-05,6.2709e-05,0.00010539,4.3995e-05,0.00011315,2.3581e-05,6.5301e-06,6.531e-05,1.5737e-05,4.7172e-06,6.492e-05,3.034e-05,2.3065e-05,-4.9785e-05,1.7399e-05,-6.3213e-05,2.3875e-05,7.15e-05,4.5789e-05,-2.0549e-05,2.6518e-05,4.9719e-05,2.3786e-05,4.6875e-05,9.8975e-05,8.2301e-05,-1.5316e-05,1.701e-05,6.1111e-05,4.4228e-05,3.9213e-05,4.9122e-05,6.2031e-05,6.6218e-05,2.5436e-05,4.9017e-05,3.1674e-05,3.0935e-05,-1.1997e-05,9.6746e-05,3.2306e-05,5.156e-05,2.474e-05,1.6596e-05,7.5305e-05,4.7927e-05,6.0326e-05,-4.0318e-07,9.1949e-05,-4.4575e-05,-2.8432e-05,0.00012043,2.6405e-05,4.5876e-05,6.8296e-05,3.0424e-05,9.5078e-05,0.00010101,6.6144e-05,9.5722e-06,2.2414e-05,-5.2972e-06,2.4844e-05,4.9145e-05,2.0272e-05,7.8621e-05,5.3109e-05,8.7246e-05,4.7727e-05,5.0067e-05,2.0105e-05,8.9638e-06,4.1728e-05,6.0609e-05,3.5189e-05,2.8821e-05,8.2904e-05,-6.7662e-06,1.1545e-06,2.5679e-05,3.9902e-05,9.7633e-05,2.4136e-05,6.4507e-05,7.1157e-05,9.1159e-05,1.8464e-05,4.3689e-05,2.8396e-05,7.1155e-05,9.495e-06,2.8958e-05,7.0712e-05,2.1287e-05,5.8184e-05,8.4104e-05,7.0858e-05,2.1751e-05,1.6195e-05,9.9609e-05,4.9506e-05,4.3171e-05,3.3426e-05
0.00011965,3.9211e-05,-9.8155e-06,7.2763e-05,2.1131e-05,2.5266e-05,2.9325e-05,4.3105e-05,5.5657e-05,5.0946e-05,2.2023e-05,2.0444e-05,3.7718e-05,8.4605e-05,6.4348e-05,9.486e-05,1.9648e-05,8.7777e-05,2.3779e-05,9.4721e-05,5.3594e-06,5.9276e-05,1.4862e-06,0.00010339,2.4095e-05,3.4131e-05,2.9758e-05,6.6391e-05,4.1919e-05,9.6229e-05,0,7.6382e-05,2.7062e-05,5.4603e-05,3.9071e-05,4.8525e-05,-0.00011666,2.6211e-05,5.2477e-05,5.4418e-05,-2.6987e-05,3.5162e-05,2.8535e-05,3.5083e-05,2.4403e-05,9.1796e-05,3.7508e-05,6.6991e-05,8.9233e-05,-3.7311e-06,5.0687e-05,0.00014787,-2.7194e-05,1.5453e-06,-1.4153e-05,4.3796e-05,8.9457e-05,2.3143e-05,8.3949e-05,1.9425e-05,7.0514e-06,1.4393e-05,2.1361e-05,7.0803e-05,7.6389e-05,0.00012925,-5.2823e-06,3.1412e-05,3.8127e-06,2.0663e-05,6.8737e-05,4.4784e-05,9.8338e-05,8.1753e-05,4.8815e-05,1.5323e-05,6.1874e-05,4.8355e-05,3.45e-05,2.8352e-05,9.9431e-05,1.8773e-05,6.151e-05,7.4156e-05,0.00010775,7.9951e-05,8.4262e-05,3.3643e-05,6.7952e-05,7.9667e-05,-3.8991e-05,8.7368e-06,1.721e-05,8.6951e-05,9.8969e-05,-2.8178e-05,-1.7947e-06,1.9886e-05,2.9636e-05,9.1672e-05,1.4451e-06,6.946e-05,5.4028e-05,1.4573e-05,4.5293e-05,2.558e-05,3.9939e-05,3.9621e-05,-4.8984e-06,-2.2998e-05,-8.9717e-06,-4.8878e-06,-7.4472e-05,5.3317e-05,6.3678e-05,7.8008e-05,1.0552e-06,7.4246e-05,3.1963e-05,3.3716e-05,4.6753e-05,9.7931e-05,4.1918e-05,5.5881e-05,4.2715e-05,5.7954e-05,1.1514e-05,3.6428e-05,6.2726e-05,1.9509e-05,5.9846e-05,1.5733e-05,3.0455e-05,4.1341e-05,4.2726e-05,2.1727e-05,4.699e-05,6.6445e-05,6.3904e-05,5.619e-05,6.3495e-05,8.5728e-05,5.331e-05,1.633e-05,6.2039e-05,8.6366e-05,-2.0682e-05,4.6003e-05,5.4614e-05,4.004e-05,3.6635e-05,4.0532e-05,5.6144e-05,8.3684e-05,5.164e-05,3.268e-05,3.0246e-05,3.3257e-05,4.1448e-05,5.0121e-05,5.1944e-05,0.00010031,8.1025e-06,6.4342e-05,6.1535e-05,4.3908e-05,2.8602e-05,6.4292e-05,3.9278e-05,5.8552e-05,6.1726e-05,4.659e-05,2.8837e-05,3.3024e-05,8.9903e-06,8.4732e-05,9.676e-06,1.4965e-05,6.223e-05,4.5346e-05,3.2122e-05,8.9406e-05,7.9508e-05,2.3314e-05,9.0335e-05,1.4458e-05,5.0947e-05,7.1031e-06,2.0378e-05,7.1569e-05,0.00011215,6.0878e-05,-1.2803e-05,8.5018e-05,4.163e-05,5.1157e-05,3.8112e-05,6.199e-05,5.5826e-05,3.9217e-05
8.7813e-05,5.685e-05,5.7329e-05,6.1984e-05,2.5742e-05,5.9956e-05,4.6576e-05,0.000137,5.8638e-05,4.0588e-05,3.2533e-05,0.00011954,4.3477e-05,6.4348e-05,0.00012401,9.4032e-05,-2.1676e-05,7.6774e-05,9.0122e-05,0.00010589,5.5322e-05,4.1435e-05,6.3815e-05,6.7837e-05,4.92e-05,1.5682e-05,8.2197e-05,8.3868e-05,2.8832e-05,0.00011395,0,6.4384e-05,6.2308e-05,5.6799e-05,5.3697e-05,0.00010716,-0.00016039,-9.0098e-06,8.7499e-05,4.912e-05,-2.2617e-05,3.5682e-05,5.306e-05,4.4873e-05,2.3467e-05,5.2446e-05,5.0667e-05,9.7685e-05,0.00010288,1.709e-05,5.2442e-05,0.00013856,-4.5403e-06,4.9173e-05,3.8666e-05,2.6673e-05,0.0001166,-2.208e-05,0.00010505,1.9451e-05,2.7959e-05,-7.1402e-06,-2.0349e-06,8.2551e-05,9.0815e-05,0.00015818,2.8066e-05,1.333e-05,3.8199e-05,2.7263e-05,6.78e-05,6.7001e-05,0.00011862,9.5901e-05,3.0368e-05,9.7452e-06,9.1699e-05,6.9932e-05,3.5653e-05,7.428e-05,5.7697e-05,7.0817e-05,8.5618e-05,2.8271e-05,5.0428e-05,2.6273e-05,8.892e-05,3.1383e-05,6.8752e-05,8.6122e-05,-3.2243e-05,2.2974e-05,4.4135e-05,0.00010071,6.1003e-05,-2.7595e-05,-2.946e-06,9.4547e-06,6.7267e-05,0.000111,3.5785e-05,9.0594e-05,5.8065e-05,3.8313e-05,7.2179e-05,7.8182e-05,3.041e-05,3.9147e-05,2.982e-05,2.3977e-05,-5.5348e-05,1.8341e-05,-3.1292e-05,6.127e-05,-3.0163e-05,7.5701e-05,-3.3976e-06,6.7143e-05,7.2273e-05,1.3419e-05,6.1508e-05,9.0081e-05,5.2134e-05,0.00010719,5.587e-05,7.0534e-05,4.7551e-05,3.7919e-05,5.3632e-05,-2.6746e-06,0.00010473,4.6964e-05,4.2486e-05,3.4282e-05,5.5865e-05,3.9421e-05,4.2921e-05,4.0106e-05,7.7021e-05,6.5738e-05,0.00010741,5.3927e-05,3.7496e-05,-1.2229e-06,8.5177e-05,7.7438e-05,-8.1414e-05,0.00013749,-1.5678e-05,3.727e-05,5.8502e-05,8.3874e-05,7.6627e-05,8.852e-05,0.00010315,6.7568e-05,4.0699e-05,4.3919e-05,8.5815e-05,4.5277e-05,9.1752e-05,7.2788e-05,1.0288e-05,6.598e-05,6.024e-05,6.714e-05,3.6823e-05,5.8292e-05,-1.8992e-06,7.785e-05,8.1564e-05,6.6897e-05,3.7272e-05,4.3819e-05,-1.1073e-05,5.2109e-05,2.7249e-05,4.7099e-05,7.4558e-05,7.0427e-05,8.2179e-05,0.000109,5.6748e-05,4.552e-05,7.6118e-05,2.3708e-05,9.0129e-05,2.1866e-06,2.4706e-05,7.2827e-05,6.6241e-05,7.4788e-05,2.6635e-05,9.507e-05,9.7781e-05,5.8702e-05,5.8483e-05,6.5941e-05,5.8828e-05,4.6747e-05
0.00017045,5.0923e-05,5.6368e-05,8.4515e-05,6.974e-05,7.7084e-05,6.3153e-05,9.7462e-05,6.7179e-05,7.0534e-05,5.8999e-05,-2.2046e-05,8.1033e-05,9.486e-05,9.4032e-05,0.000158,1.8853e-05,9.427e-05,3.2159e-05,0.00013281,-2.2816e-05,5.7097e-05,9.639e-07,0.00018058,7.3275e-06,3.4343e-05,6.0284e-05,8.6367e-05,6.8609e-05,0.00013414,0,8.8173e-05,3.1452e-05,8.7807e-05,6.3082e-05,2.871e-05,-9.089e-05,2.8837e-05,8.9831e-05,7.5658e-05,-4.8946e-05,5.3675e-05,5.6301e-05,6.9488e-05,3.5193e-05,0.0001299,7.8089e-05,8.2261e-05,0.00017176,-4.597e-06,7.5532e-05,0.00024627,-2.9698e-05,6.2692e-05,8.1197e-06,5.5387e-05,0.00024696,-3.0621e-06,0.00013116,-1.9751e-05,2.1297e-05,8.97e-05,3.7924e-05,8.1439e-05,0.00014028,0.00020445,1.7441e-05,3.9884e-05,2.4331e-05,3.2449e-05,0.00011785,6.3415e-05,0.00015137,9.9154e-05,6.2382e-05,4.7138e-05,9.2645e-05,8.1977e-05,1.9316e-05,6.5912e-05,7.2631e-05,6.1443e-06,7.988e-05,4.9541e-05,9.5176e-05,5.6023e-05,0.00011752,6.6747e-05,0.00012868,0.00010471,-1.6973e-05,9.3803e-06,5.3503e-05,0.00013249,0.0001057,-1.5469e-05,-2.7812e-06,5.7628e-05,5.0758e-05,0.00013563,4.6202e-05,0.00010029,7.8913e-05,2.8887e-05,6.9574e-05,2.1176e-05,4.0713e-05,6.9364e-05,1.8211e-05,-2.6609e-05,-8.2747e-05,1.4019e-05,-9.4451e-05,6.9494e-05,0.00012083,9.4475e-05,6.2516e-06,0.0001071,6.1233e-05,4.0703e-05,8.2206e-05,0.00012284,0.00010264,0.00012943,4.9675e-05,9.7929e-05,4.3831e-05,6.4758e-05,5.8865e-05,3.586e-05,0.0001321,3.0952e-05,4.6093e-05,4.4612e-05,5.5789e-05,3.4286e-05,9.1217e-05,5.7921e-05,0.00011029,7.217e-05,2.5483e-05,0.00014198,5.9595e-05,6.007e-05,9.2192e-05,8.7739e-05,-1.7102e-06,8.8002e-05,0.00011749,7.9565e-05,5.6467e-05,9.0239e-05,8.5687e-05,0.00013418,9.2552e-05,3.6933e-05,4.1511e-05,4.203e-05,2.2336e-05,6.6501e-05,6.3268e-05,0.000115,5.7141e-05,9.0952e-05,8.9037e-05,7.3185e-05,5.8912e-05,5.9683e-05,2.5086e-05,8.2053e-05,9.3206e-05,7.5202e-05,3.7876e-05,8.3151e-05,5.6823e-05,0.00011532,4.1153e-05,2.2741e-05,0.00012872,4.7523e-05,7.6237e-05,0.00012944,9.3018e-05,3.4607e-05,0.00011288,3.0014e-05,7.7411e-05,7.149e-06,4.3536e-05,0.00011034,0.00013238,8.536e-05,2.8188e-05,0.00014172,0.00012794,5.567e-05,9.9905e-05,8.4203e-05,8.18e-05,5.1998e-05
7.0739e-05,2.1443e-05,1.3072e-05,8.3351e-05,0.00018895,5.7423e-05,3.7588e-05,-0.00012187,3.2257e-05,8.8817e-06,2.93e-06,-0.00036861,-1.8998e-05,1.9648e-05,-2.1676e-05,1.8853e-05,0.0002196,2.5151e-05,-1.0282e-06,-2.7572e-06,8.0556e-06,1.3747e-05,-5.5192e-05,3.357e-05,3.0673e-05,-2.3604e-05,2.0569e-05,-5.4554e-06,4.5734e-05,-5.493e-05,0,2.1318e-05,1.1911e-05,3.064e-05,3.9732e-05,4.954e-05,0.00023026,3.1692e-05,5.1549e-05,4.4702e-05,-4.8141e-05,1.8437e-05,2.8465e-05,1.8015e-05,3.3054e-05,0.00015159,3.4549e-05,-4.3402e-06,7.95e-05,-5.7224e-08,-3.6403e-05,4.9908e-06,5.2908e-06,-6.7348e-05,-5.3251e-06,1.2641e-05,0.00025465,2.6711e-06,3.4824e-05,3.3813e-05,2.3375e-05,0.00011013,2.3197e-05,4.2131e-05,2.9112e-06,-5.5206e-05,6.2008e-06,5.0366e-05,7.1164e-06,3.3796e-06,-6.8779e-06,4.3494e-06,2.7239e-05,1.2341e-05,1.4649e-05,2.5781e-05,4.8401e-05,-2.3588e-05,-4.3809e-06,5.861e-05,7.2304e-05,-5.6175e-05,-3.6765e-05,8.5752e-06,8.3809e-05,4.1876e-05,-2.3436e-05,-3.3804e-05,-9.1781e-05,5.69e-05,5.3523e-06,8.3608e-05,-4.8911e-05,5.8141e-05,2.1288e-05,-2.1793e-06,-5.3345e-07,8.187e-05,-3.6249e-06,-5.3117e-06,-4.3588e-06,-4.0584e-05,7.7108e-05,5.0419e-05,-3.4927e-06,3.8274e-05,3.3096e-05,2.0128e-05,-2.3655e-05,2.2909e-05,4.3964e-05,-6.3659e-05,6.5347e-06,9.8008e-05,6.9603e-05,2.4231e-05,3.7391e-05,-8.0846e-06,-4.0102e-05,2.7349e-05,3.6998e-05,4.6877e-05,-2.4291e-05,0.00012617,1.3773e-05,4.3514e-05,-2.0496e-06,6.7798e-06,6.3436e-05,4.7409e-05,9.6959e-05,-2.1435e-05,-4.1548e-05,2.3849e-05,-8.2017e-05,5.5414e-05,-9.4985e-06,6.1253e-05,4.4378e-05,4.9641e-05,1.3134e-06,5.7047e-05,3.3213e-05,1.0995e-05,8.0158e-05,4.4691e-05,0.00016824,5.5117e-05,0.00010086,4.1186e-05,1.3982e-05,-3.1012e-05,-3.5021e-05,2.4758e-05,-4.7454e-05,1.9017e-05,-5.4793e-06,7.0984e-06,1.4984e-05,2.8012e-05,-9.3992e-07,2.0645e-05,-1.9304e-07,3.1215e-05,9.9347e-06,-5.9812e-05,-2.0125e-05,4.0691e-05,2.6835e-05,-4.5358e-05,4.3124e-05,-9.294e-06,-7.7441e-06,-4.3109e-05,1.4354e-05,6.9669e-05,-1.7306e-05,-2.761e-05,8.5438e-05,5.1762e-05,-2.9427e-05,3.9612e-05,2.0134e-05,4.905e-06,6.1731e-05,-9.1627e-06,-6.541e-05,3.0483e-05,2.2072e-05,7.0464e-06,0.00023156,-2.4214e-05,-1.8987e-05,3.6116e-05,1.3273e-05,4.0705e-05,3.9399e-05,3.7623e-05,5.1419e-05,3.6378e-05
0.00012678,4.4406e-05,-4.1493e-06,2.8004e-05,0.00011293,6.8345e-06,5.9063e-05,6.7862e-05,6.6937e-05,4.2e-05,5.0327e-05,0.00015748,6.619e-05,8.7777e-05,7.6774e-05,9.427e-05,2.5151e-05,0.00017312,1.6441e-05,0.00020348,9.6672e-06,0.00013307,-1.4732e-05,0.00012022,9.4556e-05,2.6739e-05,6.4305e-05,8.326e-05,3.7123e-05,0.00013428,0,0.00014307,6.385e-05,6.0573e-05,7.5691e-05,7.9746e-05,-0.00020717,4.3414e-05,1.5357e-05,0.00013273,1.3793e-05,6.035e-05,8.7999e-05,7.8346e-05,3.7906e-05,5.7933e-05,7.1532e-05,0.00011755,0.00011834,4.5243e-05,5.1986e-05,0.00021438,-4.9059e-05,1.9436e-05,-3.7685e-05,6.5559e-05,0.00018314,3.8295e-05,0.00010058,0.00010806,3.5773e-05,-3.1161e-05,1.7073e-05,0.0001058,0.00010206,0.00016297,4.4987e-06,1.84e-05,-8.6205e-07,3.8516e-05,0.00011516,8.6117e-05,0.00014034,0.00012384,6.8126e-05,5.5838e-05,8.4578e-05,9.1759e-05,6.6113e-05,5.6867e-05,4.3053e-05,9.0513e-05,9.1499e-05,0.00010927,2.9842e-05,0.00012228,8.4307e-05,5.4332e-05,6.3199e-05,9.4117e-05,-7.7789e-05,8.1045e-05,2.086e-05,9.7907e-05,0.00010473,-9.0561e-06,-2.8999e-06,6.0795e-05,7.0263e-05,0.00010153,5.7234e-05,7.69e-05,7.6187e-05,7.0606e-05,7.712e-05,0.00011915,5.4097e-05,9.5458e-05,1.09e-05,9.1653e-06,4.7393e-05,-1.7974e-05,-4.2587e-05,8.8645e-05,7.0958e-05,9.746e-05,8.1284e-06,8.2043e-05,6.6395e-05,4.9228e-05,6.6397e-05,0.00021878,0.00011439,-3.5383e-06,8.8669e-05,7.93e-05,5.579e-05,3.4182e-05,0.00014849,4.7302e-05,9.4467e-05,2.0125e-05,5.836e-05,3.1694e-05,7.2672e-05,5.956e-05,5.5423e-05,0.00012692,6.0789e-05,6.9416e-05,0.00011203,0.00014332,9.1028e-05,4.804e-06,4.12e-05,0.00012577,-5.1941e-05,5.7306e-05,3.8564e-05,4.8087e-05,8.019e-05,5.604e-05,7.6683e-05,0.00010709,7.7831e-05,0.00010224,8.6701e-05,5.3888e-05,0.00010597,5.1146e-05,8.3138e-05,0.00011724,3.8327e-05,9.4089e-05,6.4926e-05,5.8609e-05,1.2302e-06,4.7427e-05,3.152e-05,5.2234e-05,9.9878e-05,6.2495e-05,6.1691e-05,5.823e-05,-2.2695e-05,4.6456e-05,1.5784e-05,9.0454e-05,-3.6815e-05,6.122e-05,7.8308e-05,0.00011416,0.00014127,2.295e-05,0.00010339,1.0597e-05,9.7821e-05,1.793e-05,5.0761e-05,5.8773e-05,0.00022284,7.8862e-05,1.8701e-05,9.4269e-05,5.8752e-06,5.7502e-05,0.00012051,8.7649e-05,6.9604e-05,6.1805e-05
