0.00017932,6.0487e-06,8.0419e-06,8.2207e-05,7.6008e-05,9.8052e-05,-4.5224e-06,1.8119e-05,8.6398e-05,3.1055e-05,-3.2476e-05,4.573e-05,4.2128e-06,2.8606e-05,3.3408e-05,4.0687e-05,7.6322e-05,1.0058e-05,4.7898e-05,8.87e-05,2.8975e-05,9.5873e-06,9.0724e-05,0.00013476,3.7934e-05,5.842e-05,3.4514e-05,9.0219e-06,1.8513e-06,4.9713e-05,0,3.9137e-05,3.3454e-05,1.6375e-05,5.3268e-05,7.7525e-05,5.0183e-05,2.4864e-05,8.7838e-05,-2.6853e-05,2.5871e-05,4.0008e-05,2.7253e-05,2.0037e-05,4.9426e-05,2.9114e-05,3.7496e-05,-1.2723e-05,8.733e-05,1.3674e-05,3.5817e-05,8.8993e-05,-4.515e-05,4.767e-05,2.6868e-05,3.5215e-05,1.9483e-05,0,2.6373e-05,5.6611e-05,5.3028e-05,0.00011716,1.4015e-05,4.7157e-05,0.00010324,0.00013038,3.1166e-05,2.9328e-05,9.1092e-05,2.3495e-05,3.9138e-05,7.0204e-05,-2.0077e-05,5.7771e-05,2.8015e-05,-1.2119e-05,6.7262e-05,1.2021e-05,2.0878e-05,2.8249e-05,9.4429e-06,0.00011037,8.291e-05,3.6203e-05,6.3007e-05,8.3154e-06,5.3482e-05,3.4621e-05,-9.5534e-06,3.1679e-05,0.00014548,4.6552e-05,4.8336e-05,1.7151e-05,-1.1365e-05,7.033e-06,2.714e-06,-8.603e-06,9.1469e-06,7.8615e-05,8.9266e-06,6.5114e-05,7.0793e-05,8.7009e-05,-6.823e-06,6.1033e-05,1.3517e-05,-3.0889e-05,5.7389e-05,3.6922e-05,2.1224e-05,5.4539e-05,-9.2241e-05,1.0602e-05,2.5801e-05,4.0037e-05,1.0248e-05,6.7483e-05,8.5966e-06,4.419e-05,6.3736e-06,7.3524e-05,4.566e-05,6.0668e-05,2.1398e-05,5.4884e-05,-1.3029e-05,2.9465e-06,0.00012572,6.9451e-06,1.5388e-05,4.7284e-06,5.0533e-05,2.0514e-05,-2.1212e-05,3.7977e-05,1.567e-05,5.056e-05,5.427e-05,0.00010703,1.8327e-05,0.00011756,1.1438e-05,4.6201e-05,8.0631e-05,1.4251e-05,3.2238e-05,3.6276e-05,2.2124e-05,4.3446e-05,4.5552e-05,3.5173e-05,5.3309e-05,7.4844e-05,5.167e-05,-7.1999e-06,2.8026e-05,1.3745e-05,8.5075e-05,-6.0656e-06,6.5144e-06,2.7679e-05,1.7979e-05,6.3749e-05,4.1141e-05,-5.9684e-06,4.9169e-06,4.5009e-05,2.5578e-05,3.147e-05,2.6721e-05,-1.4939e-05,5.1166e-05,8.4458e-06,2.5041e-05,2.4195e-05,3.1258e-06,6.3537e-05,2.1163e-05,4.3144e-05,4.8896e-05,0.00010567,7.9983e-06,-1.4001e-05,2.2525e-05,2.4206e-05,8.1498e-06,4.5411e-06,5.5832e-05,3.7467e-05,0.00011514,1.8695e-05,4.1142e-05,6.8142e-05,3.4671e-05,3.7332e-05,4.6266e-05,5.6439e-05,7.7516e-05,3.074e-05
6.0487e-06,0.0001477,2.9301e-05,9.4937e-05,4.7366e-05,6.4926e-05,4.1163e-06,2.2506e-06,5.1207e-05,7.3705e-05,5.8098e-05,7.8111e-05,5.1817e-05,3.197e-05,-4.926e-06,6.8539e-05,0.0001211,0.0001084,0.00012985,6.3388e-05,2.9293e-05,0.00011781,-5.8939e-05,-1.1039e-05,-2.778e-05,4.5644e-05,3.1067e-05,3.7284e-05,4.3444e-05,2.9075e-05,0,8.9117e-05,4.3562e-05,4.8877e-05,6.1885e-05,4.2123e-05,-3.4644e-05,1.0305e-05,4.0665e-05,4.7227e-05,4.1173e-05,3.232e-05,7.8229e-05,4.0892e-05,6.0364e-05,8.068e-05,1.623e-05,9.125e-05,-4.3752e-05,9.252e-05,5.1147e-05,8.9086e-05,-2.034e-05,6.5651e-05,3.0175e-05,2.1978e-05,3.8969e-06,0,6.8103e-05,2.9056e-05,-5.1824e-05,-8.2226e-05,3.4949e-05,4.3684e-05,0.0001035,1.6192e-05,0.00010868,6.1052e-05,3.3605e-05,2.3986e-05,2.1024e-05,8.904e-05,0.00014854,-9.7683e-06,6.6816e-05,3.815e-06,5.4158e-05,2.3275e-05,1.7157e-05,4.0606e-05,0.00010477,3.144e-05,1.8323e-05,4.5042e-05,6.314e-05,4.758e-05,3.7362e-05,3.0705e-05,8.3646e-05,7.8483e-06,0.00014982,1.7011e-05,5.8806e-05,4.9043e-05,6.6149e-05,2.9141e-05,1.9734e-06,4.8198e-05,1.7993e-05,0.00013321,5.1291e-05,7.6482e-05,1.2085e-05,2.6592e-05,5.5391e-05,3.7244e-05,4.8306e-05,-3.1449e-06,1.6175e-05,2.111e-05,8.5061e-05,3.9839e-05,-2.673e-05,2.2421e-05,-4.5941e-06,4.7173e-05,3.0736e-05,7.37e-05,2.3832e-05,3.3421e-05,5.2631e-05,0.00011562,6.7631e-05,5.1445e-05,8.0918e-05,5.6994e-05,-4.8784e-06,3.0866e-05,-3.9167e-06,6.1348e-05,5.0068e-05,8.2369e-05,3.6823e-05,4.872e-05,3.9781e-05,-1.0763e-05,5.5303e-05,9.3867e-05,6.2427e-05,7.9436e-05,3.2108e-05,1.8027e-05,-2.761e-05,6.7499e-05,6.2052e-05,-8.044e-06,-1.8304e-05,4.4765e-05,1.9457e-05,2.8413e-05,3.238e-05,9.6116e-05,5.5832e-05,9.7897e-05,0.00010454,1.0868e-05,4.488e-05,1.8474e-05,4.493e-05,3.4695e-05,6.3558e-05,4.7198e-05,5.7748e-05,9.585e-05,0.0001021,0.00013722,3.0541e-05,7.8852e-05,1.2728e-05,1.5021e-05,7.6417e-05,2.8243e-05,2.8891e-06,8.0954e-05,1.8873e-05,1.6061e-05,9.4335e-05,5.2064e-05,6.2461e-05,1.4872e-06,3.3971e-05,5.2153e-05,9.3221e-05,2.5966e-05,4.5543e-05,8.1173e-06,5.8372e-05,4.4619e-05,2.1701e-05,4.2465e-05,2.1648e-05,5.4094e-05,1.8937e-05,6.2802e-05,6.5468e-05,1.7616e-05,2.4993e-05,4.1652e-05,2.2576e-05,4.6679e-05
8.0419e-06,2.9301e-05,0.00020172,-2.7658e-05,-1.9786e-06,-7.7808e-06,-7.2118e-07,7.8573e-06,-4.6291e-05,-1.3404e-05,-1.7353e-05,-6.5813e-06,2.6635e-05,-6.8308e-07,-1.0543e-05,-3.4589e-06,5.3688e-05,-2.1543e-05,4.3847e-05,-4.7129e-05,3.8182e-06,5.7649e-06,-0.00017803,-1.4469e-05,-6.501e-05,-1.3174e-05,1.3972e-05,-8.2994e-07,4.6557e-06,2.4166e-05,0,8.364e-06,-4.2755e-06,4.1287e-07,-9.1635e-06,-7.3847e-05,8.5705e-05,-3.7321e-05,1.0531e-05,2.6442e-05,-9.1373e-07,-1.8979e-05,4.5276e-05,0.00016106,-4.4284e-05,-2.3925e-05,8.6628e-06,3.3829e-05,-5.3351e-06,-5.8635e-06,-4.5869e-05,-3.1637e-05,2.3374e-05,-8.1752e-06,8.0473e-06,-1.2401e-07,-6.7355e-05,0,7.8971e-06,-1.9132e-05,-3.3391e-05,-1.2606e-05,-7.1175e-05,-5.6237e-06,3.547e-05,7.7265e-05,2.3643e-06,8.0988e-05,-1.469e-05,-1.9674e-05,-2.755e-05,-4.3707e-06,-8.804e-06,-2.2954e-05,-4.5418e-05,-1.1967e-05,-9.5219e-06,-5.9905e-05,-4.948e-05,-9.0991e-05,9.4021e-08,4.5663e-05,1.2833e-05,6.1922e-06,-2.4861e-05,-6.9606e-06,-3.4155e-05,3.6701e-05,3.2268e-05,2.3688e-05,-3.6827e-05,-7.4602e-06,-1.0347e-05,2.6172e-07,-3.4806e-05,-2.2861e-05,-9.3504e-06,2.4841e-05,9.0834e-07,-7.4897e-07,1.4738e-05,5.8166e-05,-1.205e-05,4.8234e-05,-2.709e-05,-4.9141e-05,-6.3825e-05,-3.5291e-05,-6.1279e-06,7.9747e-06,-4.4035e-06,4.4877e-05,-5.1473e-05,5.9149e-05,-2.2382e-05,-2.7067e-06,-6.4811e-05,1.7746e-05,-6.157e-05,-3.7716e-05,1.5363e-05,0.00013951,-9.8918e-06,-4.2267e-05,1.2475e-05,1.8768e-07,-1.7951e-06,-7.5066e-06,-2.449e-05,-6.6006e-05,5.5151e-05,-1.8269e-06,2.9933e-05,2.0436e-06,-2.1548e-05,-7.4842e-05,2.9449e-05,-3.6488e-05,1.0072e-05,4.7878e-05,-5.5094e-05,9.9466e-05,-5.9351e-05,2.0326e-05,5.4111e-05,-1.3248e-05,-1.4372e-05,-3.8817e-05,-2.7098e-05,-1.1072e-05,5.3533e-05,-1.5763e-05,-3.0446e-05,3.7058e-05,5.3395e-05,1.0973e-06,9.452e-06,-3.108e-05,-3.9533e-05,8.2884e-06,-1.7572e-05,1.7312e-05,1.5605e-05,3.1763e-05,-2.1188e-06,2.5074e-05,-1.4598e-05,9.7797e-05,-3.5415e-05,9.1512e-06,-2.3947e-05,-9.1308e-05,-6.5209e-05,1.8222e-05,-5.035e-05,1.1107e-05,-9.3362e-05,3.5494e-05,1.7879e-05,2.2416e-05,-1.7582e-05,-4.9139e-06,-2.1306e-05,-1.1026e-05,-1.2357e-05,-1.9474e-05,-1.0299e-05,-2.3833e-06,-5.9709e-05,-1.6377e-05,2.1528e-05,-2.1275e-05,-5.8606e-06,2.9132e-05,4.8048e-05,2.3015e-05,-9.8632e-06,-1.4981e-05,1.3287e-05,1.0172e-05
8.2207e-05,9.4937e-05,-2.7658e-05,0.00026042,2.9726e-05,9.0003e-05,-1.5482e-05,7.2365e-05,4.1742e-05,6.0026e-05,2.5632e-05,8.5923e-05,4.407e-05,3.536e-05,7.7814e-06,4.9308e-05,0.00011222,0.00011706,0.00014501,8.786e-05,7.3183e-05,9.5163e-05,8.6246e-05,3.3454e-05,-1.1844e-05,7.3032e-05,4.7287e-05,2.9655e-05,6.5501e-05,2.864e-05,0,0.00012317,6.8285e-05,3.052e-05,5.3371e-05,6.9147e-05,6.238e-07,6.8894e-06,6.4631e-05,4.52e-05,6.8758e-05,2.6557e-05,4.2957e-05,-1.044e-06,5.0315e-05,7.0307e-05,3.4361e-05,5.2808e-05,-7.0806e-05,7.2135e-05,3.218e-05,8.5704e-05,-8.8574e-05,0.00010096,-2.5523e-05,2.0095e-05,0.00014321,0,3.9857e-05,9.5677e-05,5.1368e-05,-5.3062e-05,6.9486e-05,4.5367e-05,7.2343e-05,6.8759e-05,0.00010327,3.6673e-05,0.00010616,4.8221e-05,3.064e-05,0.00011087,4.2751e-05,6.4077e-05,4.3627e-05,7.9424e-05,9.6666e-05,-1.7947e-05,3.6028e-05,9.0602e-05,0.00015027,0.00010654,7.6466e-05,3.7995e-05,5.9976e-05,1.5275e-05,6.3831e-05,5.3458e-05,4.5344e-05,5.9843e-05,0.00019027,3.1149e-05,8.5111e-05,5.0849e-05,0.00012064,-8.5012e-06,2.5065e-06,4.6602e-05,2.9043e-05,0.00010078,0.00011665,7.7847e-05,5.8023e-05,2.7554e-05,6.3189e-05,7.8411e-05,6.4418e-05,5.579e-06,4.0487e-05,2.7519e-05,8.6073e-05,1.9865e-05,-7.2444e-05,-1.9111e-06,4.1841e-05,5.9523e-05,1.2363e-05,5.5101e-05,1.1186e-05,3.4051e-05,4.3282e-05,0.00016928,7.7351e-05,9.7119e-05,4.4382e-05,7.3818e-05,-4.3449e-05,-1.0738e-05,0.00013485,6.5559e-05,-1.9576e-05,3.4876e-05,4.0657e-05,6.2943e-05,-4.5949e-05,9.4321e-05,4.3065e-05,0.0001688,7.1817e-05,0.0001142,4.0466e-05,4.2013e-05,9.9045e-05,3.7686e-05,7.0562e-05,-2.0001e-05,-2.3804e-05,1.5292e-05,1.0438e-05,3.7856e-05,-1.0113e-05,8.0252e-05,4.5406e-05,0.00010873,0.0001208,2.3553e-06,0.00014958,2.8634e-05,9.4248e-05,-4.5479e-05,3.4833e-05,4.6344e-05,3.2265e-05,5.3502e-05,0.000145,9.6752e-05,4.0123e-05,-2.443e-05,2.1104e-05,-1.1014e-05,8.1221e-05,3.7196e-05,1.9404e-05,7.1667e-05,3.1476e-05,5.0672e-05,8.398e-05,0.00011821,5.3302e-05,2.8285e-05,5.0188e-05,6.3622e-05,0.00011807,-2.1437e-05,4.5284e-05,6.0759e-05,3.8219e-05,6.7226e-05,3.7208e-05,0.00013715,0.00010557,7.0537e-05,1.3932e-05,6.3978e-05,6.7187e-05,1.8907e-05,1.2888e-05,8.3763e-05,9.1269e-05,3.398e-05
7.6008e-05,4.7366e-05,-1.9786e-06,2.9726e-05,0.00010804,6.358e-05,-1.0274e-05,3.5589e-06,7.3835e-05,-5.8648e-06,1.8307e-05,4.8492e-05,4.8735e-05,1.2709e-05,4.0987e-05,4.3701e-05,0.00010082,4.7527e-05,6.8e-05,0.00011006,3.0341e-05,1.7761e-05,2.4445e-05,5.7359e-05,4.8875e-05,4.7581e-05,2.9509e-05,1.165e-05,2.8901e-06,2.4064e-05,0,2.5352e-05,5.7098e-06,3.5714e-05,6.1965e-05,6.0094e-05,2.7377e-05,3.7238e-05,7.3833e-05,7.9709e-06,1.8842e-05,6.6501e-05,2.5759e-05,3.2259e-05,1.7136e-05,3.6887e-05,-6.8669e-06,1.3303e-06,4.2783e-05,1.2341e-05,2.4245e-05,0.00011161,-5.6809e-05,4.0161e-05,3.2952e-05,6.0763e-05,-1.1089e-06,0,4.7576e-05,1.0873e-05,1.4331e-05,6.5106e-06,7.5789e-05,5.6328e-05,0.00010421,6.6719e-05,6.2117e-05,-4.9048e-06,-2.3069e-06,6.9277e-06,3.1621e-05,4.6764e-05,3.922e-05,4.2658e-05,3.0858e-05,-2.7532e-05,3.3792e-05,3.1105e-05,3.5315e-05,2.2232e-05,3.9187e-07,5.5843e-05,6.8727e-05,3.7937e-05,6.3357e-05,1.9245e-05,2.3631e-05,2.3223e-05,2.5584e-05,7.8227e-06,0.00013944,2.3029e-05,5.6587e-05,6.7816e-06,4.3512e-05,-2.7484e-05,-1.0896e-06,1.0467e-05,2.131e-05,6.8823e-05,7.7862e-06,4.7704e-05,2.6087e-05,2.8121e-05,1.1567e-05,2.2536e-05,1.4362e-05,-1.2346e-05,5.637e-05,2.2418e-05,2.1329e-05,4.8611e-05,-2.7375e-05,3.7192e-07,-1.4441e-05,4.0056e-05,-1.5941e-06,6.5718e-05,3.6118e-05,3.8513e-05,2.267e-05,5.2905e-05,5.0579e-05,3.9816e-05,3.7976e-05,1.1155e-05,2.3665e-05,2.045e-05,1.7458e-05,1.2973e-05,2.0505e-05,6.8218e-05,2.9709e-05,2.6662e-05,3.4098e-05,1.1734e-05,-8.6251e-06,3.2088e-05,5.6351e-05,0.00011852,1.9384e-05,3.6042e-05,-4.266e-05,6.6375e-05,3.2847e-05,2.6911e-05,-8.7368e-06,3.1393e-05,7.8446e-06,3.8005e-05,3.3018e-05,6.4396e-05,2.3591e-05,0.00010172,7.3198e-05,5.2056e-06,3.4383e-05,1.3014e-06,5.5789e-05,3.8499e-05,4.4775e-05,2.1067e-05,5.2121e-05,5.4549e-05,6.3964e-05,3.824e-05,2.3136e-05,2.9856e-05,1.8943e-05,3.1009e-05,7.6384e-05,8.8534e-07,2.4666e-05,1.2289e-05,3.2359e-05,2.397e-05,2.0315e-05,-1.6229e-05,6.628e-05,3.2714e-05,4.5762e-05,9.6853e-05,5.8823e-06,9.0663e-06,2.2345e-05,5.1769e-06,4.0248e-05,-2.3639e-05,3.0402e-05,4.1907e-05,8.2222e-05,4.9769e-05,3.6995e-05,8.9479e-05,2.4747e-05,-1.879e-05,1.2015e-05,5.27e-05,3.5204e-05,1.9312e-05
9.8052e-05,6.4926e-05,-7.7808e-06,9.0003e-05,6.358e-05,0.00020037,6.6322e-06,2.3489e-05,0.00013495,7.5015e-05,4.867e-05,0.00011562,7.1682e-05,3.194e-05,3.8354e-05,6.559e-05,0.00018907,0.00011663,8.0848e-05,0.00014022,2.1187e-05,0.0001625,7.5011e-05,3.3216e-05,5.4652e-06,8.5115e-05,4.4144e-05,5.9793e-05,3.832e-05,1.802e-05,0,0.00014888,5.0542e-05,5.589e-05,0.00011035,5.9966e-05,-2.0331e-05,2.2312e-05,4.7367e-05,7.9317e-05,4.3845e-05,6.6934e-05,6.8982e-05,4.2015e-06,9.7441e-05,9.0083e-05,3.6749e-05,9.07e-05,-3.7033e-05,5.7185e-05,0.00014813,0.00016478,-4.1531e-05,9.864e-05,2.0163e-05,7.223e-05,1.0425e-05,0,6.9285e-05,2.7646e-05,1.7835e-05,-6.1319e-05,5.9254e-05,0.00013439,0.0001416,5.8928e-05,9.1238e-05,7.4099e-05,0.00012015,7.0156e-05,3.556e-05,0.00013309,0.00014399,8.0454e-05,0.00011606,-8.1632e-07,0.00010669,4.3322e-05,1.2349e-05,8.9407e-05,0.00015111,8.5328e-05,7.5964e-05,8.0051e-05,9.3855e-05,1.7936e-06,8.8115e-05,3.3625e-05,7.1508e-05,4.0666e-05,0.00022449,4.5591e-05,3.0396e-05,6.3977e-05,1.4981e-05,2.427e-05,7.6279e-06,1.5686e-05,3.2866e-05,0.00012757,1.4554e-05,8.7462e-05,8.381e-05,0.00010522,6.5682e-05,0.00010272,0.00010137,8.9941e-06,6.5617e-05,5.9197e-05,5.1278e-05,7.535e-05,-6.6011e-05,5.0735e-05,2.8667e-05,5.2379e-05,9.7049e-05,0.00013611,2.0571e-05,6.0303e-05,5.3744e-05,0.00013495,8.9336e-05,0.00011765,8.4237e-05,7.3103e-05,4.2162e-05,3.8785e-05,6.1405e-05,5.3092e-05,3.6545e-05,7.4795e-05,4.1374e-05,7.1855e-05,3.3041e-05,7.312e-06,5.8618e-05,0.00015603,8.6742e-05,0.00014697,3.9582e-05,6.0825e-05,-5.5373e-06,8.5917e-05,8.5448e-05,1.9684e-05,-3.2111e-05,5.4307e-05,1.5808e-05,6.4231e-05,5.4054e-05,8.5079e-05,6.9769e-05,0.00017624,0.00012946,5.5345e-06,2.0468e-05,6.1255e-05,0.0001152,1.1447e-05,7.4284e-05,8.8884e-05,3.872e-05,0.00010727,8.5319e-05,5.2851e-05,5.3715e-05,7.1734e-05,3.981e-05,3.3497e-05,7.3028e-05,6.6361e-05,3.6262e-05,7.1208e-05,4.6089e-05,-8.1174e-06,0.00011007,9.1212e-05,4.5112e-05,7.799e-05,6.2779e-05,0.00010529,0.00011316,8.0086e-06,6.2301e-05,3.9057e-05,5.4673e-05,9.1238e-05,7.3836e-05,0.00013383,7.1556e-05,6.5303e-05,6.0542e-05,5.2963e-05,0.00013754,4.334e-05,5.8958e-05,8.1376e-05,6.6492e-05,6.7365e-05
-4.5224e-06,4.1163e-06,-7.2118e-07,-1.5482e-05,-1.0274e-05,6.6322e-06,8.2902e-05,-3.0054e-05,-3.9203e-06,3.8283e-05,-9.4941e-06,-9.9945e-06,5.5923e-05,2.5726e-05,5.2033e-05,-1.3999e-05,-5.6923e-05,-2.1235e-05,-5.184e-05,-4.0914e-05,-3.9305e-05,-2.0005e-05,3.8085e-05,-2.5442e-05,-6.8457e-07,-1.7219e-05,6.3285e-06,6.6709e-07,3.5615e-05,-5.2224e-07,0,-1.4094e-05,-2.5821e-05,8.7873e-06,-5.7672e-06,2.337e-05,-3.1399e-05,-2.9302e-05,-9.0945e-05,-2.3933e-05,-4.5664e-05,-1.329e-05,8.1044e-06,2.3603e-05,-2.3901e-06,1.9105e-05,1.5622e-05,7.8071e-06,-2.4746e-06,9.2608e-06,-5.4497e-07,-1.8061e-05,3.9173e-05,-3.0249e-06,1.1484e-05,6.3763e-06,-8.8877e-06,0,5.0476e-08,-1.2067e-05,8.6835e-06,-0.00011181,-3.0884e-05,-2.3189e-05,-2.5195e-05,-3.9261e-05,-2.7888e-06,3.9016e-06,2.2269e-05,3.8868e-06,5.908e-05,4.899e-05,3.4175e-05,-8.0211e-05,1.2319e-05,-1.9365e-05,8.3151e-06,3.048e-06,-2.0852e-05,-3.879e-08,1.815e-05,-2.2632e-05,-1.5571e-05,1.4736e-05,1.8817e-05,-5.9362e-06,5.749e-06,6.523e-06,3.3646e-05,-4.6432e-07,-2.701e-05,-1.6214e-05,-6.0411e-06,6.0006e-05,-2.3784e-05,1.6276e-05,1.6007e-07,-1.2218e-05,-4.8099e-06,-4.0104e-05,1.4145e-05,-2.5792e-05,-4.4024e-06,4.2904e-06,-2.9277e-05,1.4749e-05,6.405e-06,-2.0267e-05,-7.6634e-06,2.468e-06,2.0133e-05,-3.4549e-06,5.8196e-06,1.0328e-05,-1.5208e-05,-2.0304e-06,1.3183e-05,2.064e-06,-2.0812e-05,-1.3308e-05,2.3401e-05,-1.221e-05,6.9552e-06,-4.4099e-06,2.072e-05,-5.5277e-06,-6.5805e-06,4.5875e-05,-8.8923e-05,-4.3457e-06,8.5067e-06,2.2125e-05,-1.0261e-05,5.855e-06,2.3419e-05,9.6021e-06,3.3883e-05,1.4751e-05,6.3591e-06,-2.8796e-05,-1.2539e-05,-3.168e-05,-2.3872e-05,2.9117e-05,1.7287e-05,-1.8957e-05,-4.8179e-05,2.041e-05,5.5719e-05,-1.9445e-05,8.6295e-06,-1.0097e-05,8.8165e-06,-2.4378e-05,-1.5536e-05,-3.3619e-05,-7.3533e-05,-1.7014e-06,6.3629e-05,1.2174e-05,2.801e-05,-9.412e-06,1.1549e-05,1.5057e-05,6.4607e-05,-1.0513e-05,-5.1374e-05,8.0636e-05,-1.8391e-05,-7.5722e-06,-2.7267e-05,2.1581e-05,-9.7254e-07,-3.9941e-05,2.899e-05,-6.1191e-05,1.9139e-05,4.0965e-06,-5.1846e-05,2.0556e-05,-3.0287e-06,-5.4047e-05,-4.1792e-05,3.4182e-05,-1.4094e-05,-1.883e-05,-1.6576e-05,9.2012e-06,7.4062e-06,-5.3418e-05,-3.7982e-05,-3.3451e-05,8.3817e-06,-3.6967e-05,-4.9014e-06,2.5853e-05,2.4295e-05,5.1792e-06,-2.5576e-05,8.5609e-06
1.8119e-05,2.2506e-06,7.8573e-06,7.2365e-05,3.5589e-06,2.3489e-05,-3.0054e-05,0.00011084,1.3618e-05,1.4589e-05,2.3011e-05,4.0391e-05,1.6335e-05,-3.374e-06,1.8424e-05,8.5357e-06,0.0001114,5.3225e-05,6.1937e-05,4.0849e-05,5.3856e-05,5.9567e-05,3.6973e-05,-1.1357e-05,4.2035e-05,3.4229e-05,2.8791e-05,3.7679e-05,3.9749e-06,1.3218e-05,0,8.1312e-05,-8.8071e-06,1.74e-05,2.596e-05,-6.0475e-05,-1.5656e-05,-8.4006e-06,5.8893e-05,4.854e-05,1.7909e-05,4.7529e-05,-1.2756e-05,-3.5681e-05,1.9709e-05,9.7156e-06,2.1371e-05,2.744e-05,-0.00010155,2.3103e-06,2.3299e-05,6.4198e-06,3.0514e-05,4.7021e-05,-3.7416e-05,1.9813e-05,4.9895e-05,0,1.7771e-05,4.8865e-06,2.4416e-05,2.0372e-06,3.7987e-05,3.8001e-05,-2.5213e-05,4.7881e-05,6.9507e-05,3.0855e-05,2.8648e-05,3.5313e-05,-2.396e-05,4.2177e-05,2.4484e-05,0.00012055,-1.6789e-06,6.4556e-05,3.4364e-05,-1.7947e-05,2.0807e-05,2.0239e-05,4.7313e-05,6.9723e-05,7.0533e-05,2.9627e-06,2.0368e-05,4.613e-06,3.3106e-06,1.5995e-05,-9.4388e-06,3.8382e-05,3.8389e-05,1.4491e-06,-5.8438e-06,-5.8158e-06,5.1945e-05,1.234e-05,2.9217e-07,3.2071e-05,2.2142e-05,1.2517e-05,4.0931e-05,9.1345e-05,4.8846e-05,2.3569e-06,6.9541e-05,6.1253e-05,2.2937e-05,2.8605e-05,2.7073e-05,4.0759e-06,2.6871e-05,3.8276e-05,2.5011e-05,2.2637e-05,3.0273e-05,1.3868e-05,3.3186e-05,-2.8358e-06,6.3063e-06,-9.9864e-06,1.5156e-05,0.00014433,4.7353e-06,4.6873e-05,9.0741e-06,-4.432e-06,2.9895e-06,-2.0047e-05,2.6865e-05,-5.4405e-06,-1.1021e-05,2.4387e-05,-9.9046e-06,4.637e-05,-3.3123e-05,5.8528e-05,-1.4862e-05,0.00010459,1.543e-05,0.00010438,4.7754e-05,2.384e-06,9.9368e-05,3.6468e-06,1.2744e-05,2.088e-05,-1.9552e-05,-4.2596e-05,-5.6829e-06,3.2106e-05,-2.0156e-05,1.1369e-05,-7.1725e-06,2.3241e-05,2.518e-05,4.8464e-05,0.00010171,2.5831e-05,-1.6883e-06,-2.8835e-05,7.8339e-06,2.6679e-05,-7.7932e-06,3.3656e-05,-1.681e-05,3.466e-05,6.8007e-05,-2.0968e-05,-3.0787e-06,2.8323e-06,2.3048e-05,3.3661e-05,7.031e-06,1.7657e-05,7.6352e-06,5.9654e-06,3.463e-05,4.9071e-05,1.0008e-05,4.0685e-05,3.0493e-05,-1.8907e-05,5.3937e-05,-2.3561e-05,5.1308e-05,4.2792e-05,2.1574e-06,1.7018e-05,-9.6772e-06,0.00013834,3.032e-05,1.3612e-05,1.3741e-05,3.4156e-05,2.4887e-05,4.1396e-05,2.1774e-05,1.622e-05,5.8595e-05,2.3459e-05
8.6398e-05,5.1207e-05,-4.6291e-05,4.1742e-05,7.3835e-05,0.00013495,-3.9203e-06,1.3618e-05,0.00025328,9.9132e-05,8.9002e-05,0.00013101,4.8884e-05,3.2619e-05,4.9983e-05,6.6145e-05,0.00010377,5.6155e-05,9.7899e-05,0.00014025,-1.8448e-05,7.7204e-05,6.7359e-05,4.3258e-05,6.3073e-05,6.3982e-05,6.7788e-05,5.7709e-05,2.4009e-05,2.1239e-05,0,2.8515e-05,9.6114e-05,4.328e-05,0.00010091,7.2708e-05,6.5771e-05,4.6232e-05,4.1344e-05,4.7377e-05,4.7007e-05,0.00010013,2.5397e-05,-0.00012178,9.8642e-05,7.1959e-05,1.9099e-05,1.9784e-05,2.1546e-06,5.2213e-05,0.00013621,0.00019036,3.815e-05,0.00010758,3.8893e-05,8.1043e-05,-5.7352e-05,0,6.9865e-05,-1.3658e-05,6.5554e-06,-3.1623e-05,9.1891e-05,8.1684e-05,7.8429e-05,7.6694e-05,8.3029e-05,3.4712e-05,5.3662e-05,5.6257e-05,5.7078e-05,0.00010822,0.00013472,5.3921e-05,0.00010323,8.4174e-05,0.00010649,7.9091e-05,5.338e-05,0.00015988,8.3959e-05,-2.6954e-05,6.8002e-05,9.8336e-05,0.00014834,-7.7178e-05,6.8948e-05,-6.2371e-05,5.6228e-05,1.5201e-06,0.00014812,3.0821e-05,0.00013035,6.8488e-05,2.291e-05,1.8253e-05,2.8417e-06,-9.4443e-06,1.2262e-05,0.00018165,-2.0172e-06,0.00011117,6.2229e-05,0.0001001,4.8697e-05,8.7133e-05,8.3996e-05,3.809e-05,9.3398e-05,7.8601e-05,1.6301e-05,8.9024e-05,-6.32e-05,2.4591e-05,4.9625e-06,4.457e-05,6.3258e-05,9.8005e-05,2.1073e-05,9.9334e-05,4.9488e-05,7.622e-05,6.9363e-05,3.0068e-05,0.000107,5.9708e-05,7.3019e-05,7.093e-05,1.0212e-05,0.00010256,1.3802e-05,8.8403e-05,-1.5506e-05,4.324e-05,6.2048e-05,3.7911e-05,2.7287e-05,8.1048e-05,8.1069e-05,0.00012369,7.7229e-05,5.0063e-05,-5.5714e-05,6.0295e-05,0.00011207,9.8794e-06,4.9194e-06,6.4998e-05,9.454e-05,0.00011853,6.2489e-05,9.0355e-05,4.661e-05,0.00016357,0.00013423,4.3405e-05,-5.0469e-05,4.5673e-05,9.1226e-05,3.152e-05,0.0001237,0.00010863,1.3077e-05,0.00012865,-3.3592e-05,7.3828e-05,0.00011073,0.00013883,5.0619e-05,4.9797e-05,0.00011731,0.00015409,0.00010066,2.5791e-05,5.7249e-05,-4.9951e-05,0.00010187,5.3772e-05,2.781e-05,2.8578e-05,8.7924e-05,8.3874e-05,1.9427e-05,3.9458e-05,1.9305e-05,9.9118e-06,3.9923e-05,5.5478e-05,0.00014457,7.9806e-05,-2.4402e-05,6.9853e-05,3.246e-05,5.8545e-05,0.00010485,2.0095e-05,9.5429e-05,5.9713e-05,4.4836e-05,4.4746e-05
3.1055e-05,7.3705e-05,-1.3404e-05,6.0026e-05,-5.8648e-06,7.5015e-05,3.8283e-05,1.4589e-05,9.9132e-05,0.00016232,3.8871e-05,6.4292e-05,1.4311e-05,3.3856e-05,1.6504e-05,5.0003e-05,-2.5062e-05,4.8775e-05,7.556e-05,4.6976e-05,-3.8527e-05,6.6834e-05,4.4655e-05,2.736e-06,-2.4378e-05,2.6875e-05,3.152e-05,3.7785e-05,2.4993e-05,1.8212e-05,0,6.6397e-05,4.4743e-05,2.689e-05,5.0459e-05,7.3596e-05,-6.3381e-05,-5.9992e-06,-3.9203e-06,-5.9833e-06,3.1264e-05,2.1535e-05,5.5481e-05,-8.3843e-05,8.7662e-05,9.4478e-05,4.0409e-05,7.2716e-05,-8.0044e-06,9.7942e-05,9.4191e-05,1.8622e-06,7.971e-05,9.311e-05,2.5011e-05,1.9354e-05,-3.4487e-05,0,3.2544e-05,2.0421e-05,8.2046e-06,-6.1228e-05,-5.4339e-06,3.6605e-05,6.1026e-05,-3.9295e-06,6.4521e-05,6.3796e-05,0.00010332,4.4184e-05,4.4166e-05,9.0097e-05,0.00011448,3.1925e-05,7.1955e-05,1.7386e-05,8.5672e-05,3.0908e-05,1.1785e-05,9.062e-05,0.00010421,6.8059e-06,-3.8761e-07,4.9532e-05,5.8917e-05,-1.4811e-05,5.4592e-05,2.5081e-07,5.036e-05,-9.7591e-06,2.1164e-05,1.4668e-05,-1.5141e-05,8.5e-05,-7.3911e-06,9.1784e-05,5.6749e-06,2.8095e-06,4.3906e-05,0.00012343,4.0966e-05,0.00011348,3.8983e-05,6.1679e-05,4.414e-05,8.6159e-05,5.9688e-05,3.6621e-06,2.4034e-05,2.1327e-05,7.0498e-05,6.5821e-05,7.4791e-06,5.3593e-05,1.4045e-05,3.8903e-05,0.00010226,4.1667e-05,1.5839e-05,3.6902e-05,6.3146e-05,6.2553e-05,3.9145e-05,3.55e-05,8.1796e-05,6.311e-05,-2.3121e-05,4.7724e-05,-2.8485e-05,6.2466e-05,4.7861e-05,4.9213e-05,-3.2545e-07,4.4499e-05,3.9735e-05,1.6834e-05,7.5595e-05,0.00010085,4.5169e-05,3.971e-05,4.6485e-05,1.4651e-05,1.5554e-05,5.0853e-05,0.00010459,-3.9096e-05,1.0741e-05,6.0825e-05,8.8042e-05,4.6116e-05,1.3505e-05,5.4777e-05,7.247e-05,4.9386e-05,5.221e-05,1.3633e-05,-3.3984e-05,3.4342e-05,4.7496e-05,1.8772e-05,6.5764e-05,4.4071e-05,1.6778e-05,0.00011855,2.2461e-05,7.8892e-05,4.5201e-05,0.00012883,1.3365e-05,2.4955e-05,1.17e-05,7.7781e-05,5.6121e-05,5.0625e-05,5.0253e-05,-6.0685e-05,0.00014922,9.4491e-05,-1.7698e-05,-2.2556e-06,5.2407e-05,-2.037e-05,5.5764e-05,4.2856e-05,1.944e-05,1.9192e-06,2.0925e-05,6.8797e-05,8.2868e-05,2.3419e-05,-7.0136e-05,2.302e-05,1.8508e-05,-1.671e-06,7.1886e-05,6.3557e-05,8.2251e-05,2.8159e-05,1.6734e-05,4.774e-05
-3.2476e-05,5.8098e-05,-1.7353e-05,2.5632e-05,1.8307e-05,4.867e-05,-9.4941e-06,2.3011e-05,8.9002e-05,3.8871e-05,0.0001102,7.4157e-05,7.0116e-05,2.0553e-05,-1.7388e-06,1.8638e-05,4.6301e-05,6.2495e-05,7.6724e-05,6.8941e-05,-9.7492e-06,5.9436e-05,-3.1866e-05,-4.8748e-05,-6.5442e-08,3.0398e-05,3.3585e-05,3.7552e-05,3.5203e-05,-1.839e-05,0,4.226e-05,-6.93e-06,1.5981e-05,2.9906e-05,-1.8629e-05,-1.5543e-05,1.8028e-05,-6.5512e-06,9.2119e-05,2.888e-05,5.5308e-05,2.3641e-05,-4.7463e-05,3.6925e-05,3.0802e-05,5.6643e-06,4.2284e-05,-0.00010929,2.8798e-05,7.1008e-05,8.1887e-05,-3.797e-06,3.5455e-05,1.3755e-05,2.4208e-05,-3.7291e-05,0,3.5874e-05,-2.6854e-06,3.3225e-05,-8.9999e-05,6.4892e-05,4.02e-05,2.0465e-06,-7.553e-06,6.8232e-05,1.7254e-05,3.788e-06,2.5271e-05,-1.8026e-08,5.8254e-05,8.7148e-05,-5.5582e-07,4.0507e-05,4.3585e-05,4.8069e-05,2.1292e-05,-1.1783e-05,6.2135e-05,6.0974e-05,-8.3568e-06,-4.1103e-06,5.4706e-05,5.2659e-05,-1.548e-05,3.0152e-05,-2.1093e-05,4.2948e-05,4.675e-06,7.0509e-05,8.6817e-06,2.7816e-05,3.7688e-05,1.9751e-05,1.6594e-05,2.9197e-07,1.2185e-05,2.0312e-05,6.8536e-05,2.4263e-05,5.0988e-05,1.0607e-05,1.8021e-05,7.5045e-05,2.9049e-05,4.4799e-05,5.1513e-05,2.0158e-05,3.9264e-05,8.92e-06,2.5044e-05,1.4733e-06,9.9919e-06,1.7432e-05,2.1342e-05,3.3915e-05,4.1157e-05,-1.1936e-05,3.7069e-05,2.901e-05,9.9873e-05,2.8208e-05,1.7989e-05,7.2248e-05,3.7749e-06,3.8845e-05,4.1029e-05,-4.7224e-05,6.175e-05,1.6727e-05,7.4098e-05,-2.9214e-05,3.1099e-05,3.5803e-05,-9.2199e-06,1.2193e-05,7.4176e-05,4.1999e-05,6.1724e-05,3.7506e-05,-4.8159e-06,-6.4946e-06,1.0203e-05,1.691e-05,6.2945e-06,-3.5829e-05,-6.9452e-06,3.0789e-05,3.482e-05,1.7015e-05,6.2063e-05,-1.6481e-05,8.8312e-05,7.9004e-05,4.046e-05,-3.7607e-06,2.8177e-05,2.4102e-05,3.4787e-05,7.4273e-05,5.6458e-05,2.0046e-05,5.1109e-05,1.474e-05,7.5631e-05,8.1088e-05,2.5839e-05,3.1827e-05,1.2509e-05,7.5323e-05,9.5616e-05,2.4658e-05,4.8078e-05,1.8091e-05,-2.5825e-05,4.1904e-05,-3.6421e-06,3.4078e-05,-2.6518e-07,-1.9001e-07,2.2389e-05,5.2225e-05,2.2474e-05,2.3421e-05,2.0701e-05,3.8174e-05,1.8868e-05,5.3307e-05,7.9897e-05,-1.3423e-05,3.7802e-05,1.0137e-05,1.3652e-05,6.0856e-05,-5.8155e-06,3.7789e-05,1.9213e-05,5.7992e-06,3.07e-05
4.573e-05,7.8111e-05,-6.5813e-06,8.5923e-05,4.8492e-05,0.00011562,-9.9945e-06,4.0391e-05,0.00013101,6.4292e-05,7.4157e-05,0.00012436,6.8247e-05,2.8445e-05,3.3163e-05,5.1956e-05,0.00014506,8.277e-05,0.00011471,0.00010229,2.1137e-05,0.00012218,6.5371e-05,2.8484e-05,2.3876e-05,6.8204e-05,4.7507e-05,4.5172e-05,2.8621e-05,1.6461e-05,0,9.2745e-05,6.939e-05,4.5871e-05,7.8955e-05,2.7155e-05,-1.4782e-05,2.0704e-05,8.2597e-05,7.473e-05,3.3821e-05,7.2337e-05,4.9115e-05,-2.933e-05,7.0772e-05,5.9802e-05,2.318e-05,4.926e-05,-5.0259e-05,5.6023e-05,0.00010002,0.00014005,-2.232e-05,7.9204e-05,1.5171e-05,5.3827e-05,2.7861e-06,0,7.2093e-05,-5.3253e-06,-9.751e-06,-6.5073e-05,5.9884e-05,7.5026e-05,5.9341e-05,6.1463e-05,0.00010706,6.0411e-05,6.9204e-05,4.3892e-05,3.0328e-05,9.1585e-05,0.00014372,5.1405e-05,7.9147e-05,5.5255e-05,8.6364e-05,3.3828e-05,2.5558e-05,0.00010035,0.00010547,3.0994e-05,6.7253e-05,7.4042e-05,8.4429e-05,-6.5261e-06,6.3532e-05,2.9441e-06,6.3782e-05,2.929e-05,0.00016822,1.9119e-05,8.497e-05,2.9994e-05,6.2349e-05,1.8125e-05,2.8148e-06,2.5484e-05,1.1285e-05,0.00010952,1.7895e-05,0.00010074,5.6456e-05,6.945e-05,6.0697e-05,7.1882e-05,6.788e-05,2.3281e-05,5.4184e-05,5.2163e-05,3.2563e-05,6.9745e-05,-3.529e-05,3.497e-05,2.5028e-05,3.793e-05,5.528e-05,8.0999e-05,4.0855e-06,4.4806e-05,4.5853e-05,0.00012644,6.8774e-05,4.1459e-05,7.6615e-05,4.3182e-05,5.269e-05,3.0626e-05,3.7159e-05,6.5683e-05,1.2763e-05,8.0486e-05,9.5134e-06,4.8834e-05,2.367e-05,3.0551e-05,2.8612e-05,0.00011277,6.2844e-05,0.00011722,6.1797e-05,3.7352e-05,-3.3827e-05,3.4429e-05,5.9613e-05,2.7909e-05,-3.0133e-05,3.7763e-05,2.8467e-05,6.3205e-05,2.2561e-05,8.026e-05,2.835e-05,0.00014219,0.00012755,3.0216e-05,2.6222e-05,3.7208e-05,5.7978e-05,-7.6864e-06,7.4084e-05,7.1416e-05,4.2336e-05,9.743e-05,2.7447e-05,7.6373e-05,7.1439e-05,6.5922e-05,2.7521e-05,2.2575e-05,7.863e-05,7.7641e-05,4.1296e-05,5.4498e-05,1.7695e-05,-1.3041e-05,0.00010299,8.0719e-05,4.0538e-05,4.5645e-05,4.2075e-05,4.2313e-05,7.5411e-05,1.2854e-05,4.1695e-05,3.6581e-05,3.5981e-05,7.3994e-05,6.8754e-05,0.0001031,3.9974e-05,6.6611e-05,2.5038e-05,4.4462e-05,8.1801e-05,2.0811e-05,6.1854e-05,4.9217e-05,4.4212e-05,4.5714e-05
4.2128e-06,5.1817e-05,2.6635e-05,4.407e-05,4.8735e-05,7.1682e-05,5.5923e-05,1.6335e-05,4.8884e-05,1.4311e-05,7.0116e-05,6.8247e-05,0.00018901,3.3127e-05,6.5593e-05,-5.6351e-06,8.1169e-05,5.6421e-05,4.1557e-05,4.3622e-05,-3.4895e-06,1.9446e-05,5.9426e-05,-4.1016e-05,3.9277e-05,2.4734e-05,6.0219e-05,3.3294e-05,8.1593e-05,-2.4111e-05,0,5.093e-05,-4.2555e-05,2.3663e-05,4.7973e-05,1.0341e-05,-6.0086e-05,-3.7963e-06,-4.4539e-05,6.8679e-05,-9.6226e-06,4.7993e-05,4.234e-05,0.00010118,1.644e-05,1.6678e-05,4.1515e-05,1.3892e-05,-8.1388e-05,-3.5697e-06,4.698e-07,0.00012784,1.5184e-06,3.4786e-05,2.6529e-05,5.2448e-05,2.0257e-06,0,4.683e-05,-1.8396e-05,8.6105e-05,-0.00022561,1.0847e-05,4.0967e-05,2.735e-05,2.2929e-05,8.6524e-05,2.9416e-05,2.0143e-05,1.9876e-05,7.0774e-05,0.00010386,8.4416e-05,-1.9326e-05,1.6054e-05,-5.4988e-06,5.2541e-05,-2.0651e-06,-2.8117e-05,3.3199e-05,7.1714e-05,3.5442e-05,2.8336e-05,6.6138e-05,7.6692e-05,-3.0968e-05,4.8214e-05,3.7248e-05,7.9622e-05,4.3437e-05,0.00011857,1.0581e-05,3.8483e-05,3.7002e-05,2.7248e-05,-9.1314e-06,-6.5055e-07,2.0994e-05,2.3552e-05,6.1325e-06,3.0578e-05,6.4607e-05,1.9358e-05,7.1009e-06,2.2356e-05,2.348e-05,1.4802e-05,6.7106e-06,4.0022e-05,5.8187e-05,1.6929e-05,2.0557e-05,-2.6848e-06,2.6799e-05,2.724e-05,2.8433e-05,1.4678e-05,5.3058e-05,-1.2308e-05,1.092e-05,3.3265e-05,0.00017157,5.5096e-05,1.1206e-05,7.0616e-05,7.6629e-06,4.525e-05,7.2596e-05,-9.8998e-05,2.1892e-05,1.6106e-05,8.62e-05,1.061e-07,3.4876e-05,1.7661e-05,2.6729e-05,1.9669e-05,0.0001056,5.2391e-05,0.00011642,2.2115e-05,-1.0727e-05,-2.0862e-05,4.0048e-05,3.8326e-05,1.4658e-05,-0.00011564,1.307e-05,5.8537e-05,1.4547e-06,2.4106e-05,4.9988e-05,-1.4183e-05,0.00011206,0.00011008,-1.0554e-05,2.1433e-05,9.698e-06,9.236e-05,2.4046e-05,8.3059e-05,2.4516e-05,6.7356e-05,6.2533e-05,0.00013102,4.8218e-05,1.3352e-06,7.9737e-05,1.0819e-08,4.6338e-06,6.8799e-05,3.3564e-05,-1.3713e-05,-1.4876e-05,3.3396e-05,-3.633e-05,-2.0049e-05,1.3405e-05,1.7752e-05,5.9714e-05,1.5626e-05,1.744e-05,4.3987e-06,2.2549e-05,3.4893e-05,2.7653e-05,1.8858e-05,1.5132e-05,3.6773e-05,4.3229e-05,4.7868e-05,2.7776e-05,2.7924e-05,1.3884e-05,4.2435e-05,-3.7686e-06,2.1559e-05,5.1362e-05,4.5908e-06,3.9035e-05
2.8606e-05,3.197e-05,-6.8308e-07,3.536e-05,1.2709e-05,3.194e-05,2.5726e-05,-3.374e-06,3.2619e-05,3.3856e-05,2.0553e-05,2.8445e-05,3.3127e-05,3.4641e-05,1.657e-05,1.5567e-05,6.2826e-07,2.3996e-05,3.4671e-05,2.4708e-05,-1.6515e-05,2.8095e-05,1.0682e-05,1.8323e-05,4.241e-06,2.0052e-05,1.343e-05,1.2224e-05,3.1204e-05,1.5286e-05,0,2.3951e-05,1.3667e-05,1.515e-05,1.4763e-05,2.0307e-05,4.6897e-06,1.3467e-07,-1.4915e-05,1.4956e-05,8.4547e-07,1.4172e-05,2.032e-05,-4.0268e-06,2.6568e-05,2.0173e-05,2.0381e-05,2.5059e-05,-1.8458e-05,1.0235e-05,1.7194e-05,1.8501e-05,2.2351e-06,2.321e-05,1.2943e-05,-1.089e-06,-7.5681e-06,0,2.0878e-05,2.954e-05,2.0701e-05,-3.3367e-05,2.5131e-05,1.2577e-05,-5.9935e-06,1.2148e-05,4.2021e-05,1.7372e-05,3.4104e-05,1.5693e-05,2.9053e-05,5.7576e-05,4.6037e-05,-3.013e-05,1.8678e-05,4.4561e-06,3.7114e-05,3.2924e-06,3.4736e-06,1.911e-05,2.5945e-05,2.8866e-05,1.3919e-05,3.0897e-05,3.8223e-05,1.027e-05,2.3368e-05,3.4268e-06,2.5204e-05,7.1378e-06,5.3522e-05,5.4883e-06,9.5364e-06,4.346e-05,9.4334e-06,2.3767e-05,6.3845e-07,3.9721e-06,8.4624e-06,2.3316e-05,5.4926e-06,1.1958e-06,1.2399e-05,2.328e-05,9.7144e-06,1.7712e-05,2.0359e-05,-4.2513e-06,5.4365e-06,1.9633e-05,2.9041e-05,2.4706e-05,-2.696e-05,-1.242e-06,-5.094e-06,2.0707e-05,1.1195e-05,2.8547e-05,-1.4609e-05,1.549e-05,1.1661e-05,4.7206e-05,2.8913e-05,2.3717e-05,2.2172e-05,1.3771e-05,-1.2073e-06,2.4375e-05,3.0836e-06,3.1538e-05,1.6949e-05,3.1356e-05,-7.0428e-06,1.924e-05,1.2744e-05,1.4881e-06,1.7521e-05,4.4165e-05,2.9489e-05,2.0132e-05,6.8392e-06,1.5866e-05,-4.9636e-06,1.9658e-05,2.0192e-05,2.4425e-06,-1.8171e-05,1.407e-05,3.8723e-05,4.3377e-06,2.5743e-05,2.6354e-05,1.6296e-05,3.7152e-05,3.4344e-05,-4.2889e-06,-3.0276e-05,1.27e-05,5.3035e-05,2.132e-05,3.4261e-05,2.1412e-05,5.2213e-06,3.1846e-05,5.3902e-05,2.7634e-05,5.3663e-06,3.2242e-05,8.0338e-06,-3.8215e-06,3.0083e-05,2.9598e-05,1.6365e-05,6.9671e-06,1.6787e-05,-4.0853e-06,1.8172e-05,1.5381e-05,-7.7009e-06,2.9003e-06,1.7517e-06,9.764e-06,1.7677e-05,1.8238e-05,1.4922e-06,9.6977e-06,1.1861e-05,1.478e-05,2.4421e-05,7.3146e-06,1.9455e-05,-2.2141e-07,2.8885e-06,1.7042e-05,2.0304e-05,2.8039e-05,3.2461e-05,1.7906e-05,1.3987e-05,2.1739e-05
3.3408e-05,-4.926e-06,-1.0543e-05,7.7814e-06,4.0987e-05,3.8354e-05,5.2033e-05,1.8424e-05,4.9983e-05,1.6504e-05,-1.7388e-06,3.3163e-05,6.5593e-05,1.657e-05,0.00016556,4.4514e-06,9.4397e-05,4.2302e-05,1.0539e-05,2.5467e-05,2.2309e-05,2.4708e-05,8.331e-05,-3.4921e-05,0.00010329,2.2428e-05,1.2872e-05,-2.3375e-05,2.545e-05,4.2665e-06,0,2.6392e-05,-8.2789e-06,2.3964e-05,1.2706e-05,4.6281e-05,7.6147e-05,-2.3147e-07,5.2494e-05,-4.1502e-06,-3.7711e-05,7.5499e-05,-4.7495e-06,-1.9983e-05,8.1035e-07,2.255e-05,-5.3462e-06,-5.1672e-05,8.193e-05,3.864e-05,-2.2889e-05,0.00011758,8.9321e-06,3.5687e-06,-4.7634e-06,7.9124e-05,7.1573e-05,0,2.481e-05,2.3034e-05,3.1438e-05,-9.0479e-05,3.1807e-05,1.8308e-05,-3.7886e-05,8.2686e-06,6.7822e-05,2.7464e-05,-9.7726e-06,2.1477e-05,5.7372e-05,5.1017e-05,5.6719e-05,-4.3933e-05,1.527e-05,-2.7993e-06,-9.1459e-06,3.8618e-05,1.7988e-05,1.5575e-05,2.0499e-05,6.4185e-05,0.00011254,3.8424e-05,3.5694e-05,-1.9855e-05,3.1867e-05,5.683e-05,2.3411e-06,1.1507e-05,6.9557e-05,1.2374e-05,2.318e-05,3.0932e-05,6.3412e-05,-9.0045e-06,-2.7581e-06,1.896e-05,2.0502e-05,-3.8308e-05,3.7145e-05,5.0315e-05,4.3467e-05,2.4907e-05,-1.3809e-06,6.0487e-05,1.3732e-05,-1.5799e-05,8.1555e-05,2.8258e-05,1.4607e-05,1.6528e-05,5.7342e-05,1.7181e-05,1.473e-05,1.863e-05,-1.8153e-05,9.3311e-06,-1.8707e-05,-1.8197e-05,3.7052e-05,5.4454e-05,2.6449e-05,2.3876e-05,4.5976e-05,-4.4052e-05,4.6872e-05,3.184e-05,-1.5422e-05,1.5607e-05,-1.9937e-05,5.3793e-05,-5.3516e-06,5.1449e-05,5.4137e-05,0.00012242,-3.6234e-05,8.2001e-05,3.1728e-05,3.9726e-05,1.2388e-05,-1.4224e-05,-1.6499e-05,2.4779e-05,-2.423e-05,5.8626e-06,-3.2066e-05,4.2894e-05,5.1488e-05,1.5027e-05,4.5422e-05,1.1702e-05,-2.4512e-05,7.943e-05,6.7387e-05,-3.5263e-05,6.371e-05,6.5324e-06,8.4133e-05,-1.5517e-06,1.0279e-05,-2.2933e-05,1.8016e-05,4.5003e-05,5.3731e-05,2.0503e-05,-2.2518e-05,6.0074e-05,-2.3932e-05,2.4025e-05,-6.4003e-06,3.4254e-05,3.4264e-05,-8.0971e-05,4.3167e-05,-5.6502e-05,8.1123e-05,3.3482e-05,-3.7115e-06,9.7872e-05,3.5332e-05,-7.2861e-05,-5.029e-06,2.0723e-05,2.3523e-05,2.0112e-05,-1.735e-05,3.007e-05,2.3354e-05,1.4879e-05,5.1615e-05,3.6339e-05,1.1206e-05,2.3852e-05,2.3681e-05,-1.5119e-05,6.4692e-05,5.3508e-05,1.4187e-05,3.2186e-05
4.0687e-05,6.8539e-05,-3.4589e-06,4.9308e-05,4.3701e-05,6.559e-05,-1.3999e-05,8.5357e-06,6.6145e-05,5.0003e-05,1.8638e-05,5.1956e-05,-5.6351e-06,1.5567e-05,4.4514e-06,6.8658e-05,0.00010546,7.6806e-05,6.6503e-05,8.5279e-05,2.3348e-05,9.15e-05,-2.2348e-05,2.3988e-05,1.9621e-05,3.8287e-05,1.8016e-05,3.6849e-05,1.075e-05,3.8184e-05,0,6.0592e-05,7.4591e-05,3.1881e-05,5.1696e-05,6.4855e-05,-2.0292e-06,2.4862e-05,8.222e-05,1.5486e-05,3.9642e-05,3.9579e-05,4.0983e-05,-3.6289e-05,4.6241e-05,6.2519e-05,2.5827e-05,5.3089e-05,3.6314e-05,3.5819e-05,3.3231e-05,5.8005e-05,2.2107e-06,5.1714e-05,1.805e-05,2.5771e-05,1.3679e-05,0,4.7257e-05,4.7447e-05,-3.7072e-05,6.1405e-06,4.0293e-05,4.7576e-05,8.1642e-05,2.1411e-05,6.6608e-05,3.703e-05,5.2213e-05,2.2208e-05,2.1311e-05,5.1903e-05,9.4865e-05,5.297e-05,5.3925e-05,1.1666e-05,3.9557e-05,3.1631e-05,3.5742e-05,4.3212e-05,5.9608e-05,2.8993e-05,4.4021e-05,2.9756e-05,5.146e-05,2.3157e-05,3.0015e-05,3.2892e-06,3.7889e-05,3.0321e-06,9.6605e-05,1.9578e-05,2.9414e-05,3.5908e-05,4.0913e-05,3.2483e-05,2.7105e-06,3.2047e-05,8.674e-06,0.00010793,1.7954e-05,4.5437e-05,2.6459e-05,3.006e-05,2.5161e-05,2.7444e-05,3.8137e-05,-3.9358e-06,2.4475e-05,8.3502e-06,5.7268e-05,5.7463e-05,-1.7869e-05,9.0781e-06,-1.8843e-05,4.188e-05,3.5897e-05,6.6451e-05,4.2697e-05,4.0827e-05,3.5376e-05,5.9834e-05,5.3887e-05,5.0309e-05,4.1891e-05,4.2811e-05,6.3374e-06,1.0949e-05,3.9483e-05,4.2171e-05,3.1927e-05,3.7079e-05,1.7878e-05,3.9098e-05,2.065e-05,2.0434e-05,3.415e-05,6.2011e-05,4.2818e-05,7.0665e-05,3.5605e-05,2.0759e-05,-3.3103e-05,5.3207e-05,4.8004e-05,7.3673e-06,2.2552e-05,4.5593e-05,1.6648e-05,4.2279e-05,2.8815e-05,5.9642e-05,6.2405e-05,7.7941e-05,6.1348e-05,1.1781e-05,4.954e-05,1.4684e-05,3.0207e-05,2.9263e-05,4.2213e-05,2.8638e-05,1.3815e-05,7.5464e-05,1.7442e-05,6.8468e-05,3.1241e-05,3.7509e-05,2.8071e-05,1.2086e-05,5.0287e-05,3.6331e-05,3.5298e-05,3.8022e-05,1.3853e-05,1.7218e-05,6.4643e-05,4.1497e-05,4.2e-05,6.0292e-07,4.8301e-05,6.8908e-05,6.6344e-05,1.3338e-05,2.5506e-05,9.4947e-06,4.5333e-05,4.7753e-05,3.3866e-05,3.02e-05,1.7523e-05,4.6239e-05,1.6056e-05,6.8234e-05,8.0401e-05,3.4093e-05,3.1489e-05,3.8615e-05,3.6794e-05,3.7925e-05
7.6322e-05,0.0001211,5.3688e-05,0.00011222,0.00010082,0.00018907,-5.6923e-05,0.0001114,0.00010377,-2.5062e-05,4.6301e-05,0.00014506,8.1169e-05,6.2826e-07,9.4397e-05,0.00010546,0.00065036,0.00025953,0.00012467,0.00013501,0.00020441,0.00034611,-4.1081e-05,-5.8554e-05,0.00015352,0.00010993,4.4752e-05,0.00010279,5.8573e-05,6.1306e-05,0,0.0002495,6.2305e-05,7.7582e-05,0.00014662,-3.989e-05,8.3385e-05,3.1801e-05,0.0002213,0.00014688,4.7213e-05,0.00013003,5.3368e-05,9.5031e-05,9.9523e-05,5.1998e-05,4.9811e-05,0.00010442,-4.7584e-05,6.1935e-05,6.3933e-05,0.00038266,3.2125e-06,7.4954e-05,-7.1139e-06,0.00010569,0.00015706,0,0.00012414,5.7761e-05,-0.00014325,-1.3024e-05,6.5554e-05,0.00014331,0.00012825,0.00011153,0.00021586,0.00014104,-8.2842e-06,7.5112e-05,-1.3306e-05,0.00014577,0.00026949,0.00012315,0.00011266,5.7812e-05,1.1958e-05,8.3106e-05,7.2271e-05,2.7157e-05,0.00019723,0.0001564,0.00019232,3.5341e-05,0.00014057,6.0265e-05,7.8618e-05,7.8369e-05,7.5701e-05,9.2069e-05,0.00041451,7.0832e-05,0.00015674,-1.8289e-05,0.0001545,7.0365e-06,6.4439e-06,0.0001312,-3.7855e-05,0.00016102,3.1328e-05,0.00013442,0.00011674,5.4012e-05,0.00013559,0.00013306,9.2566e-05,1.8646e-05,0.0001033,6.4207e-05,9.4176e-05,3.2833e-05,-3.4928e-05,5.8977e-05,5.4534e-05,5.1454e-05,4.9644e-05,0.00015569,6.2935e-05,2.4016e-05,3.99e-05,0.00032147,0.00011483,0.00017747,0.00011268,5.6966e-05,0.00011443,-1.2464e-05,0.00012344,5.3582e-05,1.3374e-05,8.7758e-05,0.0001009,0.00012819,4.8036e-06,0.00011637,-6.9787e-07,0.00024565,7.8474e-05,0.00025828,8.766e-05,2.7177e-05,4.6738e-05,9.0944e-05,1.2811e-05,7.8403e-05,-1.9679e-05,3.538e-05,-6.5989e-05,0.00010946,0.00010148,0.0001034,6.3514e-05,0.00019882,0.00017643,2.9988e-05,0.00027542,7.2508e-05,8.6198e-05,-3.912e-06,2.3452e-05,9.0086e-05,3.2788e-05,0.00013937,6.6253e-05,0.00015283,6.0304e-05,4.7738e-05,4.9446e-06,3.7905e-05,0.00010415,4.3512e-05,-7.2972e-06,3.9102e-05,-3.9661e-07,5.4252e-05,8.6153e-05,7.6885e-05,0.00010647,0.00016486,9.2496e-05,0.00013304,0.00021549,-4.3745e-05,0.00018694,7.6993e-05,6.2426e-05,0.00010483,-2.9915e-05,0.00021135,0.0001754,0.00011137,7.8264e-05,0.00014761,0.00016108,6.4699e-05,5.8843e-05,9.1965e-05,0.000124,0.0001134
1.0058e-05,0.0001084,-2.1543e-05,0.00011706,4.7527e-05,0.00011663,-2.1235e-05,5.3225e-05,5.6155e-05,4.8775e-05,6.2495e-05,8.277e-05,5.6421e-05,2.3996e-05,4.2302e-05,7.6806e-05,0.00025953,0.00024827,0.00011852,0.00012793,9.3473e-05,0.00021757,-6.0361e-06,-4.0488e-05,6.1134e-05,8.1339e-05,3.4393e-05,6.1696e-05,5.8289e-05,2.5309e-05,0,0.00018769,4.0404e-05,4.6425e-05,8.3337e-05,5.4196e-05,1.4859e-05,2.1406e-05,6.9236e-05,0.00010422,6.685e-05,7.0635e-05,4.7915e-05,-1.5486e-05,6.566e-05,8.9166e-05,1.9777e-05,0.00010106,-5.9804e-05,5.9796e-05,5.5396e-05,0.00016278,-2.0045e-05,9.4844e-05,-1.052e-05,4.0097e-05,9.0025e-05,0,7.5174e-05,0.00011114,2.4567e-06,-8.8625e-05,0.00013965,8.9967e-05,8.4532e-05,2.0459e-06,0.00011694,6.596e-05,2.6306e-05,7.193e-05,-7.5026e-06,0.00010744,0.00016749,7.2065e-05,8.5228e-05,-5.7234e-06,3.2622e-05,2.8376e-05,5.4382e-05,5.1467e-05,0.00016195,0.00014937,8.0057e-05,5.6447e-05,7.7177e-05,2.2988e-05,0.00010253,4.6862e-05,4.2869e-05,1.5692e-05,0.00023188,5.5259e-05,-1.4345e-05,4.5e-05,0.00012431,4.5771e-05,2.8437e-08,7.5972e-05,5.9197e-05,0.00014006,5.5212e-05,8.4477e-05,4.5324e-05,8.7284e-06,0.00013005,6.0634e-05,8.8268e-05,2.3925e-05,6.5847e-05,3.5778e-05,7.605e-05,-3.3568e-08,-1.5195e-05,3.7699e-05,5.0244e-05,6.7817e-05,9.7369e-06,0.00010312,7.9353e-05,3.5642e-05,5.0632e-05,0.00017816,8.1066e-05,0.00012466,6.8258e-05,6.85e-05,2.4686e-05,-2.1744e-06,2.9034e-05,9.8182e-05,1.4192e-05,7.7176e-05,2.6575e-05,0.0001007,3.7297e-05,5.5134e-05,8.1456e-07,0.00022936,7.0057e-05,0.00015052,3.9957e-05,-8.6904e-06,8.9175e-05,5.7922e-05,9.426e-06,5.3257e-06,-1.7304e-05,4.2422e-05,2.087e-06,3.1406e-05,4.7687e-05,8.5467e-05,7.2028e-05,0.00015531,0.00013646,1.5454e-05,0.00014712,5.4479e-05,7.6338e-05,5.6752e-05,6.1471e-05,5.4863e-05,2.6186e-05,0.0001003,0.00011062,0.00014434,6.0027e-05,-6.3619e-05,1.4614e-05,5.1147e-06,9.6015e-05,4.4329e-05,5.696e-06,6.8968e-05,5.0092e-05,4.454e-05,0.00010817,4.6542e-05,7.3699e-05,6.0043e-05,7.3152e-05,8.0035e-05,0.00021463,-7.1894e-07,0.00011856,6.7136e-05,8.0469e-05,7.5533e-05,2.5982e-05,0.00012,9.1367e-05,0.00010643,1.0849e-05,8.2758e-05,0.00010148,3.0557e-05,4.2977e-05,8.4095e-05,6.368e-05,9.6176e-05
