0.00021008,0.0001734,2.4855e-05,0.00043783,0.00019986,0.00049185,0.00018783,1.1583e-05,0.00093664,8.6901e-05,0.00016831,0.00049258,0.00031766,-8.4099e-05,9.6471e-05,1.8854e-05,0.00012848,7.1002e-05,0.00017308,4.264e-05,5.1947e-05,0.00012422,1.3437e-05,0.00051105,8.6655e-05,0.00010524,0.00017387,0.00022825,0.00020906,8.7585e-05,5.3436e-05,0.00026543,0.00010811,0.0005842,0.00015823,0.00039215,6.0088e-05,0.00012516,0.00023101,0.00026036,0.00034119,0.00025336,0.00047899,0.00023152,7.2098e-05,7.7208e-05,0.00015567,0.00032662,0.00066965,0.00039373,0.00010733,7.3727e-05,3.1996e-05,0.00010988,0.00015048,-1.9067e-05,0.00015309,0.00041964,5.2335e-05,0.00011815,0.0002055,0.00010973,0.00019648,0.00039718,0.00039718,0.00015822,7.0242e-05,0.00013709,0.00046495,0.0001637,0.00020193,-6.9998e-05,3.5012e-05,0.00033692,5.6028e-05,7.4944e-05,0.0002347,3.8313e-05,6.2825e-05,1.5419e-05,0.00032782,7.1296e-05,-0.00015228,9.8582e-05,0.00022647
0.0001734,0.00094659,0.00023296,0.00046254,0.00019052,0.0011198,9.6494e-05,0.00012323,0.0021532,0.00011714,0.00032884,0.00045846,0.00034612,-0.00018329,0.00032109,7.2707e-05,9.4703e-05,8.4764e-05,0.00021646,0.00017175,8.2266e-05,4.8923e-05,0.00010924,0.00062279,3.3003e-05,4.0407e-05,0.0001449,0.00022554,8.154e-05,0.00058717,0.00015954,0.00031928,0.00010555,0.00056478,0.00019261,0.00050716,-0.00011026,0.00028595,0.00036111,6.749e-05,0.00048507,0.00031585,0.001505,0.00044489,-5.6e-05,-8.844e-05,0.00029023,0.00011121,0.00086837,0.00045482,-3.6799e-05,0.00028464,0.0021812,0.0002688,0.00030726,-6.0451e-05,-2.3176e-05,0.000279,0.00022448,0.00012757,0.00032808,7.3262e-05,5.5431e-05,0.0006838,0.0006838,0.00031016,3.1535e-05,0.00038518,0.00063686,0.00010282,0.00026322,6.3948e-05,0.00016509,0.00054197,0.00022428,0.00014539,0.00061332,-8.838e-06,0.00023256,0.00021799,0.00015909,0.00013639,-7.0037e-06,0.00024513,0.00025607
2.4855e-05,0.00023296,0.00077685,0.00010297,3.2423e-05,0.00044011,-4.7903e-05,-6.1677e-05,0.0011165,-0.0001481,0.00016279,0.00036106,-2.0187e-05,2.5522e-05,5.1516e-05,3.4867e-05,0.00010673,0.00021596,1.3647e-05,0.00012211,0.00011782,7.998e-05,3.4472e-05,0.00061986,0.00010471,6.747e-05,-0.0001243,0.00034837,5.7238e-06,9.8773e-05,0.00019592,0.00014664,0.00013405,0.00037188,-7.2266e-05,0.00023986,-8.6996e-05,5.2158e-05,7.9955e-05,0.00015592,0.00032042,0.00020036,0.00069342,0.00060339,-7.7254e-06,-2.3177e-05,0.00017605,0.00037992,-0.00014809,5.8349e-05,-8.7344e-05,9.8115e-06,7.4583e-05,-6.1465e-05,-2.1333e-05,0.00013556,5.2618e-05,-8.2689e-05,8.1573e-05,-0.00035375,0.00010125,2.2781e-05,8.1082e-05,0.00013963,0.00013963,0.00018443,1.4786e-05,0.00024767,0.00033497,-4.0358e-05,0.00020538,0.00035513,0.00036084,0.00021313,0.00021512,0.0001727,0.00049814,-9.5018e-06,-3.2311e-05,9.1311e-05,9.0505e-05,0.00023109,0.00013515,7.7178e-05,0.00024645
0.00043783,0.00046254,0.00010297,0.0021065,0.00080408,0.0012388,0.00036878,0.00033542,0.0021716,0.00037935,0.00090994,0.0010759,0.0016034,-0.00027068,0.00059106,0.00017276,0.00045125,0.00022091,0.00088613,0.00019594,0.00026688,0.000181,-3.4663e-05,0.0019764,-5.3658e-05,0.00024232,0.00020912,0.00038475,0.00077164,0.00043408,0.00055497,0.001,0.0006496,0.0015603,0.00023895,0.00092962,0.00032989,0.0002376,0.0011882,0.00084101,0.00070702,0.00071683,0.0015267,0.00083434,0.00041566,0.0001695,0.00045596,0.00082039,0.0018649,0.0012724,0.00041321,0.00026481,0.0014283,0.0005259,0.00065842,0.00014302,0.00021529,0.0017239,0.00054112,0.00087273,0.00062191,0.00037974,0.00044379,0.0013743,0.0013743,0.00035534,7.8072e-05,0.0004674,0.00099522,0.00039999,0.00047505,0.00015223,0.00027263,0.0014646,0.00046005,0.00054459,0.001255,0.00017907,0.00036769,0.00027323,0.0013196,0.00035198,-0.00048301,0.00075201,0.00060143
0.00019986,0.00019052,3.2423e-05,0.00080408,0.00053163,0.00084396,0.00026802,0.00020877,0.0014268,0.00018841,0.0005324,0.00065176,0.00067356,-4.4623e-05,0.00024234,4.152e-05,0.00018192,0.00015373,0.00042255,0.00013855,7.9488e-05,0.00017881,8.3114e-05,0.0008997,3.2023e-06,0.00014486,0.0001297,0.0002492,0.00039572,0.000455,0.00033376,0.00040202,0.00037502,0.00088139,0.00016223,0.00036151,0.00022728,0.00027776,0.00053676,0.00041803,0.00048434,0.00057204,0.0019154,0.00042274,0.00026116,8.892e-05,0.00018867,0.00031571,0.00084829,0.00085072,0.00026005,7.7869e-05,0.0012232,0.00024216,0.00030602,8.2593e-05,0.0001603,0.00080307,0.00033576,0.00030761,0.00037993,0.00022109,0.00025425,0.00061754,0.00061754,0.00019909,-7.4403e-06,0.00024059,0.00057262,0.00025296,0.00020267,0.00018434,0.00017429,0.000797,0.00021555,0.00016226,0.00048174,8.3192e-05,9.0958e-05,0.00015533,0.00048416,0.00018653,5.9501e-05,0.00037937,0.00042001
0.00049185,0.0011198,0.00044011,0.0012388,0.00084396,0.004176,0.00044377,3.727e-05,0.0099897,0.00025034,0.0008389,0.0022942,0.0013911,-3.6409e-05,0.00037736,0.00054054,0.00055108,0.00041197,0.00075105,0.00036609,-2.7381e-05,0.00026372,0.00012352,0.0018681,0.00028316,0.00011133,0.00047865,0.0010906,0.001015,0.0018527,0.00053155,0.0011407,0.0010347,0.0024732,0.00026176,0.0014151,0.00011979,0.0010457,0.0013981,0.0012899,0.0021373,0.0026269,0.0088155,0.00098488,0.00076846,0.00013089,0.00043394,0.0010757,0.0029863,0.0030056,0.0002357,7.182e-05,0.0076274,0.00032969,0.0005042,1.1563e-05,0.00049918,0.0014585,0.00062441,-0.00060468,0.0015545,0.00026367,0.0005875,0.0013706,0.0013706,0.00061257,0.00021254,0.0010416,0.0024232,0.00069092,0.00083216,0.00020735,0.00037405,0.0024973,0.00018057,0.000745,0.0014562,-4.9833e-05,-2.3163e-05,0.00020073,0.00084584,0.00057685,-0.00083591,0.00088074,0.00093539
0.00018783,9.6494e-05,-4.7903e-05,0.00036878,0.00026802,0.00044377,0.00060268,2.3986e-05,0.00075299,0.00013386,0.00022395,0.00041191,0.00037111,-7.3838e-05,9.2176e-05,-1.1825e-05,0.000234,0.0002319,0.00027298,8.1931e-05,-5.5745e-05,1.8809e-05,4.6176e-05,0.0006227,1.7838e-05,-2.4009e-05,0.00031498,-0.00011828,0.00019443,9.9227e-05,-3.3575e-05,0.00029273,1.3166e-05,0.00068074,0.0002073,0.00013087,1.3243e-06,4.3371e-05,0.00014725,0.00029267,8.3924e-05,0.00010066,0.00030867,3.2942e-08,8.9907e-05,-5.2968e-06,0.00016169,0.00028836,0.00056408,0.00022215,0.0002713,7.2802e-05,-0.00079026,0.00016315,0.00020107,0.00012549,6.7303e-05,0.00046101,-8.6511e-06,0.00034081,0.00036135,0.00019103,9.9259e-05,0.00013058,0.00013058,9.2114e-05,0.00020507,-6.6921e-05,0.00020635,8.0026e-05,0.0002716,-0.00013868,0.00016151,9.8256e-05,0.00014993,-0.00019188,-1.9103e-05,5.5128e-05,7.9473e-05,0.00011197,0.00026114,0.00016044,-9.731e-05,0.00017388,0.0003318
1.1583e-05,0.00012323,-6.1677e-05,0.00033542,0.00020877,3.727e-05,2.3986e-05,0.00037366,0.00010878,0.00010989,0.00042258,3.8955e-05,0.00028448,-6.9169e-05,0.0002632,6.5498e-05,0.00010898,0.00020351,0.00035043,0.0001229,0.00020431,0.00016339,0.00013905,0.00049724,-7.3363e-05,0.00012014,1.7266e-05,6.0422e-06,0.00016571,0.00018452,0.00010843,0.00040166,0.00016056,0.00035457,4.1353e-05,3.5913e-05,0.00014551,7.3963e-05,0.00041252,6.138e-05,0.00014453,-1.4135e-05,-0.00023235,0.00029266,0.00016368,2.6026e-05,0.00019234,-0.00013234,0.00012248,0.00019862,0.00018408,0.00020179,0.00027361,0.00017012,0.00017469,9.2196e-05,6.6472e-05,0.0004892,0.00034168,0.0001497,-7.1299e-05,0.00019509,-2.2795e-05,0.00028469,0.00028469,0.00023609,-2.5561e-05,4.0719e-05,1.6358e-05,0.00012623,0.00015202,0.00025235,0.00012852,0.00045468,0.00018618,9.5791e-06,0.00025548,7.5502e-05,0.00014913,0.00019514,0.00037368,0.00018013,8.0766e-05,0.00022232,0.00021993
0.00093664,0.0021532,0.0011165,0.0021716,0.0014268,0.0099897,0.00075299,0.00010878,0.038569,0.00060255,0.0020208,0.0045038,0.0029372,-0.00015738,0.0015309,0.00055398,0.00040077,0.0017113,0.0016388,0.00080348,0.00068943,0.0012919,0.000656,0.0022833,0.00080128,8.9302e-05,0.0015988,0.001993,0.0012657,0.0042734,-0.0018296,0.0029562,0.0015527,0.0038498,0.00080403,0.0016809,-0.00024316,0.0024883,0.0033278,0.0024542,0.0051781,0.0061715,0.023425,2.1324e-06,0.0014717,0.00010802,0.00090227,0.0014287,0.0065925,0.007379,0.00095397,0.00010391,0.018159,0.0013901,0.0016041,0.00070536,0.0010944,0.0025412,0.00087487,-0.0015099,0.003185,0.00072064,0.0014394,0.002598,0.002598,0.0016599,0.00058376,0.0024396,0.0053326,0.001708,0.0016538,0.00018248,0.00031991,0.004424,0.00016949,0.0012815,0.0042584,0.0004754,-0.0002962,0.00061526,0.00083242,0.0018788,-0.0090663,0.0014435,0.0016927
8.6901e-05,0.00011714,-0.0001481,0.00037935,0.00018841,0.00025034,0.00013386,0.00010989,0.00060255,0.00035135,0.00029768,-1.3008e-05,0.00028365,1.1915e-05,0.00023497,1.2572e-05,0.00013615,5.876e-05,0.00028661,-1.4254e-05,0.00017978,3.5437e-06,0.00012299,0.00013204,-1.5246e-05,1.2866e-05,0.00015696,-0.00017169,9.6348e-05,8.8472e-05,5.6745e-05,0.00012196,0.0001773,-0.00020657,0.00025057,3.0817e-05,8.5365e-05,0.00019896,5.4666e-05,0.00022542,-1.9211e-08,3.5886e-05,0.00025064,-0.00011828,3.9274e-05,0.00010359,0.00023525,-3.6005e-05,0.00018504,5.666e-05,0.00016386,8.3329e-05,2.0436e-05,0.00020863,0.00020951,7.9514e-05,0.00010493,0.00016148,0.00017196,0.00021253,5.7064e-06,0.00022292,0.00011029,0.00028141,0.00028141,8.1378e-05,-2.1878e-05,7.0228e-05,-0.00012039,6.5291e-05,0.00014191,0.00012851,0.00018035,0.00010712,0.0001018,6.3427e-05,0.00010661,8.1069e-05,8.6267e-05,0.00015915,2.6459e-05,9.411e-05,-0.00023339,0.00019806,0.00015466
0.00016831,0.00032884,0.00016279,0.00090994,0.0005324,0.0008389,0.00022395,0.00042258,0.0020208,0.00029768,0.001112,0.00062136,0.00089969,7.2872e-05,0.00057675,6.1126e-05,0.00045128,0.00031658,0.00092804,0.00036756,0.00037202,0.00022628,0.0002614,0.001434,4.5474e-05,0.00025649,0.00015205,0.00041422,0.00057937,0.0006927,0.00036893,0.00085636,0.00061068,0.0011859,0.0002298,0.00046302,0.00035179,0.00051242,0.00097126,0.00067017,0.00072066,0.00069017,0.0022857,0.00059982,0.00044374,0.00018177,0.00039805,0.00046375,0.00054076,0.0006902,0.00035237,0.00023051,0.0019729,0.00038879,0.00045881,0.00024071,0.00029994,0.00095652,0.00072093,0.00051633,0.00036891,0.00043406,0.0001519,0.0010421,0.0010421,0.00028728,6.2816e-05,0.0004406,0.0006513,0.00033237,0.00046114,0.00046502,0.00052049,0.0011727,0.00028979,0.00016178,0.00082783,0.00013895,0.00011452,0.00029403,0.00076417,0.00047978,0.00014722,0.0004746,0.00062596
0.00049258,0.00045846,0.00036106,0.0010759,0.00065176,0.0022942,0.00041191,3.8955e-05,0.0045038,-1.3008e-05,0.00062136,0.0023252,0.0010077,-1.6223e-05,7.9562e-05,0.00027505,0.00056736,0.00026542,0.00065987,0.00035569,5.6857e-05,0.0003831,2.8012e-05,0.0018506,0.00027356,0.00043885,0.00027711,0.001434,0.001064,0.0011418,0.00060253,0.0010706,0.00078676,0.0026654,4.9434e-05,0.001632,0.00022281,0.00063436,0.00099607,0.0011633,0.001847,0.0017747,0.0046152,0.0012186,0.00079227,0.00021632,0.00021092,0.0013329,0.0024369,0.0022318,0.00031223,-6.6253e-05,0.0032113,-1.8028e-05,0.00015508,2.731e-05,0.00058938,0.0011304,0.00056961,-0.00037942,0.0011632,0.00023499,0.0005157,0.0010563,0.0010563,0.00048905,0.00036235,0.00084583,0.0021283,0.00065891,0.000725,6.3345e-05,0.00013801,0.0022161,2.879e-05,0.00069055,0.00091121,9.2806e-05,5.7517e-06,-5.446e-05,0.0010349,0.00021478,0.00028475,0.00056531,0.00086124
0.00031766,0.00034612,-2.0187e-05,0.0016034,0.00067356,0.0013911,0.00037111,0.00028448,0.0029372,0.00028365,0.00089969,0.0010077,0.0017962,-0.00011663,0.00059531,0.0003082,0.00059588,0.00030178,0.0010102,0.00028887,0.00023546,0.00011679,7.9605e-05,0.0017305,-1.5593e-05,4.4903e-05,0.0002392,0.0001797,0.00085415,0.00092165,0.00071126,0.00087331,0.00073691,0.0012358,7.6396e-05,0.00061455,0.00040106,0.00062969,0.0014808,0.00095675,0.00061761,0.00096213,0.0029393,0.00069302,0.00055245,0.00020809,0.00033806,0.00086371,0.0016593,0.0015004,0.00050598,0.00021376,0.0024885,0.00063469,0.00074535,0.00019981,0.00015518,0.0016591,0.00063024,0.00069704,0.00065682,0.00050924,0.00034297,0.001126,0.001126,0.00039783,0.0002548,0.000642,0.001089,0.0004784,0.00045545,0.00021253,0.00034414,0.0014945,0.00031864,0.00060368,0.0010292,0.0001295,0.00039635,0.00024436,0.0013251,0.00056453,-0.00069772,0.0009303,0.00052915
-8.4099e-05,-0.00018329,2.5522e-05,-0.00027068,-4.4623e-05,-3.6409e-05,-7.3838e-05,-6.9169e-05,-0.00015738,1.1915e-05,7.2872e-05,-1.6223e-05,-0.00011663,0.00033382,-8.297e-05,1.6986e-06,4.0756e-05,-4.7931e-05,8.3875e-05,2.9633e-05,6.844e-06,2.0247e-05,0.00010067,-0.00016084,0.00012333,1.8616e-05,-0.00011004,6.0825e-05,7.2555e-06,0.0001337,7.1983e-05,-0.00010043,0.00012342,-0.00043469,-1.5408e-05,-0.00020038,0.00017444,0.00025919,-0.00013128,0.00011805,-7.7037e-05,0.00021707,0.0010833,-0.0001153,0.00011758,0.00013276,-5.087e-05,5.305e-05,-0.00048475,6.4927e-05,5.1345e-05,-0.00016812,0.00065385,-0.00010191,-0.00013122,6.1164e-05,6.9582e-05,-0.00038486,0.00016114,-8.0312e-05,4.1495e-05,9.0037e-05,5.3743e-05,-9.9086e-05,-9.9086e-05,-0.00013781,4.0731e-05,0.00033172,-9.4088e-05,3.9556e-05,-1.1852e-05,0.00016784,6.2359e-05,3.4307e-05,-7.9416e-05,7.0316e-05,-0.0002517,2.6917e-05,-0.00015239,-5.0406e-05,-0.00022652,3.6376e-07,0.00037132,1.2168e-05,1.3064e-05
9.6471e-05,0.00032109,5.1516e-05,0.00059106,0.00024234,0.00037736,9.2176e-05,0.0002632,0.0015309,0.00023497,0.00057675,7.9562e-05,0.00059531,-8.297e-05,0.00052265,-4.6468e-05,0.00017815,0.00025414,0.00057271,0.00015349,0.0003377,0.00010807,0.00017982,0.00055372,2.2018e-05,4.1338e-05,0.0001594,-0.00013399,9.6735e-05,0.00027965,9.5551e-06,0.00038176,0.00016264,6.4848e-05,0.00020573,0.00016315,0.00011331,0.00025993,0.00051545,0.00024311,0.00015837,-2.4876e-05,0.00046582,0.00013998,-7.5679e-07,3.455e-07,0.00032933,6.2694e-05,0.00032449,0.0001929,0.00023408,0.00027654,0.00044549,0.00042921,0.00045671,0.00017117,2.5479e-05,0.00062166,0.0003344,0.00043516,-4.3393e-05,0.00027747,6.4799e-05,0.0005796,0.0005796,0.00022922,4.7352e-05,0.00025276,0.00010835,0.00014994,0.00027288,0.00023068,0.0003164,0.00040941,0.00026642,0.00010296,0.00052385,5.0539e-05,0.00022892,0.00028271,0.00038268,0.00033521,-0.00054017,0.00024651,0.00021763
1.8854e-05,7.2707e-05,3.4867e-05,0.00017276,4.152e-05,0.00054054,-1.1825e-05,6.5498e-05,0.00055398,1.2572e-05,6.1126e-05,0.00027505,0.0003082,1.6986e-06,-4.6468e-05,0.00055777,0.00028356,7.4469e-05,1.1712e-05,-4.3063e-06,-1.6007e-05,-4.0817e-05,6.3441e-06,0.00075411,-0.00010283,-9.5321e-05,-2.1968e-05,0.0001835,0.00038704,0.00019497,0.00029147,0.0002757,0.00027133,0.000605,-0.00016478,0.00016875,0.00019881,0.00019242,0.00032923,0.00027239,0.00040967,0.00046437,0.00024211,0.00022736,0.00029384,0.00020764,5.5908e-05,0.00028403,0.00026542,0.0003631,4.1082e-05,-3.4027e-05,0.0010398,-3.8455e-05,-1.9055e-05,-0.00012885,0.00014301,0.00031226,0.00011142,-0.00012457,0.00023167,0.00011032,8.8028e-05,9.8065e-05,9.8065e-05,0.00019502,9.0743e-05,0.00016289,0.00024694,1.8771e-05,0.00020382,0.00018493,0.00010198,0.00044405,-3.7664e-06,0.0001484,0.00015835,1.2224e-05,8.1879e-05,-1.472e-05,0.00047845,0.00019568,9.8739e-05,0.00032135,0.00025615
0.00012848,9.4703e-05,0.00010673,0.00045125,0.00018192,0.00055108,0.000234,0.00010898,0.00040077,0.00013615,0.00045128,0.00056736,0.00059588,4.0756e-05,0.00017815,0.00028356,0.00054703,0.00020633,0.00053389,0.00018582,0.00014584,-2.0047e-05,6.8881e-05,0.0010571,5.7115e-05,5.4776e-05,0.00010157,0.00024629,0.00053396,0.00037624,0.00042035,0.00055876,0.00044058,0.00089349,1.9329e-05,0.00046083,0.00015069,0.00028606,0.00059507,0.00063377,0.00045739,0.00045586,0.00074716,0.00055721,0.00036923,0.0001712,0.0002771,0.00056471,0.0004899,0.00040208,0.00018706,7.6155e-05,0.00078348,7.5276e-05,0.00014132,7.8058e-05,0.00025799,0.0005633,0.00035184,-7.6646e-06,0.00029145,0.00027721,7.6925e-05,0.0004122,0.0004122,0.00020295,0.00020274,0.00019395,0.00047535,0.00014365,0.00043385,0.00020249,0.00040467,0.00083823,7.794e-05,0.00020084,0.00031359,1.2833e-05,8.8928e-05,7.7818e-05,0.00065189,0.0002909,0.0003194,0.00037782,0.00039453
7.1002e-05,8.4764e-05,0.00021596,0.00022091,0.00015373,0.00041197,0.0002319,0.00020351,0.0017113,5.876e-05,0.00031658,0.00026542,0.00030178,-4.7931e-05,0.00025414,7.4469e-05,0.00020633,0.00053045,0.00035698,5.8111e-05,0.00022064,0.00021539,0.00016392,0.00057177,8.9547e-05,2.2655e-05,0.00020463,-0.00014934,0.00010042,3.5506e-05,2.5243e-05,0.00046713,0.00010217,0.00024159,0.00013107,5.2437e-05,7.7545e-05,0.00012111,0.0002737,0.00027063,0.000129,-1.1655e-05,-1.3189e-05,0.00028726,0.00014123,6.65e-05,0.00031368,0.00022457,0.00021209,0.00022164,0.00025691,0.00021128,-0.0010307,0.00019715,0.00020716,0.00031964,6.6909e-05,0.00039693,0.00025622,-0.00014371,-5.0677e-05,0.0002896,0.00016385,7.6286e-05,7.6286e-05,0.0003454,0.0001939,0.00015089,6.9856e-05,0.00022216,0.00043675,0.0002242,0.0002945,0.00016975,0.00025431,0.00012314,0.00017082,6.7745e-05,0.0001573,0.00022842,0.00035302,0.00039904,-0.00040362,0.00023037,0.00032791
0.00017308,0.00021646,1.3647e-05,0.00088613,0.00042255,0.00075105,0.00027298,0.00035043,0.0016388,0.00028661,0.00092804,0.00065987,0.0010102,8.3875e-05,0.00057271,1.1712e-05,0.00053389,0.00035698,0.0012006,0.00032351,0.00045478,0.00016136,0.00024457,0.001253,0.00011856,0.00021547,0.00019684,0.00014435,0.00057492,0.00060889,0.00029664,0.00094183,0.00052238,0.0007141,0.00022514,0.0006033,0.0002503,0.00044123,0.00093951,0.0007769,0.00043507,0.00047937,0.0014858,0.00048302,0.00040139,7.3123e-05,0.00042966,0.00042026,0.00082149,0.00091374,0.00044914,0.00027031,0.0014437,0.00034337,0.00042693,0.00027266,0.00023971,0.0010737,0.00067771,0.00026511,0.00035357,0.00044807,7.8227e-06,0.00075122,0.00075122,0.00025271,0.00020011,0.00041959,0.00063836,0.00039859,0.00061224,0.00030325,0.0004928,0.0014545,0.00029685,0.00030396,0.00053871,-2.2544e-06,0.00018485,0.00029054,0.00084884,0.00047864,4.0116e-05,0.00044692,0.00043066
4.264e-05,0.00017175,0.00012211,0.00019594,0.00013855,0.00036609,8.1931e-05,0.0001229,0.00080348,-1.4254e-05,0.00036756,0.00035569,0.00028887,2.9633e-05,0.00015349,-4.3063e-06,0.00018582,5.8111e-05,0.00032351,0.00027427,6.1123e-05,4.4275e-05,5.9941e-05,0.00042483,5.5108e-05,0.00011531,1.4853e-05,0.00030831,0.00020866,0.00050339,0.00015188,0.000266,0.0002362,0.00066473,-6.2999e-05,0.00024195,3.0047e-05,0.00020547,0.00048118,0.00021262,0.00035075,0.00038841,0.0013412,0.000319,0.00017688,-7.6071e-05,6.6187e-05,0.00013426,0.00027572,0.00034894,0.00010457,4.1173e-05,0.0012855,7.5941e-05,0.00011388,4.6603e-05,0.00011434,0.00040717,0.0002415,1.8371e-05,0.00023547,9.9814e-05,-8.9422e-05,0.00033613,0.00033613,0.00010612,5.6435e-05,0.00020311,0.00038512,7.4921e-05,0.00010508,0.00015914,0.00014914,0.00062311,5.6002e-05,1.2233e-05,0.00035238,4.9456e-06,-6.6477e-06,7.7507e-05,0.00028289,0.00013943,0.00013222,0.00021096,0.0001896
5.1947e-05,8.2266e-05,0.00011782,0.00026688,7.9488e-05,-2.7381e-05,-5.5745e-05,0.00020431,0.00068943,0.00017978,0.00037202,5.6857e-05,0.00023546,6.844e-06,0.0003377,-1.6007e-05,0.00014584,0.00022064,0.00045478,6.1123e-05,0.00046784,0.00018494,0.00022752,0.00036156,5.2539e-05,0.00013302,6.2263e-05,2.7011e-06,5.6934e-05,3.3649e-05,-5.921e-05,0.00031982,9.7843e-05,-0.00022326,0.00015109,0.00019588,0.00012549,0.0002204,0.0001531,0.00019004,0.00012443,-0.0001183,-0.0007463,7.3052e-05,-1.8044e-06,7.6893e-05,0.00027792,-2.5806e-06,6.0005e-05,9.5184e-05,0.00022614,0.00015892,-0.00071277,0.0001662,0.00017901,0.0001359,0.00014121,0.00018594,0.00025079,2.1132e-05,-0.00017697,0.00026968,3.4976e-05,0.00024415,0.00024415,0.00024909,2.8439e-05,0.00020562,7.9179e-07,0.00011548,0.00028904,0.00030723,0.00025155,0.00036794,0.00017412,0.00013714,0.0002295,6.6633e-05,0.00017254,0.00018612,0.00022713,0.00024311,-0.00035768,0.00011853,0.0001654
0.00012422,4.8923e-05,7.998e-05,0.000181,0.00017881,0.00026372,1.8809e-05,0.00016339,0.0012919,3.5437e-06,0.00022628,0.0003831,0.00011679,2.0247e-05,0.00010807,-4.0817e-05,-2.0047e-05,0.00021539,0.00016136,4.4275e-05,0.00018494,0.00037567,0.00015543,0.00032566,0.00015433,0.0002066,8.4214e-05,0.00025161,7.8551e-05,7.62e-05,-4.8164e-05,0.00030002,6.2546e-05,0.00026492,0.00013982,0.00012725,0.00019485,0.00021593,0.00018278,9.4352e-05,0.00028868,0.00021575,0.00049757,0.00026003,0.00010949,0.00013909,0.00014485,0.0001223,0.00032629,0.00048346,0.00018709,8.5824e-05,-0.00021165,7.8571e-05,7.65e-05,9.0404e-05,0.00016922,0.0002106,0.00020031,-7.3791e-05,-1.5908e-05,0.00019001,0.00025634,0.00026304,0.00026304,0.00027011,3.0187e-05,0.00028909,0.00035419,0.00027309,0.00017459,0.00012399,-3.5664e-05,0.00027667,7.9231e-05,9.3715e-05,0.00012738,0.00012205,5.2543e-05,4.7729e-05,0.00021389,0.00012425,-0.00023074,6.9432e-05,0.00023271
1.3437e-05,0.00010924,3.4472e-05,-3.4663e-05,8.3114e-05,0.00012352,4.6176e-05,0.00013905,0.000656,0.00012299,0.0002614,2.8012e-05,7.9605e-05,0.00010067,0.00017982,6.3441e-06,6.8881e-05,0.00016392,0.00024457,5.9941e-05,0.00022752,0.00015543,0.00023579,0.00013821,5.1226e-05,4.1639e-05,6.8533e-05,-5.8097e-05,4.5746e-06,0.00018652,-1.8976e-05,0.00010592,4.6659e-05,-0.0002714,0.00012719,-8.1425e-05,0.00013173,0.00030378,4.0213e-05,7.5793e-05,4.0851e-05,-4.059e-06,0.00023827,-3.3269e-05,1.9533e-05,8.6146e-05,0.00016178,-6.6364e-05,-0.0001456,0.00011348,0.00018739,7.6674e-05,-9.688e-05,0.0001461,0.00012798,9.3885e-05,7.3314e-05,-3.5152e-05,0.00020129,3.6813e-05,-5.7318e-05,0.0002374,5.3933e-05,9.2762e-05,9.2762e-05,0.00018002,4.9676e-05,0.00025259,-2.1837e-05,9.9844e-05,0.00015325,0.00024282,0.00016127,9.9725e-05,0.00010495,5.3557e-06,-2.0651e-05,7.2204e-05,8.5498e-05,0.00014048,-1.0857e-05,0.00017875,-7.6845e-05,0.00011268,0.00017797
0.00051105,0.00062279,0.00061986,0.0019764,0.0008997,0.0018681,0.0006227,0.00049724,0.0022833,0.00013204,0.001434,0.0018506,0.0017305,-0.00016084,0.00055372,0.00075411,0.0010571,0.00057177,0.001253,0.00042483,0.00036156,0.00032566,0.00013821,0.0042572,-3.3384e-05,0.0003283,0.00015592,0.0011556,0.0014798,0.0006478,0.00074878,0.0019828,0.00087398,0.003707,0.00018792,0.0014915,0.00062757,0.00042299,0.0017776,0.0013385,0.0017849,0.0013888,0.0018381,0.0017551,0.00085815,0.00050978,0.00067475,0.001657,0.0018532,0.0016336,0.00042712,0.00035523,0.0030844,0.00027145,0.00049511,-3.5994e-05,0.00058361,0.00207,0.00078762,0.00089967,0.0011686,0.00050232,0.00045878,0.0017337,0.0017337,0.00059597,0.00027558,0.00046865,0.0020012,0.00043913,0.0011334,0.00040626,0.00085009,0.0025013,0.00052631,0.00023657,0.0015027,9.4581e-05,0.00031382,0.00019999,0.0022152,0.0008152,0.00087539,0.00068485,0.0013456
8.6655e-05,3.3003e-05,0.00010471,-5.3658e-05,3.2023e-06,0.00028316,1.7838e-05,-7.3363e-05,0.00080128,-1.5246e-05,4.5474e-05,0.00027356,-1.5593e-05,0.00012333,2.2018e-05,-0.00010283,5.7115e-05,8.9547e-05,0.00011856,5.5108e-05,5.2539e-05,0.00015433,5.1226e-05,-3.3384e-05,0.00034432,0.00010324,5.0755e-05,0.00013348,-8.0862e-05,0.0001091,-2.3407e-05,6.2093e-05,5.6769e-05,-3.285e-05,0.00015474,0.00014792,0.00010122,0.00023038,2.3611e-05,0.00013281,8.7528e-05,0.00028937,0.0010868,0.00021137,-3.5713e-05,4.8056e-05,0.00012757,0.00016228,0.00032799,0.00025648,5.6539e-05,7.7556e-06,0.0004019,-6.3989e-05,-4.961e-05,5.518e-05,0.00014022,-4.6605e-05,9.6073e-05,-0.00023348,-2.458e-05,7.8761e-05,0.00021583,0.00017063,0.00017063,2.7824e-05,4.3265e-05,0.00028896,0.00023078,0.00012684,0.00015693,-4.5287e-06,5.2391e-05,0.00018809,-3.7724e-05,7.4089e-05,-5.3034e-05,-2.306e-05,-5.0185e-05,-3.5e-05,-4.4631e-05,7.5294e-06,-4.2891e-05,7.7567e-06,1.8478e-05
0.00010524,4.0407e-05,6.747e-05,0.00024232,0.00014486,0.00011133,-2.4009e-05,0.00012014,8.9302e-05,1.2866e-05,0.00025649,0.00043885,4.4903e-05,1.8616e-05,4.1338e-05,-9.5321e-05,5.4776e-05,2.2655e-05,0.00021547,0.00011531,0.00013302,0.0002066,4.1639e-05,0.0003283,0.00010324,0.00030932,2.8867e-05,0.0004992,0.00020471,0.00010042,0.00014118,0.00033103,0.00020329,0.00067529,7.8061e-05,0.00045894,0.00010705,7.5265e-05,0.00014715,0.00017448,0.00038108,0.00032698,0.0003241,0.00033669,0.00019408,5.416e-05,5.4154e-05,0.00018797,0.00041577,0.00031998,6.6975e-05,2.7833e-05,2.429e-05,-9.3951e-05,-6.1895e-05,5.6776e-05,0.00022057,0.00019338,0.00023192,-0.00013568,0.00012268,5.7086e-05,7.1149e-05,0.00034019,0.00034019,0.00010171,-2.1169e-05,0.00013546,0.00039543,0.00020497,0.00015239,7.741e-05,-2.6378e-05,0.0005319,5.3351e-06,0.00012678,0.00017979,6.0438e-05,-3.5364e-05,-9.9819e-06,0.00021599,-2.2894e-05,0.00038233,4.4769e-05,0.00017555
0.00017387,0.0001449,-0.0001243,0.00020912,0.0001297,0.00047865,0.00031498,1.7266e-05,0.0015988,0.00015696,0.00015205,0.00027711,0.0002392,-0.00011004,0.0001594,-2.1968e-05,0.00010157,0.00020463,0.00019684,1.4853e-05,6.2263e-05,8.4214e-05,6.8533e-05,0.00015592,5.0755e-05,2.8867e-05,0.00041278,-4.1277e-05,0.00011426,-7.2111e-06,-0.00010008,0.0002287,3.0324e-05,0.00040971,0.00024357,0.0002744,1.359e-05,0.00012591,7.5969e-05,0.00023303,0.00018813,0.00012321,8.0642e-05,-0.00024225,5.0763e-05,1.864e-05,0.00012453,0.00021264,0.00056059,0.00010747,0.00018117,0.00013099,-0.001162,0.00020731,0.00022398,0.00013711,0.00010547,0.00041893,-5.0478e-06,8.7863e-05,0.00015264,0.00015895,0.00010344,0.00020522,0.00020522,0.00016655,0.00016186,1.8032e-05,0.00015256,0.000211,0.00028961,-0.00013094,2.4565e-05,-7.0788e-05,5.1574e-05,-3.0828e-05,2.0265e-05,3.2815e-05,8.1822e-05,9.6441e-05,0.0002039,0.00019707,-0.0004958,9.0534e-05,0.00020744
0.00022825,0.00022554,0.00034837,0.00038475,0.0002492,0.0010906,-0.00011828,6.0422e-06,0.001993,-0.00017169,0.00041422,0.001434,0.0001797,6.0825e-05,-0.00013399,0.0001835,0.00024629,-0.00014934,0.00014435,0.00030831,2.7011e-06,0.00025161,-5.8097e-05,0.0011556,0.00013348,0.0004992,-4.1277e-05,0.001623,0.00074782,0.00068186,0.00038324,0.00066193,0.0005882,0.0023664,-0.00013092,0.0012621,0.00018694,0.00031808,0.00056195,0.00057723,0.0016084,0.0014564,0.0029442,0.00085744,0.00060216,0.00018992,-0.00010861,0.00085591,0.0011714,0.0011182,-8.8545e-05,-0.00019154,0.0029332,-0.00033496,-0.0002211,-0.00018209,0.00054706,0.00036841,0.00034199,-0.00034747,0.00077662,-9.2255e-05,0.00018833,0.00085408,0.00085408,0.000154,2.4091e-05,0.00044363,0.0015326,0.00031297,0.00025824,9.0872e-05,-6.4554e-05,0.0015032,-0.00022418,0.00031315,0.00074608,7.4254e-05,-0.00023531,-0.00024692,0.0005693,-6.1717e-05,0.00080858,0.00010138,0.00050384
0.00020906,8.154e-05,5.7238e-06,0.00077164,0.00039572,0.001015,0.00019443,0.00016571,0.0012657,9.6348e-05,0.00057937,0.001064,0.00085415,7.2555e-06,9.6735e-05,0.00038704,0.00053396,0.00010042,0.00057492,0.00020866,5.6934e-05,7.8551e-05,4.5746e-06,0.0014798,-8.0862e-05,0.00020471,0.00011426,0.00074782,0.00096373,0.0005909,0.00065083,0.00083993,0.00069369,0.0018016,-5.8939e-05,0.00081777,0.00025241,0.00032416,0.00092069,0.00084203,0.00098669,0.0010317,0.0020094,0.00072718,0.0007295,0.00028548,0.0001148,0.00084715,0.0010108,0.0010891,0.00017117,3.4697e-06,0.0020775,5.29e-05,0.00014732,4.396e-06,0.00037039,0.0009305,0.00047153,8.5614e-06,0.00069421,0.0002177,0.00013508,0.00068769,0.00068769,0.00024412,0.00017476,0.00023606,0.0011195,0.00038376,0.00041427,0.00013497,0.00020348,0.0013957,-2.5365e-06,0.00039714,0.00057547,6.0121e-05,1.7227e-05,-2.8934e-05,0.00099052,0.00027373,0.00052409,0.0004475,0.00055252
8.7585e-05,0.00058717,9.8773e-05,0.00043408,0.000455,0.0018527,9.9227e-05,0.00018452,0.0042734,8.8472e-05,0.0006927,0.0011418,0.00092165,0.0001337,0.00027965,0.00019497,0.00037624,3.5506e-05,0.00060889,0.00050339,3.3649e-05,7.62e-05,0.00018652,0.0006478,0.0001091,0.00010042,-7.2111e-06,0.00068186,0.0005909,0.0018744,0.00064176,0.00038399,0.00076183,0.0011131,-0.00014809,0.00050403,0.0001264,0.00093549,0.0011208,0.00061178,0.0010618,0.0015996,0.0062264,0.00072102,0.00055783,-4.1219e-05,5.3183e-05,0.00027627,0.0014186,0.0018136,0.00024309,-6.9507e-05,0.0061214,0.00022047,0.00030295,1.6959e-05,0.00021504,0.00057773,0.00068057,-0.00024078,0.00082894,0.00024336,6.1308e-05,0.00074232,0.00074232,0.00030327,0.00010065,0.00080486,0.0013141,0.00029756,0.00012024,0.00037391,0.00021322,0.0018112,-1.075e-05,0.00046725,0.00081975,5.9939e-05,5.904e-05,0.00013529,0.00029305,0.00020025,-4.528e-05,0.00081497,0.00038333
5.3436e-05,0.00015954,0.00019592,0.00055497,0.00033376,0.00053155,-3.3575e-05,0.00010843,-0.0018296,5.6745e-05,0.00036893,0.00060253,0.00071126,7.1983e-05,9.5551e-06,0.00029147,0.00042035,2.5243e-05,0.00029664,0.00015188,-5.921e-05,-4.8164e-05,-1.8976e-05,0.00074878,-2.3407e-05,0.00014118,-0.00010008,0.00038324,0.00065083,0.00064176,0.0015556,0.00016399,0.0008403,0.00080291,-0.00015147,0.00049301,0.00029785,0.00045307,0.00059056,0.0005768,0.00017486,0.00076979,0.0017817,0.0010814,0.00057132,0.0002324,5.8631e-05,0.00071521,0.00053141,0.00055965,2.7027e-05,1.32e-05,0.00093177,2.8551e-05,8.6425e-05,0.00021202,0.00010061,0.00040826,0.00064259,-0.00034969,0.00029122,0.0002489,0.00018287,0.00045958,0.00045958,0.00023243,4.5952e-05,0.00040545,0.00054295,0.00033338,0.00016469,0.00045196,0.00027735,0.0007866,0.00011402,0.00078308,0.00028848,3.6207e-05,0.00018145,6.6004e-05,0.00058745,0.00017546,0.0014855,0.00081582,0.00029978
0.00026543,0.00031928,0.00014664,0.001,0.00040202,0.0011407,0.00029273,0.00040166,0.0029562,0.00012196,0.00085636,0.0010706,0.00087331,-0.00010043,0.00038176,0.0002757,0.00055876,0.00046713,0.00094183,0.000266,0.00031982,0.00030002,0.00010592,0.0019828,6.2093e-05,0.00033103,0.0002287,0.00066193,0.00083993,0.00038399,0.00016399,0.0015013,0.00053136,0.0020635,0.00019433,0.0009221,0.00020199,0.00014327,0.0010978,0.00079639,0.0010437,0.00087727,0.0012879,0.00088843,0.00066434,0.00021984,0.00043283,0.00072828,0.0013379,0.0011607,0.00027623,0.0003103,0.0020041,9.9149e-05,0.00020178,0.0001647,0.0004016,0.0011598,0.00059301,3.7669e-05,0.00062668,0.00028958,0.00013259,0.00088356,0.00088356,0.00039518,0.00020349,0.00016815,0.0012016,0.0004735,0.00078689,8.8809e-05,0.00032816,0.0016636,0.00021395,0.00024625,0.00080603,6.624e-05,0.00011063,0.00014286,0.0011931,0.00046277,3.174e-05,0.00032192,0.00064281
0.00010811,0.00010555,0.00013405,0.0006496,0.00037502,0.0010347,1.3166e-05,0.00016056,0.0015527,0.0001773,0.00061068,0.00078676,0.00073691,0.00012342,0.00016264,0.00027133,0.00044058,0.00010217,0.00052238,0.0002362,9.7843e-05,6.2546e-05,4.6659e-05,0.00087398,5.6769e-05,0.00020329,3.0324e-05,0.0005882,0.00069369,0.00076183,0.0008403,0.00053136,0.00084295,0.0011188,-3.543e-05,0.00056904,0.00027284,0.00049794,0.00078902,0.00075032,0.00070559,0.0011481,0.003035,0.00071934,0.0006357,0.00021501,0.00015204,0.00059281,0.00078294,0.00095281,0.00014456,-2.9032e-05,0.0024227,5.435e-05,0.00012517,0.00016629,0.00033452,0.00065613,0.00060505,-0.00030507,0.00047287,0.0002611,0.00018074,0.00065366,0.00065366,0.00021355,3.3842e-05,0.00041437,0.00075535,0.00034251,0.00029354,0.0004027,0.00028859,0.0012104,3.9024e-05,0.00054675,0.00059622,6.6455e-05,-1.7576e-05,7.4373e-05,0.0006075,0.00026593,0.00043034,0.000642,0.00041104
0.0005842,0.00056478,0.00037188,0.0015603,0.00088139,0.0024732,0.00068074,0.00035457,0.0038498,-0.00020657,0.0011859,0.0026654,0.0012358,-0.00043469,6.4848e-05,0.000605,0.00089349,0.00024159,0.0007141,0.00066473,-0.00022326,0.00026492,-0.0002714,0.003707,-3.285e-05,0.00067529,0.00040971,0.0023664,0.0018016,0.0011131,0.00080291,0.0020635,0.0011188,0.0063478,-5.0858e-05,0.0024022,0.00031823,0.00010269,0.0019141,0.0013134,0.0029163,0.0026636,0.004306,0.001823,0.0012836,0.00019187,5.5724e-05,0.00182,0.0032227,0.0020312,7.8883e-05,0.00011143,0.0046338,-0.00026712,4.2135e-05,-0.00018882,0.00088874,0.0023625,0.00055237,0.00013238,0.0018289,-7.4527e-05,0.0002149,0.0018488,0.0018488,0.00041678,0.0001696,-0.00015526,0.0029062,0.00056025,0.0009055,-0.0001765,0.00022218,0.0029592,-4.4114e-05,1.2766e-05,0.0016754,1.8069e-05,-0.00013297,-0.00018621,0.0021596,0.00037222,0.0012957,0.00052918,0.0013034
0.00015823,0.00019261,-7.2266e-05,0.00023895,0.00016223,0.00026176,0.0002073,4.1353e-05,0.00080403,0.00025057,0.0002298,4.9434e-05,7.6396e-05,-1.5408e-05,0.00020573,-0.00016478,1.9329e-05,0.00013107,0.00022514,-6.2999e-05,0.00015109,0.00013982,0.00012719,0.00018792,0.00015474,7.8061e-05,0.00024357,-0.00013092,-5.8939e-05,-0.00014809,-0.00015147,0.00019433,-3.543e-05,-5.0858e-05,0.00045489,0.00011183,8.1359e-05,0.00011986,-0.00011008,0.00010392,-9.6933e-06,-1.2138e-05,0.00015216,-7.1309e-05,-0.00011719,0.00010963,0.0002634,5.5668e-05,0.00033908,1.7567e-06,0.00010111,0.00017229,-0.00039692,0.00014881,0.00015609,8.1625e-05,9.3097e-05,3.2799e-05,6.0483e-05,0.00024901,-1.3298e-05,0.00014412,0.00022689,0.00034419,0.00034419,4.2406e-05,-3.1826e-05,-9.1008e-07,6.4205e-05,0.00013529,0.00023222,-8.6111e-05,0.00013093,-9.6194e-05,9.9168e-05,-8.9617e-05,-2.2574e-05,3.4458e-05,5.7653e-05,0.00010004,-6.1011e-05,6.3853e-05,-0.0001473,-7.3261e-05,0.00013349
0.00039215,0.00050716,0.00023986,0.00092962,0.00036151,0.0014151,0.00013087,3.5913e-05,0.0016809,3.0817e-05,0.00046302,0.001632,0.00061455,-0.00020038,0.00016315,0.00016875,0.00046083,5.2437e-05,0.0006033,0.00024195,0.00019588,0.00012725,-8.1425e-05,0.0014915,0.00014792,0.00045894,0.0002744,0.0012621,0.00081777,0.00050403,0.00049301,0.0009221,0.00056904,0.0024022,0.00011183,0.0019482,0.00010491,0.00021951,0.0005632,0.00085301,0.0015396,0.0010976,0.0012951,0.00083688,0.00044181,3.5517e-05,0.00015509,0.0010304,0.0021118,0.0011474,5.7176e-05,9.7167e-05,0.0013108,-0.00014077,4.8237e-05,-7.9076e-05,0.00047833,0.0010321,0.00037893,-0.00025613,0.00076426,-1.6387e-05,0.00016191,0.0010228,0.0010228,0.00026351,0.00018793,0.00036899,0.0014925,0.00042833,0.00073166,-5.0339e-05,0.00013984,0.0018345,1.7845e-05,0.00053096,0.00076974,-0.00010801,8.1859e-05,-4.3487e-05,0.00094636,7.9923e-05,0.00076157,0.00021824,0.00053018
6.0088e-05,-0.00011026,-8.6996e-05,0.00032989,0.00022728,0.00011979,1.3243e-06,0.00014551,-0.00024316,8.5365e-05,0.00035179,0.00022281,0.00040106,0.00017444,0.00011331,0.00019881,0.00015069,7.7545e-05,0.0002503,3.0047e-05,0.00012549,0.00019485,0.00013173,0.00062757,0.00010122,0.00010705,1.359e-05,0.00018694,0.00025241,0.0001264,0.00029785,0.00020199,0.00027284,0.00031823,8.1359e-05,0.00010491,0.00056207,0.00041883,0.00023399,0.00025984,0.00019674,0.00044954,0.00060741,6.8068e-05,0.00022567,0.00030809,2.1245e-05,0.00032782,0.00023626,0.000336,0.00025419,-3.2066e-05,0.00018757,7.3916e-05,8.6076e-05,5.0599e-05,0.00017189,0.00031393,0.00033021,0.00040035,7.6917e-05,0.00025476,0.00032759,0.00040787,0.00040787,5.6391e-05,4.6607e-05,0.00045712,0.00010971,0.0002104,0.00016803,0.00023158,5.1275e-05,0.00031026,3.665e-05,0.0001427,-4.4375e-06,0.00011796,0.00010477,4.5275e-06,0.00038798,0.00016028,0.00029525,0.00029262,0.00025218
0.00012516,0.00028595,5.2158e-05,0.0002376,0.00027776,0.0010457,4.3371e-05,7.3963e-05,0.0024883,0.00019896,0.00051242,0.00063436,0.00062969,0.00025919,0.00025993,0.00019242,0.00028606,0.00012111,0.00044123,0.00020547,0.0002204,0.00021593,0.00030378,0.00042299,0.00023038,7.5265e-05,0.00012591,0.00031808,0.00032416,0.00093549,0.00045307,0.00014327,0.00049794,0.00010269,0.00011986,0.00021951,0.00041883,0.00096308,0.00048989,0.00051173,0.0005169,0.00093944,0.0033451,0.00020494,0.00029424,0.00027103,0.00015793,0.00039039,0.00060073,0.00093163,0.00031917,-3.8476e-05,0.0022109,0.0002659,0.00028235,9.6737e-05,0.00025246,0.00019294,0.00050491,1.1755e-05,0.00030521,0.00043021,0.00034861,0.00058731,0.00058731,0.00029136,0.00015125,0.00089786,0.00061006,0.00033425,0.00024373,0.00039703,0.00021285,0.00071229,9.7909e-06,0.00039169,0.00025506,0.0001376,0.00012597,0.00010246,0.00019727,0.00029318,-0.00016447,0.00057192,0.00036206
0.00023101,0.00036111,7.9955e-05,0.0011882,0.00053676,0.0013981,0.00014725,0.00041252,0.0033278,5.4666e-05,0.00097126,0.00099607,0.0014808,-0.00013128,0.00051545,0.00032923,0.00059507,0.0002737,0.00093951,0.00048118,0.0001531,0.00018278,4.0213e-05,0.0017776,2.3611e-05,0.00014715,7.5969e-05,0.00056195,0.00092069,0.0011208,0.00059056,0.0010978,0.00078902,0.0019141,-0.00011008,0.0005632,0.00023399,0.00048989,0.0019218,0.00082053,0.00098257,0.0011766,0.0037379,0.0011833,0.00067552,0.00011339,0.00033966,0.00067161,0.0013055,0.0015434,0.00026541,0.00028034,0.0044875,0.00046669,0.0005758,3.7452e-05,0.0002755,0.0017761,0.00066709,0.00023722,0.00059765,0.00034375,8.9292e-05,0.0011791,0.0011791,0.00045838,0.00011292,0.00037716,0.0014357,0.000436,0.00035029,0.0002477,0.00034801,0.0018778,0.00017543,0.00035538,0.001273,2.4487e-05,0.00015485,0.00015286,0.0014535,0.00056844,-0.00045269,0.00070516,0.00051144
0.00026036,6.749e-05,0.00015592,0.00084101,0.00041803,0.0012899,0.00029267,6.138e-05,0.0024542,0.00022542,0.00067017,0.0011633,0.00095675,0.00011805,0.00024311,0.00027239,0.00063377,0.00027063,0.0007769,0.00021262,0.00019004,9.4352e-05,7.5793e-05,0.0013385,0.00013281,0.00017448,0.00023303,0.00057723,0.00084203,0.00061178,0.0005768,0.00079639,0.00075032,0.0013134,0.00010392,0.00085301,0.00025984,0.00051173,0.00082053,0.001083,0.00092282,0.0010325,0.0026904,0.0006448,0.00063809,0.00029096,0.00030019,0.00099634,0.0010576,0.0010975,0.00029319,5.6597e-07,0.0015799,0.00015389,0.00025732,0.00019603,0.00042104,0.00088941,0.00053855,-8.7202e-05,0.00061176,0.0003626,0.00030184,0.0007292,0.0007292,0.00025175,0.00027873,0.00049517,0.00099969,0.00043692,0.00060928,0.00023438,0.00042787,0.0013397,7.1279e-05,0.00053693,0.00058776,5.3876e-05,7.2204e-06,6.4704e-05,0.00085461,0.0003974,9.812e-05,0.00050854,0.00059363
0.00034119,0.00048507,0.00032042,0.00070702,0.00048434,0.0021373,8.3924e-05,0.00014453,0.0051781,-1.9211e-08,0.00072066,0.001847,0.00061761,-7.7037e-05,0.00015837,0.00040967,0.00045739,0.000129,0.00043507,0.00035075,0.00012443,0.00028868,4.0851e-05,0.0017849,8.7528e-05,0.00038108,0.00018813,0.0016084,0.00098669,0.0010618,0.00017486,0.0010437,0.00070559,0.0029163,-9.6933e-06,0.0015396,0.00019674,0.0005169,0.00098257,0.00092282,0.0022886,0.0017511,0.0043285,0.00090556,0.00069676,0.00021953,0.00013403,0.00099396,0.0018325,0.0016979,6.1073e-05,-5.8735e-05,0.0045286,-5.8504e-05,0.0001043,-0.00021514,0.00065493,0.00098179,0.00045918,-0.0002111,0.00097111,2.7179e-05,0.0003211,0.0011816,0.0011816,0.00038937,0.00012761,0.00051191,0.0019069,0.00040654,0.00058546,0.00015523,0.00019216,0.0020672,-0.00012459,0.00031565,0.0011844,4.9316e-05,-0.00014541,-9.1233e-05,0.00088843,0.0002148,7.3888e-05,0.00021744,0.00083186
0.00025336,0.00031585,0.00020036,0.00071683,0.00057204,0.0026269,0.00010066,-1.4135e-05,0.0061715,3.5886e-05,0.00069017,0.0017747,0.00096213,0.00021707,-2.4876e-05,0.00046437,0.00045586,-1.1655e-05,0.00047937,0.00038841,-0.0001183,0.00021575,-4.059e-06,0.0013888,0.00028937,0.00032698,0.00012321,0.0014564,0.0010317,0.0015996,0.00076979,0.00087727,0.0011481,0.0026636,-1.2138e-05,0.0010976,0.00044954,0.00093944,0.0011766,0.0010325,0.0017511,0.0029328,0.0078095,0.00077872,0.00097712,0.000281,-0.00010016,0.00096214,0.0023695,0.0024585,0.00014632,-0.00028457,0.0069625,-0.00021712,-6.7371e-05,-3.2101e-05,0.00063217,0.00082222,0.00058356,-0.00061478,0.0014232,0.00010718,0.00042036,0.0010655,0.0010655,0.00016522,-1.1043e-05,0.00071245,0.0020628,0.00052917,0.00036493,0.00017863,3.3425e-05,0.0022456,-0.00023208,0.00056008,0.00094286,5.3766e-05,-0.00023894,-0.00016861,0.000673,0.0002312,4.3194e-05,0.0008143,0.00057147
0.00047899,0.001505,0.00069342,0.0015267,0.0019154,0.0088155,0.00030867,-0.00023235,0.023425,0.00025064,0.0022857,0.0046152,0.0029393,0.0010833,0.00046582,0.00024211,0.00074716,-1.3189e-05,0.0014858,0.0013412,-0.0007463,0.00049757,0.00023827,0.0018381,0.0010868,0.0003241,8.0642e-05,0.0029442,0.0020094,0.0062264,0.0017817,0.0012879,0.003035,0.004306,0.00015216,0.0012951,0.00060741,0.0033451,0.0037379,0.0026904,0.0043285,0.0078095,0.031936,0.0023219,0.0022458,0.00040029,-4.9051e-05,0.0020067,0.0052532,0.0076641,0.00024384,-0.00079413,0.027565,0.00049361,0.00077498,0.00022743,0.00096136,0.0013916,0.0020698,-0.0011305,0.0037522,0.00032791,0.0014059,0.0031479,0.0031479,0.00015772,-5.5067e-05,0.0029781,0.0058542,0.001532,0.00016456,0.00060635,0.00050411,0.0057495,-0.00051421,0.0017936,0.0031868,0.0001535,-0.0010065,-0.00011702,0.0001172,0.00056781,-0.0012441,0.002074,0.0012463
