9.2757e-05,8.6361e-05,0.00012512,0.00012096,5.5193e-05,0.00010906,-1.9444e-05,8.2221e-05,6.9195e-05,1.7261e-05,6.1153e-05,0.00010206,5.2798e-05,1.9741e-05,4.5345e-05,8.0616e-05,9.6367e-05,5.0264e-06,0.00013707,7.1842e-05,1.4827e-05,1.4994e-05,5.2714e-05,8.9476e-05,3.5606e-05,2.0925e-05,1.7362e-05,6.3047e-05,5.9614e-05,0.00010384,0.0001618,0.00011381,0.00013171,0.00011652,3.8422e-05,7.8037e-05,5.7303e-05,8.4592e-05,5.1508e-05,6.8441e-05,7.938e-05,0.00016847,0.0001855,7.3521e-05,6.0428e-05,-2.1987e-06,3.9074e-05,6.6076e-05,8.0431e-05,0.00012546,2.8692e-05,-6.4477e-06,0.0001272,5.9435e-05,3.5775e-05,-7.246e-06,6.5799e-05,7.5459e-05,7.4021e-05,4.2965e-05,2.1881e-05,6.8876e-05,3.4432e-05,0.00010862,0.00010941,1.24e-05,3.6834e-05,2.8385e-05,2.6147e-05,1.9032e-05,7.4991e-06,-2.7444e-05,2.5717e-05,0.00016466,-1.4014e-05,0.00013197,5.3224e-05,1.3796e-06,9.9447e-05,8.2687e-06,0.00012425,6.3391e-06,9.3076e-05,2.6959e-05,0.00010282
8.6361e-05,0.00019053,6.3343e-05,6.8742e-05,4.7479e-05,0.00011287,5.512e-06,4.005e-05,0.00010013,1.1616e-05,6.9949e-05,6.7615e-05,6.7377e-05,3.1843e-05,4.0986e-05,4.7517e-05,0.00015132,5.2332e-05,0.000104,7.0841e-05,1.5312e-05,3.0919e-05,5.6814e-05,-1.5844e-05,4.2165e-05,1.0237e-05,7.097e-05,8.6868e-05,3.9963e-05,9.303e-05,0.00010104,1.7299e-05,0.00014063,0.00011611,5.4382e-05,8.5629e-05,6.4023e-05,9.171e-05,4.9389e-05,6.0388e-05,9.334e-05,0.00024491,0.00021464,5.241e-05,5.6863e-05,2.8276e-05,6.9244e-05,5.5248e-05,0.0001293,6.9229e-05,3.6387e-06,-3.2428e-05,0.00013582,5.0567e-05,4.797e-05,6.456e-08,2.125e-05,1.6503e-05,6.7807e-05,6.9966e-06,1.7448e-05,6.878e-05,4.3077e-05,0.00014174,0.0001386,5.6131e-05,3.5392e-05,3.1941e-05,5.107e-06,9.6093e-06,2.4325e-05,6.3313e-05,-8.8546e-06,9.3165e-05,2.6329e-05,0.0001163,6.8902e-06,3.9198e-05,9.7269e-05,5.1591e-05,8.3578e-05,9.1296e-06,5.6169e-05,4.9266e-05,0.00011341
0.00012512,6.3343e-05,0.0004786,0.00045968,0.00016644,0.00028506,-2.6118e-05,0.00021649,0.00013582,1.1734e-05,0.00019099,0.00021569,0.00021161,7.7516e-05,0.00012979,0.00017211,0.00024567,3.7405e-05,0.00034452,9.8304e-05,0.00015716,8.3421e-05,6.0596e-05,0.00025181,0.00010398,7.6072e-05,-1.2409e-05,0.0002397,0.00010617,0.00022881,0.00029191,0.00029676,0.00034201,0.00020768,4.8127e-05,0.00030553,0.00010438,0.00026483,0.00039154,0.00018044,0.00023443,0.00037073,0.00045762,0.00029681,0.00014806,-7.1203e-06,4.6809e-05,0.00022004,0.00027967,0.00042855,8.5855e-05,-1.1781e-05,0.00037493,8.4278e-05,4.1805e-05,-4.6641e-06,0.00011419,0.00035021,0.00016544,0.00018925,0.00016478,0.00013289,5.3283e-05,0.00016933,0.00017458,4.5866e-05,1.5091e-06,0.00012313,0.0001436,4.7692e-05,-3.4519e-05,1.2675e-05,1.8193e-05,0.00014803,3.0572e-05,0.0002609,0.00023265,7.2822e-06,7.6025e-05,3.1428e-05,0.00036546,5.5724e-05,0.00028405,0.00026242,0.00031237
0.00012096,6.8742e-05,0.00045968,0.0010756,0.00026838,0.00035131,3.6134e-05,0.00017791,0.00031892,2.0195e-05,0.00013719,9.5949e-05,0.00053279,0.00019434,0.00013907,0.00022391,0.00029274,8.9607e-05,0.00049122,0.00010679,0.000153,9.5175e-05,-5.8511e-05,0.00025513,0.00017156,5.6206e-05,-6.7243e-07,0.00019861,0.00018877,0.00024171,0.00028415,0.00027358,0.00032867,0.0001841,9.2833e-05,0.00038262,0.00021038,0.00039214,0.00098075,0.00024885,0.00012177,0.00054773,0.000615,0.00056276,0.00017472,7.824e-06,3.6703e-05,0.00018335,0.00054228,0.00068324,0.00020841,4.5173e-06,0.00042164,0.00015358,0.00014839,6.6216e-06,0.00023306,0.00069954,0.00032165,0.00045426,0.00034062,0.00018581,6.7365e-05,0.00026288,0.00028423,0.00012437,-6.4917e-05,0.00016106,0.00033094,0.00018628,9.3119e-05,-4.475e-05,5.7073e-05,0.0010687,7.2151e-05,0.00024691,0.00027303,0.00011167,5.725e-05,0.00012739,0.00066853,7.4963e-05,0.00047832,0.00051033,0.00031672
5.5193e-05,4.7479e-05,0.00016644,0.00026838,0.00017582,0.00013521,-1.1689e-06,6.8951e-05,0.00018491,8.0793e-06,7.0921e-05,0.00014793,0.00018504,5.6846e-05,9.5345e-05,8.6605e-05,0.00014488,0.00010236,0.00019209,4.5771e-05,6.4257e-05,5.2086e-05,-2.3368e-05,0.0001683,6.3811e-05,7.2673e-06,-1.1727e-05,0.00013065,6.5568e-05,0.00020967,0.00015418,0.00016327,0.0001574,0.0001538,3.2349e-05,0.00019324,9.992e-05,0.00020152,0.0002726,0.00010829,0.00010127,0.00014208,0.00030826,0.00014597,7.3651e-05,2.9787e-05,3.67e-05,8.9299e-05,0.00018387,0.00023378,6.2012e-05,5.5908e-06,0.00030052,9.1316e-05,6.7228e-05,5.8746e-05,6.7566e-05,0.00024792,0.00011132,0.00019009,0.00016385,0.00011023,5.8217e-05,0.00016487,0.00017038,1.801e-05,2.0171e-05,6.1754e-05,8.0958e-05,9.7553e-05,4.2837e-05,1.0707e-05,4.1905e-05,-0.0002076,1.3467e-05,0.00015492,0.0001193,7.5161e-05,5.7835e-05,4.8523e-05,0.00025243,4.5074e-05,0.00016678,0.00015524,0.00020408
0.00010906,0.00011287,0.00028506,0.00035131,0.00013521,0.00078018,4.3851e-05,0.00017455,0.0003951,-3.8986e-05,0.0001665,0.00037997,0.00023981,0.00016734,-3.0611e-05,0.0001859,0.00030984,-5.9615e-05,0.0002392,0.00026204,5.5433e-05,3.7304e-05,-4.6078e-06,0.00022956,6.618e-05,3.361e-05,6.5415e-05,0.00025398,0.00016433,0.0003677,0.00061026,0.00019764,0.00045523,0.00047915,1.4003e-06,0.00038071,0.00016617,0.00019588,0.00044839,0.00011249,0.00045782,0.00074128,0.00095853,0.00011921,0.00023886,-4.1241e-05,-2.9367e-05,0.00018184,0.00035028,0.00054085,0.00010845,-0.00016425,0.00066628,6.0103e-05,8.6699e-06,-3.4579e-05,-7.8153e-05,0.00026524,0.00027463,2.2229e-05,0.00016305,8.7809e-05,0.00013746,6.3213e-05,5.4749e-05,-9.8968e-05,0.00022621,0.00013328,0.00019675,0.00021779,8.7122e-05,-0.00016605,-5.6806e-05,0.0014966,-7.384e-05,4.7739e-05,7.6014e-05,6.7899e-05,0.00020516,-5.2251e-05,0.00036533,9.7431e-05,0.00019854,0.00014052,0.00028823
-1.9444e-05,5.512e-06,-2.6118e-05,3.6134e-05,-1.1689e-06,4.3851e-05,9.8727e-05,-1.2073e-05,1.6669e-05,4.7061e-05,8.3096e-05,-0.00012862,6.2612e-05,1.7907e-05,1.6585e-05,1.1804e-05,1.8394e-05,2.7565e-05,-1.0605e-05,8.4838e-06,9.2063e-06,3.2024e-05,2.2012e-05,1.6979e-05,1.1187e-05,4.9247e-05,6.3274e-05,-8.2271e-05,8.6423e-06,1.2587e-05,-3.9144e-05,-7.3621e-05,-1.9568e-05,1.5207e-05,4.7181e-05,-7.987e-05,4.7566e-05,3.086e-05,1.1138e-05,1.1256e-05,-9.1624e-05,4.9522e-05,-0.0001828,-1.7169e-05,3.3366e-05,-1.1874e-05,4.6824e-05,1.4205e-05,3.0043e-05,-5.0537e-05,1.3984e-05,3.5175e-05,-0.00017953,5.1617e-05,8.1969e-05,4.5614e-05,2.1461e-05,1.1314e-05,7.8792e-06,4.3013e-06,-1.8844e-05,1.7172e-05,3.3545e-05,-2.0396e-05,-2.9381e-05,1.9162e-05,-7.7075e-06,2.3834e-05,0.00010272,-1.3472e-05,5.4037e-05,7.7166e-05,5.4701e-05,-0.00086572,7.9317e-05,-5.0544e-05,-1.9435e-05,2.0734e-05,-3.8416e-05,4.7469e-05,-2.2855e-05,6.505e-05,-4.1639e-05,-9.018e-06,-3.9279e-05
8.2221e-05,4.005e-05,0.00021649,0.00017791,6.8951e-05,0.00017455,-1.2073e-05,0.00030089,3.8824e-05,3.5475e-05,0.00010144,8.4265e-05,9.99e-05,1.8788e-05,0.00010505,8.5618e-05,0.00012358,-1.7517e-05,0.00013147,8.4824e-05,7.333e-05,1.9471e-05,0.00011427,8.0278e-05,8.5384e-05,2.5168e-05,9.9381e-06,0.00010959,2.8716e-05,0.00013253,0.0001541,9.7899e-05,0.00013476,0.00010059,8.3337e-05,7.4675e-05,6.6859e-05,0.00014571,3.2998e-05,6.0522e-05,0.00012591,9.0625e-05,0.00019157,6.6333e-05,6.5541e-05,3.5303e-05,7.3384e-06,0.00013971,8.4509e-05,0.00021668,3.7165e-05,2.4084e-05,2.7005e-05,8.6719e-05,6.5375e-05,2.9178e-05,8.3635e-05,0.00012159,6.6398e-05,0.00012462,-1.2611e-05,4.0601e-05,4.4047e-05,3.4919e-05,3.5675e-05,-3.535e-05,4.5183e-05,8.2163e-05,5.9927e-05,6.3645e-05,-8.0125e-05,-5.6088e-05,-1.1346e-05,-2.5049e-05,-7.7784e-06,0.00020323,8.7449e-05,-3.24e-06,8.4206e-05,2.1327e-05,0.00015568,4.7349e-05,0.00012335,3.7092e-05,0.00013587
6.9195e-05,0.00010013,0.00013582,0.00031892,0.00018491,0.0003951,1.6669e-05,3.8824e-05,0.00055985,1.4256e-05,3.5794e-05,0.00047516,0.00027343,0.00015216,-2.1396e-05,0.00016875,0.00027915,6.0155e-05,0.00022408,0.0001601,2.9726e-05,7.4838e-06,-8.6593e-05,0.00013386,9.2512e-05,-3.0922e-05,-1.754e-05,0.00033901,0.00015981,0.00032346,0.00047029,0.00014009,0.00032145,0.0003955,1.3272e-05,0.00045228,0.00017537,0.0002148,0.0005073,0.00015365,0.00041422,0.00037654,0.0009906,0.00024674,0.00015405,-3.0386e-05,-3.0866e-05,0.00012963,0.00026129,0.00038938,0.00014424,-8.599e-05,0.00064113,4.4822e-05,2.7862e-05,9.0549e-05,-6.8198e-05,0.00025609,0.00019471,0.00013735,0.0001296,0.00010507,8.4072e-05,0.00016436,0.00016771,5.4078e-05,0.00012188,0.00010659,7.8106e-05,0.00023368,5.648e-05,-7.6594e-05,-8.5183e-07,0.0006703,-4.2413e-05,0.00017689,0.00013887,8.3317e-05,0.00018466,-2.2687e-05,0.00036277,6.0417e-05,0.00026045,0.00019295,0.00032734
1.7261e-05,1.1616e-05,1.1734e-05,2.0195e-05,8.0793e-06,-3.8986e-05,4.7061e-05,3.5475e-05,1.4256e-05,0.00011012,5.5217e-05,-3.1689e-05,3.1531e-05,-1.6773e-05,3.5959e-05,4.8081e-08,4.2372e-06,4.2601e-05,4.802e-05,1.3989e-05,3.8759e-05,2.8565e-05,5.7675e-05,2.4073e-05,2.987e-05,-2.2908e-05,1.5626e-05,-1.8779e-05,5.4021e-06,3.1062e-05,-9.5393e-06,-1.2268e-05,-1.6553e-05,2.2855e-05,6.6022e-05,-5.5653e-05,3.3195e-05,6.2103e-05,-1.9029e-05,2.447e-05,-4.4904e-05,-8.3649e-05,-0.00012945,2.5771e-05,1.0391e-05,2.0212e-05,3.2856e-05,3.5308e-05,-1.2731e-05,-7.0094e-05,1.3991e-05,5.3403e-05,-0.00013534,4.3217e-05,6.0239e-05,3.3694e-05,6.1807e-05,3.1518e-05,-4.0957e-06,6.9291e-05,-7.9299e-05,4.115e-05,3.8193e-05,6.2773e-06,1.1478e-06,-4.6629e-06,1.2212e-05,4.3978e-06,-6.0378e-06,1.0611e-05,-1.9065e-05,2.4675e-05,0.00011077,-0.00079809,3.7993e-05,4.5895e-05,2.9652e-05,9.4835e-06,4.8666e-06,4.2355e-06,-3.1512e-05,-9.6411e-06,1.065e-05,-5.6943e-05,-2.4283e-05
6.1153e-05,6.9949e-05,0.00019099,0.00013719,7.0921e-05,0.0001665,8.3096e-05,0.00010144,3.5794e-05,5.5217e-05,0.00042578,1.1593e-05,0.00013362,3.5204e-05,0.0001457,5.6016e-05,0.00021924,0.00012293,0.00022861,0.00010025,0.00012248,9.0281e-05,4.7764e-05,0.00012759,5.2742e-05,0.00012566,0.00012653,1.1547e-05,0.00011837,0.00011615,0.00012943,-2.2945e-06,6.1696e-05,0.00012218,0.0001428,3.9123e-05,0.00010369,0.00017697,-3.9129e-05,0.00013416,-1.2434e-05,0.0002059,-4.0845e-05,7.5173e-05,0.00017007,5.6993e-05,0.00014594,0.00015744,2.568e-05,4.6796e-05,5.231e-06,5.4591e-05,-2.7914e-05,0.00019196,0.00021157,7.0569e-05,0.00011881,0.00011029,6.4161e-05,0.00013389,5.0076e-06,8.0573e-05,9.0897e-05,4.7953e-05,3.7087e-05,8.6652e-05,-6.278e-06,0.00010324,0.00015554,-2.7537e-05,6.0386e-05,0.00015402,8.5618e-05,-0.0016459,0.00016259,0.00010408,0.0001375,5.4189e-05,0.00010574,0.00011849,5.4472e-05,0.00012293,4.0801e-05,6.8674e-05,4.278e-05
0.00010206,6.7615e-05,0.00021569,9.5949e-05,0.00014793,0.00037997,-0.00012862,8.4265e-05,0.00047516,-3.1689e-05,1.1593e-05,0.0010265,8.4626e-05,0.00018997,-6.6399e-05,0.00017693,0.0003843,3.4558e-05,0.00028139,0.00010439,2.3796e-05,-4.3955e-05,-6.8353e-05,0.00030292,4.7726e-05,-0.00013828,-0.00012797,0.00065647,0.00012575,0.00029023,0.00065659,0.00034653,0.00035263,0.0004469,-9.2983e-05,0.00072682,0.00014018,0.00020041,0.00031545,0.00010329,0.0007856,0.00022509,0.0011573,0.00025512,4.8121e-05,-5.0949e-05,-9.4488e-05,0.00017417,0.00023404,0.00053163,9.6816e-05,-0.00018621,0.00099481,-2.9053e-05,-0.00012275,-7.6785e-06,-4.1256e-05,0.00018682,0.00019883,2.029e-05,0.00015308,8.4343e-05,3.9889e-05,0.00014109,0.00014855,-3.1139e-05,0.00011924,5.553e-05,-9.6308e-05,0.0001938,-6.2369e-05,-0.00023355,-3.4298e-05,0.00064484,-0.00011197,0.00013907,0.00027389,1.2994e-05,0.00021338,-9.0301e-05,0.00039897,-7.9364e-05,0.00024712,0.00018182,0.00039659
5.2798e-05,6.7377e-05,0.00021161,0.00053279,0.00018504,0.00023981,6.2612e-05,9.99e-05,0.00027343,3.1531e-05,0.00013362,8.4626e-05,0.00038078,0.0001435,7.9813e-05,7.5448e-05,0.00020154,0.00010525,0.00027036,8.603e-05,0.00010783,7.1222e-05,-2.2761e-05,0.00011631,8.1127e-05,2.2812e-05,4.6862e-06,0.00010762,0.00011688,0.00019895,0.0001443,9.8164e-05,0.00015993,0.00021767,8.8867e-05,0.00020769,0.00015535,0.00027482,0.00048898,0.00012951,0.00011755,0.0002825,0.00044254,0.00030563,0.00014205,2.6943e-05,4.6999e-05,0.00013523,0.00029053,0.00031155,9.1168e-05,2.1889e-05,0.00037478,0.00014816,0.00014894,0.00011845,0.0001016,0.00044211,0.0001737,0.00031164,0.00011876,0.00012058,7.3508e-05,0.00018788,0.00019159,7.9251e-05,-5.7071e-05,0.00010853,0.00018102,0.00014368,9.8766e-05,1.5334e-05,-6.1961e-06,-0.00060476,3.8686e-05,0.00014291,0.00016076,9.2824e-05,8.6653e-05,8.6255e-05,0.00038551,7.1613e-05,0.00020569,0.0002326,0.00019784
1.9741e-05,3.1843e-05,7.7516e-05,0.00019434,5.6846e-05,0.00016734,1.7907e-05,1.8788e-05,0.00015216,-1.6773e-05,3.5204e-05,0.00018997,0.0001435,0.00017568,8.6401e-06,6.7334e-05,0.00016897,5.7223e-05,0.00010254,7.1379e-05,5.1837e-05,4.0733e-05,4.9064e-06,0.00018543,1.8093e-05,-4.2449e-05,-3.4732e-06,0.00016822,7.9513e-05,9.9432e-05,0.00015606,7.2782e-05,0.00015257,0.00013616,-1.1374e-05,0.00022075,0.00012242,0.00010497,0.00022021,2.504e-05,0.0001769,0.00018448,0.00036126,0.00017263,4.7616e-05,-1.5881e-05,1.506e-05,6.9365e-05,0.00016996,0.0001547,3.9596e-05,-5.6709e-05,0.00030794,3.5813e-05,2.6794e-05,1.7325e-05,5.2542e-05,0.0001837,0.0001088,2.6608e-05,0.00011693,4.0975e-05,5.5964e-06,8.5395e-05,8.7428e-05,-4.2349e-05,-6.3001e-06,2.7525e-05,9.553e-05,3.8779e-05,9.1337e-05,-2.948e-06,-2.7033e-05,0.00060733,2.6607e-05,5.4488e-05,6.779e-05,2.1592e-05,4.6076e-05,7.5954e-05,0.00021649,1.1876e-05,0.00010394,0.00010211,0.0001064
4.5345e-05,4.0986e-05,0.00012979,0.00013907,9.5345e-05,-3.0611e-05,1.6585e-05,0.00010505,-2.1396e-05,3.5959e-05,0.0001457,-6.6399e-05,7.9813e-05,8.6401e-06,0.00022317,9.2236e-06,7.6587e-05,0.00014757,0.00012558,4.7688e-06,9.6422e-05,7.6924e-05,4.8855e-05,0.00012843,7.7964e-05,5.5926e-05,5.1646e-05,-1.4087e-05,5.5201e-05,6.9184e-05,-3.8952e-05,1.3143e-05,5.334e-05,-7.1013e-05,8.7921e-05,6.502e-06,8.4773e-05,0.00013523,5.8629e-05,0.00010224,-0.00011478,-6.024e-05,-0.00019188,5.794e-05,7.7396e-05,7.0182e-05,8.7435e-05,0.00011443,3.4423e-05,-1.9503e-07,1.321e-05,8.7333e-05,-0.00025065,0.00012343,0.00012691,4.8521e-05,1.9547e-05,0.00010588,1.4757e-05,0.00017069,0.00011191,5.5121e-05,2.1481e-05,7.084e-05,7.4349e-05,1.536e-05,-5.53e-05,5.5165e-05,8.9393e-05,-2.4603e-05,2.3156e-05,0.00012149,7.2778e-05,-0.00062361,8.7599e-05,0.00023051,5.3253e-05,4.0549e-05,-8.4881e-06,0.0001078,6.2876e-05,3.7467e-05,6.5522e-05,5.7858e-05,0.00012546
8.0616e-05,4.7517e-05,0.00017211,0.00022391,8.6605e-05,0.0001859,1.1804e-05,8.5618e-05,0.00016875,4.8081e-08,5.6016e-05,0.00017693,7.5448e-05,6.7334e-05,9.2236e-06,0.00030411,0.00021813,1.1457e-05,0.00019232,3.6768e-05,-1.4332e-05,1.9251e-05,2.2949e-05,0.00024459,6.5273e-05,3.2886e-05,4.7873e-05,0.00016146,2.862e-05,0.00012936,0.00037192,0.0001606,0.00024116,0.00018072,3.0316e-06,0.00019505,0.00015672,7.5123e-05,0.00019093,5.3658e-05,8.1378e-05,0.00032709,0.00032014,0.00012114,7.2444e-06,-6.4249e-05,3.0177e-05,2.6974e-05,0.00012503,0.00017161,0.00010469,-1.7567e-05,0.00012138,4.7476e-05,4.278e-05,2.8863e-05,0.00016166,6.5842e-05,8.2967e-05,-6.589e-05,0.00014534,8.337e-05,3.0191e-05,6.6601e-05,7.0413e-05,8.2011e-06,0.0001015,7.0518e-05,0.00013762,9.3303e-06,1.6164e-05,-9.9482e-05,8.3335e-05,0.00050732,6.9942e-05,0.00019258,0.00014831,-4.6902e-06,4.8132e-05,6.0386e-05,0.00021364,8.8684e-05,0.0002406,0.00016848,0.00016345
9.6367e-05,0.00015132,0.00024567,0.00029274,0.00014488,0.00030984,1.8394e-05,0.00012358,0.00027915,4.2372e-06,0.00021924,0.0003843,0.00020154,0.00016897,7.6587e-05,0.00021813,0.00043246,0.00013403,0.0002879,0.00010082,0.00011122,6.7346e-05,2.2912e-05,0.00023974,9.3703e-05,4.8479e-06,7.6151e-05,0.0003452,0.00011682,0.00021218,0.0004055,0.00017225,0.0003123,0.0002949,4.7666e-05,0.00042087,0.00022592,0.00024068,0.00029639,0.00012851,0.00030815,0.00038623,0.00060017,0.00024991,0.00010509,3.5107e-05,6.7381e-05,0.00015517,0.00028657,0.00031587,0.00010769,-6.072e-05,0.00047303,0.000102,9.6356e-05,5.0087e-05,8.304e-05,0.00019367,0.00016661,7.4665e-05,0.00021001,0.00014245,8.2062e-05,0.0001815,0.00018245,6.1369e-05,7.2683e-05,0.000128,0.00015755,7.2029e-05,5.3869e-05,2.1053e-05,3.8711e-05,0.00012035,0.00012564,0.00027557,0.00016645,7.0367e-05,0.00011599,0.00011944,0.00031674,8.6735e-05,0.00024415,0.00029904,0.00027547
5.0264e-06,5.2332e-05,3.7405e-05,8.9607e-05,0.00010236,-5.9615e-05,2.7565e-05,-1.7517e-05,6.0155e-05,4.2601e-05,0.00012293,3.4558e-05,0.00010525,5.7223e-05,0.00014757,1.1457e-05,0.00013403,0.00024621,0.00014294,-3.4205e-05,0.00010816,8.0274e-05,-3.5922e-06,0.00015302,3.0575e-05,-2.2919e-05,4.3158e-05,5.6135e-05,3.4182e-05,7.8775e-05,-3.9815e-05,-2.2807e-05,3.4794e-05,1.7381e-05,5.4645e-05,8.7123e-05,0.00013219,0.00013282,0.0001175,4.4789e-05,-7.7128e-05,-4.6504e-05,-4.9844e-05,9.344e-05,3.0325e-05,8.9987e-05,7.799e-05,7.1908e-05,7.4589e-05,-8.0417e-05,-2.8598e-06,6.8418e-05,3.212e-05,0.0001055,0.00011781,8.0318e-05,6.7983e-05,0.00013538,3.9298e-06,0.0001781,0.00011236,7.4707e-05,3.3822e-05,7.8606e-05,8.0948e-05,-7.5611e-06,-6.4011e-05,3.0009e-05,4.3042e-05,-2.4995e-06,6.3141e-05,8.009e-05,9.5874e-05,-0.0010301,0.00011859,0.00017553,0.00010526,6.8596e-05,-2.1658e-06,0.00013211,4.1803e-05,1.8676e-06,6.3971e-05,7.5116e-05,0.000109
0.00013707,0.000104,0.00034452,0.00049122,0.00019209,0.0002392,-1.0605e-05,0.00013147,0.00022408,4.802e-05,0.00022861,0.00028139,0.00027036,0.00010254,0.00012558,0.00019232,0.0002879,0.00014294,0.00045178,7.8762e-05,0.00012109,8.1215e-05,-6.4497e-06,0.00026294,9.8849e-05,1.8259e-05,2.0054e-05,0.00020836,0.00012652,0.00020587,0.00035958,0.00021703,0.00027077,0.00025486,8.6279e-05,0.0002895,0.00018132,0.00028065,0.0004157,0.00015889,0.00017588,0.00032344,0.00045702,0.00032471,0.00012874,1.9548e-05,8.5952e-05,0.00016897,0.00022366,0.00031383,8.158e-05,1.7922e-05,0.00036234,0.00015716,0.0001304,6.0472e-05,0.00019621,0.00040364,0.00016515,0.0002592,0.00013773,0.00013902,7.5842e-05,0.00016677,0.00017432,5.3428e-05,-9.6691e-06,0.00010348,0.00011214,8.9624e-05,5.4582e-05,-9.3016e-05,8.2791e-05,-0.00045488,5.8371e-05,0.00027599,0.00030944,6.1884e-05,0.00014878,8.0944e-05,0.00037399,1.7295e-05,0.00029271,0.00022878,0.00027066
7.1842e-05,7.0841e-05,9.8304e-05,0.00010679,4.5771e-05,0.00026204,8.4838e-06,8.4824e-05,0.0001601,1.3989e-05,0.00010025,0.00010439,8.603e-05,7.1379e-05,4.7688e-06,3.6768e-05,0.00010082,-3.4205e-05,7.8762e-05,0.00022792,4.3202e-05,1.109e-05,1.0835e-05,7.1586e-05,4.0374e-05,-8.4491e-06,2.7445e-05,6.4772e-05,0.00011093,0.00022253,0.00014965,0.00010799,0.00017934,0.00018493,2.3021e-05,9.4085e-05,5.6592e-05,0.00010357,6.061e-05,6.7421e-05,0.0001533,0.00027175,0.00039612,7.9548e-05,0.00012494,-1.4783e-05,2.0704e-05,8.8684e-05,9.0657e-05,0.00019278,2.8856e-05,-6.918e-05,0.00023396,3.6682e-05,1.2095e-05,-4.1252e-05,2.2042e-05,8.5467e-05,0.00012471,3.4545e-05,-3.805e-06,5.2416e-05,4.4773e-05,0.0001055,9.997e-05,-3.8715e-05,0.00014766,2.1019e-05,5.4366e-05,9.8717e-05,7.8952e-05,-1.2514e-05,8.6273e-06,0.0010502,-6.7128e-05,4.3282e-05,7.9786e-07,1.1419e-05,0.00015616,-3.4958e-05,8.6758e-05,4.9702e-05,6.3937e-05,-1.5723e-05,5.9476e-05
1.4827e-05,1.5312e-05,0.00015716,0.000153,6.4257e-05,5.5433e-05,9.2063e-06,7.333e-05,2.9726e-05,3.8759e-05,0.00012248,2.3796e-05,0.00010783,5.1837e-05,9.6422e-05,-1.4332e-05,0.00011122,0.00010816,0.00012109,4.3202e-05,0.00014782,6.9623e-05,2.3725e-05,8.9338e-05,4.0059e-05,-7.6445e-06,8.3795e-06,8.4817e-05,6.0149e-05,8.7261e-05,3.1598e-06,5.8008e-05,0.00010332,5.137e-05,4.2757e-05,0.00011089,6.5868e-05,0.00014243,0.00015525,6.7394e-05,5.3582e-05,1.9119e-05,0.00011263,0.00013935,7.7354e-05,7.0294e-05,3.4426e-05,0.00011497,0.00011386,8.7173e-05,1.9976e-05,2.0663e-05,0.00015329,4.2971e-05,4.5768e-05,1.1341e-05,1.7586e-05,0.00017607,4.5677e-05,0.00016015,6.4929e-05,5.8224e-05,3.5468e-05,5.7228e-05,5.8481e-05,-1.2458e-05,-1.8981e-05,4.905e-05,5.2415e-05,3.2455e-05,1.4525e-05,7.0084e-05,3.4097e-05,-3.3455e-05,6.1227e-05,0.00014782,6.3818e-05,3.4592e-05,1.0767e-05,5.2128e-05,7.8569e-05,8.3599e-06,7.7935e-05,9.979e-05,9.6722e-05
1.4994e-05,3.0919e-05,8.3421e-05,9.5175e-05,5.2086e-05,3.7304e-05,3.2024e-05,1.9471e-05,7.4838e-06,2.8565e-05,9.0281e-05,-4.3955e-05,7.1222e-05,4.0733e-05,7.6924e-05,1.9251e-05,6.7346e-05,8.0274e-05,8.1215e-05,1.109e-05,6.9623e-05,7.8804e-05,3.9463e-05,0.00010432,2.8838e-05,1.1486e-05,3.4053e-05,3.5928e-05,3.5592e-05,4.8867e-05,4.8314e-05,1.1669e-05,8.3575e-05,2.1603e-05,4.2829e-05,3.8536e-05,4.6085e-05,9.005e-05,8.8194e-05,4.9438e-05,-5.914e-06,5.2073e-05,5.5288e-06,4.7136e-05,4.5744e-05,3.6691e-05,6.476e-05,5.1248e-05,6.7652e-05,2.2244e-06,6.0079e-06,1.1563e-05,1.9981e-05,4.6398e-05,5.9846e-05,1.5107e-05,4.5024e-05,0.00010275,3.0954e-05,4.2029e-05,7.3915e-05,3.6058e-05,3.1171e-05,3.2632e-05,3.2765e-05,-2.4166e-05,-1.0881e-05,2.7064e-05,5.2235e-05,-1.5978e-05,3.2232e-05,9.9584e-05,3.5437e-05,9.2976e-05,8.1593e-05,7.2914e-05,3.005e-05,4.6996e-05,-7.6776e-06,8.6812e-05,7.3946e-05,1.6715e-05,5.6249e-05,3.673e-05,5.3649e-05
5.2714e-05,5.6814e-05,6.0596e-05,-5.8511e-05,-2.3368e-05,-4.6078e-06,2.2012e-05,0.00011427,-8.6593e-05,5.7675e-05,4.7764e-05,-6.8353e-05,-2.2761e-05,4.9064e-06,4.8855e-05,2.2949e-05,2.2912e-05,-3.5922e-06,-6.4497e-06,1.0835e-05,2.3725e-05,3.9463e-05,0.0002012,8.0969e-05,-7.8985e-06,1.7395e-05,2.5754e-05,-8.0536e-06,-1.3887e-06,1.4444e-05,3.0341e-05,-1.0798e-06,1.6674e-05,3.5264e-05,7.1198e-05,-7.1529e-05,2.414e-05,9.2617e-06,-0.00018853,1.6306e-06,-3.7506e-05,4.5264e-05,-9.3946e-05,-4.9421e-05,1.8439e-05,2.8408e-05,4.4172e-05,5.0953e-05,-1.1137e-08,-0.0001128,-2.0724e-05,4.2089e-05,-3.3816e-05,6.8894e-05,6.7814e-05,2.4505e-05,9.3711e-05,-5.109e-05,-9.2125e-06,-3.7901e-05,-7.9582e-05,5.4564e-05,3.154e-05,5.2028e-05,4.5162e-05,-4.6664e-05,-1.8367e-05,1.2847e-05,7.7123e-06,-8.885e-05,-7.2365e-05,8.7143e-05,2.3021e-05,-0.00055916,3.6041e-05,9.2369e-05,-3.6594e-05,-3.4063e-05,3.7318e-05,4.8783e-05,7.0645e-07,2.0162e-06,3.8212e-06,-0.0001153,-1.7768e-05
8.9476e-05,-1.5844e-05,0.00025181,0.00025513,0.0001683,0.00022956,1.6979e-05,8.0278e-05,0.00013386,2.4073e-05,0.00012759,0.00030292,0.00011631,0.00018543,0.00012843,0.00024459,0.00023974,0.00015302,0.00026294,7.1586e-05,8.9338e-05,0.00010432,8.0969e-05,0.00063195,2.9457e-05,-1.0425e-06,-9.5085e-07,0.00022457,0.00012486,0.00029051,0.00037202,0.00031501,0.00030951,0.000237,-1.1092e-05,0.00030005,0.00023419,0.00020157,0.00022374,9.1173e-05,0.0001285,0.00024773,0.00025722,0.00015751,6.8991e-05,-3.0283e-05,7.457e-05,0.00014121,0.0002418,0.00023877,8.0785e-05,-1.2354e-05,0.00036357,0.0001291,7.5611e-05,-5.8772e-06,0.00024925,0.00026936,0.00016652,5.5177e-05,0.00029064,0.00015979,6.1428e-05,0.00014378,0.00014736,-0.000185,5.7654e-05,3.5308e-05,0.00019418,-3.8071e-06,0.00010522,-3.9192e-05,0.00017341,0.00031942,8.9289e-05,0.00018522,0.00018548,1.6789e-05,4.8895e-05,0.00013472,0.00032035,4.2708e-05,0.00022985,8.3873e-05,0.0002252
3.5606e-05,4.2165e-05,0.00010398,0.00017156,6.3811e-05,6.618e-05,1.1187e-05,8.5384e-05,9.2512e-05,2.987e-05,5.2742e-05,4.7726e-05,8.1127e-05,1.8093e-05,7.7964e-05,6.5273e-05,9.3703e-05,3.0575e-05,9.8849e-05,4.0374e-05,4.0059e-05,2.8838e-05,-7.8985e-06,2.9457e-05,8.9473e-05,1.159e-05,2.7539e-05,9.0497e-05,3.3974e-05,6.9686e-05,8.8866e-05,3.8634e-05,0.0001104,6.8902e-06,4.0713e-05,9.6606e-05,4.9874e-05,0.00010787,0.00016997,8.1563e-05,5.7854e-05,5.1432e-05,0.00010267,9.398e-05,3.6202e-05,9.0007e-06,2.5674e-05,6.2513e-05,7.8945e-05,0.00014056,5.5002e-05,-5.021e-08,-9.4005e-05,2.1362e-05,3.2191e-05,1.9094e-06,3.76e-06,7.9011e-05,5.1544e-05,6.7011e-05,7.5633e-05,2.2927e-05,1.4926e-05,3.2262e-05,3.6269e-05,3.8501e-05,3.6924e-05,4.889e-05,5.2431e-05,4.8345e-05,-4.8678e-06,3.0256e-05,3.9059e-05,0.00042428,4.0702e-05,0.0001228,5.4628e-05,3.651e-05,2.1715e-06,3.467e-05,0.0001021,3.2386e-05,0.00011165,0.00011004,0.00011152
2.0925e-05,1.0237e-05,7.6072e-05,5.6206e-05,7.2673e-06,3.361e-05,4.9247e-05,2.5168e-05,-3.0922e-05,-2.2908e-05,0.00012566,-0.00013828,2.2812e-05,-4.2449e-05,5.5926e-05,3.2886e-05,4.8479e-06,-2.2919e-05,1.8259e-05,-8.4491e-06,-7.6445e-06,1.1486e-05,1.7395e-05,-1.0425e-06,1.159e-05,0.00019626,6.129e-05,-8.8406e-05,6.9789e-05,-5.0912e-06,1.9685e-06,-1.0064e-05,2.3592e-05,-1.1811e-05,5.0787e-05,-5.5316e-05,-2.5865e-06,2.158e-05,-9.4341e-06,0.00010128,-6.762e-05,9.3866e-05,-0.00019214,-3.7135e-05,9.503e-05,-2.8213e-05,6.5811e-05,5.9753e-05,4.535e-05,0.00010594,2.7017e-05,4.588e-05,-0.00015957,5.5092e-05,6.8656e-05,-1.5155e-06,-1.362e-05,-1.6158e-05,2.055e-05,9.2124e-06,1.582e-05,1.0138e-05,2.4719e-05,-7.0827e-06,-9.8618e-06,0.00010016,-5.9435e-05,5.5572e-05,0.00013361,-5.6276e-05,1.8098e-05,0.00012355,-3.131e-06,-0.00056036,9.2078e-05,5.9821e-06,-2.8657e-05,-4.8299e-06,-1.3946e-05,5.4766e-05,1.858e-05,0.00010075,-3.5656e-05,4.3203e-05,4.1324e-05
1.7362e-05,7.097e-05,-1.2409e-05,-6.7243e-07,-1.1727e-05,6.5415e-05,6.3274e-05,9.9381e-06,-1.754e-05,1.5626e-05,0.00012653,-0.00012797,4.6862e-06,-3.4732e-06,5.1646e-05,4.7873e-05,7.6151e-05,4.3158e-05,2.0054e-05,2.7445e-05,8.3795e-06,3.4053e-05,2.5754e-05,-9.5085e-07,2.7539e-05,6.129e-05,0.00011775,-6.9147e-05,1.8537e-05,-3.8155e-06,2.7212e-05,-8.6028e-05,3.2082e-05,-7.4953e-06,5.4782e-05,-6.6549e-05,5.8438e-05,5.8761e-06,-4.5288e-05,2.1452e-05,-0.00010622,0.00012862,-0.0001516,-5.1507e-05,4.2281e-05,2.102e-05,7.005e-05,8.4724e-06,6.4834e-06,-6.7369e-05,6.9295e-06,1.6803e-05,-0.00022836,5.2394e-05,8.3779e-05,3.2323e-06,6.9205e-06,-7.43e-05,2.0087e-06,-4.58e-05,2.2054e-05,1.1306e-05,3.418e-05,-2.1668e-05,-2.769e-05,2.398e-05,3.8762e-05,3.4246e-05,9.0351e-05,-3.7275e-05,5.2614e-05,7.0077e-05,4.8474e-05,-0.0001172,9.9936e-05,4.3117e-05,-3.7712e-05,2.9444e-05,9.0361e-07,7.3739e-05,-6.1172e-05,6.6596e-05,-1.577e-05,1.4829e-05,-1.881e-05
6.3047e-05,8.6868e-05,0.0002397,0.00019861,0.00013065,0.00025398,-8.2271e-05,0.00010959,0.00033901,-1.8779e-05,1.1547e-05,0.00065647,0.00010762,0.00016822,-1.4087e-05,0.00016146,0.0003452,5.6135e-05,0.00020836,6.4772e-05,8.4817e-05,3.5928e-05,-8.0536e-06,0.00022457,9.0497e-05,-8.8406e-05,-6.9147e-05,0.00062465,0.00010369,0.00021898,0.00048422,0.00023771,0.0003692,0.00026204,-4.2754e-05,0.00063297,8.6974e-05,0.00022139,0.00039808,0.00013723,0.00063266,0.00022073,0.00094665,0.00024267,2.689e-05,9.9419e-06,-3.5572e-05,0.00015361,0.00031825,0.0005074,9.9741e-05,-0.00017142,0.0007783,-7.4774e-05,-0.00010384,-7.4061e-05,2.9645e-05,0.00017818,0.0001792,5.3966e-08,0.00021599,6.0611e-05,3.2359e-05,0.00010326,0.00011658,-2.5481e-05,9.2381e-05,6.8754e-05,-4.2864e-05,0.00012438,-9.9767e-05,4.0845e-06,-3.2519e-05,0.0020402,4.5278e-05,0.00014128,0.00018138,6.5385e-05,8.9663e-05,5.6543e-05,0.00036952,-3.8806e-05,0.00029316,0.00025283,0.00034027
5.9614e-05,3.9963e-05,0.00010617,0.00018877,6.5568e-05,0.00016433,8.6423e-06,2.8716e-05,0.00015981,5.4021e-06,0.00011837,0.00012575,0.00011688,7.9513e-05,5.5201e-05,2.862e-05,0.00011682,3.4182e-05,0.00012652,0.00011093,6.0149e-05,3.5592e-05,-1.3887e-06,0.00012486,3.3974e-05,6.9789e-05,1.8537e-05,0.00010369,0.00018659,0.00012973,0.00020382,8.9319e-05,0.000161,0.00013712,4.5394e-05,0.00018266,7.315e-05,0.00012547,0.00019685,0.00015013,0.00015786,0.00014937,0.00031673,0.00012048,0.00015679,1.8158e-05,4.3328e-05,0.00011765,0.00015322,0.00024859,7.3124e-05,-2.5182e-05,0.0002709,5.5761e-05,5.1198e-05,-3.5972e-05,-1.5558e-05,0.00015214,0.00013338,0.00010415,8.9707e-05,6.0314e-05,5.5416e-05,8.4806e-05,8.9116e-05,1.5923e-05,1.5476e-05,5.1882e-05,9.9209e-05,6.3448e-05,6.872e-05,6.5861e-05,1.9836e-05,0.00097694,4.3267e-05,0.00010648,-3.303e-06,4.3757e-05,0.00010857,5.1712e-05,0.00017581,3.2058e-05,8.911e-05,6.8083e-05,0.00011919
0.00010384,9.303e-05,0.00022881,0.00024171,0.00020967,0.0003677,1.2587e-05,0.00013253,0.00032346,3.1062e-05,0.00011615,0.00029023,0.00019895,9.9432e-05,6.9184e-05,0.00012936,0.00021218,7.8775e-05,0.00020587,0.00022253,8.7261e-05,4.8867e-05,1.4444e-05,0.00029051,6.9686e-05,-5.0912e-06,-3.8155e-06,0.00021898,0.00012973,0.00045687,0.00027255,0.00028256,0.000319,0.00035525,2.2742e-05,0.0002842,0.00014484,0.00027088,0.00025969,0.00014041,0.00025852,0.0003747,0.00062262,0.00013629,0.00015174,2.82e-06,3.0394e-05,0.00016774,0.00028854,0.00039797,7.4703e-05,-6.0626e-05,0.00058049,9.8648e-05,3.8309e-05,3.6072e-06,0.00010443,0.00025499,0.00020732,0.00017923,0.00014538,0.0001721,0.0001108,0.00024001,0.00023619,-7.3971e-05,0.00017576,5.9834e-05,0.00010241,0.00017473,6.9579e-05,-1.226e-05,8.6874e-05,0.00032989,-5.1973e-05,0.00012811,0.00011202,6.5701e-05,0.00017112,-6.1138e-06,0.0002691,8.2444e-05,0.00018857,7.8562e-05,0.00026388
0.0001618,0.00010104,0.00029191,0.00028415,0.00015418,0.00061026,-3.9144e-05,0.0001541,0.00047029,-9.5393e-06,0.00012943,0.00065659,0.0001443,0.00015606,-3.8952e-05,0.00037192,0.0004055,-3.9815e-05,0.00035958,0.00014965,3.1598e-06,4.8314e-05,3.0341e-05,0.00037202,8.8866e-05,1.9685e-06,2.7212e-05,0.00048422,0.00020382,0.00027255,0.0010335,0.00027829,0.00052539,0.0005226,1.468e-05,0.00057466,0.00019786,0.00016889,0.00040833,0.00017226,0.00059679,0.00056084,0.0011901,0.00015331,0.00016926,-3.3001e-05,-4.9364e-06,0.00013227,0.00022788,0.00047557,0.00018357,-0.00015576,0.00078825,4.1552e-05,9.8035e-06,-6.5605e-07,5.0434e-06,0.00019048,0.00023821,-0.00010747,0.00022169,9.8347e-05,0.00013778,4.4154e-05,5.2644e-05,-7.8382e-05,0.00024111,0.00014541,9.2674e-05,0.00016496,-1.295e-05,-0.00020528,1.3584e-05,0.0025106,2.2375e-05,0.00029429,0.00016547,7.8776e-05,0.00025778,1.9373e-05,0.00048787,4.2472e-05,0.00038907,0.00017511,0.00036122
0.00011381,1.7299e-05,0.00029676,0.00027358,0.00016327,0.00019764,-7.3621e-05,9.7899e-05,0.00014009,-1.2268e-05,-2.2945e-06,0.00034653,9.8164e-05,7.2782e-05,1.3143e-05,0.0001606,0.00017225,-2.2807e-05,0.00021703,0.00010799,5.8008e-05,1.1669e-05,-1.0798e-06,0.00031501,3.8634e-05,-1.0064e-05,-8.6028e-05,0.00023771,8.9319e-05,0.00028256,0.00027829,0.00046745,0.00029039,0.00026238,-5.9496e-05,0.00031876,8.5804e-05,0.00021349,0.00024861,0.00011663,0.00028688,0.00021371,0.00045974,0.00021723,4.7569e-05,-4.423e-05,-8.1405e-07,0.00010401,0.00029027,0.00048548,0.00010452,-7.3581e-05,0.00061916,1.3065e-05,-7.0658e-05,-7.1232e-05,0.00013,0.00026575,0.00019202,0.00010233,0.00021327,0.00017231,5.0435e-05,0.00026043,0.00026735,-2.7455e-05,0.00010612,2.5615e-05,7.8902e-05,0.0001015,3.5618e-05,-9.6948e-05,7.0452e-05,0.00082489,-6.9873e-05,0.0001453,0.00011884,1.5446e-07,7.6719e-05,-5.0825e-05,0.00033679,1.6231e-05,0.00020467,0.00020442,0.00023731
0.00013171,0.00014063,0.00034201,0.00032867,0.0001574,0.00045523,-1.9568e-05,0.00013476,0.00032145,-1.6553e-05,6.1696e-05,0.00035263,0.00015993,0.00015257,5.334e-05,0.00024116,0.0003123,3.4794e-05,0.00027077,0.00017934,0.00010332,8.3575e-05,1.6674e-05,0.00030951,0.0001104,2.3592e-05,3.2082e-05,0.0003692,0.000161,0.000319,0.00052539,0.00029039,0.00056235,0.00033801,-1.8748e-05,0.00044748,0.0001731,0.0002326,0.00048138,0.00016709,0.00043211,0.00049615,0.00082145,0.0002241,0.00015557,-3.8086e-05,3.9198e-05,0.00018452,0.00037296,0.00050213,0.0001259,-0.00013411,0.00054621,-1.7862e-05,-5.422e-05,-8.4289e-05,-6.4262e-06,0.00025398,0.00022321,-1.0567e-05,0.00025697,0.00010219,7.3504e-05,0.00013547,0.00014163,-7.8037e-05,0.00017117,9.5177e-05,0.00012905,0.00012379,6.8079e-05,-4.1481e-05,1.0425e-05,0.0026222,2.8512e-05,0.00027202,0.00010661,5.1046e-05,0.00011489,4.9366e-05,0.00037107,4.4634e-05,0.00028934,0.00021985,0.00039819
0.00011652,0.00011611,0.00020768,0.0001841,0.0001538,0.00047915,1.5207e-05,0.00010059,0.0003955,2.2855e-05,0.00012218,0.0004469,0.00021767,0.00013616,-7.1013e-05,0.00018072,0.0002949,1.7381e-05,0.00025486,0.00018493,5.137e-05,2.1603e-05,3.5264e-05,0.000237,6.8902e-06,-1.1811e-05,-7.4953e-06,0.00026204,0.00013712,0.00035525,0.0005226,0.00026238,0.00033801,0.00055956,1.8115e-05,0.00034527,0.00018141,0.0002113,0.00022992,8.5274e-05,0.00042386,0.0004737,0.00089742,0.00016247,0.00016307,-2.3835e-05,8.6462e-06,0.00014252,0.0002634,0.00034922,8.6643e-05,-8.2538e-05,0.00089909,9.6711e-05,4.0617e-05,8.3779e-05,6.3545e-05,0.00026218,0.00019898,8.1483e-05,2.964e-05,0.00016517,0.0001417,0.00019974,0.00019078,-3.8673e-05,0.0001469,8.9088e-05,7.8239e-05,0.00017827,7.3298e-05,-0.00015287,-4.9487e-07,-0.00026579,-6.1114e-05,0.00014381,0.00013631,4.019e-05,0.00025226,-4.3845e-05,0.00033281,5.9272e-05,0.00016865,7.6458e-05,0.00025499
3.8422e-05,5.4382e-05,4.8127e-05,9.2833e-05,3.2349e-05,1.4003e-06,4.7181e-05,8.3337e-05,1.3272e-05,6.6022e-05,0.0001428,-9.2983e-05,8.8867e-05,-1.1374e-05,8.7921e-05,3.0316e-06,4.7666e-05,5.4645e-05,8.6279e-05,2.3021e-05,4.2757e-05,4.2829e-05,7.1198e-05,-1.1092e-05,4.0713e-05,5.0787e-05,5.4782e-05,-4.2754e-05,4.5394e-05,2.2742e-05,1.468e-05,-5.9496e-05,-1.8748e-05,1.8115e-05,0.0001143,-6.0283e-05,3.9031e-05,8.4023e-05,-2.1524e-05,6.7516e-05,-7.098e-05,1.2132e-05,-8.4279e-05,2.3127e-05,6.9708e-05,5.2274e-05,7.0145e-05,6.1716e-05,-3.8059e-06,-3.8103e-05,8.6174e-06,6.9025e-05,-0.00012517,0.00010874,0.00013308,6.4485e-05,6.5038e-05,5.5586e-05,1.1789e-05,0.0001114,-5.5926e-05,3.9651e-05,4.8827e-05,3.2793e-05,2.9939e-05,5.1302e-05,-3.2485e-05,4.8096e-05,4.564e-05,-5.4324e-06,-9.0331e-06,8.7601e-05,4.37e-05,-0.00085578,7.2809e-05,9.9639e-05,2.6429e-05,3.4853e-05,5.3114e-05,6.8448e-05,3.0053e-05,3.7803e-05,2.7831e-05,-1.6605e-05,2.47e-06
7.8037e-05,8.5629e-05,0.00030553,0.00038262,0.00019324,0.00038071,-7.987e-05,7.4675e-05,0.00045228,-5.5653e-05,3.9123e-05,0.00072682,0.00020769,0.00022075,6.502e-06,0.00019505,0.00042087,8.7123e-05,0.0002895,9.4085e-05,0.00011089,3.8536e-05,-7.1529e-05,0.00030005,9.6606e-05,-5.5316e-05,-6.6549e-05,0.00063297,0.00018266,0.0002842,0.00057466,0.00031876,0.00044748,0.00034527,-6.0283e-05,0.00075543,0.00015905,0.00027229,0.00062524,0.00019621,0.00065842,0.00036711,0.0011374,0.00034957,0.00010665,8.7585e-06,-4.7327e-05,0.00018863,0.00043855,0.0006523,0.00016198,-0.00017821,0.00097566,-4.0702e-05,-8.3395e-05,-6.2403e-05,-3.5627e-05,0.0003077,0.00025584,9.3769e-05,0.00034841,0.00011837,5.4836e-05,0.00018424,0.00020111,1.4469e-05,8.4011e-05,0.00011152,6.5374e-05,0.00017855,-2.197e-05,-2.4692e-05,-3.1385e-05,0.0022065,3.4964e-05,0.00021454,0.00018694,8.6706e-05,0.00011277,4.7748e-05,0.00050022,-6.2144e-06,0.00035936,0.000391,0.00043464
5.7303e-05,6.4023e-05,0.00010438,0.00021038,9.992e-05,0.00016617,4.7566e-05,6.6859e-05,0.00017537,3.3195e-05,0.00010369,0.00014018,0.00015535,0.00012242,8.4773e-05,0.00015672,0.00022592,0.00013219,0.00018132,5.6592e-05,6.5868e-05,4.6085e-05,2.414e-05,0.00023419,4.9874e-05,-2.5865e-06,5.8438e-05,8.6974e-05,7.315e-05,0.00014484,0.00019786,8.5804e-05,0.0001731,0.00018141,3.9031e-05,0.00015905,0.00021949,0.00013635,0.00019295,4.566e-05,3.4333e-05,0.00018573,0.00020712,0.00015615,6.7564e-05,8.0964e-06,5.025e-05,8.8023e-05,0.00015219,8.1651e-05,7.6551e-05,2.9191e-05,0.00012325,0.00011595,0.00011243,8.8214e-05,7.4685e-05,0.00016313,8.459e-05,9.732e-05,0.00012488,0.00010611,5.1403e-05,0.00011098,0.00010996,-1.5265e-05,2.5888e-05,6.9233e-05,0.00015779,4.5067e-05,0.00010658,-5.6734e-05,8.3758e-05,-0.00047424,7.0697e-05,0.00023688,9.9219e-05,2.5136e-05,5.7958e-05,8.4724e-05,0.00017611,6.22e-05,0.00013544,0.00012561,0.00016024
8.4592e-05,9.171e-05,0.00026483,0.00039214,0.00020152,0.00019588,3.086e-05,0.00014571,0.0002148,6.2103e-05,0.00017697,0.00020041,0.00027482,0.00010497,0.00013523,7.5123e-05,0.00024068,0.00013282,0.00028065,0.00010357,0.00014243,9.005e-05,9.2617e-06,0.00020157,0.00010787,2.158e-05,5.8761e-06,0.00022139,0.00012547,0.00027088,0.00016889,0.00021349,0.0002326,0.0002113,8.4023e-05,0.00027229,0.00013635,0.00033943,0.00035796,0.00017758,0.00022417,0.0001629,0.00034653,0.00025288,0.00012641,4.8526e-05,8.4705e-05,0.00018739,0.00031257,0.00040095,8.3986e-05,-4.1279e-06,0.00036674,0.00011917,0.00010139,3.3885e-05,0.0001225,0.00037025,0.00018447,0.00027746,0.00015689,0.00014522,9.2624e-05,0.00020675,0.00020982,3.6382e-05,1.3308e-05,8.8835e-05,0.00012508,0.00013039,5.9537e-05,7.6826e-05,7.2252e-05,-0.00029512,7.4774e-05,0.00017594,0.00016013,0.00010202,7.5508e-05,9.4332e-05,0.00033371,5.3189e-05,0.00018679,0.00021094,0.00025117
5.1508e-05,4.9389e-05,0.00039154,0.00098075,0.0002726,0.00044839,1.1138e-05,3.2998e-05,0.0005073,-1.9029e-05,-3.9129e-05,0.00031545,0.00048898,0.00022021,5.8629e-05,0.00019093,0.00029639,0.0001175,0.0004157,6.061e-05,0.00015525,8.8194e-05,-0.00018853,0.00022374,0.00016997,-9.4341e-06,-4.5288e-05,0.00039808,0.00019685,0.00025969,0.00040833,0.00024861,0.00048138,0.00022992,-2.1524e-05,0.00062524,0.00019295,0.00035796,0.0012779,0.00025131,0.00037668,0.00052263,0.00098483,0.00054932,0.00016593,-5.5278e-06,-5.6966e-05,0.00017546,0.00064728,0.00079384,0.00024316,-0.00010179,0.00067858,-2.45e-05,-2.6008e-05,-6.2784e-05,-3.7272e-05,0.00067774,0.0003302,0.00036815,0.00046017,0.00012303,6.009e-05,0.00015525,0.0001824,6.1684e-05,-9.5248e-06,0.00015098,0.00024625,0.00028201,8.1465e-05,-8.2297e-05,1.371e-05,0.0027397,4.8351e-05,0.00019522,0.00022005,0.00015485,-1.8011e-05,6.6652e-05,0.00066174,3.0035e-06,0.0004887,0.00057293,0.00046807
6.8441e-05,6.0388e-05,0.00018044,0.00024885,0.00010829,0.00011249,1.1256e-05,6.0522e-05,0.00015365,2.447e-05,0.00013416,0.00010329,0.00012951,2.504e-05,0.00010224,5.3658e-05,0.00012851,4.4789e-05,0.00015889,6.7421e-05,6.7394e-05,4.9438e-05,1.6306e-06,9.1173e-05,8.1563e-05,0.00010128,2.1452e-05,0.00013723,0.00015013,0.00014041,0.00017226,0.00011663,0.00016709,8.5274e-05,6.7516e-05,0.00019621,4.566e-05,0.00017758,0.00025131,0.00020095,0.00013834,0.0001335,0.0002268,0.0001348,0.00013872,2.3219e-05,5.9624e-05,0.0001321,0.00018461,0.00030052,8.941e-05,-3.7993e-06,0.00015637,5.6069e-05,5.8461e-05,-2.8404e-05,-3.5359e-06,0.00015261,0.00012626,0.00013931,0.00012621,8.3432e-05,5.9264e-05,0.00011543,0.00012132,9.0899e-05,3.991e-06,7.7051e-05,9.8709e-05,5.2928e-05,2.9155e-06,0.00014035,5.1491e-05,0.0005136,7.8058e-05,0.00013549,3.7112e-05,6.2034e-05,5.5443e-05,5.8761e-05,0.00019957,5.2997e-05,0.0001376,0.00015015,0.0001763
7.938e-05,9.334e-05,0.00023443,0.00012177,0.00010127,0.00045782,-9.1624e-05,0.00012591,0.00041422,-4.4904e-05,-1.2434e-05,0.0007856,0.00011755,0.0001769,-0.00011478,8.1378e-05,0.00030815,-7.7128e-05,0.00017588,0.0001533,5.3582e-05,-5.914e-06,-3.7506e-05,0.0001285,5.7854e-05,-6.762e-05,-0.00010622,0.00063266,0.00015786,0.00025852,0.00059679,0.00028688,0.00043211,0.00042386,-7.098e-05,0.00065842,3.4333e-05,0.00022417,0.00037668,0.00013834,0.00088523,0.00027143,0.0011974,0.00020731,0.00010573,-4.1133e-05,-7.158e-05,0.00019258,0.00034198,0.00068539,9.0309e-05,-0.00024755,0.0010302,-0.0001179,-0.00017928,-0.00010151,-0.00011854,0.00021899,0.00023726,-3.8912e-05,0.00010619,1.7824e-05,5.943e-05,7.3268e-05,7.9417e-05,-4.6092e-05,0.00013398,6.3553e-05,-8.1068e-05,0.00021801,-5.9394e-05,-9.2822e-05,-0.00015069,0.0023603,-7.5892e-05,2.1192e-05,0.00012018,5.3429e-05,0.00017687,-5.931e-05,0.00040886,-5.8274e-05,0.00017807,0.00016706,0.00036443
0.00016847,0.00024491,0.00037073,0.00054773,0.00014208,0.00074128,4.9522e-05,9.0625e-05,0.00037654,-8.3649e-05,0.0002059,0.00022509,0.0002825,0.00018448,-6.024e-05,0.00032709,0.00038623,-4.6504e-05,0.00032344,0.00027175,1.9119e-05,5.2073e-05,4.5264e-05,0.00024773,5.1432e-05,9.3866e-05,0.00012862,0.00022073,0.00014937,0.0003747,0.00056084,0.00021371,0.00049615,0.0004737,1.2132e-05,0.00036711,0.00018573,0.0001629,0.00052263,0.0001335,0.00027143,0.0011967,0.0010161,0.00022471,0.00022189,-7.94e-05,3.5582e-05,0.00012515,0.00045768,0.00049326,0.00010195,-0.00016922,0.00076727,9.8894e-05,5.7781e-05,-6.2923e-05,0.00015102,0.00023843,0.00030614,-4.0556e-05,0.00021271,0.00017857,0.00011143,0.0002457,0.00023825,3.3092e-05,0.00018658,0.00013508,0.00026923,8.3227e-05,9.4108e-05,-5.025e-05,-4.3019e-05,0.0015165,-1.4074e-05,4.6255e-05,0.00013412,3.7518e-05,0.00023729,2.9752e-05,0.00042509,0.00014827,0.00033572,0.00026461,0.0002628
