0.00024385,-4.0037e-05,-2.3432e-05,4.9172e-05,2.1325e-05,6.7558e-05,-1.696e-05,3.431e-05,5.6136e-05,0.00011346,5.1222e-05,0.00019553,-1.8031e-05,2.9379e-05,0.00013321,-1.9053e-05,0.00011327,0.00010756,1.6897e-05,0.00012234,-8.1026e-05,-1.4474e-05,-3.1364e-05,0.000101,2.821e-05,3.72e-06,7.6758e-06,0.00016725,-8.8644e-06,1.3345e-05,0,8.0839e-05,-1.3994e-05,-1.1237e-05,6.039e-05,3.5259e-05,8.0299e-05,-3.468e-05,9.7478e-06,4.701e-05,5.067e-05,0.0001018,-2.8512e-05,5.276e-05,-7.5185e-06,3.2507e-05,3.7773e-05,4.5565e-05,1.1165e-05,6.6782e-05,7.5073e-06,6.8362e-05,-8.2513e-05,2.4211e-05,-5.6902e-05,9.7723e-05,0.0001119,0.042231,-1.8669e-05,0.00014081,3.9171e-05,8.2554e-05,2.2137e-05,8.8312e-05,7.3297e-05,4.9162e-05,4.2873e-05,7.5623e-05,1.2791e-05,4.4447e-05,-2.8434e-05,6.5996e-05,1.792e-05,8.8155e-06,-1.6678e-05,-1.5696e-06,3.5732e-05,-5.1488e-05,-1.7508e-05,-2.0028e-05,4.3933e-05,4.3487e-05,-6.6702e-05,4.462e-05,5.725e-05,1.7869e-05,2.7922e-05,3.7907e-05,6.6253e-05,3.1096e-05,-2.6569e-06,-1.2787e-05,2.7071e-05,-5.9871e-05,-6.5532e-05,-2.7325e-05,-1.6535e-05,1.1795e-05,5.0563e-05,9.7912e-05,1.0911e-05,0.00013863,-8.1245e-05,-8.6208e-05,-2.1333e-05,0.00016781,1.6817e-05,5.5358e-05,1.6895e-05,2.1025e-05,6.7599e-05,0.00010194,6.0375e-05,5.0526e-05,5.1845e-05,7.2867e-05,-7.3552e-06,0.00012929,-0.00011908,-1.5704e-05,-1.595e-05,3.0345e-06,8.0676e-05,-3.5226e-05,2.5403e-05,7.7644e-06,-2.3056e-05,3.6675e-06,8.5488e-06,3.5212e-06,-7.8008e-06,0.00013941,-2.0656e-05,1.3831e-05,-4.2861e-05,1.5906e-05,7.8961e-05,-8.5817e-06,-2.3381e-05,5.1903e-05,3.0655e-05,0.000134,9.5877e-05,9.2493e-05,2.3268e-06,3.6817e-05,2.979e-05,0.0047112,-2.9032e-05,5.5612e-05,8.0012e-05,8.6291e-07,-5.5888e-05,3.8932e-05,4.1043e-05,-2.5139e-05,-0.00035211,-4.4443e-07,6.5293e-05,-7.6337e-05,-1.189e-05,8.0755e-05,8.3723e-05,7.0431e-05,-5.2989e-05,4.0445e-05,3.8289e-06,-4.5407e-05,-2.7596e-05,-5.2445e-05,3.8915e-05,2.032e-05,4.3249e-06,9.9822e-05,-5.3889e-05,-1.9574e-05,0.0001017,-0.00012725,6.7108e-05,1.7778e-05,-6.2192e-05,5.7138e-05,6.148e-05,7.8395e-05,-2.994e-05,-4.5809e-05,2.046e-05,-2.0829e-05,8.7351e-06,9.5453e-05,6.6085e-05,9.0424e-05,5.4046e-05,6.7404e-05,3.9278e-06,-3.2402e-05,0.00011896,7.8493e-05,8.1053e-05,7.2319e-05
-4.0037e-05,0.00017481,3.3324e-05,8.7797e-07,4.3975e-05,-2.6284e-05,-2.4637e-05,4.3953e-05,-5.2002e-06,8.3806e-06,4.1543e-05,4.6807e-05,-0.00014354,-1.7818e-05,-0.00010092,4.5303e-05,-0.00020891,-4.1232e-05,-1.512e-05,-2.8485e-05,2.8364e-05,-4.9893e-05,3.3775e-05,-4.7167e-05,1.2833e-05,7.9524e-06,4.439e-06,-0.00011777,-1.096e-05,3.6501e-05,0,-3.055e-05,-7.3415e-06,-6.09e-05,-3.4453e-07,-7.7228e-05,-3.2343e-05,-1.209e-05,5.0027e-05,1.8584e-06,1.1339e-05,-2.0017e-05,-4.0768e-06,-6.224e-06,1.7588e-05,-7.0399e-05,-5.4056e-05,-5.2424e-05,-5.1616e-05,-1.942e-06,-1.2811e-05,-2.2726e-06,2.7662e-06,-2.9694e-05,-4.0419e-05,9.6627e-06,7.1e-06,0.0056921,1.2088e-05,0.00014001,7.519e-06,-5.9186e-05,3.6469e-05,8.2301e-06,-3.241e-06,1.0938e-06,-2.7116e-05,8.1902e-06,-2.3467e-05,-1.2623e-05,-1.1393e-05,9.699e-06,-5.1866e-06,-1.5016e-05,4.4385e-06,6.1546e-06,2.6586e-05,2.8439e-05,6.5859e-06,2.4515e-05,-5.0464e-06,0.00012951,3.1884e-05,4.2237e-06,-5.84e-07,2.498e-05,-0.000124,-4.1154e-05,4.1911e-05,-6.4721e-06,-4.4538e-05,3.4094e-05,2.4044e-05,6.4917e-05,4.754e-05,-2.8213e-05,3.8959e-05,-5.4539e-05,-5.2847e-05,-4.547e-06,-2.1477e-05,2.564e-05,-7.8246e-05,3.1087e-05,-1.4229e-05,-3.8578e-05,1.0461e-05,-1.4989e-05,3.4269e-05,-1.4128e-05,-0.00010163,4.6093e-05,-4.9082e-05,-7.7783e-05,1.0765e-05,-1.7148e-05,4.225e-06,5.3715e-05,7.3068e-05,2.4862e-05,4.7073e-05,-0.00010676,1.6539e-05,7.3621e-05,5.7356e-07,-4.5899e-07,2.9285e-05,1.7072e-06,-6.639e-06,4.5171e-05,6.9121e-05,3.3497e-05,2.7601e-06,-2.9767e-05,2.9419e-05,-0.00014862,5.5782e-07,-7.2245e-05,3.1138e-05,-2.9872e-05,9.6004e-05,-5.1517e-05,5.3687e-06,-2.4954e-05,5.621e-05,4.5074e-05,-2.072e-05,0.0022706,4.1546e-05,-2.744e-05,9.5096e-05,-3.1938e-05,5.9578e-05,-2.7214e-05,5.8487e-07,4.5302e-05,-3.3753e-05,1.0394e-05,2.2236e-05,1.8734e-05,1.3156e-05,-2.1849e-05,-2.9448e-06,-5.4528e-06,-3.8051e-05,-6.8554e-06,-3.7725e-05,-4.7819e-05,1.6499e-05,1.7003e-05,1.2948e-05,2.2095e-05,2.7156e-05,3.2389e-06,4.8107e-05,-1.1142e-05,-3.9976e-06,4.392e-05,2.8186e-05,4.5549e-06,6.2898e-06,3.6852e-05,-4.2209e-05,-2.9326e-05,6.0631e-06,-3.9361e-05,8.8247e-06,-3.8378e-07,5.2752e-05,-2.0588e-05,2.8089e-06,-2.5628e-07,-8.0821e-05,8.5506e-06,-3.0407e-05,3.8983e-06,2.1245e-05,-1.6981e-05,3.2024e-06,1.4239e-06
-2.3432e-05,3.3324e-05,0.00011648,4.7705e-05,2.8662e-05,-2.2422e-05,7.793e-07,0.00012411,6.7872e-05,8.0375e-05,-5.4765e-06,-7.1316e-05,-4.3312e-05,1.9887e-05,6.1587e-06,6.5148e-05,2.4282e-05,-7.2636e-05,4.1894e-05,-3.1254e-06,-2.3992e-05,7.6072e-06,2.6981e-05,3.9994e-06,1.6253e-05,-7.275e-06,-3.1248e-06,5.2758e-06,6.945e-06,1.6454e-05,0,-6.3137e-05,1.0183e-05,-8.5546e-07,9.8539e-06,-2.7015e-05,1.4229e-05,1.4966e-05,-4.1862e-05,5.983e-05,9.8339e-06,-2.2267e-05,2.0197e-05,-1.8093e-05,4.0137e-05,4.6569e-05,2.3565e-06,1.1684e-06,9.0987e-06,1.0395e-05,7.2042e-05,1.2868e-05,5.7774e-05,6.1377e-05,5.5791e-05,8.1974e-05,1.9071e-05,0.028666,-1.0881e-05,7.6189e-05,5.2312e-06,-1.8274e-05,4.8622e-05,3.5382e-05,-9.7687e-06,8.9569e-06,-2.003e-05,2.702e-05,7.3318e-05,5.1686e-05,2.6661e-05,5.3192e-05,4.1448e-05,8.2792e-05,3.4983e-05,4.0101e-05,3.077e-05,3.5879e-05,-6.4196e-06,3.2117e-05,4.3412e-05,1.8807e-05,3.7947e-05,2.4234e-05,4.8757e-05,3.7698e-05,-2.7335e-05,-1.2979e-06,3.0249e-05,5.8121e-05,0.00012063,4.1659e-05,4.2963e-05,8.8399e-05,4.5036e-05,1.7454e-05,-6.7724e-07,1.715e-05,4.4311e-06,7.6529e-05,-1.7513e-05,-3.62e-05,3.0327e-05,-1.044e-05,1.179e-05,-8.6954e-05,4.4613e-05,5.8107e-05,8.5482e-06,4.1449e-05,-1.0761e-05,3.8609e-05,-6.4287e-05,1.6699e-05,2.1343e-06,1.8586e-05,1.5521e-05,2.0958e-05,-6.4562e-06,2.1612e-06,8.9482e-06,3.5676e-05,1.7215e-05,-1.0511e-05,4.862e-05,-7.7221e-06,4.2611e-05,3.5962e-06,5.1923e-05,3.1373e-05,1.6549e-05,6.959e-06,2.8007e-05,2.9227e-05,1.8067e-05,-9.9404e-06,-5.4985e-05,-2.1567e-05,3.6786e-05,-2.9505e-06,0.00011006,1.2942e-05,-9.0331e-05,2.7903e-05,4.9627e-05,-2.6983e-05,-1.7049e-05,0.0033858,9.5329e-05,-1.079e-05,3.2383e-05,9.9858e-06,2.3598e-05,3.3916e-06,2.4064e-05,-3.243e-05,-4.6418e-05,5.1404e-05,-4.9312e-05,2.0069e-05,3.548e-05,2.2257e-05,-1.7644e-05,1.6682e-05,7.5282e-05,1.1625e-05,1.4654e-05,4.0884e-05,-2.0191e-05,4.0383e-05,3.9452e-05,4.073e-05,1.2179e-05,1.9261e-05,2.4372e-05,2.6137e-06,8.7446e-05,4.0039e-05,3.9453e-06,2.772e-05,5.5135e-05,1.6934e-05,-3.2034e-05,-6.8677e-05,6.3853e-05,4.7247e-05,-1.608e-06,3.1761e-05,3.0383e-05,1.8719e-05,3.3657e-08,2.5605e-05,1.2935e-05,4.2729e-05,3.8575e-05,7.8426e-06,1.0878e-05,-1.9302e-05,-4.2754e-05,2.8871e-05
4.9172e-05,8.7797e-07,4.7705e-05,0.00021404,5.2415e-05,6.8691e-05,1.5685e-05,0.0001848,0.00010633,9.1711e-05,4.6561e-05,0.0001152,-8.3648e-05,-2.9671e-06,0.00018562,4.2887e-05,0.00031843,2.1066e-05,7.1086e-05,8.4339e-05,9.335e-05,9.9885e-05,0.0002081,1.407e-05,5.172e-05,-2.2431e-05,7.6908e-06,3.148e-06,4.7992e-06,4.5863e-05,0,5.1599e-05,-1.2116e-05,1.499e-05,9.437e-05,-2.1971e-05,7.8472e-05,-1.7752e-05,2.8945e-05,4.1463e-05,1.2567e-05,3.0512e-05,-7.2715e-06,1.2761e-05,1.305e-05,0.00019435,8.9349e-05,0.00010785,6.6888e-05,1.7181e-05,9.4002e-05,0.00016169,4.6748e-05,0.00010345,3.0932e-05,0.00019534,8.8903e-05,-0.01583,1.6166e-05,0.00016359,0.00011107,-4.6529e-05,-9.6078e-06,0.0001826,9.3918e-05,1.0114e-05,0.0001229,0.00010886,0.00010025,5.4273e-05,-1.1163e-05,8.4726e-05,3.1417e-05,8.1133e-05,1.7363e-08,9.5764e-05,4.5172e-05,-2.6634e-05,-4.2749e-05,1.6488e-05,0.00014107,0.00016026,0.00011211,4.5141e-05,3.81e-06,-6.0861e-06,4.9504e-05,-1.1852e-05,8.8037e-05,0.00013161,0.00010885,3.7329e-05,-1.8012e-05,0.00012709,-2.2074e-05,2.4303e-05,1.8164e-05,1.029e-05,9.0891e-05,0.00011052,6.5665e-05,0.00010847,-3.4254e-05,-0.00011588,4.0945e-05,0.00015311,2.1098e-05,2.8621e-05,0.00014407,2.0606e-05,5.7118e-06,5.5852e-05,-4.7821e-05,6.2397e-05,3.3269e-05,4.6394e-05,3.7037e-05,9.9288e-05,-8.6624e-05,1.4726e-06,8.2532e-05,0.00024228,9.3688e-05,3.4607e-05,1.5079e-06,7.4705e-05,1.6685e-05,2.1875e-05,-4.0232e-05,1.8965e-05,-2.2026e-06,0.00012758,-9.5128e-06,4.7539e-05,-1.6149e-05,0.00010367,-5.0259e-05,0.00014395,5.9193e-05,1.5721e-05,2.9575e-05,5.0132e-06,-0.00012561,3.0314e-05,6.4175e-05,-3.8423e-05,-1.7886e-05,0.00098155,8.409e-05,-3.1696e-05,0.00020181,7.4672e-05,-4.5876e-05,6.0565e-05,6.328e-05,-1.6727e-05,-4.9495e-05,9.9823e-06,0.00010838,5.5196e-05,4.0928e-05,6.5902e-05,-1.1312e-08,0.00012843,3.8007e-05,0.00012559,4.5469e-05,3.0485e-05,-5.5639e-05,1.8681e-05,0.0001268,6.0494e-05,-1.9985e-05,8.7409e-05,4.9153e-05,-2.0497e-05,0.00028551,0.00012337,6.4181e-05,0.00010298,-3.1216e-05,4.952e-05,7.4594e-06,-1.4336e-05,4.0298e-05,1.9652e-05,-2.2573e-05,6.3993e-05,6.0516e-06,0.00013326,-1.621e-06,4.1416e-05,-2.0715e-05,8.4727e-05,6.4992e-05,-2.3676e-05,0.00015114,5.8784e-05,9.457e-05,0.00011062
2.1325e-05,4.3975e-05,2.8662e-05,5.2415e-05,0.0001572,1.8871e-05,-4.6027e-07,4.6094e-05,4.3047e-05,3.8617e-05,-5.7294e-06,5.9205e-06,-4.62e-05,3.1471e-05,4.4858e-05,5.1717e-05,0.00018414,-3.8121e-05,1.047e-05,6.9851e-05,-2.8104e-05,5.0224e-06,7.1888e-06,1.4412e-05,-1.0845e-06,-2.5783e-05,-2.4337e-05,7.9632e-05,3.479e-06,2.9293e-05,0,-3.6214e-05,2.5753e-05,-2.976e-06,3.3416e-05,-5.565e-06,-2.2461e-06,2.9409e-05,2.238e-05,6.1662e-05,1.7787e-05,8.4736e-06,-3.5184e-06,-1.5605e-05,9.864e-06,-1.5481e-05,7.8484e-06,4.4416e-05,2.8069e-05,1.7541e-05,2.3572e-05,3.5146e-05,2.9918e-05,4.4278e-05,2.7304e-06,3.7141e-05,5.7566e-05,0.013585,6.4066e-06,0.00010101,7.1732e-05,-2.2391e-05,4.7618e-05,4.9067e-05,4.8929e-05,-1.2168e-05,-4.7634e-05,-6.8354e-06,2.202e-05,1.5488e-05,-2.7016e-07,-2.9468e-05,4.9335e-06,8.5037e-05,2.5325e-05,-4.4626e-06,1.4253e-05,3.3634e-05,-8.0813e-05,-3.223e-05,7.5532e-06,9.0873e-05,1.8371e-05,6.167e-06,7.0096e-05,1.865e-05,1.521e-05,3.3359e-05,2.6418e-05,3.1412e-05,5.9611e-05,4.3814e-05,4.9365e-05,1.7834e-05,6.0207e-05,-3.9811e-05,3.5164e-05,-4.0567e-05,3.0188e-05,2.0604e-05,6.254e-06,4.7596e-06,-1.3396e-05,-1.1958e-06,-4.3456e-05,-4.7442e-06,1.9141e-05,1.8496e-05,0.00012506,-1.666e-05,-5.8867e-05,5.2177e-05,-1.5656e-05,1.5652e-05,2.9178e-05,2.9657e-05,4.5937e-05,3.2676e-05,-6.5476e-05,7.8659e-06,6.1915e-05,-6.0207e-06,2.9365e-05,8.6004e-05,-1.2796e-05,1.6025e-05,2.4541e-05,2.3734e-05,-9.9701e-06,4.0378e-05,-4.684e-06,-2.9506e-05,-2.3683e-05,2.0198e-05,5.788e-05,5.965e-05,1.1232e-05,2.2024e-05,4.6281e-05,-9.5686e-05,3.9352e-06,5.3906e-06,3.5158e-05,3.2777e-05,8.2593e-05,2.4934e-05,-3.8673e-05,0.0012704,-5.3727e-05,-9.728e-06,0.00014232,5.4427e-06,-0.00013309,4.4361e-05,5.5351e-05,-3.9553e-05,1.2608e-05,1.6654e-05,0.00011629,4.9338e-05,1.861e-05,-6.6341e-07,1.3631e-05,7.4689e-06,-3.2842e-05,5.1622e-05,1.8166e-05,4.1084e-05,1.757e-05,1.5549e-05,2.8621e-05,4.8946e-05,4.7382e-06,1.0511e-06,-1.7193e-05,-2.4194e-05,5.5526e-05,-6.0121e-05,1.9171e-05,5.237e-05,-3.8745e-05,1.9063e-05,3.4211e-05,1.8233e-05,-5.5029e-06,-6.8405e-06,3.4282e-06,1.9817e-05,5.8272e-06,2.8813e-05,-1.8246e-05,2.642e-05,2.2041e-05,-1.789e-05,-6.3244e-06,4.3104e-05,9.9465e-05,4.8974e-05,2.1894e-05,5.7411e-06
6.7558e-05,-2.6284e-05,-2.2422e-05,6.8691e-05,1.8871e-05,0.00015046,4.9116e-06,3.2901e-05,-3.2877e-06,7.4348e-05,4.7796e-05,8.7475e-05,-0.0001329,-1.4597e-05,-3.7154e-05,-1.0002e-05,-3.7732e-06,6.4239e-05,6.8249e-06,2.7027e-05,2.2932e-06,3.3487e-05,1.284e-05,4.9012e-05,2.6915e-07,2.097e-05,-8.775e-06,8.7122e-05,8.3766e-06,-2.7828e-05,0,0.00011989,1.408e-05,8.6045e-06,8.1872e-05,2.2064e-06,-1.8244e-05,1.4351e-05,4.2582e-05,1.3881e-05,1.9274e-05,3.7414e-05,-1.3208e-05,1.3766e-05,1.1391e-05,9.7924e-05,5.031e-05,3.5907e-05,3.004e-05,3.7719e-05,4.609e-05,6.8199e-05,5.7483e-06,8.2294e-05,2.8985e-05,7.0043e-05,7.9362e-05,-0.0036884,2.0293e-05,0.00010641,6.624e-05,2.3212e-05,9.364e-06,0.00013248,7.4073e-05,5.0944e-06,0.00011266,9.9821e-05,8.1016e-05,9.1337e-05,1.198e-05,5.042e-05,-2.9519e-05,1.4691e-06,-1.9412e-05,1.3924e-06,1.0311e-05,-4.4879e-05,-1.4243e-05,3.7678e-05,9.0156e-05,5.892e-05,2.0519e-05,1.6834e-05,-7.2358e-05,-4.4572e-05,8.2356e-05,1.4027e-05,7.4887e-05,7.2812e-05,7.8855e-05,9.9442e-06,1.7689e-05,1.6363e-05,4.1521e-05,-3.0102e-05,2.4081e-05,-8.0374e-06,1.4361e-05,5.1742e-05,5.2932e-05,7.452e-05,-0.00011249,-8.1258e-05,-1.3828e-05,0.00011447,1.5119e-05,-2.6874e-06,3.4958e-05,-5.9433e-05,2.2113e-05,7.5285e-05,-0.00010315,5.3429e-05,7.3168e-05,1.9151e-05,-2.5333e-05,6.779e-05,-0.00013654,-2.5624e-06,4.2644e-05,1.6291e-05,4.8974e-05,4.3751e-05,-1.2676e-05,8.2145e-07,-1.1303e-05,7.9367e-06,-2.1368e-05,-7.654e-06,-2.9865e-05,8.6404e-05,-4.262e-05,3.6269e-07,-1.8042e-05,5.7352e-05,-1.6717e-05,0.00010349,1.5535e-05,6.8847e-05,3.3235e-05,4.805e-05,2.6825e-06,3.73e-05,2.7286e-05,4.4924e-06,6.2337e-05,0.00051323,3.1634e-05,3.255e-05,0.00010366,4.8283e-05,-6.9058e-05,4.9555e-05,2.5146e-05,6.3157e-05,5.746e-05,-2.2433e-05,2.3311e-05,-1.5697e-05,1.8534e-05,4.0407e-05,1.3647e-05,9.8409e-05,-2.163e-05,0.00010079,3.8192e-05,-9.4163e-06,-1.6752e-05,-4.2421e-05,8.8493e-05,8.3535e-06,-2.3447e-05,9.7786e-05,2.9372e-05,5.0271e-06,0.00018392,-1.1319e-05,7.1476e-05,8.7438e-05,-6.625e-05,5.7078e-06,0.00010542,4.0053e-05,-2.5779e-05,6.2976e-06,-2.1802e-05,3.6974e-05,3.2057e-06,0.00010455,3.7884e-05,1.5168e-05,4.8185e-06,7.3433e-05,5.5005e-05,-2.4942e-05,8.0764e-05,7.1187e-05,4.0131e-05,9.3171e-05
-1.696e-05,-2.4637e-05,7.793e-07,1.5685e-05,-4.6027e-07,4.9116e-06,4.247e-05,1.6309e-05,2.8867e-05,-2.9116e-06,-3.721e-06,1.412e-05,6.0642e-06,-1.4315e-05,6.402e-05,-1.6918e-05,1.5647e-05,7.0884e-05,3.4598e-05,-4.9857e-06,-2.3061e-06,7.0228e-05,2.4906e-05,-4.8293e-06,8.6113e-06,7.7179e-06,2.3353e-05,6.7276e-06,-5.261e-06,1.4814e-05,0,7.0835e-05,3.5369e-05,4.5816e-05,4.607e-05,2.3036e-05,3.4926e-05,-1.3833e-05,-5.8602e-07,-2.3243e-05,-1.051e-05,1.6713e-05,-4.4874e-06,8.8183e-06,1.398e-05,0.00010451,3.4132e-05,3.4655e-05,3.2227e-06,3.6003e-05,2.848e-05,1.0688e-05,3.6272e-05,6.4892e-05,3.9355e-05,4.5729e-05,-1.2499e-06,-0.019154,2.4963e-05,-2.008e-05,2.2368e-05,-2.2712e-05,-3.0187e-05,4.5367e-05,2.6381e-05,5.9055e-06,2.37e-05,3.331e-05,3.6419e-05,3.3045e-05,-3.2866e-06,2.0564e-05,-2.9691e-06,4.1124e-05,-2.6057e-06,2.8963e-05,1.5884e-05,-1.1859e-05,6.1686e-05,9.5042e-06,5.0782e-05,5.0207e-05,2.6926e-05,8.125e-06,-3.4484e-06,9.9571e-06,3.5405e-05,2.4682e-05,1.5346e-05,2.1687e-05,3.9441e-05,1.5094e-05,1.2289e-05,4.7158e-05,-1.1632e-06,2.3997e-05,5.7074e-06,1.9816e-05,2.1157e-05,2.2974e-05,1.5115e-05,2.3108e-05,1.5662e-05,-2.8618e-05,3.6889e-06,2.4368e-05,2.2496e-05,-7.6544e-06,3.1341e-05,8.2638e-07,3.213e-05,1.9126e-05,-6.1913e-06,1.407e-05,-1.8668e-06,3.1699e-05,1.9299e-05,-7.4721e-06,-4.2162e-07,-1.4638e-05,2.5909e-05,9.2358e-05,1.7947e-05,-3.4186e-05,2.0427e-05,1.1054e-05,1.0536e-05,4.8183e-07,-6.6526e-06,1.0855e-05,-3.135e-08,-6.8079e-06,1.207e-05,1.2506e-05,-1.5166e-05,6.6194e-05,-3.5031e-06,6.7899e-05,-1.1246e-06,1.8352e-05,-2.6715e-05,-1.452e-05,-7.6513e-06,1.2374e-05,2.2206e-05,1.0434e-05,-1.9232e-05,-0.00088112,1.7308e-05,3.5713e-05,3.3218e-05,-1.5177e-06,-1.2072e-05,3.9538e-05,2.1119e-05,-2.9078e-05,2.2768e-05,1.0154e-05,2.9968e-05,9.4008e-06,3.7963e-06,6.1566e-06,9.4435e-06,2.5002e-05,4.6858e-06,1.7207e-05,4.6449e-05,1.4267e-05,-2.2654e-05,1.0972e-05,4.0806e-05,1.5504e-06,-5.1067e-06,6.8157e-06,-9.4116e-06,2.7951e-06,7.9536e-05,7.9077e-06,1.1741e-05,4.0866e-05,-9.7406e-06,-2.2145e-05,7.7591e-05,-2.0981e-06,8.3688e-06,1.4718e-05,-1.514e-05,3.2044e-05,-2.0454e-06,5.5408e-05,-3.8221e-06,-4.6341e-05,1.1504e-05,2.3223e-05,7.4594e-06,3.7993e-05,1.1426e-05,3.0093e-05,9.1156e-06,3.4887e-05
3.431e-05,4.3953e-05,0.00012411,0.0001848,4.6094e-05,3.2901e-05,1.6309e-05,0.00039958,0.00020316,0.00015966,8.0251e-05,0.00017933,-0.000108,1.7512e-05,0.0001789,6.589e-05,0.00014989,8.7144e-05,0.00014756,6.723e-05,1.519e-05,7.1977e-05,0.00031171,6.2643e-05,0.00014058,7.6989e-06,6.9574e-05,4.1399e-05,3.7079e-06,0.00010298,0,8.3168e-05,2.8217e-05,5.5271e-05,9.2032e-05,-5.3554e-05,0.0001653,-2.0663e-05,6.7608e-05,0.00016271,4.1248e-06,3.6368e-05,6.4728e-07,4.1582e-05,8.2892e-05,0.00017247,8.0147e-05,6.7675e-05,9.1873e-05,7.4829e-05,0.00012327,0.00016124,0.00013816,0.00014154,6.5714e-05,0.00037526,0.0001159,-0.047372,0.00012833,0.00016886,8.4366e-05,-4.0574e-05,1.4546e-05,0.00014843,0.00010182,3.7665e-05,0.00010927,0.00017502,7.3402e-05,0.00018173,7.3941e-06,0.00015726,4.8361e-05,0.00012743,3.0772e-05,0.00015213,9.7009e-05,2.0098e-05,-2.8077e-05,8.5714e-05,0.00016291,0.00030157,0.00023801,5.6294e-05,0.00010553,5.5948e-05,7.3438e-05,2.5678e-05,0.00012996,0.00016251,0.00017091,3.5361e-05,4.4826e-05,0.00013868,0.00010971,9.5505e-05,2.9036e-05,8.1734e-05,8.2441e-05,0.00021487,5.1778e-05,0.00013941,2.4912e-05,-0.00014265,7.2888e-05,0.00011205,9.7892e-05,6.7671e-05,0.0001008,9.9244e-05,1.4741e-05,1.3054e-05,-0.00010696,0.00011066,4.7015e-05,8.1855e-05,5.4751e-05,0.00014039,4.0168e-05,-5.9441e-06,7.2209e-05,0.0002959,0.00014764,0.00024405,0.00010569,9.5014e-05,4.4046e-05,4.001e-05,6.3183e-05,8.6861e-05,4.8685e-05,0.00021933,1.2681e-06,9.0078e-05,-3.5427e-05,9.2304e-05,-7.0728e-05,0.00011949,2.8973e-05,0.00013461,6.3334e-05,2.8856e-05,-0.00018809,7.9465e-05,9.3517e-05,7.6016e-05,-1.3791e-05,0.0050209,0.0002061,4.5265e-05,0.00019398,5.6957e-05,5.149e-05,0.00010054,8.5476e-05,-1.5007e-05,-7.3092e-05,6.2996e-05,0.00013635,9.4263e-06,9.1268e-05,0.00010279,2.0394e-05,0.0001456,0.00013952,0.000154,8.1129e-05,8.4285e-05,-7.0186e-05,5.4376e-05,0.00019925,9.2624e-05,-2.6296e-05,0.00017637,4.2247e-05,-1.4379e-05,0.00026879,0.00013681,9.2166e-05,0.00013574,4.7679e-05,4.1279e-05,0.00013464,-3.2748e-05,0.00013871,8.2261e-05,-1.7604e-05,0.00011223,4.0724e-05,0.00010321,1.8541e-05,8.9078e-05,7.3336e-05,0.0001955,0.00014485,8.3881e-05,0.00017588,3.3735e-05,4.4708e-05,0.00016966
5.6136e-05,-5.2002e-06,6.7872e-05,0.00010633,4.3047e-05,-3.2877e-06,2.8867e-05,0.00020316,0.0002111,0.00015465,4.6458e-05,0.00013621,3.1283e-05,1.2089e-05,0.00018265,3.8977e-05,0.00036579,7.3693e-05,0.00010463,0.00010447,-1.5544e-05,8.581e-05,0.00010851,7.155e-05,0.0001206,2.4002e-06,6.6084e-05,9.0973e-05,-4.9636e-07,5.5368e-05,0,5.9179e-05,1.9685e-05,3.3005e-05,0.00010225,1.0429e-05,0.0001486,3.8561e-06,-3.7202e-07,5.3828e-05,-1.9124e-06,4.5462e-05,-1.5847e-05,4.0699e-05,3.8727e-05,7.3696e-05,6.1793e-05,7.3082e-05,4.1458e-05,9.0462e-05,0.00010957,0.0001003,7.6609e-05,0.0001403,2.6525e-05,0.00022655,7.294e-05,-0.027689,8.9101e-05,0.00010942,6.808e-05,-5.0113e-05,-7.7483e-06,0.00010446,9.7531e-05,2.1894e-05,8.7245e-05,0.00010726,4.2335e-05,7.434e-05,3.7503e-07,0.00011135,2.9271e-05,0.00011175,1.6169e-05,7.6423e-05,9.0858e-05,3.824e-05,2.5233e-05,2.7526e-05,0.00010694,0.00021219,0.00013586,6.0079e-05,0.0001107,3.7681e-05,6.9796e-05,6.0445e-05,8.2144e-05,0.0001105,0.00010336,5.2316e-05,1.1488e-05,7.9839e-05,5.8287e-05,6.9613e-05,1.5081e-05,4.7701e-05,0.00010112,0.00016607,1.5912e-05,8.024e-05,5.7332e-05,-9.8188e-05,4.7319e-05,3.9776e-05,5.9844e-05,6.5837e-05,0.00011784,8.035e-05,7.8961e-05,-4.3763e-06,-1.0251e-05,5.0622e-05,1.0886e-05,7.9384e-05,5.4158e-05,8.5939e-05,-4.0634e-05,-1.02e-05,6.6322e-05,0.00028445,0.00010466,0.00011015,6.7646e-05,8.4513e-05,4.7083e-05,1.5182e-05,0.00015753,7.237e-05,1.5479e-05,0.00010514,5.2413e-05,7.0404e-05,-1.5726e-05,0.00013568,-1.7444e-05,6.9352e-05,2.7665e-05,9.972e-05,-3.7409e-05,6.6749e-05,-6.8564e-07,7.9755e-05,6.8575e-05,1.9082e-05,-3.2708e-05,0.0060478,4.1939e-05,2.9078e-05,0.00011077,-2.6043e-06,-6.005e-05,7.2e-05,7.3563e-05,-1.4483e-05,-4.9792e-06,3.9041e-05,0.00011438,-1.9304e-05,4.3375e-05,6.7912e-05,2.0672e-05,0.00010149,7.7753e-05,6.3918e-05,9.3639e-05,6.8227e-05,-3.1552e-05,5.6404e-05,0.00013618,5.7567e-05,-1.6698e-05,7.205e-05,4.3373e-05,-2.9115e-05,0.00022949,0.00010787,1.1357e-05,0.00012793,2.3726e-06,1.2575e-05,9.2573e-05,1.3519e-05,7.889e-05,4.2276e-05,-8.946e-06,3.837e-05,1.916e-05,0.00011741,0.00011984,1.2857e-05,8.7269e-05,0.00013748,0.00011489,5.5637e-05,9.324e-05,5.5382e-05,4.1302e-05,0.00010788
0.00011346,8.3806e-06,8.0375e-05,9.1711e-05,3.8617e-05,7.4348e-05,-2.9116e-06,0.00015966,0.00015465,0.00031393,5.77e-05,0.00010609,-6.0287e-05,1.5628e-05,2.5091e-05,5.9262e-05,0.00020605,-1.153e-05,0.00010718,8.5838e-05,-7.1086e-05,-1.4347e-05,-6.1581e-05,0.00010648,4.4113e-05,3.9504e-05,2.6624e-05,0.00012187,4.1235e-06,-7.1187e-06,0,6.9493e-05,4.2972e-06,-1.5909e-05,0.0001454,3.6262e-05,8.0402e-05,4.0007e-06,-4.6717e-05,4.0985e-05,2.5489e-05,5.7891e-05,-1.9337e-05,1.5602e-05,4.6703e-05,0.00010414,2.7971e-05,0.00011029,2.8177e-05,9.0347e-05,0.00014464,7.3707e-05,3.833e-05,0.00016015,2.288e-05,0.00014489,0.00010963,-0.0020533,6.5469e-05,0.0002241,0.00013282,7.3914e-05,1.8365e-05,0.00011176,7.7359e-05,2.6865e-05,0.00015644,0.00013878,6.9476e-05,0.00011306,2.7692e-05,0.00015358,3.4494e-05,9.5043e-05,1.5204e-05,2.8346e-05,5.7631e-05,2.5801e-05,0.00010229,5.9729e-05,4.9986e-05,0.00016281,6.5481e-05,6.929e-05,3.4731e-05,7.6972e-06,-1.4691e-05,6.417e-05,7.3319e-05,0.00011036,0.0001828,4.8162e-05,4.435e-05,-1.0485e-05,4.4689e-05,4.5611e-05,1.5289e-05,-3.4672e-06,4.2774e-05,0.00016995,-3.5657e-05,7.2264e-05,-3.7211e-05,-7.4525e-05,2.1031e-05,2.368e-05,1.6748e-05,7.1258e-05,7.1862e-05,6.2992e-06,8.6594e-05,0.00010836,-0.00010262,7.238e-05,3.4125e-05,1.929e-05,-3.1898e-05,0.00014627,-0.00012023,-3.3065e-05,5.0781e-05,0.0001242,4.8885e-05,0.00015933,5.6108e-05,2.8009e-05,6.2642e-05,8.2826e-06,0.00012521,4.1154e-05,-6.1865e-05,0.00010802,6.0035e-06,6.1915e-05,-1.8408e-05,4.3203e-05,-7.3305e-05,1.9729e-05,2.9214e-05,0.00012208,7.5281e-05,0.0001764,2.7137e-06,8.9524e-05,7.4849e-05,-1.1651e-05,3.3328e-05,0.012419,3.5734e-05,3.272e-05,0.0001495,-8.0177e-06,-0.00010955,8.7086e-05,4.7444e-05,2.3349e-05,-0.00013941,4.4515e-05,-2.1974e-05,-4.5013e-05,4.8445e-05,0.00011001,5.4115e-05,0.00010231,6.3837e-05,3.9808e-05,8.0859e-05,8.1743e-06,-2.5751e-05,-3.8607e-06,0.00011156,2.7682e-05,9.7408e-06,0.00013515,7.1058e-05,-2.0942e-06,0.00020394,5.6674e-06,1.988e-05,0.00013451,-4.7856e-05,7.6323e-06,-1.8698e-05,8.4335e-06,3.7804e-05,2.0874e-05,-1.7743e-05,1.8289e-05,6.163e-05,0.00016351,0.00021623,-2.7389e-05,0.00012515,0.00015077,0.00014438,-1.3171e-05,9.5092e-05,5.8601e-05,1.8997e-05,0.00013824
5.1222e-05,4.1543e-05,-5.4765e-06,4.6561e-05,-5.7294e-06,4.7796e-05,-3.721e-06,8.0251e-05,4.6458e-05,5.77e-05,0.00011314,0.00015652,-1.6232e-05,-2.1377e-05,5.5388e-07,-1.536e-05,-8.8747e-05,0.00014514,3.2055e-05,1.5261e-05,5.3457e-05,4.8126e-05,0.00010381,1.7696e-05,6.1818e-05,2.8664e-05,4.9323e-05,4.1248e-05,-3.211e-06,9.8645e-06,0,0.00012684,-1.2494e-05,-1.7718e-05,7.1176e-05,-3.0848e-05,6.3806e-05,-1.8657e-05,4.7668e-05,1.8187e-05,7.3706e-06,6.1686e-05,-3.0362e-05,4.9142e-05,3.4943e-05,5.2971e-05,1.8e-05,2.0616e-05,5.7219e-05,6.5005e-05,4.0539e-05,0.00010679,1.4172e-05,4.6614e-05,-1.377e-05,0.00012401,6.0483e-05,-0.026443,9.8575e-05,0.00012374,5.7914e-05,-4.5592e-05,3.9728e-06,0.00011969,6.7237e-05,7.2892e-06,0.00014639,9.2168e-05,3.9526e-05,6.1328e-05,-2.9515e-05,0.00010792,4.6941e-05,3.6466e-05,-1.2883e-05,3.1578e-05,5.0506e-05,-1.4918e-05,4.28e-05,4.8778e-05,0.00010315,0.0001586,7.0241e-05,1.8535e-05,1.8856e-05,1.8976e-05,1.1476e-05,6.4774e-06,6.4936e-05,5.5522e-05,6.3208e-05,1.1247e-05,2.4696e-05,6.5482e-05,6.9596e-05,4.4655e-05,5.7187e-06,4.3879e-05,1.3104e-05,9.6111e-05,2.4897e-05,0.00011768,-3.9695e-05,-9.6624e-05,6.9762e-06,0.00015234,3.7333e-05,-2.6056e-06,8.9662e-05,1.7662e-05,3.4613e-05,3.406e-05,3.0643e-05,2.1185e-05,6.7236e-05,1.4332e-05,7.7684e-06,0.00010127,-5.2394e-05,-4.9617e-06,5.5355e-05,0.00012433,0.00010532,8.3458e-05,2.2953e-05,1.0838e-07,3.9014e-05,-2.192e-06,2.5666e-05,3.9271e-05,2.723e-05,0.00019162,2.076e-05,5.6964e-05,-2.844e-05,6.5878e-06,1.039e-05,5.0748e-05,1.0384e-06,7.3485e-05,-6.0525e-06,1.8628e-05,2.2502e-05,5.0245e-05,5.3704e-05,5.8622e-05,4.4434e-05,0.0023071,5.4249e-05,3.6148e-05,3.2614e-05,-5.8609e-06,-5.5467e-06,3.451e-05,4.1833e-05,7.9979e-05,9.619e-05,6.6071e-06,5.1668e-05,-3.1901e-05,3.5065e-05,4.7058e-05,3.7106e-05,0.00010005,1.707e-05,8.9008e-05,3.0927e-05,-2.8684e-06,-1.9959e-05,-1.9103e-05,9.5308e-05,1.9117e-05,5.904e-06,7.9741e-05,5.8498e-05,8.2531e-06,0.00022142,0.00010034,7.4812e-05,9.5751e-05,-7.2557e-05,2.2073e-05,9.4723e-05,6.5067e-05,1.2645e-05,-1.686e-05,-1.8317e-05,3.5916e-05,1.219e-05,7.0225e-05,5.3042e-05,5.0139e-05,-4.7781e-07,9.3942e-05,5.2864e-05,-3.4124e-06,9.6452e-05,4.7024e-05,5.3464e-05,8.1617e-05
0.00019553,4.6807e-05,-7.1316e-05,0.0001152,5.9205e-06,8.7475e-05,1.412e-05,0.00017933,0.00013621,0.00010609,0.00015652,0.00086984,-0.00012036,3.8947e-06,6.7992e-05,-8.7145e-05,5.2348e-05,0.00036174,0.00010797,0.00013522,-5.5949e-05,0.00013598,3.1389e-05,7.6265e-05,9.4667e-05,7.1748e-05,0.00010049,9.5421e-05,-6.9397e-05,0.00010981,0,0.00024931,7.0568e-05,1.5682e-05,0.00022641,9.9145e-05,-1.882e-05,-0.0001002,0.00011138,-3.5074e-05,6.0848e-06,0.00021021,-7.8633e-05,0.00014928,1.2747e-05,0.00016389,0.00010846,1.9194e-05,0.00010214,0.00018349,9.8703e-05,3.7868e-05,-7.9563e-05,0.00017849,-4.6092e-05,0.00040692,0.00021386,-0.010672,3.082e-05,0.00018873,0.00011406,-6.2021e-05,-4.435e-05,0.00023098,0.00012996,6.2593e-05,0.00027798,0.00015758,-0.00016721,0.0001156,-4.3748e-05,0.00015094,3.0905e-05,1.6811e-05,-5.04e-05,0.00011713,7.6203e-05,-6.5102e-05,0.00012828,7.2049e-05,0.00026741,0.00034882,-1.2621e-05,4.1129e-05,2.9204e-05,4.7823e-05,0.00022663,0.00014288,0.00012576,0.00012557,8.8566e-06,3.1981e-05,6.9123e-05,8.1652e-05,-0.00011232,5.2242e-05,4.6808e-05,3.4138e-05,1.9154e-05,0.00019986,0.00012635,0.00034183,-9.874e-05,-7.234e-05,-5.311e-05,0.00039608,2.7791e-05,7.2871e-05,0.00011588,7.5402e-05,0.00011014,0.00014402,0.00012788,0.00014271,0.00013134,0.00012351,6.5547e-05,0.00016323,-0.00019818,-2.4287e-05,9.2873e-05,0.00018826,8.7561e-05,5.8875e-05,0.00019367,2.4336e-05,2.5286e-05,-1.0532e-05,4.2151e-05,5.6091e-05,1.6086e-05,0.00040094,-3.0621e-05,4.8498e-05,-0.00018593,6.7922e-05,0.00012303,0.00015082,-8.5285e-05,0.00019872,-0.00019259,0.00011665,0.00014144,0.00012437,4.5383e-05,0.00010858,2.0127e-05,0.0054501,0.00019025,0.00017178,0.00015347,-6.0659e-05,-0.00010394,0.00017753,0.0001147,0.00018484,0.00017001,1.0881e-05,0.00020222,-1.9989e-05,1.0527e-05,0.00014337,8.7361e-05,0.00026832,-3.8992e-05,0.00017195,0.00011484,-5.7857e-05,-7.5144e-05,-0.00013478,0.00017785,0.0001474,-4.9834e-05,0.0003144,-3.3518e-06,-8.1623e-05,0.00025775,0.0001091,0.00018357,0.00023952,-0.00024647,-1.9544e-05,0.00015585,0.00014515,-2.5353e-06,-0.00012585,-1.8641e-05,6.367e-05,0.00010235,0.00024212,4.4606e-05,5.0249e-05,2.6191e-05,0.00025035,-1.4605e-05,9.3541e-05,0.00026176,8.7844e-05,0.00020544,0.00021514
-1.8031e-05,-0.00014354,-4.3312e-05,-8.3648e-05,-4.62e-05,-0.0001329,6.0642e-06,-0.000108,3.1283e-05,-6.0287e-05,-1.6232e-05,-0.00012036,0.0008924,3.9987e-05,0.00021633,8.5565e-06,0.00020391,1.8305e-05,-6.0491e-05,1.0996e-07,0.00034274,6.4011e-05,6.683e-05,1.9786e-06,-5.3359e-05,-3.698e-05,5.3041e-05,0.00011827,-3.867e-06,3.2576e-05,0,-2.2737e-05,-0.00013732,1.6634e-05,-0.00016017,0.00011839,8.6895e-05,2.184e-05,-0.00017899,-3.7876e-05,-0.0001053,-1.699e-05,8.6928e-05,-1.0722e-05,-3.4383e-05,-4.3621e-05,-2.0991e-05,4.1768e-05,2.8886e-05,-3.4002e-05,-6.4104e-05,2.2584e-05,-1.7724e-05,-9.4837e-05,-4.2295e-05,-8.7471e-05,-4.134e-05,-0.016602,3.0862e-05,-0.00038251,-6.8097e-05,-0.00013779,-1.7378e-05,-0.00013915,-4.3207e-05,-5.0323e-05,0.00020556,-0.00022255,4.1155e-06,-0.00010655,8.9903e-05,-4.9548e-05,3.1197e-05,0.00019205,4.779e-05,-9.0596e-05,-6.6045e-06,1.2448e-05,8.6411e-05,-8.0559e-05,-9.19e-05,-0.00017208,5.0346e-06,-3.7798e-05,8.1336e-07,7.2041e-05,1.2564e-05,-7.8772e-06,-0.00013589,-8.4461e-05,-1.4629e-05,-0.00012634,-8.9571e-05,-1.3502e-05,-5.0739e-05,0.00019289,-0.00014392,0.00011604,4.3277e-05,2.0038e-05,-4.4323e-05,-0.00020564,0.00017847,-6.8117e-05,6.3883e-06,2.8966e-05,-5.6811e-05,2.8195e-05,4.6414e-05,-2.4772e-06,0.00031594,-0.00017862,0.00034404,7.4546e-05,-0.00014367,8.0511e-05,7.5372e-05,-0.00016859,2.0819e-05,-8.8029e-05,-5.0962e-05,0.00015608,1.2011e-06,0.00012948,-3.6952e-05,-6.4051e-05,3.1091e-05,-9.6456e-05,2.8224e-05,7.4027e-05,-9.2564e-05,1.1486e-05,0.00019592,-1.9514e-05,6.6641e-05,8.8322e-05,2.5629e-05,-5.443e-05,-8.7973e-05,-0.0002043,-0.00023054,5.4039e-05,0.00024703,-3.3538e-05,3.1825e-05,-0.000119,-0.00010253,0.0011303,-9.1484e-05,-2.2167e-05,-0.00054356,-2.8227e-05,5.0146e-07,3.5232e-05,7.1816e-05,-7.3506e-05,0.00029454,3.3232e-05,5.9463e-06,-7.0956e-06,-1.1895e-05,-2.1875e-05,3.8818e-05,-8.0863e-05,3.0407e-05,-7.075e-06,-2.3049e-05,-7.0894e-05,3.995e-05,6.3035e-05,-5.6561e-05,-8.7299e-05,-1.5914e-05,-0.00015265,-3.6587e-05,-1.8658e-06,-3.7812e-05,0.00022914,-0.0001408,2.8007e-05,-2.5576e-05,1.9175e-05,-7.9247e-05,5.6527e-05,-3.4871e-05,-1.1923e-05,-2.3719e-05,-6.1444e-05,-0.00011392,-0.00019787,-0.00012106,-8.3241e-05,4.6137e-05,-0.00018286,2.2675e-05,1.6835e-05,-0.00010859,-0.00010853,1.4682e-05,-9.4441e-05
2.9379e-05,-1.7818e-05,1.9887e-05,-2.9671e-06,3.1471e-05,-1.4597e-05,-1.4315e-05,1.7512e-05,1.2089e-05,1.5628e-05,-2.1377e-05,3.8947e-06,3.9987e-05,4.3699e-05,1.9574e-05,2.6252e-05,0.00010945,-4.2424e-05,8.2514e-07,4.2544e-05,-4.9127e-05,-3.6653e-05,-3.2263e-05,2.5905e-05,-2.4719e-06,-3.7977e-06,-1.8894e-05,8.2947e-05,2.3597e-06,1.3522e-05,0,-7.1143e-05,-1.3211e-05,-1.221e-05,-2.4589e-05,3.8546e-05,-1.4052e-05,2.0892e-05,-3.0698e-05,4.7884e-05,1.0951e-05,1.1163e-05,1.1906e-05,-4.7864e-06,-5.824e-06,-2.1242e-05,7.8183e-06,7.5101e-06,1.7407e-05,-9.4223e-06,-8.0802e-06,-5.0754e-06,-2.0693e-05,-7.421e-06,4.1623e-06,1.3074e-06,2.0314e-05,0.039604,-4.1785e-05,-2.1612e-05,-1.4192e-05,2.7308e-05,4.6498e-05,-2.3364e-05,-9.5536e-06,1.1016e-06,-3.8998e-05,-2.9026e-05,-2.2528e-05,-6.935e-06,1.0272e-05,-2.0458e-05,2.2229e-05,4.1766e-05,1.9567e-05,-8.1371e-06,-7.4397e-06,8.5279e-06,-3.958e-05,-2.4593e-05,-3.8093e-05,-5.0461e-05,-4.8425e-05,-3.9e-06,3.1405e-05,1.0427e-05,1.5627e-05,2.0213e-05,-1.8204e-05,2.473e-06,8.3394e-06,-3.1767e-06,1.4285e-05,-4.2281e-05,-5.7478e-06,-1.3531e-05,-2.1458e-06,5.5011e-06,1.2449e-05,1.7143e-05,-8.589e-06,-2.2967e-05,2.6646e-05,1.4037e-05,-1.6847e-05,-1.0621e-05,4.0419e-06,4.0582e-05,-2.6092e-05,1.8488e-05,1.9522e-05,6.3523e-06,-8.3857e-06,5.0802e-05,7.4867e-07,1.3981e-05,1.1449e-05,-7.0325e-06,-4.5273e-05,-4.8695e-08,-1.3115e-05,-3.3387e-05,-1.6004e-05,1.8354e-05,1.9388e-05,-1.4473e-06,-1.93e-06,5.1132e-06,1.3133e-06,8.9297e-06,-1.7896e-05,2.0458e-05,-2.2367e-05,7.0607e-06,1.6245e-06,2.5405e-06,7.43e-06,-4.0149e-05,-6.7277e-06,-2.2148e-05,-2.0984e-05,3.6251e-05,-9.3187e-06,1.9467e-05,-1.6546e-05,-8.4645e-06,-1.1387e-05,0.00088692,-3.2333e-05,-9.4115e-06,-1.6002e-05,1.6845e-05,-5.1024e-05,5.6916e-06,1.0975e-05,-3.5104e-05,-6.526e-05,1.2355e-05,5.6192e-06,9.5148e-06,-5.5864e-06,1.6739e-05,5.1675e-06,-6.6499e-06,2.7458e-05,1.202e-05,-1.1485e-05,2.6765e-05,8.088e-06,-3.0098e-06,-2.4611e-05,2.4513e-05,1.1997e-05,7.8787e-06,-4.771e-05,-1.2728e-05,-5.6358e-05,-4.9587e-05,-8.7759e-06,-1.7563e-05,-2.9802e-06,1.3895e-05,-3.7698e-05,-4.1892e-06,2.8777e-06,1.3376e-06,1.2566e-05,-1.2549e-05,8.2714e-06,-4.4751e-06,-2.6811e-05,3.2579e-05,3.8969e-05,-2.2735e-05,-9.0104e-06,2.144e-06,2.4071e-05,-1.8721e-05,-4.2031e-06,-9.6046e-06
0.00013321,-0.00010092,6.1587e-06,0.00018562,4.4858e-05,-3.7154e-05,6.402e-05,0.0001789,0.00018265,2.5091e-05,5.5388e-07,6.7992e-05,0.00021633,1.9574e-05,0.00056312,1.4712e-05,0.00052385,0.00017354,0.00010697,0.00016377,0.00014064,0.00016576,0.00032184,1.7369e-05,0.00010816,-6.4573e-05,3.9684e-05,0.00012653,-6.2369e-06,0.00010642,0,0.00010302,3.6535e-06,9.2094e-05,9.1632e-05,6.6657e-05,0.00028048,-6.0722e-05,1.4449e-05,3.4423e-05,-2.5924e-05,5.9796e-05,-2.56e-05,5.0274e-05,7.5575e-06,0.00020255,0.00011522,0.00016066,5.8501e-05,8.0715e-05,5.3493e-05,0.00023078,4.9152e-05,9.5524e-05,-4.2859e-05,0.00017285,6.0836e-05,-0.016853,2.8202e-05,2.7445e-05,9.6423e-05,-8.1151e-05,-7.3448e-05,0.00016658,0.00015345,3.267e-05,0.00010681,9.0888e-05,8.2759e-05,3.7956e-05,-3.8901e-05,5.7088e-05,4.962e-05,0.00017849,2.5486e-05,0.00011756,8.204e-05,-6.8455e-05,3.8247e-05,-6.8842e-05,0.00011639,0.00019825,0.00012597,5.5474e-05,0.00010755,8.7503e-05,5.2883e-05,1.1123e-05,4.9267e-05,9.8826e-05,5.4503e-05,-5.4879e-06,-7.2271e-05,0.00012489,-9.7958e-05,0.00010183,-2.9818e-05,7.959e-05,0.00019757,0.00014292,5.811e-05,0.00012654,8.5328e-05,-0.00020926,0.00010502,0.00018697,5.3666e-05,3.0257e-05,0.00015898,0.00010452,0.00015281,2.4642e-05,9.8561e-05,0.00010741,-4.3566e-05,0.00015112,0.00011218,8.8545e-05,-5.726e-06,-3.8964e-05,4.2862e-05,0.00039883,0.00015743,3.8045e-05,1.5856e-05,0.00012329,1.099e-05,2.1582e-05,-2.7048e-05,5.2036e-05,-1.748e-05,0.00010984,3.0017e-05,8.6117e-05,-1.3065e-05,0.00021181,3.9689e-05,0.00014213,1.7196e-05,-1.4298e-06,-0.00014238,-2.8805e-05,1.323e-06,5.2487e-05,5.822e-05,-1.7474e-06,-0.00015475,-0.0026589,2.6181e-06,1.9541e-05,0.00018917,2.8299e-05,-4.5804e-05,0.00010581,9.617e-05,-0.00022025,-0.00032044,2.1844e-05,0.00026618,5.641e-05,1.0755e-05,9.0185e-05,6.9758e-05,6.207e-05,1.6346e-05,0.00012152,6.381e-05,3.089e-05,-6.8124e-05,8.1011e-05,0.00013815,3.2251e-05,-2.2703e-05,1.6537e-05,-8.8072e-05,-4.5409e-05,0.00024111,6.6737e-05,1.0475e-05,5.6663e-05,2.434e-05,8.7835e-05,0.0001244,2.073e-05,7.2606e-05,2.6516e-05,-5.0915e-06,5.0068e-05,-6.2059e-05,0.00013432,-4.0966e-05,1.9776e-05,1.8868e-05,2.0664e-05,7.7059e-05,7.2149e-05,0.00016311,8.6555e-05,0.0001504,8.9482e-05
-1.9053e-05,4.5303e-05,6.5148e-05,4.2887e-05,5.1717e-05,-1.0002e-05,-1.6918e-05,6.589e-05,3.8977e-05,5.9262e-05,-1.536e-05,-8.7145e-05,8.5565e-06,2.6252e-05,1.4712e-05,8.2071e-05,0.00011482,-0.00012652,2.2093e-06,2.7563e-05,3.3151e-05,-4.2774e-05,1.991e-05,-9.1074e-08,6.4447e-06,-1.6459e-05,-2.6109e-05,2.6293e-05,1.2085e-05,2.0245e-05,0,-9.987e-05,-3.3558e-05,-3.445e-05,-2.146e-05,-9.0178e-06,-4.2432e-06,3.2909e-05,-3.4341e-05,4.1056e-05,4.1405e-06,-3.6787e-05,2.7464e-05,-3.205e-05,8.9988e-06,-3.2058e-05,-5.0623e-06,1.1933e-05,-1.5235e-05,-2.1024e-05,1.9339e-05,3.3529e-05,2.8026e-05,8.1888e-06,5.4627e-06,-4.8942e-06,1.6881e-05,0.035395,-3.4773e-05,5.3e-05,1.146e-05,-2.6096e-05,6.0921e-05,9.7414e-06,1.506e-06,-1.0736e-05,-7.7331e-06,-1.0225e-05,4.3753e-05,1.5154e-06,3.1742e-05,-8.3433e-06,8.4117e-06,6.5021e-05,3.4604e-05,-6.2657e-07,1.1198e-05,2.6721e-05,-3.9198e-05,-5.5781e-06,-2.9562e-05,1.9448e-06,1.6821e-05,7.8308e-06,2.1992e-06,8.3062e-06,-5.0356e-05,-2.1732e-05,1.21e-05,3.2989e-05,3.7702e-05,1.8726e-05,-4.3223e-06,2.3682e-05,3.2757e-05,-7.2911e-06,1.229e-05,-2.3999e-05,1.3305e-05,2.9357e-05,-2.0978e-05,-6.3965e-05,-5.0926e-06,-1.2492e-05,1.5089e-05,-8.255e-05,8.9484e-06,3.6309e-05,8.0967e-06,-4.7645e-06,3.1357e-06,1.2394e-05,-9.3166e-05,1.7345e-05,-1.9388e-05,1.209e-05,9.3697e-06,1.3461e-05,-1.414e-05,1.1349e-05,2.0653e-05,-3.4879e-05,2.3421e-06,6.0116e-05,-7.9515e-06,1.3252e-05,1.8996e-05,2.5099e-06,2.6856e-05,3.2221e-05,-4.6305e-06,-9.6976e-06,5.4557e-06,-9.8904e-06,4.5016e-05,-2.8692e-05,-4.1744e-05,-5.2282e-05,3.8492e-05,-4.4233e-05,4.7528e-05,3.2456e-06,-2.4726e-05,-6.553e-06,3.1726e-05,-4.8207e-05,-4.2601e-05,0.0022093,-5.7107e-06,-5.4416e-05,4.1561e-05,2.6262e-05,-2.5041e-05,-7.3053e-06,1.5573e-05,-4.1963e-05,-7.1639e-05,1.7089e-05,-2.9486e-06,3.7726e-05,1.5505e-05,5.966e-06,-2.0602e-05,-7.9331e-06,3.1143e-05,1.3706e-05,-1.8854e-05,1.0312e-05,1.544e-05,4.3459e-05,1.2443e-05,2.133e-05,1.2401e-05,-1.2503e-05,6.9026e-06,-1.5255e-05,1.0332e-05,3.5771e-05,-2.4076e-05,3.564e-06,4.1479e-05,4.5211e-05,-8.7771e-05,-5.1349e-05,2.6737e-05,2.1231e-05,6.1648e-06,-6.2753e-06,1.8647e-05,-9.9445e-06,-1.4025e-05,5.1514e-06,-8.7086e-06,-1.9693e-05,3.3971e-05,-1.9177e-05,1.1342e-05,-3.2306e-05,-1.5711e-05,1.7937e-06
0.00011327,-0.00020891,2.4282e-05,0.00031843,0.00018414,-3.7732e-06,1.5647e-05,0.00014989,0.00036579,0.00020605,-8.8747e-05,5.2348e-05,0.00020391,0.00010945,0.00052385,0.00011482,0.0021032,-0.00013097,9.2551e-05,0.00044163,-2.4575e-05,0.00016485,0.00023303,0.00013817,0.00013658,-6.6837e-05,-3.6456e-05,0.000204,2.5283e-05,3.3115e-05,0,-0.00018309,-0.00011594,-3.0836e-05,9.531e-05,0.0001636,0.00019228,0.00015646,-8.9129e-05,0.00010686,-9.7362e-06,5.7655e-05,-1.8885e-05,1.9411e-05,-0.00014601,0.00011973,0.00018351,0.00028794,7.4613e-05,-3.4829e-05,0.00013225,0.00019518,-0.00010141,0.00014019,1.7168e-05,0.00011379,-2.8113e-05,-0.022879,-2.3883e-05,-7.1791e-05,8.3835e-05,1.9697e-05,-7.4372e-05,5.0934e-05,0.00022322,-3.0355e-05,4.5038e-05,-6.8884e-06,-3.8573e-05,-0.00022299,-7.4511e-06,2.2029e-05,1.9542e-05,0.00020109,-2.2087e-05,5.0327e-05,7.0663e-05,9.2746e-05,-0.00025488,-0.0002291,-1.6211e-05,0.00010549,9.7049e-05,0.0001456,0.0001464,-6.5475e-05,0.00015865,0.0001042,-7.5848e-06,0.00018674,6.1463e-05,0.00011241,-0.00020123,1.4822e-05,-7.9401e-05,-4.0947e-05,2.2629e-05,-2.3953e-05,0.00040449,0.00013452,8.6734e-05,7.5827e-05,0.00024114,-5.0659e-05,3.6044e-05,0.00017154,-7.4718e-05,0.00010629,0.00028452,0.00016721,9.3877e-05,-0.00011818,3.9121e-05,0.0001567,-3.5488e-05,7.3703e-05,0.0001401,-6.9908e-06,-0.00035401,5.4167e-06,0.00015796,0.00081992,2.0264e-05,0.00016063,-0.00012333,0.0003624,1.0914e-05,8.5723e-05,0.00013294,3.1943e-05,-0.00014385,8.3583e-05,-4.8053e-05,0.00011635,2.6847e-05,0.00037814,-2.9645e-05,0.00019434,0.00015984,-2.2471e-05,-0.00023118,0.00013612,-0.0001539,8.2582e-05,-8.8497e-05,-0.0001209,-6.3024e-05,0.0059529,-0.00031966,-0.00024835,0.00028772,0.00013782,-0.00042303,4.8787e-05,7.4699e-05,-5.2341e-05,0.00013704,-3.7677e-05,0.00035141,9.4005e-05,-1.0302e-05,0.00011064,-3.0269e-06,0.00012918,0.00017562,0.00015931,0.00010867,0.00023021,-2.2619e-05,0.00010014,3.8431e-05,7.381e-05,-9.0259e-06,-9.0423e-05,4.2275e-05,-9.1137e-05,0.00024617,0.00013637,-0.00015785,0.00011566,-0.00010196,6.8339e-06,-7.1628e-05,2.95e-05,9.109e-06,3.4214e-05,2.9688e-05,-7.4472e-05,-7.8517e-05,0.00026545,0.00033184,-4.527e-05,0.00017661,-2.6445e-05,7.0611e-05,-1.2169e-05,0.00021648,0.00014416,0.00019298,5.8077e-05
