0.00021084,7.6527e-05,-6.1503e-05,8.8889e-05,1.142e-05,4.2472e-05,4.0441e-05,1.4915e-05,5.4138e-05,2.017e-05,7.0709e-05,3.3201e-05,-6.2217e-06,-1.451e-05,6.6512e-05,1.6631e-05,5.356e-05,-1.8503e-05,5.8505e-05,6.5719e-05,2.3542e-05,6.9113e-06,0.00010675,0.00011622,9.4222e-05,1.3077e-05,-1.2145e-05,-4.9453e-05,-4.6093e-05,1.7449e-05,0,2.4636e-05,6.6885e-05,8.8547e-06,3.7897e-05,6.1657e-05,2.5103e-05,3.9253e-06,0.00013968,3.7172e-05,2.0435e-05,2.1257e-05,2.4675e-05,2.2985e-05,1.891e-05,-1.2398e-05,-3.1692e-05,-1.6461e-05,1.2871e-05,5.4267e-05,2.1305e-05,0.0001124,3.188e-05,-4.6585e-06,-1.0653e-05,8.1873e-05,0.00028909,-1.0429e-06,2.0587e-05,6.8123e-05,2.2127e-05,2.1976e-05,4.161e-05,1.2035e-05,4.7362e-05,0.0001415,5.1747e-05,3.9595e-05,3.4872e-05,-3.356e-06,2.5404e-05,-1.4867e-05,-6.3991e-06,4.9279e-05,5.9524e-06,6.4958e-05,2.1654e-05,4.3145e-05,-2.4579e-06,5.4136e-06,6.2506e-05,0.00010005,1.5503e-05,2.2721e-05,4.0323e-05,4.2511e-06,1.8526e-05,-5.5933e-05,4.8508e-05,-1.3721e-05,-5.4854e-06,-8.3607e-06,1.8661e-05,2.1447e-05,3.8067e-05,5.7408e-05,3.7796e-06,1.7362e-05,2.0253e-05,4.0306e-05,-5.7463e-07,-2.54e-05,2.5261e-05,-3.3378e-05,5.6445e-05,4.1778e-05,-8.3734e-06,3.0059e-05,3.6137e-06,3.2317e-05,3.5729e-05,1.1783e-05,1.1555e-05,1.4478e-05,1.4078e-05,2.3903e-06,5.3435e-05,8.49e-05,-3.0089e-05,-1.3892e-05,1.2376e-05,0.00019086,9.3607e-05,2.395e-05,5.3347e-05,2.9513e-05,2.4456e-05,5.4526e-05,7.7967e-05,1.5866e-05,2.4364e-05,-9.1195e-05,5.5147e-05,-6.9051e-06,1.6322e-05,4.2768e-05,1.8489e-05,2.1694e-05,1.0483e-05,-2.6158e-05,1.1594e-05,0.00012824,-5.3665e-06,4.3882e-05,-1.0982e-05,1.8458e-05,2.6277e-05,1.8126e-05,4.8399e-06,9.269e-08,3.9198e-05,8.9419e-05,3.1021e-05,3.6344e-05,2.3024e-05,1.7291e-05,8.7071e-05,-2.3153e-05,3.4726e-05,1.2479e-05,6.2119e-05,4.8682e-05,-1.9748e-06,-3.6242e-07,-4.8667e-05,5.4252e-05,5.6837e-05,3.8987e-05,-1.9234e-05,2.8446e-05,4.7642e-05,2.6328e-05,5.7301e-06,0.00010234,8.3961e-05,4.1105e-05,6.0628e-05,-3.3235e-05,-2.3626e-05,-3.2622e-05,0.00014624,6.8587e-05,-2.4796e-05,-0.00023353,4.5757e-06,1.479e-05,3.537e-05,-3.6555e-05,2.9504e-05,2.7187e-06,0.00023038,4.1791e-05,6.1048e-05,9.2317e-05,3.3761e-05,1.6036e-05,3.5135e-05,1.1292e-05,2.6702e-05,2.6304e-05
7.6527e-05,0.00028975,-1.7309e-06,9.1926e-05,1.9556e-05,5.2273e-05,2.8907e-05,-3.1751e-05,8.0393e-05,4.8696e-05,8.0605e-05,0.00023799,6.2632e-05,8.1851e-05,6.5276e-05,3.6711e-05,0.00012521,4.5857e-05,8.8335e-05,9.3773e-05,-2.1509e-06,5.2059e-05,0.00010733,2.9511e-08,5.7384e-05,6.3255e-05,-3.4468e-05,9.7855e-05,-5.0427e-05,-2.9847e-05,0,7.0953e-05,3.3607e-05,3.1772e-05,4.0154e-05,0.00010697,-6.0147e-05,3.2211e-05,7.4605e-05,7.2436e-05,6.6084e-05,3.1771e-05,4.5692e-05,3.7202e-05,7.3268e-05,5.0863e-05,8.3079e-05,-8.7884e-06,9.7419e-06,9.5463e-05,8.9372e-05,0.00012303,5.6411e-05,4.7669e-05,5.691e-05,3.1902e-05,0.00012507,-8.7676e-05,4.9372e-05,2.6687e-05,6.909e-05,8.1641e-06,3.9982e-05,3.938e-05,8.0488e-05,1.1452e-05,8.2253e-05,4.144e-05,0.00010504,5.9309e-05,6.1777e-05,8.709e-05,8.3613e-05,0.0001083,9.0022e-05,-5.5326e-07,2.1225e-05,2.9482e-05,-4.3793e-05,5.756e-05,5.4042e-05,0.00011524,9.1832e-05,2.488e-05,7.6598e-05,2.8374e-05,3.857e-05,5.7383e-05,4.1091e-05,6.8891e-05,8.798e-05,5.0658e-05,3.4571e-05,5.3833e-05,7.2121e-06,5.9581e-05,-1.0706e-06,4.7934e-05,-1.1712e-05,6.0472e-05,4.6276e-05,-3.1247e-06,4.3661e-05,-4.0418e-05,5.4009e-05,3.6378e-05,6.8771e-05,5.2476e-05,8.0146e-05,4.4161e-05,4.9398e-05,7.7221e-05,-3.6988e-05,4.0696e-05,3.1667e-05,0.00011029,1.9975e-05,4.7084e-05,7.7025e-05,3.7982e-05,7.3532e-05,0.00028491,0.0001381,7.0897e-05,8.9768e-05,2.464e-05,8.7174e-05,5.451e-05,5.4876e-05,4.6422e-05,-2.3797e-05,-2.745e-05,5.7001e-05,3.3807e-05,-1.1965e-05,6.6622e-05,7.9365e-05,0.00010726,1.657e-05,-8.5474e-05,2.3064e-05,-3.7477e-05,6.8466e-05,3.3252e-05,9.7593e-05,6.282e-05,-2.1498e-05,5.9043e-05,2.5449e-05,4.9847e-05,0.00011291,8.7021e-05,4.6464e-05,9.5466e-05,3.9346e-05,1.7098e-05,0.00011909,3.8595e-05,-4.0529e-05,3.5236e-05,0.00019237,9.8862e-05,6.5473e-05,5.9894e-05,2.7132e-05,0.00010535,7.7832e-05,3.1203e-05,9.444e-05,2.0802e-05,7.7315e-05,4.3527e-05,9.1195e-05,0.00010431,4.0396e-05,0.00024843,7.1043e-05,5.7477e-05,2.6105e-05,6.372e-05,-3.8878e-05,0.00015238,2.4406e-05,-5.7708e-06,6.972e-05,4.0572e-05,3.0509e-05,-4.8215e-05,8.8198e-05,3.5512e-05,6.8479e-05,3.1004e-05,9.2735e-05,0.00010502,4.0188e-05,2.9076e-05,4.3678e-05,5.143e-05,6.6362e-05,0.00012656
-6.1503e-05,-1.7309e-06,0.000278,-1.9286e-05,-4.5979e-06,1.6936e-05,-2.1458e-05,6.3986e-05,1.5969e-05,5.9467e-05,-1.9446e-05,-0.00010898,-1.6425e-06,2.2222e-05,-7.6393e-05,6.4848e-06,2.8445e-05,-7.7323e-05,4.6453e-05,-2.0925e-05,0.00011317,3.1748e-06,-1.5385e-05,-3.1849e-06,2.7059e-06,-1.8077e-05,3.7552e-05,0.0001691,-8.9096e-05,-7.1449e-06,0,-5.4311e-05,2.2831e-06,1.169e-05,1.1175e-05,-1.7e-05,3.1708e-05,-1.1932e-05,-4.127e-05,3.3095e-05,1.6872e-05,-3.599e-05,9.3773e-06,5.3965e-05,-2.6644e-05,7.0697e-05,3.2707e-05,2.0921e-05,7.6973e-06,3.1619e-05,3.6779e-05,4.0764e-06,4.3699e-05,4.3238e-06,0.00012029,1.5677e-05,-0.00022869,-5.8601e-07,-2.9243e-05,-2.0505e-05,1.4738e-05,-8.3156e-06,5.998e-05,6.0848e-05,2.4001e-05,-3.6556e-05,7.8861e-05,8.0571e-05,-3.7061e-05,2.1263e-05,-3.2009e-06,4.2845e-05,3.8884e-05,0.00014021,1.061e-05,-0.00010791,8.4537e-06,-2.8946e-05,-4.9097e-06,1.1615e-05,-2.0266e-05,-1.2802e-05,-1.7005e-06,-1.8192e-05,1.4504e-05,7.8001e-05,1.0259e-05,4.6288e-05,-1.6494e-05,5.6339e-05,7.3708e-05,7.0985e-06,2.7597e-05,6.4521e-05,-3.5176e-05,1.1887e-05,1.8527e-06,6.2651e-05,5.6584e-06,1.1746e-05,-0.00010398,5.406e-05,5.8678e-05,5.9372e-05,-3.7001e-05,4.806e-05,1.3722e-05,-1.3342e-05,2.9479e-06,4.4155e-05,9.1829e-05,0.00010884,8.5526e-06,7.7112e-05,-2.0026e-05,1.6054e-05,-7.356e-05,-1.824e-05,8.1536e-06,7.6986e-06,-9.5635e-06,7.7351e-05,-9.0227e-09,3.295e-05,5.7156e-05,-1.3306e-05,5.1604e-05,-4.6897e-05,3.7626e-05,-1.989e-05,-1.5256e-05,-1.0907e-06,5.8626e-05,5.6322e-06,8.7305e-06,2.8391e-05,-1.4997e-05,-6.308e-05,5.5617e-06,-5.5603e-05,5.9129e-06,-9.0834e-05,-3.6661e-05,-6.7243e-06,9.8594e-05,4.5068e-06,-4.7463e-05,2.5224e-05,3.4878e-05,9.5509e-06,4.3995e-05,4.287e-05,2.9734e-05,9.3794e-06,-1.2461e-05,-3.4006e-05,0.00014264,-1.2534e-05,3.687e-05,2.3935e-05,7.989e-05,-3.6004e-05,8.6564e-05,6.8854e-06,4.2211e-05,3.5664e-05,5.0956e-05,0.00013127,4.7033e-05,-1.3675e-05,4.301e-05,4.7091e-05,-1.7923e-05,2.2693e-05,0.00012233,8.0041e-05,4.7214e-05,3.0898e-05,3.2543e-05,2.7649e-05,-7.9908e-05,2.1675e-05,-3.9615e-05,0.00016602,1.2267e-05,4.1038e-05,1.6481e-05,-1.2792e-05,-3.0528e-05,2.7408e-05,-8.8599e-05,6.8762e-06,-1.6858e-05,-5.9328e-05,0.00011596,-4.4329e-05,2.2142e-05,7.6161e-06,4.337e-05,-1.4607e-05
8.8889e-05,9.1926e-05,-1.9286e-05,0.00014248,1.8607e-05,4.8685e-05,1.9379e-05,5.9265e-05,6.8858e-05,3.1321e-05,4.2989e-05,-4.5669e-05,4.5894e-05,3.7274e-05,7.8718e-05,3.5858e-05,6.2303e-05,6.4094e-05,6.8776e-05,3.148e-05,3.5702e-05,2.7068e-05,0.00017556,7.2713e-05,6.2234e-05,1.7722e-05,-1.4949e-06,7.0721e-05,-3.1428e-05,1.6013e-05,0,4.0542e-05,6.166e-05,3.1513e-05,5.5946e-05,5.7043e-05,5.6862e-05,2.3901e-05,6.0763e-05,6.2671e-05,4.9961e-05,1.7972e-05,4.1466e-05,2.838e-05,3.4236e-05,5.1459e-05,4.8425e-05,2.3786e-05,1.0864e-05,5.2446e-05,7.4424e-05,0.00011198,7.547e-05,1.6399e-05,-1.7511e-05,8.0907e-05,0.00034547,-0.00010853,3.9039e-05,8.094e-05,5.1414e-05,4.0815e-06,2.5415e-05,4.5325e-05,9.7322e-05,9.9354e-05,0.00012504,6.427e-05,4.0786e-05,3.5497e-05,3.7979e-05,5.6323e-05,-2.1763e-05,2.8764e-05,4.9253e-05,1.9305e-05,3.7116e-05,5.0003e-05,-4.507e-06,-3.4869e-06,6.9693e-05,9.7243e-05,9.7884e-06,8.1466e-06,4.8156e-05,-5.5228e-06,3.6206e-05,3.1955e-05,4.9438e-05,4.6582e-05,0.00010775,5.5886e-05,4.4533e-05,5.8522e-05,3.6957e-05,7.1935e-05,-5.7256e-07,3.0908e-05,3.5668e-05,4.7215e-05,2.8907e-05,1.4485e-05,5.5562e-05,-4.9724e-05,2.4008e-05,5.5575e-05,3.5431e-05,4.0679e-05,4.7205e-05,2.7758e-05,6.4751e-05,-3.8603e-05,2.2601e-06,7.6855e-05,2.9716e-05,4.2181e-05,5.0441e-05,7.5717e-05,1.7589e-05,1.3844e-05,3.4256e-05,0.00011103,8.6139e-05,3.3685e-05,2.7153e-05,5.1628e-05,8.6995e-06,4.4347e-05,3.3308e-06,4.2419e-05,1.722e-05,1.2435e-05,9.8099e-05,4.9126e-05,3.0405e-05,4.2327e-05,3.1723e-05,9.2692e-05,2.5508e-05,1.3065e-05,5.6536e-05,5.3163e-05,4.446e-05,2.25e-05,-3.251e-06,7.1518e-05,-4.4563e-06,4.2411e-05,1.6213e-05,4.7648e-05,0.00013474,4.6596e-05,4.6042e-05,7.1322e-05,5.5338e-05,1.4525e-05,0.00012494,-2.6363e-06,4.963e-05,3.6442e-05,0.00012132,5.9017e-05,7.9854e-05,-1.4598e-05,3.982e-05,8.3414e-05,4.3308e-05,1.6028e-05,3.5392e-05,4.3842e-05,3.0715e-05,3.0048e-05,4.0191e-05,8.0003e-05,7.3565e-05,0.00022884,0.00013466,9.3284e-06,4.0365e-06,4.5668e-05,0.0001733,7.225e-05,2.2548e-05,0.00023639,4.7887e-05,3.4362e-05,2.6718e-05,2.8169e-06,2.8578e-05,2.2779e-05,9.2283e-05,5.8043e-05,6.3869e-05,7.6455e-05,2.7438e-05,6.9738e-05,3.0166e-05,5.2364e-05,6.7036e-05,8.1547e-05
1.142e-05,1.9556e-05,-4.5979e-06,1.8607e-05,5.0226e-05,2.399e-05,2.8845e-06,1.9764e-05,2.6625e-06,2.2838e-05,1.3861e-05,0.00017062,4.0829e-05,1.0458e-05,4.0929e-06,1.8918e-05,2.8775e-05,-2.7097e-05,1.3075e-05,2.6155e-05,-4.0309e-05,7.5327e-06,-5.5166e-06,-6.5706e-06,1.861e-05,3.2844e-05,1.6041e-05,3.937e-05,3.97e-06,-1.6817e-07,0,1.3788e-05,2.5571e-05,1.6319e-05,8.2356e-06,3.8051e-05,-2.0282e-05,1.5539e-05,-1.1449e-05,1.2813e-05,2.2591e-05,2.5839e-05,4.3203e-05,7.4346e-06,2.8129e-05,4.3528e-05,8.0491e-05,-2.0048e-06,1.6718e-06,3e-05,1.6613e-05,-1.7294e-05,4.1096e-05,2.0004e-05,-1.34e-05,-5.2378e-06,0.00014,-5.3026e-05,8.086e-06,1.1505e-05,3.9465e-05,1.6179e-06,2.5047e-05,2.2156e-05,2.3839e-05,2.776e-05,3.3638e-05,4.4585e-07,3.5288e-05,9.6472e-06,5.0436e-06,4.25e-05,-8.5072e-07,-2.7116e-05,3.5077e-05,-1.0585e-05,1.7491e-05,1.5244e-05,-2.0781e-06,1.7461e-05,7.5212e-06,3.8368e-05,-8.1878e-07,9.845e-06,-8.4186e-06,2.3452e-05,2.5679e-05,3.1174e-05,2.0682e-05,4.6618e-05,8.0574e-05,2.7123e-05,2.4576e-05,3.0015e-05,-3.4448e-05,1.9776e-05,-1.6858e-06,2.1291e-05,7.8218e-06,-3.6602e-06,1.1366e-05,-2.4298e-05,1.2109e-05,2.6609e-05,-3.4474e-06,2.6962e-05,2.9915e-05,3.6746e-06,1.3425e-06,2.0741e-05,4.7442e-05,8.1968e-05,3.1746e-05,8.0858e-06,3.3699e-05,5.0617e-05,1.2476e-05,2.983e-05,4.3406e-05,1.9285e-05,1.4891e-05,-6.8494e-05,1.6128e-05,2.9012e-06,-7.0897e-06,-2.4055e-06,3.3582e-05,-9.6301e-07,-6.2242e-05,4.8017e-06,8.6078e-06,2.4314e-05,5.6367e-05,2.2524e-05,1.4787e-05,4.3661e-06,1.7573e-05,1.2856e-05,2.3501e-05,-1.3298e-05,1.918e-05,-7.008e-06,5.8281e-07,5.1101e-05,8.1581e-06,1.0893e-05,-9.4158e-06,5.9369e-06,-3.7624e-06,3.0531e-05,2.8475e-05,8.1403e-05,6.483e-05,2.044e-05,-6.765e-06,2.0117e-05,-1.5384e-05,7.7451e-07,1.1657e-05,1.4647e-05,2.7005e-05,6.5116e-06,5.1641e-05,3.3064e-05,2.7782e-05,1.53e-05,1.3109e-05,-5.7163e-06,-1.5421e-06,3.0117e-05,5.6877e-06,4.8036e-06,4.4438e-05,1.3712e-05,-1.0887e-05,0.00013329,2.1027e-05,-9.5865e-06,-7.428e-06,2.0111e-05,0.00012322,1.8972e-05,-2.0603e-05,-0.00015166,3.1394e-05,2.0378e-05,1.6592e-05,-1.3877e-05,4.451e-05,6.645e-06,3.4365e-07,2.7028e-05,-9.2456e-07,3.941e-05,1.3925e-05,1.3892e-05,-1.4086e-05,7.4098e-06,2.7686e-05,2.7809e-05
4.2472e-05,5.2273e-05,1.6936e-05,4.8685e-05,2.399e-05,0.00013731,3.8706e-05,5.1434e-05,3.9715e-05,6.015e-05,2.7125e-05,-4.6161e-05,1.9934e-05,2.1568e-05,3.8563e-05,2.2053e-05,0.00010574,5.5983e-05,2.4219e-05,0.00011186,-1.9395e-05,5.2629e-05,4.7197e-05,2.7916e-05,6.331e-05,3.0702e-05,2.0911e-05,9.1779e-05,2.7932e-05,1.0864e-06,0,0.0001068,8.8476e-05,3.5782e-05,4.265e-05,4.1842e-06,-4.3433e-05,1.3381e-05,0.00014359,3.5976e-05,4.3446e-05,4.1613e-05,-2.2016e-06,4.9e-05,6.6158e-05,4.8671e-05,8.1564e-05,-1.2398e-05,1.3879e-05,4.716e-05,4.8672e-05,9.0266e-05,-7.3172e-06,3.1866e-05,4.4762e-05,2.2924e-05,0.00025818,-4.0835e-05,3.4928e-05,9.618e-05,6.7529e-05,-1.0811e-05,6.517e-05,5.5891e-05,6.507e-05,9.2598e-05,2.9238e-05,7.1388e-05,7.2006e-05,5.1429e-05,3.7521e-05,8.6995e-05,1.819e-05,9.3778e-05,5.0199e-05,2.1691e-05,2.3361e-05,2.0563e-05,3.1172e-06,2.4372e-05,5.8865e-05,0.00012603,4.7625e-05,1.8737e-05,7.3299e-05,3.3984e-05,4.8434e-05,4.2488e-05,7.0469e-05,6.194e-05,7.3712e-05,1.4371e-05,3.6222e-05,4.6385e-05,4.1131e-05,7.3254e-05,-5.4289e-06,3.6972e-05,5.104e-05,7.3913e-05,1.7912e-05,1.6584e-05,4.9989e-05,5.6688e-05,2.6629e-05,5.3036e-05,4.7839e-05,2.8943e-05,7.1043e-05,2.6333e-05,0.00013042,-3.4051e-05,2.1562e-05,7.0504e-05,5.4361e-05,6.5828e-05,-2.5894e-05,6.0962e-05,0.00013498,6.4224e-06,2.8972e-05,0.00018141,5.5654e-05,2.4658e-05,7.5733e-05,1.2556e-05,3.0602e-05,-1.6162e-06,3.8894e-06,-1.0295e-06,-1.4068e-06,1.0486e-05,7.2243e-05,6.116e-05,-3.6372e-05,8.3412e-05,1.1726e-05,0.00012826,3.5499e-05,-9.1351e-05,3.019e-05,1.8067e-05,5.3415e-05,3.8165e-05,5.3573e-05,3.6594e-05,-6.3515e-06,4.0691e-05,1.5852e-05,5.0769e-05,0.00010549,-2.1868e-06,0.00010878,6.258e-05,8.9593e-05,9.2217e-06,3.4142e-05,1.2067e-06,2.8912e-05,1.8804e-05,1.8593e-05,0.00011726,1.1497e-05,7.3374e-05,-1.8017e-06,9.8038e-05,5.6183e-05,2.5548e-05,1.3602e-05,5.0279e-05,6.3299e-05,4.1549e-05,3.5936e-05,6.8844e-05,1.4717e-05,0.00011414,0.00016936,1.7716e-05,3.0811e-05,6.9669e-05,0.00023529,5.0934e-05,2.8251e-05,-0.00023891,4.105e-05,3.4133e-05,1.284e-06,-3.5159e-06,5.1534e-05,4.2394e-05,5.7562e-05,4.8184e-05,1.8166e-05,8.6395e-05,0.00011154,1.195e-05,6.4027e-06,3.1517e-05,5.0198e-05,2.8291e-05
4.0441e-05,2.8907e-05,-2.1458e-05,1.9379e-05,2.8845e-06,3.8706e-05,5.2798e-05,2.9756e-06,1.6314e-05,4.1174e-05,3.8466e-07,-8.1431e-05,2.0789e-05,-5.7106e-06,4.3007e-05,1.3019e-05,4.5083e-05,6.239e-06,-6.3874e-06,6.3775e-05,1.8231e-05,1.2815e-05,2.2372e-05,5.115e-06,5.1795e-05,1.7345e-05,1.1479e-07,-6.563e-05,1.5526e-05,1.3852e-05,0,5.3276e-05,4.4163e-05,1.9067e-05,1.2362e-05,4.0347e-05,-2.361e-05,8.0902e-06,4.6673e-05,1.5886e-05,9.3383e-06,3.7417e-05,1.1791e-05,1.1335e-05,2.9384e-05,3.7281e-05,-1.224e-05,-1.0718e-05,3.8949e-06,2.9318e-05,2.2128e-05,4.9717e-05,8.6352e-06,8.7339e-06,-2.311e-06,5.1349e-06,0.00013063,-2.47e-06,4.1411e-05,5.1442e-05,1.1411e-05,-4.1641e-06,4.8504e-05,3.6887e-05,4.667e-05,2.5409e-05,-1.11e-05,3.8239e-05,1.259e-05,3.1407e-05,2.8906e-05,6.2129e-05,2.3966e-05,-9.0568e-06,2.7643e-05,1.5251e-05,1.2149e-05,2.7254e-05,8.9215e-06,2.8282e-05,3.2915e-05,5.1574e-05,1.1484e-06,7.0722e-06,3.3376e-05,1.1079e-05,1.8096e-05,8.8579e-06,3.8138e-05,2.5864e-05,1.1742e-05,1.6649e-05,1.4635e-05,1.1574e-05,-1.4002e-05,1.3954e-05,-8.2425e-07,-3.5603e-06,3.4821e-05,2.865e-05,5.5823e-06,-7.083e-06,6.992e-06,9.5543e-06,2.5095e-05,1.597e-05,2.0462e-05,1.6698e-05,8.3145e-06,8.4207e-06,1.6155e-05,-5.3262e-05,-1.843e-05,1.4125e-05,1.3509e-05,2.7387e-05,5.385e-05,4.5923e-05,2.2039e-05,1.6423e-05,1.2198e-05,1.6789e-05,2.3496e-05,4.5934e-07,2.8718e-05,3.7627e-06,8.3618e-06,3.1887e-05,1.0019e-05,2.1886e-06,-1.4028e-05,1.0283e-05,5.2194e-06,2.8198e-05,-5.1632e-07,3.5501e-05,1.9924e-05,4.8679e-05,1.3582e-05,-0.00010452,1.7632e-05,5.7601e-06,-7.1355e-06,1.2285e-05,2.1407e-05,5.0722e-06,1.0556e-05,1.1542e-05,9.7433e-06,2.0232e-05,3.5861e-05,6.6201e-06,4.8864e-05,2.5247e-05,2.6451e-05,7.7691e-06,2.8821e-05,1.1108e-05,1.818e-05,1.1017e-05,3.7074e-07,5.3155e-05,2.4056e-05,4.2998e-05,-1.2112e-05,4.0125e-05,6.3591e-06,3.9859e-05,1.0122e-05,1.9241e-05,-3.1081e-06,1.8202e-05,2.3952e-05,3.3687e-05,6.6693e-06,1.9226e-05,7.3297e-05,1.7668e-05,2.8771e-05,1.1981e-05,5.254e-05,6.9612e-05,-6.0639e-07,-0.00036455,1.7921e-05,7.7956e-06,3.0681e-05,2.0083e-05,3.8706e-05,1.2866e-05,5.1457e-05,8.6268e-06,1.3963e-05,4.4337e-05,3.0908e-05,3.0632e-06,9.693e-06,1.9044e-05,2.3575e-05,7.8392e-06
1.4915e-05,-3.1751e-05,6.3986e-05,5.9265e-05,1.9764e-05,5.1434e-05,2.9756e-06,0.00019945,4.5685e-05,2.4899e-05,1.0859e-05,-5.1181e-05,3.5997e-05,3.028e-05,2.1278e-05,4.5413e-05,3.1291e-05,3.2474e-05,5.2743e-05,3.1061e-05,-3.8729e-05,-6.9227e-06,8.0714e-05,2.9804e-05,5.4465e-05,1.433e-05,8.3551e-05,0.00011815,-4.7379e-05,4.4339e-05,0,1.2296e-05,6.1779e-06,2.1245e-05,5.785e-05,6.4127e-05,5.6136e-05,2.4998e-05,2.7037e-05,9.9271e-06,3.2624e-05,5.6059e-05,-9.2823e-06,4.7921e-05,1.6315e-05,-2.8576e-05,3.914e-05,4.4211e-05,-1.5839e-05,5.4544e-05,4.5045e-05,6.0607e-05,-3.3421e-05,9.6644e-06,2.4086e-05,5.0984e-05,6.1635e-05,-7.2038e-05,1.4839e-05,8.5849e-05,1.0889e-05,2.0476e-05,3.2246e-05,3.1889e-05,5.204e-05,8.5198e-05,5.6658e-05,7.3699e-05,-6.9091e-05,3.7284e-05,-2.658e-06,0.00010385,-9.642e-06,5.8545e-05,2.9855e-05,-2.7019e-05,5.279e-05,8.6874e-06,3.9131e-06,-6.051e-06,7.0691e-05,0.00010777,8.2453e-05,7.4738e-06,1.3764e-05,1.4513e-06,2.1903e-05,3.0765e-05,2.2711e-05,4.6598e-05,9.3655e-05,-2.435e-05,1.3298e-05,7.3363e-05,2.1921e-05,3.6578e-05,-6.59e-06,5.8169e-05,5.2756e-05,4.9109e-05,-3.3903e-05,2.4017e-05,4.2394e-05,2.6723e-05,-1.9576e-05,-1.7611e-06,2.8206e-05,3.2307e-05,2.3921e-05,4.476e-05,3.1869e-05,-0.00011429,4.0967e-05,6.4643e-05,2.4076e-05,3.7603e-06,8.6662e-06,5.9792e-05,-2.0893e-05,1.8936e-05,3.2666e-07,2.5441e-05,4.6056e-05,5.1061e-05,9.0509e-06,5.3415e-05,2.1017e-05,-2.7714e-06,-3.5986e-05,1.8767e-05,-4.7107e-05,5.4956e-05,3.3057e-06,2.0382e-05,8.8256e-06,1.8478e-05,-1.1453e-05,5.0669e-05,6.5373e-06,-1.9658e-05,0.00010981,-5.7146e-06,7.1806e-05,2.9962e-05,5.2238e-06,5.1713e-05,2.6867e-05,3.2477e-05,-1.6537e-06,-1.5889e-06,7.8468e-05,-5.8219e-05,7.3303e-05,5.9273e-05,5.9492e-05,2.8704e-05,2.0975e-06,8.1835e-06,7.9821e-05,3.5664e-05,1.0061e-05,0.00013164,-2.0867e-05,1.3011e-05,1.315e-05,0.00010476,-2.8407e-06,5.3778e-06,-2.1759e-06,3.3932e-05,6.9222e-05,5.5328e-05,-4.4781e-06,3.127e-05,5.0462e-05,0.00021129,0.00010299,-4.4925e-06,1.3175e-05,5.6933e-05,0.000129,1.7583e-05,2.6075e-05,0.00012094,5.0344e-05,1.2566e-05,-6.963e-06,3.5679e-05,-1.7496e-06,1.4349e-06,-7.233e-06,5.669e-05,-3.1764e-05,2.7394e-05,7.8484e-05,1.2511e-05,6.0601e-06,6.0002e-05,5.5728e-05,2.1067e-05
5.4138e-05,8.0393e-05,1.5969e-05,6.8858e-05,2.6625e-06,3.9715e-05,1.6314e-05,4.5685e-05,0.00017277,5.0275e-06,9.5571e-06,-9.4948e-05,5.2785e-05,3.1421e-05,5.3444e-05,2.1565e-05,8.9971e-05,2.7744e-05,4.536e-05,5.0318e-05,7.8937e-05,4.0386e-05,2.9139e-05,2.8733e-05,3.6164e-05,3.9887e-05,-5.5158e-06,8.9443e-05,-4.1055e-05,8.3147e-06,0,3.041e-05,1.9365e-05,1.3193e-05,3.8727e-05,5.1602e-05,0.0001142,2.0202e-05,5.5717e-05,7.4247e-05,3.5711e-05,1.475e-05,2.9626e-05,4.0257e-05,3.0002e-05,1.5421e-05,2.3107e-05,-1.0758e-05,-5.337e-05,2.4671e-05,7.3856e-05,4.8463e-05,6.9394e-06,4.4906e-05,6.0552e-05,2.764e-05,0.00013678,-2.6068e-05,4.1257e-05,2.2336e-05,1.9192e-05,6.2935e-05,5.3935e-05,3.0669e-05,4.8021e-05,4.3496e-05,0.00010945,7.9968e-05,1.4831e-05,2.3118e-05,3.7578e-05,2.2735e-05,4.0159e-05,8.755e-05,4.5007e-05,0.0001765,2.0467e-05,3.2536e-05,-1.6215e-05,-1.0273e-05,4.9549e-05,5.2256e-05,5.4159e-05,-9.4784e-06,8.5566e-05,3.6641e-05,-1.1757e-06,2.3095e-05,1.555e-05,9.7071e-06,6.6033e-06,3.3442e-05,5.52e-05,3.5432e-06,0.00010005,-6.074e-06,-4.6028e-06,-2.7325e-07,7.5418e-06,7.2602e-05,2.0996e-06,-9.3749e-06,4.8782e-06,-1.3985e-06,1.4034e-05,6.7252e-05,2.4222e-05,3.7524e-05,5.59e-06,1.8073e-05,2.4668e-05,1.7979e-05,-1.7659e-06,5.6747e-05,1.8056e-05,5.609e-05,-9.5963e-05,2.0679e-05,-1.024e-05,1.0427e-05,9.5828e-05,2.3167e-05,6.5871e-05,2.4899e-05,2.2156e-05,-1.8366e-05,2.2907e-05,7.9625e-06,7.4987e-05,1.6074e-05,6.3082e-06,3.0996e-06,-1.2191e-05,-2.1843e-06,-1.6483e-05,-3.8681e-06,2.5749e-05,9.4645e-05,1.7686e-05,-4.9725e-05,4.983e-05,5.1904e-06,7.4128e-05,3.7701e-05,7.6864e-06,4.0186e-05,3.6576e-05,4.3242e-05,1.9364e-05,8.3631e-06,3.8741e-05,5.5659e-05,5.0276e-05,5.9047e-05,4.771e-05,4.0855e-05,8.0478e-05,1.1609e-05,1.6027e-05,4.2302e-05,4.2107e-05,8.2371e-05,1.2952e-05,5.5899e-05,8.2323e-06,4.4964e-05,8.1892e-05,4.0857e-05,-4.33e-05,1.1719e-05,3.8098e-05,1.5824e-05,2.807e-05,1.7478e-05,5.4886e-05,8.5136e-05,0.00013291,-3.0645e-05,0.0001017,4.2272e-05,2.865e-05,5.3558e-05,3.3426e-05,-2.8486e-06,2.5491e-05,1.2928e-05,1.1304e-05,-3.0492e-05,2.1993e-05,3.536e-05,8.1392e-05,3.4799e-05,-7.7685e-06,2.8747e-05,7.0113e-05,3.94e-05,5.0402e-05,4.2229e-05,4.4466e-05,4.8395e-05
2.017e-05,4.8696e-05,5.9467e-05,3.1321e-05,2.2838e-05,6.015e-05,4.1174e-05,2.4899e-05,5.0275e-06,0.00011948,-5.789e-06,-0.00018441,2.2036e-05,2.8195e-05,4.5452e-05,2.0502e-05,6.2068e-05,1.7198e-05,2.3587e-05,4.9017e-05,1.7403e-05,2.7924e-05,3.0074e-05,1.8118e-05,2.7587e-05,1.7503e-05,2.4691e-05,9.3968e-05,-4.3393e-05,-5.025e-06,0,4.9235e-05,8.829e-05,3.1711e-05,2.6772e-05,5.6705e-05,-2.1351e-05,-7.196e-07,3.7421e-05,5.4373e-05,2.4033e-05,3.9709e-05,3.4884e-05,4.0033e-05,3.2943e-05,0.00014433,9.6078e-05,-1.0763e-06,8.1782e-06,5.2267e-05,6.0501e-05,5.8547e-05,4.0055e-05,1.907e-05,5.1149e-05,1.748e-05,0.00017947,-2.8637e-05,2.1767e-05,6.6282e-05,2.9929e-05,2.1908e-05,7.7943e-05,9.525e-05,6.7686e-05,3.0017e-05,1.0883e-05,4.9559e-05,7.8496e-05,4.4493e-05,3.2256e-05,8.628e-05,3.5923e-05,1.9372e-05,7.0871e-05,-2.695e-05,2.1664e-05,1.7589e-05,1.9113e-05,6.8641e-05,6.0985e-05,6.0386e-05,-5.365e-07,6.8697e-06,6.2902e-05,4.0879e-05,5.6577e-05,4.5401e-05,5.1286e-05,8.1846e-05,0.00011321,4.1498e-05,3.9646e-05,6.7399e-05,-3.1062e-06,4.8581e-05,-2.3031e-06,6.2709e-05,5.5033e-05,5.2979e-05,1.1727e-05,2.0423e-06,5.8118e-05,2.6043e-05,2.3957e-05,4.4625e-05,4.2695e-05,1.4027e-05,3.6969e-05,4.4471e-05,0.00010382,5.7948e-05,-3.6762e-06,8.5608e-05,3.4397e-05,7.9831e-05,3.3262e-05,2.717e-05,4.2067e-05,1.3659e-05,2.7383e-05,2.668e-05,1.9034e-05,8.4142e-06,6.04e-05,5.3581e-06,6.5944e-05,1.766e-05,9.0348e-06,1.2289e-05,1.0693e-05,2.5453e-05,8.8554e-05,7.4544e-05,2.038e-05,8.1244e-05,2.0673e-05,6.7251e-05,3.3241e-05,-0.00010364,2.2087e-06,-9.8931e-06,2.3089e-06,1.3406e-05,7.6457e-05,1.5738e-05,8.8786e-06,1.8555e-05,2.9835e-05,6.4625e-05,8.0832e-05,6.7248e-05,6.7628e-05,2.3831e-05,-1.0567e-05,1.4528e-05,8.4516e-05,1.2723e-05,6.0615e-06,3.112e-05,6.9434e-05,2.8089e-05,0.00011911,5.4219e-05,2.8975e-05,8.0023e-05,3.4876e-05,8.4137e-05,4.8074e-05,2.8355e-05,2.4292e-05,4.8887e-05,2.5676e-05,5.0897e-05,3.8004e-05,7.697e-05,0.00012517,6.1355e-05,1.159e-05,5.9026e-05,8.0891e-05,8.1505e-05,7.7561e-06,-0.00032139,5.1433e-05,3.2499e-05,4.1909e-05,3.9187e-05,3.8296e-05,3.1988e-05,-1.3125e-05,3.4033e-05,1.6128e-05,3.4902e-05,6.8327e-05,1.3896e-05,1.4345e-05,2.6859e-05,5.3061e-05,1.408e-05
7.0709e-05,8.0605e-05,-1.9446e-05,4.2989e-05,1.3861e-05,2.7125e-05,3.8466e-07,1.0859e-05,9.5571e-06,-5.789e-06,6.3086e-05,0.00014367,8.9116e-06,1.0558e-05,2.1577e-05,1.9929e-05,2.6521e-05,1.2167e-05,4.012e-05,3.612e-05,-4.4977e-05,1.33e-05,5.1095e-05,2.5752e-05,4.1693e-05,1.1895e-05,-3.6497e-06,2.3686e-05,-2.7589e-05,2.7198e-06,0,1.595e-05,1.2892e-05,6.0076e-06,2.5394e-05,4.0032e-05,-2.7432e-05,1.0678e-05,2.9766e-05,9.2852e-07,1.9463e-05,1.2443e-05,1.4393e-05,1.5878e-05,1.8812e-05,-2.3047e-05,2.0382e-05,-4.8271e-06,1.8186e-05,4.5617e-05,1.6466e-05,6.398e-05,2.8859e-07,9.2834e-06,-3.0487e-06,8.6774e-06,4.5213e-05,-4.06e-05,9.0561e-06,2.3411e-05,2.7062e-05,-1.4716e-05,4.761e-06,-1.3374e-05,1.5468e-05,4.5851e-05,2.6946e-05,6.4004e-07,3.4953e-05,1.1448e-05,1.6667e-05,-1.389e-06,1.2362e-05,5.1122e-05,9.9543e-06,-2.2412e-05,1.4268e-05,1.3772e-05,-1.3948e-05,6.5823e-08,2.4764e-05,6.909e-05,4.5577e-05,1.6906e-05,7.6611e-06,7.137e-06,1.625e-05,-1.7785e-06,1.5118e-05,8.4641e-06,2.0551e-05,-2.3751e-07,5.5272e-06,5.1828e-06,-1.3248e-05,4.0922e-05,-6.9463e-07,2.354e-05,-6.042e-06,1.7085e-05,7.8064e-06,-1.2296e-06,1.0615e-05,-2.6617e-05,1.3471e-05,8.5262e-06,1.2996e-05,2.2798e-05,3.1192e-05,2.3834e-05,5.2677e-06,1.9196e-06,2.1695e-05,5.3839e-06,1.6124e-05,4.761e-06,1.9501e-05,4.69e-05,3.7823e-05,2.5483e-06,-7.7419e-07,0.00017014,6.5522e-05,3.7363e-05,3.8107e-05,1.7502e-05,1.5923e-05,2.198e-05,1.0227e-05,1.8145e-05,3.0472e-06,-3.6031e-05,3.1886e-05,-8.0221e-06,-2.4587e-06,1.5665e-05,1.1412e-05,7.874e-06,-3.9056e-07,1.8432e-05,1.6971e-05,1.8873e-05,1.8605e-05,3.0045e-05,2.1196e-05,2.5715e-05,-1.6426e-05,2.2801e-05,3.1709e-06,5.1498e-07,2.7672e-05,2.8899e-05,2.8594e-05,4.6168e-05,3.1869e-05,8.8302e-06,5.4757e-05,-4.3794e-06,1.7598e-05,1.0924e-06,7.041e-05,3.3643e-05,-2.573e-06,4.8896e-06,-3.7267e-06,4.4234e-05,3.1055e-05,-3.0734e-07,1.316e-05,2.0551e-05,4.6295e-05,6.4232e-06,2.7723e-05,5.8732e-05,2.9599e-05,0.00012984,2.3233e-05,-1.0341e-05,-1.8409e-05,2.2114e-06,5.8659e-05,2.2268e-05,-3.4037e-06,9.5362e-05,1.2375e-05,1.0805e-05,6.3234e-06,-5.3255e-05,2.9594e-05,6.9343e-06,8.2636e-05,2.6793e-05,3.4509e-05,6.9327e-05,1.7083e-05,-4.8195e-06,1.232e-05,1.5898e-05,1.8621e-05,4.1969e-05
3.3201e-05,0.00023799,-0.00010898,-4.5669e-05,0.00017062,-4.6161e-05,-8.1431e-05,-5.1181e-05,-9.4948e-05,-0.00018441,0.00014367,0.0032361,7.6967e-05,-5.3731e-06,-0.00017909,1.6213e-06,7.7106e-05,-0.00028158,-2.8705e-07,2.8501e-05,-0.00032993,-0.00013316,-4.0314e-05,-9.1876e-05,7.7689e-05,8.1845e-05,5.0901e-05,-0.00013494,-2.8097e-05,-8.5077e-05,0,-0.00010057,-0.00026304,1.6234e-06,-7.7768e-05,0.00016686,-0.00026907,5.8806e-05,-5.4598e-05,-0.00013671,3.1218e-05,-4.446e-05,3.27e-05,-0.00012429,-5.0711e-05,-4.6179e-05,0.00011671,2.5113e-06,9.3944e-05,0.00012967,-4.3599e-05,-0.00024797,-2.3472e-05,-4.5712e-05,-0.00016377,-0.00022272,-0.00011451,2.2938e-05,-8.1833e-06,2.517e-05,0.00013229,-0.00012777,-0.00024762,-0.0002447,-0.00010582,7.5324e-05,4.7962e-05,-6.5847e-05,-2.2912e-05,-0.00016949,-8.383e-05,-4.5087e-05,-6.0825e-06,-0.0001863,-6.6926e-05,-0.00014378,-6.4959e-05,-2.2189e-05,-0.00020644,-6.9096e-05,-0.00028393,0.00011259,-3.1938e-05,5.0018e-05,-0.00034804,-6.431e-05,-6.7224e-05,2.3188e-05,-1.5112e-05,-0.00010678,-0.00015602,-4.0137e-05,-9.1348e-05,7.1537e-05,-0.00029426,-0.00011711,-5.7038e-06,-5.2058e-05,-0.00015065,-0.00019026,4.7078e-05,0.00010741,-6.0288e-06,-3.3938e-05,7.3312e-05,-0.00018993,2.7602e-05,-7.4181e-05,-6.4571e-05,-3.7425e-05,-1.3651e-05,-0.00018199,0.00011231,-0.00034677,6.1983e-05,5.7919e-05,1.8552e-05,1.8412e-05,8.0299e-05,0.00011284,1.6549e-05,0.00018741,0.00015067,0.00012572,-0.00013305,1.4209e-05,-9.7923e-06,-4.2714e-05,-0.00010035,-1.9166e-05,-0.00026656,-0.00017161,-6.7354e-05,-9.2417e-05,-0.00012654,-9.4565e-05,8.0454e-05,-0.00019001,-6.4008e-05,-5.2757e-05,-9.9576e-06,-8.9327e-05,-4.5901e-05,0.00014175,-3.8855e-06,-6.7879e-05,-1.0523e-05,1.543e-05,-0.00030762,-7.4883e-06,0.00013258,3.6935e-05,-0.00012304,-8.714e-05,-0.00020394,-6.3898e-06,8.0411e-05,-4.8694e-05,-0.00011084,-6.0529e-05,0.00025313,7.0878e-06,-4.9081e-05,-4.4128e-05,-3.7181e-05,0.00010607,-0.00010203,-1.8792e-05,-3.7312e-05,5.5328e-05,-2.341e-05,-0.00010849,0.0001069,-5.7751e-05,-0.00011344,-5.4437e-05,-0.0001639,-0.00023693,-0.00018828,-6.6134e-05,-7.3166e-05,0.00011856,-0.00014681,-2.0728e-06,-3.3727e-05,-0.0001363,1.978e-06,-6.9338e-05,4.8177e-05,-8.7901e-05,1.8723e-05,-4.8172e-06,1.4535e-05,8.3938e-05,-0.00021873,-5.6452e-05,-7.5104e-05,-8.3651e-05,3.4584e-05,0.00025836
-6.2217e-06,6.2632e-05,-1.6425e-06,4.5894e-05,4.0829e-05,1.9934e-05,2.0789e-05,3.5997e-05,5.2785e-05,2.2036e-05,8.9116e-06,7.6967e-05,0.00012431,4.3755e-05,4.1647e-05,5.1896e-05,6.0284e-05,1.0321e-05,1.8558e-05,5.2339e-05,-3.3519e-05,2.8061e-05,-5.7849e-06,-2.4539e-05,4.7747e-05,5.9279e-05,5.059e-06,5.201e-05,3.6026e-05,-3.273e-08,0,4.8344e-05,2.4463e-05,2.7498e-05,3.0876e-05,8.4583e-05,-4.3288e-05,3.969e-05,-7.638e-06,3.7792e-05,4.2927e-05,6.6288e-05,6.3054e-05,6.2965e-05,4.4085e-05,3.0418e-05,6.1739e-05,2.9397e-06,-1.4322e-05,4.2185e-05,3.8779e-05,1.6206e-06,3.7142e-05,5.0058e-05,-2.4862e-05,1.8094e-05,0.00011663,-0.00012265,5.3884e-05,5.4688e-06,5.5839e-05,3.3026e-05,5.0067e-05,5.6576e-05,7.3588e-05,-7.3272e-06,6.6557e-05,1.1594e-05,3.9984e-05,3.8845e-05,5.0549e-05,0.00011403,6.7686e-05,2.5977e-05,4.9938e-05,2.0955e-05,3.9962e-05,4.3357e-05,7.8943e-06,3.9842e-05,1.531e-05,6.4484e-05,2.1381e-05,8.7431e-06,2.5437e-05,5.8578e-05,3.8136e-05,8.2888e-05,3.581e-05,5.9001e-05,0.00011947,7.5318e-05,5.6389e-05,9.7415e-06,-5.7611e-05,-4.127e-06,-2.7856e-06,3.4477e-05,2.2737e-06,3.364e-05,5.3821e-05,-3.6407e-05,3.0946e-07,2.6822e-06,-1.911e-06,3.9003e-05,5.0899e-05,3.4628e-05,2.3147e-05,6.2687e-05,6.8004e-06,2.5272e-05,-1.7852e-05,1.2495e-05,6.5815e-05,7.5234e-05,2.6974e-05,5.6759e-05,1.4252e-05,3.9579e-05,3.632e-05,-2.1578e-05,2.9602e-05,3.0974e-05,-3.8094e-06,-3.3674e-06,5.6605e-05,3.0059e-05,-5.0121e-05,2.4908e-05,1.6902e-05,2.7885e-05,5.2095e-05,3.9476e-05,3.199e-05,1.9969e-05,4.7381e-05,2.2582e-05,2.3017e-05,-7.6618e-05,5.0694e-05,-4.6122e-05,4.0672e-05,4.5748e-05,1.0464e-05,6.5726e-05,1.4331e-06,4.3713e-05,1.7918e-06,2.5256e-05,6.127e-05,7.0896e-05,7.1302e-05,8.482e-05,5.8263e-05,3.9211e-05,-2.9518e-05,2.3247e-05,4.1881e-05,3.9087e-05,2.8998e-05,2.7916e-05,9.5633e-05,6.8286e-05,4.9541e-05,4.5811e-05,2.7427e-05,-2.463e-05,1.8269e-05,3.3486e-05,2.8069e-05,5.6902e-06,7.2543e-05,4.9409e-05,-1.3686e-05,0.00032341,6.6806e-06,1.5527e-05,4.3064e-05,4.7023e-05,3.7901e-05,8.556e-05,1.9495e-06,-0.00024463,4.5223e-05,3.4251e-05,3.1444e-05,6.3907e-06,7.1676e-05,1.8107e-05,1.1568e-05,2.8597e-05,1.7442e-05,5.947e-05,4.4034e-05,2.6675e-05,2.6078e-06,4.9933e-05,4.399e-05,5.6556e-05
-1.451e-05,8.1851e-05,2.2222e-05,3.7274e-05,1.0458e-05,2.1568e-05,-5.7106e-06,3.028e-05,3.1421e-05,2.8195e-05,1.0558e-05,-5.3731e-06,4.3755e-05,7.4043e-05,2.0931e-05,2.233e-05,4.9067e-05,4.9055e-05,4.4532e-05,2.5261e-05,-1.4994e-05,4.2934e-05,3.0923e-05,-1.0063e-05,-8.4733e-06,3.2887e-05,1.4043e-06,0.00011681,-1.268e-06,-1.0121e-06,0,4.7002e-05,2.3253e-05,1.3752e-05,2.1645e-05,1.7011e-05,-2.9493e-05,2.7046e-05,3.365e-05,4.8953e-05,4.0353e-05,2.3059e-05,8.1828e-06,4.0181e-05,3.6154e-05,2.3131e-05,7.5307e-05,2.041e-05,5.5505e-06,2.6218e-05,4.8388e-05,3.2996e-05,2.6551e-05,3.6448e-05,3.7796e-05,3.6882e-05,-1.4993e-05,-7.4598e-05,2.4326e-05,1.5492e-05,3.813e-05,6.7485e-06,1.8585e-05,3.9735e-05,5.7645e-05,-1.2165e-05,5.1943e-05,1.674e-05,5.5711e-05,3.1855e-05,1.4931e-05,7.5972e-05,5.3073e-05,7.8655e-05,4.5239e-05,-9.9126e-07,2.2348e-05,-2.2474e-06,-6.3143e-06,3.2086e-05,3.6659e-05,4.0818e-05,3.9348e-05,8.0681e-06,4.3354e-05,2.0754e-05,2.5926e-05,5.2434e-05,1.3171e-05,5.739e-05,0.00010094,4.7749e-05,3.0204e-05,6.1735e-05,1.2754e-05,1.8846e-05,-2.2618e-06,6.0171e-05,7.589e-07,3.9616e-05,4.848e-05,-7.4089e-06,3.6959e-05,9.1932e-06,9.9592e-06,3.1425e-05,3.4629e-05,2.7317e-05,5.3026e-05,3.7018e-05,4.9002e-05,-2.6983e-06,-9.2343e-06,5.1766e-05,4.451e-05,7.8529e-05,-5.9856e-06,-1.373e-05,1.6064e-05,1.7788e-05,3.2783e-05,0.00014548,3.8617e-05,3.5422e-05,2.8676e-05,6.4084e-06,4.9029e-05,1.1323e-05,-1.5874e-05,2.275e-05,-8.2007e-06,-1.5579e-06,4.5557e-05,4.5183e-05,1.6813e-05,2.8215e-05,2.145e-05,7.8108e-05,1.6773e-05,2.4045e-06,3.4764e-05,-2.1996e-05,5.891e-05,1.4402e-05,3.8606e-05,6.1282e-05,-1.5649e-05,3.0073e-05,1.5376e-05,2.3691e-05,7.5257e-05,-8.759e-06,4.1384e-05,5.3261e-05,3.0985e-05,2.1185e-05,-1.6731e-05,2.9724e-05,-5.259e-06,2.8729e-05,5.1403e-05,4.7871e-05,4.469e-05,2.856e-05,4.4555e-05,6.8706e-05,2.3698e-05,-1.2909e-05,4.6545e-05,1.466e-05,6.7046e-05,2.5829e-05,2.8468e-05,5.6045e-05,1.0532e-05,0.00021037,3.4332e-05,1.8478e-05,9.9194e-06,5.7111e-05,-1.7318e-05,4.8204e-05,4.9302e-05,2.5688e-05,3.9941e-05,3.1145e-05,-1.969e-06,2.7019e-05,2.8088e-05,2.6011e-05,-1.6661e-05,2.1423e-05,2.8487e-05,3.2559e-05,3.9987e-05,4.0573e-05,1.6365e-05,4.6367e-05,2.9894e-05,4.7666e-05
6.6512e-05,6.5276e-05,-7.6393e-05,7.8718e-05,4.0929e-06,3.8563e-05,4.3007e-05,2.1278e-05,5.3444e-05,4.5452e-05,2.1577e-05,-0.00017909,4.1647e-05,2.0931e-05,0.00012867,2.8042e-05,7.1002e-05,9.9512e-05,1.4192e-05,4.8964e-05,-8.3205e-06,5.1783e-05,5.4761e-05,1.7823e-05,4.9655e-05,2.1501e-05,1.812e-05,6.3059e-06,-2.6533e-05,8.9702e-06,0,8.1961e-05,7.7114e-05,3.1528e-05,3.2037e-05,9.3438e-05,1.4924e-06,8.6549e-06,7.1909e-05,4.5054e-05,3.1528e-05,5.5817e-05,2.9439e-05,7.9261e-06,4.7933e-05,3.2775e-05,5.8486e-06,-1.4712e-07,-4.1653e-06,5.0951e-05,6.1867e-05,8.3181e-05,6.1709e-06,1.3962e-05,-2.9783e-05,3.9389e-06,0.00033418,-6.278e-05,5.1308e-05,7.9792e-05,2.5429e-05,2.1349e-05,4.6956e-05,3.6062e-05,7.246e-05,5.0541e-05,5.7185e-05,4.0905e-05,7.3325e-05,4.961e-05,6.0318e-05,3.7361e-05,2.0728e-05,-3.2202e-05,4.9945e-05,7.1331e-05,3.867e-05,5.1285e-05,2.7695e-05,3.6958e-05,7.0852e-05,9.1409e-05,5.7645e-05,1.4802e-05,7.8733e-05,1.9318e-05,5.3391e-05,3.5126e-05,5.5376e-05,3.3048e-05,6.7171e-05,7.9881e-05,2.3825e-05,9.4143e-06,5.8333e-05,3.0513e-05,-1.2487e-07,2.7676e-05,5.4875e-05,6.854e-05,4.424e-05,1.4583e-05,1.967e-05,-4.2045e-05,2.9896e-05,5.756e-05,4.0083e-05,4.1214e-05,6.7336e-05,3.9545e-05,2.0493e-05,-5.4271e-05,-1.3003e-05,2.8043e-05,5.3024e-05,6.5502e-05,3.9535e-05,7.6411e-05,4.3486e-05,-1.0853e-06,3.8301e-05,8.5236e-05,4.9085e-05,1.5545e-05,4.5655e-05,2.3955e-05,1.5715e-06,4.1938e-05,2.9594e-05,2.2476e-05,3.4384e-05,-1.3232e-06,3.1036e-05,4.7079e-05,7.4647e-06,8.197e-05,2.539e-05,0.00012224,2.8426e-05,-2.3013e-05,1.3689e-05,3.8401e-05,7.5313e-05,2.3057e-05,1.8273e-05,4.6016e-05,3.7449e-05,1.7552e-05,1.8879e-05,3.4603e-05,6.4634e-05,1.5194e-05,6.7531e-05,5.6762e-05,4.6363e-05,3.1277e-05,0.00011719,2.4832e-05,3.9932e-05,2.8676e-05,6.5525e-05,7.0419e-05,4.139e-05,5.5061e-05,3.076e-06,6.4379e-05,1.9326e-05,4.0601e-06,7.0392e-06,4.3599e-05,1.857e-05,2.8864e-05,2.2507e-05,5.1631e-05,2.1468e-05,0.00014462,0.00010053,7.3446e-06,1.3207e-05,5.2763e-05,9.8395e-05,8.5898e-05,6.2045e-05,-9.3048e-05,3.6724e-05,1.9221e-05,1.3934e-05,2.333e-05,4.7197e-05,2.8574e-05,3.9424e-05,4.6719e-05,4.481e-05,6.5178e-05,2.9725e-05,4.6061e-05,5.3385e-05,5.577e-05,4.2747e-05,4.8266e-05
1.6631e-05,3.6711e-05,6.4848e-06,3.5858e-05,1.8918e-05,2.2053e-05,1.3019e-05,4.5413e-05,2.1565e-05,2.0502e-05,1.9929e-05,1.6213e-06,5.1896e-05,2.233e-05,2.8042e-05,4.2001e-05,2.9049e-05,1.747e-05,2.669e-05,3.5861e-05,-5.2321e-05,8.8929e-06,2.3302e-05,6.7659e-06,4.4219e-05,1.9384e-05,2.2132e-05,1.8274e-05,-1.7961e-05,1.7164e-05,0,1.7654e-05,1.5384e-05,1.8339e-05,1.9173e-05,6.553e-05,-1.294e-05,1.9525e-05,1.4588e-05,1.4958e-05,2.5369e-05,3.9802e-05,3.1646e-05,2.7843e-05,2.3756e-05,-1.8285e-06,4.0657e-05,1.0006e-06,5.7623e-06,3.7663e-05,2.7638e-05,3.2181e-05,-5.3489e-07,1.8056e-05,-2.1193e-05,-5.1278e-07,5.5211e-05,-7.0515e-05,2.6264e-05,3.4421e-05,2.1449e-05,1.6645e-06,3.1932e-05,2.8537e-05,3.5838e-05,1.9073e-05,1.4294e-05,-3.9017e-06,2.2342e-05,2.6232e-05,2.0658e-05,6.9006e-05,2.612e-05,2.7895e-05,3.2902e-05,-8.6573e-06,2.6834e-05,1.9811e-05,3.9102e-06,1.2964e-05,2.6698e-05,6.8535e-05,1.2824e-05,8.6659e-06,1.5865e-05,1.9777e-05,1.8348e-05,3.7577e-05,2.3341e-05,3.3855e-05,5.3388e-05,8.1324e-06,2.7109e-05,1.8963e-05,-3.7766e-05,1.2288e-05,-3.558e-06,1.1772e-05,2.9423e-06,1.8991e-05,2.515e-05,-1.714e-05,-1.4567e-06,-2.421e-05,-5.4783e-06,-2.2845e-06,2.7243e-05,1.9459e-05,1.3708e-05,2.929e-05,-7.777e-06,-1.3735e-05,-1.3551e-06,7.78e-06,3.2688e-05,2.7719e-05,-4.8482e-06,5.4839e-05,1.4446e-05,1.6896e-05,1.0476e-05,4.4324e-05,3.0631e-05,1.5572e-05,1.6522e-05,1.0276e-05,3.1811e-05,2.5376e-05,-1.3536e-05,1.3764e-05,1.2198e-05,-2.702e-06,2.2259e-05,1.7053e-05,1.4234e-05,1.6247e-05,2.0337e-05,6.3552e-06,7.2351e-06,-4.0602e-05,3.8387e-05,-1.5674e-05,2.7995e-05,2.0861e-05,4.8119e-06,4.3896e-05,2.2492e-06,2.6931e-05,9.4536e-06,8.1895e-06,4.087e-05,4.3275e-05,5.9671e-05,5.5673e-05,3.3207e-05,1.4335e-05,6.4652e-05,7.1129e-06,4.2888e-05,1.6963e-05,5.0167e-05,5.3868e-05,4.1675e-05,2.3997e-05,2.4404e-05,5.0437e-05,1.5063e-05,2.0686e-05,1.1858e-05,2.8517e-05,2.9126e-05,7.4578e-06,3.9183e-05,4.5207e-05,2.2748e-05,0.00019489,4.5606e-05,8.744e-06,1.9841e-05,2.0396e-05,6.6805e-05,5.264e-05,-8.9961e-06,-0.00012108,2.6992e-05,1.9782e-05,2.1977e-05,-1.0782e-05,4.3654e-05,1.4639e-05,3.0643e-05,1.9735e-05,-4.003e-06,5.0182e-05,2.9688e-05,7.7928e-06,-1.4635e-05,2.2687e-05,2.6034e-05,2.4283e-05
5.356e-05,0.00012521,2.8445e-05,6.2303e-05,2.8775e-05,0.00010574,4.5083e-05,3.1291e-05,8.9971e-05,6.2068e-05,2.6521e-05,7.7106e-05,6.0284e-05,4.9067e-05,7.1002e-05,2.9049e-05,0.00021654,4.6268e-05,3.713e-05,0.00010444,4.2747e-05,6.7154e-05,3.2859e-05,2.4806e-06,8.8076e-05,5.1613e-05,-2.5636e-06,3.8326e-05,-2.8579e-05,-2.0991e-05,0,0.00011002,0.00011074,4.0692e-05,3.8062e-05,7.2374e-05,-6.1322e-05,1.2331e-05,0.00012884,7.3265e-05,6.9266e-05,6.4861e-05,9.6731e-06,5.7469e-05,9.2584e-05,3.6458e-05,0.00010071,1.4993e-05,1.9449e-05,6.1075e-05,8.5473e-05,5.8716e-05,-1.4801e-06,3.4915e-05,5.0753e-05,7.3505e-05,0.00034179,-3.9893e-05,4.8051e-05,6.4189e-05,9.9983e-05,-9.4737e-06,6.8714e-05,5.1619e-05,9.0363e-05,6.7618e-05,6.7677e-05,0.00011601,9.3292e-05,6.189e-05,5.2156e-05,0.00016345,6.1064e-05,4.5986e-05,8.0128e-05,3.7696e-05,3.5816e-05,3.6822e-05,2.1867e-05,4.1878e-05,8.1057e-05,0.00012457,9.0475e-05,2.03e-05,0.00010832,7.8383e-05,5.2401e-05,6.5377e-05,7.0701e-05,5.6313e-05,0.00011692,6.0642e-05,3.7842e-05,8.1402e-05,6.9657e-05,3.1442e-05,-2.5631e-06,5.4396e-05,4.1529e-05,7.3962e-05,5.0383e-06,2.7419e-05,5.4848e-05,3.2398e-05,4.8113e-05,0.00012243,9.3751e-05,4.8507e-05,9.9938e-05,4.3056e-05,0.00016424,-2.7359e-05,-5.0697e-05,7.6583e-05,5.9278e-05,0.00011549,-4.2758e-05,5.6141e-05,7.3843e-05,2.5417e-05,4.9621e-05,0.00010448,7.6283e-05,6.5014e-06,8.6914e-05,-1.4115e-05,2.4315e-05,2.0732e-05,1.348e-05,-1.6489e-06,-1.9638e-05,1.9215e-05,4.9763e-05,4.926e-05,-3.6186e-05,0.00013209,3.5109e-05,0.00015404,2.692e-05,-9.0024e-05,2.9923e-05,-5.7388e-06,6.4325e-05,8.1224e-05,4.7807e-05,2.7206e-05,9.2289e-06,5.7241e-05,1.8801e-05,4.3718e-05,0.00011331,1.6282e-05,0.00010259,6.8092e-05,7.018e-05,-3.1326e-06,0.00017751,2.0492e-05,2.4138e-05,3.1405e-05,0.00013469,0.00012561,2.2343e-05,9.7707e-05,-1.0697e-05,0.00012374,6.9403e-05,3.5386e-05,5.545e-05,5.1146e-05,0.00012407,5.9438e-05,5.0084e-05,5.8809e-05,5.5642e-05,0.00015767,0.00014148,-2.8943e-05,2.8117e-05,9.2208e-05,9.4318e-05,0.00014111,5.7902e-05,-0.00054555,3.6732e-05,4.2634e-05,1.0546e-05,-1.5583e-05,7.0264e-05,5.6891e-05,3.3643e-05,3.8739e-05,1.7848e-05,6.4089e-05,0.0001329,3.5044e-05,3.9656e-05,3.2343e-05,6.2192e-05,6.7583e-05
-1.8503e-05,4.5857e-05,-7.7323e-05,6.4094e-05,-2.7097e-05,5.5983e-05,6.239e-06,3.2474e-05,2.7744e-05,1.7198e-05,1.2167e-05,-0.00028158,1.0321e-05,4.9055e-05,9.9512e-05,1.747e-05,4.6268e-05,0.00022669,-1.1857e-05,2.528e-05,-4.6233e-05,7.3457e-05,5.6838e-05,3.3667e-06,-6.041e-06,-1.5749e-05,1.439e-05,0.00013113,-1.4745e-05,-5.3023e-06,0,0.00011472,3.3298e-05,7.8422e-06,2.7784e-05,-5.4537e-06,-7.2696e-05,5.9501e-06,9.6944e-05,2.3321e-05,2.744e-05,2.4034e-05,-3.0542e-05,-1.5178e-05,2.9543e-05,-3.9176e-05,4.0249e-05,8.1896e-06,-2.8792e-05,-3.3572e-06,5.2968e-05,6.506e-05,-6.713e-05,-2.0443e-06,-2.0159e-06,-2.0457e-05,0.00020268,-7.1452e-05,1.9668e-05,7.2258e-05,-4.6068e-06,-2.8827e-05,-1.515e-05,1.4795e-05,4.7255e-05,7.1457e-06,-1.3599e-06,1.212e-05,5.9269e-05,4.1947e-05,2.5978e-05,4.4335e-05,2.3309e-05,4.7666e-05,4.2824e-05,4.2995e-05,1.6413e-05,1.1028e-05,8.4461e-06,1.6476e-06,5.9634e-05,6.7481e-05,7.932e-05,8.5262e-06,6.1104e-05,-4.3806e-05,3.8037e-05,3.7984e-05,4.4589e-05,1.9085e-05,3.2642e-05,3.6887e-05,-6.2783e-06,-1.528e-05,0.00011424,4.7586e-05,-5.8714e-06,4.2415e-05,3.2664e-05,7.2999e-05,9.4982e-05,3.6515e-05,3.9455e-05,-7.5947e-05,7.8358e-06,-4.8528e-05,3.8344e-05,4.2615e-05,0.00011078,1.6484e-06,-6.0536e-07,-0.00011166,-6.8053e-06,5.7954e-05,2.443e-05,3.0146e-05,1.648e-05,1.0367e-05,7.2928e-05,-9.9675e-06,3.1878e-05,0.00013648,2.5259e-05,1.8254e-06,4.6269e-05,3.1418e-05,-1.2588e-05,2.7619e-05,4.1831e-06,3.6315e-05,1.6962e-05,3.2938e-05,-1.0388e-05,4.0136e-05,-3.2438e-05,7.0003e-05,-6.6192e-06,0.0001622,-3.6928e-07,1.2822e-05,1.428e-05,2.2131e-05,0.0001369,-1.206e-05,1.09e-05,5.8895e-05,1.575e-05,2.7362e-05,8.5604e-06,2.9892e-05,4.6885e-05,-9.3429e-05,2.5394e-05,4.5625e-05,7.4263e-05,8.2552e-06,0.00010662,2.9016e-05,2.8073e-05,5.1858e-06,5.5076e-05,9.464e-05,-1.1364e-05,1.7236e-05,2.1537e-05,6.9657e-05,7.4492e-06,-6.7577e-05,4.3218e-05,1.5007e-05,4.1628e-05,2.0851e-05,-7.3286e-06,3.009e-05,-2.1718e-06,0.00011952,0.00010581,1.8215e-05,-1.3989e-05,9.2057e-05,6.0847e-05,2.7865e-05,0.00015513,-0.00010867,3.4823e-05,-3.2582e-06,-3.8536e-05,3.742e-05,4.9297e-06,2.1391e-05,-5.0794e-05,1.7567e-05,3.4913e-05,2.2685e-05,3.2834e-05,4.6068e-05,2.8733e-05,8.1757e-05,9.4943e-06,4.3145e-05
