0.00028986,7.964e-05,0.00016146,2.7077e-05,0.00010655,3.4198e-06,6.0061e-05,-2.8629e-05,-2.5956e-05,8.4932e-07,-2.5433e-05,3.2531e-05,-8.3072e-05,0.00011794,-8.1668e-05,8.6032e-05,0.00018347,0.00013835,0.00021377,5.4235e-05,0.00010601,0.00010618,8.1708e-05,0.00016648,2.3357e-05,7.9966e-05,-2.6202e-05,5.0022e-05,0.0001622,3.0197e-05,0.00017482,9.2264e-05,0.00018813,1.8227e-05,-4.0581e-05,4.701e-05,0.00014227,7.8775e-05,-4.5552e-05,0.00016233,5.3692e-05,0.00013578,0.00018799,-3.9564e-05,9.032e-05,2.9801e-05,5.4031e-05,0.00018195,1.7931e-06,5.2783e-05,0.00010946,3.5747e-05,0.00041162,9.0111e-05,0.00011688,6.5774e-05,0.00020626,-0.00013034,2.6669e-05,0.00010358,-2.9355e-05,0.00026042,9.7736e-05,1.4873e-05,7.5091e-05,7.3337e-05,7.2205e-06,0.00010471,6.2016e-05,5.5814e-05,5.569e-05,0.00012533,2.5844e-05,1.5485e-05,3.6917e-06,4.4856e-05,-6.0495e-05,4.1817e-05,7.1853e-05,5.1347e-05,-7.4552e-05,4.8785e-05,0.00013182,0.00016146,7.8999e-05
7.964e-05,0.00014458,0.0001094,0.00021845,5.3199e-05,0.00018106,2.4357e-05,9.5402e-05,0.0001532,0.00013515,0.00010678,0.00013019,0.00023742,5.7653e-05,9.4091e-05,5.7612e-05,8.714e-05,6.3221e-05,0.00016098,5.8896e-05,9.1626e-05,7.8323e-05,7.4751e-05,0.00013901,0.00014086,6.0652e-05,3.6703e-05,9.9377e-05,8.7981e-05,6.0664e-05,6.3092e-05,9.5003e-05,0.00017532,2.8565e-05,2.3236e-05,0.00010322,0.00011017,0.00014834,0.0002999,8.8021e-05,9.7404e-05,0.00015596,0.00010157,0.00013107,0.00010967,6.8657e-05,6.2013e-05,4.7261e-05,0.00015964,5.1681e-05,0.00012173,0.00012709,-1.1555e-05,-1.8535e-05,-2.2999e-05,8.0933e-05,2.2272e-05,0.00028983,0.00011124,4.6753e-05,9.8065e-05,8.7728e-05,3.6552e-05,0.00010685,7.0613e-05,6.6559e-05,-2.0768e-05,0.00012123,9.5304e-05,8.1681e-05,-5.0817e-05,4.9393e-05,4.0447e-05,8.9478e-05,9.0502e-05,0.00019274,0.0002043,8.2682e-05,6.4268e-05,5.7876e-05,0.00025564,2.6146e-05,7.1831e-05,0.00012092,2.3571e-05
0.00016146,0.0001094,0.00028026,0.00017781,0.00015663,7.5756e-05,5.1351e-05,-6.2601e-06,0.00013251,-6.5283e-05,3.0372e-05,0.00010455,2.9539e-05,0.00016121,-5.488e-05,0.00019098,0.00020408,0.00011073,0.00030727,8.0216e-05,0.00014451,0.00018832,0.00011966,0.00024191,2.0735e-05,7.9188e-05,-7.464e-08,6.7459e-05,0.00015256,9.6343e-05,0.00026356,0.00014823,0.00024608,6.8505e-05,-9.5911e-05,0.00010822,0.00017163,0.0001653,0.00015132,0.00017184,8.7291e-05,0.00014909,0.00027651,4.1499e-05,0.00014184,4.997e-05,4.8465e-05,0.00015207,9.515e-05,0.00019145,0.00017035,1.6902e-05,0.0004945,0.00013502,0.00016339,4.7202e-05,0.00022321,-2.804e-06,8.5823e-05,0.00018817,-2.0711e-05,0.00024566,0.00012293,7.7367e-05,0.00014771,0.00012952,6.9646e-05,0.00016341,0.00014432,8.7315e-05,0.00010484,0.00017108,4.0978e-05,9.573e-05,3.3689e-05,5.1278e-05,5.5226e-05,3.0302e-05,6.9464e-05,0.00010544,5.9476e-05,0.00011883,0.00015197,0.00020664,0.00011698
2.7077e-05,0.00021845,0.00017781,0.0010226,0.00012437,0.00068576,7.7764e-05,0.0005328,0.00067977,0.00057309,0.00036378,0.00039986,0.00096391,4.1938e-05,0.00045588,0.00011169,0.00015258,0.00023102,0.00036214,0.00014099,0.00020567,4.4938e-05,9.2814e-05,0.00032191,0.000445,7.8217e-05,0.00020467,0.00025967,5.0288e-05,0.0002398,0.00021724,0.00020994,0.00017023,0.00020549,0.000324,0.00033189,0.00020806,0.0004039,0.0011184,-3.3454e-05,0.00025414,0.00038382,0.00028881,0.00046877,0.00028941,0.00017123,0.00019431,-0.00010687,0.00055347,0.00016166,0.0002032,0.0005283,-0.0003958,-0.00014913,-0.00019937,0.00012848,-0.00015352,0.0012218,0.00047754,-2.1063e-05,0.00037054,0.00010047,2.3753e-06,0.00030853,0.00011144,0.0001062,0.00017681,8.907e-05,0.00025389,0.00029113,-7.574e-05,-5.0721e-05,0.00016087,0.00026838,0.0002797,0.00061458,0.00077715,0.00012992,0.0001133,0.0001557,0.0010253,3.5287e-05,0.00018127,9.8815e-05,6.3741e-05
0.00010655,5.3199e-05,0.00015663,0.00012437,0.00012142,1.3041e-05,3.7092e-05,-1.0786e-05,8.1583e-05,-4.7466e-05,1.1289e-05,3.9391e-05,-1.0799e-05,0.0001038,-4.6634e-05,0.00011521,0.00017183,7.8372e-05,0.00020803,6.2437e-05,0.00010407,9.6401e-05,6.483e-05,0.00017492,-2.5798e-05,3.7245e-05,-9.8112e-06,4.1055e-05,0.00011341,8.9604e-05,0.00018722,0.0001149,0.00017323,6.3289e-05,-5.4651e-05,5.5143e-05,0.00011165,8.4288e-05,7.7607e-05,0.00012595,4.7532e-05,0.00011304,0.00019232,1.5002e-05,9.2083e-05,2.6173e-05,2.4186e-05,0.0001255,3.1407e-05,0.00012404,8.0579e-05,1.2332e-05,0.00030277,0.00010019,0.00012085,2.9691e-05,0.00016855,-2.7214e-05,4.1042e-05,0.000153,-5.3989e-06,0.00016135,9.1081e-05,3.671e-05,9.106e-05,0.00010633,6.2794e-05,7.8227e-05,7.8301e-05,5.5409e-05,8.5664e-05,9.5632e-05,2.4287e-05,5.8915e-05,1.8277e-05,1.9902e-05,1.8958e-05,3.8033e-05,3.973e-05,7.5749e-05,2.1764e-05,7.989e-05,0.00012039,0.00011388,0.00010038
3.4198e-06,0.00018106,7.5756e-05,0.00068576,1.3041e-05,0.00089585,0.00013231,0.0005823,0.0006565,0.00069892,0.00035191,0.0003973,0.00097391,-2.9756e-05,0.00057087,8.0836e-05,-0.00015385,0.00018053,0.00015318,3.882e-05,8.7734e-05,-1.8958e-05,8.3232e-05,0.00031057,0.00051741,3.9422e-05,0.00029167,0.00028688,1.75e-05,0.00020986,-9.0441e-05,0.00012618,-7.4485e-06,0.00012824,0.00040075,0.00039948,0.00014399,0.00032953,0.0010337,-0.00013699,0.00031931,0.00045222,5.6477e-05,0.00053216,0.00026239,0.000164,0.00024852,-0.00018845,0.00055814,6.588e-05,9.9365e-05,0.00055941,-0.00075995,-0.00030669,-0.00037165,0.00019432,-0.00034159,0.0012379,0.00043923,-0.00036469,0.0004109,-7.741e-05,-1.388e-05,0.00027856,-3.3283e-06,4.1823e-05,9.5583e-05,0.00012849,0.00026862,0.00022497,-0.00014141,-0.00013793,0.00017077,0.00022689,0.00034475,0.00069099,0.00087888,8.3621e-05,7.6359e-05,0.00012674,0.00097696,7.9857e-06,-6.9809e-05,9.9992e-05,-9.616e-05
6.0061e-05,2.4357e-05,5.1351e-05,7.7764e-05,3.7092e-05,0.00013231,8.6068e-05,0.00011212,0.00011684,9.0595e-05,6.1723e-05,4.0817e-05,9.985e-05,4.5602e-05,1.6103e-05,5.817e-05,2.8056e-05,4.385e-05,9.1152e-05,3.1785e-05,3.927e-05,4.1872e-05,5.4288e-05,0.00016076,7.2901e-05,2.7116e-05,6.616e-05,5.2348e-05,6.408e-05,8.1308e-05,3.7566e-05,4.9171e-05,7.4103e-05,2.6616e-05,4.2941e-05,9.1697e-05,4.8274e-05,8.5277e-05,0.0001464,4.7832e-05,7.5711e-05,0.00013503,6.0971e-05,7.9729e-05,8.5863e-05,4.1051e-05,3.8125e-05,4.2824e-05,9.9176e-05,8.32e-05,2.2243e-05,0.00010037,2.3581e-05,-3.1401e-05,-3.4388e-05,3.0494e-05,1.9564e-06,0.0001242,8.7869e-05,5.8815e-06,6.9126e-05,4.7118e-05,5.719e-05,5.0977e-05,3.1549e-05,3.5972e-05,4.2382e-05,6.8508e-05,9.0194e-05,4.5615e-05,1.0882e-05,1.1435e-05,1.2259e-05,5.2797e-05,5.69e-05,0.00010522,0.00012576,1.9353e-05,5.1496e-05,3.8893e-05,0.00010556,4.4915e-05,3.7645e-05,6.1149e-05,-1.9403e-05
-2.8629e-05,9.5402e-05,-6.2601e-06,0.0005328,-1.0786e-05,0.0005823,0.00011212,0.00063136,0.00055452,0.00058507,0.00024296,0.00023749,0.00077196,-5.8501e-05,0.00040955,4.1589e-05,-9.1215e-05,0.00016655,3.9532e-05,4.7951e-05,2.0539e-05,-6.721e-05,6.8347e-05,0.00025206,0.0004192,1.8746e-05,0.00023824,0.00011907,2.2067e-05,0.00015519,-6.123e-05,6.5699e-05,-9.5635e-05,6.5529e-05,0.0004022,0.00022896,2.1647e-05,0.00024118,0.00074152,-7.2255e-05,0.00015959,0.00029688,2.1354e-05,0.00045253,0.00023217,0.00012034,0.00018149,-0.00011975,0.00038055,3.9769e-05,4.874e-05,0.00042783,-0.00064542,-0.00025225,-0.00031296,0.00013408,-0.00034626,0.0010307,0.0004274,-0.00026901,0.00034379,-0.0001091,-2.8328e-05,0.00018912,-3.9479e-05,1.4263e-05,7.9904e-05,9.6194e-05,0.00019376,0.00015822,-0.00013738,-0.00013428,0.00013461,0.00019098,0.00027999,0.00052265,0.00066349,8.1512e-05,6.7764e-05,7.278e-05,0.0007697,-5.2216e-05,-4.2952e-05,5.5657e-05,-5.8287e-05
-2.5956e-05,0.0001532,0.00013251,0.00067977,8.1583e-05,0.0006565,0.00011684,0.00055452,0.00078688,0.00051988,0.0002534,0.00026314,0.00082298,3.2332e-05,0.00041219,0.00015056,3.162e-05,0.00015583,0.00020896,4.3474e-05,8.5314e-05,5.4032e-05,0.00010334,0.00032161,0.00035763,3.9511e-05,0.00022513,0.00020521,7.1175e-05,0.00025825,4.9326e-05,0.00017588,4.4227e-05,8.6175e-05,0.00033359,0.00028812,0.00012169,0.0002913,0.00088489,-6.3014e-05,0.00020307,0.00036939,0.00020388,0.00047506,0.00024933,0.00017204,0.00016421,-0.00012305,0.0004705,6.4844e-05,0.00013572,0.00043157,-0.00039752,-0.00020275,-0.00024797,0.00012956,-0.00023048,0.001081,0.00041095,-0.00022175,0.00034209,-1.1717e-05,7.6137e-05,0.00025006,5.7659e-05,9.4103e-05,0.00012944,0.00016917,0.00025868,0.0001895,-7.7993e-05,-2.6997e-05,0.00014337,0.00025648,0.00027969,0.000518,0.00071379,0.00010417,9.73e-05,0.00011959,0.0008616,4.6107e-05,4.1262e-05,9.7888e-05,-4.1471e-06
8.4932e-07,0.00013515,-6.5283e-05,0.00057309,-4.7466e-05,0.00069892,9.0595e-05,0.00058507,0.00051988,0.00076196,0.00032675,0.00028287,0.00086726,-0.00014032,0.00063233,-2.9894e-05,-0.00016484,0.00016514,1.9607e-06,3.0312e-05,6.9288e-07,-0.00012627,2.9555e-06,0.00018855,0.00049345,1.0625e-05,0.00025315,0.00019053,3.5992e-05,0.00010826,-0.00019824,2.5544e-05,-0.00014501,8.5847e-05,0.00049357,0.00029372,4.766e-05,0.00021371,0.00084122,-0.00015457,0.00021288,0.00032648,-1.9988e-05,0.00045602,0.00020526,0.00014751,0.00022665,-0.00018219,0.00043687,-9.7648e-05,7.0443e-06,0.00052857,-0.00088375,-0.00031561,-0.00039014,0.00017211,-0.00042542,0.0012073,0.0004144,-0.00035268,0.00038299,-0.00014804,-7.314e-05,0.00020823,-8.1918e-05,-6.0388e-06,5.5972e-05,2.4396e-05,0.00013007,0.00012725,-0.00022171,-0.0001981,0.00013899,0.00017778,0.00028215,0.00061909,0.00077052,0.00010122,3.3523e-05,4.4134e-05,0.00088219,-0.00010614,-0.00012945,1.8676e-05,-7.5589e-05
-2.5433e-05,0.00010678,3.0372e-05,0.00036378,1.1289e-05,0.00035191,6.1723e-05,0.00024296,0.0002534,0.00032675,0.00040505,0.00017053,0.00051112,-2.8851e-05,0.00042961,3.119e-05,-9.2015e-05,-3.4479e-05,0.00018086,8.2389e-05,3.3142e-05,-1.4795e-05,3.2783e-05,5.855e-05,0.00021684,1.1438e-07,0.00014879,7.621e-05,5.0169e-05,0.00011917,-3.3877e-05,4.8124e-05,1.5534e-05,7.6785e-05,0.00015617,0.00018819,8.3877e-05,0.00013129,0.00055502,-0.0001119,0.0001053,0.00021658,1.6274e-05,0.00025266,0.00011807,5.2012e-05,0.00011472,-8.7916e-05,0.00036776,0.00013881,1.1852e-05,0.00022793,-0.00040169,-4.5559e-05,-7.2291e-05,7.1058e-06,-0.00017405,0.00062896,0.00016079,3.426e-05,0.00020119,-7.3031e-05,-2.6377e-05,0.000159,3.4784e-05,3.4633e-05,5.1357e-05,1.1651e-05,9.6144e-05,0.00010172,-5.9658e-05,-0.00010796,4.735e-05,0.00013932,0.00013958,0.00025456,0.00049456,-7.0641e-05,-3.6969e-06,3.2193e-05,0.00048766,2.5363e-05,-7.583e-05,-3.2777e-05,-7.7933e-05
3.2531e-05,0.00013019,0.00010455,0.00039986,3.9391e-05,0.0003973,4.0817e-05,0.00023749,0.00026314,0.00028287,0.00017053,0.00027451,0.00045218,1.7356e-05,0.00023251,8.0962e-05,4.6121e-05,0.00011026,0.00017259,3.9723e-05,0.00011444,2.6864e-05,8.401e-05,0.00013926,0.00027164,5.1954e-05,0.00010076,0.00013991,4.3642e-05,0.00010062,9.689e-05,0.00010956,0.00011072,8.9174e-05,0.00012019,0.00020147,0.00014639,0.00021243,0.00050346,-3.1746e-06,0.00017336,0.00021492,0.00010118,0.0002435,0.00015342,8.9968e-05,0.00011831,-4.4143e-05,0.00025823,9.1872e-05,0.00013781,0.00026682,-0.00020771,-8.247e-05,-0.00011185,0.00011673,-7.5006e-05,0.00056316,0.00019583,-8.1418e-05,0.00016814,3.5841e-05,6.8347e-06,0.00013743,3.2912e-05,4.7095e-05,5.1881e-05,8.8581e-05,0.00013532,0.00014765,-5.7458e-05,-2.2014e-05,9.6577e-05,0.00012534,0.00015973,0.00036065,0.00039279,7.1886e-05,4.8486e-05,8.9677e-05,0.00044608,4.7025e-05,5.3062e-05,0.00011633,2.6067e-05
-8.3072e-05,0.00023742,2.9539e-05,0.00096391,-1.0799e-05,0.00097391,9.985e-05,0.00077196,0.00082298,0.00086726,0.00051112,0.00045218,0.001306,-8.3486e-05,0.00076861,5.1217e-05,-0.00016314,0.00015734,0.00017812,7.9355e-05,8.4152e-05,-8.0917e-05,7.5481e-05,0.00024727,0.00064517,3.1557e-05,0.0003272,0.00029314,-3.9022e-05,0.00023628,-8.3136e-05,0.00013347,-4.1048e-05,0.00014161,0.00052888,0.00041031,0.00012825,0.00038346,0.0013413,-0.00020715,0.00029906,0.00045357,4.0179e-05,0.00067871,0.00027539,0.00018799,0.00027806,-0.00028155,0.00071422,5.713e-05,0.00012443,0.00065385,-0.0010979,-0.00034619,-0.00043673,0.00018451,-0.00049054,0.0016714,0.00056819,-0.00030314,0.00053803,-0.00015062,-8.7357e-05,0.00035958,-2.1674e-06,2.0975e-05,8.1969e-05,0.00011485,0.00027893,0.00027747,-0.00023047,-0.00021657,0.00019953,0.00031898,0.00041023,0.00082047,0.0011056,8.9152e-05,8.3295e-05,0.00011445,0.0012966,-4.2067e-05,-9.0849e-05,4.215e-05,-0.00011729
0.00011794,5.7653e-05,0.00016121,4.1938e-05,0.0001038,-2.9756e-05,4.5602e-05,-5.8501e-05,3.2332e-05,-0.00014032,-2.8851e-05,1.7356e-05,-8.3486e-05,0.00018804,-0.00020893,0.00011108,0.00014442,6.8603e-05,0.00021095,7.6645e-05,0.0001095,0.00016186,0.00010875,0.00016623,-5.121e-05,7.9329e-05,-3.4898e-05,3.6273e-05,0.00012412,7.9743e-05,0.00020726,0.00013335,0.00021745,1.5028e-05,-0.0001451,2.2197e-05,9.143e-05,0.00010006,1.7639e-05,0.00014639,2.5485e-05,8.6559e-05,0.00017204,1.6959e-05,6.8996e-05,2.2896e-05,-5.7437e-06,0.00014861,8.161e-06,0.00016644,0.00010907,-2.6663e-05,0.00041446,9.3853e-05,0.00012081,1.1706e-05,0.00022029,-0.00017639,8.7341e-06,0.00016672,-2.3402e-05,0.00019322,0.00012394,4.574e-05,0.00013231,0.0001157,-9.6755e-06,0.00013925,0.00010661,6.7869e-05,7.7899e-05,0.00012298,8.5749e-06,1.1772e-05,1.6875e-05,-3.9241e-05,-7.0127e-05,4.7794e-05,0.00010519,8.722e-05,-5.368e-05,9.8581e-05,0.00015684,0.00012521,6.0859e-05
-8.1668e-05,9.4091e-05,-5.488e-05,0.00045588,-4.6634e-05,0.00057087,1.6103e-05,0.00040955,0.00041219,0.00063233,0.00042961,0.00023251,0.00076861,-0.00020893,0.00089448,2.2845e-06,-0.00025099,1.7489e-05,2.6518e-05,3.2295e-05,-6.591e-05,-0.00015431,-5.6087e-05,4.2543e-05,0.00033235,-5.7935e-05,0.0002203,0.00012216,-3.5252e-05,0.00010053,-0.00025111,-2.3622e-05,-0.00027612,8.8562e-05,0.0004471,0.000266,4.6473e-05,7.7429e-05,0.00069448,-0.00025987,0.00014379,0.00025658,-6.1363e-05,0.0003701,0.00010714,8.1705e-05,0.00022232,-0.00024146,0.00041896,-0.0001043,-0.00011389,0.00038093,-0.00089678,-0.00018559,-0.00024303,9.3689e-05,-0.00040689,0.0010957,0.00027257,-0.00023866,0.00029149,-0.00023987,-0.00012392,0.00014684,-0.00011015,-4.5956e-05,8.0734e-05,-9.0321e-05,1.6862e-05,4.7432e-05,-0.00014289,-0.00020094,0.00011905,0.00017614,0.00019816,0.00044832,0.00077321,-5.4954e-05,-0.00011284,6.0597e-07,0.00076707,-9.162e-05,-0.00029592,-7.4041e-05,-2.3651e-05
8.6032e-05,5.7612e-05,0.00019098,0.00011169,0.00011521,8.0836e-05,5.817e-05,4.1589e-05,0.00015056,-2.9894e-05,3.119e-05,8.0962e-05,5.1217e-05,0.00011108,2.2845e-06,0.00026601,0.0001341,6.9158e-05,0.00020776,1.0813e-05,8.0763e-05,7.8536e-05,7.7333e-05,0.00018869,3.9357e-05,3.5971e-05,2.0692e-05,5.4595e-05,0.00011819,0.0001016,0.00020288,0.00014976,0.00017452,5.2263e-05,-4.8776e-05,9.8623e-05,0.00015059,0.0001187,0.00013534,9.7355e-05,8.3488e-05,0.0001235,0.00020668,6.5525e-05,0.00012856,4.3292e-05,4.801e-05,9.1829e-05,0.0001057,0.00014015,0.00014246,3.943e-05,0.00030171,8.9654e-05,0.00010001,6.697e-05,0.00016864,5.4334e-05,6.4493e-05,0.00013943,5.7105e-06,0.00016192,8.8438e-05,6.4053e-05,0.00010525,0.00013096,4.8352e-05,0.00013218,0.0001157,5.9907e-05,7.7885e-05,9.2864e-05,4.1977e-05,0.00014138,3.4986e-05,6.7736e-05,5.3755e-05,2.1479e-05,5.6129e-05,8.6648e-05,4.2001e-05,0.00015529,0.00010309,0.00020951,0.00010229
0.00018347,8.714e-05,0.00020408,0.00015258,0.00017183,-0.00015385,2.8056e-05,-9.1215e-05,3.162e-05,-0.00016484,-9.2015e-05,4.6121e-05,-0.00016314,0.00014442,-0.00025099,0.0001341,0.00046227,0.00011474,0.00030304,5.8721e-05,0.00020297,0.00015878,0.00010404,0.00016622,-6.3739e-05,8.9366e-05,-9.4909e-05,3.6816e-05,0.00017596,0.00010608,0.00035861,0.00016769,0.00040092,5.0955e-05,-0.00015306,-4.0643e-06,0.00018817,0.00013077,-5.1475e-05,0.00026849,4.4988e-05,7.6433e-05,0.00032609,-9.1153e-05,0.00011009,4.8314e-05,-3.1686e-05,0.00023813,-5.4004e-05,0.00011403,0.00018918,-1.4823e-05,0.00066843,0.00016154,0.00018976,6.2963e-05,0.0003351,-0.00019566,-1.9902e-05,0.0002771,-7.173e-05,0.00030831,0.00015046,4.5857e-06,0.0001275,0.00012703,7.567e-05,0.00011846,4.6857e-05,7.4505e-05,8.878e-05,0.00020997,7.6652e-06,6.2717e-05,-3.3303e-05,4.803e-06,-0.00015632,0.00013038,8.7151e-05,7.9555e-05,-0.00010271,0.00012545,0.00032857,0.00019037,0.00020664
0.00013835,6.3221e-05,0.00011073,0.00023102,7.8372e-05,0.00018053,4.385e-05,0.00016655,0.00015583,0.00016514,-3.4479e-05,0.00011026,0.00015734,6.8603e-05,1.7489e-05,6.9158e-05,0.00011474,0.00022798,0.00010742,4.9291e-05,9.6438e-05,5.858e-05,4.6852e-05,0.00021599,0.00012686,6.6533e-05,3.4035e-05,8.0393e-05,0.00011391,5.9297e-05,0.00011762,9.8825e-05,8.5514e-05,6.1625e-05,0.00010419,8.996e-05,7.6673e-05,0.00014967,0.00020549,9.9885e-05,8.6658e-05,0.00012819,0.00016629,0.00012938,0.00013978,5.3999e-05,9.5498e-05,9.3491e-05,5.2191e-05,2.3418e-05,8.1887e-05,0.00016439,0.00011758,-4.6904e-05,-5.0339e-05,0.00012828,6.178e-05,0.00023496,0.00017845,-5.1951e-05,6.5421e-05,0.0001525,4.7981e-05,6.6837e-05,4.089e-05,9.3333e-05,4.4389e-05,7.8248e-05,8.4547e-05,8.4583e-05,-1.3293e-06,5.3119e-05,8.3295e-05,4.1075e-05,0.00010087,0.00019392,0.00012515,0.00011493,8.0903e-05,9.0564e-05,0.00022871,-1.3253e-06,0.00011594,0.00015344,0.00010902
0.00021377,0.00016098,0.00030727,0.00036214,0.00020803,0.00015318,9.1152e-05,3.9532e-05,0.00020896,1.9607e-06,0.00018086,0.00017259,0.00017812,0.00021095,2.6518e-05,0.00020776,0.00030304,0.00010742,0.00052625,0.000153,0.00022267,0.0001951,0.00016519,0.00025177,6.4262e-05,9.3226e-05,-1.4645e-06,0.00012843,0.00016255,0.00020293,0.00039512,0.00022249,0.00038293,0.0001361,-9.2081e-05,0.00018267,0.00027135,0.0002315,0.00035226,0.00018005,0.00013915,0.00028308,0.00033735,0.00013732,0.00016749,6.2521e-05,8.3316e-05,0.00017025,0.00019505,0.00032364,0.00022386,9.4479e-05,0.00040009,0.00015956,0.00018519,6.6557e-05,0.00025539,0.00015688,0.00012722,0.00031561,7.17e-05,0.00030691,0.00013908,0.00014487,0.00019655,0.00015398,9.9209e-05,0.00019708,0.00020315,0.00017328,9.9798e-05,0.00014517,4.4735e-05,0.00015357,9.0216e-05,0.00016836,0.00020802,3.2659e-05,0.00011416,0.00015317,0.00019763,0.0001729,0.00020185,0.00021932,0.00011576
5.4235e-05,5.8896e-05,8.0216e-05,0.00014099,6.2437e-05,3.882e-05,3.1785e-05,4.7951e-05,4.3474e-05,3.0312e-05,8.2389e-05,3.9723e-05,7.9355e-05,7.6645e-05,3.2295e-05,1.0813e-05,5.8721e-05,4.9291e-05,0.000153,0.00012402,6.3334e-05,8.2277e-05,6.525e-05,0.0001778,1.6021e-05,4.5616e-05,2.1302e-05,3.2346e-05,7.7874e-05,6.4755e-05,9.0536e-05,6.5761e-05,9.2311e-05,4.8302e-05,5.3311e-07,6.0644e-05,3.9374e-05,8.6467e-05,0.0001493,0.0001087,3.6321e-05,0.00011846,7.8099e-05,8.0702e-05,7.5012e-05,2.7134e-05,3.1698e-05,8.8232e-05,6.1142e-05,0.00012174,8.6115e-06,5.3098e-05,4.902e-05,3.2782e-05,4.2865e-05,2.2537e-06,5.4425e-05,8.8891e-05,9.3837e-05,0.00014232,5.5323e-05,6.1955e-05,4.7363e-05,5.6722e-05,6.7786e-05,5.7689e-05,2.0798e-05,4.8929e-05,6.7003e-05,5.0273e-05,2.5374e-05,3.7851e-05,4.6836e-06,1.9682e-05,4.3863e-05,5.6367e-05,0.00011672,4.0858e-05,4.4365e-05,5.5696e-05,0.00012484,6.482e-06,5.7698e-05,4.1042e-05,4.4687e-05
0.00010601,9.1626e-05,0.00014451,0.00020567,0.00010407,8.7734e-05,3.927e-05,2.0539e-05,8.5314e-05,6.9288e-07,3.3142e-05,0.00011444,8.4152e-05,0.0001095,-6.591e-05,8.0763e-05,0.00020297,9.6438e-05,0.00022267,6.3334e-05,0.00016372,0.00011201,9.2303e-05,0.00015297,5.5178e-05,7.3667e-05,-5.7168e-06,8.9182e-05,9.8327e-05,0.00010876,0.00019661,0.00012728,0.00025309,6.1251e-05,-5.0812e-05,7.8926e-05,0.00013681,0.00015117,0.00018665,0.0001193,9.1584e-05,0.00012303,0.00019468,4.7567e-05,9.8803e-05,4.8171e-05,3.4534e-05,0.00011402,8.4952e-05,0.00012815,0.00011162,8.1712e-05,0.00025318,5.608e-05,6.3483e-05,6.4651e-05,0.0001548,7.7537e-05,5.5311e-05,0.00014002,3.3635e-05,0.00017598,8.563e-05,6.1827e-05,8.9419e-05,9.1327e-05,3.7049e-05,0.00010483,9.0884e-05,9.9603e-05,3.2559e-05,8.4249e-05,5.0061e-05,6.223e-05,5.6992e-05,0.00010763,8.3183e-05,7.9428e-05,7.5526e-05,8.9954e-05,0.00012033,7.5672e-05,0.00015567,0.00011824,8.5635e-05
0.00010618,7.8323e-05,0.00018832,4.4938e-05,9.6401e-05,-1.8958e-05,4.1872e-05,-6.721e-05,5.4032e-05,-0.00012627,-1.4795e-05,2.6864e-05,-8.0917e-05,0.00016186,-0.00015431,7.8536e-05,0.00015878,5.858e-05,0.0001951,8.2277e-05,0.00011201,0.00022417,0.00011243,0.0001895,-5.0455e-05,9.8624e-05,-1.544e-05,3.2691e-05,0.00014315,7.27e-05,0.00014527,9.5314e-05,0.0002173,-9.6316e-06,-0.00013432,3.1881e-05,7.8434e-05,0.00012112,1.9272e-05,0.00015997,3.2605e-05,7.5024e-05,0.00019478,-7.3223e-06,8.2395e-05,4.406e-05,-1.0701e-05,0.000149,3.2967e-05,0.00012767,8.2581e-05,-1.7619e-05,0.00051321,7.9921e-05,0.0001074,3.6244e-06,0.00019932,-0.00013763,9.1855e-06,0.00014071,-4.7445e-05,0.00018004,0.00013768,4.0187e-05,0.00012417,8.9351e-05,1.0709e-05,0.0001381,8.3002e-05,3.9287e-05,6.4722e-05,0.00017565,4.0771e-06,-1.3039e-06,2.7746e-06,-4.6781e-05,-3.2731e-05,4.7233e-05,8.2971e-05,6.5861e-05,-1.187e-05,6.9324e-05,0.0001512,0.00011026,7.611e-05
8.1708e-05,7.4751e-05,0.00011966,9.2814e-05,6.483e-05,8.3232e-05,5.4288e-05,6.8347e-05,0.00010334,2.9555e-06,3.2783e-05,8.401e-05,7.5481e-05,0.00010875,-5.6087e-05,7.7333e-05,0.00010404,4.6852e-05,0.00016519,6.525e-05,9.2303e-05,0.00011243,0.0001279,0.00017714,6.1012e-05,6.9801e-05,2.4023e-05,4.9226e-05,0.00010737,8.9493e-05,0.00015637,0.00011427,0.00015596,9.2339e-06,-3.8729e-05,7.7376e-05,9.2482e-05,0.00011117,0.00012044,0.00012104,6.3652e-05,0.00013377,0.00011229,8.8459e-05,8.5291e-05,6.1083e-05,2.2625e-05,9.3002e-05,7.4978e-05,0.00011376,8.7879e-05,6.4646e-05,0.00016879,3.0925e-05,3.7326e-05,2.9345e-05,7.6984e-05,6.0476e-05,6.5733e-05,8.1421e-05,4.7638e-05,9.4429e-05,0.00010768,5.2163e-05,7.3452e-05,6.7597e-05,3.7396e-06,0.00012709,0.00011009,7.6675e-05,2.7074e-05,7.3941e-05,2.8965e-05,4.8929e-05,5.8553e-05,9.4752e-05,9.3533e-05,5.9975e-05,7.3714e-05,6.4934e-05,7.5325e-05,7.0919e-05,9.2721e-05,0.00010134,3.1271e-05
0.00016648,0.00013901,0.00024191,0.00032191,0.00017492,0.00031057,0.00016076,0.00025206,0.00032161,0.00018855,5.855e-05,0.00013926,0.00024727,0.00016623,4.2543e-05,0.00018869,0.00016622,0.00021599,0.00025177,0.0001778,0.00015297,0.0001895,0.00017714,0.00071383,0.00015087,0.00012079,0.00016303,0.00018011,0.00029085,0.00021469,0.00018299,0.00025058,0.00026526,9.6593e-05,0.00011352,0.00025634,0.00014645,0.00026828,0.00042413,0.00034586,0.00023463,0.00040086,0.00025402,0.00021988,0.00030239,0.00015795,0.0001066,0.00023866,0.00022545,0.00015253,5.349e-05,0.00027427,0.00016871,-3.4414e-05,-2.0281e-05,0.00011158,0.00012109,0.00033994,0.00030231,0.00013962,0.0001711,0.00016688,0.00021961,0.00014611,0.00013983,0.00021305,0.0001039,0.00017934,0.00023592,0.00012235,9.6001e-05,0.00014494,5.6071e-05,0.00014848,0.00014324,0.00030148,0.00032909,0.00019959,0.00013259,0.00014929,0.00036338,0.00010046,0.00020514,0.00024878,0.00013055
2.3357e-05,0.00014086,2.0735e-05,0.000445,-2.5798e-05,0.00051741,7.2901e-05,0.0004192,0.00035763,0.00049345,0.00021684,0.00027164,0.00064517,-5.121e-05,0.00033235,3.9357e-05,-6.3739e-05,0.00012686,6.4262e-05,1.6021e-05,5.5178e-05,-5.0455e-05,6.1012e-05,0.00015087,0.00043124,5.0195e-05,0.00016635,0.00017231,2.4388e-05,7.4117e-05,-2.064e-05,6.1413e-05,2.1563e-05,6.3612e-05,0.00029214,0.00024235,9.0574e-05,0.00023254,0.00065917,-5.3836e-05,0.00020059,0.00022279,2.1164e-05,0.00033561,0.00016344,0.00012564,0.00015964,-0.00011286,0.00035428,-3.7091e-06,0.00012395,0.00037468,-0.000541,-0.00020127,-0.00025601,0.00014455,-0.00025657,0.00084739,0.00032558,-0.00016781,0.00027318,-3.3401e-05,-3.7523e-05,0.00018243,-1.1029e-05,4.4804e-06,1.1702e-05,0.00010307,0.00015809,0.00014001,-0.00016618,-0.00010646,0.00010692,0.00017635,0.00021221,0.00049487,0.00052873,9.3377e-05,8.1686e-05,5.3393e-05,0.00061839,-2.1798e-05,-3.2319e-05,0.00010492,-6.7697e-05
7.9966e-05,6.0652e-05,7.9188e-05,7.8217e-05,3.7245e-05,3.9422e-05,2.7116e-05,1.8746e-05,3.9511e-05,1.0625e-05,1.1438e-07,5.1954e-05,3.1557e-05,7.9329e-05,-5.7935e-05,3.5971e-05,8.9366e-05,6.6533e-05,9.3226e-05,4.5616e-05,7.3667e-05,9.8624e-05,6.9801e-05,0.00012079,5.0195e-05,7.7384e-05,1.677e-06,4.9474e-05,9.906e-05,3.9448e-05,8.6804e-05,7.0175e-05,0.00013087,-8.0519e-06,-1.4354e-05,4.2515e-05,5.3148e-05,9.3791e-05,7.7157e-05,9.2886e-05,4.9386e-05,5.3078e-05,0.00010281,3.1967e-05,5.7246e-05,4.8032e-05,1.7495e-05,7.9604e-05,5.6514e-05,2.9695e-05,5.7669e-05,5.969e-05,0.00018123,8.6751e-06,1.3369e-05,3.2984e-05,8.1896e-05,3.157e-05,4.8113e-05,7.1046e-05,1.4562e-05,0.00010435,7.4485e-05,3.8225e-05,5.7917e-05,5.1447e-05,-1.9559e-05,7.8843e-05,4.6517e-05,3.9752e-05,-4.8075e-06,7.2678e-05,2.1911e-05,1.6436e-05,2.4968e-05,5.6839e-05,2.7809e-05,6.4896e-05,7.294e-05,3.6825e-05,6.7231e-05,2.6739e-05,9.162e-05,7.5806e-05,4.6079e-05
-2.6202e-05,3.6703e-05,-7.464e-08,0.00020467,-9.8112e-06,0.00029167,6.616e-05,0.00023824,0.00022513,0.00025315,0.00014879,0.00010076,0.0003272,-3.4898e-05,0.0002203,2.0692e-05,-9.4909e-05,3.4035e-05,-1.4645e-06,2.1302e-05,-5.7168e-06,-1.544e-05,2.4023e-05,0.00016303,0.00016635,1.677e-06,0.00014689,6.4653e-05,2.3266e-05,7.1736e-05,-7.452e-05,2.8635e-05,-5.614e-05,2.8413e-05,0.00016032,0.00013219,1.2648e-05,9.3481e-05,0.00033373,-4.09e-05,9.2158e-05,0.00016061,-1.6586e-05,0.00017618,0.00010526,6.22e-05,7.1502e-05,-6.2613e-05,0.00020648,1.1859e-05,-2.7318e-05,0.00020362,-0.00027608,-0.00012147,-0.0001452,2.8946e-05,-0.0001591,0.00042884,0.0001553,-0.0001281,0.00014493,-8.0847e-05,2.4101e-06,8.6061e-05,-1.3456e-05,1.1055e-05,5.4658e-05,5.3408e-06,8.1028e-05,5.9149e-05,-2.9024e-05,-5.9131e-05,4.023e-05,7.2822e-05,0.00010438,0.00021024,0.00031329,7.632e-06,5.4467e-06,1.8111e-05,0.0003313,-1.7827e-06,-2.8574e-05,-3.0101e-06,-5.6041e-05
5.0022e-05,9.9377e-05,6.7459e-05,0.00025967,4.1055e-05,0.00028688,5.2348e-05,0.00011907,0.00020521,0.00019053,7.621e-05,0.00013991,0.00029314,3.6273e-05,0.00012216,5.4595e-05,3.6816e-05,8.0393e-05,0.00012843,3.2346e-05,8.9182e-05,3.2691e-05,4.9226e-05,0.00018011,0.00017231,4.9474e-05,6.4653e-05,0.0001851,1.4324e-05,0.00010436,5.4015e-05,0.00010226,0.00013909,6.3001e-05,0.00010449,0.00017393,0.00010901,0.00014801,0.00038138,3.28e-05,0.00016658,0.00017776,7.9252e-05,0.00015585,7.0159e-05,8.4472e-05,7.9738e-05,-1.6514e-05,0.00019042,8.7922e-06,6.9157e-05,0.00019851,-0.00019167,-9.291e-05,-0.00010766,9.9838e-05,-2.3191e-05,0.00037468,0.00015197,-1.7739e-06,0.00014751,6.3639e-05,3.3846e-05,0.00011748,4.3906e-05,3.9861e-05,1.437e-05,8.3611e-05,0.00011177,9.3032e-05,-4.3845e-05,-4.2317e-07,4.8595e-05,0.00010549,0.0001057,0.00026923,0.0002694,9.4778e-05,7.8763e-05,6.5879e-05,0.00032232,3.8084e-05,3.4544e-05,9.6329e-05,-3.3733e-06
0.0001622,8.7981e-05,0.00015256,5.0288e-05,0.00011341,1.75e-05,6.408e-05,2.2067e-05,7.1175e-05,3.5992e-05,5.0169e-05,4.3642e-05,-3.9022e-05,0.00012412,-3.5252e-05,0.00011819,0.00017596,0.00011391,0.00016255,7.7874e-05,9.8327e-05,0.00014315,0.00010737,0.00029085,2.4388e-05,9.906e-05,2.3266e-05,1.4324e-05,0.00037536,8.1903e-05,0.00015015,0.00017228,0.00020859,3.5777e-06,-1.6008e-05,7.3413e-05,0.00010634,8.967e-05,3.6955e-05,0.00021528,6.3861e-05,0.00014099,0.00022357,3.8001e-05,0.00017362,8.4697e-05,3.6472e-05,0.00023572,7.2552e-05,5.6672e-05,6.5761e-05,7.7278e-05,0.00039112,0.00010424,0.00012616,4.3919e-05,0.00017523,-2.0276e-05,3.6745e-05,0.00015355,-8.1819e-06,0.0001573,0.0002077,3.7875e-05,0.00010636,0.00021592,6.8374e-06,9.8884e-05,5.5941e-05,1.9784e-05,5.6307e-05,0.00012295,3.5288e-05,4.4658e-05,2.5359e-05,3.5658e-05,1.8007e-05,0.00010077,7.146e-05,6.4306e-05,2.6616e-05,8.5653e-05,0.00015474,0.00014345,0.00014009
3.0197e-05,6.0664e-05,9.6343e-05,0.0002398,8.9604e-05,0.00020986,8.1308e-05,0.00015519,0.00025825,0.00010826,0.00011917,0.00010062,0.00023628,7.9743e-05,0.00010053,0.0001016,0.00010608,5.9297e-05,0.00020293,6.4755e-05,0.00010876,7.27e-05,8.9493e-05,0.00021469,7.4117e-05,3.9448e-05,7.1736e-05,0.00010436,8.1903e-05,0.00019543,0.00012605,0.00014499,0.00015752,5.9421e-05,6.1798e-05,0.00013637,0.00010656,0.00013455,0.00031188,5.5405e-05,0.00011225,0.00020631,0.00014122,0.00016766,0.00011005,6.2329e-05,6.3008e-05,5.1738e-05,0.00017766,0.00012479,2.9846e-05,0.00015001,-1.1835e-05,-1.3818e-05,-1.7096e-05,5.952e-05,3.5643e-05,0.00029285,0.00011485,6.6972e-05,0.00012421,6.2268e-05,9.9558e-05,9.0996e-05,6.2318e-05,9.1148e-05,7.0052e-05,8.9373e-05,0.00011877,0.00010152,3.7312e-05,2.7014e-05,5.6682e-05,0.0001095,0.00011155,0.00017847,0.00026623,4.7717e-05,6.0945e-05,8.8738e-05,0.00027321,8.9061e-05,7.2249e-05,6.8195e-05,4.4646e-05
0.00017482,6.3092e-05,0.00026356,0.00021724,0.00018722,-9.0441e-05,3.7566e-05,-6.123e-05,4.9326e-05,-0.00019824,-3.3877e-05,9.689e-05,-8.3136e-05,0.00020726,-0.00025111,0.00020288,0.00035861,0.00011762,0.00039512,9.0536e-05,0.00019661,0.00014527,0.00015637,0.00018299,-2.064e-05,8.6804e-05,-7.452e-05,5.4015e-05,0.00015015,0.00012605,0.00060092,0.00027148,0.00033133,0.00010863,-0.00017055,8.1677e-05,0.00024074,0.00012272,3.771e-05,0.00022309,4.5777e-05,8.0109e-05,0.00030384,2.7739e-05,5.0926e-05,5.5227e-05,-6.059e-06,0.00018763,-2.3426e-05,0.00020948,0.00022907,-1.3667e-05,0.00057812,0.00019548,0.00022597,2.4054e-05,0.00031346,-0.00016512,3.8115e-05,0.00035855,-4.1065e-05,0.00031192,0.0001695,6.4036e-05,0.00019024,0.00017273,9.6873e-05,0.00010015,0.00013314,0.00016252,0.00017653,0.00015552,2.0624e-05,8.9463e-05,-6.7205e-06,4.3992e-05,-0.0001103,6.2591e-05,0.00011934,0.00011457,-7.881e-05,0.00021284,0.00030442,0.00020799,0.000151
9.2264e-05,9.5003e-05,0.00014823,0.00020994,0.0001149,0.00012618,4.9171e-05,6.5699e-05,0.00017588,2.5544e-05,4.8124e-05,0.00010956,0.00013347,0.00013335,-2.3622e-05,0.00014976,0.00016769,9.8825e-05,0.00022249,6.5761e-05,0.00012728,9.5314e-05,0.00011427,0.00025058,6.1413e-05,7.0175e-05,2.8635e-05,0.00010226,0.00017228,0.00014499,0.00027148,0.00023808,0.00023018,5.3364e-05,-2.399e-05,0.00011792,0.00016184,0.00012444,0.00022009,0.00015131,9.8169e-05,0.00017612,0.00017323,0.00014133,0.00010568,8.2217e-05,4.1937e-05,0.00012029,0.00010879,8.2562e-05,0.00011338,0.00011938,0.00015835,3.1711e-05,4.0329e-05,7.5035e-05,0.00014031,0.00014556,7.6572e-05,0.00013284,7.4867e-05,0.00013989,0.00014314,9.7318e-05,0.00011949,0.00017399,2.636e-05,9.3993e-05,0.00011442,0.00012283,7.1174e-05,7.7882e-05,4.8396e-05,9.5725e-05,7.8292e-05,0.00015995,0.00011733,0.00010319,9.4215e-05,9.7084e-05,0.0001697,0.00013866,0.00018049,0.00015257,9.0454e-05
0.00018813,0.00017532,0.00024608,0.00017023,0.00017323,-7.4485e-06,7.4103e-05,-9.5635e-05,4.4227e-05,-0.00014501,1.5534e-05,0.00011072,-4.1048e-05,0.00021745,-0.00027612,0.00017452,0.00040092,8.5514e-05,0.00038293,9.2311e-05,0.00025309,0.0002173,0.00015596,0.00026526,2.1563e-05,0.00013087,-5.614e-05,0.00013909,0.00020859,0.00015752,0.00033133,0.00023018,0.00057704,5.7033e-05,-0.00020635,8.9011e-05,0.00023743,0.000233,0.00016382,0.00031879,0.00015444,0.00018146,0.0002926,-5.4587e-06,0.00015584,6.6705e-05,-1.791e-06,0.00026383,9.7911e-05,0.00022373,0.00024642,2.6928e-05,0.00054499,0.00012928,0.00015808,0.00010481,0.000353,-0.00011727,1.1571e-05,0.00035898,5.4876e-06,0.00033046,0.00017243,0.00010022,0.00019869,0.00018081,-7.301e-07,0.0002326,0.00014707,0.00012592,5.4007e-05,0.00020775,3.0601e-06,0.00011948,3.6183e-05,0.00010065,-3.3634e-05,0.00014726,0.00016332,0.0001228,1.1704e-05,0.00018279,0.00032668,0.00026935,0.00011821
1.8227e-05,2.8565e-05,6.8505e-05,0.00020549,6.3289e-05,0.00012824,2.6616e-05,6.5529e-05,8.6175e-05,8.5847e-05,7.6785e-05,8.9174e-05,0.00014161,1.5028e-05,8.8562e-05,5.2263e-05,5.0955e-05,6.1625e-05,0.0001361,4.8302e-05,6.1251e-05,-9.6316e-06,9.2339e-06,9.6593e-05,6.3612e-05,-8.0519e-06,2.8413e-05,6.3001e-05,3.5777e-06,5.9421e-05,0.00010863,5.3364e-05,5.7033e-05,0.000112,4.0467e-05,0.00010222,7.6787e-05,7.8349e-05,0.00021985,1.7819e-05,7.5755e-05,0.00010549,8.0831e-05,8.4005e-05,6.5142e-05,1.6045e-05,5.2748e-05,5.8505e-06,7.0843e-05,0.00011053,4.6152e-05,8.2205e-05,-7.1892e-05,1.4245e-05,1.0648e-05,3.7219e-05,1.2039e-05,0.00018415,0.00010194,6.2432e-05,6.3719e-05,4.7865e-05,-8.1103e-06,6.066e-05,3.5683e-05,4.5323e-05,8.3645e-05,7.1446e-06,7.2207e-05,6.4114e-05,2.8313e-05,-2.3567e-05,2.4876e-05,6.6073e-05,5.2763e-05,0.00012263,0.0001461,1.6906e-05,8.9243e-06,6.2145e-05,0.00015256,3.4584e-05,2.8548e-05,5.6305e-05,3.48e-05
-4.0581e-05,2.3236e-05,-9.5911e-05,0.000324,-5.4651e-05,0.00040075,4.2941e-05,0.0004022,0.00033359,0.00049357,0.00015617,0.00012019,0.00052888,-0.0001451,0.0004471,-4.8776e-05,-0.00015306,0.00010419,-9.2081e-05,5.3311e-07,-5.0812e-05,-0.00013432,-3.8729e-05,0.00011352,0.00029214,-1.4354e-05,0.00016032,0.00010449,-1.6008e-05,6.1798e-05,-0.00017055,-2.399e-05,-0.00020635,4.0467e-05,0.00041237,0.00016801,-3.8559e-05,7.6048e-05,0.00046605,-0.00012834,0.00011656,0.00014151,-4.7761e-05,0.0002642,8.5349e-05,7.8925e-05,0.00014716,-0.0001461,0.00025111,-0.00014396,-8.08e-05,0.00031247,-0.00068267,-0.00020802,-0.00025613,8.8506e-05,-0.00032889,0.00077567,0.00029031,-0.00022774,0.00023634,-0.00014906,-6.0125e-05,9.1719e-05,-0.00010352,-4.2377e-05,4.8638e-05,-4.2543e-05,3.8394e-05,3.4961e-05,-0.00012901,-0.00015123,9.2439e-05,0.00011448,0.00015544,0.0003639,0.00048008,4.2686e-05,-8.8593e-06,-4.8108e-06,0.00054691,-0.00011285,-0.00015952,-4.6536e-05,-3.2493e-05
4.701e-05,0.00010322,0.00010822,0.00033189,5.5143e-05,0.00039948,9.1697e-05,0.00022896,0.00028812,0.00029372,0.00018819,0.00020147,0.00041031,2.2197e-05,0.000266,9.8623e-05,-4.0643e-06,8.996e-05,0.00018267,6.0644e-05,7.8926e-05,3.1881e-05,7.7376e-05,0.00025634,0.00024235,4.2515e-05,0.00013219,0.00017393,7.3413e-05,0.00013637,8.1677e-05,0.00011792,8.9011e-05,0.00010222,0.00016801,0.00025954,0.00013462,0.00018071,0.00049837,2.3381e-05,0.00020208,0.00025745,9.6873e-05,0.00024591,0.00013686,0.00010649,0.00012563,-2.3575e-05,0.00027477,8.3038e-05,6.8305e-05,0.00026461,-0.00025781,-8.7543e-05,-0.00010822,9.6845e-05,-8.9431e-05,0.00053974,0.00022907,-1.396e-05,0.00018861,2.739e-05,5.1775e-05,0.0001491,4.7196e-05,6.443e-05,7.6503e-05,8.4599e-05,0.00015923,0.00011278,-2.3153e-05,-2.504e-05,6.4148e-05,0.00014944,0.00014549,0.00034704,0.00042001,5.7138e-05,5.9406e-05,8.1943e-05,0.00042427,6.2583e-05,-4.599e-06,0.00011446,-5.7544e-06
0.00014227,0.00011017,0.00017163,0.00020806,0.00011165,0.00014399,4.8274e-05,2.1647e-05,0.00012169,4.766e-05,8.3877e-05,0.00014639,0.00012825,9.143e-05,4.6473e-05,0.00015059,0.00018817,7.6673e-05,0.00027135,3.9374e-05,0.00013681,7.8434e-05,9.2482e-05,0.00014645,9.0574e-05,5.3148e-05,1.2648e-05,0.00010901,0.00010634,0.00010656,0.00024074,0.00016184,0.00023743,7.6787e-05,-3.8559e-05,0.00013462,0.00020634,0.00013228,0.00021174,0.00010111,0.000117,0.00017795,0.00018771,7.975e-05,9.781e-05,6.4884e-05,5.8484e-05,8.3615e-05,0.00011851,0.00010443,0.00015505,0.00010901,0.00019819,5.7136e-05,6.2671e-05,8.4491e-05,0.0001398,0.00014235,5.2029e-05,0.00011711,4.8031e-05,0.00017663,8.2699e-05,8.3396e-05,9.5132e-05,0.00010028,5.2119e-05,9.8843e-05,0.00010331,0.00011206,4.449e-05,7.6434e-05,4.2411e-05,0.00010757,5.5816e-05,0.00017188,0.00012495,5.328e-05,5.8214e-05,8.1888e-05,0.00012441,0.00012773,0.00013702,0.00016777,7.3803e-05
7.8775e-05,0.00014834,0.0001653,0.0004039,8.4288e-05,0.00032953,8.5277e-05,0.00024118,0.0002913,0.00021371,0.00013129,0.00021243,0.00038346,0.00010006,7.7429e-05,0.0001187,0.00013077,0.00014967,0.0002315,8.6467e-05,0.00015117,0.00012112,0.00011117,0.00026828,0.00023254,9.3791e-05,9.3481e-05,0.00014801,8.967e-05,0.00013455,0.00012272,0.00012444,0.000233,7.8349e-05,7.6048e-05,0.00018071,0.00013228,0.00028277,0.00050807,0.00010393,0.00017371,0.0002299,0.00018976,0.00022131,0.00020673,9.5519e-05,0.0001001,5.1321e-05,0.00026276,0.00016629,0.00016316,0.000239,3.255e-05,-6.426e-05,-8.0002e-05,0.00011691,2.441e-05,0.0004705,0.00024289,3.6516e-05,0.00015775,0.00013997,5.1834e-05,0.00016181,9.9115e-05,8.404e-05,4.8426e-05,0.00017562,0.00018524,0.00014603,-4.4564e-05,5.8281e-05,7.5601e-05,0.00014034,0.00015593,0.00030513,0.00033179,0.00010823,0.00012153,0.00011506,0.00042822,5.5402e-05,0.00014202,0.00017834,4.2661e-05
-4.5552e-05,0.0002999,0.00015132,0.0011184,7.7607e-05,0.0010337,0.0001464,0.00074152,0.00088489,0.00084122,0.00055502,0.00050346,0.0013413,1.7639e-05,0.00069448,0.00013534,-5.1475e-05,0.00020549,0.00035226,0.0001493,0.00018665,1.9272e-05,0.00012044,0.00042413,0.00065917,7.7157e-05,0.00033373,0.00038138,3.6955e-05,0.00031188,3.771e-05,0.00022009,0.00016382,0.00021985,0.00046605,0.00049837,0.00021174,0.00050807,0.0015351,-0.00010309,0.00038765,0.00054867,0.00018932,0.00070926,0.00035817,0.00022611,0.00028868,-0.00019883,0.00079666,0.00020301,0.0002007,0.00069707,-0.00091613,-0.00030322,-0.00038386,0.00020734,-0.00036288,0.0017,0.00063391,-0.00012711,0.00056634,-2.3441e-05,-2.4324e-05,0.00043759,0.00010593,0.00011614,0.00012245,0.00019824,0.0003758,0.00032696,-0.00019771,-0.00015731,0.00019729,0.00037952,0.00043483,0.00086366,0.0011596,0.00014901,0.00015635,0.00019064,0.0013831,2.9316e-05,1.935e-05,0.00014163,-7.54e-05
0.00016233,8.8021e-05,0.00017184,-3.3454e-05,0.00012595,-0.00013699,4.7832e-05,-7.2255e-05,-6.3014e-05,-0.00015457,-0.0001119,-3.1746e-06,-0.00020715,0.00014639,-0.00025987,9.7355e-05,0.00026849,9.9885e-05,0.00018005,0.0001087,0.0001193,0.00015997,0.00012104,0.00034586,-5.3836e-05,9.2886e-05,-4.09e-05,3.28e-05,0.00021528,5.5405e-05,0.00022309,0.00015131,0.00031879,1.7819e-05,-0.00012834,2.3381e-05,0.00010111,0.00010393,-0.00010309,0.00036838,6.9208e-05,0.00012138,0.00016541,-4.7509e-05,0.00012837,4.7078e-05,-1.8127e-05,0.00028137,-7.6502e-05,0.00010379,0.00010506,-3.8621e-05,0.00044818,0.00010627,0.00014312,5.8348e-05,0.0002601,-0.00026273,3.3805e-05,0.00025817,-4.2526e-05,0.00020424,0.00015653,9.515e-06,0.00011816,0.00014073,8.3043e-08,0.00014053,7.8719e-05,2.9244e-05,8.7179e-05,0.0001929,-2.9036e-05,2.8963e-05,-1.5509e-05,7.049e-06,-0.00013896,0.00014922,9.2945e-05,6.9259e-05,-0.00014042,8.067e-05,0.00023005,0.00021467,0.00013923
5.3692e-05,9.7404e-05,8.7291e-05,0.00025414,4.7532e-05,0.00031931,7.5711e-05,0.00015959,0.00020307,0.00021288,0.0001053,0.00017336,0.00029906,2.5485e-05,0.00014379,8.3488e-05,4.4988e-05,8.6658e-05,0.00013915,3.6321e-05,9.1584e-05,3.2605e-05,6.3652e-05,0.00023463,0.00020059,4.9386e-05,9.2158e-05,0.00016658,6.3861e-05,0.00011225,4.5777e-05,9.8169e-05,0.00015444,7.5755e-05,0.00011656,0.00020208,0.000117,0.00017371,0.00038765,6.9208e-05,0.0002014,0.00021693,8.5591e-05,0.00015966,0.00013387,8.2393e-05,9.5369e-05,1.3056e-05,0.00022085,6.5124e-05,7.9308e-05,0.00021225,-0.00017877,-7.4461e-05,-8.8917e-05,0.00010651,-2.6606e-05,0.00038311,0.00017266,-3.0836e-06,0.00014493,5.2988e-05,4.611e-05,0.00011123,3.614e-05,5.244e-05,4.4169e-05,9.521e-05,0.00012978,9.0907e-05,-2.7894e-05,5.4631e-06,5.0521e-05,0.00012622,0.0001145,0.00029545,0.00030126,8.074e-05,6.3481e-05,7.2187e-05,0.00031536,5.5072e-05,3.718e-05,0.00012548,1.179e-05
0.00013578,0.00015596,0.00014909,0.00038382,0.00011304,0.00045222,0.00013503,0.00029688,0.00036939,0.00032648,0.00021658,0.00021492,0.00045357,8.6559e-05,0.00025658,0.0001235,7.6433e-05,0.00012819,0.00028308,0.00011846,0.00012303,7.5024e-05,0.00013377,0.00040086,0.00022279,5.3078e-05,0.00016061,0.00017776,0.00014099,0.00020631,8.0109e-05,0.00017612,0.00018146,0.00010549,0.00014151,0.00025745,0.00017795,0.0002299,0.00054867,0.00012138,0.00021693,0.0004349,0.00013974,0.00029424,0.00024336,0.00011285,0.00014197,6.9429e-05,0.00029751,0.00016663,9.1841e-05,0.00031111,-0.0001895,-8.4117e-05,-9.4289e-05,0.00012523,-2.4805e-05,0.0005591,0.00024584,-4.2207e-05,0.00023988,7.4632e-05,9.5543e-05,0.00016591,7.0904e-05,0.00010974,8.4838e-05,0.00015251,0.00021687,0.00016133,2.1778e-06,1.6744e-05,7.304e-05,0.0001536,0.00019915,0.00039414,0.00048344,9.9697e-05,7.6584e-05,0.00012709,0.00047235,7.7897e-05,8.1612e-05,0.00015807,1.7529e-05
