0,0.066955,0.061213,0.21308,0.053314,0.18667,0.066615,0.10413,0.19085,0.12334,0.1061,0.099189,0.21381,0.065457,0.21167,0.12164,0.040457,0.041107,0.09713,0.085828,0.081843,0.084659,0.053983,0.17499,0.10213,0.055709,0.082971,0.097588,0.085938,0.08709,0.081116,0.098057,0.07245,0.097866,0.10953,0.32069,0.066739,0.090051,0.25994,0.066007,0.095743,0.13578,0.16276,0.12953,0.080554,0.07744,0.10051,0.064138,0.12224,0.1223,0.074115,0.088119,0.17398,0.069858,0.06757,0.080337,0.090102,0.24986,0.1076,0.15105,0.11993,0.067043,0.052444,0.12365,0.095377,0.05304,0.079681,0.059176,0.076101,0.080884,0.066019,0.067523,0.074257,0.12487,0.087266,0.15502,0.18651,0.065623,0.064182,0.070087,0.21163,0.057458,0.12947,0.0751,0.061239
0.066955,0,0.081233,0.17701,0.055257,0.15445,0.05954,0.074767,0.17562,0.084629,0.068833,0.089607,0.17844,0.063423,0.19922,0.13295,0.073797,0.062774,0.099262,0.078088,0.085874,0.11102,0.052174,0.16908,0.082134,0.068685,0.066957,0.075941,0.097741,0.051644,0.080745,0.094004,0.083794,0.093496,0.079915,0.30647,0.086008,0.068418,0.22859,0.066317,0.079473,0.10794,0.16023,0.098415,0.073206,0.065305,0.10027,0.064436,0.10049,0.083132,0.058293,0.066131,0.21196,0.066905,0.074308,0.069486,0.1133,0.21794,0.081576,0.15621,0.069775,0.09201,0.079175,0.10382,0.091532,0.066063,0.078178,0.062777,0.045593,0.060291,0.085254,0.10115,0.059416,0.10343,0.068984,0.12943,0.15267,0.057115,0.056589,0.079259,0.17483,0.060771,0.13913,0.084356,0.072918
0.061213,0.081233,0,0.19325,0.051643,0.18076,0.082591,0.11893,0.17486,0.12707,0.10712,0.10741,0.19723,0.080381,0.20437,0.11046,0.05152,0.06944,0.076676,0.097367,0.091784,0.10451,0.068215,0.17977,0.11671,0.065841,0.10197,0.10097,0.082565,0.094411,0.075175,0.097328,0.066937,0.080942,0.11662,0.31791,0.069942,0.078871,0.24141,0.064613,0.098248,0.13423,0.14394,0.11895,0.089848,0.085804,0.11574,0.07465,0.10999,0.12867,0.077745,0.10319,0.16952,0.079909,0.08154,0.085436,0.11381,0.23277,0.10267,0.15012,0.12206,0.085845,0.059039,0.12277,0.09859,0.069704,0.097772,0.061828,0.089477,0.08645,0.088778,0.089067,0.089601,0.12355,0.1091,0.15319,0.17818,0.078675,0.084128,0.097443,0.19211,0.067021,0.12538,0.070093,0.065831
0.21308,0.17701,0.19325,0,0.19162,0.10298,0.20268,0.15697,0.12972,0.13993,0.13224,0.15926,0.05628,0.20935,0.2189,0.21498,0.1959,0.20514,0.1803,0.19863,0.19381,0.26432,0.19295,0.18898,0.16417,0.21154,0.18801,0.14187,0.20509,0.17909,0.16842,0.15794,0.18159,0.18467,0.16384,0.34276,0.20874,0.14121,0.069689,0.16212,0.14696,0.1374,0.15875,0.12351,0.15621,0.17356,0.2062,0.20209,0.12041,0.19796,0.15942,0.15719,0.31868,0.20813,0.22077,0.17164,0.26377,0.069019,0.14814,0.27056,0.15323,0.20286,0.21504,0.14512,0.18106,0.21063,0.2134,0.1856,0.1696,0.16796,0.23658,0.25552,0.19932,0.16403,0.19188,0.12918,0.092788,0.18903,0.19009,0.22558,0.055581,0.19435,0.21246,0.16867,0.17794
0.053314,0.055257,0.051643,0.19162,0,0.17882,0.051056,0.093141,0.18571,0.105,0.088799,0.099798,0.19061,0.0502,0.18429,0.12328,0.046511,0.053017,0.074982,0.076343,0.084704,0.09697,0.041259,0.17799,0.097716,0.042791,0.067843,0.09263,0.084923,0.065839,0.084193,0.097466,0.075678,0.091606,0.09475,0.30054,0.065049,0.082573,0.24134,0.060152,0.095351,0.13361,0.15982,0.10753,0.074756,0.064382,0.092058,0.062698,0.11144,0.11141,0.055646,0.081114,0.18587,0.04234,0.047144,0.069936,0.08788,0.22926,0.093558,0.13915,0.091341,0.079773,0.057127,0.11149,0.088465,0.044433,0.069756,0.045035,0.069145,0.066293,0.058643,0.073565,0.065238,0.11972,0.082885,0.14914,0.17463,0.050202,0.051927,0.078104,0.19279,0.048888,0.1454,0.071439,0.06095
0.18667,0.15445,0.18076,0.10298,0.17882,0,0.19408,0.15477,0.10568,0.14508,0.11758,0.13057,0.13058,0.19853,0.23463,0.19014,0.17729,0.1811,0.17858,0.17758,0.17343,0.24086,0.18079,0.13916,0.15623,0.1935,0.17756,0.11963,0.20141,0.16042,0.14443,0.13974,0.16029,0.1775,0.16149,0.36721,0.19268,0.12244,0.1302,0.14297,0.12772,0.079727,0.13354,0.12685,0.14765,0.16069,0.20005,0.18746,0.10598,0.17478,0.15169,0.14853,0.29385,0.19229,0.2027,0.16609,0.25059,0.14435,0.14066,0.27978,0.14887,0.19073,0.20044,0.13805,0.16745,0.19546,0.19787,0.16732,0.13513,0.1582,0.219,0.23706,0.18616,0.13717,0.17167,0.11284,0.091743,0.18376,0.17793,0.20759,0.10009,0.17966,0.17457,0.15329,0.15932
0.066615,0.05954,0.082591,0.20268,0.051056,0.19408,0,0.077831,0.20831,0.092638,0.10129,0.11051,0.19776,0.053512,0.19366,0.12822,0.065631,0.055525,0.10985,0.07178,0.087298,0.10537,0.037625,0.19454,0.087542,0.050296,0.045444,0.099473,0.10048,0.070435,0.10559,0.11552,0.086394,0.10166,0.072044,0.28716,0.080129,0.1022,0.25286,0.089418,0.10121,0.15662,0.18501,0.11129,0.086322,0.061549,0.084259,0.076622,0.12242,0.11487,0.062417,0.077746,0.21388,0.054618,0.059642,0.072151,0.096016,0.23493,0.091807,0.13666,0.085648,0.083123,0.064033,0.12793,0.1108,0.052974,0.061619,0.073866,0.081316,0.062742,0.056434,0.078373,0.05197,0.13407,0.061823,0.15578,0.18435,0.03743,0.042563,0.060518,0.20581,0.07471,0.16072,0.094362,0.081039
0.10413,0.074767,0.11893,0.15697,0.093141,0.15477,0.077831,0,0.18556,0.06243,0.082009,0.094618,0.15441,0.090544,0.18142,0.15263,0.10062,0.088442,0.13056,0.086793,0.10417,0.14832,0.077274,0.18157,0.057123,0.099658,0.064877,0.075173,0.12044,0.092423,0.11694,0.11152,0.1086,0.12848,0.056973,0.27943,0.1194,0.094268,0.20866,0.10007,0.07227,0.13431,0.18184,0.0797,0.076272,0.06615,0.095438,0.10456,0.097708,0.12017,0.059523,0.046844,0.26123,0.099177,0.10986,0.059916,0.14925,0.19321,0.076867,0.17606,0.059643,0.11088,0.11211,0.10347,0.1127,0.098351,0.10236,0.098028,0.075271,0.055889,0.11294,0.13297,0.079476,0.13776,0.070831,0.11091,0.13763,0.076871,0.07003,0.099842,0.16845,0.10319,0.17222,0.10324,0.099859
0.19085,0.17562,0.17486,0.12972,0.18571,0.10568,0.20831,0.18556,0,0.1801,0.14829,0.1618,0.16039,0.21248,0.25726,0.2024,0.17674,0.19761,0.17445,0.18756,0.18712,0.24534,0.19815,0.18163,0.18937,0.20035,0.19894,0.15063,0.20617,0.1693,0.15233,0.15244,0.16172,0.17476,0.19386,0.41362,0.19218,0.13872,0.15351,0.14824,0.1608,0.11372,0.086218,0.16082,0.15744,0.17547,0.21913,0.19584,0.14122,0.21233,0.17059,0.16998,0.24969,0.20441,0.21175,0.19188,0.25654,0.16973,0.16654,0.28539,0.1898,0.19661,0.20231,0.18347,0.19806,0.20338,0.21582,0.17927,0.16712,0.18421,0.23601,0.24247,0.21371,0.12331,0.20296,0.15753,0.15635,0.19406,0.1955,0.22044,0.12036,0.18279,0.18537,0.15582,0.15997
0.12334,0.084629,0.12707,0.13993,0.105,0.14508,0.092638,0.06243,0.1801,0,0.06639,0.10138,0.13736,0.10569,0.19881,0.15064,0.11663,0.10768,0.12465,0.1109,0.119,0.17192,0.091709,0.18741,0.071925,0.11803,0.073737,0.080765,0.13925,0.096802,0.1179,0.12489,0.11552,0.12605,0.046954,0.28293,0.12668,0.097699,0.19224,0.10497,0.08862,0.13171,0.1704,0.080656,0.087008,0.073696,0.11395,0.12659,0.10237,0.1197,0.075346,0.068774,0.26631,0.11177,0.12378,0.090253,0.16425,0.17315,0.093415,0.17806,0.066157,0.12996,0.12614,0.10473,0.12101,0.10719,0.12102,0.11077,0.096837,0.083556,0.13147,0.155,0.094711,0.12904,0.086439,0.12657,0.12664,0.087196,0.085438,0.11907,0.15452,0.11032,0.17216,0.11757,0.10304
0.1061,0.068833,0.10712,0.13224,0.088799,0.11758,0.10129,0.082009,0.14829,0.06639,0,0.072661,0.13225,0.10176,0.19083,0.14483,0.10052,0.10071,0.099941,0.1034,0.116,0.16046,0.09247,0.15526,0.071282,0.10975,0.090258,0.060874,0.12719,0.082378,0.080441,0.089267,0.10193,0.106,0.087942,0.29821,0.11217,0.06762,0.18095,0.072221,0.073118,0.086502,0.13484,0.06927,0.061515,0.073856,0.10843,0.11053,0.085106,0.10164,0.068804,0.075149,0.23712,0.10223,0.11281,0.084179,0.1577,0.16933,0.089052,0.1831,0.075552,0.11119,0.11563,0.09683,0.10817,0.10208,0.11466,0.083961,0.071421,0.080586,0.12727,0.14742,0.095261,0.095369,0.088267,0.10769,0.11022,0.083885,0.090484,0.12037,0.1346,0.08427,0.14581,0.091318,0.079411
0.099189,0.089607,0.10741,0.15926,0.099798,0.13057,0.11051,0.094618,0.1618,0.10138,0.072661,0,0.16228,0.12031,0.1878,0.1409,0.10177,0.092554,0.11714,0.11528,0.11037,0.15743,0.095428,0.14022,0.072867,0.12047,0.097974,0.038469,0.13884,0.10673,0.093953,0.093357,0.1017,0.11577,0.10795,0.30654,0.12669,0.081737,0.20536,0.085692,0.053523,0.096916,0.14066,0.070226,0.086874,0.094949,0.13448,0.12001,0.092763,0.12411,0.08584,0.096717,0.23471,0.11057,0.11818,0.095734,0.15958,0.20078,0.10682,0.20014,0.10934,0.10797,0.12385,0.098805,0.1041,0.1079,0.11515,0.090996,0.074718,0.092933,0.12816,0.1474,0.10681,0.10823,0.098469,0.12528,0.12673,0.10179,0.095273,0.1254,0.16288,0.1066,0.14503,0.095791,0.094108
0.21381,0.17844,0.19723,0.05628,0.19061,0.13058,0.19776,0.15441,0.16039,0.13736,0.13225,0.16228,0,0.20593,0.19131,0.21193,0.19766,0.20348,0.18567,0.20046,0.19575,0.26329,0.18921,0.19625,0.16329,0.21136,0.18077,0.14669,0.20446,0.1796,0.17158,0.15978,0.1909,0.18224,0.16186,0.32531,0.21277,0.14912,0.085972,0.16779,0.15283,0.15717,0.18023,0.11967,0.1581,0.16896,0.19813,0.20215,0.12457,0.20455,0.15733,0.15585,0.32779,0.20142,0.21481,0.16942,0.2607,0.064077,0.15167,0.26577,0.151,0.20006,0.21333,0.14412,0.18128,0.21101,0.21076,0.18618,0.17211,0.16853,0.23133,0.25419,0.19664,0.17395,0.18758,0.13048,0.10054,0.1836,0.18292,0.22387,0.076712,0.19368,0.21498,0.17858,0.18258
0.065457,0.063423,0.080381,0.20935,0.0502,0.19853,0.053512,0.090544,0.21248,0.10569,0.10176,0.12031,0.20593,0,0.20233,0.14206,0.067265,0.066553,0.097243,0.074956,0.086627,0.082325,0.049693,0.19244,0.097356,0.04296,0.077876,0.11219,0.087989,0.078948,0.10196,0.11333,0.091752,0.11184,0.095836,0.29007,0.066802,0.1029,0.26083,0.090274,0.11045,0.15273,0.18879,0.12565,0.084238,0.068251,0.07306,0.075469,0.12529,0.10354,0.063964,0.083021,0.20291,0.060162,0.062241,0.065489,0.083999,0.24494,0.094734,0.11589,0.087827,0.083068,0.060233,0.12352,0.099436,0.044543,0.074987,0.066405,0.083995,0.064796,0.056584,0.061152,0.050305,0.1448,0.076061,0.15851,0.1859,0.054875,0.065097,0.062489,0.21475,0.061715,0.15139,0.094008,0.080936
0.21167,0.19922,0.20437,0.2189,0.18429,0.23463,0.19366,0.18142,0.25726,0.19881,0.19083,0.1878,0.19131,0.20233,0,0.23264,0.20302,0.19254,0.21538,0.20029,0.20752,0.23586,0.18743,0.23721,0.1981,0.20356,0.17966,0.1857,0.21452,0.19902,0.20327,0.20212,0.21436,0.22626,0.19446,0.28894,0.22226,0.20059,0.24752,0.2026,0.19338,0.22971,0.25757,0.16481,0.20138,0.18639,0.20416,0.21301,0.18239,0.23399,0.17308,0.18524,0.32405,0.18012,0.18837,0.18039,0.23243,0.23846,0.19409,0.26182,0.17962,0.20987,0.21885,0.17884,0.19079,0.20322,0.19385,0.18245,0.18453,0.1855,0.20197,0.22612,0.20761,0.22363,0.20423,0.19424,0.20853,0.19088,0.17871,0.23069,0.22799,0.20088,0.24422,0.19985,0.21545
0.12164,0.13295,0.11046,0.21498,0.12328,0.19014,0.12822,0.15263,0.2024,0.15064,0.14483,0.1409,0.21193,0.14206,0.23264,0,0.12051,0.12653,0.15149,0.14853,0.13965,0.17033,0.12567,0.18198,0.15464,0.12022,0.13092,0.1337,0.15694,0.14528,0.1274,0.14499,0.13544,0.096453,0.13618,0.3326,0.14677,0.12931,0.25413,0.13061,0.13699,0.1611,0.17356,0.15064,0.13328,0.11647,0.16379,0.13682,0.13849,0.16575,0.13817,0.14073,0.22337,0.12929,0.13461,0.14074,0.17213,0.24295,0.1425,0.19687,0.15733,0.14567,0.112,0.15467,0.14716,0.13721,0.1587,0.14168,0.12469,0.14344,0.13814,0.1512,0.14129,0.17465,0.13855,0.16594,0.19949,0.13591,0.1223,0.14486,0.21061,0.14343,0.164,0.14627,0.12087
0.040457,0.073797,0.05152,0.1959,0.046511,0.17729,0.065631,0.10062,0.17674,0.11663,0.10052,0.10177,0.19766,0.067265,0.20302,0.12051,0,0.051939,0.084544,0.072502,0.070571,0.10101,0.055071,0.17322,0.10272,0.051873,0.083469,0.09356,0.075008,0.081166,0.076015,0.08284,0.056014,0.09784,0.10253,0.31579,0.047656,0.081905,0.2431,0.056224,0.090882,0.13686,0.14993,0.11997,0.076382,0.072879,0.091981,0.068059,0.10815,0.13146,0.05982,0.086077,0.17623,0.066188,0.065565,0.075624,0.10058,0.2303,0.089577,0.14645,0.11379,0.064039,0.05242,0.1217,0.098194,0.054564,0.075847,0.052679,0.08092,0.06979,0.075664,0.075898,0.072739,0.12109,0.086158,0.14957,0.17696,0.062128,0.067519,0.077197,0.19677,0.059691,0.12855,0.056181,0.048347
0.041107,0.062774,0.06944,0.20514,0.053017,0.1811,0.055525,0.088442,0.19761,0.10768,0.10071,0.092554,0.20348,0.066553,0.19254,0.12653,0.051939,0,0.10496,0.077447,0.084911,0.094172,0.037058,0.17806,0.091589,0.061085,0.064716,0.088857,0.08515,0.085394,0.087966,0.10583,0.072589,0.11228,0.090847,0.29928,0.076397,0.087919,0.25285,0.070382,0.083858,0.13979,0.17077,0.11237,0.087101,0.070034,0.095363,0.069734,0.113,0.12228,0.059614,0.080177,0.19825,0.060108,0.061362,0.068035,0.09943,0.24105,0.099697,0.15997,0.10479,0.080503,0.065047,0.11364,0.092036,0.05172,0.06926,0.051342,0.070116,0.067365,0.060622,0.078423,0.061455,0.12934,0.074412,0.14758,0.17564,0.05913,0.045291,0.070507,0.2061,0.062475,0.12835,0.07945,0.069729
0.09713,0.099262,0.076676,0.1803,0.074982,0.17858,0.10985,0.13056,0.17445,0.12465,0.099941,0.11714,0.18567,0.097243,0.21538,0.15149,0.084544,0.10496,0,0.1278,0.1082,0.12616,0.0983,0.19204,0.11644,0.10232,0.11638,0.1097,0.10154,0.11442,0.099098,0.10691,0.093726,0.10644,0.13243,0.32521,0.08149,0.10403,0.22683,0.067146,0.11417,0.13518,0.14696,0.12709,0.086491,0.10482,0.13198,0.10221,0.12487,0.1407,0.091728,0.11728,0.18696,0.10461,0.10742,0.10072,0.12155,0.21963,0.11983,0.15489,0.12442,0.11305,0.10425,0.11559,0.098746,0.088304,0.11237,0.079623,0.11632,0.10504,0.1144,0.11497,0.10915,0.1324,0.12286,0.16231,0.16303,0.094987,0.10654,0.11907,0.18233,0.073432,0.15168,0.080522,0.073049
0.085828,0.078088,0.097367,0.19863,0.076343,0.17758,0.07178,0.086793,0.18756,0.1109,0.1034,0.11528,0.20046,0.074956,0.20029,0.14853,0.072502,0.077447,0.1278,0,0.095547,0.1179,0.076657,0.17764,0.1031,0.064877,0.088125,0.10245,0.11108,0.070592,0.10247,0.10806,0.089666,0.12648,0.092289,0.28939,0.082354,0.097754,0.24842,0.097204,0.10373,0.14719,0.17182,0.11569,0.095387,0.070411,0.086018,0.092962,0.12073,0.12038,0.069535,0.087789,0.21159,0.070396,0.072908,0.084654,0.12915,0.23208,0.084303,0.16248,0.093353,0.10205,0.08005,0.14923,0.13637,0.073458,0.087126,0.078733,0.080873,0.066225,0.093357,0.098865,0.071663,0.13245,0.072396,0.1463,0.18468,0.072368,0.082192,0.075582,0.20205,0.087925,0.15784,0.094875,0.086706
0.081843,0.085874,0.091784,0.19381,0.084704,0.17343,0.087298,0.10417,0.18712,0.119,0.116,0.11037,0.19575,0.086627,0.20752,0.13965,0.070571,0.084911,0.1082,0.095547,0,0.1103,0.076419,0.17233,0.10989,0.086003,0.094975,0.096591,0.10513,0.094453,0.1019,0.09766,0.07791,0.11705,0.10506,0.32803,0.07457,0.10125,0.23888,0.090927,0.099258,0.14179,0.17775,0.12586,0.10363,0.089395,0.12219,0.099351,0.10078,0.13883,0.072413,0.094428,0.21922,0.095443,0.098782,0.088974,0.12968,0.23078,0.07747,0.15882,0.10928,0.091561,0.094859,0.11719,0.10145,0.08698,0.080032,0.089869,0.093151,0.077491,0.10079,0.10201,0.087281,0.13509,0.089573,0.14486,0.1635,0.089138,0.09205,0.094028,0.19716,0.1004,0.13975,0.088563,0.090926
0.084659,0.11102,0.10451,0.26432,0.09697,0.24086,0.10537,0.14832,0.24534,0.17192,0.16046,0.15743,0.26329,0.082325,0.23586,0.17033,0.10101,0.094172,0.12616,0.1179,0.1103,0,0.10105,0.21516,0.14875,0.085928,0.12956,0.15484,0.113,0.13034,0.13368,0.15032,0.11676,0.14283,0.15866,0.32936,0.095467,0.14728,0.31136,0.12596,0.15324,0.18749,0.21761,0.17873,0.13661,0.12409,0.1308,0.10052,0.16979,0.1477,0.12109,0.14247,0.18396,0.10466,0.097161,0.11518,0.091603,0.30277,0.14621,0.15386,0.14763,0.11759,0.094327,0.16453,0.12848,0.086153,0.10388,0.10006,0.12564,0.11612,0.082389,0.05809,0.10257,0.18128,0.12579,0.19658,0.23106,0.10668,0.113,0.088407,0.26219,0.10198,0.15997,0.12662,0.121
0.053983,0.052174,0.068215,0.19295,0.041259,0.18079,0.037625,0.077274,0.19815,0.091709,0.09247,0.095428,0.18921,0.049693,0.18743,0.12567,0.055071,0.037058,0.0983,0.076657,0.076419,0.10105,0,0.18006,0.086657,0.052656,0.052957,0.088941,0.082958,0.068205,0.093014,0.10368,0.077425,0.10131,0.077021,0.2928,0.075187,0.082636,0.24314,0.071841,0.084883,0.13952,0.17389,0.10145,0.081047,0.061633,0.087508,0.065362,0.10552,0.11151,0.047264,0.069407,0.20528,0.049166,0.056033,0.062155,0.093619,0.22828,0.084841,0.13998,0.087604,0.073584,0.058533,0.10636,0.08651,0.049122,0.062295,0.056858,0.068797,0.057862,0.055695,0.079806,0.048121,0.12605,0.066682,0.14776,0.17099,0.047201,0.034963,0.066663,0.19668,0.063077,0.13912,0.083944,0.070896
0.17499,0.16908,0.17977,0.18898,0.17799,0.13916,0.19454,0.18157,0.18163,0.18741,0.15526,0.14022,0.19625,0.19244,0.23721,0.18198,0.17322,0.17806,0.19204,0.17764,0.17233,0.21516,0.18006,0,0.18083,0.18042,0.19467,0.14778,0.20427,0.17283,0.14345,0.13829,0.16802,0.17843,0.18912,0.35386,0.19224,0.14432,0.21647,0.1573,0.15806,0.12778,0.17032,0.16457,0.16315,0.17568,0.20294,0.1815,0.13827,0.17212,0.16774,0.17602,0.25819,0.18359,0.18927,0.17647,0.22488,0.21342,0.15866,0.26576,0.17404,0.17466,0.18236,0.15568,0.15913,0.18718,0.19599,0.16258,0.14079,0.16959,0.20178,0.2166,0.18206,0.1845,0.17652,0.16328,0.17724,0.18937,0.18126,0.19568,0.18788,0.18681,0.17386,0.16467,0.17136
0.10213,0.082134,0.11671,0.16417,0.097716,0.15623,0.087542,0.057123,0.18937,0.071925,0.071282,0.072867,0.16329,0.097356,0.1981,0.15464,0.10272,0.091589,0.11644,0.1031,0.10989,0.14875,0.086657,0.18083,0,0.10921,0.078226,0.065064,0.12927,0.10739,0.11227,0.10593,0.10604,0.12158,0.0781,0.27958,0.11566,0.10166,0.21285,0.096302,0.065326,0.13,0.17691,0.075238,0.06768,0.075312,0.099119,0.11559,0.10493,0.11741,0.070682,0.071282,0.25868,0.11027,0.11899,0.064488,0.15227,0.19974,0.091671,0.17653,0.080668,0.10502,0.11634,0.10874,0.11632,0.09939,0.10288,0.096902,0.087762,0.068073,0.11461,0.13292,0.082438,0.13265,0.064975,0.11993,0.12893,0.080088,0.086776,0.098739,0.17467,0.097956,0.16549,0.098354,0.094541
0.055709,0.068685,0.065841,0.21154,0.042791,0.1935,0.050296,0.099658,0.20035,0.11803,0.10975,0.12047,0.21136,0.04296,0.20356,0.12022,0.051873,0.061085,0.10232,0.064877,0.086003,0.085928,0.052656,0.18042,0.10921,0,0.079439,0.11315,0.09482,0.075551,0.096502,0.11098,0.078,0.10287,0.10061,0.30398,0.064227,0.10045,0.26058,0.085227,0.11324,0.14925,0.17418,0.12736,0.084779,0.066652,0.084541,0.073952,0.12115,0.11477,0.069236,0.089156,0.18552,0.055788,0.056609,0.076299,0.090274,0.24616,0.092161,0.13513,0.099538,0.079987,0.042987,0.13393,0.1092,0.048709,0.07616,0.065114,0.079426,0.071214,0.054368,0.060529,0.065433,0.1405,0.079042,0.15831,0.19428,0.060451,0.064508,0.064268,0.21389,0.068663,0.14597,0.086272,0.07351
0.082971,0.066957,0.10197,0.18801,0.067843,0.17756,0.045444,0.064877,0.19894,0.073737,0.090258,0.097974,0.18077,0.077876,0.17966,0.13092,0.083469,0.064716,0.11638,0.088125,0.094975,0.12956,0.052957,0.19467,0.078226,0.079439,0,0.08645,0.12099,0.077609,0.11406,0.12567,0.097772,0.11334,0.061938,0.29158,0.10252,0.10423,0.23461,0.092148,0.093485,0.1475,0.18031,0.095425,0.084663,0.053997,0.097805,0.09954,0.11516,0.12754,0.062278,0.068014,0.23551,0.069388,0.078833,0.078981,0.1207,0.22018,0.098106,0.16519,0.080681,0.10109,0.094397,0.11628,0.11237,0.074933,0.075471,0.086773,0.079977,0.072145,0.078176,0.10865,0.07561,0.12711,0.066428,0.14212,0.16575,0.052341,0.038945,0.087003,0.1919,0.088377,0.16768,0.10409,0.085262
0.097588,0.075941,0.10097,0.14187,0.09263,0.11963,0.099473,0.075173,0.15063,0.080765,0.060874,0.038469,0.14669,0.11219,0.1857,0.1337,0.09356,0.088857,0.1097,0.10245,0.096591,0.15484,0.088941,0.14778,0.065064,0.11315,0.08645,0,0.12598,0.096797,0.083217,0.083959,0.092114,0.10725,0.084643,0.3003,0.11565,0.067694,0.19201,0.076255,0.037185,0.094077,0.13919,0.06515,0.077714,0.081422,0.12815,0.109,0.079328,0.11694,0.071695,0.079956,0.24051,0.1049,0.11368,0.081608,0.15898,0.18564,0.087075,0.19151,0.089471,0.11063,0.11831,0.089226,0.099141,0.10092,0.10839,0.086217,0.064935,0.075991,0.12705,0.14337,0.0963,0.1058,0.089652,0.10526,0.1119,0.089631,0.086324,0.11941,0.14523,0.099728,0.14644,0.084409,0.084667
0.085938,0.097741,0.082565,0.20509,0.084923,0.20141,0.10048,0.12044,0.20617,0.13925,0.12719,0.13884,0.20446,0.087989,0.21452,0.15694,0.075008,0.08515,0.10154,0.11108,0.10513,0.113,0.082958,0.20427,0.12927,0.09482,0.12099,0.12598,0,0.11857,0.099092,0.10501,0.098413,0.12889,0.12759,0.30325,0.079311,0.096702,0.25429,0.082834,0.10782,0.15911,0.18415,0.14582,0.10814,0.11649,0.11167,0.063985,0.12736,0.13931,0.089034,0.11213,0.1945,0.099286,0.098009,0.083471,0.10611,0.23869,0.10748,0.13495,0.13261,0.096013,0.08415,0.1243,0.097234,0.088836,0.099012,0.076639,0.11058,0.091694,0.10226,0.095867,0.084135,0.15883,0.11961,0.1605,0.18409,0.092699,0.097533,0.10745,0.20342,0.077404,0.13574,0.085625,0.087418
0.08709,0.051644,0.094411,0.17909,0.065839,0.16042,0.070435,0.092423,0.1693,0.096802,0.082378,0.10673,0.1796,0.078948,0.19902,0.14528,0.081166,0.085394,0.11442,0.070592,0.094453,0.13034,0.068205,0.17283,0.10739,0.075551,0.077609,0.096797,0.11857,0,0.099216,0.10326,0.094309,0.10152,0.093156,0.31872,0.094526,0.080299,0.2281,0.082826,0.10483,0.12209,0.15471,0.10434,0.092657,0.074267,0.10287,0.084387,0.11278,0.10726,0.070318,0.081733,0.2056,0.065647,0.073455,0.099937,0.12533,0.215,0.090416,0.16533,0.083655,0.097056,0.087071,0.13191,0.1213,0.08284,0.088725,0.081685,0.069194,0.077974,0.098586,0.11613,0.080408,0.088646,0.083851,0.14932,0.17224,0.07023,0.073901,0.090685,0.17735,0.082543,0.1562,0.10031,0.085944
0.081116,0.080745,0.075175,0.16842,0.084193,0.14443,0.10559,0.11694,0.15233,0.1179,0.080441,0.093953,0.17158,0.10196,0.20327,0.1274,0.076015,0.087966,0.099098,0.10247,0.1019,0.13368,0.093014,0.14345,0.11227,0.096502,0.11406,0.083217,0.099092,0.099216,0,0.080191,0.072781,0.097907,0.1152,0.31172,0.084801,0.057586,0.21118,0.059819,0.08775,0.09976,0.12609,0.11603,0.081397,0.093552,0.11935,0.093461,0.090353,0.10889,0.08172,0.10316,0.1932,0.10493,0.10811,0.089313,0.14337,0.20251,0.095109,0.17374,0.11673,0.091195,0.092545,0.11089,0.0987,0.090889,0.10728,0.063061,0.076901,0.088899,0.11876,0.12521,0.098744,0.11012,0.1118,0.11906,0.14551,0.085539,0.10042,0.1216,0.16007,0.076759,0.10923,0.064352,0.067306
0.098057,0.094004,0.097328,0.15794,0.097466,0.13974,0.11552,0.11152,0.15244,0.12489,0.089267,0.093357,0.15978,0.11333,0.20212,0.14499,0.08284,0.10583,0.10691,0.10806,0.09766,0.15032,0.10368,0.13829,0.10593,0.11098,0.12567,0.083959,0.10501,0.10326,0.080191,0,0.097022,0.10621,0.12401,0.32478,0.10448,0.077265,0.20566,0.076397,0.082888,0.11347,0.14318,0.11053,0.090693,0.10791,0.12017,0.094097,0.093569,0.13567,0.085761,0.10056,0.21639,0.11047,0.11476,0.095406,0.15349,0.19247,0.091745,0.18008,0.11564,0.095388,0.10771,0.10807,0.10246,0.11228,0.12308,0.087373,0.08822,0.087961,0.13654,0.13838,0.10326,0.1194,0.10884,0.13019,0.13929,0.10776,0.10986,0.12023,0.15957,0.097351,0.13134,0.078108,0.093952
0.07245,0.083794,0.066937,0.18159,0.075678,0.16029,0.086394,0.1086,0.16172,0.11552,0.10193,0.1017,0.1909,0.091752,0.21436,0.13544,0.056014,0.072589,0.093726,0.089666,0.07791,0.11676,0.077425,0.16802,0.10604,0.078,0.097772,0.092114,0.098413,0.094309,0.072781,0.097022,0,0.113,0.10961,0.32923,0.063981,0.081027,0.22605,0.067711,0.090962,0.12549,0.13066,0.11634,0.087069,0.088724,0.10876,0.099437,0.090755,0.13223,0.069018,0.10159,0.19009,0.10274,0.10428,0.084753,0.13307,0.21835,0.084706,0.17217,0.11467,0.076128,0.088023,0.12004,0.10429,0.077423,0.085567,0.062783,0.088609,0.072303,0.10413,0.1081,0.090109,0.11243,0.10143,0.1428,0.16024,0.076836,0.090054,0.10314,0.18149,0.085609,0.10975,0.048727,0.062685
0.097866,0.093496,0.080942,0.18467,0.091606,0.1775,0.10166,0.12848,0.17476,0.12605,0.106,0.11577,0.18224,0.11184,0.22626,0.096453,0.09784,0.11228,0.10644,0.12648,0.11705,0.14283,0.10131,0.17843,0.12158,0.10287,0.11334,0.10725,0.12889,0.10152,0.097907,0.10621,0.113,0,0.12362,0.32855,0.11699,0.093865,0.22766,0.091926,0.11447,0.13394,0.15007,0.12137,0.097814,0.096368,0.13656,0.095016,0.12629,0.1314,0.11006,0.1165,0.20152,0.10719,0.11311,0.1162,0.14758,0.21646,0.12048,0.17161,0.12721,0.10962,0.087472,0.14002,0.12903,0.11343,0.13017,0.11229,0.10378,0.11222,0.12176,0.13125,0.11079,0.12351,0.11609,0.1498,0.17721,0.096439,0.1055,0.11205,0.17525,0.10477,0.16183,0.11586,0.092599
0.10953,0.079915,0.11662,0.16384,0.09475,0.16149,0.072044,0.056973,0.19386,0.046954,0.087942,0.10795,0.16186,0.095836,0.19446,0.13618,0.10253,0.090847,0.13243,0.092289,0.10506,0.15866,0.077021,0.18912,0.0781,0.10061,0.061938,0.084643,0.12759,0.093156,0.1152,0.12401,0.10961,0.12362,0,0.27031,0.11434,0.099493,0.21501,0.10486,0.088628,0.14603,0.18631,0.094172,0.092814,0.066232,0.1087,0.11227,0.1083,0.11839,0.069812,0.060872,0.26059,0.096518,0.10759,0.080979,0.15114,0.19542,0.084851,0.1668,0.070097,0.12319,0.108,0.11509,0.12175,0.094602,0.10469,0.10515,0.090159,0.073896,0.11197,0.1349,0.080712,0.14071,0.071943,0.12846,0.14904,0.078323,0.074031,0.10204,0.17576,0.106,0.17488,0.11192,0.10152
0.32069,0.30647,0.31791,0.34276,0.30054,0.36721,0.28716,0.27943,0.41362,0.28293,0.29821,0.30654,0.32531,0.29007,0.28894,0.3326,0.31579,0.29928,0.32521,0.28939,0.32803,0.32936,0.2928,0.35386,0.27958,0.30398,0.29158,0.3003,0.30325,0.31872,0.31172,0.32478,0.32923,0.32855,0.27031,0,0.31343,0.3115,0.37806,0.31949,0.29584,0.35582,0.39448,0.2874,0.30433,0.29419,0.27881,0.30806,0.3199,0.28033,0.29206,0.30052,0.42986,0.29087,0.29502,0.27428,0.31156,0.34736,0.29836,0.28656,0.27757,0.31703,0.3039,0.30998,0.31223,0.29333,0.29184,0.29717,0.30394,0.28299,0.28656,0.3042,0.27197,0.36799,0.28256,0.3072,0.3291,0.28452,0.29496,0.30036,0.35554,0.30509,0.37098,0.3159,0.31446
0.066739,0.086008,0.069942,0.20874,0.065049,0.19268,0.080129,0.1194,0.19218,0.12668,0.11217,0.12669,0.21277,0.066802,0.22226,0.14677,0.047656,0.076397,0.08149,0.082354,0.07457,0.095467,0.075187,0.19224,0.11566,0.064227,0.10252,0.11565,0.079311,0.094526,0.084801,0.10448,0.063981,0.11699,0.11434,0.31343,0,0.10177,0.25467,0.074043,0.11429,0.15058,0.16734,0.14084,0.090625,0.089201,0.097465,0.086652,0.12413,0.12854,0.074251,0.10487,0.17922,0.085406,0.082911,0.085825,0.10246,0.24205,0.095328,0.13198,0.12088,0.080628,0.068597,0.1391,0.11367,0.05847,0.072462,0.063965,0.10429,0.081465,0.081876,0.071815,0.07795,0.13457,0.094716,0.16176,0.18526,0.070306,0.094445,0.083306,0.20938,0.062692,0.13532,0.066007,0.061841
0.090051,0.068418,0.078871,0.14121,0.082573,0.12244,0.1022,0.094268,0.13872,0.097699,0.06762,0.081737,0.14912,0.1029,0.20059,0.12931,0.081905,0.087919,0.10403,0.097754,0.10125,0.14728,0.082636,0.14432,0.10166,0.10045,0.10423,0.067694,0.096702,0.080299,0.057586,0.077265,0.081027,0.093865,0.099493,0.3115,0.10177,0,0.1901,0.055152,0.061829,0.081494,0.12051,0.088087,0.080059,0.088605,0.11777,0.082274,0.073112,0.10386,0.070974,0.085105,0.20911,0.10024,0.10787,0.084335,0.14954,0.18207,0.080653,0.18002,0.098386,0.095792,0.096035,0.095333,0.092827,0.099805,0.11121,0.073593,0.05997,0.075975,0.12304,0.13703,0.090597,0.09548,0.10601,0.10884,0.12989,0.088258,0.090918,0.1194,0.13539,0.086878,0.124,0.074227,0.070928
0.25994,0.22859,0.24141,0.069689,0.24134,0.1302,0.25286,0.20866,0.15351,0.19224,0.18095,0.20536,0.085972,0.26083,0.24752,0.25413,0.2431,0.25285,0.22683,0.24842,0.23888,0.31136,0.24314,0.21647,0.21285,0.26058,0.23461,0.19201,0.25429,0.2281,0.21118,0.20566,0.22605,0.22766,0.21501,0.37806,0.25467,0.1901,0,0.20659,0.19769,0.17585,0.18957,0.17114,0.20182,0.21979,0.2499,0.25206,0.16258,0.24873,0.20841,0.20658,0.35921,0.25874,0.27147,0.22072,0.3151,0.058002,0.19593,0.32553,0.20514,0.24463,0.26281,0.19209,0.22978,0.26338,0.25762,0.23395,0.21815,0.21784,0.28239,0.30475,0.25092,0.2025,0.23855,0.15494,0.12284,0.23647,0.24034,0.27474,0.074658,0.24333,0.24898,0.21384,0.22254
0.066007,0.066317,0.064613,0.16212,0.060152,0.14297,0.089418,0.10007,0.14824,0.10497,0.072221,0.085692,0.16779,0.090274,0.2026,0.13061,0.056224,0.070382,0.067146,0.097204,0.090927,0.12596,0.071841,0.1573,0.096302,0.085227,0.092148,0.076255,0.082834,0.082826,0.059819,0.076397,0.067711,0.091926,0.10486,0.31949,0.074043,0.055152,0.20659,0,0.075634,0.098132,0.12565,0.10225,0.060744,0.080806,0.11178,0.069615,0.091887,0.11956,0.062796,0.08334,0.1875,0.08588,0.090755,0.078397,0.12343,0.19903,0.090429,0.17192,0.1067,0.084234,0.08143,0.099013,0.086283,0.079669,0.091825,0.052865,0.072575,0.077394,0.10099,0.11289,0.086609,0.099905,0.095761,0.12462,0.14358,0.073134,0.078575,0.10156,0.15691,0.056379,0.12577,0.051468,0.040493
0.095743,0.079473,0.098248,0.14696,0.095351,0.12772,0.10121,0.07227,0.1608,0.08862,0.073118,0.053523,0.15283,0.11045,0.19338,0.13699,0.090882,0.083858,0.11417,0.10373,0.099258,0.15324,0.084883,0.15806,0.065326,0.11324,0.093485,0.037185,0.10782,0.10483,0.08775,0.082888,0.090962,0.11447,0.088628,0.29584,0.11429,0.061829,0.19769,0.075634,0,0.10083,0.14761,0.070313,0.080595,0.089457,0.11996,0.10028,0.076239,0.11877,0.070221,0.079697,0.24173,0.10911,0.11704,0.070444,0.1566,0.18987,0.082032,0.18627,0.096276,0.10338,0.11396,0.087032,0.09468,0.1041,0.10744,0.085587,0.067904,0.069649,0.12474,0.13974,0.088438,0.11792,0.09068,0.10483,0.11371,0.092867,0.08793,0.1173,0.15041,0.099608,0.13801,0.080943,0.083986
0.13578,0.10794,0.13423,0.1374,0.13361,0.079727,0.15662,0.13431,0.11372,0.13171,0.086502,0.096916,0.15717,0.15273,0.22971,0.1611,0.13686,0.13979,0.13518,0.14719,0.14179,0.18749,0.13952,0.12778,0.13,0.14925,0.1475,0.094077,0.15911,0.12209,0.09976,0.11347,0.12549,0.13394,0.14603,0.35582,0.15058,0.081494,0.17585,0.098132,0.10083,0,0.11343,0.11472,0.10653,0.12975,0.16987,0.13936,0.094596,0.12371,0.12203,0.12258,0.23548,0.15158,0.15975,0.13233,0.19581,0.18448,0.1198,0.23265,0.12991,0.14602,0.15302,0.11636,0.12736,0.14935,0.15708,0.12265,0.092561,0.12979,0.17193,0.18646,0.14748,0.10391,0.14207,0.11279,0.11576,0.14329,0.14099,0.16633,0.12604,0.12964,0.14173,0.1171,0.11406
0.16276,0.16023,0.14394,0.15875,0.15982,0.13354,0.18501,0.18184,0.086218,0.1704,0.13484,0.14066,0.18023,0.18879,0.25757,0.17356,0.14993,0.17077,0.14696,0.17182,0.17775,0.21761,0.17389,0.17032,0.17691,0.17418,0.18031,0.13919,0.18415,0.15471,0.12609,0.14318,0.13066,0.15007,0.18631,0.39448,0.16734,0.12051,0.18957,0.12565,0.14761,0.11343,0,0.15197,0.14205,0.1615,0.19475,0.1762,0.13742,0.19182,0.1578,0.1715,0.19936,0.18049,0.18468,0.17841,0.22128,0.19362,0.16446,0.25646,0.1853,0.1652,0.17352,0.17265,0.17563,0.17327,0.1931,0.15035,0.1524,0.16927,0.20609,0.21321,0.18874,0.11271,0.18956,0.17527,0.17358,0.16818,0.17212,0.19895,0.14727,0.16064,0.15466,0.13434,0.12812
0.12953,0.098415,0.11895,0.12351,0.10753,0.12685,0.11129,0.0797,0.16082,0.080656,0.06927,0.070226,0.11967,0.12565,0.16481,0.15064,0.11997,0.11237,0.12709,0.11569,0.12586,0.17873,0.10145,0.16457,0.075238,0.12736,0.095425,0.06515,0.14582,0.10434,0.11603,0.11053,0.11634,0.12137,0.094172,0.2874,0.14084,0.088087,0.17114,0.10225,0.070313,0.11472,0.15197,0,0.091735,0.088261,0.1273,0.13182,0.077916,0.13565,0.078891,0.089488,0.26479,0.11617,0.12933,0.091891,0.18193,0.16089,0.089901,0.20651,0.085632,0.12583,0.13392,0.10631,0.12591,0.12625,0.1248,0.10706,0.090424,0.087775,0.14018,0.16681,0.11214,0.11802,0.098057,0.10954,0.10937,0.10369,0.099924,0.13544,0.13324,0.11998,0.16324,0.11269,0.11033
0.080554,0.073206,0.089848,0.15621,0.074756,0.14765,0.086322,0.076272,0.15744,0.087008,0.061515,0.086874,0.1581,0.084238,0.20138,0.13328,0.076382,0.087101,0.086491,0.095387,0.10363,0.13661,0.081047,0.16315,0.06768,0.084779,0.084663,0.077714,0.10814,0.092657,0.081397,0.090693,0.087069,0.097814,0.092814,0.30433,0.090625,0.080059,0.20182,0.060744,0.080595,0.10653,0.14205,0.091735,0,0.060752,0.095891,0.095068,0.092474,0.11518,0.061555,0.064112,0.21552,0.097853,0.10599,0.064052,0.13593,0.1901,0.08153,0.16681,0.092013,0.087282,0.088269,0.10744,0.10627,0.085786,0.10238,0.076671,0.078695,0.074549,0.10633,0.11996,0.08976,0.1188,0.079426,0.11244,0.13833,0.069629,0.080312,0.097733,0.15973,0.068995,0.14683,0.072625,0.054932
0.07744,0.065305,0.085804,0.17356,0.064382,0.16069,0.061549,0.06615,0.17547,0.073696,0.073856,0.094949,0.16896,0.068251,0.18639,0.11647,0.072879,0.070034,0.10482,0.070411,0.089395,0.12409,0.061633,0.17568,0.075312,0.066652,0.053997,0.081422,0.11649,0.074267,0.093552,0.10791,0.088724,0.096368,0.066232,0.29419,0.089201,0.088605,0.21979,0.080806,0.089457,0.12975,0.1615,0.088261,0.060752,0,0.087094,0.097053,0.098321,0.12126,0.049398,0.052639,0.22479,0.071176,0.082097,0.066306,0.13501,0.20623,0.080413,0.16575,0.076139,0.098901,0.076737,0.11822,0.11636,0.073389,0.094259,0.079994,0.073328,0.065212,0.088382,0.10805,0.077348,0.12275,0.059657,0.12051,0.15425,0.057303,0.057902,0.078726,0.17921,0.075383,0.15033,0.094387,0.070162
0.10051,0.10027,0.11574,0.2062,0.092058,0.20005,0.084259,0.095438,0.21913,0.11395,0.10843,0.13448,0.19813,0.07306,0.20416,0.16379,0.091981,0.095363,0.13198,0.086018,0.12219,0.1308,0.087508,0.20294,0.099119,0.084541,0.097805,0.12815,0.11167,0.10287,0.11935,0.12017,0.10876,0.13656,0.1087,0.27881,0.097465,0.11777,0.2499,0.11178,0.11996,0.16987,0.19475,0.1273,0.095891,0.087094,0,0.10895,0.13228,0.13128,0.080718,0.097236,0.23432,0.099928,0.10296,0.079608,0.13078,0.22864,0.10698,0.15018,0.10177,0.083494,0.094338,0.14413,0.1338,0.096247,0.10068,0.094475,0.10615,0.07199,0.093714,0.10682,0.074963,0.15382,0.089446,0.15373,0.1845,0.076094,0.096137,0.093699,0.21193,0.097709,0.165,0.10584,0.10052
0.064138,0.064436,0.07465,0.20209,0.062698,0.18746,0.076622,0.10456,0.19584,0.12659,0.11053,0.12001,0.20215,0.075469,0.21301,0.13682,0.068059,0.069734,0.10221,0.092962,0.099351,0.10052,0.065362,0.1815,0.11559,0.073952,0.09954,0.109,0.063985,0.084387,0.093461,0.094097,0.099437,0.095016,0.11227,0.30806,0.086652,0.082274,0.25206,0.069615,0.10028,0.13936,0.1762,0.13182,0.095068,0.097053,0.10895,0,0.12817,0.11327,0.084129,0.095214,0.188,0.071747,0.07193,0.083942,0.093606,0.23826,0.10566,0.14748,0.11104,0.091329,0.062387,0.12212,0.094889,0.077748,0.091678,0.071753,0.079161,0.080971,0.083219,0.086523,0.067413,0.13646,0.097909,0.15204,0.18588,0.07656,0.074967,0.078821,0.19643,0.068049,0.15059,0.090122,0.081144
0.12224,0.10049,0.10999,0.12041,0.11144,0.10598,0.12242,0.097708,0.14122,0.10237,0.085106,0.092763,0.12457,0.12529,0.18239,0.13849,0.10815,0.113,0.12487,0.12073,0.10078,0.16979,0.10552,0.13827,0.10493,0.12115,0.11516,0.079328,0.12736,0.11278,0.090353,0.093569,0.090755,0.12629,0.1083,0.3199,0.12413,0.073112,0.16258,0.091887,0.076239,0.094596,0.13742,0.077916,0.092474,0.098321,0.13228,0.12817,0,0.13759,0.076376,0.093354,0.25169,0.1292,0.13976,0.087977,0.18342,0.15773,0.060809,0.20499,0.0987,0.11386,0.12902,0.086686,0.10465,0.12823,0.12442,0.10016,0.085552,0.086259,0.14562,0.16375,0.11741,0.12513,0.11177,0.089175,0.094818,0.11352,0.11025,0.14441,0.1246,0.12068,0.11827,0.091663,0.10204
0.1223,0.083132,0.12867,0.19796,0.11141,0.17478,0.11487,0.12017,0.21233,0.1197,0.10164,0.12411,0.20455,0.10354,0.23399,0.16575,0.13146,0.12228,0.1407,0.12038,0.13883,0.1477,0.11151,0.17212,0.11741,0.11477,0.12754,0.11694,0.13931,0.10726,0.10889,0.13567,0.13223,0.1314,0.11839,0.28033,0.12854,0.10386,0.24873,0.11956,0.11877,0.12371,0.19182,0.13565,0.11518,0.12126,0.13128,0.11327,0.13759,0,0.11707,0.12267,0.23802,0.12141,0.12617,0.10976,0.14197,0.23743,0.11856,0.15697,0.098664,0.1308,0.12216,0.13407,0.12224,0.11025,0.12069,0.10927,0.088372,0.10546,0.12313,0.13621,0.093193,0.14892,0.11424,0.15208,0.1738,0.10881,0.12212,0.12636,0.19529,0.11291,0.17526,0.12662,0.121
0.074115,0.058293,0.077745,0.15942,0.055646,0.15169,0.062417,0.059523,0.17059,0.075346,0.068804,0.08584,0.15733,0.063964,0.17308,0.13817,0.05982,0.059614,0.091728,0.069535,0.072413,0.12109,0.047264,0.16774,0.070682,0.069236,0.062278,0.071695,0.089034,0.070318,0.08172,0.085761,0.069018,0.11006,0.069812,0.29206,0.074251,0.070974,0.20841,0.062796,0.070221,0.12203,0.1578,0.078891,0.061555,0.049398,0.080718,0.084129,0.076376,0.11707,0,0.049415,0.22275,0.070814,0.080565,0.044537,0.12631,0.19495,0.05808,0.15827,0.069333,0.080027,0.081051,0.093777,0.090104,0.067502,0.07406,0.054125,0.065721,0.039392,0.087528,0.10544,0.063954,0.11529,0.064609,0.11703,0.13724,0.054163,0.056576,0.085444,0.16719,0.06518,0.1334,0.065895,0.066529
0.088119,0.066131,0.10319,0.15719,0.081114,0.14853,0.077746,0.046844,0.16998,0.068774,0.075149,0.096717,0.15585,0.083021,0.18524,0.14073,0.086077,0.080177,0.11728,0.087789,0.094428,0.14247,0.069407,0.17602,0.071282,0.089156,0.068014,0.079956,0.11213,0.081733,0.10316,0.10056,0.10159,0.1165,0.060872,0.30052,0.10487,0.085105,0.20658,0.08334,0.079697,0.12258,0.1715,0.089488,0.064112,0.052639,0.097236,0.095214,0.093354,0.12267,0.049415,0,0.24219,0.090241,0.10158,0.063354,0.14383,0.19377,0.076718,0.17259,0.073525,0.10399,0.096205,0.10144,0.10691,0.090996,0.105,0.089926,0.073149,0.066654,0.10804,0.12571,0.086003,0.12257,0.071715,0.11199,0.13946,0.077837,0.067425,0.094629,0.16841,0.082582,0.15602,0.094397,0.08811
0.17398,0.21196,0.16952,0.31868,0.18587,0.29385,0.21388,0.26123,0.24969,0.26631,0.23712,0.23471,0.32779,0.20291,0.32405,0.22337,0.17623,0.19825,0.18696,0.21159,0.21922,0.18396,0.20528,0.25819,0.25868,0.18552,0.23551,0.24051,0.1945,0.2056,0.1932,0.21639,0.19009,0.20152,0.26059,0.42986,0.17922,0.20911,0.35921,0.1875,0.24173,0.23548,0.19936,0.26479,0.21552,0.22479,0.23432,0.188,0.25169,0.23802,0.22275,0.24219,0,0.19567,0.18599,0.23572,0.17344,0.35218,0.24429,0.22657,0.26524,0.19408,0.17375,0.25896,0.22201,0.18407,0.21582,0.18707,0.22097,0.23285,0.20025,0.18126,0.22079,0.21335,0.24176,0.2939,0.31863,0.20849,0.21347,0.20712,0.30893,0.18284,0.20953,0.19572,0.18182
0.069858,0.066905,0.079909,0.20813,0.04234,0.19229,0.054618,0.099177,0.20441,0.11177,0.10223,0.11057,0.20142,0.060162,0.18012,0.12929,0.066188,0.060108,0.10461,0.070396,0.095443,0.10466,0.049166,0.18359,0.11027,0.055788,0.069388,0.1049,0.099286,0.065647,0.10493,0.11047,0.10274,0.10719,0.096518,0.29087,0.085406,0.10024,0.25874,0.08588,0.10911,0.15158,0.18049,0.11617,0.097853,0.071176,0.099928,0.071747,0.1292,0.12141,0.070814,0.090241,0.19567,0,0.016651,0.088881,0.089522,0.2422,0.10581,0.14285,0.098147,0.10001,0.064925,0.12987,0.10873,0.055066,0.078215,0.066694,0.079258,0.082326,0.061411,0.080193,0.067763,0.13408,0.079045,0.16439,0.19171,0.064473,0.050846,0.074504,0.20989,0.067093,0.15847,0.10342,0.084228
0.06757,0.074308,0.08154,0.22077,0.047144,0.2027,0.059642,0.10986,0.21175,0.12378,0.11281,0.11818,0.21481,0.062241,0.18837,0.13461,0.065565,0.061362,0.10742,0.072908,0.098782,0.097161,0.056033,0.18927,0.11899,0.056609,0.078833,0.11368,0.098009,0.073455,0.10811,0.11476,0.10428,0.11311,0.10759,0.29502,0.082911,0.10787,0.27147,0.090755,0.11704,0.15975,0.18468,0.12933,0.10599,0.082097,0.10296,0.07193,0.13976,0.12617,0.080565,0.10158,0.18599,0.016651,0,0.096374,0.079746,0.25491,0.11541,0.13953,0.10996,0.10057,0.064784,0.13877,0.11299,0.052736,0.078671,0.06812,0.087169,0.089348,0.059305,0.071317,0.070965,0.13964,0.087262,0.17513,0.20312,0.069051,0.059053,0.074454,0.22147,0.068801,0.15961,0.10557,0.087285
0.080337,0.069486,0.085436,0.17164,0.069936,0.16609,0.072151,0.059916,0.19188,0.090253,0.084179,0.095734,0.16942,0.065489,0.18039,0.14074,0.075624,0.068035,0.10072,0.084654,0.088974,0.11518,0.062155,0.17647,0.064488,0.076299,0.078981,0.081608,0.083471,0.099937,0.089313,0.095406,0.084753,0.1162,0.080979,0.27428,0.085825,0.084335,0.22072,0.078397,0.070444,0.13233,0.17841,0.091891,0.064052,0.066306,0.079608,0.083942,0.087977,0.10976,0.044537,0.063354,0.23572,0.088881,0.096374,0,0.12679,0.20768,0.067395,0.15234,0.074031,0.086606,0.086056,0.093114,0.087646,0.076705,0.082242,0.064769,0.071841,0.039628,0.087311,0.10062,0.061113,0.14443,0.070951,0.10967,0.1396,0.06399,0.070822,0.088478,0.17847,0.074083,0.142,0.072897,0.079416
0.090102,0.1133,0.11381,0.26377,0.08788,0.25059,0.096016,0.14925,0.25654,0.16425,0.1577,0.15958,0.2607,0.083999,0.23243,0.17213,0.10058,0.09943,0.12155,0.12915,0.12968,0.091603,0.093619,0.22488,0.15227,0.090274,0.1207,0.15898,0.10611,0.12533,0.14337,0.15349,0.13307,0.14758,0.15114,0.31156,0.10246,0.14954,0.3151,0.12343,0.1566,0.19581,0.22128,0.18193,0.13593,0.13501,0.13078,0.093606,0.18342,0.14197,0.12631,0.14383,0.17344,0.089522,0.079746,0.12679,0,0.2988,0.15722,0.1122,0.15228,0.1134,0.094622,0.16051,0.12011,0.077234,0.098727,0.1024,0.13178,0.12775,0.071644,0.062433,0.09963,0.18224,0.13216,0.21951,0.24297,0.10283,0.10187,0.10244,0.26442,0.097895,0.18777,0.12979,0.11745
