0,0.1888,0.13025,0.14325,0.11456,0.12963,0.19506,0.18418,0.15117,0.15912,0.17261,0.25362,0.18196,0.13064,0.21914,0.17751,0.19527,0.28811,0.15262,0.12718,0.16838,0.2172,0.33744,0.096858,0.16697,0.13688,0.14477,0.13881,0.1521,0.15475,0.18812,0.26675,0.16882,0.19575,0.19476,0.15379,0.30799,0.10194,0.11634,0.13362,0.16288,0.17159,0.17419,0.14226,0.24649,0.14314,0.16397,0.1681,0.10753,0.16245,0.1818,0.14804,0.18368,0.26763,0.14369,0.17201,0.188,0.18407,0.13305,0.24749,0.20998,0.26784,0.16327,0.28495,0.13424,0.090372,0.13922,0.15384,0.1334,0.23054,0.18327,0.2134,0.17423,0.18573,0.1653,0.14147,0.15431,0.14538,0.15799,0.13794,0.23621,0.25385,0.15008,0.14403,0.18674,0.13399,0.14656,0.12484,0.14187,0.14148,0.23229,0.13359,0.14575,0.21771,0.17335,0.1436,0.17957,0.13373,0.1345,0.17332,0.1405,0.23966,0.18878,0.19034,0.14618,0.15779,0.19549,0.21549,0.23535,0.12524,0.1935,0.13699,0.22098,0.12767,0.1301,0.16507,0.19342,0.12282,0.13133,0.17044,0.16914,0.21297,0.10861,0.12038,0.1889,0.18896,0.14236,0.14626,0.19424,0.14798,0.14579,0.13198,0.15357,0.16372,0.15973,0.23517,0.15839,0.22786,0.16804,0.16308,0.16511,0.11357,0.14461,0.12547,0.15094,0.14551,0.30687,0.11993,0.1429,0.14704,0.1688,0.17683,0.12235,0.16153,0.16719,0.16138,0.23743,0.15393,0.15764,0.14341,0.18175,0.14157,0.1361,0.16178,0.16189,0.19169,0.12798,0.13132,0.12561,0.10669,0.16844,0.21642,0.15344,0.13837,0.14153,0.16383,0.18216,0.24769,0.1514,0.21609,0.12409,0.12481,0.2991,0.17055,0.20875,0.13506,0.17864,0.14801,0.16164,0.14664,0.14112,0.14794,0.17853,0.11057,0.11176,0.20947,0.1521,0.12449,0.14159,0.16516
0.1888,0,0.11978,0.16528,0.12956,0.15969,0.1841,0.16455,0.16645,0.16157,0.1842,0.21578,0.20644,0.15933,0.18875,0.20334,0.10534,0.25629,0.11444,0.16277,0.15123,0.24176,0.27668,0.17406,0.23549,0.16516,0.17394,0.13676,0.19248,0.14431,0.19874,0.26067,0.16327,0.17592,0.13788,0.17336,0.36585,0.15431,0.17913,0.14099,0.18864,0.09659,0.21178,0.15294,0.24026,0.14711,0.17942,0.12149,0.18126,0.15548,0.11876,0.17802,0.18554,0.32374,0.17828,0.21556,0.19885,0.19401,0.1702,0.16332,0.17603,0.33604,0.1379,0.23543,0.11462,0.20995,0.1619,0.17863,0.18027,0.21651,0.19837,0.20119,0.17133,0.17919,0.14477,0.16351,0.17013,0.16718,0.17177,0.11583,0.18699,0.23445,0.14552,0.16886,0.20557,0.14376,0.14094,0.14405,0.12482,0.1712,0.13821,0.12896,0.14832,0.20631,0.1901,0.14365,0.19934,0.13586,0.14505,0.15771,0.13731,0.22614,0.13399,0.20352,0.15656,0.097431,0.16065,0.20366,0.23143,0.16025,0.18429,0.10609,0.22311,0.14814,0.13603,0.1187,0.11272,0.13096,0.15218,0.1942,0.13323,0.1387,0.14959,0.12971,0.17825,0.1847,0.11848,0.16888,0.25096,0.11565,0.18123,0.16674,0.18411,0.1725,0.19781,0.21988,0.2155,0.23326,0.1973,0.10071,0.19374,0.19537,0.12025,0.15024,0.12466,0.18673,0.3473,0.16068,0.14164,0.15534,0.12418,0.19014,0.15307,0.13736,0.13461,0.13558,0.12153,0.12961,0.19939,0.15784,0.20512,0.15691,0.15829,0.17243,0.17726,0.21247,0.17166,0.1188,0.15963,0.14919,0.18801,0.23139,0.17988,0.13046,0.18971,0.17712,0.21748,0.17949,0.19562,0.16562,0.14877,0.15414,0.30366,0.22665,0.16883,0.1472,0.20281,0.11809,0.18632,0.1459,0.20563,0.14607,0.13843,0.14014,0.15559,0.19185,0.15488,0.13453,0.16187,0.14865
0.13025,0.11978,0,0.13619,0.084862,0.12173,0.11606,0.11656,0.11507,0.099626,0.15216,0.19894,0.13154,0.077779,0.19937,0.12681,0.14331,0.27635,0.076542,0.075486,0.096006,0.21773,0.31538,0.10079,0.1593,0.091551,0.10248,0.073747,0.11671,0.097263,0.12401,0.26277,0.11046,0.16678,0.13343,0.10629,0.30435,0.085077,0.12367,0.094306,0.1214,0.11296,0.12558,0.072563,0.23386,0.085678,0.13397,0.10789,0.10227,0.10506,0.122,0.10354,0.15344,0.31216,0.096483,0.14158,0.16919,0.12033,0.083796,0.20839,0.15259,0.27603,0.09388,0.25729,0.072039,0.13935,0.08557,0.12075,0.12934,0.21162,0.13077,0.19301,0.11265,0.15877,0.11695,0.078481,0.095022,0.080687,0.11713,0.063179,0.21138,0.23811,0.078239,0.08862,0.15898,0.069481,0.090223,0.084907,0.086349,0.088546,0.18324,0.08612,0.077191,0.19935,0.14488,0.085178,0.12322,0.081297,0.076851,0.13806,0.083875,0.19847,0.12656,0.1346,0.083994,0.10364,0.14765,0.19802,0.21896,0.071567,0.15878,0.070309,0.15051,0.079578,0.062303,0.12537,0.14926,0.053322,0.082619,0.11654,0.1193,0.13348,0.056625,0.094824,0.16187,0.11678,0.080221,0.088872,0.17781,0.1063,0.11105,0.084809,0.10068,0.10088,0.11464,0.21557,0.13878,0.23004,0.12329,0.10983,0.12124,0.11059,0.070646,0.096215,0.087878,0.11401,0.2845,0.06532,0.081916,0.08717,0.12241,0.11396,0.078802,0.13098,0.12985,0.090662,0.17629,0.079364,0.11965,0.089293,0.15436,0.099476,0.077209,0.11089,0.10271,0.17665,0.08581,0.095709,0.087429,0.072306,0.1511,0.20241,0.10288,0.060495,0.11812,0.1109,0.17829,0.21454,0.16165,0.18129,0.090908,0.080069,0.30368,0.13831,0.13695,0.085268,0.12316,0.07667,0.10926,0.090082,0.1466,0.08979,0.13695,0.10846,0.064603,0.19325,0.11991,0.066746,0.087135,0.12513
0.14325,0.16528,0.13619,0,0.15762,0.14351,0.2214,0.23005,0.10162,0.1436,0.12862,0.25346,0.2402,0.16515,0.13587,0.23666,0.11333,0.20374,0.12427,0.1555,0.15275,0.16677,0.241,0.17036,0.1719,0.19565,0.18769,0.14649,0.21573,0.19459,0.22969,0.19388,0.15633,0.12187,0.1118,0.19071,0.39019,0.14818,0.19603,0.15934,0.23133,0.10803,0.23471,0.14145,0.17173,0.14591,0.13886,0.16073,0.15166,0.13688,0.16872,0.12939,0.17703,0.28243,0.1543,0.17927,0.18431,0.22352,0.1845,0.16207,0.20243,0.36631,0.15283,0.19097,0.13548,0.15061,0.14422,0.14618,0.16729,0.166,0.24261,0.13651,0.20467,0.11338,0.1187,0.17183,0.19049,0.18308,0.18298,0.15674,0.14451,0.16988,0.12776,0.17795,0.1532,0.15148,0.18239,0.15543,0.13243,0.18629,0.16843,0.16918,0.18685,0.14658,0.1283,0.15561,0.22307,0.15637,0.16422,0.11006,0.13969,0.18187,0.12037,0.23229,0.19135,0.11747,0.12173,0.13857,0.16009,0.14403,0.14781,0.12764,0.23904,0.17151,0.15128,0.12177,0.16189,0.15095,0.16011,0.22441,0.11407,0.15202,0.12799,0.1584,0.10355,0.22521,0.10123,0.19237,0.27789,0.099823,0.20978,0.17547,0.18579,0.1567,0.22201,0.17812,0.22331,0.1667,0.23333,0.11498,0.20832,0.18986,0.13972,0.15951,0.14118,0.21293,0.38604,0.15376,0.14473,0.19474,0.10331,0.22072,0.13683,0.080833,0.089804,0.17473,0.2073,0.14487,0.22794,0.15943,0.12301,0.12422,0.1724,0.14349,0.21441,0.14255,0.18073,0.12441,0.14213,0.13113,0.1008,0.16955,0.2081,0.1506,0.15116,0.21195,0.14496,0.23756,0.17189,0.14196,0.16043,0.16249,0.22712,0.20784,0.18253,0.15031,0.23351,0.14744,0.21768,0.19173,0.17118,0.18119,0.14024,0.15664,0.15854,0.1412,0.15222,0.15042,0.15848,0.14531
0.11456,0.12956,0.084862,0.15762,0,0.11162,0.16034,0.14169,0.13851,0.13389,0.176,0.23462,0.15505,0.10744,0.21431,0.14933,0.16047,0.28551,0.10896,0.11052,0.12412,0.2353,0.31245,0.095401,0.17862,0.1003,0.13368,0.11045,0.13121,0.12109,0.15092,0.27337,0.12355,0.17985,0.15831,0.13038,0.31356,0.10318,0.12811,0.11164,0.13539,0.12776,0.15087,0.12075,0.24182,0.12866,0.15326,0.12795,0.11083,0.12405,0.13703,0.13313,0.16032,0.32297,0.12786,0.16249,0.18377,0.15083,0.11067,0.22339,0.17427,0.2734,0.11132,0.26292,0.1076,0.13803,0.12527,0.14965,0.13471,0.21631,0.14863,0.21248,0.1358,0.17556,0.13048,0.11442,0.11745,0.11366,0.11796,0.092325,0.21253,0.25361,0.1179,0.11559,0.17662,0.088321,0.11897,0.09898,0.10937,0.10327,0.18197,0.092825,0.10015,0.20452,0.16538,0.10316,0.14502,0.087596,0.09848,0.15703,0.12038,0.21939,0.15152,0.1668,0.11655,0.12813,0.16969,0.20981,0.23487,0.10065,0.17555,0.08728,0.18446,0.10722,0.09305,0.13657,0.15378,0.095801,0.11274,0.13885,0.13863,0.15417,0.094519,0.096704,0.18683,0.14229,0.10808,0.11249,0.17898,0.13322,0.13335,0.11253,0.12192,0.12962,0.13705,0.23563,0.15132,0.24357,0.14227,0.11727,0.13424,0.11591,0.10681,0.10268,0.098726,0.12077,0.29309,0.10099,0.10492,0.1007,0.14937,0.13899,0.11789,0.1487,0.15008,0.10347,0.1757,0.10974,0.13387,0.11923,0.1842,0.12267,0.10263,0.14236,0.13016,0.18676,0.10104,0.10198,0.10325,0.10579,0.17781,0.22094,0.12202,0.099046,0.14785,0.1367,0.19508,0.21989,0.15584,0.19303,0.12012,0.10657,0.31411,0.15671,0.17842,0.097282,0.14884,0.10462,0.13142,0.10822,0.14539,0.11819,0.15072,0.096151,0.084576,0.18981,0.12613,0.092186,0.13339,0.15028
0.12963,0.15969,0.12173,0.14351,0.11162,0,0.20813,0.1957,0.15404,0.15779,0.17773,0.25254,0.21714,0.16373,0.21523,0.21216,0.15243,0.26237,0.15584,0.15648,0.14875,0.22478,0.30772,0.14871,0.20999,0.17013,0.17939,0.15655,0.18971,0.18064,0.21093,0.2564,0.15224,0.18087,0.15343,0.19453,0.35788,0.15319,0.16079,0.15952,0.19742,0.14872,0.20832,0.15321,0.25136,0.15683,0.16672,0.1722,0.15538,0.16759,0.16926,0.14158,0.18721,0.29551,0.10922,0.1935,0.21527,0.21086,0.1626,0.22421,0.1837,0.3153,0.16007,0.27063,0.14287,0.1645,0.15816,0.16743,0.17089,0.23187,0.21507,0.21397,0.19982,0.1744,0.15828,0.16295,0.17594,0.16841,0.16289,0.13919,0.21762,0.25857,0.1427,0.17075,0.19136,0.14208,0.16252,0.13818,0.15945,0.16969,0.21425,0.11813,0.1646,0.21743,0.16652,0.14411,0.20679,0.14032,0.15266,0.15885,0.1489,0.25268,0.16064,0.21675,0.1655,0.15766,0.18807,0.20206,0.23783,0.1459,0.2068,0.14083,0.23001,0.15975,0.14789,0.16892,0.19786,0.13643,0.14757,0.20525,0.17936,0.17803,0.12315,0.12629,0.20002,0.21193,0.13076,0.1737,0.23861,0.13687,0.18183,0.15716,0.17731,0.17639,0.19928,0.23031,0.20741,0.22199,0.20304,0.14946,0.19575,0.1663,0.15378,0.15947,0.15745,0.18336,0.34467,0.14147,0.1477,0.16829,0.15088,0.20133,0.14438,0.13426,0.13985,0.18034,0.21108,0.15939,0.19557,0.17085,0.18411,0.15503,0.15154,0.16316,0.19271,0.18184,0.1581,0.12602,0.15158,0.13168,0.1865,0.22259,0.18815,0.12868,0.16735,0.20246,0.18808,0.22231,0.14061,0.19302,0.1485,0.15599,0.29735,0.20852,0.18318,0.14212,0.20933,0.13906,0.19805,0.17055,0.16381,0.16877,0.16246,0.099866,0.13434,0.17347,0.17181,0.14543,0.18309,0.16555
0.19506,0.1841,0.11606,0.2214,0.16034,0.20813,0,0.10896,0.17082,0.14574,0.22036,0.16422,0.099164,0.10582,0.26303,0.10668,0.21806,0.34864,0.12744,0.11812,0.14575,0.27148,0.38412,0.13734,0.18533,0.10172,0.11438,0.10911,0.10671,0.11443,0.074536,0.3234,0.16589,0.23977,0.19507,0.10876,0.25453,0.13674,0.14757,0.13004,0.10266,0.18922,0.10158,0.11169,0.29599,0.12271,0.17996,0.13766,0.14659,0.15016,0.16678,0.14846,0.18148,0.32745,0.1499,0.17058,0.24768,0.071209,0.093364,0.26828,0.17518,0.25022,0.13748,0.31754,0.11757,0.19753,0.12914,0.16777,0.15669,0.27466,0.092125,0.24619,0.10018,0.24038,0.1866,0.091641,0.093745,0.068139,0.15447,0.10457,0.28039,0.29028,0.1373,0.087735,0.21027,0.10619,0.10764,0.12429,0.14562,0.10989,0.23439,0.13173,0.086571,0.26492,0.2123,0.11589,0.079098,0.12843,0.10087,0.20702,0.12488,0.24277,0.18054,0.086776,0.096893,0.15763,0.21942,0.27442,0.28315,0.11453,0.19908,0.12918,0.12701,0.10284,0.11327,0.18994,0.18466,0.093345,0.12971,0.094492,0.18222,0.19818,0.12555,0.13516,0.22145,0.079603,0.16418,0.097408,0.14769,0.18925,0.1141,0.090284,0.11796,0.11909,0.091451,0.26933,0.11203,0.29526,0.094957,0.18424,0.10365,0.12562,0.12626,0.14685,0.14224,0.11758,0.23913,0.11013,0.1286,0.09026,0.19356,0.076258,0.13587,0.21452,0.21455,0.11917,0.21473,0.11912,0.10299,0.13185,0.21847,0.14833,0.10558,0.15917,0.080039,0.2342,0.10334,0.17082,0.1424,0.12993,0.21953,0.25472,0.098229,0.12226,0.15898,0.09431,0.24567,0.26671,0.22638,0.24776,0.15514,0.11922,0.36584,0.13043,0.18274,0.1185,0.094287,0.14745,0.10472,0.095283,0.18779,0.096706,0.18427,0.16706,0.10974,0.26078,0.1597,0.10981,0.10209,0.16279
0.18418,0.16455,0.11656,0.23005,0.14169,0.1957,0.10896,0,0.19959,0.16478,0.24724,0.21557,0.088882,0.11469,0.2837,0.085283,0.22277,0.37527,0.14501,0.13964,0.17034,0.3124,0.39976,0.13013,0.23581,0.089029,0.13596,0.13519,0.093565,0.085992,0.11395,0.3614,0.19484,0.26966,0.21839,0.13328,0.25708,0.1364,0.13096,0.1382,0.077239,0.19604,0.085693,0.14384,0.32724,0.14875,0.21172,0.14717,0.16935,0.17185,0.17576,0.19314,0.20684,0.33091,0.16171,0.20239,0.22941,0.1246,0.079583,0.28254,0.20774,0.22384,0.15212,0.34698,0.12086,0.20005,0.15871,0.21118,0.1734,0.30466,0.070584,0.28298,0.10023,0.25846,0.21174,0.13091,0.11866,0.095614,0.16727,0.099974,0.30323,0.32116,0.15788,0.12422,0.25122,0.13252,0.083176,0.13154,0.16293,0.10701,0.25422,0.11655,0.089233,0.29431,0.24382,0.14115,0.12455,0.13815,0.1249,0.23624,0.16077,0.28975,0.21398,0.13415,0.098195,0.16957,0.24577,0.30215,0.31545,0.13033,0.24541,0.14324,0.15588,0.090345,0.11995,0.21021,0.18539,0.10188,0.12865,0.092981,0.20919,0.19635,0.13544,0.12507,0.25357,0.1041,0.18334,0.098472,0.14004,0.19928,0.071498,0.11431,0.13891,0.16675,0.089658,0.29811,0.12726,0.32195,0.07679,0.19842,0.14276,0.11889,0.14532,0.14482,0.1683,0.10036,0.21933,0.12257,0.13624,0.088469,0.21134,0.10831,0.16282,0.22864,0.2275,0.12021,0.19466,0.14492,0.093741,0.15789,0.25784,0.18066,0.11174,0.1931,0.066306,0.26664,0.11548,0.16803,0.15982,0.13079,0.25055,0.29959,0.10236,0.12592,0.18728,0.10201,0.27032,0.25469,0.23168,0.27258,0.13857,0.13193,0.40219,0.17722,0.17525,0.13778,0.083948,0.15414,0.10206,0.084683,0.19414,0.083006,0.20287,0.15377,0.12085,0.28824,0.18452,0.11588,0.1282,0.19516
0.15117,0.16645,0.11507,0.10162,0.13851,0.15404,0.17082,0.19959,0,0.11104,0.1498,0.22166,0.19268,0.12471,0.17681,0.19081,0.14681,0.25283,0.094264,0.13254,0.11497,0.18837,0.28747,0.14536,0.14027,0.15177,0.16021,0.11843,0.16702,0.16886,0.17878,0.22643,0.1457,0.14902,0.12686,0.1375,0.33504,0.12172,0.17189,0.1325,0.19315,0.12464,0.18615,0.12287,0.19995,0.11677,0.14284,0.1298,0.1203,0.12288,0.13133,0.1023,0.15084,0.29532,0.13215,0.13993,0.20157,0.16856,0.15025,0.203,0.17676,0.31961,0.11118,0.2176,0.11973,0.14328,0.1142,0.13632,0.11033,0.18183,0.19502,0.16572,0.15758,0.15161,0.1156,0.13191,0.14584,0.13375,0.13953,0.12405,0.18548,0.20165,0.10673,0.13061,0.14055,0.11308,0.15802,0.13785,0.11919,0.14054,0.15677,0.13897,0.13682,0.16115,0.13139,0.12823,0.17437,0.12095,0.13697,0.13388,0.12276,0.18168,0.13224,0.17883,0.16143,0.12687,0.13729,0.17753,0.19525,0.11285,0.14504,0.093991,0.19763,0.14491,0.11665,0.12982,0.15641,0.11468,0.14892,0.17315,0.10661,0.1531,0.11165,0.13441,0.13697,0.17421,0.10087,0.15016,0.22417,0.12598,0.18461,0.13646,0.15131,0.10985,0.17405,0.22243,0.17017,0.21251,0.18805,0.1103,0.15606,0.15535,0.12997,0.14096,0.11145,0.17556,0.33247,0.12317,0.10866,0.14666,0.12251,0.1689,0.1231,0.11681,0.12142,0.14265,0.20717,0.11879,0.18122,0.13539,0.13847,0.094766,0.12665,0.11583,0.17139,0.14616,0.13605,0.12635,0.099642,0.11874,0.12951,0.17943,0.16547,0.13005,0.12228,0.16455,0.17427,0.2506,0.1886,0.17506,0.15945,0.14046,0.26326,0.16701,0.17422,0.10258,0.18301,0.13517,0.17695,0.15584,0.14032,0.15025,0.15005,0.14649,0.12293,0.17654,0.1539,0.11338,0.12217,0.13238
0.15912,0.16157,0.099626,0.1436,0.13389,0.15779,0.14574,0.16478,0.11104,0,0.15471,0.2257,0.16543,0.10968,0.18736,0.16105,0.15707,0.26527,0.097942,0.11273,0.11885,0.19373,0.30718,0.13905,0.15326,0.13217,0.14508,0.090615,0.13705,0.11642,0.14494,0.24418,0.15096,0.17667,0.14689,0.137,0.31241,0.12396,0.14929,0.098716,0.15182,0.12978,0.15844,0.089884,0.22525,0.094843,0.12387,0.15335,0.12183,0.12929,0.13241,0.10242,0.11995,0.30866,0.14456,0.14409,0.23469,0.14078,0.12942,0.20473,0.18508,0.29358,0.11018,0.24547,0.098813,0.14663,0.11802,0.12297,0.13638,0.20581,0.16349,0.18962,0.14592,0.15724,0.13795,0.10512,0.11614,0.11354,0.11091,0.10857,0.19931,0.23445,0.082816,0.1145,0.16643,0.091993,0.12314,0.12601,0.107,0.12234,0.18435,0.11334,0.12862,0.17669,0.15611,0.10507,0.1447,0.075762,0.10455,0.13608,0.095193,0.19312,0.13253,0.15805,0.12111,0.12618,0.15768,0.19626,0.21041,0.091491,0.14822,0.11687,0.18359,0.11514,0.097109,0.13873,0.15607,0.10478,0.12443,0.14956,0.12186,0.15758,0.10932,0.11627,0.15797,0.13527,0.10464,0.11923,0.20815,0.12277,0.14566,0.10611,0.11543,0.1094,0.14929,0.20378,0.1503,0.22056,0.15492,0.12768,0.13432,0.1383,0.093309,0.12365,0.11685,0.14398,0.30827,0.11566,0.092377,0.11921,0.14043,0.1372,0.10742,0.14005,0.14238,0.12976,0.17896,0.1029,0.15457,0.10142,0.15651,0.11231,0.11692,0.12188,0.14087,0.16105,0.12321,0.13911,0.11053,0.097456,0.14823,0.20423,0.14574,0.090771,0.1343,0.13772,0.18044,0.22347,0.19972,0.16896,0.13932,0.088351,0.28491,0.13246,0.16508,0.1111,0.15989,0.12712,0.14235,0.13703,0.1519,0.12814,0.14701,0.12812,0.098202,0.21173,0.14579,0.096285,0.10394,0.10356
0.17261,0.1842,0.15216,0.12862,0.176,0.17773,0.22036,0.24724,0.1498,0.15471,0,0.24506,0.24657,0.15804,0.12142,0.23683,0.14693,0.16517,0.15922,0.14343,0.15444,0.10569,0.24878,0.19605,0.13505,0.19792,0.18291,0.1487,0.22323,0.2045,0.22849,0.15678,0.12243,0.093175,0.12842,0.189,0.4151,0.14644,0.19579,0.16601,0.23732,0.12093,0.24293,0.13743,0.12096,0.14123,0.1385,0.19907,0.14461,0.15287,0.18076,0.14727,0.16023,0.31838,0.17718,0.14825,0.20521,0.2167,0.20304,0.16718,0.16981,0.38446,0.16625,0.18126,0.16379,0.17797,0.14879,0.10031,0.17831,0.098926,0.24973,0.13459,0.22001,0.080769,0.084268,0.16145,0.18769,0.19181,0.17029,0.16728,0.14303,0.14504,0.14996,0.17992,0.12277,0.16282,0.19805,0.17283,0.12207,0.18278,0.18058,0.18438,0.19424,0.10686,0.10324,0.16047,0.2196,0.15755,0.16062,0.077156,0.1327,0.12696,0.12966,0.23213,0.18196,0.1511,0.082367,0.087941,0.10944,0.14668,0.11143,0.15293,0.24629,0.17821,0.14723,0.11022,0.19935,0.16362,0.15063,0.22059,0.1082,0.20106,0.13656,0.17456,0.091448,0.21879,0.090797,0.18837,0.29619,0.086563,0.2198,0.18303,0.17015,0.15691,0.22276,0.13479,0.22349,0.12523,0.23636,0.11313,0.20464,0.20929,0.123,0.16168,0.12356,0.20968,0.40846,0.15217,0.16001,0.20709,0.11769,0.2217,0.11317,0.10357,0.099904,0.17531,0.23794,0.13436,0.2295,0.13609,0.060281,0.12257,0.17589,0.10737,0.21986,0.12423,0.18679,0.15982,0.13819,0.16533,0.061584,0.11403,0.20428,0.15043,0.13854,0.20784,0.092324,0.21232,0.14019,0.12627,0.14869,0.15657,0.17121,0.18412,0.2115,0.16001,0.23916,0.12735,0.20512,0.19481,0.23433,0.19839,0.17723,0.16488,0.16089,0.14269,0.14346,0.1605,0.16648,0.14116
0.25362,0.21578,0.19894,0.25346,0.23462,0.25254,0.16422,0.21557,0.22166,0.2257,0.24506,0,0.2173,0.19366,0.28409,0.21705,0.23087,0.34041,0.17912,0.2059,0.19591,0.27643,0.38941,0.23187,0.25194,0.19659,0.19529,0.19126,0.20611,0.2192,0.19539,0.31889,0.2273,0.25323,0.22841,0.1901,0.3143,0.20297,0.21064,0.19371,0.21297,0.2292,0.22344,0.18672,0.30738,0.20806,0.23662,0.20101,0.2215,0.21929,0.22568,0.20223,0.23578,0.37854,0.21439,0.23829,0.28248,0.19373,0.20263,0.28148,0.18975,0.3078,0.21848,0.32464,0.19199,0.26634,0.19963,0.20408,0.21369,0.28563,0.20758,0.27151,0.19019,0.26315,0.2218,0.18677,0.19411,0.18296,0.21136,0.17773,0.29536,0.29741,0.20327,0.18652,0.2435,0.19992,0.19357,0.20597,0.20251,0.20902,0.2502,0.18311,0.17925,0.28017,0.23986,0.18578,0.19595,0.20433,0.18672,0.23821,0.19402,0.27878,0.21653,0.17744,0.19546,0.21103,0.24276,0.28667,0.30674,0.20423,0.24014,0.18448,0.24174,0.19525,0.20042,0.22474,0.22241,0.17381,0.20695,0.20131,0.22615,0.2756,0.1962,0.21658,0.24756,0.19969,0.21134,0.18735,0.24292,0.21814,0.22501,0.19892,0.21156,0.19926,0.21158,0.2889,0.20187,0.29897,0.21416,0.20714,0.19661,0.22291,0.19266,0.2152,0.19312,0.21781,0.31511,0.20366,0.19094,0.19178,0.22142,0.19398,0.19763,0.23707,0.23645,0.20025,0.27154,0.19418,0.21637,0.204,0.24689,0.19848,0.20307,0.21715,0.19214,0.27955,0.20275,0.20875,0.20266,0.21637,0.24369,0.25947,0.19294,0.18518,0.20975,0.19363,0.27646,0.29852,0.26162,0.26792,0.22084,0.20654,0.35394,0.23546,0.24261,0.19541,0.21215,0.19967,0.20637,0.19773,0.264,0.20816,0.21971,0.22064,0.20185,0.26424,0.22993,0.19691,0.19056,0.20563
0.18196,0.20644,0.13154,0.2402,0.15505,0.21714,0.099164,0.088882,0.19268,0.16543,0.24657,0.2173,0,0.10341,0.30515,0.049068,0.2577,0.39064,0.1581,0.1285,0.17796,0.31105,0.41632,0.10867,0.20538,0.069507,0.12751,0.13359,0.061805,0.104,0.078289,0.36993,0.19793,0.27697,0.24415,0.091931,0.22396,0.13221,0.14017,0.13845,0.059115,0.22272,0.044448,0.13967,0.331,0.1453,0.22108,0.16606,0.15148,0.17102,0.18341,0.18014,0.21829,0.3234,0.16885,0.18065,0.23419,0.087497,0.074478,0.31632,0.21874,0.19681,0.14123,0.36096,0.14549,0.18335,0.15067,0.2019,0.15788,0.30494,0.039708,0.29579,0.06892,0.26492,0.21755,0.11682,0.098389,0.079934,0.15931,0.1304,0.31929,0.33386,0.16292,0.10756,0.22933,0.13376,0.10589,0.13636,0.16653,0.092663,0.26543,0.13467,0.082361,0.29605,0.24382,0.15564,0.087875,0.14857,0.12124,0.2498,0.16681,0.27665,0.22943,0.10063,0.10242,0.1934,0.2488,0.30617,0.31337,0.12374,0.23967,0.14729,0.13124,0.10407,0.11606,0.22845,0.21401,0.1139,0.13545,0.050341,0.21114,0.22503,0.13974,0.14317,0.25774,0.081068,0.1933,0.078124,0.089268,0.21096,0.075506,0.1046,0.12444,0.15004,0.045078,0.31335,0.088165,0.33509,0.045019,0.20911,0.10984,0.084786,0.15452,0.12778,0.17153,0.073095,0.18459,0.1197,0.14429,0.085721,0.23583,0.070873,0.15658,0.25011,0.24862,0.12069,0.24657,0.15297,0.054236,0.15184,0.25216,0.17116,0.10659,0.18486,0.050278,0.26849,0.092198,0.18739,0.1508,0.14162,0.24473,0.28802,0.072182,0.14112,0.17271,0.064876,0.26669,0.29765,0.23757,0.29191,0.15047,0.12022,0.40574,0.14839,0.20182,0.14373,0.040547,0.17038,0.069727,0.08557,0.19032,0.086773,0.22656,0.17259,0.11683,0.30388,0.19123,0.11784,0.10827,0.20646
0.13064,0.15933,0.077779,0.16515,0.10744,0.16373,0.10582,0.11469,0.12471,0.10968,0.15804,0.19366,0.10341,0,0.21632,0.094283,0.18235,0.30325,0.095712,0.059944,0.11598,0.22449,0.34248,0.092485,0.14085,0.058275,0.090458,0.078574,0.083913,0.094725,0.096531,0.28133,0.12506,0.18952,0.16781,0.076464,0.28381,0.057294,0.10532,0.093477,0.10285,0.14412,0.094384,0.074694,0.23693,0.088496,0.14397,0.13576,0.078321,0.11873,0.14347,0.12459,0.1443,0.30271,0.11531,0.11932,0.19032,0.092987,0.063887,0.23644,0.15697,0.25181,0.10174,0.27377,0.088799,0.1254,0.09226,0.12785,0.10274,0.21278,0.10009,0.21285,0.091471,0.18091,0.1306,0.064386,0.065112,0.058041,0.10258,0.068663,0.23547,0.24319,0.10546,0.060724,0.16528,0.080701,0.089068,0.099011,0.092353,0.04677,0.20234,0.093322,0.061213,0.20594,0.1543,0.092488,0.09433,0.088586,0.067774,0.16221,0.10234,0.20042,0.16491,0.11236,0.070737,0.1343,0.1661,0.21745,0.23232,0.056018,0.16744,0.088169,0.14836,0.061838,0.043821,0.15089,0.16791,0.059734,0.083143,0.073244,0.13311,0.18399,0.072919,0.097456,0.17442,0.087206,0.10902,0.05549,0.1558,0.13657,0.092606,0.076551,0.073982,0.093301,0.076194,0.23159,0.097243,0.25088,0.094681,0.13454,0.088623,0.081642,0.084785,0.095623,0.099032,0.076512,0.26438,0.048948,0.085111,0.072074,0.15408,0.085871,0.084707,0.16418,0.16214,0.072162,0.20534,0.074486,0.085954,0.095648,0.16715,0.10237,0.060373,0.1056,0.074745,0.18733,0.063902,0.13189,0.06665,0.095614,0.16051,0.20827,0.067236,0.081128,0.10347,0.078958,0.19261,0.23496,0.17649,0.20927,0.098238,0.079204,0.31385,0.1019,0.16886,0.074482,0.093567,0.098596,0.073148,0.071792,0.16075,0.077187,0.16736,0.11569,0.058313,0.22285,0.1304,0.068974,0.068592,0.13788
0.21914,0.18875,0.19937,0.13587,0.21431,0.21523,0.26303,0.2837,0.17681,0.18736,0.12142,0.28409,0.30515,0.21632,0,0.29471,0.12248,0.13698,0.17793,0.20228,0.19528,0.13306,0.1901,0.24687,0.19211,0.25367,0.23718,0.18993,0.27874,0.24365,0.2792,0.12814,0.17345,0.099896,0.11982,0.25182,0.45854,0.20331,0.24572,0.20719,0.28829,0.10934,0.2991,0.18556,0.10723,0.18837,0.14805,0.21338,0.19903,0.18195,0.20252,0.193,0.17302,0.33254,0.23018,0.21112,0.23736,0.26698,0.25197,0.084783,0.21301,0.43735,0.21522,0.11787,0.18737,0.22214,0.20925,0.16457,0.22448,0.11219,0.29841,0.075248,0.27079,0.12195,0.12867,0.21452,0.23978,0.23983,0.219,0.20079,0.087964,0.092104,0.17594,0.22786,0.18208,0.19821,0.2343,0.21832,0.15783,0.2413,0.17597,0.22646,0.24408,0.10853,0.14582,0.19022,0.26976,0.19244,0.2106,0.0844,0.16772,0.15226,0.13333,0.28673,0.23116,0.15025,0.12338,0.10649,0.11817,0.19927,0.12622,0.18792,0.29236,0.22054,0.20402,0.11604,0.18696,0.20898,0.20662,0.28086,0.13038,0.18922,0.19204,0.20584,0.093275,0.26737,0.13155,0.24578,0.35068,0.13051,0.26827,0.22712,0.22391,0.1972,0.2798,0.10349,0.27897,0.11009,0.28874,0.13635,0.25554,0.26752,0.1681,0.22475,0.16426,0.27031,0.4625,0.21041,0.19746,0.25035,0.10675,0.27311,0.17989,0.09992,0.10553,0.2146,0.19954,0.17144,0.28719,0.18935,0.12932,0.16741,0.22592,0.16726,0.27091,0.12915,0.24247,0.18461,0.19044,0.19883,0.11956,0.15203,0.26073,0.19601,0.20592,0.26535,0.14396,0.20544,0.20077,0.089261,0.21046,0.21033,0.16098,0.2358,0.223,0.19324,0.29495,0.17151,0.26901,0.24121,0.25059,0.24244,0.161,0.20492,0.21667,0.13078,0.16192,0.2049,0.21711,0.14521
0.17751,0.20334,0.12681,0.23666,0.14933,0.21216,0.10668,0.085283,0.19081,0.16105,0.23683,0.21705,0.049068,0.094283,0.29471,0,0.25303,0.3831,0.15738,0.12018,0.17685,0.30307,0.41232,0.11661,0.19998,0.064962,0.11405,0.13842,0.051861,0.10984,0.08198,0.36446,0.18618,0.27155,0.23496,0.089548,0.23803,0.11592,0.12668,0.13923,0.061731,0.21619,0.042225,0.13576,0.32261,0.14175,0.21864,0.16935,0.15334,0.16338,0.18264,0.17962,0.21403,0.33729,0.16395,0.17203,0.22646,0.091203,0.070085,0.30698,0.21977,0.20043,0.14224,0.35647,0.14371,0.17916,0.14074,0.19712,0.15031,0.29561,0.045552,0.28844,0.084168,0.26113,0.20865,0.10837,0.090747,0.077041,0.1627,0.12314,0.31573,0.31966,0.16275,0.10462,0.22944,0.13456,0.10108,0.13545,0.1626,0.079585,0.26739,0.12839,0.074986,0.2907,0.23321,0.14984,0.09,0.14498,0.1138,0.24093,0.16481,0.27571,0.23066,0.10062,0.094642,0.193,0.24394,0.29981,0.30431,0.12157,0.2397,0.15031,0.12278,0.092014,0.1122,0.22036,0.21566,0.10972,0.11316,0.035936,0.20987,0.22195,0.1318,0.14731,0.25078,0.078304,0.18594,0.076892,0.10369,0.20591,0.079732,0.10007,0.10852,0.14642,0.039579,0.30428,0.077515,0.32572,0.044448,0.20255,0.10508,0.093178,0.14928,0.13673,0.16306,0.072189,0.19015,0.11289,0.13604,0.078262,0.22632,0.074554,0.14519,0.242,0.24025,0.11704,0.24108,0.14169,0.063609,0.13969,0.24541,0.16871,0.096738,0.18101,0.050812,0.26165,0.099282,0.18578,0.13573,0.1425,0.23807,0.27942,0.07292,0.13964,0.16542,0.067078,0.25924,0.2947,0.22406,0.28907,0.13227,0.12098,0.39667,0.14055,0.20306,0.13693,0.028478,0.15416,0.064975,0.088423,0.1948,0.092991,0.22393,0.16982,0.10962,0.29467,0.19193,0.11523,0.10819,0.2024
0.19527,0.10534,0.14331,0.11333,0.16047,0.15243,0.21806,0.22277,0.14681,0.15707,0.14693,0.23087,0.2577,0.18235,0.12248,0.25303,0,0.18401,0.12049,0.17674,0.14736,0.18097,0.21732,0.2082,0.21768,0.20829,0.19707,0.15251,0.23549,0.19105,0.2344,0.18552,0.15853,0.12193,0.081775,0.21423,0.40971,0.17733,0.20447,0.1611,0.23952,0.070553,0.25574,0.15424,0.18068,0.15438,0.13762,0.15392,0.1838,0.15722,0.1585,0.16225,0.15681,0.32551,0.17875,0.21104,0.21671,0.23002,0.20412,0.10326,0.16254,0.38531,0.15992,0.1674,0.12999,0.21058,0.16948,0.157,0.19034,0.1698,0.25084,0.139,0.21581,0.12811,0.12216,0.18343,0.19746,0.19639,0.18059,0.14422,0.11849,0.17279,0.14044,0.1892,0.18193,0.1554,0.17917,0.16414,0.12725,0.20351,0.12408,0.16245,0.19339,0.14866,0.15338,0.14213,0.23144,0.14839,0.16955,0.10162,0.13416,0.19225,0.091556,0.23821,0.18961,0.093799,0.12557,0.14677,0.18034,0.16587,0.15033,0.13031,0.25493,0.17804,0.15958,0.099524,0.11847,0.15763,0.17728,0.23924,0.11686,0.14353,0.15723,0.15898,0.12201,0.22405,0.10029,0.20579,0.30087,0.098668,0.2234,0.19075,0.1993,0.1709,0.24081,0.16326,0.248,0.16339,0.24494,0.095555,0.21843,0.22484,0.12853,0.1767,0.13263,0.22578,0.4049,0.17794,0.14971,0.19716,0.077294,0.2278,0.15953,0.074336,0.074584,0.17537,0.13785,0.13797,0.24471,0.17011,0.15849,0.1443,0.18749,0.15611,0.22292,0.16863,0.198,0.12519,0.1704,0.15459,0.14262,0.19173,0.22169,0.14242,0.17996,0.22079,0.17739,0.16789,0.18938,0.099142,0.1787,0.1761,0.2322,0.22969,0.18049,0.15208,0.25023,0.13964,0.23177,0.19228,0.20665,0.18911,0.10764,0.15157,0.17334,0.1314,0.14521,0.15835,0.18185,0.12581
0.28811,0.25629,0.27635,0.20374,0.28551,0.26237,0.34864,0.37527,0.25283,0.26527,0.16517,0.34041,0.39064,0.30325,0.13698,0.3831,0.18401,0,0.26343,0.28222,0.25793,0.13144,0.18938,0.32713,0.26415,0.3392,0.316,0.27335,0.36542,0.32958,0.36368,0.080122,0.23826,0.14044,0.19101,0.33012,0.53533,0.28673,0.32273,0.28611,0.37364,0.1989,0.38726,0.26882,0.12956,0.26832,0.21991,0.29594,0.27686,0.26622,0.27684,0.25292,0.24697,0.39456,0.2942,0.2804,0.3021,0.35125,0.34181,0.1552,0.26823,0.51592,0.28659,0.13015,0.27245,0.29523,0.2736,0.21616,0.30179,0.14074,0.38928,0.15842,0.35599,0.14947,0.19253,0.29579,0.32288,0.32832,0.28622,0.2884,0.11753,0.15422,0.26123,0.31309,0.22395,0.2837,0.32322,0.29073,0.24114,0.32331,0.21778,0.30242,0.32919,0.13398,0.19432,0.27153,0.35465,0.27188,0.28862,0.15199,0.24496,0.19326,0.19539,0.36473,0.31627,0.23597,0.16421,0.1082,0.14508,0.28539,0.19366,0.26686,0.37787,0.31263,0.28546,0.1851,0.26644,0.29248,0.28907,0.36718,0.20064,0.27192,0.27372,0.28972,0.1651,0.35468,0.20573,0.32938,0.43286,0.19286,0.35873,0.31349,0.3082,0.27987,0.3683,0.15203,0.36703,0.10955,0.37897,0.20402,0.33664,0.34757,0.24615,0.29187,0.23964,0.35325,0.54336,0.29448,0.28126,0.33546,0.18663,0.35704,0.25012,0.16311,0.16513,0.30519,0.2898,0.26001,0.37208,0.26393,0.17053,0.24487,0.31129,0.2365,0.35966,0.18862,0.32328,0.25101,0.27201,0.28526,0.17062,0.17773,0.34737,0.27217,0.26673,0.34886,0.18109,0.24971,0.2454,0.12892,0.28625,0.2888,0.088147,0.31857,0.31156,0.28358,0.38358,0.24909,0.35033,0.32956,0.32939,0.33095,0.24281,0.27644,0.29436,0.15721,0.2474,0.28996,0.30264,0.22909
0.15262,0.11444,0.076542,0.12427,0.10896,0.15584,0.12744,0.14501,0.094264,0.097942,0.15922,0.17912,0.1581,0.095712,0.17793,0.15738,0.12049,0.26343,0,0.10304,0.087584,0.20891,0.28465,0.12542,0.16264,0.11668,0.12813,0.081156,0.14005,0.11819,0.13807,0.24412,0.13125,0.1556,0.12211,0.11775,0.31034,0.10466,0.14525,0.089908,0.14823,0.096334,0.15693,0.083593,0.2154,0.10042,0.11998,0.099658,0.11261,0.1011,0.11846,0.10159,0.14132,0.31617,0.13148,0.14725,0.18946,0.13292,0.11543,0.17935,0.15372,0.29461,0.10104,0.22475,0.067455,0.14975,0.10585,0.12475,0.12353,0.19554,0.15104,0.16963,0.11873,0.15345,0.11521,0.10101,0.11072,0.099968,0.11979,0.074098,0.18207,0.21218,0.081062,0.096445,0.15684,0.079561,0.10841,0.10078,0.0745,0.11141,0.14512,0.10445,0.097031,0.17362,0.14292,0.078155,0.13632,0.084126,0.091259,0.13018,0.091478,0.18315,0.10856,0.14697,0.11707,0.080426,0.13853,0.19052,0.20918,0.087207,0.13578,0.049287,0.17705,0.10043,0.083885,0.11321,0.11381,0.077744,0.12168,0.14098,0.092264,0.13092,0.093615,0.11278,0.13864,0.12926,0.083714,0.11176,0.19885,0.11001,0.14591,0.1064,0.12214,0.091212,0.14426,0.20669,0.15547,0.22348,0.15208,0.089793,0.12305,0.13465,0.079227,0.1123,0.077642,0.14292,0.30405,0.10646,0.071511,0.10089,0.10651,0.12902,0.10858,0.12029,0.12182,0.090127,0.15337,0.079522,0.14809,0.10345,0.15772,0.090146,0.10535,0.1175,0.12585,0.17116,0.1069,0.1017,0.092892,0.0917,0.14327,0.19312,0.1247,0.081207,0.13042,0.12804,0.18625,0.21874,0.19328,0.16143,0.13501,0.10508,0.289,0.15242,0.15822,0.085438,0.15319,0.10721,0.13733,0.11128,0.14378,0.1115,0.10829,0.12871,0.097754,0.18517,0.11682,0.080708,0.094167,0.11182
0.12718,0.16277,0.075486,0.1555,0.11052,0.15648,0.11812,0.13964,0.13254,0.11273,0.14343,0.2059,0.1285,0.059944,0.20228,0.12018,0.17674,0.28222,0.10304,0,0.1199,0.20562,0.32729,0.09649,0.11745,0.095577,0.086542,0.086929,0.11693,0.11933,0.10469,0.2619,0.098601,0.17063,0.15685,0.099754,0.29869,0.069649,0.12423,0.10691,0.12102,0.13969,0.12183,0.055205,0.22276,0.074872,0.11997,0.14764,0.074656,0.10708,0.14801,0.10832,0.14986,0.30531,0.11612,0.11601,0.18052,0.094965,0.088523,0.21973,0.17124,0.27425,0.11569,0.26048,0.088087,0.11278,0.08416,0.10207,0.12176,0.19978,0.12821,0.18601,0.12597,0.17058,0.11948,0.052074,0.071957,0.075852,0.1224,0.09006,0.22113,0.22473,0.10445,0.068459,0.14577,0.083858,0.10132,0.093084,0.085595,0.077544,0.20399,0.1111,0.088841,0.19571,0.13354,0.092712,0.097474,0.10397,0.054911,0.14195,0.08381,0.17921,0.1528,0.12426,0.071424,0.12527,0.15318,0.19614,0.2082,0.067899,0.14947,0.099114,0.13886,0.080751,0.070169,0.14374,0.17469,0.077007,0.072171,0.10759,0.12541,0.18051,0.079877,0.11086,0.15487,0.10754,0.096596,0.088111,0.17805,0.12426,0.11094,0.071634,0.075822,0.083689,0.09998,0.19865,0.12572,0.22919,0.11929,0.13252,0.091803,0.095347,0.078251,0.11063,0.091666,0.10286,0.28237,0.064623,0.10385,0.092589,0.13981,0.096275,0.060549,0.15331,0.15452,0.096904,0.21131,0.068375,0.11435,0.085215,0.14546,0.091246,0.073019,0.089141,0.10595,0.16754,0.082745,0.13431,0.075221,0.098396,0.14279,0.17706,0.095643,0.087079,0.099992,0.10478,0.1659,0.23523,0.15485,0.19287,0.094245,0.079643,0.2962,0.089185,0.1761,0.091869,0.11913,0.087586,0.10256,0.089505,0.16239,0.099349,0.15932,0.12795,0.068785,0.20432,0.11154,0.082523,0.078545,0.12871
0.16838,0.15123,0.096006,0.15275,0.12412,0.14875,0.14575,0.17034,0.11497,0.11885,0.15444,0.19591,0.17796,0.11598,0.19528,0.17685,0.14736,0.25793,0.087584,0.1199,0,0.201,0.29179,0.14741,0.16287,0.13739,0.15275,0.10587,0.16514,0.15621,0.16309,0.23585,0.1206,0.15707,0.13195,0.14318,0.32662,0.1228,0.14645,0.11749,0.17021,0.12807,0.17264,0.11063,0.21862,0.11762,0.12035,0.12769,0.11414,0.12003,0.14531,0.094057,0.15302,0.33439,0.11815,0.10829,0.20437,0.15452,0.14411,0.20547,0.12853,0.31518,0.12916,0.23186,0.107,0.17315,0.12058,0.11815,0.1343,0.1954,0.1739,0.18407,0.15074,0.14224,0.12145,0.11611,0.14021,0.12473,0.11672,0.10518,0.19706,0.22372,0.10282,0.1215,0.13878,0.10708,0.13942,0.10965,0.099442,0.11449,0.18276,0.13203,0.11986,0.17259,0.12945,0.083333,0.1614,0.10295,0.12377,0.13278,0.11814,0.18516,0.11977,0.1748,0.13548,0.13038,0.14009,0.19059,0.20761,0.10559,0.13888,0.091207,0.20223,0.12965,0.10204,0.13599,0.17445,0.10095,0.14286,0.16171,0.11628,0.15651,0.10634,0.13411,0.15931,0.1601,0.10207,0.12623,0.21395,0.12906,0.16892,0.12249,0.13385,0.10217,0.16207,0.21893,0.17726,0.21739,0.17189,0.11693,0.14285,0.15629,0.10743,0.13058,0.099903,0.15987,0.32632,0.12018,0.085557,0.13017,0.1223,0.15315,0.11916,0.12876,0.12784,0.12651,0.19336,0.11581,0.16044,0.11463,0.14676,0.099762,0.11152,0.10123,0.1478,0.15146,0.11003,0.11991,0.10736,0.11512,0.15069,0.18273,0.13975,0.088381,0.1275,0.15424,0.16567,0.22309,0.18434,0.17205,0.15766,0.13245,0.28026,0.16572,0.19623,0.099165,0.17456,0.12471,0.14756,0.13571,0.17322,0.14366,0.13856,0.14032,0.10981,0.18987,0.13459,0.10738,0.13447,0.14246
0.2172,0.24176,0.21773,0.16677,0.2353,0.22478,0.27148,0.3124,0.18837,0.19373,0.10569,0.27643,0.31105,0.22449,0.13306,0.30307,0.18097,0.13144,0.20891,0.20562,0.201,0,0.26278,0.2588,0.17251,0.26278,0.23504,0.20064,0.28322,0.26419,0.28093,0.089272,0.18746,0.11891,0.168,0.25317,0.44019,0.21235,0.24032,0.22258,0.29497,0.17987,0.30386,0.19229,0.12057,0.19242,0.14929,0.24379,0.19473,0.20628,0.23272,0.17759,0.17292,0.34739,0.233,0.19541,0.2648,0.2678,0.26502,0.1838,0.21669,0.42637,0.22875,0.16172,0.20913,0.2213,0.19459,0.12551,0.21811,0.12333,0.31072,0.1356,0.28268,0.1238,0.14455,0.2125,0.24152,0.24892,0.20815,0.22666,0.14866,0.15026,0.19414,0.2301,0.15288,0.21469,0.25315,0.22517,0.17906,0.24671,0.21503,0.24046,0.25966,0.10674,0.1336,0.20285,0.26952,0.20387,0.2169,0.10732,0.17021,0.15154,0.16577,0.27798,0.238,0.19554,0.13151,0.11232,0.13366,0.21039,0.13736,0.21512,0.30583,0.23719,0.21642,0.14815,0.23455,0.22049,0.22103,0.28501,0.1588,0.26149,0.20528,0.22741,0.12281,0.27593,0.15416,0.25024,0.34728,0.15885,0.28424,0.23165,0.22177,0.20056,0.28402,0.13866,0.27446,0.08928,0.29723,0.16911,0.2528,0.26542,0.1816,0.22428,0.18201,0.27354,0.45633,0.21967,0.21471,0.26095,0.15063,0.27461,0.17021,0.13548,0.13966,0.2484,0.27833,0.1984,0.29154,0.1855,0.10008,0.17384,0.23353,0.15789,0.28094,0.13463,0.24401,0.19743,0.19572,0.21618,0.10164,0.12849,0.26828,0.20644,0.17261,0.26661,0.12572,0.24595,0.20476,0.13104,0.23,0.20951,0.11032,0.22246,0.26731,0.2098,0.30226,0.19269,0.2705,0.26065,0.26141,0.2658,0.20627,0.21867,0.21537,0.15279,0.18988,0.2189,0.21964,0.15689
0.33744,0.27668,0.31538,0.241,0.31245,0.30772,0.38412,0.39976,0.28747,0.30718,0.24878,0.38941,0.41632,0.34248,0.1901,0.41232,0.21732,0.18938,0.28465,0.32729,0.29179,0.26278,0,0.35014,0.3148,0.36988,0.35657,0.31198,0.39912,0.36146,0.39201,0.21764,0.27836,0.21064,0.23032,0.35956,0.57602,0.32979,0.36875,0.31216,0.40256,0.22248,0.42077,0.30912,0.21708,0.30995,0.27039,0.31385,0.32358,0.27834,0.29568,0.29385,0.31445,0.41193,0.34113,0.31743,0.32699,0.38308,0.37263,0.17608,0.30596,0.5522,0.30615,0.18231,0.31084,0.33876,0.3312,0.2897,0.33501,0.21388,0.41477,0.20718,0.3725,0.21782,0.25543,0.33987,0.35708,0.36185,0.33708,0.32851,0.15433,0.20085,0.29546,0.34804,0.26376,0.31477,0.35221,0.31685,0.27002,0.35845,0.23508,0.34149,0.35708,0.2093,0.26227,0.30288,0.38437,0.31335,0.32951,0.22317,0.30082,0.24344,0.22529,0.40289,0.35871,0.25707,0.22966,0.19865,0.17982,0.31958,0.22597,0.28656,0.39247,0.34619,0.317,0.24611,0.28475,0.33677,0.33031,0.40062,0.23877,0.25123,0.31613,0.33079,0.2106,0.38389,0.25397,0.36686,0.45703,0.2397,0.38926,0.34847,0.34589,0.30411,0.40184,0.21982,0.40643,0.22046,0.40812,0.23614,0.36088,0.38163,0.28974,0.32109,0.27737,0.38319,0.57199,0.34212,0.30198,0.36457,0.23346,0.38649,0.31134,0.22664,0.22627,0.31802,0.27143,0.29359,0.40477,0.31275,0.25604,0.27977,0.34761,0.29023,0.3901,0.24409,0.35111,0.29632,0.31523,0.31574,0.2393,0.2375,0.37414,0.31405,0.33466,0.38084,0.24213,0.3019,0.29632,0.19724,0.33275,0.33197,0.23673,0.36808,0.34631,0.31412,0.41515,0.30118,0.38433,0.35296,0.34733,0.35196,0.23963,0.31722,0.33874,0.21464,0.2681,0.32092,0.34219,0.28523
0.096858,0.17406,0.10079,0.17036,0.095401,0.14871,0.13734,0.13013,0.14536,0.13905,0.19605,0.23187,0.10867,0.092485,0.24687,0.11661,0.2082,0.32713,0.12542,0.09649,0.14741,0.2588,0.35014,0,0.16575,0.083681,0.1221,0.10708,0.097286,0.11068,0.12382,0.30842,0.15101,0.21468,0.19794,0.096511,0.2732,0.08833,0.12459,0.107,0.10412,0.16987,0.11202,0.11629,0.27302,0.12398,0.17212,0.14264,0.096162,0.13599,0.15019,0.13376,0.1914,0.27367,0.12711,0.15629,0.19659,0.12093,0.080731,0.2624,0.20431,0.2395,0.1243,0.30542,0.11453,0.10524,0.1261,0.16363,0.12735,0.24914,0.11537,0.23582,0.11281,0.20649,0.16812,0.10333,0.10612,0.090621,0.14111,0.1114,0.25461,0.2794,0.13072,0.10023,0.18756,0.097774,0.11369,0.097143,0.13153,0.091961,0.22543,0.1085,0.089,0.24003,0.1867,0.12633,0.11923,0.11804,0.095738,0.19321,0.13351,0.23551,0.18281,0.14119,0.11214,0.15098,0.20108,0.24099,0.25356,0.094377,0.19239,0.10364,0.15991,0.10041,0.092132,0.17847,0.1873,0.095298,0.10858,0.10978,0.16148,0.18401,0.092917,0.098255,0.20657,0.13011,0.14316,0.093543,0.1354,0.15674,0.094804,0.090614,0.12176,0.13077,0.097621,0.25675,0.11651,0.27619,0.10896,0.16241,0.11336,0.057081,0.12842,0.099616,0.13604,0.092173,0.25359,0.08818,0.11675,0.094569,0.18592,0.11205,0.1172,0.18939,0.1926,0.10597,0.22289,0.12474,0.096961,0.13389,0.2006,0.13283,0.094485,0.15392,0.10298,0.2041,0.076678,0.14217,0.10985,0.095547,0.19232,0.23196,0.093538,0.11666,0.15217,0.11347,0.20964,0.26214,0.17323,0.2343,0.11313,0.099143,0.34575,0.14246,0.18847,0.11624,0.11559,0.13815,0.10259,0.09029,0.13419,0.087926,0.17871,0.11678,0.085146,0.23654,0.14569,0.094286,0.11093,0.17342
0.16697,0.23549,0.1593,0.1719,0.17862,0.20999,0.18533,0.23581,0.14027,0.15326,0.13505,0.25194,0.20538,0.14085,0.19211,0.19998,0.21768,0.26415,0.16264,0.11745,0.16287,0.17251,0.3148,0.16575,0,0.17345,0.1647,0.15096,0.18679,0.20234,0.18015,0.22816,0.13979,0.16789,0.18389,0.16088,0.3466,0.14103,0.19064,0.16349,0.20364,0.17965,0.20082,0.125,0.1946,0.13021,0.14465,0.20509,0.11132,0.1485,0.19148,0.13592,0.16881,0.32547,0.18341,0.11729,0.22528,0.16306,0.17683,0.2373,0.20369,0.33046,0.17161,0.24716,0.17145,0.14653,0.14849,0.1111,0.15368,0.17563,0.21132,0.16192,0.19612,0.17641,0.14005,0.13274,0.15408,0.1529,0.16772,0.17033,0.21908,0.1995,0.15314,0.14108,0.12942,0.14186,0.18866,0.16736,0.13531,0.15895,0.2217,0.19003,0.16985,0.17327,0.14541,0.15535,0.16753,0.15715,0.14545,0.14633,0.13448,0.15283,0.17498,0.19093,0.16257,0.17743,0.16451,0.18153,0.17606,0.123,0.12423,0.15953,0.19673,0.16335,0.14921,0.17064,0.22082,0.15644,0.15364,0.18437,0.14655,0.22131,0.13937,0.1793,0.14338,0.17956,0.13699,0.16699,0.24142,0.1582,0.19607,0.14473,0.1438,0.11936,0.17883,0.19413,0.17481,0.20378,0.19502,0.16494,0.15224,0.16785,0.14776,0.16637,0.12677,0.1824,0.34888,0.1421,0.15906,0.17803,0.17001,0.17593,0.12438,0.17458,0.17938,0.17398,0.268,0.13923,0.18975,0.12615,0.11881,0.10556,0.15152,0.10532,0.19095,0.14944,0.15248,0.19289,0.12645,0.15572,0.12919,0.14235,0.17416,0.16085,0.13376,0.17503,0.13856,0.27444,0.17258,0.20328,0.16734,0.1451,0.25289,0.11741,0.22308,0.1435,0.19726,0.15875,0.18311,0.17362,0.19712,0.18805,0.1988,0.18638,0.14531,0.20802,0.13972,0.14498,0.1406,0.15394
