0,0.10787,0.096651,0.12653,0.11137,0.08663,0.11019,0.1317,0.099549,0.10292,0.11109,0.12535,0.083027,0.11067,0.1033,0.094904,0.14674,0.12471,0.09329,0.10645,0.11921,0.10978,0.12397,0.50418,0.13211,0.11017,0.12052,0.12318,0.086724,0.10552,0.10716,0.12008,0.11298,0.10836,0.095157,0.11376,0.20992,0.097612,0.094602,0.11114,0.11435,0.10073,0.103,0.098962,0.10288,0.11726,0.10356,0.10798,0.11681,0.090539,0.10041,0.13769,0.13436,0.09783,0.10069,0.12567,0.12696,0.10044,0.097572,0.11918,0.12263,0.10801,0.11319,0.11746,0.11108,0.061614,0.13592,0.10673,0.11521,0.10567,0.099118,0.11017,0.13335,0.10848,0.10082,0.14403,0.10633,0.1006,0.10825,0.12475,0.10583,0.13455,0.11394,0.11101,0.11315,0.10583,0.11516,0.092708,0.10714,0.12435,0.091031,0.1041,0.10473,0.11005,0.13573,0.12295,0.1035,0.11096,0.098055,0.10428,0.13778,0.15343,0.10901,0.099488,0.11145,0.10879,0.10429,0.10005,0.083878,0.12349,0.11359,0.10858,0.094911,0.1139,0.10823,0.12443,0.11653,0.10741,0.098829,0.095955,0.096837,0.15185,0.097947,0.088061,0.12691,0.10604,0.084367,0.10888,0.1087,0.10443,0.10493,0.11692,0.11576,0.10583,0.10276,0.086146,0.11903,0.11452,0.11084,0.10698,0.13222,0.060811,0.092748,0.93259,0.1031,0.091183,0.10651,0.094443,0.12884,0.10937,0.12495,0.1079,0.096172,0.10439,0.10817,0.10573,0.14353,0.099157,0.13433,0.10119,0.10067,0.115,0.099715,0.11819,0.11275,0.10921,0.10051,0.13148,0.090182,0.11247,0.10765,0.13268,0.10411,0.10195,0.10134,0.11324,0.13928,0.11985,0.13603,0.11189,0.10119,0.097559,0.1089,0.11567,0.11582,0.11262,0.10281,0.12356,0.10311,0.11562,0.17388,0.10269,0.12774,0.095695,0.10016,0.10059,0.11431,0.10438,0.104,0.11327
0.10787,0,0.065366,0.08119,0.075435,0.080721,0.069775,0.086132,0.08292,0.067706,0.068778,0.073469,0.055986,0.062054,0.070473,0.063063,0.10637,0.077455,0.05851,0.080634,0.079018,0.064516,0.11836,0.51029,0.1112,0.05124,0.05191,0.066529,0.057044,0.078412,0.059558,0.081592,0.079301,0.056844,0.05636,0.074254,0.18979,0.051036,0.091971,0.044074,0.053898,0.06668,0.062701,0.059678,0.055185,0.052996,0.053357,0.054467,0.10401,0.074854,0.056948,0.078495,0.11412,0.072844,0.07462,0.098472,0.1079,0.054708,0.063018,0.071928,0.1091,0.10778,0.055131,0.068078,0.070744,0.093592,0.082501,0.049314,0.073056,0.063704,0.047879,0.080189,0.065937,0.072698,0.061635,0.095834,0.06803,0.061378,0.094625,0.10434,0.058514,0.099792,0.04826,0.072945,0.062999,0.051012,0.058753,0.060447,0.066923,0.063931,0.055302,0.055476,0.048982,0.060992,0.1146,0.063546,0.058989,0.060681,0.063909,0.072322,0.085507,0.084115,0.062174,0.0624,0.049347,0.072311,0.054793,0.051874,0.059539,0.08706,0.046827,0.057439,0.05642,0.054741,0.059298,0.07144,0.06024,0.040977,0.062925,0.048179,0.07319,0.11198,0.05835,0.11029,0.062759,0.066474,0.065522,0.0639,0.086688,0.049602,0.073579,0.075326,0.075363,0.057596,0.045221,0.066125,0.10792,0.076772,0.059982,0.064491,0.086168,0.071359,0.044631,0.93498,0.069567,0.064216,0.08953,0.057374,0.099752,0.069244,0.07972,0.043236,0.063908,0.056711,0.073638,0.062628,0.13297,0.066251,0.087555,0.04841,0.069696,0.052527,0.063561,0.062408,0.058938,0.080571,0.066103,0.14366,0.04726,0.092669,0.065686,0.073465,0.055543,0.042681,0.089308,0.042951,0.095574,0.10064,0.16966,0.054125,0.062736,0.071976,0.06618,0.069315,0.054113,0.068964,0.052692,0.078094,0.046052,0.055894,0.23714,0.049846,0.083456,0.093827,0.075145,0.098839,0.052046,0.040158,0.049266,0.045864
0.096651,0.065366,0,0.063079,0.066984,0.078899,0.048904,0.077144,0.068852,0.068124,0.060211,0.068901,0.040967,0.053726,0.051289,0.054311,0.1142,0.058756,0.037624,0.062739,0.097235,0.044324,0.11291,0.50728,0.080958,0.045542,0.066923,0.077755,0.052358,0.059372,0.03914,0.075538,0.072742,0.04485,0.05041,0.063119,0.18192,0.056989,0.092934,0.05366,0.050083,0.050723,0.057662,0.043056,0.046736,0.04915,0.046302,0.058448,0.10133,0.060526,0.040852,0.06864,0.10221,0.053583,0.070135,0.077491,0.097191,0.044521,0.035047,0.06105,0.090781,0.095006,0.039388,0.063348,0.061527,0.083884,0.083791,0.047074,0.074925,0.056784,0.047563,0.052163,0.078083,0.051634,0.043555,0.091715,0.054602,0.046883,0.070584,0.073043,0.052866,0.073669,0.043992,0.057149,0.05426,0.034972,0.060336,0.049563,0.040059,0.048519,0.055095,0.035344,0.052898,0.04772,0.10386,0.06024,0.042033,0.068853,0.055748,0.052488,0.089946,0.091637,0.047936,0.059489,0.060837,0.072383,0.042721,0.03739,0.039598,0.070393,0.060645,0.057738,0.046531,0.041668,0.061511,0.06694,0.060671,0.052466,0.044113,0.048086,0.053579,0.13028,0.0439,0.10164,0.059795,0.053275,0.054831,0.053612,0.074588,0.053325,0.057677,0.052652,0.0552,0.045466,0.049594,0.048485,0.1094,0.072249,0.044677,0.069778,0.060276,0.077742,0.035929,0.90516,0.060892,0.041987,0.07878,0.046121,0.098004,0.050486,0.064414,0.050869,0.053793,0.05258,0.062675,0.036445,0.12281,0.047049,0.094515,0.039154,0.050484,0.062201,0.061549,0.05618,0.0434,0.065109,0.054833,0.12909,0.04756,0.077362,0.050681,0.072303,0.043538,0.046304,0.059813,0.05273,0.082177,0.079216,0.16545,0.037183,0.056202,0.063719,0.058596,0.053084,0.056784,0.048332,0.0454,0.069247,0.05278,0.075644,0.22977,0.039956,0.093969,0.083334,0.07697,0.09239,0.050044,0.049422,0.038941,0.049911
0.12653,0.08119,0.063079,0,0.10141,0.099321,0.065692,0.087174,0.084488,0.09245,0.0722,0.091097,0.07543,0.068533,0.081964,0.075439,0.11327,0.06192,0.074948,0.072633,0.11562,0.058709,0.11879,0.51287,0.095807,0.071214,0.089031,0.092422,0.063411,0.069773,0.075558,0.072323,0.084644,0.07079,0.082425,0.089119,0.2049,0.077043,0.11896,0.081717,0.058878,0.0791,0.076014,0.06387,0.064572,0.071471,0.080619,0.064958,0.11858,0.064783,0.05944,0.068173,0.11974,0.069757,0.10934,0.10683,0.09883,0.076989,0.07736,0.067907,0.11271,0.10114,0.064105,0.09294,0.078431,0.11188,0.099286,0.079483,0.091317,0.076424,0.051656,0.078836,0.080752,0.065692,0.066159,0.099811,0.078447,0.053135,0.1041,0.098292,0.06728,0.068559,0.053269,0.079467,0.07436,0.066293,0.072415,0.070918,0.06167,0.076467,0.08284,0.062875,0.082941,0.044836,0.12043,0.086478,0.08119,0.091242,0.088865,0.06392,0.11291,0.099736,0.070679,0.085561,0.087097,0.090591,0.068569,0.058437,0.07734,0.10156,0.082826,0.073453,0.0829,0.07276,0.068781,0.075087,0.084379,0.063939,0.066491,0.064062,0.094155,0.12378,0.067096,0.11788,0.059031,0.073119,0.069753,0.080675,0.097525,0.061203,0.066604,0.082693,0.088286,0.080069,0.063775,0.078194,0.12108,0.074238,0.062161,0.094096,0.064675,0.10746,0.075168,0.90302,0.089656,0.060185,0.081363,0.067254,0.09971,0.079498,0.075121,0.074184,0.08084,0.059746,0.07258,0.064248,0.13852,0.066882,0.092278,0.070975,0.081327,0.071006,0.084869,0.081563,0.062852,0.076084,0.08714,0.1633,0.072479,0.095016,0.073709,0.080439,0.066463,0.05955,0.086569,0.082407,0.10444,0.099464,0.18285,0.068321,0.082392,0.075083,0.06643,0.088699,0.072728,0.082488,0.073992,0.085856,0.066426,0.086096,0.25191,0.059553,0.108,0.11521,0.098426,0.10903,0.057094,0.0683,0.056266,0.064906
0.11137,0.075435,0.066984,0.10141,0,0.10084,0.089508,0.10665,0.1027,0.083833,0.07143,0.086834,0.073065,0.078042,0.069901,0.070474,0.11644,0.088986,0.063146,0.094576,0.091105,0.07601,0.13682,0.50921,0.11255,0.058992,0.069099,0.10361,0.073461,0.095739,0.054415,0.10113,0.089781,0.067828,0.066078,0.087397,0.18868,0.069886,0.097284,0.05717,0.084434,0.066714,0.08174,0.066436,0.071281,0.077521,0.057437,0.080137,0.11315,0.092916,0.062921,0.098297,0.13738,0.091451,0.076078,0.11233,0.097991,0.056161,0.060212,0.082677,0.092254,0.10346,0.067019,0.084951,0.073816,0.1005,0.092322,0.059359,0.08043,0.074196,0.068587,0.093098,0.08952,0.089203,0.06675,0.097613,0.077327,0.082457,0.094368,0.095464,0.074665,0.10699,0.070731,0.080542,0.076051,0.060269,0.085845,0.056511,0.084466,0.074874,0.073952,0.065892,0.055681,0.075927,0.11719,0.061953,0.057481,0.081828,0.069116,0.095482,0.10611,0.1033,0.059094,0.058286,0.049953,0.090697,0.0632,0.064822,0.058393,0.089625,0.082311,0.0857,0.073837,0.059086,0.082623,0.091525,0.082621,0.075754,0.070287,0.068746,0.066147,0.14961,0.064912,0.12463,0.085532,0.081012,0.078988,0.071802,0.082373,0.072192,0.10082,0.078209,0.056908,0.060289,0.06333,0.062734,0.11418,0.092951,0.073906,0.071893,0.095318,0.086417,0.057486,0.91389,0.083506,0.067861,0.085797,0.06451,0.099767,0.061888,0.089179,0.062358,0.085098,0.078875,0.083061,0.069449,0.12814,0.070422,0.097008,0.063618,0.056779,0.081997,0.07264,0.09015,0.076779,0.091905,0.068477,0.11043,0.067974,0.112,0.068905,0.085064,0.066886,0.071142,0.088769,0.069139,0.10582,0.096301,0.16667,0.066056,0.078329,0.089475,0.081119,0.065852,0.062579,0.04407,0.066582,0.078163,0.073091,0.07205,0.2471,0.064857,0.083467,0.085072,0.075285,0.11212,0.086536,0.073837,0.073611,0.078974
0.08663,0.080721,0.078899,0.099321,0.10084,0,0.076525,0.11489,0.093999,0.068389,0.079519,0.076951,0.062615,0.083541,0.092172,0.091076,0.13045,0.087581,0.077356,0.094597,0.10339,0.072899,0.12204,0.50533,0.10754,0.092746,0.085576,0.098523,0.06512,0.087314,0.082115,0.078895,0.093346,0.089726,0.094228,0.092149,0.17554,0.071316,0.069871,0.083322,0.086943,0.077575,0.077749,0.080349,0.083687,0.092696,0.08353,0.083476,0.10584,0.084296,0.075142,0.095987,0.10154,0.080215,0.085672,0.094844,0.11272,0.077122,0.084621,0.093643,0.12035,0.071993,0.082913,0.093925,0.08002,0.054331,0.10432,0.074744,0.082012,0.088341,0.083725,0.10401,0.11148,0.082578,0.079857,0.11085,0.076454,0.080469,0.088098,0.12048,0.092661,0.11514,0.084552,0.074076,0.099619,0.08355,0.095148,0.075963,0.080967,0.095209,0.085173,0.091209,0.074271,0.086619,0.091538,0.090755,0.080557,0.09045,0.081098,0.088988,0.099016,0.11391,0.079041,0.082866,0.080933,0.10289,0.07974,0.078534,0.069293,0.12276,0.076183,0.085729,0.074509,0.086835,0.098281,0.083523,0.077264,0.084804,0.062829,0.075546,0.092474,0.14338,0.081354,0.080782,0.091263,0.073229,0.069382,0.070587,0.084133,0.076283,0.08914,0.077766,0.085531,0.086426,0.077716,0.07575,0.083649,0.096263,0.093661,0.091768,0.11082,0.060121,0.072115,0.92853,0.076462,0.07039,0.077811,0.079841,0.11217,0.088578,0.10754,0.081953,0.062333,0.075564,0.082329,0.083742,0.12856,0.082438,0.11395,0.079039,0.089314,0.086383,0.056545,0.092662,0.085713,0.068043,0.084772,0.13665,0.062765,0.090075,0.093861,0.095504,0.081126,0.075624,0.099873,0.086062,0.11542,0.116,0.13674,0.08106,0.072873,0.067807,0.078089,0.082517,0.098993,0.089014,0.080648,0.099094,0.071033,0.097385,0.19506,0.07285,0.12572,0.083246,0.058965,0.091234,0.08029,0.065346,0.084157,0.08083
0.11019,0.069775,0.048904,0.065692,0.089508,0.076525,0,0.089327,0.07436,0.059764,0.067849,0.075968,0.05664,0.052741,0.071189,0.077455,0.10129,0.062768,0.056885,0.085449,0.10259,0.049295,0.12654,0.50971,0.097416,0.064141,0.071304,0.076872,0.064619,0.053213,0.052311,0.062887,0.083677,0.058747,0.065008,0.076648,0.18926,0.062466,0.10879,0.065013,0.058785,0.056146,0.068478,0.055648,0.059477,0.059722,0.06392,0.06144,0.094823,0.065867,0.063766,0.071838,0.10787,0.054393,0.090282,0.085112,0.10621,0.051985,0.061974,0.064529,0.11003,0.10005,0.049671,0.07523,0.063509,0.092494,0.094689,0.056885,0.079905,0.069418,0.061822,0.060232,0.076215,0.050532,0.058866,0.084792,0.073429,0.050611,0.087886,0.098893,0.051306,0.082535,0.046825,0.071553,0.080065,0.049855,0.078854,0.069372,0.051761,0.060039,0.063357,0.051525,0.064431,0.058177,0.098563,0.062363,0.058884,0.078416,0.068213,0.064277,0.081147,0.084531,0.06276,0.072354,0.065938,0.077757,0.059581,0.046122,0.054861,0.085697,0.065243,0.053673,0.055476,0.051438,0.069471,0.072908,0.066749,0.055369,0.048959,0.056945,0.06568,0.13613,0.055499,0.11689,0.054987,0.060942,0.061858,0.065492,0.07775,0.055717,0.057009,0.06075,0.07698,0.055413,0.066095,0.063888,0.11204,0.065678,0.060463,0.074968,0.056989,0.082027,0.05474,0.90099,0.065592,0.05102,0.083417,0.06079,0.10761,0.061552,0.066656,0.068171,0.063574,0.055041,0.058719,0.056368,0.12916,0.060378,0.11057,0.059517,0.073983,0.056925,0.05553,0.05483,0.051618,0.0467,0.066601,0.14523,0.059722,0.095488,0.063234,0.0702,0.060082,0.054849,0.06941,0.06847,0.099842,0.099429,0.16743,0.045724,0.077255,0.072068,0.06351,0.055425,0.071126,0.064668,0.064453,0.086493,0.057312,0.080496,0.23858,0.060992,0.10118,0.092444,0.084856,0.11058,0.041073,0.052069,0.052836,0.048512
0.1317,0.086132,0.077144,0.087174,0.10665,0.11489,0.089327,0,0.093047,0.10335,0.087493,0.091181,0.076057,0.083077,0.086601,0.096645,0.13587,0.091361,0.081874,0.090357,0.11499,0.085665,0.1305,0.51253,0.12877,0.073105,0.081789,0.070773,0.097958,0.080154,0.088648,0.11506,0.099661,0.081811,0.073451,0.10449,0.19292,0.10101,0.14039,0.086575,0.069122,0.079719,0.089888,0.067607,0.069852,0.076383,0.088622,0.089724,0.11439,0.083991,0.081153,0.072011,0.1284,0.075411,0.098918,0.10057,0.11332,0.083812,0.07805,0.078388,0.12552,0.13083,0.069867,0.10301,0.092404,0.11983,0.065247,0.077753,0.096706,0.078128,0.075701,0.08379,0.10231,0.086825,0.071776,0.12667,0.081033,0.092718,0.09482,0.13,0.073509,0.08058,0.070531,0.087505,0.07749,0.074783,0.071329,0.088277,0.077355,0.076231,0.10252,0.086826,0.082967,0.07468,0.13797,0.09964,0.091746,0.10411,0.079429,0.087625,0.096468,0.11719,0.074197,0.094246,0.090915,0.078977,0.074408,0.069544,0.091316,0.11565,0.07577,0.091955,0.098289,0.084061,0.093897,0.089932,0.10365,0.082286,0.085524,0.088647,0.10145,0.11655,0.085425,0.13315,0.079668,0.083808,0.084803,0.091351,0.11486,0.075627,0.084648,0.090268,0.084694,0.079136,0.076995,0.10122,0.14772,0.11595,0.074039,0.10005,0.089993,0.11243,0.089922,0.90658,0.086398,0.075598,0.11764,0.075808,0.11219,0.069561,0.079188,0.08551,0.086909,0.072728,0.087029,0.061728,0.15034,0.075514,0.094971,0.072185,0.084982,0.092827,0.099137,0.072471,0.073325,0.10464,0.095803,0.15449,0.096781,0.10369,0.076132,0.093328,0.086666,0.072176,0.10581,0.09686,0.091186,0.094819,0.18442,0.07222,0.084769,0.098713,0.090244,0.09494,0.085859,0.087646,0.092672,0.090706,0.083116,0.10952,0.25378,0.082071,0.1126,0.11587,0.12242,0.11044,0.069423,0.07914,0.070398,0.076981
0.099549,0.08292,0.068852,0.084488,0.1027,0.093999,0.07436,0.093047,0,0.08554,0.089553,0.10225,0.062091,0.079492,0.080635,0.077898,0.12221,0.087266,0.07306,0.097968,0.1008,0.077698,0.11837,0.50722,0.12874,0.081761,0.10045,0.08341,0.075793,0.071069,0.082312,0.091026,0.070574,0.059066,0.076819,0.089958,0.18229,0.068053,0.10222,0.090041,0.077085,0.076641,0.073657,0.06868,0.063814,0.081553,0.087514,0.079673,0.098125,0.06925,0.07432,0.082904,0.13772,0.07448,0.082995,0.091364,0.1006,0.080226,0.068633,0.089193,0.1086,0.10962,0.076171,0.099894,0.09042,0.094527,0.10882,0.087352,0.091393,0.071965,0.072238,0.078402,0.086488,0.079238,0.065849,0.12276,0.10188,0.076527,0.10819,0.11977,0.064361,0.10516,0.068723,0.096189,0.071675,0.078468,0.08273,0.083078,0.059155,0.079181,0.089466,0.066533,0.084649,0.074629,0.11445,0.096845,0.082531,0.095233,0.091413,0.083432,0.11385,0.12377,0.084227,0.084982,0.083334,0.08819,0.068349,0.07012,0.076328,0.1101,0.091056,0.082494,0.084311,0.082113,0.086544,0.087612,0.08882,0.075856,0.069805,0.063314,0.089129,0.14309,0.070158,0.086977,0.064547,0.074828,0.083324,0.077491,0.092498,0.075891,0.072243,0.099299,0.097375,0.079776,0.067407,0.092031,0.12905,0.091089,0.079182,0.085488,0.087266,0.082364,0.075122,0.92104,0.090951,0.073906,0.092388,0.071681,0.10207,0.081562,0.096087,0.084547,0.071628,0.0693,0.082338,0.068929,0.13164,0.064863,0.12184,0.070421,0.091805,0.080318,0.07601,0.062167,0.070841,0.076256,0.085401,0.15513,0.073021,0.09286,0.088473,0.09232,0.066842,0.065626,0.10399,0.081776,0.12311,0.1007,0.14674,0.074583,0.084027,0.092566,0.074666,0.095694,0.087215,0.089961,0.079854,0.092892,0.064599,0.082495,0.22451,0.078929,0.11463,0.10614,0.090016,0.11477,0.072213,0.078176,0.069411,0.081704
0.10292,0.067706,0.068124,0.09245,0.083833,0.068389,0.059764,0.10335,0.08554,0,0.076861,0.083897,0.067768,0.060799,0.084797,0.093523,0.11199,0.065565,0.055108,0.093864,0.096455,0.054502,0.14363,0.50784,0.10691,0.064882,0.074079,0.079957,0.064058,0.083861,0.060922,0.067601,0.078315,0.064708,0.073642,0.08578,0.17682,0.054722,0.094378,0.067598,0.076013,0.055695,0.078614,0.066577,0.066092,0.073515,0.057847,0.062931,0.088027,0.080001,0.069742,0.083501,0.10305,0.079938,0.076415,0.090081,0.10209,0.057802,0.060797,0.068864,0.10105,0.099224,0.0633,0.07355,0.089772,0.084562,0.094379,0.053073,0.078716,0.072834,0.07285,0.086113,0.08963,0.074139,0.06293,0.10202,0.077816,0.06531,0.081993,0.1051,0.077126,0.097831,0.068006,0.083393,0.089803,0.068152,0.086672,0.074947,0.077922,0.065698,0.066252,0.070779,0.064478,0.077326,0.11104,0.069652,0.060541,0.07891,0.079684,0.087748,0.082834,0.092574,0.074179,0.062076,0.0634,0.078326,0.06057,0.067187,0.061759,0.10012,0.062428,0.069636,0.058687,0.058694,0.080736,0.082184,0.067204,0.058257,0.061996,0.065044,0.086017,0.15297,0.077099,0.099255,0.075877,0.068896,0.064981,0.058629,0.064923,0.069367,0.079179,0.073988,0.0693,0.060242,0.067764,0.074348,0.11938,0.07574,0.081278,0.078973,0.088049,0.059808,0.056944,0.91867,0.059436,0.071817,0.094491,0.074713,0.11698,0.060806,0.087636,0.073237,0.06911,0.062256,0.063236,0.076939,0.12959,0.066062,0.10864,0.064802,0.078318,0.061612,0.055135,0.065274,0.058506,0.072175,0.062545,0.11235,0.05497,0.095323,0.068324,0.057879,0.059521,0.059956,0.076208,0.070061,0.10882,0.099145,0.15793,0.062205,0.074567,0.080337,0.066444,0.060905,0.075746,0.072539,0.086765,0.08737,0.058833,0.070782,0.21505,0.067939,0.088288,0.085809,0.074314,0.10197,0.06215,0.057523,0.071003,0.057184
0.11109,0.068778,0.060211,0.0722,0.07143,0.079519,0.067849,0.087493,0.089553,0.076861,0,0.064025,0.050052,0.049529,0.053212,0.080089,0.10697,0.06783,0.055107,0.059094,0.086434,0.045865,0.10184,0.50885,0.088724,0.051508,0.055983,0.085115,0.055833,0.070587,0.054269,0.066487,0.0673,0.058111,0.053538,0.073898,0.19045,0.058113,0.09845,0.062288,0.048229,0.043587,0.051171,0.057742,0.046518,0.058033,0.050646,0.060555,0.10191,0.068139,0.059872,0.065513,0.11644,0.049019,0.065301,0.088434,0.090787,0.05191,0.065888,0.067631,0.10052,0.076051,0.043791,0.07123,0.057095,0.09655,0.088768,0.055717,0.059196,0.051417,0.042973,0.069749,0.072015,0.076434,0.045073,0.083061,0.057641,0.054229,0.078242,0.10391,0.057096,0.074921,0.055014,0.060436,0.075194,0.053259,0.059891,0.05991,0.049712,0.058987,0.073186,0.056638,0.057727,0.05884,0.11503,0.065647,0.066598,0.074186,0.065862,0.080186,0.096481,0.084123,0.04488,0.070636,0.065678,0.092741,0.042313,0.041664,0.042073,0.0988,0.062942,0.068061,0.070483,0.049907,0.060842,0.064676,0.067609,0.064508,0.046199,0.046758,0.080168,0.14099,0.053297,0.10337,0.063376,0.067941,0.054697,0.061351,0.074032,0.043614,0.063788,0.050995,0.058928,0.057943,0.050213,0.050388,0.092624,0.07846,0.047981,0.054974,0.088321,0.078362,0.058422,0.91507,0.075968,0.053502,0.075244,0.044065,0.074188,0.051362,0.072934,0.057716,0.065414,0.053223,0.055235,0.050843,0.12452,0.047538,0.090669,0.054544,0.043997,0.063596,0.057105,0.076668,0.059428,0.059737,0.070015,0.13933,0.054731,0.096454,0.05381,0.06754,0.044097,0.059308,0.076049,0.066645,0.087069,0.10139,0.17342,0.048337,0.06306,0.057812,0.06176,0.067401,0.057827,0.055632,0.067087,0.060127,0.047225,0.074822,0.24341,0.045429,0.081082,0.084834,0.069065,0.091491,0.053982,0.05867,0.056396,0.050706
0.12535,0.073469,0.068901,0.091097,0.086834,0.076951,0.075968,0.091181,0.10225,0.083897,0.064025,0,0.062304,0.068557,0.080539,0.094546,0.1169,0.074679,0.072489,0.080147,0.087237,0.064462,0.1195,0.51278,0.10575,0.074624,0.048621,0.074875,0.069908,0.078646,0.06748,0.077591,0.086965,0.080208,0.080001,0.070726,0.18324,0.078072,0.091535,0.073925,0.069234,0.066744,0.065569,0.069801,0.068732,0.057415,0.072002,0.083793,0.089523,0.090232,0.064201,0.07827,0.11077,0.073676,0.087859,0.092149,0.11827,0.070196,0.069971,0.088206,0.12843,0.098723,0.062991,0.067332,0.071797,0.10272,0.085062,0.060851,0.059128,0.073122,0.073588,0.082582,0.092511,0.079286,0.069359,0.071916,0.065849,0.069328,0.073185,0.11548,0.080327,0.10044,0.068975,0.055768,0.078654,0.063477,0.073135,0.077362,0.067385,0.072054,0.09091,0.076259,0.060724,0.073348,0.11038,0.066332,0.074663,0.081864,0.056723,0.081586,0.092989,0.082834,0.04942,0.07925,0.064451,0.10733,0.065116,0.070543,0.069794,0.10198,0.059286,0.067548,0.070437,0.062211,0.077915,0.06596,0.076038,0.075146,0.061702,0.078667,0.079906,0.13233,0.075489,0.11588,0.078803,0.078504,0.078281,0.064661,0.093387,0.073038,0.087306,0.05307,0.059006,0.059975,0.066767,0.071647,0.11507,0.093185,0.071744,0.072008,0.090206,0.08968,0.066705,0.92449,0.062184,0.069558,0.099819,0.073656,0.091193,0.06892,0.089767,0.073867,0.055482,0.074005,0.080291,0.06763,0.12621,0.073732,0.089973,0.053069,0.070179,0.071051,0.074843,0.072116,0.068149,0.076275,0.078029,0.15777,0.070172,0.10234,0.076885,0.078367,0.072684,0.071373,0.10341,0.068788,0.0794,0.096406,0.15511,0.063921,0.07676,0.065545,0.071228,0.066784,0.067226,0.065819,0.071052,0.080524,0.071222,0.09153,0.24232,0.059334,0.12353,0.080044,0.075943,0.094622,0.074587,0.0657,0.062984,0.065347
0.083027,0.055986,0.040967,0.07543,0.073065,0.062615,0.05664,0.076057,0.062091,0.067768,0.050052,0.062304,0,0.054185,0.053161,0.063896,0.10524,0.072711,0.049032,0.06453,0.083749,0.05033,0.097282,0.5052,0.10051,0.049656,0.05798,0.073396,0.044579,0.049941,0.046007,0.073167,0.060352,0.047712,0.044674,0.067544,0.18725,0.048739,0.084792,0.05713,0.045665,0.048449,0.052966,0.042531,0.037384,0.052396,0.052803,0.05317,0.095229,0.053047,0.046295,0.07011,0.10637,0.046104,0.056351,0.085231,0.091557,0.043313,0.048346,0.064054,0.10273,0.078408,0.043993,0.066145,0.049786,0.070264,0.081264,0.051078,0.064206,0.043226,0.041888,0.061358,0.079846,0.06576,0.037389,0.096783,0.050729,0.049151,0.067975,0.10082,0.05192,0.083624,0.047432,0.059036,0.058031,0.044775,0.049335,0.054543,0.041901,0.059593,0.062304,0.046502,0.05181,0.057441,0.097187,0.064901,0.052462,0.068455,0.046181,0.059973,0.086312,0.095093,0.049583,0.056246,0.056337,0.076366,0.035962,0.037944,0.031739,0.092191,0.056853,0.054063,0.055909,0.05036,0.062726,0.063355,0.057535,0.057485,0.041842,0.037441,0.062149,0.12278,0.044016,0.089096,0.06532,0.055445,0.050966,0.052374,0.07223,0.045269,0.057626,0.058561,0.058167,0.052591,0.043211,0.050222,0.099011,0.07491,0.048004,0.060413,0.076172,0.059182,0.040763,0.91426,0.059264,0.042632,0.072001,0.038351,0.081655,0.053168,0.069316,0.047914,0.04935,0.050273,0.05988,0.037625,0.11701,0.040897,0.093736,0.039368,0.047997,0.063032,0.053216,0.057544,0.055647,0.060704,0.060844,0.13827,0.041854,0.083435,0.063166,0.072035,0.04294,0.048204,0.071763,0.059523,0.08898,0.09057,0.14925,0.044422,0.054363,0.051504,0.059492,0.063475,0.063693,0.057411,0.048381,0.061227,0.04133,0.072886,0.21753,0.040102,0.096586,0.071551,0.064658,0.076344,0.048853,0.041721,0.044101,0.047495
0.11067,0.062054,0.053726,0.068533,0.078042,0.083541,0.052741,0.083077,0.079492,0.060799,0.049529,0.068557,0.054185,0,0.076363,0.079981,0.093111,0.044347,0.040346,0.059135,0.093789,0.040504,0.1202,0.50961,0.094193,0.054101,0.057166,0.073304,0.055986,0.053461,0.044149,0.056624,0.064624,0.040202,0.049947,0.0818,0.19634,0.050834,0.10437,0.051575,0.046003,0.043804,0.043481,0.047899,0.042052,0.048341,0.053826,0.052604,0.093235,0.06217,0.053027,0.062847,0.11953,0.063313,0.075999,0.089824,0.087486,0.042171,0.047639,0.053494,0.11088,0.10359,0.034871,0.049111,0.065984,0.10487,0.088105,0.041312,0.066552,0.045282,0.04407,0.061257,0.068319,0.057836,0.035167,0.084348,0.059555,0.046519,0.073552,0.088148,0.053637,0.068791,0.045782,0.063932,0.07351,0.049069,0.059836,0.053662,0.052551,0.046168,0.065811,0.052081,0.054594,0.055117,0.11826,0.042921,0.054271,0.064859,0.064483,0.071808,0.0839,0.079196,0.045457,0.061265,0.06528,0.06815,0.042263,0.040179,0.047913,0.083029,0.059976,0.057695,0.057416,0.043059,0.041353,0.072344,0.055407,0.050786,0.037199,0.053283,0.065035,0.13679,0.063634,0.10917,0.05694,0.058313,0.058798,0.052759,0.070423,0.040736,0.041071,0.051184,0.067294,0.043007,0.048658,0.062907,0.12092,0.059652,0.050627,0.067984,0.072911,0.075898,0.048075,0.90781,0.065016,0.049442,0.095891,0.051932,0.084579,0.042082,0.068942,0.059432,0.050405,0.049922,0.055115,0.049353,0.13766,0.048691,0.081106,0.043986,0.046853,0.056228,0.052369,0.059619,0.036939,0.059449,0.060136,0.14273,0.057112,0.093349,0.046712,0.052306,0.048327,0.044477,0.076357,0.062256,0.085691,0.090935,0.17507,0.04094,0.057593,0.066172,0.051895,0.059849,0.055585,0.045638,0.073337,0.064522,0.04909,0.067898,0.25136,0.052205,0.085205,0.097823,0.085749,0.092021,0.047087,0.052121,0.044439,0.033848
0.1033,0.070473,0.051289,0.081964,0.069901,0.092172,0.071189,0.086601,0.080635,0.084797,0.053212,0.080539,0.053161,0.076363,0,0.06743,0.13292,0.091573,0.059052,0.080186,0.089132,0.068227,0.10318,0.50905,0.089582,0.050635,0.072097,0.082657,0.06694,0.083201,0.062388,0.096056,0.079557,0.066026,0.05254,0.065223,0.18015,0.070996,0.10034,0.066716,0.065322,0.057862,0.069907,0.065748,0.059044,0.068352,0.052855,0.067532,0.10763,0.078747,0.070071,0.083305,0.11861,0.050042,0.061608,0.084614,0.10825,0.066177,0.065513,0.088056,0.082779,0.08968,0.060458,0.088258,0.072916,0.090013,0.099539,0.068947,0.077385,0.071357,0.055058,0.055853,0.071868,0.0807,0.064979,0.095522,0.078208,0.06421,0.095049,0.10163,0.053635,0.096512,0.060536,0.072543,0.067874,0.047136,0.074723,0.071778,0.052851,0.063561,0.059395,0.051487,0.06405,0.068381,0.12396,0.085633,0.066089,0.089091,0.072118,0.081799,0.10863,0.095849,0.062149,0.075326,0.065169,0.10031,0.057878,0.050171,0.048603,0.090065,0.067309,0.071602,0.069814,0.058034,0.075681,0.073048,0.085296,0.072171,0.063854,0.052974,0.078168,0.13898,0.04735,0.10769,0.071495,0.07825,0.06428,0.075448,0.089414,0.066516,0.079495,0.067689,0.062558,0.0638,0.060135,0.045257,0.099576,0.098326,0.055376,0.057092,0.082676,0.082369,0.057844,0.91359,0.085921,0.065807,0.07187,0.050637,0.094624,0.064007,0.083513,0.062682,0.078428,0.069155,0.077321,0.054606,0.11177,0.058551,0.11613,0.059698,0.062868,0.072724,0.077153,0.075118,0.068884,0.075515,0.071901,0.13045,0.059721,0.092411,0.063488,0.087911,0.050383,0.067555,0.066585,0.059428,0.099203,0.097287,0.17006,0.053809,0.07519,0.07788,0.082055,0.072985,0.062862,0.070371,0.057378,0.083569,0.06248,0.080036,0.23085,0.054971,0.079406,0.077267,0.075064,0.11022,0.062799,0.064265,0.06093,0.068975
0.094904,0.063063,0.054311,0.075439,0.070474,0.091076,0.077455,0.096645,0.077898,0.093523,0.080089,0.094546,0.063896,0.079981,0.06743,0,0.12105,0.086395,0.06201,0.083787,0.096764,0.076706,0.11908,0.50921,0.10227,0.069904,0.086745,0.090477,0.068819,0.084361,0.068359,0.095919,0.094297,0.068086,0.066764,0.083861,0.19055,0.067791,0.097417,0.059755,0.067081,0.078508,0.065364,0.062575,0.072579,0.07413,0.065142,0.077697,0.12318,0.076721,0.058211,0.093328,0.12422,0.079818,0.087322,0.10045,0.11384,0.066883,0.06884,0.085443,0.090359,0.11196,0.071504,0.089731,0.074655,0.093297,0.1032,0.067786,0.09555,0.080711,0.057737,0.084905,0.082436,0.066724,0.072165,0.10543,0.081545,0.068963,0.10282,0.085712,0.066805,0.10071,0.06014,0.084352,0.061502,0.059028,0.074853,0.050204,0.068385,0.07549,0.06547,0.054369,0.067358,0.06135,0.10872,0.080599,0.062542,0.073928,0.075872,0.055888,0.11335,0.10483,0.067261,0.070375,0.068561,0.078851,0.069384,0.057801,0.06362,0.071781,0.080765,0.076475,0.071988,0.071765,0.071205,0.088411,0.076183,0.063126,0.070255,0.057871,0.055661,0.12801,0.05587,0.11099,0.066397,0.069031,0.067355,0.07993,0.10102,0.062744,0.078204,0.082945,0.088729,0.071775,0.062178,0.062167,0.099608,0.08406,0.066557,0.08587,0.084634,0.087797,0.052835,0.91589,0.08964,0.056968,0.081905,0.059287,0.11109,0.084142,0.09065,0.055248,0.074559,0.067548,0.082088,0.06491,0.14289,0.075996,0.10457,0.067472,0.075691,0.072415,0.072495,0.084478,0.070976,0.085809,0.070426,0.1372,0.059384,0.091138,0.072041,0.10487,0.069775,0.054403,0.086327,0.057821,0.10884,0.10011,0.16923,0.069581,0.071733,0.086317,0.078979,0.082353,0.072936,0.071679,0.042713,0.093045,0.067535,0.083971,0.23796,0.057398,0.097422,0.10316,0.085905,0.10617,0.07393,0.064101,0.057691,0.074885
0.14674,0.10637,0.1142,0.11327,0.11644,0.13045,0.10129,0.13587,0.12221,0.11199,0.10697,0.1169,0.10524,0.093111,0.13292,0.12105,0,0.10354,0.11339,0.11712,0.12378,0.093786,0.15527,0.51891,0.1563,0.1044,0.09839,0.12138,0.10312,0.096749,0.095504,0.082496,0.10487,0.09583,0.098945,0.11598,0.24064,0.097246,0.14707,0.11232,0.092303,0.11074,0.11131,0.091266,0.092953,0.090125,0.10438,0.10432,0.12408,0.10986,0.098562,0.10756,0.14207,0.11348,0.13821,0.14383,0.1313,0.090759,0.11045,0.08377,0.16056,0.13824,0.096085,0.097126,0.08995,0.14277,0.12385,0.1007,0.10435,0.085481,0.099268,0.12949,0.11261,0.11365,0.093188,0.11684,0.10353,0.095286,0.10731,0.14834,0.102,0.10146,0.092569,0.12332,0.10738,0.10799,0.10262,0.10647,0.11098,0.10875,0.11954,0.096841,0.11267,0.10425,0.13088,0.089398,0.10901,0.10104,0.099033,0.10361,0.11552,0.11688,0.1083,0.10448,0.10239,0.10578,0.094679,0.098882,0.10341,0.12789,0.12556,0.086533,0.11335,0.093251,0.099107,0.10694,0.094961,0.094189,0.10953,0.096516,0.10434,0.15712,0.10218,0.15428,0.10585,0.10847,0.10622,0.11096,0.10404,0.087633,0.10392,0.1115,0.1209,0.097717,0.10489,0.11582,0.152,0.06374,0.099014,0.11298,0.11389,0.12,0.10359,0.90829,0.095424,0.099992,0.13295,0.099558,0.11259,0.10825,0.089951,0.099743,0.11747,0.092522,0.085452,0.10986,0.1718,0.096448,0.12044,0.10565,0.099475,0.10133,0.10357,0.10045,0.10152,0.11262,0.10711,0.18914,0.10481,0.15325,0.10698,0.097552,0.10423,0.098186,0.12587,0.11785,0.13019,0.15057,0.19583,0.10816,0.12305,0.11108,0.097928,0.10254,0.1034,0.10209,0.10855,0.090874,0.095828,0.10055,0.27368,0.10498,0.12936,0.13559,0.12803,0.11542,0.10049,0.10673,0.095109,0.090516
0.12471,0.077455,0.058756,0.06192,0.088986,0.087581,0.062768,0.091361,0.087266,0.065565,0.06783,0.074679,0.072711,0.044347,0.091573,0.086395,0.10354,0,0.056088,0.065714,0.11125,0.035103,0.1378,0.51081,0.098128,0.063659,0.075191,0.083153,0.067309,0.072709,0.059695,0.048527,0.074194,0.054342,0.076161,0.08469,0.19148,0.063395,0.10668,0.070264,0.057257,0.054914,0.061852,0.062274,0.057261,0.055058,0.066804,0.071711,0.10175,0.069035,0.055407,0.065414,0.11151,0.076454,0.093183,0.089097,0.10267,0.060608,0.057458,0.057318,0.11977,0.11003,0.048808,0.064321,0.081659,0.10953,0.085111,0.053261,0.070786,0.062345,0.062212,0.083308,0.079343,0.069986,0.050416,0.089992,0.068642,0.059142,0.081434,0.088491,0.075841,0.065677,0.059668,0.06873,0.080418,0.063548,0.069872,0.057428,0.059243,0.058858,0.081338,0.062881,0.070559,0.050222,0.11897,0.061972,0.06657,0.067996,0.080441,0.074078,0.088626,0.097356,0.059487,0.07357,0.07984,0.077525,0.052278,0.060361,0.070523,0.092217,0.066476,0.072316,0.066861,0.056631,0.061768,0.072225,0.060214,0.054403,0.05435,0.06848,0.082339,0.14133,0.076126,0.10779,0.060589,0.066069,0.072025,0.057186,0.077129,0.059608,0.055866,0.067206,0.073941,0.053582,0.058986,0.081625,0.1241,0.065108,0.060366,0.087706,0.081241,0.090886,0.063481,0.91541,0.066173,0.05893,0.10119,0.07471,0.10027,0.056375,0.073199,0.073815,0.059394,0.05779,0.065068,0.061242,0.13818,0.057649,0.079514,0.055362,0.066576,0.062965,0.060566,0.065374,0.039532,0.073164,0.069223,0.14656,0.064546,0.091365,0.059724,0.055902,0.057151,0.050316,0.092274,0.075052,0.077997,0.085652,0.18159,0.055322,0.063796,0.072195,0.040715,0.061238,0.060773,0.057872,0.08011,0.069345,0.060976,0.081286,0.25212,0.054272,0.10128,0.10548,0.090439,0.10104,0.058407,0.06628,0.052001,0.049345
0.09329,0.05851,0.037624,0.074948,0.063146,0.077356,0.056885,0.081874,0.07306,0.055108,0.055107,0.072489,0.049032,0.040346,0.059052,0.06201,0.11339,0.056088,0,0.059876,0.08566,0.045755,0.11436,0.50663,0.079392,0.04632,0.059839,0.07484,0.053939,0.072146,0.038675,0.072419,0.077141,0.041758,0.043741,0.077163,0.17142,0.042568,0.087492,0.043254,0.054354,0.04035,0.043806,0.045015,0.050034,0.052469,0.040483,0.058263,0.089463,0.059478,0.051622,0.07077,0.11419,0.060385,0.059218,0.076198,0.094146,0.035531,0.037537,0.059725,0.085524,0.099833,0.042282,0.055325,0.075336,0.086054,0.087703,0.034797,0.074441,0.058856,0.047116,0.057369,0.07156,0.0508,0.043803,0.084962,0.059944,0.05061,0.06992,0.072024,0.052984,0.078649,0.050447,0.05643,0.062362,0.042715,0.06317,0.046917,0.052115,0.049561,0.051564,0.042462,0.042821,0.051716,0.11434,0.053538,0.034719,0.05545,0.058678,0.067871,0.083557,0.083967,0.039924,0.052293,0.058226,0.067221,0.041982,0.039045,0.03659,0.069093,0.05734,0.059703,0.043126,0.037691,0.05136,0.078416,0.065169,0.048785,0.044209,0.04714,0.057735,0.13783,0.05667,0.094621,0.059446,0.044231,0.054822,0.041478,0.062672,0.047987,0.053951,0.051268,0.056167,0.041603,0.042698,0.049625,0.10852,0.071161,0.048998,0.064736,0.080337,0.062374,0.030121,0.91406,0.064532,0.046533,0.087013,0.044339,0.099514,0.042771,0.072009,0.053641,0.051304,0.048246,0.058748,0.049475,0.12712,0.052364,0.087456,0.040581,0.049573,0.053952,0.05381,0.060576,0.034658,0.068168,0.04835,0.11777,0.042942,0.068715,0.042272,0.065969,0.040942,0.044823,0.065197,0.048728,0.09018,0.085749,0.16843,0.037268,0.051813,0.068278,0.057254,0.053022,0.053575,0.044926,0.062076,0.074492,0.044784,0.064844,0.22959,0.046737,0.076167,0.091795,0.074303,0.097594,0.05551,0.049672,0.046241,0.047722
0.10645,0.080634,0.062739,0.072633,0.094576,0.094597,0.085449,0.090357,0.097968,0.093864,0.059094,0.080147,0.06453,0.059135,0.080186,0.083787,0.11712,0.065714,0.059876,0,0.098758,0.06044,0.10505,0.51008,0.084625,0.066334,0.07532,0.099957,0.060064,0.080333,0.06911,0.07675,0.082514,0.067775,0.066266,0.082517,0.20645,0.07143,0.10024,0.075428,0.056124,0.068929,0.05579,0.071463,0.062566,0.057897,0.065509,0.070642,0.11332,0.059543,0.060941,0.083918,0.11588,0.065267,0.088119,0.10288,0.10257,0.066956,0.069759,0.072364,0.12153,0.10004,0.057488,0.058655,0.082186,0.10219,0.091512,0.068468,0.08181,0.066206,0.053317,0.071756,0.088842,0.081292,0.059063,0.099596,0.054296,0.057029,0.072324,0.082246,0.07586,0.070333,0.074035,0.059435,0.073416,0.071798,0.054305,0.063595,0.05802,0.078417,0.08021,0.066085,0.070578,0.056252,0.13303,0.080784,0.07546,0.067269,0.068064,0.073166,0.099334,0.1042,0.062984,0.080632,0.092754,0.091727,0.060023,0.062928,0.060577,0.091632,0.077089,0.07516,0.068595,0.068192,0.053868,0.082105,0.078142,0.069083,0.067403,0.066885,0.085277,0.12066,0.076062,0.096644,0.083445,0.071141,0.072237,0.073007,0.081406,0.062669,0.055617,0.069541,0.079231,0.071251,0.060027,0.066348,0.11063,0.074804,0.053303,0.081454,0.10004,0.084476,0.066155,0.92856,0.083331,0.059516,0.099175,0.064706,0.093351,0.067613,0.069933,0.076363,0.06489,0.068358,0.077904,0.059481,0.13462,0.064787,0.074583,0.060253,0.053405,0.080693,0.085675,0.08481,0.063356,0.087012,0.076811,0.15321,0.069655,0.086041,0.064528,0.082078,0.060702,0.067094,0.082483,0.077066,0.070555,0.099766,0.18539,0.063166,0.054477,0.052109,0.059458,0.085794,0.063821,0.073507,0.078723,0.074564,0.065605,0.090429,0.24146,0.056379,0.099459,0.10439,0.091665,0.088435,0.074375,0.074112,0.059476,0.060628
0.11921,0.079018,0.097235,0.11562,0.091105,0.10339,0.10259,0.11499,0.1008,0.096455,0.086434,0.087237,0.083749,0.093789,0.089132,0.096764,0.12378,0.11125,0.08566,0.098758,0,0.09962,0.14062,0.51402,0.13353,0.091173,0.078518,0.10079,0.082649,0.11133,0.090395,0.10555,0.099814,0.093002,0.088227,0.089965,0.18878,0.080407,0.09405,0.083102,0.092985,0.090453,0.076709,0.091925,0.091724,0.083584,0.076432,0.086773,0.09928,0.098656,0.085078,0.11066,0.14845,0.095718,0.098008,0.12427,0.11716,0.086097,0.095345,0.10931,0.121,0.11077,0.087513,0.086912,0.1019,0.10818,0.10303,0.085358,0.093067,0.097613,0.085574,0.097023,0.092922,0.10019,0.092818,0.10079,0.10183,0.085307,0.10313,0.12985,0.082099,0.1321,0.089659,0.093904,0.078727,0.095842,0.089362,0.096172,0.088996,0.096275,0.1023,0.089566,0.063302,0.088752,0.1248,0.09595,0.089913,0.092441,0.073447,0.10219,0.10293,0.095946,0.0815,0.078412,0.065648,0.11852,0.086773,0.092595,0.082717,0.10922,0.093998,0.083735,0.089145,0.086363,0.091461,0.097921,0.10432,0.086566,0.093835,0.084112,0.094181,0.13455,0.09287,0.10788,0.084986,0.087586,0.10051,0.094093,0.092701,0.089376,0.10759,0.095649,0.092281,0.088313,0.077375,0.084443,0.11088,0.095396,0.096814,0.076441,0.11616,0.079169,0.08209,0.94956,0.10255,0.085705,0.10122,0.084911,0.1152,0.088872,0.1016,0.096903,0.084198,0.088379,0.096698,0.089709,0.13119,0.095921,0.11791,0.085089,0.094899,0.087014,0.097197,0.088314,0.09185,0.095858,0.084059,0.14638,0.088498,0.11981,0.095876,0.099606,0.086526,0.084174,0.11326,0.071527,0.11953,0.12992,0.14544,0.084981,0.086867,0.089181,0.086431,0.10603,0.081174,0.09702,0.094839,0.11434,0.078338,0.089918,0.24247,0.089601,0.10822,0.095346,0.075954,0.12774,0.10248,0.085031,0.091244,0.090648
0.10978,0.064516,0.044324,0.058709,0.07601,0.072899,0.049295,0.085665,0.077698,0.054502,0.045865,0.064462,0.05033,0.040504,0.068227,0.076706,0.093786,0.035103,0.045755,0.06044,0.09962,0,0.11548,0.50772,0.086531,0.044244,0.058198,0.075867,0.049573,0.063094,0.042848,0.041321,0.061552,0.042325,0.056329,0.065836,0.18265,0.047408,0.095065,0.06218,0.041156,0.042713,0.057294,0.044285,0.03703,0.043377,0.047325,0.056359,0.092573,0.061151,0.045479,0.051488,0.094356,0.052671,0.074969,0.074849,0.095578,0.04281,0.04878,0.043799,0.10396,0.087082,0.033494,0.059262,0.060314,0.090134,0.081123,0.043309,0.056221,0.043741,0.046596,0.072605,0.072059,0.063286,0.034304,0.084003,0.050849,0.044374,0.066452,0.092826,0.058984,0.057394,0.043246,0.05749,0.066794,0.046675,0.059474,0.052685,0.044651,0.049049,0.064871,0.044815,0.059823,0.046105,0.10736,0.056231,0.054285,0.062423,0.065021,0.065997,0.082947,0.087487,0.049756,0.064571,0.064405,0.074901,0.03175,0.039358,0.046852,0.091466,0.058833,0.054568,0.055108,0.035905,0.059316,0.053787,0.050637,0.045273,0.042957,0.044064,0.075423,0.13809,0.051395,0.09726,0.055684,0.054543,0.050632,0.044911,0.060078,0.040644,0.052387,0.050894,0.056665,0.043941,0.046372,0.06073,0.10651,0.057687,0.042682,0.067729,0.075617,0.075424,0.047499,0.91257,0.050604,0.048407,0.081856,0.050228,0.08655,0.04747,0.059788,0.052545,0.057732,0.037963,0.043173,0.049662,0.12439,0.035913,0.085508,0.043954,0.049776,0.053256,0.048665,0.054919,0.035314,0.060664,0.059437,0.13736,0.042451,0.083057,0.048319,0.048014,0.034583,0.043359,0.073274,0.063925,0.079408,0.091454,0.17353,0.042091,0.059777,0.058177,0.041761,0.045422,0.052777,0.050948,0.061337,0.050685,0.039101,0.065426,0.23369,0.037386,0.088254,0.089114,0.073375,0.086179,0.039156,0.051209,0.040296,0.035969
0.12397,0.11836,0.11291,0.11879,0.13682,0.12204,0.12654,0.1305,0.11837,0.14363,0.10184,0.1195,0.097282,0.1202,0.10318,0.11908,0.15527,0.1378,0.11436,0.10505,0.14062,0.11548,0,0.5138,0.11906,0.11682,0.11685,0.13452,0.1028,0.11543,0.11955,0.12981,0.12737,0.11597,0.1075,0.12164,0.20431,0.11048,0.11865,0.12932,0.10972,0.12155,0.11011,0.11071,0.10645,0.11744,0.12492,0.12164,0.13474,0.10683,0.11867,0.11642,0.15109,0.093798,0.10927,0.12184,0.13686,0.1156,0.11985,0.12532,0.13901,0.11131,0.11805,0.12939,0.11084,0.11919,0.15072,0.1287,0.12228,0.10948,0.1022,0.11305,0.13144,0.11841,0.11177,0.13519,0.10992,0.11187,0.12744,0.1452,0.10987,0.12642,0.11539,0.10536,0.11517,0.11181,0.10934,0.12224,0.10578,0.13258,0.11833,0.10757,0.1238,0.11689,0.1525,0.1307,0.12361,0.11972,0.1171,0.12262,0.15717,0.14437,0.11065,0.13699,0.13271,0.14064,0.11097,0.10255,0.10204,0.14635,0.12582,0.11751,0.11673,0.11589,0.11469,0.123,0.1327,0.12302,0.11085,0.098218,0.13304,0.15658,0.098756,0.12186,0.12972,0.11477,0.10765,0.11035,0.12734,0.1064,0.11442,0.11732,0.12358,0.12712,0.10684,0.10624,0.13125,0.13519,0.10107,0.10592,0.14288,0.12185,0.11271,0.93676,0.12696,0.11701,0.11956,0.091636,0.10851,0.12945,0.1289,0.10554,0.11829,0.10969,0.11758,0.11568,0.1541,0.11008,0.13047,0.10861,0.11114,0.12053,0.12576,0.13103,0.12353,0.12131,0.13449,0.19755,0.10209,0.10653,0.12163,0.13954,0.10594,0.12495,0.12843,0.1229,0.14658,0.14722,0.19311,0.11857,0.1259,0.10406,0.12871,0.13064,0.12193,0.12668,0.10363,0.11269,0.10307,0.11517,0.21971,0.10824,0.14724,0.14369,0.12025,0.11966,0.11389,0.1193,0.1115,0.12116
