0,0.11375,0.11365,0.088263,0.086737,0.078355,0.10285,0.11498,0.076217,0.092328,0.11019,0.096503,0.11471,0.10643,0.10958,0.11705,0.097632,0.10851,0.14074,0.10847,0.22049,0.11021,0.16157,0.061878,0.10745,0.10392,0.090918,0.10497,0.074051,0.11245,0.095868,0.099773,0.10993,0.11036,0.096146,0.10515,0.089961,0.099677,0.18834,0.10541,0.1084,0.092172,0.10304,0.10331,0.11028,0.11841,0.12827,0.13754,0.10903,0.12447,0.078797,0.11866,0.13444,0.13642,0.12386,0.12234,0.077438,0.10203,0.096144,0.13972,0.098925,0.089861,0.11788,0.11205,0.12239,0.071542,0.11879,0.096743,0.099145,0.11191,0.092265,0.12836,0.1381,0.10038,0.11381,0.1839,0.08984,0.084112,0.11322,0.11412,0.10641,0.14304,0.12341,0.086623,0.099723,0.10306,0.10013,0.098021,0.14114,0.10614,0.12632,0.11669,0.094001,0.13619,0.12238,0.10314,0.10616,0.12247,0.09281,0.09036,0.11623,0.15536,0.10147,0.11227,0.12592,0.099473,0.11213,0.10839,0.10115,0.10243,0.098279,0.12315,0.12728,0.10955,0.13903,0.096818,0.12355,0.10275,0.10904,0.086442,0.10636,0.14364,0.099042,0.11764,0.10761,0.10434,0.10011,0.09343,0.097002,0.10807,0.11831,0.12125,0.12962,0.10509,0.11536,0.1124,0.073933,0.090454,0.11894,0.13876,0.11095,0.064935,0.11231,0.11494,0.10741,0.11856,0.089725,0.11215,0.1037,0.12099,0.15618,0.10486,0.090415,0.12339,0.13098,0.094952,0.10093,0.10975,0.14281,0.11754,0.27921,0.1234,0.088383,0.11006,0.1208,0.11204,0.14783,0.16467,0.076066,0.1509,0.12831,0.11283,0.089898,0.10288,0.1108,0.11461,0.30849,0.15962,0.11774,0.1201,0.10289,0.075993,0.12124,1.0339,0.11606,0.10993,0.1104,0.11385,0.093747,0.14797,0.13076,0.1187,0.12093,0.13657,0.074745,0.12239,0.099639,0.10897,0.10699,0.11297
0.11375,0,0.061342,0.069608,0.074349,0.088639,0.081237,0.072273,0.077819,0.06639,0.08175,0.079877,0.084289,0.066264,0.087392,0.059023,0.054604,0.060664,0.12469,0.082791,0.1825,0.066669,0.12094,0.11843,0.054925,0.056446,0.086039,0.052826,0.076513,0.066105,0.065618,0.055748,0.063948,0.058474,0.058772,0.088768,0.11772,0.14077,0.21935,0.068249,0.055273,0.064276,0.062056,0.071296,0.066086,0.061323,0.098745,0.10487,0.14707,0.099241,0.072964,0.064942,0.090404,0.12666,0.1111,0.08829,0.074009,0.071594,0.061231,0.11122,0.082314,0.13372,0.071415,0.064228,0.065531,0.11502,0.061361,0.062987,0.11383,0.06715,0.075758,0.088459,0.12967,0.083492,0.070962,0.14206,0.074312,0.096863,0.084396,0.072635,0.061702,0.087389,0.064503,0.06313,0.070517,0.062218,0.060198,0.09963,0.10998,0.064523,0.11533,0.066093,0.071346,0.097717,0.085154,0.06459,0.08029,0.10193,0.072905,0.060203,0.052487,0.10519,0.072389,0.068824,0.074013,0.11527,0.065619,0.07019,0.064977,0.08014,0.063046,0.067196,0.061213,0.084353,0.07904,0.056612,0.05909,0.072259,0.073221,0.075858,0.047508,0.12995,0.04975,0.14466,0.070007,0.06433,0.066188,0.086086,0.12946,0.051947,0.056317,0.082909,0.077375,0.069118,0.060876,0.12155,0.082858,0.056368,0.09457,0.12313,0.081002,0.08541,0.10181,0.10027,0.073781,0.055206,0.093121,0.10071,0.1009,0.064448,0.091426,0.06138,0.064424,0.068268,0.075686,0.057323,0.10955,0.063803,0.086512,0.078036,0.31707,0.066083,0.063852,0.065744,0.08271,0.077827,0.11457,0.17804,0.085685,0.14153,0.081916,0.077076,0.071098,0.068749,0.054285,0.064386,0.27856,0.10996,0.1681,0.069065,0.065077,0.078915,0.056616,1.005,0.062281,0.079753,0.057685,0.081325,0.079206,0.095233,0.17871,0.075236,0.085106,0.141,0.10049,0.10218,0.080782,0.054694,0.067083,0.073589
0.11365,0.061342,0,0.060131,0.073518,0.084214,0.079317,0.063145,0.070207,0.065987,0.063283,0.092938,0.071792,0.072154,0.075704,0.069326,0.068062,0.074909,0.11658,0.084247,0.18704,0.05604,0.11143,0.12433,0.072822,0.058924,0.092387,0.065525,0.075637,0.066828,0.074999,0.075789,0.090136,0.073205,0.05246,0.091753,0.12477,0.12785,0.2243,0.086777,0.059725,0.049387,0.06687,0.060374,0.069713,0.071406,0.085947,0.10584,0.14025,0.10026,0.060467,0.07473,0.093812,0.10796,0.096597,0.092776,0.088905,0.088196,0.062923,0.10531,0.096123,0.13844,0.063772,0.072936,0.058339,0.10245,0.071099,0.072286,0.10152,0.071957,0.068792,0.091708,0.13446,0.079875,0.079398,0.15083,0.072604,0.10945,0.080977,0.069816,0.075134,0.098894,0.060838,0.070267,0.068382,0.051906,0.070148,0.085111,0.12611,0.073034,0.10884,0.067651,0.07679,0.087933,0.09103,0.086789,0.084048,0.077142,0.083967,0.055638,0.077905,0.090092,0.0817,0.098932,0.066694,0.12845,0.075826,0.065794,0.060871,0.077751,0.075895,0.081638,0.080054,0.077847,0.08058,0.066074,0.066996,0.063087,0.07793,0.071639,0.061059,0.10698,0.051198,0.14523,0.078182,0.082261,0.059911,0.076727,0.13632,0.04592,0.059865,0.090122,0.10041,0.071632,0.072688,0.098945,0.081689,0.069379,0.079775,0.11549,0.10766,0.10719,0.09093,0.11187,0.078882,0.058103,0.10406,0.089753,0.10711,0.073559,0.092285,0.067737,0.074371,0.058375,0.065991,0.061185,0.11261,0.063357,0.094878,0.074603,0.30185,0.047727,0.05787,0.074038,0.082562,0.077451,0.097181,0.17335,0.083607,0.15477,0.080573,0.069978,0.062776,0.064247,0.080211,0.061074,0.27597,0.12034,0.17082,0.070649,0.08006,0.086274,0.077511,1.0062,0.079674,0.088225,0.066517,0.083742,0.064396,0.098451,0.18057,0.085661,0.10011,0.13029,0.10881,0.10916,0.069318,0.046905,0.051835,0.066316
0.088263,0.069608,0.060131,0,0.050629,0.073859,0.07357,0.059018,0.050212,0.064939,0.080277,0.065605,0.069354,0.06093,0.060861,0.070162,0.060967,0.053668,0.11099,0.066069,0.19223,0.067091,0.12507,0.10473,0.060871,0.056144,0.081263,0.07194,0.061373,0.05342,0.06588,0.063696,0.08722,0.070381,0.046743,0.088553,0.1157,0.1126,0.21866,0.066753,0.056295,0.055331,0.058803,0.070653,0.072356,0.075208,0.088103,0.087468,0.13592,0.09252,0.060561,0.070748,0.099497,0.10549,0.11301,0.08289,0.068296,0.084215,0.063782,0.10594,0.095477,0.12651,0.061219,0.073774,0.06672,0.086201,0.068571,0.057826,0.10169,0.073073,0.051604,0.11316,0.10727,0.07711,0.076904,0.16996,0.058474,0.081212,0.069576,0.07022,0.072665,0.10066,0.068575,0.059052,0.065817,0.051218,0.060373,0.071103,0.11839,0.051384,0.10539,0.062304,0.076249,0.087737,0.072287,0.075515,0.077678,0.092523,0.06989,0.050644,0.06496,0.10245,0.073924,0.08694,0.06254,0.11344,0.078711,0.070646,0.061975,0.060794,0.065344,0.07619,0.091037,0.079903,0.08154,0.052749,0.07787,0.056391,0.066159,0.066129,0.052908,0.11437,0.043158,0.12283,0.054799,0.069319,0.049199,0.069593,0.12884,0.05083,0.069476,0.072825,0.10379,0.065484,0.075537,0.090246,0.064879,0.061846,0.076765,0.10256,0.10063,0.074963,0.084797,0.11077,0.069263,0.0782,0.08193,0.081372,0.087233,0.084023,0.099329,0.063014,0.049531,0.068476,0.079473,0.056304,0.11035,0.063769,0.088938,0.066441,0.30649,0.065627,0.051821,0.074031,0.069923,0.084725,0.11537,0.17815,0.071363,0.14162,0.069294,0.056077,0.064518,0.05438,0.066497,0.065085,0.28917,0.1154,0.16396,0.06235,0.051985,0.07632,0.068497,0.99898,0.077588,0.082533,0.064576,0.075302,0.062868,0.1038,0.16911,0.07475,0.10255,0.13299,0.099643,0.11576,0.066198,0.05581,0.054326,0.05404
0.086737,0.074349,0.073518,0.050629,0,0.086233,0.081398,0.073231,0.055684,0.064983,0.097491,0.0545,0.086008,0.069278,0.079173,0.083213,0.055749,0.064487,0.1192,0.087105,0.1978,0.076058,0.13153,0.09866,0.076937,0.06381,0.089471,0.066908,0.067739,0.068103,0.07184,0.072429,0.08828,0.081722,0.068182,0.099444,0.10567,0.11327,0.23248,0.06664,0.071,0.058731,0.072279,0.080411,0.084119,0.081805,0.092855,0.089412,0.13011,0.11203,0.078302,0.079791,0.098302,0.11798,0.11803,0.10606,0.07605,0.084437,0.060034,0.099209,0.07939,0.12114,0.068977,0.084744,0.081027,0.097504,0.072526,0.067884,0.096453,0.086658,0.071526,0.11481,0.12666,0.091967,0.085085,0.15332,0.075728,0.082516,0.070863,0.07611,0.068691,0.095377,0.078892,0.070286,0.071098,0.06645,0.077121,0.080907,0.12162,0.074311,0.12648,0.076384,0.084725,0.10465,0.08192,0.08043,0.085375,0.10211,0.079172,0.065188,0.079737,0.10331,0.087197,0.080476,0.070264,0.11346,0.08505,0.090444,0.077752,0.060554,0.067662,0.083561,0.098251,0.092081,0.10205,0.068209,0.083349,0.068683,0.092285,0.072181,0.072056,0.11285,0.064392,0.12791,0.080152,0.081667,0.074273,0.070809,0.11928,0.072072,0.079895,0.088053,0.10227,0.072388,0.080593,0.096944,0.071031,0.068649,0.087578,0.10089,0.10353,0.073101,0.081302,0.11817,0.067652,0.087213,0.079453,0.076834,0.077821,0.096313,0.11705,0.08252,0.081544,0.08604,0.098065,0.063364,0.1106,0.071311,0.093608,0.076116,0.29309,0.080665,0.073964,0.074157,0.079409,0.085795,0.12777,0.16027,0.070228,0.14043,0.085411,0.077869,0.072698,0.074156,0.080856,0.071275,0.29572,0.13174,0.1398,0.069529,0.080599,0.069644,0.087251,1.0048,0.094613,0.08013,0.071895,0.092928,0.069096,0.1187,0.16874,0.086973,0.1042,0.14998,0.10688,0.10737,0.085587,0.070572,0.069114,0.068338
0.078355,0.088639,0.084214,0.073859,0.086233,0,0.088274,0.097874,0.068591,0.091444,0.083237,0.09618,0.083833,0.083295,0.098426,0.08552,0.087843,0.08748,0.13712,0.093019,0.20232,0.090149,0.14978,0.093677,0.086056,0.089179,0.089793,0.082024,0.052287,0.10064,0.079474,0.085442,0.086895,0.084256,0.07678,0.073926,0.11773,0.092356,0.2013,0.098191,0.078138,0.078105,0.07441,0.085381,0.083893,0.089704,0.11678,0.11877,0.11687,0.090438,0.054181,0.10131,0.12051,0.12789,0.12289,0.11766,0.069011,0.086082,0.081667,0.12527,0.093716,0.12907,0.092125,0.092061,0.1061,0.091444,0.099172,0.067187,0.096093,0.090109,0.062875,0.111,0.13676,0.074487,0.090385,0.17733,0.083696,0.080288,0.092523,0.078772,0.077937,0.12987,0.10244,0.073408,0.082925,0.079573,0.079324,0.097876,0.12261,0.075054,0.11355,0.090533,0.080658,0.10756,0.10464,0.084956,0.08202,0.1025,0.076155,0.066709,0.092644,0.13912,0.098033,0.09809,0.10498,0.10234,0.083901,0.081407,0.080724,0.094605,0.084262,0.084751,0.097036,0.10187,0.11087,0.069568,0.097631,0.080688,0.081343,0.07451,0.082619,0.13351,0.071045,0.10176,0.080326,0.090761,0.08091,0.096419,0.1083,0.067351,0.089781,0.10416,0.11023,0.08589,0.094932,0.11445,0.059439,0.073603,0.10269,0.14046,0.073648,0.094509,0.086434,0.096858,0.089589,0.087462,0.10193,0.10731,0.12192,0.098818,0.13303,0.086107,0.063604,0.09563,0.10255,0.078106,0.11386,0.079125,0.10821,0.09549,0.28729,0.10476,0.065532,0.095547,0.1077,0.10142,0.1221,0.17393,0.067039,0.12738,0.084793,0.068202,0.07271,0.086335,0.092931,0.08589,0.28267,0.13133,0.13891,0.09813,0.076364,0.062948,0.081596,1.0116,0.093549,0.09536,0.084326,0.092347,0.077735,0.13093,0.15757,0.099555,0.099584,0.13733,0.054725,0.1064,0.078188,0.082027,0.086343,0.091489
0.10285,0.081237,0.079317,0.07357,0.081398,0.088274,0,0.061763,0.078767,0.074638,0.091589,0.079345,0.073307,0.044026,0.078461,0.074708,0.066995,0.057404,0.10462,0.077019,0.18138,0.058153,0.12747,0.11112,0.077281,0.044223,0.050492,0.068031,0.069227,0.065984,0.033467,0.051348,0.069099,0.062373,0.052469,0.075094,0.13038,0.11778,0.21327,0.063472,0.049936,0.053242,0.066826,0.062593,0.049761,0.060298,0.094659,0.094374,0.12672,0.076618,0.085343,0.064178,0.074152,0.11679,0.11647,0.085837,0.083576,0.062666,0.063708,0.08573,0.083621,0.13479,0.064389,0.064005,0.073784,0.093002,0.069633,0.051332,0.098276,0.050257,0.052475,0.093454,0.12292,0.086134,0.067532,0.14442,0.03985,0.069216,0.062859,0.049962,0.067463,0.095551,0.071573,0.060622,0.042152,0.060742,0.060942,0.088961,0.068669,0.064711,0.095292,0.054689,0.077455,0.08783,0.065759,0.076468,0.036413,0.078182,0.048798,0.057983,0.081469,0.096756,0.059953,0.072343,0.07176,0.10407,0.061894,0.06179,0.045176,0.069472,0.059219,0.065624,0.08208,0.051249,0.085356,0.05588,0.048971,0.0693,0.065311,0.055146,0.06364,0.08624,0.067441,0.13397,0.074766,0.055314,0.054305,0.065174,0.11857,0.065792,0.055762,0.085256,0.09781,0.040944,0.062731,0.091814,0.085639,0.064787,0.070646,0.12272,0.090367,0.08144,0.082384,0.10109,0.052036,0.078893,0.099811,0.072962,0.09399,0.07797,0.096304,0.070855,0.076895,0.079934,0.093693,0.052454,0.10556,0.054716,0.078459,0.054441,0.28787,0.074876,0.068724,0.068448,0.08209,0.05943,0.12881,0.17118,0.077691,0.15152,0.094916,0.085307,0.061764,0.067456,0.06171,0.052424,0.27117,0.094927,0.16587,0.071246,0.077809,0.08104,0.068558,1.0056,0.059721,0.081032,0.054514,0.049884,0.072751,0.099167,0.18248,0.066931,0.091734,0.13083,0.10485,0.08237,0.060533,0.053256,0.06749,0.058187
0.11498,0.072273,0.063145,0.059018,0.073231,0.097874,0.061763,0,0.084205,0.075402,0.08545,0.08832,0.081647,0.057872,0.062492,0.076511,0.062683,0.0596,0.11306,0.063208,0.19014,0.064387,0.11206,0.1234,0.073451,0.055262,0.086863,0.073057,0.085972,0.046642,0.063614,0.067188,0.075941,0.062287,0.044282,0.099804,0.13696,0.13595,0.23291,0.077909,0.061314,0.04841,0.07725,0.056354,0.061292,0.065801,0.078214,0.080082,0.14408,0.088675,0.086217,0.066481,0.088068,0.10556,0.11145,0.09573,0.091253,0.084499,0.07063,0.10886,0.093831,0.14476,0.056889,0.07303,0.066323,0.10355,0.061066,0.056895,0.095099,0.062005,0.064323,0.10948,0.12605,0.083071,0.075891,0.13993,0.060385,0.092483,0.077095,0.068264,0.065867,0.097767,0.063878,0.073999,0.060268,0.047172,0.06303,0.088967,0.10443,0.049207,0.11483,0.060004,0.075755,0.075784,0.077373,0.091311,0.066903,0.085858,0.0627,0.049015,0.064227,0.09013,0.069798,0.076458,0.057259,0.12573,0.070027,0.070954,0.056931,0.062989,0.061908,0.08066,0.098317,0.068098,0.081936,0.053712,0.06453,0.048407,0.070889,0.082943,0.05802,0.099646,0.059091,0.14142,0.064252,0.072208,0.050882,0.083796,0.14372,0.064349,0.058185,0.076082,0.102,0.059725,0.069172,0.089751,0.09846,0.070119,0.074857,0.098007,0.11373,0.09924,0.087479,0.11933,0.069117,0.077085,0.10464,0.080641,0.092695,0.066003,0.097386,0.073446,0.072816,0.064326,0.073254,0.058894,0.12201,0.054257,0.091744,0.05727,0.2978,0.049061,0.068697,0.075573,0.071575,0.074488,0.11581,0.16937,0.096028,0.15059,0.082418,0.077633,0.08047,0.04873,0.065112,0.059094,0.27538,0.098718,0.18723,0.063953,0.069001,0.091975,0.077902,0.99488,0.077114,0.091785,0.061174,0.055212,0.082881,0.10748,0.19181,0.083438,0.10935,0.14471,0.12125,0.10468,0.074619,0.044227,0.063761,0.040814
0.076217,0.077819,0.070207,0.050212,0.055684,0.068591,0.078767,0.084205,0,0.052134,0.088275,0.065804,0.069493,0.069287,0.084709,0.08079,0.072486,0.072183,0.10939,0.086761,0.1952,0.074795,0.12683,0.10135,0.071606,0.0654,0.086745,0.070252,0.057868,0.079195,0.065055,0.069028,0.094251,0.082126,0.060042,0.084147,0.10556,0.10638,0.2014,0.061069,0.060829,0.069793,0.062338,0.084761,0.083157,0.07042,0.099471,0.1108,0.10711,0.094616,0.051804,0.085784,0.09601,0.11547,0.10658,0.081202,0.060911,0.07623,0.067256,0.10724,0.091119,0.11598,0.07087,0.069818,0.0771,0.088903,0.078139,0.067032,0.092972,0.084902,0.053778,0.10447,0.11388,0.086152,0.089331,0.17183,0.066769,0.076961,0.067725,0.07038,0.06929,0.10276,0.075684,0.062371,0.064955,0.062486,0.068381,0.068622,0.11919,0.068023,0.09946,0.079018,0.082667,0.10229,0.080686,0.073116,0.081052,0.088858,0.075762,0.05597,0.086849,0.11578,0.081898,0.097195,0.073715,0.097299,0.088165,0.075279,0.070389,0.055457,0.063127,0.075736,0.088924,0.087821,0.094617,0.066396,0.083335,0.072057,0.083168,0.064594,0.068559,0.11017,0.05785,0.12611,0.076069,0.075226,0.060961,0.068962,0.11301,0.060742,0.080297,0.083816,0.098565,0.063062,0.072949,0.099624,0.053799,0.05769,0.087912,0.11526,0.094028,0.067642,0.0899,0.10373,0.06719,0.082293,0.083454,0.084742,0.088802,0.096771,0.1036,0.068569,0.070296,0.084274,0.096868,0.063749,0.081599,0.074062,0.085491,0.080754,0.28921,0.087769,0.062246,0.081528,0.081433,0.078633,0.12758,0.17626,0.065653,0.14104,0.084523,0.067571,0.068322,0.066075,0.078029,0.064654,0.27934,0.13009,0.13813,0.079381,0.075758,0.065249,0.077398,1.0153,0.080007,0.068693,0.075009,0.081938,0.067714,0.10736,0.15305,0.086162,0.096943,0.12754,0.085856,0.10269,0.068713,0.071255,0.054133,0.07438
0.092328,0.06639,0.065987,0.064939,0.064983,0.091444,0.074638,0.075402,0.052134,0,0.075743,0.068477,0.079721,0.063039,0.075918,0.082548,0.073146,0.070048,0.10107,0.082852,0.17293,0.064195,0.11903,0.10782,0.068625,0.055621,0.07832,0.068676,0.071129,0.066349,0.055476,0.063565,0.093186,0.076064,0.058701,0.098353,0.10955,0.11757,0.20709,0.061757,0.065218,0.061535,0.068363,0.072651,0.077468,0.06399,0.08762,0.11338,0.12304,0.091973,0.074388,0.073494,0.09732,0.12567,0.11508,0.083195,0.070137,0.063986,0.058276,0.0962,0.086063,0.11721,0.072745,0.069047,0.068913,0.093369,0.066261,0.067887,0.095718,0.078102,0.065151,0.093469,0.10909,0.094601,0.089006,0.15359,0.055416,0.089359,0.060994,0.069043,0.072398,0.091733,0.059159,0.05089,0.05809,0.058751,0.058254,0.080235,0.10398,0.07005,0.10839,0.077186,0.080414,0.092411,0.077857,0.061871,0.073589,0.093467,0.070399,0.060568,0.080835,0.096379,0.067461,0.089124,0.06237,0.11171,0.090179,0.070388,0.060486,0.051641,0.056484,0.073143,0.080604,0.074667,0.092446,0.067036,0.065248,0.070425,0.081913,0.070689,0.060292,0.10342,0.059562,0.13684,0.077106,0.065724,0.062967,0.066554,0.11917,0.068124,0.06532,0.083741,0.093053,0.060507,0.073493,0.088586,0.074005,0.059283,0.079945,0.10396,0.093028,0.073353,0.099464,0.10695,0.065918,0.068692,0.089237,0.075647,0.076618,0.079471,0.082505,0.068566,0.079364,0.072763,0.086503,0.05031,0.083471,0.076446,0.086829,0.072848,0.28973,0.070492,0.067426,0.076071,0.071954,0.066431,0.11706,0.17862,0.074592,0.15408,0.091168,0.08916,0.070569,0.058112,0.072937,0.057381,0.27943,0.13121,0.155,0.06887,0.082468,0.07271,0.082713,1.0145,0.06574,0.071788,0.072876,0.076972,0.075426,0.096785,0.1588,0.094173,0.092645,0.12655,0.09835,0.097233,0.073211,0.062059,0.059925,0.06909
0.11019,0.08175,0.063283,0.080277,0.097491,0.083237,0.091589,0.08545,0.088275,0.075743,0,0.10963,0.084103,0.08052,0.080411,0.071681,0.091152,0.091415,0.12751,0.083636,0.19075,0.074267,0.14432,0.11722,0.085477,0.079012,0.097577,0.091838,0.080305,0.087101,0.081366,0.091287,0.099336,0.076776,0.077119,0.08849,0.11871,0.12832,0.21022,0.11129,0.080484,0.076462,0.074383,0.070225,0.076558,0.078537,0.094658,0.12149,0.12834,0.10734,0.073528,0.088616,0.12752,0.10708,0.12531,0.1055,0.091411,0.088893,0.070135,0.12066,0.10893,0.12869,0.085879,0.08513,0.076529,0.092224,0.09061,0.080059,0.10674,0.081397,0.077814,0.09381,0.11628,0.099421,0.084275,0.15465,0.077177,0.11487,0.089392,0.088838,0.08978,0.12281,0.080986,0.06614,0.075613,0.069738,0.083722,0.081767,0.11614,0.076149,0.10511,0.088346,0.080114,0.091285,0.10008,0.082963,0.091219,0.089701,0.083024,0.076424,0.095205,0.10623,0.085906,0.10451,0.089661,0.12139,0.08555,0.068885,0.074154,0.094448,0.085354,0.091195,0.088442,0.077649,0.097458,0.080443,0.089613,0.07301,0.081146,0.078511,0.075016,0.11727,0.071081,0.14466,0.080286,0.081315,0.072902,0.089909,0.12229,0.067382,0.075843,0.089533,0.12308,0.089062,0.094091,0.097881,0.089141,0.083045,0.092546,0.13162,0.10467,0.11414,0.09891,0.11475,0.086933,0.064375,0.10187,0.10726,0.11057,0.079642,0.1091,0.074217,0.070249,0.057058,0.056066,0.066495,0.11295,0.077758,0.11011,0.088533,0.29236,0.071621,0.072007,0.085497,0.092228,0.088829,0.061809,0.16329,0.087966,0.15449,0.0968,0.088891,0.069858,0.069534,0.088193,0.081399,0.29323,0.13252,0.17052,0.080801,0.077511,0.088145,0.093208,1.0182,0.088713,0.08767,0.075415,0.090601,0.072787,0.10657,0.17372,0.099608,0.12113,0.12708,0.099788,0.11842,0.061533,0.061089,0.086839,0.08957
0.096503,0.079877,0.092938,0.065605,0.0545,0.09618,0.079345,0.08832,0.065804,0.068477,0.10963,0,0.095584,0.071172,0.093506,0.087093,0.065709,0.072936,0.11574,0.09268,0.19207,0.085994,0.15238,0.09897,0.084508,0.071027,0.082815,0.080928,0.070266,0.077717,0.067746,0.077061,0.10172,0.094111,0.07403,0.097445,0.12379,0.11507,0.21403,0.064052,0.075724,0.077521,0.073581,0.089173,0.093791,0.085838,0.10936,0.10994,0.13906,0.11196,0.092252,0.091899,0.10268,0.13612,0.12412,0.10042,0.084009,0.082148,0.07838,0.093677,0.10122,0.12884,0.083356,0.089653,0.094788,0.097961,0.0732,0.072727,0.11516,0.095601,0.075167,0.13133,0.12565,0.10318,0.096852,0.15886,0.073885,0.084545,0.066308,0.076858,0.080146,0.10026,0.087037,0.066734,0.072865,0.08471,0.079176,0.099241,0.11371,0.081795,0.12226,0.076633,0.10308,0.11058,0.072707,0.07223,0.080859,0.11226,0.079033,0.081117,0.077809,0.11246,0.082085,0.083674,0.085926,0.11286,0.098619,0.093018,0.081055,0.059407,0.07211,0.084113,0.091806,0.099073,0.097917,0.076773,0.082216,0.081035,0.093285,0.078292,0.074332,0.1215,0.072029,0.11539,0.081662,0.076033,0.074712,0.06648,0.13621,0.079125,0.083862,0.082412,0.09664,0.065724,0.081488,0.11458,0.069662,0.078689,0.095501,0.1184,0.10214,0.066384,0.10261,0.12012,0.077474,0.089553,0.086787,0.092821,0.091007,0.10729,0.10665,0.082791,0.08082,0.10265,0.11778,0.064139,0.1097,0.089611,0.08268,0.072532,0.30562,0.094475,0.089251,0.078998,0.094061,0.087897,0.14718,0.17556,0.075327,0.14961,0.092662,0.094361,0.079268,0.090758,0.07214,0.072259,0.28822,0.1272,0.13881,0.080335,0.084999,0.074727,0.087293,0.98508,0.085939,0.079363,0.082808,0.091011,0.084692,0.12087,0.17315,0.092783,0.092848,0.15504,0.10234,0.0939,0.093262,0.084262,0.08068,0.071875
0.11471,0.084289,0.071792,0.069354,0.086008,0.083833,0.073307,0.081647,0.069493,0.079721,0.084103,0.095584,0,0.067422,0.08533,0.062383,0.087183,0.070827,0.10573,0.091325,0.18062,0.068631,0.11639,0.12234,0.061238,0.063631,0.094787,0.066567,0.072027,0.078015,0.068703,0.071098,0.079841,0.062973,0.062387,0.063706,0.11868,0.11101,0.21858,0.078992,0.05391,0.070395,0.049694,0.089594,0.060655,0.067917,0.094806,0.10872,0.13152,0.089469,0.0776,0.074442,0.10122,0.1187,0.11223,0.08255,0.082354,0.077224,0.073244,0.095822,0.096621,0.13142,0.056517,0.075712,0.072344,0.10954,0.081179,0.07416,0.094062,0.059233,0.04689,0.10397,0.10826,0.096637,0.065479,0.18115,0.067258,0.097394,0.069351,0.069806,0.08324,0.084146,0.063445,0.080352,0.0684,0.05742,0.064307,0.09254,0.10667,0.071117,0.086511,0.068567,0.086507,0.095283,0.087396,0.09032,0.07401,0.091316,0.078213,0.068589,0.081321,0.094633,0.094663,0.093471,0.066807,0.12663,0.065742,0.069868,0.058474,0.074482,0.086947,0.064124,0.087861,0.072121,0.09443,0.068744,0.078515,0.069555,0.081994,0.068027,0.062234,0.11562,0.052824,0.14396,0.064513,0.0675,0.056188,0.074688,0.12007,0.049216,0.065304,0.088866,0.095786,0.069015,0.069793,0.10416,0.07561,0.076337,0.077221,0.13501,0.093126,0.098045,0.088821,0.11537,0.06534,0.091816,0.093196,0.081033,0.099752,0.083567,0.093212,0.065092,0.078613,0.062087,0.078121,0.070178,0.10754,0.055089,0.071545,0.068892,0.29771,0.079009,0.076736,0.076748,0.070945,0.092306,0.11188,0.20466,0.069521,0.16782,0.081069,0.062062,0.064046,0.073783,0.065725,0.067355,0.28556,0.10517,0.18006,0.077211,0.069708,0.078178,0.076948,1.0116,0.082239,0.088685,0.056009,0.075062,0.059785,0.10514,0.19979,0.074059,0.112,0.15107,0.10635,0.092936,0.069236,0.061979,0.073067,0.062943
0.10643,0.066264,0.072154,0.06093,0.069278,0.083295,0.044026,0.057872,0.069287,0.063039,0.08052,0.071172,0.067422,0,0.060323,0.059093,0.058119,0.046908,0.08547,0.069619,0.18409,0.066031,0.12529,0.10644,0.051004,0.03165,0.062842,0.057552,0.061101,0.048576,0.031267,0.052882,0.069161,0.0567,0.042598,0.082112,0.12711,0.12363,0.21457,0.052835,0.04007,0.052527,0.045837,0.051284,0.059914,0.054427,0.083169,0.093771,0.12896,0.07285,0.082294,0.048388,0.080442,0.11533,0.12932,0.083185,0.077023,0.060507,0.058472,0.075437,0.081132,0.14101,0.04279,0.064438,0.069091,0.097995,0.046842,0.043951,0.092692,0.055435,0.050144,0.098502,0.1027,0.088815,0.063632,0.14252,0.047341,0.071585,0.043033,0.040715,0.061687,0.081578,0.055797,0.044656,0.041567,0.045148,0.057882,0.085676,0.071928,0.049348,0.097341,0.056903,0.077671,0.071512,0.050388,0.051856,0.046338,0.084312,0.03942,0.055371,0.074623,0.083369,0.051864,0.067143,0.05571,0.11554,0.061422,0.056542,0.040992,0.052399,0.054781,0.042033,0.077588,0.058225,0.089011,0.037389,0.051439,0.051063,0.056173,0.052088,0.039254,0.095362,0.047683,0.1296,0.050722,0.05074,0.044218,0.062042,0.12192,0.051593,0.034779,0.08132,0.086388,0.033589,0.054796,0.085141,0.072716,0.060332,0.051842,0.11317,0.082465,0.081011,0.069704,0.10692,0.026157,0.063073,0.099929,0.062285,0.097263,0.068187,0.079089,0.06315,0.062316,0.066071,0.081933,0.04315,0.11371,0.051639,0.063918,0.042734,0.28925,0.064723,0.065716,0.048737,0.062821,0.060393,0.11859,0.17023,0.068799,0.13579,0.072881,0.071664,0.05202,0.060799,0.057785,0.036742,0.27521,0.090116,0.16451,0.050115,0.062521,0.069064,0.058443,1.0054,0.05267,0.064934,0.042152,0.053806,0.060947,0.097138,0.184,0.06323,0.094268,0.13567,0.10096,0.089106,0.063782,0.041486,0.060508,0.054231
0.10958,0.087392,0.075704,0.060861,0.079173,0.098426,0.078461,0.062492,0.084709,0.075918,0.080411,0.093506,0.08533,0.060323,0,0.074434,0.077645,0.064527,0.10789,0.081968,0.18233,0.074817,0.12336,0.11302,0.06482,0.058974,0.086007,0.08775,0.070576,0.051089,0.070645,0.074343,0.089444,0.073643,0.057593,0.10028,0.12433,0.12639,0.21649,0.08833,0.066853,0.062474,0.067199,0.058529,0.081172,0.083276,0.073194,0.09462,0.13416,0.085382,0.087197,0.074823,0.10548,0.12174,0.12639,0.096886,0.089509,0.091632,0.062967,0.10187,0.097361,0.14712,0.065356,0.090466,0.077082,0.098133,0.068329,0.071197,0.098497,0.072266,0.063655,0.10807,0.090643,0.1007,0.080394,0.15856,0.066675,0.086789,0.076397,0.078933,0.085428,0.099826,0.07416,0.073627,0.063726,0.064135,0.073009,0.07893,0.11755,0.065347,0.10616,0.07933,0.077869,0.060818,0.071153,0.081173,0.074081,0.10293,0.075542,0.068675,0.086068,0.098618,0.061631,0.1015,0.067551,0.12837,0.08145,0.088268,0.057751,0.071855,0.081178,0.082831,0.11003,0.080202,0.1027,0.064317,0.081732,0.066727,0.074105,0.078483,0.05747,0.10744,0.05908,0.14392,0.068521,0.08013,0.062353,0.073614,0.13395,0.071792,0.069559,0.084467,0.11251,0.068738,0.079531,0.065391,0.082225,0.083739,0.060581,0.09621,0.11067,0.09677,0.083454,0.13847,0.071417,0.081183,0.11418,0.071557,0.10085,0.086313,0.098677,0.070822,0.071875,0.081084,0.088859,0.058356,0.12192,0.072183,0.099647,0.066413,0.29417,0.07196,0.066247,0.074577,0.056657,0.078446,0.12169,0.17767,0.087652,0.13831,0.087944,0.08635,0.068658,0.062763,0.089222,0.066302,0.28839,0.11893,0.17502,0.050069,0.074287,0.089576,0.086652,1.0147,0.083638,0.10301,0.070507,0.087689,0.064621,0.10882,0.18034,0.085279,0.12717,0.12658,0.11923,0.119,0.076868,0.060976,0.066404,0.061406
0.11705,0.059023,0.069326,0.070162,0.083213,0.08552,0.074708,0.076511,0.08079,0.082548,0.071681,0.087093,0.062383,0.059093,0.074434,0,0.062221,0.057095,0.12182,0.084284,0.18581,0.060615,0.1378,0.11216,0.05563,0.056141,0.084549,0.063764,0.062468,0.073835,0.063967,0.060644,0.066471,0.045621,0.058563,0.060962,0.11691,0.13542,0.21385,0.080412,0.042663,0.069585,0.03489,0.071141,0.055784,0.060255,0.098845,0.10126,0.12684,0.089135,0.076151,0.073029,0.097228,0.11529,0.11332,0.085959,0.08777,0.075249,0.060727,0.098001,0.092789,0.13613,0.052407,0.077579,0.073157,0.11166,0.070402,0.061678,0.099805,0.052644,0.058882,0.096181,0.10413,0.092838,0.047619,0.14915,0.070704,0.096363,0.079873,0.071032,0.070637,0.088424,0.065064,0.065295,0.062975,0.059541,0.070297,0.092797,0.10488,0.063564,0.083742,0.070618,0.083412,0.093477,0.074046,0.071182,0.072044,0.10009,0.067696,0.070254,0.066174,0.098133,0.072304,0.081425,0.073269,0.11275,0.045733,0.072884,0.059468,0.079525,0.077414,0.062008,0.06806,0.078986,0.090364,0.060589,0.07125,0.062598,0.063258,0.060325,0.047732,0.12298,0.048643,0.14563,0.062782,0.05485,0.058784,0.069562,0.12663,0.045268,0.057503,0.078488,0.097647,0.064502,0.054045,0.10847,0.077566,0.068238,0.085106,0.13993,0.086003,0.093915,0.084049,0.10954,0.064722,0.065226,0.092641,0.10022,0.10281,0.083587,0.092146,0.04053,0.05827,0.065474,0.071563,0.049843,0.10774,0.048428,0.072093,0.06443,0.29897,0.066073,0.074913,0.058776,0.081209,0.085007,0.10676,0.17236,0.070962,0.14288,0.082235,0.067544,0.054721,0.072717,0.060378,0.061247,0.29328,0.096539,0.16722,0.06939,0.057874,0.077425,0.059453,1.0104,0.072145,0.079048,0.034318,0.077036,0.058284,0.10312,0.18706,0.058834,0.10177,0.14813,0.10144,0.097133,0.062655,0.055329,0.070045,0.066145
0.097632,0.054604,0.068062,0.060967,0.055749,0.087843,0.066995,0.062683,0.072486,0.073146,0.091152,0.065709,0.087183,0.058119,0.077645,0.062221,0,0.062337,0.11454,0.081066,0.19569,0.0707,0.14123,0.093918,0.067411,0.050044,0.076584,0.065343,0.066724,0.059736,0.061557,0.062409,0.065254,0.062239,0.054258,0.090266,0.11912,0.12859,0.21862,0.060109,0.056347,0.052049,0.060921,0.057846,0.064069,0.070204,0.085944,0.10171,0.13208,0.10131,0.077387,0.072894,0.093837,0.12175,0.10465,0.097268,0.085294,0.069809,0.059054,0.096826,0.084232,0.12309,0.058696,0.083758,0.077723,0.10095,0.063559,0.058052,0.098408,0.065147,0.069545,0.1002,0.12904,0.068933,0.0679,0.12766,0.066869,0.086515,0.077465,0.069176,0.069381,0.097289,0.074986,0.05836,0.057259,0.061632,0.06861,0.092535,0.10624,0.06684,0.10734,0.071454,0.085347,0.10378,0.08128,0.077403,0.076179,0.10134,0.060695,0.062174,0.063082,0.093589,0.064415,0.061935,0.072675,0.113,0.060428,0.072723,0.063181,0.071716,0.066131,0.075281,0.077117,0.080926,0.096221,0.044339,0.064325,0.063929,0.078832,0.061694,0.053628,0.11603,0.058135,0.13645,0.065533,0.067933,0.066553,0.068716,0.1325,0.062644,0.0611,0.086295,0.093166,0.064704,0.062881,0.10133,0.076358,0.061802,0.081658,0.11401,0.098041,0.075779,0.082442,0.10072,0.063959,0.075745,0.090752,0.088476,0.098084,0.083695,0.11057,0.065895,0.063404,0.08396,0.094505,0.049118,0.11193,0.055768,0.093656,0.067656,0.30227,0.064953,0.070217,0.064586,0.083416,0.074848,0.12816,0.15496,0.072052,0.14007,0.090491,0.084439,0.060057,0.073866,0.067984,0.061507,0.28416,0.096648,0.15292,0.070898,0.069645,0.074674,0.075567,1.0104,0.0784,0.081912,0.052958,0.076162,0.068633,0.11383,0.18049,0.075245,0.087303,0.14355,0.097789,0.094216,0.072745,0.059743,0.068374,0.065695
0.10851,0.060664,0.074909,0.053668,0.064487,0.08748,0.057404,0.0596,0.072183,0.070048,0.091415,0.072936,0.070827,0.046908,0.064527,0.057095,0.062337,0,0.11815,0.070113,0.18255,0.054,0.11637,0.11574,0.054914,0.046404,0.06782,0.056418,0.067354,0.057169,0.049612,0.036249,0.062928,0.04527,0.051099,0.082135,0.11893,0.13211,0.22805,0.055838,0.035796,0.056819,0.052083,0.075624,0.054951,0.058146,0.097945,0.06873,0.13485,0.069615,0.079981,0.049986,0.079498,0.11688,0.12373,0.078707,0.070892,0.071235,0.052311,0.095369,0.077796,0.13862,0.052316,0.063592,0.070429,0.10643,0.059118,0.046044,0.099215,0.051148,0.052854,0.095337,0.10173,0.084226,0.060683,0.1593,0.057974,0.07054,0.066548,0.053946,0.054972,0.081029,0.053373,0.063665,0.057614,0.054237,0.05448,0.086292,0.091755,0.046931,0.10561,0.058038,0.070292,0.084069,0.056862,0.064886,0.058287,0.097878,0.059599,0.054127,0.058481,0.099269,0.065486,0.072472,0.054243,0.10417,0.05996,0.073213,0.053859,0.061827,0.051986,0.054837,0.073428,0.07131,0.084683,0.050776,0.058874,0.060485,0.053636,0.062337,0.046968,0.1088,0.048203,0.13478,0.065549,0.055639,0.058112,0.07319,0.1189,0.054549,0.057796,0.072856,0.09575,0.053578,0.058843,0.097208,0.083829,0.056603,0.080714,0.11139,0.081126,0.07506,0.082597,0.1064,0.054802,0.072204,0.087768,0.080276,0.078558,0.077014,0.087485,0.055535,0.067608,0.069086,0.078224,0.046074,0.10937,0.049807,0.067373,0.053628,0.29345,0.066081,0.064032,0.064606,0.065357,0.07594,0.12233,0.18033,0.076394,0.13524,0.074184,0.061937,0.066822,0.054043,0.056426,0.051069,0.28341,0.10623,0.17306,0.05485,0.061808,0.08168,0.047533,1.0047,0.063033,0.084695,0.043916,0.065714,0.068797,0.10221,0.17524,0.062453,0.092918,0.14089,0.10961,0.1023,0.070097,0.050749,0.052054,0.047887
0.14074,0.12469,0.11658,0.11099,0.1192,0.13712,0.10462,0.11306,0.10939,0.10107,0.12751,0.11574,0.10573,0.08547,0.10789,0.12182,0.11454,0.11815,0,0.12442,0.21747,0.12969,0.15127,0.13448,0.095325,0.089678,0.10676,0.11449,0.11611,0.090952,0.10045,0.11939,0.13206,0.12614,0.098056,0.13997,0.16329,0.15512,0.21938,0.097136,0.10706,0.10312,0.10099,0.10056,0.1267,0.11911,0.11633,0.16362,0.17435,0.12595,0.13245,0.09741,0.12097,0.15738,0.16084,0.11448,0.1302,0.11439,0.12507,0.089324,0.14146,0.16556,0.09906,0.11995,0.11512,0.13459,0.10273,0.11611,0.12261,0.11628,0.10931,0.14947,0.12737,0.13783,0.12613,0.18046,0.099046,0.12465,0.079758,0.098275,0.13676,0.1166,0.098026,0.098553,0.099048,0.099442,0.11823,0.13597,0.12071,0.11804,0.12204,0.11305,0.1355,0.11124,0.10095,0.1125,0.11195,0.11747,0.10345,0.11934,0.13447,0.10793,0.10839,0.12567,0.11052,0.17645,0.12617,0.10518,0.096031,0.095124,0.11612,0.10259,0.13112,0.098007,0.13778,0.097881,0.11093,0.10034,0.12256,0.099187,0.09598,0.13259,0.10277,0.15883,0.093398,0.11309,0.094994,0.096486,0.16072,0.10979,0.089466,0.14311,0.12541,0.095301,0.11325,0.1029,0.11112,0.11628,0.060667,0.14079,0.13752,0.12072,0.12171,0.1513,0.087334,0.11641,0.14492,0.075147,0.1381,0.11611,0.10419,0.1206,0.11828,0.1142,0.13241,0.11091,0.15146,0.11762,0.11798,0.093672,0.30938,0.11242,0.12321,0.10221,0.10486,0.11199,0.15403,0.21763,0.10969,0.19216,0.1239,0.12713,0.095046,0.11737,0.11364,0.10148,0.28846,0.11967,0.19395,0.10932,0.12412,0.11979,0.12587,1.0117,0.10421,0.10711,0.11065,0.10875,0.10425,0.13222,0.22499,0.11851,0.12826,0.17153,0.14275,0.1233,0.11572,0.099884,0.11256,0.1094
0.10847,0.082791,0.084247,0.066069,0.087105,0.093019,0.077019,0.063208,0.086761,0.082852,0.083636,0.09268,0.091325,0.069619,0.081968,0.084284,0.081066,0.070113,0.12442,0,0.19368,0.08232,0.13471,0.11455,0.082127,0.075126,0.094567,0.079635,0.095342,0.064083,0.0681,0.081267,0.090816,0.075662,0.06648,0.10894,0.12777,0.1383,0.23836,0.088089,0.071717,0.075,0.082453,0.084398,0.073197,0.071368,0.11086,0.079051,0.13769,0.099288,0.085645,0.07771,0.11535,0.11053,0.12402,0.089197,0.086969,0.086545,0.083549,0.12752,0.10486,0.13978,0.076758,0.076738,0.076583,0.10049,0.080461,0.071081,0.1012,0.08191,0.076579,0.11181,0.12523,0.09193,0.084974,0.15645,0.072625,0.095329,0.093877,0.086556,0.082655,0.11034,0.077819,0.072625,0.077754,0.075002,0.077661,0.080238,0.10347,0.054359,0.12608,0.064138,0.081395,0.086024,0.08994,0.08448,0.078295,0.098139,0.059751,0.064317,0.075102,0.10862,0.081907,0.082128,0.076033,0.11229,0.088223,0.064902,0.076187,0.07856,0.070103,0.078883,0.093822,0.086612,0.093628,0.06525,0.082701,0.056999,0.057957,0.08688,0.069233,0.11173,0.066249,0.14469,0.078093,0.068782,0.063081,0.093226,0.13716,0.065226,0.078253,0.075664,0.11806,0.079378,0.079866,0.10713,0.10244,0.090204,0.098982,0.13115,0.11238,0.092026,0.086306,0.096857,0.082885,0.085052,0.099175,0.10916,0.099619,0.082418,0.10522,0.068805,0.063501,0.0652,0.073916,0.065652,0.12223,0.079764,0.093443,0.085272,0.29359,0.072217,0.072871,0.079655,0.090248,0.096515,0.11212,0.17471,0.097632,0.15181,0.10077,0.082842,0.088056,0.060824,0.067623,0.070092,0.26674,0.11849,0.18849,0.087237,0.067437,0.096684,0.082729,1.0155,0.092727,0.082815,0.06878,0.077029,0.093242,0.12455,0.18534,0.093587,0.1184,0.12831,0.11417,0.12343,0.077822,0.059533,0.080175,0.071655
0.22049,0.1825,0.18704,0.19223,0.1978,0.20232,0.18138,0.19014,0.1952,0.17293,0.19075,0.19207,0.18062,0.18409,0.18233,0.18581,0.19569,0.18255,0.21747,0.19368,0,0.16304,0.21183,0.23308,0.18269,0.1746,0.18921,0.18618,0.18798,0.17739,0.16908,0.16875,0.1878,0.17755,0.18514,0.19044,0.22325,0.18024,0.30427,0.1788,0.18122,0.18764,0.19025,0.18989,0.1673,0.16885,0.17982,0.19563,0.23208,0.18488,0.20665,0.20095,0.1938,0.25637,0.21189,0.19922,0.20211,0.16143,0.17727,0.18243,0.1846,0.2276,0.18952,0.1887,0.17102,0.22624,0.18987,0.18192,0.22231,0.1724,0.1758,0.1857,0.21067,0.21493,0.17172,0.21741,0.16677,0.19219,0.18927,0.18688,0.19178,0.17723,0.18985,0.18062,0.177,0.18497,0.16599,0.20002,0.18333,0.18662,0.19418,0.16831,0.19647,0.18687,0.18659,0.18277,0.16187,0.21188,0.18393,0.18872,0.17418,0.1936,0.18452,0.18748,0.16796,0.21206,0.1797,0.18946,0.17866,0.19644,0.19477,0.16992,0.18682,0.19799,0.16979,0.18734,0.15545,0.20122,0.18432,0.19611,0.17951,0.1893,0.18552,0.24876,0.19123,0.16073,0.18598,0.18446,0.23434,0.18171,0.17777,0.18593,0.19257,0.17932,0.17995,0.19129,0.19916,0.18589,0.18813,0.22394,0.17383,0.1965,0.19256,0.20467,0.19247,0.18797,0.20701,0.18575,0.19223,0.19355,0.16689,0.18145,0.19105,0.18781,0.19631,0.17677,0.19191,0.17794,0.17127,0.18886,0.39674,0.18867,0.17847,0.19247,0.18244,0.18528,0.22642,0.29359,0.19682,0.25122,0.19228,0.19446,0.19657,0.1835,0.18307,0.17576,0.33207,0.19912,0.26632,0.18043,0.18074,0.19879,0.17498,1.0067,0.16832,0.19518,0.17862,0.1885,0.1988,0.15623,0.2681,0.17936,0.19834,0.21131,0.21438,0.20529,0.1855,0.18374,0.19017,0.17615
0.11021,0.066669,0.05604,0.067091,0.076058,0.090149,0.058153,0.064387,0.074795,0.064195,0.074267,0.085994,0.068631,0.066031,0.074817,0.060615,0.0707,0.054,0.12969,0.08232,0.16304,0,0.11875,0.12564,0.077064,0.049327,0.073532,0.064201,0.070188,0.070157,0.05334,0.044968,0.078313,0.049664,0.053023,0.072638,0.11321,0.12542,0.22043,0.073952,0.04999,0.051586,0.064994,0.07078,0.043608,0.057079,0.08823,0.089462,0.12804,0.0846,0.076102,0.07354,0.080053,0.11296,0.10099,0.085338,0.083384,0.064345,0.044639,0.10123,0.077537,0.12616,0.060785,0.067475,0.060218,0.10105,0.068851,0.052841,0.10553,0.049106,0.058847,0.086381,0.11823,0.090761,0.05943,0.14498,0.049988,0.094088,0.0795,0.063621,0.063741,0.092788,0.058276,0.064506,0.053782,0.057705,0.058057,0.084585,0.10198,0.068422,0.093811,0.060459,0.076183,0.098582,0.073047,0.076836,0.06216,0.090307,0.070789,0.057461,0.068766,0.09754,0.070967,0.082533,0.058197,0.10607,0.059309,0.067328,0.051447,0.076972,0.063486,0.074998,0.069252,0.071004,0.075336,0.069162,0.049253,0.069892,0.062425,0.06413,0.064573,0.091486,0.060651,0.14358,0.084275,0.056558,0.058874,0.06923,0.12139,0.056906,0.064796,0.077808,0.10531,0.057716,0.066349,0.09344,0.089507,0.055852,0.090022,0.12491,0.089375,0.091284,0.093535,0.10357,0.070792,0.068474,0.088333,0.090076,0.086349,0.079916,0.087917,0.058292,0.076395,0.063484,0.069141,0.046235,0.094901,0.048593,0.077468,0.063691,0.29291,0.055971,0.065753,0.072065,0.079367,0.063104,0.11042,0.17093,0.080492,0.16092,0.083964,0.072804,0.067751,0.061452,0.068312,0.056786,0.28115,0.11815,0.1697,0.066097,0.072363,0.086452,0.063858,0.99923,0.063701,0.088432,0.052916,0.066869,0.070191,0.08857,0.1667,0.070916,0.099458,0.13504,0.10775,0.099389,0.059131,0.052687,0.05811,0.053304
0.16157,0.12094,0.11143,0.12507,0.13153,0.14978,0.12747,0.11206,0.12683,0.11903,0.14432,0.15238,0.11639,0.12529,0.12336,0.1378,0.14123,0.11637,0.15127,0.13471,0.21183,0.11875,0,0.17944,0.11163,0.11788,0.14584,0.10159,0.13975,0.11861,0.12581,0.11681,0.12591,0.12277,0.10892,0.14499,0.15508,0.17573,0.25746,0.12779,0.11548,0.11432,0.12857,0.13189,0.12698,0.12429,0.13736,0.1258,0.17764,0.12911,0.12307,0.10533,0.1133,0.14741,0.14424,0.11675,0.11923,0.14406,0.12267,0.15549,0.11588,0.18844,0.11857,0.1041,0.11131,0.15394,0.11477,0.13418,0.1332,0.11959,0.12231,0.12864,0.16375,0.14279,0.13386,0.21252,0.1282,0.14213,0.13428,0.12709,0.11396,0.10236,0.10585,0.14422,0.13271,0.10841,0.10848,0.13284,0.16308,0.12377,0.16621,0.12117,0.10202,0.11803,0.1421,0.13659,0.12727,0.12373,0.13749,0.10225,0.13011,0.13673,0.12916,0.14962,0.10833,0.17071,0.13073,0.12949,0.1125,0.11623,0.12605,0.12936,0.14838,0.11733,0.13836,0.12741,0.12442,0.12463,0.1285,0.1385,0.11608,0.1483,0.10907,0.1991,0.13738,0.13363,0.11343,0.13604,0.15847,0.11724,0.11578,0.13765,0.10974,0.11862,0.11271,0.1535,0.14021,0.12722,0.13076,0.13472,0.15422,0.14451,0.14513,0.17301,0.12436,0.1305,0.15341,0.12019,0.13488,0.10099,0.11922,0.1261,0.14643,0.11574,0.12248,0.12976,0.15078,0.12465,0.13503,0.12948,0.30465,0.11681,0.11328,0.12221,0.10682,0.12592,0.16193,0.23661,0.14368,0.18415,0.13244,0.12309,0.13347,0.11131,0.12338,0.11731,0.28037,0.16694,0.22675,0.11941,0.13744,0.13367,0.12865,1.0342,0.12684,0.14876,0.12589,0.129,0.12684,0.13951,0.21444,0.13228,0.16177,0.15911,0.17183,0.14954,0.14596,0.1132,0.10147,0.11646
