0,0.09877,0.089454,0.075751,0.060835,0.082082,0.079078,0.067768,0.11571,0.088212,0.078759,0.069436,0.081494,0.079365,0.063182,0.081211,0.12275,0.085631,0.083862,0.08614,0.08027,0.079347,0.10794,0.051523,0.087484,0.074945,0.077996,0.086622,0.080818,0.10415,0.082303,0.088129,0.11343,0.088549,0.078644,0.093997,0.1,0.079514,0.12193,0.075399,0.072258,0.085988,0.081488,0.077546,0.08526,0.074493,0.11082,0.090597,0.090096,0.10131,0.082566,0.082168,0.10834,0.07762,0.088306,0.082924,0.12109,0.084814,0.089122,0.1293,0.079551,0.070091,0.075564,0.076405,0.08564,0.048296,0.082316,0.12044,0.12985,0.080565,0.10965,0.12219,0.079271,0.09354,0.077465,0.085651,0.062993,0.069228,0.10747,0.092908,0.20734,0.11074,0.070315,0.079902,0.099028,0.098825,0.13665,0.0693,0.083982,0.090182,0.081143,0.098469,0.082541,0.11668,0.76104,0.10148,0.086389,0.088015,0.084881,0.071097,0.11297,0.082271,0.10967,0.0721,0.069198,0.096928,0.083125,0.073376,0.060593,0.10789,0.090933,0.091277,0.072783,0.099788,0.1056,0.090749,0.088442,0.069628,0.10471,0.075895,0.083154,0.21124,0.071306,0.092271,0.084838,0.080727,0.082458,0.075762,0.08072,0.062491,0.081433,0.081057,0.084596,0.081456,0.079557,0.10277,0.08105,0.11933,0.094019,0.091865,0.094774,0.060736,0.12567,0.083644,0.083701,0.068757,0.079447,0.08167,0.25581,0.07637,0.063409,0.080089,0.089844,0.07157,0.077792,0.078831,0.093837,0.084692,0.13038,0.11959,0.061135,0.093928,0.070839,0.078555,0.081627,0.087676,0.084059,0.093381,0.083572,0.073743,0.065661,0.093447,0.082814,0.13659,0.082682,0.095521,0.095789,0.085857,0.089217,0.057178,0.10608,0.078492,0.094414,0.076372,0.092564,0.085147,0.079596,0.10725,0.079167,0.081252,0.073103,0.066595,0.10929,0.076696,0.084723,0.09539,0.079757,0.072707,0.077874,0.084695
0.09877,0,0.067919,0.05219,0.066606,0.054231,0.065034,0.073074,0.097295,0.049362,0.061897,0.06027,0.050684,0.058554,0.067357,0.051041,0.13102,0.07761,0.063373,0.053738,0.069873,0.0693,0.10144,0.066159,0.081574,0.05312,0.069055,0.059845,0.039248,0.078798,0.052489,0.084263,0.092616,0.052254,0.048205,0.07272,0.10251,0.055987,0.10433,0.055731,0.039779,0.061008,0.048899,0.052984,0.05851,0.059684,0.094941,0.080767,0.094459,0.094195,0.053121,0.093752,0.091053,0.063651,0.05631,0.091975,0.10234,0.05496,0.061214,0.1455,0.080867,0.08863,0.043886,0.056942,0.052546,0.075866,0.099217,0.083084,0.082441,0.057551,0.086593,0.10181,0.067499,0.082492,0.071288,0.078489,0.060271,0.049899,0.074247,0.064897,0.18026,0.0988,0.06944,0.061942,0.095144,0.10352,0.091506,0.056997,0.058204,0.051686,0.061806,0.069293,0.04857,0.10928,0.76436,0.055115,0.055748,0.080608,0.07188,0.042766,0.10227,0.064473,0.068416,0.062752,0.062295,0.074496,0.063855,0.057518,0.059257,0.066216,0.059525,0.048524,0.062513,0.055824,0.11074,0.061081,0.065505,0.069418,0.062676,0.059632,0.053121,0.18521,0.050191,0.074483,0.040895,0.052453,0.064441,0.060142,0.087414,0.052567,0.076445,0.053425,0.058671,0.076233,0.051947,0.13252,0.044768,0.090818,0.058136,0.057127,0.070541,0.065222,0.085816,0.054876,0.061,0.068314,0.087153,0.048991,0.22309,0.065211,0.090418,0.067222,0.069173,0.052324,0.049441,0.056535,0.098308,0.062825,0.094873,0.079281,0.060364,0.076193,0.051814,0.068466,0.054274,0.097869,0.050234,0.049404,0.063227,0.049994,0.058204,0.049304,0.066996,0.091462,0.074347,0.06778,0.084574,0.065682,0.066772,0.072347,0.076284,0.057132,0.077791,0.047883,0.056976,0.050479,0.052511,0.084765,0.060305,0.059272,0.065351,0.061646,0.069944,0.071653,0.054013,0.074288,0.084169,0.048922,0.042645,0.050215
0.089454,0.067919,0,0.059162,0.06926,0.046991,0.0741,0.07561,0.092647,0.06021,0.054791,0.052206,0.059906,0.059397,0.076824,0.059382,0.14287,0.074466,0.076875,0.06681,0.070115,0.076873,0.12877,0.067799,0.10284,0.055468,0.042705,0.084848,0.057544,0.073818,0.055704,0.080606,0.097437,0.06698,0.083185,0.056215,0.10466,0.059319,0.11928,0.066003,0.059852,0.08316,0.045279,0.058497,0.06318,0.066562,0.086733,0.080633,0.08029,0.066496,0.076166,0.095198,0.079292,0.074631,0.04931,0.077915,0.11158,0.057716,0.063102,0.15177,0.081796,0.082292,0.053086,0.077749,0.069281,0.07592,0.11486,0.094151,0.093651,0.063078,0.074232,0.12484,0.076175,0.099208,0.061837,0.078695,0.049111,0.069659,0.067639,0.072965,0.20898,0.12351,0.068473,0.069098,0.096576,0.095313,0.11015,0.069453,0.07334,0.064732,0.046442,0.072952,0.054572,0.11043,0.76705,0.06047,0.058555,0.076665,0.076078,0.055101,0.085508,0.092772,0.078799,0.060485,0.056253,0.072849,0.071129,0.050608,0.069433,0.084261,0.072023,0.047339,0.067314,0.07357,0.10942,0.057115,0.071795,0.07272,0.077908,0.051498,0.051391,0.20987,0.050074,0.060529,0.057055,0.056494,0.078752,0.052351,0.093395,0.052095,0.078517,0.05723,0.055761,0.075871,0.051924,0.14377,0.049589,0.10234,0.080636,0.083382,0.090841,0.072919,0.085147,0.068189,0.071891,0.057255,0.087518,0.054477,0.24984,0.085902,0.086397,0.064231,0.082097,0.057621,0.055392,0.039323,0.090849,0.05828,0.095828,0.079469,0.053732,0.10235,0.055597,0.072834,0.063387,0.094753,0.07706,0.064266,0.046812,0.067845,0.074079,0.057669,0.049855,0.094776,0.072604,0.065538,0.091593,0.085518,0.072376,0.068616,0.080084,0.064327,0.088318,0.058069,0.059176,0.061253,0.044391,0.084601,0.043305,0.076727,0.064313,0.073933,0.071761,0.071843,0.052387,0.068646,0.073875,0.04534,0.05326,0.066066
0.075751,0.05219,0.059162,0,0.046838,0.046313,0.045233,0.066304,0.087679,0.050093,0.059137,0.054919,0.048502,0.04845,0.062118,0.04009,0.12963,0.068313,0.059266,0.042942,0.053617,0.053213,0.10341,0.050771,0.065928,0.047535,0.052076,0.063735,0.041662,0.071746,0.041338,0.069625,0.092678,0.050491,0.060751,0.058324,0.092924,0.048858,0.0925,0.064317,0.036728,0.064048,0.042675,0.044224,0.049715,0.054807,0.093719,0.066225,0.078465,0.081018,0.058435,0.071467,0.070753,0.056903,0.054878,0.089002,0.10896,0.043349,0.038717,0.13854,0.080867,0.074998,0.034411,0.061882,0.061196,0.05609,0.08695,0.088992,0.080058,0.051709,0.077434,0.10943,0.059116,0.084057,0.050392,0.075158,0.040205,0.039513,0.058755,0.056507,0.18846,0.10154,0.057956,0.055851,0.087546,0.075366,0.080707,0.049518,0.042424,0.050591,0.050352,0.06376,0.043677,0.090114,0.77357,0.070307,0.042451,0.065618,0.056293,0.03913,0.094499,0.06975,0.069221,0.050178,0.039432,0.076877,0.061206,0.042939,0.059576,0.069493,0.075012,0.047981,0.050156,0.060777,0.10488,0.069446,0.057767,0.053224,0.065507,0.049407,0.05238,0.1966,0.036379,0.069149,0.050235,0.042898,0.057242,0.05024,0.086709,0.040606,0.063926,0.052284,0.056146,0.060906,0.032074,0.12235,0.035889,0.092669,0.056657,0.062915,0.07165,0.057588,0.082412,0.050053,0.058988,0.049193,0.078724,0.04089,0.23757,0.053998,0.067797,0.04945,0.065834,0.044769,0.047846,0.042946,0.095222,0.044109,0.084587,0.067619,0.040212,0.069663,0.043711,0.058662,0.03904,0.090861,0.048372,0.054107,0.054169,0.045748,0.052575,0.046795,0.054918,0.095133,0.057939,0.055312,0.078283,0.054058,0.05078,0.054015,0.081829,0.041662,0.075301,0.050133,0.057456,0.051286,0.033205,0.085339,0.045046,0.04907,0.0634,0.048064,0.078574,0.061537,0.050282,0.074241,0.069529,0.040985,0.038196,0.038472
0.060835,0.066606,0.06926,0.046838,0,0.063947,0.053096,0.061775,0.10193,0.062856,0.065904,0.059928,0.063557,0.052094,0.056405,0.061633,0.13421,0.068412,0.064261,0.049764,0.051286,0.05923,0.10663,0.0451,0.074739,0.056862,0.062331,0.065334,0.043434,0.077692,0.056221,0.072459,0.1059,0.065422,0.063684,0.073909,0.093739,0.059646,0.10084,0.059798,0.048196,0.067798,0.059681,0.062957,0.059966,0.068345,0.10282,0.082218,0.079363,0.080618,0.061288,0.077859,0.092433,0.070807,0.063879,0.078629,0.093535,0.060145,0.063312,0.12387,0.07085,0.071084,0.047689,0.071186,0.064987,0.036169,0.098201,0.091381,0.099058,0.059184,0.090376,0.10941,0.06852,0.084377,0.052596,0.070876,0.046169,0.048435,0.077672,0.066133,0.19556,0.10242,0.069956,0.065897,0.092917,0.093696,0.095315,0.048741,0.058162,0.067897,0.063217,0.080038,0.051878,0.10375,0.76501,0.078676,0.05769,0.063345,0.069354,0.047986,0.095747,0.080413,0.090085,0.055605,0.055744,0.079073,0.06396,0.050579,0.056676,0.081269,0.077829,0.064579,0.063757,0.072315,0.078771,0.063678,0.057643,0.056646,0.071483,0.059596,0.065999,0.19831,0.045282,0.075505,0.058817,0.060995,0.066493,0.058508,0.075839,0.038304,0.077208,0.065418,0.064042,0.071853,0.051571,0.12665,0.048862,0.097906,0.070016,0.082693,0.072077,0.04641,0.10058,0.061647,0.063375,0.043535,0.071957,0.06229,0.23713,0.052649,0.067005,0.068361,0.073255,0.050574,0.05677,0.052033,0.08799,0.061908,0.11268,0.089042,0.038448,0.074481,0.045043,0.070639,0.056617,0.091615,0.055302,0.071483,0.06651,0.051381,0.050538,0.06346,0.067474,0.098251,0.071434,0.065577,0.083806,0.073956,0.076044,0.05271,0.082908,0.050437,0.068453,0.065146,0.068857,0.048719,0.045507,0.086494,0.060134,0.06431,0.053915,0.060764,0.072406,0.059827,0.05661,0.081301,0.074581,0.050574,0.043023,0.055584
0.082082,0.054231,0.046991,0.046313,0.063947,0,0.064972,0.055731,0.084829,0.062502,0.058265,0.055407,0.047688,0.056355,0.069029,0.04499,0.13517,0.058811,0.064231,0.047162,0.066622,0.058394,0.10643,0.056287,0.076015,0.048605,0.044979,0.057678,0.052232,0.068421,0.052056,0.069084,0.088142,0.055501,0.062028,0.062109,0.084025,0.055175,0.10053,0.053016,0.042715,0.077527,0.04213,0.049706,0.047768,0.055866,0.085947,0.072709,0.069145,0.070466,0.060499,0.084233,0.085404,0.062704,0.048812,0.082897,0.11335,0.053008,0.052279,0.13308,0.070615,0.076634,0.041214,0.054206,0.050145,0.070155,0.08675,0.098267,0.095203,0.046746,0.061125,0.10655,0.062513,0.075217,0.046735,0.060999,0.044218,0.052982,0.069777,0.070464,0.19558,0.10212,0.050885,0.061117,0.098511,0.083095,0.095306,0.047362,0.056074,0.054041,0.05272,0.05915,0.047092,0.096137,0.75663,0.057567,0.054958,0.078101,0.073046,0.039735,0.078985,0.071199,0.0768,0.052537,0.047116,0.061945,0.056953,0.046717,0.053804,0.075334,0.056868,0.050384,0.057558,0.055931,0.10486,0.05417,0.055662,0.059236,0.06472,0.055725,0.05062,0.18439,0.051184,0.044916,0.05031,0.048269,0.075454,0.060212,0.08698,0.049714,0.073955,0.042,0.064223,0.050831,0.037397,0.13601,0.045698,0.085515,0.070162,0.06952,0.078885,0.06531,0.085186,0.061723,0.061225,0.057795,0.079146,0.046519,0.2545,0.060489,0.062992,0.044481,0.066217,0.046188,0.05348,0.038145,0.088733,0.050148,0.091282,0.073244,0.047962,0.078679,0.050781,0.069164,0.053604,0.070611,0.057539,0.057419,0.045334,0.04671,0.053281,0.0509,0.059248,0.086597,0.064437,0.059799,0.075048,0.074005,0.056762,0.055786,0.072589,0.051518,0.070633,0.047055,0.05738,0.058728,0.037888,0.075451,0.051164,0.054928,0.063812,0.060146,0.080259,0.0541,0.042463,0.069043,0.066109,0.029936,0.039851,0.048419
0.079078,0.065034,0.0741,0.045233,0.053096,0.064972,0,0.082203,0.083577,0.063263,0.084194,0.066629,0.051231,0.055903,0.071223,0.056255,0.11941,0.084923,0.074666,0.059987,0.0551,0.076248,0.11081,0.061721,0.079878,0.057792,0.062409,0.076505,0.04561,0.072206,0.037914,0.08609,0.083582,0.042176,0.059729,0.062613,0.10179,0.053571,0.093382,0.058945,0.047773,0.070978,0.055557,0.056273,0.05097,0.076218,0.11546,0.059869,0.092083,0.086459,0.06506,0.088436,0.088366,0.071252,0.070132,0.089678,0.11155,0.03863,0.05925,0.13062,0.073139,0.071751,0.053152,0.067596,0.062352,0.059208,0.098123,0.095868,0.077203,0.050677,0.076524,0.12066,0.073171,0.097923,0.051983,0.097001,0.042632,0.050146,0.078466,0.072406,0.1955,0.10454,0.06957,0.048502,0.090237,0.091725,0.093732,0.068323,0.069321,0.058354,0.061624,0.07554,0.052989,0.10043,0.7676,0.078561,0.040321,0.060024,0.059761,0.049479,0.10002,0.067842,0.084039,0.051767,0.036295,0.085848,0.05459,0.051505,0.061957,0.085722,0.081845,0.064022,0.051914,0.0864,0.095477,0.079516,0.062962,0.060494,0.078008,0.045094,0.061949,0.20631,0.046287,0.082893,0.06363,0.040799,0.061827,0.05906,0.076383,0.049281,0.079574,0.080554,0.057243,0.071381,0.05844,0.12717,0.042163,0.11266,0.066873,0.070176,0.064869,0.058996,0.083871,0.050486,0.074227,0.065212,0.059503,0.054159,0.23987,0.050672,0.080412,0.063164,0.070286,0.052256,0.056261,0.053148,0.10395,0.054635,0.098392,0.081065,0.054033,0.068076,0.062105,0.065704,0.045947,0.11035,0.071931,0.048263,0.059537,0.049522,0.067513,0.054817,0.068285,0.096088,0.060037,0.055066,0.094781,0.069538,0.063423,0.071644,0.085174,0.061119,0.089017,0.053373,0.064369,0.060192,0.047682,0.077435,0.05851,0.07263,0.061578,0.059106,0.087271,0.070205,0.066563,0.072737,0.072005,0.053889,0.053268,0.057303
0.067768,0.073074,0.07561,0.066304,0.061775,0.055731,0.082203,0,0.1158,0.08835,0.068249,0.055155,0.073097,0.074792,0.077475,0.075469,0.14169,0.057891,0.067295,0.066998,0.083845,0.062352,0.10926,0.060242,0.07664,0.075059,0.072493,0.067956,0.066138,0.095484,0.083253,0.073079,0.11305,0.079578,0.070208,0.093241,0.10553,0.081773,0.09958,0.058873,0.061825,0.081097,0.070492,0.080124,0.071322,0.073599,0.10558,0.093751,0.089525,0.080432,0.071154,0.095458,0.10458,0.072919,0.083403,0.089185,0.12289,0.08606,0.08345,0.12194,0.081048,0.076212,0.062668,0.066673,0.067812,0.062708,0.089862,0.10754,0.12227,0.064747,0.096461,0.078601,0.060915,0.076679,0.067113,0.072489,0.069118,0.068633,0.097319,0.088484,0.19878,0.093233,0.060958,0.083421,0.10966,0.082424,0.12248,0.054979,0.071635,0.085431,0.075496,0.092809,0.073482,0.11211,0.76259,0.07866,0.086169,0.091274,0.09597,0.066673,0.091509,0.087446,0.098089,0.072894,0.07587,0.077139,0.070631,0.077445,0.064402,0.092687,0.073873,0.07681,0.081255,0.076861,0.10569,0.074298,0.074575,0.070372,0.095893,0.080544,0.078161,0.19313,0.072441,0.064334,0.068428,0.081907,0.093002,0.080265,0.077526,0.066301,0.090406,0.057765,0.08223,0.063697,0.063762,0.13872,0.07154,0.09473,0.090287,0.074916,0.076598,0.070428,0.12393,0.080199,0.059341,0.071693,0.091916,0.075151,0.25563,0.069305,0.064322,0.074878,0.097642,0.060127,0.072662,0.070568,0.098194,0.078138,0.12299,0.098733,0.063464,0.081487,0.059285,0.086868,0.073679,0.079553,0.065563,0.085283,0.07298,0.06934,0.047309,0.083419,0.079545,0.11329,0.074491,0.091881,0.072153,0.084127,0.084159,0.056008,0.10707,0.05425,0.071894,0.075775,0.0885,0.073772,0.062481,0.097655,0.075575,0.064071,0.077862,0.07722,0.09922,0.078644,0.052577,0.095606,0.085682,0.054158,0.058863,0.069845
0.11571,0.097295,0.092647,0.087679,0.10193,0.084829,0.083577,0.1158,0,0.094941,0.1105,0.10654,0.084749,0.074236,0.10518,0.084024,0.15065,0.095535,0.10177,0.091896,0.088443,0.10242,0.12717,0.10209,0.11731,0.088333,0.09096,0.11814,0.0896,0.05538,0.075861,0.09526,0.10688,0.078665,0.089062,0.095538,0.11333,0.086276,0.13841,0.081862,0.091185,0.10498,0.077802,0.083484,0.066852,0.086898,0.13273,0.085096,0.1028,0.11389,0.1006,0.10005,0.12709,0.097,0.07895,0.11211,0.14705,0.076832,0.075841,0.15782,0.088655,0.082115,0.085992,0.086392,0.086792,0.10725,0.1143,0.13297,0.099893,0.075538,0.082585,0.16971,0.10747,0.12871,0.083678,0.11142,0.077449,0.091873,0.085097,0.076199,0.20996,0.13039,0.086591,0.096615,0.11605,0.12576,0.1071,0.09766,0.087115,0.079537,0.087603,0.093687,0.076242,0.12803,0.77837,0.089066,0.07534,0.085234,0.091494,0.082323,0.11711,0.096297,0.11607,0.089305,0.072435,0.10629,0.075585,0.079048,0.084797,0.10415,0.09306,0.082755,0.081736,0.11137,0.13611,0.094183,0.092547,0.098335,0.080296,0.07987,0.068766,0.21345,0.087093,0.10507,0.084074,0.083938,0.087168,0.086654,0.10031,0.092327,0.099928,0.097944,0.098364,0.084634,0.083442,0.1443,0.08543,0.12855,0.090902,0.10128,0.11772,0.10247,0.077586,0.08991,0.10435,0.091025,0.079164,0.088666,0.25559,0.082366,0.10072,0.089505,0.067168,0.085907,0.08876,0.088264,0.10065,0.079938,0.097245,0.098033,0.084292,0.12261,0.088112,0.083355,0.081061,0.11544,0.11104,0.082406,0.090646,0.083076,0.103,0.081581,0.084665,0.11164,0.097816,0.082174,0.11148,0.10114,0.086972,0.10474,0.086147,0.096112,0.10627,0.086181,0.074692,0.085661,0.09054,0.064126,0.085447,0.10721,0.082694,0.090441,0.095391,0.099611,0.094376,0.087439,0.1007,0.08784,0.083208,0.085596
0.088212,0.049362,0.06021,0.050093,0.062856,0.062502,0.063263,0.08835,0.094941,0,0.056216,0.070947,0.05384,0.054842,0.057794,0.050069,0.12116,0.08988,0.067376,0.061401,0.063949,0.07647,0.11702,0.065926,0.082904,0.050816,0.058333,0.074588,0.044141,0.07561,0.041764,0.087983,0.093795,0.055042,0.059959,0.059151,0.094472,0.041344,0.12,0.068498,0.045836,0.064715,0.047297,0.043748,0.062769,0.058177,0.084001,0.082682,0.089699,0.096157,0.055773,0.087293,0.077492,0.067341,0.054401,0.076275,0.10915,0.044877,0.059162,0.16086,0.089345,0.086141,0.051783,0.0669,0.069558,0.069014,0.10357,0.089409,0.074918,0.066856,0.09003,0.12323,0.074934,0.093152,0.069362,0.078601,0.047458,0.051002,0.055214,0.054418,0.19062,0.12287,0.075884,0.062121,0.094101,0.1025,0.089333,0.061369,0.062752,0.050256,0.053115,0.072626,0.051026,0.10567,0.77593,0.06168,0.045044,0.068407,0.059952,0.050363,0.10629,0.073295,0.060922,0.060311,0.055703,0.081708,0.070014,0.043121,0.061223,0.074128,0.078769,0.055145,0.059833,0.055476,0.10974,0.062123,0.060298,0.06167,0.069398,0.044362,0.052225,0.20179,0.040814,0.084717,0.047017,0.048117,0.043234,0.047334,0.086546,0.04306,0.062055,0.062981,0.05532,0.085887,0.053101,0.11573,0.043096,0.10414,0.059177,0.067656,0.083098,0.063699,0.079809,0.048618,0.063472,0.055526,0.084457,0.052321,0.2259,0.073663,0.091011,0.058614,0.066215,0.051391,0.040727,0.044162,0.090557,0.056338,0.091382,0.089245,0.050778,0.087608,0.049881,0.063702,0.057491,0.10136,0.059937,0.05042,0.057854,0.046064,0.070694,0.046118,0.055769,0.10308,0.074186,0.045382,0.1057,0.056583,0.059092,0.07302,0.06473,0.063002,0.086677,0.045831,0.049341,0.047477,0.048667,0.090363,0.051983,0.061181,0.063211,0.058746,0.065486,0.068063,0.067639,0.069306,0.083752,0.05384,0.049676,0.051918
0.078759,0.061897,0.054791,0.059137,0.065904,0.058265,0.084194,0.068249,0.1105,0.056216,0,0.056516,0.065576,0.057283,0.054064,0.062347,0.13493,0.066252,0.070013,0.0722,0.075889,0.058622,0.097443,0.053479,0.080394,0.052228,0.068036,0.07166,0.059551,0.086147,0.067407,0.072841,0.10292,0.0771,0.068575,0.072877,0.10272,0.063233,0.12322,0.068096,0.050854,0.071392,0.055941,0.065499,0.070616,0.050707,0.073418,0.091671,0.095855,0.097787,0.065631,0.082168,0.092638,0.060348,0.063131,0.071079,0.10482,0.069637,0.068619,0.15133,0.085433,0.095227,0.051484,0.07203,0.066832,0.065977,0.10031,0.099563,0.1103,0.064301,0.097273,0.1167,0.066971,0.083426,0.07451,0.07237,0.061511,0.051635,0.075723,0.077685,0.18021,0.10646,0.066677,0.071559,0.098541,0.099444,0.11344,0.054152,0.056825,0.062289,0.066754,0.075057,0.062882,0.10292,0.7581,0.065642,0.069938,0.094207,0.079561,0.054421,0.11155,0.085582,0.072814,0.070942,0.067408,0.086145,0.074905,0.052076,0.057519,0.068079,0.074276,0.047158,0.065924,0.067875,0.10784,0.058517,0.074605,0.059549,0.078167,0.064103,0.053105,0.20131,0.049242,0.08278,0.046328,0.065205,0.067534,0.053266,0.10335,0.044112,0.074104,0.052685,0.06719,0.07979,0.046784,0.12338,0.05384,0.075153,0.063843,0.074647,0.091229,0.06002,0.10224,0.06419,0.071301,0.049178,0.098597,0.05582,0.23228,0.085353,0.076642,0.070773,0.076876,0.05357,0.050707,0.053574,0.078318,0.061584,0.10082,0.087254,0.050596,0.093477,0.045068,0.068571,0.06313,0.080261,0.061059,0.07547,0.069364,0.071231,0.050101,0.067646,0.062248,0.10449,0.069523,0.077668,0.085847,0.071394,0.075291,0.048975,0.086412,0.062099,0.075275,0.062496,0.065516,0.054043,0.055869,0.096312,0.053566,0.052482,0.068185,0.061376,0.069093,0.064289,0.065331,0.082186,0.092093,0.05127,0.053616,0.058607
0.069436,0.06027,0.052206,0.054919,0.059928,0.055407,0.066629,0.055155,0.10654,0.070947,0.056516,0,0.056759,0.061915,0.065124,0.06058,0.12858,0.065062,0.066959,0.071392,0.072129,0.06523,0.10812,0.053154,0.092832,0.055034,0.058471,0.072478,0.052517,0.084697,0.058238,0.072175,0.10247,0.062789,0.071167,0.069709,0.10681,0.062668,0.1091,0.056167,0.04816,0.075069,0.053515,0.065309,0.067948,0.064462,0.099766,0.079176,0.093414,0.079844,0.073364,0.093721,0.09062,0.054182,0.062282,0.08606,0.10254,0.060724,0.068098,0.13544,0.073124,0.074487,0.054448,0.067478,0.070212,0.061737,0.098625,0.08589,0.10661,0.058886,0.084133,0.099982,0.056542,0.091363,0.065468,0.087618,0.054578,0.05876,0.089465,0.082097,0.19872,0.10199,0.056518,0.061811,0.094879,0.085913,0.11946,0.062155,0.071583,0.071932,0.056971,0.073841,0.056075,0.11421,0.75585,0.069006,0.063033,0.08224,0.078717,0.051979,0.094172,0.075005,0.08319,0.059138,0.058735,0.078788,0.066137,0.06138,0.057454,0.083385,0.071124,0.054097,0.060963,0.077349,0.10936,0.071266,0.078441,0.068993,0.087548,0.057096,0.057621,0.20704,0.053083,0.072076,0.06127,0.059656,0.078522,0.053908,0.081318,0.04617,0.07928,0.06099,0.060722,0.071629,0.057457,0.12857,0.050026,0.091993,0.080311,0.073615,0.076689,0.062463,0.10283,0.06668,0.068352,0.059562,0.075529,0.050559,0.24542,0.075803,0.082334,0.07036,0.085302,0.055352,0.059697,0.055647,0.097009,0.062141,0.10782,0.090363,0.051006,0.086329,0.054407,0.065483,0.057174,0.096066,0.070711,0.065923,0.053908,0.066184,0.055578,0.068604,0.058366,0.11154,0.067079,0.084337,0.077544,0.079371,0.071088,0.055084,0.101,0.055363,0.080512,0.051979,0.075246,0.069045,0.055074,0.089173,0.049971,0.070203,0.0631,0.062923,0.088759,0.074642,0.056732,0.079202,0.072626,0.04598,0.0561,0.0678
0.081494,0.050684,0.059906,0.048502,0.063557,0.047688,0.051231,0.073097,0.084749,0.05384,0.065576,0.056759,0,0.046731,0.057072,0.051443,0.11821,0.07989,0.074694,0.06251,0.04969,0.072645,0.10593,0.051584,0.081701,0.051227,0.046293,0.061388,0.040781,0.070925,0.034906,0.084874,0.094763,0.053581,0.047712,0.059826,0.085435,0.032003,0.10834,0.049986,0.039729,0.062074,0.040445,0.04744,0.048952,0.059364,0.099372,0.065915,0.085366,0.088024,0.059667,0.090929,0.091364,0.062655,0.055055,0.080789,0.10025,0.039711,0.052826,0.13379,0.073059,0.070148,0.040677,0.055618,0.053424,0.062881,0.091835,0.088773,0.089316,0.043405,0.064626,0.11483,0.070734,0.084751,0.055666,0.085437,0.040439,0.041889,0.074898,0.075643,0.18646,0.09639,0.064851,0.062916,0.083706,0.10079,0.09618,0.056633,0.059075,0.049846,0.059033,0.060263,0.052305,0.10334,0.75479,0.056696,0.040006,0.075331,0.061247,0.042933,0.10034,0.064427,0.071585,0.049285,0.04396,0.068296,0.054987,0.038902,0.049234,0.070144,0.065795,0.058719,0.047578,0.068019,0.11605,0.057132,0.071764,0.056845,0.072681,0.038469,0.046243,0.19587,0.043616,0.071831,0.053464,0.037735,0.059353,0.044341,0.079945,0.049696,0.074959,0.057474,0.053803,0.068491,0.044702,0.12683,0.033657,0.096554,0.060931,0.067289,0.059215,0.059932,0.070802,0.056178,0.060218,0.059462,0.064559,0.039574,0.24587,0.060921,0.079249,0.052332,0.067207,0.042033,0.046235,0.04442,0.084518,0.045747,0.081099,0.07262,0.046333,0.076694,0.046684,0.053377,0.039724,0.087447,0.063029,0.036055,0.041076,0.046225,0.054705,0.051474,0.040088,0.090253,0.060284,0.056377,0.092685,0.073297,0.057906,0.063979,0.067791,0.054289,0.082163,0.040343,0.055359,0.060708,0.046023,0.075082,0.03997,0.060868,0.053964,0.050306,0.082022,0.061862,0.064335,0.059565,0.066994,0.04395,0.040715,0.044502
0.079365,0.058554,0.059397,0.04845,0.052094,0.056355,0.055903,0.074792,0.074236,0.054842,0.057283,0.061915,0.046731,0,0.057218,0.054674,0.12546,0.066967,0.06947,0.063091,0.051083,0.06711,0.10616,0.056483,0.080364,0.047964,0.056866,0.072003,0.042516,0.050731,0.03975,0.072004,0.094677,0.061606,0.049557,0.070541,0.09583,0.043023,0.11626,0.046196,0.043642,0.067519,0.041288,0.055937,0.044947,0.047944,0.097809,0.070898,0.092157,0.088785,0.060127,0.081929,0.094611,0.052161,0.05083,0.071347,0.10649,0.043128,0.047906,0.13328,0.067763,0.074415,0.040604,0.059141,0.058914,0.062851,0.10205,0.085506,0.088955,0.043192,0.070327,0.12613,0.072563,0.089831,0.057591,0.081091,0.041843,0.043587,0.058168,0.059386,0.18537,0.093256,0.057628,0.067721,0.086139,0.099195,0.090181,0.056176,0.049612,0.047888,0.059866,0.062878,0.035296,0.10091,0.76153,0.057682,0.037511,0.063721,0.063058,0.045053,0.10338,0.074115,0.085644,0.055451,0.051787,0.078645,0.051666,0.036806,0.048586,0.061365,0.070702,0.044337,0.051456,0.07248,0.09905,0.055155,0.065802,0.056478,0.056024,0.046728,0.040713,0.21372,0.038551,0.07844,0.039731,0.04944,0.047793,0.041889,0.080002,0.044886,0.066939,0.062912,0.056934,0.061269,0.038117,0.12148,0.036449,0.084891,0.05115,0.074398,0.070701,0.061491,0.071077,0.04351,0.064587,0.032605,0.061746,0.044517,0.23785,0.065141,0.073199,0.054513,0.053285,0.03945,0.047224,0.045862,0.081769,0.046076,0.092602,0.073066,0.0386,0.086425,0.026818,0.057532,0.040283,0.092028,0.061891,0.052189,0.05777,0.058599,0.0553,0.047547,0.048205,0.088508,0.054438,0.051311,0.084307,0.069752,0.058566,0.056681,0.066396,0.051536,0.07022,0.052696,0.047115,0.034669,0.04732,0.0701,0.045094,0.056745,0.048404,0.04587,0.062803,0.0554,0.061816,0.068168,0.078218,0.04843,0.032318,0.043976
0.063182,0.067357,0.076824,0.062118,0.056405,0.069029,0.071223,0.077475,0.10518,0.057794,0.054064,0.065124,0.057072,0.057218,0,0.065711,0.11679,0.076583,0.071952,0.070343,0.063374,0.062243,0.08147,0.042463,0.074439,0.050788,0.067035,0.062656,0.049981,0.085356,0.058212,0.072647,0.11255,0.069574,0.053158,0.06781,0.095856,0.04575,0.11875,0.062316,0.047734,0.064711,0.062225,0.064305,0.070216,0.059618,0.084269,0.082414,0.096476,0.1061,0.063069,0.090181,0.10093,0.07039,0.062734,0.079692,0.088828,0.063448,0.068534,0.13126,0.065974,0.089176,0.056578,0.067535,0.062327,0.053822,0.081252,0.094373,0.11506,0.061756,0.092716,0.11639,0.079037,0.069437,0.068644,0.072788,0.053788,0.037386,0.082797,0.081197,0.17538,0.088441,0.071141,0.072728,0.085348,0.10945,0.10888,0.045769,0.061596,0.06088,0.072975,0.069098,0.062164,0.11181,0.74513,0.071871,0.061672,0.080143,0.060564,0.052138,0.11342,0.078912,0.07987,0.06604,0.059944,0.083627,0.066389,0.046429,0.03366,0.066312,0.067052,0.068358,0.060439,0.075968,0.10031,0.067021,0.075592,0.038555,0.07041,0.056938,0.057062,0.20179,0.045286,0.090074,0.054775,0.060033,0.059379,0.053173,0.089222,0.043948,0.067793,0.064204,0.071687,0.082853,0.058903,0.10574,0.052265,0.086698,0.05989,0.077069,0.086989,0.048636,0.090822,0.066204,0.065939,0.051303,0.081025,0.05368,0.24211,0.072158,0.073777,0.066315,0.061163,0.055293,0.05534,0.05702,0.067993,0.06061,0.10471,0.094047,0.040396,0.073179,0.048001,0.059782,0.056545,0.082364,0.06385,0.070522,0.064566,0.055696,0.049536,0.072023,0.060962,0.10655,0.073039,0.07866,0.08968,0.06949,0.068828,0.047253,0.07676,0.058611,0.075448,0.060197,0.069566,0.057915,0.06527,0.092224,0.054386,0.058678,0.054927,0.046673,0.082325,0.064964,0.073735,0.076655,0.082642,0.057483,0.053046,0.053859
0.081211,0.051041,0.059382,0.04009,0.061633,0.04499,0.056255,0.075469,0.084024,0.050069,0.062347,0.06058,0.051443,0.054674,0.065711,0,0.13744,0.072957,0.06316,0.046601,0.05906,0.066507,0.1053,0.050218,0.069967,0.031786,0.055158,0.054124,0.048989,0.066039,0.040088,0.073556,0.082355,0.042354,0.054702,0.064054,0.082497,0.048284,0.098433,0.06351,0.037567,0.066728,0.033539,0.030924,0.045022,0.054077,0.081194,0.065149,0.064397,0.081607,0.043824,0.072583,0.071716,0.054156,0.044642,0.077657,0.10782,0.039446,0.040845,0.1476,0.070518,0.074075,0.038307,0.059768,0.055383,0.063124,0.080806,0.089078,0.09096,0.051371,0.074025,0.11937,0.052897,0.088081,0.051058,0.07273,0.033776,0.043093,0.059555,0.06077,0.18547,0.10925,0.065224,0.044787,0.091524,0.091991,0.097029,0.051528,0.044803,0.041762,0.053719,0.044989,0.042838,0.091506,0.75824,0.070987,0.044159,0.069461,0.064703,0.035386,0.095538,0.065454,0.077636,0.044116,0.045326,0.084935,0.055395,0.039704,0.055424,0.074345,0.069348,0.04347,0.035263,0.057493,0.10908,0.061468,0.04935,0.062425,0.0652,0.042227,0.043352,0.2039,0.042766,0.064535,0.05239,0.038885,0.060011,0.043318,0.088302,0.044877,0.062156,0.049202,0.044971,0.060955,0.036322,0.13105,0.040253,0.097426,0.052454,0.066849,0.082341,0.052317,0.080283,0.051769,0.066148,0.05859,0.074812,0.035412,0.23189,0.054229,0.070209,0.045762,0.061433,0.042467,0.034204,0.042023,0.097457,0.049151,0.086265,0.070159,0.042993,0.071585,0.051418,0.049185,0.048131,0.080462,0.056345,0.056016,0.056989,0.044197,0.054764,0.041175,0.058808,0.091325,0.058616,0.060911,0.090418,0.061493,0.055612,0.060774,0.069606,0.04962,0.079454,0.044785,0.047405,0.053734,0.038254,0.07929,0.04883,0.063124,0.063755,0.0545,0.068798,0.055932,0.059679,0.059204,0.078982,0.032121,0.050038,0.048875
0.12275,0.13102,0.14287,0.12963,0.13421,0.13517,0.11941,0.14169,0.15065,0.12116,0.13493,0.12858,0.11821,0.12546,0.11679,0.13744,0,0.1538,0.14081,0.14793,0.14217,0.13716,0.15225,0.13245,0.14368,0.12956,0.1305,0.14371,0.12776,0.14636,0.11883,0.15741,0.14447,0.12875,0.11659,0.12102,0.16606,0.12077,0.17586,0.11899,0.12544,0.11793,0.13638,0.12212,0.13659,0.12644,0.14695,0.12721,0.16564,0.1575,0.14002,0.15702,0.15343,0.12753,0.14775,0.14616,0.1572,0.11983,0.1382,0.15819,0.12879,0.14618,0.13277,0.10748,0.13621,0.13202,0.14344,0.13922,0.14878,0.12971,0.15609,0.15903,0.14883,0.14449,0.13493,0.15989,0.1237,0.12287,0.14558,0.14738,0.24994,0.14538,0.11635,0.12768,0.14208,0.15358,0.15188,0.13108,0.15254,0.134,0.12537,0.14206,0.1308,0.16317,0.75703,0.12539,0.11917,0.13604,0.11802,0.1258,0.15347,0.11799,0.13123,0.12208,0.12001,0.11846,0.13159,0.12446,0.11293,0.15316,0.12731,0.13579,0.12671,0.14809,0.15534,0.13584,0.139,0.12541,0.14147,0.12157,0.13028,0.23858,0.12542,0.14931,0.12668,0.12676,0.12668,0.13188,0.1243,0.12312,0.11289,0.14084,0.1371,0.15007,0.1355,0.090613,0.1227,0.15133,0.14354,0.11179,0.13642,0.13985,0.13641,0.11345,0.12968,0.12684,0.11977,0.12787,0.25193,0.13555,0.14987,0.12384,0.12336,0.12806,0.12945,0.13416,0.15508,0.12511,0.14097,0.16902,0.12985,0.14241,0.12663,0.1446,0.12165,0.16693,0.13587,0.11215,0.13319,0.11982,0.13495,0.13193,0.13432,0.1895,0.13934,0.1261,0.14688,0.13187,0.11995,0.13022,0.14741,0.14028,0.15066,0.11644,0.13692,0.12957,0.13853,0.1446,0.13257,0.12524,0.13025,0.10177,0.16061,0.1382,0.13815,0.14326,0.11328,0.13542,0.12863,0.12929
0.085631,0.07761,0.074466,0.068313,0.068412,0.058811,0.084923,0.057891,0.095535,0.08988,0.066252,0.065062,0.07989,0.066967,0.076583,0.072957,0.1538,0,0.065057,0.071896,0.088004,0.04169,0.090632,0.063192,0.081086,0.06488,0.08296,0.078913,0.067231,0.072259,0.080984,0.041973,0.11846,0.075239,0.077523,0.088106,0.10135,0.082859,0.10995,0.061191,0.061073,0.087289,0.065163,0.085669,0.059396,0.068299,0.1053,0.09067,0.096162,0.096221,0.079892,0.090652,0.11916,0.065496,0.073443,0.092222,0.11597,0.083213,0.071457,0.1384,0.068963,0.088939,0.068214,0.073292,0.068542,0.071275,0.091973,0.1061,0.12781,0.050735,0.088696,0.11227,0.060251,0.091319,0.059803,0.080864,0.071776,0.064567,0.087395,0.08204,0.17963,0.097514,0.069681,0.078188,0.11528,0.092737,0.11986,0.058067,0.06424,0.077745,0.089044,0.078747,0.068104,0.11325,0.75833,0.069744,0.08352,0.091136,0.092783,0.066701,0.10414,0.091852,0.097623,0.078712,0.077044,0.094017,0.055959,0.070783,0.06351,0.078612,0.077016,0.059818,0.077707,0.079649,0.10415,0.070107,0.069272,0.072925,0.078472,0.079807,0.066645,0.19925,0.068641,0.086408,0.067182,0.081664,0.087484,0.076989,0.095305,0.061272,0.09833,0.067012,0.094948,0.067863,0.058603,0.14936,0.06586,0.068508,0.080066,0.092285,0.096533,0.069859,0.11302,0.078745,0.083096,0.065832,0.085518,0.07578,0.25124,0.072021,0.077027,0.078557,0.079399,0.061293,0.0724,0.072481,0.0798,0.062632,0.11461,0.085903,0.058939,0.087698,0.065361,0.078697,0.066434,0.084283,0.078989,0.092116,0.081222,0.075094,0.051692,0.086678,0.081104,0.098612,0.07592,0.093712,0.077361,0.090668,0.083369,0.05688,0.10452,0.054855,0.039261,0.079036,0.083157,0.06737,0.068743,0.076284,0.072113,0.070189,0.082808,0.080609,0.082816,0.080436,0.065107,0.099555,0.099827,0.054156,0.062953,0.069223
0.083862,0.063373,0.076875,0.059266,0.064261,0.064231,0.074666,0.067295,0.10177,0.067376,0.070013,0.066959,0.074694,0.06947,0.071952,0.06316,0.14081,0.065057,0,0.073739,0.079321,0.05984,0.10467,0.06555,0.084381,0.071099,0.07495,0.081275,0.054022,0.082516,0.069662,0.058243,0.11101,0.056912,0.065603,0.070619,0.093287,0.070731,0.12664,0.072684,0.05721,0.086559,0.069855,0.06545,0.065854,0.076824,0.090236,0.091802,0.10177,0.10772,0.066643,0.093494,0.10173,0.063922,0.07423,0.093629,0.12176,0.070933,0.059327,0.15031,0.083635,0.090813,0.067704,0.073764,0.079708,0.065013,0.10056,0.091705,0.10343,0.065104,0.09693,0.11061,0.049814,0.099683,0.069065,0.074802,0.065132,0.057592,0.079337,0.066772,0.17303,0.11281,0.079614,0.069991,0.10616,0.066876,0.099526,0.071228,0.063812,0.061209,0.075218,0.084244,0.063584,0.10775,0.76778,0.075674,0.072884,0.067437,0.081085,0.061726,0.11535,0.079689,0.07831,0.066431,0.067878,0.095969,0.060606,0.066783,0.066442,0.068239,0.078003,0.067499,0.068531,0.063905,0.10602,0.070341,0.064243,0.062909,0.080993,0.06996,0.063387,0.20171,0.062255,0.084968,0.066675,0.071333,0.065817,0.075396,0.095421,0.05693,0.09092,0.067762,0.082053,0.062585,0.066828,0.12782,0.062312,0.096655,0.067511,0.070675,0.084934,0.067512,0.11642,0.063584,0.065404,0.071584,0.092672,0.069135,0.24569,0.068071,0.086609,0.073571,0.078043,0.059283,0.065622,0.065902,0.092916,0.064597,0.10729,0.099129,0.058766,0.082992,0.063392,0.068637,0.070454,0.10526,0.059704,0.078088,0.074238,0.055776,0.062326,0.078887,0.07979,0.11667,0.082527,0.083834,0.09995,0.075761,0.07931,0.07878,0.10203,0.052345,0.068117,0.062438,0.08595,0.060779,0.061645,0.08431,0.067964,0.054894,0.078047,0.075089,0.080627,0.083455,0.066148,0.077672,0.095441,0.058011,0.061193,0.069738
0.08614,0.053738,0.06681,0.042942,0.049764,0.047162,0.059987,0.066998,0.091896,0.061401,0.0722,0.071392,0.06251,0.063091,0.070343,0.046601,0.14793,0.071896,0.073739,0,0.060517,0.063571,0.10781,0.059503,0.068223,0.049846,0.061231,0.052832,0.048752,0.07509,0.056901,0.076932,0.09435,0.058847,0.064116,0.075196,0.093791,0.060156,0.075094,0.064033,0.047315,0.066609,0.048317,0.054425,0.05221,0.064084,0.097597,0.073938,0.059991,0.067798,0.054715,0.078258,0.076012,0.07984,0.051561,0.089966,0.107,0.059466,0.060599,0.13249,0.075187,0.076841,0.039567,0.067143,0.047826,0.065614,0.085537,0.099595,0.08905,0.05946,0.079805,0.10351,0.073956,0.071559,0.050624,0.056694,0.048771,0.055135,0.065561,0.059986,0.19666,0.102,0.067347,0.065421,0.093422,0.099907,0.087551,0.039858,0.050495,0.060776,0.057761,0.066897,0.048663,0.098815,0.77074,0.074321,0.058358,0.071607,0.067099,0.044123,0.079108,0.080519,0.086947,0.059604,0.05509,0.070711,0.06565,0.05359,0.062687,0.082414,0.066044,0.059269,0.065087,0.059885,0.094924,0.067828,0.050672,0.064185,0.057579,0.062158,0.064219,0.18364,0.050115,0.055741,0.05289,0.054776,0.075944,0.063667,0.083113,0.053962,0.070012,0.04963,0.060624,0.068623,0.043557,0.14243,0.052205,0.10172,0.06725,0.07619,0.081082,0.057996,0.084916,0.06708,0.060418,0.062285,0.086758,0.055994,0.23722,0.050836,0.064424,0.056319,0.070359,0.055755,0.055233,0.048342,0.09781,0.063411,0.10358,0.069075,0.051221,0.066338,0.054021,0.07458,0.056055,0.078784,0.050908,0.066516,0.062249,0.044976,0.058336,0.046931,0.068925,0.077959,0.070945,0.061498,0.074828,0.065812,0.065146,0.058745,0.068017,0.050418,0.075766,0.064139,0.054253,0.053361,0.040313,0.089899,0.062366,0.066908,0.063987,0.065946,0.073628,0.061589,0.040931,0.07906,0.075172,0.042704,0.04047,0.044055
0.08027,0.069873,0.070115,0.053617,0.051286,0.066622,0.0551,0.083845,0.088443,0.063949,0.075889,0.072129,0.04969,0.051083,0.063374,0.05906,0.14217,0.088004,0.079321,0.060517,0,0.078452,0.11517,0.055565,0.086135,0.062598,0.058693,0.071718,0.051999,0.067443,0.046173,0.082448,0.092944,0.065815,0.061037,0.072816,0.086977,0.04591,0.11069,0.066177,0.051889,0.075793,0.057095,0.057766,0.055096,0.072221,0.10802,0.081198,0.082619,0.092369,0.060961,0.075289,0.091744,0.078255,0.054477,0.072989,0.093322,0.048898,0.05275,0.13265,0.077937,0.067806,0.044131,0.075871,0.069436,0.053649,0.097823,0.097104,0.095605,0.060171,0.066263,0.13287,0.076456,0.096194,0.058867,0.080483,0.044623,0.052166,0.07091,0.065678,0.18679,0.10919,0.084347,0.074372,0.090251,0.10598,0.091614,0.065097,0.052748,0.050837,0.064383,0.068356,0.05604,0.088118,0.76482,0.078652,0.048048,0.063948,0.073779,0.051968,0.10585,0.087258,0.086093,0.067854,0.051117,0.085694,0.065778,0.043198,0.061992,0.075502,0.080179,0.070142,0.059036,0.073294,0.095624,0.066475,0.069457,0.058418,0.074596,0.048625,0.053921,0.20451,0.049884,0.078397,0.06629,0.049224,0.062897,0.043813,0.091228,0.054021,0.077852,0.069418,0.053027,0.066254,0.052151,0.137,0.049974,0.10736,0.059484,0.081889,0.076181,0.057851,0.084351,0.06321,0.06368,0.060522,0.072649,0.056577,0.25449,0.057481,0.076873,0.063998,0.067783,0.057295,0.058566,0.047673,0.086221,0.056445,0.088157,0.070704,0.042323,0.086808,0.051811,0.060659,0.051279,0.091556,0.069843,0.056199,0.053076,0.05784,0.064195,0.058265,0.048522,0.085175,0.066952,0.061081,0.098119,0.071954,0.078965,0.069786,0.063274,0.063356,0.086409,0.065691,0.056331,0.060278,0.047408,0.075927,0.047921,0.0781,0.04623,0.064637,0.078014,0.053665,0.071654,0.053456,0.078192,0.058232,0.047414,0.046712
0.079347,0.0693,0.076873,0.053213,0.05923,0.058394,0.076248,0.062352,0.10242,0.07647,0.058622,0.06523,0.072645,0.06711,0.062243,0.066507,0.13716,0.04169,0.05984,0.063571,0.078452,0,0.082242,0.053031,0.07527,0.059606,0.083147,0.0715,0.061114,0.078329,0.072985,0.047593,0.11247,0.070171,0.069849,0.073306,0.099643,0.073044,0.10408,0.066847,0.051866,0.068633,0.068005,0.073304,0.060667,0.065624,0.090608,0.079263,0.092282,0.096816,0.077747,0.079164,0.10439,0.069306,0.074091,0.091385,0.099925,0.074332,0.062016,0.12872,0.069901,0.09414,0.061339,0.06726,0.067322,0.061302,0.081422,0.096513,0.11923,0.051242,0.096008,0.10574,0.060712,0.086269,0.052812,0.072866,0.066477,0.051817,0.080808,0.076932,0.18089,0.095412,0.07199,0.069509,0.10052,0.091499,0.10348,0.046991,0.0573,0.066376,0.079928,0.073236,0.070021,0.09249,0.75744,0.068074,0.075783,0.084461,0.076668,0.060201,0.09965,0.087119,0.076266,0.074394,0.066315,0.080363,0.058808,0.060199,0.058463,0.078544,0.071295,0.057605,0.068963,0.069567,0.097135,0.066138,0.06473,0.062269,0.069998,0.073023,0.064353,0.18708,0.060868,0.087176,0.066457,0.073409,0.080751,0.071156,0.10117,0.052985,0.085768,0.058,0.089448,0.075698,0.052339,0.1337,0.05741,0.064781,0.074101,0.079671,0.091236,0.061787,0.10907,0.068184,0.074155,0.065312,0.090852,0.070581,0.23845,0.062035,0.075469,0.069579,0.070591,0.064746,0.068002,0.066591,0.078636,0.049451,0.096861,0.081911,0.053864,0.075959,0.062084,0.079486,0.055062,0.086531,0.062669,0.085183,0.080211,0.061286,0.047985,0.077676,0.076121,0.10386,0.081407,0.086802,0.071526,0.074206,0.074619,0.047009,0.099517,0.052711,0.046177,0.073102,0.07845,0.061914,0.062285,0.084078,0.065299,0.056776,0.075657,0.063937,0.081746,0.075587,0.059559,0.093038,0.08508,0.056344,0.056523,0.053262
0.10794,0.10144,0.12877,0.10341,0.10663,0.10643,0.11081,0.10926,0.12717,0.11702,0.097443,0.10812,0.10593,0.10616,0.08147,0.1053,0.15225,0.090632,0.10467,0.10781,0.11517,0.082242,0,0.086175,0.094332,0.095012,0.1249,0.097843,0.10231,0.12215,0.1115,0.093071,0.13713,0.10674,0.090227,0.11548,0.12472,0.10893,0.13509,0.10336,0.093326,0.10263,0.1092,0.112,0.10331,0.097441,0.12563,0.11356,0.13497,0.15465,0.10542,0.10783,0.15176,0.10259,0.11113,0.13221,0.12178,0.1137,0.1072,0.14802,0.095528,0.12998,0.098775,0.10281,0.088686,0.099667,0.091302,0.14506,0.15511,0.09374,0.13257,0.14327,0.1066,0.099213,0.11054,0.11179,0.10959,0.079133,0.13301,0.1243,0.14837,0.088211,0.10176,0.10375,0.12312,0.13726,0.13987,0.087961,0.089998,0.1003,0.12666,0.1045,0.10721,0.13745,0.73221,0.11696,0.11415,0.13601,0.10606,0.09122,0.15853,0.10002,0.12183,0.10959,0.101,0.1306,0.099966,0.1004,0.081091,0.092922,0.095759,0.10178,0.096585,0.12253,0.13374,0.11368,0.11626,0.088847,0.10156,0.11322,0.09729,0.18541,0.098124,0.13154,0.096241,0.10553,0.1079,0.11029,0.13863,0.094778,0.11984,0.10489,0.12406,0.10891,0.098772,0.13494,0.10297,0.096057,0.087872,0.10782,0.12704,0.086647,0.13242,0.11231,0.11935,0.10613,0.12332,0.099655,0.24095,0.099571,0.099898,0.11804,0.090927,0.10121,0.1049,0.11472,0.10011,0.10356,0.13265,0.11835,0.097311,0.097684,0.10342,0.095088,0.097045,0.10296,0.10017,0.11722,0.12262,0.10302,0.076858,0.12026,0.1202,0.13114,0.1095,0.1331,0.10389,0.11201,0.11625,0.088658,0.12729,0.1029,0.098066,0.10603,0.1174,0.1045,0.11464,0.1172,0.10777,0.092958,0.10787,0.092908,0.11905,0.10754,0.11377,0.12319,0.12878,0.10076,0.10184,0.098493
