0,0.11906,0.12483,0.12277,0.092901,0.10127,0.13134,0.10416,0.12079,0.11892,0.12753,0.10971,0.11463,0.11699,0.12208,0.10685,0.14238,0.12666,0.11219,0.10316,0.18189,0.11911,0.16916,0.081936,0.10074,0.10758,0.1,0.11957,0.10966,0.11173,0.11706,0.10895,0.13462,0.11732,0.10835,0.11536,0.20384,0.11816,0.20483,0.11051,0.11193,0.11681,0.11148,0.1276,0.10985,0.13619,0.12358,0.11528,0.12696,0.09715,0.11902,0.15715,0.13455,0.1077,0.14413,0.13434,0.20523,0.13709,0.1092,0.10621,0.11677,0.1464,0.14152,0.11361,0.10163,0.070499,0.15339,0.10023,0.14553,0.11845,0.11898,0.11584,0.12236,0.24205,0.13111,0.15382,0.11968,0.098897,0.11117,0.13686,0.12708,0.11268,0.11442,0.098809,0.11336,0.1146,0.10633,0.12765,0.13074,0.10244,0.13994,0.10655,0.10509,0.12692,0.1244,0.11654,0.11691,0.11519,0.12525,0.14394,0.10902,0.10728,0.12068,0.14031,0.12111,0.13349,0.10935,0.13698,0.11947,0.1073,0.12867,0.11199,0.16939,0.12998,0.12851,0.1228,0.12363,0.11182,0.16545,0.1125,0.11346,0.21134,0.10095,0.11551,0.13419,0.11325,0.16887,0.1275,0.1392,0.11527,0.12216,0.14433,0.1246,0.09616,0.12481,0.095559,0.11361,0.14523,0.10984,0.13317,0.15951,0.080957,0.13262,0.11798,0.10676,0.11666,0.13278,0.10337,0.1449,0.11091,0.079918,0.10075,0.13186,0.11792,0.10809,0.11575,0.12574,0.1434,0.14165,0.1188,0.12207,0.10219,0.091707,0.12337,0.10185,0.12842,0.09945,0.13301,0.12021,0.1092,0.1433,0.11374,0.11972,0.1084,0.10047,0.1073,0.10742,0.14163,0.11174,0.10216,0.1201,0.10533,0.1225,0.12665,0.11603,0.11657,0.10586,0.1422,0.12281,0.15197,0.09125,0.10487,0.12502,0.079367,0.11098,0.11076,0.11564,0.11374,0.12035,0.10959
0.11906,0,0.10253,0.078351,0.063905,0.061558,0.074068,0.070789,0.063626,0.063664,0.12071,0.048883,0.044269,0.075543,0.078646,0.067305,0.10797,0.083159,0.057948,0.067361,0.17866,0.080347,0.19581,0.058385,0.073723,0.043602,0.065257,0.057489,0.045859,0.052884,0.049166,0.079255,0.077916,0.038302,0.065345,0.075444,0.16264,0.083756,0.17154,0.059883,0.036438,0.04526,0.05555,0.055864,0.050554,0.1032,0.058,0.077271,0.073305,0.086535,0.060971,0.12687,0.08284,0.046801,0.097084,0.085137,0.22781,0.071108,0.05648,0.065367,0.078253,0.13341,0.096359,0.068293,0.05895,0.086742,0.11228,0.058199,0.091244,0.062126,0.042009,0.066146,0.097513,0.16506,0.067065,0.10725,0.061678,0.050257,0.058842,0.08713,0.055983,0.082031,0.065038,0.059978,0.062408,0.052476,0.064662,0.080378,0.07479,0.080885,0.072202,0.080054,0.059281,0.07441,0.066992,0.059916,0.049758,0.06742,0.081169,0.087122,0.084709,0.063862,0.078412,0.095351,0.07436,0.13213,0.056404,0.10471,0.078349,0.060266,0.070645,0.068799,0.10184,0.06213,0.06623,0.054452,0.092077,0.069473,0.1168,0.048612,0.06594,0.14504,0.05099,0.077356,0.067914,0.050008,0.13229,0.063281,0.17945,0.067582,0.083777,0.11128,0.080418,0.060421,0.053824,0.073314,0.042983,0.11025,0.049848,0.080039,0.098588,0.075713,0.070817,0.06127,0.079232,0.068899,0.11863,0.076631,0.076458,0.038093,0.081707,0.065231,0.088142,0.091132,0.085548,0.062952,0.054438,0.078524,0.056088,0.060382,0.093531,0.064703,0.075203,0.070923,0.065049,0.069852,0.059887,0.075573,0.077063,0.057572,0.069241,0.096779,0.067592,0.047567,0.075545,0.050991,0.066841,0.10421,0.067292,0.060874,0.063224,0.054553,0.07769,0.068334,0.065052,0.062105,0.055439,0.078486,0.060285,0.090362,0.10298,0.078703,0.073975,0.055168,0.057588,0.056324,0.09785,0.055169,0.07281,0.049403
0.12483,0.10253,0,0.11865,0.099634,0.093808,0.094029,0.10387,0.11975,0.093348,0.13346,0.093561,0.094765,0.10661,0.10695,0.093506,0.12379,0.13113,0.10657,0.10568,0.19086,0.11428,0.17304,0.11172,0.099051,0.093914,0.093155,0.073853,0.096239,0.10686,0.086319,0.12731,0.10833,0.093198,0.092779,0.1102,0.17492,0.091922,0.21217,0.10924,0.097795,0.094678,0.10612,0.093738,0.085622,0.12863,0.098254,0.12397,0.10523,0.10279,0.10958,0.13984,0.098172,0.081191,0.10991,0.12883,0.23434,0.10023,0.1186,0.094523,0.10306,0.15113,0.12558,0.084302,0.10135,0.11166,0.12901,0.093893,0.1364,0.095123,0.087147,0.098622,0.11297,0.19383,0.10216,0.1343,0.089492,0.10375,0.10605,0.090311,0.1105,0.10008,0.1039,0.085802,0.092539,0.095967,0.10321,0.099206,0.10133,0.10071,0.13491,0.11419,0.095301,0.10734,0.10519,0.10163,0.086413,0.10406,0.10965,0.15011,0.11086,0.094159,0.10962,0.10321,0.071161,0.1558,0.087769,0.1434,0.10181,0.095424,0.094862,0.1101,0.12622,0.089392,0.13283,0.097678,0.12845,0.10364,0.14939,0.086905,0.1003,0.18231,0.088015,0.11454,0.093981,0.08305,0.15207,0.089789,0.19431,0.10323,0.11452,0.183,0.11557,0.10036,0.1024,0.11795,0.090175,0.15553,0.0903,0.097301,0.13511,0.12281,0.10143,0.11281,0.087749,0.11522,0.10044,0.097211,0.13429,0.10174,0.092783,0.1064,0.12499,0.13298,0.13149,0.090874,0.087964,0.10521,0.1185,0.094134,0.1317,0.097161,0.099139,0.12219,0.10209,0.11169,0.093729,0.11874,0.11057,0.11876,0.12091,0.12372,0.087941,0.098013,0.099737,0.1125,0.11937,0.12713,0.10938,0.10329,0.11091,0.091744,0.13161,0.11365,0.10092,0.10245,0.10551,0.11273,0.080172,0.12832,0.1036,0.11262,0.13835,0.089596,0.1002,0.10387,0.1386,0.097085,0.11325,0.079194
0.12277,0.078351,0.11865,0,0.088395,0.08818,0.11723,0.090185,0.072915,0.070244,0.11445,0.076901,0.07473,0.088959,0.09389,0.098666,0.12766,0.10527,0.081812,0.093302,0.16125,0.092706,0.19474,0.093984,0.079049,0.081848,0.094829,0.084241,0.083777,0.072092,0.095536,0.087167,0.095591,0.075943,0.077286,0.066428,0.18414,0.11525,0.19169,0.087415,0.083109,0.085745,0.09411,0.084885,0.08432,0.13792,0.099242,0.094526,0.10542,0.086905,0.084774,0.12718,0.11876,0.093578,0.12031,0.10658,0.19469,0.11202,0.090216,0.07921,0.088935,0.1756,0.12296,0.11088,0.075275,0.097936,0.10681,0.082916,0.12964,0.094773,0.087235,0.094712,0.099275,0.16386,0.093742,0.10836,0.10022,0.097068,0.089497,0.10785,0.068672,0.078507,0.092285,0.089888,0.079624,0.077163,0.10057,0.11498,0.080027,0.094517,0.099805,0.071396,0.10305,0.088007,0.099824,0.082536,0.095763,0.0987,0.11784,0.090486,0.1098,0.073282,0.10145,0.14308,0.090159,0.13729,0.09175,0.12483,0.11088,0.099958,0.076464,0.084601,0.14128,0.098616,0.095891,0.090308,0.12004,0.09687,0.14725,0.090156,0.099262,0.14085,0.079473,0.099771,0.083277,0.076857,0.14373,0.095193,0.16126,0.09329,0.11857,0.12705,0.099276,0.082174,0.088688,0.096107,0.088319,0.11018,0.076759,0.091414,0.12312,0.09306,0.10711,0.092092,0.098506,0.10906,0.16024,0.070582,0.11357,0.076778,0.086994,0.10231,0.12641,0.090552,0.094428,0.092645,0.075827,0.11255,0.091954,0.10251,0.10419,0.07901,0.1026,0.083588,0.09322,0.082178,0.087075,0.1082,0.11296,0.095261,0.09162,0.12498,0.10908,0.093546,0.086048,0.094369,0.077791,0.11761,0.10374,0.077513,0.1089,0.081021,0.094421,0.078948,0.083864,0.084473,0.09259,0.11957,0.10571,0.10169,0.12109,0.099521,0.088805,0.078101,0.086378,0.090863,0.09883,0.088779,0.086799,0.086204
0.092901,0.063905,0.099634,0.088395,0,0.053316,0.089951,0.067041,0.075062,0.0737,0.10256,0.057003,0.067489,0.079928,0.068058,0.074638,0.12522,0.066229,0.080931,0.070426,0.18427,0.074267,0.17965,0.058036,0.070934,0.062839,0.052326,0.075233,0.067236,0.056648,0.062044,0.071398,0.08207,0.059554,0.080595,0.081377,0.16193,0.086925,0.17849,0.054744,0.05208,0.065505,0.077712,0.070624,0.054556,0.099534,0.078108,0.079338,0.065146,0.07029,0.066299,0.11705,0.098028,0.053449,0.10278,0.097629,0.20974,0.079094,0.066366,0.075773,0.06708,0.11202,0.09016,0.068481,0.062414,0.066243,0.11047,0.059715,0.10903,0.069689,0.067136,0.06978,0.09046,0.17613,0.073028,0.10286,0.060684,0.055779,0.072671,0.096402,0.07946,0.077331,0.072907,0.061255,0.071359,0.060646,0.07591,0.089569,0.081943,0.06278,0.091394,0.060304,0.055326,0.077741,0.086286,0.075739,0.062117,0.071438,0.077638,0.10245,0.08621,0.066436,0.072507,0.09013,0.076565,0.1329,0.055675,0.11424,0.086728,0.068843,0.076506,0.076768,0.11861,0.079015,0.077796,0.065265,0.099045,0.072692,0.1346,0.068103,0.078746,0.16188,0.053973,0.068193,0.078868,0.064303,0.14612,0.084319,0.15622,0.083284,0.064286,0.11749,0.078516,0.063454,0.075401,0.058197,0.067021,0.11078,0.059738,0.085054,0.1002,0.069088,0.089066,0.06563,0.072316,0.079611,0.10668,0.066441,0.10629,0.047317,0.067555,0.084134,0.10516,0.069611,0.066733,0.065571,0.068185,0.098649,0.08863,0.075419,0.097016,0.060047,0.069244,0.10191,0.059514,0.083892,0.061432,0.070273,0.080402,0.059716,0.07772,0.095986,0.067961,0.061707,0.06987,0.067275,0.074424,0.1049,0.068604,0.072235,0.0838,0.060908,0.074,0.075873,0.067812,0.073592,0.070103,0.087309,0.079982,0.097081,0.085775,0.06419,0.084588,0.047772,0.05995,0.0666,0.1082,0.064229,0.078332,0.069304
0.10127,0.061558,0.093808,0.08818,0.053316,0,0.074924,0.036911,0.054841,0.074046,0.12029,0.0476,0.050741,0.059473,0.063138,0.063197,0.10362,0.083621,0.068341,0.052733,0.16761,0.085248,0.16548,0.050367,0.062184,0.05014,0.041799,0.066279,0.057097,0.060854,0.046515,0.075161,0.063612,0.054193,0.057325,0.072602,0.16252,0.065413,0.19747,0.057474,0.043712,0.042375,0.063074,0.07259,0.042341,0.089722,0.05191,0.069983,0.069231,0.057459,0.054425,0.10954,0.073927,0.048989,0.10583,0.095836,0.19406,0.064251,0.057136,0.058368,0.060033,0.12839,0.080895,0.067096,0.051651,0.079484,0.11178,0.042533,0.093394,0.055657,0.058672,0.058362,0.093379,0.1689,0.064701,0.10823,0.042489,0.039801,0.05574,0.078703,0.075621,0.070193,0.071406,0.048984,0.059244,0.050814,0.050453,0.068119,0.052023,0.048521,0.08251,0.063283,0.043107,0.064191,0.070818,0.059885,0.046038,0.053387,0.068934,0.092073,0.084093,0.061418,0.075994,0.095423,0.076038,0.14033,0.057596,0.11773,0.084327,0.062872,0.072053,0.0666,0.10755,0.061675,0.061586,0.061043,0.083831,0.077517,0.12715,0.048556,0.070455,0.15316,0.043106,0.055641,0.057898,0.047761,0.14796,0.066319,0.15998,0.076305,0.066038,0.116,0.082712,0.046371,0.054418,0.069029,0.043835,0.10372,0.043567,0.072698,0.093336,0.056782,0.064996,0.058926,0.050167,0.074148,0.11156,0.072835,0.093832,0.048773,0.056394,0.079635,0.099832,0.084278,0.077337,0.049463,0.054599,0.067971,0.077662,0.056811,0.092078,0.057577,0.056248,0.090407,0.056684,0.074542,0.050233,0.072978,0.067652,0.049811,0.076856,0.0836,0.050706,0.037283,0.057781,0.053185,0.081644,0.091443,0.072476,0.065351,0.079415,0.04803,0.075148,0.063153,0.051567,0.051043,0.050274,0.068016,0.056181,0.086117,0.094874,0.061721,0.072298,0.057694,0.045199,0.053516,0.10854,0.058779,0.054024,0.061671
0.13134,0.074068,0.094029,0.11723,0.089951,0.074924,0,0.087734,0.098626,0.078872,0.13062,0.085371,0.077285,0.096094,0.085915,0.074084,0.11251,0.12259,0.096748,0.10057,0.19539,0.098224,0.17249,0.075522,0.095656,0.075371,0.082205,0.088888,0.06371,0.10051,0.044307,0.11295,0.10296,0.068798,0.073991,0.11159,0.14881,0.066382,0.20429,0.088388,0.067557,0.069473,0.058962,0.071331,0.065659,0.11893,0.069415,0.092014,0.098302,0.10195,0.0969,0.11853,0.066929,0.066702,0.10405,0.13387,0.23591,0.066608,0.092386,0.097815,0.096511,0.13189,0.10681,0.075124,0.09996,0.11005,0.13862,0.073861,0.11959,0.078689,0.06548,0.1008,0.11358,0.18994,0.091816,0.11304,0.07085,0.063988,0.094565,0.084165,0.09698,0.11613,0.08946,0.066809,0.08547,0.076183,0.084404,0.092872,0.0853,0.093506,0.10721,0.10889,0.076903,0.098483,0.064773,0.083663,0.044336,0.077625,0.08176,0.11452,0.10419,0.092731,0.085348,0.094401,0.082488,0.15045,0.075021,0.11775,0.061804,0.067759,0.093586,0.095933,0.079671,0.065592,0.10123,0.086672,0.094613,0.097982,0.15213,0.066311,0.089606,0.18061,0.0744,0.089899,0.072627,0.073809,0.1482,0.062623,0.20615,0.088603,0.089285,0.13773,0.094721,0.091549,0.064945,0.093972,0.057871,0.15433,0.07692,0.086533,0.10144,0.096271,0.075475,0.10386,0.088337,0.089932,0.10255,0.112,0.12351,0.076505,0.094618,0.082366,0.12452,0.11295,0.10263,0.071855,0.081989,0.0723,0.10667,0.069781,0.12582,0.10229,0.083772,0.11218,0.072853,0.098378,0.093723,0.099541,0.091541,0.079852,0.091091,0.11039,0.069054,0.075585,0.095191,0.081813,0.11671,0.088578,0.078018,0.096063,0.092459,0.08511,0.11939,0.084005,0.094652,0.080577,0.079166,0.095494,0.06393,0.12473,0.11836,0.11143,0.1121,0.082715,0.087965,0.092259,0.13285,0.087935,0.10019,0.072158
0.10416,0.070789,0.10387,0.090185,0.067041,0.036911,0.087734,0,0.055349,0.081777,0.1168,0.042642,0.052776,0.049483,0.066019,0.067486,0.10273,0.083867,0.067681,0.057881,0.15181,0.082318,0.1706,0.057576,0.053229,0.049326,0.058908,0.076442,0.068945,0.064823,0.061091,0.071502,0.072364,0.069013,0.052716,0.06733,0.17307,0.068016,0.21008,0.052196,0.053789,0.048628,0.0709,0.077214,0.055968,0.086961,0.053366,0.062114,0.07318,0.046195,0.057859,0.11305,0.08046,0.057078,0.10304,0.083531,0.18559,0.074521,0.064846,0.071313,0.063978,0.14873,0.074545,0.069588,0.053941,0.081493,0.10587,0.04741,0.091121,0.06879,0.064883,0.050384,0.092403,0.17721,0.080613,0.11349,0.05021,0.055899,0.064606,0.087709,0.071193,0.066039,0.066543,0.052945,0.057557,0.057971,0.058504,0.074874,0.066764,0.056793,0.082077,0.075229,0.057248,0.0556,0.07831,0.060323,0.060555,0.055006,0.079907,0.083697,0.086241,0.055232,0.073436,0.10835,0.086558,0.1336,0.067799,0.11052,0.083578,0.069719,0.070412,0.072295,0.11883,0.073148,0.065837,0.064666,0.085322,0.075532,0.1244,0.061056,0.078703,0.14987,0.057285,0.059598,0.066436,0.051748,0.14748,0.0704,0.15163,0.068972,0.078851,0.10858,0.082475,0.052386,0.069087,0.061569,0.050042,0.096402,0.043585,0.080339,0.091933,0.064998,0.070884,0.050311,0.059415,0.07386,0.12307,0.079059,0.088009,0.056148,0.056582,0.084389,0.098893,0.080102,0.074657,0.058694,0.059673,0.073779,0.076492,0.065813,0.091563,0.063466,0.048232,0.088802,0.064765,0.081953,0.047814,0.067615,0.070198,0.062219,0.080645,0.083449,0.056795,0.051945,0.061932,0.056385,0.079852,0.086493,0.070622,0.061504,0.078848,0.053836,0.071823,0.074417,0.044282,0.048822,0.057486,0.078194,0.063145,0.095813,0.10011,0.063039,0.067014,0.063837,0.057772,0.065038,0.099523,0.062301,0.054095,0.067005
0.12079,0.063626,0.11975,0.072915,0.075062,0.054841,0.098626,0.055349,0,0.08384,0.13224,0.052184,0.056446,0.066744,0.074252,0.063595,0.11378,0.089834,0.068943,0.053979,0.15866,0.087925,0.18867,0.069367,0.064523,0.050495,0.071676,0.074808,0.06264,0.068775,0.071899,0.067347,0.064777,0.060844,0.07449,0.06921,0.18977,0.08602,0.20256,0.060195,0.053484,0.051443,0.062718,0.074932,0.05878,0.11433,0.069629,0.07024,0.081048,0.059256,0.053982,0.11601,0.098495,0.065547,0.097067,0.09191,0.18056,0.090168,0.056271,0.07053,0.070655,0.15634,0.08051,0.088286,0.05135,0.097025,0.10752,0.064954,0.097667,0.067634,0.064295,0.056516,0.10181,0.1492,0.067463,0.11346,0.065037,0.059585,0.074733,0.088638,0.071413,0.078488,0.082999,0.071187,0.070636,0.064109,0.062854,0.081386,0.062083,0.072227,0.065802,0.068204,0.063278,0.070643,0.087641,0.065546,0.071923,0.065029,0.080531,0.077472,0.093195,0.055881,0.087882,0.12484,0.091934,0.15155,0.068233,0.1315,0.10528,0.08331,0.080405,0.075815,0.11684,0.075419,0.055301,0.074125,0.10068,0.090625,0.1249,0.062957,0.088872,0.14491,0.050915,0.07252,0.067555,0.057609,0.15767,0.082138,0.16013,0.090746,0.090079,0.12154,0.09158,0.056032,0.06347,0.08098,0.053244,0.093054,0.058559,0.080033,0.089286,0.075428,0.083218,0.065581,0.086632,0.074043,0.14355,0.073236,0.082632,0.05637,0.071475,0.075558,0.10015,0.076733,0.069981,0.063246,0.060898,0.080227,0.074368,0.078562,0.093613,0.068334,0.080432,0.083875,0.067819,0.086538,0.064767,0.074947,0.073993,0.055592,0.070485,0.087049,0.07187,0.058362,0.074635,0.050439,0.077896,0.096296,0.08157,0.065535,0.085267,0.050094,0.073636,0.071109,0.060133,0.050826,0.048961,0.081683,0.075427,0.071294,0.10498,0.082503,0.060185,0.068074,0.056159,0.077155,0.1125,0.058233,0.06379,0.074396
0.11892,0.063664,0.093348,0.070244,0.0737,0.074046,0.078872,0.081777,0.08384,0,0.10804,0.074209,0.064596,0.081901,0.088019,0.075615,0.10733,0.097634,0.07609,0.078577,0.1814,0.078781,0.17414,0.0802,0.081754,0.071326,0.078173,0.074377,0.059539,0.066791,0.066619,0.092025,0.098484,0.059662,0.065875,0.084921,0.16336,0.096437,0.18499,0.076191,0.066863,0.067135,0.073888,0.062179,0.064209,0.12511,0.087084,0.093038,0.087425,0.086465,0.077078,0.1309,0.096378,0.06482,0.1116,0.11386,0.22246,0.084978,0.083787,0.081308,0.085022,0.1444,0.10023,0.083584,0.071302,0.092315,0.10076,0.073323,0.1038,0.083109,0.063843,0.093219,0.10446,0.1712,0.084747,0.11508,0.082579,0.076153,0.087022,0.094479,0.077173,0.075743,0.080659,0.07019,0.073157,0.069983,0.092737,0.096483,0.0694,0.091438,0.10537,0.078171,0.081085,0.087897,0.082047,0.081075,0.06688,0.076282,0.11038,0.10079,0.1124,0.074498,0.073709,0.10244,0.063305,0.13357,0.069097,0.11786,0.07742,0.078672,0.074751,0.075354,0.10528,0.059169,0.098819,0.063797,0.11402,0.082573,0.124,0.060685,0.080359,0.12614,0.073749,0.096565,0.067544,0.072118,0.15662,0.066256,0.18161,0.086744,0.10033,0.1313,0.081384,0.075783,0.059578,0.080569,0.063899,0.12993,0.065165,0.077024,0.11008,0.093771,0.077396,0.091072,0.077664,0.08804,0.1225,0.081637,0.11753,0.067073,0.08949,0.081097,0.1005,0.094117,0.091438,0.077305,0.061763,0.092409,0.085395,0.082145,0.11756,0.080581,0.082731,0.086475,0.068025,0.07515,0.076974,0.084614,0.097001,0.075464,0.078985,0.11419,0.087982,0.075953,0.085131,0.082193,0.087032,0.10542,0.073184,0.07577,0.077422,0.074079,0.094632,0.070458,0.077677,0.069852,0.082027,0.10615,0.079949,0.09867,0.10522,0.095368,0.10168,0.062118,0.080442,0.082443,0.11184,0.076366,0.08239,0.06584
0.12753,0.12071,0.13346,0.11445,0.10256,0.12029,0.13062,0.1168,0.13224,0.10804,0,0.10446,0.12295,0.1317,0.14127,0.1335,0.18866,0.13472,0.12177,0.13376,0.18827,0.12842,0.1914,0.12348,0.10705,0.11445,0.12429,0.13404,0.12488,0.11708,0.11918,0.14277,0.15533,0.12441,0.10734,0.12979,0.17614,0.13291,0.19072,0.10802,0.11684,0.12714,0.13293,0.1221,0.12395,0.14201,0.13181,0.12271,0.14265,0.11616,0.11813,0.14227,0.15192,0.11738,0.14296,0.14786,0.23309,0.12947,0.13416,0.13819,0.10577,0.16307,0.13343,0.11599,0.13178,0.12279,0.14318,0.11067,0.15066,0.13775,0.12963,0.12434,0.13176,0.22663,0.14842,0.13926,0.1239,0.12312,0.13892,0.14593,0.12363,0.11465,0.096093,0.11264,0.11764,0.11327,0.12719,0.1607,0.12267,0.11866,0.14513,0.10359,0.12704,0.11931,0.11926,0.1143,0.119,0.11969,0.12093,0.13981,0.13011,0.11406,0.14147,0.14357,0.11617,0.12788,0.13369,0.11237,0.11887,0.10858,0.10907,0.12534,0.15633,0.11883,0.14733,0.13191,0.11834,0.10385,0.17138,0.12907,0.12154,0.19493,0.11802,0.11817,0.12793,0.11988,0.13174,0.12036,0.17111,0.10632,0.1259,0.1397,0.12927,0.12175,0.13589,0.1215,0.12469,0.16099,0.10308,0.12462,0.12423,0.1186,0.13341,0.11714,0.12849,0.13332,0.15765,0.12343,0.15505,0.10934,0.099717,0.13785,0.15303,0.11246,0.11199,0.13225,0.11192,0.1459,0.14621,0.13272,0.12562,0.1277,0.10712,0.13828,0.12654,0.12013,0.11387,0.13069,0.13607,0.12604,0.13725,0.13531,0.13335,0.12738,0.12836,0.12438,0.10094,0.12907,0.09639,0.12413,0.13801,0.12115,0.13339,0.11697,0.10941,0.12793,0.1385,0.1641,0.12991,0.15627,0.12872,0.13489,0.12947,0.10991,0.12022,0.13131,0.11986,0.12956,0.13336,0.12388
0.10971,0.048883,0.093561,0.076901,0.057003,0.0476,0.085371,0.042642,0.052184,0.074209,0.10446,0,0.042631,0.058153,0.072408,0.068382,0.11418,0.078766,0.057507,0.060749,0.16124,0.079294,0.18049,0.061527,0.053173,0.032829,0.059546,0.058042,0.059276,0.048376,0.056895,0.072689,0.068562,0.055037,0.055321,0.061071,0.16922,0.077462,0.19469,0.043684,0.036928,0.04678,0.07059,0.059641,0.050331,0.082693,0.056268,0.064986,0.073809,0.060801,0.0469,0.11917,0.081693,0.044759,0.092308,0.079597,0.20398,0.07542,0.059656,0.062739,0.05159,0.1419,0.074021,0.05532,0.049905,0.078157,0.10653,0.04682,0.093301,0.062068,0.04864,0.042081,0.090665,0.16457,0.066429,0.10046,0.043208,0.052645,0.058498,0.083507,0.05497,0.059469,0.048995,0.049308,0.05587,0.045448,0.052758,0.078909,0.064286,0.061345,0.076465,0.066168,0.054055,0.050821,0.069842,0.048264,0.056972,0.063794,0.07187,0.083508,0.074969,0.040968,0.081657,0.098523,0.070225,0.12894,0.056735,0.10096,0.084978,0.059444,0.063556,0.074101,0.11556,0.064511,0.061624,0.057833,0.086784,0.060944,0.12246,0.056737,0.062852,0.1466,0.044708,0.063946,0.067524,0.038535,0.12623,0.062316,0.15832,0.064392,0.077805,0.11205,0.074954,0.05362,0.065974,0.069919,0.047551,0.10352,0.033451,0.069261,0.089209,0.069254,0.072839,0.042102,0.069004,0.071538,0.12115,0.067125,0.078209,0.039118,0.051641,0.078591,0.096088,0.081615,0.07772,0.050199,0.048292,0.076832,0.060674,0.068447,0.073261,0.053656,0.05852,0.081435,0.064062,0.071169,0.041252,0.069974,0.066444,0.059118,0.071961,0.081993,0.056448,0.045845,0.067215,0.050688,0.062946,0.090013,0.059317,0.05243,0.07709,0.046321,0.071183,0.071137,0.043518,0.046334,0.060921,0.07496,0.054775,0.089704,0.09886,0.068335,0.065832,0.05177,0.045518,0.060861,0.093248,0.048011,0.066404,0.054323
0.11463,0.044269,0.094765,0.07473,0.067489,0.050741,0.077285,0.052776,0.056446,0.064596,0.12295,0.042631,0,0.062725,0.069339,0.064359,0.094385,0.08163,0.038349,0.05677,0.16136,0.079487,0.17751,0.053679,0.058412,0.033102,0.053483,0.055298,0.042265,0.051119,0.049365,0.066863,0.06771,0.038574,0.050974,0.054598,0.1751,0.06184,0.18883,0.056196,0.040025,0.032949,0.064163,0.060359,0.035951,0.097536,0.05727,0.074688,0.068568,0.072324,0.051591,0.11693,0.063125,0.047734,0.095361,0.074406,0.21644,0.0688,0.049515,0.059498,0.06943,0.13847,0.084884,0.075515,0.042852,0.082243,0.10621,0.04039,0.097064,0.04287,0.034197,0.065022,0.084209,0.164,0.063033,0.095497,0.044541,0.053526,0.055515,0.068212,0.047675,0.059745,0.072429,0.05383,0.046127,0.043727,0.054384,0.069134,0.058452,0.074486,0.078009,0.075812,0.061023,0.057892,0.07704,0.059348,0.049896,0.065735,0.087939,0.076909,0.077864,0.048399,0.069719,0.096048,0.070612,0.13121,0.048818,0.11158,0.079625,0.057,0.060789,0.058932,0.11884,0.057005,0.063844,0.055942,0.086961,0.077875,0.12852,0.035437,0.065257,0.14081,0.05176,0.072509,0.052785,0.044113,0.14664,0.046514,0.15933,0.061763,0.085207,0.111,0.075341,0.050662,0.044829,0.077518,0.037398,0.1005,0.040913,0.066408,0.097909,0.070548,0.06714,0.056533,0.065843,0.072346,0.11431,0.069826,0.08158,0.039621,0.073375,0.073135,0.10167,0.084316,0.082256,0.047966,0.04486,0.064677,0.049486,0.056843,0.096006,0.064643,0.056755,0.068248,0.047505,0.056849,0.051341,0.074299,0.064627,0.060584,0.066862,0.097296,0.054633,0.042595,0.054868,0.055966,0.078466,0.091051,0.068097,0.053014,0.075681,0.04139,0.070662,0.072397,0.058405,0.045542,0.052526,0.070044,0.046987,0.088884,0.11286,0.068,0.068232,0.05327,0.055368,0.062465,0.092045,0.045631,0.055932,0.041781
0.11699,0.075543,0.10661,0.088959,0.079928,0.059473,0.096094,0.049483,0.066744,0.081901,0.1317,0.058153,0.062725,0,0.068065,0.075546,0.10321,0.084685,0.076827,0.070368,0.17986,0.085859,0.18241,0.070804,0.073419,0.061786,0.081099,0.080191,0.078948,0.071013,0.071066,0.075644,0.07468,0.074923,0.058721,0.069159,0.18708,0.090172,0.21333,0.060653,0.061693,0.063004,0.080329,0.075402,0.067431,0.10339,0.063193,0.077576,0.076942,0.056552,0.058809,0.12242,0.089973,0.063198,0.11796,0.098526,0.19844,0.091862,0.068166,0.073953,0.073508,0.15597,0.08936,0.066315,0.060673,0.092091,0.11393,0.062079,0.099497,0.071533,0.060976,0.07103,0.084875,0.15918,0.076559,0.10659,0.070924,0.074283,0.066453,0.084654,0.06278,0.074069,0.07535,0.059526,0.065897,0.063591,0.079902,0.076523,0.0767,0.072161,0.099801,0.086729,0.071281,0.063934,0.088023,0.064005,0.070704,0.071783,0.10076,0.083697,0.08624,0.066754,0.079809,0.12475,0.090927,0.15379,0.068744,0.12465,0.086581,0.086975,0.079668,0.066414,0.13325,0.08081,0.067016,0.054331,0.099052,0.08009,0.13051,0.066354,0.080382,0.14607,0.062207,0.074556,0.067585,0.063536,0.14623,0.079751,0.17419,0.075212,0.094723,0.11793,0.084859,0.055334,0.068339,0.077607,0.061258,0.10362,0.061543,0.078695,0.11574,0.077423,0.08137,0.064555,0.058169,0.064913,0.12044,0.087682,0.088295,0.065028,0.072853,0.080764,0.10441,0.091825,0.088415,0.064344,0.066852,0.0885,0.069589,0.071714,0.1083,0.06846,0.072934,0.067878,0.075055,0.08076,0.059583,0.086012,0.08427,0.080663,0.074283,0.084187,0.074731,0.066892,0.062661,0.069436,0.079037,0.09991,0.083219,0.057142,0.092879,0.058009,0.08246,0.098622,0.066963,0.058644,0.074676,0.090939,0.074711,0.089333,0.11022,0.074399,0.089623,0.07233,0.068747,0.069452,0.11767,0.057494,0.069165,0.071087
0.12208,0.078646,0.10695,0.09389,0.068058,0.063138,0.085915,0.066019,0.074252,0.088019,0.14127,0.072408,0.069339,0.068065,0,0.080382,0.10684,0.082855,0.097577,0.085355,0.18127,0.074657,0.18323,0.072166,0.077387,0.07515,0.068014,0.077338,0.073272,0.08267,0.069379,0.073977,0.066534,0.063192,0.079425,0.078582,0.16935,0.078654,0.21101,0.074497,0.066204,0.06437,0.07571,0.072537,0.055405,0.10437,0.06904,0.07883,0.064017,0.072604,0.080961,0.097051,0.085636,0.063962,0.10723,0.10273,0.1893,0.087076,0.082266,0.076554,0.08615,0.14117,0.10506,0.086089,0.074786,0.089144,0.10567,0.068669,0.11109,0.060498,0.066801,0.080762,0.093865,0.15864,0.067276,0.096511,0.060684,0.074279,0.079826,0.082685,0.075473,0.086123,0.089479,0.065458,0.062076,0.067903,0.083635,0.083839,0.084806,0.070893,0.089076,0.089905,0.078251,0.070227,0.0918,0.087979,0.069166,0.082439,0.088238,0.083618,0.08829,0.069599,0.058049,0.1093,0.10083,0.15556,0.059778,0.13655,0.079263,0.091976,0.077334,0.091136,0.11772,0.095905,0.078683,0.071209,0.10847,0.08727,0.14663,0.074633,0.10221,0.16508,0.062095,0.073096,0.070647,0.065865,0.16026,0.09048,0.17786,0.085188,0.085695,0.11931,0.084054,0.07227,0.072811,0.065958,0.068035,0.10592,0.070505,0.082132,0.11379,0.080861,0.0935,0.076731,0.083353,0.087967,0.11844,0.091155,0.10592,0.064144,0.081992,0.089666,0.12174,0.068017,0.071731,0.054432,0.071662,0.087677,0.090974,0.079518,0.12218,0.070521,0.086203,0.10464,0.067024,0.10085,0.077528,0.078244,0.096243,0.082546,0.071154,0.12142,0.060979,0.07349,0.071596,0.085746,0.098743,0.085862,0.093885,0.078146,0.095835,0.074841,0.08206,0.087933,0.077359,0.069071,0.071311,0.080769,0.085168,0.094158,0.11184,0.064533,0.083984,0.077355,0.07531,0.081297,0.12357,0.071683,0.070731,0.078536
0.10685,0.067305,0.093506,0.098666,0.074638,0.063197,0.074084,0.067486,0.063595,0.075615,0.1335,0.068382,0.064359,0.075546,0.080382,0,0.10437,0.10382,0.07112,0.063662,0.17309,0.088974,0.17893,0.06599,0.077318,0.052089,0.072834,0.0763,0.059294,0.082331,0.061415,0.085106,0.080931,0.065311,0.072357,0.082233,0.18104,0.067039,0.20337,0.071566,0.057619,0.052458,0.04139,0.058888,0.057155,0.12792,0.066496,0.086414,0.082694,0.071605,0.074196,0.12005,0.088943,0.050719,0.096169,0.10401,0.20882,0.08042,0.064063,0.083763,0.082624,0.15079,0.082899,0.072953,0.06675,0.092388,0.11622,0.062685,0.097574,0.067753,0.051781,0.069252,0.10406,0.18117,0.067627,0.12115,0.068498,0.050357,0.077635,0.081465,0.087634,0.094266,0.086836,0.070156,0.083558,0.080331,0.07042,0.07003,0.080165,0.084019,0.081525,0.09506,0.046516,0.089802,0.091,0.071998,0.061471,0.051539,0.083795,0.10907,0.099322,0.06217,0.076306,0.11108,0.074868,0.13986,0.050859,0.12752,0.087536,0.069676,0.082848,0.08007,0.099668,0.060782,0.080732,0.07639,0.090889,0.096939,0.13245,0.050778,0.093139,0.15756,0.05853,0.091703,0.073722,0.058495,0.16183,0.069976,0.17749,0.093979,0.092541,0.14286,0.087548,0.057085,0.058563,0.081003,0.041615,0.12198,0.071237,0.089762,0.096689,0.091584,0.073538,0.082103,0.074525,0.061745,0.1129,0.081593,0.093278,0.063893,0.081232,0.056977,0.096059,0.096984,0.083585,0.072283,0.075801,0.082048,0.085384,0.067389,0.11741,0.081118,0.066589,0.090599,0.054305,0.098812,0.072543,0.073786,0.079597,0.05889,0.085915,0.081768,0.070721,0.06463,0.085239,0.054862,0.094213,0.10847,0.08155,0.071209,0.077078,0.054913,0.10092,0.078899,0.081159,0.060859,0.050179,0.088353,0.065197,0.10183,0.095351,0.099694,0.095089,0.060072,0.079253,0.082765,0.1184,0.066201,0.085001,0.065223
0.14238,0.10797,0.12379,0.12766,0.12522,0.10362,0.11251,0.10273,0.11378,0.10733,0.18866,0.11418,0.094385,0.10321,0.10684,0.10437,0,0.1172,0.10627,0.098937,0.19035,0.098027,0.20024,0.10072,0.11293,0.1016,0.098002,0.098931,0.097711,0.10324,0.10109,0.091494,0.112,0.098929,0.10435,0.11282,0.20554,0.11198,0.22943,0.11966,0.10094,0.094543,0.10324,0.11778,0.091248,0.13789,0.09914,0.10711,0.10049,0.11073,0.11531,0.17867,0.090231,0.10294,0.12841,0.12723,0.22559,0.11842,0.10593,0.090544,0.12274,0.1751,0.12516,0.11753,0.090242,0.12232,0.13306,0.1018,0.13457,0.10261,0.094716,0.11228,0.11903,0.19504,0.11073,0.14472,0.10537,0.10872,0.09316,0.11705,0.10558,0.11761,0.13623,0.098177,0.10926,0.10899,0.11518,0.07777,0.11833,0.11759,0.13311,0.14009,0.10887,0.11243,0.12257,0.11641,0.10106,0.1096,0.14937,0.13269,0.12781,0.11019,0.0837,0.12393,0.10638,0.15925,0.09667,0.14214,0.12215,0.1137,0.11624,0.1059,0.13815,0.11487,0.10972,0.093054,0.14918,0.12434,0.15061,0.093809,0.11393,0.15156,0.10979,0.11814,0.099607,0.10396,0.19148,0.10321,0.20041,0.12501,0.11974,0.15631,0.10394,0.10934,0.097711,0.10242,0.092615,0.13836,0.1056,0.11614,0.14555,0.12064,0.11824,0.12217,0.094868,0.12416,0.13875,0.10511,0.12789,0.11433,0.12767,0.10672,0.1233,0.14684,0.14557,0.10234,0.1131,0.092824,0.10559,0.10692,0.13393,0.10108,0.11286,0.11134,0.10153,0.11444,0.10679,0.11369,0.11134,0.1085,0.12423,0.13301,0.10311,0.09678,0.10765,0.10796,0.13647,0.13784,0.128,0.090429,0.096008,0.10587,0.11157,0.11672,0.11199,0.10329,0.090036,0.092567,0.10043,0.13469,0.14265,0.11227,0.12697,0.098618,0.10794,0.096612,0.13192,0.09625,0.10019,0.089911
0.12666,0.083159,0.13113,0.10527,0.066229,0.083621,0.12259,0.083867,0.089834,0.097634,0.13472,0.078766,0.08163,0.084685,0.082855,0.10382,0.1172,0,0.092338,0.076764,0.20592,0.072165,0.2066,0.082525,0.089383,0.08156,0.070332,0.084797,0.089618,0.068889,0.090809,0.057139,0.091456,0.07507,0.10437,0.091194,0.19122,0.11251,0.18658,0.084248,0.06993,0.083635,0.10662,0.1019,0.071699,0.1092,0.093719,0.084417,0.05887,0.087011,0.070122,0.14715,0.11498,0.074326,0.11957,0.1,0.21252,0.10903,0.077453,0.083831,0.080617,0.13029,0.092415,0.09011,0.070587,0.095098,0.10123,0.080275,0.11039,0.078536,0.084723,0.079152,0.094402,0.16948,0.087963,0.10757,0.079949,0.092244,0.078719,0.11468,0.07823,0.081512,0.10173,0.080631,0.087725,0.084654,0.093752,0.092126,0.10703,0.080477,0.11029,0.096389,0.085279,0.070498,0.12086,0.10477,0.090676,0.093058,0.11219,0.10403,0.093734,0.08866,0.076591,0.10911,0.10635,0.13506,0.07866,0.12294,0.11142,0.09235,0.090695,0.083445,0.14689,0.10761,0.080501,0.071754,0.12083,0.081243,0.13043,0.087426,0.10769,0.14973,0.079565,0.076378,0.091058,0.093584,0.16142,0.10768,0.16676,0.098343,0.067051,0.10634,0.076841,0.0782,0.096619,0.075196,0.087279,0.095196,0.077504,0.090569,0.11405,0.089325,0.11338,0.07155,0.09029,0.098416,0.13139,0.080245,0.10599,0.070935,0.1018,0.099478,0.10683,0.088034,0.096606,0.087,0.085008,0.10128,0.086895,0.099337,0.11425,0.069243,0.095076,0.097414,0.087516,0.090436,0.078547,0.071763,0.10312,0.082466,0.10078,0.11966,0.085197,0.074802,0.084989,0.089815,0.084161,0.12377,0.095787,0.071453,0.090079,0.080616,0.047196,0.099958,0.075333,0.09583,0.083834,0.087277,0.099195,0.10111,0.1192,0.069652,0.092218,0.074755,0.070789,0.070735,0.11197,0.063286,0.07353,0.083407
0.11219,0.057948,0.10657,0.081812,0.080931,0.068341,0.096748,0.067681,0.068943,0.07609,0.12177,0.057507,0.038349,0.076827,0.097577,0.07112,0.10627,0.092338,0,0.060458,0.1556,0.092506,0.1859,0.067739,0.069835,0.039199,0.071938,0.0747,0.058442,0.05895,0.070125,0.081359,0.085004,0.060452,0.059624,0.057667,0.18497,0.077545,0.18008,0.069293,0.059291,0.052567,0.076522,0.077381,0.05882,0.11311,0.070422,0.086311,0.090053,0.08192,0.052461,0.13278,0.082802,0.062961,0.10868,0.076045,0.22409,0.085465,0.056665,0.069282,0.076992,0.15116,0.089115,0.088539,0.053007,0.09427,0.11855,0.047174,0.10105,0.063974,0.055166,0.07398,0.08809,0.17556,0.076534,0.10512,0.068882,0.067148,0.065895,0.080254,0.0648,0.067736,0.086256,0.072101,0.069254,0.060833,0.066087,0.079018,0.068844,0.084769,0.084098,0.082858,0.071822,0.074314,0.090423,0.062175,0.070343,0.07068,0.10414,0.087016,0.084091,0.063887,0.090537,0.10599,0.079196,0.1271,0.065078,0.11469,0.096593,0.067061,0.067148,0.054576,0.13658,0.061706,0.072526,0.074393,0.082632,0.082353,0.13648,0.051383,0.068701,0.14214,0.070691,0.090441,0.068475,0.063415,0.14928,0.053074,0.14953,0.079079,0.09998,0.11381,0.079601,0.052034,0.059619,0.0917,0.054899,0.098009,0.057823,0.088501,0.10179,0.078934,0.080414,0.062539,0.071997,0.074242,0.12847,0.06912,0.078713,0.054182,0.082713,0.081352,0.10574,0.098838,0.094729,0.074054,0.061635,0.079961,0.058445,0.071118,0.10163,0.075256,0.06653,0.05965,0.063151,0.058606,0.055315,0.088593,0.080975,0.071349,0.08862,0.094491,0.081066,0.05515,0.073309,0.056508,0.074123,0.11442,0.083729,0.055664,0.08692,0.054443,0.079279,0.082695,0.071941,0.062937,0.064333,0.084907,0.066455,0.096998,0.11919,0.087793,0.071278,0.058985,0.07475,0.066688,0.087023,0.063866,0.068311,0.057707
0.10316,0.067361,0.10568,0.093302,0.070426,0.052733,0.10057,0.057881,0.053979,0.078577,0.13376,0.060749,0.05677,0.070368,0.085355,0.063662,0.098937,0.076764,0.060458,0,0.17327,0.083255,0.17316,0.063407,0.071817,0.052589,0.056407,0.066612,0.057066,0.062631,0.071316,0.067413,0.072802,0.056947,0.076862,0.081461,0.19677,0.085042,0.18867,0.071143,0.056456,0.050202,0.070916,0.08555,0.051379,0.10473,0.070267,0.076238,0.070635,0.057274,0.04528,0.1338,0.092342,0.056349,0.10014,0.094245,0.19403,0.090986,0.0559,0.063468,0.073651,0.13358,0.075577,0.080825,0.035679,0.09266,0.1109,0.059805,0.081915,0.063316,0.063998,0.057221,0.10301,0.16654,0.073917,0.13056,0.06468,0.06013,0.072614,0.087737,0.084292,0.069038,0.086428,0.069377,0.066725,0.068611,0.059338,0.061047,0.070342,0.065804,0.087773,0.076549,0.061649,0.071096,0.099484,0.07961,0.071196,0.05923,0.095516,0.095694,0.092689,0.065088,0.079598,0.10556,0.087784,0.13946,0.061749,0.12976,0.10209,0.073132,0.0814,0.063936,0.12475,0.072351,0.066612,0.061464,0.10085,0.081123,0.1078,0.050338,0.082366,0.14348,0.055943,0.077198,0.071373,0.0706,0.16357,0.081208,0.14934,0.091516,0.082987,0.12395,0.086703,0.042249,0.066403,0.080481,0.054098,0.089028,0.059804,0.07798,0.10642,0.070514,0.080128,0.06987,0.073832,0.074886,0.12424,0.067012,0.083283,0.058102,0.073491,0.067568,0.076517,0.087655,0.081922,0.066508,0.06561,0.074566,0.075813,0.071553,0.10093,0.056704,0.067929,0.078987,0.062625,0.086116,0.046206,0.070278,0.075635,0.059547,0.089223,0.081504,0.068091,0.040954,0.069325,0.053398,0.07542,0.11161,0.077752,0.055232,0.066586,0.045326,0.06101,0.084032,0.053241,0.056751,0.049446,0.077165,0.07007,0.075004,0.09148,0.069549,0.07187,0.054492,0.054501,0.067802,0.10672,0.048206,0.050787,0.058538
0.18189,0.17866,0.19086,0.16125,0.18427,0.16761,0.19539,0.15181,0.15866,0.1814,0.18827,0.16124,0.16136,0.17986,0.18127,0.17309,0.19035,0.20592,0.1556,0.17327,0,0.19619,0.24334,0.17714,0.15088,0.16004,0.17949,0.18337,0.18022,0.17667,0.1853,0.18445,0.18035,0.18194,0.15249,0.15114,0.25119,0.16185,0.25324,0.16004,0.18023,0.16456,0.17638,0.17725,0.17545,0.19462,0.17458,0.18394,0.20235,0.16093,0.17833,0.17473,0.17871,0.18086,0.1859,0.14344,0.20976,0.18844,0.18866,0.16957,0.18392,0.26148,0.18003,0.19822,0.16789,0.17956,0.1711,0.16517,0.19933,0.18404,0.1823,0.16288,0.19345,0.24469,0.18729,0.19774,0.17234,0.17471,0.18496,0.19358,0.17613,0.16163,0.17276,0.17476,0.1677,0.17183,0.17165,0.19049,0.16181,0.17849,0.16204,0.16995,0.18096,0.17808,0.17581,0.15751,0.18522,0.17741,0.18226,0.16484,0.17781,0.15966,0.18317,0.20497,0.17912,0.20968,0.18017,0.20105,0.18813,0.18535,0.16349,0.17563,0.21289,0.1733,0.18239,0.1935,0.18258,0.18782,0.22042,0.18137,0.17344,0.21081,0.17751,0.17752,0.17742,0.16535,0.22794,0.17168,0.1748,0.17619,0.20679,0.2045,0.1956,0.17315,0.17962,0.17092,0.17222,0.16805,0.16441,0.19888,0.17819,0.17922,0.18563,0.15884,0.17633,0.18643,0.23645,0.16295,0.17875,0.17747,0.15758,0.19016,0.20858,0.17327,0.17063,0.17476,0.16064,0.18026,0.17862,0.18528,0.17577,0.18094,0.1643,0.18243,0.1792,0.17422,0.1609,0.17445,0.17387,0.17665,0.17619,0.19384,0.17891,0.17727,0.17509,0.16738,0.17925,0.1733,0.1849,0.17574,0.19183,0.17711,0.18767,0.17012,0.16528,0.16547,0.1688,0.18432,0.18142,0.18384,0.19184,0.18166,0.15112,0.17271,0.17853,0.1815,0.17027,0.18762,0.16818,0.17774
0.11911,0.080347,0.11428,0.092706,0.074267,0.085248,0.098224,0.082318,0.087925,0.078781,0.12842,0.079294,0.079487,0.085859,0.074657,0.088974,0.098027,0.072165,0.092506,0.083255,0.19619,0,0.19886,0.080878,0.086702,0.076791,0.072259,0.085863,0.071903,0.06872,0.075574,0.059325,0.094681,0.070799,0.09354,0.089812,0.16655,0.10405,0.2094,0.085699,0.07014,0.075286,0.080515,0.091763,0.065288,0.10646,0.081288,0.053571,0.064026,0.076814,0.080798,0.14928,0.098803,0.073247,0.086145,0.11112,0.20647,0.093168,0.079248,0.082956,0.087141,0.145,0.10447,0.085968,0.069796,0.096934,0.11293,0.076114,0.10774,0.084611,0.074893,0.084198,0.075387,0.18126,0.093213,0.11374,0.083202,0.086555,0.086129,0.091185,0.074888,0.090312,0.10458,0.073036,0.074516,0.069277,0.094148,0.081313,0.098692,0.080143,0.09402,0.089969,0.089952,0.069495,0.093127,0.090389,0.075501,0.074693,0.11539,0.096728,0.10601,0.076662,0.066601,0.10452,0.097236,0.12583,0.073563,0.10949,0.091572,0.083617,0.079834,0.090863,0.1181,0.10022,0.089676,0.066842,0.12005,0.067415,0.13102,0.077802,0.098862,0.15695,0.08258,0.086302,0.074196,0.079189,0.15176,0.085762,0.16752,0.092218,0.08497,0.11509,0.059473,0.081866,0.084812,0.060442,0.075155,0.10939,0.068635,0.095828,0.10439,0.090533,0.10226,0.088922,0.094528,0.091704,0.13015,0.079786,0.11467,0.069736,0.096232,0.091095,0.098923,0.084891,0.089339,0.080822,0.086489,0.091175,0.097822,0.086329,0.1088,0.065814,0.09376,0.10187,0.070995,0.098217,0.083939,0.08262,0.10066,0.087435,0.098086,0.11505,0.080859,0.081559,0.088059,0.080962,0.089396,0.10423,0.088849,0.061654,0.069058,0.078842,0.061519,0.08581,0.074286,0.077777,0.074753,0.090444,0.091861,0.11019,0.1071,0.081716,0.089165,0.063964,0.085219,0.082023,0.099014,0.072473,0.077959,0.075012
0.16916,0.19581,0.17304,0.19474,0.17965,0.16548,0.17249,0.1706,0.18867,0.17414,0.1914,0.18049,0.17751,0.18241,0.18323,0.17893,0.20024,0.2066,0.1859,0.17316,0.24334,0.19886,0,0.17271,0.16889,0.18446,0.17768,0.17643,0.16476,0.1866,0.17486,0.19703,0.18067,0.17693,0.17027,0.19354,0.23469,0.17306,0.28496,0.19225,0.18656,0.18701,0.18968,0.18058,0.17545,0.19943,0.18668,0.18154,0.18931,0.1756,0.1799,0.18948,0.1814,0.17883,0.20371,0.22286,0.23327,0.17585,0.18557,0.19399,0.16692,0.19084,0.18133,0.1822,0.17875,0.17009,0.2303,0.17304,0.21081,0.18354,0.1819,0.18811,0.21285,0.26096,0.1905,0.21232,0.17259,0.17608,0.19084,0.18033,0.20973,0.1811,0.17016,0.17712,0.17506,0.17902,0.18063,0.1949,0.17631,0.16214,0.2216,0.17775,0.18214,0.18993,0.18793,0.20062,0.17446,0.18557,0.18696,0.20766,0.20325,0.18079,0.17523,0.18932,0.17787,0.20538,0.17923,0.21583,0.17292,0.177,0.18972,0.18494,0.21643,0.17822,0.19303,0.18373,0.18771,0.19102,0.22196,0.17286,0.18809,0.2428,0.1724,0.19812,0.18459,0.17562,0.24165,0.17491,0.19767,0.19434,0.1858,0.20983,0.17821,0.17633,0.18247,0.19017,0.17784,0.22904,0.18561,0.15099,0.21124,0.1674,0.16326,0.20535,0.1795,0.20342,0.18324,0.18842,0.21493,0.17953,0.16192,0.18857,0.20544,0.18671,0.18025,0.16594,0.18708,0.18851,0.20853,0.18294,0.20351,0.17528,0.16707,0.20821,0.16896,0.20105,0.1705,0.20446,0.19581,0.18344,0.19823,0.18556,0.17874,0.16986,0.17155,0.19559,0.20105,0.19707,0.17585,0.19066,0.19643,0.1737,0.19916,0.17983,0.17959,0.16783,0.18967,0.20096,0.17431,0.2115,0.1812,0.17865,0.19845,0.1735,0.18512,0.19095,0.21127,0.1867,0.18196,0.17597
