0,0.11063,0.11392,0.097004,0.10107,0.12744,0.12309,0.13634,0.11296,0.10691,0.11715,0.12724,0.10265,0.10572,0.10204,0.09297,0.20526,0.11981,0.11151,0.098683,0.13141,0.10577,0.1481,0.055559,0.11807,0.1212,0.10457,0.15121,0.096246,0.11667,0.09815,0.10915,0.11103,0.087241,0.11275,0.098443,0.11716,0.10131,0.13499,0.11172,0.11281,0.11298,0.092972,0.10794,0.10018,0.10701,0.12731,0.12186,0.097557,0.097024,0.12155,0.13433,0.099483,0.15227,0.13753,0.12024,0.11977,0.09815,0.08712,0.16224,0.11967,0.098615,0.10874,0.10603,0.11441,0.072143,0.14434,0.11464,0.12347,0.10361,0.10612,0.1173,0.134,0.12248,0.1054,0.11202,0.13599,0.092576,0.12145,0.10493,0.1215,0.15662,0.11007,0.12388,0.11228,0.11943,0.12797,0.10657,0.099863,0.12376,0.12735,0.10724,0.09539,0.12169,0.12451,0.13396,0.095954,0.098213,0.10114,0.11876,0.11972,0.12431,0.10381,0.10897,0.11643,0.12632,0.10258,0.10604,0.10459,0.10769,0.16428,0.12325,0.10188,0.10664,0.097999,0.11191,0.10459,0.10724,0.093635,0.0959,0.11493,0.14486,0.093062,0.13794,0.12737,0.10129,0.10454,0.10163,0.094936,0.10111,0.10843,0.13597,0.11376,0.1391,0.10642,0.10133,0.10788,0.10784,0.10602,0.12242,0.095898,0.041896,0.1278,0.097197,0.11927,0.14781,0.091185,0.097307,0.14022,0.10903,0.13697,0.10466,0.13072,0.11603,0.11754,0.08725,0.12989,0.10093,0.23715,0.099716,0.10692,0.11688,0.099741,0.13314,0.11839,0.121,0.1075,0.095004,0.097788,0.086155,0.11089,0.11601,0.093853,0.10943,0.1281,0.11856,0.16931,0.13545,0.14121,0.1092,0.11118,0.10719,0.11907,0.11219,0.14006,0.10005,0.091408,0.1097,0.091997,0.096805,0.10501,0.10365,0.11574,0.12949,0.10558,0.12093,0.10834,0.090576,0.11544,0.12089
0.11063,0,0.093099,0.077052,0.08087,0.098342,0.10707,0.13267,0.079286,0.080802,0.089685,0.087674,0.091383,0.078122,0.075776,0.088317,0.20624,0.082537,0.075537,0.077599,0.059113,0.075186,0.089858,0.098636,0.09251,0.079654,0.078836,0.11538,0.083602,0.10293,0.092268,0.094012,0.095437,0.076614,0.087218,0.080843,0.11265,0.067075,0.12866,0.078954,0.071806,0.078689,0.077312,0.089228,0.075332,0.0724,0.078026,0.12547,0.090267,0.085938,0.089218,0.098791,0.097695,0.10867,0.1162,0.079714,0.12726,0.092268,0.093667,0.11093,0.093586,0.15019,0.080154,0.083125,0.10007,0.077468,0.12044,0.063409,0.073543,0.085728,0.081203,0.11021,0.094003,0.080359,0.077756,0.095035,0.090531,0.090306,0.085119,0.10595,0.088799,0.10749,0.087239,0.13012,0.088976,0.09954,0.076299,0.093695,0.1016,0.098632,0.11129,0.094908,0.073311,0.099016,0.10031,0.087711,0.091252,0.098414,0.095795,0.082626,0.099701,0.10685,0.077873,0.11831,0.072523,0.09342,0.07633,0.08756,0.067595,0.075429,0.13963,0.10816,0.10578,0.092411,0.085233,0.10651,0.091823,0.088263,0.10795,0.07474,0.1097,0.097092,0.07728,0.10852,0.070111,0.095972,0.083749,0.079613,0.12016,0.097526,0.081893,0.10965,0.090039,0.11605,0.086632,0.066529,0.086153,0.0808,0.081901,0.09016,0.098385,0.10561,0.10174,0.072296,0.065569,0.17571,0.14231,0.086249,0.093912,0.085526,0.08196,0.069756,0.11442,0.074167,0.076175,0.077512,0.11915,0.082267,0.22151,0.079973,0.079275,0.091483,0.067499,0.10179,0.068867,0.10028,0.07254,0.079414,0.076149,0.085671,0.087683,0.078568,0.070531,0.089623,0.093529,0.093421,0.11428,0.098731,0.13405,0.10388,0.1205,0.087763,0.083662,0.11051,0.11115,0.069221,0.068422,0.089052,0.075961,0.095998,0.10749,0.090691,0.085478,0.098707,0.072458,0.083303,0.083628,0.079126,0.090352,0.080729
0.11392,0.093099,0,0.062618,0.060941,0.090685,0.079536,0.12033,0.075303,0.086892,0.077953,0.097877,0.047393,0.055535,0.090509,0.084542,0.218,0.076147,0.069017,0.089806,0.10686,0.072046,0.13366,0.099803,0.10452,0.089928,0.0766,0.10371,0.071684,0.070978,0.060488,0.087749,0.081206,0.057033,0.064665,0.063678,0.12573,0.072223,0.13116,0.069896,0.053299,0.062321,0.076242,0.050979,0.051814,0.072603,0.070929,0.090244,0.066902,0.078353,0.096286,0.11646,0.074802,0.11522,0.076809,0.094054,0.14301,0.060488,0.070374,0.10871,0.082709,0.14446,0.070941,0.076074,0.091134,0.087009,0.10958,0.068739,0.089706,0.053267,0.063232,0.11107,0.10702,0.10417,0.064572,0.079201,0.11487,0.068553,0.047546,0.069802,0.075059,0.12573,0.088986,0.10668,0.073795,0.065065,0.087426,0.094037,0.088519,0.083617,0.12186,0.066281,0.073177,0.083334,0.088232,0.080719,0.059461,0.08302,0.083931,0.088138,0.090262,0.10857,0.083823,0.08343,0.081166,0.11248,0.053672,0.074887,0.073272,0.068715,0.1394,0.069935,0.090031,0.064018,0.084763,0.087054,0.074672,0.092191,0.10706,0.04956,0.073414,0.12646,0.084244,0.11958,0.071879,0.073887,0.064457,0.055106,0.12496,0.079135,0.070184,0.091733,0.07557,0.12147,0.073053,0.074543,0.081603,0.065483,0.050503,0.063408,0.088579,0.10706,0.10501,0.073778,0.096939,0.12444,0.12129,0.06673,0.071999,0.068315,0.10072,0.085724,0.14193,0.079912,0.06944,0.064773,0.12243,0.04397,0.2275,0.052166,0.072297,0.079997,0.071752,0.09898,0.083396,0.10803,0.062869,0.059646,0.061589,0.079484,0.065637,0.074543,0.069046,0.08108,0.079451,0.05851,0.13724,0.078421,0.15634,0.057328,0.12387,0.10552,0.075646,0.10383,0.081347,0.065088,0.065371,0.074468,0.072902,0.08504,0.12766,0.076862,0.097983,0.11443,0.087263,0.059677,0.09245,0.063476,0.061567,0.070889
0.097004,0.077052,0.062618,0,0.059261,0.091368,0.081534,0.10914,0.060861,0.062787,0.069335,0.077,0.057857,0.047468,0.074586,0.0606,0.1942,0.063535,0.049525,0.071495,0.089709,0.063207,0.12588,0.084195,0.08183,0.066021,0.056247,0.073744,0.061476,0.062632,0.048352,0.077817,0.076254,0.052235,0.069553,0.061658,0.1261,0.054564,0.11331,0.050378,0.050032,0.060881,0.051187,0.059403,0.039855,0.050078,0.06043,0.0756,0.057095,0.064007,0.085592,0.098332,0.057727,0.094972,0.071632,0.066922,0.12041,0.048352,0.053059,0.111,0.069876,0.13439,0.056505,0.0625,0.081833,0.076387,0.094214,0.055845,0.077028,0.05085,0.058551,0.096359,0.10303,0.086887,0.054605,0.082711,0.093488,0.058392,0.057242,0.059044,0.064283,0.12071,0.063754,0.092477,0.05518,0.057855,0.069091,0.076366,0.081986,0.089216,0.106,0.047629,0.068699,0.076915,0.087381,0.076153,0.051525,0.052127,0.068511,0.073443,0.079811,0.10436,0.067477,0.083141,0.068661,0.1095,0.039293,0.063264,0.060811,0.061607,0.13452,0.082637,0.097049,0.05879,0.064586,0.07264,0.063902,0.074222,0.078916,0.038628,0.070438,0.097185,0.072773,0.09934,0.05786,0.065591,0.048117,0.052289,0.11728,0.068882,0.068938,0.093635,0.068677,0.12785,0.057031,0.071212,0.073566,0.062916,0.050808,0.064855,0.062626,0.094442,0.07279,0.076431,0.08577,0.14739,0.12109,0.05551,0.065888,0.052777,0.10397,0.062919,0.098514,0.069927,0.066997,0.04274,0.10409,0.044859,0.24122,0.052836,0.060243,0.064596,0.051732,0.085917,0.071295,0.090675,0.052497,0.033208,0.045244,0.053453,0.069234,0.043342,0.052802,0.069409,0.07575,0.05416,0.1233,0.079953,0.14455,0.064096,0.095954,0.10078,0.058405,0.1019,0.076276,0.050226,0.04536,0.052232,0.061206,0.074131,0.12594,0.077368,0.074721,0.099901,0.093092,0.049574,0.078718,0.05572,0.062976,0.055496
0.10107,0.08087,0.060941,0.059261,0,0.068398,0.094609,0.10964,0.072472,0.062883,0.068129,0.070911,0.060286,0.050558,0.07626,0.064903,0.19456,0.05832,0.063878,0.066236,0.099308,0.044384,0.10079,0.077875,0.08482,0.059843,0.063917,0.09017,0.053335,0.072224,0.067741,0.072476,0.068349,0.046321,0.066133,0.059683,0.12686,0.055497,0.11061,0.050685,0.059494,0.059994,0.06811,0.055202,0.050862,0.043414,0.072893,0.09091,0.06053,0.047937,0.069128,0.096651,0.070262,0.10252,0.097322,0.083099,0.13974,0.067741,0.053214,0.096543,0.064051,0.13013,0.06848,0.062643,0.046098,0.062147,0.093981,0.043973,0.075516,0.056522,0.057084,0.088313,0.12301,0.084203,0.056586,0.062514,0.091921,0.057882,0.068326,0.072838,0.060522,0.088836,0.062453,0.11012,0.055136,0.068541,0.070946,0.053252,0.048028,0.061396,0.11269,0.058677,0.069252,0.058247,0.07578,0.069709,0.069349,0.058889,0.073081,0.057467,0.086169,0.10295,0.060989,0.099098,0.07186,0.087792,0.046807,0.061639,0.056472,0.067484,0.11435,0.065504,0.070972,0.062329,0.053036,0.056324,0.077386,0.054873,0.086837,0.05099,0.051261,0.091777,0.060874,0.098035,0.061006,0.067383,0.056999,0.043472,0.12291,0.065306,0.063763,0.076024,0.069599,0.10857,0.070211,0.07254,0.072041,0.055897,0.036456,0.053664,0.099377,0.088463,0.089542,0.048059,0.098155,0.1414,0.11183,0.069777,0.070469,0.056934,0.079753,0.06194,0.10845,0.05786,0.062515,0.047363,0.10655,0.050316,0.22774,0.055685,0.055899,0.046082,0.057757,0.06924,0.074103,0.080689,0.047131,0.058392,0.055222,0.063829,0.060827,0.059913,0.046919,0.048006,0.075411,0.072812,0.10073,0.073511,0.12988,0.055589,0.11718,0.092587,0.065698,0.098611,0.074975,0.059099,0.059659,0.054132,0.056518,0.072185,0.11185,0.067751,0.06773,0.076917,0.069021,0.053814,0.070998,0.052386,0.037589,0.051731
0.12744,0.098342,0.090685,0.091368,0.068398,0,0.11825,0.12575,0.096003,0.09162,0.07867,0.08565,0.097275,0.087217,0.1049,0.094098,0.19578,0.098741,0.081737,0.078471,0.1135,0.089737,0.10568,0.10423,0.088452,0.092446,0.079266,0.11747,0.082133,0.079577,0.10229,0.11824,0.11651,0.083424,0.090277,0.092025,0.13689,0.074467,0.093699,0.078014,0.089731,0.081189,0.099052,0.089761,0.089475,0.082199,0.084393,0.12833,0.098613,0.087392,0.095821,0.10445,0.1068,0.11273,0.12974,0.11245,0.13722,0.10229,0.09532,0.11227,0.087452,0.15951,0.096011,0.084853,0.077264,0.09317,0.12268,0.090097,0.07353,0.098728,0.078649,0.10634,0.118,0.096135,0.097453,0.098514,0.09669,0.084673,0.10353,0.1065,0.10772,0.1228,0.10431,0.11144,0.088838,0.11529,0.11025,0.076373,0.082922,0.084928,0.1171,0.096926,0.10584,0.080071,0.10829,0.088402,0.1014,0.094837,0.10029,0.078889,0.098363,0.11401,0.088065,0.12468,0.085523,0.10552,0.088549,0.088646,0.069075,0.096247,0.14472,0.10773,0.094454,0.10807,0.10011,0.095191,0.11049,0.08571,0.11271,0.082909,0.091994,0.095903,0.089964,0.09692,0.08681,0.085594,0.082971,0.076762,0.13946,0.088116,0.095216,0.098949,0.10391,0.12864,0.092018,0.096739,0.079374,0.090373,0.083433,0.089877,0.12503,0.11501,0.11561,0.076904,0.11271,0.17413,0.13625,0.098463,0.094135,0.091538,0.10229,0.087714,0.11251,0.082371,0.077867,0.079438,0.12987,0.090993,0.22038,0.088366,0.076901,0.060444,0.079095,0.099524,0.07895,0.10715,0.087869,0.090545,0.074025,0.096065,0.07643,0.090698,0.076598,0.086968,0.10623,0.10536,0.10696,0.095393,0.11581,0.096225,0.14237,0.081833,0.10871,0.12994,0.10608,0.091009,0.084069,0.078348,0.087297,0.11003,0.11677,0.089668,0.096972,0.084864,0.070675,0.085417,0.091594,0.087386,0.071286,0.083965
0.12309,0.10707,0.079536,0.081534,0.094609,0.11825,0,0.13843,0.076016,0.098106,0.089125,0.11529,0.079578,0.078194,0.093548,0.088828,0.18936,0.10614,0.077762,0.10638,0.11649,0.10647,0.15615,0.11027,0.10652,0.11552,0.07051,0.12242,0.096234,0.078043,0.066763,0.11263,0.080313,0.084034,0.082405,0.093656,0.14064,0.085897,0.1408,0.085224,0.080614,0.068883,0.073267,0.064599,0.077201,0.095703,0.10312,0.093711,0.08435,0.11067,0.11611,0.13714,0.096975,0.10532,0.083065,0.088604,0.16004,0.066763,0.079878,0.13288,0.11096,0.14989,0.079117,0.084418,0.12421,0.10062,0.12716,0.092982,0.10331,0.076621,0.064297,0.12526,0.11152,0.12683,0.099555,0.11332,0.11653,0.082842,0.070154,0.072643,0.10431,0.15001,0.10228,0.1006,0.082707,0.092854,0.091059,0.11452,0.10992,0.12086,0.11438,0.07616,0.073782,0.12393,0.11618,0.10694,0.05929,0.082293,0.072021,0.10944,0.10061,0.089342,0.086782,0.065145,0.091932,0.12702,0.083243,0.083512,0.078603,0.081787,0.15654,0.10027,0.11257,0.079959,0.1066,0.12012,0.093531,0.1059,0.10533,0.069257,0.11101,0.14003,0.088964,0.1331,0.081546,0.071836,0.069287,0.085659,0.13884,0.092602,0.086635,0.10623,0.08326,0.14862,0.077194,0.088517,0.092823,0.099145,0.079465,0.082229,0.066995,0.11717,0.11147,0.10748,0.10861,0.14674,0.13526,0.063653,0.10505,0.075619,0.11928,0.097196,0.15243,0.090508,0.090352,0.076083,0.1366,0.073598,0.23546,0.071261,0.090355,0.10441,0.087821,0.13676,0.097557,0.13194,0.07971,0.077439,0.087191,0.080946,0.081366,0.090001,0.093498,0.099251,0.086632,0.064072,0.14518,0.1087,0.15845,0.095607,0.12214,0.11815,0.1023,0.11128,0.11294,0.095608,0.066503,0.0918,0.097113,0.085568,0.13393,0.10058,0.11663,0.13137,0.11132,0.085637,0.095031,0.075207,0.095169,0.08791
0.13634,0.13267,0.12033,0.10914,0.10964,0.12575,0.13843,0,0.14669,0.11506,0.13094,0.13057,0.12585,0.10825,0.14683,0.11451,0.23395,0.13649,0.11175,0.10623,0.15665,0.11551,0.17067,0.11843,0.13501,0.1057,0.1345,0.14257,0.12151,0.13492,0.11451,0.12884,0.11795,0.1094,0.13438,0.11263,0.16437,0.10521,0.15644,0.11863,0.11075,0.11124,0.10924,0.11819,0.11594,0.11846,0.13361,0.12663,0.12655,0.1039,0.097302,0.11425,0.12942,0.12525,0.12776,0.13171,0.14775,0.11451,0.1138,0.1498,0.12654,0.14766,0.1171,0.11203,0.1235,0.11827,0.13527,0.10806,0.12238,0.10981,0.10099,0.12891,0.1489,0.12203,0.10779,0.13551,0.13395,0.11783,0.12889,0.13168,0.12664,0.13833,0.11447,0.10062,0.13273,0.10309,0.13342,0.10823,0.10249,0.15146,0.14457,0.11463,0.11894,0.11427,0.14111,0.10355,0.12305,0.10922,0.13794,0.13105,0.12812,0.15442,0.11278,0.1414,0.13058,0.15323,0.11262,0.12901,0.12369,0.12548,0.17694,0.11278,0.13446,0.1415,0.10808,0.11271,0.12467,0.12201,0.13505,0.10818,0.10881,0.13267,0.11977,0.12896,0.11709,0.13401,0.12091,0.11044,0.13859,0.1121,0.12669,0.1283,0.12549,0.15141,0.0928,0.14409,0.13323,0.12062,0.11056,0.12193,0.13615,0.1286,0.12508,0.10824,0.14384,0.15315,0.15005,0.12876,0.11542,0.128,0.13914,0.12371,0.15572,0.1167,0.11075,0.11176,0.12798,0.10779,0.24817,0.11139,0.12488,0.10446,0.10504,0.13061,0.12445,0.12874,0.11439,0.10846,0.10565,0.12309,0.11927,0.11558,0.1081,0.11017,0.10409,0.12034,0.17281,0.1196,0.16512,0.10124,0.16296,0.13535,0.12524,0.15768,0.14038,0.10319,0.11444,0.11748,0.099291,0.11997,0.1444,0.13079,0.12305,0.12389,0.12125,0.10223,0.13126,0.11854,0.11887,0.094646
0.11296,0.079286,0.075303,0.060861,0.072472,0.096003,0.076016,0.14669,0,0.076304,0.06854,0.081448,0.079958,0.070955,0.059805,0.063185,0.18789,0.081314,0.052138,0.084991,0.082794,0.076718,0.1275,0.094899,0.084578,0.083932,0.052229,0.090045,0.057214,0.059023,0.061636,0.095851,0.08403,0.059292,0.052167,0.06775,0.13252,0.059761,0.1097,0.069188,0.061839,0.060982,0.064075,0.060709,0.053486,0.06506,0.069652,0.089114,0.06702,0.088431,0.10151,0.10337,0.075443,0.090513,0.099645,0.063481,0.13679,0.061636,0.072815,0.12853,0.088534,0.14828,0.052075,0.075415,0.098081,0.08959,0.10062,0.076751,0.078433,0.068257,0.065586,0.096872,0.10401,0.085636,0.072293,0.08957,0.084462,0.069911,0.061121,0.052552,0.082343,0.13688,0.085309,0.11839,0.058675,0.083834,0.075965,0.087152,0.09059,0.082385,0.10508,0.060722,0.06695,0.096983,0.085157,0.098972,0.054475,0.07467,0.051879,0.068639,0.087659,0.08572,0.077436,0.08243,0.056245,0.10752,0.050926,0.054745,0.060464,0.060682,0.12222,0.094937,0.089482,0.062718,0.079407,0.093049,0.07631,0.081249,0.088796,0.054401,0.087108,0.10751,0.070678,0.10458,0.057895,0.05097,0.060688,0.066581,0.13573,0.076128,0.062885,0.09995,0.074861,0.12917,0.076044,0.061684,0.058002,0.084206,0.062676,0.065527,0.071519,0.10284,0.076418,0.081774,0.093482,0.1678,0.1285,0.053879,0.086489,0.052627,0.11268,0.063481,0.11767,0.067467,0.070573,0.059608,0.12014,0.059844,0.23031,0.057908,0.061029,0.084909,0.068392,0.10127,0.070601,0.098722,0.065845,0.069161,0.063797,0.051727,0.069717,0.066602,0.070189,0.08184,0.10018,0.060246,0.11453,0.080118,0.12994,0.092366,0.086369,0.099038,0.079248,0.08484,0.095258,0.080505,0.050958,0.060651,0.083916,0.080162,0.12177,0.07293,0.087921,0.10114,0.094439,0.075833,0.076432,0.060596,0.068962,0.079876
0.10691,0.080802,0.086892,0.062787,0.062883,0.09162,0.098106,0.11506,0.076304,0,0.076864,0.064989,0.079711,0.070348,0.074676,0.05881,0.20365,0.062954,0.059779,0.08759,0.08399,0.069155,0.11176,0.086616,0.073841,0.062181,0.063727,0.079489,0.071886,0.0979,0.067909,0.082285,0.089189,0.065893,0.061751,0.057492,0.13284,0.060577,0.093833,0.065313,0.064824,0.064318,0.064678,0.077704,0.066384,0.049121,0.078694,0.079204,0.073594,0.079859,0.072249,0.10485,0.088135,0.083969,0.09575,0.070799,0.13814,0.067909,0.069425,0.11847,0.064838,0.14911,0.067657,0.059426,0.078725,0.077115,0.085383,0.060914,0.070169,0.079974,0.059026,0.090945,0.11566,0.082808,0.075362,0.086768,0.07654,0.074823,0.081073,0.066477,0.068208,0.11789,0.065662,0.098815,0.056925,0.075108,0.085339,0.065034,0.072159,0.093745,0.094833,0.053297,0.078702,0.081171,0.077535,0.070698,0.067521,0.060749,0.0793,0.059085,0.081417,0.094172,0.068281,0.1035,0.079507,0.1108,0.066483,0.068235,0.05385,0.058146,0.13605,0.084265,0.099444,0.073763,0.073162,0.081537,0.093785,0.069122,0.095654,0.059236,0.076766,0.095173,0.075832,0.10315,0.054262,0.080358,0.049333,0.057973,0.12182,0.073496,0.083535,0.076769,0.066356,0.11353,0.073162,0.075463,0.076207,0.077893,0.057647,0.075422,0.096507,0.096587,0.084591,0.071079,0.096888,0.16766,0.13347,0.064926,0.079237,0.064289,0.093815,0.051998,0.11079,0.058223,0.071856,0.052082,0.10334,0.06486,0.22677,0.065348,0.062092,0.069329,0.052532,0.077176,0.066786,0.072706,0.052348,0.068287,0.063406,0.063321,0.080175,0.063378,0.067541,0.058045,0.079369,0.085219,0.10096,0.080264,0.12745,0.082135,0.11157,0.10818,0.058939,0.10719,0.10167,0.067923,0.063621,0.048763,0.073365,0.068469,0.1221,0.064489,0.071532,0.09361,0.099942,0.068042,0.071353,0.053452,0.073321,0.067313
0.11715,0.089685,0.077953,0.069335,0.068129,0.07867,0.089125,0.13094,0.06854,0.076864,0,0.080039,0.07273,0.059809,0.07544,0.074001,0.19433,0.073426,0.070136,0.079148,0.087947,0.083922,0.10982,0.097221,0.075638,0.085745,0.063718,0.10476,0.065193,0.080902,0.078952,0.097398,0.10646,0.073799,0.071323,0.070697,0.15051,0.055946,0.09929,0.067217,0.06577,0.054393,0.080459,0.065444,0.074972,0.065115,0.086226,0.10978,0.078408,0.088223,0.10714,0.092945,0.081168,0.095466,0.10245,0.082693,0.14279,0.078952,0.082268,0.12009,0.09341,0.16596,0.07796,0.062345,0.087514,0.080686,0.11063,0.070645,0.082057,0.082226,0.05811,0.10838,0.12638,0.09169,0.086559,0.092791,0.089807,0.054443,0.085866,0.078787,0.081662,0.11972,0.071168,0.10808,0.077861,0.087379,0.084009,0.083694,0.079218,0.081871,0.08006,0.073175,0.090294,0.069804,0.10083,0.077243,0.073745,0.067576,0.081437,0.064555,0.071596,0.094227,0.063714,0.093248,0.054961,0.097255,0.071125,0.035603,0.051114,0.078044,0.14315,0.099278,0.095161,0.084221,0.084679,0.093113,0.089433,0.07094,0.09252,0.059752,0.0778,0.11165,0.06758,0.10043,0.064093,0.084993,0.057393,0.065784,0.14005,0.050575,0.084862,0.097084,0.086794,0.12138,0.062197,0.072561,0.046655,0.091464,0.068357,0.079007,0.094615,0.10911,0.096434,0.075886,0.11358,0.16933,0.14683,0.068272,0.081322,0.056472,0.10341,0.068907,0.12421,0.059652,0.061999,0.050471,0.10948,0.080995,0.21495,0.067739,0.045757,0.069559,0.066364,0.11116,0.06339,0.083707,0.066783,0.080031,0.061878,0.066225,0.03557,0.078213,0.078027,0.077686,0.090423,0.062122,0.10914,0.088013,0.11786,0.08035,0.11902,0.094531,0.071819,0.11859,0.093103,0.090778,0.058142,0.061581,0.069838,0.096751,0.13297,0.061804,0.090751,0.08823,0.094089,0.083545,0.071615,0.057602,0.067684,0.072191
0.12724,0.087674,0.097877,0.077,0.070911,0.08565,0.11529,0.13057,0.081448,0.064989,0.080039,0,0.10068,0.08195,0.1005,0.081522,0.18435,0.071237,0.067896,0.081881,0.093197,0.061002,0.11463,0.098852,0.093335,0.070868,0.075261,0.085856,0.067793,0.097379,0.088185,0.091404,0.099374,0.079518,0.090973,0.082249,0.14584,0.06901,0.10112,0.06955,0.068042,0.083333,0.082693,0.09076,0.075285,0.047907,0.085921,0.099925,0.090654,0.076663,0.079595,0.10502,0.099034,0.1013,0.1142,0.080427,0.1311,0.088185,0.082537,0.12447,0.068863,0.16249,0.090025,0.079672,0.066278,0.087812,0.099296,0.072677,0.069074,0.090218,0.081627,0.11411,0.12917,0.072855,0.081917,0.082088,0.083735,0.092064,0.092449,0.08611,0.077689,0.12247,0.084889,0.11684,0.071243,0.096908,0.097703,0.068415,0.092289,0.088853,0.11098,0.082781,0.094396,0.082688,0.1002,0.088752,0.091382,0.078113,0.097153,0.061744,0.072289,0.10581,0.077735,0.11982,0.080252,0.096963,0.079039,0.080285,0.079262,0.081082,0.1328,0.096978,0.099868,0.089544,0.080827,0.083287,0.10178,0.073936,0.1008,0.077955,0.088179,0.083905,0.081049,0.08726,0.06134,0.090278,0.082346,0.078086,0.13358,0.096948,0.084888,0.082311,0.086605,0.14189,0.090492,0.094468,0.07102,0.070201,0.077556,0.08363,0.11815,0.11613,0.080913,0.077687,0.10369,0.18932,0.14841,0.084193,0.089375,0.069127,0.10648,0.076236,0.102,0.065506,0.069404,0.069925,0.1133,0.079579,0.25947,0.096951,0.068099,0.062486,0.074997,0.076238,0.086869,0.077886,0.058245,0.079614,0.070497,0.079232,0.085811,0.068496,0.093867,0.074174,0.088518,0.099464,0.09227,0.095033,0.11292,0.095778,0.13078,0.10151,0.074089,0.12228,0.10157,0.077999,0.082374,0.068862,0.094211,0.092085,0.13334,0.083119,0.076476,0.093906,0.095152,0.08237,0.082794,0.073552,0.071799,0.068761
0.10265,0.091383,0.047393,0.057857,0.060286,0.097275,0.079578,0.12585,0.079958,0.079711,0.07273,0.10068,0,0.040934,0.078409,0.081655,0.21187,0.070071,0.077922,0.087369,0.09708,0.081471,0.11826,0.095098,0.085064,0.085276,0.075667,0.095688,0.07039,0.080649,0.065331,0.09155,0.085944,0.06497,0.06701,0.060591,0.12443,0.073667,0.1305,0.058907,0.060366,0.063788,0.076367,0.053056,0.055757,0.066135,0.074867,0.09116,0.05611,0.070574,0.094881,0.11802,0.076354,0.11184,0.069181,0.090175,0.14507,0.065331,0.058719,0.10819,0.074397,0.14576,0.070889,0.061471,0.085711,0.076927,0.11379,0.061204,0.10256,0.055759,0.063906,0.10981,0.12395,0.11414,0.065648,0.081017,0.11356,0.059453,0.059944,0.075635,0.063764,0.11837,0.074407,0.10332,0.065255,0.066883,0.077871,0.09174,0.083133,0.076919,0.1191,0.057435,0.070753,0.079694,0.085727,0.084407,0.061343,0.069995,0.079556,0.082895,0.092238,0.10329,0.076677,0.079498,0.076553,0.11711,0.057112,0.068321,0.064081,0.06926,0.13417,0.076612,0.10074,0.049638,0.077161,0.090665,0.082401,0.074416,0.10461,0.051287,0.072043,0.12378,0.078629,0.12194,0.079971,0.074332,0.055425,0.054809,0.12244,0.074878,0.073279,0.098412,0.076214,0.10369,0.073046,0.066223,0.081071,0.076644,0.049227,0.074059,0.080455,0.10052,0.11035,0.070233,0.096153,0.12485,0.12246,0.060579,0.075713,0.067705,0.094522,0.074471,0.129,0.076113,0.075408,0.052626,0.11174,0.059292,0.21326,0.052795,0.061726,0.078489,0.064745,0.093637,0.075882,0.1023,0.059446,0.059818,0.066117,0.069225,0.069165,0.078777,0.061806,0.07533,0.070628,0.068178,0.13272,0.10037,0.15716,0.050942,0.11792,0.1019,0.07191,0.1049,0.074744,0.063373,0.061683,0.069464,0.067236,0.080958,0.13126,0.076381,0.086327,0.10739,0.089612,0.063842,0.091348,0.055952,0.061556,0.07588
0.10572,0.078122,0.055535,0.047468,0.050558,0.087217,0.078194,0.10825,0.070955,0.070348,0.059809,0.08195,0.040934,0,0.070898,0.062835,0.19586,0.065567,0.055617,0.068502,0.089425,0.068663,0.11272,0.083063,0.075933,0.058453,0.067879,0.084343,0.054371,0.072961,0.057041,0.088666,0.076782,0.051398,0.065064,0.054245,0.12712,0.05298,0.11718,0.035381,0.040505,0.052723,0.055819,0.052641,0.047449,0.054129,0.068035,0.085865,0.044439,0.061712,0.083261,0.094394,0.076264,0.090657,0.074083,0.075182,0.13251,0.057041,0.046896,0.091908,0.06948,0.14098,0.058317,0.049575,0.072932,0.061961,0.10417,0.044877,0.082334,0.038067,0.047911,0.099213,0.11952,0.092304,0.053947,0.071232,0.097424,0.049604,0.062101,0.072675,0.056307,0.099058,0.062484,0.093793,0.060076,0.053269,0.065215,0.07585,0.071507,0.073521,0.11531,0.045999,0.05386,0.060785,0.084897,0.074732,0.058173,0.056103,0.068802,0.062102,0.06482,0.10517,0.060619,0.089141,0.054946,0.10464,0.045492,0.055363,0.053427,0.056061,0.13038,0.074973,0.093427,0.056389,0.054435,0.072744,0.066362,0.055704,0.089746,0.041186,0.06102,0.10654,0.06173,0.10285,0.062584,0.069768,0.052174,0.043969,0.11883,0.059135,0.051091,0.094097,0.063149,0.10186,0.049354,0.061968,0.06508,0.07473,0.038061,0.062661,0.080696,0.097517,0.096114,0.05962,0.089978,0.13364,0.1286,0.057293,0.06751,0.053401,0.082011,0.059243,0.11449,0.052136,0.051413,0.044086,0.095772,0.05342,0.21977,0.047989,0.041295,0.065543,0.047647,0.080354,0.067927,0.091197,0.041812,0.047946,0.045888,0.058639,0.055424,0.058349,0.056586,0.066122,0.057028,0.059733,0.11651,0.083808,0.1419,0.044134,0.11181,0.08296,0.061906,0.10667,0.073437,0.05049,0.044893,0.055261,0.055979,0.071821,0.12458,0.064506,0.069919,0.083109,0.082038,0.049668,0.07774,0.043462,0.04998,0.055278
0.10204,0.075776,0.090509,0.074586,0.07626,0.1049,0.093548,0.14683,0.059805,0.074676,0.07544,0.1005,0.078409,0.070898,0,0.076521,0.20307,0.08287,0.073229,0.096648,0.072919,0.091174,0.10379,0.09363,0.076724,0.086319,0.071972,0.10533,0.07203,0.08548,0.083538,0.10498,0.10289,0.072024,0.062436,0.072775,0.1268,0.06981,0.10746,0.07573,0.077278,0.072659,0.075182,0.067302,0.073307,0.077654,0.086017,0.11094,0.062498,0.091418,0.10223,0.098501,0.087958,0.088408,0.10569,0.08534,0.15291,0.083538,0.077643,0.12124,0.092009,0.15339,0.073214,0.081327,0.10258,0.075962,0.11813,0.077288,0.091583,0.08129,0.068443,0.080931,0.12361,0.10105,0.086832,0.098662,0.087912,0.072772,0.08545,0.076208,0.081547,0.11879,0.07417,0.12655,0.067276,0.091978,0.066581,0.098672,0.089807,0.094138,0.11609,0.067312,0.072776,0.093419,0.10092,0.099894,0.076968,0.081556,0.054403,0.063978,0.094677,0.10237,0.082587,0.095371,0.058801,0.10614,0.069508,0.063543,0.057296,0.058967,0.13371,0.10021,0.092538,0.071632,0.082225,0.097735,0.096206,0.075161,0.098046,0.070083,0.098233,0.1176,0.06931,0.1249,0.070973,0.074915,0.068034,0.071751,0.13375,0.071077,0.069871,0.097192,0.087385,0.10097,0.081463,0.035348,0.074707,0.09968,0.067922,0.082581,0.089007,0.1005,0.10948,0.077757,0.10041,0.16635,0.13891,0.067294,0.097306,0.078174,0.10562,0.064677,0.12041,0.067049,0.079849,0.06882,0.12611,0.080747,0.19997,0.06423,0.064416,0.097838,0.070376,0.10549,0.060492,0.095258,0.076148,0.083925,0.075173,0.055194,0.074587,0.08507,0.070448,0.086677,0.10782,0.086125,0.11511,0.08894,0.12682,0.099208,0.091377,0.094021,0.078862,0.079883,0.10544,0.089846,0.064311,0.076592,0.081216,0.092515,0.10977,0.059449,0.085142,0.0968,0.095175,0.087321,0.071291,0.061266,0.080288,0.090947
0.09297,0.088317,0.084542,0.0606,0.064903,0.094098,0.088828,0.11451,0.063185,0.05881,0.074001,0.081522,0.081655,0.062835,0.076521,0,0.19144,0.084566,0.047069,0.076521,0.10509,0.075186,0.13537,0.06135,0.080537,0.06314,0.059044,0.091825,0.05586,0.076784,0.044725,0.092839,0.076993,0.05121,0.063839,0.05895,0.12902,0.050236,0.10088,0.061834,0.061724,0.059147,0.039651,0.075797,0.062858,0.061218,0.07563,0.070304,0.05682,0.085604,0.093827,0.098068,0.073633,0.090207,0.11133,0.054692,0.12399,0.044725,0.055602,0.11984,0.081704,0.11979,0.050856,0.059223,0.084593,0.065596,0.093498,0.071414,0.076386,0.064062,0.06191,0.097856,0.11033,0.083156,0.073655,0.090254,0.090302,0.062175,0.082612,0.057965,0.078333,0.12548,0.077833,0.089939,0.069492,0.069728,0.08547,0.05953,0.067874,0.086835,0.10259,0.051007,0.059624,0.077006,0.074766,0.09443,0.045458,0.052639,0.062284,0.070108,0.073773,0.097627,0.063437,0.095425,0.065576,0.10912,0.059697,0.054262,0.05688,0.059757,0.13689,0.081254,0.086833,0.071267,0.056624,0.077689,0.060011,0.07252,0.064019,0.045556,0.068449,0.10068,0.071719,0.094538,0.072488,0.057497,0.052273,0.053014,0.11117,0.059897,0.062664,0.10649,0.063233,0.11929,0.050901,0.079579,0.065657,0.089034,0.055131,0.068637,0.079331,0.073764,0.083916,0.075679,0.095273,0.14585,0.10579,0.054353,0.092954,0.055418,0.10112,0.052946,0.10492,0.064249,0.072006,0.052051,0.091493,0.059655,0.23184,0.049549,0.053067,0.072951,0.044901,0.091508,0.084816,0.092722,0.062662,0.057529,0.048584,0.057708,0.074738,0.061172,0.061043,0.067688,0.087434,0.070333,0.11831,0.082218,0.12972,0.072396,0.092014,0.096282,0.0827,0.096158,0.10528,0.067009,0.042071,0.042438,0.062013,0.061264,0.11518,0.067385,0.079403,0.083993,0.096937,0.066496,0.066079,0.055874,0.071847,0.07169
0.20526,0.20624,0.218,0.1942,0.19456,0.19578,0.18936,0.23395,0.18789,0.20365,0.19433,0.18435,0.21187,0.19586,0.20307,0.19144,0,0.20162,0.19626,0.18583,0.21501,0.18831,0.21477,0.19639,0.19307,0.20609,0.1871,0.20725,0.19561,0.18742,0.19354,0.20296,0.18744,0.18348,0.21213,0.21699,0.21973,0.19298,0.18752,0.17763,0.21038,0.21168,0.19263,0.19661,0.19712,0.19462,0.20706,0.20607,0.20113,0.19158,0.22359,0.22851,0.21518,0.207,0.21645,0.1931,0.21875,0.19354,0.18254,0.20294,0.1969,0.22498,0.20398,0.20721,0.18046,0.19541,0.22043,0.20367,0.18484,0.19681,0.19473,0.21901,0.23662,0.211,0.20309,0.19791,0.2209,0.18181,0.20839,0.19501,0.21667,0.21674,0.2178,0.21133,0.19321,0.2126,0.2031,0.2005,0.19465,0.20276,0.21363,0.19571,0.19984,0.2103,0.21297,0.21182,0.19525,0.18358,0.19368,0.1965,0.18455,0.22135,0.17588,0.21275,0.20468,0.20089,0.19317,0.19401,0.19594,0.20331,0.2169,0.23278,0.20231,0.19722,0.19719,0.18431,0.20421,0.19247,0.18618,0.20083,0.19914,0.19284,0.19386,0.2258,0.19697,0.18891,0.19046,0.20584,0.24761,0.20328,0.18678,0.22337,0.18057,0.248,0.20226,0.20404,0.1958,0.20134,0.20785,0.20685,0.20074,0.2034,0.19698,0.20463,0.21252,0.25273,0.22574,0.19956,0.20977,0.18808,0.20223,0.20494,0.19473,0.1926,0.19638,0.18641,0.19848,0.19873,0.34363,0.20627,0.19303,0.19816,0.19971,0.20535,0.21342,0.22775,0.18683,0.18979,0.20309,0.17919,0.19745,0.18157,0.20909,0.1992,0.20415,0.19924,0.21277,0.21639,0.2186,0.2139,0.20767,0.19029,0.20619,0.21546,0.20777,0.19944,0.19489,0.18853,0.21313,0.20232,0.22808,0.20738,0.20328,0.20307,0.2121,0.20599,0.19213,0.18936,0.20063,0.19786
0.11981,0.082537,0.076147,0.063535,0.05832,0.098741,0.10614,0.13649,0.081314,0.062954,0.073426,0.071237,0.070071,0.065567,0.08287,0.084566,0.20162,0,0.075722,0.092531,0.090169,0.057062,0.097891,0.10377,0.089494,0.07653,0.073085,0.080982,0.07934,0.097716,0.082275,0.064441,0.08589,0.072859,0.07765,0.078912,0.14387,0.082948,0.1207,0.061374,0.070862,0.081724,0.0851,0.075675,0.06664,0.055681,0.077124,0.1001,0.07559,0.076256,0.096109,0.1188,0.078531,0.11218,0.090415,0.081717,0.14808,0.082275,0.081071,0.095849,0.066637,0.16309,0.091312,0.079433,0.069159,0.085338,0.098134,0.057169,0.087773,0.075225,0.080414,0.1181,0.13063,0.096488,0.074397,0.080541,0.10548,0.07706,0.078207,0.085597,0.055702,0.09789,0.068861,0.1333,0.062155,0.082074,0.070044,0.087679,0.08542,0.086568,0.10803,0.072112,0.090113,0.078457,0.091011,0.070307,0.082573,0.073814,0.095398,0.06492,0.085123,0.11452,0.081974,0.1093,0.088557,0.10598,0.06474,0.071308,0.06781,0.078815,0.13259,0.089908,0.10515,0.065948,0.083542,0.076307,0.088028,0.077211,0.10201,0.067647,0.076418,0.098086,0.089564,0.11674,0.063535,0.097002,0.06228,0.060568,0.13818,0.08518,0.085645,0.086486,0.071737,0.12369,0.088646,0.072399,0.086722,0.060922,0.065298,0.073936,0.10464,0.11623,0.09759,0.07705,0.10525,0.16987,0.14948,0.077568,0.066225,0.063864,0.079673,0.066543,0.11797,0.066806,0.08123,0.063264,0.11166,0.068732,0.24316,0.078038,0.070514,0.074471,0.076636,0.079695,0.080691,0.079933,0.059912,0.074245,0.073245,0.077789,0.073276,0.063881,0.076705,0.076768,0.076666,0.080009,0.10445,0.094207,0.14949,0.080284,0.12669,0.11422,0.035473,0.11945,0.069918,0.072651,0.076772,0.061244,0.076522,0.091874,0.14004,0.070912,0.082359,0.10715,0.10554,0.071962,0.077376,0.06073,0.071266,0.067818
0.11151,0.075537,0.069017,0.049525,0.063878,0.081737,0.077762,0.11175,0.052138,0.059779,0.070136,0.067896,0.077922,0.055617,0.073229,0.047069,0.19626,0.075722,0,0.077007,0.092843,0.070589,0.12942,0.083103,0.077723,0.063635,0.049125,0.08199,0.056973,0.060849,0.050062,0.09164,0.075083,0.052813,0.055935,0.061479,0.12713,0.050426,0.10411,0.051436,0.039754,0.049014,0.042433,0.062594,0.05117,0.057102,0.059599,0.077261,0.05522,0.081455,0.079884,0.09329,0.075155,0.073397,0.091418,0.056218,0.12109,0.050062,0.063607,0.10997,0.071487,0.13873,0.051479,0.061303,0.089169,0.077087,0.098425,0.064806,0.064967,0.055572,0.052415,0.097194,0.093818,0.075932,0.06805,0.090217,0.077402,0.07337,0.065127,0.0598,0.072654,0.12395,0.075567,0.091418,0.056969,0.072972,0.071759,0.070572,0.082906,0.091709,0.1046,0.05036,0.056002,0.082029,0.08779,0.081093,0.050424,0.059979,0.056658,0.061196,0.064013,0.08887,0.071277,0.085091,0.054268,0.10785,0.052208,0.061776,0.050758,0.050035,0.13841,0.074855,0.085344,0.068135,0.07077,0.082055,0.061212,0.075738,0.080447,0.038728,0.079067,0.093446,0.072902,0.088173,0.048473,0.053189,0.053384,0.046892,0.11398,0.069751,0.054893,0.08784,0.06465,0.1273,0.048152,0.069221,0.060104,0.073745,0.050619,0.058168,0.076988,0.099919,0.078509,0.071794,0.086672,0.15777,0.12742,0.048068,0.075001,0.053521,0.098773,0.05241,0.1079,0.051549,0.055259,0.054276,0.10522,0.047262,0.23387,0.051253,0.053321,0.066532,0.04603,0.088187,0.06714,0.091048,0.055997,0.052701,0.038054,0.060402,0.063184,0.050939,0.062064,0.072449,0.073445,0.063988,0.10936,0.072294,0.12535,0.076779,0.099395,0.085617,0.072664,0.097118,0.090819,0.059147,0.03908,0.047037,0.069874,0.071163,0.11016,0.064505,0.077558,0.086775,0.086096,0.048872,0.066103,0.055231,0.062893,0.057308
0.098683,0.077599,0.089806,0.071495,0.066236,0.078471,0.10638,0.10623,0.084991,0.08759,0.079148,0.081881,0.087369,0.068502,0.096648,0.076521,0.18583,0.092531,0.077007,0,0.097857,0.071731,0.11719,0.071733,0.091559,0.070906,0.078177,0.11129,0.054794,0.085197,0.088069,0.10714,0.094782,0.069532,0.091999,0.075753,0.14448,0.059065,0.11224,0.072656,0.076671,0.080349,0.073433,0.087502,0.069581,0.071116,0.093638,0.11458,0.085771,0.05964,0.082025,0.089411,0.089582,0.10941,0.11805,0.09604,0.11094,0.088069,0.070517,0.12541,0.089747,0.13115,0.077455,0.068849,0.070236,0.064969,0.10248,0.07237,0.074428,0.073528,0.069653,0.095892,0.1125,0.060507,0.056704,0.077473,0.089946,0.065488,0.096161,0.09839,0.096968,0.11717,0.088019,0.10305,0.083547,0.092202,0.10016,0.068686,0.072848,0.087016,0.10951,0.087656,0.073819,0.081536,0.10475,0.10009,0.090018,0.081949,0.089707,0.078091,0.08764,0.11221,0.075175,0.11706,0.07738,0.11059,0.070023,0.078163,0.078022,0.095169,0.12122,0.10997,0.10297,0.10075,0.063312,0.086773,0.086801,0.064229,0.092986,0.073847,0.084527,0.09106,0.058633,0.075921,0.085011,0.083925,0.086404,0.078683,0.10944,0.08006,0.082779,0.10893,0.094782,0.11344,0.079273,0.089182,0.067509,0.080593,0.073482,0.087039,0.089891,0.087029,0.092865,0.063051,0.092402,0.16356,0.12041,0.090013,0.090704,0.075302,0.099745,0.069166,0.10063,0.079409,0.075866,0.067332,0.10172,0.078766,0.22671,0.081545,0.073189,0.060808,0.074186,0.093106,0.075908,0.090828,0.072475,0.07429,0.064156,0.0691,0.075089,0.082164,0.066576,0.079365,0.091127,0.087655,0.12252,0.10242,0.11491,0.07596,0.12392,0.072706,0.093974,0.12801,0.096912,0.062952,0.063474,0.075221,0.065211,0.075752,0.11515,0.090572,0.078547,0.088224,0.064084,0.087865,0.097825,0.066874,0.070092,0.074643
0.13141,0.059113,0.10686,0.089709,0.099308,0.1135,0.11649,0.15665,0.082794,0.08399,0.087947,0.093197,0.09708,0.089425,0.072919,0.10509,0.21501,0.090169,0.092843,0.097857,0,0.096394,0.093224,0.11848,0.099148,0.0915,0.088601,0.10734,0.093396,0.11663,0.10859,0.11508,0.12605,0.098889,0.086147,0.079587,0.13446,0.080382,0.1151,0.089888,0.086204,0.089656,0.094787,0.096167,0.085876,0.081002,0.09609,0.12941,0.096524,0.10313,0.10224,0.10482,0.11096,0.1024,0.11175,0.096996,0.14261,0.10859,0.10462,0.136,0.10177,0.18425,0.089193,0.083494,0.1112,0.096664,0.11101,0.084424,0.090559,0.10374,0.08831,0.10845,0.1167,0.089055,0.093017,0.099893,0.081866,0.097377,0.093954,0.10878,0.090672,0.12694,0.087545,0.14022,0.086145,0.10636,0.093031,0.10591,0.11588,0.099198,0.1124,0.096089,0.095659,0.1058,0.10458,0.10194,0.10385,0.10411,0.10206,0.077257,0.1026,0.11243,0.090524,0.12774,0.074449,0.10638,0.089789,0.087351,0.080964,0.086722,0.14726,0.12819,0.12569,0.1011,0.097801,0.11904,0.11787,0.094749,0.12086,0.093972,0.11941,0.10816,0.082517,0.1187,0.076761,0.11011,0.091624,0.094943,0.14225,0.099412,0.09696,0.10902,0.10091,0.10838,0.10611,0.069782,0.083449,0.10115,0.091283,0.10489,0.11145,0.12716,0.11624,0.086321,0.079942,0.19516,0.16862,0.09249,0.10727,0.088601,0.10171,0.075504,0.12002,0.082069,0.082493,0.08595,0.13775,0.10102,0.20499,0.096554,0.077689,0.10241,0.082388,0.10652,0.060762,0.094001,0.080041,0.097321,0.090831,0.087213,0.095716,0.092972,0.094021,0.095992,0.10854,0.10452,0.10606,0.10505,0.12923,0.11547,0.11409,0.10476,0.084116,0.12138,0.11164,0.0952,0.084445,0.097184,0.10034,0.10697,0.12944,0.087936,0.081043,0.10487,0.098009,0.10428,0.10077,0.084899,0.093691,0.10412
0.10577,0.075186,0.072046,0.063207,0.044384,0.089737,0.10647,0.11551,0.076718,0.069155,0.083922,0.061002,0.081471,0.068663,0.091174,0.075186,0.18831,0.057062,0.070589,0.071731,0.096394,0,0.11033,0.084687,0.10188,0.069448,0.075622,0.095722,0.064354,0.090335,0.075034,0.053305,0.069143,0.053058,0.079206,0.071521,0.1244,0.06545,0.11833,0.065181,0.065244,0.081481,0.074707,0.073516,0.057358,0.049344,0.077214,0.095884,0.077412,0.051602,0.077931,0.10645,0.072302,0.11473,0.10165,0.082244,0.13297,0.075034,0.066798,0.10631,0.075559,0.13803,0.082078,0.079566,0.054954,0.071732,0.090475,0.054384,0.069586,0.067833,0.076191,0.10807,0.11898,0.075303,0.059121,0.060749,0.1049,0.073585,0.074106,0.080231,0.063908,0.096488,0.078766,0.12334,0.067303,0.073941,0.080687,0.064352,0.068564,0.07541,0.11839,0.07397,0.077301,0.072445,0.076066,0.072858,0.079251,0.07447,0.092134,0.070018,0.085703,0.11833,0.069306,0.10996,0.087424,0.085794,0.055035,0.077558,0.078808,0.075998,0.11419,0.084355,0.082783,0.076154,0.059602,0.053014,0.079715,0.07675,0.089124,0.064144,0.063204,0.085571,0.073464,0.10729,0.063165,0.086524,0.073612,0.06312,0.12793,0.084931,0.071118,0.089179,0.064058,0.1294,0.085979,0.084775,0.081409,0.040278,0.060804,0.064798,0.10577,0.097013,0.080872,0.059105,0.090362,0.15104,0.12503,0.084443,0.075663,0.059788,0.086229,0.074369,0.11199,0.069063,0.072388,0.062392,0.10857,0.056357,0.25259,0.075021,0.071926,0.062521,0.068412,0.070599,0.089311,0.080514,0.048618,0.062872,0.066999,0.074406,0.080299,0.05116,0.070817,0.055216,0.083072,0.076978,0.10987,0.07511,0.13749,0.072095,0.12051,0.10355,0.057623,0.10943,0.081439,0.057224,0.072607,0.068879,0.0721,0.07787,0.11638,0.080497,0.068811,0.092957,0.085012,0.065465,0.084645,0.064576,0.058261,0.062766
0.1481,0.089858,0.13366,0.12588,0.10079,0.10568,0.15615,0.17067,0.1275,0.11176,0.10982,0.11463,0.11826,0.11272,0.10379,0.13537,0.21477,0.097891,0.12942,0.11719,0.093224,0.11033,0,0.13871,0.104,0.11244,0.12292,0.139,0.12058,0.14363,0.14669,0.1227,0.14167,0.12068,0.12131,0.11995,0.14622,0.1157,0.13943,0.10808,0.1236,0.12125,0.13745,0.12209,0.12202,0.10644,0.11953,0.17018,0.12788,0.1078,0.11911,0.12536,0.14107,0.14278,0.14934,0.1348,0.1744,0.14669,0.13211,0.11548,0.11524,0.19862,0.13336,0.11617,0.10255,0.11181,0.15101,0.099374,0.1178,0.13103,0.1193,0.1338,0.16287,0.12779,0.12291,0.11576,0.12249,0.11713,0.13317,0.15031,0.11247,0.091563,0.10914,0.17631,0.11618,0.14286,0.10977,0.11969,0.11247,0.10597,0.14129,0.13004,0.12986,0.10921,0.129,0.10439,0.14414,0.12984,0.13708,0.093494,0.13345,0.14278,0.11421,0.16168,0.11178,0.11167,0.11845,0.11587,0.096716,0.11971,0.14776,0.14339,0.13454,0.12546,0.12168,0.12337,0.14904,0.097852,0.15208,0.1235,0.1268,0.11707,0.11114,0.14445,0.11183,0.14023,0.11734,0.11144,0.17361,0.12197,0.12345,0.1258,0.12715,0.11511,0.13552,0.09811,0.11888,0.11925,0.11822,0.12658,0.15902,0.14444,0.14697,0.094662,0.13053,0.2106,0.18583,0.13304,0.12029,0.12402,0.089772,0.1044,0.13783,0.097792,0.11064,0.11072,0.15106,0.13278,0.2082,0.12546,0.106,0.11443,0.11305,0.11245,0.096014,0.11197,0.11027,0.13134,0.12187,0.12313,0.11364,0.12253,0.10712,0.11547,0.12558,0.14245,0.10782,0.13608,0.14703,0.13381,0.16453,0.11251,0.10881,0.15008,0.12715,0.12187,0.12232,0.11913,0.11298,0.1427,0.14311,0.11115,0.10741,0.10562,0.10399,0.12422,0.11336,0.11202,0.11127,0.11835
