0,0.11386,0.10649,0.10248,0.0925,0.11461,0.16049,0.12352,0.14499,0.11752,0.095351,0.11911,0.11112,0.09351,0.10551,0.099294,0.16488,0.12561,0.12381,0.085392,0.14873,0.12035,0.13136,0.050332,0.11618,0.10639,0.11258,0.11132,0.08866,0.11336,0.11359,0.12458,0.10638,0.10913,0.10481,0.1119,0.20145,0.09687,0.10929,0.11268,0.11708,0.1129,0.10546,0.10905,0.10256,0.11847,0.11788,0.13891,0.1479,0.095753,0.12244,0.11775,0.10892,0.1047,0.10642,0.1489,0.16871,0.11481,0.10685,0.14707,0.157,0.10657,0.11493,0.12173,0.11013,0.052807,0.13802,0.11998,0.11771,0.10334,0.097443,0.12554,0.13326,0.092818,0.095845,0.12429,0.092368,0.10211,0.11571,0.12194,0.1357,0.14418,0.10127,0.11076,0.093558,0.116,0.10813,0.11196,0.12066,0.11491,0.16147,0.12327,0.11879,0.11745,0.13294,0.142,0.11058,0.10765,0.10781,0.090092,0.12809,0.12955,0.13369,0.12848,0.11559,0.12873,0.098839,0.10992,0.10368,0.17565,0.15737,0.12119,0.13181,0.14201,0.10449,0.11144,0.11338,0.10209,0.10269,0.10096,0.11114,0.1611,0.10164,0.27187,0.12792,0.11709,0.098425,0.13084,0.14995,0.10378,0.097155,0.12053,0.11616,0.10725,0.11852,0.12117,0.096567,0.12016,0.12028,0.09981,0.092687,0.03893,0.1154,0.10599,0.14091,0.1031,0.10349,0.088826,0.1257,0.12062,0.16907,0.11859,0.12048,0.097747,0.11156,0.13911,0.14501,0.12155,0.128,0.11639,0.098746,0.134,0.10629,0.13315,0.11578,0.11476,0.098907,0.18001,0.1106,0.087284,0.11979,0.11453,0.10683,0.1071,0.16962,0.10722,0.2402,0.13477,0.14389,0.11877,0.11379,0.086744,0.12261,0.75578,0.13324,0.099541,0.10436,0.10969,0.12167,0.15081,0.13242,0.11372,0.10334,0.11188,0.13636,0.12373,0.13012,0.11159,0.10435,0.122
0.11386,0,0.077315,0.072644,0.094918,0.14258,0.12907,0.068867,0.11024,0.054449,0.062887,0.13558,0.053237,0.058131,0.054892,0.049737,0.11784,0.064904,0.072006,0.099169,0.15471,0.081229,0.11086,0.11806,0.085451,0.042093,0.065626,0.067664,0.11189,0.066634,0.072677,0.056892,0.081393,0.053739,0.053585,0.087835,0.21561,0.056965,0.11135,0.069126,0.052799,0.07772,0.054984,0.048804,0.05385,0.081899,0.07395,0.060978,0.13325,0.07387,0.12115,0.091384,0.068723,0.077847,0.07106,0.097395,0.18678,0.084609,0.082103,0.079479,0.11756,0.12103,0.065324,0.054435,0.060776,0.10056,0.089705,0.064042,0.074398,0.049238,0.061444,0.068978,0.063459,0.085161,0.051248,0.081112,0.061857,0.055813,0.078794,0.061147,0.054495,0.072294,0.086026,0.068013,0.084674,0.067766,0.063906,0.069863,0.058613,0.072091,0.12127,0.073914,0.096838,0.065034,0.095042,0.060639,0.069197,0.070072,0.051524,0.061742,0.088397,0.075045,0.095333,0.081712,0.0595,0.069775,0.05729,0.05401,0.05841,0.16299,0.093259,0.12519,0.074385,0.077387,0.036412,0.050837,0.057696,0.060941,0.091566,0.062277,0.077748,0.12625,0.075454,0.27442,0.071745,0.066127,0.064386,0.081907,0.13942,0.052323,0.052041,0.066676,0.069017,0.076711,0.05383,0.058727,0.12057,0.06373,0.053921,0.053795,0.08101,0.10692,0.061432,0.11364,0.077673,0.063975,0.11666,0.063346,0.075934,0.064494,0.11319,0.062792,0.10969,0.046843,0.061875,0.1018,0.10623,0.080469,0.08564,0.065132,0.040393,0.083737,0.088914,0.070114,0.094131,0.055527,0.06983,0.1224,0.056171,0.070551,0.065241,0.087962,0.074425,0.073975,0.11215,0.071071,0.19734,0.090008,0.20703,0.044011,0.092286,0.12513,0.057942,0.77665,0.093154,0.067595,0.049642,0.055788,0.085691,0.11818,0.18014,0.06655,0.060829,0.12392,0.15142,0.07353,0.073701,0.054131,0.051127,0.044956
0.10649,0.077315,0,0.078898,0.078439,0.12905,0.1448,0.063064,0.11002,0.071029,0.079826,0.14324,0.072324,0.054787,0.063975,0.067082,0.14377,0.083066,0.073332,0.082667,0.13985,0.11248,0.10295,0.11712,0.084419,0.071795,0.082889,0.085382,0.10031,0.077447,0.083554,0.086309,0.11091,0.077728,0.057263,0.11284,0.21627,0.059936,0.10408,0.056834,0.072237,0.061133,0.076753,0.063831,0.064297,0.083258,0.070964,0.092215,0.15877,0.064332,0.11889,0.095069,0.071272,0.068257,0.092933,0.11934,0.19768,0.089482,0.053688,0.08912,0.12239,0.13842,0.076141,0.073394,0.060547,0.10482,0.09996,0.067992,0.086978,0.067594,0.067052,0.063794,0.061526,0.085879,0.063144,0.094246,0.065566,0.075823,0.091997,0.084727,0.085487,0.081819,0.074665,0.073794,0.085499,0.087312,0.069837,0.080676,0.070381,0.07866,0.14631,0.073167,0.081869,0.05979,0.11937,0.088782,0.091751,0.090919,0.075936,0.053536,0.1012,0.099716,0.08829,0.095678,0.079399,0.096261,0.068034,0.062599,0.074148,0.17611,0.11703,0.12171,0.09341,0.086494,0.069468,0.087738,0.079485,0.080526,0.094384,0.066422,0.062573,0.1256,0.061139,0.28245,0.080818,0.082538,0.058262,0.096562,0.12396,0.065968,0.059498,0.076264,0.088709,0.066366,0.075783,0.070745,0.11842,0.091223,0.073389,0.06854,0.10258,0.095421,0.095842,0.1015,0.08725,0.078618,0.12915,0.055766,0.086771,0.081119,0.12107,0.077577,0.10787,0.055183,0.081934,0.10741,0.13698,0.095698,0.076391,0.08536,0.059587,0.090522,0.079049,0.090748,0.078693,0.06811,0.075846,0.11988,0.063901,0.068726,0.081458,0.091353,0.078256,0.059296,0.12118,0.10517,0.19096,0.11698,0.19281,0.070328,0.10449,0.11685,0.0796,0.77904,0.086059,0.065907,0.064532,0.075588,0.098472,0.12049,0.18149,0.070248,0.087377,0.13211,0.13679,0.094401,0.091339,0.055501,0.068525,0.070868
0.10248,0.072644,0.078898,0,0.070755,0.12967,0.11867,0.080664,0.097664,0.081075,0.088764,0.14901,0.081496,0.063846,0.073304,0.072724,0.13158,0.081593,0.063436,0.084254,0.12836,0.11663,0.11149,0.11254,0.093161,0.074485,0.071665,0.090679,0.09913,0.075045,0.094948,0.079201,0.092999,0.078394,0.081761,0.10262,0.22363,0.076362,0.11174,0.097419,0.068603,0.088295,0.078496,0.077025,0.0724,0.11233,0.083717,0.081536,0.1463,0.095222,0.12505,0.10493,0.092474,0.080325,0.093088,0.12049,0.16925,0.095967,0.081456,0.11105,0.14289,0.12887,0.092815,0.079751,0.067027,0.094944,0.11765,0.089765,0.083368,0.078006,0.067699,0.082673,0.085119,0.097787,0.073257,0.10361,0.077722,0.085074,0.10382,0.0934,0.083678,0.095229,0.096984,0.082054,0.092128,0.10379,0.080917,0.077395,0.080767,0.092964,0.15736,0.078767,0.098542,0.077141,0.12968,0.096894,0.099956,0.089663,0.073966,0.061553,0.11511,0.087094,0.11547,0.10652,0.083691,0.088344,0.079483,0.079011,0.08756,0.16349,0.12164,0.12073,0.10277,0.096503,0.068198,0.087043,0.096052,0.089583,0.095053,0.062149,0.079716,0.14605,0.063,0.28469,0.088625,0.087786,0.075916,0.11106,0.13914,0.07466,0.058375,0.086709,0.074551,0.078341,0.074203,0.081042,0.11766,0.086987,0.076691,0.068407,0.085881,0.10221,0.090954,0.10255,0.10825,0.058363,0.11818,0.079696,0.091157,0.091475,0.12225,0.081292,0.11239,0.064798,0.078572,0.11848,0.13076,0.10384,0.093168,0.080983,0.06881,0.098486,0.078324,0.1015,0.084195,0.077784,0.071877,0.12461,0.075424,0.074072,0.086916,0.097269,0.083615,0.088399,0.13313,0.087988,0.18938,0.10888,0.19473,0.068097,0.092154,0.10164,0.08568,0.78158,0.10403,0.078388,0.069906,0.07621,0.1068,0.13066,0.15277,0.090955,0.090687,0.12342,0.12939,0.097819,0.08896,0.070341,0.082422,0.07491
0.0925,0.094918,0.078439,0.070755,0,0.096163,0.12445,0.10075,0.11923,0.10085,0.089517,0.12832,0.093047,0.061885,0.077558,0.077925,0.14049,0.091507,0.091193,0.080752,0.14325,0.10959,0.11626,0.085218,0.099746,0.082205,0.074663,0.089094,0.070955,0.088997,0.087013,0.089397,0.10035,0.091388,0.083255,0.10701,0.20052,0.070897,0.084104,0.092844,0.081435,0.075713,0.08931,0.079891,0.07436,0.10528,0.071893,0.097531,0.15806,0.080693,0.12218,0.095995,0.084478,0.069046,0.088934,0.11454,0.18977,0.083312,0.060771,0.12295,0.14339,0.13355,0.097939,0.083342,0.074175,0.081487,0.12376,0.086311,0.090306,0.083185,0.059637,0.090047,0.09557,0.092416,0.064977,0.10357,0.077854,0.077851,0.092684,0.098128,0.10404,0.11125,0.090477,0.087169,0.070539,0.092055,0.087273,0.089908,0.085994,0.086848,0.1344,0.09442,0.070703,0.080054,0.12579,0.1117,0.086977,0.095699,0.078741,0.066942,0.11454,0.10647,0.095362,0.10941,0.10347,0.097517,0.070392,0.077616,0.077286,0.14707,0.12977,0.1089,0.098041,0.11441,0.079958,0.085875,0.09465,0.092312,0.072275,0.059879,0.064022,0.12106,0.071408,0.2802,0.090201,0.090468,0.068168,0.10416,0.13356,0.072331,0.068236,0.082881,0.087247,0.075448,0.076619,0.086546,0.080497,0.092398,0.082846,0.068503,0.09808,0.086673,0.089545,0.088272,0.12899,0.062769,0.11901,0.071631,0.080015,0.091796,0.12629,0.09743,0.09186,0.068161,0.083033,0.10962,0.13335,0.10898,0.087208,0.094042,0.074661,0.093069,0.076583,0.099383,0.080629,0.08657,0.082096,0.14769,0.079828,0.0707,0.10162,0.10458,0.076515,0.080634,0.13163,0.098281,0.20786,0.10448,0.15437,0.089262,0.085239,0.086173,0.094798,0.77023,0.10826,0.070356,0.077003,0.077498,0.091698,0.14033,0.15622,0.092567,0.097788,0.10388,0.097733,0.10002,0.092471,0.070561,0.074179,0.084389
0.11461,0.14258,0.12905,0.12967,0.096163,0,0.18088,0.15207,0.1677,0.14276,0.11931,0.14999,0.14071,0.12051,0.13671,0.12398,0.17703,0.15508,0.14148,0.11076,0.16661,0.1612,0.179,0.087872,0.14732,0.13473,0.12655,0.12554,0.092842,0.14238,0.13559,0.14722,0.143,0.14856,0.12683,0.15189,0.2204,0.10604,0.079605,0.12932,0.13911,0.11834,0.13977,0.13134,0.13156,0.15513,0.10199,0.15418,0.17444,0.1207,0.13102,0.13262,0.12808,0.11133,0.14362,0.16826,0.21462,0.13599,0.11381,0.18336,0.17284,0.13676,0.13125,0.14994,0.13705,0.10883,0.17411,0.13466,0.1379,0.13574,0.12143,0.15372,0.14972,0.11559,0.12165,0.14796,0.13051,0.12381,0.13467,0.14106,0.15429,0.17258,0.13384,0.13242,0.1053,0.13303,0.13764,0.12235,0.1381,0.13773,0.18197,0.16155,0.10794,0.14131,0.17492,0.15713,0.13257,0.13375,0.12652,0.11757,0.16129,0.15384,0.12887,0.15047,0.15956,0.14408,0.12874,0.12446,0.12586,0.13477,0.16776,0.16708,0.13951,0.16775,0.13168,0.13506,0.14202,0.13289,0.12065,0.11443,0.11487,0.17905,0.11462,0.25593,0.13523,0.14288,0.12253,0.16133,0.17712,0.12501,0.11961,0.14521,0.14095,0.12368,0.1301,0.13398,0.081295,0.14601,0.13712,0.11851,0.13148,0.11837,0.12268,0.10815,0.18208,0.12081,0.12242,0.10991,0.12636,0.13301,0.18416,0.12897,0.12306,0.11505,0.12331,0.16066,0.16518,0.16301,0.14847,0.14365,0.12024,0.14966,0.10526,0.14533,0.13961,0.14797,0.12936,0.17709,0.14105,0.12443,0.14956,0.14961,0.12438,0.13021,0.17919,0.13548,0.24515,0.15122,0.10987,0.14608,0.12963,0.10419,0.15323,0.78349,0.16396,0.1302,0.13332,0.14048,0.14746,0.16297,0.1577,0.13653,0.13466,0.10293,0.093655,0.1431,0.13663,0.13054,0.125,0.14006
0.16049,0.12907,0.1448,0.11867,0.12445,0.18088,0,0.13855,0.16689,0.14066,0.15419,0.18848,0.14016,0.13401,0.14014,0.14071,0.14636,0.13801,0.14015,0.14205,0.17431,0.15246,0.15511,0.16412,0.15535,0.12804,0.1287,0.13188,0.15555,0.13003,0.11586,0.13083,0.12274,0.12645,0.13073,0.16945,0.22877,0.13683,0.15959,0.14194,0.11238,0.1475,0.13247,0.12505,0.11747,0.15394,0.12521,0.13252,0.18809,0.1294,0.17086,0.15983,0.13236,0.13593,0.13851,0.15529,0.21438,0.11514,0.1364,0.16387,0.19267,0.14918,0.12071,0.12384,0.13696,0.14559,0.14827,0.13785,0.11495,0.1221,0.11726,0.13748,0.12709,0.1617,0.11676,0.14525,0.13335,0.14105,0.13256,0.13817,0.13469,0.1433,0.15273,0.12605,0.14007,0.13743,0.1582,0.14128,0.12893,0.13156,0.16313,0.13506,0.16946,0.13232,0.14838,0.14437,0.1187,0.13575,0.12242,0.13187,0.14451,0.14372,0.15465,0.13411,0.12179,0.13189,0.12178,0.12597,0.13547,0.21071,0.15896,0.1449,0.11095,0.15274,0.12838,0.12026,0.15165,0.14791,0.14804,0.11763,0.1249,0.15395,0.14873,0.31529,0.13981,0.1238,0.13263,0.13093,0.15969,0.129,0.12426,0.12378,0.14567,0.14294,0.11973,0.14877,0.15671,0.12348,0.12935,0.12098,0.15132,0.15287,0.12217,0.16427,0.16887,0.12665,0.14172,0.14946,0.13672,0.13615,0.15706,0.14839,0.14523,0.13339,0.14179,0.15796,0.17902,0.12982,0.13977,0.12882,0.13824,0.1509,0.16427,0.12792,0.144,0.12179,0.14925,0.16386,0.1187,0.14028,0.15516,0.13993,0.12437,0.13089,0.16938,0.1188,0.23299,0.14079,0.24064,0.1294,0.16748,0.14939,0.13848,0.77289,0.14845,0.11831,0.12571,0.11217,0.12644,0.1408,0.21804,0.15748,0.14409,0.17285,0.16072,0.1367,0.11247,0.12065,0.13275,0.12567
0.12352,0.068867,0.063064,0.080664,0.10075,0.15207,0.13855,0,0.11049,0.069822,0.085399,0.14641,0.06127,0.073791,0.07679,0.08025,0.1381,0.063537,0.065905,0.097186,0.14714,0.11307,0.10517,0.13805,0.095315,0.070634,0.089161,0.093127,0.13022,0.073963,0.088345,0.071546,0.09859,0.08967,0.070676,0.1179,0.22158,0.080011,0.12825,0.079509,0.077562,0.08341,0.084033,0.062884,0.069503,0.10071,0.087379,0.088453,0.15472,0.085591,0.11605,0.11014,0.078219,0.079146,0.10673,0.12194,0.18852,0.10057,0.092779,0.086738,0.13398,0.13448,0.081047,0.076738,0.071761,0.11904,0.10946,0.083462,0.088438,0.069087,0.082202,0.06375,0.061531,0.10914,0.0763,0.105,0.063897,0.088199,0.09978,0.096816,0.076145,0.078953,0.092543,0.071269,0.10569,0.093424,0.071991,0.072517,0.074583,0.090162,0.15488,0.074706,0.09424,0.074475,0.12237,0.095629,0.095755,0.1022,0.068412,0.067979,0.1092,0.087201,0.095182,0.10148,0.075805,0.093692,0.078417,0.067153,0.083462,0.17475,0.12393,0.13229,0.088124,0.093405,0.07303,0.090758,0.082959,0.081907,0.10791,0.07321,0.083595,0.11604,0.081531,0.29304,0.085421,0.076284,0.073196,0.10241,0.13366,0.073376,0.066398,0.069355,0.087794,0.090999,0.076638,0.085148,0.1445,0.073465,0.073404,0.075497,0.10596,0.11766,0.082225,0.10994,0.08058,0.078592,0.12844,0.078379,0.10221,0.083834,0.11292,0.075733,0.13201,0.070207,0.088392,0.099621,0.1515,0.10256,0.075413,0.082394,0.071135,0.081039,0.103,0.080939,0.086265,0.069345,0.075706,0.12241,0.066683,0.086607,0.06933,0.084303,0.088355,0.071651,0.12264,0.10218,0.20067,0.12628,0.22137,0.062391,0.11169,0.13515,0.054227,0.77404,0.097427,0.084001,0.068429,0.078194,0.099579,0.12316,0.19002,0.085261,0.084231,0.14473,0.16169,0.095284,0.092633,0.066677,0.083042,0.070713
0.14499,0.11024,0.11002,0.097664,0.11923,0.1677,0.16689,0.11049,0,0.1079,0.12206,0.16536,0.092453,0.097497,0.1001,0.10157,0.17798,0.10462,0.091043,0.11311,0.12814,0.13283,0.12262,0.15038,0.10789,0.10136,0.099316,0.11771,0.12838,0.07937,0.098191,0.093178,0.12447,0.093055,0.096159,0.10811,0.23636,0.11224,0.14329,0.11444,0.093104,0.12038,0.097094,0.088134,0.092598,0.11486,0.11774,0.081224,0.15134,0.10621,0.13144,0.11678,0.12548,0.11207,0.1257,0.12828,0.17632,0.10199,0.10727,0.13275,0.14697,0.15435,0.1119,0.09613,0.10423,0.13182,0.12664,0.098869,0.1039,0.10574,0.10138,0.089289,0.094475,0.13503,0.10484,0.091795,0.092786,0.10634,0.11191,0.10106,0.10834,0.12964,0.098451,0.087985,0.10724,0.12605,0.081817,0.10398,0.087463,0.11045,0.16612,0.078423,0.12941,0.089583,0.13927,0.096152,0.11043,0.11197,0.10016,0.088479,0.12035,0.11295,0.1321,0.1056,0.093596,0.12329,0.11196,0.097724,0.11568,0.16034,0.13208,0.13903,0.12604,0.083522,0.11333,0.10918,0.096795,0.12779,0.11589,0.092138,0.10116,0.14332,0.083422,0.31432,0.11022,0.090428,0.10711,0.12283,0.12685,0.10252,0.093366,0.099862,0.090467,0.10925,0.091428,0.10202,0.15385,0.10346,0.09809,0.096029,0.080783,0.1399,0.12193,0.13932,0.11828,0.11869,0.13901,0.097672,0.096495,0.093726,0.1358,0.090174,0.12673,0.10698,0.10215,0.13106,0.15614,0.11582,0.095679,0.09854,0.10802,0.12102,0.097272,0.11803,0.10719,0.11279,0.092324,0.12604,0.10209,0.092237,0.096718,0.12223,0.10853,0.11534,0.10102,0.11778,0.20438,0.15045,0.21765,0.085451,0.12469,0.12713,0.11296,0.77303,0.1039,0.10036,0.088121,0.092661,0.1243,0.14713,0.15389,0.099319,0.11266,0.1563,0.1595,0.1102,0.13929,0.10459,0.11486,0.094021
0.11752,0.054449,0.071029,0.081075,0.10085,0.14276,0.14066,0.069822,0.1079,0,0.087168,0.14604,0.069738,0.059805,0.05486,0.05046,0.12465,0.081714,0.078037,0.10093,0.1548,0.09355,0.11233,0.12777,0.087688,0.056196,0.071033,0.082083,0.12262,0.075572,0.084124,0.070781,0.087451,0.060851,0.057421,0.11314,0.21863,0.066199,0.11957,0.067587,0.063829,0.073817,0.057878,0.051238,0.057389,0.080403,0.07923,0.075846,0.1457,0.071496,0.12737,0.099293,0.07105,0.076571,0.085312,0.12863,0.19108,0.089505,0.083342,0.093767,0.13305,0.13663,0.059652,0.067124,0.062278,0.10969,0.076203,0.068622,0.075377,0.05364,0.068615,0.073883,0.070456,0.11183,0.058754,0.094146,0.072983,0.064783,0.085598,0.066539,0.069991,0.070077,0.093727,0.071424,0.084386,0.07605,0.069686,0.070322,0.068162,0.0796,0.1322,0.073597,0.099723,0.062236,0.088147,0.076743,0.08424,0.066904,0.063289,0.062066,0.10359,0.098059,0.096601,0.087026,0.062645,0.10407,0.063891,0.066033,0.064067,0.18002,0.10308,0.12206,0.083388,0.088515,0.049073,0.071141,0.079896,0.072775,0.10159,0.067468,0.076366,0.13497,0.071598,0.30125,0.070683,0.08525,0.066192,0.096895,0.13458,0.055955,0.061522,0.068627,0.085344,0.079211,0.062953,0.053647,0.13201,0.080756,0.055577,0.063006,0.094467,0.11185,0.078939,0.11875,0.083584,0.083636,0.12604,0.056094,0.074667,0.058177,0.12876,0.053055,0.12205,0.053705,0.068956,0.12128,0.11859,0.07828,0.098152,0.077904,0.051282,0.10427,0.090267,0.080948,0.078149,0.073292,0.07806,0.12072,0.068881,0.081707,0.074793,0.075248,0.074692,0.076161,0.10263,0.096107,0.19777,0.090904,0.20694,0.06027,0.10679,0.13275,0.073114,0.77773,0.088077,0.067087,0.058396,0.062771,0.097023,0.11636,0.18858,0.07121,0.083747,0.14065,0.16468,0.091265,0.10718,0.069028,0.065501,0.063186
0.095351,0.062887,0.079826,0.088764,0.089517,0.11931,0.15419,0.085399,0.12206,0.087168,0,0.13363,0.07397,0.074731,0.079492,0.069214,0.15263,0.091712,0.10243,0.099751,0.15595,0.10946,0.12852,0.094964,0.1023,0.067693,0.086551,0.076814,0.099005,0.081611,0.089715,0.088494,0.1082,0.087591,0.071991,0.09021,0.19979,0.059627,0.088725,0.08401,0.084925,0.09175,0.078812,0.075675,0.073455,0.097412,0.088364,0.098571,0.13844,0.076275,0.123,0.10388,0.08766,0.085003,0.091586,0.11732,0.19743,0.096459,0.090128,0.11046,0.086741,0.11578,0.087633,0.081085,0.080793,0.088699,0.11708,0.089002,0.091633,0.077289,0.071845,0.088835,0.08753,0.070431,0.074073,0.10112,0.070623,0.069435,0.1029,0.089471,0.095851,0.10634,0.093328,0.083838,0.080125,0.094239,0.081311,0.084892,0.084042,0.096301,0.13418,0.10626,0.09558,0.092568,0.12344,0.095608,0.085039,0.093044,0.07251,0.075838,0.10135,0.087197,0.10556,0.10634,0.087083,0.065802,0.082206,0.069023,0.080405,0.16008,0.11818,0.12593,0.091875,0.10168,0.073407,0.081858,0.079631,0.0748,0.080267,0.082656,0.090587,0.12402,0.081111,0.23425,0.10209,0.079052,0.084593,0.10185,0.16228,0.079295,0.073248,0.087963,0.086066,0.08286,0.0816,0.083938,0.11286,0.089316,0.091637,0.078348,0.073885,0.090696,0.080965,0.10674,0.10534,0.078398,0.10758,0.067459,0.094318,0.091975,0.14122,0.090724,0.093868,0.065685,0.082956,0.11195,0.13358,0.11186,0.10128,0.096803,0.066091,0.10247,0.096228,0.095394,0.11655,0.077001,0.077007,0.14905,0.083163,0.071922,0.085069,0.10443,0.089334,0.087684,0.143,0.087461,0.20486,0.12158,0.18298,0.082574,0.079838,0.11503,0.08799,0.77191,0.12012,0.088137,0.074025,0.079984,0.10516,0.13951,0.16483,0.074831,0.075496,0.12125,0.14199,0.10068,0.075709,0.076,0.071833,0.080268
0.11911,0.13558,0.14324,0.14901,0.12832,0.14999,0.18848,0.14641,0.16536,0.14604,0.13363,0,0.13026,0.13056,0.12763,0.13026,0.18277,0.12768,0.15196,0.1218,0.19476,0.10906,0.13777,0.10928,0.13851,0.11691,0.14155,0.12671,0.12367,0.14296,0.11608,0.13758,0.14538,0.14383,0.11849,0.1165,0.19579,0.12394,0.13903,0.13905,0.14288,0.14534,0.1394,0.12757,0.12328,0.13669,0.12964,0.15343,0.15385,0.12547,0.1116,0.1363,0.13184,0.11317,0.11745,0.13481,0.18834,0.12189,0.14105,0.14499,0.18734,0.14027,0.14499,0.13222,0.13847,0.10253,0.1493,0.12755,0.15082,0.11904,0.12665,0.14803,0.14908,0.145,0.11605,0.14988,0.1135,0.11222,0.10724,0.13269,0.13236,0.15089,0.12421,0.12807,0.12967,0.12422,0.13116,0.14056,0.13632,0.12135,0.14011,0.13303,0.12637,0.13787,0.14387,0.15856,0.11048,0.13508,0.1233,0.12627,0.15238,0.13963,0.12107,0.12611,0.14526,0.1345,0.11223,0.12963,0.11237,0.16227,0.14835,0.13754,0.13525,0.16408,0.13426,0.11771,0.11502,0.13172,0.12232,0.1215,0.13441,0.16276,0.14699,0.31023,0.14228,0.13392,0.1218,0.15231,0.14473,0.12697,0.13171,0.13217,0.12657,0.12656,0.1402,0.13945,0.12692,0.13086,0.136,0.11502,0.12624,0.12475,0.13175,0.11082,0.16318,0.12224,0.14916,0.11896,0.14565,0.1363,0.15692,0.14556,0.14308,0.13014,0.12877,0.14048,0.15002,0.1317,0.1344,0.12491,0.12732,0.14238,0.1323,0.12162,0.1214,0.14058,0.10485,0.18638,0.13015,0.11768,0.14105,0.12634,0.12838,0.12953,0.15557,0.12484,0.25337,0.14893,0.16829,0.13861,0.14287,0.12786,0.1264,0.77295,0.15364,0.12108,0.13073,0.13835,0.11122,0.18868,0.15347,0.14525,0.11423,0.12335,0.14074,0.11673,0.15453,0.13713,0.12442,0.14133
0.11112,0.053237,0.072324,0.081496,0.093047,0.14071,0.14016,0.06127,0.092453,0.069738,0.07397,0.13026,0,0.061094,0.053117,0.052901,0.14776,0.057223,0.060669,0.089332,0.13682,0.088928,0.10308,0.1161,0.079028,0.058334,0.072407,0.081677,0.10758,0.066835,0.068525,0.065687,0.088901,0.060287,0.051502,0.081334,0.21873,0.062107,0.11863,0.072602,0.060058,0.071435,0.054167,0.039679,0.052917,0.078248,0.081896,0.065849,0.12443,0.065991,0.11693,0.097299,0.064591,0.072626,0.08963,0.093601,0.18307,0.087299,0.081404,0.075386,0.1254,0.12136,0.068471,0.060732,0.07021,0.10471,0.1053,0.059733,0.08245,0.060534,0.059036,0.063369,0.060041,0.089178,0.0503,0.07236,0.052719,0.061157,0.07203,0.07528,0.065565,0.081901,0.081822,0.047324,0.08939,0.075233,0.048081,0.071408,0.048074,0.069853,0.13468,0.065365,0.087394,0.057245,0.11047,0.069822,0.074409,0.092787,0.054056,0.059257,0.085323,0.093071,0.07951,0.087099,0.064863,0.081555,0.056217,0.041112,0.057496,0.15538,0.11369,0.13113,0.077937,0.061789,0.062059,0.061993,0.053061,0.051351,0.081345,0.055514,0.067784,0.11771,0.061179,0.28667,0.07984,0.064137,0.060734,0.084379,0.12123,0.045824,0.048701,0.056696,0.065915,0.07396,0.059149,0.067236,0.12418,0.068052,0.053372,0.061695,0.078829,0.10896,0.070745,0.1161,0.068429,0.08359,0.12268,0.057761,0.078174,0.062847,0.10799,0.053457,0.10981,0.062573,0.070469,0.099541,0.1243,0.08309,0.055767,0.065591,0.049097,0.076957,0.080612,0.078651,0.08318,0.068431,0.071508,0.1181,0.053048,0.066999,0.052222,0.089501,0.07176,0.073185,0.10033,0.092472,0.19962,0.11683,0.20699,0.043593,0.094031,0.11997,0.05554,0.76931,0.07098,0.071642,0.039215,0.063038,0.083589,0.12841,0.17584,0.062447,0.063064,0.13111,0.15082,0.07541,0.087756,0.049406,0.054677,0.047174
0.09351,0.058131,0.054787,0.063846,0.061885,0.12051,0.13401,0.073791,0.097497,0.059805,0.074731,0.13056,0.061094,0,0.046829,0.03545,0.12372,0.070105,0.061236,0.074389,0.12957,0.082282,0.091067,0.097398,0.078144,0.049655,0.048669,0.081538,0.086465,0.057556,0.068451,0.058401,0.082525,0.054948,0.04746,0.086282,0.22023,0.04499,0.099607,0.059359,0.050725,0.047943,0.052136,0.043314,0.055579,0.071665,0.070664,0.06384,0.13265,0.061927,0.11182,0.074151,0.059593,0.070937,0.076057,0.098894,0.17612,0.06967,0.04759,0.090556,0.12353,0.13026,0.066329,0.061097,0.046188,0.079892,0.094226,0.051409,0.064765,0.057073,0.047997,0.057904,0.065669,0.082836,0.041874,0.067039,0.056645,0.049596,0.076197,0.066416,0.079757,0.089429,0.068837,0.059504,0.068112,0.062508,0.049325,0.069662,0.056617,0.051021,0.13027,0.059067,0.077467,0.041357,0.10066,0.074245,0.073628,0.066612,0.057364,0.034994,0.094778,0.092244,0.08421,0.076183,0.06905,0.088816,0.04555,0.053578,0.044329,0.15345,0.099836,0.11098,0.086315,0.08627,0.046272,0.061839,0.058018,0.069325,0.082727,0.041948,0.045927,0.12716,0.048836,0.28248,0.057595,0.070331,0.039521,0.076252,0.11077,0.043472,0.031413,0.060789,0.064008,0.056822,0.048011,0.052346,0.095784,0.065168,0.043183,0.049107,0.080904,0.081092,0.07161,0.097674,0.093222,0.058848,0.11737,0.040976,0.066242,0.061142,0.1128,0.061757,0.10739,0.029762,0.054335,0.092543,0.11794,0.083682,0.078606,0.058965,0.035553,0.077946,0.057286,0.077331,0.071263,0.063381,0.064136,0.11775,0.050252,0.051212,0.067778,0.09052,0.066652,0.065753,0.10362,0.08379,0.19763,0.094209,0.17993,0.053499,0.094374,0.1031,0.064548,0.77542,0.083413,0.047029,0.044476,0.049208,0.084276,0.11488,0.16362,0.056403,0.071223,0.11539,0.13228,0.079549,0.089121,0.044881,0.048932,0.055468
0.10551,0.054892,0.063975,0.073304,0.077558,0.13671,0.14014,0.07679,0.1001,0.05486,0.079492,0.12763,0.053117,0.046829,0,0.043483,0.12893,0.069909,0.071838,0.082794,0.15539,0.075148,0.087313,0.10874,0.06764,0.05408,0.073357,0.071744,0.093642,0.076948,0.080123,0.069909,0.095324,0.053086,0.053115,0.081414,0.21445,0.058878,0.10949,0.071395,0.05883,0.064266,0.049534,0.049492,0.056184,0.067694,0.074219,0.071176,0.13239,0.068366,0.12752,0.083943,0.071229,0.068892,0.067208,0.097463,0.18437,0.085595,0.066755,0.073333,0.12523,0.13843,0.073165,0.055944,0.044787,0.098794,0.085186,0.065488,0.075816,0.056069,0.044307,0.056491,0.072759,0.09039,0.041892,0.08297,0.066306,0.043043,0.075459,0.065112,0.063679,0.066846,0.077511,0.065946,0.074137,0.07229,0.049793,0.069147,0.061696,0.069984,0.1171,0.061663,0.07639,0.053504,0.095495,0.072074,0.080197,0.079098,0.052439,0.050396,0.089866,0.088601,0.079386,0.087107,0.068832,0.087325,0.050433,0.0485,0.045012,0.16305,0.10926,0.10947,0.09069,0.070895,0.040289,0.05879,0.064357,0.056599,0.072206,0.054317,0.066843,0.1185,0.0529,0.29492,0.062502,0.077769,0.050764,0.089451,0.12693,0.036299,0.052805,0.054713,0.077045,0.062809,0.055821,0.035137,0.10997,0.082618,0.051493,0.058645,0.086761,0.099846,0.086149,0.10783,0.074577,0.075572,0.13486,0.049281,0.062748,0.061835,0.10597,0.057486,0.10192,0.04503,0.053679,0.10875,0.096183,0.078565,0.071966,0.062469,0.03511,0.084103,0.074812,0.086829,0.065705,0.068668,0.065185,0.13029,0.059096,0.057853,0.05824,0.092593,0.069018,0.070103,0.09779,0.094743,0.19554,0.099085,0.19218,0.053298,0.084136,0.10919,0.06794,0.774,0.076724,0.062043,0.038675,0.059612,0.087002,0.13218,0.17374,0.051764,0.077419,0.12609,0.14529,0.083538,0.10163,0.056234,0.047589,0.049566
0.099294,0.049737,0.067082,0.072724,0.077925,0.12398,0.14071,0.08025,0.10157,0.05046,0.069214,0.13026,0.052901,0.03545,0.043483,0,0.13789,0.069658,0.071174,0.089311,0.13608,0.082777,0.10517,0.099771,0.078336,0.045575,0.052749,0.076703,0.09138,0.063188,0.070487,0.060521,0.08061,0.049311,0.049926,0.084889,0.21187,0.043685,0.098826,0.067233,0.049349,0.058793,0.038612,0.042176,0.050568,0.069997,0.075986,0.06613,0.12892,0.058968,0.12431,0.083769,0.055599,0.073734,0.07301,0.096733,0.18461,0.075064,0.06265,0.086361,0.12366,0.12814,0.058612,0.060038,0.054303,0.085318,0.095075,0.048867,0.074604,0.053909,0.048894,0.06909,0.067382,0.091116,0.039425,0.07239,0.059731,0.041318,0.069795,0.058284,0.071612,0.083349,0.08281,0.053218,0.074758,0.06795,0.053716,0.072243,0.056031,0.060299,0.12416,0.066434,0.086888,0.0498,0.099884,0.065996,0.069166,0.068881,0.053467,0.050599,0.088207,0.093602,0.080313,0.082167,0.068956,0.087702,0.048096,0.052124,0.040634,0.15764,0.098914,0.11955,0.076386,0.075458,0.042338,0.050384,0.05596,0.053691,0.073144,0.049016,0.060553,0.13252,0.053103,0.28604,0.063678,0.074067,0.050204,0.075893,0.12578,0.038067,0.040995,0.066005,0.062208,0.053435,0.04953,0.045088,0.10304,0.071955,0.046396,0.054094,0.075345,0.093539,0.069907,0.11216,0.088765,0.070534,0.11755,0.039216,0.06436,0.054895,0.12059,0.055157,0.10163,0.038134,0.054226,0.099594,0.10821,0.077868,0.087332,0.068266,0.029715,0.089954,0.063845,0.076299,0.074637,0.062678,0.068247,0.12525,0.059449,0.056785,0.061749,0.08249,0.06609,0.073841,0.094537,0.088266,0.18966,0.089146,0.18676,0.053598,0.083838,0.1128,0.064827,0.77747,0.080411,0.055172,0.041572,0.052492,0.086289,0.12349,0.17376,0.055382,0.066624,0.12334,0.14647,0.075165,0.091788,0.050126,0.040794,0.052272
0.16488,0.11784,0.14377,0.13158,0.14049,0.17703,0.14636,0.1381,0.17798,0.12465,0.15263,0.18277,0.14776,0.12372,0.12893,0.13789,0,0.14478,0.13406,0.13367,0.21694,0.13502,0.13606,0.17017,0.13599,0.12884,0.13309,0.13673,0.1577,0.14817,0.14644,0.13353,0.13889,0.13791,0.12961,0.16122,0.28037,0.13758,0.16933,0.13173,0.12607,0.13269,0.14099,0.13115,0.13929,0.13539,0.12176,0.13914,0.17525,0.14743,0.16888,0.13335,0.14111,0.14963,0.13221,0.16204,0.21134,0.14954,0.13833,0.15884,0.18909,0.17323,0.13626,0.14388,0.12062,0.15606,0.13133,0.14443,0.12382,0.12807,0.13017,0.13605,0.14699,0.14397,0.12883,0.14981,0.14155,0.12874,0.15309,0.13876,0.13314,0.14201,0.1367,0.1504,0.12537,0.11378,0.14227,0.13884,0.13249,0.12419,0.16714,0.14177,0.1406,0.13682,0.1399,0.13689,0.14512,0.11802,0.13464,0.13004,0.16242,0.14747,0.15328,0.13037,0.13677,0.15362,0.12832,0.13184,0.12509,0.18584,0.14569,0.17002,0.15067,0.16882,0.10916,0.12786,0.13739,0.14734,0.16509,0.12931,0.13805,0.17052,0.14797,0.3076,0.11597,0.13686,0.11878,0.13889,0.1667,0.12628,0.12576,0.13652,0.15273,0.15457,0.12768,0.1243,0.14702,0.13086,0.12061,0.12511,0.16417,0.15056,0.13644,0.15814,0.16164,0.11724,0.17153,0.14174,0.14417,0.13751,0.17301,0.13511,0.17949,0.11144,0.12242,0.16313,0.13512,0.1579,0.14989,0.11099,0.12066,0.14476,0.15456,0.12958,0.15215,0.12581,0.14225,0.16336,0.1276,0.1487,0.13783,0.15843,0.13352,0.13283,0.17108,0.12908,0.26915,0.13552,0.2268,0.12985,0.16504,0.15492,0.13589,0.78162,0.16222,0.13401,0.13548,0.13321,0.14433,0.16301,0.21476,0.13523,0.14467,0.15545,0.1716,0.14013,0.14972,0.13116,0.13149,0.12615
0.12561,0.064904,0.083066,0.081593,0.091507,0.15508,0.13801,0.063537,0.10462,0.081714,0.091712,0.12768,0.057223,0.070105,0.069909,0.069658,0.14478,0,0.073866,0.10769,0.14876,0.096805,0.1056,0.131,0.089579,0.063731,0.080618,0.099173,0.11846,0.077095,0.08166,0.057252,0.092549,0.074072,0.075105,0.091418,0.21079,0.085811,0.13035,0.095856,0.073319,0.092355,0.081924,0.061309,0.05667,0.099043,0.090695,0.072938,0.147,0.091455,0.12303,0.10144,0.082319,0.078461,0.08046,0.094997,0.17623,0.093318,0.091143,0.066581,0.1442,0.13905,0.092949,0.06631,0.070108,0.1126,0.10123,0.067608,0.092304,0.059034,0.073547,0.070239,0.063799,0.11004,0.065645,0.09533,0.060565,0.079932,0.074954,0.089993,0.063779,0.075535,0.091976,0.064379,0.10557,0.084183,0.061633,0.091456,0.063971,0.08056,0.12322,0.064369,0.093334,0.059654,0.10422,0.088153,0.079337,0.10694,0.06681,0.073455,0.11257,0.079328,0.081095,0.093188,0.080418,0.093702,0.067617,0.064114,0.074852,0.16869,0.10569,0.12184,0.08296,0.085015,0.072242,0.065433,0.063352,0.072964,0.09579,0.065736,0.07738,0.11304,0.085387,0.30718,0.083655,0.075078,0.07303,0.09643,0.1316,0.067133,0.068855,0.076133,0.070533,0.079644,0.069476,0.08009,0.13652,0.067166,0.064844,0.06916,0.092259,0.12019,0.076063,0.11555,0.088358,0.074043,0.13057,0.079185,0.092523,0.075893,0.093077,0.078858,0.13118,0.073725,0.089067,0.080853,0.12977,0.081486,0.064636,0.08086,0.066789,0.079127,0.097544,0.074813,0.076294,0.072804,0.076715,0.13239,0.073442,0.076714,0.07605,0.076453,0.092847,0.087863,0.10038,0.099936,0.1891,0.10132,0.21469,0.060816,0.095463,0.13588,0.023736,0.7869,0.077201,0.080469,0.068072,0.068735,0.08855,0.14357,0.1791,0.09348,0.083474,0.13783,0.15866,0.078015,0.095107,0.060847,0.06897,0.057139
0.12381,0.072006,0.073332,0.063436,0.091193,0.14148,0.14015,0.065905,0.091043,0.078037,0.10243,0.15196,0.060669,0.061236,0.071838,0.071174,0.13406,0.073866,0,0.089949,0.12654,0.10368,0.10989,0.13286,0.09095,0.0724,0.06416,0.092845,0.11417,0.071339,0.086754,0.066885,0.087603,0.076674,0.072148,0.10569,0.23923,0.07537,0.12353,0.077626,0.06438,0.063359,0.07508,0.062355,0.076344,0.099135,0.079085,0.064318,0.1473,0.089375,0.11806,0.090883,0.073246,0.07985,0.10695,0.11187,0.1773,0.10126,0.073915,0.098551,0.15286,0.13472,0.08549,0.079429,0.073368,0.11389,0.11977,0.072157,0.090551,0.077661,0.082071,0.06762,0.074131,0.10257,0.072265,0.082284,0.071808,0.084064,0.091971,0.082521,0.07471,0.094439,0.084324,0.074776,0.10134,0.084073,0.063989,0.069411,0.06296,0.076895,0.16372,0.061088,0.086739,0.059958,0.12908,0.082448,0.098445,0.088781,0.074222,0.055958,0.10486,0.10121,0.10024,0.1008,0.08496,0.10388,0.071051,0.074968,0.077436,0.14989,0.11921,0.14989,0.10078,0.078879,0.070178,0.089724,0.076579,0.082312,0.10445,0.057683,0.073074,0.14556,0.062851,0.30509,0.072005,0.082543,0.060497,0.098646,0.11383,0.063219,0.049747,0.073258,0.069072,0.081862,0.067243,0.078021,0.12685,0.07584,0.052569,0.063464,0.10155,0.1195,0.087453,0.10867,0.083732,0.071473,0.13203,0.072371,0.083887,0.075816,0.10774,0.065086,0.12815,0.066875,0.073523,0.10772,0.13508,0.10164,0.075075,0.072274,0.063922,0.06717,0.064763,0.087768,0.078339,0.078907,0.072411,0.10643,0.062268,0.082609,0.064313,0.10311,0.079156,0.075258,0.10842,0.10211,0.1945,0.11395,0.20774,0.045098,0.10732,0.12253,0.073291,0.77919,0.080289,0.076255,0.060887,0.078952,0.097825,0.11942,0.17519,0.078582,0.073721,0.13051,0.1426,0.079402,0.097821,0.057879,0.075805,0.061923
0.085392,0.099169,0.082667,0.084254,0.080752,0.11076,0.14205,0.097186,0.11311,0.10093,0.099751,0.1218,0.089332,0.074389,0.082794,0.089311,0.13367,0.10769,0.089949,0,0.15124,0.10792,0.095998,0.090479,0.07381,0.088808,0.09679,0.091604,0.082053,0.088836,0.09202,0.098789,0.11471,0.10226,0.078506,0.095671,0.22895,0.078422,0.1027,0.086928,0.09248,0.090616,0.085707,0.085944,0.090667,0.10077,0.079661,0.11525,0.11953,0.083452,0.10486,0.09079,0.099804,0.083552,0.096521,0.12435,0.17305,0.094929,0.083115,0.12901,0.15307,0.11879,0.086272,0.1065,0.078363,0.086061,0.12334,0.10119,0.089371,0.093998,0.078198,0.092668,0.10198,0.09271,0.080761,0.097447,0.084789,0.081379,0.097569,0.10105,0.10175,0.12171,0.084586,0.077928,0.080709,0.095983,0.08539,0.084906,0.090028,0.085915,0.16303,0.094463,0.090764,0.092555,0.13322,0.11366,0.10058,0.098352,0.083902,0.060628,0.10638,0.10838,0.094973,0.10255,0.09289,0.1071,0.08675,0.074903,0.079209,0.14899,0.14502,0.11453,0.11017,0.12007,0.086862,0.091326,0.091877,0.09766,0.095238,0.074333,0.076529,0.13747,0.074858,0.28381,0.086778,0.082929,0.070637,0.11703,0.10505,0.078607,0.072931,0.094203,0.10151,0.093284,0.088343,0.096254,0.088288,0.10408,0.088519,0.074243,0.094478,0.083655,0.10588,0.091331,0.12052,0.086315,0.11557,0.082098,0.10628,0.096458,0.13607,0.09019,0.11342,0.071779,0.081422,0.12346,0.12649,0.11641,0.096078,0.080766,0.077132,0.10362,0.084413,0.10436,0.094536,0.10039,0.074734,0.14187,0.08906,0.072954,0.090382,0.12072,0.09676,0.080298,0.13648,0.10211,0.2299,0.14127,0.16665,0.092259,0.11924,0.066104,0.10379,0.76562,0.11624,0.089347,0.076053,0.0944,0.11795,0.12948,0.13704,0.085839,0.093148,0.11061,0.11304,0.1002,0.11892,0.08665,0.086456,0.088727
0.14873,0.15471,0.13985,0.12836,0.14325,0.16661,0.17431,0.14714,0.12814,0.1548,0.15595,0.19476,0.13682,0.12957,0.15539,0.13608,0.21694,0.14876,0.12654,0.15124,0,0.18415,0.1686,0.15181,0.17932,0.14713,0.13611,0.16904,0.14466,0.12975,0.13495,0.1471,0.14021,0.13761,0.13465,0.16719,0.25512,0.13912,0.16429,0.15165,0.13486,0.14533,0.14908,0.13065,0.13783,0.1662,0.15692,0.13245,0.18294,0.14011,0.1426,0.15928,0.14305,0.15417,0.18322,0.16571,0.17353,0.13802,0.13239,0.17445,0.18513,0.15309,0.14744,0.14991,0.16278,0.13336,0.18067,0.13104,0.13565,0.144,0.14339,0.14438,0.13706,0.15671,0.13871,0.1402,0.12991,0.15585,0.15034,0.15277,0.17242,0.18751,0.13806,0.12841,0.15371,0.16207,0.14225,0.14521,0.13842,0.14109,0.20995,0.13364,0.17692,0.13012,0.18889,0.15609,0.14813,0.15416,0.14189,0.12941,0.17621,0.16347,0.17186,0.13564,0.15521,0.16218,0.14253,0.14534,0.15439,0.18289,0.15789,0.18952,0.15767,0.14382,0.15804,0.15517,0.14962,0.16047,0.16202,0.12291,0.13202,0.20947,0.12755,0.30528,0.15419,0.15155,0.1416,0.15565,0.15563,0.14749,0.12429,0.14774,0.13791,0.13557,0.14171,0.15354,0.166,0.13064,0.14576,0.14232,0.12972,0.14537,0.14472,0.15945,0.1785,0.15153,0.13819,0.1326,0.14734,0.14785,0.17082,0.1411,0.16984,0.14412,0.14743,0.14928,0.22064,0.15366,0.14701,0.13678,0.14887,0.16359,0.12356,0.16161,0.14966,0.15039,0.1465,0.13841,0.13523,0.13321,0.1543,0.15095,0.14133,0.15775,0.16635,0.14495,0.22012,0.18269,0.21347,0.14111,0.17432,0.15486,0.15207,0.79,0.14583,0.12949,0.14103,0.13696,0.15179,0.15375,0.17554,0.15962,0.14412,0.18008,0.16956,0.14971,0.14815,0.13772,0.15632,0.15419
0.12035,0.081229,0.11248,0.11663,0.10959,0.1612,0.15246,0.11307,0.13283,0.09355,0.10946,0.10906,0.088928,0.082282,0.075148,0.082777,0.13502,0.096805,0.10368,0.10792,0.18415,0,0.10643,0.12133,0.10176,0.065678,0.084044,0.087752,0.12284,0.096669,0.082646,0.081909,0.096963,0.082656,0.080606,0.083218,0.21376,0.088851,0.12923,0.087908,0.088689,0.091932,0.07759,0.081111,0.089185,0.086677,0.10075,0.091792,0.13529,0.091076,0.12888,0.087689,0.08528,0.093496,0.078259,0.11053,0.18333,0.092028,0.10144,0.10669,0.15246,0.13971,0.097891,0.08234,0.088232,0.10051,0.10198,0.087627,0.10258,0.080125,0.090684,0.09134,0.11062,0.12128,0.073063,0.086305,0.090374,0.066151,0.074964,0.072658,0.086715,0.10499,0.096335,0.096266,0.10229,0.061728,0.088954,0.099232,0.089704,0.072644,0.11314,0.085177,0.10613,0.084074,0.086376,0.10272,0.079649,0.079814,0.082417,0.082394,0.10195,0.11323,0.099213,0.095957,0.088793,0.10806,0.063211,0.092943,0.058726,0.16774,0.11293,0.12254,0.10387,0.11602,0.077795,0.077232,0.075338,0.088009,0.10269,0.086958,0.095173,0.13615,0.11072,0.3131,0.086796,0.095094,0.079656,0.098197,0.11654,0.076627,0.086792,0.075993,0.092689,0.093828,0.08284,0.092158,0.12025,0.092099,0.070018,0.073526,0.10805,0.11201,0.094851,0.11674,0.10295,0.093214,0.14434,0.086085,0.089182,0.080995,0.11802,0.10283,0.12854,0.087389,0.084822,0.1201,0.10817,0.085787,0.11038,0.086336,0.079367,0.088815,0.10435,0.084201,0.096946,0.10246,0.083173,0.15732,0.084484,0.088761,0.092969,0.11658,0.094349,0.089738,0.11183,0.1018,0.21833,0.097505,0.19664,0.079589,0.12246,0.13246,0.089931,0.77572,0.1044,0.079082,0.076416,0.083371,0.084374,0.13906,0.17842,0.090929,0.073675,0.12946,0.16088,0.084391,0.12231,0.087862,0.071617,0.083909
0.13136,0.11086,0.10295,0.11149,0.11626,0.179,0.15511,0.10517,0.12262,0.11233,0.12852,0.13777,0.10308,0.091067,0.087313,0.10517,0.13606,0.1056,0.10989,0.095998,0.1686,0.10643,0,0.14368,0.095404,0.099082,0.11823,0.12202,0.12016,0.11243,0.1095,0.11319,0.13603,0.10677,0.094053,0.10325,0.25704,0.11509,0.15776,0.11511,0.094583,0.11003,0.10403,0.10038,0.10875,0.091806,0.12504,0.11958,0.13563,0.11254,0.14822,0.11607,0.11803,0.12721,0.10936,0.11566,0.16304,0.10824,0.11494,0.11098,0.14788,0.17063,0.11789,0.10991,0.085615,0.12201,0.12016,0.10853,0.11026,0.10338,0.089763,0.085109,0.11627,0.13696,0.097816,0.10962,0.10435,0.093782,0.11928,0.11841,0.1094,0.12091,0.094496,0.10139,0.11883,0.10915,0.095705,0.12446,0.10636,0.084655,0.15375,0.079323,0.12175,0.095525,0.13847,0.1126,0.11972,0.11824,0.10701,0.09337,0.13195,0.12543,0.11017,0.099365,0.10251,0.12361,0.097979,0.095885,0.091624,0.17866,0.13066,0.122,0.13788,0.12429,0.099523,0.10522,0.099988,0.12255,0.12528,0.096178,0.10641,0.13704,0.10974,0.31338,0.10379,0.10671,0.094028,0.10521,0.11045,0.099596,0.093143,0.10127,0.11519,0.099679,0.10194,0.099378,0.1369,0.11809,0.099136,0.11083,0.12612,0.11422,0.13164,0.14402,0.1297,0.11665,0.16964,0.10933,0.12687,0.11041,0.13737,0.11469,0.14554,0.097675,0.10368,0.13037,0.13978,0.12528,0.10434,0.069619,0.099377,0.12497,0.12499,0.11241,0.10185,0.10446,0.10437,0.14284,0.098438,0.10308,0.095862,0.12734,0.10658,0.11048,0.12409,0.1195,0.21248,0.15307,0.22051,0.10013,0.14231,0.11804,0.10166,0.7938,0.11476,0.10121,0.094835,0.10611,0.1116,0.1658,0.1781,0.093538,0.12224,0.15566,0.1654,0.1184,0.14468,0.10414,0.11159,0.10444
