0,0.10848,0.11582,0.10679,0.093808,0.11171,0.12741,0.14732,0.11704,0.11013,0.1253,0.11825,0.13154,0.1123,0.10387,0.10462,0.11704,0.1339,0.12475,0.1089,0.18169,0.12444,0.11924,0.061475,0.13231,0.10612,0.11242,0.1368,0.07246,0.11983,0.12481,0.13612,0.15522,0.11226,0.12004,0.09613,0.16223,0.10138,0.12257,0.12681,0.12472,0.098426,0.11385,0.12284,0.13772,0.12591,0.12083,0.14413,0.13615,0.12949,0.16121,0.14542,0.17031,0.11477,0.12244,0.094689,0.16516,0.13038,0.11273,0.14656,0.10289,0.10797,0.11021,0.1282,0.10905,0.065807,0.1379,0.11958,0.12023,0.12585,0.10169,0.15076,0.20943,0.099885,0.13141,0.14866,0.12059,0.10844,0.11276,0.12714,0.13059,0.14386,0.11694,0.12001,0.1248,0.15159,0.12331,0.11209,0.12144,0.12486,0.18936,0.12509,0.08533,0.1302,0.15429,0.14706,0.12481,0.11373,0.11076,0.11967,0.1412,0.1176,0.15424,0.15129,0.13012,0.15007,0.13624,0.11147,0.11282,0.12231,0.14063,0.13765,0.11294,0.11456,0.12218,0.12332,0.14067,0.10374,0.11473,0.10699,0.12406,0.17957,0.090098,0.1208,0.14527,0.11697,0.11336,0.12143,0.14039,0.11532,0.11498,0.12502,0.11484,0.102,0.12004,0.10164,0.082313,0.14133,0.12606,0.12218,0.1288,0.065593,0.12924,0.12182,0.13999,0.10697,0.14616,0.11271,0.18157,0.1089,0.16073,0.10237,0.12466,0.10684,0.11619,0.12278,0.23322,0.11962,0.11907,0.11345,0.083911,0.11111,0.10814,0.12874,0.14403,0.11798,0.12103,0.13552,0.10615,0.086863,0.11141,0.15489,0.11512,0.12448,0.12942,0.1118,0.12503,0.13584,0.1067,0.11962,0.17815,0.092873,0.12967,0.12319,0.11784,0.11542,0.11059,0.14392,0.12627,0.11645,0.15527,0.10673,0.10885,0.082554,0.10409,0.15884,0.12424,0.11413,0.11333,0.11781
0.10848,0,0.069718,0.055692,0.065766,0.071384,0.060414,0.092982,0.096777,0.063671,0.061519,0.067376,0.061125,0.052667,0.05036,0.048459,0.058092,0.098075,0.069581,0.080215,0.13638,0.076385,0.064703,0.086396,0.13581,0.050979,0.068962,0.11396,0.083894,0.048782,0.069254,0.099827,0.093648,0.058044,0.054722,0.077362,0.16382,0.071187,0.10133,0.083135,0.07098,0.06058,0.056301,0.060697,0.079598,0.068379,0.067498,0.092414,0.13251,0.065349,0.10636,0.10292,0.11662,0.066124,0.1016,0.086043,0.146,0.07145,0.066624,0.073992,0.050501,0.10759,0.059526,0.079794,0.05262,0.1294,0.086802,0.070341,0.063905,0.078415,0.062039,0.080213,0.16299,0.057483,0.072285,0.12096,0.067155,0.048303,0.082372,0.075405,0.074172,0.090667,0.059245,0.061026,0.085955,0.11827,0.069869,0.069017,0.0702,0.075256,0.1373,0.070976,0.086042,0.072049,0.12838,0.094313,0.069254,0.078482,0.093626,0.057677,0.097379,0.089848,0.10522,0.099161,0.073817,0.089554,0.071139,0.057828,0.047096,0.075386,0.10622,0.081437,0.062284,0.061168,0.064295,0.07522,0.086933,0.03819,0.10473,0.068985,0.083368,0.12844,0.052861,0.088373,0.081616,0.068695,0.079448,0.070288,0.11713,0.050515,0.067538,0.084584,0.061258,0.052256,0.056558,0.06298,0.058852,0.09761,0.06705,0.063262,0.072992,0.082424,0.094551,0.048509,0.093732,0.065697,0.13524,0.05637,0.16275,0.066901,0.10053,0.051287,0.11074,0.058043,0.069245,0.063963,0.183,0.070441,0.076849,0.051689,0.051998,0.05709,0.067317,0.064838,0.10739,0.066436,0.063274,0.10066,0.095768,0.068925,0.050485,0.090504,0.062174,0.11462,0.07967,0.074372,0.074111,0.10934,0.1074,0.069972,0.15848,0.086186,0.1018,0.060303,0.073028,0.065859,0.056493,0.079174,0.07577,0.062534,0.22538,0.052312,0.071764,0.078035,0.094431,0.086916,0.075913,0.049695,0.058994,0.05854
0.11582,0.069718,0,0.070899,0.059486,0.094541,0.073363,0.09684,0.10954,0.074015,0.069289,0.072865,0.065916,0.048981,0.078442,0.052524,0.069133,0.10725,0.080796,0.071925,0.14494,0.090063,0.075239,0.087741,0.14916,0.059811,0.063284,0.098783,0.087014,0.063615,0.07778,0.11286,0.096954,0.056268,0.067248,0.091696,0.15189,0.064036,0.11101,0.096942,0.073481,0.063336,0.053545,0.051276,0.068697,0.075382,0.095786,0.092795,0.14484,0.081489,0.096392,0.093344,0.11619,0.060372,0.090516,0.11813,0.13469,0.080159,0.068114,0.089318,0.069359,0.099876,0.056147,0.074174,0.058348,0.14051,0.096726,0.058176,0.091963,0.075652,0.062391,0.092955,0.149,0.073599,0.068672,0.1082,0.068442,0.065406,0.08447,0.064775,0.071589,0.07624,0.068146,0.070659,0.08184,0.10249,0.071937,0.067247,0.072655,0.063776,0.14655,0.067139,0.092144,0.059502,0.11473,0.088523,0.07778,0.068155,0.10331,0.078828,0.090871,0.096613,0.091366,0.12367,0.063639,0.090726,0.060182,0.053177,0.060547,0.067606,0.095479,0.09263,0.099352,0.051183,0.071012,0.081788,0.084067,0.058493,0.096854,0.060783,0.075656,0.12058,0.066757,0.11624,0.089138,0.071916,0.056124,0.074829,0.12,0.06384,0.061618,0.096027,0.060549,0.064736,0.05916,0.078384,0.077225,0.10547,0.066799,0.062724,0.083348,0.087668,0.098455,0.063073,0.087946,0.080332,0.13329,0.057523,0.15379,0.046763,0.09444,0.067908,0.11184,0.054959,0.067637,0.071765,0.16893,0.068347,0.093494,0.057499,0.061066,0.073582,0.058852,0.076809,0.12097,0.063374,0.052111,0.086928,0.096428,0.076872,0.06106,0.099314,0.053035,0.096752,0.078464,0.06666,0.061351,0.1072,0.13726,0.072044,0.15117,0.093217,0.10272,0.081162,0.050928,0.072804,0.057985,0.07441,0.075778,0.070268,0.23145,0.062772,0.082714,0.11382,0.11951,0.096704,0.061678,0.068126,0.052988,0.058656
0.10679,0.055692,0.070899,0,0.051759,0.058011,0.069258,0.064235,0.084567,0.048455,0.063365,0.061552,0.057919,0.041086,0.04278,0.052423,0.056023,0.066733,0.046517,0.076793,0.12427,0.059599,0.062694,0.084677,0.12395,0.044496,0.060027,0.08564,0.076037,0.051886,0.060819,0.073112,0.076983,0.040867,0.040806,0.069057,0.16823,0.055998,0.10167,0.06988,0.052892,0.033771,0.043164,0.053072,0.06858,0.05749,0.058995,0.067184,0.13158,0.061667,0.090593,0.070644,0.098266,0.061369,0.089493,0.085488,0.12717,0.059209,0.060135,0.084624,0.045018,0.11341,0.042721,0.058137,0.063533,0.11037,0.062153,0.059015,0.068234,0.05894,0.042163,0.067705,0.15721,0.044678,0.057543,0.096482,0.054994,0.031421,0.060801,0.052758,0.046923,0.082859,0.059912,0.06691,0.065726,0.089621,0.043888,0.05001,0.044456,0.053518,0.13003,0.054312,0.075049,0.066411,0.097791,0.077847,0.060819,0.068351,0.088471,0.04041,0.068406,0.086277,0.088465,0.081786,0.072429,0.084951,0.061176,0.040977,0.031196,0.04926,0.10089,0.069911,0.060193,0.050297,0.045961,0.079171,0.067828,0.051152,0.10373,0.03732,0.070968,0.09706,0.04926,0.086367,0.063337,0.059408,0.052122,0.050713,0.12363,0.040714,0.053644,0.076986,0.051652,0.042784,0.050604,0.042424,0.054962,0.068806,0.047009,0.047165,0.069942,0.072752,0.087511,0.057805,0.092763,0.044034,0.14758,0.049132,0.15202,0.044315,0.092659,0.053015,0.11403,0.029427,0.038171,0.052663,0.17525,0.053505,0.076318,0.048612,0.040422,0.052589,0.037428,0.062572,0.10397,0.05492,0.055602,0.08658,0.076833,0.046967,0.043055,0.098384,0.045443,0.076977,0.066874,0.079327,0.058139,0.10067,0.098224,0.048459,0.14834,0.079498,0.071092,0.053939,0.060288,0.058116,0.05307,0.066828,0.053274,0.04602,0.21039,0.044788,0.076463,0.085266,0.091216,0.082751,0.052859,0.036114,0.042939,0.040291
0.093808,0.065766,0.059486,0.051759,0,0.070194,0.081461,0.089524,0.11517,0.067872,0.063077,0.068916,0.074769,0.049857,0.068578,0.060411,0.076861,0.093395,0.077167,0.08296,0.15163,0.087536,0.082476,0.065058,0.14279,0.051243,0.075045,0.10697,0.063445,0.064774,0.080908,0.10178,0.097317,0.063113,0.066585,0.079223,0.16695,0.057499,0.10105,0.087197,0.077068,0.051964,0.054051,0.061596,0.07828,0.067242,0.090833,0.097457,0.14776,0.078418,0.10489,0.10076,0.12957,0.056205,0.086235,0.099117,0.14167,0.080211,0.052362,0.10617,0.058816,0.10528,0.059262,0.077042,0.066134,0.11245,0.08378,0.064177,0.080014,0.073307,0.050021,0.09412,0.16426,0.062556,0.069048,0.11745,0.071805,0.053479,0.079093,0.066008,0.07276,0.10043,0.072329,0.090256,0.081158,0.10272,0.068779,0.067575,0.069105,0.074551,0.13973,0.077855,0.066649,0.071395,0.11144,0.092582,0.080908,0.065157,0.10745,0.068383,0.092629,0.097048,0.10445,0.12063,0.073852,0.096246,0.071557,0.054668,0.055698,0.060094,0.11057,0.089011,0.082589,0.06455,0.073489,0.077319,0.086361,0.057855,0.10536,0.050046,0.086153,0.12899,0.05711,0.093302,0.088788,0.070555,0.060777,0.072591,0.11838,0.05132,0.061532,0.096005,0.065837,0.062435,0.064509,0.068544,0.049374,0.095149,0.070143,0.06839,0.071753,0.073839,0.091728,0.068819,0.10059,0.067231,0.13859,0.056847,0.13633,0.048384,0.11107,0.055598,0.11647,0.047811,0.066086,0.076805,0.19181,0.066716,0.073831,0.056801,0.03815,0.071076,0.058622,0.084972,0.11023,0.072061,0.065273,0.08655,0.083314,0.059316,0.062589,0.10487,0.048876,0.088757,0.080996,0.081534,0.069317,0.11166,0.11042,0.072106,0.14878,0.075952,0.094021,0.063424,0.067006,0.074271,0.065518,0.086234,0.064081,0.062118,0.21954,0.054531,0.088985,0.080906,0.097588,0.10687,0.07261,0.056281,0.058501,0.064051
0.11171,0.071384,0.094541,0.058011,0.070194,0,0.084055,0.087619,0.11409,0.084709,0.066783,0.079053,0.095193,0.071683,0.068597,0.081214,0.083067,0.094977,0.067068,0.097257,0.15967,0.077861,0.068603,0.082404,0.13532,0.069566,0.083374,0.12034,0.082726,0.078963,0.084841,0.093986,0.10004,0.074688,0.067075,0.085544,0.16865,0.065827,0.070776,0.086977,0.093055,0.066119,0.071339,0.086104,0.090126,0.087307,0.075727,0.11313,0.13682,0.081582,0.11445,0.10473,0.098201,0.075844,0.092327,0.11178,0.14851,0.088334,0.064319,0.10215,0.078323,0.11614,0.075804,0.085145,0.084622,0.12096,0.088823,0.082449,0.08455,0.079187,0.069405,0.089927,0.192,0.064374,0.084019,0.13378,0.076702,0.064463,0.082119,0.083881,0.085609,0.10677,0.070731,0.09317,0.088972,0.11498,0.082473,0.061459,0.081217,0.084835,0.12878,0.081799,0.073935,0.086665,0.1083,0.094836,0.084841,0.084002,0.10298,0.061989,0.10424,0.084317,0.11514,0.10889,0.087372,0.092967,0.089611,0.067261,0.058683,0.079873,0.12169,0.10238,0.079078,0.077734,0.077921,0.092074,0.10086,0.071032,0.10772,0.074049,0.10432,0.12174,0.071387,0.059323,0.092522,0.092844,0.085429,0.08613,0.13923,0.062418,0.077258,0.10166,0.075006,0.072359,0.082007,0.070609,0.059284,0.094519,0.084606,0.088317,0.077792,0.085664,0.098816,0.066914,0.11211,0.075173,0.14037,0.068164,0.16392,0.071045,0.11419,0.075478,0.11621,0.063759,0.071013,0.079052,0.17761,0.080389,0.094578,0.069369,0.06112,0.083942,0.05759,0.085418,0.12853,0.063541,0.071252,0.083787,0.080063,0.069268,0.070777,0.104,0.075907,0.095246,0.091378,0.10166,0.087788,0.11087,0.09033,0.082355,0.15303,0.082026,0.10086,0.077947,0.08786,0.082639,0.080496,0.090269,0.081507,0.065741,0.21558,0.07385,0.096103,0.06466,0.063718,0.092604,0.074727,0.056331,0.075182,0.077494
0.12741,0.060414,0.073363,0.069258,0.081461,0.084055,0,0.088553,0.10625,0.061019,0.064795,0.048038,0.05163,0.052947,0.079002,0.053563,0.07622,0.08686,0.067988,0.086805,0.12881,0.058055,0.074441,0.10426,0.14714,0.060146,0.04537,0.09589,0.10279,0.041501,0.030485,0.079801,0.055539,0.045801,0.059928,0.099094,0.13955,0.086157,0.10757,0.069065,0.073597,0.066385,0.05896,0.04579,0.049227,0.057412,0.071406,0.082018,0.14564,0.054506,0.083765,0.079883,0.10375,0.060432,0.088058,0.10465,0.14558,0.040283,0.078047,0.055289,0.056436,0.089228,0.055149,0.056105,0.069651,0.14624,0.071606,0.043255,0.06384,0.045962,0.060637,0.084964,0.13756,0.084442,0.051464,0.11373,0.039572,0.050666,0.068054,0.049438,0.071679,0.064565,0.058258,0.073534,0.056817,0.10241,0.05943,0.064493,0.053468,0.058824,0.10742,0.052158,0.10161,0.059452,0.1207,0.079347,0.030485,0.064763,0.090936,0.056816,0.091812,0.07041,0.09909,0.08945,0.060847,0.094648,0.051153,0.053366,0.051383,0.062762,0.092315,0.080361,0.072498,0.043296,0.050515,0.075593,0.069516,0.058142,0.12472,0.05851,0.054794,0.135,0.072464,0.10599,0.064343,0.044683,0.07119,0.047796,0.12732,0.062299,0.058425,0.068,0.052661,0.058842,0.045608,0.075382,0.086088,0.095045,0.050817,0.057803,0.071366,0.07852,0.080041,0.065952,0.065385,0.062681,0.11045,0.063892,0.13989,0.061347,0.072975,0.069301,0.13022,0.068109,0.073465,0.044157,0.14786,0.040106,0.072841,0.051516,0.075367,0.061435,0.0718,0.036288,0.098344,0.06582,0.052155,0.094239,0.075194,0.076707,0.072617,0.079909,0.054931,0.10157,0.047546,0.046548,0.061523,0.098927,0.10899,0.073582,0.16477,0.10331,0.093003,0.053883,0.063691,0.047735,0.054844,0.051718,0.065541,0.044746,0.23934,0.062839,0.090252,0.10648,0.10418,0.071389,0.066209,0.06322,0.059836,0.05278
0.14732,0.092982,0.09684,0.064235,0.089524,0.087619,0.088553,0,0.10836,0.087127,0.089117,0.070605,0.076018,0.064452,0.072901,0.079734,0.078525,0.080942,0.067054,0.094256,0.14371,0.078226,0.098135,0.12149,0.14213,0.071851,0.084702,0.094633,0.11321,0.066871,0.08101,0.087524,0.081887,0.066856,0.077981,0.097588,0.17988,0.10083,0.12842,0.084423,0.063619,0.070979,0.055843,0.071099,0.084463,0.066858,0.073623,0.066333,0.1795,0.097848,0.08311,0.078324,0.10012,0.078666,0.10155,0.12427,0.14213,0.079799,0.075796,0.10494,0.075152,0.12265,0.061247,0.068029,0.074517,0.15036,0.072852,0.073171,0.10125,0.070977,0.068131,0.063201,0.15948,0.084645,0.063227,0.11665,0.090357,0.064425,0.081591,0.071042,0.063489,0.09037,0.10178,0.10915,0.080154,0.11814,0.04996,0.073668,0.067719,0.059051,0.13033,0.063134,0.11173,0.088197,0.097551,0.084423,0.08101,0.10654,0.1349,0.0726,0.075914,0.096324,0.097494,0.098741,0.095135,0.081836,0.070033,0.059009,0.066477,0.072451,0.11252,0.088789,0.090673,0.07784,0.061318,0.10208,0.074962,0.074718,0.12438,0.061792,0.083154,0.096499,0.079578,0.11675,0.082522,0.086063,0.079938,0.071645,0.14881,0.061915,0.075241,0.096823,0.082476,0.082036,0.061372,0.072344,0.096097,0.10077,0.060274,0.073205,0.081367,0.11087,0.10496,0.078755,0.10411,0.066193,0.14858,0.073091,0.15007,0.071995,0.090985,0.081499,0.13701,0.067936,0.071393,0.067846,0.16333,0.074459,0.10138,0.0684,0.078254,0.073516,0.067421,0.07564,0.11399,0.068192,0.064994,0.10943,0.1203,0.089977,0.069403,0.095123,0.06562,0.089,0.077183,0.10049,0.079299,0.11168,0.11126,0.058602,0.14907,0.10118,0.087912,0.076509,0.066916,0.079499,0.071148,0.079208,0.058597,0.074643,0.24661,0.074974,0.1062,0.12518,0.12805,0.075416,0.062964,0.063441,0.058673,0.054392
0.11704,0.096777,0.10954,0.084567,0.11517,0.11409,0.10625,0.10836,0,0.091804,0.11031,0.10348,0.095366,0.095969,0.078864,0.07409,0.089858,0.093421,0.10453,0.075228,0.14197,0.085719,0.093342,0.12079,0.11947,0.094848,0.092715,0.087943,0.10809,0.098207,0.098801,0.099135,0.11805,0.08567,0.092647,0.081649,0.18245,0.10342,0.1344,0.10945,0.078164,0.08409,0.091512,0.10167,0.11628,0.10626,0.076116,0.09058,0.12392,0.10794,0.1132,0.09599,0.12331,0.10467,0.12093,0.1057,0.14311,0.10191,0.12301,0.11769,0.083943,0.12786,0.079181,0.09532,0.091502,0.12582,0.11727,0.10056,0.11251,0.10571,0.087402,0.10761,0.17228,0.080916,0.10136,0.11146,0.10142,0.094872,0.10108,0.10039,0.083842,0.11374,0.11009,0.089175,0.10312,0.12542,0.088187,0.09342,0.088123,0.084829,0.1528,0.081579,0.11191,0.10834,0.13561,0.11209,0.098801,0.12249,0.096818,0.081329,0.098689,0.11274,0.11224,0.09772,0.12267,0.1366,0.10849,0.093411,0.092351,0.10141,0.099032,0.10718,0.090648,0.092375,0.078679,0.13162,0.10207,0.087825,0.1005,0.091311,0.10121,0.12351,0.075223,0.13573,0.10099,0.092077,0.097345,0.094143,0.15397,0.10021,0.094404,0.093306,0.08566,0.081164,0.094516,0.065112,0.10494,0.10513,0.089877,0.091431,0.12837,0.098277,0.12059,0.099707,0.10939,0.071142,0.16432,0.093436,0.1995,0.095557,0.13294,0.081874,0.10004,0.085552,0.076869,0.094672,0.18133,0.1039,0.12186,0.096741,0.088715,0.087933,0.089777,0.10203,0.12968,0.10357,0.096207,0.1341,0.11722,0.094569,0.080138,0.14008,0.098179,0.11398,0.1102,0.10071,0.11048,0.1049,0.12378,0.080903,0.1458,0.10299,0.088006,0.11555,0.093236,0.096872,0.078519,0.10944,0.10824,0.10434,0.1945,0.078406,0.090655,0.1295,0.13286,0.12732,0.087481,0.092258,0.084582,0.08402
0.11013,0.063671,0.074015,0.048455,0.067872,0.084709,0.061019,0.087127,0.091804,0,0.071833,0.055729,0.064623,0.051923,0.055651,0.056337,0.063408,0.081607,0.05174,0.082913,0.11559,0.066414,0.080755,0.094386,0.14308,0.060295,0.046563,0.089021,0.095487,0.045287,0.056157,0.076056,0.082559,0.053032,0.053551,0.071089,0.1583,0.067353,0.12326,0.06506,0.061349,0.05085,0.063697,0.05343,0.068938,0.056501,0.074734,0.073478,0.12777,0.049518,0.092127,0.086346,0.11013,0.070934,0.094142,0.074551,0.12017,0.059877,0.081478,0.076717,0.053608,0.11495,0.055743,0.067091,0.069721,0.11792,0.075659,0.058733,0.075474,0.063647,0.060638,0.075521,0.14429,0.070128,0.070421,0.082347,0.046818,0.047196,0.068851,0.049171,0.060991,0.087844,0.059678,0.062631,0.065301,0.076887,0.055965,0.061317,0.052277,0.055921,0.13818,0.056174,0.081782,0.060336,0.1256,0.081436,0.056157,0.064871,0.078847,0.050799,0.07426,0.090815,0.10101,0.086096,0.070735,0.10105,0.06802,0.052249,0.053378,0.057413,0.090493,0.069661,0.067448,0.050802,0.050469,0.074764,0.066044,0.055044,0.12353,0.05236,0.056721,0.12351,0.061071,0.10066,0.061568,0.05168,0.061029,0.042488,0.11556,0.059427,0.066197,0.070534,0.056694,0.044997,0.058637,0.06217,0.072453,0.075917,0.048059,0.038961,0.076249,0.065993,0.085481,0.076961,0.095299,0.060315,0.14698,0.073484,0.14029,0.053518,0.088859,0.066343,0.12476,0.05453,0.063357,0.059808,0.17369,0.053021,0.072776,0.05547,0.065776,0.053485,0.063837,0.058401,0.1018,0.076868,0.063057,0.089027,0.0688,0.053265,0.05795,0.099831,0.060987,0.098747,0.058761,0.061181,0.06178,0.09273,0.11019,0.058473,0.16099,0.099765,0.085746,0.054707,0.068578,0.047807,0.063782,0.07491,0.072222,0.046445,0.21644,0.056372,0.071822,0.098842,0.10097,0.092799,0.068498,0.051206,0.054473,0.050315
0.1253,0.061519,0.069289,0.063365,0.063077,0.066783,0.064795,0.089117,0.11031,0.071833,0,0.06595,0.062744,0.054955,0.071896,0.057448,0.065969,0.10115,0.071505,0.075107,0.15483,0.085369,0.076446,0.087687,0.16032,0.05283,0.071196,0.10039,0.084644,0.058149,0.069218,0.10538,0.080952,0.064008,0.047529,0.096787,0.16958,0.071881,0.090088,0.0749,0.072605,0.065919,0.060114,0.063011,0.071428,0.060434,0.071996,0.097177,0.14331,0.071488,0.076964,0.095579,0.10329,0.059139,0.096851,0.109,0.13984,0.069673,0.061271,0.093061,0.064755,0.10118,0.065742,0.07659,0.06986,0.14077,0.085641,0.057487,0.076818,0.071936,0.054921,0.074602,0.16755,0.072911,0.062864,0.12595,0.064333,0.061915,0.089235,0.060719,0.058125,0.098502,0.060839,0.078776,0.074192,0.095807,0.072027,0.053725,0.065213,0.065103,0.11578,0.065248,0.074781,0.056703,0.10756,0.08238,0.069218,0.065846,0.1015,0.051463,0.09441,0.087586,0.081355,0.10659,0.061897,0.090377,0.070862,0.053847,0.047603,0.0611,0.097213,0.079881,0.070503,0.062785,0.068862,0.095401,0.081221,0.054077,0.097596,0.070268,0.086118,0.1193,0.065206,0.0901,0.071904,0.064959,0.072475,0.075645,0.129,0.058054,0.052987,0.083135,0.042711,0.062199,0.062059,0.068939,0.067496,0.096139,0.06292,0.071722,0.070506,0.085922,0.087285,0.067267,0.09312,0.068968,0.13225,0.049595,0.15787,0.050916,0.1026,0.055925,0.098466,0.056956,0.06755,0.062856,0.15686,0.064387,0.07709,0.044661,0.064342,0.067025,0.0578,0.078423,0.11081,0.06612,0.056341,0.089996,0.087339,0.086115,0.057601,0.091893,0.060656,0.097105,0.073681,0.074632,0.071089,0.099265,0.11438,0.074663,0.12435,0.083549,0.1076,0.059979,0.065381,0.064263,0.059928,0.070855,0.072327,0.055793,0.24219,0.042782,0.095022,0.092786,0.097379,0.098699,0.061705,0.052545,0.057984,0.06109
0.11825,0.067376,0.072865,0.061552,0.068916,0.079053,0.048038,0.070605,0.10348,0.055729,0.06595,0,0.059908,0.039706,0.068699,0.050877,0.075952,0.077233,0.059722,0.083674,0.12468,0.063879,0.089194,0.0935,0.15158,0.05335,0.048422,0.098096,0.092511,0.034385,0.048236,0.07989,0.072141,0.05559,0.063334,0.078648,0.15474,0.082581,0.10581,0.052692,0.068787,0.05469,0.044405,0.048157,0.050689,0.047922,0.066702,0.076872,0.15361,0.069531,0.084314,0.080564,0.10411,0.06221,0.085199,0.092297,0.13178,0.053778,0.061975,0.074184,0.062455,0.090088,0.040922,0.059557,0.064575,0.13302,0.076098,0.048446,0.082198,0.042397,0.056533,0.073408,0.14541,0.075405,0.049011,0.11515,0.055393,0.048961,0.068823,0.040489,0.068279,0.077286,0.077064,0.083582,0.059073,0.10503,0.054528,0.055448,0.047476,0.055126,0.12576,0.047336,0.086309,0.060921,0.10797,0.080513,0.048236,0.06927,0.0996,0.048708,0.087448,0.081515,0.093992,0.091169,0.061657,0.096755,0.048603,0.03576,0.051594,0.059489,0.086109,0.074323,0.065712,0.053559,0.04513,0.078671,0.053435,0.057789,0.1208,0.046318,0.060058,0.13431,0.065817,0.10555,0.07437,0.057161,0.06939,0.042271,0.1148,0.05494,0.053019,0.05867,0.062142,0.059696,0.037431,0.067318,0.074073,0.095794,0.046752,0.043406,0.060341,0.074154,0.086152,0.070679,0.091083,0.055066,0.11725,0.066164,0.13878,0.053332,0.084413,0.060269,0.12676,0.063408,0.067919,0.047519,0.15705,0.0456,0.062592,0.049638,0.0651,0.060616,0.066736,0.045415,0.080813,0.067534,0.047735,0.080508,0.079714,0.065498,0.065077,0.06352,0.049979,0.092951,0.058415,0.060883,0.073324,0.088464,0.10051,0.057692,0.1621,0.097553,0.087301,0.049397,0.0611,0.042894,0.054358,0.06542,0.059193,0.045677,0.23496,0.06101,0.093966,0.1012,0.11001,0.07488,0.059025,0.052544,0.054601,0.041321
0.13154,0.061125,0.065916,0.057919,0.074769,0.095193,0.05163,0.076018,0.095366,0.064623,0.062744,0.059908,0,0.04635,0.073244,0.047425,0.066457,0.084899,0.070821,0.082352,0.12312,0.068982,0.081068,0.1096,0.14602,0.048958,0.059447,0.081233,0.098796,0.046319,0.04519,0.088772,0.05692,0.040062,0.049243,0.098791,0.16287,0.088352,0.11859,0.07249,0.047721,0.057983,0.048264,0.032612,0.056074,0.045608,0.065605,0.051233,0.15427,0.069682,0.075389,0.060692,0.10474,0.057904,0.098579,0.099909,0.14527,0.036131,0.074351,0.068805,0.052942,0.10304,0.048921,0.057733,0.062436,0.14246,0.058102,0.050019,0.061408,0.05574,0.048151,0.066743,0.12456,0.075372,0.044841,0.10621,0.05458,0.044585,0.072361,0.04581,0.04502,0.066982,0.067112,0.068168,0.057255,0.097722,0.045075,0.065661,0.044714,0.056063,0.11302,0.05364,0.10093,0.058703,0.10188,0.075714,0.04519,0.068892,0.095186,0.059148,0.077089,0.082531,0.072843,0.078717,0.066701,0.086437,0.047913,0.050112,0.043329,0.053186,0.099511,0.065366,0.065259,0.049331,0.053196,0.089987,0.064637,0.057581,0.11728,0.051693,0.061792,0.10785,0.071413,0.1188,0.054394,0.037498,0.062202,0.048875,0.13205,0.060127,0.049605,0.071579,0.048706,0.048423,0.036421,0.065535,0.087485,0.094737,0.038441,0.048624,0.07307,0.092068,0.092246,0.066412,0.066345,0.05645,0.13491,0.046217,0.15649,0.056126,0.072021,0.064582,0.12701,0.054616,0.05779,0.036774,0.15857,0.043744,0.074606,0.052507,0.066743,0.048487,0.066583,0.051449,0.089975,0.062999,0.055085,0.1129,0.096235,0.082251,0.061123,0.09114,0.047882,0.087239,0.052244,0.063378,0.060022,0.1008,0.1179,0.058711,0.15332,0.10313,0.088409,0.052674,0.056791,0.053824,0.050241,0.044042,0.056481,0.051043,0.2349,0.049267,0.09553,0.11604,0.12252,0.084414,0.05774,0.062,0.047071,0.041639
0.1123,0.052667,0.048981,0.041086,0.049857,0.071683,0.052947,0.064452,0.095969,0.051923,0.054955,0.039706,0.04635,0,0.056066,0.037348,0.059448,0.07273,0.04695,0.065658,0.12146,0.062536,0.068665,0.083239,0.13493,0.030193,0.048647,0.088704,0.07353,0.032481,0.048607,0.083111,0.068445,0.03557,0.040735,0.07714,0.15134,0.063428,0.097583,0.06238,0.048092,0.034367,0.027867,0.034439,0.052154,0.043475,0.063061,0.066052,0.14234,0.067994,0.075454,0.072616,0.10068,0.047632,0.079641,0.093743,0.11782,0.050931,0.045815,0.07896,0.050253,0.095633,0.026511,0.049331,0.045056,0.12667,0.067291,0.039615,0.067765,0.048759,0.038818,0.071153,0.1493,0.060671,0.03751,0.10014,0.049737,0.031329,0.068807,0.041129,0.054307,0.070151,0.05681,0.065726,0.059651,0.095993,0.039434,0.045142,0.042758,0.041113,0.12888,0.041668,0.081032,0.048683,0.09706,0.078695,0.048607,0.060077,0.10046,0.045996,0.071514,0.081451,0.079235,0.089409,0.046539,0.074764,0.039627,0.018339,0.030011,0.046463,0.084006,0.065398,0.066174,0.038027,0.046201,0.066468,0.056746,0.043032,0.10396,0.03584,0.061368,0.11343,0.047247,0.098895,0.067388,0.052204,0.049171,0.041597,0.11591,0.036938,0.038722,0.07106,0.044537,0.048102,0.032679,0.055266,0.056167,0.088869,0.031646,0.035605,0.057719,0.072061,0.07528,0.048209,0.088597,0.044559,0.13031,0.046967,0.1423,0.033461,0.081524,0.049074,0.11579,0.040098,0.053415,0.039584,0.15764,0.040274,0.065538,0.026182,0.043291,0.055093,0.044233,0.049651,0.09167,0.045958,0.039581,0.078785,0.081328,0.056417,0.047208,0.075694,0.025762,0.078832,0.053797,0.059189,0.053484,0.10055,0.10444,0.047391,0.15167,0.076942,0.078307,0.046407,0.041018,0.0494,0.03654,0.055043,0.041018,0.039895,0.2287,0.043465,0.082251,0.093109,0.10065,0.071817,0.044326,0.043134,0.031792,0.02967
0.10387,0.05036,0.078442,0.04278,0.068578,0.068597,0.079002,0.072901,0.078864,0.055651,0.071896,0.068699,0.073244,0.056066,0,0.056827,0.037498,0.082803,0.058462,0.06747,0.1391,0.067967,0.064356,0.088287,0.12109,0.061172,0.071367,0.096186,0.086674,0.056944,0.079425,0.081131,0.099399,0.060968,0.060588,0.050594,0.17576,0.064444,0.10641,0.08707,0.062053,0.050575,0.055515,0.066385,0.087057,0.065138,0.054185,0.081328,0.12325,0.070318,0.1048,0.097684,0.11272,0.070948,0.094753,0.086913,0.13144,0.080836,0.072341,0.087678,0.052248,0.11484,0.054628,0.072358,0.051707,0.11826,0.088142,0.074586,0.087477,0.078037,0.060313,0.065699,0.17108,0.038366,0.078106,0.10428,0.074659,0.053378,0.074614,0.076796,0.061953,0.089626,0.07218,0.07093,0.085874,0.10774,0.062166,0.058213,0.067341,0.061926,0.14896,0.067934,0.08102,0.074066,0.11673,0.081477,0.079425,0.089113,0.093002,0.052088,0.076104,0.08724,0.1031,0.10094,0.086149,0.088103,0.079297,0.051797,0.05071,0.069362,0.10238,0.07575,0.074237,0.060739,0.058528,0.080911,0.080398,0.044496,0.092981,0.061843,0.074751,0.10607,0.046417,0.078367,0.080844,0.077378,0.067817,0.069805,0.11824,0.050394,0.073157,0.076986,0.060303,0.049079,0.064166,0.038557,0.059431,0.075156,0.064072,0.056556,0.080795,0.078526,0.10267,0.060452,0.10336,0.061083,0.14864,0.061784,0.16264,0.056016,0.1046,0.057907,0.099813,0.047149,0.053026,0.070367,0.18001,0.07697,0.091115,0.055548,0.047248,0.059417,0.056062,0.075451,0.11233,0.062945,0.057392,0.099957,0.095891,0.054836,0.030252,0.095143,0.06998,0.10259,0.080365,0.087305,0.071212,0.095686,0.10356,0.042904,0.14345,0.08231,0.082209,0.073217,0.06561,0.068486,0.063567,0.087627,0.081146,0.065353,0.21422,0.052575,0.05369,0.087098,0.091481,0.091164,0.063163,0.038223,0.054221,0.052221
0.10462,0.048459,0.052524,0.052423,0.060411,0.081214,0.053563,0.079734,0.07409,0.056337,0.057448,0.050877,0.047425,0.037348,0.056827,0,0.061424,0.078878,0.07147,0.053739,0.13328,0.06205,0.066315,0.083414,0.13181,0.042911,0.047704,0.086845,0.078342,0.040411,0.056661,0.088112,0.080384,0.040525,0.051618,0.072366,0.15595,0.06626,0.10474,0.07406,0.050034,0.048796,0.035802,0.046321,0.068035,0.059621,0.063448,0.074032,0.13587,0.066572,0.080989,0.08055,0.11012,0.054166,0.088692,0.092404,0.13255,0.060479,0.068584,0.083587,0.039824,0.089986,0.033372,0.061523,0.042895,0.12828,0.083898,0.047668,0.069784,0.063311,0.040064,0.079465,0.14803,0.05639,0.051375,0.10552,0.057165,0.045045,0.074577,0.05139,0.055299,0.080314,0.066259,0.06674,0.068627,0.10309,0.050409,0.05935,0.050423,0.049064,0.1231,0.044757,0.083809,0.058846,0.11697,0.083174,0.056661,0.075537,0.092022,0.047986,0.082001,0.083127,0.08966,0.093215,0.070811,0.093441,0.05686,0.042648,0.046615,0.05949,0.078764,0.079701,0.063149,0.044182,0.041608,0.084259,0.070415,0.033791,0.091047,0.045761,0.068103,0.12145,0.036245,0.10993,0.070622,0.047274,0.061271,0.054375,0.11974,0.046713,0.046194,0.07322,0.042513,0.047178,0.038886,0.049909,0.065163,0.09297,0.046104,0.049892,0.075064,0.070419,0.078012,0.05305,0.077527,0.041797,0.12594,0.047814,0.15361,0.047601,0.093133,0.030945,0.096534,0.04331,0.051455,0.050719,0.16452,0.055284,0.073806,0.039775,0.047001,0.051418,0.053007,0.057628,0.094867,0.062289,0.046085,0.093051,0.087986,0.064435,0.04325,0.091425,0.039475,0.094589,0.067541,0.050835,0.065618,0.094167,0.11139,0.055751,0.13798,0.07685,0.080365,0.062504,0.047542,0.056713,0.026215,0.066545,0.060011,0.057774,0.22328,0.031823,0.074066,0.099803,0.11034,0.09025,0.050043,0.047682,0.036111,0.040324
0.11704,0.058092,0.069133,0.056023,0.076861,0.083067,0.07622,0.078525,0.089858,0.063408,0.065969,0.075952,0.066457,0.059448,0.037498,0.061424,0,0.098417,0.064457,0.065021,0.14773,0.079828,0.067357,0.096023,0.13456,0.066456,0.070004,0.083909,0.094644,0.059647,0.078542,0.095011,0.09482,0.06059,0.061139,0.076423,0.175,0.068652,0.11234,0.094896,0.062544,0.064341,0.059301,0.062795,0.082038,0.062407,0.061165,0.080376,0.12724,0.071489,0.094772,0.094944,0.10798,0.071489,0.10398,0.1001,0.13345,0.079224,0.076824,0.080548,0.053367,0.11056,0.062082,0.071227,0.05666,0.13212,0.091578,0.068158,0.092731,0.079273,0.066033,0.068006,0.16646,0.055148,0.078602,0.10499,0.073398,0.061342,0.078568,0.076913,0.055351,0.078978,0.06899,0.066075,0.082426,0.10348,0.065766,0.054592,0.066024,0.05635,0.1496,0.068159,0.092192,0.066436,0.11243,0.075111,0.078542,0.083771,0.09428,0.061927,0.073783,0.088897,0.088604,0.10757,0.078924,0.08162,0.076395,0.052402,0.050103,0.065727,0.10511,0.072591,0.084951,0.0548,0.0645,0.084842,0.078712,0.049548,0.087513,0.068876,0.065112,0.10028,0.061537,0.085713,0.080652,0.077163,0.060448,0.075335,0.12592,0.061126,0.070806,0.076087,0.052327,0.055353,0.062634,0.048561,0.073021,0.0792,0.063672,0.061184,0.085928,0.085391,0.10545,0.064438,0.096676,0.074525,0.14706,0.055715,0.16753,0.051207,0.096659,0.066389,0.098802,0.052582,0.060477,0.068495,0.16707,0.075626,0.10246,0.054392,0.060829,0.059307,0.054281,0.076173,0.11805,0.059276,0.052898,0.10423,0.10155,0.073794,0.034913,0.096421,0.073643,0.10267,0.076906,0.083978,0.054726,0.1004,0.11661,0.052401,0.13622,0.089408,0.095943,0.074386,0.054021,0.066049,0.064516,0.080989,0.085645,0.068373,0.22559,0.054631,0.055565,0.10222,0.10274,0.089805,0.063316,0.052354,0.054256,0.051237
0.1339,0.098075,0.10725,0.066733,0.093395,0.094977,0.08686,0.080942,0.093421,0.081607,0.10115,0.077233,0.084899,0.07273,0.082803,0.078878,0.098417,0,0.082235,0.092202,0.12484,0.049912,0.082793,0.11884,0.11449,0.088132,0.083532,0.0977,0.10729,0.083016,0.078124,0.048387,0.075657,0.07548,0.083095,0.09165,0.18269,0.092089,0.11625,0.095722,0.081076,0.071522,0.073112,0.084038,0.089,0.084212,0.070083,0.079023,0.13625,0.086805,0.10443,0.080766,0.12459,0.094067,0.10444,0.11695,0.13184,0.074097,0.097624,0.11017,0.08032,0.13029,0.065761,0.066448,0.093776,0.14278,0.088947,0.086154,0.096347,0.0756,0.076418,0.10252,0.17058,0.076641,0.07427,0.11329,0.076597,0.07161,0.089626,0.077174,0.085605,0.088741,0.094984,0.10763,0.089959,0.11348,0.070044,0.085497,0.067158,0.076502,0.13001,0.080436,0.12186,0.091297,0.11028,0.097707,0.078124,0.10588,0.1166,0.065023,0.080668,0.10387,0.11508,0.088234,0.1013,0.10624,0.084788,0.074537,0.076235,0.079674,0.10897,0.093021,0.094504,0.073572,0.06944,0.097467,0.080981,0.093332,0.12805,0.06487,0.09017,0.12218,0.081732,0.11769,0.085702,0.083453,0.078887,0.068459,0.13776,0.074883,0.081774,0.083882,0.07721,0.085879,0.08119,0.07003,0.093742,0.073314,0.068612,0.069392,0.093612,0.096305,0.092021,0.089521,0.11354,0.062138,0.16329,0.092547,0.16131,0.076862,0.10469,0.084233,0.13672,0.072113,0.065604,0.076743,0.15686,0.079169,0.096948,0.078833,0.082155,0.10044,0.080717,0.082107,0.10054,0.085944,0.083115,0.10789,0.091441,0.072919,0.082208,0.10069,0.075338,0.090734,0.086978,0.10249,0.090289,0.1273,0.11962,0.070832,0.16895,0.10557,0.032288,0.089432,0.085106,0.095244,0.081071,0.086492,0.078106,0.080023,0.23355,0.084974,0.10949,0.12534,0.11834,0.10073,0.068443,0.078436,0.082465,0.075489
0.12475,0.069581,0.080796,0.046517,0.077167,0.067068,0.067988,0.067054,0.10453,0.05174,0.071505,0.059722,0.070821,0.04695,0.058462,0.07147,0.064457,0.082235,0,0.08915,0.11387,0.06954,0.0776,0.098874,0.14032,0.05287,0.05916,0.095617,0.092836,0.053409,0.057103,0.081492,0.078209,0.052663,0.044241,0.085175,0.14882,0.074826,0.10453,0.058116,0.061879,0.045685,0.062235,0.058715,0.069184,0.057438,0.066443,0.073325,0.13929,0.073025,0.08656,0.077425,0.086309,0.072118,0.087846,0.091121,0.10937,0.062363,0.063575,0.079665,0.071997,0.11589,0.056768,0.064342,0.069928,0.12485,0.063717,0.062465,0.076432,0.061347,0.062723,0.06459,0.16119,0.075349,0.06506,0.091949,0.057025,0.045925,0.068453,0.058151,0.06564,0.082686,0.05622,0.064744,0.064184,0.088272,0.053814,0.049004,0.058271,0.05302,0.13844,0.053268,0.083836,0.063339,0.10117,0.083855,0.057103,0.066938,0.097561,0.055432,0.07108,0.083377,0.090065,0.079237,0.059297,0.07645,0.065504,0.043278,0.044048,0.061133,0.096699,0.071385,0.070574,0.05711,0.059601,0.07479,0.070333,0.063088,0.12333,0.05971,0.069132,0.10521,0.067452,0.08953,0.066142,0.071102,0.065401,0.050189,0.12754,0.058249,0.062514,0.078976,0.062372,0.055986,0.061727,0.067495,0.07018,0.087951,0.046981,0.04972,0.065558,0.07887,0.085186,0.06713,0.10695,0.061986,0.14488,0.071727,0.15121,0.05601,0.08114,0.079723,0.13219,0.058256,0.067252,0.050106,0.15952,0.053506,0.079118,0.050184,0.068058,0.063323,0.05329,0.05578,0.11062,0.051743,0.059767,0.08177,0.079955,0.061411,0.062159,0.086981,0.060986,0.08238,0.057652,0.078113,0.06536,0.10152,0.097339,0.056889,0.16465,0.093688,0.090544,0.057199,0.066942,0.054343,0.067549,0.066241,0.061202,0.040216,0.22134,0.067172,0.086662,0.092029,0.086761,0.067149,0.059046,0.051345,0.053029,0.049433
0.1089,0.080215,0.071925,0.076793,0.08296,0.097257,0.086805,0.094256,0.075228,0.082913,0.075107,0.083674,0.082352,0.065658,0.06747,0.053739,0.065021,0.092202,0.08915,0,0.15574,0.081256,0.071524,0.090805,0.11842,0.071675,0.081367,0.085013,0.077103,0.07438,0.087099,0.099811,0.099867,0.070336,0.073874,0.083837,0.16652,0.078371,0.10597,0.1032,0.065796,0.069042,0.066616,0.079686,0.093643,0.080943,0.071555,0.09289,0.12514,0.0973,0.084754,0.10333,0.12149,0.070628,0.093816,0.11938,0.1181,0.091762,0.087819,0.11553,0.067949,0.098071,0.062178,0.071241,0.057243,0.13322,0.11219,0.069825,0.10142,0.088734,0.064029,0.10275,0.1811,0.072529,0.074726,0.11189,0.087029,0.079916,0.10384,0.086408,0.073143,0.09568,0.084944,0.08632,0.094505,0.11697,0.073225,0.065252,0.08013,0.057125,0.14855,0.06895,0.096732,0.078091,0.11681,0.099066,0.087099,0.10005,0.11506,0.071199,0.089269,0.092451,0.09189,0.12056,0.084263,0.10163,0.084776,0.064718,0.070788,0.078505,0.077149,0.085563,0.097534,0.066854,0.077875,0.10036,0.086854,0.062439,0.067096,0.076592,0.08374,0.12389,0.050941,0.11097,0.10012,0.081301,0.071701,0.086874,0.13361,0.072352,0.074158,0.089016,0.054138,0.075336,0.076488,0.058059,0.072313,0.10127,0.071135,0.080031,0.10654,0.081177,0.095497,0.0745,0.10283,0.065546,0.14351,0.067926,0.16461,0.058665,0.12252,0.060876,0.075156,0.067661,0.073883,0.080457,0.15393,0.085454,0.10719,0.056993,0.062062,0.08513,0.065907,0.095983,0.1203,0.074771,0.066831,0.11117,0.10521,0.083588,0.059771,0.11294,0.071767,0.10145,0.086769,0.077467,0.077635,0.10948,0.1212,0.068457,0.11874,0.059915,0.087771,0.095575,0.053729,0.085077,0.0519,0.093268,0.085886,0.086169,0.22724,0.055046,0.078527,0.11184,0.11068,0.11226,0.06567,0.075548,0.061627,0.068744
0.18169,0.13638,0.14494,0.12427,0.15163,0.15967,0.12881,0.14371,0.14197,0.11559,0.15483,0.12468,0.12312,0.12146,0.1391,0.13328,0.14773,0.12484,0.11387,0.15574,0,0.12759,0.14757,0.17079,0.18046,0.12517,0.12881,0.15508,0.15584,0.12129,0.11514,0.12891,0.12756,0.12318,0.11721,0.15211,0.18996,0.15309,0.17715,0.1102,0.12795,0.11885,0.13328,0.12337,0.11619,0.13103,0.13856,0.11285,0.18161,0.13476,0.14453,0.11507,0.14168,0.14802,0.14938,0.1279,0.12548,0.11697,0.14415,0.12595,0.14372,0.17069,0.12379,0.12824,0.14779,0.16883,0.12667,0.1356,0.13092,0.12118,0.13477,0.1354,0.15934,0.1476,0.121,0.12713,0.12412,0.12317,0.14005,0.1196,0.1329,0.13356,0.13308,0.11338,0.13326,0.14283,0.12152,0.13672,0.12235,0.12954,0.19448,0.11986,0.15504,0.14016,0.15724,0.15958,0.11514,0.13243,0.142,0.12654,0.14334,0.15567,0.13518,0.10753,0.12337,0.16515,0.11576,0.12707,0.12743,0.13388,0.12137,0.11363,0.1246,0.13182,0.12488,0.14772,0.11486,0.14576,0.1909,0.12643,0.12615,0.15825,0.14137,0.18194,0.12939,0.1236,0.14206,0.10817,0.14834,0.13634,0.13818,0.12457,0.14069,0.12785,0.12363,0.14463,0.14386,0.14375,0.11619,0.10527,0.14922,0.14153,0.1551,0.14646,0.15972,0.12343,0.19731,0.14909,0.18566,0.1387,0.14476,0.14612,0.19556,0.1406,0.13418,0.11593,0.2078,0.11916,0.12271,0.1366,0.14442,0.13418,0.14177,0.11799,0.12485,0.14169,0.14482,0.14962,0.13717,0.12317,0.14513,0.14179,0.12667,0.15058,0.12443,0.13104,0.14318,0.15217,0.16742,0.13085,0.23465,0.16862,0.13693,0.12542,0.14765,0.1193,0.13078,0.12033,0.12456,0.12092,0.25109,0.14149,0.15788,0.16781,0.16974,0.12459,0.13773,0.1352,0.13399,0.12264
0.12444,0.076385,0.090063,0.059599,0.087536,0.077861,0.058055,0.078226,0.085719,0.066414,0.085369,0.063879,0.068982,0.062536,0.067967,0.06205,0.079828,0.049912,0.06954,0.081256,0.12759,0,0.057184,0.11207,0.1083,0.075202,0.059152,0.091582,0.10551,0.062563,0.056033,0.035539,0.063795,0.053967,0.066343,0.083284,0.1635,0.075883,0.10225,0.088332,0.069052,0.060917,0.061156,0.062455,0.070187,0.071911,0.059999,0.072875,0.12742,0.059617,0.0975,0.0746,0.10076,0.070571,0.08326,0.11308,0.13729,0.057417,0.091093,0.079556,0.06367,0.11269,0.056421,0.048571,0.073964,0.1394,0.077588,0.06661,0.073311,0.055763,0.06166,0.087432,0.15444,0.065207,0.063675,0.10097,0.052047,0.053284,0.074398,0.065817,0.072681,0.065678,0.068427,0.08483,0.074036,0.10202,0.05464,0.066421,0.058398,0.061385,0.11202,0.063125,0.10984,0.072393,0.11322,0.075013,0.056033,0.089961,0.091788,0.053493,0.078208,0.067483,0.10838,0.08179,0.087163,0.09095,0.069666,0.061603,0.059759,0.065446,0.099558,0.082628,0.082758,0.049035,0.054638,0.081456,0.07752,0.071775,0.11799,0.053865,0.071457,0.1152,0.071302,0.099757,0.068971,0.06508,0.070158,0.054566,0.13847,0.062714,0.075893,0.077396,0.059094,0.060332,0.065439,0.057633,0.085862,0.070364,0.056431,0.061152,0.088592,0.084934,0.086903,0.066383,0.084224,0.056632,0.14396,0.071465,0.15145,0.064462,0.085095,0.077087,0.12666,0.060478,0.05449,0.057153,0.1489,0.060096,0.096316,0.065667,0.070626,0.079831,0.067484,0.058269,0.097724,0.063685,0.058451,0.10541,0.074529,0.058913,0.068448,0.095967,0.065801,0.092302,0.061876,0.079628,0.069894,0.10377,0.10871,0.059601,0.16295,0.1009,0.050448,0.075669,0.071963,0.07385,0.06594,0.062381,0.074482,0.05871,0.225,0.071833,0.085193,0.11116,0.098526,0.07922,0.057272,0.062882,0.064664,0.063145
0.11924,0.064703,0.075239,0.062694,0.082476,0.068603,0.074441,0.098135,0.093342,0.080755,0.076446,0.089194,0.081068,0.068665,0.064356,0.066315,0.067357,0.082793,0.0776,0.071524,0.14757,0.057184,0,0.096702,0.1031,0.078032,0.076514,0.10729,0.094195,0.076675,0.081377,0.080749,0.090663,0.061863,0.062916,0.090178,0.16823,0.056885,0.087181,0.10884,0.08325,0.069222,0.06716,0.076276,0.086047,0.09182,0.071817,0.10104,0.10628,0.068052,0.11217,0.098743,0.10647,0.077114,0.095959,0.12491,0.13876,0.082588,0.084088,0.09089,0.068749,0.11646,0.070735,0.071986,0.072849,0.14176,0.099737,0.080429,0.081764,0.083365,0.068887,0.097167,0.18223,0.052523,0.081136,0.11599,0.067665,0.065721,0.090797,0.087083,0.080519,0.077413,0.05516,0.074815,0.097861,0.11276,0.078228,0.069211,0.081157,0.074905,0.1355,0.080412,0.10603,0.079083,0.11801,0.091617,0.081377,0.092494,0.095194,0.067023,0.094259,0.080317,0.11136,0.11043,0.087087,0.083363,0.083819,0.070079,0.059645,0.08074,0.10875,0.095743,0.09792,0.056266,0.074856,0.085554,0.1005,0.067758,0.087562,0.07377,0.091466,0.10638,0.066071,0.084529,0.089527,0.085158,0.073402,0.085425,0.13054,0.060589,0.083113,0.099271,0.057207,0.068285,0.079378,0.064807,0.072468,0.07715,0.077927,0.078496,0.095406,0.089252,0.098035,0.056775,0.096394,0.077462,0.15056,0.065893,0.17044,0.063951,0.10367,0.075384,0.1008,0.055671,0.056382,0.074855,0.16044,0.082151,0.10883,0.065169,0.063632,0.09002,0.056662,0.082948,0.12868,0.055719,0.065022,0.10166,0.086596,0.067052,0.058334,0.10568,0.074612,0.10497,0.085995,0.09016,0.069191,0.12035,0.12675,0.075655,0.14912,0.086637,0.079228,0.092172,0.074799,0.091045,0.069746,0.079664,0.089471,0.075314,0.22575,0.071739,0.075229,0.10151,0.085454,0.093182,0.062079,0.063361,0.071264,0.075482
