0,0.17572,0.15678,0.12906,0.12619,0.18887,0.18093,0.18028,0.11011,0.15195,0.15028,0.16577,0.17837,0.13165,0.16428,0.15419,0.15803,0.18394,0.16954,0.1567,0.18559,0.184,0.16164,0.10644,0.1592,0.15164,0.16232,0.18166,0.13396,0.16246,0.15777,0.19715,0.19441,0.17479,0.166,0.15675,0.13702,0.12362,0.11572,0.14391,0.1732,0.15648,0.16376,0.15967,0.17227,0.16016,0.16677,0.22791,0.16652,0.18905,0.13156,0.18055,0.12806,0.14288,0.18724,0.16673,0.18903,0.15777,0.13938,0.17894,0.14296,0.12159,0.13424,0.15598,0.1658,0.11899,0.16519,0.16489,0.16424,0.17511,0.15841,0.17302,0.17482,0.1736,0.18177,0.22337,0.15153,0.14611,0.16424,0.17415,0.21017,0.18683,0.17077,0.14886,0.17473,0.17415,0.18916,0.15132,0.17238,0.15523,0.16391,0.17341,0.13175,0.15006,0.16928,0.19428,0.15302,0.2123,0.16373,0.17189,0.16291,0.19124,0.16027,0.16224,0.17927,0.17868,0.17719,0.16642,0.16642,0.17782,0.15113,0.18644,0.18293,0.17467,0.25011,0.16105,0.13644,0.16228,0.1274,0.1557,0.16505,0.18801,0.13852,0.074338,0.1961,0.18402,0.16246,0.14687,0.14016,0.14237,0.20017,0.21508,0.16572,0.15216,0.17882,0.13001,0.12896,0.20856,0.15745,0.18321,0.17155,0.10922,0.16344,0.13758,0.16568,0.12732,0.12407,0.17641,0.17717,0.16068,0.16883,0.1848,0.13912,0.15553,0.16528,0.16611,0.23393,0.18702,0.21636,0.15549,0.15224,0.16989,0.1381,0.17315,0.14734,0.17443,0.151,0.16603,0.1393,0.14405,0.17195,0.17918,0.14937,0.15482,0.27369,0.17631,0.13709,0.19719,0.19124,0.16284,0.11989,0.14271,0.1943,0.15507,0.14823,0.14838,0.16889,0.18385,0.15334,0.15923,0.13818,0.15518,0.15606,0.15045,0.089075,0.18716,0.18515,0.15797,0.15285,0.17066
0.17572,0,0.064479,0.10588,0.11233,0.27488,0.07494,0.095864,0.11186,0.060907,0.054282,0.087476,0.067672,0.077572,0.10347,0.045613,0.10033,0.085327,0.050483,0.096399,0.09353,0.079534,0.10722,0.11209,0.093052,0.072235,0.076908,0.074863,0.076953,0.11977,0.049023,0.089978,0.074528,0.049078,0.059808,0.064315,0.10508,0.078369,0.095385,0.097644,0.053393,0.046025,0.051053,0.055265,0.05463,0.079034,0.060354,0.15344,0.14256,0.14956,0.10994,0.081043,0.10471,0.077968,0.088368,0.10154,0.21351,0.049023,0.066254,0.071911,0.074849,0.10203,0.071882,0.076631,0.088295,0.17758,0.07637,0.06135,0.049459,0.051588,0.071071,0.088536,0.080215,0.079169,0.063213,0.21833,0.059809,0.066063,0.065262,0.054897,0.099555,0.088836,0.11348,0.088355,0.063295,0.049011,0.126,0.098749,0.058601,0.07365,0.06083,0.090613,0.088106,0.064698,0.050229,0.09283,0.058463,0.12039,0.080257,0.07016,0.082251,0.12608,0.056651,0.093318,0.056406,0.11638,0.05678,0.03731,0.081984,0.064408,0.067354,0.087911,0.083021,0.07268,0.24576,0.061004,0.092549,0.043166,0.098727,0.053405,0.04509,0.11318,0.065726,0.14489,0.085919,0.090817,0.042545,0.061375,0.066591,0.066752,0.20444,0.10732,0.058432,0.060085,0.039475,0.089436,0.078214,0.099814,0.045934,0.065855,0.091058,0.090928,0.053415,0.092195,0.05836,0.084949,0.1083,0.059921,0.10819,0.051291,0.090741,0.12263,0.060691,0.058083,0.058957,0.04479,0.12613,0.050386,0.1088,0.05603,0.044051,0.056706,0.093331,0.060204,0.086316,0.077249,0.053361,0.13294,0.062825,0.12679,0.056749,0.055601,0.05192,0.087456,0.2637,0.045873,0.11341,0.097629,0.25237,0.10162,0.088506,0.067101,0.096081,0.062411,0.066845,0.072443,0.046596,0.046062,0.058611,0.064527,0.16507,0.056305,0.07156,0.16175,0.14287,0.061206,0.10363,0.071518,0.071882,0.063739
0.15678,0.064479,0,0.097648,0.10731,0.26764,0.056266,0.091568,0.10007,0.060967,0.048503,0.09112,0.075864,0.073699,0.096275,0.055304,0.09309,0.099459,0.057818,0.076633,0.096351,0.095274,0.092934,0.10973,0.087678,0.058571,0.080773,0.088772,0.063104,0.12226,0.048802,0.098657,0.073543,0.064129,0.074944,0.064405,0.10365,0.071501,0.084894,0.088041,0.066251,0.064749,0.059754,0.042433,0.05583,0.078365,0.067749,0.13794,0.13237,0.12489,0.091013,0.085965,0.076791,0.077588,0.078272,0.09006,0.19223,0.048802,0.061913,0.072915,0.078,0.098667,0.072553,0.079577,0.077002,0.15968,0.071434,0.063141,0.059232,0.064758,0.073352,0.088452,0.095399,0.062729,0.070639,0.22033,0.055633,0.069166,0.077821,0.050033,0.11871,0.082936,0.11139,0.081145,0.056069,0.067808,0.12254,0.091637,0.054455,0.067713,0.071708,0.08085,0.077395,0.057033,0.076737,0.10482,0.049616,0.12926,0.077515,0.0809,0.092485,0.12057,0.065571,0.088204,0.05702,0.08975,0.061042,0.058326,0.069917,0.058445,0.062623,0.095893,0.095043,0.088548,0.22494,0.061621,0.0841,0.055614,0.09443,0.06653,0.052331,0.1195,0.066063,0.13214,0.071825,0.095596,0.050497,0.065491,0.061397,0.06444,0.2036,0.11277,0.056293,0.057697,0.065552,0.072266,0.067543,0.12023,0.044389,0.068293,0.065617,0.068415,0.073762,0.078777,0.057305,0.087103,0.1013,0.06302,0.12191,0.064718,0.078049,0.10769,0.062199,0.064067,0.074473,0.062036,0.12341,0.069481,0.12062,0.057708,0.050958,0.054995,0.097014,0.065349,0.07787,0.086729,0.052296,0.1283,0.062756,0.1268,0.066705,0.075995,0.061338,0.079158,0.24646,0.056322,0.08948,0.097753,0.22422,0.11276,0.087071,0.048143,0.11425,0.065019,0.072129,0.062258,0.058635,0.059727,0.06687,0.060281,0.1636,0.053587,0.074326,0.16237,0.12595,0.075667,0.098077,0.074995,0.064645,0.067977
0.12906,0.10588,0.097648,0,0.086113,0.22918,0.11982,0.11439,0.083092,0.096841,0.082532,0.12745,0.11096,0.085779,0.103,0.093259,0.12023,0.13676,0.10596,0.098782,0.1259,0.13237,0.12309,0.097429,0.10932,0.10554,0.09527,0.11913,0.088976,0.14083,0.09861,0.14516,0.13109,0.11068,0.10161,0.090271,0.11273,0.095608,0.090554,0.1071,0.10732,0.097854,0.097281,0.088184,0.11238,0.10322,0.1112,0.18404,0.14233,0.16062,0.099108,0.11151,0.09706,0.081311,0.12784,0.10891,0.1827,0.09861,0.077113,0.10923,0.104,0.092103,0.087248,0.11039,0.11849,0.15739,0.10357,0.10627,0.098484,0.11502,0.099727,0.11867,0.12588,0.10839,0.12729,0.21841,0.097791,0.084532,0.10817,0.10875,0.15661,0.11251,0.11898,0.10126,0.097419,0.1012,0.1569,0.10027,0.10364,0.097898,0.10732,0.11763,0.084019,0.083467,0.11313,0.14031,0.1096,0.16912,0.094977,0.098506,0.11415,0.14082,0.10723,0.1068,0.11228,0.12185,0.12193,0.092337,0.1092,0.11625,0.096164,0.14246,0.10753,0.11554,0.23643,0.093032,0.10577,0.099668,0.086951,0.095041,0.10518,0.1348,0.069734,0.10216,0.12821,0.12664,0.091252,0.09355,0.093809,0.068519,0.20144,0.15994,0.10108,0.096205,0.11272,0.0753,0.094523,0.15267,0.092166,0.11692,0.11113,0.076026,0.093985,0.10064,0.10318,0.09537,0.10077,0.12317,0.12364,0.09919,0.10957,0.15068,0.072505,0.076246,0.07931,0.10306,0.18214,0.12268,0.1487,0.10458,0.083381,0.098628,0.10126,0.10728,0.098059,0.12223,0.086077,0.13243,0.090104,0.11998,0.088793,0.11541,0.097958,0.10553,0.28767,0.099265,0.10324,0.13762,0.21556,0.12151,0.079249,0.096143,0.14978,0.077565,0.094216,0.092163,0.1007,0.11452,0.10286,0.087243,0.1444,0.088324,0.10295,0.14311,0.096542,0.11148,0.14669,0.10805,0.093945,0.11501
0.12619,0.11233,0.10731,0.086113,0,0.23068,0.13159,0.12692,0.07794,0.097086,0.092544,0.12964,0.12463,0.083346,0.11136,0.10384,0.11148,0.13236,0.10845,0.10262,0.12581,0.1311,0.13076,0.096144,0.11461,0.10444,0.1081,0.10642,0.10089,0.11166,0.096413,0.14282,0.12864,0.1164,0.1015,0.097298,0.12122,0.095493,0.089167,0.08209,0.11746,0.097053,0.099683,0.10498,0.12185,0.10685,0.10172,0.19607,0.12921,0.14511,0.090288,0.13811,0.10876,0.092801,0.13058,0.099321,0.19932,0.096413,0.084541,0.11909,0.10198,0.11736,0.078686,0.11682,0.10732,0.15168,0.084013,0.1117,0.097069,0.12135,0.11808,0.12255,0.13216,0.13307,0.13234,0.21728,0.1016,0.091723,0.10016,0.11799,0.15307,0.13599,0.13047,0.10542,0.10912,0.10492,0.16349,0.07345,0.10525,0.092737,0.11192,0.12097,0.09707,0.094133,0.11681,0.14506,0.094856,0.15978,0.096203,0.10477,0.11135,0.14349,0.10471,0.10569,0.11711,0.11265,0.12533,0.098503,0.10393,0.12682,0.098554,0.13196,0.11494,0.11717,0.2118,0.092723,0.11114,0.10716,0.093284,0.095448,0.10602,0.1326,0.091683,0.11049,0.13336,0.13844,0.097119,0.090594,0.095804,0.083514,0.19582,0.15437,0.098581,0.091017,0.11517,0.08708,0.096879,0.1365,0.096879,0.11727,0.10855,0.072868,0.10233,0.094459,0.10297,0.078803,0.12267,0.12321,0.12776,0.1028,0.11879,0.15172,0.077723,0.09764,0.09928,0.1034,0.19178,0.12442,0.16804,0.10494,0.09534,0.10702,0.08655,0.12273,0.11071,0.11687,0.086892,0.089276,0.088773,0.1275,0.1167,0.1139,0.1017,0.086733,0.28617,0.099882,0.11233,0.11783,0.2201,0.11609,0.092588,0.094277,0.14828,0.086219,0.095505,0.084294,0.11529,0.11863,0.10502,0.085006,0.1561,0.095398,0.097034,0.12458,0.096441,0.11662,0.13589,0.10909,0.10177,0.12415
0.18887,0.27488,0.26764,0.22918,0.23068,0,0.2995,0.27513,0.202,0.25116,0.25866,0.267,0.28921,0.24479,0.26453,0.25588,0.27646,0.28914,0.27382,0.26955,0.25324,0.28616,0.25249,0.21076,0.27594,0.26396,0.27023,0.27705,0.23107,0.27802,0.26436,0.29946,0.28246,0.26719,0.2727,0.23878,0.22988,0.2357,0.23128,0.2508,0.26839,0.26199,0.26422,0.26322,0.27486,0.27089,0.27178,0.3065,0.27147,0.28723,0.26125,0.28304,0.25243,0.23803,0.27973,0.27054,0.28445,0.26436,0.23492,0.29402,0.25491,0.23349,0.24585,0.26547,0.27153,0.23427,0.26893,0.26866,0.26479,0.27353,0.26169,0.27074,0.26642,0.27298,0.28371,0.31679,0.26062,0.2637,0.26382,0.28386,0.33608,0.28794,0.28883,0.25144,0.28013,0.27406,0.2979,0.25419,0.27423,0.26848,0.26659,0.28027,0.22854,0.26207,0.27452,0.28467,0.26225,0.28812,0.27458,0.27362,0.27146,0.2935,0.25963,0.26794,0.2779,0.27786,0.27953,0.26781,0.26971,0.30207,0.25413,0.27814,0.29142,0.26916,0.36071,0.27383,0.25336,0.267,0.21422,0.25851,0.26725,0.28631,0.23108,0.16366,0.29786,0.27534,0.27153,0.24612,0.25183,0.24874,0.28483,0.2984,0.27053,0.26619,0.26806,0.23377,0.23611,0.30545,0.26587,0.28488,0.26029,0.22948,0.27028,0.2448,0.27707,0.24864,0.21281,0.29608,0.25973,0.2609,0.27916,0.27844,0.25222,0.26471,0.26823,0.26256,0.36354,0.28516,0.30209,0.26168,0.25672,0.27805,0.23961,0.27157,0.26545,0.28548,0.26119,0.27151,0.24657,0.21454,0.26727,0.27447,0.25084,0.26757,0.33809,0.28194,0.21624,0.29701,0.27942,0.27303,0.23288,0.25634,0.29458,0.26718,0.26474,0.26379,0.26623,0.28194,0.25234,0.26043,0.23154,0.26158,0.26147,0.27736,0.17807,0.28092,0.28871,0.26547,0.26314,0.27532
0.18093,0.07494,0.056266,0.11982,0.13159,0.2995,0,0.11119,0.12817,0.075309,0.071514,0.11226,0.074356,0.096504,0.10386,0.069202,0.10804,0.10171,0.060379,0.10209,0.11845,0.0946,0.10949,0.13174,0.088506,0.075135,0.072988,0.093165,0.10003,0.12059,0.06016,0.095203,0.094345,0.080803,0.079127,0.09751,0.11573,0.096929,0.11403,0.11237,0.078728,0.072992,0.07681,0.062994,0.063727,0.094315,0.077326,0.12496,0.13688,0.1321,0.10487,0.093289,0.1052,0.10633,0.084851,0.10064,0.21066,0.06016,0.085712,0.063259,0.09433,0.10063,0.094622,0.088784,0.10037,0.17886,0.082677,0.08133,0.064151,0.067405,0.069207,0.099796,0.092401,0.079316,0.070713,0.21966,0.072915,0.07958,0.092852,0.060911,0.1043,0.081423,0.12269,0.093451,0.063964,0.077544,0.13628,0.11716,0.068045,0.081769,0.08577,0.10206,0.09648,0.075246,0.078389,0.11354,0.065475,0.13656,0.082978,0.095453,0.094724,0.12456,0.084864,0.083411,0.060057,0.10591,0.060478,0.069001,0.097697,0.045371,0.073911,0.10428,0.095798,0.10266,0.24057,0.0716,0.092662,0.07772,0.12762,0.073639,0.071028,0.14167,0.089991,0.15875,0.065415,0.095217,0.059562,0.082346,0.074013,0.084507,0.21246,0.13377,0.06624,0.071572,0.079538,0.10077,0.099632,0.1095,0.060676,0.072726,0.079259,0.092907,0.089047,0.11076,0.071652,0.10975,0.10953,0.054367,0.15051,0.077793,0.084315,0.11162,0.083361,0.079995,0.085088,0.077356,0.11699,0.070419,0.10685,0.073009,0.0758,0.068034,0.1138,0.080773,0.074983,0.07373,0.069198,0.13679,0.080177,0.14276,0.084366,0.083745,0.077432,0.095272,0.25638,0.058929,0.12206,0.11327,0.24466,0.11978,0.10329,0.08143,0.11178,0.070384,0.076696,0.082859,0.074709,0.059051,0.078225,0.087277,0.17316,0.076455,0.084368,0.17657,0.15687,0.079769,0.11247,0.083583,0.083697,0.082339
0.18028,0.095864,0.091568,0.11439,0.12692,0.27513,0.11119,0,0.12334,0.095275,0.089336,0.10939,0.1124,0.089342,0.11834,0.089762,0.079895,0.11037,0.097289,0.095735,0.10925,0.11408,0.12368,0.13213,0.11011,0.11212,0.10762,0.10929,0.10286,0.15834,0.10127,0.11792,0.11462,0.098864,0.11143,0.094567,0.11662,0.11347,0.10627,0.11504,0.095135,0.098988,0.10394,0.09688,0.096674,0.10565,0.11399,0.17626,0.1549,0.16529,0.098147,0.081614,0.10607,0.082998,0.10327,0.12089,0.18987,0.10127,0.080527,0.10063,0.1081,0.11882,0.098446,0.10717,0.098983,0.1932,0.10222,0.093489,0.095518,0.098817,0.10251,0.09288,0.13568,0.096098,0.11366,0.26991,0.10394,0.095376,0.11414,0.098979,0.13197,0.10115,0.1157,0.10343,0.090014,0.094981,0.14447,0.12328,0.082254,0.10612,0.093939,0.1129,0.10664,0.090588,0.10817,0.12707,0.10062,0.14242,0.12728,0.093118,0.097665,0.12323,0.09668,0.13448,0.10477,0.13285,0.10537,0.088252,0.10324,0.098795,0.097829,0.13063,0.11229,0.08207,0.24112,0.086424,0.097358,0.092429,0.11767,0.10932,0.1044,0.11068,0.096646,0.14968,0.10805,0.14451,0.089412,0.10163,0.11357,0.092383,0.25954,0.14934,0.094283,0.097776,0.091516,0.093006,0.095545,0.13301,0.09197,0.081645,0.11885,0.10948,0.10351,0.10645,0.08561,0.10581,0.13219,0.1043,0.10409,0.095902,0.10966,0.14315,0.10361,0.079611,0.082147,0.086032,0.14873,0.1017,0.14754,0.075786,0.089387,0.085625,0.10111,0.088558,0.10371,0.11749,0.083134,0.15336,0.098901,0.14343,0.081099,0.099579,0.098783,0.10946,0.28753,0.097244,0.11674,0.097213,0.25158,0.10787,0.11314,0.094725,0.12518,0.098606,0.11938,0.097729,0.085977,0.10212,0.10872,0.08872,0.17067,0.09114,0.10848,0.19275,0.15238,0.096481,0.14779,0.081201,0.098939,0.11879
0.11011,0.11186,0.10007,0.083092,0.07794,0.202,0.12817,0.12334,0,0.09225,0.086722,0.11227,0.12732,0.080746,0.11529,0.099479,0.10992,0.13929,0.10756,0.10015,0.11007,0.13293,0.11139,0.094106,0.1154,0.089672,0.10563,0.1238,0.09775,0.12863,0.093498,0.14767,0.12307,0.11087,0.10938,0.077536,0.10478,0.075024,0.090474,0.096417,0.10281,0.10319,0.098721,0.09433,0.10911,0.10688,0.10425,0.17157,0.1285,0.13984,0.084811,0.11306,0.091608,0.077919,0.12042,0.11333,0.18893,0.093498,0.069532,0.11737,0.099974,0.1005,0.068538,0.1075,0.097539,0.14163,0.10387,0.10615,0.095629,0.11318,0.10784,0.11186,0.12067,0.11572,0.12582,0.20803,0.098785,0.086313,0.096011,0.11624,0.16974,0.12885,0.11529,0.093019,0.11496,0.10515,0.14488,0.075492,0.10518,0.09232,0.10025,0.12407,0.057899,0.09619,0.10959,0.14365,0.093602,0.14439,0.11852,0.11361,0.11194,0.15721,0.088379,0.10298,0.10937,0.11491,0.11903,0.098989,0.10279,0.12779,0.092362,0.13212,0.13321,0.11559,0.22813,0.094341,0.10114,0.099848,0.068403,0.10158,0.097222,0.13646,0.07712,0.084931,0.14132,0.14629,0.10177,0.085663,0.097841,0.086859,0.19283,0.15272,0.09872,0.094638,0.11004,0.071348,0.094812,0.15031,0.094748,0.12074,0.10305,0.065789,0.094467,0.084041,0.10518,0.084035,0.10609,0.12584,0.11309,0.096893,0.12687,0.15031,0.080885,0.093121,0.10174,0.10112,0.19338,0.12213,0.16183,0.10081,0.090243,0.10336,0.07766,0.11029,0.10227,0.11741,0.084777,0.12693,0.089877,0.10281,0.10626,0.11697,0.089175,0.081851,0.25513,0.10739,0.077033,0.122,0.2266,0.12686,0.085612,0.098985,0.14536,0.089937,0.093467,0.092465,0.10625,0.11748,0.091292,0.09569,0.1454,0.096547,0.094121,0.14157,0.06703,0.11898,0.14244,0.098071,0.10395,0.1134
0.15195,0.060907,0.060967,0.096841,0.097086,0.25116,0.075309,0.095275,0.09225,0,0.046016,0.073245,0.06904,0.05319,0.090458,0.048452,0.085916,0.091062,0.043853,0.087548,0.098423,0.078399,0.085561,0.10579,0.081332,0.05463,0.063421,0.06801,0.073664,0.10961,0.041056,0.087644,0.079229,0.059529,0.04603,0.065353,0.10695,0.057036,0.085238,0.074357,0.066232,0.046307,0.05531,0.057323,0.054827,0.064185,0.05895,0.13855,0.13074,0.12204,0.093369,0.093738,0.084665,0.06028,0.081953,0.091627,0.20893,0.041056,0.041205,0.073254,0.064503,0.093554,0.053517,0.057479,0.077781,0.16183,0.069123,0.049832,0.048524,0.049132,0.060629,0.064389,0.083958,0.071137,0.066733,0.21185,0.060439,0.057696,0.062166,0.058944,0.10551,0.074441,0.10233,0.063837,0.05925,0.046662,0.12453,0.0859,0.063326,0.052973,0.062104,0.093206,0.058251,0.053845,0.063302,0.097268,0.046966,0.11093,0.085062,0.076143,0.066016,0.10904,0.054427,0.071449,0.061891,0.11437,0.05767,0.049281,0.067927,0.069044,0.044119,0.089665,0.092174,0.074494,0.23753,0.056384,0.091125,0.042112,0.081436,0.055759,0.055273,0.11003,0.054185,0.12646,0.084027,0.078573,0.044052,0.043158,0.064923,0.060591,0.1917,0.11227,0.050948,0.039145,0.057371,0.05999,0.068301,0.096985,0.044149,0.062614,0.066992,0.073314,0.068085,0.072829,0.048682,0.066428,0.095837,0.056648,0.1161,0.044904,0.078629,0.10453,0.050967,0.061054,0.066282,0.056594,0.14263,0.05425,0.10821,0.041798,0.049961,0.053398,0.076871,0.068553,0.070467,0.064248,0.037607,0.10987,0.054002,0.11163,0.06436,0.061644,0.04153,0.072667,0.26157,0.058015,0.088874,0.096528,0.24373,0.082811,0.067857,0.063533,0.097059,0.070134,0.055978,0.057397,0.061004,0.055038,0.049781,0.052801,0.15187,0.063954,0.053979,0.15279,0.12253,0.054191,0.11184,0.05818,0.057557,0.075378
0.15028,0.054282,0.048503,0.082532,0.092544,0.25866,0.071514,0.089336,0.086722,0.046016,0,0.082948,0.063318,0.053458,0.093818,0.047754,0.081786,0.09118,0.050906,0.068078,0.091976,0.076248,0.099919,0.10621,0.083354,0.042745,0.053341,0.06951,0.067362,0.10971,0.044087,0.087977,0.074999,0.058803,0.05332,0.05748,0.11276,0.065232,0.082078,0.085011,0.051528,0.04491,0.051339,0.040858,0.051271,0.055232,0.061699,0.15343,0.13578,0.13728,0.082061,0.070758,0.07781,0.052108,0.075604,0.093463,0.1965,0.044087,0.046102,0.061521,0.068732,0.094105,0.051661,0.068835,0.070983,0.16436,0.067656,0.048545,0.058705,0.055403,0.05963,0.0648,0.076879,0.074289,0.072359,0.21092,0.055703,0.048865,0.066441,0.0448,0.10316,0.080979,0.089167,0.066382,0.042722,0.042508,0.11341,0.08057,0.047477,0.052386,0.059795,0.079842,0.065379,0.03318,0.062654,0.088085,0.050358,0.12095,0.077722,0.059835,0.069428,0.11106,0.049408,0.073205,0.053004,0.10381,0.063414,0.045676,0.064487,0.058967,0.053477,0.096959,0.084361,0.063348,0.23159,0.0473,0.091555,0.03801,0.087502,0.060763,0.048876,0.095814,0.047436,0.12723,0.082419,0.094239,0.034595,0.052541,0.058841,0.0439,0.19561,0.10887,0.05996,0.044899,0.064672,0.059394,0.07319,0.10166,0.032903,0.06108,0.068135,0.067407,0.060846,0.066797,0.036345,0.061418,0.10171,0.060087,0.10402,0.041159,0.083961,0.1111,0.049401,0.034192,0.047241,0.057538,0.13503,0.060459,0.10458,0.045152,0.032042,0.04743,0.080535,0.060617,0.072671,0.066782,0.02977,0.11483,0.06224,0.11605,0.041996,0.063243,0.050607,0.069797,0.25118,0.051283,0.081001,0.091155,0.23465,0.081762,0.075264,0.059218,0.095628,0.052696,0.052684,0.057232,0.059185,0.052406,0.06207,0.051508,0.15001,0.048019,0.054788,0.14134,0.12044,0.057604,0.11643,0.049917,0.039403,0.060277
0.16577,0.087476,0.09112,0.12745,0.12964,0.267,0.11226,0.10939,0.11227,0.073245,0.082948,0,0.10518,0.08562,0.12126,0.084064,0.08511,0.098941,0.07822,0.10137,0.12683,0.088899,0.10546,0.12286,0.12346,0.077152,0.10019,0.10561,0.10477,0.1383,0.083212,0.096283,0.081093,0.079143,0.090283,0.086365,0.12095,0.068932,0.10479,0.10182,0.08373,0.089056,0.084063,0.093134,0.078034,0.083567,0.081211,0.14775,0.14352,0.1395,0.10927,0.098063,0.10547,0.082126,0.1051,0.1211,0.22903,0.083212,0.07778,0.097414,0.093595,0.1141,0.078841,0.08598,0.086012,0.16124,0.10287,0.061284,0.083689,0.079065,0.094468,0.081706,0.11415,0.079174,0.083071,0.2156,0.10168,0.090506,0.080831,0.08431,0.11733,0.10745,0.10731,0.11059,0.09231,0.084587,0.09478,0.10153,0.09354,0.074664,0.086444,0.10252,0.080297,0.08362,0.079909,0.09932,0.085663,0.12593,0.12857,0.099866,0.085538,0.13527,0.067264,0.10833,0.090807,0.14125,0.079559,0.0885,0.095775,0.10254,0.079048,0.10959,0.13499,0.099616,0.2476,0.085917,0.10032,0.066282,0.10261,0.090022,0.075533,0.11204,0.093673,0.14869,0.1201,0.11966,0.085826,0.074692,0.094517,0.10241,0.19833,0.13206,0.090814,0.076341,0.085371,0.091382,0.099192,0.11881,0.077748,0.088666,0.11051,0.10618,0.090502,0.076768,0.082923,0.086895,0.12267,0.080243,0.1072,0.072338,0.10612,0.12636,0.084799,0.083473,0.092841,0.082696,0.12634,0.077872,0.13884,0.07737,0.086461,0.084827,0.1036,0.071996,0.095433,0.10069,0.072421,0.15539,0.079373,0.13935,0.092082,0.09326,0.070652,0.098427,0.26835,0.09654,0.10725,0.099344,0.2602,0.10145,0.11138,0.098291,0.10398,0.1111,0.0845,0.087475,0.084275,0.090472,0.074252,0.090007,0.18958,0.095323,0.088756,0.14932,0.1419,0.084752,0.13099,0.078063,0.081888,0.086007
0.17837,0.067672,0.075864,0.11096,0.12463,0.28921,0.074356,0.1124,0.12732,0.06904,0.063318,0.10518,0,0.086618,0.098998,0.055808,0.10912,0.091753,0.059693,0.087217,0.12822,0.081376,0.11138,0.12292,0.07801,0.068124,0.079189,0.083793,0.088909,0.12743,0.068374,0.093341,0.099917,0.068518,0.070853,0.088635,0.12578,0.085481,0.10491,0.11285,0.072591,0.063911,0.061924,0.065367,0.068162,0.081172,0.085747,0.16731,0.12334,0.16117,0.11636,0.089595,0.11513,0.097657,0.10608,0.12252,0.1974,0.068374,0.086514,0.070246,0.092913,0.10884,0.084204,0.091189,0.098161,0.1794,0.098665,0.072779,0.076088,0.06767,0.061287,0.089667,0.081612,0.089936,0.065328,0.20027,0.079016,0.080898,0.095637,0.065072,0.10109,0.083896,0.11169,0.072721,0.071293,0.061526,0.13925,0.11628,0.078244,0.077543,0.080367,0.1015,0.10346,0.066931,0.084378,0.096759,0.073908,0.13789,0.10433,0.088142,0.095471,0.13075,0.080127,0.079374,0.070232,0.10705,0.059042,0.064095,0.097986,0.063948,0.083149,0.1038,0.10543,0.096487,0.25594,0.071595,0.11699,0.060322,0.11652,0.072948,0.080574,0.13184,0.074023,0.15742,0.093694,0.097603,0.057074,0.075136,0.076215,0.071715,0.18591,0.11703,0.082587,0.071319,0.074464,0.098948,0.098087,0.11255,0.057748,0.089751,0.092626,0.10045,0.08116,0.10287,0.067478,0.10345,0.12069,0.064073,0.12374,0.074541,0.090197,0.11666,0.077749,0.068893,0.067165,0.076288,0.12196,0.062734,0.10446,0.076265,0.05909,0.083419,0.11747,0.086151,0.081039,0.082431,0.069781,0.13235,0.074265,0.1324,0.066336,0.075558,0.070968,0.097778,0.26156,0.063412,0.12743,0.1157,0.24645,0.11461,0.086853,0.080976,0.099877,0.079118,0.06918,0.092802,0.066251,0.067045,0.079462,0.080283,0.1442,0.061178,0.084223,0.15483,0.15259,0.06886,0.1143,0.087832,0.080013,0.08462
0.13165,0.077572,0.073699,0.085779,0.083346,0.24479,0.096504,0.089342,0.080746,0.05319,0.053458,0.08562,0.086618,0,0.086329,0.060503,0.065303,0.089284,0.059482,0.068864,0.098468,0.085702,0.081679,0.10344,0.0781,0.060547,0.078728,0.07155,0.072466,0.1183,0.054975,0.093499,0.089547,0.078241,0.053157,0.065346,0.10871,0.06419,0.076351,0.069619,0.071378,0.05642,0.060468,0.057633,0.069917,0.053884,0.063631,0.17024,0.13829,0.14478,0.065387,0.091381,0.064506,0.042856,0.079628,0.092553,0.19198,0.054975,0.048834,0.075739,0.058396,0.10126,0.05608,0.059539,0.077426,0.16407,0.065699,0.057911,0.065702,0.06604,0.071064,0.05865,0.097683,0.09323,0.084489,0.20803,0.064498,0.052776,0.080942,0.064196,0.11192,0.077228,0.080731,0.07174,0.070332,0.06189,0.11045,0.089186,0.068866,0.051815,0.064688,0.073971,0.065582,0.053073,0.070585,0.10513,0.055941,0.12063,0.084294,0.065776,0.060338,0.10809,0.056532,0.087237,0.086231,0.11842,0.080159,0.06155,0.065858,0.073768,0.05659,0.094291,0.083816,0.065365,0.22147,0.060896,0.085465,0.055937,0.065822,0.073305,0.063996,0.10539,0.055387,0.11477,0.095056,0.09942,0.05369,0.048488,0.07109,0.047911,0.19281,0.12443,0.066632,0.041109,0.073376,0.046653,0.057365,0.10808,0.057141,0.069584,0.079925,0.063241,0.070502,0.078018,0.046503,0.056465,0.10497,0.074885,0.098372,0.048649,0.084754,0.10906,0.053902,0.061709,0.06936,0.058177,0.14882,0.075962,0.13073,0.049735,0.053222,0.063182,0.059712,0.079202,0.061279,0.072341,0.048361,0.10754,0.061367,0.11011,0.065694,0.070601,0.053775,0.068753,0.26717,0.075318,0.070306,0.10163,0.23623,0.071491,0.063971,0.063431,0.098062,0.063129,0.055804,0.049399,0.068966,0.074757,0.065175,0.063965,0.14229,0.062466,0.062092,0.14715,0.10434,0.069814,0.11438,0.053172,0.065479,0.075393
0.16428,0.10347,0.096275,0.103,0.11136,0.26453,0.10386,0.11834,0.11529,0.090458,0.093818,0.12126,0.098998,0.086329,0,0.093996,0.1117,0.094076,0.08947,0.11016,0.1242,0.10723,0.085431,0.12622,0.070872,0.093885,0.10238,0.11083,0.10637,0.1416,0.086486,0.1228,0.1073,0.096589,0.087345,0.10269,0.10309,0.099751,0.11926,0.11064,0.10231,0.093601,0.096369,0.082417,0.097269,0.10131,0.095428,0.18618,0.14569,0.17578,0.099587,0.11296,0.1169,0.092969,0.11248,0.11396,0.21211,0.086486,0.085405,0.096766,0.098857,0.11204,0.094203,0.1037,0.11105,0.18145,0.09462,0.084809,0.091032,0.094832,0.089398,0.10262,0.12858,0.12305,0.099226,0.19656,0.10194,0.087971,0.099647,0.09584,0.1417,0.078542,0.11806,0.10689,0.084445,0.095193,0.14332,0.1081,0.095469,0.08686,0.085899,0.10128,0.10964,0.085729,0.10473,0.12087,0.089322,0.11995,0.10715,0.10262,0.10577,0.14927,0.095584,0.10228,0.11566,0.12408,0.094381,0.0871,0.096557,0.10125,0.10023,0.11894,0.11506,0.12696,0.23665,0.096954,0.098554,0.097675,0.10261,0.095097,0.10242,0.16666,0.082126,0.14708,0.10045,0.096602,0.082312,0.083495,0.088358,0.076492,0.1849,0.1763,0.096529,0.084936,0.10757,0.072543,0.095488,0.12137,0.091352,0.10668,0.081298,0.095477,0.09021,0.12671,0.094154,0.11942,0.10249,0.10342,0.12837,0.09818,0.10597,0.14562,0.091793,0.088481,0.081973,0.098548,0.16799,0.098357,0.11825,0.10234,0.081209,0.085668,0.11226,0.107,0.068201,0.10355,0.089427,0.12916,0.086885,0.11149,0.093142,0.10931,0.092734,0.10137,0.24854,0.096375,0.10635,0.12484,0.25021,0.12118,0.091881,0.10317,0.11834,0.076934,0.092611,0.090028,0.087715,0.095516,0.099233,0.09451,0.15969,0.08172,0.092576,0.17327,0.12944,0.094959,0.11914,0.097569,0.096339,0.10449
0.15419,0.045613,0.055304,0.093259,0.10384,0.25588,0.069202,0.089762,0.099479,0.048452,0.047754,0.084064,0.055808,0.060503,0.093996,0,0.088474,0.080729,0.038909,0.082745,0.10108,0.073765,0.092748,0.097153,0.084611,0.058654,0.071889,0.071883,0.059414,0.12418,0.0428,0.083219,0.081513,0.052444,0.060864,0.055987,0.092563,0.061843,0.07674,0.092157,0.048301,0.038807,0.037275,0.044189,0.049536,0.068147,0.061622,0.14862,0.1227,0.14633,0.0971,0.079015,0.093508,0.069563,0.079916,0.099755,0.19536,0.0428,0.053837,0.063304,0.072032,0.082157,0.067127,0.06407,0.091259,0.1655,0.070949,0.055247,0.04346,0.047958,0.043921,0.074956,0.064995,0.066896,0.059223,0.20492,0.061676,0.061299,0.078366,0.049614,0.10403,0.078551,0.10839,0.069971,0.061121,0.051822,0.12424,0.10521,0.062861,0.061904,0.065848,0.083231,0.071679,0.050852,0.058283,0.091143,0.047502,0.12904,0.081789,0.065326,0.070691,0.11148,0.055932,0.075377,0.055568,0.10756,0.048049,0.042,0.087596,0.061274,0.053187,0.080245,0.093523,0.072102,0.24886,0.059764,0.081597,0.043061,0.088893,0.044636,0.051924,0.11801,0.049801,0.12046,0.078453,0.087946,0.042066,0.040942,0.048792,0.050531,0.18834,0.11297,0.053809,0.04935,0.040627,0.077145,0.061249,0.10821,0.032916,0.062162,0.077728,0.073607,0.071221,0.084815,0.053576,0.081845,0.088348,0.056816,0.10241,0.043949,0.076199,0.096072,0.056507,0.054925,0.057937,0.035345,0.1307,0.052704,0.11017,0.046868,0.044097,0.065993,0.086321,0.057588,0.063101,0.07726,0.048453,0.12991,0.041811,0.11529,0.054279,0.056717,0.038806,0.088411,0.261,0.054738,0.097125,0.10423,0.2307,0.095737,0.072831,0.056694,0.09466,0.061695,0.052567,0.067193,0.035597,0.052878,0.047233,0.067691,0.14483,0.048148,0.068524,0.15484,0.12271,0.058129,0.097498,0.063899,0.064337,0.067102
0.15803,0.10033,0.09309,0.12023,0.11148,0.27646,0.10804,0.079895,0.10992,0.085916,0.081786,0.08511,0.10912,0.065303,0.1117,0.088474,0,0.092008,0.083211,0.083566,0.12748,0.083695,0.11285,0.12539,0.11224,0.086067,0.091037,0.095559,0.10627,0.13638,0.08053,0.08992,0.092576,0.098251,0.087832,0.092237,0.12291,0.101,0.1014,0.090007,0.08748,0.092067,0.08804,0.092277,0.084871,0.083416,0.081528,0.171,0.15119,0.14646,0.069188,0.092147,0.081287,0.072899,0.094994,0.115,0.19892,0.08053,0.081358,0.081232,0.089244,0.1195,0.092846,0.0859,0.077286,0.18066,0.076955,0.070834,0.089577,0.083571,0.094442,0.072419,0.12352,0.10004,0.10137,0.23475,0.093758,0.086713,0.10626,0.083638,0.10666,0.096737,0.079208,0.098441,0.087778,0.081787,0.11128,0.10157,0.085949,0.077341,0.099554,0.086216,0.095942,0.084355,0.084119,0.1045,0.080176,0.1269,0.11662,0.082206,0.074554,0.10483,0.072942,0.11289,0.10142,0.13144,0.091301,0.09251,0.089821,0.088976,0.082148,0.10409,0.10422,0.080749,0.21921,0.080645,0.089446,0.083729,0.11485,0.098527,0.086767,0.11376,0.099449,0.14739,0.117,0.13307,0.082272,0.083446,0.10017,0.09332,0.22561,0.14765,0.086035,0.069172,0.092213,0.082913,0.093624,0.10958,0.081479,0.075076,0.11341,0.088851,0.094104,0.09445,0.065069,0.076673,0.13304,0.085932,0.099164,0.076631,0.10083,0.11128,0.097222,0.083678,0.091411,0.076589,0.13841,0.08885,0.14868,0.070308,0.089842,0.082105,0.085247,0.083582,0.080033,0.090951,0.071157,0.12689,0.086818,0.14262,0.091244,0.086115,0.087175,0.083291,0.26863,0.091924,0.099118,0.084233,0.243,0.083646,0.11735,0.093728,0.096313,0.094283,0.090598,0.074718,0.090615,0.093261,0.093508,0.087014,0.17643,0.091102,0.081485,0.15538,0.13774,0.084347,0.13368,0.067037,0.090809,0.10396
0.18394,0.085327,0.099459,0.13676,0.13236,0.28914,0.10171,0.11037,0.13929,0.091062,0.09118,0.098941,0.091753,0.089284,0.094076,0.080729,0.092008,0,0.070021,0.10688,0.12797,0.04563,0.10526,0.12908,0.10758,0.092353,0.093242,0.090173,0.11721,0.14933,0.082846,0.055115,0.087097,0.070263,0.087239,0.10232,0.11985,0.10043,0.13064,0.10252,0.083324,0.076624,0.081293,0.09035,0.068876,0.09536,0.088229,0.18149,0.15018,0.18772,0.11203,0.10101,0.12726,0.093386,0.10764,0.12538,0.2287,0.082846,0.10271,0.083573,0.11281,0.12243,0.10193,0.10269,0.11143,0.19377,0.092909,0.071034,0.088356,0.067075,0.080275,0.09026,0.10995,0.10715,0.067087,0.2131,0.098555,0.10157,0.10735,0.080943,0.10661,0.095502,0.12856,0.11376,0.073476,0.08342,0.13013,0.13122,0.081467,0.086288,0.094007,0.087339,0.1231,0.082749,0.087283,0.081778,0.079326,0.11821,0.1198,0.07979,0.081924,0.12964,0.081009,0.11671,0.088779,0.14237,0.065533,0.087253,0.093221,0.088444,0.10081,0.1116,0.10846,0.101,0.23825,0.092237,0.10318,0.079911,0.12672,0.075032,0.084179,0.14601,0.096467,0.16471,0.090227,0.10696,0.076362,0.073375,0.091678,0.093866,0.20377,0.15606,0.097868,0.081664,0.087115,0.10392,0.10884,0.073888,0.075884,0.077737,0.107,0.10736,0.096183,0.12666,0.079314,0.11102,0.11787,0.081159,0.12028,0.080974,0.11251,0.11817,0.10359,0.085824,0.090577,0.080234,0.13894,0.066727,0.11235,0.079453,0.084075,0.091428,0.1268,0.076399,0.075914,0.094449,0.091481,0.15187,0.077701,0.11905,0.088156,0.090733,0.073763,0.12101,0.26614,0.093639,0.12094,0.12694,0.28162,0.10703,0.11728,0.11075,0.048091,0.091518,0.085439,0.093299,0.071673,0.07108,0.078538,0.10321,0.18396,0.079738,0.099992,0.18254,0.16701,0.075994,0.13135,0.084924,0.091494,0.078632
0.16954,0.050483,0.057818,0.10596,0.10845,0.27382,0.060379,0.097289,0.10756,0.043853,0.050906,0.07822,0.059693,0.059482,0.08947,0.038909,0.083211,0.070021,0,0.077738,0.10079,0.062569,0.084138,0.11461,0.081937,0.04933,0.063193,0.059355,0.080419,0.1182,0.031935,0.062581,0.065021,0.046399,0.044467,0.060606,0.10647,0.067806,0.097941,0.081992,0.054391,0.035864,0.031333,0.041328,0.037357,0.059749,0.04413,0.14204,0.12625,0.14029,0.094205,0.083646,0.094117,0.072943,0.072034,0.095911,0.21333,0.031935,0.060619,0.052279,0.072556,0.10092,0.067623,0.064701,0.080251,0.17198,0.059797,0.046666,0.038096,0.03165,0.046596,0.063392,0.078663,0.069197,0.043049,0.20588,0.055807,0.063716,0.072704,0.037407,0.095968,0.065732,0.10383,0.077793,0.048312,0.045967,0.11218,0.10058,0.04961,0.046401,0.059997,0.071476,0.07664,0.050806,0.050983,0.088372,0.042075,0.11749,0.078788,0.063028,0.0645,0.11313,0.049267,0.068145,0.046893,0.10578,0.034001,0.038963,0.071368,0.05116,0.047747,0.080071,0.083847,0.072159,0.23603,0.045568,0.089882,0.039818,0.092326,0.044546,0.037457,0.11714,0.062209,0.14333,0.064075,0.077849,0.028975,0.035327,0.060502,0.058132,0.19294,0.11071,0.052232,0.036939,0.043769,0.076948,0.078142,0.085972,0.030169,0.05015,0.06671,0.0813,0.068924,0.090404,0.041787,0.083897,0.10421,0.044245,0.11517,0.033218,0.068068,0.090771,0.057628,0.05942,0.064196,0.037672,0.12042,0.034272,0.10286,0.045502,0.049254,0.05404,0.089125,0.055696,0.05651,0.057396,0.044964,0.12262,0.047651,0.12128,0.057162,0.05352,0.034277,0.078915,0.26586,0.047487,0.097319,0.098755,0.25501,0.093388,0.084456,0.066666,0.079797,0.0599,0.042842,0.059986,0.042691,0.034189,0.037723,0.06623,0.16442,0.048371,0.062593,0.16328,0.13873,0.042973,0.10292,0.058806,0.06342,0.055783
0.1567,0.096399,0.076633,0.098782,0.10262,0.26955,0.10209,0.095735,0.10015,0.087548,0.068078,0.10137,0.087217,0.068864,0.11016,0.082745,0.083566,0.10688,0.077738,0,0.11668,0.10129,0.10211,0.11573,0.092101,0.072067,0.096006,0.086622,0.085768,0.12288,0.08366,0.10302,0.096508,0.086385,0.089486,0.078398,0.12836,0.086538,0.088039,0.096206,0.083239,0.087036,0.076125,0.0695,0.084718,0.079576,0.089698,0.17644,0.12382,0.15319,0.073497,0.088526,0.084979,0.084432,0.09487,0.10481,0.16743,0.08366,0.081056,0.090433,0.089164,0.11982,0.079374,0.10991,0.060864,0.15963,0.088731,0.080896,0.090265,0.087532,0.088005,0.08787,0.11805,0.10119,0.0877,0.22311,0.075872,0.090004,0.10544,0.078412,0.13504,0.10364,0.097571,0.09009,0.081415,0.085685,0.11267,0.096897,0.063915,0.07983,0.084039,0.078343,0.093474,0.066448,0.10116,0.11067,0.082497,0.14848,0.11081,0.091021,0.10035,0.13628,0.078476,0.10552,0.085579,0.083877,0.087504,0.083911,0.08645,0.087203,0.079056,0.11902,0.10811,0.084665,0.22797,0.066647,0.10803,0.076457,0.09707,0.097109,0.081915,0.10869,0.076095,0.14262,0.10931,0.13487,0.070624,0.083567,0.089066,0.074672,0.21464,0.12111,0.09911,0.079138,0.095343,0.08353,0.09786,0.12485,0.073535,0.095353,0.097257,0.082963,0.08762,0.077028,0.070719,0.091059,0.13222,0.090988,0.11749,0.078527,0.098614,0.1271,0.077901,0.071824,0.081411,0.081123,0.13144,0.091015,0.15342,0.077112,0.067327,0.091468,0.10097,0.093591,0.087636,0.092418,0.068108,0.12542,0.080935,0.13195,0.076624,0.084412,0.084,0.078909,0.2805,0.078796,0.093787,0.10724,0.23842,0.11641,0.094418,0.077373,0.11407,0.084626,0.083523,0.088485,0.090198,0.089068,0.091618,0.071981,0.15037,0.063507,0.092226,0.14844,0.12622,0.090889,0.13319,0.083133,0.08864,0.083732
0.18559,0.09353,0.096351,0.1259,0.12581,0.25324,0.11845,0.10925,0.11007,0.098423,0.091976,0.12683,0.12822,0.098468,0.1242,0.10108,0.12748,0.12797,0.10079,0.11668,0,0.12889,0.113,0.1372,0.12019,0.10858,0.11072,0.098029,0.11132,0.15352,0.092929,0.12769,0.10965,0.1013,0.1051,0.07702,0.1269,0.11147,0.12733,0.11798,0.094363,0.093499,0.10318,0.088485,0.10514,0.095966,0.10448,0.16721,0.1725,0.16397,0.12593,0.10067,0.11651,0.087112,0.094832,0.11118,0.22416,0.092929,0.084669,0.10952,0.10061,0.13414,0.099245,0.11243,0.11059,0.21169,0.10714,0.10267,0.089077,0.10325,0.12009,0.099815,0.1242,0.11535,0.11297,0.24345,0.10347,0.098182,0.084193,0.096943,0.1507,0.10533,0.13346,0.101,0.10071,0.098691,0.15588,0.12139,0.086259,0.10829,0.087969,0.12958,0.10047,0.096378,0.095335,0.12303,0.08892,0.12997,0.1173,0.10208,0.10158,0.15526,0.080473,0.13146,0.10221,0.14015,0.11049,0.096279,0.089359,0.11019,0.10561,0.14166,0.1121,0.10065,0.2261,0.099211,0.12437,0.10148,0.1079,0.10843,0.088018,0.13292,0.089017,0.15347,0.10659,0.12894,0.096154,0.098691,0.10631,0.093889,0.23289,0.12993,0.095961,0.10542,0.093787,0.10164,0.10098,0.13099,0.091327,0.092523,0.091367,0.1133,0.099983,0.12205,0.097434,0.12348,0.12931,0.12164,0.12847,0.092669,0.12215,0.15058,0.10558,0.10286,0.099461,0.094367,0.17453,0.10794,0.14676,0.088289,0.091091,0.090708,0.086726,0.10101,0.11831,0.11432,0.09527,0.14826,0.10713,0.14624,0.099924,0.10832,0.093562,0.11074,0.26813,0.10148,0.099475,0.12974,0.27039,0.11966,0.11382,0.096284,0.13679,0.099185,0.11453,0.091102,0.091734,0.092585,0.10313,0.10433,0.17573,0.10286,0.096448,0.19944,0.15073,0.097838,0.14833,0.086029,0.10139,0.1017
0.184,0.079534,0.095274,0.13237,0.1311,0.28616,0.0946,0.11408,0.13293,0.078399,0.076248,0.088899,0.081376,0.085702,0.10723,0.073765,0.083695,0.04563,0.062569,0.10129,0.12889,0,0.10911,0.13181,0.11518,0.078859,0.074762,0.079641,0.11327,0.13954,0.071742,0.039858,0.073119,0.067049,0.0736,0.096278,0.13218,0.099231,0.12349,0.10213,0.069577,0.072265,0.07357,0.085526,0.057754,0.084665,0.077645,0.16198,0.15587,0.17109,0.10941,0.093208,0.11792,0.086965,0.097683,0.11856,0.22409,0.071742,0.096209,0.076079,0.1048,0.11945,0.10035,0.091171,0.10098,0.19529,0.083823,0.056366,0.084449,0.052905,0.07189,0.079151,0.091046,0.09558,0.064363,0.20828,0.091625,0.09765,0.10007,0.069571,0.091123,0.095542,0.11406,0.10456,0.065987,0.062319,0.12395,0.12174,0.078196,0.079694,0.096584,0.085403,0.11024,0.074774,0.073284,0.05724,0.072886,0.11178,0.11394,0.071079,0.070946,0.1086,0.069748,0.10378,0.072683,0.141,0.056824,0.084694,0.093001,0.081425,0.085238,0.098452,0.10311,0.087604,0.24937,0.088615,0.11086,0.068222,0.13117,0.07041,0.074301,0.13312,0.090402,0.1633,0.096693,0.10291,0.069313,0.069903,0.085685,0.093435,0.19959,0.13819,0.090545,0.071528,0.080761,0.10177,0.11123,0.059956,0.066312,0.068512,0.10269,0.10408,0.088673,0.11254,0.065846,0.097847,0.12064,0.068177,0.11777,0.065258,0.1109,0.10436,0.099783,0.078001,0.084495,0.073148,0.13936,0.053623,0.10655,0.070804,0.079072,0.086185,0.12132,0.065556,0.079848,0.079654,0.078607,0.13963,0.079168,0.12305,0.079039,0.070219,0.070864,0.11285,0.26356,0.080611,0.11435,0.11711,0.27308,0.094098,0.11986,0.10773,0.034015,0.091841,0.074007,0.091127,0.075385,0.058038,0.074809,0.092452,0.18165,0.083314,0.0811,0.16506,0.16294,0.060299,0.1326,0.07514,0.082461,0.072837
0.16164,0.10722,0.092934,0.12309,0.13076,0.25249,0.10949,0.12368,0.11139,0.085561,0.099919,0.10546,0.11138,0.081679,0.085431,0.092748,0.11285,0.10526,0.084138,0.10211,0.113,0.10911,0,0.13748,0.09651,0.088158,0.1201,0.11686,0.10453,0.15871,0.085049,0.11519,0.097982,0.096998,0.092782,0.090633,0.11131,0.086208,0.10763,0.10681,0.10446,0.096647,0.094449,0.083166,0.092864,0.092292,0.097944,0.15018,0.15238,0.16523,0.1021,0.11077,0.094775,0.097136,0.10621,0.097332,0.19717,0.085049,0.09096,0.11635,0.090473,0.11815,0.098954,0.090547,0.10689,0.17938,0.095995,0.081302,0.08962,0.09006,0.094187,0.097164,0.13364,0.10117,0.093967,0.19087,0.0968,0.10257,0.094154,0.093135,0.14957,0.088315,0.11972,0.11301,0.10046,0.095039,0.13517,0.12277,0.10012,0.090498,0.079781,0.094133,0.092471,0.087506,0.098639,0.11871,0.080386,0.11172,0.11706,0.10284,0.096607,0.13632,0.08968,0.11373,0.10782,0.13565,0.090404,0.096763,0.097336,0.10252,0.083919,0.11089,0.1266,0.12408,0.25132,0.10277,0.11414,0.089846,0.09325,0.09722,0.090434,0.16089,0.0827,0.13807,0.10331,0.10652,0.0902,0.07824,0.088123,0.09133,0.18451,0.14384,0.096324,0.086201,0.10049,0.078971,0.088895,0.12282,0.09083,0.1027,0.082239,0.1042,0.091464,0.11941,0.096637,0.12195,0.11276,0.10147,0.12771,0.089406,0.10839,0.13071,0.096366,0.10189,0.1028,0.08897,0.1703,0.099308,0.1503,0.093988,0.087801,0.093767,0.10838,0.094497,0.082829,0.1133,0.092213,0.13212,0.086745,0.10811,0.10048,0.097418,0.083695,0.1113,0.26677,0.10165,0.095113,0.1413,0.25815,0.12631,0.096041,0.092357,0.11319,0.10209,0.090675,0.097774,0.086849,0.095735,0.086558,0.098908,0.15731,0.094314,0.085359,0.1852,0.1268,0.10207,0.11372,0.094688,0.10707,0.093242
