0,0.11387,0.12047,0.10619,0.10498,0.12539,0.083495,0.10124,0.10217,0.087886,0.07337,0.14677,0.0942,0.083037,0.1257,0.086265,0.10813,0.097022,0.081047,0.097831,0.11701,0.095188,0.12856,0.036669,0.11532,0.080998,0.092199,0.10246,0.082605,0.10525,0.074963,0.097903,0.11066,0.091933,0.088289,0.098968,0.13574,0.083426,0.17094,0.091,0.083942,0.13499,0.085306,0.092327,0.085409,0.085976,0.085028,0.10557,0.097923,0.13847,0.092906,0.11262,0.10676,0.097097,0.14261,0.09363,0.093693,0.077649,0.09997,0.11394,0.08628,0.069342,0.073487,0.11,0.08341,0.051041,0.09639,0.098537,0.12702,0.089909,0.094339,0.090199,0.11584,0.09324,0.077851,0.085499,0.076906,0.079414,0.084057,0.08898,0.13224,0.1362,0.12176,0.074295,0.11762,0.090187,0.10674,0.082359,0.10816,0.09919,0.11672,0.091051,0.10308,0.071272,0.10229,0.09044,0.080136,0.11648,0.093578,0.087403,0.098014,0.11252,0.088657,0.091379,0.084968,0.10078,0.088521,0.084453,0.10692,0.088614,0.10305,0.10825,0.15742,0.083108,0.11778,0.13917,0.091877,0.088157,0.12718,0.088244,0.076542,0.22039,0.086355,0.10061,0.092093,0.097212,0.078257,0.084289,0.11213,0.085718,0.078132,0.18552,0.092076,0.071252,0.087721,0.11325,0.085725,0.093201,0.085856,0.1175,0.094793,0.043531,0.095979,0.091841,0.092969,0.098557,0.11501,0.11265,0.14987,0.10473,0.12981,0.073506,0.1226,0.088941,0.10818,0.093356,0.16448,0.091319,0.11383,0.09131,0.095439,0.10444,0.07561,0.082726,0.099142,0.087169,0.082847,0.337,0.098374,0.15344,0.11125,0.097925,0.10022,0.11033,0.097778,0.073839,0.11125,0.077841,0.14584,0.083823,0.11795,0.10286,0.11349,0.11012,0.08929,0.087202,0.08815,0.092598,0.10004,0.085366,0.078472,0.10672,0.086064,0.10119,0.107,0.10943,0.087759,0.085805,0.081215,0.089704
0.11387,0,0.12158,0.097899,0.11274,0.14081,0.087056,0.10636,0.11221,0.078471,0.071597,0.16844,0.076945,0.089122,0.12139,0.071531,0.13035,0.097407,0.083284,0.10025,0.13926,0.09089,0.11833,0.10079,0.12222,0.066849,0.095178,0.080696,0.099713,0.085409,0.083197,0.088896,0.099779,0.081364,0.084728,0.076592,0.19105,0.071444,0.18235,0.077603,0.082849,0.12345,0.080131,0.074377,0.079763,0.10286,0.084168,0.093138,0.11002,0.16203,0.10262,0.076932,0.095858,0.091427,0.16005,0.098799,0.13019,0.083399,0.1029,0.096806,0.08045,0.13562,0.075245,0.089692,0.080681,0.095845,0.083594,0.11749,0.11944,0.091441,0.081942,0.10348,0.082662,0.10801,0.077794,0.071839,0.076461,0.078674,0.091704,0.081498,0.067906,0.11446,0.14218,0.091056,0.10246,0.095638,0.090452,0.10614,0.10232,0.11473,0.13662,0.085079,0.14436,0.10151,0.10478,0.11843,0.075705,0.13496,0.088675,0.096159,0.11212,0.088673,0.1022,0.095537,0.080269,0.13232,0.073055,0.065764,0.09218,0.10733,0.11227,0.10726,0.14328,0.087125,0.076947,0.090569,0.072738,0.078247,0.098197,0.078601,0.082484,0.22077,0.083482,0.12628,0.089002,0.087248,0.077439,0.086051,0.11542,0.074947,0.076621,0.18443,0.091351,0.080477,0.083047,0.1009,0.10008,0.10333,0.082224,0.12832,0.10415,0.10389,0.13497,0.11219,0.079704,0.088782,0.14342,0.096936,0.13427,0.10178,0.12048,0.086468,0.11921,0.079502,0.085561,0.073289,0.18616,0.075798,0.091709,0.095766,0.064717,0.089554,0.091923,0.068411,0.080115,0.10281,0.090044,0.36601,0.074905,0.14835,0.10573,0.094641,0.078885,0.11288,0.12004,0.10599,0.094639,0.12264,0.16356,0.072974,0.12075,0.10362,0.10767,0.1,0.11631,0.088109,0.080615,0.078539,0.059989,0.091491,0.13524,0.096545,0.091573,0.11843,0.12556,0.091979,0.10374,0.076243,0.090248,0.090175
0.12047,0.12158,0,0.11488,0.1146,0.13546,0.092372,0.092894,0.088134,0.087391,0.075239,0.14018,0.077507,0.076658,0.11022,0.075134,0.13501,0.090221,0.066035,0.11553,0.10246,0.080341,0.11163,0.10955,0.10704,0.083122,0.070301,0.088197,0.10005,0.092032,0.069607,0.07719,0.08618,0.077326,0.072417,0.084248,0.16283,0.083951,0.21046,0.076789,0.072768,0.12582,0.086634,0.069583,0.067955,0.084772,0.11141,0.068912,0.10077,0.14543,0.063557,0.11001,0.093674,0.10419,0.072452,0.083394,0.13819,0.068004,0.13005,0.079913,0.10101,0.14156,0.1008,0.096388,0.085332,0.10953,0.081133,0.097647,0.10559,0.07,0.084297,0.11067,0.11852,0.11619,0.070861,0.10006,0.0723,0.084753,0.093852,0.073837,0.13391,0.10432,0.14761,0.065705,0.10662,0.085342,0.078586,0.1036,0.096286,0.11014,0.10847,0.094393,0.13731,0.085889,0.093488,0.06325,0.07683,0.1019,0.083058,0.096201,0.084882,0.084807,0.079292,0.086552,0.077904,0.11328,0.074642,0.074513,0.084058,0.067739,0.083407,0.09444,0.13925,0.082494,0.12877,0.16989,0.073152,0.086899,0.14115,0.08146,0.087078,0.25259,0.07714,0.12976,0.097075,0.078532,0.078525,0.082723,0.11058,0.073302,0.087675,0.15334,0.061859,0.089841,0.081249,0.094234,0.10679,0.049247,0.074013,0.11808,0.068643,0.11038,0.1559,0.09561,0.096774,0.092534,0.16285,0.077118,0.11135,0.068876,0.10709,0.094253,0.12574,0.10143,0.10918,0.083271,0.21457,0.074009,0.098567,0.090551,0.094682,0.10693,0.109,0.11411,0.082593,0.1144,0.074271,0.34098,0.069939,0.14183,0.09787,0.072716,0.080302,0.11229,0.12109,0.10778,0.093137,0.13211,0.18417,0.093705,0.13235,0.11211,0.086838,0.09755,0.089269,0.094414,0.083257,0.082848,0.08521,0.072674,0.1234,0.099705,0.08544,0.10527,0.13465,0.086545,0.071558,0.086459,0.078003,0.072424
0.10619,0.097899,0.11488,0,0.082562,0.10529,0.065293,0.072899,0.085914,0.10211,0.069891,0.13474,0.095768,0.076906,0.082874,0.074317,0.11726,0.091081,0.089579,0.064622,0.12267,0.083133,0.088176,0.096032,0.083327,0.071766,0.083842,0.073633,0.078959,0.070793,0.084428,0.094186,0.09229,0.07072,0.072562,0.075599,0.18794,0.071168,0.16719,0.074811,0.082039,0.11844,0.068927,0.089498,0.076524,0.071419,0.06606,0.088814,0.081793,0.15261,0.094269,0.080033,0.09923,0.09268,0.14612,0.095935,0.11015,0.08002,0.08966,0.079096,0.078519,0.12671,0.09445,0.1027,0.05092,0.082256,0.10105,0.10162,0.11327,0.071329,0.082716,0.073319,0.10361,0.055757,0.066959,0.070195,0.071727,0.065151,0.0959,0.091461,0.086088,0.092057,0.1215,0.08577,0.085278,0.097477,0.096974,0.082788,0.095777,0.10506,0.12188,0.074737,0.12778,0.072853,0.10027,0.10116,0.083353,0.12072,0.06925,0.065358,0.090376,0.077645,0.076871,0.10659,0.078853,0.11525,0.07758,0.076892,0.079068,0.10611,0.090209,0.10027,0.16869,0.084678,0.086253,0.11096,0.085072,0.056748,0.099391,0.081934,0.066884,0.19375,0.06405,0.093715,0.08281,0.087585,0.071019,0.084829,0.1164,0.066376,0.072131,0.16277,0.093054,0.071833,0.081878,0.074451,0.087799,0.1007,0.078268,0.0931,0.087256,0.10154,0.12729,0.08849,0.092513,0.06317,0.14424,0.097253,0.15848,0.084439,0.12029,0.084179,0.12253,0.059128,0.073223,0.070708,0.18064,0.080245,0.088738,0.089001,0.073678,0.069337,0.075658,0.077801,0.07838,0.091535,0.071014,0.37138,0.070466,0.16112,0.071348,0.082674,0.086127,0.09724,0.091612,0.10048,0.07449,0.13072,0.14921,0.068758,0.10669,0.068934,0.10788,0.11713,0.09414,0.070445,0.081818,0.08109,0.080639,0.084984,0.095276,0.10478,0.06801,0.096725,0.093701,0.090455,0.082638,0.070959,0.075145,0.089372
0.10498,0.11274,0.1146,0.082562,0,0.070949,0.084224,0.09103,0.091978,0.10341,0.080666,0.13331,0.095357,0.065554,0.10581,0.087123,0.11341,0.10515,0.074506,0.080792,0.12744,0.081927,0.098973,0.083785,0.083209,0.071889,0.079838,0.074863,0.061391,0.058863,0.073786,0.10107,0.10164,0.076088,0.085662,0.076016,0.17602,0.079123,0.14834,0.073675,0.077982,0.12588,0.072485,0.095391,0.082062,0.07171,0.071848,0.085285,0.1037,0.14358,0.09936,0.12069,0.115,0.089677,0.15003,0.090817,0.10294,0.073322,0.081851,0.08578,0.076728,0.11573,0.084267,0.092832,0.06575,0.067881,0.11037,0.079672,0.10601,0.076682,0.072264,0.072046,0.1156,0.075561,0.076919,0.089017,0.072084,0.063364,0.10342,0.10186,0.11077,0.11153,0.13124,0.069363,0.10166,0.099714,0.085865,0.061028,0.092025,0.10089,0.10092,0.065778,0.12272,0.081892,0.093391,0.096444,0.076889,0.090628,0.059024,0.069731,0.08664,0.083008,0.068361,0.10252,0.093903,0.084136,0.075943,0.086773,0.070775,0.091375,0.094208,0.086753,0.18982,0.073024,0.079164,0.11545,0.092278,0.08303,0.099572,0.079078,0.072188,0.20066,0.070958,0.065023,0.066539,0.079393,0.077997,0.074838,0.1333,0.072499,0.071056,0.17054,0.092205,0.066511,0.085461,0.090825,0.056503,0.091297,0.076888,0.079853,0.082124,0.088614,0.12496,0.097172,0.10815,0.082605,0.13773,0.10772,0.14341,0.092899,0.13577,0.092985,0.1003,0.075837,0.081263,0.069306,0.17318,0.090091,0.091057,0.092345,0.065221,0.082066,0.076853,0.084175,0.097032,0.094158,0.072508,0.36159,0.082991,0.13051,0.10182,0.099885,0.074886,0.097263,0.10077,0.090869,0.092426,0.10335,0.1284,0.07036,0.095509,0.06533,0.1149,0.12508,0.081325,0.070972,0.087335,0.091311,0.08644,0.081346,0.088533,0.09338,0.06485,0.073395,0.069089,0.09323,0.065617,0.073514,0.072294,0.073559
0.12539,0.14081,0.13546,0.10529,0.070949,0,0.1107,0.094046,0.11852,0.12871,0.10945,0.12211,0.12346,0.08492,0.12822,0.10853,0.12781,0.12025,0.10243,0.097171,0.16403,0.10312,0.12178,0.11051,0.11918,0.099115,0.10817,0.094681,0.096618,0.093534,0.10197,0.11538,0.13895,0.098963,0.10459,0.090282,0.19016,0.10532,0.14683,0.09661,0.099854,0.14963,0.09429,0.1191,0.10162,0.10373,0.087095,0.1133,0.11422,0.13555,0.12206,0.14286,0.13683,0.11332,0.16944,0.095577,0.11944,0.10182,0.092132,0.11183,0.098604,0.13493,0.11582,0.11093,0.085694,0.096059,0.13826,0.0906,0.1349,0.096442,0.11427,0.098429,0.14987,0.083837,0.10902,0.10409,0.10416,0.094822,0.12474,0.1228,0.12988,0.12423,0.13433,0.10081,0.1117,0.11374,0.099131,0.10289,0.12474,0.12577,0.11131,0.099392,0.13646,0.10055,0.12176,0.11513,0.10345,0.10727,0.089224,0.09359,0.10318,0.1033,0.10308,0.13565,0.1161,0.087165,0.10562,0.11141,0.10853,0.11023,0.11472,0.11248,0.21596,0.1095,0.10496,0.11449,0.12235,0.11176,0.091092,0.10999,0.09653,0.20155,0.10093,0.074,0.092517,0.10884,0.10903,0.10639,0.14912,0.10455,0.093331,0.2053,0.10992,0.099986,0.10601,0.11505,0.085958,0.11,0.096451,0.096911,0.10009,0.11927,0.13823,0.10824,0.1282,0.09993,0.13734,0.13548,0.14977,0.10431,0.14201,0.11167,0.10497,0.099473,0.093218,0.094278,0.19364,0.11396,0.10559,0.1073,0.099443,0.096965,0.094682,0.10311,0.1214,0.1134,0.097614,0.37054,0.11255,0.15573,0.1106,0.11458,0.11006,0.10975,0.12204,0.11062,0.11398,0.13562,0.113,0.1013,0.095701,0.086176,0.12454,0.15124,0.097974,0.090548,0.10664,0.12056,0.11622,0.098938,0.10722,0.1234,0.098782,0.10883,0.064442,0.12075,0.090194,0.11096,0.096804,0.09451
0.083495,0.087056,0.092372,0.065293,0.084224,0.1107,0,0.057386,0.073304,0.085896,0.041694,0.13854,0.068994,0.060047,0.084493,0.054227,0.11635,0.072087,0.058972,0.075453,0.10648,0.069369,0.092928,0.078212,0.084488,0.050344,0.061944,0.065249,0.0674,0.062966,0.060418,0.070764,0.07778,0.04745,0.060384,0.056078,0.1745,0.06476,0.17755,0.058257,0.0609,0.11717,0.054872,0.068086,0.055535,0.064378,0.055834,0.067613,0.074388,0.14868,0.070967,0.080078,0.087762,0.062666,0.12594,0.084403,0.093386,0.061164,0.095714,0.069409,0.070762,0.12121,0.067106,0.077689,0.051446,0.067278,0.079697,0.092436,0.10336,0.061701,0.068059,0.057809,0.09204,0.072651,0.048479,0.062737,0.047821,0.052129,0.078613,0.071467,0.086922,0.079329,0.11917,0.064187,0.085189,0.082646,0.075619,0.080803,0.080408,0.088735,0.106,0.066544,0.1273,0.057245,0.076964,0.080959,0.060241,0.099238,0.063768,0.067201,0.076682,0.067481,0.078397,0.075456,0.055667,0.10362,0.054085,0.052998,0.075827,0.082129,0.070773,0.096315,0.15868,0.06545,0.082552,0.11933,0.070506,0.050761,0.096351,0.06304,0.062956,0.20329,0.056516,0.091104,0.066293,0.071373,0.050384,0.054816,0.097741,0.05126,0.064609,0.17049,0.068448,0.060883,0.063562,0.071572,0.081202,0.07955,0.056428,0.0793,0.074051,0.072879,0.11227,0.082077,0.084311,0.071902,0.14135,0.083651,0.13126,0.070116,0.10319,0.063459,0.10815,0.056199,0.073207,0.049607,0.18384,0.065516,0.072428,0.076515,0.064591,0.068172,0.071025,0.060448,0.05955,0.08056,0.058716,0.35029,0.060527,0.15391,0.062029,0.066395,0.069425,0.086825,0.080875,0.078365,0.06929,0.10684,0.15233,0.052607,0.10978,0.077087,0.087485,0.092488,0.078043,0.070817,0.06122,0.059973,0.068892,0.063474,0.096958,0.073913,0.064925,0.089808,0.09957,0.077204,0.068829,0.051382,0.057734,0.063462
0.10124,0.10636,0.092894,0.072899,0.09103,0.094046,0.057386,0,0.063935,0.08554,0.064573,0.12285,0.084368,0.056794,0.075093,0.055516,0.12286,0.076434,0.068848,0.077841,0.12393,0.07255,0.079946,0.091344,0.095128,0.061043,0.072636,0.069332,0.079202,0.077275,0.068001,0.065923,0.087848,0.066934,0.058323,0.058977,0.18257,0.074618,0.18774,0.058902,0.0634,0.1261,0.061998,0.081684,0.05629,0.068186,0.069781,0.084448,0.079786,0.13519,0.07262,0.087114,0.087745,0.079327,0.12357,0.076462,0.10614,0.067786,0.09513,0.069836,0.069653,0.12849,0.080573,0.081824,0.057495,0.079233,0.082573,0.087443,0.10925,0.060604,0.080118,0.075926,0.10662,0.069677,0.065102,0.067804,0.064316,0.063608,0.081358,0.074431,0.095592,0.081843,0.12307,0.071592,0.091709,0.079985,0.076873,0.095721,0.091075,0.085439,0.10296,0.068552,0.13281,0.069516,0.091108,0.071156,0.068347,0.10277,0.070369,0.065993,0.074151,0.064912,0.080468,0.092606,0.062441,0.10583,0.068553,0.06058,0.072516,0.079204,0.063431,0.084012,0.16766,0.081225,0.089274,0.11795,0.079345,0.063946,0.10008,0.078199,0.068885,0.20495,0.068407,0.086567,0.070928,0.078771,0.069488,0.06384,0.10452,0.06606,0.06837,0.17585,0.07518,0.07514,0.066917,0.05822,0.08553,0.075636,0.066934,0.070274,0.061744,0.088916,0.12387,0.074508,0.094898,0.059272,0.14719,0.091969,0.13635,0.064249,0.1021,0.071222,0.12231,0.060792,0.066687,0.062733,0.18907,0.074561,0.08021,0.076947,0.07587,0.062937,0.07473,0.072115,0.072566,0.087722,0.062028,0.35909,0.070412,0.15064,0.048366,0.076712,0.079526,0.091986,0.086173,0.10036,0.082201,0.12187,0.14724,0.07066,0.1111,0.076963,0.087366,0.10445,0.077103,0.075876,0.072373,0.072209,0.080908,0.063368,0.095033,0.092026,0.079096,0.097399,0.087121,0.078737,0.070731,0.068704,0.065938,0.062565
0.10217,0.11221,0.088134,0.085914,0.091978,0.11852,0.073304,0.063935,0,0.079091,0.071959,0.13531,0.080819,0.061619,0.054712,0.066004,0.1179,0.074547,0.070084,0.086475,0.093323,0.080995,0.071018,0.087588,0.081574,0.067587,0.071783,0.079273,0.076168,0.073194,0.067982,0.068845,0.081614,0.070585,0.061558,0.076499,0.1815,0.073899,0.19009,0.072586,0.072582,0.11756,0.068154,0.090882,0.061458,0.06289,0.07773,0.084141,0.08068,0.13537,0.065568,0.087931,0.080466,0.082774,0.10566,0.082008,0.11219,0.067031,0.11554,0.072311,0.076226,0.13019,0.076823,0.079506,0.071523,0.082636,0.080345,0.086703,0.11833,0.07118,0.065693,0.067654,0.094915,0.079401,0.059773,0.077688,0.064164,0.057854,0.075153,0.070329,0.10325,0.086098,0.11572,0.06745,0.090178,0.087951,0.088665,0.082335,0.081476,0.093029,0.10885,0.077819,0.12281,0.07237,0.079932,0.071136,0.075458,0.096712,0.069711,0.058042,0.080181,0.061309,0.073462,0.06841,0.064826,0.10912,0.066796,0.070188,0.055801,0.075132,0.057832,0.095161,0.16296,0.072965,0.094593,0.13494,0.073903,0.070568,0.13292,0.070276,0.071535,0.21362,0.072481,0.10075,0.073921,0.073064,0.073388,0.065969,0.10455,0.075107,0.07671,0.14386,0.080277,0.071475,0.07774,0.046011,0.086674,0.070345,0.071982,0.068176,0.062619,0.077631,0.11784,0.07291,0.095833,0.073399,0.1653,0.075436,0.14809,0.068128,0.11141,0.069177,0.13786,0.067938,0.070543,0.072232,0.19587,0.075535,0.095524,0.080267,0.075356,0.084551,0.081204,0.078926,0.087202,0.087092,0.055556,0.35363,0.071041,0.1305,0.067721,0.081866,0.080614,0.099178,0.084983,0.096309,0.095719,0.11371,0.15196,0.07096,0.1252,0.089949,0.089156,0.099439,0.083223,0.081904,0.079253,0.076064,0.080995,0.073199,0.092324,0.10244,0.071809,0.081479,0.10773,0.067577,0.074567,0.066961,0.074827,0.066803
0.087886,0.078471,0.087391,0.10211,0.10341,0.12871,0.085896,0.08554,0.079091,0,0.055627,0.13881,0.052568,0.057845,0.10578,0.054843,0.10306,0.084744,0.057353,0.097354,0.11297,0.074355,0.10232,0.070461,0.11079,0.049182,0.077923,0.077496,0.073499,0.080193,0.046777,0.070033,0.077777,0.08141,0.061643,0.069864,0.15285,0.057319,0.18647,0.056853,0.057729,0.10812,0.062326,0.064955,0.053552,0.077072,0.086689,0.079016,0.092558,0.12262,0.066683,0.088577,0.067299,0.088744,0.10713,0.07052,0.11655,0.046851,0.088558,0.08475,0.064777,0.10461,0.058503,0.075455,0.067582,0.072028,0.061213,0.091636,0.098486,0.071934,0.065504,0.09287,0.092018,0.089505,0.058772,0.070151,0.050075,0.063336,0.06663,0.049216,0.10349,0.1119,0.13519,0.056516,0.098419,0.071352,0.082684,0.080907,0.080401,0.093806,0.11255,0.066389,0.11531,0.07788,0.084448,0.070756,0.053995,0.10505,0.065712,0.076462,0.081024,0.077306,0.070013,0.062658,0.056314,0.11889,0.06833,0.055269,0.07079,0.05389,0.078885,0.076335,0.13079,0.067173,0.090009,0.12216,0.052659,0.069493,0.12506,0.059887,0.068883,0.22712,0.063668,0.10646,0.072661,0.059066,0.059369,0.053882,0.093134,0.059592,0.070019,0.15838,0.057368,0.059922,0.062397,0.084111,0.070258,0.063102,0.062757,0.10322,0.07065,0.076302,0.12314,0.067112,0.070427,0.071014,0.1418,0.079572,0.12521,0.083015,0.11545,0.056168,0.12429,0.071871,0.081447,0.068139,0.16871,0.065958,0.083784,0.06341,0.063964,0.083387,0.080506,0.073053,0.071515,0.077131,0.059683,0.35532,0.05958,0.12722,0.089474,0.080463,0.059051,0.098594,0.10032,0.08805,0.098388,0.087066,0.15014,0.069082,0.11545,0.087989,0.099477,0.083562,0.081941,0.076828,0.071011,0.068465,0.059845,0.065624,0.10683,0.096425,0.07858,0.078109,0.11133,0.075825,0.074061,0.058806,0.066647,0.066242
0.07337,0.071597,0.075239,0.069891,0.080666,0.10945,0.041694,0.064573,0.071959,0.055627,0,0.13046,0.046952,0.045049,0.086727,0.038086,0.097862,0.066702,0.035067,0.070129,0.099793,0.054643,0.089979,0.05987,0.078529,0.031445,0.055816,0.060455,0.059435,0.055068,0.031501,0.056541,0.069203,0.039146,0.044568,0.048468,0.15056,0.043309,0.17285,0.042529,0.041556,0.10061,0.039476,0.043325,0.029511,0.055749,0.059408,0.051646,0.066521,0.13187,0.055974,0.073459,0.068328,0.064958,0.11048,0.06512,0.090266,0.031506,0.083719,0.065777,0.056154,0.099014,0.052233,0.071938,0.037287,0.055403,0.06838,0.081124,0.091842,0.040841,0.047453,0.069216,0.088473,0.071848,0.023901,0.055938,0.027886,0.037242,0.067237,0.050893,0.090822,0.082965,0.11687,0.041929,0.076696,0.067638,0.066145,0.069747,0.064094,0.085919,0.1062,0.053198,0.11313,0.052703,0.072984,0.063758,0.033218,0.093372,0.049411,0.061422,0.063262,0.062118,0.05279,0.064536,0.038473,0.10202,0.037105,0.033036,0.061162,0.059902,0.066331,0.07494,0.13587,0.045654,0.083309,0.11512,0.043627,0.037871,0.10005,0.040545,0.04152,0.21713,0.035518,0.086977,0.057311,0.050497,0.024598,0.042698,0.087911,0.028805,0.048694,0.15636,0.042947,0.037447,0.050495,0.069967,0.064699,0.05512,0.037047,0.091173,0.055815,0.064542,0.10551,0.07011,0.056117,0.058683,0.1263,0.070443,0.12107,0.062124,0.096684,0.051531,0.1014,0.04844,0.069544,0.039961,0.1732,0.036989,0.059561,0.0552,0.046088,0.062417,0.0606,0.057093,0.047998,0.068196,0.044338,0.3475,0.040935,0.13506,0.067947,0.054625,0.045604,0.084,0.081327,0.072011,0.07095,0.090735,0.14972,0.048981,0.10643,0.070368,0.080069,0.076543,0.06312,0.055484,0.055874,0.039465,0.043543,0.048768,0.090529,0.067065,0.056001,0.078978,0.098538,0.064793,0.055312,0.040989,0.044774,0.045149
0.14677,0.16844,0.14018,0.13474,0.13331,0.12211,0.13854,0.12285,0.13531,0.13881,0.13046,0,0.13338,0.11403,0.14146,0.11977,0.13123,0.1201,0.1354,0.13367,0.15555,0.11342,0.14268,0.13609,0.13652,0.12807,0.13082,0.13415,0.13965,0.1256,0.12593,0.12156,0.13858,0.12384,0.12347,0.13167,0.16334,0.12285,0.16348,0.12424,0.1153,0.15341,0.10645,0.13191,0.11894,0.12687,0.13778,0.13154,0.10764,0.17789,0.1261,0.14523,0.16007,0.13767,0.13615,0.11852,0.11706,0.12525,0.13218,0.14425,0.14079,0.14297,0.13709,0.1522,0.11918,0.12351,0.14972,0.13169,0.15656,0.11995,0.13713,0.13662,0.16805,0.13277,0.12373,0.141,0.12316,0.1188,0.14493,0.13662,0.16984,0.12841,0.17338,0.12269,0.12477,0.13324,0.12502,0.12552,0.14146,0.14744,0.1382,0.12767,0.15423,0.11302,0.16434,0.10412,0.13414,0.12392,0.12647,0.11158,0.10038,0.13628,0.12944,0.15488,0.13418,0.12891,0.12536,0.12953,0.13275,0.11001,0.1001,0.13638,0.20731,0.12201,0.16207,0.17537,0.12496,0.12747,0.15111,0.12199,0.12619,0.25332,0.11319,0.13003,0.11645,0.13259,0.1309,0.1303,0.17278,0.12721,0.12247,0.19161,0.12277,0.12518,0.10907,0.1293,0.13389,0.12046,0.12029,0.12756,0.13267,0.1442,0.16315,0.11751,0.14375,0.12949,0.16273,0.14396,0.15786,0.13223,0.17357,0.12454,0.15469,0.1199,0.13152,0.12145,0.1967,0.12416,0.12918,0.14104,0.13352,0.11894,0.12846,0.14135,0.13746,0.14195,0.12537,0.4247,0.12696,0.16977,0.1276,0.12976,0.12492,0.1446,0.14724,0.12883,0.14338,0.16339,0.19401,0.12256,0.12853,0.13082,0.12123,0.16403,0.12347,0.11627,0.12111,0.13544,0.13285,0.12389,0.1416,0.141,0.12362,0.12941,0.14135,0.1128,0.10746,0.12956,0.11537,0.11723
0.0942,0.076945,0.077507,0.095768,0.095357,0.12346,0.068994,0.084368,0.080819,0.052568,0.046952,0.13338,0,0.051286,0.10062,0.048343,0.093886,0.081533,0.049721,0.087973,0.10968,0.068479,0.11064,0.077251,0.1005,0.044416,0.065277,0.070323,0.069452,0.062824,0.047882,0.068648,0.067708,0.058518,0.056344,0.058585,0.1466,0.053146,0.17846,0.051132,0.049045,0.11836,0.052695,0.056711,0.048718,0.074376,0.07721,0.061052,0.083366,0.13909,0.053631,0.082385,0.070021,0.071923,0.10685,0.081132,0.10577,0.050163,0.091588,0.076419,0.065835,0.1186,0.050739,0.068274,0.0581,0.074396,0.066568,0.093888,0.09176,0.066029,0.05494,0.085616,0.085588,0.090192,0.045704,0.06992,0.040482,0.057819,0.075692,0.052005,0.097171,0.095143,0.13966,0.058675,0.077452,0.074249,0.065018,0.075097,0.071606,0.10849,0.093177,0.06884,0.11922,0.06804,0.072359,0.07316,0.057145,0.09596,0.057218,0.063058,0.077546,0.062556,0.072469,0.060895,0.048907,0.10594,0.044072,0.046383,0.061263,0.055249,0.068453,0.091604,0.13703,0.05916,0.088634,0.12334,0.057215,0.057819,0.1152,0.036368,0.065827,0.21815,0.049398,0.10584,0.069533,0.045763,0.054522,0.050196,0.084428,0.04583,0.060059,0.16432,0.058643,0.055628,0.058581,0.078224,0.077465,0.068271,0.048877,0.098803,0.064665,0.082994,0.13062,0.070278,0.066559,0.07316,0.14334,0.071126,0.11455,0.071551,0.10031,0.056997,0.11378,0.062835,0.076066,0.052376,0.18389,0.054712,0.073019,0.063437,0.06142,0.073497,0.07711,0.068355,0.055354,0.073475,0.050742,0.35512,0.052867,0.13417,0.080229,0.05947,0.046854,0.093219,0.091699,0.075178,0.086028,0.093386,0.15525,0.05256,0.11039,0.086043,0.086885,0.07205,0.079685,0.079671,0.059351,0.066417,0.049114,0.051178,0.11228,0.079065,0.063548,0.076572,0.11755,0.060504,0.065983,0.046094,0.048996,0.060542
0.083037,0.089122,0.076658,0.076906,0.065554,0.08492,0.060047,0.056794,0.061619,0.057845,0.045049,0.11403,0.051286,0,0.086048,0.040599,0.093355,0.066754,0.040497,0.077463,0.11158,0.044405,0.089319,0.061907,0.08553,0.03377,0.047102,0.053396,0.0537,0.04893,0.033986,0.055222,0.065947,0.050765,0.044676,0.047317,0.15542,0.048006,0.16349,0.037581,0.031547,0.10589,0.040298,0.057758,0.036876,0.04966,0.058286,0.06348,0.078508,0.12364,0.05428,0.086894,0.07912,0.064216,0.11122,0.055604,0.093393,0.034169,0.0788,0.065484,0.052683,0.10768,0.055966,0.061131,0.036585,0.057501,0.067436,0.066338,0.096356,0.046221,0.055198,0.06531,0.091772,0.063251,0.040694,0.053974,0.034633,0.036926,0.058242,0.053839,0.092946,0.088866,0.12155,0.03415,0.077023,0.061505,0.053566,0.054964,0.074027,0.082298,0.086611,0.047827,0.10951,0.048979,0.066525,0.054953,0.043532,0.079155,0.040936,0.041269,0.059548,0.057167,0.056629,0.063141,0.053046,0.078231,0.046663,0.041949,0.047478,0.041873,0.057232,0.070656,0.15525,0.05339,0.073158,0.11242,0.056867,0.050315,0.097715,0.041392,0.045583,0.20215,0.039583,0.076526,0.045434,0.047496,0.048135,0.039252,0.088049,0.039569,0.043169,0.15689,0.048305,0.04621,0.049998,0.063117,0.053243,0.054957,0.032092,0.073022,0.046386,0.065853,0.11691,0.060082,0.074252,0.057095,0.13644,0.069375,0.11864,0.058971,0.10355,0.046149,0.10512,0.049933,0.058122,0.036295,0.17268,0.056453,0.061514,0.051482,0.045849,0.060134,0.05234,0.05836,0.059516,0.061009,0.035888,0.35673,0.046498,0.12806,0.06091,0.054024,0.050654,0.080498,0.081199,0.059286,0.070699,0.086554,0.13283,0.042468,0.083047,0.066035,0.079898,0.091249,0.052963,0.054206,0.045699,0.05839,0.05632,0.039767,0.087381,0.081163,0.049304,0.065645,0.080515,0.054659,0.032964,0.043367,0.036194,0.041584
0.1257,0.12139,0.11022,0.082874,0.10581,0.12822,0.084493,0.075093,0.054712,0.10578,0.086727,0.14146,0.10062,0.086048,0,0.082334,0.12474,0.09591,0.096987,0.085705,0.1164,0.099137,0.063779,0.11147,0.086146,0.089209,0.094758,0.094922,0.096884,0.082681,0.094787,0.088392,0.10278,0.079104,0.078866,0.098636,0.20247,0.091031,0.20302,0.09182,0.094202,0.12205,0.084719,0.11444,0.080903,0.071231,0.096013,0.09867,0.083799,0.14413,0.087563,0.095615,0.10283,0.097535,0.12621,0.10118,0.11624,0.093066,0.12631,0.091174,0.099146,0.14745,0.095363,0.10022,0.083377,0.10213,0.10593,0.11302,0.13821,0.078058,0.084981,0.077348,0.11732,0.090558,0.074257,0.094579,0.090046,0.076674,0.10695,0.094928,0.11827,0.08076,0.1306,0.09473,0.090966,0.11588,0.10728,0.10377,0.088,0.11835,0.1265,0.094993,0.14618,0.098155,0.09477,0.092392,0.095687,0.12719,0.09047,0.078316,0.080609,0.074015,0.091252,0.1,0.082781,0.13207,0.084308,0.086702,0.075487,0.10333,0.077171,0.11268,0.16913,0.098503,0.11528,0.14358,0.095408,0.078832,0.14376,0.084615,0.088395,0.23342,0.084231,0.10855,0.10261,0.098927,0.09117,0.090328,0.12347,0.086564,0.094051,0.15843,0.10097,0.095529,0.099503,0.036921,0.10496,0.093988,0.086662,0.075747,0.080222,0.10683,0.12664,0.10506,0.10021,0.07532,0.17445,0.10121,0.16484,0.090128,0.12681,0.0986,0.14644,0.070695,0.077915,0.092677,0.21377,0.082108,0.10422,0.096612,0.083516,0.081008,0.09421,0.097871,0.10092,0.10276,0.085229,0.36313,0.08472,0.15741,0.06829,0.092131,0.096566,0.11226,0.096532,0.12176,0.10679,0.13493,0.17026,0.092696,0.14135,0.10042,0.10739,0.10332,0.091886,0.094038,0.099686,0.089355,0.092678,0.090778,0.11362,0.11508,0.090419,0.10647,0.12606,0.081644,0.097404,0.088596,0.098284,0.088295
0.086265,0.071531,0.075134,0.074317,0.087123,0.10853,0.054227,0.055516,0.066004,0.054843,0.038086,0.11977,0.048343,0.040599,0.082334,0,0.10867,0.059308,0.047229,0.082592,0.10875,0.053134,0.088125,0.072039,0.095704,0.03703,0.050285,0.045746,0.071728,0.057145,0.042075,0.050457,0.070585,0.045717,0.035788,0.050987,0.16498,0.040942,0.17795,0.033008,0.035906,0.11369,0.035862,0.054145,0.034433,0.055133,0.068257,0.055419,0.075643,0.13835,0.050593,0.066683,0.07648,0.061678,0.10974,0.05939,0.10165,0.042158,0.083523,0.064771,0.056375,0.1124,0.053846,0.073862,0.046026,0.064059,0.054529,0.081271,0.090104,0.044501,0.053052,0.07339,0.089335,0.073759,0.033088,0.052316,0.033562,0.042999,0.061903,0.044194,0.087513,0.082836,0.12241,0.043887,0.075244,0.057918,0.054921,0.072734,0.075609,0.082258,0.097757,0.053507,0.11398,0.051612,0.079242,0.056013,0.042075,0.099806,0.051001,0.05218,0.060136,0.059408,0.065638,0.067164,0.049573,0.098893,0.0398,0.028542,0.053378,0.054779,0.055533,0.07351,0.1339,0.049586,0.083898,0.11484,0.044119,0.049813,0.097668,0.046818,0.053942,0.21648,0.036448,0.095328,0.059409,0.051407,0.046592,0.049832,0.093785,0.036351,0.040933,0.16257,0.053734,0.051623,0.041337,0.059527,0.074188,0.055112,0.039711,0.082295,0.05239,0.074545,0.11936,0.072009,0.064754,0.052182,0.13019,0.071217,0.11451,0.061806,0.097439,0.047467,0.10523,0.041565,0.05623,0.041908,0.18174,0.038492,0.06659,0.066536,0.053193,0.057548,0.063816,0.056608,0.057987,0.077872,0.044254,0.35476,0.04164,0.12851,0.067468,0.058528,0.053921,0.07991,0.089033,0.078397,0.067248,0.10026,0.15636,0.045848,0.099325,0.080307,0.073813,0.07201,0.074625,0.054778,0.045836,0.05071,0.047727,0.038651,0.095637,0.075082,0.062163,0.089568,0.10458,0.054143,0.053119,0.041944,0.041745,0.047466
0.10813,0.13035,0.13501,0.11726,0.11341,0.12781,0.11635,0.12286,0.1179,0.10306,0.097862,0.13123,0.093886,0.093355,0.12474,0.10867,0,0.12534,0.10595,0.10123,0.14875,0.11177,0.12318,0.088955,0.11871,0.10059,0.11442,0.13192,0.10093,0.097471,0.096073,0.11896,0.11546,0.10931,0.11126,0.1124,0.11905,0.098656,0.16315,0.11422,0.10204,0.10973,0.10195,0.11443,0.10293,0.10331,0.10719,0.12033,0.098163,0.15015,0.10779,0.13074,0.11323,0.12104,0.1408,0.11722,0.099731,0.094346,0.09841,0.12283,0.097294,0.097288,0.098388,0.12455,0.092125,0.094944,0.12528,0.13394,0.14729,0.11115,0.1105,0.10335,0.13441,0.10152,0.097922,0.10865,0.097373,0.10163,0.12639,0.12128,0.13924,0.12847,0.1728,0.10375,0.11022,0.12217,0.12092,0.10376,0.1172,0.14974,0.12697,0.1035,0.15049,0.092331,0.117,0.1133,0.10483,0.13533,0.097807,0.098061,0.096915,0.10043,0.10121,0.11278,0.10092,0.12218,0.10503,0.10629,0.10777,0.10563,0.11261,0.12686,0.18275,0.10714,0.12699,0.13799,0.10823,0.10109,0.14192,0.086479,0.093037,0.2217,0.10001,0.10703,0.10281,0.11276,0.10777,0.10612,0.12958,0.10231,0.10317,0.16426,0.10263,0.093568,0.11417,0.11798,0.10015,0.11644,0.094766,0.12971,0.11584,0.10212,0.14285,0.10667,0.11308,0.11501,0.13802,0.13058,0.16952,0.12687,0.14088,0.10718,0.14102,0.10195,0.11062,0.10758,0.15919,0.1067,0.11517,0.087581,0.10274,0.10693,0.10109,0.11281,0.11646,0.082304,0.093437,0.37819,0.10238,0.15446,0.11317,0.096019,0.089921,0.1369,0.11324,0.10334,0.13717,0.10333,0.15096,0.1038,0.11634,0.11239,0.13366,0.12889,0.1043,0.11305,0.10308,0.11586,0.10073,0.11112,0.12373,0.13522,0.099014,0.097832,0.12055,0.10944,0.10217,0.10378,0.092625,0.10611
0.097022,0.097407,0.090221,0.091081,0.10515,0.12025,0.072087,0.076434,0.074547,0.084744,0.066702,0.1201,0.081533,0.066754,0.09591,0.059308,0.12534,0,0.070233,0.10149,0.10213,0.052506,0.09983,0.093821,0.098592,0.062338,0.053666,0.073087,0.092296,0.080814,0.067276,0.044236,0.074762,0.066459,0.057042,0.070084,0.17152,0.082724,0.1613,0.077901,0.05605,0.1196,0.060529,0.063984,0.059809,0.084649,0.082503,0.070505,0.070465,0.14396,0.066898,0.067848,0.10072,0.058364,0.11462,0.074783,0.10141,0.068669,0.12176,0.082159,0.08625,0.11959,0.081876,0.092339,0.069228,0.085968,0.0851,0.09102,0.12643,0.068555,0.072567,0.083403,0.10269,0.097965,0.063314,0.074359,0.06719,0.066543,0.079214,0.05666,0.096247,0.089784,0.10763,0.069239,0.072208,0.056823,0.074646,0.091243,0.097762,0.099683,0.12384,0.073847,0.13028,0.06966,0.11011,0.075413,0.067301,0.10355,0.084821,0.077301,0.081222,0.08257,0.087428,0.077571,0.06421,0.099052,0.064191,0.060014,0.079671,0.078053,0.079774,0.087788,0.14452,0.060322,0.10174,0.13297,0.069306,0.074946,0.11241,0.077477,0.063597,0.21375,0.067413,0.10021,0.070729,0.073574,0.063735,0.070382,0.097908,0.068956,0.074144,0.15478,0.079311,0.074592,0.074845,0.082845,0.090882,0.071492,0.066495,0.10009,0.0834,0.089734,0.11771,0.084758,0.092808,0.088441,0.14317,0.066452,0.12568,0.077302,0.10858,0.065205,0.1319,0.064776,0.071866,0.063499,0.19935,0.063213,0.077465,0.08344,0.074277,0.091882,0.084437,0.066513,0.081292,0.099629,0.068385,0.38168,0.073117,0.14169,0.07576,0.075017,0.084754,0.095828,0.10598,0.074945,0.065642,0.11613,0.15822,0.060854,0.10489,0.10432,0.039766,0.0977,0.083748,0.083693,0.058973,0.067586,0.073355,0.070221,0.11257,0.090236,0.0812,0.10914,0.10898,0.064695,0.065972,0.063832,0.065564,0.069461
0.081047,0.083284,0.066035,0.089579,0.074506,0.10243,0.058972,0.068848,0.070084,0.057353,0.035067,0.1354,0.049721,0.040497,0.096987,0.047229,0.10595,0.070233,0,0.083313,0.10619,0.051824,0.096482,0.063569,0.087709,0.035121,0.04854,0.059884,0.060851,0.0573,0.019331,0.055105,0.073826,0.045422,0.046196,0.043349,0.14924,0.054443,0.17675,0.042649,0.04111,0.11119,0.048092,0.042882,0.033099,0.062051,0.067412,0.051944,0.079721,0.13037,0.056171,0.087028,0.071226,0.061262,0.10525,0.062965,0.099336,0.025017,0.088981,0.06651,0.057873,0.10353,0.052687,0.066167,0.048068,0.063544,0.069567,0.069991,0.086418,0.047543,0.044884,0.07718,0.096512,0.080776,0.040622,0.062326,0.034762,0.043225,0.065944,0.052999,0.098467,0.092786,0.11673,0.034573,0.083127,0.060055,0.061176,0.070165,0.069129,0.084037,0.098817,0.053131,0.11488,0.058147,0.069563,0.058652,0.029066,0.081025,0.050056,0.065712,0.068083,0.06268,0.048874,0.064488,0.049364,0.090909,0.039667,0.04095,0.053327,0.050476,0.070825,0.068409,0.13951,0.041509,0.083968,0.11972,0.053348,0.059815,0.10212,0.050839,0.045214,0.21847,0.048155,0.084076,0.053937,0.0433,0.036799,0.042638,0.093196,0.042226,0.04902,0.15956,0.04186,0.04098,0.057015,0.076831,0.061782,0.0455,0.040526,0.092597,0.045275,0.065185,0.11149,0.069488,0.066233,0.067212,0.12657,0.069806,0.12056,0.05238,0.093016,0.05631,0.10183,0.061083,0.071729,0.041088,0.17744,0.046846,0.064161,0.056799,0.052824,0.07405,0.064112,0.061577,0.063157,0.0724,0.040866,0.33964,0.05318,0.11443,0.080874,0.060657,0.04936,0.083862,0.08505,0.075013,0.076153,0.087538,0.14143,0.055691,0.10648,0.078745,0.079813,0.078229,0.066282,0.062078,0.059754,0.046708,0.056688,0.042125,0.090073,0.074283,0.060532,0.078463,0.094585,0.068979,0.049804,0.046194,0.044411,0.036942
0.097831,0.10025,0.11553,0.064622,0.080792,0.097171,0.075453,0.077841,0.086475,0.097354,0.070129,0.13367,0.087973,0.077463,0.085705,0.082592,0.10123,0.10149,0.083313,0,0.118,0.095275,0.086853,0.08784,0.075879,0.069887,0.097589,0.089912,0.065709,0.072496,0.083163,0.091838,0.1082,0.070532,0.076927,0.07103,0.16874,0.067198,0.16822,0.07933,0.085554,0.12719,0.070389,0.091659,0.074038,0.086873,0.060772,0.096545,0.066947,0.13557,0.096282,0.10042,0.099314,0.1022,0.14601,0.092562,0.092314,0.082177,0.090364,0.093981,0.08166,0.11588,0.079291,0.097768,0.055973,0.068176,0.1067,0.099026,0.12798,0.075994,0.081135,0.076534,0.096854,0.073408,0.067588,0.077174,0.075699,0.063837,0.10557,0.094355,0.099228,0.10062,0.12612,0.089354,0.080367,0.10648,0.099594,0.093191,0.086801,0.12541,0.10069,0.087349,0.12866,0.085077,0.096961,0.10311,0.085037,0.10692,0.07542,0.068895,0.089105,0.069259,0.079714,0.10745,0.066538,0.1053,0.06839,0.081702,0.085292,0.1018,0.092826,0.10979,0.18487,0.089737,0.09236,0.10659,0.083918,0.063645,0.10569,0.073033,0.063498,0.2183,0.076171,0.091065,0.080799,0.090531,0.077322,0.085594,0.1241,0.072218,0.068311,0.18124,0.092232,0.071111,0.08386,0.073935,0.07971,0.092361,0.082097,0.094523,0.084852,0.09542,0.11747,0.086423,0.089003,0.072016,0.13818,0.10195,0.15056,0.079755,0.12822,0.088054,0.11708,0.071373,0.08281,0.07621,0.183,0.077248,0.098496,0.082093,0.071751,0.075204,0.08029,0.079609,0.078502,0.087856,0.07449,0.35681,0.07636,0.16098,0.079086,0.087911,0.075724,0.11333,0.086854,0.10503,0.10587,0.12779,0.13063,0.070015,0.12332,0.057398,0.10492,0.12059,0.08543,0.083221,0.088118,0.093635,0.073015,0.08658,0.095722,0.097407,0.066229,0.086074,0.084598,0.09477,0.091936,0.081018,0.083347,0.081929
0.11701,0.13926,0.10246,0.12267,0.12744,0.16403,0.10648,0.12393,0.093323,0.11297,0.099793,0.15555,0.10968,0.11158,0.1164,0.10875,0.14875,0.10213,0.10619,0.118,0,0.11941,0.1219,0.11713,0.094185,0.10711,0.11256,0.11748,0.10386,0.11688,0.10451,0.099439,0.10412,0.10439,0.10429,0.11709,0.17275,0.10996,0.18631,0.11536,0.10368,0.14884,0.10196,0.10891,0.097978,0.11179,0.11025,0.10025,0.1068,0.15383,0.093341,0.12059,0.11553,0.12183,0.11516,0.10477,0.12755,0.10428,0.16008,0.10501,0.1231,0.14575,0.11722,0.12352,0.11379,0.10838,0.11363,0.11982,0.14169,0.10012,0.092166,0.1123,0.10352,0.13468,0.093188,0.11767,0.098519,0.10029,0.12289,0.097681,0.14523,0.11523,0.14121,0.098034,0.12771,0.12874,0.11542,0.11265,0.097074,0.1267,0.1401,0.12628,0.13245,0.10734,0.12648,0.10837,0.10714,0.10399,0.10979,0.10857,0.12028,0.10983,0.11064,0.089488,0.092614,0.14456,0.096362,0.10835,0.11143,0.10684,0.10273,0.13331,0.17184,0.093774,0.14023,0.18388,0.097298,0.10456,0.17536,0.097591,0.10728,0.25002,0.10052,0.14489,0.1134,0.10266,0.094736,0.1003,0.12476,0.10417,0.11527,0.1425,0.10922,0.098988,0.10016,0.10782,0.1191,0.097992,0.10784,0.12251,0.11267,0.11124,0.15003,0.11709,0.12971,0.12544,0.19222,0.084333,0.1458,0.10912,0.14235,0.10493,0.16569,0.11848,0.1362,0.11149,0.22863,0.10192,0.13466,0.11905,0.11181,0.14152,0.13517,0.12231,0.10919,0.13194,0.10077,0.37987,0.10771,0.16978,0.12186,0.12532,0.10438,0.14646,0.11629,0.11566,0.11775,0.14497,0.19687,0.105,0.16626,0.11531,0.10461,0.13738,0.1157,0.12197,0.11994,0.11082,0.10221,0.12087,0.11569,0.10945,0.10493,0.11018,0.1466,0.096722,0.11088,0.10465,0.10779,0.10049
0.095188,0.09089,0.080341,0.083133,0.081927,0.10312,0.069369,0.07255,0.080995,0.074355,0.054643,0.11342,0.068479,0.044405,0.099137,0.053134,0.11177,0.052506,0.051824,0.095275,0.11941,0,0.1026,0.079726,0.092218,0.048017,0.04211,0.065229,0.080164,0.064918,0.047152,0.050139,0.059507,0.056137,0.052094,0.060927,0.15759,0.068687,0.16396,0.057269,0.040163,0.10441,0.052325,0.045407,0.048725,0.065497,0.080231,0.067507,0.079894,0.14338,0.066336,0.076394,0.096058,0.057045,0.11209,0.071257,0.096246,0.048277,0.099748,0.079296,0.077716,0.11214,0.069868,0.078362,0.049807,0.078748,0.079167,0.07757,0.10602,0.054039,0.064551,0.085484,0.1043,0.088197,0.053648,0.06872,0.053977,0.05041,0.065226,0.060971,0.099499,0.093627,0.12086,0.049898,0.078414,0.056122,0.064893,0.06727,0.08666,0.083671,0.11129,0.04962,0.12575,0.064653,0.090041,0.058469,0.05276,0.090498,0.069725,0.064821,0.066331,0.081071,0.063425,0.082965,0.06661,0.085984,0.057155,0.046296,0.061297,0.057831,0.072473,0.067233,0.14121,0.054884,0.090844,0.12573,0.063566,0.058921,0.10202,0.063176,0.048627,0.21252,0.049266,0.085106,0.057925,0.061713,0.049238,0.055381,0.097974,0.049767,0.057124,0.15544,0.057399,0.059999,0.062555,0.07864,0.074019,0.0635,0.048185,0.098996,0.066187,0.082111,0.11881,0.075422,0.074801,0.070886,0.13568,0.068328,0.12789,0.066119,0.10985,0.062123,0.11858,0.057033,0.071769,0.043678,0.17533,0.058382,0.058286,0.071713,0.054761,0.069781,0.058606,0.067289,0.066266,0.080785,0.06076,0.37365,0.058216,0.12961,0.070725,0.056693,0.06757,0.08764,0.096764,0.065076,0.060629,0.099747,0.15091,0.053424,0.086053,0.089297,0.068721,0.094482,0.064227,0.061813,0.049987,0.048108,0.068704,0.051308,0.10613,0.087296,0.062374,0.089589,0.09655,0.057254,0.038975,0.050535,0.051195,0.056214
0.12856,0.11833,0.11163,0.088176,0.098973,0.12178,0.092928,0.079946,0.071018,0.10232,0.089979,0.14268,0.11064,0.089319,0.063779,0.088125,0.12318,0.09983,0.096482,0.086853,0.1219,0.1026,0,0.11522,0.093811,0.090428,0.09836,0.098297,0.094139,0.083098,0.09423,0.094361,0.10667,0.092439,0.092795,0.094101,0.19866,0.092196,0.20098,0.092915,0.1002,0.11866,0.091754,0.11237,0.085826,0.085931,0.10051,0.10646,0.086743,0.13944,0.10676,0.11317,0.10838,0.1091,0.12842,0.095819,0.11758,0.091273,0.11481,0.095811,0.10017,0.13743,0.10608,0.11475,0.084304,0.09737,0.099053,0.12594,0.1341,0.086367,0.09559,0.077948,0.1227,0.095409,0.083844,0.092631,0.091763,0.081456,0.11841,0.1067,0.11402,0.1037,0.15218,0.094159,0.1038,0.11292,0.11609,0.11632,0.1096,0.12254,0.12619,0.093705,0.16645,0.098719,0.11554,0.10087,0.093393,0.12561,0.092096,0.094941,0.0779,0.072956,0.093625,0.10837,0.085138,0.12626,0.092941,0.095123,0.083951,0.10817,0.095633,0.1079,0.18225,0.09988,0.10568,0.13305,0.092788,0.094038,0.12898,0.09472,0.091299,0.24098,0.093114,0.11102,0.092404,0.10658,0.097582,0.095752,0.14392,0.089502,0.098458,0.16162,0.096731,0.096371,0.10337,0.064222,0.098054,0.093618,0.096488,0.087225,0.095556,0.11031,0.14415,0.1123,0.11466,0.086845,0.16135,0.10699,0.16318,0.097693,0.14576,0.10786,0.13704,0.087181,0.084356,0.096155,0.19999,0.089208,0.10561,0.095684,0.083483,0.097396,0.10569,0.10784,0.11226,0.10701,0.090295,0.36866,0.08458,0.14554,0.089095,0.099583,0.08577,0.11497,0.11222,0.13067,0.11232,0.14067,0.15472,0.096998,0.13103,0.099027,0.11271,0.12335,0.10278,0.097561,0.095665,0.099938,0.087936,0.10438,0.10953,0.11746,0.096605,0.10405,0.10579,0.09779,0.095664,0.097391,0.10185,0.092805
