0,0.083439,0.11067,0.059553,0.069112,0.072961,0.06682,0.087846,0.074269,0.07721,0.056109,0.26313,0.085363,0.085344,0.06886,0.06955,0.080034,0.10306,0.068835,0.070461,0.10409,0.076023,0.084688,0.044917,0.057949,0.072574,0.0833,0.14032,0.1051,0.074814,0.067447,0.084681,0.070743,0.068863,0.073587,0.079927,0.10278,0.070505,0.085141,0.066793,0.068678,0.072517,0.07408,0.08385,0.073479,0.10928,0.10763,0.077334,0.076264,0.064002,0.073324,0.070602,0.090861,0.075433,0.091828,0.082476,0.19955,0.097726,0.071075,0.072644,0.073384,0.095203,0.071098,0.083512,0.075153,0.048889,0.090753,0.07908,0.089605,0.076209,0.069763,0.10779,0.089194,0.10404,0.077203,0.09189,0.066283,0.061373,0.073573,0.080251,0.069051,0.074837,0.096018,0.063054,0.075571,0.084958,0.075582,0.093082,0.064531,0.088365,0.11385,0.096319,0.069898,0.084732,0.09834,0.072529,0.067192,0.083935,0.075479,0.069566,0.089652,0.089367,0.073071,0.096762,0.056058,0.099368,0.078155,0.062722,0.083077,0.074244,0.097707,0.17855,0.086774,0.092362,0.080055,0.089336,0.10256,0.068806,0.11241,0.076284,0.074769,0.18892,0.053995,0.073856,0.06955,0.072358,0.079653,0.060191,0.087187,0.067238,0.0846,0.12562,0.087061,0.085352,0.073237,0.080287,0.06878,0.10276,0.070932,0.11652,0.079199,0.05029,0.088652,0.071038,0.08899,0.07458,0.084615,0.077041,0.072736,0.076264,0.096223,0.12023,0.098569,0.074098,0.083535,0.069114,0.15836,0.077636,0.079018,0.069443,0.10581,0.095141,0.10388,0.086279,0.09096,0.080837,0.0645,0.095225,0.089452,0.066437,0.08477,0.06748,0.078011,0.069696,0.070074,0.18308,0.11742,0.10117,0.089715,0.088345,0.13827,0.080547,0.093106,0.49142,0.075131,0.071402,0.064873,0.09404,0.07266,0.072986,0.054706,0.062761,0.071306,0.064384,0.081925,0.073162,0.075473,0.079908,0.072201,0.072792
0.083439,0,0.10688,0.070528,0.077869,0.080429,0.07952,0.10537,0.077946,0.079523,0.064738,0.25081,0.07745,0.069313,0.078825,0.074032,0.07162,0.097005,0.07019,0.072963,0.1154,0.074372,0.092421,0.091058,0.079208,0.068826,0.096378,0.12404,0.11288,0.094254,0.077559,0.082319,0.088441,0.073039,0.081554,0.077968,0.12484,0.072908,0.10648,0.067663,0.06611,0.079886,0.078057,0.088754,0.068764,0.1049,0.092825,0.084636,0.086054,0.062983,0.065281,0.077184,0.093676,0.071652,0.085882,0.1019,0.21823,0.12009,0.073416,0.091783,0.071315,0.1066,0.081575,0.085496,0.076717,0.095508,0.092336,0.087549,0.081802,0.069503,0.069893,0.095444,0.076936,0.10092,0.064009,0.11257,0.076814,0.075906,0.092627,0.076216,0.081367,0.079838,0.086823,0.073104,0.075626,0.087681,0.079361,0.075432,0.076897,0.077545,0.10332,0.091399,0.076493,0.085716,0.11048,0.080772,0.078511,0.085494,0.091577,0.074686,0.087148,0.093109,0.077966,0.10577,0.068823,0.10778,0.067308,0.067368,0.072982,0.080598,0.10221,0.17464,0.10415,0.094289,0.084542,0.071985,0.11587,0.087492,0.099186,0.072226,0.068131,0.18385,0.051584,0.071822,0.069432,0.08269,0.072863,0.071882,0.10042,0.069372,0.10217,0.12071,0.094697,0.083998,0.089244,0.083409,0.061502,0.092458,0.079008,0.1327,0.085751,0.10368,0.080351,0.083363,0.071326,0.073049,0.10355,0.075082,0.077219,0.073164,0.08773,0.12626,0.10383,0.067946,0.088584,0.079665,0.15873,0.071073,0.1032,0.07316,0.085476,0.092229,0.09804,0.081001,0.082066,0.078039,0.069606,0.10462,0.070052,0.07877,0.086744,0.073309,0.064586,0.079428,0.090369,0.16381,0.12207,0.089664,0.087316,0.073884,0.16831,0.067613,0.09054,0.48328,0.067813,0.074689,0.076786,0.10387,0.067361,0.074692,0.10476,0.076735,0.072431,0.071791,0.089531,0.079468,0.082283,0.07887,0.071066,0.053185
0.11067,0.10688,0,0.09586,0.08241,0.087461,0.090086,0.083916,0.091731,0.075251,0.089261,0.27664,0.091334,0.083478,0.10796,0.080397,0.093612,0.11882,0.079878,0.098402,0.092077,0.08516,0.11501,0.090448,0.090748,0.088102,0.078619,0.1109,0.11856,0.088053,0.076077,0.10752,0.094051,0.076858,0.087137,0.10396,0.10804,0.082783,0.12547,0.07694,0.078169,0.094122,0.085554,0.083564,0.092166,0.099866,0.10194,0.075799,0.085203,0.079305,0.078277,0.10244,0.095151,0.081456,0.067821,0.10391,0.24812,0.10351,0.091133,0.10041,0.083809,0.10851,0.074979,0.078905,0.08894,0.10397,0.091819,0.07662,0.11022,0.078232,0.085182,0.10317,0.086449,0.093073,0.083926,0.12934,0.078625,0.088728,0.082422,0.086139,0.096756,0.10618,0.10516,0.082706,0.089308,0.074011,0.084904,0.076808,0.089387,0.079275,0.10498,0.099352,0.076764,0.081806,0.11699,0.090625,0.07629,0.080569,0.086418,0.085403,0.11567,0.0784,0.072455,0.083446,0.090262,0.10448,0.080633,0.083313,0.090473,0.079179,0.092325,0.17036,0.093832,0.084914,0.094812,0.093382,0.13013,0.10022,0.11119,0.07874,0.087953,0.20456,0.089181,0.080251,0.076808,0.090179,0.080646,0.094816,0.10266,0.085052,0.099389,0.11532,0.093141,0.089219,0.08312,0.090878,0.085604,0.12304,0.080349,0.12718,0.088353,0.11246,0.10212,0.091214,0.069401,0.086227,0.10733,0.082291,0.073183,0.082053,0.10115,0.13223,0.10586,0.088491,0.098426,0.090311,0.15502,0.082867,0.085631,0.074691,0.10765,0.11693,0.092395,0.091921,0.076825,0.092952,0.07542,0.081894,0.081099,0.08576,0.093085,0.070718,0.091136,0.09665,0.06825,0.18257,0.12499,0.094221,0.08445,0.081676,0.17239,0.097848,0.10261,0.4759,0.081623,0.072999,0.078916,0.095626,0.095125,0.075288,0.13049,0.081376,0.09698,0.10722,0.068922,0.094987,0.08607,0.088019,0.0758,0.090787
0.059553,0.070528,0.09586,0,0.056553,0.060427,0.0603,0.066988,0.060264,0.063497,0.051565,0.26747,0.060433,0.059178,0.051249,0.049845,0.068736,0.074734,0.05127,0.069363,0.093705,0.059878,0.052346,0.049913,0.05519,0.059592,0.070334,0.1164,0.094914,0.063079,0.054771,0.070506,0.060822,0.048605,0.05382,0.071336,0.089453,0.051381,0.094288,0.044723,0.044838,0.063067,0.05684,0.07194,0.057471,0.089778,0.084307,0.053502,0.065901,0.052078,0.044189,0.057721,0.07088,0.058511,0.086457,0.074138,0.18873,0.11043,0.052969,0.057065,0.053514,0.093415,0.065375,0.063465,0.047649,0.05137,0.061908,0.061241,0.079047,0.053066,0.053165,0.086049,0.084815,0.1027,0.052326,0.094707,0.047615,0.043725,0.063473,0.072293,0.054914,0.063347,0.087932,0.054672,0.061935,0.077488,0.057589,0.061337,0.050526,0.062635,0.082817,0.071462,0.050411,0.064355,0.088734,0.054091,0.055857,0.070644,0.058593,0.056155,0.072438,0.070937,0.050932,0.092757,0.054262,0.088756,0.053669,0.04496,0.060363,0.064264,0.082483,0.17872,0.078688,0.066211,0.06474,0.070213,0.096295,0.05873,0.095999,0.056315,0.056759,0.19506,0.042057,0.06099,0.065498,0.051935,0.073742,0.051158,0.095928,0.044649,0.075488,0.099322,0.065611,0.058103,0.057066,0.07009,0.051851,0.077937,0.053481,0.10393,0.055271,0.064855,0.066825,0.066127,0.078358,0.04512,0.084663,0.056472,0.057792,0.049718,0.061207,0.12034,0.089144,0.050851,0.065073,0.059222,0.14796,0.06088,0.063058,0.047632,0.083789,0.084148,0.077849,0.081069,0.056853,0.063671,0.057054,0.092799,0.06514,0.04777,0.080114,0.054133,0.05679,0.065685,0.062133,0.1572,0.096915,0.083216,0.074611,0.056543,0.13072,0.068829,0.072662,0.46972,0.050279,0.053348,0.055253,0.075786,0.063355,0.056101,0.08389,0.042787,0.057938,0.057615,0.074719,0.041071,0.065245,0.056106,0.044444,0.040868
0.069112,0.077869,0.08241,0.056553,0,0.053988,0.054423,0.066284,0.065981,0.052358,0.048732,0.24548,0.048269,0.057463,0.064867,0.04111,0.064775,0.089423,0.059716,0.058795,0.1016,0.050858,0.093072,0.060756,0.05772,0.037281,0.052401,0.11375,0.076893,0.057437,0.038387,0.067361,0.059679,0.036394,0.060566,0.064959,0.095677,0.037695,0.10099,0.04794,0.039257,0.043834,0.041136,0.068041,0.043784,0.080637,0.062139,0.047993,0.056491,0.044028,0.048421,0.084655,0.069112,0.039451,0.072694,0.084223,0.20721,0.092822,0.049523,0.066654,0.038752,0.080728,0.050723,0.059429,0.058444,0.061642,0.076423,0.068741,0.070242,0.046348,0.05098,0.07837,0.067518,0.10269,0.041061,0.090812,0.03822,0.042722,0.047693,0.053802,0.061997,0.071269,0.083022,0.037779,0.067768,0.058362,0.04931,0.044844,0.047077,0.047703,0.08036,0.069369,0.037892,0.061357,0.098306,0.061706,0.040856,0.061574,0.05635,0.058672,0.06723,0.068974,0.052734,0.061722,0.049314,0.085621,0.038197,0.043345,0.062427,0.053932,0.0776,0.16196,0.061148,0.075961,0.050727,0.05408,0.094733,0.062618,0.081235,0.037556,0.048809,0.20635,0.053661,0.055713,0.06485,0.059136,0.053824,0.051853,0.1002,0.042893,0.069457,0.090613,0.066781,0.055683,0.04844,0.070055,0.040877,0.088837,0.038042,0.09895,0.053095,0.068814,0.066785,0.040872,0.063502,0.052017,0.072962,0.058967,0.050284,0.038233,0.081816,0.10853,0.071198,0.05501,0.070976,0.038615,0.16177,0.044349,0.064509,0.041066,0.098353,0.087566,0.074295,0.054493,0.04597,0.069873,0.052676,0.087636,0.065057,0.035392,0.075688,0.047918,0.037727,0.072542,0.074704,0.16312,0.11058,0.079033,0.065004,0.050774,0.12891,0.073677,0.073448,0.48522,0.037438,0.041873,0.043091,0.069622,0.038236,0.044672,0.095282,0.037439,0.067274,0.055991,0.065827,0.048425,0.068123,0.059087,0.046276,0.045696
0.072961,0.080429,0.087461,0.060427,0.053988,0,0.05182,0.068447,0.068759,0.052489,0.056009,0.26761,0.067437,0.062781,0.063779,0.053706,0.05392,0.075593,0.065003,0.038225,0.1041,0.049666,0.087719,0.064976,0.053368,0.053805,0.062476,0.11236,0.080745,0.066312,0.053454,0.046628,0.049942,0.045507,0.056699,0.084139,0.1093,0.054067,0.073785,0.054374,0.046211,0.054116,0.069459,0.064669,0.043617,0.08996,0.075627,0.064646,0.063864,0.052985,0.053964,0.063427,0.090611,0.051945,0.070232,0.087933,0.19711,0.096502,0.053286,0.050161,0.046193,0.096552,0.050751,0.058684,0.05888,0.052904,0.086858,0.05773,0.069704,0.045478,0.052017,0.078025,0.07418,0.089074,0.05074,0.093824,0.051834,0.054203,0.060043,0.062956,0.057709,0.051727,0.077641,0.049163,0.051808,0.065313,0.051426,0.056967,0.039521,0.056463,0.089837,0.081303,0.052916,0.066955,0.086488,0.05169,0.056268,0.067942,0.051453,0.044532,0.074343,0.069715,0.05176,0.065147,0.052081,0.088695,0.047567,0.048641,0.050573,0.06356,0.063439,0.17748,0.072326,0.066828,0.055232,0.062188,0.11062,0.062187,0.066242,0.057696,0.057501,0.18787,0.053624,0.063221,0.04681,0.063934,0.066504,0.065972,0.095312,0.060108,0.079024,0.098676,0.072072,0.052134,0.07607,0.055912,0.057934,0.066944,0.048083,0.1222,0.063273,0.074375,0.063305,0.06008,0.061216,0.057723,0.084825,0.055232,0.056808,0.047278,0.068797,0.12748,0.073512,0.052967,0.052441,0.060212,0.15921,0.058516,0.068025,0.053091,0.10447,0.06787,0.093157,0.054238,0.069052,0.058258,0.051257,0.090214,0.070465,0.043491,0.070728,0.048469,0.057202,0.068196,0.078077,0.17097,0.088856,0.080189,0.066356,0.045995,0.12099,0.073701,0.070175,0.48924,0.052022,0.052303,0.06278,0.076558,0.05499,0.047641,0.091126,0.04592,0.070877,0.052962,0.046094,0.062168,0.070988,0.061856,0.049846,0.060789
0.06682,0.07952,0.090086,0.0603,0.054423,0.05182,0,0.072476,0.069643,0.045235,0.048373,0.27159,0.053043,0.052686,0.04385,0.037805,0.066305,0.07326,0.056855,0.042171,0.087026,0.054071,0.080852,0.066488,0.038262,0.042417,0.054584,0.13406,0.075229,0.041836,0.034068,0.050681,0.051881,0.036147,0.043233,0.064518,0.10176,0.038711,0.087985,0.049387,0.043437,0.043301,0.049415,0.060638,0.043658,0.087307,0.093496,0.050574,0.052594,0.046315,0.056108,0.059401,0.078026,0.048594,0.078885,0.08637,0.20218,0.075556,0.032046,0.05246,0.058094,0.095322,0.04432,0.047735,0.055657,0.064652,0.087924,0.055468,0.074542,0.039499,0.037351,0.07762,0.064623,0.10919,0.044554,0.090717,0.03978,0.029407,0.04433,0.04515,0.054448,0.058582,0.074904,0.033396,0.050404,0.057386,0.040929,0.05882,0.032735,0.05656,0.093638,0.068145,0.052923,0.064488,0.083498,0.051347,0.034882,0.068324,0.035465,0.050818,0.064098,0.06908,0.052513,0.070052,0.035549,0.089539,0.04378,0.037044,0.059086,0.054826,0.082359,0.17075,0.067639,0.068319,0.053281,0.063411,0.0894,0.04912,0.085653,0.035634,0.049741,0.20654,0.053162,0.063064,0.047074,0.048771,0.060485,0.042303,0.087832,0.045601,0.066133,0.085329,0.078438,0.043899,0.051719,0.05779,0.038192,0.075068,0.037672,0.12229,0.057091,0.07144,0.072458,0.054944,0.06011,0.058323,0.077222,0.041651,0.044279,0.046177,0.072996,0.11716,0.08619,0.052478,0.062618,0.050745,0.15313,0.038744,0.054176,0.035695,0.095117,0.07379,0.082433,0.053248,0.060399,0.069508,0.057286,0.080483,0.057651,0.039387,0.07953,0.042971,0.047834,0.068938,0.070796,0.17947,0.10221,0.067339,0.058245,0.054597,0.14949,0.052894,0.0676,0.49083,0.050088,0.048684,0.035129,0.05748,0.051944,0.048501,0.084233,0.048071,0.057152,0.055678,0.065087,0.051311,0.053867,0.049705,0.039888,0.057186
0.087846,0.10537,0.083916,0.066988,0.066284,0.068447,0.072476,0,0.076136,0.073403,0.070419,0.27079,0.0714,0.068656,0.076925,0.055925,0.084717,0.088119,0.064886,0.076798,0.11312,0.078196,0.086536,0.073939,0.066151,0.068933,0.050825,0.11341,0.10378,0.061672,0.063644,0.084505,0.083637,0.062288,0.060733,0.076838,0.096293,0.060495,0.10637,0.07239,0.06142,0.060046,0.079275,0.073332,0.071548,0.1117,0.09346,0.055914,0.080365,0.061212,0.066055,0.079676,0.10235,0.06954,0.084237,0.088856,0.21847,0.10819,0.069677,0.064351,0.075382,0.097404,0.071694,0.074615,0.072511,0.065868,0.087611,0.066696,0.10816,0.062269,0.07424,0.081791,0.088809,0.10364,0.067883,0.1098,0.052168,0.067765,0.069311,0.079777,0.063941,0.067314,0.07585,0.063651,0.079076,0.082069,0.069542,0.070574,0.068222,0.070917,0.091952,0.096587,0.07084,0.067782,0.096489,0.072389,0.066309,0.070555,0.061056,0.065049,0.093621,0.076432,0.064678,0.081838,0.076014,0.1063,0.065378,0.058756,0.075176,0.067001,0.095629,0.18899,0.07467,0.076469,0.073729,0.087085,0.11014,0.071138,0.10878,0.063454,0.075303,0.20748,0.067078,0.065006,0.07766,0.059994,0.077492,0.075188,0.1093,0.063657,0.095802,0.095142,0.095612,0.074087,0.071934,0.083162,0.074116,0.093462,0.068222,0.11582,0.045498,0.088186,0.067321,0.071694,0.083128,0.063134,0.084898,0.066863,0.071726,0.074639,0.083327,0.14009,0.090487,0.064426,0.072053,0.064153,0.16664,0.066032,0.061067,0.057592,0.11105,0.072254,0.10586,0.081229,0.07338,0.066514,0.078916,0.10108,0.082333,0.061266,0.077496,0.055,0.07818,0.08601,0.076792,0.16325,0.10861,0.092119,0.079876,0.062058,0.14267,0.089075,0.078925,0.47532,0.060018,0.06948,0.074067,0.074144,0.080372,0.071963,0.11009,0.054797,0.090467,0.079989,0.06867,0.071062,0.078779,0.062125,0.058504,0.072362
0.074269,0.077946,0.091731,0.060264,0.065981,0.068759,0.069643,0.076136,0,0.076758,0.07055,0.27086,0.065462,0.069902,0.068279,0.063368,0.064779,0.090687,0.068543,0.070184,0.08936,0.060966,0.098494,0.068788,0.071136,0.059524,0.077721,0.11569,0.10077,0.073382,0.062508,0.079406,0.07903,0.062356,0.069754,0.078202,0.078905,0.060574,0.099743,0.047768,0.05875,0.069338,0.068312,0.075791,0.065423,0.10037,0.092784,0.071343,0.088466,0.06776,0.050054,0.083437,0.092631,0.054794,0.069146,0.090696,0.21324,0.09982,0.059684,0.080286,0.068991,0.080816,0.062121,0.07497,0.069953,0.07491,0.072434,0.063089,0.090478,0.063644,0.06109,0.096842,0.073236,0.091772,0.061044,0.056692,0.061467,0.059708,0.072659,0.080227,0.067837,0.083351,0.084357,0.068062,0.057148,0.072859,0.077006,0.069128,0.069667,0.078682,0.10885,0.083603,0.051581,0.085187,0.081843,0.085215,0.064948,0.084203,0.074924,0.053244,0.085557,0.081283,0.074195,0.085864,0.064575,0.090333,0.064228,0.05443,0.078506,0.07381,0.096769,0.17663,0.086617,0.079059,0.075031,0.071731,0.12553,0.081938,0.10574,0.064801,0.039777,0.20346,0.05771,0.068348,0.073934,0.081007,0.075884,0.069098,0.083639,0.061873,0.085655,0.10714,0.098159,0.080713,0.077661,0.087582,0.061481,0.08395,0.064125,0.11707,0.063525,0.081829,0.062945,0.068129,0.080563,0.063067,0.077068,0.066359,0.063566,0.069205,0.093314,0.12343,0.090058,0.062598,0.072793,0.055736,0.15735,0.063011,0.080075,0.054871,0.10717,0.084063,0.097504,0.067059,0.073021,0.07839,0.049638,0.090898,0.091295,0.066516,0.082903,0.065529,0.067203,0.086908,0.07341,0.17603,0.10097,0.097562,0.048019,0.064266,0.15124,0.080467,0.075304,0.48154,0.063894,0.06701,0.067121,0.089147,0.069375,0.057378,0.090967,0.059419,0.085022,0.077467,0.06731,0.061322,0.066999,0.067299,0.062441,0.060886
0.07721,0.079523,0.075251,0.063497,0.052358,0.052489,0.045235,0.073403,0.076758,0,0.063047,0.27803,0.063446,0.055707,0.057353,0.049799,0.066339,0.081689,0.060722,0.05966,0.094407,0.056155,0.0885,0.066443,0.061675,0.054788,0.057448,0.11082,0.094962,0.064014,0.049193,0.06346,0.045756,0.043131,0.056604,0.067793,0.10413,0.055358,0.096343,0.043292,0.049948,0.051793,0.053601,0.063459,0.053377,0.063372,0.070254,0.057648,0.062174,0.047365,0.047038,0.06894,0.077004,0.053647,0.067136,0.087665,0.20305,0.091088,0.054436,0.057527,0.058037,0.089411,0.041579,0.037103,0.05539,0.070422,0.088918,0.061614,0.064544,0.044746,0.04989,0.07638,0.067094,0.10418,0.036877,0.10257,0.048498,0.050923,0.05097,0.041688,0.053657,0.068823,0.085888,0.049365,0.051497,0.059211,0.041997,0.053183,0.043253,0.044929,0.077672,0.071024,0.049272,0.056569,0.092552,0.05522,0.050863,0.056392,0.044357,0.050007,0.072697,0.071867,0.04393,0.071746,0.049266,0.088624,0.045748,0.050762,0.059267,0.053516,0.067993,0.16443,0.075284,0.057775,0.0581,0.054273,0.097921,0.068516,0.087739,0.051099,0.054584,0.20408,0.06317,0.066189,0.048255,0.062047,0.050814,0.057085,0.092627,0.052092,0.071825,0.092276,0.064017,0.040562,0.055532,0.052669,0.05091,0.080024,0.044128,0.1236,0.069241,0.080005,0.075761,0.06465,0.049613,0.062059,0.080157,0.057519,0.047702,0.036521,0.071851,0.11367,0.083268,0.062888,0.080012,0.055841,0.15098,0.050667,0.070718,0.043012,0.090688,0.087913,0.063348,0.057978,0.056031,0.062251,0.055936,0.074196,0.055934,0.048569,0.078824,0.041004,0.057459,0.070896,0.069265,0.17462,0.096559,0.064797,0.069864,0.046535,0.14452,0.061037,0.07316,0.49172,0.04464,0.049303,0.043806,0.061122,0.057653,0.048923,0.1037,0.048104,0.067914,0.067099,0.05964,0.058104,0.064879,0.059472,0.043235,0.06274
0.056109,0.064738,0.089261,0.051565,0.048732,0.056009,0.048373,0.070419,0.07055,0.063047,0,0.25329,0.058374,0.049076,0.05457,0.03614,0.070938,0.073736,0.040545,0.05455,0.10118,0.053444,0.075101,0.0585,0.045052,0.045993,0.057143,0.11957,0.086031,0.04943,0.035755,0.064762,0.063438,0.04323,0.041474,0.065008,0.10178,0.038666,0.0922,0.055174,0.039685,0.053397,0.049929,0.060878,0.048774,0.099627,0.085257,0.048967,0.048133,0.038939,0.056877,0.056568,0.08048,0.048258,0.077742,0.085001,0.21171,0.086382,0.048955,0.06284,0.051593,0.095477,0.060894,0.066892,0.065488,0.058006,0.079037,0.068298,0.069098,0.048598,0.044613,0.092166,0.067679,0.095753,0.052439,0.09797,0.039661,0.039422,0.053967,0.0575,0.057636,0.054812,0.064209,0.029342,0.060827,0.060212,0.04484,0.061934,0.046216,0.062727,0.092512,0.074093,0.055104,0.067365,0.085791,0.043425,0.036738,0.060533,0.055778,0.054949,0.064815,0.066784,0.052098,0.079572,0.042325,0.091242,0.047514,0.034396,0.051557,0.050231,0.085851,0.16578,0.057036,0.072392,0.053816,0.070366,0.096407,0.050968,0.082373,0.043949,0.05526,0.1895,0.034004,0.049083,0.044781,0.045326,0.058832,0.046514,0.087492,0.038376,0.063319,0.097356,0.07219,0.060131,0.053524,0.065214,0.043353,0.086508,0.046016,0.099006,0.057188,0.066839,0.064695,0.049045,0.060481,0.050441,0.082602,0.040427,0.047817,0.054118,0.076939,0.11443,0.089251,0.044611,0.061,0.049765,0.1505,0.046779,0.056584,0.042849,0.081418,0.079698,0.088796,0.066081,0.058155,0.067403,0.048019,0.089567,0.057835,0.039784,0.066026,0.048565,0.046756,0.061259,0.06424,0.16626,0.11157,0.076369,0.072241,0.058432,0.14698,0.069754,0.068877,0.4724,0.051758,0.047807,0.047722,0.079565,0.054101,0.050305,0.076771,0.040106,0.051283,0.046117,0.06881,0.055079,0.054826,0.052545,0.044547,0.043461
0.26313,0.25081,0.27664,0.26747,0.24548,0.26761,0.27159,0.27079,0.27086,0.27803,0.25329,0,0.25993,0.26759,0.28052,0.26319,0.25998,0.29324,0.26777,0.26434,0.29781,0.27183,0.27845,0.26839,0.26059,0.25688,0.26102,0.29199,0.27068,0.27231,0.26105,0.27545,0.28559,0.26099,0.27443,0.25562,0.29014,0.25741,0.27999,0.27256,0.26023,0.26564,0.2627,0.27773,0.26709,0.27458,0.25956,0.26181,0.2573,0.25309,0.26435,0.28951,0.2714,0.26474,0.2757,0.28496,0.34963,0.27002,0.26367,0.26517,0.25146,0.27441,0.2818,0.28511,0.27244,0.26054,0.26733,0.27175,0.27185,0.27441,0.26973,0.2742,0.26528,0.28424,0.26847,0.28056,0.26679,0.26493,0.27679,0.27048,0.28576,0.26404,0.27539,0.25811,0.29143,0.2719,0.27145,0.26077,0.26547,0.27316,0.28766,0.27294,0.26696,0.26232,0.29755,0.27788,0.26197,0.27051,0.27712,0.27698,0.26485,0.25493,0.26473,0.26845,0.25633,0.28642,0.26033,0.267,0.27017,0.26834,0.27449,0.32554,0.26112,0.29542,0.2615,0.26221,0.27252,0.26775,0.26753,0.25353,0.26201,0.30761,0.25205,0.2522,0.27604,0.26486,0.26689,0.26494,0.27789,0.26259,0.28933,0.28997,0.27592,0.27405,0.2732,0.27486,0.25613,0.28857,0.26786,0.27555,0.26431,0.27078,0.26847,0.25415,0.26589,0.26764,0.26461,0.26677,0.28465,0.26267,0.26473,0.28474,0.27732,0.27154,0.28105,0.26112,0.29958,0.26518,0.27657,0.26768,0.26248,0.27271,0.27507,0.26845,0.26664,0.25783,0.27096,0.27166,0.26923,0.25829,0.27004,0.27026,0.25531,0.27221,0.27539,0.31501,0.29254,0.287,0.2776,0.26879,0.29568,0.26164,0.2771,0.54706,0.26393,0.2724,0.26234,0.27128,0.25781,0.26719,0.2731,0.26227,0.26644,0.25977,0.28156,0.26765,0.27259,0.27219,0.26269,0.24235
0.085363,0.07745,0.091334,0.060433,0.048269,0.067437,0.053043,0.0714,0.065462,0.063446,0.058374,0.25993,0,0.048954,0.058609,0.035471,0.068867,0.082718,0.061763,0.059304,0.10488,0.058009,0.095973,0.080322,0.054989,0.037614,0.064312,0.11928,0.077451,0.062017,0.049861,0.064154,0.068889,0.04654,0.053616,0.060066,0.10967,0.039122,0.10575,0.052007,0.042753,0.042583,0.042173,0.055599,0.050313,0.094052,0.081458,0.05716,0.069482,0.052907,0.058154,0.083565,0.078546,0.042679,0.088942,0.088986,0.20842,0.10965,0.04223,0.076463,0.050838,0.08989,0.054978,0.054114,0.055293,0.081389,0.076277,0.073566,0.07601,0.048976,0.042833,0.07044,0.058813,0.10525,0.048152,0.09436,0.041534,0.039992,0.056485,0.054192,0.06965,0.067065,0.080064,0.049081,0.064846,0.053034,0.049364,0.039337,0.050326,0.055405,0.076327,0.060908,0.045261,0.074614,0.10266,0.070941,0.051519,0.066407,0.063657,0.058915,0.060079,0.083349,0.065752,0.07922,0.059819,0.090792,0.043586,0.043317,0.064531,0.046766,0.092407,0.16743,0.078426,0.078948,0.046314,0.057269,0.10039,0.058995,0.094399,0.040628,0.052347,0.2105,0.061082,0.061118,0.070145,0.064554,0.055075,0.054373,0.10567,0.048513,0.069239,0.090981,0.074938,0.054802,0.051873,0.072729,0.040297,0.090373,0.049019,0.12076,0.055157,0.090138,0.066411,0.054509,0.072399,0.04532,0.084238,0.046446,0.059274,0.055452,0.076672,0.11276,0.084907,0.040279,0.0617,0.048532,0.16526,0.047519,0.059331,0.03943,0.098319,0.088284,0.071436,0.05446,0.049267,0.074363,0.059912,0.10043,0.066064,0.047443,0.078905,0.059543,0.039445,0.072508,0.083723,0.1447,0.11932,0.077743,0.062055,0.052728,0.15243,0.059819,0.075507,0.48817,0.049615,0.050016,0.04948,0.071668,0.047807,0.056354,0.099484,0.051796,0.06756,0.060572,0.068933,0.05441,0.068277,0.051358,0.047201,0.049248
0.085344,0.069313,0.083478,0.059178,0.057463,0.062781,0.052686,0.068656,0.069902,0.055707,0.049076,0.26759,0.048954,0,0.057145,0.039244,0.069699,0.063688,0.040202,0.061929,0.096927,0.04805,0.0814,0.075391,0.065981,0.04111,0.058487,0.10628,0.082985,0.052707,0.040776,0.057565,0.063633,0.045416,0.043187,0.075057,0.10599,0.03538,0.093716,0.040955,0.034079,0.055007,0.055393,0.054551,0.046617,0.093868,0.076767,0.04286,0.056565,0.053117,0.052308,0.068071,0.076856,0.042696,0.072757,0.082483,0.21677,0.095066,0.047274,0.068663,0.054007,0.097069,0.061062,0.051293,0.057039,0.079032,0.075849,0.066758,0.065852,0.045881,0.049625,0.077931,0.060068,0.095721,0.042607,0.097555,0.04122,0.050298,0.055874,0.048756,0.057989,0.065436,0.067036,0.039576,0.051348,0.058121,0.042283,0.048037,0.050584,0.049815,0.075424,0.062239,0.053016,0.051489,0.079022,0.053213,0.042019,0.05139,0.055397,0.052172,0.053489,0.073423,0.045493,0.074149,0.048994,0.089209,0.043498,0.03851,0.047157,0.048535,0.077156,0.16557,0.067984,0.060067,0.045579,0.050262,0.10483,0.07242,0.089986,0.04151,0.046724,0.19597,0.052726,0.056494,0.051911,0.052132,0.050403,0.056467,0.096653,0.042483,0.06735,0.090202,0.070971,0.041051,0.049867,0.064282,0.043812,0.070057,0.042216,0.10661,0.056095,0.08269,0.056492,0.058714,0.058912,0.041646,0.087706,0.03705,0.047608,0.050541,0.064633,0.12153,0.091856,0.046468,0.065538,0.051309,0.16033,0.035848,0.065636,0.032292,0.085833,0.078446,0.080755,0.063038,0.043694,0.065714,0.056092,0.095841,0.048534,0.047483,0.063858,0.045652,0.051439,0.066495,0.07352,0.15875,0.11212,0.070518,0.068871,0.041443,0.16116,0.064237,0.055722,0.4749,0.047117,0.044516,0.05539,0.059511,0.061313,0.049217,0.10178,0.048484,0.056139,0.064201,0.066833,0.04064,0.055573,0.04307,0.042419,0.047437
0.06886,0.078825,0.10796,0.051249,0.064867,0.063779,0.04385,0.076925,0.068279,0.057353,0.05457,0.28052,0.058609,0.057145,0,0.048009,0.068402,0.056621,0.06291,0.061723,0.10051,0.05215,0.082328,0.072052,0.055057,0.055464,0.061032,0.12813,0.093467,0.058986,0.051144,0.053714,0.052981,0.047076,0.051878,0.058767,0.10318,0.05404,0.090367,0.051578,0.04939,0.05009,0.056689,0.072971,0.050775,0.095498,0.096437,0.059703,0.067427,0.051745,0.053458,0.060994,0.0872,0.059411,0.092625,0.093995,0.18557,0.098199,0.045393,0.055205,0.064384,0.095979,0.058364,0.061707,0.058441,0.067527,0.080038,0.066368,0.067669,0.047093,0.039829,0.091413,0.075188,0.11842,0.050115,0.085362,0.04417,0.037124,0.051163,0.056209,0.053384,0.058204,0.070069,0.047687,0.046789,0.066732,0.042492,0.061343,0.043044,0.065723,0.089561,0.060013,0.061148,0.075523,0.075602,0.059637,0.051538,0.069649,0.044407,0.048529,0.063686,0.072403,0.060792,0.091332,0.049934,0.087997,0.05041,0.042528,0.050634,0.056796,0.089918,0.1758,0.076897,0.075033,0.052346,0.062414,0.099525,0.052084,0.088944,0.058468,0.053391,0.20232,0.056508,0.06857,0.054974,0.055598,0.073332,0.052515,0.091017,0.05168,0.063355,0.096632,0.081115,0.05197,0.061704,0.054196,0.051696,0.064865,0.047892,0.11374,0.069221,0.071514,0.057574,0.063486,0.071724,0.055933,0.078349,0.055589,0.054928,0.054277,0.075637,0.12216,0.088882,0.05405,0.067219,0.054631,0.14643,0.048753,0.059968,0.045293,0.08976,0.078833,0.086605,0.061163,0.066831,0.071903,0.064452,0.096207,0.070122,0.04485,0.082753,0.053184,0.061313,0.073618,0.07631,0.16879,0.10363,0.080241,0.073225,0.052527,0.14695,0.060295,0.059037,0.48148,0.05576,0.057607,0.057702,0.067928,0.060499,0.055426,0.094805,0.046751,0.059401,0.060549,0.075063,0.048462,0.051619,0.049849,0.048231,0.05502
0.06955,0.074032,0.080397,0.049845,0.04111,0.053706,0.037805,0.055925,0.063368,0.049799,0.03614,0.26319,0.035471,0.039244,0.048009,0,0.066759,0.069513,0.042205,0.050504,0.10052,0.050693,0.079675,0.060782,0.038821,0.037173,0.042513,0.11849,0.081033,0.038223,0.029126,0.060818,0.059055,0.030498,0.03986,0.052563,0.096427,0.026599,0.093119,0.045067,0.030061,0.036044,0.037149,0.053064,0.041686,0.092747,0.077275,0.041548,0.048831,0.037224,0.048035,0.063767,0.077894,0.03902,0.079217,0.084387,0.20993,0.09083,0.035634,0.055408,0.049152,0.089051,0.046549,0.048798,0.054858,0.063111,0.079418,0.066404,0.069626,0.0363,0.037391,0.07219,0.059708,0.097858,0.037282,0.092561,0.025137,0.029812,0.041847,0.048625,0.05289,0.051254,0.070968,0.027651,0.05426,0.05197,0.039049,0.042409,0.037174,0.049735,0.082582,0.068814,0.041165,0.059648,0.089275,0.051403,0.032219,0.060807,0.04839,0.049847,0.055584,0.068029,0.052571,0.076011,0.045917,0.091138,0.035252,0.029566,0.05404,0.043334,0.086422,0.16662,0.061462,0.068814,0.04257,0.059873,0.098999,0.043255,0.08534,0.030418,0.046501,0.20092,0.045835,0.053004,0.049475,0.043983,0.048919,0.039624,0.090233,0.034654,0.057031,0.088088,0.071888,0.046975,0.042022,0.061643,0.032939,0.084461,0.037236,0.108,0.044245,0.073308,0.057876,0.048358,0.062186,0.036845,0.074697,0.032935,0.039928,0.046584,0.070642,0.11008,0.078839,0.03422,0.056723,0.042333,0.14782,0.035897,0.042246,0.027935,0.084028,0.071514,0.075275,0.056128,0.042628,0.061785,0.049945,0.081958,0.054513,0.028763,0.067786,0.043266,0.035833,0.061973,0.062879,0.15671,0.10535,0.068194,0.056777,0.047349,0.14396,0.056848,0.067281,0.48113,0.040382,0.038472,0.034806,0.064782,0.043411,0.041922,0.086771,0.037977,0.061266,0.049442,0.061372,0.045746,0.060596,0.04548,0.03568,0.046258
0.080034,0.07162,0.093612,0.068736,0.064775,0.05392,0.066305,0.084717,0.064779,0.066339,0.070938,0.25998,0.068867,0.069699,0.068402,0.066759,0,0.090273,0.075569,0.059429,0.10091,0.059029,0.10122,0.081735,0.060995,0.061979,0.081682,0.12764,0.10228,0.085158,0.068301,0.062222,0.058017,0.059866,0.074342,0.077942,0.11888,0.068924,0.088308,0.05597,0.053658,0.060244,0.078768,0.07595,0.050672,0.10051,0.080008,0.069556,0.075294,0.062762,0.054068,0.085142,0.098517,0.064978,0.078034,0.085153,0.1945,0.10593,0.063787,0.074499,0.048838,0.10214,0.063919,0.074213,0.06358,0.073894,0.08783,0.057556,0.076211,0.057559,0.062551,0.067818,0.07329,0.1052,0.055757,0.098224,0.06279,0.06431,0.067493,0.071399,0.064353,0.068827,0.079612,0.064722,0.055742,0.066099,0.066895,0.062661,0.058248,0.07157,0.090452,0.081447,0.065056,0.069982,0.092336,0.080106,0.06989,0.075362,0.070449,0.060066,0.089048,0.077381,0.065359,0.082744,0.059927,0.082237,0.046245,0.057547,0.056253,0.072102,0.06725,0.18321,0.10068,0.078509,0.068682,0.059768,0.12033,0.07747,0.092703,0.066051,0.064931,0.19813,0.061021,0.079163,0.060091,0.084248,0.080412,0.07134,0.10147,0.073053,0.095053,0.10715,0.088945,0.071802,0.087062,0.054673,0.064665,0.073361,0.067008,0.12746,0.075193,0.089456,0.072014,0.060569,0.075385,0.072986,0.089189,0.066998,0.069625,0.064701,0.080074,0.13228,0.083459,0.06585,0.072159,0.075552,0.14689,0.066311,0.082368,0.064666,0.091713,0.078043,0.099672,0.060301,0.082889,0.062202,0.061422,0.096573,0.071627,0.06018,0.065147,0.057832,0.066535,0.081938,0.078475,0.1702,0.10328,0.10089,0.07806,0.054101,0.14596,0.060854,0.074003,0.50408,0.06688,0.06403,0.072918,0.090114,0.061341,0.057224,0.10477,0.064624,0.083242,0.073414,0.053485,0.068616,0.075048,0.075231,0.062531,0.061338
0.10306,0.097005,0.11882,0.074734,0.089423,0.075593,0.07326,0.088119,0.090687,0.081689,0.073736,0.29324,0.082718,0.063688,0.056621,0.069513,0.090273,0,0.08326,0.083376,0.11725,0.065182,0.093037,0.09136,0.085739,0.082161,0.077489,0.1179,0.10279,0.077572,0.069075,0.060901,0.082264,0.073703,0.068178,0.098295,0.1271,0.07218,0.096802,0.07646,0.069241,0.078356,0.087832,0.090937,0.074617,0.12035,0.10244,0.073809,0.087639,0.084516,0.07578,0.08013,0.11306,0.080695,0.10049,0.11078,0.20313,0.10948,0.074453,0.074605,0.088313,0.1188,0.090695,0.081951,0.08266,0.092836,0.10497,0.088096,0.085467,0.069614,0.071647,0.1025,0.089237,0.11686,0.070991,0.10463,0.071124,0.071396,0.07528,0.081833,0.074697,0.079217,0.077135,0.068191,0.070931,0.095139,0.066083,0.077761,0.066352,0.08454,0.10734,0.086025,0.086349,0.094014,0.072107,0.068737,0.070798,0.080447,0.069782,0.067382,0.063951,0.082487,0.0713,0.1098,0.07491,0.11958,0.069828,0.063242,0.055076,0.08291,0.10505,0.18641,0.087071,0.080225,0.077302,0.087174,0.11514,0.085768,0.09457,0.077107,0.073117,0.20519,0.080353,0.087807,0.071309,0.069226,0.090099,0.075428,0.10817,0.066317,0.081087,0.098965,0.10189,0.070409,0.08699,0.074624,0.078503,0.067985,0.074631,0.11903,0.084359,0.090848,0.056819,0.087299,0.087824,0.070608,0.09824,0.067208,0.075267,0.073821,0.091516,0.14567,0.11095,0.07475,0.075529,0.079455,0.15441,0.066617,0.077743,0.071263,0.10122,0.08596,0.10909,0.087007,0.077161,0.086399,0.083296,0.12057,0.074763,0.073213,0.090758,0.073594,0.084902,0.092763,0.095127,0.17896,0.11339,0.089852,0.094151,0.058754,0.16171,0.089616,0.0447,0.48357,0.074745,0.080575,0.087491,0.079006,0.088736,0.075969,0.12189,0.07512,0.077343,0.087488,0.08897,0.067459,0.075324,0.059443,0.075497,0.074712
0.068835,0.07019,0.079878,0.05127,0.059716,0.065003,0.056855,0.064886,0.068543,0.060722,0.040545,0.26777,0.061763,0.040202,0.06291,0.042205,0.075569,0.08326,0,0.065236,0.093434,0.064027,0.065994,0.061241,0.055994,0.047567,0.06001,0.11294,0.092396,0.050535,0.045527,0.076196,0.063162,0.044565,0.040177,0.070131,0.089974,0.04678,0.093726,0.045919,0.042112,0.062985,0.055078,0.052827,0.051531,0.096432,0.08699,0.048584,0.052486,0.045711,0.055278,0.052596,0.075731,0.051929,0.079121,0.073979,0.21243,0.093924,0.055979,0.069561,0.057363,0.098992,0.060405,0.059921,0.064057,0.06265,0.072365,0.065528,0.078334,0.051632,0.05551,0.091964,0.075387,0.094833,0.053803,0.10161,0.040838,0.048857,0.060327,0.058102,0.052537,0.062231,0.07039,0.04424,0.054894,0.061573,0.050521,0.061735,0.05292,0.062429,0.085239,0.07843,0.053512,0.054261,0.081165,0.047483,0.046085,0.066258,0.057383,0.057267,0.075452,0.072527,0.050882,0.076868,0.052852,0.085774,0.052778,0.044194,0.062976,0.051782,0.075766,0.15986,0.06677,0.063825,0.059078,0.067854,0.1099,0.060839,0.099387,0.051705,0.056158,0.19049,0.046535,0.053136,0.054854,0.045348,0.053062,0.061585,0.093887,0.047711,0.065259,0.10353,0.067948,0.054469,0.051337,0.070126,0.048571,0.086164,0.048044,0.10026,0.05536,0.073935,0.06939,0.062298,0.0648,0.051099,0.093297,0.045457,0.046779,0.05941,0.066291,0.11353,0.096007,0.048273,0.06724,0.056882,0.15486,0.052038,0.066066,0.037064,0.082404,0.080543,0.086561,0.077435,0.055824,0.069775,0.048977,0.091328,0.059671,0.04924,0.061067,0.046639,0.05485,0.059665,0.065098,0.16408,0.10982,0.075997,0.073202,0.058802,0.15303,0.073092,0.079324,0.46037,0.053764,0.04375,0.054691,0.076458,0.065163,0.052488,0.085754,0.046695,0.059938,0.064007,0.069596,0.051024,0.06067,0.060283,0.042942,0.053634
0.070461,0.072963,0.098402,0.069363,0.058795,0.038225,0.042171,0.076798,0.070184,0.05966,0.05455,0.26434,0.059304,0.061929,0.061723,0.050504,0.059429,0.083376,0.065236,0,0.1098,0.052811,0.095651,0.077342,0.045954,0.04339,0.06803,0.13023,0.078185,0.058901,0.055894,0.041136,0.057557,0.049027,0.058088,0.076008,0.11941,0.050903,0.078245,0.059562,0.051539,0.0493,0.065171,0.066061,0.039797,0.10091,0.090347,0.072159,0.066587,0.048649,0.059682,0.062835,0.09487,0.052551,0.081791,0.095887,0.20708,0.097576,0.042598,0.058321,0.057155,0.1041,0.046215,0.059214,0.060599,0.068439,0.093961,0.066547,0.077033,0.045104,0.053342,0.076984,0.059122,0.093282,0.051926,0.09399,0.05201,0.052173,0.067041,0.059277,0.059244,0.047438,0.075008,0.049502,0.056513,0.066916,0.053969,0.061881,0.041159,0.060456,0.099312,0.082157,0.05577,0.07306,0.096958,0.062267,0.058911,0.074608,0.058761,0.05131,0.073769,0.080948,0.064353,0.068349,0.053083,0.098302,0.048484,0.046358,0.062446,0.064554,0.082348,0.17326,0.076303,0.078939,0.055539,0.059529,0.10264,0.056909,0.07759,0.052075,0.056853,0.18753,0.052293,0.06142,0.050289,0.068484,0.059891,0.062259,0.09941,0.062504,0.083726,0.10657,0.086219,0.057479,0.074631,0.067657,0.054944,0.071737,0.052672,0.1335,0.058405,0.080541,0.068523,0.053835,0.060081,0.060296,0.090603,0.056944,0.059642,0.060393,0.075999,0.12022,0.07274,0.046175,0.052613,0.056155,0.16497,0.052599,0.06841,0.05343,0.10774,0.060229,0.096005,0.047214,0.072286,0.062134,0.055131,0.095261,0.074227,0.048043,0.070023,0.055329,0.047752,0.057467,0.085543,0.16526,0.097718,0.087406,0.063942,0.057486,0.1378,0.06373,0.076432,0.49954,0.056741,0.056584,0.058776,0.079135,0.042195,0.050603,0.081101,0.057272,0.072108,0.046661,0.052949,0.068034,0.072794,0.058503,0.055182,0.06198
0.10409,0.1154,0.092077,0.093705,0.1016,0.1041,0.087026,0.11312,0.08936,0.094407,0.10118,0.29781,0.10488,0.096927,0.10051,0.10052,0.10091,0.11725,0.093434,0.1098,0,0.093435,0.10635,0.094192,0.098449,0.098175,0.10477,0.13763,0.10947,0.096582,0.084691,0.10483,0.096233,0.086923,0.093818,0.12069,0.10459,0.091051,0.12526,0.077341,0.087978,0.10818,0.099012,0.099222,0.098794,0.10359,0.13223,0.08405,0.1016,0.10092,0.089735,0.10292,0.080235,0.091823,0.086895,0.097073,0.22197,0.098122,0.092531,0.11261,0.098547,0.12739,0.089927,0.098905,0.084566,0.10759,0.093692,0.066442,0.12336,0.091451,0.090622,0.1202,0.10862,0.12187,0.09855,0.1109,0.089553,0.084761,0.089079,0.092278,0.1004,0.12798,0.11321,0.093312,0.090099,0.091023,0.098645,0.10066,0.093274,0.1006,0.12136,0.09128,0.09079,0.10448,0.097189,0.093859,0.081466,0.10575,0.082423,0.090498,0.11567,0.0963,0.080884,0.096222,0.086845,0.089492,0.095591,0.088902,0.10437,0.095249,0.098523,0.18702,0.10313,0.08757,0.11363,0.10661,0.12096,0.11245,0.13235,0.089231,0.089711,0.22316,0.096373,0.1041,0.097636,0.095286,0.107,0.091659,0.1187,0.087822,0.1032,0.11662,0.10113,0.097388,0.09057,0.10326,0.088206,0.11273,0.086892,0.12816,0.1009,0.1042,0.11978,0.10407,0.095876,0.1033,0.12486,0.091182,0.083284,0.086797,0.11599,0.1549,0.12644,0.10439,0.10788,0.10008,0.16693,0.091984,0.10254,0.082095,0.12482,0.13635,0.10739,0.10721,0.095539,0.12015,0.087755,0.10367,0.092478,0.10097,0.11409,0.084439,0.10521,0.11366,0.088805,0.2118,0.13259,0.10289,0.096647,0.096736,0.18289,0.10369,0.097564,0.48784,0.093218,0.085554,0.086303,0.09743,0.11158,0.093571,0.12374,0.093756,0.083162,0.1192,0.099042,0.087249,0.071114,0.091687,0.08488,0.09575
0.076023,0.074372,0.08516,0.059878,0.050858,0.049666,0.054071,0.078196,0.060966,0.056155,0.053444,0.27183,0.058009,0.04805,0.05215,0.050693,0.059029,0.065182,0.064027,0.052811,0.093435,0,0.098484,0.071289,0.066842,0.046532,0.062463,0.10895,0.079111,0.057932,0.044713,0.040274,0.050119,0.044058,0.060409,0.083098,0.10796,0.04442,0.087065,0.039838,0.040184,0.056005,0.057015,0.070079,0.041865,0.091424,0.080265,0.056327,0.061782,0.053209,0.043054,0.073459,0.078286,0.042271,0.066623,0.092434,0.21093,0.095447,0.044327,0.065233,0.048432,0.09469,0.046879,0.057174,0.050976,0.076899,0.070332,0.062045,0.059937,0.038544,0.045775,0.086812,0.052241,0.088087,0.046094,0.082647,0.043516,0.0495,0.051404,0.055894,0.059487,0.070681,0.073447,0.044533,0.046973,0.0568,0.044178,0.046992,0.047025,0.04935,0.085631,0.051927,0.043473,0.068202,0.08242,0.061017,0.046253,0.054449,0.054697,0.042726,0.06304,0.065157,0.048707,0.0672,0.051282,0.081941,0.042032,0.03796,0.040659,0.055461,0.075926,0.16724,0.066782,0.067431,0.046762,0.043161,0.1009,0.071472,0.070197,0.051261,0.045292,0.18531,0.053951,0.05665,0.044488,0.067792,0.062617,0.058126,0.092153,0.050921,0.066615,0.10132,0.072615,0.051142,0.059471,0.060985,0.053716,0.062498,0.038691,0.10222,0.062703,0.070906,0.052765,0.049008,0.050856,0.044538,0.084028,0.057285,0.043059,0.046367,0.079112,0.12033,0.067941,0.04765,0.056572,0.046097,0.15557,0.039133,0.06161,0.043705,0.099065,0.083205,0.081055,0.046131,0.049519,0.06725,0.045847,0.092232,0.065312,0.043284,0.068277,0.048588,0.052877,0.060709,0.070423,0.15959,0.10178,0.086168,0.062615,0.041325,0.14149,0.072012,0.046341,0.48611,0.049173,0.041995,0.058194,0.068557,0.047833,0.032666,0.097149,0.045055,0.05793,0.058777,0.049765,0.047162,0.051058,0.04178,0.051643,0.05051
0.084688,0.092421,0.11501,0.052346,0.093072,0.087719,0.080852,0.086536,0.098494,0.0885,0.075101,0.27845,0.095973,0.0814,0.082328,0.079675,0.10122,0.093037,0.065994,0.095651,0.10635,0.098484,0,0.073761,0.078051,0.089806,0.09591,0.14198,0.11409,0.081093,0.080591,0.099084,0.088457,0.079477,0.068561,0.099517,0.10305,0.080904,0.11291,0.081451,0.078654,0.094772,0.089969,0.091874,0.087464,0.11066,0.11308,0.072839,0.079802,0.08155,0.08197,0.060212,0.092826,0.092644,0.11053,0.081362,0.19665,0.11851,0.083294,0.076312,0.087315,0.12087,0.10014,0.08661,0.082014,0.070396,0.092946,0.081129,0.10974,0.083001,0.08559,0.1069,0.11707,0.12787,0.083951,0.13106,0.080585,0.075769,0.092013,0.09847,0.075911,0.082908,0.10697,0.080533,0.089924,0.1096,0.084179,0.097379,0.079358,0.092071,0.10597,0.10544,0.090001,0.075767,0.10112,0.065261,0.080943,0.096313,0.079028,0.090026,0.10012,0.088527,0.072041,0.11527,0.07694,0.11612,0.085313,0.076668,0.086943,0.095753,0.098917,0.19326,0.10148,0.079337,0.097453,0.10635,0.10371,0.081936,0.12167,0.08109,0.09161,0.20728,0.070636,0.086054,0.08852,0.06046,0.10076,0.079071,0.11276,0.072865,0.10316,0.10681,0.089319,0.078697,0.081309,0.093169,0.081007,0.097314,0.084397,0.12119,0.07834,0.086948,0.099501,0.099331,0.10285,0.081633,0.1098,0.076847,0.084507,0.080797,0.066047,0.14138,0.12735,0.084387,0.090086,0.094522,0.16037,0.088447,0.089893,0.07791,0.092799,0.096506,0.10658,0.11785,0.087081,0.085618,0.091054,0.11224,0.07525,0.080432,0.10173,0.07765,0.087461,0.089625,0.084054,0.18419,0.11198,0.093051,0.10405,0.087407,0.15414,0.092803,0.1,0.45239,0.083112,0.085269,0.082242,0.091254,0.10025,0.089583,0.098825,0.078064,0.077942,0.086491,0.10667,0.071599,0.091205,0.086239,0.071768,0.074591
