0,0.10014,0.090306,0.084898,0.088279,0.072714,0.080149,0.10741,0.082828,0.081495,0.071606,0.12679,0.15384,0.068806,0.10399,0.085466,0.20886,0.10895,0.081824,0.056132,0.13651,0.10585,0.14579,0.057801,0.083756,0.075842,0.079341,0.096994,0.074827,0.078716,0.069854,0.1021,0.093416,0.08805,0.092161,0.088755,0.08571,0.087861,0.090227,0.081837,0.064088,0.056232,0.086414,0.061955,0.080708,0.13961,0.072051,0.081289,0.09281,0.075265,0.091757,0.093774,0.1107,0.099541,0.10276,0.11814,0.080648,51.366,0.10814,0.10675,0.088809,0.081513,0.085925,0.098593,0.074748,0.061534,0.12679,0.081361,0.09962,0.090526,0.085907,0.080467,0.086135,0.10494,0.082286,0.088789,0.070126,0.093049,0.12365,0.089156,0.10131,0.125,0.12004,0.064813,0.086009,0.080047,0.11365,0.074868,0.067984,0.083665,0.1178,0.08323,0.082089,0.13068,0.11459,0.094157,0.081297,0.080728,0.072629,0.076358,0.080316,0.075727,0.11209,0.11547,0.093827,0.095463,0.077626,0.069402,0.10399,0.088497,0.094272,0.087193,0.1131,0.093111,0.069847,0.072443,0.08247,0.066073,0.14332,0.080599,0.088239,0.16411,0.073986,0.18182,0.084342,0.086406,0.089244,0.073821,0.1167,0.080235,0.089418,0.10967,0.091374,0.091128,0.092126,0.11828,0.072622,0.10964,0.087087,0.098669,0.12905,0.06507,0.11369,0.056965,0.090536,0.087603,0.083514,3.9671,0.12226,0.075043,0.12859,0.086018,0.12463,0.079179,0.069708,0.10597,0.25282,0.076557,0.095774,0.10391,0.079375,0.061621,0.057259,0.076758,0.10526,0.097488,0.084892,0.10657,0.084045,0.093267,0.090607,0.078363,0.077308,0.07417,0.11198,0.081162,0.14429,0.14265,0.06762,0.097332,0.10907,0.066426,0.1227,0.064769,0.08999,0.092305,0.070003,0.087572,0.078589,0.097733,0.12174,0.078383,0.085979,0.084629,0.10446,0.09946,0.075621,0.066558,0.067411,0.07451
0.10014,0,0.067873,0.088047,0.072066,0.088672,0.073074,0.098643,0.089153,0.097187,0.064022,0.1418,0.16607,0.071487,0.13738,0.057718,0.23599,0.12766,0.081593,0.088117,0.11408,0.10598,0.131,0.088922,0.07813,0.064895,0.070154,0.14019,0.065646,0.061598,0.059405,0.11637,0.085139,0.091335,0.098305,0.10637,0.10343,0.074183,0.070549,0.084264,0.064109,0.080857,0.071014,0.069543,0.06495,0.14807,0.086993,0.095172,0.099766,0.084372,0.08871,0.10189,0.085918,0.10388,0.09291,0.12689,0.095329,51.379,0.097016,0.10124,0.087166,0.10518,0.072412,0.10754,0.084813,0.065064,0.13094,0.090184,0.10026,0.095415,0.07387,0.085783,0.081877,0.1026,0.066902,0.079782,0.062854,0.063358,0.11375,0.070074,0.10398,0.10413,0.09641,0.068246,0.09273,0.070317,0.13107,0.085295,0.065797,0.083584,0.11926,0.061719,0.074324,0.10345,0.086542,0.087756,0.054125,0.089071,0.090037,0.092256,0.079749,0.094486,0.10506,0.085829,0.08547,0.12652,0.070316,0.077712,0.092905,0.090443,0.12079,0.090893,0.12503,0.11135,0.071415,0.08638,0.069591,0.075273,0.10732,0.057684,0.061794,0.17209,0.08118,0.16671,0.081279,0.081432,0.068748,0.063701,0.11506,0.057375,0.05849,0.12151,0.077896,0.093734,0.064108,0.13708,0.083896,0.11526,0.061951,0.10903,0.1102,0.10168,0.12332,0.080982,0.068334,0.077474,0.088608,3.9776,0.10522,0.087042,0.11977,0.085445,0.097609,0.086604,0.071354,0.08425,0.22456,0.06393,0.096693,0.075201,0.06174,0.080237,0.073378,0.087762,0.094472,0.099739,0.087038,0.099325,0.062612,0.066811,0.08872,0.067356,0.059372,0.088872,0.082522,0.070891,0.15474,0.10983,0.069747,0.092989,0.088427,0.061986,0.13257,0.083858,0.072601,0.082123,0.062933,0.074637,0.052924,0.11349,0.12444,0.092784,0.10603,0.091279,0.1053,0.084181,0.090971,0.083338,0.078605,0.083453
0.090306,0.067873,0,0.068975,0.07163,0.07926,0.056631,0.073836,0.062227,0.073901,0.069996,0.15647,0.14847,0.051594,0.11554,0.037854,0.21075,0.12896,0.05617,0.075335,0.11739,0.088392,0.12829,0.068556,0.071048,0.060628,0.065353,0.11521,0.049513,0.060029,0.048519,0.11685,0.071906,0.069521,0.089149,0.08781,0.085867,0.056486,0.088159,0.060685,0.057581,0.075271,0.055114,0.064435,0.045329,0.12867,0.063701,0.076893,0.078033,0.073275,0.0576,0.091848,0.064569,0.076557,0.059062,0.10987,0.088371,51.372,0.093384,0.10665,0.082538,0.090037,0.062423,0.09652,0.080201,0.054095,0.12744,0.077213,0.070461,0.073419,0.050998,0.066854,0.063911,0.074619,0.047164,0.060221,0.050818,0.051786,0.11107,0.057398,0.088245,0.11868,0.087264,0.04902,0.071432,0.054864,0.1132,0.068649,0.059142,0.058898,0.080068,0.04663,0.059754,0.092922,0.07795,0.066932,0.059154,0.061034,0.067629,0.064738,0.071262,0.10095,0.074841,0.087993,0.069932,0.12955,0.048801,0.047864,0.093198,0.065995,0.09678,0.087824,0.12385,0.086724,0.066136,0.070073,0.058539,0.079646,0.11621,0.057839,0.065639,0.15252,0.074377,0.1713,0.061055,0.07399,0.052135,0.054602,0.095878,0.053452,0.067551,0.12193,0.062246,0.07157,0.059887,0.11268,0.090087,0.099926,0.05244,0.096425,0.10584,0.080839,0.13357,0.057608,0.061553,0.087731,0.078917,3.9742,0.085514,0.075987,0.12659,0.067348,0.099214,0.072074,0.055035,0.094765,0.22113,0.035449,0.1064,0.066408,0.044072,0.060522,0.069371,0.073883,0.059319,0.090419,0.064976,0.074079,0.06523,0.050086,0.07533,0.053685,0.056768,0.079063,0.083787,0.055826,0.13693,0.10569,0.067336,0.080948,0.068341,0.059238,0.12805,0.087221,0.042866,0.048466,0.057292,0.054841,0.053901,0.10039,0.12318,0.078262,0.081237,0.074481,0.083239,0.075884,0.086698,0.076123,0.083845,0.069262
0.084898,0.088047,0.068975,0,0.07593,0.068889,0.067103,0.069897,0.065204,0.083016,0.068446,0.13557,0.16073,0.073113,0.090275,0.064864,0.18741,0.12099,0.062873,0.063561,0.10548,0.077561,0.10491,0.078867,0.073377,0.078701,0.074945,0.12445,0.066687,0.065062,0.065475,0.10492,0.090202,0.078007,0.081197,0.09867,0.083288,0.080442,0.081655,0.079356,0.070114,0.07307,0.077274,0.069568,0.071636,0.11063,0.050654,0.0588,0.076761,0.084186,0.066032,0.067311,0.080187,0.078671,0.080621,0.097182,0.081776,51.388,0.099374,0.099941,0.065607,0.10616,0.089105,0.073157,0.064119,0.068453,0.10986,0.069214,0.076476,0.084831,0.07847,0.071577,0.078264,0.086478,0.073857,0.058962,0.062908,0.083771,0.12525,0.077124,0.075844,0.10182,0.082248,0.060781,0.095267,0.082881,0.10584,0.083209,0.056613,0.047896,0.094004,0.066259,0.089206,0.094803,0.10455,0.079322,0.067584,0.07777,0.055632,0.068529,0.060398,0.079761,0.1003,0.11819,0.076131,0.095409,0.072597,0.071826,0.071121,0.086136,0.10454,0.093425,0.12815,0.087022,0.070635,0.075458,0.065972,0.069031,0.13659,0.071465,0.056574,0.12872,0.065618,0.17296,0.085983,0.065576,0.076795,0.063733,0.12321,0.071799,0.084243,0.10875,0.085523,0.08008,0.082161,0.098216,0.099189,0.073244,0.059737,0.10354,0.1257,0.093918,0.1456,0.071558,0.071543,0.10048,0.091677,3.9849,0.099984,0.092284,0.10459,0.061812,0.1205,0.069104,0.057942,0.10159,0.22705,0.069692,0.082146,0.070354,0.059322,0.061121,0.07765,0.055221,0.082049,0.073832,0.070573,0.087154,0.087043,0.072122,0.063929,0.061963,0.079066,0.073079,0.087511,0.078116,0.11407,0.098397,0.064382,0.073959,0.10036,0.064088,0.12833,0.085112,0.068379,0.072219,0.07745,0.061014,0.074454,0.08642,0.12903,0.087275,0.098399,0.077262,0.089233,0.094598,0.061954,0.068205,0.057784,0.058195
0.088279,0.072066,0.07163,0.07593,0,0.081457,0.06662,0.098174,0.078393,0.091005,0.077433,0.14331,0.1563,0.053976,0.11539,0.055869,0.20352,0.12615,0.076645,0.061872,0.12527,0.095419,0.13437,0.07472,0.080007,0.075323,0.076604,0.11131,0.061966,0.0628,0.060759,0.11814,0.080141,0.077947,0.093259,0.096488,0.10067,0.064013,0.075887,0.068886,0.059031,0.072172,0.070364,0.073131,0.069529,0.13816,0.07338,0.071134,0.085792,0.081462,0.080923,0.096541,0.078674,0.090446,0.085258,0.12289,0.081302,51.372,0.10258,0.11133,0.068547,0.09996,0.066637,0.10037,0.070829,0.068006,0.13119,0.096436,0.09199,0.089926,0.073742,0.095111,0.075926,0.080482,0.05969,0.085403,0.068189,0.061135,0.12851,0.087004,0.10161,0.11212,0.10214,0.072146,0.080687,0.075998,0.10322,0.064154,0.072907,0.072348,0.10135,0.062,0.068631,0.11257,0.087786,0.093229,0.054595,0.088388,0.071127,0.086638,0.072991,0.09992,0.092039,0.094885,0.094691,0.12162,0.069254,0.065438,0.069499,0.095658,0.11716,0.087405,0.11836,0.09326,0.065993,0.075262,0.054667,0.07598,0.13135,0.060818,0.05618,0.15777,0.077474,0.16886,0.083323,0.081149,0.074674,0.05524,0.12004,0.05775,0.078623,0.13073,0.085454,0.084642,0.052985,0.097882,0.082002,0.099177,0.05364,0.12347,0.12113,0.09116,0.11922,0.065797,0.061041,0.083618,0.096084,3.9788,0.12554,0.083469,0.10976,0.076319,0.13157,0.068156,0.054576,0.10364,0.22396,0.06344,0.072668,0.067985,0.05855,0.07404,0.069712,0.087475,0.091539,0.086816,0.07511,0.076816,0.063014,0.066544,0.085695,0.056447,0.064282,0.088711,0.094146,0.077556,0.14943,0.12719,0.074805,0.08298,0.099081,0.068134,0.11837,0.070718,0.076215,0.072125,0.064869,0.071381,0.064839,0.10564,0.12347,0.090329,0.082619,0.099769,0.10326,0.075322,0.072857,0.067699,0.072683,0.08234
0.072714,0.088672,0.07926,0.068889,0.081457,0,0.062233,0.099795,0.086752,0.080877,0.060188,0.13947,0.16185,0.070602,0.12583,0.072646,0.21409,0.11006,0.072948,0.072985,0.11586,0.087221,0.13396,0.060845,0.08151,0.057956,0.073704,0.10301,0.056649,0.079277,0.056104,0.084356,0.075359,0.072744,0.075995,0.08406,0.096343,0.063036,0.073319,0.079767,0.062738,0.064868,0.072505,0.060672,0.06279,0.12492,0.053694,0.07367,0.076671,0.070839,0.071836,0.083133,0.084544,0.075804,0.072644,0.11562,0.080195,51.386,0.089382,0.10391,0.073186,0.08455,0.080381,0.078953,0.063004,0.063172,0.10991,0.060728,0.073651,0.067966,0.06229,0.073418,0.089363,0.098468,0.072709,0.0764,0.064636,0.082432,0.11608,0.061467,0.082264,0.11518,0.094542,0.057569,0.10256,0.083273,0.098239,0.070888,0.049268,0.061879,0.094103,0.064312,0.073219,0.11108,0.082426,0.083877,0.058345,0.073622,0.070195,0.077707,0.055562,0.080829,0.11027,0.10629,0.081128,0.097619,0.065885,0.075765,0.092473,0.094402,0.092633,0.085137,0.13364,0.083032,0.048911,0.075598,0.077389,0.0749,0.13961,0.067154,0.061996,0.15862,0.071741,0.16602,0.084335,0.075846,0.074002,0.060931,0.11216,0.07302,0.085733,0.11234,0.086532,0.083594,0.07714,0.10583,0.086011,0.075596,0.067774,0.083685,0.12481,0.076757,0.12207,0.061386,0.074133,0.084989,0.060442,3.9902,0.10187,0.069703,0.11911,0.062072,0.1199,0.064819,0.061742,0.076924,0.2121,0.070668,0.096903,0.081385,0.059501,0.06193,0.066058,0.053535,0.091552,0.074115,0.063407,0.09227,0.070269,0.081935,0.067313,0.071695,0.074938,0.063334,0.088837,0.060796,0.1243,0.11874,0.050462,0.070441,0.10152,0.069141,0.10932,0.064532,0.079058,0.07026,0.070245,0.05939,0.070934,0.08604,0.12221,0.08462,0.088867,0.070412,0.08319,0.088692,0.074266,0.054084,0.06803,0.055553
0.080149,0.073074,0.056631,0.067103,0.06662,0.062233,0,0.090514,0.062608,0.085116,0.05713,0.13774,0.1372,0.048618,0.097904,0.056284,0.20934,0.095971,0.044538,0.064657,0.10736,0.061406,0.12206,0.059545,0.060599,0.039461,0.039432,0.10919,0.037667,0.045173,0.029274,0.082519,0.053028,0.037688,0.071401,0.067198,0.072496,0.053717,0.06642,0.073849,0.049003,0.049558,0.04926,0.039585,0.040825,0.11132,0.036693,0.054323,0.070817,0.05391,0.059588,0.084528,0.058438,0.065606,0.052305,0.10953,0.082791,51.389,0.078127,0.11795,0.066446,0.083012,0.072975,0.086086,0.058129,0.037679,0.11222,0.066247,0.070519,0.067931,0.049155,0.065262,0.063722,0.075138,0.046111,0.052188,0.041225,0.05471,0.089877,0.052922,0.077017,0.10649,0.082147,0.041853,0.077101,0.052949,0.09121,0.045026,0.051823,0.057054,0.090464,0.043052,0.057586,0.093561,0.081679,0.053662,0.040397,0.047341,0.049557,0.069033,0.047314,0.079669,0.068057,0.083977,0.062137,0.10403,0.042248,0.056316,0.078309,0.069217,0.080324,0.082216,0.1064,0.077936,0.054427,0.053389,0.040332,0.074784,0.10854,0.048113,0.045079,0.13829,0.062465,0.17104,0.056577,0.058505,0.05216,0.038514,0.10208,0.045222,0.05979,0.11733,0.054964,0.066237,0.057239,0.087751,0.067361,0.070564,0.050435,0.084812,0.12084,0.078569,0.11424,0.04906,0.05802,0.068646,0.070964,3.9938,0.096169,0.048878,0.11935,0.058619,0.098671,0.046736,0.040155,0.085946,0.21273,0.03769,0.080295,0.057896,0.039617,0.05188,0.047128,0.061327,0.068027,0.079706,0.038902,0.069327,0.053161,0.045565,0.063997,0.052542,0.047114,0.071625,0.080995,0.041772,0.13353,0.10425,0.053062,0.067265,0.076046,0.059521,0.10111,0.057621,0.050215,0.044464,0.047637,0.039662,0.049275,0.084579,0.11527,0.087771,0.070404,0.070749,0.0827,0.055245,0.077439,0.048695,0.057642,0.05462
0.10741,0.098643,0.073836,0.069897,0.098174,0.099795,0.090514,0,0.064041,0.088802,0.083931,0.13915,0.17496,0.090572,0.11027,0.083664,0.21391,0.12518,0.068057,0.091817,0.13422,0.10415,0.10269,0.089452,0.074177,0.093326,0.08259,0.13322,0.090616,0.075078,0.089524,0.11609,0.10146,0.090481,0.10219,0.12173,0.085166,0.10162,0.09373,0.071824,0.094405,0.093737,0.096705,0.086087,0.078002,0.12937,0.081721,0.093566,0.093148,0.092338,0.083147,0.091169,0.08041,0.091744,0.094138,0.077246,0.096199,51.4,0.095968,0.11645,0.095056,0.12162,0.10312,0.10219,0.086544,0.085276,0.12737,0.076968,0.10324,0.076279,0.095796,0.077097,0.095312,0.096574,0.088999,0.070666,0.074947,0.094052,0.13717,0.083283,0.092666,0.091894,0.074245,0.08388,0.093859,0.090385,0.11759,0.095424,0.072678,0.068801,0.10044,0.090722,0.095794,0.11064,0.097256,0.084964,0.088464,0.08339,0.084705,0.065028,0.088993,0.094124,0.10679,0.13708,0.091042,0.12029,0.077011,0.085141,0.10234,0.089963,0.11993,0.11873,0.14986,0.096713,0.090248,0.089396,0.085592,0.08205,0.1316,0.095238,0.085504,0.13432,0.076447,0.15938,0.083105,0.085288,0.09271,0.083824,0.122,0.078271,0.093503,0.1088,0.10302,0.092015,0.10586,0.11702,0.11991,0.10046,0.091856,0.098818,0.13419,0.10773,0.16562,0.082893,0.087553,0.096172,0.1097,3.9646,0.094536,0.095693,0.12209,0.090764,0.11975,0.082969,0.078651,0.11829,0.23751,0.08042,0.096413,0.10253,0.072044,0.077152,0.09454,0.078293,0.079587,0.089509,0.085439,0.095379,0.10898,0.086417,0.070058,0.078896,0.10086,0.073981,0.10756,0.098105,0.13224,0.11333,0.082342,0.088803,0.10319,0.090304,0.12256,0.10803,0.066747,0.079914,0.097521,0.074451,0.088325,0.1114,0.13931,0.097453,0.097915,0.072928,0.092436,0.091505,0.081092,0.096934,0.094976,0.068774
0.082828,0.089153,0.062227,0.065204,0.078393,0.086752,0.062608,0.064041,0,0.065726,0.068104,0.13263,0.14534,0.068643,0.090528,0.065647,0.18181,0.11183,0.050406,0.056432,0.12408,0.080762,0.12228,0.062119,0.050993,0.0717,0.05699,0.10896,0.067821,0.061759,0.064985,0.10315,0.082294,0.072869,0.078711,0.091198,0.063466,0.074397,0.088415,0.075825,0.073998,0.068606,0.079183,0.060501,0.063471,0.13065,0.059943,0.069341,0.082518,0.06388,0.06063,0.083063,0.07207,0.068086,0.081211,0.090207,0.085522,51.393,0.082664,0.1098,0.077467,0.10644,0.088572,0.091733,0.062641,0.064622,0.11623,0.06897,0.089976,0.079589,0.074899,0.063228,0.078776,0.078788,0.069029,0.064479,0.045413,0.066167,0.11362,0.073644,0.084059,0.090688,0.07559,0.054717,0.06847,0.07085,0.10208,0.063219,0.057962,0.05575,0.094804,0.060868,0.081918,0.10402,0.087202,0.06622,0.068184,0.066819,0.051114,0.049233,0.074708,0.086151,0.079651,0.11482,0.07382,0.11651,0.060443,0.060457,0.077919,0.070046,0.088754,0.10545,0.12204,0.089389,0.076387,0.065709,0.060272,0.072874,0.12943,0.074497,0.06168,0.12203,0.061829,0.16353,0.068657,0.061693,0.067644,0.065496,0.084453,0.0546,0.079721,0.11265,0.069079,0.073596,0.081835,0.091593,0.092012,0.090947,0.069348,0.085141,0.13611,0.079246,0.12703,0.05555,0.069876,0.087922,0.094295,3.9597,0.10751,0.077632,0.12068,0.082824,0.12259,0.065323,0.053751,0.1008,0.22268,0.060238,0.080518,0.088676,0.058178,0.060118,0.071696,0.063542,0.071556,0.088734,0.054573,0.077911,0.080962,0.060417,0.060441,0.062685,0.078064,0.076904,0.088803,0.079733,0.12304,0.10127,0.078591,0.0664,0.093065,0.074346,0.11426,0.078041,0.055456,0.065426,0.073488,0.068333,0.070771,0.089614,0.10877,0.093043,0.073062,0.061333,0.076624,0.075585,0.078042,0.068662,0.073701,0.058711
0.081495,0.097187,0.073901,0.083016,0.091005,0.080877,0.085116,0.088802,0.065726,0,0.07896,0.14382,0.1641,0.081157,0.12876,0.074495,0.20416,0.13389,0.067198,0.077298,0.14042,0.11218,0.15421,0.06727,0.087587,0.075609,0.082735,0.11298,0.080463,0.091329,0.079307,0.11089,0.097457,0.096532,0.081021,0.097165,0.094256,0.087222,0.10805,0.091177,0.079858,0.078933,0.091901,0.082021,0.076124,0.13347,0.083842,0.073138,0.097278,0.078545,0.06585,0.10033,0.093578,0.07702,0.093987,0.11603,0.088499,51.382,0.099693,0.097926,0.073581,0.092011,0.093806,0.10093,0.082247,0.077489,0.11264,0.074933,0.095317,0.082734,0.081351,0.066105,0.08929,0.094419,0.082698,0.090507,0.073916,0.083139,0.10901,0.078939,0.10673,0.11076,0.10321,0.068936,0.099338,0.091321,0.12538,0.076614,0.076195,0.071614,0.08879,0.077276,0.086415,0.12841,0.10143,0.086366,0.081689,0.09281,0.083829,0.065682,0.098486,0.099072,0.11034,0.11969,0.092791,0.1276,0.086305,0.073684,0.099668,0.10013,0.098628,0.092766,0.14352,0.095761,0.083365,0.093684,0.095374,0.069624,0.14834,0.092031,0.08039,0.1525,0.089942,0.16425,0.084823,0.090506,0.078004,0.081209,0.10298,0.079094,0.1071,0.12081,0.093256,0.088602,0.093959,0.11841,0.11296,0.1111,0.082137,0.092164,0.12615,0.063021,0.13443,0.068927,0.081802,0.10502,0.091552,3.9272,0.11818,0.089103,0.12251,0.095521,0.13808,0.075565,0.077391,0.10356,0.2392,0.074023,0.11808,0.1047,0.072152,0.062941,0.07659,0.078171,0.087627,0.10428,0.074659,0.1023,0.091544,0.089967,0.081829,0.084464,0.08393,0.073626,0.093549,0.085922,0.1353,0.128,0.089046,0.078809,0.11288,0.088215,0.1396,0.091227,0.082304,0.084562,0.088329,0.086955,0.072757,0.090913,0.099397,0.11132,0.076348,0.073137,0.082505,0.10262,0.089904,0.081652,0.091379,0.065393
0.071606,0.064022,0.069996,0.068446,0.077433,0.060188,0.05713,0.083931,0.068104,0.07896,0,0.12071,0.14559,0.06352,0.11645,0.06723,0.22259,0.087326,0.059315,0.06914,0.10366,0.077919,0.11462,0.06378,0.054123,0.046261,0.043665,0.10959,0.052507,0.060294,0.047775,0.07744,0.078637,0.073325,0.074433,0.090348,0.07464,0.067176,0.062134,0.072181,0.055327,0.045266,0.069749,0.037108,0.047616,0.1257,0.058562,0.070077,0.06574,0.05643,0.067016,0.068937,0.075491,0.080488,0.079405,0.10142,0.075838,51.391,0.068215,0.0981,0.066119,0.0962,0.073041,0.076561,0.056091,0.052547,0.094998,0.059144,0.079249,0.070025,0.070113,0.046758,0.058509,0.085073,0.062768,0.06385,0.041763,0.067224,0.10125,0.051737,0.072446,0.091821,0.080513,0.052959,0.080824,0.062512,0.10293,0.064409,0.046334,0.057352,0.093077,0.058801,0.065182,0.097154,0.072937,0.059273,0.055063,0.052252,0.064915,0.05701,0.057137,0.063209,0.090877,0.1059,0.072016,0.084417,0.051189,0.065877,0.072065,0.0749,0.088562,0.08681,0.10597,0.084869,0.040091,0.070443,0.058993,0.050825,0.12364,0.057519,0.047515,0.13852,0.042543,0.16147,0.067015,0.072999,0.055265,0.054666,0.10313,0.048002,0.062259,0.084973,0.064033,0.063677,0.072123,0.10682,0.073502,0.084297,0.061914,0.080414,0.12279,0.07925,0.11521,0.048059,0.059389,0.064902,0.062945,3.9776,0.096251,0.061571,0.12506,0.070864,0.10437,0.061613,0.046918,0.066769,0.20947,0.054683,0.083428,0.0802,0.041389,0.04955,0.050375,0.047047,0.074231,0.069886,0.059774,0.082842,0.064321,0.068412,0.057749,0.058666,0.05623,0.060101,0.072116,0.054598,0.11678,0.092602,0.041689,0.061266,0.098612,0.056502,0.1044,0.045071,0.061381,0.068023,0.06172,0.053477,0.056776,0.089416,0.111,0.072892,0.082566,0.060335,0.080524,0.078313,0.063412,0.055948,0.054264,0.05023
0.12679,0.1418,0.15647,0.13557,0.14331,0.13947,0.13774,0.13915,0.13263,0.14382,0.12071,0,0.2076,0.13741,0.16639,0.1542,0.25101,0.12148,0.13131,0.12756,0.17952,0.13779,0.17889,0.13524,0.13194,0.13012,0.12553,0.16542,0.14802,0.12515,0.13745,0.13327,0.14185,0.14295,0.12794,0.14466,0.16251,0.15672,0.1303,0.15397,0.13673,0.10971,0.15151,0.11803,0.14158,0.16254,0.12913,0.14499,0.14132,0.12375,0.13682,0.157,0.1598,0.13481,0.15683,0.12433,0.12256,51.378,0.15928,0.15636,0.13334,0.16427,0.15123,0.1341,0.12945,0.12874,0.13636,0.13518,0.17689,0.13869,0.15035,0.13036,0.13901,0.15564,0.14692,0.13389,0.13195,0.15062,0.15257,0.1371,0.1225,0.13217,0.16507,0.13931,0.15442,0.14202,0.12819,0.121,0.1293,0.12776,0.16598,0.14051,0.13839,0.15892,0.17405,0.14327,0.13224,0.14235,0.14421,0.12409,0.1251,0.10841,0.16422,0.16495,0.1576,0.11806,0.14029,0.12964,0.14181,0.14588,0.15086,0.13675,0.15192,0.13677,0.12378,0.13052,0.13078,0.12238,0.1944,0.14064,0.13007,0.17771,0.13664,0.2138,0.1165,0.1478,0.14553,0.13919,0.16817,0.13281,0.14229,0.12152,0.15097,0.14635,0.16577,0.15347,0.13195,0.1415,0.15131,0.1384,0.1913,0.13832,0.15872,0.12568,0.14273,0.13735,0.15004,3.9563,0.14772,0.12187,0.1622,0.15345,0.17684,0.11994,0.12543,0.13054,0.24556,0.13957,0.12899,0.1504,0.13663,0.12119,0.13073,0.11261,0.15295,0.13312,0.13075,0.15673,0.15106,0.15944,0.12853,0.11862,0.14534,0.10147,0.15129,0.1542,0.1731,0.15629,0.12,0.12079,0.18264,0.14603,0.15418,0.12196,0.14428,0.15753,0.14205,0.13671,0.12245,0.13382,0.16387,0.151,0.14649,0.12154,0.16285,0.1373,0.11839,0.13538,0.11346,0.11599
0.15384,0.16607,0.14847,0.16073,0.1563,0.16185,0.1372,0.17496,0.14534,0.1641,0.14559,0.2076,0,0.1337,0.14365,0.13978,0.22837,0.17039,0.15154,0.14635,0.12128,0.14623,0.17563,0.14339,0.15451,0.14374,0.13427,0.1556,0.13669,0.13755,0.13461,0.16669,0.16315,0.14132,0.17427,0.13117,0.14114,0.13646,0.17129,0.15309,0.15502,0.14645,0.12761,0.14014,0.1439,0.19092,0.14378,0.14227,0.14416,0.15107,0.15668,0.15374,0.15208,0.16659,0.15181,0.18616,0.16247,51.392,0.14949,0.21263,0.16072,0.16881,0.15047,0.1791,0.15395,0.1458,0.15355,0.17733,0.15315,0.16589,0.12516,0.15611,0.14392,0.13077,0.13279,0.1562,0.14076,0.13977,0.15634,0.15303,0.17047,0.19358,0.15625,0.14265,0.1497,0.13088,0.16647,0.14479,0.16055,0.15874,0.16599,0.15649,0.15689,0.16889,0.15908,0.11397,0.15864,0.12392,0.13679,0.1494,0.14823,0.18082,0.12461,0.1603,0.14373,0.16712,0.14893,0.14011,0.15216,0.14635,0.10778,0.18033,0.12273,0.1451,0.1615,0.13511,0.13048,0.174,0.1678,0.15174,0.1504,0.18647,0.14863,0.19704,0.15215,0.15231,0.13645,0.15145,0.15917,0.13084,0.15787,0.17517,0.11364,0.15066,0.13275,0.15877,0.14384,0.1642,0.15441,0.18097,0.20359,0.14353,0.14174,0.14695,0.14247,0.16471,0.15839,3.99,0.17345,0.14844,0.23494,0.14806,0.16306,0.14067,0.13015,0.16227,0.22382,0.13316,0.15868,0.14575,0.14077,0.14619,0.13541,0.15788,0.1463,0.15761,0.1463,0.16154,0.13289,0.13242,0.15913,0.15509,0.14285,0.17051,0.16029,0.13734,0.19782,0.13967,0.1611,0.14938,0.15376,0.13868,0.1857,0.13621,0.147,0.14403,0.14148,0.14963,0.15766,0.1856,0.1913,0.16108,0.14608,0.17342,0.15194,0.14549,0.16752,0.15829,0.14388,0.16003
0.068806,0.071487,0.051594,0.073113,0.053976,0.070602,0.048618,0.090572,0.068643,0.081157,0.06352,0.13741,0.1337,0,0.10748,0.039046,0.20201,0.11698,0.059233,0.048371,0.11686,0.090223,0.13103,0.049426,0.06369,0.046176,0.056669,0.09607,0.035015,0.045711,0.031538,0.11242,0.071055,0.061862,0.090361,0.066015,0.08703,0.040949,0.074344,0.051844,0.037863,0.051494,0.04243,0.047294,0.05161,0.13109,0.050963,0.063568,0.069184,0.070167,0.071677,0.089668,0.075538,0.086144,0.066138,0.11783,0.076419,51.364,0.096162,0.11961,0.076061,0.071688,0.046405,0.10143,0.069544,0.040112,0.12171,0.084897,0.086601,0.079534,0.046197,0.077577,0.053531,0.075229,0.035567,0.067112,0.052822,0.046984,0.11058,0.066391,0.097757,0.12455,0.10051,0.050851,0.070401,0.05582,0.093418,0.04674,0.06527,0.063051,0.097926,0.053323,0.058231,0.11151,0.085168,0.068468,0.044283,0.055493,0.054714,0.071142,0.057311,0.091406,0.065324,0.074623,0.070524,0.11112,0.051745,0.033307,0.09172,0.067463,0.086098,0.084593,0.10647,0.068435,0.053995,0.060465,0.043771,0.072765,0.11716,0.040613,0.060191,0.15457,0.072711,0.16668,0.056675,0.065348,0.059905,0.036078,0.10318,0.045985,0.065284,0.11246,0.0674,0.069588,0.050894,0.099495,0.064919,0.097537,0.051617,0.095979,0.11789,0.065721,0.1152,0.047143,0.070925,0.074939,0.071362,3.9831,0.10819,0.06559,0.12682,0.052654,0.10673,0.060031,0.046003,0.08835,0.22266,0.038495,0.085675,0.059145,0.043927,0.047744,0.050183,0.072843,0.060179,0.081172,0.063506,0.064636,0.041252,0.051513,0.082586,0.042134,0.038243,0.071382,0.088847,0.051433,0.1539,0.11492,0.062215,0.08363,0.075272,0.046949,0.12108,0.058359,0.053273,0.049615,0.03518,0.059779,0.043087,0.098639,0.11732,0.069975,0.061473,0.084667,0.088375,0.067971,0.075019,0.067188,0.062034,0.069422
0.10399,0.13738,0.11554,0.090275,0.11539,0.12583,0.097904,0.11027,0.090528,0.12876,0.11645,0.16639,0.14365,0.10748,0,0.11116,0.18298,0.12513,0.097355,0.088883,0.12704,0.10196,0.11639,0.11437,0.10122,0.12199,0.10695,0.13187,0.10905,0.094295,0.10617,0.12621,0.11994,0.10011,0.11669,0.11382,0.075438,0.12307,0.11994,0.11664,0.11666,0.10613,0.11732,0.10165,0.11086,0.13839,0.092059,0.091767,0.11435,0.10718,0.11391,0.093091,0.11578,0.1159,0.12796,0.13172,0.12244,51.389,0.12708,0.14928,0.10969,0.13987,0.13283,0.11395,0.093782,0.10423,0.14138,0.11121,0.11624,0.12187,0.11903,0.11501,0.11226,0.10313,0.10723,0.097375,0.097232,0.12549,0.13949,0.12757,0.11735,0.1258,0.11427,0.1006,0.1083,0.099896,0.13567,0.11445,0.10806,0.10352,0.13409,0.11404,0.13077,0.12683,0.14413,0.1003,0.11643,0.10087,0.076011,0.10216,0.1047,0.11227,0.11093,0.15695,0.10057,0.12141,0.1046,0.11074,0.10748,0.10404,0.10869,0.13089,0.13302,0.11313,0.12289,0.092291,0.09188,0.11164,0.14966,0.11772,0.10884,0.13253,0.093895,0.19087,0.11798,0.095912,0.11381,0.10559,0.14615,0.10448,0.12168,0.14012,0.11275,0.10857,0.11711,0.11241,0.11507,0.11123,0.11134,0.13496,0.17344,0.13089,0.15198,0.10604,0.11117,0.12493,0.1439,4.0052,0.14147,0.11607,0.13642,0.11272,0.14673,0.099999,0.095151,0.15944,0.26253,0.10658,0.087003,0.10898,0.1087,0.099174,0.10115,0.11222,0.12142,0.11258,0.10577,0.12143,0.12281,0.098867,0.10314,0.10997,0.11614,0.12349,0.14269,0.11827,0.14691,0.13784,0.11495,0.11963,0.12175,0.097894,0.1378,0.11366,0.10196,0.10979,0.11102,0.10588,0.12432,0.11992,0.16001,0.12379,0.12342,0.12406,0.11978,0.11002,0.10171,0.10242,0.090495,0.10617
0.085466,0.057718,0.037854,0.064864,0.055869,0.072646,0.056284,0.083664,0.065647,0.074495,0.06723,0.1542,0.13978,0.039046,0.11116,0,0.20172,0.13375,0.06385,0.060571,0.10446,0.095306,0.12603,0.064426,0.06739,0.057602,0.065707,0.10931,0.038969,0.051083,0.040648,0.12014,0.07984,0.07364,0.092743,0.081328,0.087362,0.042589,0.080885,0.060607,0.050936,0.073352,0.044008,0.063215,0.051629,0.13647,0.060937,0.068165,0.081005,0.077374,0.068635,0.083874,0.06732,0.085867,0.069948,0.12172,0.083099,51.368,0.09649,0.10861,0.075044,0.088481,0.049604,0.098135,0.071844,0.053587,0.12091,0.083292,0.074005,0.081667,0.042642,0.0788,0.066177,0.074018,0.03776,0.068649,0.051803,0.04731,0.1136,0.064855,0.099681,0.1186,0.089223,0.050722,0.080817,0.060642,0.11185,0.068329,0.060141,0.059886,0.095132,0.050113,0.069116,0.1024,0.078274,0.070266,0.046432,0.069263,0.059738,0.072805,0.066896,0.10309,0.079077,0.0849,0.064887,0.12607,0.055885,0.046804,0.088585,0.076362,0.091803,0.08836,0.12483,0.082064,0.066732,0.066539,0.052996,0.07432,0.11456,0.045347,0.055051,0.15806,0.072898,0.1622,0.071557,0.064372,0.056503,0.046784,0.099505,0.044455,0.067404,0.1211,0.063885,0.078006,0.040675,0.11072,0.082831,0.10289,0.041696,0.10251,0.1113,0.079122,0.12054,0.062903,0.061476,0.088622,0.082347,3.9782,0.10481,0.082386,0.1212,0.055821,0.10511,0.069632,0.051254,0.093274,0.22331,0.044035,0.09244,0.054909,0.043434,0.059044,0.064941,0.0767,0.065951,0.08533,0.070178,0.075779,0.045777,0.039549,0.077611,0.052454,0.047969,0.081791,0.081738,0.057196,0.14633,0.10267,0.071062,0.082532,0.067309,0.040516,0.13271,0.077953,0.050788,0.049995,0.046994,0.0625,0.048747,0.10279,0.12022,0.080331,0.08091,0.086773,0.081151,0.078319,0.082435,0.075272,0.071425,0.071394
0.20886,0.23599,0.21075,0.18741,0.20352,0.21409,0.20934,0.21391,0.18181,0.20416,0.22259,0.25101,0.22837,0.20201,0.18298,0.20172,0,0.24648,0.20501,0.17093,0.2332,0.2067,0.22326,0.20103,0.205,0.21722,0.21748,0.21336,0.20701,0.21098,0.20831,0.24381,0.22507,0.21741,0.21254,0.1997,0.2011,0.19597,0.22708,0.20752,0.21466,0.21008,0.2146,0.20913,0.22423,0.23685,0.19395,0.18971,0.20913,0.21904,0.20493,0.20419,0.22815,0.20836,0.21381,0.22792,0.22769,51.399,0.22135,0.23996,0.2135,0.21725,0.22534,0.22308,0.19647,0.21465,0.23729,0.21826,0.22441,0.23982,0.21103,0.2164,0.21735,0.20555,0.21441,0.20892,0.20481,0.20459,0.25192,0.23319,0.22687,0.2272,0.21334,0.19432,0.203,0.21779,0.22001,0.20528,0.21374,0.20018,0.22299,0.19979,0.23305,0.22968,0.22604,0.21727,0.20994,0.21428,0.1715,0.20784,0.20518,0.21597,0.19608,0.22375,0.21064,0.218,0.21938,0.206,0.19818,0.19775,0.21213,0.23661,0.2303,0.20781,0.2173,0.20952,0.20025,0.22382,0.26151,0.21235,0.19949,0.18563,0.2165,0.24831,0.22866,0.1758,0.21009,0.20309,0.21314,0.21077,0.22945,0.23125,0.21893,0.20565,0.21179,0.20016,0.21961,0.20519,0.19947,0.22387,0.26122,0.20614,0.24771,0.20571,0.22459,0.22902,0.21958,3.9733,0.25234,0.23754,0.21878,0.20178,0.26248,0.2114,0.20541,0.22508,0.28294,0.21404,0.19278,0.20601,0.21306,0.20408,0.21286,0.20361,0.20355,0.2091,0.2031,0.19992,0.21334,0.20399,0.21648,0.20828,0.21427,0.22841,0.22051,0.21763,0.22883,0.22075,0.22732,0.20998,0.22788,0.21233,0.24537,0.21269,0.21265,0.21125,0.20809,0.21907,0.22233,0.20269,0.21251,0.22178,0.20474,0.22054,0.21452,0.2182,0.20083,0.20023,0.19797,0.21208
0.10895,0.12766,0.12896,0.12099,0.12615,0.11006,0.095971,0.12518,0.11183,0.13389,0.087326,0.12148,0.17039,0.11698,0.12513,0.13375,0.24648,0,0.10222,0.11253,0.13993,0.078649,0.12603,0.1154,0.097686,0.10009,0.091977,0.13646,0.1145,0.11016,0.10609,0.05899,0.10273,0.099243,0.092434,0.11775,0.10478,0.12321,0.094581,0.12472,0.11609,0.080221,0.13096,0.079443,0.10336,0.12459,0.10256,0.11505,0.1053,0.079249,0.10595,0.10723,0.12621,0.10098,0.12689,0.12753,0.11901,51.398,0.10879,0.1455,0.11241,0.143,0.13645,0.09844,0.083961,0.098696,0.11419,0.094949,0.13016,0.10632,0.12555,0.08662,0.10373,0.11221,0.11784,0.10602,0.090591,0.12984,0.10654,0.10871,0.082774,0.098845,0.12058,0.10386,0.12323,0.096294,0.11682,0.10173,0.10221,0.10161,0.12074,0.10852,0.11553,0.1069,0.12355,0.10348,0.11246,0.089903,0.10304,0.091546,0.091192,0.074522,0.12461,0.15458,0.11939,0.08669,0.095468,0.11828,0.10743,0.10806,0.11674,0.10679,0.12101,0.11555,0.089827,0.10632,0.094748,0.10135,0.16779,0.12008,0.10011,0.12518,0.08666,0.18009,0.099957,0.11874,0.1047,0.10648,0.14712,0.099084,0.1189,0.093852,0.11821,0.09523,0.13068,0.1201,0.10318,0.092691,0.11811,0.10235,0.1688,0.13057,0.14296,0.092627,0.10919,0.088779,0.11739,3.9994,0.11806,0.083366,0.14355,0.12867,0.14414,0.092123,0.098115,0.11197,0.21213,0.10747,0.096566,0.12466,0.10396,0.092119,0.088483,0.092703,0.11836,0.08722,0.093287,0.11986,0.12457,0.12085,0.086955,0.10839,0.11043,0.099116,0.12268,0.10902,0.12289,0.1333,0.091347,0.092717,0.15167,0.11847,0.068306,0.087045,0.11076,0.118,0.11782,0.093861,0.11523,0.098205,0.13224,0.12954,0.12459,0.10471,0.12328,0.093205,0.096991,0.083682,0.086063,0.087626
0.081824,0.081593,0.05617,0.062873,0.076645,0.072948,0.044538,0.068057,0.050406,0.067198,0.059315,0.13131,0.15154,0.059233,0.097355,0.06385,0.20501,0.10222,0,0.065434,0.12594,0.080677,0.12517,0.065028,0.060305,0.049465,0.05254,0.10281,0.056215,0.055592,0.049985,0.092936,0.060327,0.059741,0.060292,0.071169,0.066504,0.07204,0.07943,0.072566,0.062096,0.054573,0.071672,0.049918,0.039583,0.11452,0.046157,0.051956,0.064582,0.051969,0.049399,0.082469,0.059656,0.058177,0.062949,0.093659,0.083774,51.398,0.070702,0.10653,0.053724,0.08363,0.08527,0.081945,0.060402,0.054991,0.1081,0.049769,0.081491,0.055417,0.067272,0.053894,0.062565,0.074473,0.054598,0.037536,0.050352,0.063907,0.091597,0.057984,0.082893,0.093736,0.077398,0.050384,0.067068,0.058596,0.10505,0.045844,0.059934,0.050812,0.076569,0.053019,0.058355,0.10595,0.084446,0.048167,0.05142,0.053775,0.055501,0.05816,0.067804,0.071566,0.06943,0.099192,0.065976,0.10546,0.049138,0.063995,0.080772,0.063391,0.084172,0.089419,0.12045,0.066452,0.058854,0.065635,0.059978,0.063635,0.11739,0.065312,0.055031,0.13328,0.067919,0.16835,0.0542,0.060699,0.049309,0.04973,0.10139,0.059644,0.075082,0.10993,0.076079,0.056954,0.07953,0.097495,0.088285,0.081917,0.064669,0.074684,0.13516,0.079863,0.12984,0.047124,0.063846,0.071054,0.081152,3.98,0.096744,0.057052,0.11011,0.074407,0.11452,0.041839,0.04875,0.098103,0.22168,0.044283,0.087288,0.067529,0.043182,0.041965,0.053647,0.057267,0.064923,0.08234,0.037243,0.073761,0.073655,0.06448,0.06213,0.055327,0.063462,0.060145,0.094834,0.060385,0.13003,0.11003,0.057655,0.065381,0.087059,0.071808,0.1153,0.067547,0.041879,0.056957,0.063387,0.044862,0.055409,0.078575,0.11935,0.087409,0.061839,0.051223,0.078058,0.059889,0.063526,0.060129,0.068568,0.046664
0.056132,0.088117,0.075335,0.063561,0.061872,0.072985,0.064657,0.091817,0.056432,0.077298,0.06914,0.12756,0.14635,0.048371,0.088883,0.060571,0.17093,0.11253,0.065434,0,0.12374,0.089674,0.12725,0.0572,0.061205,0.067346,0.071616,0.09193,0.058468,0.06054,0.056124,0.10973,0.086667,0.078944,0.08299,0.075189,0.078491,0.062626,0.078786,0.070028,0.059641,0.053928,0.074561,0.052623,0.073685,0.13644,0.052721,0.061002,0.079248,0.068158,0.076291,0.078726,0.093995,0.084279,0.090629,0.11734,0.083314,51.37,0.10111,0.11107,0.075585,0.088542,0.075177,0.091331,0.054971,0.057931,0.11953,0.079326,0.095987,0.09267,0.07392,0.079371,0.070952,0.083104,0.066619,0.075449,0.05623,0.071153,0.12224,0.086145,0.095261,0.11025,0.10412,0.052027,0.075648,0.07051,0.099178,0.058701,0.064883,0.061837,0.10647,0.059608,0.083501,0.11526,0.098536,0.083993,0.057931,0.074513,0.037923,0.067465,0.06198,0.078727,0.084607,0.10451,0.077174,0.099529,0.06764,0.055699,0.083525,0.070073,0.088344,0.089179,0.11773,0.077901,0.062762,0.064034,0.055498,0.06723,0.13942,0.061981,0.059878,0.13921,0.068605,0.16751,0.078142,0.056288,0.073099,0.052106,0.10277,0.059842,0.083853,0.10715,0.084788,0.072362,0.074155,0.096632,0.068631,0.094336,0.062065,0.094952,0.13523,0.074436,0.11556,0.049843,0.082542,0.083642,0.087018,3.976,0.12329,0.081557,0.10835,0.06993,0.13071,0.067197,0.055235,0.09861,0.2316,0.066968,0.065976,0.074719,0.064391,0.049694,0.058442,0.066875,0.0799,0.079411,0.06899,0.077243,0.067506,0.069624,0.078454,0.056695,0.063031,0.076287,0.098212,0.075174,0.13959,0.12066,0.071446,0.082081,0.099386,0.057272,0.12002,0.061044,0.070877,0.074137,0.056092,0.07654,0.066059,0.085354,0.10926,0.080609,0.076467,0.084879,0.091472,0.082367,0.060026,0.05872,0.050505,0.067384
0.13651,0.11408,0.11739,0.10548,0.12527,0.11586,0.10736,0.13422,0.12408,0.14042,0.10366,0.17952,0.12128,0.11686,0.12704,0.10446,0.2332,0.13993,0.12594,0.12374,0,0.099805,0.11046,0.13009,0.11537,0.11973,0.10979,0.16604,0.10203,0.10826,0.10265,0.12023,0.13243,0.11025,0.13519,0.13306,0.11921,0.11174,0.1107,0.13236,0.12549,0.12454,0.10642,0.10729,0.11319,0.16073,0.11413,0.11813,0.11456,0.12035,0.11995,0.096824,0.11476,0.13305,0.13547,0.16613,0.12992,51.39,0.13059,0.15245,0.12205,0.15887,0.12455,0.12319,0.11408,0.11082,0.11635,0.13253,0.11506,0.136,0.10132,0.12109,0.11468,0.11945,0.10959,0.12308,0.10435,0.12141,0.13592,0.10742,0.11105,0.13777,0.10976,0.10862,0.14464,0.10352,0.13787,0.13613,0.11261,0.11381,0.13822,0.11532,0.14219,0.10146,0.12849,0.096403,0.1186,0.10816,0.10846,0.11853,0.094881,0.14059,0.12758,0.14848,0.093005,0.13514,0.11861,0.11903,0.11125,0.12292,0.11265,0.13273,0.13325,0.13731,0.12273,0.11815,0.098093,0.12884,0.14542,0.11325,0.1058,0.16108,0.1028,0.161,0.12954,0.12021,0.10908,0.11414,0.14124,0.098022,0.12591,0.14152,0.091858,0.11619,0.099013,0.13364,0.11763,0.10989,0.10774,0.14468,0.15582,0.14138,0.13539,0.12656,0.10298,0.13962,0.12977,4.0075,0.11326,0.12553,0.1685,0.11254,0.12391,0.11778,0.10509,0.11695,0.20399,0.11157,0.11865,0.10041,0.10398,0.11487,0.11601,0.11768,0.12095,0.11018,0.12288,0.13272,0.10553,0.098109,0.10465,0.11836,0.11437,0.12924,0.099102,0.10495,0.14792,0.081965,0.11756,0.11288,0.12571,0.093898,0.15189,0.11758,0.11141,0.1113,0.11508,0.10741,0.12263,0.14684,0.15504,0.131,0.15372,0.1407,0.10861,0.12685,0.13072,0.12044,0.095857,0.1203
0.10585,0.10598,0.088392,0.077561,0.095419,0.087221,0.061406,0.10415,0.080762,0.11218,0.077919,0.13779,0.14623,0.090223,0.10196,0.095306,0.2067,0.078649,0.080677,0.089674,0.099805,0,0.11049,0.095087,0.080782,0.084767,0.071694,0.1356,0.082038,0.085144,0.075745,0.072398,0.078125,0.064987,0.07741,0.098672,0.093368,0.087692,0.083901,0.10594,0.092415,0.074515,0.095608,0.066007,0.080618,0.1034,0.070033,0.085781,0.08033,0.072875,0.067741,0.086373,0.091989,0.068787,0.089659,0.11568,0.099199,51.39,0.10305,0.1283,0.090764,0.12985,0.11,0.079594,0.070245,0.0745,0.10943,0.086695,0.09454,0.098234,0.087703,0.074054,0.083129,0.084129,0.08748,0.080299,0.063462,0.096635,0.10224,0.08174,0.049084,0.10057,0.091584,0.072451,0.10581,0.075595,0.090305,0.085332,0.076265,0.068125,0.093712,0.069528,0.09964,0.062062,0.10654,0.079481,0.087212,0.069955,0.070566,0.073286,0.055553,0.087447,0.09481,0.1239,0.088519,0.10016,0.075042,0.085732,0.072558,0.087844,0.10098,0.091826,0.10695,0.10492,0.077657,0.085119,0.057669,0.09859,0.15036,0.091117,0.067996,0.10781,0.072133,0.1717,0.082186,0.091003,0.076913,0.080298,0.1211,0.072575,0.098537,0.1113,0.078449,0.07557,0.093182,0.083076,0.093405,0.050102,0.077819,0.10215,0.14183,0.11016,0.13618,0.078534,0.075867,0.099565,0.098668,3.9999,0.088049,0.079184,0.13038,0.093238,0.12529,0.07363,0.067999,0.091379,0.18734,0.076063,0.086908,0.084656,0.074829,0.077517,0.082437,0.069533,0.088399,0.071931,0.064247,0.087595,0.095779,0.080308,0.061606,0.076862,0.088086,0.091621,0.082079,0.081489,0.10235,0.091799,0.078886,0.063171,0.12,0.092085,0.088982,0.084173,0.08141,0.081496,0.094058,0.061276,0.092075,0.083168,0.12,0.1127,0.11186,0.092145,0.095268,0.079787,0.091487,0.063546,0.065349,0.072145
0.14579,0.131,0.12829,0.10491,0.13437,0.13396,0.12206,0.10269,0.12228,0.15421,0.11462,0.17889,0.17563,0.13103,0.11639,0.12603,0.22326,0.12603,0.12517,0.12725,0.11046,0.11049,0,0.14141,0.11176,0.13188,0.11972,0.18036,0.1219,0.1129,0.12284,0.12497,0.14792,0.12298,0.14746,0.16072,0.10437,0.13226,0.10534,0.1138,0.13639,0.13042,0.12888,0.11535,0.12842,0.14841,0.12055,0.12574,0.13066,0.13292,0.13547,0.10289,0.12934,0.14698,0.14111,0.14488,0.15373,51.426,0.12178,0.16945,0.13959,0.16265,0.14906,0.13525,0.10995,0.12214,0.14025,0.12735,0.12999,0.13791,0.1348,0.11773,0.12567,0.13053,0.13343,0.11864,0.11215,0.13458,0.16914,0.13218,0.11834,0.11896,0.099085,0.11677,0.14145,0.11889,0.15147,0.14533,0.11813,0.11683,0.1442,0.13014,0.15197,0.10895,0.13074,0.11995,0.12906,0.11479,0.10441,0.12044,0.1051,0.11927,0.13114,0.17219,0.1165,0.11463,0.12244,0.1382,0.12055,0.11699,0.15165,0.1514,0.15524,0.14054,0.12555,0.12582,0.10851,0.12634,0.14542,0.12713,0.11384,0.11393,0.10092,0.16995,0.14364,0.10841,0.13014,0.11563,0.17142,0.11218,0.12543,0.12442,0.13142,0.12067,0.12787,0.14545,0.13459,0.11012,0.11765,0.14585,0.15023,0.16376,0.18994,0.12904,0.13018,0.11777,0.13955,4.0068,0.12776,0.14141,0.14874,0.11901,0.12362,0.13022,0.12142,0.13927,0.23683,0.12809,0.097954,0.1243,0.11264,0.119,0.12225,0.12358,0.11548,0.10413,0.13419,0.13039,0.14021,0.11491,0.11232,0.13076,0.12712,0.1349,0.12521,0.12145,0.14725,0.1181,0.12068,0.13267,0.13593,0.11711,0.12397,0.13322,0.1166,0.11909,0.12708,0.11603,0.13888,0.15033,0.15794,0.13564,0.15442,0.14117,0.13686,0.12516,0.1146,0.12199,0.10737,0.11969
