0,0.10941,0.11556,0.10176,0.14719,0.087801,0.14589,0.1288,0.10823,0.10253,0.10743,0.31111,0.11794,0.094537,0.10605,0.095022,0.12885,0.10408,0.1396,0.096567,0.1319,0.1169,0.13941,0.046798,0.11278,0.1076,0.12342,0.11464,0.083366,0.095607,0.11157,0.11797,0.11448,0.097887,0.10632,0.12921,0.1903,0.10249,0.1085,0.12527,0.11867,0.10076,0.10414,0.10645,0.10817,0.12517,0.1054,0.13125,0.14076,0.10503,0.10559,0.14314,0.14607,0.12088,0.15573,0.15977,0.19257,0.11872,0.091659,0.15156,0.11153,0.10382,0.11431,0.10797,0.098745,0.080141,0.12912,0.10366,0.1108,0.11529,0.1096,0.12029,0.14976,0.11442,0.096125,0.11476,0.10619,0.092697,0.11715,0.12292,0.14687,0.13727,0.12482,0.10344,0.17813,0.12074,0.10872,0.10077,0.13286,0.10418,0.1349,0.15039,0.17192,0.10784,0.14699,0.14707,0.11319,0.12745,0.10848,0.10909,0.11045,0.1411,0.096832,0.14908,0.12378,0.11722,0.10787,0.10085,0.11781,0.12946,0.16309,0.14014,0.15415,0.090222,0.1106,0.11073,0.10288,0.084455,0.11812,0.10456,0.10658,0.13183,0.12312,0.11101,0.11205,0.11345,0.12437,0.097527,0.10677,0.1285,0.091816,0.11803,0.11129,0.10449,0.10411,0.10834,0.10511,0.11221,0.10182,0.11634,0.13932,0.066154,0.11811,0.12717,0.091005,0.15501,0.12346,0.20599,0.1847,0.09516,0.11761,0.11235,0.10176,0.098699,0.12297,0.11823,0.12153,0.11384,0.13296,0.098246,0.1096,0.1013,0.11413,0.1084,0.11203,0.12374,0.12689,0.088873,0.11594,0.09874,0.10026,0.11022,0.10884,0.10503,0.1379,0.12227,0.10735,0.1332,0.13174,0.13225,0.11457,0.093414,0.11848,0.1259,0.10904,0.10588,0.11623,0.11742,0.10482,0.088143,0.15892,0.1156,0.13436,0.066907,0.099812,0.10904,0.13498,0.099262,0.098997,0.098317
0.10941,0,0.061951,0.088076,0.16041,0.0776,0.088707,0.1126,0.051119,0.040472,0.043956,0.27871,0.051935,0.041577,0.040856,0.050389,0.075829,0.055796,0.079625,0.07647,0.067298,0.059496,0.063106,0.11152,0.069886,0.045809,0.044755,0.041904,0.06799,0.063118,0.037763,0.064607,0.032881,0.032497,0.034084,0.070598,0.17286,0.062022,0.074197,0.088603,0.0687,0.03061,0.057932,0.056635,0.033297,0.10674,0.050205,0.10624,0.11934,0.057122,0.040066,0.11251,0.08745,0.085457,0.11088,0.10435,0.17153,0.058597,0.043597,0.080968,0.040601,0.099516,0.046589,0.035876,0.089496,0.13405,0.049542,0.045525,0.058541,0.030035,0.064314,0.042405,0.1265,0.044193,0.04206,0.073675,0.042489,0.04477,0.060149,0.04942,0.087716,0.07332,0.055617,0.067,0.14346,0.081468,0.073009,0.059004,0.086805,0.060479,0.075413,0.086628,0.11677,0.055237,0.080268,0.09369,0.039444,0.068927,0.044763,0.053451,0.057662,0.066699,0.040616,0.092695,0.042739,0.099103,0.034273,0.049815,0.062488,0.054824,0.1012,0.078809,0.11442,0.053241,0.099749,0.043784,0.040287,0.066334,0.049529,0.041777,0.034273,0.11291,0.077726,0.10455,0.046406,0.049125,0.043978,0.047861,0.1147,0.081797,0.067692,0.043047,0.054023,0.025248,0.050942,0.057355,0.07409,0.054006,0.040374,0.03363,0.071937,0.085775,0.067933,0.070029,0.054933,0.086353,0.10766,0.18497,0.14525,0.04166,0.052237,0.049593,0.053756,0.046208,0.051455,0.050755,0.060748,0.028518,0.088798,0.043059,0.049762,0.060732,0.065035,0.044982,0.034917,0.051688,0.060185,0.053457,0.059098,0.06152,0.042035,0.037036,0.043215,0.068681,0.13529,0.084321,0.089759,0.071671,0.13724,0.05484,0.060256,0.05367,0.057066,0.061056,0.046861,0.038167,0.049243,0.048244,0.044451,0.059098,0.19122,0.054573,0.073903,0.08611,0.084133,0.037739,0.091719,0.040083,0.03494,0.026676
0.11556,0.061951,0,0.10226,0.15885,0.074909,0.085676,0.12186,0.082961,0.072273,0.056882,0.30148,0.077996,0.079473,0.066395,0.07234,0.097577,0.08877,0.094444,0.092064,0.09021,0.089147,0.078727,0.11478,0.079332,0.079019,0.063532,0.074026,0.084353,0.086186,0.065219,0.094358,0.063534,0.065182,0.065881,0.093074,0.16631,0.080504,0.092715,0.1074,0.08551,0.065866,0.066693,0.060933,0.061098,0.11328,0.065313,0.11697,0.11575,0.069041,0.066428,0.1282,0.10921,0.084936,0.10291,0.12554,0.17268,0.094739,0.074192,0.11036,0.068059,0.082243,0.075175,0.073793,0.08646,0.13099,0.061547,0.078525,0.056225,0.064295,0.085885,0.073585,0.13511,0.083545,0.070212,0.071906,0.071134,0.06307,0.085523,0.065894,0.1233,0.094688,0.077295,0.11239,0.16132,0.12195,0.1024,0.085929,0.10429,0.081995,0.084611,0.099994,0.13043,0.071901,0.11104,0.10459,0.067112,0.081343,0.067933,0.081923,0.056328,0.099661,0.067169,0.096016,0.06741,0.11161,0.070706,0.072805,0.076785,0.069614,0.12243,0.09936,0.10973,0.078489,0.10946,0.068552,0.062235,0.078535,0.064881,0.076002,0.061066,0.11202,0.08423,0.09157,0.073633,0.074346,0.061927,0.06063,0.12534,0.099016,0.079771,0.070538,0.081684,0.073481,0.070138,0.06458,0.095109,0.088886,0.065921,0.07118,0.10008,0.094509,0.08943,0.095357,0.074889,0.1178,0.10734,0.17748,0.15899,0.05929,0.065192,0.063379,0.070415,0.070887,0.072255,0.076138,0.075804,0.066758,0.10957,0.068649,0.079206,0.085275,0.071064,0.065918,0.076666,0.079044,0.086382,0.08708,0.091682,0.081143,0.062658,0.063904,0.067058,0.083287,0.13562,0.10299,0.091697,0.092109,0.14287,0.081456,0.068488,0.08232,0.09484,0.084817,0.076206,0.066828,0.071588,0.07808,0.059688,0.073459,0.20179,0.087673,0.086282,0.10192,0.065751,0.069696,0.092834,0.067395,0.068175,0.061062
0.10176,0.088076,0.10226,0,0.15511,0.098001,0.14451,0.15579,0.074314,0.096395,0.096719,0.29992,0.11123,0.088528,0.097202,0.099,0.11833,0.10965,0.11923,0.11237,0.1137,0.12663,0.10831,0.11366,0.1108,0.099947,0.11488,0.10888,0.080955,0.10141,0.09844,0.12961,0.10043,0.091075,0.085306,0.11177,0.19211,0.099734,0.074553,0.1368,0.10579,0.095475,0.095726,0.104,0.087705,0.072786,0.10423,0.12457,0.12536,0.1029,0.088596,0.15391,0.11647,0.10845,0.13084,0.13262,0.18562,0.10792,0.093779,0.12705,0.097209,0.12199,0.098526,0.092738,0.10014,0.10925,0.11045,0.090478,0.072682,0.093292,0.1182,0.10884,0.14223,0.10286,0.086389,0.11138,0.092089,0.092622,0.11923,0.10837,0.077565,0.11879,0.11033,0.1078,0.095342,0.12294,0.10271,0.0963,0.12856,0.08903,0.12295,0.13312,0.1592,0.09603,0.14121,0.13639,0.10031,0.11115,0.10638,0.10775,0.11685,0.12146,0.090768,0.13264,0.10328,0.11735,0.088958,0.096337,0.095111,0.1072,0.13276,0.12906,0.12876,0.081215,0.13335,0.092759,0.095406,0.10409,0.10504,0.10243,0.095751,0.13215,0.12603,0.10953,0.10079,0.097208,0.10882,0.098112,0.12059,0.11606,0.11114,0.10099,0.099662,0.093476,0.10526,0.083039,0.11432,0.11203,0.10171,0.10423,0.1094,0.10802,0.12385,0.12481,0.095599,0.13233,0.13397,0.18131,0.185,0.093668,0.10053,0.094453,0.085551,0.096177,0.098922,0.10667,0.12202,0.09757,0.13899,0.093972,0.096731,0.095517,0.11165,0.10065,0.097117,0.11484,0.11269,0.081607,0.070593,0.083722,0.095163,0.099517,0.10754,0.12235,0.10535,0.1098,0.10423,0.1347,0.12232,0.11303,0.10922,0.096987,0.11957,0.11976,0.090639,0.097234,0.11496,0.10475,0.10648,0.094179,0.2019,0.10578,0.10827,0.087654,0.11228,0.093448,0.13508,0.096417,0.084949,0.085327
0.14719,0.16041,0.15885,0.15511,0,0.15253,0.18573,0.18498,0.1631,0.16213,0.15303,0.33528,0.15762,0.16005,0.16409,0.16366,0.16557,0.15751,0.21076,0.13653,0.18086,0.1754,0.17166,0.14488,0.15577,0.16119,0.17203,0.17615,0.13573,0.16241,0.16088,0.17874,0.16738,0.15617,0.13878,0.16466,0.20393,0.15996,0.1664,0.1887,0.1669,0.15566,0.14297,0.16596,0.1644,0.15135,0.14099,0.19654,0.18228,0.15003,0.16664,0.18924,0.15998,0.16445,0.19639,0.19753,0.16198,0.1684,0.15737,0.17156,0.14516,0.15888,0.16094,0.15979,0.17014,0.16117,0.16729,0.15836,0.15863,0.16928,0.16579,0.16469,0.19809,0.16009,0.16345,0.15447,0.16495,0.14843,0.17353,0.16254,0.19859,0.16347,0.17402,0.16402,0.21163,0.16756,0.16528,0.1499,0.17814,0.15659,0.17897,0.19184,0.18479,0.15692,0.19695,0.18197,0.16149,0.1599,0.1515,0.15937,0.15325,0.18343,0.1479,0.19117,0.171,0.14657,0.17046,0.16012,0.15345,0.16356,0.18503,0.18145,0.1618,0.13769,0.18897,0.16796,0.15129,0.16544,0.16564,0.1608,0.15636,0.15714,0.17528,0.17636,0.16847,0.14942,0.17098,0.146,0.14395,0.17645,0.1535,0.1769,0.16285,0.1617,0.16543,0.16524,0.15958,0.15868,0.15722,0.15957,0.18214,0.14073,0.16725,0.16614,0.16107,0.16429,0.16175,0.24231,0.21817,0.15794,0.15012,0.15549,0.15738,0.15602,0.16397,0.15894,0.17909,0.17469,0.14643,0.15015,0.14744,0.17888,0.16347,0.1684,0.16162,0.17794,0.16634,0.16526,0.16469,0.15143,0.15518,0.16615,0.16331,0.16302,0.18529,0.176,0.15754,0.16135,0.17334,0.15943,0.1692,0.16165,0.16637,0.17056,0.17247,0.15094,0.17206,0.17228,0.15205,0.16111,0.21877,0.18272,0.15805,0.14898,0.1715,0.15565,0.14305,0.15739,0.14521,0.14842
0.087801,0.0776,0.074909,0.098001,0.15253,0,0.12147,0.12283,0.099502,0.078455,0.079029,0.30927,0.086092,0.07597,0.070923,0.070555,0.088301,0.090007,0.10968,0.10662,0.09105,0.096554,0.10549,0.095654,0.10009,0.077081,0.09208,0.090252,0.062229,0.096985,0.070081,0.10078,0.08588,0.066717,0.083504,0.093879,0.14067,0.089016,0.081058,0.095856,0.098822,0.082751,0.077117,0.07989,0.070731,0.11565,0.080107,0.11311,0.11349,0.084962,0.08457,0.14145,0.10487,0.083255,0.12322,0.14283,0.18444,0.092378,0.082313,0.1271,0.074768,0.071585,0.075364,0.092146,0.087381,0.12332,0.092542,0.072625,0.073016,0.081625,0.079954,0.098036,0.12462,0.095114,0.070019,0.091991,0.078738,0.077113,0.098027,0.087366,0.12853,0.11386,0.10303,0.10524,0.16871,0.12042,0.087909,0.079682,0.10965,0.081661,0.10826,0.10643,0.13493,0.094299,0.12878,0.1133,0.072655,0.086753,0.073847,0.08635,0.081625,0.11014,0.065641,0.10628,0.096586,0.12652,0.078213,0.078766,0.075326,0.098997,0.1356,0.11565,0.11678,0.075371,0.11674,0.083928,0.074687,0.083716,0.090462,0.073594,0.066934,0.14076,0.096707,0.073486,0.099456,0.07909,0.080627,0.074556,0.10669,0.107,0.078145,0.088892,0.092279,0.081442,0.083139,0.086004,0.071191,0.089245,0.079455,0.086638,0.12092,0.081742,0.10245,0.10032,0.081121,0.12992,0.083201,0.17655,0.16684,0.075469,0.084991,0.079026,0.086389,0.08861,0.097367,0.098492,0.083974,0.083624,0.11169,0.086061,0.079072,0.090847,0.085943,0.090938,0.081295,0.10341,0.089932,0.076421,0.087682,0.085659,0.07695,0.086203,0.075843,0.083615,0.14214,0.086591,0.089233,0.097423,0.12407,0.10083,0.089354,0.071578,0.093627,0.088079,0.09738,0.069568,0.092175,0.076041,0.0719,0.072151,0.18696,0.090799,0.093411,0.078014,0.054627,0.079992,0.11067,0.079421,0.07448,0.071893
0.14589,0.088707,0.085676,0.14451,0.18573,0.12147,0,0.14276,0.1085,0.083664,0.087751,0.29762,0.091747,0.095969,0.093753,0.091221,0.099394,0.095114,0.11751,0.11101,0.11869,0.09114,0.11757,0.14005,0.10797,0.095688,0.087019,0.076307,0.11962,0.12257,0.089097,0.089178,0.086809,0.082703,0.092015,0.11845,0.18225,0.094515,0.13809,0.12309,0.11248,0.083989,0.10188,0.078408,0.090902,0.14315,0.098582,0.14045,0.1442,0.10788,0.092221,0.12956,0.13292,0.1339,0.12802,0.17231,0.197,0.10567,0.098325,0.11946,0.10156,0.11228,0.094625,0.089996,0.13902,0.17701,0.086458,0.10228,0.094094,0.090969,0.10588,0.090002,0.15344,0.099735,0.095023,0.09555,0.094827,0.093356,0.087019,0.083955,0.1415,0.11849,0.085868,0.12024,0.17548,0.12402,0.12084,0.12619,0.12219,0.1093,0.11716,0.11166,0.14585,0.097878,0.095063,0.15887,0.089385,0.10159,0.08963,0.088892,0.086855,0.10804,0.093009,0.086686,0.0766,0.14479,0.091747,0.093544,0.11008,0.0944,0.13721,0.14384,0.13776,0.11445,0.1157,0.087914,0.088603,0.095666,0.087838,0.088096,0.084872,0.12546,0.10451,0.135,0.092069,0.092593,0.089174,0.082935,0.15639,0.11574,0.11206,0.085813,0.12549,0.090462,0.090041,0.094821,0.11674,0.090853,0.090797,0.081075,0.11526,0.11181,0.097359,0.12577,0.095332,0.12237,0.13212,0.20405,0.13427,0.091743,0.098133,0.10495,0.10372,0.087175,0.097244,0.096356,0.095213,0.086221,0.12685,0.087645,0.10154,0.098823,0.098714,0.077552,0.089262,0.09509,0.11393,0.10789,0.11852,0.11521,0.080433,0.086397,0.081501,0.11647,0.17481,0.11924,0.12578,0.10522,0.18824,0.077847,0.091994,0.10299,0.097739,0.10137,0.090556,0.095354,0.097435,0.094152,0.079664,0.09093,0.21073,0.10935,0.1239,0.13767,0.11604,0.074097,0.093847,0.084842,0.09642,0.090404
0.1288,0.1126,0.12186,0.15579,0.18498,0.12283,0.14276,0,0.11546,0.11104,0.1072,0.27859,0.10273,0.10834,0.094701,0.1076,0.15406,0.11336,0.14551,0.11611,0.10928,0.11336,0.12866,0.13058,0.1266,0.10898,0.10924,0.10445,0.11561,0.1141,0.11004,0.11422,0.11127,0.11115,0.11608,0.10763,0.20561,0.12417,0.13489,0.12037,0.12327,0.10769,0.11102,0.13064,0.12749,0.16975,0.10539,0.16258,0.18234,0.1116,0.10502,0.15092,0.12876,0.11967,0.15177,0.16593,0.20375,0.11926,0.10181,0.15697,0.10964,0.1341,0.125,0.11634,0.14961,0.14585,0.12408,0.12188,0.12877,0.11936,0.10563,0.11463,0.17351,0.10725,0.12047,0.12875,0.11522,0.09721,0.10195,0.12488,0.17077,0.12606,0.1167,0.1067,0.21428,0.12619,0.11667,0.11232,0.11523,0.13275,0.1331,0.14556,0.15985,0.1248,0.14051,0.14879,0.10976,0.13988,0.10319,0.10964,0.095833,0.10395,0.12009,0.14279,0.11034,0.12008,0.12644,0.11229,0.10981,0.12509,0.17145,0.11556,0.15307,0.12184,0.15235,0.12034,0.1179,0.11904,0.10098,0.10724,0.11498,0.14767,0.12533,0.13834,0.11277,0.12107,0.11577,0.10242,0.15476,0.10738,0.10483,0.10864,0.10735,0.10929,0.10442,0.12621,0.10135,0.12056,0.10815,0.11896,0.14174,0.12009,0.11589,0.12921,0.11268,0.1508,0.15485,0.23952,0.17604,0.11396,0.12258,0.10265,0.11186,0.10961,0.10157,0.11432,0.12454,0.12062,0.10979,0.12074,0.088776,0.129,0.13305,0.10938,0.11438,0.11446,0.11731,0.11052,0.13829,0.091746,0.10786,0.11291,0.10421,0.099728,0.16321,0.15474,0.12082,0.11175,0.17023,0.11665,0.098528,0.10053,0.11312,0.1063,0.134,0.10539,0.095188,0.12456,0.10366,0.099568,0.23299,0.11097,0.11651,0.10536,0.1104,0.11433,0.12264,0.10212,0.11263,0.11009
0.10823,0.051119,0.082961,0.074314,0.1631,0.099502,0.1085,0.11546,0,0.064157,0.058121,0.27026,0.066918,0.052999,0.061293,0.067365,0.098187,0.067702,0.10208,0.07919,0.081503,0.078674,0.087408,0.1108,0.079193,0.068782,0.060152,0.060118,0.070811,0.074583,0.061693,0.077111,0.065366,0.057656,0.049321,0.086026,0.19283,0.065618,0.074674,0.10001,0.074561,0.055169,0.059201,0.077336,0.056911,0.092047,0.068308,0.12829,0.14161,0.072151,0.052955,0.12091,0.09452,0.09092,0.11553,0.11072,0.17094,0.06914,0.057049,0.089185,0.060506,0.11335,0.067824,0.057569,0.10662,0.11994,0.073144,0.060502,0.06779,0.05237,0.077236,0.055443,0.14767,0.053536,0.061835,0.078689,0.052827,0.059819,0.078477,0.078574,0.078032,0.08603,0.066489,0.065522,0.12223,0.093412,0.076144,0.069898,0.09794,0.087453,0.093779,0.097281,0.1474,0.074143,0.10538,0.11303,0.061208,0.078058,0.066786,0.071865,0.072695,0.07863,0.063439,0.1034,0.057857,0.085169,0.055523,0.055526,0.066689,0.075984,0.1038,0.090788,0.11747,0.059058,0.10812,0.059074,0.060692,0.081674,0.053681,0.062672,0.066675,0.10761,0.086523,0.11405,0.056968,0.071962,0.068853,0.06897,0.12076,0.077487,0.078923,0.052613,0.063286,0.056645,0.076952,0.053989,0.085478,0.073457,0.064072,0.06535,0.076645,0.088428,0.074651,0.092449,0.074513,0.11431,0.12427,0.20876,0.14227,0.064343,0.079041,0.064383,0.050101,0.054498,0.058873,0.057809,0.083905,0.054848,0.11268,0.063498,0.061003,0.074919,0.088845,0.052559,0.058651,0.070165,0.081133,0.061226,0.058188,0.059043,0.055697,0.052401,0.069168,0.084202,0.11908,0.10018,0.08227,0.095635,0.13927,0.073637,0.05756,0.058963,0.07396,0.078215,0.054339,0.067861,0.068085,0.072162,0.067103,0.071136,0.19245,0.06649,0.082599,0.083838,0.097055,0.06078,0.10366,0.056148,0.050941,0.050971
0.10253,0.040472,0.072273,0.096395,0.16213,0.078455,0.083664,0.11104,0.064157,0,0.043042,0.28733,0.053939,0.038364,0.050806,0.045534,0.082257,0.059125,0.093772,0.082217,0.085191,0.06185,0.086525,0.10526,0.080153,0.039946,0.065338,0.041302,0.070769,0.072443,0.041393,0.065683,0.052743,0.030255,0.048437,0.09038,0.16925,0.053323,0.089845,0.086538,0.071783,0.039783,0.064841,0.058223,0.043731,0.10683,0.054086,0.11125,0.12656,0.059188,0.041786,0.1092,0.097992,0.082265,0.12129,0.11882,0.17249,0.052633,0.055165,0.095965,0.05084,0.089127,0.041857,0.058539,0.088689,0.13063,0.067017,0.047892,0.064683,0.040443,0.063603,0.057303,0.11563,0.054695,0.040972,0.065968,0.054171,0.054676,0.056613,0.064294,0.10305,0.083007,0.057306,0.064011,0.14734,0.072234,0.070548,0.057557,0.089895,0.06456,0.088234,0.088333,0.12432,0.057801,0.088947,0.11216,0.043334,0.071441,0.052201,0.055669,0.066637,0.069639,0.042683,0.086337,0.056927,0.12059,0.042212,0.056439,0.062366,0.067041,0.10832,0.093889,0.11379,0.062763,0.085697,0.052631,0.047261,0.061759,0.061622,0.040428,0.039349,0.11891,0.069426,0.11209,0.049516,0.048262,0.052804,0.043945,0.11792,0.080819,0.073078,0.048618,0.070724,0.041145,0.046181,0.067312,0.07899,0.058007,0.047311,0.040328,0.091247,0.08257,0.077687,0.066837,0.05196,0.09846,0.10598,0.1886,0.13706,0.040201,0.067242,0.057418,0.06753,0.047681,0.062551,0.074592,0.067225,0.042976,0.095173,0.045086,0.055772,0.053257,0.063052,0.046242,0.047608,0.056227,0.052392,0.065737,0.065648,0.062765,0.048944,0.042244,0.043777,0.060468,0.13137,0.083844,0.082661,0.075389,0.14687,0.052077,0.070223,0.063632,0.060784,0.055047,0.063548,0.048023,0.059671,0.058371,0.046167,0.047159,0.19427,0.064106,0.084462,0.085206,0.08331,0.042176,0.082443,0.037816,0.043151,0.041154
0.10743,0.043956,0.056882,0.096719,0.15303,0.079029,0.087751,0.1072,0.058121,0.043042,0,0.29045,0.046077,0.049806,0.053417,0.050977,0.086358,0.056232,0.10617,0.06991,0.077183,0.060005,0.083991,0.10286,0.073742,0.041924,0.058751,0.048093,0.072078,0.067968,0.041409,0.070439,0.047109,0.036386,0.045251,0.085171,0.16953,0.054442,0.088184,0.079189,0.065037,0.040785,0.043839,0.048241,0.040671,0.10093,0.043899,0.12002,0.12413,0.049341,0.042793,0.11224,0.090333,0.07412,0.10532,0.10792,0.1675,0.061416,0.059649,0.085925,0.037358,0.08704,0.049602,0.053899,0.087926,0.12501,0.061472,0.057875,0.062922,0.034843,0.055151,0.048722,0.12647,0.051246,0.044042,0.049761,0.051948,0.037999,0.055747,0.065758,0.11079,0.073187,0.05607,0.073473,0.15139,0.089245,0.072787,0.056418,0.079722,0.074158,0.085214,0.082172,0.12394,0.067381,0.093018,0.10057,0.042631,0.062386,0.041584,0.062363,0.04671,0.07542,0.047796,0.079207,0.049467,0.10535,0.045251,0.038231,0.04527,0.068205,0.1043,0.080233,0.10612,0.064284,0.090135,0.049032,0.046061,0.068614,0.038507,0.045876,0.042113,0.11131,0.053668,0.1035,0.040847,0.056689,0.038646,0.046215,0.11846,0.06281,0.068808,0.055227,0.05195,0.049184,0.045475,0.053183,0.07158,0.061305,0.05674,0.050394,0.087006,0.074994,0.071662,0.068352,0.068491,0.10526,0.10332,0.19432,0.13968,0.043566,0.059876,0.046546,0.055321,0.043976,0.047712,0.061622,0.062989,0.042765,0.09486,0.057521,0.051664,0.06628,0.057566,0.050292,0.050507,0.06156,0.067135,0.075304,0.06485,0.058147,0.041028,0.042604,0.046711,0.056126,0.1269,0.088267,0.071802,0.068362,0.14814,0.064259,0.048072,0.060687,0.056818,0.061952,0.066278,0.043177,0.048097,0.060058,0.03601,0.062834,0.20243,0.064521,0.063725,0.07923,0.07505,0.049671,0.066834,0.038195,0.042765,0.03643
0.31111,0.27871,0.30148,0.29992,0.33528,0.30927,0.29762,0.27859,0.27026,0.28733,0.29045,0,0.27864,0.2848,0.27768,0.2874,0.30944,0.27602,0.28651,0.28136,0.28525,0.2735,0.29005,0.30784,0.28176,0.28611,0.28214,0.27998,0.28839,0.28757,0.28109,0.2619,0.28049,0.28303,0.27483,0.29065,0.39743,0.28368,0.29194,0.30234,0.28544,0.28055,0.28745,0.29485,0.28759,0.33468,0.27686,0.27628,0.29986,0.28403,0.27711,0.27602,0.31122,0.28844,0.31326,0.3049,0.35171,0.28392,0.28432,0.2801,0.28469,0.33721,0.28471,0.28697,0.30709,0.31797,0.26949,0.28255,0.28397,0.27942,0.28008,0.27962,0.30992,0.27394,0.28265,0.28552,0.28618,0.27357,0.29022,0.28955,0.29051,0.28327,0.29297,0.26963,0.30786,0.29295,0.2841,0.27843,0.29709,0.29429,0.29507,0.30363,0.32353,0.29522,0.29839,0.29334,0.28098,0.28489,0.28971,0.27612,0.273,0.26378,0.29052,0.29009,0.28131,0.27271,0.29104,0.28286,0.28058,0.28436,0.30365,0.2839,0.29783,0.28718,0.32154,0.29441,0.28142,0.28655,0.27481,0.2818,0.28271,0.29751,0.28991,0.34567,0.28372,0.28171,0.2797,0.28967,0.29863,0.29542,0.30357,0.26124,0.28183,0.28776,0.27947,0.28382,0.28124,0.27235,0.2869,0.285,0.28641,0.29533,0.28117,0.29461,0.30106,0.30286,0.34071,0.34697,0.32058,0.29748,0.29347,0.28489,0.26353,0.2904,0.28114,0.2731,0.2696,0.2798,0.29117,0.28262,0.27637,0.29263,0.29656,0.28045,0.2802,0.25385,0.28229,0.28818,0.28367,0.27614,0.28564,0.28223,0.27913,0.28894,0.30703,0.30032,0.29198,0.2695,0.35683,0.28471,0.27829,0.282,0.27483,0.28437,0.28261,0.29099,0.2812,0.27789,0.28809,0.29729,0.34101,0.2776,0.28023,0.29117,0.31501,0.28124,0.30083,0.2854,0.28931,0.28236
0.11794,0.051935,0.077996,0.11123,0.15762,0.086092,0.091747,0.10273,0.066918,0.053939,0.046077,0.27864,0,0.051732,0.056331,0.048973,0.093565,0.057026,0.10984,0.076601,0.089167,0.062536,0.084597,0.10946,0.096055,0.054117,0.061101,0.051641,0.065761,0.079346,0.049374,0.064133,0.062873,0.042824,0.048875,0.092314,0.17231,0.073393,0.092371,0.089764,0.075485,0.046625,0.060441,0.066786,0.056115,0.11342,0.056062,0.12772,0.13348,0.075913,0.044039,0.10733,0.082721,0.073491,0.12542,0.12447,0.16221,0.060573,0.060475,0.096212,0.047932,0.095505,0.054397,0.065616,0.10937,0.13744,0.071493,0.062147,0.076018,0.052847,0.053562,0.054488,0.13693,0.051184,0.060435,0.073111,0.060906,0.05159,0.073604,0.064281,0.11249,0.085074,0.056826,0.071871,0.15795,0.090882,0.05993,0.054653,0.056432,0.085222,0.089667,0.096294,0.1195,0.077874,0.091485,0.10802,0.049134,0.067745,0.04263,0.048789,0.057245,0.058111,0.060509,0.094846,0.054058,0.11444,0.06148,0.048324,0.057714,0.075933,0.11103,0.089749,0.11878,0.07353,0.098887,0.055913,0.064238,0.079183,0.052606,0.048476,0.049069,0.11029,0.069434,0.11876,0.071689,0.05447,0.054864,0.051827,0.11661,0.073151,0.078829,0.056966,0.062961,0.052121,0.060485,0.078055,0.053926,0.062894,0.057161,0.061095,0.095777,0.080284,0.068124,0.073335,0.085115,0.099069,0.1106,0.20495,0.12551,0.063532,0.064693,0.052695,0.06771,0.046351,0.047305,0.058821,0.070801,0.056344,0.10189,0.063777,0.05574,0.080462,0.064453,0.055292,0.033214,0.06685,0.064124,0.071728,0.070992,0.064822,0.048825,0.055502,0.047882,0.05541,0.14364,0.093553,0.082992,0.072482,0.13882,0.071691,0.056764,0.056108,0.047712,0.068167,0.072937,0.048952,0.051235,0.059911,0.046904,0.055848,0.20354,0.059263,0.06043,0.089949,0.087689,0.058908,0.077185,0.050884,0.050223,0.049432
0.094537,0.041577,0.079473,0.088528,0.16005,0.07597,0.095969,0.10834,0.052999,0.038364,0.049806,0.2848,0.051732,0,0.040563,0.035745,0.084079,0.04183,0.099523,0.073817,0.072739,0.05535,0.08456,0.098973,0.073974,0.039261,0.061468,0.040114,0.056125,0.061968,0.042442,0.057315,0.058844,0.035613,0.050688,0.074907,0.17553,0.053535,0.079493,0.083492,0.079793,0.048282,0.053789,0.063094,0.044129,0.098899,0.053957,0.11484,0.12862,0.065019,0.041468,0.10525,0.09473,0.085358,0.11597,0.11319,0.17383,0.046015,0.047663,0.088275,0.053741,0.09171,0.044893,0.05204,0.091029,0.1212,0.069326,0.04348,0.069179,0.047883,0.049788,0.052192,0.12496,0.040058,0.039634,0.069496,0.047424,0.048555,0.057996,0.071746,0.08845,0.082903,0.052394,0.051746,0.14088,0.075773,0.060684,0.059325,0.082327,0.066902,0.095428,0.090461,0.12784,0.058096,0.085594,0.10594,0.043332,0.067483,0.049023,0.048397,0.066207,0.06704,0.042912,0.091428,0.05573,0.10684,0.041804,0.05241,0.062294,0.08289,0.097894,0.090037,0.1166,0.056944,0.097688,0.033457,0.051048,0.062056,0.052449,0.036739,0.043961,0.10354,0.076406,0.10194,0.058526,0.049995,0.06226,0.045636,0.10969,0.079041,0.075218,0.054682,0.06116,0.041343,0.051079,0.063039,0.065764,0.046714,0.04511,0.043955,0.079917,0.073277,0.06008,0.080007,0.064258,0.097548,0.10323,0.19772,0.13367,0.053018,0.062276,0.054997,0.052174,0.042318,0.058112,0.063433,0.06193,0.047586,0.088227,0.047219,0.046957,0.051896,0.080406,0.043467,0.039735,0.064989,0.06457,0.050533,0.054982,0.04893,0.040902,0.043444,0.04102,0.065027,0.13664,0.070847,0.08003,0.076538,0.13817,0.059799,0.060715,0.041968,0.047876,0.061339,0.052967,0.04822,0.051644,0.05818,0.043573,0.047152,0.19329,0.052466,0.081694,0.081637,0.078202,0.039016,0.087498,0.037321,0.034159,0.039218
0.10605,0.040856,0.066395,0.097202,0.16409,0.070923,0.093753,0.094701,0.061293,0.050806,0.053417,0.27768,0.056331,0.040563,0,0.044074,0.094765,0.053699,0.088022,0.077054,0.063305,0.065418,0.074185,0.11006,0.073322,0.053868,0.049287,0.038626,0.068525,0.063872,0.049931,0.065115,0.051296,0.042096,0.052984,0.063034,0.18209,0.071139,0.077102,0.087729,0.084615,0.055103,0.053565,0.063784,0.051546,0.11251,0.056169,0.11054,0.12634,0.066089,0.049302,0.10936,0.094701,0.080552,0.11094,0.12051,0.17472,0.069079,0.047202,0.092089,0.053062,0.1001,0.060653,0.05344,0.092412,0.12311,0.063823,0.057522,0.064623,0.051781,0.056096,0.051206,0.12325,0.042603,0.054093,0.076495,0.04172,0.047227,0.06325,0.062116,0.10178,0.074973,0.051999,0.073921,0.1524,0.094052,0.06647,0.067541,0.086704,0.069238,0.096928,0.090365,0.12489,0.061205,0.094753,0.10973,0.0513,0.07554,0.040957,0.047093,0.060547,0.065843,0.048391,0.088435,0.052013,0.10282,0.053,0.058533,0.058125,0.075972,0.11201,0.089703,0.11334,0.062622,0.11795,0.044438,0.059104,0.068677,0.043692,0.053144,0.043563,0.11165,0.078026,0.096067,0.060282,0.051486,0.054381,0.052755,0.11586,0.089293,0.068605,0.049381,0.065104,0.051668,0.052192,0.063829,0.071585,0.061059,0.047867,0.046477,0.07457,0.085751,0.071348,0.088783,0.062283,0.1023,0.11732,0.18844,0.14583,0.060427,0.061077,0.046691,0.052599,0.049431,0.046713,0.058657,0.062125,0.04889,0.082345,0.057282,0.037926,0.066604,0.08342,0.050864,0.047428,0.061467,0.068381,0.060406,0.074218,0.052428,0.039965,0.043066,0.044871,0.068289,0.14412,0.082467,0.082571,0.071078,0.14187,0.057734,0.050456,0.041076,0.061089,0.060108,0.063847,0.051383,0.043644,0.063086,0.049238,0.055326,0.19928,0.053864,0.077318,0.084552,0.068449,0.042851,0.087419,0.04449,0.043866,0.044286
0.095022,0.050389,0.07234,0.099,0.16366,0.070555,0.091221,0.1076,0.067365,0.045534,0.050977,0.2874,0.048973,0.035745,0.044074,0,0.086836,0.053591,0.10259,0.076356,0.088579,0.064175,0.09425,0.092351,0.08938,0.052541,0.063699,0.04416,0.064615,0.065246,0.056384,0.061009,0.06648,0.033184,0.057189,0.088408,0.17593,0.065898,0.083229,0.084342,0.096019,0.055159,0.061107,0.059349,0.053396,0.10468,0.053246,0.11409,0.11422,0.079049,0.047931,0.090158,0.10442,0.084368,0.1206,0.1202,0.16376,0.069831,0.04467,0.10359,0.062063,0.083053,0.052992,0.05916,0.086077,0.12278,0.071266,0.054188,0.074183,0.055803,0.041944,0.059683,0.11921,0.049692,0.04738,0.071876,0.048788,0.049859,0.073007,0.068644,0.10321,0.095156,0.062359,0.074843,0.15027,0.093008,0.065022,0.064312,0.076807,0.067839,0.096515,0.096089,0.12445,0.058546,0.085007,0.11142,0.057706,0.067199,0.05591,0.043219,0.0624,0.068025,0.046462,0.092507,0.058956,0.11916,0.055404,0.053543,0.068962,0.092649,0.1217,0.095457,0.12801,0.068072,0.092027,0.04464,0.061754,0.060629,0.055931,0.048836,0.039964,0.11271,0.068669,0.096201,0.067954,0.046879,0.059959,0.049751,0.11955,0.085372,0.066897,0.061415,0.071518,0.054096,0.057909,0.07142,0.061762,0.058903,0.041837,0.049935,0.099006,0.067381,0.071238,0.078858,0.065312,0.10307,0.10605,0.19355,0.12847,0.051864,0.067368,0.053302,0.057364,0.038503,0.059111,0.07411,0.064983,0.054675,0.10049,0.057546,0.058479,0.0581,0.075114,0.048555,0.041214,0.06309,0.06816,0.066855,0.072699,0.061421,0.042986,0.048069,0.051456,0.063085,0.13946,0.068614,0.086265,0.080407,0.14008,0.070819,0.060557,0.039702,0.052709,0.06921,0.057481,0.055373,0.056844,0.064233,0.048636,0.049746,0.19378,0.05639,0.082601,0.078712,0.065647,0.050549,0.08245,0.044681,0.043674,0.049751
0.12885,0.075829,0.097577,0.11833,0.16557,0.088301,0.099394,0.15406,0.098187,0.082257,0.086358,0.30944,0.093565,0.084079,0.094765,0.086836,0,0.088645,0.11529,0.12014,0.094433,0.085512,0.11814,0.13205,0.10064,0.083763,0.089915,0.086021,0.092828,0.1227,0.073435,0.088024,0.083452,0.072132,0.083304,0.096228,0.14121,0.082562,0.10956,0.099282,0.11179,0.082472,0.090081,0.083363,0.071219,0.12139,0.084268,0.13027,0.12673,0.09695,0.096666,0.13884,0.11202,0.12723,0.13569,0.14034,0.17755,0.086443,0.092159,0.10388,0.079171,0.09229,0.075849,0.08361,0.12518,0.17715,0.085917,0.068871,0.093273,0.079586,0.093372,0.092281,0.14204,0.092148,0.077921,0.093052,0.079592,0.09538,0.091963,0.081526,0.11652,0.11962,0.10811,0.1024,0.16377,0.11173,0.11399,0.1068,0.13134,0.090932,0.10053,0.089009,0.14269,0.097602,0.10293,0.12118,0.074283,0.077018,0.088675,0.097709,0.089376,0.1116,0.065762,0.093782,0.092438,0.13414,0.074447,0.083215,0.09705,0.095746,0.11665,0.12304,0.12526,0.083187,0.11148,0.085437,0.069648,0.10029,0.098531,0.070828,0.07125,0.14456,0.10897,0.11128,0.09186,0.080246,0.083492,0.08532,0.1329,0.098094,0.093277,0.090023,0.10944,0.076911,0.10429,0.083255,0.099186,0.068972,0.083397,0.072683,0.11804,0.10114,0.094689,0.10365,0.083041,0.11901,0.081273,0.19632,0.13773,0.081176,0.092683,0.10339,0.10496,0.093201,0.10954,0.094348,0.085583,0.077751,0.11368,0.08789,0.093458,0.095737,0.098538,0.085117,0.082378,0.10338,0.10292,0.08996,0.089501,0.11318,0.078535,0.090846,0.081191,0.10927,0.16055,0.088839,0.11696,0.09924,0.16401,0.085629,0.10384,0.086332,0.085216,0.091531,0.087207,0.082582,0.10774,0.065113,0.073931,0.097979,0.18735,0.099141,0.10807,0.11579,0.10772,0.071171,0.10893,0.079265,0.077937,0.073778
0.10408,0.055796,0.08877,0.10965,0.15751,0.090007,0.095114,0.11336,0.067702,0.059125,0.056232,0.27602,0.057026,0.04183,0.053699,0.053591,0.088645,0,0.10755,0.055911,0.082552,0.038571,0.09845,0.10532,0.068119,0.058256,0.064364,0.049297,0.074162,0.06607,0.058842,0.044186,0.059006,0.050397,0.054433,0.077764,0.1896,0.063093,0.099843,0.072328,0.082532,0.055102,0.05074,0.059929,0.055126,0.11712,0.057698,0.11034,0.12627,0.065976,0.058851,0.099027,0.10874,0.094112,0.12835,0.11876,0.17085,0.058343,0.05857,0.076837,0.059233,0.10945,0.062465,0.053458,0.09555,0.12808,0.077069,0.06385,0.08213,0.056397,0.046806,0.053616,0.12303,0.041345,0.048451,0.070929,0.05469,0.048465,0.061214,0.073836,0.10956,0.07663,0.05962,0.057657,0.1588,0.078156,0.075419,0.068879,0.093537,0.073384,0.11009,0.082109,0.13158,0.070306,0.088976,0.1111,0.060061,0.068145,0.050707,0.059532,0.061313,0.076483,0.050704,0.085773,0.058893,0.10094,0.053152,0.04612,0.072131,0.085896,0.098054,0.10275,0.12004,0.062847,0.10391,0.04593,0.063327,0.070952,0.056153,0.048441,0.051017,0.093063,0.067455,0.12135,0.057558,0.057015,0.059259,0.06274,0.10377,0.08377,0.078507,0.066965,0.068687,0.061118,0.054728,0.065548,0.074605,0.033533,0.062887,0.054231,0.080412,0.068969,0.063226,0.093031,0.081236,0.097215,0.11639,0.19844,0.14147,0.064863,0.062046,0.066047,0.061811,0.05242,0.065205,0.055532,0.053507,0.053762,0.083569,0.064027,0.053103,0.060017,0.082164,0.049681,0.054722,0.070596,0.084507,0.071661,0.072212,0.070441,0.042977,0.055175,0.044654,0.071725,0.15004,0.088813,0.091978,0.064654,0.16117,0.068596,0.061283,0.049588,0.035195,0.074221,0.062929,0.064269,0.05122,0.064587,0.048529,0.068494,0.18528,0.060945,0.085793,0.090822,0.09692,0.053059,0.078647,0.045902,0.050558,0.048422
0.1396,0.079625,0.094444,0.11923,0.21076,0.10968,0.11751,0.14551,0.10208,0.093772,0.10617,0.28651,0.10984,0.099523,0.088022,0.10259,0.11529,0.10755,0,0.12996,0.10513,0.11078,0.091496,0.15086,0.10881,0.11027,0.091555,0.090616,0.10905,0.10678,0.093581,0.11077,0.076285,0.093657,0.094779,0.11699,0.19722,0.10677,0.10038,0.13374,0.10939,0.087404,0.10963,0.0916,0.082369,0.15783,0.11031,0.092246,0.14258,0.098177,0.091736,0.13651,0.13796,0.11542,0.13572,0.14209,0.20065,0.10458,0.083959,0.11786,0.10578,0.13879,0.098004,0.092164,0.10643,0.16305,0.089538,0.09395,0.091539,0.087004,0.11886,0.096506,0.12647,0.10373,0.088477,0.12526,0.084588,0.097448,0.1054,0.071973,0.1186,0.11118,0.094539,0.11101,0.1744,0.11202,0.11905,0.10912,0.13882,0.086833,0.10658,0.12243,0.145,0.086691,0.13354,0.12724,0.095993,0.11605,0.098386,0.10714,0.10779,0.1115,0.097493,0.12249,0.0905,0.135,0.082259,0.10174,0.11125,0.083292,0.13013,0.12795,0.1423,0.094877,0.13257,0.096597,0.094166,0.10061,0.10801,0.098984,0.087551,0.13867,0.12798,0.13342,0.095091,0.093553,0.095683,0.10265,0.14868,0.12889,0.10124,0.074764,0.10945,0.085369,0.096841,0.08739,0.13063,0.10879,0.086658,0.091738,0.10187,0.13407,0.12166,0.12135,0.084057,0.13341,0.15215,0.16153,0.17642,0.091488,0.094799,0.099028,0.11121,0.098323,0.09881,0.094109,0.10184,0.079474,0.12814,0.088098,0.11188,0.094999,0.10394,0.093532,0.097529,0.09763,0.11433,0.085633,0.11238,0.11152,0.092531,0.089179,0.084081,0.11522,0.15757,0.12551,0.12689,0.12138,0.15916,0.1077,0.10699,0.10015,0.12051,0.11823,0.096008,0.098249,0.095661,0.087026,0.099611,0.096592,0.2044,0.080811,0.11155,0.12868,0.12306,0.092672,0.14008,0.097475,0.091726,0.090601
0.096567,0.07647,0.092064,0.11237,0.13653,0.10662,0.11101,0.11611,0.07919,0.082217,0.06991,0.28136,0.076601,0.073817,0.077054,0.076356,0.12014,0.055911,0.12996,0,0.11097,0.073886,0.10601,0.094,0.076441,0.083555,0.078841,0.079053,0.089403,0.063106,0.088361,0.077689,0.078784,0.0729,0.061052,0.0997,0.21137,0.083755,0.10896,0.096973,0.08814,0.069841,0.062716,0.076334,0.081679,0.11463,0.069082,0.13048,0.13339,0.078787,0.073583,0.10469,0.11742,0.098024,0.14265,0.12948,0.16614,0.094079,0.068741,0.097348,0.076601,0.12315,0.094027,0.062862,0.099517,0.10267,0.095057,0.09394,0.095997,0.078048,0.075204,0.066531,0.14664,0.065703,0.074678,0.086559,0.079649,0.056174,0.088843,0.089399,0.12936,0.078147,0.076454,0.08464,0.16511,0.097477,0.091613,0.074709,0.098813,0.091977,0.11827,0.11081,0.13165,0.085902,0.10668,0.12586,0.089046,0.10087,0.069087,0.072879,0.070019,0.097364,0.074737,0.12225,0.073641,0.091332,0.081319,0.064716,0.092495,0.09374,0.12692,0.11306,0.12908,0.076298,0.1046,0.074774,0.083379,0.073653,0.071906,0.08181,0.080644,0.088267,0.074839,0.13346,0.072222,0.084226,0.079765,0.076406,0.10769,0.10479,0.082886,0.093661,0.077861,0.081852,0.069432,0.087015,0.093026,0.075296,0.078229,0.078722,0.093091,0.0677,0.083946,0.10232,0.092296,0.10263,0.13839,0.20976,0.16302,0.07267,0.073187,0.071027,0.067924,0.064202,0.075961,0.070661,0.088588,0.078995,0.10232,0.078293,0.072915,0.077425,0.082311,0.071645,0.079748,0.08089,0.097651,0.093498,0.095342,0.082026,0.066759,0.072083,0.08038,0.081494,0.1422,0.11766,0.10111,0.089807,0.15625,0.091924,0.078322,0.072923,0.07216,0.096151,0.079996,0.079203,0.0653,0.095123,0.077389,0.083031,0.17298,0.092132,0.10599,0.087116,0.10851,0.080851,0.095082,0.067194,0.071089,0.066954
0.1319,0.067298,0.09021,0.1137,0.18086,0.09105,0.11869,0.10928,0.081503,0.085191,0.077183,0.28525,0.089167,0.072739,0.063305,0.088579,0.094433,0.082552,0.10513,0.11097,0,0.08089,0.093459,0.13759,0.07223,0.068018,0.07664,0.074969,0.093514,0.10207,0.061152,0.089442,0.065849,0.076364,0.086685,0.059286,0.1751,0.078946,0.085686,0.097341,0.096364,0.082283,0.072003,0.092941,0.071194,0.12888,0.079263,0.13887,0.15502,0.072032,0.081619,0.14452,0.09709,0.10638,0.10523,0.12688,0.20398,0.080364,0.084443,0.096727,0.071294,0.11571,0.081646,0.073553,0.12567,0.15698,0.068238,0.076525,0.088037,0.070228,0.081789,0.072614,0.15678,0.076176,0.076469,0.095156,0.078234,0.076048,0.060081,0.093353,0.10988,0.089754,0.084555,0.085247,0.16704,0.11082,0.10256,0.096333,0.11726,0.10369,0.10109,0.090469,0.13507,0.096764,0.11083,0.10697,0.060295,0.091558,0.070062,0.091311,0.078098,0.090954,0.076507,0.095364,0.080331,0.11045,0.069734,0.081969,0.071319,0.093613,0.1114,0.08861,0.10323,0.091304,0.14258,0.073539,0.068469,0.10053,0.066167,0.067817,0.081012,0.13298,0.10628,0.10025,0.077936,0.088413,0.076514,0.084617,0.13635,0.089712,0.097596,0.073107,0.07241,0.071136,0.079337,0.071811,0.091589,0.078115,0.082979,0.072193,0.086119,0.11185,0.074066,0.10496,0.088506,0.12671,0.11325,0.2128,0.15448,0.086465,0.089032,0.078366,0.077207,0.089726,0.080371,0.078299,0.075864,0.070965,0.083768,0.085816,0.065856,0.094621,0.11086,0.084793,0.083347,0.093106,0.094448,0.077163,0.082144,0.071243,0.071149,0.082547,0.068694,0.097954,0.14839,0.091948,0.10126,0.094038,0.16437,0.08235,0.075859,0.073778,0.083649,0.068979,0.094212,0.069567,0.072114,0.068135,0.070978,0.094816,0.22082,0.073291,0.08581,0.10602,0.092198,0.063902,0.11232,0.069417,0.075649,0.071329
0.1169,0.059496,0.089147,0.12663,0.1754,0.096554,0.09114,0.11336,0.078674,0.06185,0.060005,0.2735,0.062536,0.05535,0.065418,0.064175,0.085512,0.038571,0.11078,0.073886,0.08089,0,0.10113,0.11841,0.071764,0.060231,0.062122,0.051659,0.089969,0.081531,0.05783,0.027555,0.056883,0.056095,0.066573,0.083276,0.18836,0.068664,0.11197,0.066795,0.079348,0.05688,0.067565,0.066613,0.058979,0.13235,0.057698,0.118,0.13189,0.067147,0.06172,0.11072,0.11814,0.10008,0.13133,0.11761,0.18739,0.063225,0.074913,0.087008,0.06216,0.10853,0.068514,0.064806,0.10536,0.14643,0.075752,0.071681,0.09135,0.055525,0.056429,0.059114,0.13582,0.053889,0.057635,0.066803,0.068925,0.060865,0.05885,0.079376,0.12127,0.086729,0.071237,0.069633,0.17339,0.088781,0.085965,0.076236,0.094835,0.087503,0.10339,0.079965,0.14006,0.084373,0.081044,0.1031,0.058539,0.074774,0.060246,0.06693,0.058165,0.076557,0.059997,0.085024,0.065949,0.11253,0.059928,0.057511,0.082838,0.081392,0.10285,0.095161,0.12618,0.07633,0.096444,0.056838,0.064633,0.074052,0.062335,0.050947,0.057853,0.10806,0.065803,0.12835,0.059324,0.074725,0.055605,0.066706,0.11245,0.079438,0.087331,0.068103,0.07081,0.064282,0.059439,0.076088,0.077721,0.034857,0.068633,0.05935,0.086859,0.083343,0.056871,0.085716,0.086705,0.10622,0.1127,0.20448,0.14517,0.067875,0.073473,0.077288,0.072814,0.067121,0.079117,0.062449,0.039694,0.053461,0.093625,0.070463,0.06592,0.066773,0.077819,0.050713,0.063034,0.064247,0.079188,0.082193,0.082239,0.084328,0.054829,0.062377,0.049487,0.066461,0.16049,0.096784,0.098553,0.062187,0.17191,0.071779,0.070126,0.066446,0.034784,0.065318,0.067589,0.070526,0.054623,0.063277,0.052701,0.076276,0.18749,0.073404,0.095571,0.1012,0.09666,0.062627,0.091861,0.047534,0.067328,0.054088
0.13941,0.063106,0.078727,0.10831,0.17166,0.10549,0.11757,0.12866,0.087408,0.086525,0.083991,0.29005,0.084597,0.08456,0.074185,0.09425,0.11814,0.09845,0.091496,0.10601,0.093459,0.10113,0,0.14447,0.10155,0.085451,0.07438,0.079827,0.087672,0.083447,0.075126,0.10614,0.072126,0.084542,0.070726,0.088055,0.19292,0.10512,0.10337,0.13488,0.088901,0.077519,0.090552,0.086917,0.075553,0.13339,0.084736,0.11826,0.13987,0.087992,0.06963,0.14088,0.09841,0.10034,0.1227,0.11201,0.19137,0.088448,0.085655,0.093411,0.075411,0.12562,0.090193,0.080244,0.10843,0.14612,0.086153,0.084665,0.08456,0.07861,0.10908,0.079287,0.14608,0.077596,0.088972,0.10165,0.077661,0.078623,0.10233,0.069079,0.11228,0.078182,0.077208,0.1064,0.16283,0.11578,0.094576,0.086579,0.092535,0.081712,0.082682,0.13078,0.12598,0.088441,0.11161,0.096611,0.076742,0.11292,0.075077,0.083962,0.08941,0.095653,0.0907,0.13251,0.075561,0.10786,0.084676,0.09597,0.091092,0.070511,0.09994,0.084525,0.12803,0.081141,0.13453,0.077125,0.082944,0.091009,0.081686,0.093799,0.07779,0.12522,0.1203,0.12962,0.089779,0.088575,0.088915,0.069073,0.13312,0.11146,0.107,0.081443,0.080911,0.068202,0.082723,0.094059,0.10775,0.096384,0.077292,0.08177,0.074295,0.12754,0.10467,0.10292,0.092094,0.10398,0.13848,0.17732,0.17804,0.09001,0.059295,0.075788,0.089439,0.085386,0.071665,0.069172,0.098704,0.076822,0.10286,0.07629,0.08447,0.10125,0.094236,0.085225,0.074385,0.080035,0.090746,0.084678,0.096251,0.08907,0.083847,0.070385,0.077765,0.091405,0.16496,0.1204,0.10076,0.090319,0.12896,0.090562,0.093541,0.093527,0.10313,0.10534,0.087586,0.068108,0.073117,0.087718,0.081592,0.089374,0.21804,0.091165,0.092462,0.12246,0.1081,0.082314,0.12424,0.087675,0.072778,0.06604
