0,0.12577,0.10866,0.15988,0.12273,0.12172,0.091057,0.13866,0.11672,0.12354,0.14485,0.15949,0.14043,0.12381,0.10523,0.11597,0.131,0.16427,0.13934,0.136,0.13436,0.17129,0.16906,0.056729,0.11657,0.12707,0.11699,0.12042,0.10897,0.12657,0.10926,0.16216,0.12221,0.12697,0.13184,0.10109,0.11731,0.13149,0.097085,0.11875,0.13536,0.1267,0.12159,0.11969,0.13267,0.13488,0.11654,0.11307,0.12358,0.11554,0.12656,0.17119,0.12984,0.13313,0.1254,0.10602,0.13233,0.10926,0.11662,0.17619,0.12995,0.11201,0.12504,0.12666,0.12286,0.082137,0.13096,0.12773,0.1706,0.13605,0.11289,0.13461,0.13378,0.14031,0.1254,0.1337,0.10333,0.11031,0.13039,0.1274,0.12939,0.14449,0.12104,0.086622,0.12919,0.12385,0.12837,0.10489,0.12377,0.13424,0.12933,0.12988,0.1112,0.11981,0.1235,0.14929,0.11338,0.15511,0.11303,0.12475,0.117,0.12619,0.11801,0.10272,0.11972,0.16565,0.12775,0.15127,0.10822,0.13051,0.13385,0.1158,0.10105,0.12935,0.10956,0.11514,0.12077,0.17023,0.10691,0.11397,0.11818,0.13873,0.13347,0.16696,0.12762,0.11736,0.12342,0.1282,0.12049,0.12476,0.13066,0.1359,0.11316,0.12887,0.12754,0.11433,0.1028,0.14081,0.11244,0.15185,0.13454,0.071429,0.1443,0.1372,0.1233,0.13848,0.099012,0.13035,0.12879,0.11826,0.14183,0.13723,0.11829,0.12164,0.1235,0.13833,0.15617,0.1255,0.14367,0.13292,0.12505,0.17165,0.11956,0.12646,0.11401,0.14133,0.13398,0.12767,0.123,0.11458,0.16059,0.14266,0.13119,0.1409,0.1585,0.13017,0.14004,0.1498,0.084004,0.1354,0.11429,0.10342,0.14688,0.12556,0.14272,0.11851,0.12724,0.14966,0.1339,0.13452,0.102,0.10465,0.11878,0.12849,0.10507,0.14754,0.14318,0.1345,0.13152,0.13885
0.12577,0,0.095168,0.11086,0.098831,0.10247,0.091106,0.11916,0.083947,0.083877,0.06477,0.16074,0.093867,0.076928,0.074734,0.080527,0.08737,0.109,0.075483,0.10585,0.094891,0.11758,0.11455,0.096999,0.074054,0.077912,0.088106,0.095181,0.086259,0.086383,0.078171,0.10761,0.080687,0.080005,0.089071,0.086853,0.11794,0.11943,0.078588,0.079272,0.086218,0.084747,0.077118,0.075124,0.082837,0.075526,0.089051,0.098324,0.095948,0.079977,0.085622,0.16346,0.10469,0.079291,0.091825,0.093434,0.13728,0.078171,0.1014,0.12747,0.091119,0.11482,0.087916,0.078349,0.077051,0.10004,0.093424,0.091845,0.13732,0.089332,0.089055,0.071712,0.093566,0.10994,0.072929,0.099039,0.085445,0.085051,0.079767,0.07473,0.078086,0.11867,0.096517,0.084437,0.086858,0.081353,0.1127,0.089027,0.082078,0.1026,0.10227,0.094714,0.086597,0.10402,0.085816,0.10661,0.08216,0.095787,0.082765,0.0705,0.076787,0.080909,0.081398,0.10195,0.082742,0.13202,0.077628,0.088744,0.10476,0.083156,0.082911,0.091841,0.095661,0.083122,0.080222,0.070827,0.09518,0.12499,0.11856,0.084755,0.066338,0.11207,0.084018,0.12227,0.088331,0.083164,0.072788,0.090491,0.10369,0.074875,0.10871,0.099362,0.08294,0.093067,0.079569,0.1041,0.082581,0.11339,0.082201,0.099285,0.091818,0.092141,0.10749,0.088078,0.08172,0.096488,0.10358,0.070842,0.089821,0.085939,0.12156,0.085354,0.10003,0.089638,0.099971,0.11936,0.12307,0.086743,0.09084,0.11773,0.067284,0.11627,0.096808,0.084544,0.092696,0.087471,0.087443,0.088895,0.088334,0.087664,0.086928,0.10604,0.089795,0.097033,0.11947,0.092349,0.1141,0.12394,0.13463,0.088473,0.10439,0.08125,0.10744,0.091417,0.094541,0.078691,0.078617,0.082394,0.09628,0.085187,0.13956,0.074393,0.079375,0.090128,0.091273,0.087244,0.10172,0.072002,0.095442,0.085912
0.10866,0.095168,0,0.10682,0.071109,0.084807,0.070182,0.07578,0.066359,0.070797,0.084721,0.12922,0.063984,0.070327,0.073948,0.055189,0.072554,0.10827,0.077504,0.072828,0.088817,0.1133,0.13128,0.083515,0.066775,0.0687,0.062934,0.075627,0.064536,0.069698,0.068439,0.1071,0.066305,0.069578,0.079491,0.079536,0.11089,0.114,0.067057,0.075246,0.067341,0.090808,0.055599,0.06507,0.075348,0.069043,0.082263,0.079655,0.090661,0.065264,0.067358,0.12631,0.11173,0.075672,0.098111,0.096604,0.13629,0.068439,0.079324,0.11132,0.10398,0.12065,0.063281,0.075523,0.068355,0.072663,0.091895,0.090983,0.13824,0.082606,0.056858,0.088341,0.08326,0.089488,0.064822,0.10078,0.070321,0.070434,0.082902,0.061578,0.086173,0.088261,0.077252,0.069807,0.077779,0.065844,0.063432,0.057891,0.079173,0.066815,0.087451,0.088075,0.06112,0.083348,0.10267,0.10035,0.073555,0.092119,0.066204,0.079522,0.077143,0.087819,0.076238,0.088045,0.074131,0.11999,0.07654,0.082365,0.088889,0.07921,0.087235,0.066286,0.093446,0.073069,0.052752,0.07763,0.070052,0.12964,0.06933,0.067464,0.071844,0.11395,0.067248,0.15331,0.080979,0.068405,0.073133,0.083181,0.10591,0.064961,0.064636,0.089409,0.064887,0.086858,0.05688,0.080667,0.065715,0.10367,0.048235,0.091998,0.10513,0.084353,0.098973,0.081415,0.061647,0.081301,0.079846,0.080044,0.089095,0.078496,0.091823,0.089415,0.090153,0.068685,0.083476,0.11333,0.13187,0.079232,0.066061,0.068573,0.068505,0.1062,0.064944,0.080665,0.060617,0.084964,0.086399,0.10756,0.085166,0.064876,0.096298,0.1053,0.085235,0.07145,0.12288,0.078088,0.10268,0.11913,0.12314,0.087881,0.072233,0.061432,0.10666,0.073398,0.078114,0.07691,0.057439,0.081177,0.084379,0.077852,0.10604,0.075763,0.086206,0.099009,0.085738,0.083626,0.10003,0.065287,0.061752,0.074864
0.15988,0.11086,0.10682,0,0.096359,0.11585,0.11604,0.097912,0.098344,0.088296,0.075972,0.17356,0.078365,0.091766,0.093302,0.093194,0.097306,0.10991,0.07582,0.11183,0.11098,0.12658,0.14168,0.13335,0.10259,0.089689,0.089746,0.11105,0.11095,0.078331,0.092062,0.10307,0.086937,0.097012,0.072045,0.10592,0.10681,0.15124,0.10284,0.090343,0.097487,0.11757,0.094176,0.086429,0.083576,0.081436,0.10314,0.11172,0.1137,0.087866,0.0953,0.12536,0.10693,0.093294,0.11242,0.11438,0.16061,0.092062,0.10666,0.10598,0.1041,0.14044,0.097879,0.1041,0.096082,0.11295,0.092336,0.096452,0.10996,0.078965,0.11406,0.090656,0.1044,0.098201,0.08622,0.11432,0.10048,0.10444,0.095504,0.1003,0.10523,0.10707,0.082568,0.10295,0.093177,0.098146,0.098976,0.10578,0.10709,0.085728,0.11499,0.066501,0.094481,0.10105,0.1188,0.10942,0.099054,0.10617,0.099005,0.088019,0.094564,0.10089,0.083597,0.10953,0.097557,0.14014,0.085247,0.091098,0.13739,0.092618,0.1011,0.093129,0.11638,0.084294,0.075773,0.091078,0.13229,0.12755,0.14864,0.098764,0.077925,0.14574,0.086536,0.17283,0.098467,0.081905,0.077774,0.099044,0.12657,0.084509,0.076125,0.10182,0.096621,0.10506,0.083977,0.109,0.098256,0.11571,0.087672,0.098003,0.12754,0.12872,0.10117,0.10214,0.082991,0.09979,0.11043,0.076575,0.086163,0.10586,0.10076,0.074072,0.094393,0.084888,0.092512,0.15439,0.16164,0.084791,0.097607,0.1014,0.081354,0.1052,0.10958,0.091632,0.10673,0.10441,0.10583,0.11835,0.10677,0.10278,0.10801,0.12922,0.095066,0.096556,0.12143,0.10808,0.108,0.13512,0.16343,0.091281,0.11592,0.10746,0.098361,0.091286,0.096193,0.090686,0.086417,0.11509,0.098489,0.08597,0.16341,0.09655,0.095224,0.12128,0.11244,0.098105,0.11072,0.079064,0.090705,0.086822
0.12273,0.098831,0.071109,0.096359,0,0.094313,0.068586,0.067305,0.074808,0.058194,0.076434,0.12244,0.061068,0.059967,0.068638,0.058256,0.074234,0.091896,0.076279,0.072962,0.11117,0.1085,0.13615,0.081621,0.068431,0.046139,0.055472,0.08277,0.07127,0.062246,0.054444,0.087595,0.070982,0.066931,0.070706,0.081843,0.1002,0.11065,0.065317,0.067669,0.063815,0.078947,0.057282,0.051574,0.067576,0.057119,0.063272,0.079295,0.070736,0.066436,0.062645,0.13945,0.10023,0.071745,0.094936,0.091011,0.13202,0.054444,0.068393,0.11555,0.087506,0.12364,0.054231,0.058353,0.063646,0.06464,0.057694,0.071003,0.12976,0.071896,0.078215,0.060806,0.071728,0.10021,0.058233,0.094283,0.07605,0.070256,0.066643,0.071358,0.087007,0.097061,0.052259,0.077829,0.061238,0.053711,0.062741,0.085869,0.072621,0.069485,0.10276,0.06933,0.056404,0.075093,0.075804,0.069122,0.063944,0.086785,0.070361,0.062884,0.074831,0.076443,0.063652,0.085273,0.070035,0.11864,0.062824,0.06721,0.098568,0.087656,0.077258,0.056996,0.085272,0.065936,0.0571,0.05752,0.074671,0.1252,0.10022,0.057653,0.062957,0.10602,0.053266,0.17017,0.053697,0.061692,0.053952,0.057834,0.10025,0.068696,0.069738,0.05732,0.06451,0.076143,0.051506,0.078406,0.072583,0.087479,0.06984,0.094398,0.10558,0.088594,0.091711,0.089497,0.06324,0.057527,0.093975,0.07042,0.069222,0.065228,0.093967,0.081268,0.080461,0.065928,0.074814,0.11214,0.13712,0.068795,0.06401,0.063721,0.062378,0.098705,0.070592,0.078681,0.051739,0.086331,0.090045,0.099014,0.065381,0.088126,0.09586,0.084355,0.05981,0.073424,0.10736,0.095773,0.078934,0.12058,0.12061,0.064816,0.086615,0.072946,0.080841,0.059968,0.06842,0.055,0.056165,0.075078,0.057144,0.075378,0.12263,0.062775,0.072019,0.10751,0.090387,0.084712,0.089075,0.06332,0.057151,0.071372
0.12172,0.10247,0.084807,0.11585,0.094313,0,0.063971,0.10036,0.091738,0.081035,0.10424,0.11872,0.089363,0.082796,0.086027,0.078398,0.092249,0.11787,0.088875,0.11254,0.087427,0.13276,0.13374,0.094643,0.075293,0.078852,0.081653,0.10253,0.05773,0.080326,0.067841,0.1059,0.081337,0.090643,0.092338,0.072744,0.10013,0.13179,0.077001,0.089124,0.10635,0.10058,0.068824,0.07553,0.086202,0.077363,0.086027,0.087742,0.1031,0.072139,0.081192,0.17291,0.12164,0.095744,0.10923,0.076599,0.11205,0.067841,0.075598,0.14099,0.1222,0.067792,0.075083,0.10745,0.077673,0.083186,0.09474,0.078836,0.15394,0.099997,0.07694,0.1004,0.10028,0.10434,0.082318,0.10225,0.059007,0.097553,0.087482,0.082999,0.095282,0.11829,0.094477,0.070078,0.084465,0.093646,0.097675,0.061793,0.07668,0.093056,0.10468,0.094883,0.059017,0.11169,0.1034,0.10915,0.066643,0.11616,0.072623,0.098454,0.096344,0.099172,0.070145,0.080347,0.07464,0.13166,0.081022,0.10072,0.11246,0.091213,0.083956,0.070461,0.076317,0.09333,0.071449,0.079325,0.072739,0.1073,0.091731,0.096228,0.080978,0.11269,0.088689,0.12186,0.096682,0.076921,0.079941,0.090584,0.087351,0.090594,0.09147,0.10473,0.067552,0.087972,0.083186,0.10982,0.061044,0.099462,0.078541,0.1176,0.087969,0.10243,0.10019,0.077963,0.070448,0.098327,0.060656,0.090269,0.092794,0.084138,0.11644,0.097686,0.10455,0.090691,0.087476,0.11475,0.12269,0.083624,0.094145,0.079711,0.082468,0.11033,0.075001,0.088052,0.094433,0.091444,0.093873,0.10024,0.095206,0.087915,0.11952,0.13705,0.079623,0.078478,0.10281,0.090901,0.095208,0.1103,0.089207,0.095416,0.08926,0.079343,0.11835,0.071419,0.095279,0.080687,0.078736,0.09979,0.093142,0.079808,0.13289,0.070287,0.086676,0.10668,0.053984,0.089859,0.11683,0.08483,0.09024,0.096601
0.091057,0.091106,0.070182,0.11604,0.068586,0.063971,0,0.089433,0.076827,0.065705,0.093003,0.12118,0.083479,0.065789,0.064352,0.06634,0.085673,0.11019,0.084538,0.10254,0.079597,0.12348,0.13688,0.061916,0.074173,0.066175,0.054221,0.078221,0.044892,0.066632,0.048087,0.10433,0.065869,0.071809,0.084301,0.059995,0.093948,0.095447,0.054693,0.060721,0.084935,0.081112,0.064801,0.060783,0.072024,0.073972,0.068967,0.061319,0.085047,0.063419,0.072517,0.14669,0.10294,0.083664,0.099176,0.058502,0.12697,0.048087,0.05425,0.13775,0.098659,0.07701,0.057073,0.080732,0.073371,0.056666,0.084012,0.068967,0.14583,0.088631,0.06743,0.081184,0.084898,0.096716,0.063282,0.087098,0.054092,0.081652,0.072559,0.071657,0.087012,0.11038,0.070999,0.050453,0.06996,0.075366,0.079162,0.065914,0.068934,0.08192,0.089075,0.084924,0.054697,0.073299,0.078587,0.092744,0.053989,0.10401,0.057885,0.07679,0.076467,0.086278,0.061797,0.051206,0.066869,0.12259,0.065326,0.093012,0.094621,0.077784,0.076796,0.066429,0.043864,0.075625,0.053609,0.052222,0.05604,0.13173,0.068994,0.071765,0.068669,0.11109,0.078668,0.12998,0.074118,0.058288,0.068585,0.069222,0.080093,0.079959,0.0842,0.081158,0.057219,0.068012,0.069174,0.078658,0.058853,0.10225,0.067357,0.11625,0.084771,0.073868,0.10417,0.093292,0.065896,0.083997,0.053785,0.080656,0.085565,0.069778,0.11235,0.092748,0.083721,0.075799,0.073167,0.1043,0.12143,0.072256,0.083383,0.074746,0.072811,0.11983,0.066959,0.074787,0.070922,0.095067,0.088547,0.085393,0.071431,0.077737,0.11198,0.10621,0.062988,0.084144,0.11866,0.088646,0.083251,0.11393,0.072467,0.078768,0.079767,0.065654,0.10256,0.053356,0.095031,0.062296,0.073327,0.084963,0.075748,0.086179,0.118,0.052124,0.070346,0.097955,0.058122,0.088175,0.10252,0.078072,0.079195,0.084146
0.13866,0.11916,0.07578,0.097912,0.067305,0.10036,0.089433,0,0.075185,0.06824,0.076859,0.11733,0.055268,0.072581,0.079968,0.061999,0.07353,0.096918,0.071194,0.074508,0.10414,0.11822,0.115,0.10571,0.078511,0.058017,0.071307,0.085718,0.085848,0.056151,0.068953,0.09527,0.08707,0.075649,0.062486,0.090041,0.12275,0.11623,0.078241,0.074246,0.063267,0.09881,0.06414,0.05591,0.075841,0.062754,0.082853,0.081262,0.098796,0.064902,0.066943,0.12342,0.10118,0.084627,0.10128,0.092103,0.13908,0.068953,0.082485,0.095631,0.093136,0.13425,0.060787,0.076816,0.066575,0.083281,0.089468,0.088734,0.13172,0.072516,0.082893,0.082765,0.07598,0.10321,0.07359,0.10316,0.078172,0.080111,0.079355,0.075568,0.089736,0.064481,0.060795,0.089889,0.070759,0.064872,0.061441,0.091917,0.082345,0.056628,0.094707,0.062935,0.060371,0.067301,0.087869,0.070532,0.073087,0.089485,0.083237,0.074075,0.081405,0.066553,0.073649,0.081725,0.072771,0.11725,0.077394,0.069879,0.10958,0.097528,0.086157,0.058224,0.099867,0.056098,0.055961,0.086031,0.082396,0.12132,0.11326,0.074074,0.07853,0.11456,0.075393,0.17793,0.062326,0.069769,0.062279,0.071248,0.10753,0.069751,0.060412,0.061004,0.061747,0.085477,0.056995,0.084409,0.084977,0.085328,0.070992,0.088023,0.11438,0.093353,0.103,0.088519,0.050887,0.066473,0.10302,0.075174,0.071888,0.073427,0.063065,0.073638,0.10595,0.058274,0.07327,0.10278,0.14072,0.07629,0.063531,0.053872,0.064972,0.092517,0.077666,0.083285,0.059541,0.09443,0.087873,0.12717,0.080497,0.077225,0.10274,0.10539,0.077182,0.058118,0.11494,0.091667,0.071901,0.11166,0.14489,0.071401,0.10105,0.088585,0.088198,0.061963,0.072561,0.073931,0.058897,0.09441,0.074151,0.07408,0.11751,0.073473,0.074465,0.1298,0.10198,0.10661,0.087232,0.0603,0.048535,0.067037
0.11672,0.083947,0.066359,0.098344,0.074808,0.091738,0.076827,0.075185,0,0.063161,0.059928,0.11883,0.071788,0.053204,0.048652,0.057889,0.044072,0.074283,0.057014,0.075704,0.096068,0.0905,0.11197,0.09311,0.060882,0.05768,0.051161,0.057648,0.083383,0.049443,0.06296,0.072632,0.068173,0.044447,0.061671,0.075873,0.10586,0.097543,0.056558,0.05748,0.064805,0.066104,0.061711,0.047052,0.049836,0.050372,0.062323,0.070371,0.078846,0.046141,0.052035,0.13594,0.085941,0.075684,0.078678,0.089925,0.12888,0.06296,0.068285,0.10665,0.060706,0.11542,0.060449,0.066317,0.060154,0.078142,0.076937,0.07904,0.12367,0.059813,0.060517,0.063949,0.076609,0.061194,0.04981,0.079829,0.053799,0.058731,0.058923,0.053819,0.055752,0.078679,0.052463,0.069261,0.059201,0.048106,0.064999,0.070203,0.06927,0.047619,0.094089,0.070733,0.057106,0.061656,0.075717,0.079848,0.070071,0.073364,0.056137,0.046864,0.051307,0.076592,0.055945,0.082527,0.069623,0.090556,0.055298,0.064991,0.084337,0.056256,0.059995,0.053922,0.085746,0.050764,0.056061,0.062233,0.072805,0.10846,0.086495,0.0553,0.051593,0.084708,0.06379,0.14562,0.063826,0.064722,0.052407,0.064824,0.092463,0.049233,0.074913,0.080093,0.052783,0.078909,0.057913,0.061737,0.072373,0.066528,0.055907,0.078114,0.098529,0.090748,0.075764,0.067852,0.046872,0.087789,0.088846,0.053547,0.081288,0.06647,0.093997,0.066158,0.074531,0.03633,0.06485,0.09039,0.095868,0.057722,0.074493,0.067052,0.048352,0.092263,0.068897,0.065045,0.069504,0.056086,0.088314,0.085402,0.065776,0.046931,0.074551,0.086336,0.066867,0.066844,0.11613,0.05715,0.072031,0.11038,0.13244,0.071007,0.071118,0.068468,0.062565,0.067563,0.060574,0.058464,0.058886,0.081189,0.062099,0.064114,0.10773,0.059336,0.062125,0.093702,0.083664,0.083031,0.072124,0.052643,0.058319,0.05375
0.12354,0.083877,0.070797,0.088296,0.058194,0.081035,0.065705,0.06824,0.063161,0,0.06316,0.12473,0.053088,0.044266,0.051954,0.059243,0.06061,0.071755,0.060376,0.079476,0.095201,0.088359,0.11094,0.086822,0.064797,0.035964,0.049486,0.061768,0.059336,0.040812,0.054167,0.07375,0.047394,0.04226,0.042333,0.055246,0.088696,0.08473,0.059037,0.040017,0.06975,0.068833,0.052504,0.048704,0.037675,0.048408,0.042373,0.050102,0.069714,0.041486,0.048203,0.13982,0.070324,0.060611,0.080547,0.068644,0.13463,0.054167,0.069596,0.096052,0.072068,0.098314,0.042825,0.054156,0.048726,0.069747,0.061091,0.064913,0.10519,0.050314,0.071837,0.051094,0.059892,0.071474,0.031941,0.089303,0.05094,0.069035,0.035642,0.06447,0.069457,0.089642,0.048498,0.059561,0.040844,0.042066,0.063044,0.065939,0.04776,0.055228,0.080948,0.060989,0.043608,0.070251,0.059566,0.084158,0.059133,0.068253,0.049691,0.054964,0.059111,0.062698,0.043938,0.071514,0.062914,0.083885,0.034099,0.06195,0.093152,0.070816,0.048057,0.049159,0.076942,0.052242,0.042838,0.043851,0.068763,0.10508,0.099222,0.048064,0.056783,0.11235,0.049081,0.14729,0.043615,0.045197,0.052817,0.048311,0.084354,0.042533,0.071698,0.054577,0.04151,0.061027,0.042258,0.059311,0.059569,0.074484,0.060797,0.072655,0.079625,0.08787,0.092541,0.078164,0.047353,0.058498,0.078952,0.065991,0.058997,0.046885,0.080887,0.0643,0.077452,0.05495,0.055211,0.10432,0.12589,0.045962,0.062878,0.058427,0.051006,0.071875,0.041944,0.050076,0.067394,0.071536,0.066592,0.086055,0.047104,0.072676,0.082298,0.074722,0.038915,0.049895,0.098278,0.079403,0.077901,0.098964,0.11754,0.042019,0.084022,0.064397,0.073454,0.054587,0.069666,0.034383,0.049772,0.058818,0.047289,0.054307,0.10913,0.059861,0.066683,0.10467,0.071601,0.062848,0.060158,0.046649,0.050418,0.062702
0.14485,0.06477,0.084721,0.075972,0.076434,0.10424,0.093003,0.076859,0.059928,0.06316,0,0.14424,0.06018,0.061938,0.059342,0.055253,0.062243,0.076761,0.032516,0.077717,0.091435,0.094161,0.097337,0.1116,0.063845,0.050216,0.062961,0.076285,0.089312,0.052454,0.06554,0.072727,0.073829,0.054843,0.055292,0.088255,0.1142,0.10873,0.069303,0.061448,0.053329,0.078612,0.05914,0.045167,0.053844,0.041983,0.076927,0.083708,0.083655,0.058261,0.060383,0.12883,0.092096,0.062617,0.079406,0.091055,0.14237,0.06554,0.082587,0.092395,0.065752,0.12845,0.067669,0.062777,0.059311,0.099789,0.073879,0.078946,0.11379,0.05493,0.087016,0.046094,0.073428,0.086959,0.048715,0.088818,0.077292,0.071537,0.060785,0.051123,0.056402,0.073777,0.061775,0.084256,0.060472,0.054037,0.079048,0.091498,0.071438,0.060445,0.092881,0.060118,0.067277,0.068837,0.077402,0.066705,0.071935,0.066577,0.075604,0.037749,0.06527,0.060968,0.063095,0.089509,0.065577,0.11214,0.052289,0.055894,0.10323,0.065401,0.065386,0.069611,0.093349,0.03749,0.056682,0.060914,0.089995,0.10888,0.12104,0.066514,0.048471,0.10822,0.06215,0.15124,0.060633,0.066785,0.04014,0.062781,0.10184,0.052839,0.069501,0.068793,0.064378,0.078034,0.047417,0.081102,0.087008,0.087614,0.060379,0.07594,0.10605,0.099946,0.091743,0.073752,0.049198,0.076764,0.10462,0.034045,0.065642,0.07267,0.086949,0.043811,0.093054,0.052381,0.07185,0.10867,0.12399,0.064358,0.056291,0.085434,0.034748,0.084118,0.084612,0.066182,0.06783,0.073178,0.074442,0.094033,0.06503,0.071077,0.062073,0.089388,0.068435,0.065347,0.10428,0.075606,0.079748,0.11535,0.15203,0.063144,0.097553,0.078718,0.069796,0.068021,0.070882,0.060194,0.048861,0.073121,0.067931,0.059873,0.13984,0.064916,0.063609,0.10588,0.099647,0.076786,0.078505,0.037062,0.059446,0.043385
0.15949,0.16074,0.12922,0.17356,0.12244,0.11872,0.12118,0.11733,0.11883,0.12473,0.14424,0,0.12935,0.12304,0.12825,0.11873,0.13972,0.13308,0.13315,0.14521,0.14087,0.15029,0.16236,0.13633,0.11622,0.11493,0.12328,0.13621,0.12771,0.12746,0.12449,0.12857,0.15079,0.12157,0.13626,0.12342,0.15769,0.13657,0.10985,0.12706,0.1379,0.11293,0.12019,0.11601,0.1377,0.12467,0.12648,0.1256,0.12099,0.11245,0.12972,0.21329,0.14238,0.13573,0.12321,0.1268,0.12725,0.12449,0.13063,0.14913,0.13774,0.1444,0.10718,0.12956,0.12685,0.12914,0.1302,0.14918,0.19662,0.15171,0.12144,0.13908,0.14294,0.13692,0.1303,0.14493,0.11623,0.13461,0.11357,0.12084,0.12236,0.13703,0.12336,0.1277,0.11414,0.11898,0.1233,0.13132,0.12599,0.11798,0.14641,0.1271,0.10626,0.13438,0.13851,0.11697,0.12699,0.13051,0.12679,0.1298,0.11584,0.13589,0.13143,0.13535,0.13434,0.12791,0.13511,0.13777,0.12609,0.1367,0.1282,0.10511,0.13014,0.12654,0.1275,0.1274,0.10285,0.15266,0.12065,0.12791,0.12859,0.12512,0.12786,0.17429,0.11326,0.13873,0.12378,0.11697,0.1016,0.13975,0.13483,0.12604,0.11144,0.13812,0.12563,0.12993,0.13109,0.12512,0.12748,0.1304,0.13696,0.14055,0.11801,0.12443,0.1171,0.13334,0.14071,0.12929,0.13776,0.1221,0.14131,0.13931,0.14307,0.12149,0.12749,0.088149,0.12461,0.14403,0.1317,0.097923,0.12712,0.14223,0.11141,0.12729,0.12237,0.13687,0.14575,0.14799,0.11809,0.13632,0.14105,0.14689,0.121,0.11927,0.1388,0.14322,0.12441,0.11598,0.14193,0.1296,0.11674,0.13249,0.12698,0.11726,0.13147,0.11672,0.12773,0.13607,0.10683,0.1343,0.14642,0.12116,0.11647,0.16245,0.13485,0.13698,0.14207,0.12932,0.12054,0.13654
0.14043,0.093867,0.063984,0.078365,0.061068,0.089363,0.083479,0.055268,0.071788,0.053088,0.06018,0.12935,0,0.060032,0.064485,0.051971,0.072345,0.080795,0.063386,0.070591,0.089913,0.093352,0.11857,0.10331,0.069926,0.050641,0.064635,0.077059,0.071322,0.050453,0.067624,0.08137,0.063128,0.063533,0.058517,0.077533,0.11864,0.11208,0.069061,0.061753,0.060084,0.085515,0.049541,0.051134,0.062573,0.048113,0.082702,0.082874,0.084455,0.056819,0.064248,0.12852,0.096434,0.064384,0.10014,0.091972,0.12915,0.067624,0.079148,0.093391,0.081556,0.12414,0.048857,0.072477,0.045029,0.084832,0.081225,0.084835,0.12255,0.064473,0.070919,0.065906,0.063487,0.087994,0.057435,0.081023,0.071778,0.081784,0.065816,0.066307,0.082382,0.083343,0.067723,0.080245,0.059839,0.05844,0.071953,0.078465,0.080073,0.055716,0.086281,0.067872,0.052818,0.077119,0.089351,0.078293,0.073641,0.076104,0.069271,0.066082,0.068705,0.0641,0.065408,0.089884,0.07351,0.10614,0.058879,0.056598,0.10464,0.079514,0.069342,0.063327,0.097516,0.052213,0.045398,0.068547,0.083086,0.11432,0.10191,0.065825,0.065916,0.11205,0.057692,0.15693,0.06244,0.057653,0.059129,0.0707,0.10062,0.048261,0.057443,0.065582,0.063575,0.083205,0.039417,0.074689,0.06773,0.088152,0.059062,0.080193,0.09631,0.093421,0.089767,0.069202,0.050275,0.067414,0.099245,0.067412,0.071289,0.071492,0.078039,0.068624,0.088475,0.054882,0.062873,0.10561,0.13549,0.069331,0.053981,0.068214,0.054681,0.080546,0.066311,0.078285,0.062773,0.076015,0.085214,0.10076,0.072948,0.077706,0.075984,0.097615,0.067829,0.053839,0.1026,0.085759,0.086927,0.1096,0.13995,0.065436,0.082736,0.073697,0.083248,0.067486,0.068842,0.064642,0.044245,0.070374,0.064524,0.062464,0.12308,0.068382,0.079395,0.1052,0.085357,0.070539,0.087358,0.037101,0.048427,0.065667
0.12381,0.076928,0.070327,0.091766,0.059967,0.082796,0.065789,0.072581,0.053204,0.044266,0.061938,0.12304,0.060032,0,0.052026,0.057111,0.059415,0.072109,0.065034,0.079316,0.090036,0.095636,0.11963,0.090763,0.05911,0.044903,0.047779,0.056861,0.068626,0.042096,0.047795,0.076741,0.056971,0.05007,0.057887,0.063789,0.098524,0.10207,0.058352,0.039449,0.069147,0.075762,0.047622,0.041584,0.046263,0.041343,0.052616,0.069444,0.073952,0.052663,0.049932,0.13496,0.082802,0.067971,0.086776,0.08231,0.13333,0.047795,0.076402,0.09091,0.071445,0.10701,0.043572,0.05823,0.05715,0.060912,0.061079,0.071509,0.12153,0.061398,0.061425,0.056697,0.063504,0.079398,0.042589,0.083864,0.051375,0.060247,0.050906,0.056371,0.070259,0.092838,0.050339,0.069869,0.055147,0.049809,0.062118,0.070938,0.062139,0.055343,0.093297,0.06847,0.050307,0.067522,0.061489,0.074333,0.053583,0.063377,0.048323,0.049307,0.049385,0.07338,0.048985,0.07003,0.058919,0.096092,0.051762,0.054232,0.098731,0.066904,0.063759,0.055494,0.081024,0.057334,0.048112,0.049581,0.066018,0.10443,0.09044,0.049656,0.04314,0.094359,0.045508,0.13804,0.040649,0.044871,0.045974,0.053837,0.086916,0.044929,0.079507,0.064411,0.049679,0.064519,0.046828,0.067567,0.064374,0.079785,0.059588,0.072844,0.073454,0.088805,0.08031,0.076089,0.04575,0.062134,0.083458,0.05845,0.075351,0.057153,0.092543,0.065842,0.07281,0.049302,0.057064,0.10276,0.11301,0.053474,0.066885,0.058903,0.04987,0.088183,0.063085,0.05057,0.066641,0.071501,0.081254,0.088095,0.063153,0.064135,0.084101,0.088455,0.049471,0.063855,0.099278,0.068668,0.07984,0.098426,0.12653,0.054377,0.073138,0.072887,0.072638,0.051548,0.059174,0.037689,0.052492,0.063442,0.053917,0.066924,0.11758,0.049516,0.058315,0.090451,0.078646,0.07091,0.067651,0.047194,0.053466,0.06261
0.10523,0.074734,0.073948,0.093302,0.068638,0.086027,0.064352,0.079968,0.048652,0.051954,0.059342,0.12825,0.064485,0.052026,0,0.047541,0.058922,0.073014,0.063622,0.070336,0.095224,0.090254,0.10655,0.074063,0.05818,0.057118,0.050161,0.057693,0.073385,0.051424,0.060798,0.072213,0.059116,0.051634,0.065024,0.065954,0.098955,0.083737,0.046962,0.046668,0.07292,0.069295,0.051912,0.042889,0.052113,0.054438,0.064735,0.061036,0.064105,0.048503,0.056011,0.13253,0.080536,0.071914,0.08504,0.068423,0.1192,0.060798,0.064024,0.10916,0.056329,0.09741,0.05598,0.06921,0.045882,0.067431,0.060716,0.074253,0.11614,0.060112,0.067152,0.051159,0.059156,0.073895,0.046975,0.067257,0.051233,0.057102,0.059452,0.057246,0.052988,0.08375,0.052229,0.056714,0.054786,0.051647,0.07575,0.071229,0.06836,0.056426,0.092614,0.06831,0.046826,0.057826,0.067846,0.079403,0.069101,0.076416,0.064846,0.04167,0.053876,0.065529,0.052967,0.069625,0.059021,0.1007,0.044017,0.078146,0.08767,0.061616,0.057217,0.064315,0.068883,0.051405,0.046797,0.050806,0.079033,0.10397,0.088102,0.046971,0.053814,0.099739,0.067763,0.13958,0.054767,0.057622,0.050039,0.05275,0.080019,0.04763,0.075141,0.071977,0.057127,0.078068,0.048447,0.045706,0.070273,0.071281,0.055005,0.088252,0.093167,0.070653,0.093015,0.080209,0.053955,0.082013,0.084751,0.055144,0.0686,0.068789,0.095289,0.05947,0.076747,0.043232,0.052557,0.099249,0.11521,0.055257,0.069422,0.075652,0.045602,0.091625,0.068067,0.062684,0.058616,0.074535,0.083475,0.071939,0.046779,0.057032,0.080918,0.083581,0.053406,0.070586,0.097129,0.069657,0.080139,0.10646,0.11408,0.066783,0.076799,0.057721,0.061635,0.069942,0.077792,0.049738,0.050623,0.077763,0.050107,0.06259,0.10493,0.049504,0.060782,0.10455,0.075082,0.075896,0.08081,0.054288,0.059621,0.056818
0.11597,0.080527,0.055189,0.093194,0.058256,0.078398,0.06634,0.061999,0.057889,0.059243,0.055253,0.11873,0.051971,0.057111,0.047541,0,0.065893,0.081701,0.053423,0.062346,0.084071,0.099003,0.10858,0.082014,0.049078,0.047036,0.049722,0.073121,0.064172,0.05488,0.051288,0.075992,0.069928,0.05495,0.069363,0.079086,0.10197,0.10294,0.04281,0.064219,0.062153,0.076229,0.034837,0.033253,0.062924,0.041501,0.073914,0.073674,0.066522,0.054386,0.046513,0.12825,0.096516,0.064542,0.075062,0.080544,0.11875,0.051288,0.066184,0.10011,0.07951,0.11182,0.054452,0.066615,0.048939,0.071698,0.069283,0.08136,0.13061,0.06954,0.064222,0.059526,0.069892,0.093157,0.050618,0.082231,0.059895,0.060124,0.066409,0.038548,0.055739,0.064495,0.06134,0.066904,0.060634,0.049255,0.060555,0.071918,0.066631,0.053037,0.085476,0.065752,0.041822,0.061338,0.080988,0.061741,0.059436,0.081997,0.06843,0.050192,0.062845,0.06623,0.06082,0.070334,0.050965,0.11679,0.055909,0.067238,0.082334,0.067403,0.071181,0.059326,0.078093,0.044334,0.041651,0.057039,0.064492,0.10099,0.089362,0.056447,0.049524,0.10245,0.059251,0.14897,0.056272,0.062843,0.040042,0.051553,0.083265,0.05847,0.052918,0.06352,0.052137,0.070261,0.039892,0.067484,0.070837,0.082756,0.034082,0.084262,0.1012,0.072684,0.090048,0.070695,0.03848,0.072833,0.083351,0.051487,0.060686,0.064444,0.080333,0.050929,0.090474,0.051069,0.065605,0.097101,0.12489,0.06722,0.046923,0.063116,0.043058,0.089445,0.071253,0.059524,0.030247,0.076106,0.074532,0.091226,0.053927,0.064282,0.083657,0.091893,0.061256,0.056485,0.093289,0.067553,0.082022,0.10073,0.12057,0.06991,0.074681,0.055811,0.076715,0.06174,0.071501,0.05288,0.029704,0.073627,0.06028,0.053301,0.11937,0.047197,0.062896,0.10486,0.082995,0.074547,0.088324,0.045081,0.048645,0.050528
0.131,0.08737,0.072554,0.097306,0.074234,0.092249,0.085673,0.07353,0.044072,0.06061,0.062243,0.13972,0.072345,0.059415,0.058922,0.065893,0,0.0782,0.060077,0.064227,0.11119,0.09586,0.1063,0.097655,0.067021,0.058571,0.06134,0.069031,0.081086,0.049768,0.066912,0.074389,0.056168,0.057659,0.058653,0.085827,0.11292,0.11015,0.075691,0.067471,0.061022,0.082205,0.059689,0.053998,0.044986,0.049664,0.059321,0.07145,0.093096,0.055548,0.044874,0.13752,0.097398,0.079737,0.099911,0.091749,0.14589,0.066912,0.068409,0.1136,0.08323,0.12214,0.066783,0.066945,0.055072,0.082846,0.070692,0.062479,0.11752,0.045679,0.068521,0.06445,0.065435,0.076828,0.050682,0.085191,0.06667,0.055171,0.06867,0.065302,0.069395,0.086293,0.057662,0.0787,0.066203,0.053066,0.07163,0.074554,0.063356,0.059441,0.10242,0.076878,0.062183,0.077929,0.069632,0.089768,0.071001,0.079053,0.065426,0.058255,0.073672,0.073548,0.057127,0.091507,0.062887,0.10139,0.052695,0.066286,0.10402,0.075967,0.056365,0.059662,0.092029,0.061824,0.060465,0.072978,0.080329,0.10618,0.10251,0.055872,0.065613,0.10139,0.06962,0.15883,0.068439,0.059386,0.057052,0.064328,0.11333,0.044536,0.081629,0.079269,0.056292,0.078097,0.054918,0.078979,0.072923,0.059704,0.069975,0.081951,0.10472,0.096957,0.094392,0.080951,0.052215,0.077374,0.096824,0.064798,0.074764,0.069802,0.095367,0.072279,0.086323,0.052402,0.075205,0.11468,0.11846,0.043497,0.067437,0.071371,0.047298,0.081558,0.073149,0.071803,0.072233,0.057952,0.083165,0.098257,0.07201,0.047864,0.084677,0.090145,0.062367,0.061769,0.11305,0.059987,0.072767,0.12614,0.14183,0.072181,0.094955,0.072489,0.074161,0.070217,0.051644,0.066313,0.052265,0.075612,0.066842,0.056315,0.10945,0.068709,0.071888,0.10953,0.086241,0.088407,0.074519,0.054547,0.059999,0.04575
0.16427,0.109,0.10827,0.10991,0.091896,0.11787,0.11019,0.096918,0.074283,0.071755,0.076761,0.13308,0.080795,0.072109,0.073014,0.081701,0.0782,0,0.085004,0.098791,0.12715,0.04669,0.12951,0.12892,0.096882,0.080114,0.080441,0.089105,0.11095,0.078193,0.099805,0.032697,0.083326,0.058594,0.084826,0.11252,0.12335,0.10893,0.091667,0.080549,0.10281,0.072264,0.087816,0.078633,0.064566,0.070785,0.087156,0.097478,0.090226,0.081672,0.070632,0.16248,0.089915,0.089168,0.095228,0.11767,0.15846,0.099805,0.099195,0.11183,0.072506,0.14102,0.077022,0.091449,0.079595,0.1165,0.089463,0.10654,0.12423,0.07551,0.098753,0.066525,0.085655,0.090741,0.06605,0.093106,0.087032,0.098614,0.06662,0.084852,0.070087,0.10197,0.082395,0.10832,0.073337,0.068191,0.090653,0.11064,0.086562,0.076217,0.11041,0.08934,0.084144,0.088008,0.090996,0.091567,0.10679,0.088624,0.093852,0.070942,0.073283,0.097952,0.086676,0.11507,0.10007,0.076828,0.065241,0.080027,0.10351,0.083729,0.069528,0.08938,0.11676,0.07755,0.089998,0.08476,0.098419,0.092158,0.12796,0.078272,0.084867,0.12067,0.08595,0.16468,0.072564,0.091645,0.081685,0.072677,0.10734,0.076936,0.10381,0.082699,0.085487,0.095209,0.080151,0.076175,0.10838,0.068515,0.087237,0.087212,0.11019,0.12401,0.1027,0.10102,0.080069,0.096252,0.12712,0.089177,0.096487,0.089532,0.11196,0.080463,0.10511,0.076727,0.089256,0.11657,0.12864,0.077038,0.080869,0.087645,0.078419,0.070268,0.096518,0.073737,0.091469,0.07587,0.10536,0.10168,0.068953,0.095096,0.079194,0.075051,0.064613,0.076613,0.11849,0.098756,0.099521,0.11491,0.16222,0.073804,0.10898,0.10643,0.044033,0.099204,0.08889,0.075157,0.079621,0.073523,0.059187,0.068038,0.13688,0.090819,0.090805,0.12936,0.1152,0.073732,0.077997,0.075371,0.076903,0.072519
0.13934,0.075483,0.077504,0.07582,0.076279,0.088875,0.084538,0.071194,0.057014,0.060376,0.032516,0.13315,0.063386,0.065034,0.063622,0.053423,0.060077,0.085004,0,0.079835,0.08241,0.10057,0.1002,0.11025,0.053762,0.046873,0.057278,0.074198,0.081597,0.04569,0.059959,0.076284,0.073684,0.054399,0.048504,0.081406,0.10549,0.10832,0.063676,0.059174,0.056976,0.079982,0.060318,0.046265,0.050634,0.042177,0.06979,0.076873,0.088041,0.046858,0.055171,0.13416,0.091399,0.0628,0.07373,0.084652,0.13692,0.059959,0.076029,0.09646,0.078084,0.11747,0.067173,0.063199,0.059283,0.097378,0.072493,0.069632,0.11753,0.059243,0.08203,0.056492,0.086945,0.081014,0.048035,0.098908,0.070865,0.067177,0.055804,0.043484,0.051484,0.067141,0.058092,0.073519,0.051896,0.051397,0.066489,0.08201,0.059745,0.058059,0.089191,0.05443,0.06182,0.06998,0.082269,0.068526,0.066435,0.069241,0.069686,0.05163,0.067943,0.070695,0.058622,0.080772,0.060903,0.10811,0.050405,0.060566,0.1006,0.059252,0.063234,0.055928,0.083642,0.039619,0.048134,0.059605,0.08166,0.10607,0.11387,0.069264,0.044876,0.10496,0.06236,0.1498,0.064051,0.065294,0.036506,0.057954,0.0949,0.056698,0.061521,0.07614,0.050962,0.076316,0.048373,0.082553,0.079175,0.087351,0.053945,0.079529,0.10718,0.10302,0.093457,0.067072,0.039534,0.080624,0.089234,0.034614,0.064979,0.067762,0.08436,0.047498,0.090512,0.054209,0.070636,0.10608,0.11783,0.065038,0.058393,0.07376,0.039233,0.077625,0.073212,0.063232,0.068845,0.06976,0.058245,0.090183,0.063715,0.062961,0.063816,0.094329,0.064073,0.058471,0.10481,0.068978,0.075291,0.11488,0.14093,0.063623,0.093239,0.072519,0.07826,0.057931,0.072896,0.057355,0.04726,0.080937,0.06779,0.050615,0.14027,0.062535,0.057446,0.10692,0.091277,0.073505,0.077453,0.043011,0.060201,0.040644
0.136,0.10585,0.072828,0.11183,0.072962,0.11254,0.10254,0.074508,0.075704,0.079476,0.077717,0.14521,0.070591,0.079316,0.070336,0.062346,0.064227,0.098791,0.079835,0,0.12671,0.11029,0.10599,0.10553,0.062101,0.072347,0.082029,0.078173,0.097037,0.07641,0.084332,0.09959,0.086924,0.081369,0.085552,0.10061,0.13078,0.11422,0.08417,0.085224,0.069177,0.10854,0.062277,0.066796,0.080557,0.066986,0.090258,0.095733,0.08675,0.079916,0.066545,0.12577,0.1193,0.09281,0.11446,0.11242,0.13328,0.084332,0.090121,0.10651,0.094195,0.14033,0.081283,0.079059,0.056665,0.087798,0.078431,0.092445,0.13412,0.076245,0.080709,0.076168,0.073902,0.10169,0.07599,0.10419,0.091378,0.054049,0.095666,0.066682,0.081784,0.072596,0.075115,0.09381,0.083884,0.058535,0.072216,0.089488,0.091592,0.070102,0.12273,0.094871,0.074216,0.087836,0.097726,0.084772,0.089597,0.078561,0.093436,0.073993,0.097222,0.086204,0.08052,0.10226,0.072234,0.12685,0.077863,0.077992,0.11527,0.092437,0.094213,0.080911,0.11262,0.071988,0.071152,0.091858,0.094577,0.11346,0.10664,0.073311,0.080751,0.10186,0.072243,0.18134,0.077791,0.087067,0.070191,0.078948,0.12452,0.059533,0.078621,0.087909,0.085611,0.1044,0.055778,0.079582,0.096857,0.089738,0.075221,0.10269,0.1309,0.10009,0.1187,0.093477,0.072724,0.084172,0.11401,0.078447,0.083579,0.090529,0.097547,0.083612,0.11261,0.067552,0.082036,0.12047,0.13796,0.084885,0.067986,0.083802,0.069844,0.095198,0.081837,0.099216,0.061632,0.088872,0.093515,0.11492,0.082686,0.069555,0.090331,0.098716,0.090229,0.077728,0.10844,0.080449,0.10215,0.1341,0.15359,0.08747,0.10262,0.068742,0.096891,0.092199,0.071172,0.083366,0.052809,0.091741,0.0829,0.077802,0.11707,0.083978,0.09626,0.12723,0.11069,0.10409,0.096787,0.067271,0.059645,0.065526
0.13436,0.094891,0.088817,0.11098,0.11117,0.087427,0.079597,0.10414,0.096068,0.095201,0.091435,0.14087,0.089913,0.090036,0.095224,0.084071,0.11119,0.12715,0.08241,0.12671,0,0.13327,0.13216,0.11715,0.090087,0.087885,0.08536,0.10059,0.078928,0.081569,0.077093,0.11925,0.09503,0.089349,0.095218,0.080499,0.12533,0.1219,0.074823,0.086202,0.097458,0.10161,0.08465,0.084212,0.096433,0.090065,0.10608,0.10067,0.10998,0.075046,0.094931,0.14509,0.11619,0.080232,0.10572,0.084242,0.14303,0.077093,0.091213,0.13227,0.11573,0.10642,0.084423,0.10658,0.095718,0.10671,0.11911,0.099584,0.15276,0.10709,0.093036,0.10121,0.11578,0.11463,0.09158,0.11145,0.089577,0.11287,0.091084,0.080706,0.095541,0.10987,0.10092,0.091625,0.096437,0.10132,0.10542,0.091337,0.09275,0.091438,0.078549,0.097741,0.083667,0.097897,0.11507,0.10681,0.081288,0.11079,0.079575,0.097431,0.089296,0.098624,0.092695,0.080353,0.083023,0.13638,0.09533,0.10194,0.11,0.092815,0.098862,0.093715,0.080143,0.084587,0.070669,0.085598,0.097094,0.14592,0.10588,0.10309,0.082228,0.12903,0.10145,0.10812,0.10623,0.081913,0.085029,0.097973,0.093027,0.09741,0.088772,0.11345,0.083165,0.086471,0.084056,0.10648,0.084437,0.12885,0.075466,0.12049,0.08975,0.10772,0.11158,0.096447,0.074509,0.11144,0.082838,0.085284,0.099604,0.089276,0.11178,0.091488,0.10034,0.095332,0.093138,0.12182,0.13652,0.10494,0.099513,0.097769,0.087901,0.12571,0.099917,0.088504,0.10047,0.10162,0.096853,0.11279,0.10114,0.09376,0.10861,0.13438,0.098063,0.088649,0.13349,0.092668,0.10887,0.12969,0.12541,0.10214,0.090937,0.093627,0.12612,0.074798,0.11032,0.087584,0.085977,0.10895,0.10725,0.10118,0.16092,0.084115,0.09272,0.11014,0.081824,0.095125,0.12053,0.078982,0.097739,0.094844
0.17129,0.11758,0.1133,0.12658,0.1085,0.13276,0.12348,0.11822,0.0905,0.088359,0.094161,0.15029,0.093352,0.095636,0.090254,0.099003,0.09586,0.04669,0.10057,0.11029,0.13327,0,0.14596,0.1413,0.1102,0.098848,0.095607,0.094734,0.12508,0.095998,0.11994,0.05893,0.092613,0.067764,0.098675,0.12359,0.13483,0.11275,0.10596,0.097565,0.11599,0.077307,0.10622,0.10218,0.079476,0.094949,0.10291,0.11385,0.10439,0.093393,0.088722,0.17136,0.10361,0.087734,0.10632,0.13427,0.17122,0.11994,0.11116,0.13508,0.084485,0.1519,0.093938,0.10867,0.092174,0.13664,0.1122,0.11831,0.12232,0.087452,0.11396,0.078987,0.10412,0.10263,0.081365,0.1124,0.10516,0.11812,0.080776,0.099068,0.081691,0.11504,0.10282,0.12076,0.086637,0.082106,0.10597,0.12192,0.095385,0.095365,0.10751,0.11217,0.10124,0.1067,0.11239,0.11569,0.12713,0.10498,0.10525,0.091705,0.092047,0.11279,0.107,0.13346,0.1174,0.074652,0.080261,0.097985,0.096078,0.097518,0.08005,0.10505,0.12993,0.094574,0.10415,0.10166,0.11558,0.11151,0.13385,0.09241,0.10427,0.13173,0.104,0.16962,0.099294,0.10676,0.10433,0.097578,0.12226,0.091073,0.1147,0.11007,0.10305,0.11464,0.093972,0.084029,0.12043,0.085255,0.095423,0.10899,0.12112,0.13688,0.12492,0.11072,0.10051,0.11656,0.13738,0.1091,0.11731,0.10158,0.12263,0.10284,0.11394,0.09639,0.10525,0.13463,0.14524,0.095925,0.093345,0.10826,0.098271,0.07435,0.10728,0.098188,0.10637,0.079973,0.11046,0.10797,0.08417,0.10862,0.072005,0.074039,0.088448,0.087401,0.14105,0.11405,0.12023,0.14461,0.17149,0.093182,0.11648,0.11814,0.072512,0.12025,0.11111,0.09607,0.094435,0.087149,0.08274,0.083107,0.14373,0.11375,0.11437,0.13732,0.12524,0.069998,0.089481,0.091311,0.092235,0.08995
0.16906,0.11455,0.13128,0.14168,0.13615,0.13374,0.13688,0.115,0.11197,0.11094,0.097337,0.16236,0.11857,0.11963,0.10655,0.10858,0.1063,0.12951,0.1002,0.10599,0.13216,0.14596,0,0.14269,0.10135,0.10387,0.12428,0.1261,0.12534,0.11317,0.11579,0.12763,0.12547,0.10883,0.11393,0.11812,0.15331,0.11615,0.11735,0.11557,0.11564,0.12552,0.10168,0.10011,0.1164,0.10592,0.12097,0.10945,0.10997,0.10149,0.10298,0.17155,0.12367,0.12391,0.12405,0.10944,0.14437,0.11579,0.12443,0.12605,0.1188,0.13709,0.11303,0.11265,0.095756,0.13386,0.12344,0.12433,0.1526,0.11077,0.11739,0.1029,0.10655,0.12262,0.11126,0.13588,0.1153,0.11074,0.11606,0.10292,0.097464,0.098732,0.11348,0.12923,0.11529,0.10388,0.13386,0.11238,0.11288,0.10471,0.1334,0.11406,0.10845,0.12289,0.1203,0.12237,0.11709,0.11086,0.1281,0.10111,0.12169,0.093262,0.10433,0.12166,0.096287,0.1475,0.10978,0.11339,0.14372,0.11986,0.11574,0.11826,0.13467,0.10017,0.10996,0.11882,0.12541,0.12179,0.15585,0.12054,0.11667,0.1357,0.11553,0.15269,0.11812,0.12691,0.10226,0.11232,0.12155,0.10355,0.12494,0.11877,0.1155,0.1262,0.10233,0.11791,0.12942,0.11585,0.11829,0.12502,0.13217,0.13308,0.14752,0.12071,0.10289,0.11944,0.13508,0.10175,0.089494,0.11393,0.12033,0.096888,0.15468,0.1099,0.11979,0.12713,0.14244,0.11828,0.11666,0.12587,0.1019,0.11815,0.11327,0.11837,0.11986,0.11623,0.11219,0.14404,0.11074,0.10811,0.12298,0.13137,0.12021,0.10101,0.13601,0.10851,0.12549,0.12731,0.17359,0.11092,0.14872,0.099835,0.12963,0.11717,0.10657,0.11313,0.09961,0.12433,0.11908,0.1086,0.15502,0.11808,0.11308,0.16646,0.12721,0.14488,0.11767,0.096259,0.10267,0.10229
