0,0.35167,0.36927,0.2706,0.31134,0.23367,0.39349,0.35821,0.29722,0.36945,0.32057,0.36394,0.36313,0.3603,0.29777,0.35674,0.3542,0.40799,0.38709,0.34314,0.3843,0.40228,0.36281,0.19188,0.30388,0.36465,0.33342,0.36849,0.28788,0.27585,0.38055,0.40719,0.37423,0.35054,0.3437,0.34581,0.40833,0.35418,0.32148,0.36446,0.36861,0.3699,0.36581,0.35523,0.35469,0.3546,0.42494,0.38898,0.3,0.3336,0.33248,0.36278,0.35695,0.35606,0.36985,0.46665,0.34462,0.39906,0.33643,0.37277,0.32999,0.38637,0.3434,0.36926,0.32743,0.1335,0.37087,0.36476,0.37708,0.36365,0.36237,0.3308,0.36227,0.34702,0.35592,0.35789,0.33888,0.34237,0.36166,0.38192,0.38435,0.39924,0.33464,0.36165,0.35932,0.3765,0.34775,0.31129,0.35885,0.36774,0.38466,0.37019,0.35115,0.38637,0.38878,0.36851,0.37987,0.36159,0.32021,0.34193,0.36848,0.41495,0.36933,0.40362,0.38203,0.39935,0.35874,0.31247,0.33902,0.36851,0.35454,0.36823,0.39682,0.3633,0.35934,0.35748,0.33808,0.33155,0.35395,0.37279,0.38503,0.37532,0.29563,0.3216,0.35324,0.37181,0.3567,0.37341,0.36795,0.31112,0.29349,0.36766,0.34221,0.37282,0.36034,0.34566,0.28806,0.38963,0.37847,0.36393,0.36238,0.22336,0.35043,0.3478,0.37764,0.28924,0.40819,0.33889,0.35065,0.37057,0.40522,0.37674,0.34532,0.35965,0.36445,0.36436,0.38415,0.35611,0.33409,0.37461,0.3272,0.35292,0.31992,0.38301,0.36628,0.34646,0.34055,0.3946,0.35028,0.25342,0.33297,0.34879,0.37743,0.35936,0.35047,0.36769,0.3501,0.36205,0.23235,0.36282,0.36461,0.29998,0.40141,0.43618,0.36074,0.38419,0.3574,0.3711,0.36584,0.32919,0.21283,0.35023,0.30951,0.28935,0.33637,0.38834,0.37407,0.33757,0.3672,0.35958
0.35167,0,0.12523,0.1711,0.17735,0.27545,0.13434,0.096444,0.14439,0.11387,0.10213,0.11067,0.075005,0.044752,0.16861,0.05098,0.083777,0.098323,0.080512,0.095616,0.14306,0.13201,0.17814,0.21653,0.14137,0.043877,0.11469,0.066166,0.12007,0.13321,0.068327,0.10824,0.1011,0.10476,0.082567,0.084616,0.15694,0.12355,0.11835,0.089658,0.04793,0.10288,0.044009,0.066015,0.081522,0.068133,0.16185,0.11268,0.19314,0.08899,0.053737,0.12945,0.097952,0.11473,0.10332,0.20317,0.26482,0.10711,0.054528,0.071614,0.097525,0.1627,0.093553,0.073429,0.11589,0.30792,0.070212,0.063254,0.13871,0.07957,0.058974,0.11573,0.086017,0.1004,0.079451,0.13691,0.092826,0.10658,0.06675,0.11918,0.066296,0.12141,0.11896,0.094311,0.077315,0.082007,0.096695,0.10561,0.057421,0.072417,0.11478,0.084293,0.089216,0.078136,0.086461,0.067192,0.06891,0.094417,0.14383,0.10463,0.077208,0.14709,0.078658,0.12817,0.087614,0.104,0.090266,0.1019,0.13951,0.11114,0.089449,0.068019,0.17056,0.071529,0.14884,0.068289,0.12107,0.076845,0.084749,0.055595,0.078856,0.18345,0.1234,0.1649,0.085898,0.082893,0.071964,0.07171,0.11512,0.13465,0.096867,0.0725,0.11477,0.087124,0.060362,0.14447,0.099274,0.11355,0.051646,0.091326,0.1015,0.17882,0.062796,0.15431,0.067663,0.16629,0.20439,0.11193,0.064228,0.061288,0.10234,0.065018,0.075369,0.11312,0.099902,0.062572,0.089307,0.079225,0.096685,0.056853,0.10106,0.072749,0.088265,0.066424,0.052337,0.11463,0.084167,0.18803,0.076699,0.21839,0.10052,0.11017,0.065523,0.10238,0.12243,0.078444,0.1082,0.07899,0.3123,0.09036,0.095655,0.10263,0.10268,0.1955,0.083877,0.083502,0.039502,0.085729,0.066514,0.078169,0.30925,0.05554,0.12686,0.14553,0.14371,0.087523,0.060601,0.071796,0.071837,0.095052
0.36927,0.12523,0,0.1678,0.10583,0.27952,0.16628,0.1451,0.12035,0.14269,0.12444,0.14315,0.13738,0.1157,0.1826,0.11226,0.12853,0.14808,0.11378,0.10746,0.16767,0.16187,0.19079,0.22245,0.1536,0.09969,0.13673,0.10504,0.13157,0.1608,0.10754,0.14487,0.12054,0.13397,0.11151,0.12601,0.18185,0.099886,0.12286,0.18638,0.12339,0.12719,0.10629,0.12903,0.10144,0.12328,0.1879,0.14407,0.16966,0.13395,0.13087,0.16308,0.11995,0.13872,0.11689,0.24299,0.25963,0.14275,0.11128,0.12896,0.13661,0.18974,0.119,0.099271,0.11738,0.30841,0.1367,0.11261,0.16409,0.097132,0.13209,0.14088,0.13779,0.14528,0.11596,0.16501,0.11448,0.16358,0.10791,0.12721,0.12749,0.16479,0.11087,0.11846,0.11366,0.11966,0.14458,0.12494,0.1233,0.13611,0.13212,0.15659,0.091831,0.15628,0.12219,0.10451,0.10926,0.14313,0.15017,0.12406,0.11944,0.2066,0.12345,0.16189,0.13753,0.15896,0.11098,0.13547,0.18164,0.13908,0.12548,0.12487,0.1936,0.15038,0.18337,0.11236,0.15181,0.12,0.11636,0.11772,0.11347,0.20142,0.14243,0.17268,0.1386,0.11635,0.097708,0.11465,0.12253,0.14695,0.14041,0.13179,0.11467,0.13734,0.12251,0.15771,0.13572,0.15252,0.11937,0.12069,0.11371,0.19494,0.10962,0.14959,0.11359,0.17303,0.22413,0.15342,0.1164,0.11213,0.14304,0.105,0.10824,0.1264,0.12599,0.12491,0.12218,0.10574,0.15368,0.12719,0.1038,0.13006,0.09649,0.12339,0.12772,0.16921,0.10338,0.18252,0.080602,0.21778,0.11639,0.13314,0.11468,0.13784,0.16199,0.12098,0.17165,0.1164,0.30999,0.098967,0.091013,0.13502,0.15051,0.19534,0.13657,0.12425,0.10941,0.1075,0.1149,0.11834,0.27677,0.11677,0.13914,0.14665,0.16336,0.12384,0.12947,0.1017,0.12381,0.16972
0.2706,0.1711,0.1678,0,0.16376,0.15637,0.21785,0.15084,0.1297,0.14713,0.10826,0.1552,0.16532,0.15826,0.13716,0.16998,0.15096,0.19726,0.18822,0.13204,0.19248,0.20446,0.16207,0.14091,0.10374,0.15782,0.13603,0.16295,0.11032,0.11713,0.1902,0.20333,0.16707,0.16523,0.14197,0.16565,0.28404,0.15937,0.16716,0.18287,0.1695,0.16399,0.16881,0.15776,0.14239,0.14602,0.23049,0.20356,0.13259,0.13929,0.14407,0.18951,0.16767,0.17252,0.17799,0.31111,0.26641,0.2093,0.13487,0.16763,0.13089,0.26378,0.13712,0.1578,0.11514,0.22233,0.17212,0.164,0.18482,0.14658,0.17295,0.1514,0.17048,0.12888,0.14906,0.1926,0.13739,0.14556,0.15537,0.18144,0.17314,0.19392,0.14787,0.15681,0.15331,0.1807,0.15627,0.11765,0.16383,0.18187,0.18528,0.16427,0.16464,0.18849,0.17829,0.18228,0.19073,0.16821,0.14337,0.12641,0.16796,0.21212,0.15327,0.22359,0.19537,0.21797,0.13787,0.10475,0.16299,0.17826,0.13999,0.15734,0.21341,0.16484,0.20938,0.1577,0.17994,0.14,0.16632,0.1785,0.18327,0.18226,0.13656,0.15229,0.17157,0.16915,0.14936,0.17218,0.20018,0.10114,0.12537,0.16894,0.15044,0.16848,0.16962,0.16366,0.13063,0.18801,0.17403,0.14473,0.15677,0.1564,0.15298,0.16592,0.17277,0.17306,0.3044,0.14744,0.14489,0.16626,0.18674,0.18555,0.14211,0.15106,0.15698,0.15498,0.17496,0.15551,0.13335,0.17347,0.1227,0.1621,0.11096,0.17532,0.15815,0.15355,0.13241,0.22117,0.14494,0.12082,0.1387,0.14152,0.17561,0.17205,0.19676,0.15989,0.1605,0.1555,0.23466,0.16098,0.15964,0.12572,0.19331,0.24683,0.16632,0.17964,0.1674,0.15896,0.17157,0.13099,0.2178,0.14929,0.12638,0.13601,0.14465,0.17689,0.19739,0.13355,0.16376,0.15991
0.31134,0.17735,0.10583,0.16376,0,0.24858,0.21355,0.18509,0.12254,0.18778,0.15469,0.19014,0.1781,0.17165,0.17068,0.16841,0.16952,0.21267,0.18905,0.14666,0.21353,0.21056,0.20237,0.1928,0.16503,0.16132,0.17355,0.15911,0.13511,0.16501,0.16988,0.20854,0.16784,0.18025,0.15414,0.17024,0.2325,0.14366,0.13086,0.22319,0.17884,0.18584,0.1674,0.18063,0.1509,0.17179,0.25504,0.2014,0.16599,0.16937,0.17096,0.18867,0.16257,0.18604,0.18016,0.2886,0.26708,0.19814,0.15802,0.20018,0.15618,0.21384,0.15151,0.15263,0.14444,0.25815,0.17539,0.17338,0.20842,0.15403,0.17505,0.17347,0.1794,0.18917,0.16108,0.19387,0.16079,0.19556,0.16501,0.17906,0.18789,0.22647,0.12596,0.18031,0.16802,0.17036,0.17857,0.13863,0.17093,0.18004,0.18387,0.20838,0.13979,0.20791,0.17757,0.15676,0.16953,0.19547,0.17201,0.16768,0.17455,0.26483,0.17323,0.21425,0.18571,0.21277,0.16306,0.1654,0.18947,0.16096,0.16595,0.18205,0.23005,0.20295,0.20026,0.16146,0.17344,0.16815,0.16589,0.17519,0.17165,0.22679,0.15083,0.16757,0.17705,0.17057,0.15101,0.16722,0.17598,0.16313,0.1491,0.18111,0.14793,0.18903,0.17274,0.17169,0.13457,0.20744,0.18151,0.17473,0.16914,0.18174,0.15341,0.19006,0.17624,0.14626,0.25439,0.17677,0.16093,0.16544,0.21195,0.17051,0.15586,0.15765,0.16493,0.18033,0.18164,0.15425,0.17769,0.18108,0.13655,0.17474,0.12638,0.18243,0.18429,0.19606,0.14942,0.19624,0.13089,0.17435,0.14811,0.16652,0.17348,0.19104,0.18593,0.1779,0.2191,0.16731,0.25162,0.13785,0.15571,0.14391,0.21201,0.23667,0.178,0.18,0.1644,0.16574,0.16683,0.16353,0.21185,0.15877,0.15785,0.15285,0.17094,0.17852,0.18023,0.13904,0.17116,0.22089
0.23367,0.27545,0.27952,0.15637,0.24858,0,0.30649,0.25338,0.21118,0.25319,0.22001,0.26044,0.26884,0.2699,0.2014,0.27606,0.24894,0.30134,0.29846,0.24476,0.28867,0.30626,0.23492,0.16647,0.18865,0.27308,0.24046,0.26909,0.2161,0.20262,0.29231,0.30652,0.27557,0.25209,0.24651,0.26748,0.36658,0.27053,0.26251,0.27809,0.27902,0.27,0.27703,0.26427,0.25259,0.25684,0.32291,0.29803,0.21618,0.26243,0.24897,0.27138,0.26181,0.28218,0.26987,0.39333,0.26983,0.30845,0.2452,0.27265,0.22901,0.35194,0.23279,0.26543,0.24192,0.20299,0.26889,0.26832,0.27035,0.25447,0.27485,0.24221,0.26678,0.23986,0.25374,0.29131,0.25145,0.23888,0.2716,0.302,0.28607,0.28896,0.24321,0.26734,0.26201,0.28611,0.25244,0.2258,0.27279,0.28588,0.28942,0.26784,0.28414,0.29459,0.27761,0.28635,0.29201,0.25768,0.24739,0.23644,0.27201,0.30488,0.26561,0.32414,0.28388,0.30378,0.24681,0.21992,0.25466,0.28179,0.2442,0.27268,0.303,0.27362,0.26035,0.26878,0.24731,0.24834,0.26153,0.28516,0.29246,0.26089,0.22368,0.2265,0.26727,0.27656,0.26481,0.2765,0.28983,0.20794,0.22034,0.27721,0.24531,0.27791,0.27866,0.26699,0.22946,0.28434,0.29202,0.24894,0.25605,0.19511,0.26517,0.25266,0.28594,0.2562,0.38094,0.24925,0.25267,0.27751,0.2877,0.28935,0.2525,0.25642,0.25703,0.26107,0.27439,0.26288,0.23938,0.27947,0.22559,0.26323,0.2229,0.28141,0.27323,0.24214,0.23728,0.31342,0.25989,0.15294,0.24672,0.25419,0.28428,0.29482,0.24967,0.26419,0.2433,0.26274,0.19536,0.27349,0.27468,0.22184,0.29445,0.31887,0.27302,0.29836,0.27322,0.2741,0.27675,0.23737,0.21106,0.26033,0.20743,0.21373,0.20666,0.28256,0.29765,0.24654,0.27108,0.26055
0.39349,0.13434,0.16628,0.21785,0.21355,0.30649,0,0.16445,0.19421,0.13575,0.17818,0.18869,0.1539,0.13023,0.21769,0.12283,0.15587,0.16954,0.15551,0.15281,0.20029,0.21502,0.22964,0.26348,0.19587,0.13584,0.1842,0.13757,0.19301,0.19276,0.12123,0.18139,0.12762,0.15152,0.15647,0.15774,0.18989,0.16681,0.17411,0.1718,0.13598,0.15292,0.1175,0.15324,0.1331,0.15417,0.20857,0.18772,0.2268,0.18322,0.13462,0.16311,0.13623,0.16618,0.16119,0.26949,0.30682,0.10963,0.14761,0.15975,0.18585,0.18794,0.1657,0.15523,0.1666,0.35283,0.13425,0.15654,0.14497,0.14348,0.12871,0.1566,0.12903,0.18007,0.11126,0.18429,0.15639,0.17492,0.12998,0.19534,0.13806,0.18226,0.14962,0.1481,0.15941,0.17192,0.19378,0.15004,0.15488,0.14637,0.16654,0.16701,0.16738,0.16806,0.15542,0.12478,0.12146,0.14931,0.20735,0.17614,0.15606,0.21053,0.17849,0.14905,0.14135,0.16606,0.14381,0.19106,0.20673,0.16696,0.14428,0.14549,0.12221,0.1667,0.21349,0.15027,0.16144,0.17237,0.13476,0.12126,0.15784,0.22265,0.19217,0.23061,0.18099,0.15314,0.13402,0.13167,0.14674,0.20839,0.17866,0.16235,0.13503,0.17946,0.12135,0.2123,0.1712,0.16772,0.14498,0.16135,0.11854,0.23112,0.15341,0.19774,0.14785,0.26199,0.21117,0.18243,0.13808,0.15869,0.15653,0.12595,0.1317,0.17389,0.154,0.15474,0.12307,0.13108,0.16301,0.13109,0.15661,0.17176,0.16641,0.15758,0.13917,0.18186,0.15143,0.23042,0.13602,0.25747,0.17607,0.18606,0.12071,0.16115,0.17133,0.13955,0.18258,0.125,0.33871,0.15923,0.16151,0.16492,0.17996,0.11209,0.16462,0.15216,0.13012,0.13826,0.1272,0.1491,0.32145,0.14697,0.18475,0.19792,0.21572,0.13694,0.1394,0.15533,0.15624,0.17244
0.35821,0.096444,0.1451,0.15084,0.18509,0.25338,0.16445,0,0.13139,0.11376,0.1058,0.1039,0.1146,0.088383,0.17049,0.10195,0.10987,0.1138,0.12794,0.10022,0.16017,0.13148,0.18059,0.21662,0.13861,0.085975,0.10838,0.098404,0.11164,0.12095,0.11231,0.12727,0.12226,0.127,0.10989,0.12029,0.217,0.13165,0.14966,0.11109,0.078155,0.11491,0.099975,0.097359,0.10801,0.074555,0.20873,0.17232,0.18011,0.10033,0.086813,0.1595,0.13983,0.13647,0.14531,0.22954,0.2989,0.1154,0.084142,0.10071,0.10184,0.20302,0.10461,0.091228,0.1158,0.30735,0.097931,0.10496,0.18277,0.10229,0.10456,0.1328,0.11451,0.10419,0.10488,0.153,0.1165,0.11001,0.087515,0.15983,0.10512,0.14455,0.12225,0.10504,0.12195,0.10185,0.098183,0.12008,0.10326,0.11467,0.15452,0.10775,0.12981,0.097574,0.087891,0.12208,0.11355,0.12758,0.15145,0.12147,0.091709,0.16161,0.089343,0.13887,0.11628,0.13423,0.098969,0.11024,0.14847,0.13853,0.10065,0.084128,0.17172,0.095027,0.15905,0.086515,0.15637,0.12452,0.11344,0.10808,0.094124,0.21179,0.13806,0.16172,0.10286,0.11603,0.10695,0.10177,0.15015,0.13311,0.10884,0.11246,0.12292,0.10009,0.11477,0.16925,0.1225,0.13466,0.090115,0.096404,0.12272,0.19475,0.08357,0.14258,0.10694,0.1766,0.25578,0.13554,0.099249,0.093567,0.12379,0.11132,0.086213,0.10874,0.10038,0.068553,0.10994,0.12637,0.12055,0.081306,0.11483,0.11367,0.1008,0.10414,0.089637,0.11636,0.084045,0.20203,0.098245,0.20358,0.1279,0.13085,0.10234,0.11545,0.12845,0.112,0.12741,0.099179,0.29374,0.093383,0.13784,0.11081,0.11343,0.22012,0.11995,0.1067,0.10391,0.12936,0.10116,0.1147,0.29842,0.084894,0.12336,0.15765,0.12212,0.10244,0.1089,0.082515,0.075562,0.11455
0.29722,0.14439,0.12035,0.1297,0.12254,0.21118,0.19421,0.13139,0,0.15775,0.14012,0.15694,0.16337,0.14116,0.17097,0.13551,0.15434,0.19653,0.16659,0.12883,0.20815,0.20555,0.21699,0.16486,0.14398,0.13853,0.13299,0.15297,0.11656,0.13778,0.15062,0.20098,0.1659,0.15582,0.14457,0.14219,0.21409,0.14326,0.14764,0.19004,0.1503,0.15569,0.13769,0.15315,0.14475,0.14702,0.24305,0.20094,0.17589,0.13856,0.13005,0.18399,0.13835,0.16764,0.15558,0.2856,0.25134,0.16099,0.13441,0.1526,0.1444,0.20064,0.14331,0.14132,0.1464,0.23529,0.16063,0.15112,0.19586,0.14397,0.1591,0.13653,0.15339,0.15395,0.14761,0.17068,0.13991,0.17223,0.13981,0.17582,0.1687,0.19411,0.13533,0.13799,0.15555,0.14723,0.1356,0.13336,0.15232,0.16812,0.19369,0.18259,0.13685,0.18309,0.15438,0.15697,0.15111,0.15803,0.16584,0.14257,0.146,0.23358,0.14592,0.16955,0.15796,0.1927,0.14744,0.13744,0.1846,0.1679,0.14342,0.14888,0.18653,0.16699,0.15817,0.1448,0.14629,0.14553,0.14692,0.15687,0.14945,0.22306,0.14016,0.16576,0.1484,0.153,0.14621,0.15148,0.15394,0.15417,0.13296,0.15991,0.12091,0.14031,0.15315,0.18348,0.1323,0.20154,0.15646,0.14503,0.14683,0.15027,0.13421,0.14953,0.16703,0.15734,0.23354,0.17179,0.13195,0.14429,0.17886,0.14971,0.12635,0.15897,0.15443,0.14391,0.16293,0.15651,0.16048,0.15819,0.13174,0.15971,0.10948,0.16041,0.15581,0.16634,0.11203,0.21309,0.12694,0.19061,0.1504,0.14137,0.15964,0.16972,0.15981,0.14957,0.1839,0.15594,0.24027,0.1442,0.14729,0.13535,0.19305,0.23839,0.16361,0.1544,0.13982,0.16658,0.15075,0.13582,0.22767,0.13765,0.11016,0.15606,0.13861,0.16695,0.16748,0.1101,0.14223,0.18362
0.36945,0.11387,0.14269,0.14713,0.18778,0.25319,0.13575,0.11376,0.15775,0,0.11636,0.1346,0.12008,0.10259,0.16847,0.12551,0.10862,0.11738,0.14329,0.11,0.14689,0.15399,0.18349,0.23965,0.13743,0.10039,0.1083,0.10837,0.147,0.14926,0.13721,0.1381,0.13179,0.12617,0.11589,0.13129,0.2403,0.1469,0.17581,0.13896,0.11532,0.13499,0.10792,0.11816,0.092418,0.10275,0.2036,0.17029,0.18362,0.13815,0.084995,0.16154,0.13549,0.14844,0.13957,0.24563,0.29311,0.13629,0.10219,0.12406,0.13064,0.24164,0.12655,0.10105,0.12052,0.31608,0.095837,0.1239,0.14825,0.10061,0.11006,0.13519,0.10136,0.096141,0.091138,0.1829,0.13954,0.12876,0.11562,0.15736,0.10178,0.12644,0.12614,0.12118,0.11265,0.14686,0.12971,0.12554,0.10186,0.14546,0.13893,0.10906,0.12656,0.12014,0.12161,0.13524,0.1378,0.1425,0.17767,0.10233,0.12592,0.16864,0.11343,0.17041,0.12263,0.14405,0.093504,0.11737,0.1498,0.14583,0.091399,0.10062,0.15983,0.12571,0.18389,0.11929,0.14721,0.1316,0.12856,0.11927,0.13034,0.17496,0.14293,0.15911,0.14684,0.13543,0.10519,0.11437,0.17376,0.12908,0.13296,0.10784,0.13594,0.12386,0.10155,0.16503,0.15027,0.12813,0.10988,0.10564,0.10285,0.21809,0.11989,0.16813,0.11203,0.22043,0.28098,0.13768,0.084063,0.11821,0.11467,0.13738,0.097249,0.11443,0.10887,0.10365,0.087643,0.11971,0.11739,0.11138,0.10431,0.13448,0.11007,0.11002,0.10057,0.13131,0.11542,0.19394,0.11362,0.20873,0.11021,0.11804,0.11543,0.13145,0.15916,0.076118,0.14669,0.084235,0.30658,0.11829,0.13029,0.13929,0.12461,0.17084,0.128,0.12773,0.11439,0.11009,0.12279,0.10373,0.31068,0.11346,0.14101,0.16967,0.1448,0.12536,0.13439,0.11787,0.11127,0.12363
0.32057,0.10213,0.12444,0.10826,0.15469,0.22001,0.17818,0.1058,0.14012,0.11636,0,0.11051,0.097166,0.095166,0.13984,0.10714,0.096767,0.11124,0.11748,0.081825,0.14242,0.12231,0.13968,0.18641,0.085247,0.083232,0.093813,0.088558,0.0915,0.092357,0.12005,0.11049,0.099781,0.098834,0.061669,0.11444,0.21991,0.12434,0.12538,0.11316,0.097715,0.10881,0.1055,0.073858,0.065146,0.063829,0.16387,0.12967,0.14803,0.093055,0.099126,0.13637,0.12986,0.13036,0.13599,0.24632,0.27119,0.16248,0.064437,0.10552,0.07035,0.22041,0.071122,0.087649,0.08032,0.2822,0.10344,0.084319,0.15454,0.06713,0.098186,0.10019,0.12775,0.077291,0.082581,0.17299,0.085701,0.072772,0.10011,0.13171,0.097241,0.13295,0.10634,0.11399,0.085019,0.10394,0.099358,0.085091,0.089616,0.11177,0.11781,0.097846,0.11918,0.11564,0.11201,0.106,0.1211,0.11388,0.10148,0.071859,0.08443,0.15317,0.096422,0.1833,0.12817,0.14834,0.056724,0.043018,0.12339,0.13318,0.0799,0.092409,0.20529,0.09596,0.16869,0.074084,0.14343,0.071189,0.10663,0.11005,0.10666,0.16909,0.099126,0.14249,0.095932,0.10448,0.070549,0.10832,0.1535,0.059446,0.080326,0.098929,0.11647,0.11285,0.10558,0.12239,0.089782,0.10272,0.1027,0.074631,0.11415,0.16547,0.080698,0.13284,0.095065,0.14359,0.26558,0.087325,0.089685,0.094985,0.12776,0.11231,0.080754,0.080133,0.082863,0.081686,0.10512,0.088928,0.084005,0.098722,0.057571,0.089098,0.063813,0.097071,0.08638,0.096048,0.092489,0.17396,0.087295,0.15464,0.078931,0.11184,0.10654,0.11512,0.15003,0.10453,0.097343,0.092714,0.28013,0.083186,0.10064,0.085113,0.10722,0.21408,0.10567,0.12105,0.098832,0.091583,0.10258,0.088584,0.26858,0.077201,0.10813,0.11127,0.11979,0.10374,0.1161,0.08043,0.096836,0.086303
0.36394,0.11067,0.14315,0.1552,0.19014,0.26044,0.18869,0.1039,0.15694,0.1346,0.11051,0,0.1211,0.096805,0.18332,0.11533,0.11224,0.11693,0.1299,0.085439,0.15407,0.13935,0.17339,0.21372,0.14231,0.10002,0.12952,0.1115,0.13482,0.13181,0.12333,0.13186,0.1351,0.13423,0.10629,0.12953,0.21561,0.11442,0.14199,0.12202,0.098872,0.12912,0.11596,0.098305,0.11514,0.10126,0.171,0.13379,0.18223,0.095306,0.09609,0.15098,0.13363,0.14012,0.13257,0.23782,0.27959,0.15266,0.097159,0.11037,0.10941,0.20737,0.11217,0.095215,0.1226,0.30012,0.11119,0.096529,0.18123,0.1108,0.12458,0.14143,0.13448,0.10765,0.12196,0.14862,0.10935,0.1191,0.11076,0.13894,0.11342,0.13665,0.13425,0.095457,0.098882,0.10757,0.1007,0.13455,0.095325,0.1175,0.14099,0.10827,0.13275,0.11354,0.11432,0.1281,0.12638,0.12049,0.15135,0.12108,0.1002,0.16127,0.1057,0.1648,0.13578,0.14499,0.11407,0.10249,0.13878,0.14991,0.11565,0.075824,0.18099,0.10289,0.17512,0.099466,0.15506,0.11043,0.1113,0.11157,0.11733,0.19265,0.12984,0.1697,0.1307,0.10792,0.1012,0.11597,0.13343,0.13447,0.11274,0.099585,0.14907,0.11342,0.13036,0.18435,0.13441,0.1371,0.097026,0.091272,0.13199,0.19962,0.098964,0.15459,0.10683,0.18502,0.25824,0.12313,0.11257,0.094338,0.10011,0.12046,0.10275,0.10499,0.096839,0.08745,0.12704,0.11886,0.1245,0.10193,0.12231,0.1066,0.10062,0.099196,0.091026,0.12918,0.095735,0.19418,0.10533,0.21595,0.12232,0.13343,0.11527,0.12236,0.17169,0.10815,0.10727,0.12186,0.32483,0.10927,0.10096,0.12285,0.11243,0.21927,0.099319,0.11861,0.11163,0.1206,0.10999,0.09211,0.31014,0.09607,0.14907,0.16675,0.14309,0.12793,0.14023,0.095893,0.091862,0.11362
0.36313,0.075005,0.13738,0.16532,0.1781,0.26884,0.1539,0.1146,0.16337,0.12008,0.097166,0.1211,0,0.07152,0.15484,0.084272,0.089531,0.10852,0.099533,0.092888,0.13728,0.12936,0.14816,0.22418,0.11526,0.065959,0.13343,0.079935,0.13035,0.15294,0.08956,0.11773,0.082418,0.10696,0.098561,0.089524,0.20623,0.14364,0.13593,0.091725,0.076507,0.095441,0.075782,0.077972,0.085211,0.065459,0.15206,0.10332,0.19125,0.097164,0.088912,0.099727,0.12366,0.13848,0.13002,0.23089,0.27542,0.13436,0.070997,0.099293,0.085307,0.19448,0.078843,0.074272,0.11412,0.31869,0.066626,0.073318,0.15142,0.077631,0.051637,0.11149,0.097322,0.086399,0.075378,0.14778,0.088069,0.090361,0.094367,0.1131,0.077481,0.12268,0.13006,0.12386,0.080782,0.093796,0.10315,0.099008,0.078724,0.078127,0.11287,0.077049,0.11931,0.071503,0.096077,0.075787,0.087588,0.11309,0.13772,0.10584,0.086936,0.13446,0.095429,0.14608,0.10732,0.12294,0.08898,0.10237,0.13245,0.091801,0.09044,0.088892,0.1923,0.083163,0.14973,0.082599,0.11084,0.089446,0.12553,0.076319,0.086664,0.14723,0.12393,0.16768,0.101,0.065534,0.080468,0.085417,0.14003,0.1298,0.11648,0.082903,0.12391,0.090175,0.086388,0.12544,0.10206,0.11756,0.069618,0.082121,0.11337,0.19145,0.068312,0.16395,0.086413,0.16388,0.24413,0.10162,0.090799,0.063931,0.11298,0.087302,0.09323,0.096911,0.086909,0.084091,0.099364,0.081475,0.064894,0.06313,0.095955,0.080188,0.092652,0.073286,0.061958,0.088544,0.10143,0.18305,0.088814,0.20057,0.090014,0.10055,0.075603,0.1238,0.15498,0.099578,0.1075,0.085276,0.30981,0.093906,0.09069,0.11591,0.10937,0.19015,0.091181,0.084575,0.070695,0.0784,0.078703,0.093357,0.31483,0.056061,0.14139,0.15624,0.1233,0.077957,0.096299,0.084769,0.06974,0.10058
0.3603,0.044752,0.1157,0.15826,0.17165,0.2699,0.13023,0.088383,0.14116,0.10259,0.095166,0.096805,0.07152,0,0.15521,0.054869,0.080985,0.09405,0.078548,0.084264,0.12907,0.12401,0.16856,0.21473,0.13351,0.038837,0.10814,0.058259,0.1119,0.13144,0.066031,0.10553,0.086434,0.093797,0.080059,0.079997,0.17886,0.10361,0.11804,0.087607,0.04046,0.090019,0.040416,0.071423,0.068326,0.063037,0.15152,0.11537,0.18266,0.092349,0.057469,0.12099,0.089902,0.11306,0.11041,0.22804,0.27355,0.10435,0.05215,0.065772,0.092099,0.16659,0.086132,0.069284,0.10234,0.30917,0.062284,0.059721,0.12794,0.065435,0.060742,0.10149,0.080873,0.092482,0.063445,0.13673,0.07713,0.097326,0.0657,0.11053,0.049387,0.1028,0.11694,0.073413,0.070822,0.077436,0.095176,0.10105,0.059171,0.075168,0.10145,0.073966,0.096884,0.080493,0.071261,0.069359,0.067043,0.094787,0.13095,0.10251,0.067551,0.14066,0.075086,0.11864,0.097372,0.097577,0.075485,0.10141,0.13313,0.091683,0.087068,0.049299,0.1522,0.065806,0.14206,0.05588,0.12502,0.074002,0.081963,0.043077,0.065965,0.16617,0.12274,0.17154,0.084575,0.06817,0.065468,0.057429,0.11748,0.12547,0.095923,0.071184,0.11367,0.090554,0.053306,0.13223,0.10208,0.106,0.04863,0.073993,0.10134,0.18608,0.051009,0.15676,0.050964,0.16733,0.21354,0.10204,0.066737,0.052487,0.086984,0.063071,0.066699,0.10643,0.089141,0.058513,0.091093,0.071722,0.090083,0.052032,0.090643,0.062501,0.071992,0.057493,0.031416,0.10709,0.071939,0.19111,0.060478,0.21117,0.091887,0.11216,0.046265,0.09144,0.13025,0.06875,0.10825,0.070059,0.31548,0.082603,0.088976,0.093699,0.096919,0.17679,0.079619,0.069981,0.043431,0.081997,0.050366,0.072155,0.30614,0.046313,0.12838,0.14544,0.13757,0.082089,0.073216,0.056786,0.065889,0.097117
0.29777,0.16861,0.1826,0.13716,0.17068,0.2014,0.21769,0.17049,0.17097,0.16847,0.13984,0.18332,0.15484,0.15521,0,0.17775,0.14966,0.19004,0.19379,0.17471,0.16126,0.1865,0.16679,0.18374,0.13511,0.16634,0.14558,0.16303,0.11783,0.15589,0.18338,0.19409,0.1602,0.17495,0.15694,0.16706,0.28617,0.18165,0.18764,0.1862,0.17,0.18147,0.17289,0.18493,0.14434,0.15899,0.22089,0.19792,0.19159,0.1659,0.15294,0.19451,0.16963,0.16997,0.20039,0.32218,0.27206,0.2101,0.14414,0.18248,0.13548,0.23607,0.13887,0.15555,0.15246,0.24246,0.15558,0.15517,0.19783,0.14711,0.16504,0.17552,0.1461,0.16431,0.15444,0.21028,0.15486,0.13897,0.17047,0.19269,0.17984,0.18686,0.1725,0.17533,0.15772,0.18549,0.15856,0.14656,0.17181,0.18924,0.17626,0.16512,0.18164,0.18188,0.16878,0.17271,0.18007,0.19711,0.13926,0.15954,0.17615,0.22145,0.17137,0.22195,0.18352,0.17845,0.15542,0.15201,0.15109,0.14167,0.17338,0.1788,0.23678,0.16709,0.19359,0.16484,0.17853,0.15595,0.17865,0.17209,0.17577,0.15072,0.1639,0.15533,0.17687,0.15874,0.16798,0.16722,0.20504,0.14259,0.13236,0.1743,0.18344,0.19597,0.17521,0.14263,0.12763,0.16965,0.18124,0.15798,0.18247,0.18123,0.15599,0.2402,0.16625,0.174,0.29419,0.1481,0.16303,0.165,0.19514,0.18108,0.16579,0.16896,0.17131,0.16709,0.19865,0.14881,0.14611,0.174,0.12854,0.15025,0.12063,0.17338,0.16033,0.16359,0.16309,0.24135,0.15318,0.15103,0.13272,0.16434,0.17023,0.17387,0.16056,0.16107,0.16892,0.1534,0.26142,0.16735,0.17922,0.13348,0.18253,0.24305,0.15548,0.19483,0.16977,0.16796,0.17055,0.14212,0.24988,0.15594,0.17812,0.15582,0.15452,0.18352,0.17281,0.15092,0.17591,0.18333
0.35674,0.05098,0.11226,0.16998,0.16841,0.27606,0.12283,0.10195,0.13551,0.12551,0.10714,0.11533,0.084272,0.054869,0.17775,0,0.10186,0.1214,0.077986,0.08658,0.16344,0.15075,0.18293,0.21111,0.1414,0.056751,0.1282,0.074846,0.11831,0.1334,0.049662,0.12297,0.086225,0.1014,0.08816,0.10124,0.15036,0.11737,0.10527,0.10843,0.051332,0.096411,0.041146,0.073664,0.084432,0.081711,0.16702,0.12876,0.18678,0.10265,0.07641,0.12777,0.090153,0.1347,0.11021,0.22066,0.26306,0.08499,0.07257,0.073043,0.10703,0.15148,0.099118,0.082825,0.11673,0.31336,0.084206,0.075938,0.14569,0.084393,0.061916,0.10529,0.090774,0.12082,0.078713,0.13408,0.077952,0.11368,0.071485,0.12164,0.0801,0.14091,0.10883,0.090875,0.093842,0.076851,0.1161,0.10725,0.082393,0.076175,0.13472,0.10892,0.094583,0.10464,0.098162,0.061124,0.05112,0.091177,0.13287,0.11923,0.074779,0.16873,0.094836,0.10243,0.094504,0.12258,0.090658,0.11606,0.14908,0.11179,0.10088,0.076887,0.15002,0.09432,0.15707,0.064977,0.12142,0.091004,0.084267,0.048653,0.080233,0.19223,0.13451,0.17609,0.10426,0.075584,0.070237,0.077701,0.097562,0.14855,0.1019,0.094569,0.098085,0.10013,0.068125,0.15477,0.095549,0.12838,0.063763,0.099464,0.099908,0.17815,0.05939,0.13963,0.085361,0.17343,0.18476,0.11793,0.076584,0.075328,0.11719,0.04567,0.073742,0.12361,0.10414,0.074593,0.095055,0.078545,0.111,0.062481,0.098474,0.087874,0.090553,0.087385,0.068686,0.12806,0.081445,0.18374,0.068836,0.2172,0.12032,0.12442,0.064711,0.10333,0.1391,0.09136,0.12414,0.098178,0.30548,0.094637,0.084152,0.10142,0.12461,0.17734,0.093963,0.076172,0.03892,0.091613,0.061621,0.091335,0.30109,0.059083,0.13074,0.14345,0.15614,0.08516,0.08208,0.070032,0.082476,0.11119
0.3542,0.083777,0.12853,0.15096,0.16952,0.24894,0.15587,0.10987,0.15434,0.10862,0.096767,0.11224,0.089531,0.080985,0.14966,0.10186,0,0.093683,0.11288,0.10268,0.1309,0.11955,0.14694,0.21429,0.12597,0.072196,0.12143,0.065581,0.12464,0.14375,0.10686,0.11201,0.10419,0.12447,0.080594,0.11719,0.20077,0.11782,0.12101,0.11641,0.094917,0.11865,0.091125,0.086289,0.084769,0.081384,0.16413,0.11509,0.17026,0.097333,0.084452,0.127,0.10587,0.13206,0.089562,0.20479,0.26479,0.14069,0.065667,0.10744,0.066709,0.20127,0.055912,0.071279,0.11925,0.30168,0.080142,0.078315,0.1243,0.076922,0.099639,0.13844,0.09208,0.090261,0.090883,0.15447,0.11344,0.10858,0.087388,0.11759,0.084916,0.1275,0.092331,0.096561,0.06207,0.10624,0.10303,0.085165,0.077511,0.084945,0.10049,0.092158,0.10145,0.10305,0.081983,0.10033,0.10808,0.10961,0.14869,0.087998,0.10408,0.16094,0.083875,0.15689,0.10836,0.10751,0.086687,0.10223,0.12848,0.12217,0.095302,0.097242,0.18247,0.095731,0.14296,0.10118,0.12079,0.10042,0.10586,0.092986,0.11705,0.15332,0.13472,0.14119,0.10889,0.10134,0.080845,0.091498,0.13184,0.11311,0.11242,0.074391,0.10046,0.11857,0.099964,0.13923,0.10695,0.10102,0.0938,0.076461,0.11104,0.1939,0.083207,0.16405,0.074299,0.16703,0.24359,0.10431,0.074648,0.072093,0.1111,0.10371,0.092174,0.096808,0.095267,0.082846,0.09222,0.086413,0.096594,0.081802,0.10763,0.098444,0.083743,0.084184,0.08318,0.11051,0.086723,0.17635,0.089129,0.1983,0.096334,0.10774,0.093678,0.13016,0.11712,0.094604,0.095952,0.075683,0.29848,0.10506,0.10876,0.10672,0.094397,0.19229,0.092381,0.10869,0.088297,0.089198,0.096584,0.088508,0.29259,0.078748,0.10075,0.13921,0.10481,0.08981,0.10491,0.096997,0.10154,0.12064
0.40799,0.098323,0.14808,0.19726,0.21267,0.30134,0.16954,0.1138,0.19653,0.11738,0.11124,0.11693,0.10852,0.09405,0.19004,0.1214,0.093683,0,0.10688,0.1253,0.12064,0.074708,0.18382,0.27204,0.16524,0.08125,0.12617,0.087249,0.16182,0.16358,0.1123,0.05066,0.11387,0.13086,0.10197,0.13637,0.20741,0.14693,0.16786,0.11154,0.095822,0.11668,0.10762,0.09628,0.087331,0.083727,0.15106,0.12022,0.21948,0.12046,0.1084,0.1592,0.13999,0.13273,0.13445,0.20307,0.30686,0.14818,0.094322,0.10362,0.11656,0.21576,0.10505,0.0829,0.14299,0.35796,0.084943,0.079005,0.16129,0.077799,0.10897,0.14967,0.11951,0.10418,0.10349,0.19492,0.13738,0.10914,0.10173,0.13803,0.078599,0.11302,0.14245,0.11677,0.092544,0.10881,0.11229,0.13873,0.085989,0.10924,0.10206,0.09173,0.1333,0.083104,0.083343,0.10881,0.11384,0.13125,0.16895,0.11099,0.087992,0.13872,0.098141,0.17301,0.10285,0.10735,0.090911,0.12038,0.16109,0.14362,0.1026,0.094099,0.20569,0.097284,0.17914,0.092047,0.17102,0.11425,0.11819,0.10632,0.094001,0.1876,0.15813,0.17878,0.10825,0.11489,0.095875,0.10307,0.15355,0.13979,0.14559,0.091612,0.14846,0.11617,0.11184,0.1637,0.15425,0.070154,0.09195,0.085768,0.13057,0.2396,0.10441,0.18283,0.071507,0.20215,0.26504,0.13532,0.098564,0.088809,0.085572,0.10926,0.099038,0.10272,0.10027,0.085105,0.088139,0.1086,0.12057,0.086758,0.12442,0.10505,0.12065,0.072034,0.081959,0.1244,0.12085,0.20132,0.11526,0.24416,0.11077,0.13335,0.10313,0.12176,0.14559,0.10198,0.11073,0.085336,0.35276,0.097184,0.12311,0.14683,0.025207,0.20676,0.11751,0.11638,0.11007,0.097353,0.11046,0.11747,0.34976,0.10152,0.15375,0.17599,0.1522,0.091232,0.096781,0.1186,0.10136,0.10093
0.38709,0.080512,0.11378,0.18822,0.18905,0.29846,0.15551,0.12794,0.16659,0.14329,0.11748,0.1299,0.099533,0.078548,0.19379,0.077986,0.11288,0.10688,0,0.11019,0.1496,0.13729,0.17821,0.23922,0.15202,0.07185,0.13981,0.082421,0.13689,0.15337,0.071493,0.10281,0.10621,0.11546,0.11253,0.11285,0.16837,0.13436,0.12383,0.12175,0.07608,0.072391,0.067065,0.095562,0.094249,0.092257,0.13607,0.11207,0.20108,0.11621,0.10606,0.15073,0.10542,0.1312,0.095667,0.21269,0.27044,0.12479,0.086233,0.070134,0.13062,0.1745,0.10643,0.090683,0.1286,0.33878,0.10731,0.069889,0.1394,0.081227,0.10161,0.12692,0.11217,0.12035,0.098971,0.14226,0.093761,0.13034,0.08104,0.11378,0.078455,0.14333,0.14175,0.11215,0.090802,0.10208,0.13438,0.12789,0.099876,0.10115,0.11065,0.10802,0.11514,0.1116,0.10647,0.074724,0.072658,0.10706,0.14447,0.1147,0.099513,0.15302,0.093234,0.14956,0.10958,0.1272,0.10568,0.12315,0.19152,0.11145,0.11116,0.095404,0.19511,0.11024,0.17687,0.081786,0.14552,0.093738,0.10448,0.080549,0.085386,0.19391,0.1516,0.19237,0.10536,0.076393,0.088449,0.082389,0.12369,0.15037,0.1358,0.11978,0.1287,0.11506,0.093687,0.16,0.12713,0.11298,0.08682,0.11217,0.098483,0.19345,0.087798,0.15346,0.081458,0.18449,0.20591,0.15215,0.097552,0.092273,0.109,0.065961,0.1034,0.12845,0.12278,0.09822,0.102,0.091187,0.12121,0.088161,0.11655,0.09726,0.10835,0.091907,0.084411,0.14569,0.10432,0.22522,0.087657,0.23433,0.1199,0.11908,0.080312,0.11924,0.15075,0.10041,0.12879,0.097444,0.33891,0.10262,0.090838,0.13088,0.11618,0.19182,0.13001,0.095783,0.077853,0.09333,0.084093,0.10562,0.32448,0.091175,0.14473,0.14789,0.1704,0.092408,0.090324,0.097131,0.10603,0.10492
0.34314,0.095616,0.10746,0.13204,0.14666,0.24476,0.15281,0.10022,0.12883,0.11,0.081825,0.085439,0.092888,0.084264,0.17471,0.08658,0.10268,0.1253,0.11019,0,0.16911,0.14365,0.15776,0.19016,0.11287,0.076568,0.12178,0.082621,0.10727,0.11035,0.096979,0.12713,0.10029,0.089958,0.081185,0.099277,0.19882,0.092111,0.10435,0.11694,0.083741,0.095904,0.084184,0.071791,0.080233,0.079075,0.18127,0.13373,0.14158,0.090604,0.085319,0.11509,0.11394,0.12906,0.11606,0.23604,0.27258,0.12758,0.071381,0.10426,0.094769,0.20007,0.08487,0.074576,0.080957,0.29185,0.092437,0.09719,0.15688,0.081787,0.086701,0.096168,0.11173,0.090291,0.076023,0.13514,0.077351,0.10611,0.089882,0.11333,0.092291,0.14679,0.089462,0.10067,0.089848,0.094775,0.11166,0.089379,0.077047,0.098968,0.12265,0.1004,0.10718,0.10643,0.10849,0.093195,0.099689,0.097031,0.13292,0.091826,0.086596,0.16114,0.099392,0.15141,0.12514,0.15712,0.077396,0.081855,0.14215,0.12408,0.083675,0.069917,0.16979,0.1122,0.1694,0.076473,0.12263,0.09386,0.10736,0.085726,0.099463,0.18231,0.10313,0.16603,0.11185,0.094366,0.059532,0.088491,0.1256,0.1123,0.09131,0.097686,0.10849,0.10052,0.093888,0.15929,0.10135,0.12889,0.08301,0.088077,0.097254,0.16855,0.074793,0.10527,0.098689,0.16996,0.24126,0.11045,0.087306,0.081094,0.11886,0.095799,0.076923,0.079579,0.072735,0.077842,0.084405,0.090487,0.094701,0.082589,0.0785,0.10494,0.074744,0.090272,0.084181,0.11865,0.077789,0.17529,0.061188,0.17654,0.096859,0.10489,0.086876,0.12567,0.1656,0.093995,0.1201,0.092351,0.29144,0.077688,0.075402,0.090767,0.1272,0.18958,0.10936,0.085081,0.077785,0.089174,0.075978,0.073459,0.28547,0.071431,0.11781,0.13635,0.13131,0.09789,0.12572,0.069667,0.07625,0.10589
0.3843,0.14306,0.16767,0.19248,0.21353,0.28867,0.20029,0.16017,0.20815,0.14689,0.14242,0.15407,0.13728,0.12907,0.16126,0.16344,0.1309,0.12064,0.1496,0.16911,0,0.1312,0.18627,0.26393,0.15908,0.12889,0.15975,0.13822,0.17147,0.18359,0.16814,0.13908,0.15864,0.17207,0.15413,0.15518,0.26179,0.17362,0.19088,0.16963,0.15016,0.14961,0.1515,0.15642,0.13672,0.12756,0.17005,0.14487,0.21558,0.16438,0.13769,0.18639,0.18609,0.15857,0.16703,0.25337,0.27653,0.20611,0.13025,0.13964,0.14684,0.2539,0.14362,0.1352,0.15516,0.32447,0.13898,0.12476,0.18228,0.1276,0.15256,0.18043,0.16109,0.12676,0.14621,0.21145,0.16427,0.14913,0.14576,0.17497,0.13567,0.12158,0.18551,0.15536,0.1336,0.17301,0.14945,0.15481,0.14569,0.15309,0.1277,0.13095,0.15835,0.14086,0.13244,0.15426,0.16774,0.19384,0.1814,0.15534,0.14792,0.16111,0.14148,0.20577,0.15392,0.12129,0.14301,0.15088,0.18134,0.15919,0.14636,0.14703,0.23664,0.12791,0.18893,0.14333,0.19244,0.13326,0.15384,0.15678,0.14685,0.16059,0.16022,0.17084,0.14969,0.1469,0.15119,0.15804,0.18881,0.15451,0.16843,0.13798,0.1879,0.16689,0.14318,0.16042,0.17012,0.1348,0.14142,0.12373,0.16274,0.23544,0.14244,0.22075,0.11081,0.1931,0.30691,0.16563,0.15287,0.14341,0.13486,0.16275,0.13876,0.15192,0.15252,0.1515,0.15901,0.1467,0.14678,0.14169,0.14637,0.1172,0.1316,0.14223,0.12589,0.15117,0.13508,0.24074,0.15305,0.23846,0.11611,0.17611,0.14559,0.11736,0.16422,0.14555,0.15243,0.11456,0.3339,0.14702,0.15537,0.16726,0.11855,0.21648,0.1482,0.16828,0.15609,0.13932,0.1594,0.14044,0.32276,0.14445,0.18509,0.15926,0.16401,0.14967,0.1412,0.14558,0.13956,0.1586
0.40228,0.13201,0.16187,0.20446,0.21056,0.30626,0.21502,0.13148,0.20555,0.15399,0.12231,0.13935,0.12936,0.12401,0.1865,0.15075,0.11955,0.074708,0.13729,0.14365,0.1312,0,0.2052,0.26717,0.1749,0.11362,0.13475,0.11295,0.15399,0.17298,0.1424,0.080083,0.1347,0.15144,0.12443,0.15639,0.2376,0.15121,0.17786,0.13611,0.12779,0.13256,0.14019,0.12526,0.11774,0.10829,0.18497,0.15281,0.21805,0.13494,0.14082,0.1852,0.17501,0.15113,0.16846,0.22993,0.31428,0.18001,0.11679,0.13088,0.11689,0.23293,0.11623,0.10027,0.15982,0.35005,0.11778,0.11231,0.20432,0.10794,0.1348,0.16623,0.14427,0.12373,0.13977,0.2137,0.15278,0.11258,0.13275,0.13429,0.11956,0.14288,0.15893,0.13801,0.12149,0.11764,0.12962,0.14892,0.11655,0.13694,0.12063,0.11701,0.15211,0.10428,0.11074,0.13639,0.14336,0.16296,0.15667,0.13402,0.10547,0.16962,0.12325,0.18343,0.14098,0.12989,0.11944,0.13565,0.16933,0.15666,0.14492,0.13151,0.24462,0.12847,0.18435,0.11184,0.19416,0.1341,0.16048,0.13474,0.11394,0.18833,0.1612,0.18962,0.11564,0.13828,0.12544,0.13359,0.17532,0.14391,0.154,0.11937,0.17683,0.14466,0.14153,0.16023,0.15958,0.091023,0.12263,0.10801,0.17681,0.23937,0.11546,0.19634,0.10367,0.1815,0.28915,0.14908,0.13589,0.10706,0.14238,0.13839,0.1286,0.1185,0.12195,0.1138,0.13165,0.14534,0.13921,0.12313,0.13557,0.12512,0.13039,0.10638,0.11579,0.15024,0.14183,0.2135,0.13379,0.23808,0.11257,0.15276,0.13361,0.13737,0.1676,0.13664,0.14197,0.11502,0.34725,0.11599,0.14886,0.14798,0.066714,0.25114,0.14409,0.12554,0.13825,0.13345,0.13478,0.14133,0.35341,0.12717,0.16329,0.177,0.15536,0.12698,0.12695,0.13679,0.12713,0.13721
0.36281,0.17814,0.19079,0.16207,0.20237,0.23492,0.22964,0.18059,0.21699,0.18349,0.13968,0.17339,0.14816,0.16856,0.16679,0.18293,0.14694,0.18382,0.17821,0.15776,0.18627,0.2052,0,0.23093,0.13881,0.16256,0.20042,0.15026,0.16962,0.17814,0.18708,0.18222,0.16673,0.17287,0.15294,0.17042,0.28484,0.18944,0.17318,0.1811,0.16542,0.17944,0.1771,0.16307,0.15577,0.14822,0.19505,0.15964,0.16869,0.17161,0.17676,0.15966,0.1858,0.19382,0.17346,0.25738,0.28638,0.22571,0.14409,0.17813,0.13815,0.27946,0.12901,0.15947,0.12924,0.32591,0.16478,0.15767,0.17302,0.14652,0.16559,0.1955,0.18605,0.15206,0.15108,0.19752,0.15384,0.16581,0.16803,0.1968,0.16195,0.19176,0.17012,0.19994,0.15261,0.18848,0.17909,0.15654,0.16722,0.16272,0.16546,0.1479,0.183,0.17469,0.16255,0.17023,0.18643,0.17839,0.1859,0.15716,0.18467,0.16917,0.14889,0.25725,0.20046,0.20376,0.14642,0.14601,0.17666,0.15879,0.14556,0.16639,0.25917,0.16012,0.22383,0.16659,0.19143,0.15356,0.16873,0.17538,0.18235,0.18856,0.18011,0.17352,0.17902,0.1606,0.1564,0.1636,0.22123,0.14002,0.15614,0.17532,0.18083,0.18445,0.18038,0.16731,0.15802,0.1785,0.17087,0.16185,0.15873,0.22305,0.16413,0.20299,0.15863,0.20295,0.32256,0.14947,0.16917,0.16607,0.17676,0.18379,0.17656,0.15416,0.16326,0.16092,0.17556,0.13693,0.14762,0.15739,0.15062,0.14456,0.14482,0.167,0.16381,0.15208,0.15703,0.22677,0.15363,0.16408,0.16038,0.17008,0.16135,0.20354,0.18965,0.17959,0.1511,0.15922,0.30387,0.15822,0.16676,0.16062,0.18551,0.2334,0.1628,0.19777,0.16979,0.14689,0.16708,0.15938,0.2909,0.14787,0.18993,0.16642,0.15663,0.15122,0.18467,0.15581,0.16166,0.16491
0.19188,0.21653,0.22245,0.14091,0.1928,0.16647,0.26348,0.21662,0.16486,0.23965,0.18641,0.21372,0.22418,0.21473,0.18374,0.21111,0.21429,0.27204,0.23922,0.19016,0.26393,0.26717,0.23093,0,0.17601,0.22171,0.20232,0.21982,0.14199,0.15498,0.22891,0.27205,0.22606,0.204,0.20573,0.20306,0.29097,0.19249,0.18412,0.23629,0.22115,0.21696,0.21992,0.21545,0.21645,0.21405,0.28952,0.25284,0.15095,0.1961,0.19854,0.22657,0.21403,0.22545,0.22319,0.35445,0.24441,0.24806,0.19056,0.22195,0.19007,0.26243,0.1974,0.22273,0.18461,0.15012,0.23577,0.2207,0.24502,0.22021,0.22439,0.19722,0.21944,0.21409,0.21601,0.21034,0.17765,0.2081,0.2156,0.23552,0.2447,0.2656,0.19428,0.20405,0.21601,0.22914,0.22563,0.17561,0.22358,0.22747,0.247,0.22463,0.21616,0.24539,0.24482,0.22496,0.22929,0.20673,0.17374,0.21239,0.22411,0.28436,0.22872,0.2533,0.25998,0.26652,0.21616,0.18369,0.22301,0.22946,0.22545,0.22334,0.26019,0.22756,0.24009,0.21299,0.20824,0.19335,0.215,0.22047,0.24251,0.25068,0.1617,0.23048,0.22481,0.22121,0.21298,0.22063,0.2131,0.18574,0.16037,0.23496,0.20245,0.23826,0.2282,0.21913,0.15539,0.25638,0.23334,0.21873,0.22145,0.08961,0.20373,0.20732,0.23579,0.193,0.29182,0.20774,0.21702,0.22385,0.26184,0.22494,0.20545,0.22418,0.22246,0.21579,0.24415,0.21264,0.2045,0.22941,0.18453,0.21462,0.17791,0.23912,0.2233,0.22236,0.19125,0.28367,0.19472,0.15687,0.19687,0.21343,0.22505,0.23029,0.23217,0.22716,0.21014,0.22321,0.2207,0.22451,0.21505,0.15273,0.26614,0.30322,0.22467,0.23259,0.21204,0.22713,0.21177,0.18437,0.18692,0.20754,0.17645,0.16886,0.2103,0.24377,0.2449,0.19509,0.22574,0.22909
