0,0.15252,0.13834,0.14019,0.11996,0.10613,0.13529,0.14192,0.12991,0.12059,0.11045,0.11153,0.13555,0.12607,0.10799,0.1276,0.12855,0.13648,0.13188,0.11058,0.13647,0.13175,0.15622,0.059616,0.12765,0.12574,0.11928,0.15796,0.10472,0.13056,0.11237,0.14027,0.13833,0.086952,0.10577,0.1599,0.14757,0.13438,0.087875,0.12875,0.12829,0.10715,0.14393,0.12479,0.11833,0.10673,0.15662,0.13186,0.13664,0.084221,0.11449,0.16645,0.17331,0.10483,0.13034,0.14211,0.14943,0.11237,0.10281,0.1957,0.11807,0.12396,0.12435,0.095908,0.10918,0.068003,0.1181,0.11841,0.11894,0.11885,0.1219,0.13018,0.16269,0.12997,0.11405,0.10687,0.11609,0.112,0.11142,0.11021,0.13038,0.14513,0.10495,0.11612,0.11768,0.12341,0.14923,0.093278,0.11069,0.11534,0.15193,0.11269,0.10965,0.13197,0.14897,0.1295,0.12583,0.12883,0.12123,0.11034,0.12095,0.14362,0.1014,0.14944,0.15273,0.11198,0.12706,0.11966,0.1033,0.10887,0.12845,0.14286,0.12827,0.11047,0.11974,0.14701,0.11872,0.11281,0.14571,0.12907,0.13789,0.16309,0.11104,0.080108,0.1148,0.12426,0.12061,0.14495,0.093627,0.12794,0.14101,0.11214,0.13825,0.091901,0.15521,0.10202,0.11492,0.22473,0.14376,0.099669,0.10876,0.050306,0.092473,0.099661,0.12269,0.11002,0.11726,0.12991,0.12571,0.097856,0.18713,0.13385,0.1272,0.1153,0.12014,0.13077,0.14686,0.11987,0.12865,0.12062,0.11669,0.10834,0.10271,0.11976,0.11378,0.12407,0.12018,0.12421,0.12912,0.10836,0.11473,0.11979,0.13612,0.12489,0.12693,0.16101,0.13584,0.13509,0.15422,0.1158,0.11971,0.10095,0.13847,0.12573,0.11797,0.14276,0.13896,0.1102,0.15613,0.11914,0.25333,0.12635,0.1079,0.078706,0.095606,0.1379,0.13304,0.12841,0.11295,0.12406
0.15252,0,0.073017,0.093481,0.092913,0.1393,0.084135,0.095831,0.13418,0.099842,0.080252,0.15632,0.075709,0.090708,0.10882,0.065085,0.10015,0.091184,0.069566,0.080085,0.11481,0.073979,0.15732,0.14728,0.10528,0.05654,0.09851,0.098628,0.10933,0.09219,0.060075,0.076555,0.11556,0.086459,0.071297,0.11837,0.19256,0.090521,0.12227,0.094345,0.066947,0.0881,0.058982,0.055814,0.067851,0.07725,0.11074,0.071027,0.12155,0.11602,0.097368,0.11099,0.08752,0.075078,0.08524,0.10471,0.17052,0.060075,0.072884,0.13088,0.12912,0.16738,0.065223,0.10054,0.088839,0.16879,0.084329,0.078053,0.075425,0.070252,0.097379,0.071277,0.10775,0.13699,0.074996,0.0915,0.093772,0.071524,0.08891,0.073526,0.089184,0.095904,0.089276,0.074323,0.086847,0.092958,0.081349,0.12001,0.086294,0.079799,0.10923,0.073844,0.13125,0.088626,0.059346,0.079646,0.08578,0.095742,0.10375,0.087148,0.087182,0.11325,0.083565,0.15077,0.072242,0.12764,0.065716,0.063601,0.074416,0.083915,0.086359,0.095764,0.092728,0.079123,0.06213,0.082292,0.08489,0.089057,0.11303,0.06536,0.061712,0.10729,0.073677,0.17225,0.082731,0.10257,0.058157,0.073572,0.099537,0.072805,0.084215,0.13225,0.080462,0.08263,0.06666,0.10453,0.11885,0.19707,0.060842,0.094374,0.098133,0.13109,0.12043,0.091702,0.076031,0.10756,0.14045,0.082205,0.09526,0.08393,0.11265,0.076291,0.10455,0.085087,0.087322,0.069813,0.13964,0.070971,0.094186,0.068405,0.066541,0.10583,0.10612,0.10336,0.065504,0.093874,0.071328,0.19062,0.070888,0.12324,0.085064,0.067466,0.064264,0.088427,0.080072,0.16124,0.11705,0.09131,0.21902,0.072771,0.10675,0.10452,0.086211,0.08176,0.066409,0.08844,0.063056,0.076463,0.078725,0.081993,0.34511,0.081964,0.084357,0.1319,0.16365,0.074871,0.089426,0.093241,0.08651,0.076976
0.13834,0.073017,0,0.08707,0.072447,0.11297,0.08126,0.073625,0.10672,0.079447,0.069205,0.14446,0.062661,0.062588,0.090378,0.058953,0.11213,0.077232,0.061653,0.068244,0.09995,0.05914,0.13668,0.12379,0.11081,0.057873,0.090934,0.075061,0.085371,0.076118,0.046321,0.060641,0.11275,0.089932,0.060018,0.10673,0.15298,0.064326,0.1062,0.092693,0.057923,0.057275,0.075275,0.046375,0.074183,0.058456,0.10551,0.079674,0.10088,0.10249,0.078545,0.096555,0.12327,0.06913,0.071388,0.074364,0.14232,0.046321,0.06405,0.14027,0.10083,0.13583,0.053242,0.077928,0.06742,0.14022,0.074053,0.05874,0.072619,0.081966,0.080437,0.065575,0.091304,0.14222,0.072747,0.078449,0.079821,0.067192,0.074671,0.057039,0.084147,0.10185,0.072398,0.074779,0.064215,0.072527,0.066797,0.10128,0.056039,0.075648,0.098277,0.069087,0.12193,0.066619,0.084475,0.079019,0.053351,0.06465,0.089177,0.076255,0.078595,0.089396,0.063663,0.13346,0.07597,0.1035,0.06308,0.051726,0.073597,0.078263,0.067897,0.093436,0.081705,0.046788,0.057913,0.074488,0.076643,0.074543,0.1086,0.048469,0.0646,0.086066,0.056157,0.15513,0.071051,0.079417,0.050702,0.067739,0.08932,0.063431,0.071539,0.10728,0.071664,0.068057,0.063541,0.087462,0.097023,0.17418,0.053784,0.06794,0.08264,0.10545,0.11112,0.083257,0.062422,0.089645,0.12087,0.068515,0.075294,0.064688,0.11877,0.074679,0.08934,0.077402,0.081131,0.051571,0.12045,0.06559,0.09441,0.063364,0.059344,0.10242,0.081695,0.090429,0.069053,0.11015,0.075319,0.16418,0.06486,0.09652,0.075226,0.057212,0.065747,0.070259,0.074396,0.16554,0.097094,0.081066,0.19907,0.060107,0.082441,0.08975,0.078946,0.061773,0.063812,0.059857,0.06128,0.072318,0.070679,0.077422,0.31925,0.052316,0.067624,0.10257,0.15224,0.082426,0.069703,0.074509,0.065439,0.061418
0.14019,0.093481,0.08707,0,0.10172,0.12558,0.10336,0.082914,0.11212,0.091445,0.058643,0.14677,0.10132,0.085701,0.10098,0.074376,0.10623,0.083936,0.09861,0.073747,0.09559,0.073441,0.14407,0.13392,0.13013,0.081707,0.10233,0.084785,0.098738,0.085645,0.074782,0.084591,0.10222,0.089468,0.068266,0.12282,0.16455,0.10447,0.13175,0.10953,0.075497,0.082892,0.082548,0.086217,0.085808,0.09864,0.1174,0.10633,0.11139,0.10448,0.088944,0.10467,0.097656,0.07181,0.10071,0.096062,0.12628,0.074782,0.087687,0.13892,0.10633,0.15877,0.082108,0.084771,0.074719,0.15211,0.10756,0.080957,0.092695,0.092029,0.077203,0.080084,0.10378,0.14071,0.079882,0.091722,0.098838,0.066128,0.097152,0.074958,0.087581,0.093199,0.081449,0.094494,0.082892,0.080816,0.078095,0.11344,0.086283,0.075031,0.10058,0.087622,0.14891,0.078264,0.11672,0.10724,0.071874,0.090677,0.097933,0.064845,0.06525,0.10196,0.078966,0.13104,0.099346,0.12731,0.070116,0.076947,0.082532,0.08684,0.097197,0.10238,0.11232,0.071577,0.066238,0.085875,0.10533,0.072461,0.11532,0.082545,0.07099,0.12758,0.069115,0.15117,0.070574,0.089912,0.085593,0.09743,0.096528,0.075035,0.058946,0.11163,0.095846,0.080673,0.093381,0.09518,0.11784,0.18931,0.07942,0.090725,0.11449,0.12133,0.10497,0.079885,0.084423,0.090844,0.14119,0.070309,0.074214,0.08919,0.13058,0.085535,0.096095,0.069746,0.079458,0.079593,0.1166,0.088067,0.10091,0.083305,0.080609,0.096039,0.091223,0.10295,0.08343,0.12088,0.082659,0.16952,0.10194,0.1082,0.090792,0.075841,0.089756,0.079302,0.080476,0.17267,0.12337,0.099105,0.19964,0.082901,0.092639,0.10245,0.078491,0.084646,0.064474,0.081378,0.085549,0.088803,0.095357,0.080844,0.31592,0.079375,0.074847,0.13453,0.15718,0.10828,0.10136,0.080505,0.080758,0.062594
0.11996,0.092913,0.072447,0.10172,0,0.11627,0.091322,0.095096,0.11303,0.088124,0.073042,0.12728,0.093297,0.092474,0.089591,0.079666,0.1082,0.088433,0.088151,0.063738,0.10999,0.087338,0.12654,0.10537,0.09871,0.068315,0.10115,0.093976,0.077814,0.085714,0.061859,0.077333,0.097415,0.080483,0.075952,0.1104,0.15252,0.074791,0.084432,0.10079,0.068954,0.075127,0.093285,0.071517,0.077533,0.071768,0.11271,0.066857,0.10644,0.098866,0.075861,0.12299,0.14013,0.067297,0.10287,0.076411,0.15159,0.061859,0.07103,0.15973,0.10287,0.13686,0.0767,0.068088,0.066888,0.12872,0.087367,0.072837,0.058607,0.078976,0.096442,0.079745,0.09401,0.113,0.074049,0.072869,0.096938,0.082662,0.092097,0.075791,0.096892,0.11054,0.0904,0.087556,0.099407,0.098804,0.095599,0.081914,0.065823,0.074457,0.10037,0.054177,0.10558,0.097368,0.089113,0.092815,0.069428,0.079329,0.091263,0.084123,0.087605,0.11762,0.076112,0.14478,0.074427,0.10473,0.074665,0.077504,0.070392,0.074145,0.075345,0.11006,0.081207,0.069881,0.068058,0.087095,0.10017,0.072942,0.092643,0.07196,0.077327,0.12038,0.071382,0.13896,0.091491,0.079268,0.071589,0.097608,0.084991,0.084058,0.094605,0.11609,0.074881,0.058703,0.086259,0.091917,0.10091,0.17946,0.07926,0.075731,0.080721,0.091044,0.10569,0.077728,0.063547,0.088285,0.12559,0.087426,0.094847,0.064605,0.14305,0.099548,0.073265,0.099045,0.096643,0.076053,0.12082,0.061998,0.081043,0.083239,0.071237,0.094591,0.090382,0.10272,0.070048,0.10404,0.072536,0.15546,0.070848,0.093856,0.074291,0.062502,0.083804,0.080967,0.080574,0.16062,0.094995,0.070672,0.16659,0.075868,0.074416,0.075355,0.093222,0.079573,0.075336,0.090931,0.086214,0.050741,0.10257,0.094537,0.2889,0.081292,0.071622,0.095846,0.12606,0.074993,0.10183,0.10343,0.084626,0.080318
0.10613,0.1393,0.11297,0.12558,0.11627,0,0.14806,0.13501,0.11827,0.11744,0.11375,0.12727,0.13949,0.12841,0.11252,0.12197,0.13535,0.13028,0.12446,0.11336,0.11184,0.11247,0.16113,0.087717,0.14519,0.12488,0.14049,0.13735,0.080183,0.12888,0.10946,0.13662,0.13256,0.10817,0.10599,0.14199,0.14632,0.13132,0.11025,0.13714,0.12494,0.10898,0.14643,0.11498,0.12317,0.10355,0.14693,0.14231,0.13806,0.10655,0.11787,0.14432,0.1644,0.11506,0.10627,0.13814,0.13761,0.10946,0.11549,0.21105,0.10337,0.15023,0.12113,0.10504,0.10616,0.10869,0.12329,0.12001,0.1193,0.13359,0.11986,0.11912,0.15037,0.15162,0.11664,0.11136,0.11445,0.10604,0.10669,0.1093,0.14573,0.15076,0.10435,0.11638,0.1091,0.1162,0.14235,0.096726,0.10565,0.11946,0.15022,0.12091,0.14559,0.1227,0.14339,0.13399,0.11324,0.11495,0.11581,0.10336,0.12909,0.12098,0.099405,0.15894,0.13985,0.1039,0.12322,0.11599,0.10692,0.12065,0.13309,0.1362,0.12413,0.10774,0.11709,0.1466,0.1244,0.11439,0.13459,0.12276,0.13755,0.13791,0.10432,0.10379,0.11887,0.11606,0.12044,0.13695,0.12533,0.12764,0.13292,0.099736,0.13809,0.097688,0.14689,0.11888,0.075941,0.20751,0.13353,0.097639,0.13324,0.090136,0.10213,0.10687,0.11655,0.12339,0.13433,0.11805,0.10415,0.10473,0.1812,0.12104,0.098581,0.11116,0.11778,0.12006,0.1552,0.11803,0.12739,0.10936,0.11225,0.11439,0.095302,0.13885,0.12186,0.15198,0.1196,0.14499,0.13093,0.1038,0.12127,0.11544,0.13849,0.11296,0.13315,0.1727,0.13447,0.14616,0.13724,0.11146,0.12077,0.089233,0.13709,0.12414,0.11666,0.12293,0.1333,0.11081,0.15058,0.11549,0.27043,0.11915,0.094132,0.080525,0.09188,0.13062,0.10175,0.1369,0.11837,0.12206
0.13529,0.084135,0.08126,0.10336,0.091322,0.14806,0,0.092952,0.12332,0.092746,0.086193,0.16118,0.078673,0.092289,0.10766,0.083318,0.11784,0.089413,0.086822,0.083494,0.12261,0.07826,0.16028,0.137,0.12002,0.067227,0.093399,0.1036,0.11591,0.096068,0.064873,0.059255,0.13747,0.093841,0.072425,0.1215,0.15532,0.061627,0.11062,0.094783,0.075409,0.075169,0.077284,0.071485,0.087631,0.079132,0.10871,0.076224,0.13065,0.1092,0.08673,0.12313,0.12725,0.073238,0.10082,0.096969,0.15299,0.064873,0.074041,0.1132,0.13464,0.13618,0.06784,0.1029,0.095522,0.14594,0.077189,0.07358,0.087416,0.084373,0.099704,0.086339,0.1038,0.12945,0.092588,0.098618,0.097372,0.0861,0.085654,0.076026,0.077261,0.078543,0.089075,0.097334,0.098799,0.093631,0.090524,0.11536,0.082033,0.088082,0.10001,0.08585,0.12442,0.10511,0.09685,0.078288,0.075584,0.083123,0.10652,0.09282,0.070723,0.098221,0.10191,0.13298,0.09681,0.11646,0.085268,0.077109,0.084023,0.067573,0.078848,0.12184,0.085834,0.07777,0.074384,0.086269,0.078696,0.083812,0.13027,0.068198,0.068492,0.13103,0.081178,0.16195,0.087499,0.092976,0.064048,0.07779,0.098601,0.078171,0.098705,0.13289,0.077337,0.077416,0.08215,0.10706,0.13781,0.18275,0.083242,0.088171,0.07736,0.11076,0.11608,0.095736,0.076502,0.10569,0.11107,0.09103,0.10665,0.079563,0.1068,0.088189,0.12199,0.10032,0.092374,0.069934,0.12326,0.088912,0.099922,0.077622,0.07325,0.10995,0.10929,0.089374,0.066781,0.10614,0.08134,0.18965,0.063791,0.11384,0.094052,0.068034,0.056301,0.10185,0.083512,0.15712,0.11903,0.072645,0.22114,0.084371,0.10689,0.11566,0.081575,0.058157,0.079633,0.088797,0.079878,0.095213,0.066006,0.11399,0.31754,0.088087,0.08937,0.13443,0.1606,0.10043,0.096215,0.091164,0.086501,0.084153
0.14192,0.095831,0.073625,0.082914,0.095096,0.13501,0.092952,0,0.12602,0.1023,0.076433,0.15177,0.08715,0.071862,0.10241,0.068314,0.12501,0.068413,0.084203,0.076641,0.12945,0.065261,0.15287,0.139,0.12015,0.06848,0.08839,0.092013,0.10621,0.07032,0.069269,0.060133,0.097115,0.087119,0.065627,0.13059,0.16967,0.094809,0.13198,0.10388,0.075506,0.070678,0.070894,0.073322,0.066899,0.083892,0.078465,0.096993,0.12791,0.12024,0.08379,0.092917,0.11205,0.07156,0.094804,0.089995,0.15503,0.069269,0.069795,0.13207,0.10383,0.14295,0.074166,0.08244,0.068326,0.14964,0.087996,0.065571,0.094974,0.077696,0.089932,0.068146,0.088535,0.15823,0.074711,0.094437,0.083151,0.077673,0.089691,0.079526,0.075403,0.088295,0.079263,0.082397,0.082699,0.079644,0.083003,0.10334,0.071309,0.084195,0.12015,0.074067,0.13612,0.063973,0.11028,0.10266,0.056716,0.086205,0.10781,0.094229,0.082186,0.10274,0.083318,0.1611,0.087685,0.12702,0.057393,0.068576,0.077881,0.085366,0.071537,0.10763,0.11547,0.066067,0.063758,0.08572,0.095332,0.081011,0.13185,0.064359,0.065153,0.11101,0.068841,0.16492,0.082406,0.080263,0.08181,0.065012,0.09904,0.068373,0.070546,0.13522,0.085293,0.077113,0.06596,0.089908,0.11523,0.16239,0.064779,0.08827,0.08271,0.11811,0.1232,0.080006,0.07136,0.095671,0.1356,0.087686,0.079087,0.078318,0.11563,0.078523,0.11011,0.089702,0.097777,0.067325,0.12328,0.066402,0.091522,0.079023,0.074067,0.080614,0.099433,0.081089,0.075165,0.11358,0.07598,0.17083,0.081793,0.10948,0.088319,0.065355,0.065356,0.084524,0.062719,0.16205,0.13706,0.077576,0.22329,0.073679,0.096401,0.10641,0.062731,0.083971,0.081097,0.080142,0.079546,0.082621,0.06575,0.081965,0.31837,0.073177,0.068519,0.1247,0.16461,0.091141,0.092296,0.074804,0.079927,0.070575
0.12991,0.13418,0.10672,0.11212,0.11303,0.11827,0.12332,0.12602,0,0.10779,0.096001,0.11387,0.1289,0.087065,0.06878,0.10936,0.10531,0.122,0.097132,0.10615,0.085415,0.11283,0.14844,0.10987,0.13327,0.11155,0.12702,0.1186,0.090209,0.10875,0.10329,0.11576,0.13596,0.11713,0.093064,0.14148,0.15839,0.10664,0.13282,0.10273,0.11179,0.1121,0.13079,0.10596,0.11659,0.10981,0.13566,0.12551,0.098054,0.1304,0.10873,0.13834,0.16282,0.099597,0.12992,0.12108,0.088438,0.10329,0.10944,0.15992,0.129,0.1588,0.10931,0.099884,0.10827,0.10739,0.1136,0.10044,0.1198,0.1254,0.11152,0.12459,0.13421,0.13036,0.1018,0.10373,0.10358,0.09295,0.11377,0.09539,0.1225,0.10444,0.086619,0.1126,0.1051,0.1081,0.11284,0.095457,0.10894,0.099164,0.12089,0.1077,0.13165,0.1155,0.14353,0.11773,0.097397,0.081356,0.08505,0.080533,0.098403,0.12046,0.092156,0.10288,0.12569,0.087458,0.11197,0.095438,0.10382,0.11095,0.11189,0.14402,0.10495,0.10061,0.096536,0.12872,0.12318,0.094391,0.117,0.10643,0.12061,0.12774,0.084897,0.13027,0.10739,0.11681,0.1095,0.12488,0.1206,0.095241,0.11209,0.1037,0.099326,0.092362,0.12295,0.098619,0.096069,0.1715,0.10977,0.093253,0.12025,0.10637,0.11307,0.1106,0.10453,0.12074,0.1426,0.0948,0.1135,0.10619,0.13101,0.13671,0.092994,0.089922,0.091929,0.095711,0.1232,0.11464,0.14186,0.098546,0.10427,0.14283,0.08643,0.11856,0.12546,0.1327,0.11568,0.13438,0.12089,0.091344,0.087295,0.10366,0.11443,0.10182,0.11045,0.19504,0.14604,0.13262,0.18496,0.088688,0.08855,0.093001,0.11484,0.10097,0.10443,0.10428,0.1226,0.11726,0.11758,0.11649,0.25389,0.1032,0.10629,0.12084,0.14304,0.13292,0.12194,0.10293,0.089618,0.1015
0.12059,0.099842,0.079447,0.091445,0.088124,0.11744,0.092746,0.1023,0.10779,0,0.076992,0.13331,0.081106,0.090592,0.084327,0.088537,0.1019,0.1019,0.083242,0.076991,0.095466,0.090973,0.12162,0.11558,0.101,0.074832,0.11412,0.078266,0.09261,0.094167,0.05902,0.080143,0.1227,0.085392,0.072482,0.12102,0.14486,0.086351,0.10858,0.091583,0.07268,0.068739,0.10538,0.067372,0.084393,0.075145,0.11005,0.078048,0.075464,0.088493,0.073033,0.12729,0.12437,0.074971,0.092402,0.087418,0.12321,0.05902,0.069838,0.14008,0.12499,0.12838,0.062265,0.077863,0.070539,0.12558,0.081135,0.081365,0.073516,0.085932,0.063573,0.075622,0.091048,0.14116,0.079498,0.060516,0.067517,0.081446,0.077873,0.055081,0.076114,0.09944,0.081066,0.072988,0.092539,0.072577,0.07511,0.10153,0.052325,0.067892,0.096205,0.073782,0.10905,0.084251,0.089586,0.060839,0.079467,0.074989,0.064231,0.076106,0.061682,0.11909,0.067567,0.12803,0.1022,0.11923,0.0835,0.073548,0.064883,0.081187,0.076442,0.09819,0.083946,0.061506,0.07572,0.078136,0.071503,0.077621,0.099202,0.075756,0.078547,0.1315,0.075753,0.1409,0.065373,0.056121,0.063209,0.089393,0.092187,0.087206,0.10429,0.098171,0.076985,0.07025,0.09733,0.08037,0.10207,0.18319,0.0807,0.051511,0.09903,0.097563,0.10545,0.057132,0.066698,0.061388,0.11087,0.064144,0.081191,0.069383,0.12415,0.11142,0.10474,0.086489,0.085468,0.063114,0.13514,0.07673,0.092303,0.06993,0.073996,0.10195,0.076369,0.086354,0.0791,0.093319,0.090128,0.15649,0.092492,0.075778,0.087109,0.070199,0.084123,0.075742,0.079836,0.1728,0.10134,0.081053,0.19074,0.076093,0.086921,0.09568,0.098717,0.063642,0.065395,0.056966,0.095188,0.081616,0.09582,0.10365,0.28898,0.085215,0.082153,0.10748,0.15041,0.088745,0.10851,0.079988,0.071654,0.06882
0.11045,0.080252,0.069205,0.058643,0.073042,0.11375,0.086193,0.076433,0.096001,0.076992,0,0.11776,0.079058,0.055754,0.061873,0.052564,0.086254,0.07215,0.0673,0.060192,0.09588,0.058873,0.11572,0.10578,0.084563,0.054988,0.078965,0.081967,0.079206,0.060259,0.050675,0.066938,0.093906,0.063845,0.039318,0.10489,0.16618,0.079331,0.10008,0.070142,0.059076,0.058362,0.065813,0.05439,0.06577,0.064167,0.11382,0.076538,0.092889,0.073116,0.066918,0.085728,0.10845,0.044756,0.082528,0.078197,0.12379,0.050675,0.052866,0.12944,0.078755,0.14648,0.057048,0.048516,0.041686,0.12372,0.079309,0.04956,0.061681,0.067031,0.0726,0.057748,0.084111,0.10687,0.053826,0.065724,0.077896,0.041591,0.072549,0.045996,0.06273,0.082326,0.055006,0.075222,0.070423,0.073603,0.069707,0.073805,0.0618,0.050509,0.081134,0.051244,0.1044,0.063796,0.091933,0.076977,0.061386,0.070021,0.068172,0.045152,0.050162,0.10289,0.045635,0.1337,0.076745,0.093531,0.053724,0.047863,0.042422,0.069041,0.06735,0.083866,0.085179,0.041847,0.045323,0.065724,0.089754,0.042175,0.085938,0.060202,0.05398,0.096779,0.041364,0.13596,0.050945,0.079504,0.052476,0.080315,0.069592,0.045321,0.05372,0.10014,0.078366,0.050432,0.08257,0.055614,0.096166,0.18438,0.059751,0.06302,0.076468,0.09064,0.086688,0.057066,0.065719,0.067258,0.13078,0.046092,0.075537,0.048477,0.11543,0.082428,0.074064,0.044496,0.048164,0.060385,0.10605,0.059919,0.078892,0.056859,0.039368,0.079439,0.063743,0.08709,0.059057,0.09673,0.052747,0.1556,0.071428,0.083614,0.052878,0.048644,0.064703,0.051628,0.065222,0.16482,0.093525,0.081828,0.18522,0.046087,0.069352,0.078975,0.059543,0.066976,0.034698,0.075939,0.066564,0.064038,0.084288,0.059838,0.29637,0.045378,0.059584,0.10385,0.13904,0.087018,0.091024,0.057209,0.050025,0.048731
0.11153,0.15632,0.14446,0.14677,0.12728,0.12727,0.16118,0.15177,0.11387,0.13331,0.11776,0,0.1676,0.12468,0.094375,0.14211,0.12508,0.15366,0.13532,0.12719,0.13609,0.14012,0.1611,0.11225,0.13871,0.13713,0.13033,0.15729,0.12501,0.13363,0.12925,0.14813,0.1518,0.11337,0.12585,0.15452,0.19653,0.15489,0.12086,0.12676,0.14269,0.13199,0.16013,0.13428,0.12375,0.11652,0.15112,0.1454,0.11181,0.12297,0.12839,0.1735,0.17181,0.11184,0.13734,0.13937,0.14691,0.12925,0.12199,0.20246,0.13004,0.18243,0.12714,0.10552,0.11675,0.11213,0.13781,0.12567,0.12931,0.13045,0.14399,0.13926,0.15692,0.11959,0.12288,0.12069,0.11664,0.12759,0.12914,0.12407,0.15269,0.15563,0.13163,0.12661,0.13067,0.14378,0.14479,0.084827,0.12893,0.11736,0.14548,0.12358,0.11893,0.14705,0.14353,0.13735,0.13957,0.1297,0.11611,0.10724,0.13004,0.15897,0.10298,0.16566,0.15661,0.10236,0.13841,0.12385,0.11755,0.1353,0.14349,0.13285,0.15137,0.12627,0.13048,0.14231,0.1473,0.12032,0.1404,0.14418,0.14156,0.14593,0.11465,0.12037,0.14155,0.13686,0.13707,0.16143,0.13077,0.12806,0.1419,0.11807,0.14643,0.11891,0.16067,0.11746,0.11946,0.21532,0.14085,0.10558,0.13788,0.11771,0.12399,0.11331,0.12579,0.12139,0.16708,0.13457,0.12849,0.12086,0.16678,0.15,0.13435,0.11987,0.12487,0.13353,0.14187,0.12372,0.15869,0.12352,0.12419,0.14442,0.11289,0.13813,0.13804,0.1429,0.12166,0.094053,0.14704,0.12501,0.11651,0.13287,0.14443,0.12524,0.13904,0.20252,0.13739,0.14072,0.15851,0.10772,0.1112,0.11638,0.1406,0.14444,0.12276,0.14569,0.16088,0.12704,0.16915,0.12261,0.25799,0.13811,0.11046,0.10772,0.14689,0.14144,0.14948,0.13497,0.12059,0.12818
0.13555,0.075709,0.062661,0.10132,0.093297,0.13949,0.078673,0.08715,0.1289,0.081106,0.079058,0.1676,0,0.073761,0.10371,0.053745,0.11314,0.082161,0.059788,0.077728,0.1278,0.085296,0.14309,0.12798,0.093919,0.054962,0.10081,0.08859,0.10187,0.081675,0.052403,0.068141,0.11968,0.090384,0.069685,0.12142,0.16485,0.078073,0.11912,0.094456,0.058253,0.077023,0.066975,0.050367,0.081482,0.074832,0.11396,0.068695,0.10986,0.10532,0.088041,0.098245,0.12183,0.082235,0.090177,0.093112,0.16577,0.052403,0.067939,0.11792,0.12004,0.12773,0.063015,0.086172,0.08386,0.14695,0.070002,0.069849,0.074051,0.077911,0.081742,0.074744,0.098751,0.15037,0.078607,0.071769,0.084027,0.077288,0.081887,0.061373,0.061689,0.093918,0.069501,0.077193,0.083864,0.071474,0.075626,0.12372,0.063511,0.076961,0.11101,0.070875,0.12749,0.069268,0.091714,0.068942,0.067954,0.080683,0.097132,0.093493,0.080668,0.11194,0.076382,0.14161,0.081633,0.12931,0.072476,0.05789,0.073528,0.071027,0.062652,0.10168,0.071924,0.055486,0.061216,0.075093,0.065059,0.086022,0.10662,0.052442,0.06457,0.10615,0.074783,0.16714,0.061951,0.084695,0.046446,0.057615,0.077531,0.068093,0.084444,0.12826,0.065133,0.074659,0.063551,0.088144,0.11521,0.18658,0.060103,0.081585,0.073911,0.10701,0.12626,0.090651,0.076166,0.09003,0.11465,0.078118,0.086008,0.071066,0.11858,0.086508,0.10883,0.089394,0.091578,0.066693,0.14066,0.076855,0.084453,0.075586,0.064458,0.096341,0.10091,0.084361,0.073108,0.097003,0.088629,0.18957,0.073313,0.10472,0.074099,0.064037,0.06571,0.076644,0.064695,0.14928,0.11306,0.092348,0.221,0.077362,0.094555,0.10279,0.088182,0.058891,0.069232,0.071009,0.049355,0.075792,0.072145,0.084091,0.32567,0.055721,0.093474,0.12378,0.16047,0.078435,0.099138,0.066871,0.066982,0.066392
0.12607,0.090708,0.062588,0.085701,0.092474,0.12841,0.092289,0.071862,0.087065,0.090592,0.055754,0.12468,0.073761,0,0.065681,0.055477,0.088433,0.068157,0.05574,0.070667,0.10693,0.066087,0.13127,0.11815,0.098056,0.062679,0.078632,0.082701,0.097214,0.05931,0.063675,0.065599,0.10769,0.081707,0.054095,0.10463,0.17445,0.087238,0.11795,0.069328,0.07101,0.076369,0.074642,0.055637,0.070388,0.074401,0.1071,0.09132,0.086968,0.1014,0.081793,0.091762,0.12713,0.062321,0.085007,0.089448,0.12806,0.063675,0.065172,0.11848,0.099556,0.15148,0.063878,0.060388,0.065969,0.12652,0.078769,0.050575,0.083534,0.073462,0.085758,0.0739,0.097532,0.13009,0.065265,0.075147,0.074771,0.060247,0.086915,0.056887,0.068768,0.081711,0.058753,0.073622,0.058558,0.077358,0.069455,0.087648,0.068163,0.062851,0.092155,0.066717,0.10792,0.058474,0.10387,0.077786,0.067289,0.068813,0.083459,0.064728,0.074291,0.10087,0.053342,0.12499,0.088758,0.096369,0.064717,0.045881,0.071023,0.078592,0.071228,0.092096,0.0954,0.048814,0.04982,0.075503,0.092471,0.063035,0.10496,0.062936,0.068134,0.078927,0.046193,0.15305,0.06299,0.093901,0.062299,0.078904,0.082634,0.044768,0.058937,0.10338,0.074211,0.067187,0.073989,0.06571,0.10335,0.17216,0.05383,0.06613,0.07442,0.10177,0.10891,0.083065,0.067144,0.085403,0.13751,0.065072,0.076618,0.066699,0.10817,0.091349,0.094741,0.056529,0.064309,0.06111,0.11236,0.068484,0.1011,0.063234,0.061673,0.10419,0.072354,0.082811,0.083575,0.10522,0.070336,0.15095,0.083201,0.095054,0.046476,0.062678,0.064571,0.065368,0.0713,0.16451,0.11745,0.093317,0.20958,0.046057,0.069088,0.094255,0.058984,0.073222,0.060476,0.073001,0.072743,0.080073,0.075578,0.063071,0.29924,0.047385,0.075588,0.1115,0.16084,0.093956,0.094941,0.041687,0.046112,0.050574
0.10799,0.10882,0.090378,0.10098,0.089591,0.11252,0.10766,0.10241,0.06878,0.084327,0.061873,0.094375,0.10371,0.065681,0,0.089674,0.084789,0.10211,0.064225,0.086415,0.097857,0.085586,0.10644,0.092836,0.080246,0.083219,0.10191,0.095804,0.076638,0.080142,0.075021,0.09311,0.11133,0.088428,0.065473,0.11465,0.17255,0.097104,0.1,0.073493,0.091179,0.085511,0.10456,0.074836,0.08479,0.080278,0.12111,0.093241,0.08515,0.090316,0.088629,0.11621,0.13502,0.065696,0.097971,0.09612,0.11967,0.075021,0.076785,0.14783,0.095413,0.15318,0.079983,0.0641,0.074702,0.10349,0.085943,0.06931,0.088019,0.090528,0.088403,0.094964,0.10135,0.11407,0.076058,0.075856,0.075407,0.063123,0.089016,0.070222,0.086644,0.096821,0.071873,0.08221,0.092122,0.09391,0.094085,0.067185,0.073711,0.067792,0.094685,0.07041,0.097224,0.083084,0.11102,0.082346,0.084574,0.073777,0.043389,0.068079,0.081316,0.12534,0.058522,0.13606,0.10015,0.075193,0.084877,0.070002,0.061594,0.087894,0.078744,0.10548,0.08863,0.071064,0.074178,0.096983,0.099736,0.072517,0.094985,0.088115,0.092039,0.10207,0.065219,0.12907,0.084424,0.09216,0.07955,0.10502,0.091181,0.070691,0.089275,0.107,0.079895,0.071415,0.10685,0.055618,0.086638,0.18403,0.082624,0.067358,0.086296,0.083914,0.089548,0.078885,0.079007,0.082734,0.13781,0.071475,0.088301,0.071287,0.12273,0.12018,0.08163,0.070045,0.070577,0.074717,0.11493,0.080208,0.10618,0.063983,0.064712,0.11107,0.067005,0.09395,0.094491,0.10136,0.082131,0.1333,0.097753,0.065818,0.0622,0.077695,0.090521,0.069691,0.087482,0.18715,0.11809,0.10768,0.17587,0.061769,0.082905,0.078999,0.089553,0.08092,0.070666,0.087704,0.1027,0.083727,0.10874,0.08672,0.25645,0.072921,0.079094,0.096446,0.14004,0.099962,0.10485,0.075631,0.068273,0.081702
0.1276,0.065085,0.058953,0.074376,0.079666,0.12197,0.083318,0.068314,0.10936,0.088537,0.052564,0.14211,0.053745,0.055477,0.089674,0,0.094342,0.065498,0.057955,0.061161,0.11262,0.07015,0.1475,0.11835,0.095176,0.039222,0.082308,0.084437,0.086715,0.064356,0.047141,0.063568,0.092207,0.066899,0.055822,0.11223,0.16856,0.075958,0.11421,0.081008,0.043872,0.07304,0.045132,0.044627,0.063643,0.066908,0.10504,0.076981,0.10279,0.10062,0.073319,0.077463,0.10998,0.066284,0.07642,0.08216,0.14842,0.047141,0.060809,0.11836,0.09539,0.13981,0.056826,0.065194,0.059562,0.14206,0.071763,0.052547,0.06127,0.062586,0.07945,0.052676,0.091577,0.12481,0.055522,0.064725,0.077335,0.056845,0.075973,0.054315,0.069448,0.081979,0.057817,0.074599,0.063894,0.068449,0.066433,0.097868,0.064963,0.057408,0.10658,0.060755,0.12707,0.065598,0.089091,0.07918,0.055038,0.063819,0.095512,0.066161,0.067295,0.095197,0.058161,0.1341,0.064344,0.11071,0.048467,0.037819,0.058032,0.068344,0.064854,0.085873,0.084284,0.044777,0.032079,0.064984,0.080221,0.062308,0.089782,0.043156,0.047348,0.091772,0.044743,0.15111,0.055727,0.083581,0.047215,0.058637,0.070106,0.038995,0.051311,0.1097,0.066219,0.059143,0.055701,0.082165,0.096268,0.18442,0.041875,0.0738,0.075608,0.10412,0.1151,0.075315,0.060226,0.08384,0.12181,0.062471,0.071478,0.067167,0.10711,0.062945,0.083512,0.064003,0.070448,0.056964,0.12183,0.061527,0.082244,0.059332,0.049204,0.079694,0.085256,0.083203,0.058557,0.10029,0.06276,0.17353,0.064743,0.1009,0.051731,0.045368,0.053094,0.060713,0.053629,0.13534,0.10684,0.085029,0.20163,0.052855,0.065571,0.08168,0.067714,0.065723,0.049006,0.072803,0.037815,0.061906,0.067459,0.059758,0.31872,0.042934,0.065702,0.11607,0.14223,0.070814,0.091804,0.055768,0.048132,0.042625
0.12855,0.10015,0.11213,0.10623,0.1082,0.13535,0.11784,0.12501,0.10531,0.1019,0.086254,0.12508,0.11314,0.088433,0.084789,0.094342,0,0.10484,0.08718,0.079058,0.10777,0.099854,0.15309,0.12408,0.097221,0.088074,0.11562,0.10453,0.10575,0.088005,0.094481,0.10998,0.11037,0.081626,0.090041,0.10712,0.19783,0.12008,0.12032,0.078092,0.1042,0.11597,0.11225,0.087164,0.085753,0.10312,0.13254,0.1096,0.10382,0.1024,0.10426,0.13463,0.12666,0.078181,0.11148,0.1366,0.13885,0.094481,0.09266,0.14975,0.13631,0.16967,0.092802,0.084681,0.094353,0.14669,0.10478,0.085346,0.097154,0.082177,0.11016,0.096867,0.12354,0.11707,0.082172,0.091381,0.085183,0.078916,0.11021,0.08278,0.098057,0.097836,0.095886,0.083062,0.092309,0.10154,0.097359,0.094558,0.093919,0.05823,0.09854,0.087425,0.10607,0.10368,0.1084,0.090859,0.11381,0.095024,0.089126,0.069776,0.098791,0.12442,0.076279,0.12968,0.098934,0.11595,0.096346,0.084866,0.091901,0.085735,0.10761,0.096813,0.1096,0.094062,0.076543,0.10834,0.11173,0.076041,0.10525,0.10504,0.095941,0.12826,0.081706,0.13778,0.087968,0.11548,0.089526,0.12209,0.10228,0.085126,0.097128,0.098674,0.10104,0.090028,0.11688,0.092202,0.11258,0.20956,0.092582,0.081909,0.10919,0.11701,0.096687,0.097749,0.087048,0.10136,0.15163,0.092784,0.107,0.098768,0.14271,0.12815,0.11048,0.076601,0.083234,0.096302,0.14501,0.09349,0.10289,0.084237,0.092219,0.11573,0.087475,0.10456,0.10271,0.11025,0.078403,0.15895,0.11233,0.10411,0.068985,0.090037,0.10466,0.083648,0.10213,0.16503,0.12598,0.11796,0.19865,0.07905,0.10004,0.089503,0.099063,0.094324,0.072865,0.10896,0.10637,0.086418,0.12057,0.092605,0.2908,0.10025,0.099258,0.1229,0.15326,0.096793,0.12731,0.086427,0.084249,0.07992
0.13648,0.091184,0.077232,0.083936,0.088433,0.13028,0.089413,0.068413,0.122,0.1019,0.07215,0.15366,0.082161,0.068157,0.10211,0.065498,0.10484,0,0.086658,0.066859,0.12007,0.060652,0.14124,0.12601,0.10686,0.062283,0.085914,0.087374,0.1016,0.077627,0.072785,0.05926,0.11185,0.08531,0.065287,0.10154,0.18232,0.096267,0.12632,0.090559,0.073859,0.085836,0.068751,0.063562,0.07369,0.094105,0.092742,0.099954,0.12223,0.11498,0.1003,0.087639,0.12314,0.068178,0.094047,0.10876,0.14749,0.072785,0.073253,0.11985,0.1024,0.16039,0.069379,0.077508,0.071488,0.14469,0.098655,0.076036,0.086663,0.073652,0.08738,0.073424,0.10523,0.13216,0.073872,0.095329,0.09652,0.075368,0.096206,0.080194,0.071959,0.077636,0.080483,0.078978,0.083908,0.094372,0.084709,0.098143,0.071095,0.078709,0.1,0.073404,0.12228,0.071743,0.10346,0.087212,0.064002,0.09,0.10832,0.080146,0.090858,0.10985,0.083451,0.14402,0.07693,0.11977,0.070246,0.068902,0.079411,0.07256,0.090189,0.10702,0.10977,0.065761,0.054798,0.079638,0.10638,0.065258,0.11921,0.074097,0.071219,0.10446,0.060944,0.16577,0.067555,0.090768,0.07682,0.081169,0.087515,0.073503,0.071629,0.12399,0.087408,0.065856,0.06864,0.098778,0.11666,0.15979,0.064429,0.08156,0.073882,0.10818,0.11226,0.088893,0.072323,0.08943,0.14662,0.085205,0.084172,0.073068,0.12573,0.082846,0.097384,0.08564,0.085551,0.075296,0.13129,0.071979,0.080251,0.085339,0.077626,0.094688,0.094227,0.096533,0.0844,0.12622,0.075595,0.18052,0.090198,0.1044,0.068435,0.071839,0.070041,0.078163,0.087803,0.14251,0.13324,0.091218,0.21547,0.070327,0.092396,0.1022,0.045695,0.086668,0.076784,0.088781,0.065356,0.081909,0.07802,0.085593,0.31628,0.068596,0.079188,0.12189,0.16311,0.091666,0.087646,0.078307,0.082923,0.066599
0.13188,0.069566,0.061653,0.09861,0.088151,0.12446,0.086822,0.084203,0.097132,0.083242,0.0673,0.13532,0.059788,0.05574,0.064225,0.057955,0.08718,0.086658,0,0.073848,0.11218,0.072118,0.13616,0.11729,0.078837,0.053694,0.092267,0.088751,0.083544,0.063046,0.053619,0.069119,0.10889,0.085887,0.059485,0.1121,0.18053,0.077696,0.10901,0.072621,0.067779,0.077792,0.073062,0.040036,0.066411,0.064486,0.10607,0.073134,0.093094,0.10263,0.09081,0.091218,0.11125,0.065205,0.081284,0.090399,0.15054,0.053619,0.063662,0.12773,0.11053,0.14641,0.058851,0.072384,0.078565,0.13598,0.055786,0.051682,0.074063,0.071094,0.081804,0.074366,0.086654,0.13545,0.064546,0.072448,0.061509,0.059852,0.080329,0.056064,0.069644,0.084717,0.060702,0.067721,0.073412,0.075817,0.077906,0.098303,0.061716,0.061734,0.099391,0.058396,0.11598,0.067399,0.084589,0.069179,0.068004,0.065096,0.067345,0.073658,0.079059,0.10551,0.058506,0.14167,0.074061,0.10303,0.065334,0.0382,0.059989,0.070589,0.061844,0.088495,0.071899,0.059331,0.050201,0.076304,0.074997,0.074077,0.099736,0.058103,0.063088,0.084827,0.054953,0.15257,0.068203,0.086386,0.048176,0.067614,0.088531,0.045584,0.070859,0.12153,0.057243,0.072482,0.064557,0.070424,0.092172,0.18005,0.048676,0.073095,0.072502,0.10343,0.1144,0.088337,0.063953,0.088835,0.13063,0.070692,0.076698,0.070471,0.10528,0.090435,0.092717,0.068369,0.074808,0.057293,0.13147,0.066154,0.087924,0.051974,0.046576,0.10266,0.085773,0.085242,0.077313,0.09412,0.073621,0.16673,0.069725,0.091119,0.053116,0.062002,0.06672,0.06187,0.063556,0.17041,0.11464,0.097626,0.20721,0.052355,0.08752,0.084803,0.080843,0.058532,0.057984,0.068705,0.063496,0.069296,0.077607,0.074065,0.30398,0.050405,0.078372,0.10969,0.15185,0.067158,0.089549,0.061166,0.060707,0.067274
0.11058,0.080085,0.068244,0.073747,0.063738,0.11336,0.083494,0.076641,0.10615,0.076991,0.060192,0.12719,0.077728,0.070667,0.086415,0.061161,0.079058,0.066859,0.073848,0,0.10532,0.066983,0.14458,0.10223,0.099284,0.057774,0.074705,0.091159,0.080127,0.066882,0.050818,0.067565,0.091195,0.05184,0.056301,0.10914,0.16003,0.078729,0.090616,0.092509,0.059197,0.064717,0.08124,0.059053,0.04522,0.06191,0.090768,0.076067,0.098019,0.085584,0.078045,0.106,0.10176,0.043118,0.091644,0.095132,0.13709,0.050818,0.051249,0.13984,0.10862,0.12977,0.058213,0.051173,0.054057,0.12888,0.06767,0.050104,0.072194,0.049546,0.077593,0.0603,0.091055,0.12377,0.044108,0.067271,0.067255,0.060407,0.078242,0.058426,0.072281,0.089006,0.068503,0.057281,0.062349,0.070085,0.076247,0.084753,0.052299,0.043886,0.091178,0.050513,0.10723,0.076265,0.082567,0.085514,0.05954,0.07707,0.086511,0.053288,0.070027,0.090861,0.057662,0.12989,0.076152,0.1091,0.054106,0.050572,0.067206,0.046397,0.079183,0.090633,0.086585,0.05074,0.043568,0.074574,0.083339,0.046744,0.11163,0.059091,0.057241,0.10976,0.045644,0.12696,0.055652,0.077448,0.058363,0.084365,0.074832,0.061699,0.067304,0.1003,0.072615,0.052001,0.072688,0.080766,0.10149,0.17644,0.062618,0.061437,0.068342,0.088212,0.089195,0.065961,0.054887,0.067067,0.11445,0.073508,0.069527,0.061722,0.13238,0.075939,0.093496,0.06476,0.073041,0.061621,0.12759,0.052896,0.066867,0.072737,0.063102,0.077936,0.070403,0.074709,0.065904,0.092231,0.061546,0.15251,0.06956,0.094365,0.056281,0.0519,0.073717,0.064188,0.064696,0.14515,0.10098,0.07554,0.18673,0.055185,0.080827,0.070625,0.071437,0.064077,0.049403,0.081406,0.068866,0.045567,0.083504,0.068376,0.30129,0.068308,0.054315,0.094393,0.13757,0.065066,0.090994,0.073874,0.06197,0.045866
0.13647,0.11481,0.09995,0.09559,0.10999,0.11184,0.12261,0.12945,0.085415,0.095466,0.09588,0.13609,0.1278,0.10693,0.097857,0.11262,0.10777,0.12007,0.11218,0.10532,0,0.099446,0.13391,0.12583,0.1378,0.11067,0.12763,0.1066,0.093432,0.12543,0.096738,0.1161,0.14019,0.11637,0.091376,0.13558,0.1527,0.11296,0.12764,0.11617,0.10966,0.10246,0.12226,0.10413,0.11805,0.1155,0.14295,0.12339,0.108,0.12412,0.10324,0.15199,0.15258,0.095334,0.11491,0.12293,0.094529,0.096738,0.10836,0.169,0.12982,0.16506,0.10608,0.11221,0.10528,0.13569,0.12816,0.1157,0.11207,0.12768,0.097737,0.11305,0.14923,0.13761,0.10913,0.11049,0.11512,0.088043,0.10595,0.093404,0.12868,0.11936,0.097456,0.099152,0.10588,0.11456,0.10262,0.10554,0.10812,0.10359,0.11307,0.10976,0.12829,0.10771,0.13009,0.11118,0.10429,0.098454,0.094433,0.085966,0.10244,0.12878,0.09037,0.090567,0.11883,0.10382,0.11033,0.10469,0.10215,0.11747,0.11273,0.13793,0.11947,0.10224,0.098007,0.1317,0.11348,0.099363,0.12217,0.11388,0.1211,0.15208,0.091315,0.12988,0.10368,0.11209,0.10371,0.12762,0.11311,0.11395,0.11512,0.081524,0.11216,0.092743,0.12438,0.11072,0.10391,0.18875,0.11057,0.093228,0.14091,0.11413,0.095559,0.098246,0.106,0.12101,0.14703,0.092598,0.11819,0.10358,0.15187,0.13043,0.091588,0.092557,0.094387,0.1001,0.12567,0.1168,0.13855,0.09814,0.11168,0.1356,0.082419,0.12272,0.1075,0.13273,0.1135,0.13837,0.12275,0.093622,0.10977,0.10649,0.11961,0.11408,0.12014,0.19943,0.14025,0.11793,0.18457,0.097415,0.10112,0.095536,0.1169,0.10668,0.10056,0.10562,0.11623,0.11676,0.12254,0.11846,0.29441,0.11517,0.10749,0.11463,0.13761,0.13863,0.10016,0.11383,0.10139,0.10348
0.13175,0.073979,0.05914,0.073441,0.087338,0.11247,0.07826,0.065261,0.11283,0.090973,0.058873,0.14012,0.085296,0.066087,0.085586,0.07015,0.099854,0.060652,0.072118,0.066983,0.099446,0,0.13392,0.12666,0.10638,0.065948,0.079313,0.083313,0.096516,0.070501,0.059323,0.053054,0.11535,0.083736,0.04747,0.092312,0.17266,0.086096,0.10828,0.089109,0.077839,0.063122,0.072686,0.055128,0.069917,0.069787,0.095022,0.089754,0.11863,0.093283,0.082589,0.090779,0.1067,0.050643,0.071717,0.097912,0.13557,0.059323,0.064306,0.13255,0.096048,0.15848,0.060977,0.075425,0.06555,0.14287,0.081604,0.057784,0.086197,0.0782,0.089062,0.058425,0.093225,0.13351,0.075571,0.092268,0.082791,0.055405,0.07326,0.062743,0.073757,0.085989,0.067534,0.069871,0.07077,0.084858,0.077787,0.08593,0.066354,0.070929,0.077581,0.070791,0.1137,0.063026,0.09373,0.080608,0.063808,0.083319,0.086959,0.068222,0.078308,0.088335,0.06992,0.14422,0.08356,0.095767,0.066976,0.060172,0.069376,0.072175,0.075356,0.096313,0.099183,0.05668,0.058214,0.082471,0.089313,0.060758,0.12171,0.06945,0.064218,0.095708,0.055066,0.1502,0.070889,0.08812,0.060312,0.077245,0.096862,0.065738,0.065986,0.10831,0.089084,0.067913,0.078313,0.08436,0.11208,0.16884,0.063556,0.071118,0.084459,0.10563,0.091437,0.079188,0.069743,0.093433,0.13956,0.07012,0.076084,0.059242,0.11796,0.074029,0.097898,0.063945,0.065992,0.064025,0.11915,0.070213,0.082082,0.061376,0.056973,0.08699,0.074364,0.0897,0.068847,0.11544,0.058172,0.16878,0.075327,0.099083,0.077641,0.059741,0.067299,0.076634,0.082679,0.17123,0.11588,0.0816,0.20742,0.056398,0.099472,0.096683,0.046131,0.070105,0.058868,0.080055,0.07312,0.080446,0.075079,0.073732,0.31385,0.064942,0.06457,0.10907,0.15326,0.094748,0.058442,0.073599,0.073426,0.065533
0.15622,0.15732,0.13668,0.14407,0.12654,0.16113,0.16028,0.15287,0.14844,0.12162,0.11572,0.1611,0.14309,0.13127,0.10644,0.1475,0.15309,0.14124,0.13616,0.14458,0.13391,0.13392,0,0.14151,0.11191,0.14003,0.15703,0.119,0.13312,0.14777,0.12772,0.13986,0.1566,0.15047,0.12388,0.14538,0.19908,0.14807,0.14054,0.14045,0.13643,0.13084,0.14928,0.13078,0.14848,0.14423,0.17736,0.12883,0.13124,0.12878,0.13474,0.16385,0.1863,0.12835,0.14273,0.12862,0.16292,0.12772,0.13429,0.18147,0.12559,0.19852,0.13797,0.12192,0.11998,0.15239,0.15401,0.13926,0.12992,0.14866,0.12642,0.14149,0.1465,0.164,0.1399,0.12604,0.15415,0.12387,0.14101,0.13127,0.12924,0.16017,0.13657,0.13203,0.15841,0.15552,0.13738,0.13093,0.12174,0.13364,0.12195,0.12113,0.12776,0.11659,0.15394,0.12244,0.13874,0.14586,0.10341,0.14137,0.14068,0.19874,0.12194,0.17995,0.14371,0.13711,0.13783,0.14129,0.11623,0.15094,0.12213,0.15746,0.13801,0.12154,0.13764,0.13961,0.15139,0.13304,0.12535,0.14541,0.14856,0.15419,0.13522,0.18689,0.13322,0.13401,0.13202,0.15931,0.12942,0.14718,0.14679,0.15362,0.13321,0.12565,0.15842,0.11128,0.14919,0.21633,0.13525,0.12742,0.14379,0.12954,0.13126,0.12187,0.13948,0.1214,0.18708,0.11605,0.14339,0.11558,0.18355,0.17809,0.11637,0.13737,0.12707,0.13252,0.14911,0.13333,0.14454,0.12921,0.12878,0.15683,0.11575,0.15247,0.14206,0.14306,0.14318,0.18112,0.15307,0.10862,0.13223,0.13333,0.1462,0.13164,0.14952,0.23455,0.15287,0.14618,0.1934,0.13518,0.13819,0.14071,0.13769,0.14144,0.12979,0.13604,0.14935,0.13443,0.16223,0.14368,0.27296,0.12756,0.14312,0.14146,0.1879,0.15863,0.15007,0.13689,0.13179,0.13923
