0,0.09961,0.087128,0.086526,0.090335,0.089624,0.12026,0.099588,0.089235,0.089636,0.080489,0.13909,0.075535,0.085649,0.070918,0.10314,0.098497,0.091929,0.11011,0.086719,0.11248,0.092347,0.083076,0.063492,0.072256,0.085175,0.097557,0.17979,0.0662,0.093306,0.082183,0.097575,0.1466,0.10107,0.082511,0.10355,0.11274,0.079115,0.078925,0.088605,0.10001,0.083551,0.12497,0.089804,0.11186,0.11123,0.09582,0.095635,0.064312,0.10599,0.090441,0.094971,0.081632,0.07759,0.084715,0.10598,0.10389,0.082183,0.089946,0.10402,0.092004,0.096925,0.087604,0.090556,0.08802,0.063049,0.11546,0.080634,0.078514,0.12601,0.081679,0.086205,0.093969,0.091853,0.10776,0.10922,0.082256,0.07496,0.093177,0.099036,0.093071,0.094434,0.07816,0.075088,0.10026,0.091411,0.084798,0.08196,0.093205,0.087466,0.07945,0.085421,0.07685,0.090085,0.08789,0.080096,0.10208,0.077562,0.092844,0.097598,0.10669,0.11175,0.10207,0.11108,0.088163,0.10369,0.11957,0.081111,0.074569,0.080556,0.089446,0.096953,0.10105,0.10802,0.082839,0.10359,0.078182,0.091964,0.089641,0.078429,0.082502,0.10889,0.08743,0.076226,0.10364,0.092583,0.082181,0.089309,0.068469,0.087544,0.083215,0.07928,0.085658,0.14665,0.090539,0.075762,0.061955,0.085226,0.094494,0.094625,0.09518,0.049253,0.12067,0.095943,0.086891,0.076494,0.077616,0.081673,0.10662,0.083115,0.11922,0.076735,0.091916,0.082723,0.084012,0.10065,0.087705,0.11697,0.094039,0.076879,0.085105,0.085038,0.08478,0.10351,0.084811,0.090309,0.090068,0.073727,0.087551,0.085801,0.095957,0.12426,0.093281,0.088599,0.10715,0.096419,0.086636,0.088678,0.095063,0.078009,0.083207,0.073006,0.10094,0.091499,0.082215,0.0904,0.094921,0.096141,0.085233,0.094132,0.092116,0.10999,0.086147,0.098545,0.073901,0.12765,0.095991,0.074544,0.080213,0.091767
0.09961,0,0.056952,0.080441,0.069629,0.091915,0.11718,0.074133,0.087765,0.072581,0.062646,0.14657,0.082509,0.07372,0.073736,0.079027,0.086778,0.069648,0.096786,0.069976,0.15449,0.060618,0.078909,0.092729,0.098274,0.066949,0.084269,0.1414,0.075026,0.078351,0.074447,0.060848,0.096244,0.078443,0.069131,0.07478,0.098652,0.070983,0.10103,0.076274,0.073113,0.074839,0.09866,0.069036,0.076532,0.099712,0.081569,0.080789,0.085966,0.10062,0.079887,0.083815,0.092654,0.069241,0.052373,0.086464,0.13454,0.074447,0.05964,0.088827,0.085634,0.095191,0.080817,0.076621,0.069696,0.08159,0.099068,0.080797,0.070902,0.093641,0.067712,0.070648,0.080289,0.072806,0.072948,0.093685,0.077737,0.076294,0.077298,0.076497,0.069183,0.10187,0.077857,0.063789,0.093357,0.072532,0.067,0.065916,0.089526,0.080473,0.082774,0.082718,0.083983,0.071956,0.051375,0.074924,0.086515,0.077564,0.064575,0.062394,0.075691,0.062442,0.06605,0.08892,0.084537,0.089337,0.079872,0.065424,0.072035,0.075782,0.085344,0.090764,0.078611,0.06739,0.074329,0.089029,0.069788,0.079513,0.082134,0.079838,0.062404,0.087882,0.072011,0.084145,0.060983,0.076286,0.059337,0.066765,0.10021,0.058913,0.082591,0.079895,0.068825,0.13858,0.056917,0.08559,0.071486,0.063531,0.077737,0.065387,0.085951,0.085082,0.12024,0.1007,0.074864,0.066821,0.086052,0.067425,0.11662,0.078937,0.10265,0.073614,0.061328,0.064819,0.068918,0.075362,0.077867,0.08397,0.074231,0.068114,0.067119,0.072654,0.081185,0.074611,0.072333,0.065655,0.080174,0.078224,0.069928,0.067494,0.076798,0.091607,0.070216,0.085727,0.090316,0.086201,0.10426,0.079711,0.10987,0.063593,0.062258,0.075268,0.074859,0.073802,0.070787,0.077854,0.062651,0.066748,0.065451,0.069676,0.12926,0.11664,0.080556,0.10137,0.075378,0.093866,0.095041,0.071008,0.082099,0.076042
0.087128,0.056952,0,0.047274,0.047264,0.075426,0.092795,0.036698,0.046749,0.049425,0.033472,0.1405,0.049257,0.035089,0.056936,0.044788,0.063189,0.050499,0.066155,0.042536,0.13844,0.042703,0.058578,0.090646,0.068978,0.032647,0.054728,0.14868,0.048815,0.052655,0.048808,0.046015,0.078766,0.047991,0.040648,0.044428,0.079607,0.041218,0.085384,0.034083,0.040229,0.040626,0.084414,0.045126,0.04329,0.0718,0.045852,0.055845,0.076592,0.075958,0.046432,0.052635,0.070106,0.045091,0.044131,0.072619,0.12735,0.048808,0.029876,0.066899,0.091836,0.10452,0.050734,0.041683,0.041777,0.077453,0.065738,0.0456,0.039927,0.065247,0.038421,0.039884,0.044641,0.043885,0.042377,0.085163,0.051763,0.049301,0.044093,0.040814,0.038244,0.072623,0.057836,0.037053,0.07293,0.044778,0.038969,0.036236,0.06231,0.039361,0.060322,0.047081,0.052944,0.038189,0.051339,0.04746,0.064538,0.040825,0.039215,0.030046,0.048344,0.048312,0.072132,0.06298,0.054075,0.062755,0.048041,0.030431,0.041977,0.041202,0.059417,0.056591,0.051431,0.04609,0.041254,0.059424,0.037126,0.06058,0.067875,0.059356,0.030417,0.086519,0.045472,0.074514,0.050229,0.04968,0.021617,0.042884,0.086766,0.029983,0.046354,0.057053,0.054449,0.12116,0.028988,0.062928,0.051211,0.052091,0.043402,0.040244,0.068831,0.070425,0.11329,0.076542,0.053219,0.044131,0.080095,0.039583,0.081761,0.043022,0.079453,0.042723,0.061955,0.029418,0.032745,0.049605,0.055846,0.051335,0.037454,0.033947,0.030926,0.042836,0.053346,0.050595,0.039182,0.060766,0.053997,0.055975,0.038021,0.071438,0.034817,0.068104,0.042071,0.056813,0.056429,0.054329,0.08226,0.069968,0.11778,0.039643,0.057371,0.043582,0.055399,0.053957,0.033866,0.048931,0.03335,0.048441,0.040661,0.044769,0.13035,0.11225,0.076647,0.09728,0.061936,0.079188,0.057439,0.043209,0.04683,0.044453
0.086526,0.080441,0.047274,0,0.04627,0.054557,0.094122,0.054886,0.046885,0.053665,0.051563,0.13361,0.056467,0.040018,0.06275,0.051021,0.067591,0.058629,0.075642,0.052989,0.12105,0.057845,0.067825,0.07997,0.064812,0.044922,0.058773,0.14203,0.042254,0.069235,0.055841,0.062518,0.097181,0.055857,0.045864,0.055831,0.076112,0.04509,0.092001,0.033479,0.054194,0.037695,0.083745,0.055658,0.06058,0.05795,0.052648,0.064554,0.071625,0.0946,0.048945,0.063775,0.081374,0.058508,0.0555,0.076595,0.12034,0.055841,0.044865,0.081761,0.085046,0.10072,0.036169,0.058498,0.05135,0.067466,0.080525,0.044512,0.043833,0.07652,0.046481,0.044036,0.049348,0.042881,0.062991,0.099858,0.050574,0.05838,0.04936,0.055792,0.052936,0.081779,0.056234,0.042933,0.056136,0.045095,0.054687,0.040987,0.0796,0.045111,0.067149,0.062817,0.062753,0.053289,0.073161,0.050566,0.073509,0.04706,0.06325,0.047661,0.06344,0.07544,0.087664,0.073176,0.060881,0.056972,0.067196,0.043408,0.05246,0.049888,0.059466,0.061662,0.06076,0.061428,0.040491,0.049343,0.05091,0.052614,0.073433,0.055632,0.041034,0.086808,0.050242,0.06607,0.076022,0.054776,0.042431,0.057438,0.081608,0.045842,0.060537,0.059121,0.060297,0.10096,0.041108,0.068779,0.048256,0.066672,0.051391,0.048688,0.081986,0.067793,0.10371,0.08038,0.05591,0.044952,0.081,0.057535,0.087623,0.052098,0.087054,0.047552,0.070238,0.038664,0.043116,0.058667,0.076885,0.070122,0.053956,0.046179,0.036667,0.054191,0.038857,0.057599,0.040038,0.071651,0.054229,0.049613,0.056522,0.072254,0.05661,0.070174,0.052026,0.04132,0.051172,0.062307,0.096236,0.083415,0.10438,0.036841,0.067061,0.048646,0.079713,0.066031,0.04889,0.060301,0.04952,0.06004,0.050867,0.052581,0.11978,0.097907,0.077661,0.084352,0.047795,0.10051,0.051462,0.046637,0.052922,0.052109
0.090335,0.069629,0.047264,0.04627,0,0.059923,0.096713,0.053231,0.066375,0.051659,0.055264,0.12862,0.052833,0.045642,0.072593,0.046069,0.057595,0.064091,0.081894,0.055005,0.14792,0.0635,0.072683,0.080205,0.082915,0.042046,0.066729,0.15131,0.044589,0.056124,0.05193,0.066956,0.099628,0.060892,0.051435,0.051458,0.078303,0.049629,0.098569,0.046101,0.048355,0.042823,0.082107,0.055084,0.056672,0.073334,0.052757,0.068005,0.067336,0.084731,0.05651,0.069401,0.074465,0.065676,0.059313,0.081563,0.10788,0.05193,0.046541,0.067719,0.089695,0.096426,0.053274,0.059335,0.058315,0.073047,0.076698,0.052773,0.053443,0.07318,0.051038,0.048733,0.063998,0.044754,0.057253,0.10079,0.052884,0.05529,0.058098,0.059948,0.061753,0.067808,0.068576,0.048629,0.067213,0.058957,0.045882,0.049877,0.075209,0.049057,0.063469,0.067321,0.064454,0.05235,0.069118,0.047785,0.074624,0.052079,0.057822,0.058286,0.060928,0.074579,0.072707,0.066254,0.061498,0.067935,0.063739,0.044898,0.056026,0.042612,0.064624,0.061524,0.054336,0.050516,0.039998,0.060403,0.049288,0.06417,0.078979,0.061454,0.049336,0.086221,0.049938,0.076392,0.071089,0.057457,0.038604,0.053524,0.08249,0.048054,0.049482,0.057375,0.060425,0.11599,0.039087,0.074834,0.047678,0.063652,0.050347,0.05723,0.08118,0.071265,0.098992,0.068768,0.068372,0.04491,0.080569,0.049234,0.086971,0.063041,0.07886,0.048176,0.064663,0.049432,0.053633,0.055478,0.075026,0.067476,0.053058,0.045061,0.049563,0.061787,0.062026,0.060544,0.033015,0.065753,0.066524,0.059598,0.049705,0.072507,0.055056,0.068945,0.047443,0.054058,0.077405,0.056809,0.086874,0.063888,0.11258,0.045934,0.063184,0.056159,0.074727,0.053986,0.045642,0.060255,0.043327,0.063495,0.051292,0.054805,0.12776,0.11359,0.074309,0.073405,0.046505,0.098282,0.06163,0.060819,0.047825,0.050801
0.089624,0.091915,0.075426,0.054557,0.059923,0,0.099782,0.080367,0.074252,0.066415,0.073107,0.12793,0.066522,0.059766,0.076856,0.072899,0.079367,0.080465,0.083113,0.070619,0.13213,0.079884,0.087945,0.08031,0.083867,0.064332,0.086831,0.1469,0.05558,0.083342,0.065293,0.079186,0.1234,0.07505,0.073315,0.076845,0.081021,0.062782,0.11032,0.065515,0.073828,0.050138,0.094621,0.079628,0.083814,0.087652,0.065899,0.091596,0.069301,0.11043,0.079356,0.091798,0.092275,0.074676,0.068195,0.095409,0.11595,0.065293,0.074115,0.083007,0.091084,0.093972,0.057554,0.078183,0.077545,0.076476,0.11126,0.069087,0.066445,0.09441,0.068578,0.072227,0.083467,0.072531,0.085294,0.11458,0.068597,0.064289,0.064443,0.067953,0.0753,0.094634,0.066726,0.061558,0.066786,0.066838,0.074461,0.065123,0.095243,0.071632,0.074972,0.087655,0.078211,0.069086,0.07856,0.065409,0.08924,0.065757,0.074245,0.071016,0.080757,0.0957,0.095621,0.08269,0.076107,0.071891,0.090938,0.060561,0.073459,0.059272,0.063482,0.084704,0.079317,0.080502,0.058777,0.06404,0.070028,0.073637,0.094731,0.067666,0.063948,0.10439,0.07263,0.07989,0.094242,0.070042,0.064085,0.075597,0.092115,0.068355,0.068444,0.069776,0.084363,0.10733,0.057372,0.081324,0.057946,0.082357,0.080737,0.074899,0.08821,0.070227,0.10565,0.087669,0.084171,0.061371,0.087263,0.059544,0.10255,0.075312,0.09375,0.073964,0.086978,0.066728,0.073921,0.081849,0.092708,0.090814,0.06531,0.0626,0.061553,0.073123,0.052336,0.080504,0.056858,0.09521,0.085761,0.066137,0.064429,0.081149,0.079344,0.081822,0.069034,0.052045,0.087157,0.068987,0.097359,0.084407,0.10818,0.058757,0.078306,0.066251,0.10365,0.073164,0.076048,0.076171,0.069298,0.073778,0.07059,0.081412,0.12211,0.094956,0.088236,0.074676,0.048285,0.11962,0.067783,0.065983,0.073756,0.069896
0.12026,0.11718,0.092795,0.094122,0.096713,0.099782,0,0.090372,0.094203,0.086465,0.092807,0.14475,0.1048,0.087051,0.094469,0.088526,0.10601,0.10361,0.11645,0.10825,0.15346,0.093156,0.1186,0.11426,0.10593,0.082617,0.086709,0.1725,0.084934,0.11501,0.064864,0.081973,0.12438,0.086462,0.08471,0.10505,0.077966,0.087775,0.1093,0.083004,0.084762,0.079213,0.11062,0.075495,0.10072,0.10985,0.094538,0.10264,0.090926,0.096824,0.10473,0.10104,0.10778,0.1018,0.095137,0.10535,0.1575,0.064864,0.086073,0.10179,0.1322,0.1215,0.088709,0.083116,0.098611,0.0922,0.10832,0.085405,0.089824,0.11927,0.086521,0.091842,0.097793,0.11249,0.098655,0.13727,0.076617,0.072022,0.084375,0.094708,0.089074,0.10825,0.099265,0.088412,0.09242,0.086669,0.098873,0.097207,0.10027,0.078782,0.078647,0.08597,0.093857,0.086266,0.096736,0.080542,0.083221,0.091844,0.078606,0.095406,0.10201,0.097688,0.097843,0.06329,0.078987,0.092888,0.10781,0.089745,0.076462,0.088218,0.10675,0.089534,0.07018,0.086062,0.080255,0.083672,0.075951,0.096951,0.13605,0.097761,0.085326,0.14624,0.11303,0.090396,0.11798,0.061368,0.084844,0.080607,0.097497,0.099112,0.087571,0.083108,0.087426,0.13863,0.087242,0.092884,0.092582,0.082806,0.087293,0.082277,0.082852,0.099404,0.11515,0.10253,0.098621,0.10363,0.094618,0.093112,0.10625,0.086107,0.1121,0.093686,0.12235,0.088735,0.089739,0.095517,0.088611,0.095593,0.088543,0.091052,0.089302,0.097521,0.092166,0.080622,0.086252,0.11918,0.097322,0.093563,0.088537,0.12916,0.099659,0.079858,0.085913,0.089996,0.088567,0.088698,0.1012,0.084033,0.15953,0.095405,0.119,0.10852,0.10439,0.074511,0.080578,0.076592,0.091969,0.097632,0.090396,0.091268,0.1481,0.11163,0.101,0.095945,0.087689,0.10804,0.068933,0.10173,0.096602,0.081765
0.099588,0.074133,0.036698,0.054886,0.053231,0.080367,0.090372,0,0.054967,0.052531,0.051331,0.13336,0.047752,0.041359,0.063276,0.040598,0.070747,0.058977,0.06617,0.056288,0.14828,0.048718,0.066874,0.091227,0.078052,0.041315,0.061833,0.15748,0.058225,0.06542,0.052272,0.057783,0.093428,0.054859,0.042061,0.056911,0.078415,0.049172,0.093015,0.039828,0.047642,0.049315,0.078009,0.046887,0.050141,0.069822,0.051701,0.070093,0.074735,0.073735,0.052681,0.061732,0.074107,0.059861,0.060885,0.081863,0.12926,0.052272,0.036317,0.072677,0.10443,0.10199,0.050293,0.047131,0.057312,0.082311,0.07397,0.044985,0.046016,0.07013,0.036595,0.047463,0.062721,0.049675,0.050284,0.094277,0.051293,0.050241,0.052239,0.043146,0.04263,0.067323,0.066362,0.052128,0.073646,0.047621,0.037089,0.051032,0.077535,0.046526,0.064519,0.052582,0.065157,0.034911,0.064798,0.054674,0.066112,0.040956,0.048945,0.046875,0.04891,0.058896,0.076094,0.056556,0.051235,0.066344,0.057914,0.045935,0.047036,0.049452,0.060865,0.052725,0.041587,0.049145,0.044687,0.057269,0.047973,0.068793,0.084966,0.058855,0.032282,0.097169,0.064922,0.076966,0.066358,0.050551,0.040524,0.047013,0.084737,0.046811,0.047315,0.063132,0.063853,0.12294,0.038982,0.066145,0.062151,0.054277,0.047998,0.049529,0.07761,0.074722,0.10951,0.073263,0.061173,0.051595,0.081432,0.05477,0.082856,0.048528,0.074991,0.045807,0.0694,0.039632,0.042394,0.042928,0.057959,0.055205,0.04222,0.050025,0.045914,0.058534,0.063524,0.038039,0.040023,0.056475,0.059309,0.07368,0.044549,0.086245,0.047762,0.066001,0.033644,0.062864,0.068953,0.06852,0.099318,0.075576,0.13297,0.041904,0.071447,0.064034,0.06563,0.049009,0.034587,0.051433,0.044216,0.060374,0.038825,0.049586,0.14702,0.10881,0.083345,0.10041,0.062943,0.081809,0.051465,0.057134,0.052452,0.051913
0.089235,0.087765,0.046749,0.046885,0.066375,0.074252,0.094203,0.054967,0,0.066417,0.060026,0.1519,0.067941,0.046851,0.071495,0.066922,0.072766,0.069468,0.072619,0.064911,0.13024,0.062157,0.074461,0.092674,0.073246,0.050215,0.075906,0.15114,0.061405,0.065752,0.063403,0.059301,0.09108,0.055926,0.05261,0.067107,0.079796,0.056288,0.095806,0.040668,0.061728,0.050945,0.090115,0.070168,0.063171,0.075164,0.058054,0.072209,0.080827,0.091877,0.057917,0.069998,0.076185,0.053519,0.056722,0.079356,0.13309,0.063403,0.054403,0.073012,0.096748,0.10902,0.054467,0.056718,0.062429,0.08235,0.082956,0.05625,0.056484,0.074517,0.056786,0.058305,0.060782,0.056272,0.063006,0.092378,0.065844,0.062334,0.055842,0.056758,0.05524,0.074259,0.066317,0.058525,0.071704,0.057844,0.061849,0.055686,0.077451,0.039374,0.07692,0.056489,0.067415,0.048747,0.065996,0.056374,0.07766,0.050045,0.065665,0.045473,0.074962,0.067295,0.091308,0.078296,0.070611,0.077089,0.068222,0.054229,0.056774,0.058321,0.069271,0.0656,0.068933,0.069114,0.049205,0.062116,0.052123,0.068623,0.092534,0.060444,0.042016,0.11021,0.063756,0.076681,0.075009,0.065738,0.052066,0.058557,0.091951,0.051942,0.065547,0.059398,0.072611,0.11746,0.053199,0.081291,0.066997,0.071778,0.065759,0.050636,0.084568,0.077932,0.10927,0.084978,0.063624,0.058199,0.091259,0.061775,0.096483,0.050951,0.088523,0.061859,0.089671,0.051346,0.044436,0.066888,0.080805,0.062604,0.056448,0.049319,0.049378,0.05749,0.055407,0.070312,0.052514,0.083737,0.05524,0.065345,0.054381,0.088468,0.06244,0.077423,0.058021,0.052452,0.064738,0.060441,0.092073,0.081187,0.12057,0.055572,0.083425,0.060002,0.077765,0.069578,0.054352,0.067968,0.06759,0.054487,0.057892,0.057236,0.1276,0.11584,0.088414,0.097195,0.066792,0.10555,0.05986,0.052825,0.05655,0.058612
0.089636,0.072581,0.049425,0.053665,0.051659,0.066415,0.086465,0.052531,0.066417,0,0.05834,0.12142,0.05769,0.041312,0.059256,0.05027,0.053879,0.046864,0.076136,0.05455,0.1229,0.036057,0.072288,0.084233,0.080915,0.039949,0.060922,0.14319,0.046998,0.068522,0.040433,0.049769,0.098832,0.060261,0.042023,0.049227,0.079989,0.055606,0.08873,0.044463,0.045198,0.042354,0.077251,0.037633,0.061802,0.0649,0.051185,0.058691,0.072538,0.090782,0.057827,0.069618,0.073722,0.065202,0.058328,0.065771,0.13073,0.040433,0.044843,0.075434,0.076648,0.097088,0.051361,0.055443,0.048808,0.067354,0.069916,0.042596,0.047624,0.079411,0.051956,0.042388,0.068971,0.048805,0.064972,0.098573,0.0459,0.048533,0.036937,0.052388,0.049941,0.078823,0.0628,0.049981,0.058487,0.046951,0.047903,0.043252,0.071474,0.049653,0.046797,0.062647,0.065277,0.040602,0.060182,0.038637,0.048147,0.052211,0.04307,0.05376,0.061872,0.061537,0.065188,0.054559,0.043701,0.064505,0.069928,0.04394,0.047133,0.042789,0.05778,0.046113,0.043087,0.052479,0.045888,0.050249,0.040857,0.063327,0.075472,0.061181,0.042981,0.083344,0.064064,0.067482,0.074824,0.044122,0.038565,0.055558,0.072764,0.049963,0.048314,0.061473,0.0543,0.11019,0.043579,0.068176,0.060452,0.049987,0.048346,0.041688,0.067999,0.066498,0.085207,0.070962,0.051547,0.052261,0.079709,0.056563,0.076127,0.044762,0.069658,0.057677,0.067868,0.048461,0.049407,0.048573,0.052405,0.064054,0.054178,0.039515,0.041661,0.052292,0.053634,0.05411,0.040377,0.068243,0.059542,0.073292,0.051918,0.073496,0.059528,0.058884,0.050386,0.056826,0.063474,0.062558,0.099122,0.057462,0.1227,0.041906,0.066182,0.056637,0.066245,0.047746,0.04175,0.042,0.047571,0.065913,0.054517,0.054178,0.12631,0.10488,0.085838,0.0817,0.046695,0.082826,0.045649,0.046504,0.044517,0.048465
0.080489,0.062646,0.033472,0.051563,0.055264,0.073107,0.092807,0.051331,0.060026,0.05834,0,0.13698,0.048667,0.03996,0.04422,0.044508,0.066517,0.049286,0.073831,0.040285,0.13145,0.053953,0.057918,0.084554,0.061625,0.039268,0.045474,0.15193,0.047706,0.06925,0.048054,0.05634,0.094336,0.052236,0.046335,0.057454,0.083416,0.039248,0.075183,0.043377,0.047447,0.036766,0.086936,0.050069,0.057031,0.075813,0.052786,0.059087,0.066208,0.075975,0.056683,0.057052,0.067135,0.046749,0.055809,0.069298,0.12132,0.048054,0.036866,0.064437,0.090298,0.10257,0.047503,0.056195,0.050137,0.067016,0.073901,0.042475,0.041355,0.082317,0.042219,0.040334,0.047255,0.054578,0.052832,0.08369,0.040401,0.047507,0.055273,0.049339,0.049045,0.077637,0.04385,0.026803,0.079931,0.04684,0.03919,0.046012,0.065929,0.055346,0.056365,0.05128,0.04609,0.049975,0.062286,0.051306,0.068934,0.043707,0.041065,0.041534,0.056044,0.061707,0.078363,0.063699,0.062036,0.05845,0.065475,0.031352,0.040919,0.047183,0.05744,0.067908,0.063087,0.044515,0.042227,0.060207,0.037158,0.054885,0.061623,0.065522,0.036697,0.078236,0.046769,0.074744,0.055719,0.047196,0.031948,0.043196,0.085601,0.037476,0.047887,0.052058,0.050437,0.12273,0.034206,0.048685,0.041858,0.055085,0.047896,0.049903,0.0664,0.062519,0.1176,0.084039,0.053531,0.039755,0.076332,0.03915,0.074845,0.052977,0.087903,0.040383,0.049745,0.026584,0.039557,0.059003,0.063248,0.06674,0.047421,0.033904,0.032664,0.036491,0.05389,0.052318,0.048878,0.062431,0.05633,0.059329,0.047004,0.06318,0.038651,0.074958,0.044434,0.060069,0.062265,0.061765,0.081873,0.07214,0.10846,0.044387,0.043045,0.042771,0.062071,0.059204,0.041162,0.052948,0.036986,0.061693,0.037144,0.054813,0.1209,0.10324,0.073957,0.10287,0.063959,0.080935,0.061996,0.051593,0.053315,0.037675
0.13909,0.14657,0.1405,0.13361,0.12862,0.12793,0.14475,0.13336,0.1519,0.12142,0.13698,0,0.12809,0.13584,0.12154,0.13098,0.14477,0.11679,0.14821,0.1261,0.18011,0.12741,0.13425,0.1121,0.13648,0.13145,0.13173,0.22354,0.1247,0.15322,0.12645,0.13059,0.17444,0.12936,0.12723,0.13156,0.1333,0.12841,0.14424,0.13505,0.13643,0.12698,0.15502,0.13316,0.14026,0.14775,0.13236,0.14337,0.11749,0.14474,0.14532,0.13884,0.1435,0.15647,0.13343,0.15504,0.15194,0.12645,0.13738,0.15094,0.13519,0.10269,0.12882,0.14692,0.13103,0.11585,0.1442,0.1241,0.13005,0.16227,0.12369,0.12346,0.1498,0.13463,0.14299,0.14054,0.12183,0.12101,0.13451,0.13068,0.12902,0.1324,0.1182,0.12253,0.14345,0.12077,0.12337,0.13281,0.13574,0.14707,0.11983,0.15559,0.14175,0.12842,0.14588,0.12195,0.13756,0.13719,0.13082,0.14239,0.1399,0.14112,0.14535,0.12914,0.11463,0.12414,0.14661,0.13114,0.13375,0.13003,0.12877,0.13677,0.12426,0.1376,0.13183,0.125,0.13368,0.12675,0.13969,0.1339,0.12859,0.15331,0.14414,0.13858,0.13792,0.12163,0.12659,0.13178,0.10642,0.13808,0.12165,0.12637,0.13432,0.17907,0.13228,0.1228,0.12559,0.1135,0.13268,0.13535,0.11645,0.11688,0.14849,0.11012,0.1292,0.13378,0.12096,0.1317,0.13196,0.13462,0.15783,0.12724,0.1322,0.12788,0.13299,0.10638,0.13453,0.14888,0.13981,0.1333,0.13196,0.13049,0.12896,0.12994,0.11933,0.13879,0.14174,0.1376,0.13227,0.13954,0.13782,0.14392,0.12988,0.13,0.13385,0.15404,0.168,0.1379,0.15341,0.12334,0.13209,0.12906,0.13097,0.11867,0.132,0.11702,0.12857,0.13053,0.12365,0.14709,0.16645,0.13396,0.13591,0.14739,0.11695,0.15503,0.12568,0.12801,0.12789,0.1301
0.075535,0.082509,0.049257,0.056467,0.052833,0.066522,0.1048,0.047752,0.067941,0.05769,0.048667,0.12809,0,0.041692,0.059062,0.053969,0.065996,0.065012,0.066021,0.04662,0.13465,0.063249,0.06572,0.076751,0.06173,0.048996,0.068154,0.15743,0.043361,0.066761,0.056032,0.076392,0.1143,0.070444,0.050324,0.061369,0.085703,0.045006,0.086498,0.051046,0.05716,0.045294,0.089071,0.056748,0.068954,0.073104,0.051751,0.068741,0.067134,0.083754,0.058023,0.057981,0.065917,0.059695,0.070418,0.085234,0.099725,0.056032,0.053144,0.076747,0.096639,0.096676,0.052524,0.052637,0.057851,0.077776,0.078832,0.045063,0.041177,0.082477,0.038043,0.050799,0.059697,0.050265,0.06761,0.10058,0.053134,0.046086,0.054766,0.052094,0.057971,0.068889,0.057506,0.047249,0.070758,0.051316,0.037294,0.047375,0.079456,0.059795,0.060451,0.061925,0.049333,0.053784,0.072615,0.056623,0.082412,0.03774,0.0577,0.06253,0.058772,0.078429,0.082675,0.070283,0.058771,0.067105,0.07685,0.046534,0.048055,0.035541,0.053215,0.068283,0.063536,0.066213,0.048097,0.065515,0.053987,0.070341,0.072294,0.057836,0.047798,0.092259,0.054301,0.077063,0.076255,0.060898,0.045918,0.05967,0.078438,0.053185,0.037261,0.063363,0.069155,0.11831,0.045819,0.055095,0.044637,0.070083,0.056697,0.066666,0.075049,0.057227,0.11253,0.066149,0.065993,0.037418,0.073539,0.043226,0.069233,0.057318,0.087261,0.043311,0.066776,0.045877,0.055635,0.059292,0.064727,0.075514,0.04745,0.047552,0.046868,0.054391,0.057538,0.057502,0.044964,0.064254,0.067025,0.061649,0.050022,0.074292,0.050425,0.085513,0.044573,0.060962,0.081861,0.07251,0.08879,0.079016,0.11165,0.042088,0.064424,0.045606,0.07968,0.065054,0.047096,0.054289,0.049769,0.074762,0.043379,0.061448,0.13307,0.10031,0.075997,0.097176,0.0558,0.089856,0.060917,0.055078,0.049159,0.060241
0.085649,0.07372,0.035089,0.040018,0.045642,0.059766,0.087051,0.041359,0.046851,0.041312,0.03996,0.13584,0.041692,0,0.05455,0.03456,0.054886,0.050598,0.064196,0.040758,0.12441,0.042672,0.065784,0.08357,0.069116,0.027348,0.058778,0.14239,0.045254,0.0598,0.041743,0.053342,0.095646,0.050724,0.037139,0.049066,0.07634,0.03691,0.091599,0.03141,0.032006,0.02876,0.081644,0.044458,0.053633,0.061659,0.03959,0.054118,0.0677,0.080934,0.04468,0.0491,0.063551,0.050429,0.055482,0.067719,0.12178,0.041743,0.036674,0.058672,0.087196,0.10025,0.036592,0.046178,0.044886,0.070492,0.065369,0.035303,0.033035,0.069682,0.034663,0.038779,0.044259,0.039713,0.052219,0.092794,0.044363,0.039641,0.036285,0.038366,0.044907,0.064722,0.050747,0.037404,0.052922,0.036428,0.0331,0.029776,0.065149,0.034764,0.047451,0.044359,0.049346,0.033824,0.062515,0.042296,0.068356,0.039658,0.044758,0.041877,0.061575,0.060457,0.076913,0.057076,0.051861,0.059577,0.061381,0.035995,0.035719,0.033284,0.051549,0.052092,0.047188,0.042947,0.028915,0.042618,0.034125,0.053257,0.074191,0.049007,0.028159,0.086539,0.047061,0.074559,0.060916,0.043617,0.029757,0.045483,0.079393,0.041164,0.044024,0.057307,0.056501,0.1117,0.025752,0.067301,0.050812,0.057932,0.043367,0.040862,0.064346,0.063093,0.091786,0.073032,0.05253,0.032971,0.076274,0.046633,0.067935,0.044708,0.071014,0.044568,0.067079,0.029254,0.035911,0.049116,0.060413,0.054884,0.032953,0.028129,0.025667,0.04609,0.042294,0.045178,0.028912,0.063946,0.05004,0.056546,0.036779,0.067659,0.040776,0.058109,0.03519,0.039767,0.058206,0.053408,0.087496,0.06456,0.11681,0.031992,0.061,0.043468,0.066962,0.050796,0.03267,0.043507,0.037843,0.056833,0.03685,0.037022,0.12624,0.096612,0.076136,0.087635,0.050422,0.080455,0.049446,0.048582,0.034488,0.038807
0.070918,0.073736,0.056936,0.06275,0.072593,0.076856,0.094469,0.063276,0.071495,0.059256,0.04422,0.12154,0.059062,0.05455,0,0.063875,0.079769,0.053055,0.082734,0.056818,0.10944,0.056076,0.070016,0.077488,0.062489,0.056498,0.068071,0.16099,0.055915,0.094257,0.059915,0.063942,0.11717,0.07028,0.060141,0.071895,0.086831,0.053255,0.083132,0.064095,0.069295,0.057509,0.10221,0.057139,0.083006,0.084234,0.071729,0.073511,0.067947,0.082541,0.078002,0.067125,0.067044,0.061664,0.061331,0.077111,0.13148,0.059915,0.05522,0.08305,0.090092,0.095975,0.056153,0.073455,0.054056,0.057223,0.093965,0.059102,0.051799,0.1112,0.050446,0.055884,0.06972,0.070657,0.08079,0.096239,0.054162,0.05172,0.061877,0.065756,0.065318,0.077836,0.052439,0.044008,0.080833,0.06145,0.053366,0.056035,0.078957,0.065762,0.054804,0.063592,0.071042,0.055752,0.074432,0.066992,0.07461,0.061482,0.059238,0.066308,0.075214,0.06719,0.087342,0.080445,0.058701,0.072722,0.090009,0.054092,0.053391,0.063655,0.070379,0.074007,0.071405,0.06688,0.062272,0.072438,0.054527,0.051078,0.077207,0.06273,0.048456,0.089609,0.071287,0.074597,0.077329,0.058111,0.05272,0.059847,0.069504,0.061495,0.06161,0.063883,0.068509,0.13111,0.055165,0.047956,0.051776,0.056367,0.063537,0.062313,0.067376,0.059236,0.10778,0.086811,0.057922,0.056254,0.074866,0.059221,0.08354,0.064617,0.099026,0.05924,0.067968,0.048813,0.051939,0.063397,0.06633,0.090609,0.058686,0.053807,0.050205,0.061815,0.059443,0.062199,0.059061,0.067702,0.060897,0.072305,0.063263,0.064735,0.069245,0.080106,0.060272,0.065853,0.069711,0.086637,0.099972,0.076207,0.10883,0.053831,0.061028,0.052439,0.071609,0.060323,0.055384,0.061023,0.058347,0.075006,0.048829,0.069255,0.11582,0.092587,0.076436,0.10297,0.059864,0.092497,0.062838,0.056123,0.061297,0.059969
0.10314,0.079027,0.044788,0.051021,0.046069,0.072899,0.088526,0.040598,0.066922,0.05027,0.044508,0.13098,0.053969,0.03456,0.063875,0,0.063468,0.055595,0.071149,0.047643,0.14328,0.05475,0.066438,0.096154,0.081029,0.035029,0.049959,0.15746,0.058066,0.067409,0.047859,0.063776,0.092469,0.048377,0.050582,0.047564,0.08339,0.043624,0.09952,0.043576,0.029501,0.039747,0.075292,0.049142,0.044919,0.071451,0.044033,0.063125,0.074842,0.076257,0.049122,0.066184,0.077428,0.065581,0.070085,0.073674,0.12883,0.047859,0.035681,0.064731,0.098974,0.10913,0.045503,0.058033,0.058931,0.080675,0.066882,0.040913,0.045319,0.070637,0.045782,0.042599,0.053258,0.052432,0.044437,0.095662,0.046616,0.051714,0.050986,0.044975,0.049297,0.070025,0.06437,0.046454,0.06955,0.04855,0.035958,0.05138,0.069006,0.049566,0.053617,0.053816,0.060211,0.039735,0.078,0.050657,0.067934,0.051096,0.045051,0.051184,0.056583,0.070933,0.083855,0.053787,0.050165,0.061197,0.052916,0.042241,0.048418,0.048699,0.058469,0.050165,0.044556,0.03478,0.040427,0.048542,0.043096,0.058684,0.075105,0.063327,0.039856,0.081726,0.05576,0.087117,0.062884,0.045279,0.038342,0.043713,0.085401,0.050835,0.046862,0.065432,0.059354,0.12334,0.03431,0.072247,0.058429,0.059035,0.033175,0.047005,0.072288,0.077364,0.10084,0.08385,0.061295,0.050538,0.082204,0.056425,0.073153,0.055099,0.073642,0.044025,0.060407,0.035293,0.047321,0.046976,0.064306,0.054251,0.046582,0.041575,0.038966,0.054645,0.060249,0.043379,0.039336,0.063812,0.067933,0.071937,0.042064,0.078086,0.040975,0.054212,0.034898,0.055003,0.061767,0.059851,0.095681,0.073961,0.13251,0.043991,0.059066,0.061199,0.067339,0.052142,0.036935,0.051578,0.030578,0.063253,0.039666,0.053252,0.13763,0.10653,0.086671,0.10206,0.064912,0.082054,0.055816,0.059468,0.044946,0.034965
0.098497,0.086778,0.063189,0.067591,0.057595,0.079367,0.10601,0.070747,0.072766,0.053879,0.066517,0.14477,0.065996,0.054886,0.079769,0.063468,0,0.060708,0.092822,0.069194,0.13691,0.062038,0.074056,0.10292,0.093388,0.055369,0.083518,0.15189,0.066668,0.074304,0.059608,0.070849,0.10332,0.072902,0.062088,0.056508,0.083378,0.075018,0.10208,0.055774,0.059476,0.056246,0.069271,0.063985,0.072447,0.085062,0.067895,0.076847,0.088064,0.088393,0.077112,0.084961,0.070253,0.076512,0.079177,0.047294,0.1223,0.059608,0.053804,0.070189,0.082657,0.12001,0.063986,0.06551,0.068046,0.088868,0.081943,0.061933,0.070123,0.089175,0.070945,0.057579,0.075404,0.062573,0.073108,0.10927,0.063967,0.060373,0.056186,0.073476,0.068199,0.082292,0.075399,0.071777,0.071202,0.067146,0.05703,0.064041,0.074362,0.063961,0.05914,0.065167,0.063822,0.062074,0.082213,0.051718,0.08276,0.065106,0.060215,0.069024,0.071572,0.079606,0.070897,0.071904,0.074057,0.075035,0.080913,0.057365,0.069323,0.053103,0.081517,0.075596,0.065565,0.065098,0.053326,0.072285,0.058221,0.068583,0.084202,0.081965,0.063227,0.094814,0.058231,0.093312,0.085245,0.069282,0.05591,0.057314,0.094843,0.067397,0.056984,0.066318,0.064148,0.12243,0.056932,0.085886,0.075334,0.078464,0.061632,0.056989,0.082554,0.081743,0.08997,0.086518,0.070868,0.055058,0.099676,0.0651,0.083699,0.065844,0.077025,0.062541,0.078151,0.064949,0.069728,0.068035,0.092084,0.077399,0.076677,0.05467,0.057639,0.058973,0.066086,0.077576,0.063296,0.08538,0.062153,0.077428,0.066367,0.076543,0.073635,0.070241,0.061643,0.067017,0.081583,0.068809,0.10099,0.066466,0.13203,0.061994,0.083551,0.072624,0.071682,0.071444,0.064323,0.065568,0.066977,0.081571,0.065352,0.068274,0.13703,0.11311,0.086681,0.08849,0.066116,0.10285,0.059992,0.064708,0.054206,0.061491
0.091929,0.069648,0.050499,0.058629,0.064091,0.080465,0.10361,0.058977,0.069468,0.046864,0.049286,0.11679,0.065012,0.050598,0.053055,0.055595,0.060708,0,0.081727,0.050518,0.12736,0.032451,0.054016,0.088062,0.076558,0.047386,0.061915,0.16004,0.065073,0.077584,0.058725,0.043285,0.10163,0.055631,0.047073,0.057999,0.083135,0.062864,0.084333,0.048113,0.057047,0.05304,0.087948,0.054392,0.063745,0.081457,0.066404,0.064861,0.075622,0.07958,0.067121,0.065943,0.076265,0.068313,0.055352,0.065162,0.13487,0.058725,0.049744,0.070781,0.073983,0.10171,0.047581,0.068877,0.047198,0.067514,0.077721,0.04965,0.056396,0.089824,0.05754,0.038727,0.07132,0.051558,0.065978,0.082182,0.048335,0.053899,0.060782,0.054129,0.045607,0.082039,0.040872,0.045606,0.084633,0.046216,0.045883,0.04658,0.056997,0.066484,0.054314,0.066119,0.064286,0.052058,0.074007,0.049741,0.068272,0.063844,0.052935,0.049124,0.068875,0.063875,0.077373,0.071006,0.064914,0.051637,0.07435,0.045906,0.059651,0.058284,0.063377,0.066988,0.061419,0.055708,0.054203,0.059403,0.051601,0.054504,0.060374,0.075683,0.047012,0.073042,0.063453,0.086825,0.055945,0.054535,0.040578,0.054794,0.085123,0.052807,0.061667,0.061858,0.057901,0.1312,0.048358,0.065966,0.069214,0.043671,0.057914,0.050675,0.069764,0.066287,0.10352,0.080472,0.047133,0.051145,0.087103,0.062697,0.075905,0.053287,0.075324,0.05736,0.056148,0.039906,0.0462,0.048985,0.07446,0.073171,0.066506,0.049327,0.04625,0.047873,0.051913,0.058036,0.05109,0.065865,0.047605,0.074026,0.060809,0.060255,0.055378,0.072839,0.059915,0.061019,0.055676,0.077524,0.10878,0.076829,0.12043,0.043027,0.058398,0.055708,0.041437,0.060806,0.054772,0.048744,0.048593,0.06328,0.054224,0.059097,0.12783,0.10063,0.088269,0.10198,0.06646,0.08109,0.058772,0.051719,0.052989,0.048919
0.11011,0.096786,0.066155,0.075642,0.081894,0.083113,0.11645,0.06617,0.072619,0.076136,0.073831,0.14821,0.066021,0.064196,0.082734,0.071149,0.092822,0.081727,0,0.063334,0.15553,0.076595,0.084147,0.10876,0.069454,0.056931,0.082378,0.16464,0.078056,0.076175,0.081882,0.080957,0.10739,0.069688,0.073105,0.073821,0.090391,0.056658,0.11214,0.071545,0.06482,0.065902,0.088909,0.081246,0.069871,0.096828,0.060363,0.070441,0.09986,0.097694,0.064732,0.086422,0.098307,0.059945,0.074414,0.092331,0.13186,0.081882,0.074086,0.081805,0.10199,0.11557,0.063232,0.06107,0.076424,0.109,0.097052,0.070669,0.056854,0.077157,0.07113,0.064215,0.077579,0.06892,0.072536,0.10973,0.082301,0.073022,0.073705,0.047384,0.062335,0.085618,0.078105,0.067146,0.089189,0.072769,0.064632,0.070263,0.087088,0.070496,0.093714,0.079411,0.073054,0.062531,0.086327,0.076783,0.093289,0.070008,0.07022,0.064484,0.078737,0.089652,0.099496,0.091361,0.080925,0.07995,0.074553,0.070967,0.072365,0.060873,0.055947,0.066031,0.088922,0.079193,0.077845,0.079749,0.074643,0.091512,0.090843,0.074986,0.064834,0.10676,0.08777,0.10486,0.08791,0.080549,0.069721,0.075076,0.11011,0.073115,0.073341,0.08069,0.10352,0.13823,0.061716,0.088729,0.077301,0.084544,0.070493,0.075291,0.095544,0.096835,0.12289,0.097717,0.072437,0.073207,0.089523,0.062632,0.10249,0.063665,0.095393,0.084194,0.090515,0.067495,0.073925,0.084364,0.082586,0.067581,0.065224,0.069088,0.069865,0.074356,0.067954,0.068915,0.065935,0.088537,0.0919,0.088708,0.056793,0.090686,0.067143,0.088318,0.059559,0.065501,0.090785,0.087786,0.10559,0.11021,0.13605,0.06542,0.08588,0.071992,0.091324,0.092787,0.071055,0.071808,0.06165,0.074282,0.064462,0.081505,0.14313,0.12859,0.11755,0.12607,0.089558,0.088369,0.082225,0.060618,0.069505,0.072125
0.086719,0.069976,0.042536,0.052989,0.055005,0.070619,0.10825,0.056288,0.064911,0.05455,0.040285,0.1261,0.04662,0.040758,0.056818,0.047643,0.069194,0.050518,0.063334,0,0.13639,0.052553,0.059081,0.080148,0.061065,0.039213,0.055825,0.15641,0.052903,0.058993,0.05891,0.060188,0.086582,0.051146,0.053346,0.039822,0.084371,0.036603,0.096969,0.049724,0.043565,0.041236,0.090659,0.060302,0.051961,0.077734,0.044446,0.056801,0.076452,0.087037,0.049669,0.058726,0.074778,0.063209,0.06431,0.077097,0.11919,0.05891,0.047146,0.071014,0.085766,0.09148,0.048236,0.058403,0.040273,0.073337,0.063606,0.045177,0.033441,0.068314,0.042045,0.038793,0.051867,0.042147,0.050809,0.081516,0.053907,0.055949,0.055602,0.046775,0.05018,0.076571,0.051457,0.034406,0.077429,0.044327,0.038663,0.042953,0.066373,0.057958,0.067363,0.070753,0.050833,0.045403,0.068661,0.053648,0.075802,0.052027,0.048667,0.049108,0.06732,0.066106,0.08177,0.071388,0.056526,0.063159,0.058166,0.040239,0.051772,0.049146,0.05127,0.065963,0.067861,0.048699,0.050787,0.051342,0.051042,0.053374,0.057455,0.06326,0.042748,0.074237,0.039118,0.084407,0.049329,0.059028,0.035935,0.051401,0.087612,0.036214,0.051983,0.069316,0.065202,0.12838,0.037546,0.064522,0.054239,0.064322,0.044066,0.052969,0.066643,0.071058,0.10856,0.070863,0.051409,0.041239,0.074095,0.043659,0.079121,0.054597,0.093675,0.04674,0.052013,0.034922,0.041243,0.049868,0.067708,0.060525,0.048073,0.034712,0.031589,0.038361,0.052559,0.058743,0.047941,0.070391,0.063227,0.065568,0.041196,0.058533,0.040937,0.072665,0.049742,0.053417,0.065641,0.063103,0.091996,0.082663,0.10887,0.041085,0.049488,0.032238,0.062647,0.069491,0.052309,0.055208,0.036903,0.057917,0.041362,0.057996,0.11621,0.11319,0.078162,0.10611,0.061191,0.08014,0.068846,0.046282,0.045473,0.046275
0.11248,0.15449,0.13844,0.12105,0.14792,0.13213,0.15346,0.14828,0.13024,0.1229,0.13145,0.18011,0.13465,0.12441,0.10944,0.14328,0.13691,0.12736,0.15553,0.13639,0,0.12668,0.13895,0.13368,0.1297,0.13711,0.14218,0.17332,0.12113,0.16125,0.13174,0.13935,0.18436,0.1466,0.13044,0.14559,0.1626,0.13469,0.13308,0.13246,0.14264,0.13026,0.16682,0.13023,0.15855,0.12382,0.13918,0.13105,0.13641,0.16611,0.13896,0.1286,0.13053,0.1302,0.13608,0.13135,0.18125,0.13174,0.1366,0.15683,0.12878,0.16354,0.12817,0.14616,0.12482,0.11796,0.15069,0.12753,0.12752,0.17485,0.13268,0.13309,0.13078,0.13622,0.15857,0.15703,0.13057,0.13171,0.11992,0.14372,0.14127,0.14685,0.12593,0.12814,0.12052,0.13192,0.13833,0.12036,0.14488,0.13077,0.11783,0.12807,0.13935,0.13797,0.14418,0.13377,0.13443,0.13063,0.14267,0.14103,0.15512,0.14307,0.16042,0.15256,0.13134,0.14518,0.163,0.13403,0.1244,0.13358,0.13492,0.13648,0.14428,0.15002,0.13363,0.13841,0.12645,0.11979,0.1371,0.12465,0.12975,0.1432,0.13562,0.12682,0.15601,0.13185,0.13502,0.14585,0.11631,0.13992,0.14009,0.13594,0.12991,0.14346,0.13891,0.12854,0.1274,0.13814,0.13975,0.13061,0.13689,0.11669,0.14022,0.15396,0.12219,0.12633,0.14324,0.14603,0.12819,0.13233,0.15203,0.136,0.1464,0.1306,0.12691,0.14282,0.13431,0.16038,0.13626,0.12708,0.12277,0.13308,0.12242,0.14658,0.13422,0.14299,0.12183,0.13188,0.14611,0.12987,0.14465,0.14829,0.14471,0.12621,0.12491,0.14812,0.15962,0.13633,0.13832,0.12807,0.13542,0.11961,0.15221,0.14057,0.13198,0.13242,0.14475,0.14798,0.13865,0.13142,0.13154,0.1255,0.14207,0.14737,0.12555,0.16716,0.12868,0.12426,0.12816,0.13609
0.092347,0.060618,0.042703,0.057845,0.0635,0.079884,0.093156,0.048718,0.062157,0.036057,0.053953,0.12741,0.063249,0.042672,0.056076,0.05475,0.062038,0.032451,0.076595,0.052553,0.12668,0,0.059229,0.086773,0.079747,0.040811,0.065472,0.14916,0.060505,0.069791,0.050473,0.030743,0.093151,0.053402,0.039291,0.055352,0.077136,0.056881,0.089802,0.044286,0.047752,0.05154,0.081896,0.042611,0.059026,0.077548,0.060642,0.058866,0.075171,0.080342,0.058792,0.059933,0.077755,0.063298,0.049615,0.064561,0.13638,0.050473,0.040547,0.073815,0.07762,0.096168,0.048203,0.053451,0.043064,0.0687,0.07261,0.047944,0.046732,0.079303,0.04637,0.04255,0.065327,0.050572,0.059765,0.087716,0.050725,0.046972,0.046949,0.050778,0.035702,0.080967,0.053958,0.049117,0.070544,0.038981,0.04501,0.039671,0.060367,0.053389,0.051833,0.058062,0.062846,0.042075,0.058381,0.045837,0.059904,0.057251,0.045448,0.04386,0.068433,0.051271,0.064828,0.062131,0.054205,0.062361,0.067674,0.047912,0.048241,0.053439,0.062752,0.058377,0.047705,0.051235,0.05122,0.055652,0.045202,0.056893,0.074133,0.061938,0.037903,0.084546,0.063616,0.077215,0.056143,0.047329,0.036844,0.048744,0.079245,0.049225,0.059745,0.064876,0.054432,0.12794,0.041214,0.071111,0.069862,0.038881,0.052497,0.035759,0.065545,0.067859,0.092391,0.077218,0.045487,0.050463,0.076969,0.062943,0.081345,0.045315,0.073046,0.056068,0.065028,0.039047,0.039895,0.045487,0.059618,0.061325,0.056223,0.047179,0.040838,0.051187,0.052366,0.049432,0.047617,0.063916,0.046804,0.070127,0.050979,0.068873,0.056428,0.063439,0.052089,0.057055,0.05603,0.070252,0.10454,0.068581,0.12558,0.036417,0.067163,0.059724,0.045987,0.055143,0.046023,0.040985,0.047143,0.055034,0.049811,0.043245,0.12832,0.096627,0.081916,0.093052,0.05983,0.072732,0.055552,0.048304,0.049431,0.051332
