0,0.079667,0.086469,0.074233,0.053135,0.060695,0.074205,0.078489,0.072228,0.078229,0.085797,0.068735,0.085778,0.058487,0.07627,0.058353,0.1164,0.091433,0.084461,0.067801,0.070135,0.099331,0.10262,0.052094,0.082077,0.052101,0.062586,0.076147,0.072532,0.052997,0.060877,0.083148,0.084509,0.06888,0.060825,0.076825,0.1081,0.060082,0.096021,0.088898,0.062758,0.064571,0.06338,0.099777,0.073275,0.070558,0.069374,0.091765,0.098882,0.080861,0.098102,0.094116,0.11554,0.073549,0.064358,0.067868,0.093863,0.060877,0.063035,0.083584,0.083417,0.093546,0.093941,0.075412,0.089498,0.046924,0.086584,0.06849,0.07805,0.065143,0.065616,0.07089,0.10753,0.093428,0.07049,0.09576,0.059671,0.071149,0.076003,0.079309,0.09295,0.071571,0.066535,0.061037,0.063655,0.080286,0.063011,0.068565,0.08132,0.060592,0.094828,0.051354,0.092394,0.077029,0.096948,0.078056,0.060757,0.072108,0.073158,0.079417,0.082466,0.084104,0.045846,0.053113,0.082078,0.072927,0.075041,0.077586,0.057895,0.058349,0.079505,0.072742,0.11042,0.073495,0.072188,0.054359,0.093222,0.058952,0.077418,0.05828,0.076117,0.10442,0.058206,0.071284,0.074395,0.06025,0.082393,0.073021,0.070961,0.07691,0.070826,0.082135,0.066915,0.06626,0.085876,0.086711,0.073266,0.093142,0.054587,0.082215,0.069095,0.049256,0.099333,0.065526,0.061428,0.065936,0.068761,0.065324,0.075529,0.068021,0.066753,0.064288,0.061528,0.081648,0.078964,0.076533,0.10626,0.064803,0.061081,0.079983,0.078322,0.071405,0.070933,0.069046,0.092962,0.091344,0.083959,0.099243,0.061725,0.059202,0.080031,0.096806,0.057981,0.080421,0.06373,0.073467,0.10844,0.080183,0.069976,0.069371,0.063682,0.067071,0.091302,0.070197,0.072243,0.061397,0.067086,0.083569,0.062883,0.095894,0.064419,0.07298,0.05767,0.061625,0.087565,0.070602,0.065659,0.056737,0.045431,0.062327
0.079667,0,0.078917,0.066671,0.056875,0.066155,0.06672,0.075852,0.077312,0.059242,0.054081,0.050402,0.068511,0.049669,0.080894,0.039851,0.10551,0.060336,0.057339,0.070825,0.064791,0.069466,0.1242,0.089497,0.093209,0.049724,0.056805,0.060477,0.054266,0.05364,0.054496,0.063655,0.076635,0.050563,0.051256,0.081147,0.12158,0.058423,0.10134,0.064868,0.051999,0.061136,0.036223,0.091494,0.063977,0.045578,0.068688,0.057077,0.12009,0.050332,0.08925,0.091292,0.10748,0.060867,0.055993,0.06526,0.091562,0.054496,0.039424,0.085869,0.10237,0.12638,0.084552,0.069929,0.084691,0.078553,0.061873,0.052816,0.085994,0.058704,0.065397,0.058601,0.064671,0.10222,0.051421,0.086597,0.057984,0.061364,0.070502,0.072758,0.063184,0.086435,0.078059,0.051917,0.058476,0.064612,0.064052,0.065344,0.044619,0.061518,0.08825,0.057069,0.084357,0.062178,0.074527,0.066782,0.054422,0.047836,0.065413,0.060241,0.066066,0.075787,0.061791,0.066367,0.059448,0.073843,0.05829,0.064068,0.064835,0.057565,0.052301,0.070537,0.094297,0.065425,0.077775,0.044143,0.083958,0.051318,0.067287,0.055142,0.054706,0.091173,0.042956,0.068638,0.048908,0.054254,0.073991,0.058818,0.098086,0.053754,0.053858,0.051297,0.064173,0.049604,0.063876,0.093667,0.05556,0.07712,0.04328,0.082778,0.059833,0.07543,0.10307,0.051601,0.062793,0.067763,0.078352,0.057728,0.073768,0.065386,0.065262,0.031625,0.055477,0.071562,0.058679,0.064589,0.098812,0.056993,0.068191,0.063801,0.056265,0.059111,0.050828,0.052208,0.073856,0.042099,0.071141,0.090844,0.059335,0.058577,0.062055,0.081477,0.067344,0.051981,0.061154,0.069668,0.084834,0.077468,0.052429,0.074384,0.064606,0.078049,0.064114,0.051599,0.059613,0.060763,0.041823,0.066472,0.067622,0.089937,0.086261,0.055803,0.058695,0.05814,0.07436,0.070285,0.066076,0.05481,0.059336,0.049611
0.086469,0.078917,0,0.10236,0.082802,0.092928,0.078867,0.089854,0.10617,0.095589,0.088439,0.089592,0.086159,0.075291,0.092883,0.077616,0.12312,0.10313,0.088827,0.10331,0.082395,0.10436,0.15126,0.096002,0.10797,0.080796,0.076367,0.08738,0.076848,0.069192,0.067994,0.096456,0.099065,0.081184,0.084249,0.11344,0.1017,0.08424,0.11586,0.08173,0.07556,0.086326,0.063863,0.072515,0.10115,0.090627,0.085346,0.089385,0.11892,0.091969,0.12,0.1191,0.10796,0.095068,0.077956,0.084888,0.11749,0.067994,0.075206,0.10437,0.10589,0.12204,0.11552,0.095384,0.10868,0.070574,0.096141,0.057815,0.10835,0.083471,0.089011,0.095501,0.1088,0.11552,0.094304,0.1032,0.086737,0.095227,0.099635,0.10737,0.10059,0.093631,0.092163,0.07569,0.090966,0.088915,0.089242,0.072465,0.078486,0.071466,0.13329,0.073354,0.11095,0.087365,0.10616,0.090715,0.071661,0.067772,0.081033,0.099677,0.086576,0.092384,0.078315,0.073994,0.091774,0.10391,0.09922,0.085117,0.083223,0.073858,0.093972,0.083167,0.10663,0.064872,0.085842,0.074515,0.11302,0.078153,0.09974,0.087674,0.082236,0.097502,0.079928,0.10061,0.082811,0.080486,0.087971,0.081882,0.10816,0.099838,0.065787,0.091917,0.080918,0.07856,0.092371,0.11344,0.075209,0.1165,0.075824,0.10281,0.09192,0.063497,0.11725,0.079549,0.073754,0.078707,0.085262,0.088982,0.088814,0.090223,0.070921,0.083718,0.08835,0.094225,0.083489,0.082929,0.11479,0.083422,0.097659,0.081632,0.088996,0.081231,0.079219,0.083697,0.10637,0.090693,0.095823,0.087804,0.085414,0.072842,0.09499,0.11773,0.094737,0.085092,0.087594,0.084219,0.12992,0.093579,0.074059,0.083427,0.084484,0.097351,0.10286,0.074781,0.086877,0.080032,0.078535,0.092795,0.097536,0.11223,0.090883,0.089203,0.07865,0.077933,0.091519,0.081614,0.087109,0.084426,0.074561,0.075628
0.074233,0.066671,0.10236,0,0.079646,0.075138,0.087216,0.075813,0.09299,0.081722,0.082027,0.069498,0.086254,0.069598,0.092368,0.068704,0.11727,0.075919,0.069788,0.079115,0.06937,0.090035,0.11172,0.091532,0.10188,0.06168,0.071427,0.081982,0.066034,0.072986,0.073318,0.07251,0.08634,0.076757,0.07323,0.088915,0.12334,0.077528,0.10884,0.081786,0.062129,0.079862,0.070981,0.11168,0.08386,0.070919,0.081654,0.086867,0.13317,0.076829,0.10737,0.10294,0.12952,0.070843,0.089144,0.08319,0.07497,0.073318,0.071466,0.084184,0.093147,0.13128,0.091131,0.086517,0.1046,0.079354,0.078954,0.077697,0.085046,0.070257,0.079497,0.071396,0.1034,0.10108,0.077616,0.085222,0.063641,0.08923,0.083082,0.073474,0.068587,0.083462,0.080037,0.072845,0.076233,0.088469,0.071846,0.074665,0.078306,0.065146,0.094628,0.069807,0.093868,0.079189,0.076096,0.091581,0.07332,0.068066,0.078872,0.08379,0.06452,0.090958,0.06521,0.083045,0.07483,0.079473,0.072766,0.079057,0.075596,0.073801,0.074036,0.091629,0.11425,0.08687,0.078336,0.061973,0.10149,0.074828,0.087143,0.074068,0.077771,0.093759,0.061392,0.072758,0.079322,0.06711,0.098726,0.086917,0.079376,0.072613,0.0899,0.085369,0.081186,0.066193,0.10034,0.083203,0.077007,0.07543,0.062928,0.090668,0.074373,0.084334,0.089733,0.079473,0.076152,0.085801,0.092755,0.082072,0.087958,0.081129,0.09137,0.063147,0.075726,0.083355,0.071574,0.084909,0.090178,0.072669,0.070847,0.098142,0.08159,0.07776,0.078512,0.082782,0.07849,0.07704,0.08588,0.11898,0.075351,0.0829,0.076458,0.09504,0.079422,0.075133,0.073659,0.077755,0.10123,0.077167,0.072193,0.084475,0.074829,0.088294,0.075005,0.082913,0.077334,0.06303,0.070492,0.078807,0.079823,0.083228,0.078229,0.070279,0.078058,0.074857,0.089918,0.086134,0.085632,0.061772,0.056433,0.073748
0.053135,0.056875,0.082802,0.079646,0,0.06065,0.065061,0.068729,0.065666,0.076097,0.060537,0.053215,0.063205,0.048811,0.062124,0.042319,0.10581,0.072379,0.071032,0.049186,0.057985,0.089619,0.10529,0.06764,0.069608,0.039707,0.049288,0.061013,0.061676,0.047509,0.046484,0.075656,0.080667,0.046802,0.042657,0.071123,0.10832,0.038773,0.089879,0.070508,0.053392,0.039492,0.051388,0.088881,0.070403,0.054438,0.068684,0.076796,0.10112,0.06977,0.08979,0.08212,0.11029,0.061465,0.046246,0.042673,0.087186,0.046484,0.03948,0.085461,0.084013,0.10772,0.06819,0.058866,0.079281,0.058448,0.070532,0.068381,0.088763,0.057415,0.055085,0.065268,0.088325,0.086064,0.057038,0.088203,0.058096,0.050816,0.057572,0.073135,0.085464,0.075139,0.056287,0.046939,0.051593,0.067221,0.062979,0.061982,0.058456,0.054029,0.085042,0.047992,0.079052,0.068679,0.075141,0.07687,0.047566,0.055154,0.057849,0.074354,0.072753,0.077518,0.050064,0.058998,0.067008,0.072024,0.062355,0.060214,0.041871,0.049593,0.065668,0.061016,0.090221,0.066347,0.076364,0.037851,0.086522,0.047145,0.056219,0.044722,0.057129,0.099589,0.04193,0.066072,0.057328,0.063577,0.058181,0.055285,0.089622,0.062872,0.057258,0.047305,0.059152,0.049978,0.058592,0.084187,0.069694,0.086408,0.035816,0.065788,0.057718,0.064577,0.10187,0.0433,0.06627,0.04933,0.070826,0.056001,0.072797,0.054433,0.058579,0.038503,0.060245,0.064973,0.062613,0.058856,0.096489,0.055783,0.0586,0.055959,0.055994,0.06068,0.043963,0.059639,0.07851,0.069738,0.066505,0.098364,0.049254,0.044556,0.056007,0.082311,0.053322,0.06759,0.049839,0.060456,0.096176,0.088549,0.043812,0.057959,0.055095,0.05999,0.082163,0.050674,0.060564,0.054854,0.040762,0.078837,0.058393,0.084897,0.066088,0.049445,0.043539,0.039523,0.079091,0.074388,0.063585,0.041405,0.046947,0.052149
0.060695,0.066155,0.092928,0.075138,0.06065,0,0.073693,0.078421,0.060631,0.068076,0.066586,0.047006,0.07074,0.060024,0.077078,0.052751,0.097222,0.066552,0.079101,0.05445,0.074843,0.064179,0.10648,0.085045,0.091771,0.044669,0.061991,0.063146,0.064816,0.066506,0.063742,0.053081,0.082165,0.058695,0.042164,0.083444,0.12281,0.063621,0.10557,0.063366,0.060278,0.058719,0.052346,0.10459,0.061273,0.053344,0.071379,0.067133,0.1232,0.071397,0.073033,0.07932,0.11631,0.060025,0.068542,0.058414,0.096812,0.063742,0.051059,0.092263,0.093565,0.12743,0.085564,0.049546,0.082386,0.074066,0.074398,0.057524,0.071807,0.05209,0.069261,0.053065,0.073539,0.089753,0.042261,0.094478,0.048448,0.064125,0.079783,0.065711,0.057279,0.08028,0.070507,0.048564,0.056829,0.084152,0.055263,0.071918,0.060403,0.060141,0.077727,0.055856,0.097357,0.066254,0.093264,0.075856,0.06197,0.06807,0.069056,0.069476,0.083247,0.080418,0.044613,0.049003,0.064843,0.062988,0.049205,0.068897,0.057874,0.053638,0.072992,0.06879,0.10737,0.064786,0.075052,0.05316,0.074381,0.034042,0.076232,0.055532,0.06441,0.093366,0.045101,0.056193,0.05801,0.057666,0.069369,0.06516,0.089627,0.066103,0.067312,0.064528,0.07152,0.051586,0.074177,0.095515,0.063461,0.068438,0.044898,0.073357,0.065785,0.071146,0.10425,0.055141,0.063396,0.067318,0.087874,0.063037,0.080608,0.063593,0.066926,0.050142,0.059572,0.054991,0.059247,0.074777,0.10905,0.051411,0.053924,0.077934,0.061687,0.05444,0.067069,0.058076,0.085003,0.079336,0.07308,0.096871,0.059701,0.061507,0.070673,0.079635,0.065607,0.065188,0.060503,0.083549,0.088033,0.074859,0.066452,0.060586,0.063135,0.070462,0.066681,0.066627,0.063094,0.059499,0.054713,0.061318,0.059882,0.074919,0.079963,0.061553,0.053763,0.069386,0.061846,0.071083,0.064269,0.050433,0.053476,0.052458
0.074205,0.06672,0.078867,0.087216,0.065061,0.073693,0,0.075152,0.083069,0.059742,0.065557,0.068641,0.056697,0.037206,0.054192,0.059928,0.1303,0.086621,0.09642,0.089008,0.075113,0.095064,0.10066,0.085654,0.079458,0.060614,0.053678,0.061102,0.044436,0.052412,0.040765,0.082675,0.085455,0.052986,0.063465,0.077638,0.11607,0.060638,0.11915,0.075812,0.07002,0.065216,0.053196,0.088038,0.07256,0.056588,0.058076,0.072171,0.10725,0.067244,0.092921,0.10666,0.088568,0.071208,0.05034,0.059445,0.086571,0.040765,0.054445,0.087845,0.082274,0.12587,0.091892,0.078729,0.10481,0.084386,0.083838,0.061629,0.080398,0.054129,0.037967,0.060812,0.086478,0.10902,0.059206,0.083849,0.062384,0.056869,0.071544,0.075368,0.078231,0.091129,0.078024,0.051158,0.062582,0.070836,0.064227,0.063029,0.051345,0.05271,0.11605,0.057699,0.091235,0.045861,0.088551,0.060521,0.041467,0.058527,0.062354,0.096564,0.067387,0.092118,0.056571,0.062929,0.074961,0.070858,0.061112,0.058833,0.061897,0.05249,0.062748,0.073143,0.079363,0.059009,0.072601,0.05112,0.080112,0.065062,0.070497,0.059891,0.052828,0.10985,0.05464,0.075076,0.059028,0.064621,0.064503,0.039313,0.10841,0.064621,0.057074,0.060438,0.06814,0.053366,0.058239,0.081628,0.051455,0.087907,0.052867,0.098958,0.063917,0.079846,0.095633,0.05364,0.066883,0.061208,0.077864,0.055138,0.052831,0.06941,0.062489,0.062871,0.060731,0.093474,0.0834,0.06765,0.11471,0.052341,0.051075,0.060623,0.057396,0.066519,0.055568,0.068141,0.075117,0.079638,0.083443,0.083776,0.058632,0.055031,0.082099,0.074281,0.058098,0.078689,0.045569,0.08122,0.094042,0.081041,0.077998,0.058314,0.066497,0.095327,0.09044,0.032347,0.068035,0.058876,0.058628,0.066789,0.061914,0.10279,0.092751,0.072733,0.050494,0.078063,0.083583,0.057218,0.055392,0.055985,0.064323,0.051608
0.078489,0.075852,0.089854,0.075813,0.068729,0.078421,0.075152,0,0.086842,0.07055,0.061397,0.056648,0.075856,0.057447,0.07125,0.061981,0.108,0.073424,0.079758,0.078615,0.055214,0.083509,0.09996,0.092186,0.076451,0.050944,0.052004,0.048458,0.067564,0.056243,0.051953,0.060187,0.084963,0.054584,0.061846,0.10212,0.12403,0.061084,0.094305,0.062458,0.061543,0.053356,0.070308,0.10541,0.071178,0.065296,0.058838,0.067379,0.13026,0.073764,0.0875,0.11035,0.094842,0.05701,0.071079,0.05959,0.071427,0.051953,0.05697,0.090272,0.085979,0.11075,0.079845,0.064048,0.10822,0.071723,0.075847,0.06414,0.079702,0.050667,0.075774,0.068254,0.096158,0.063633,0.070549,0.06074,0.062717,0.068788,0.061141,0.081921,0.075191,0.073476,0.055312,0.065802,0.072569,0.075864,0.077645,0.071695,0.069674,0.043645,0.1043,0.065259,0.091872,0.074718,0.076302,0.069393,0.051695,0.054994,0.062494,0.095328,0.067,0.066033,0.049652,0.068859,0.052719,0.06261,0.061218,0.048031,0.057189,0.061419,0.060731,0.064355,0.082235,0.065795,0.07563,0.055383,0.079758,0.077186,0.067149,0.065711,0.058486,0.07911,0.066031,0.067912,0.069997,0.075033,0.062853,0.071782,0.092885,0.069768,0.071433,0.060514,0.071249,0.045167,0.079269,0.076717,0.075985,0.06542,0.057601,0.067521,0.05506,0.078188,0.070823,0.069182,0.079063,0.059117,0.07991,0.084156,0.086856,0.055215,0.078337,0.065365,0.076213,0.090875,0.081036,0.03939,0.082361,0.05086,0.080181,0.08056,0.072857,0.060972,0.066956,0.069734,0.099461,0.072135,0.049447,0.11753,0.060265,0.060543,0.079678,0.071737,0.063394,0.06695,0.067412,0.067016,0.09299,0.072722,0.073974,0.053973,0.070738,0.096785,0.071494,0.068066,0.054963,0.045724,0.060856,0.066404,0.074281,0.057838,0.088863,0.065106,0.057098,0.068174,0.079042,0.057927,0.063254,0.059065,0.042331,0.054171
0.072228,0.077312,0.10617,0.09299,0.065666,0.060631,0.083069,0.086842,0,0.068465,0.062065,0.051127,0.083403,0.067871,0.080676,0.061717,0.118,0.088793,0.081512,0.063473,0.090745,0.092618,0.1124,0.088911,0.084676,0.062302,0.062662,0.07122,0.076353,0.073038,0.07146,0.09304,0.077149,0.070496,0.056569,0.086586,0.11291,0.064247,0.11142,0.079605,0.067586,0.05624,0.074416,0.13046,0.068805,0.067811,0.082538,0.091356,0.12114,0.079512,0.082505,0.079656,0.10665,0.065199,0.070506,0.063888,0.11436,0.07146,0.06021,0.10588,0.10129,0.12685,0.083926,0.074673,0.1017,0.076417,0.083263,0.077096,0.093912,0.065624,0.07055,0.069562,0.082689,0.10061,0.057768,0.080774,0.058316,0.060892,0.075724,0.050776,0.083639,0.1094,0.079407,0.051765,0.04594,0.10625,0.069989,0.10039,0.072657,0.078806,0.10047,0.069144,0.080519,0.072417,0.097074,0.083883,0.071216,0.081835,0.08148,0.061191,0.092928,0.080876,0.062554,0.060287,0.077012,0.07498,0.06437,0.06794,0.057204,0.056092,0.087892,0.072132,0.11166,0.079372,0.087631,0.064685,0.088963,0.061224,0.082561,0.050579,0.073004,0.10993,0.06235,0.087772,0.059114,0.07018,0.067696,0.063249,0.10557,0.058457,0.080531,0.06798,0.091693,0.069564,0.073262,0.094599,0.079563,0.093204,0.057267,0.085522,0.062286,0.080861,0.11793,0.071431,0.063422,0.077336,0.085459,0.067905,0.066693,0.053688,0.072022,0.057905,0.074421,0.067761,0.06612,0.071313,0.12552,0.06562,0.070126,0.079501,0.053662,0.056602,0.080926,0.059647,0.11412,0.080512,0.063788,0.088426,0.064537,0.064617,0.065519,0.061927,0.052616,0.084202,0.065447,0.098371,0.095363,0.090122,0.078665,0.0816,0.063743,0.083031,0.096057,0.065079,0.082115,0.075841,0.068015,0.078735,0.042407,0.09376,0.10639,0.068126,0.071079,0.075171,0.078421,0.083733,0.060877,0.066654,0.069056,0.068502
0.078229,0.059242,0.095589,0.081722,0.076097,0.068076,0.059742,0.07055,0.068465,0,0.062753,0.056241,0.081004,0.051206,0.077113,0.053184,0.13288,0.079579,0.079183,0.080155,0.086007,0.085685,0.10432,0.091339,0.095448,0.060054,0.058471,0.05854,0.06556,0.060713,0.058241,0.071355,0.077149,0.059232,0.05938,0.07586,0.13177,0.06625,0.11065,0.082272,0.06152,0.067706,0.052978,0.11726,0.056453,0.041371,0.060751,0.061668,0.11716,0.049726,0.077156,0.11289,0.088411,0.049536,0.058692,0.066798,0.098064,0.058241,0.058027,0.0905,0.092976,0.12455,0.094607,0.071658,0.095313,0.087832,0.080035,0.057807,0.066546,0.054447,0.061105,0.059828,0.078725,0.092933,0.052694,0.081805,0.050546,0.06023,0.071436,0.065236,0.064888,0.093335,0.082743,0.055456,0.065286,0.084703,0.065971,0.07907,0.058138,0.068347,0.1126,0.064614,0.099414,0.052172,0.094338,0.048457,0.056416,0.068919,0.060858,0.070712,0.072028,0.066071,0.05835,0.056564,0.066761,0.061088,0.055864,0.063997,0.064586,0.061294,0.055291,0.063018,0.089868,0.060487,0.080947,0.052317,0.066431,0.068316,0.070652,0.056631,0.049992,0.1023,0.059781,0.075922,0.052154,0.058571,0.077755,0.056236,0.10649,0.054822,0.05856,0.061237,0.075035,0.053859,0.065044,0.090484,0.052828,0.074103,0.053703,0.090716,0.060354,0.079306,0.095706,0.06043,0.055126,0.080379,0.075423,0.058633,0.06298,0.059071,0.073928,0.056309,0.055966,0.088004,0.078069,0.06293,0.11433,0.054553,0.071303,0.072262,0.060114,0.061963,0.06607,0.046802,0.095041,0.065421,0.066129,0.088396,0.06134,0.05888,0.085169,0.066765,0.052713,0.06356,0.057394,0.089661,0.070788,0.066173,0.083257,0.074977,0.066735,0.099249,0.076457,0.050695,0.070715,0.06631,0.060454,0.057901,0.050238,0.094224,0.11045,0.068123,0.061717,0.081389,0.072818,0.057448,0.048579,0.061676,0.064544,0.052218
0.085797,0.054081,0.088439,0.082027,0.060537,0.066586,0.065557,0.061397,0.062065,0.062753,0,0.041884,0.056519,0.04555,0.074732,0.053802,0.11637,0.068362,0.07006,0.06523,0.071153,0.080363,0.11454,0.09517,0.083218,0.048209,0.047593,0.050359,0.051517,0.063343,0.047273,0.070839,0.083558,0.054126,0.056417,0.091015,0.11782,0.04807,0.10623,0.041026,0.05115,0.045594,0.053451,0.1056,0.06446,0.056544,0.064181,0.064142,0.12843,0.064724,0.077541,0.090463,0.10031,0.061938,0.053548,0.056941,0.094158,0.047273,0.045712,0.089092,0.080174,0.12459,0.071247,0.063411,0.10184,0.081077,0.0703,0.062839,0.08658,0.051017,0.06603,0.061572,0.077717,0.094914,0.053958,0.069033,0.05375,0.054392,0.071368,0.063391,0.069818,0.090711,0.077509,0.040686,0.057036,0.077529,0.06295,0.076222,0.051646,0.055082,0.099109,0.055623,0.085186,0.059238,0.081635,0.064884,0.047565,0.055916,0.058944,0.076236,0.068583,0.076407,0.057314,0.062286,0.045199,0.070248,0.051558,0.032999,0.056798,0.043245,0.06812,0.067841,0.084298,0.064522,0.07017,0.047622,0.077908,0.058277,0.071122,0.045722,0.05393,0.089297,0.052785,0.072871,0.04437,0.067238,0.051437,0.047868,0.10395,0.044532,0.059245,0.043049,0.076088,0.048382,0.057809,0.08963,0.064279,0.075129,0.04353,0.080306,0.052507,0.07677,0.0946,0.064503,0.072363,0.05835,0.079225,0.069708,0.068962,0.054654,0.064467,0.04103,0.073566,0.070174,0.061729,0.044072,0.10399,0.045712,0.069398,0.058194,0.045495,0.047631,0.056486,0.061245,0.090534,0.057912,0.044644,0.10156,0.043929,0.052944,0.058244,0.053286,0.053852,0.055726,0.057149,0.074913,0.09118,0.08537,0.058977,0.067683,0.071823,0.082497,0.070037,0.046504,0.060762,0.049743,0.042584,0.066364,0.050586,0.07498,0.092212,0.054299,0.054929,0.068959,0.06889,0.070774,0.055111,0.055411,0.05874,0.047932
0.068735,0.050402,0.089592,0.069498,0.053215,0.047006,0.068641,0.056648,0.051127,0.056241,0.041884,0,0.060196,0.045467,0.067133,0.044281,0.10025,0.064781,0.062396,0.058356,0.064976,0.065878,0.096574,0.080604,0.079916,0.034229,0.044828,0.04889,0.057926,0.054544,0.051066,0.057212,0.064823,0.044594,0.040006,0.082629,0.12069,0.050431,0.089517,0.052489,0.053667,0.042049,0.047601,0.10387,0.055626,0.048274,0.060236,0.063238,0.12088,0.058165,0.070599,0.079991,0.10547,0.047591,0.05546,0.048176,0.085969,0.051066,0.03167,0.091829,0.092567,0.12201,0.074629,0.05334,0.091553,0.065519,0.062397,0.051733,0.07106,0.046887,0.059209,0.052454,0.065022,0.08433,0.041357,0.066632,0.041722,0.052382,0.061662,0.055183,0.058232,0.083492,0.058181,0.036073,0.049399,0.077803,0.056347,0.073053,0.045647,0.048387,0.077831,0.056438,0.071667,0.064394,0.072986,0.067172,0.050164,0.055165,0.064974,0.068804,0.072988,0.064128,0.043647,0.046039,0.054836,0.059424,0.045005,0.050373,0.046804,0.041679,0.061941,0.055285,0.094836,0.060045,0.072611,0.044601,0.074305,0.047822,0.068531,0.045984,0.0494,0.084565,0.039912,0.068862,0.046335,0.0585,0.04763,0.055364,0.088933,0.045938,0.06362,0.041925,0.066928,0.044197,0.064091,0.082752,0.062285,0.065355,0.037411,0.06624,0.047234,0.067781,0.10179,0.059423,0.063466,0.05461,0.080743,0.059613,0.074212,0.045339,0.065702,0.036887,0.063971,0.056838,0.047827,0.05048,0.09948,0.04562,0.062231,0.074092,0.049888,0.044441,0.050771,0.04748,0.089727,0.06011,0.050744,0.097304,0.049219,0.052697,0.061364,0.061002,0.050899,0.055866,0.061527,0.07328,0.078127,0.064569,0.061483,0.054352,0.063576,0.080802,0.065483,0.054541,0.057684,0.047158,0.047635,0.048947,0.048018,0.07024,0.083454,0.046067,0.052617,0.06307,0.064407,0.065124,0.048999,0.04678,0.047783,0.045068
0.085778,0.068511,0.086159,0.086254,0.063205,0.07074,0.056697,0.075856,0.083403,0.081004,0.056519,0.060196,0,0.056269,0.066925,0.073455,0.11676,0.080575,0.088149,0.082079,0.079657,0.097943,0.1059,0.10092,0.082869,0.064097,0.052906,0.066382,0.047963,0.076165,0.061507,0.079307,0.10013,0.065228,0.063276,0.093122,0.13027,0.068962,0.12004,0.06455,0.075112,0.062622,0.060154,0.082231,0.081115,0.073261,0.065949,0.083346,0.12981,0.084238,0.10273,0.088171,0.10694,0.074494,0.063098,0.061146,0.094949,0.061507,0.056633,0.10051,0.07633,0.15002,0.094037,0.075161,0.10468,0.082623,0.07527,0.070378,0.092382,0.066257,0.055553,0.059763,0.087421,0.10698,0.07388,0.091881,0.065201,0.074177,0.086118,0.081207,0.077767,0.089806,0.07974,0.052091,0.06148,0.090327,0.068299,0.070302,0.053256,0.055583,0.098037,0.066856,0.092333,0.071525,0.088978,0.082426,0.062139,0.065337,0.069884,0.098603,0.077475,0.083178,0.066525,0.076931,0.07541,0.082163,0.073926,0.06684,0.063352,0.051522,0.077668,0.080144,0.093753,0.070643,0.076691,0.059364,0.091842,0.066252,0.081782,0.06865,0.066374,0.082149,0.056736,0.084449,0.059971,0.076417,0.063854,0.05087,0.11979,0.072032,0.071266,0.055395,0.07912,0.061436,0.075376,0.090117,0.073203,0.077971,0.055245,0.077212,0.06978,0.087569,0.10541,0.067372,0.076407,0.067598,0.10463,0.074356,0.070648,0.077395,0.073578,0.060763,0.082444,0.073893,0.0639,0.075212,0.10686,0.066268,0.060056,0.073092,0.056916,0.071717,0.053979,0.069672,0.07142,0.077834,0.082809,0.097125,0.069195,0.068293,0.071467,0.08378,0.077428,0.085108,0.064104,0.087488,0.11153,0.090764,0.074476,0.062018,0.077017,0.091911,0.091713,0.060576,0.069182,0.061125,0.064327,0.078911,0.069098,0.093444,0.086258,0.070222,0.062227,0.078969,0.084411,0.080804,0.07258,0.058066,0.071061,0.059497
0.058487,0.049669,0.075291,0.069598,0.048811,0.060024,0.037206,0.057447,0.067871,0.051206,0.04555,0.045467,0.056269,0,0.05781,0.0389,0.11777,0.068586,0.071375,0.06728,0.061877,0.078784,0.099453,0.069859,0.072459,0.03508,0.039491,0.045014,0.036232,0.034026,0.02699,0.065089,0.068147,0.038045,0.047779,0.072251,0.10767,0.038956,0.10053,0.057128,0.04731,0.047093,0.038572,0.088921,0.05529,0.045934,0.044851,0.057278,0.10659,0.058468,0.081488,0.096051,0.091167,0.05296,0.037219,0.052339,0.078432,0.02699,0.034384,0.071717,0.073663,0.1084,0.071792,0.060062,0.09582,0.065478,0.067041,0.049436,0.069004,0.038432,0.041107,0.048018,0.078639,0.093115,0.047709,0.069329,0.042683,0.046535,0.05444,0.065171,0.069018,0.072312,0.061395,0.033241,0.048278,0.058963,0.052358,0.05772,0.043142,0.037722,0.094753,0.041543,0.080408,0.042056,0.074633,0.049152,0.027219,0.044212,0.049428,0.078288,0.062832,0.079467,0.041391,0.046443,0.056136,0.062266,0.046078,0.042533,0.04801,0.03391,0.048077,0.055673,0.082102,0.055781,0.06588,0.02807,0.073939,0.049019,0.060429,0.038004,0.045642,0.092542,0.035441,0.059788,0.049637,0.051215,0.052215,0.038079,0.085409,0.040969,0.044669,0.045167,0.058189,0.036124,0.052448,0.078111,0.04914,0.072958,0.029771,0.081178,0.04983,0.059676,0.085892,0.047682,0.060072,0.045364,0.063809,0.050207,0.054353,0.051836,0.047972,0.0401,0.051014,0.073968,0.063985,0.047035,0.10179,0.034653,0.046427,0.049208,0.046551,0.046465,0.047646,0.054899,0.071574,0.061326,0.059177,0.092635,0.037029,0.044162,0.060877,0.062909,0.041524,0.056884,0.042685,0.056816,0.088012,0.070794,0.060478,0.05418,0.059918,0.076262,0.069109,0.02881,0.055339,0.037539,0.036868,0.055206,0.046984,0.083718,0.075492,0.054401,0.042413,0.055855,0.069652,0.046289,0.041719,0.040151,0.040204,0.033862
0.07627,0.080894,0.092883,0.092368,0.062124,0.077078,0.054192,0.07125,0.080676,0.077113,0.074732,0.067133,0.066925,0.05781,0,0.067541,0.11275,0.081158,0.092984,0.084178,0.06986,0.094592,0.098186,0.097939,0.06236,0.061206,0.064824,0.078067,0.064345,0.064881,0.057765,0.082242,0.09026,0.061016,0.070515,0.082396,0.10623,0.064391,0.10016,0.081459,0.079837,0.048718,0.071342,0.10562,0.081908,0.068092,0.075341,0.094833,0.099684,0.07004,0.10437,0.088559,0.10325,0.078939,0.068702,0.046449,0.075069,0.057765,0.060292,0.089494,0.08716,0.12902,0.086653,0.077542,0.11436,0.083862,0.077773,0.068081,0.095702,0.062124,0.056282,0.07204,0.09139,0.10892,0.070891,0.088,0.079239,0.058097,0.070852,0.083464,0.087192,0.080212,0.049564,0.058348,0.070894,0.085354,0.070572,0.061517,0.073517,0.06221,0.1048,0.063529,0.092535,0.069896,0.077591,0.079604,0.05906,0.062855,0.067584,0.10569,0.072738,0.083527,0.055364,0.06865,0.078743,0.069174,0.070784,0.069916,0.043318,0.058408,0.074403,0.077826,0.077263,0.070508,0.078158,0.058968,0.096231,0.075902,0.080247,0.07353,0.06086,0.10443,0.062877,0.078593,0.064213,0.086756,0.05869,0.061337,0.10308,0.070277,0.077962,0.061536,0.07713,0.051317,0.060982,0.062185,0.084664,0.080323,0.058402,0.091926,0.069693,0.085853,0.10226,0.06843,0.089289,0.067215,0.084967,0.06291,0.070738,0.069972,0.064194,0.069261,0.08262,0.079836,0.073301,0.078034,0.096049,0.063712,0.059274,0.077067,0.075684,0.080948,0.0662,0.071405,0.087975,0.081661,0.085178,0.10006,0.072573,0.058687,0.088042,0.080093,0.060161,0.096842,0.057906,0.089165,0.088655,0.083161,0.077942,0.042099,0.069437,0.10819,0.091121,0.057704,0.069214,0.059991,0.071672,0.071232,0.069713,0.096627,0.083566,0.064134,0.063865,0.073769,0.085714,0.080561,0.055383,0.052967,0.06494,0.057824
0.058353,0.039851,0.077616,0.068704,0.042319,0.052751,0.059928,0.061981,0.061717,0.053184,0.053802,0.044281,0.073455,0.0389,0.067541,0,0.10096,0.057462,0.065339,0.050817,0.053396,0.065516,0.11086,0.071157,0.072211,0.034234,0.046227,0.044961,0.051775,0.030285,0.037133,0.059776,0.054879,0.040136,0.038023,0.063916,0.10948,0.035076,0.083628,0.06235,0.034643,0.043078,0.03503,0.09932,0.055169,0.03449,0.051919,0.055966,0.098276,0.056428,0.083791,0.089643,0.095102,0.051133,0.044696,0.049842,0.07956,0.037133,0.028179,0.071077,0.091172,0.10413,0.072945,0.05566,0.080222,0.066349,0.062919,0.046725,0.070713,0.043782,0.051677,0.057493,0.069003,0.079324,0.039504,0.074338,0.048563,0.042604,0.050856,0.060431,0.064695,0.077211,0.058594,0.041587,0.048173,0.059739,0.053448,0.06172,0.046842,0.048606,0.090878,0.040038,0.081488,0.052801,0.070505,0.052273,0.036553,0.036953,0.055359,0.055717,0.064079,0.073232,0.040939,0.051505,0.05619,0.065081,0.046792,0.050296,0.047611,0.047288,0.046783,0.051394,0.083423,0.05695,0.071482,0.023937,0.072334,0.036948,0.046418,0.033793,0.045201,0.094414,0.028645,0.056258,0.048542,0.044165,0.058118,0.051584,0.079531,0.045165,0.045136,0.052819,0.056973,0.035209,0.056811,0.077099,0.048491,0.074643,0.032505,0.074495,0.04325,0.063196,0.096108,0.040418,0.054323,0.049038,0.054244,0.041722,0.063614,0.045611,0.053045,0.029623,0.035402,0.065987,0.059946,0.049926,0.089218,0.042462,0.060493,0.05202,0.049396,0.051241,0.052176,0.044106,0.08513,0.053918,0.058227,0.091803,0.036066,0.044259,0.057826,0.068284,0.040535,0.052906,0.048867,0.056446,0.082175,0.069273,0.045068,0.062687,0.045482,0.062238,0.059803,0.039907,0.052558,0.045272,0.026045,0.051486,0.049928,0.083363,0.077979,0.042704,0.044294,0.03995,0.057467,0.051651,0.050016,0.03897,0.036879,0.034774
0.1164,0.10551,0.12312,0.11727,0.10581,0.097222,0.1303,0.108,0.118,0.13288,0.11637,0.10025,0.11676,0.11777,0.11275,0.10096,0,0.08789,0.11619,0.11032,0.08531,0.07603,0.15817,0.14105,0.10725,0.10006,0.11328,0.10628,0.11132,0.10817,0.11433,0.088372,0.12368,0.10769,0.096611,0.1413,0.1411,0.1126,0.1149,0.10159,0.11179,0.099659,0.11121,0.12773,0.11263,0.11569,0.1166,0.11395,0.15683,0.118,0.13316,0.081043,0.14405,0.11652,0.12168,0.10532,0.11197,0.11433,0.097063,0.12773,0.15557,0.15269,0.12682,0.10545,0.12781,0.11126,0.0977,0.098139,0.139,0.10736,0.12554,0.10641,0.096893,0.12399,0.10456,0.12494,0.12306,0.10741,0.11398,0.12569,0.10223,0.11232,0.096634,0.11467,0.10179,0.11725,0.11147,0.11126,0.1118,0.10284,0.086431,0.10538,0.11598,0.1292,0.11012,0.12431,0.11356,0.094938,0.12886,0.11171,0.12356,0.11665,0.098352,0.11604,0.10205,0.10848,0.10858,0.11564,0.10418,0.10809,0.11243,0.12431,0.13888,0.11344,0.11653,0.10895,0.12823,0.096813,0.1146,0.11639,0.11716,0.10137,0.10008,0.098857,0.106,0.11388,0.10463,0.12371,0.12062,0.11561,0.12027,0.11257,0.10842,0.097058,0.12509,0.11733,0.12411,0.10063,0.10657,0.099785,0.1068,0.12415,0.13338,0.10886,0.12617,0.10575,0.12737,0.11717,0.13693,0.10611,0.10765,0.10386,0.11312,0.10545,0.10313,0.11678,0.10349,0.10584,0.11433,0.12527,0.12183,0.10922,0.11727,0.10535,0.13037,0.10635,0.11875,0.13898,0.1182,0.11231,0.11289,0.12761,0.1227,0.12063,0.12048,0.1162,0.13314,0.12327,0.10465,0.096016,0.10856,0.11335,0.096781,0.12455,0.089462,0.10502,0.10813,0.11064,0.1294,0.10739,0.10596,0.10468,0.10579,0.10014,0.1091,0.11495,0.11466,0.10551,0.097813,0.099608
0.091433,0.060336,0.10313,0.075919,0.072379,0.066552,0.086621,0.073424,0.088793,0.079579,0.068362,0.064781,0.080575,0.068586,0.081158,0.057462,0.08789,0,0.077019,0.067811,0.060575,0.053568,0.1222,0.10683,0.084875,0.055088,0.070727,0.066269,0.06671,0.070807,0.070556,0.044499,0.088704,0.06707,0.061536,0.090074,0.12363,0.070222,0.105,0.06278,0.061713,0.064884,0.067893,0.11234,0.076015,0.060292,0.079733,0.067696,0.13122,0.075666,0.097306,0.087348,0.11608,0.065383,0.08137,0.073416,0.081276,0.070556,0.057139,0.078242,0.1019,0.13497,0.069701,0.069501,0.099203,0.094307,0.075428,0.068661,0.097019,0.059089,0.086067,0.067794,0.074439,0.09443,0.062261,0.097805,0.079035,0.073823,0.072473,0.084391,0.060055,0.068437,0.073728,0.065667,0.070603,0.084884,0.061217,0.07611,0.073883,0.073254,0.078706,0.062647,0.10845,0.077304,0.072302,0.07609,0.070872,0.057367,0.068246,0.075004,0.078807,0.085331,0.067897,0.083798,0.050794,0.080235,0.060769,0.070395,0.064491,0.068915,0.069157,0.091632,0.10247,0.075981,0.079075,0.056106,0.099017,0.060168,0.064686,0.070038,0.069627,0.087373,0.058264,0.061542,0.069849,0.068097,0.077634,0.08227,0.10227,0.057458,0.079703,0.067461,0.079687,0.048152,0.077841,0.090504,0.08555,0.047477,0.0594,0.075623,0.07332,0.093738,0.0888,0.070763,0.090735,0.078496,0.090793,0.074751,0.092428,0.076997,0.075292,0.058983,0.067663,0.070397,0.065107,0.075831,0.086922,0.061549,0.073864,0.072388,0.072878,0.07142,0.07565,0.067326,0.08431,0.058133,0.075123,0.12843,0.073353,0.076426,0.072524,0.087811,0.08005,0.071062,0.068422,0.074689,0.091964,0.089816,0.067591,0.070509,0.069964,0.084792,0.034281,0.076249,0.051304,0.057931,0.053542,0.070321,0.079989,0.082522,0.083505,0.054442,0.075772,0.06859,0.076892,0.079531,0.074766,0.056907,0.062289,0.049355
0.084461,0.057339,0.088827,0.069788,0.071032,0.079101,0.09642,0.079758,0.081512,0.079183,0.07006,0.062396,0.088149,0.071375,0.092984,0.065339,0.11619,0.077019,0,0.068748,0.083926,0.085719,0.13024,0.094637,0.097366,0.059413,0.078794,0.08555,0.08047,0.076638,0.074888,0.07448,0.091649,0.070898,0.063415,0.10053,0.11315,0.071857,0.10291,0.081219,0.059891,0.067576,0.064161,0.11028,0.074648,0.075992,0.089202,0.08474,0.13176,0.072004,0.10077,0.09893,0.11448,0.066159,0.07835,0.076577,0.1063,0.074888,0.062779,0.10282,0.10046,0.12653,0.086615,0.070262,0.099429,0.069236,0.053952,0.068462,0.10805,0.071868,0.08942,0.080486,0.085682,0.096938,0.080465,0.09456,0.063113,0.081856,0.075231,0.077162,0.082611,0.085741,0.075842,0.068001,0.071249,0.085871,0.081376,0.07583,0.077224,0.079606,0.099335,0.070812,0.10364,0.090877,0.072586,0.086164,0.075232,0.071616,0.06773,0.070236,0.086857,0.072094,0.069231,0.076431,0.071312,0.086594,0.079119,0.078752,0.068558,0.070035,0.075014,0.072629,0.10064,0.079352,0.087238,0.060613,0.093821,0.075142,0.090451,0.075514,0.079512,0.089246,0.063691,0.084371,0.07154,0.078119,0.087287,0.082001,0.090517,0.069014,0.077546,0.06966,0.08303,0.065765,0.084777,0.099503,0.090419,0.086368,0.059789,0.09003,0.072503,0.079684,0.10191,0.078744,0.080068,0.079358,0.088341,0.078266,0.084058,0.077657,0.081217,0.052853,0.082946,0.063239,0.052911,0.076869,0.10536,0.071009,0.089322,0.087717,0.07693,0.072659,0.07915,0.066814,0.088542,0.059377,0.065838,0.10437,0.080718,0.069762,0.063356,0.098595,0.079397,0.069731,0.076631,0.076763,0.098895,0.089394,0.064271,0.089531,0.075326,0.092511,0.07698,0.076874,0.080913,0.070192,0.066624,0.090167,0.080138,0.08115,0.084897,0.069023,0.07886,0.058395,0.093141,0.093627,0.081402,0.06953,0.065547,0.075825
0.067801,0.070825,0.10331,0.079115,0.049186,0.05445,0.089008,0.078615,0.063473,0.080155,0.06523,0.058356,0.082079,0.06728,0.084178,0.050817,0.11032,0.067811,0.068748,0,0.077234,0.082112,0.11432,0.081354,0.081358,0.04975,0.071233,0.070294,0.076346,0.06824,0.068292,0.07141,0.084326,0.070315,0.052939,0.07244,0.11603,0.055813,0.089014,0.075134,0.053879,0.052342,0.065011,0.12137,0.080654,0.061362,0.079573,0.080249,0.11471,0.086908,0.091326,0.091519,0.11999,0.062922,0.069543,0.062235,0.098137,0.068292,0.057458,0.086132,0.088973,0.11835,0.064655,0.062242,0.085691,0.075864,0.070709,0.080185,0.091348,0.068607,0.073036,0.076687,0.087088,0.078219,0.064794,0.095348,0.05968,0.06767,0.070188,0.063902,0.080187,0.082047,0.072248,0.05797,0.06171,0.084655,0.064342,0.081616,0.073575,0.072991,0.093095,0.061263,0.1024,0.076668,0.079421,0.079722,0.068633,0.070297,0.067604,0.068257,0.083466,0.088143,0.05862,0.070659,0.068701,0.082602,0.069078,0.069915,0.06125,0.068411,0.079122,0.066329,0.102,0.075006,0.086625,0.047994,0.084279,0.047436,0.06986,0.056864,0.068168,0.099538,0.048931,0.070637,0.06573,0.073403,0.074922,0.076514,0.091024,0.066745,0.074352,0.06606,0.081238,0.05944,0.081696,0.091108,0.078433,0.081492,0.050996,0.070026,0.066008,0.081158,0.10934,0.064166,0.076764,0.068049,0.080382,0.069049,0.08217,0.063122,0.080601,0.048164,0.068524,0.057159,0.063692,0.072497,0.10281,0.066887,0.074969,0.071099,0.063484,0.071003,0.07172,0.062858,0.093006,0.08056,0.065186,0.1152,0.058845,0.067769,0.063343,0.083759,0.059559,0.071591,0.065195,0.078788,0.098422,0.099408,0.058202,0.079882,0.067371,0.059756,0.073218,0.070279,0.077842,0.063985,0.050722,0.083141,0.061924,0.082715,0.076291,0.054754,0.06298,0.052458,0.071173,0.082468,0.069823,0.05467,0.054971,0.064307
0.070135,0.064791,0.082395,0.06937,0.057985,0.074843,0.075113,0.055214,0.090745,0.086007,0.071153,0.064976,0.079657,0.061877,0.06986,0.053396,0.08531,0.060575,0.083926,0.077234,0,0.074302,0.11069,0.084497,0.070343,0.047092,0.058654,0.061517,0.065111,0.048924,0.049151,0.063452,0.083594,0.059454,0.061475,0.0896,0.10685,0.055943,0.086276,0.065173,0.055509,0.057946,0.063226,0.08804,0.079636,0.064382,0.069341,0.077932,0.11187,0.069142,0.096882,0.085678,0.11073,0.074791,0.068267,0.059346,0.059125,0.049151,0.052271,0.081236,0.09744,0.10084,0.0813,0.07677,0.092565,0.066717,0.083058,0.061829,0.094114,0.057083,0.07542,0.078079,0.094643,0.086801,0.063917,0.078339,0.078165,0.064271,0.064524,0.082702,0.074787,0.07023,0.061251,0.066203,0.072222,0.063386,0.063274,0.058202,0.073406,0.049478,0.091171,0.049312,0.081966,0.081597,0.066049,0.077403,0.050948,0.044131,0.072716,0.083815,0.05923,0.081491,0.050545,0.071929,0.055938,0.074214,0.066158,0.055743,0.054706,0.061365,0.070994,0.087693,0.090854,0.064103,0.05855,0.053521,0.098631,0.063333,0.057791,0.064669,0.062533,0.095356,0.059539,0.066781,0.067589,0.061605,0.06584,0.076967,0.080625,0.068768,0.076408,0.07333,0.053185,0.051543,0.080785,0.070135,0.075109,0.076264,0.058824,0.080018,0.059643,0.071735,0.080579,0.068211,0.081516,0.056815,0.066787,0.07036,0.091147,0.065654,0.072832,0.061631,0.065336,0.088421,0.077207,0.058933,0.069666,0.056325,0.075656,0.078538,0.079677,0.069439,0.060244,0.072932,0.090673,0.069304,0.073865,0.11849,0.06053,0.056464,0.079905,0.090494,0.067957,0.067085,0.066466,0.058595,0.10085,0.079869,0.053516,0.05161,0.06332,0.076344,0.061836,0.069207,0.042603,0.044618,0.054402,0.071717,0.078943,0.081667,0.063883,0.054797,0.054912,0.061814,0.084565,0.072124,0.0713,0.052328,0.044117,0.051283
0.099331,0.069466,0.10436,0.090035,0.089619,0.064179,0.095064,0.083509,0.092618,0.085685,0.080363,0.065878,0.097943,0.078784,0.094592,0.065516,0.07603,0.053568,0.085719,0.082112,0.074302,0,0.13113,0.11188,0.098153,0.064302,0.08924,0.071255,0.083383,0.075553,0.081128,0.044581,0.088288,0.072849,0.065926,0.11003,0.12801,0.085703,0.10688,0.070238,0.079037,0.079043,0.074065,0.11923,0.079249,0.071824,0.08738,0.061611,0.14255,0.082265,0.085926,0.095716,0.11601,0.076679,0.090484,0.083977,0.096156,0.081128,0.063248,0.10243,0.13109,0.13353,0.090825,0.074408,0.10693,0.098292,0.076057,0.065023,0.10127,0.06925,0.096462,0.077145,0.051784,0.10215,0.059743,0.09658,0.083016,0.078631,0.081686,0.087014,0.056459,0.092411,0.083644,0.078698,0.078575,0.082042,0.077422,0.089895,0.075152,0.080085,0.08711,0.079865,0.1078,0.087288,0.082123,0.079696,0.080201,0.07026,0.093406,0.08283,0.096328,0.10027,0.070288,0.079633,0.065267,0.082896,0.064603,0.080479,0.084314,0.082362,0.076822,0.090645,0.1125,0.076388,0.092787,0.074717,0.089637,0.062489,0.086494,0.085041,0.077869,0.09843,0.067177,0.071017,0.076344,0.07846,0.07904,0.093285,0.10155,0.074304,0.087679,0.079325,0.084085,0.062469,0.091976,0.1038,0.084197,0.068222,0.074466,0.094642,0.078709,0.10003,0.10781,0.080578,0.097677,0.079742,0.097425,0.083832,0.10562,0.080408,0.087425,0.072223,0.074732,0.084742,0.080165,0.083032,0.11051,0.066455,0.088362,0.094512,0.085676,0.072083,0.090464,0.072707,0.10224,0.07615,0.082743,0.12177,0.085216,0.085357,0.090952,0.091707,0.089331,0.073474,0.088432,0.09121,0.090176,0.091892,0.086777,0.076619,0.086337,0.097692,0.046475,0.08604,0.068858,0.073736,0.07127,0.068152,0.095515,0.085005,0.096976,0.077306,0.079021,0.083751,0.079287,0.075413,0.077843,0.078097,0.072007,0.066064
